iMOD/TUTORIALS/TUT_MetaswapAnalyser/model_MetaSWAP/meteo/Evaporation/Evaporation_20050804_L1.ASC
NCOLS                30
NROWS                30
XLLCORNER     160000.00
YLLCORNER     340000.00
CELLSIZE        1000.00
NODATA_VALUE   -9999.00
   3.145310       3.140100       3.134940       3.129840       3.124790       3.119780       3.114820       3.109900       3.105020       3.100170       3.095360       3.090590       3.085840       3.081130       3.076440       3.071780       3.067140       3.062530       3.057930       3.053360       3.048810       3.044280       3.039760       3.035260       3.030780       3.026310       3.021860       3.017410       3.012980       3.008570    
   3.141460       3.136230       3.131040       3.125910       3.120830       3.115800       3.110810       3.105860       3.100960       3.096090       3.091260       3.086460       3.081700       3.076960       3.072260       3.067580       3.062930       3.058300       3.053700       3.049110       3.044550       3.040010       3.035480       3.030980       3.026490       3.022010       3.017550       3.013110       3.008670       3.004250    
   3.137680       3.132410       3.127200       3.122040       3.116930       3.111870       3.106860       3.101890       3.096960       3.092060       3.087210       3.082390       3.077610       3.072850       3.068130       3.063440       3.058770       3.054130       3.049510       3.044910       3.040340       3.035790       3.031250       3.026740       3.022240       3.017760       3.013290       3.008840       3.004400       2.999980    
   3.133950       3.128650       3.123410       3.118230       3.113090       3.108000       3.102960       3.097960       3.093010       3.088090       3.083220       3.078380       3.073570       3.068800       3.064060       3.059340       3.054660       3.050000       3.045370       3.040760       3.036170       3.031610       3.027060       3.022540       3.018030       3.013550       3.009070       3.004620       3.000180       2.995750    
   3.130280       3.124950       3.119680       3.114470       3.109300       3.104190       3.099120       3.094100       3.089120       3.084180       3.079280       3.074410       3.069590       3.064790       3.060030       3.055300       3.050600       3.045920       3.041280       3.036650       3.032050       3.027480       3.022920       3.018390       3.013870       3.009380       3.004900       3.000440       2.995990       2.991560    
   3.126660       3.121310       3.116010       3.110760       3.105570       3.100430       3.095330       3.090280       3.085280       3.080310       3.075390       3.070500       3.065650       3.060840       3.056060       3.051310       3.046590       3.041900       3.037230       3.032590       3.027980       3.023390       3.018830       3.014280       3.009760       3.005250       3.000760       2.996300       2.991840       2.987410    
   3.123100       3.117720       3.112390       3.107110       3.101890       3.096720       3.091600       3.086520       3.081490       3.076500       3.071550       3.066640       3.061770       3.056930       3.052130       3.047360       3.042620       3.037920       3.033240       3.028580       3.023960       3.019350       3.014780       3.010220       3.005680       3.001170       2.996670       2.992200       2.987740       2.983300    
   3.119590       3.114180       3.108820       3.103520       3.098270       3.093070       3.087910       3.082810       3.077750       3.072740       3.067770       3.062830       3.057940       3.053080       3.048260       3.043470       3.038710       3.033980       3.029290       3.024620       3.019980       3.015360       3.010770       3.006200       3.001660       2.997130       2.992630       2.988140       2.983680       2.979230    
   3.116140       3.110690       3.105300       3.099970       3.094690       3.089460       3.084280       3.079150       3.074070       3.069030       3.064030       3.059070       3.054160       3.049270       3.044430       3.039620       3.034840       3.030100       3.025390       3.020700       3.016040       3.011410       3.006810       3.002230       2.997670       2.993140       2.988620       2.984130       2.979650       2.975200    
   3.112730       3.107260       3.101840       3.096470       3.091170       3.085910       3.080700       3.075550       3.070430       3.065370       3.060340       3.055360       3.050420       3.045520       3.040650       3.035820       3.031030       3.026260       3.021530       3.016830       3.012150       3.007510       3.002890       2.998300       2.993730       2.989180       2.984660       2.980160       2.975670       2.971210    
   3.112750       3.107280       3.099650       3.093030       3.087690       3.082410       3.077170       3.071990       3.066850       3.061760       3.056710       3.051700       3.046740       3.041810       3.036920       3.032070       3.027250       3.022470       3.017720       3.013000       3.008310       3.003650       2.999020       2.994410       2.989830       2.985270       2.980740       2.976230       2.971730       2.967260    
   3.112770       3.103180       3.093030       3.086470       3.084270       3.078950       3.073690       3.068480       3.063310       3.058190       3.053120       3.048090       3.043100       3.038150       3.033240       3.028370       3.023530       3.018730       3.013960       3.009220       3.004510       2.999840       2.995190       2.990570       2.985970       2.981400       2.976860       2.972340       2.967840       2.963360    
   3.106820       3.093030       3.085740       3.082580       3.080890       3.075550       3.070260       3.065020       3.059820       3.054680       3.049580       3.044520       3.039510       3.034540       3.029600       3.024710       3.019850       3.015030       3.010240       3.005480       3.000760       2.996070       2.991400       2.986770       2.982160       2.977580       2.973020       2.968490       2.963980       2.959490    
   3.093030       3.085350       3.081740       3.080890       3.076210       3.072190       3.066870       3.061600       3.056380       3.051210       3.046080       3.041000       3.035970       3.030970       3.026010       3.021100       3.016220       3.011370       3.006570       3.001790       2.997050       2.992340       2.987660       2.983010       2.978390       2.973800       2.969230       2.964680       2.960160       2.955670    
   3.085150       3.081310       3.080890       3.076430       3.072190       3.067530       3.063530       3.058240       3.052990       3.047790       3.042640       3.037530       3.032470       3.027450       3.022470       3.017530       3.012630       3.007760       3.002940       2.998140       2.993390       2.988660       2.983960       2.979300       2.974660       2.970060       2.965480       2.960920       2.956390       2.951880    
   3.081100       3.080890       3.076500       3.072190       3.067750       3.063530       3.060880       3.058250       3.050860       3.044420       3.039240       3.034100       3.029020       3.023970       3.018970       3.014010       3.009080       3.004200       2.999350       2.994540       2.989760       2.985020       2.980310       2.975630       2.970980       2.966360       2.961760       2.957200       2.952660       2.948140    
   3.080890       3.076530       3.072190       3.067820       3.063530       3.062210       3.060890       3.053600       3.044420       3.041830       3.035170       3.030720       3.025610       3.020540       3.015510       3.010530       3.005590       3.000680       2.995810       2.990980       2.986190       2.981420       2.976700       2.972000       2.967340       2.962700       2.958090       2.953520       2.948960       2.944440    
   3.076540       3.072190       3.067850       3.063530       3.062870       3.062210       3.055280       3.044420       3.043130       3.035570       3.029060       3.027390       3.022250       3.017150       3.012100       3.007100       3.002130       2.997200       2.992320       2.987460       2.982650       2.977870       2.973130       2.968420       2.963740       2.959090       2.954470       2.949880       2.945310       2.940770    
   3.072190       3.067860       3.063530       3.063200       3.062870       3.056190       3.044420       3.043770       3.035750       3.028220       3.027390       3.024820       3.020150       3.013810       3.008740       3.003710       2.998720       2.993770       2.988860       2.983990       2.979160       2.974360       2.969600       2.964870       2.960180       2.955510       2.950880       2.946270       2.941700       2.937150    
   3.067860       3.063530       3.063360       3.063200       3.056670       3.044420       3.044100       3.035830       3.027810       3.027390       3.026100       3.021540       3.013810       3.011270       3.008750       3.003720       2.998730       2.993780       2.984870       2.980560       2.975710       2.970890       2.966110       2.961370       2.956660       2.951980       2.947330       2.942720       2.938130       2.933570    
   3.063530       3.063450       3.063360       3.056910       3.044420       3.044260       3.035870       3.027600       3.027390       3.026750       3.022210       3.013810       3.012540       3.011280       3.007920       3.003740       2.998750       2.986680       2.978870       2.977170       2.972300       2.967470       2.962670       2.957910       2.953180       2.948490       2.943830       2.939200       2.934600       2.930030    
   3.063490       3.063450       3.057040       3.044420       3.044340       3.035890       3.027490       3.027390       3.027070       3.022540       3.013810       3.013180       3.012540       3.010580       3.007640       3.003470       2.988870       2.978020       2.977170       2.972800       2.968930       2.964080       2.959270       2.954490       2.949750       2.945040       2.940360       2.935720       2.931110       2.926520    
   3.063490       3.057100       3.044420       3.044380       3.035900       3.027440       3.027390       3.027230       3.022700       3.013810       3.013490       3.013180       3.012100       3.010260       3.007230       2.989000       2.977590       2.977170       2.969070       2.965630       2.962700       2.960740       2.955900       2.951110       2.946350       2.941630       2.936940       2.932280       2.927660       2.923060    
   3.057130       3.044420       3.044400       3.035900       3.027420       3.027390       3.027310       3.022780       3.013810       3.013650       3.013490       3.012920       3.011840       2.996550       2.981690       2.967450       2.967440       2.964840       2.961810       2.960700       2.962320       2.957430       2.952580       2.947770       2.943000       2.938260       2.933550       2.928880       2.924250       2.919640    
   3.044420       3.044410       3.035900       3.027400       3.027390       3.027350       3.022820       3.013810       3.013730       3.013650       3.013360       3.012750       2.986860       2.956540       2.956630       2.959580       2.957320       2.957710       2.958460       2.959090       2.959080       2.954170       2.949300       2.944470       2.939680       2.934930       2.930210       2.925530       2.920880       2.916260    
   3.044410       3.035900       3.027400       3.027390       3.027370       3.022840       3.013810       3.013770       3.013730       3.013580       2.989130       2.952940       2.955260       2.956440       2.956440       2.956630       2.956920       2.956930       2.957710       2.956350       2.955880       2.950950       2.946060       2.941220       2.936410       2.931640       2.926910       2.922210       2.917550       2.912910    
   3.035900       3.027390       3.027390       3.027380       3.022850       3.013810       3.013790       3.013770       3.013690       2.984460       2.952940       2.952940       2.952940       2.955120       2.956260       2.956250       2.956630       2.956410       2.956160       2.957710       2.952720       2.947770       2.942870       2.938000       2.933180       2.928390       2.923640       2.918930       2.914260       2.909610    
   3.027390       3.027390       3.027380       3.022860       3.013810       3.013800       3.013790       2.996420       2.976560       2.952930       2.952940       2.952940       2.952940       2.952940       2.954840       2.955880       2.955880       2.956630       2.955130       2.954610       2.949600       2.944630       2.939710       2.934830       2.929990       2.925180       2.920420       2.915700       2.911010       2.906350    
   3.027390       3.027390       3.022860       3.013810       3.013800       2.987170       2.947240       2.945840       2.944440       2.950090       2.952920       2.952940       2.952940       2.952940       2.952940       2.954300       2.955130       2.955130       2.956630       2.951550       2.946520       2.941530       2.936590       2.931690       2.926830       2.922020       2.917240       2.912500       2.907800       2.903130    
   3.027390       3.022860       3.013810       3.013810       2.981850       2.947240       2.947240       2.947240       2.945840       2.944440       2.950050       2.952870       2.952940       2.952940       2.952940       2.952940       2.953240       2.953640       2.953630       2.948530       2.943480       2.938470       2.933510       2.928600       2.923720       2.918890       2.914100       2.909340       2.904630       2.899950    
