iMOD/TUTORIALS/TUT_MetaswapAnalyser/model_MetaSWAP/meteo/Evaporation/Evaporation_20061008_L1.ASC
NCOLS                30
NROWS                30
XLLCORNER     160000.00
YLLCORNER     340000.00
CELLSIZE        1000.00
NODATA_VALUE   -9999.00
   1.638300       1.637500       1.636720       1.635980       1.635250       1.634550       1.633860       1.633180       1.632510       1.631850       1.631190       1.630530       1.629870       1.629210       1.628540       1.627870       1.627190       1.626490       1.625780       1.625070       1.624330       1.623580       1.622820       1.622040       1.621250       1.620440       1.619620       1.618770       1.617920       1.617050    
   1.642860       1.642020       1.641210       1.640430       1.639670       1.638920       1.638200       1.637480       1.636780       1.636080       1.635390       1.634700       1.634010       1.633320       1.632620       1.631920       1.631210       1.630500       1.629770       1.629030       1.628280       1.627510       1.626730       1.625940       1.625140       1.624320       1.623480       1.622630       1.621770       1.620890    
   1.647390       1.646520       1.645680       1.644860       1.644060       1.643280       1.642520       1.641770       1.641030       1.640300       1.639580       1.638860       1.638140       1.637410       1.636690       1.635960       1.635230       1.634490       1.633740       1.632980       1.632210       1.631430       1.630630       1.629830       1.629010       1.628180       1.627340       1.626480       1.625610       1.624730    
   1.651900       1.651000       1.650120       1.649270       1.648440       1.647620       1.646830       1.646040       1.645270       1.644510       1.643750       1.643000       1.642250       1.641500       1.640750       1.639990       1.639230       1.638470       1.637700       1.636920       1.636130       1.635330       1.634520       1.633700       1.632870       1.632030       1.631180       1.630310       1.629430       1.628550    
   1.656390       1.655460       1.654550       1.653660       1.652790       1.651950       1.651110       1.650300       1.649490       1.648700       1.647910       1.647130       1.646350       1.645570       1.644790       1.644010       1.643230       1.642440       1.641650       1.640850       1.640040       1.639220       1.638400       1.637570       1.636720       1.635870       1.635010       1.634130       1.633250       1.632350    
   1.660860       1.659890       1.658950       1.658030       1.657130       1.656250       1.655390       1.654540       1.653700       1.652870       1.652050       1.651240       1.650430       1.649630       1.648820       1.648020       1.647210       1.646400       1.645580       1.644770       1.643940       1.643110       1.642270       1.641420       1.640560       1.639700       1.638820       1.637940       1.637050       1.636150    
   1.665310       1.664310       1.663340       1.662380       1.661450       1.660540       1.659640       1.658760       1.657890       1.657030       1.656190       1.655340       1.654510       1.653670       1.652840       1.652010       1.651180       1.650350       1.649510       1.648670       1.647830       1.646980       1.646120       1.645260       1.644390       1.643520       1.642630       1.641740       1.640840       1.639930    
   1.669730       1.668700       1.667700       1.666720       1.665760       1.664810       1.663880       1.662970       1.662070       1.661180       1.660300       1.659430       1.658570       1.657710       1.656850       1.656000       1.655140       1.654290       1.653430       1.652570       1.651710       1.650840       1.649970       1.649090       1.648210       1.647320       1.646430       1.645530       1.644620       1.643710    
   1.674130       1.673080       1.672040       1.671030       1.670040       1.669070       1.668110       1.667160       1.666230       1.665320       1.664410       1.663510       1.662620       1.661730       1.660850       1.659970       1.659090       1.658210       1.657340       1.656460       1.655580       1.654690       1.653810       1.652920       1.652020       1.651120       1.650220       1.649310       1.648390       1.647470    
   1.678520       1.677430       1.676370       1.675330       1.674310       1.673300       1.672320       1.671340       1.670380       1.669440       1.668500       1.667570       1.666650       1.665740       1.664830       1.663930       1.663030       1.662130       1.661230       1.660340       1.659440       1.658540       1.657640       1.656730       1.655820       1.654910       1.654000       1.653080       1.652150       1.651230    
   1.678520       1.677440       1.677190       1.679610       1.678560       1.677520       1.676510       1.675510       1.674520       1.673540       1.672580       1.671630       1.670680       1.669740       1.668810       1.667880       1.666960       1.666040       1.665120       1.664200       1.663290       1.662370       1.661450       1.660540       1.659610       1.658690       1.657770       1.656840       1.655910       1.654970    
   1.678530       1.678190       1.679610       1.681990       1.682790       1.681730       1.680690       1.679660       1.678640       1.677640       1.676650       1.675670       1.674690       1.673730       1.672770       1.671820       1.670880       1.669940       1.669000       1.668060       1.667130       1.666200       1.665260       1.664330       1.663400       1.662460       1.661530       1.660590       1.659650       1.658710    
   1.678990       1.679610       1.683380       1.684900       1.687010       1.685920       1.684850       1.683790       1.682750       1.681720       1.680700       1.679690       1.678700       1.677710       1.676730       1.675760       1.674790       1.673830       1.672870       1.671910       1.670960       1.670010       1.669070       1.668120       1.667170       1.666230       1.665280       1.664330       1.663390       1.662440    
   1.679610       1.683990       1.685960       1.687010       1.687680       1.690100       1.689000       1.687910       1.686840       1.685790       1.684740       1.683710       1.682690       1.681680       1.680670       1.679680       1.678690       1.677710       1.676730       1.675760       1.674790       1.673820       1.672860       1.671900       1.670940       1.669980       1.669030       1.668070       1.667120       1.666160    
   1.684270       1.686480       1.687010       1.688260       1.690100       1.690740       1.693130       1.692020       1.690930       1.689840       1.688770       1.687720       1.686670       1.685640       1.684610       1.683590       1.682580       1.681580       1.680580       1.679590       1.678610       1.677620       1.676650       1.675670       1.674700       1.673730       1.672770       1.671800       1.670840       1.669870    
   1.686750       1.687010       1.688460       1.690100       1.691320       1.693130       1.692570       1.692030       1.691670       1.693890       1.692790       1.691710       1.690640       1.689580       1.688530       1.687500       1.686460       1.685440       1.684430       1.683420       1.682420       1.681420       1.680430       1.679440       1.678460       1.677480       1.676500       1.675530       1.674550       1.673580    
   1.687010       1.688520       1.690100       1.691520       1.693130       1.692850       1.692580       1.692540       1.693890       1.693340       1.694750       1.695700       1.694610       1.693520       1.692450       1.691390       1.690340       1.689300       1.688260       1.687240       1.686220       1.685210       1.684200       1.683200       1.682200       1.681210       1.680230       1.679240       1.678260       1.677280    
   1.688540       1.690100       1.691580       1.693130       1.692990       1.692850       1.692970       1.693890       1.693610       1.695870       1.697690       1.699670       1.698560       1.697450       1.696360       1.695280       1.694210       1.693150       1.692090       1.691050       1.690010       1.688990       1.687970       1.686950       1.685950       1.684940       1.683950       1.682950       1.681970       1.680980    
   1.690100       1.691600       1.693130       1.693060       1.692990       1.693170       1.693890       1.693750       1.696340       1.698680       1.699670       1.699120       1.699270       1.701380       1.700260       1.699160       1.698070       1.696990       1.695920       1.694860       1.693800       1.692760       1.691730       1.690700       1.689680       1.688670       1.687660       1.686660       1.685670       1.684680    
   1.691610       1.693130       1.693100       1.693060       1.693280       1.693890       1.693820       1.696570       1.699170       1.699670       1.699390       1.699860       1.701380       1.700820       1.700270       1.699160       1.698070       1.696990       1.697780       1.698660       1.697590       1.696530       1.695480       1.694440       1.693410       1.692390       1.691370       1.690360       1.689360       1.688360    
   1.693130       1.693110       1.693100       1.693330       1.693890       1.693860       1.696670       1.699420       1.699670       1.699530       1.700080       1.701380       1.701100       1.700820       1.700080       1.699170       1.698080       1.699170       1.700560       1.702450       1.701370       1.700290       1.699230       1.698180       1.697140       1.696110       1.695080       1.694060       1.693050       1.692050    
   1.693120       1.693110       1.693360       1.693890       1.693870       1.696730       1.699550       1.699670       1.699600       1.700160       1.701380       1.701240       1.701100       1.700670       1.700020       1.699110       1.700070       1.701500       1.702450       1.702990       1.705140       1.704050       1.702980       1.701910       1.700860       1.699820       1.698780       1.697760       1.696740       1.695730    
   1.693120       1.693370       1.693890       1.693880       1.696750       1.699610       1.699670       1.699640       1.700200       1.701380       1.701310       1.701240       1.701000       1.700600       1.699930       1.702990       1.701980       1.702450       1.707220       1.708900       1.708250       1.707810       1.706720       1.705640       1.704580       1.703530       1.702480       1.701450       1.700420       1.699410    
   1.693380       1.693890       1.693890       1.696770       1.699640       1.699670       1.699650       1.700220       1.701380       1.701340       1.701310       1.701180       1.700950       1.708850       1.712770       1.713780       1.713780       1.713500       1.713300       1.714560       1.712670       1.711560       1.710460       1.709370       1.708300       1.707230       1.706180       1.705140       1.704110       1.703080    
   1.693890       1.693890       1.696770       1.699650       1.699670       1.699660       1.700230       1.701380       1.701360       1.701350       1.701280       1.701150       1.715820       1.734000       1.733880       1.725450       1.725590       1.725120       1.719380       1.716430       1.716440       1.715310       1.714190       1.713090       1.712010       1.710940       1.709880       1.708830       1.707790       1.706760    
   1.693890       1.696780       1.699660       1.699670       1.699670       1.700240       1.701380       1.701370       1.701360       1.701330       1.719360       1.746510       1.738270       1.734120       1.734120       1.733880       1.728520       1.726060       1.725120       1.721430       1.720190       1.719050       1.717930       1.716820       1.715720       1.714640       1.713570       1.712510       1.711470       1.710440    
   1.696780       1.699670       1.699670       1.699670       1.700240       1.701380       1.701380       1.701370       1.701350       1.723010       1.746510       1.746510       1.746510       1.738440       1.734350       1.734350       1.733880       1.729040       1.727010       1.725120       1.723950       1.722800       1.721660       1.720540       1.719430       1.718340       1.717260       1.716200       1.715150       1.714110    
   1.699670       1.699670       1.699670       1.700240       1.701380       1.701380       1.701380       1.717760       1.732090       1.746520       1.746510       1.746510       1.746510       1.746510       1.738780       1.734830       1.734830       1.733880       1.730140       1.728890       1.727710       1.726540       1.725390       1.724260       1.723140       1.722040       1.720960       1.719890       1.718830       1.717790    
   1.699670       1.699670       1.700240       1.701380       1.701380       1.729710       1.772210       1.769580       1.766940       1.753350       1.746540       1.746510       1.746510       1.746510       1.746510       1.739440       1.735770       1.735770       1.733880       1.732660       1.731460       1.730280       1.729120       1.727970       1.726850       1.725740       1.724650       1.723570       1.722510       1.721460    
   1.699670       1.700240       1.701380       1.701380       1.735380       1.772220       1.772220       1.772210       1.769580       1.766940       1.753400       1.746600       1.746510       1.746510       1.746510       1.746510       1.740660       1.737660       1.737660       1.736430       1.735210       1.734020       1.732850       1.731690       1.730560       1.729440       1.728340       1.727260       1.726200       1.725140    
