iMOD/TUTORIALS/TUT_MetaswapAnalyser/model_MetaSWAP/meteo/Evaporation/Evaporation_20050817_L1.ASC
NCOLS                30
NROWS                30
XLLCORNER     160000.00
YLLCORNER     340000.00
CELLSIZE        1000.00
NODATA_VALUE   -9999.00
   3.990570       3.991650       3.992760       3.993900       3.995060       3.996260       3.997490       3.998750       4.000040       4.001360       4.002710       4.004100       4.005520       4.006970       4.008450       4.009970       4.011520       4.013100       4.014710       4.016350       4.018020       4.019730       4.021460       4.023220       4.025010       4.026830       4.028670       4.030540       4.032430       4.034350    
   3.992620       3.993700       3.994800       3.995940       3.997100       3.998300       3.999530       4.000780       4.002070       4.003390       4.004750       4.006130       4.007550       4.009000       4.010480       4.011990       4.013530       4.015110       4.016710       4.018350       4.020020       4.021720       4.023440       4.025200       4.026980       4.028790       4.030630       4.032490       4.034370       4.036280    
   3.994700       3.995770       3.996870       3.998000       3.999170       4.000360       4.001590       4.002840       4.004130       4.005450       4.006800       4.008180       4.009590       4.011040       4.012510       4.014020       4.015560       4.017130       4.018740       4.020370       4.022030       4.023720       4.025440       4.027190       4.028970       4.030770       4.032600       4.034450       4.036330       4.038230    
   3.996790       3.997860       3.998960       4.000090       4.001250       4.002440       4.003660       4.004920       4.006200       4.007520       4.008860       4.010240       4.011650       4.013090       4.014570       4.016070       4.017610       4.019170       4.020770       4.022400       4.024050       4.025740       4.027460       4.029200       4.030970       4.032760       4.034580       4.036430       4.038300       4.040190    
   3.998900       3.999970       4.001070       4.002200       4.003360       4.004540       4.005760       4.007010       4.008290       4.009610       4.010950       4.012320       4.013730       4.015170       4.016640       4.018140       4.019670       4.021230       4.022820       4.024440       4.026090       4.027770       4.029480       4.031220       4.032980       4.034770       4.036580       4.038420       4.040280       4.042170    
   4.001040       4.002100       4.003200       4.004320       4.005480       4.006660       4.007880       4.009130       4.010400       4.011710       4.013050       4.014420       4.015820       4.017260       4.018720       4.020220       4.021740       4.023300       4.024880       4.026500       4.028140       4.029820       4.031520       4.033250       4.035000       4.036790       4.038590       4.040420       4.042280       4.044160    
   4.003200       4.004260       4.005350       4.006470       4.007620       4.008800       4.010010       4.011260       4.012530       4.013830       4.015170       4.016540       4.017930       4.019360       4.020820       4.022310       4.023830       4.025380       4.026960       4.028570       4.030210       4.031880       4.033570       4.035300       4.037040       4.038820       4.040620       4.042440       4.044290       4.046160    
   4.005380       4.006430       4.007520       4.008630       4.009780       4.010960       4.012170       4.013400       4.014670       4.015970       4.017310       4.018670       4.020060       4.021480       4.022940       4.024420       4.025940       4.027480       4.029060       4.030660       4.032290       4.033950       4.035640       4.037360       4.039100       4.040860       4.042660       4.044470       4.046310       4.048170    
   4.007580       4.008630       4.009710       4.010820       4.011960       4.013140       4.014340       4.015570       4.016840       4.018130       4.019460       4.020820       4.022200       4.023620       4.025070       4.026550       4.028060       4.029600       4.031160       4.032760       4.034390       4.036040       4.037720       4.039430       4.041160       4.042920       4.044710       4.046510       4.048340       4.050200    
   4.009800       4.010840       4.011920       4.013020       4.014160       4.015330       4.016530       4.017760       4.019020       4.020310       4.021630       4.022980       4.024360       4.025770       4.027220       4.028690       4.030190       4.031720       4.033290       4.034880       4.036490       4.038140       4.039820       4.041520       4.043240       4.044990       4.046770       4.048570       4.050390       4.052240    
   4.009810       4.010850       4.012760       4.015250       4.016380       4.017540       4.018740       4.019960       4.021210       4.022500       4.023810       4.025160       4.026540       4.027940       4.029380       4.030850       4.032340       4.033870       4.035420       4.037010       4.038620       4.040260       4.041920       4.043620       4.045330       4.047080       4.048850       4.050640       4.052450       4.054290    
   4.009820       4.012170       4.015250       4.017780       4.018620       4.019780       4.020960       4.022180       4.023430       4.024710       4.026020       4.027360       4.028730       4.030130       4.031560       4.033020       4.034510       4.036020       4.037570       4.039150       4.040750       4.042390       4.044040       4.045730       4.047440       4.049180       4.050940       4.052720       4.054530       4.056360    
   4.011510       4.015250       4.018420       4.019750       4.020880       4.022030       4.023210       4.024420       4.025660       4.026930       4.028240       4.029570       4.030930       4.032330       4.033750       4.035200       4.036690       4.038200       4.039740       4.041310       4.042900       4.044530       4.046180       4.047860       4.049560       4.051290       4.053040       4.054820       4.056620       4.058440    
   4.015250       4.018720       4.020320       4.020880       4.022400       4.024290       4.025470       4.026670       4.027910       4.029180       4.030470       4.031800       4.033160       4.034540       4.035960       4.037400       4.038880       4.040390       4.041920       4.043480       4.045070       4.046690       4.048330       4.050000       4.051700       4.053420       4.055160       4.056930       4.058720       4.060530    
   4.018860       4.020600       4.020880       4.022520       4.024290       4.025840       4.027750       4.028950       4.030180       4.031440       4.032730       4.034040       4.035390       4.036770       4.038180       4.039620       4.041090       4.042590       4.044110       4.045670       4.047250       4.048860       4.050490       4.052160       4.053840       4.055560       4.057290       4.059050       4.060830       4.062640    
   4.020740       4.020880       4.022560       4.024290       4.025960       4.027750       4.028350       4.028960       4.031070       4.033710       4.034990       4.036310       4.037650       4.039020       4.040420       4.041850       4.043320       4.044800       4.046320       4.047870       4.049440       4.051040       4.052670       4.054320       4.056000       4.057710       4.059440       4.061190       4.062960       4.064760    
   4.020880       4.022580       4.024290       4.026000       4.027750       4.028050       4.028350       4.030520       4.033710       4.034350       4.036900       4.038590       4.039920       4.041280       4.042680       4.044100       4.045560       4.047040       4.048550       4.050080       4.051650       4.053240       4.054860       4.056510       4.058180       4.059870       4.061590       4.063340       4.065100       4.066890    
   4.022580       4.024290       4.026010       4.027750       4.027900       4.028050       4.030160       4.033710       4.034030       4.037110       4.039730       4.040880       4.042210       4.043560       4.044950       4.046370       4.047810       4.049280       4.050780       4.052310       4.053870       4.055460       4.057070       4.058710       4.060370       4.062060       4.063770       4.065500       4.067260       4.069040    
   4.024290       4.026020       4.027750       4.027820       4.027900       4.029950       4.033710       4.033870       4.037210       4.040310       4.040880       4.041540       4.043130       4.045860       4.047240       4.048640       4.050080       4.051540       4.053040       4.054560       4.056110       4.057690       4.059290       4.060920       4.062570       4.064250       4.065950       4.067680       4.069430       4.071200    
   4.026020       4.027750       4.027790       4.027820       4.029850       4.033710       4.033790       4.037250       4.040590       4.040880       4.041210       4.042850       4.045860       4.046550       4.047250       4.048650       4.050090       4.051550       4.055010       4.056820       4.058360       4.059930       4.061520       4.063140       4.064790       4.066460       4.068150       4.069870       4.071610       4.073370    
   4.027750       4.027770       4.027790       4.029790       4.033710       4.033750       4.037270       4.040740       4.040880       4.041050       4.042700       4.045860       4.046200       4.046550       4.047480       4.048660       4.050100       4.054740       4.057950       4.059090       4.060630       4.062190       4.063770       4.065380       4.067020       4.068680       4.070370       4.072080       4.073810       4.075560    
   4.027760       4.027770       4.029760       4.033710       4.033730       4.037280       4.040810       4.040880       4.040960       4.042620       4.045860       4.046030       4.046210       4.046750       4.047570       4.048750       4.054220       4.058520       4.059090       4.060880       4.062910       4.064460       4.066030       4.067640       4.069270       4.070920       4.072600       4.074300       4.076020       4.077760    
   4.027760       4.029750       4.033710       4.033720       4.037290       4.040840       4.040880       4.040920       4.042580       4.045860       4.045950       4.046030       4.046330       4.046840       4.047690       4.055080       4.058810       4.059090       4.063460       4.065210       4.066130       4.066740       4.068310       4.069910       4.071530       4.073170       4.074840       4.076530       4.078240       4.079980    
   4.029740       4.033710       4.033720       4.037290       4.040860       4.040880       4.040900       4.042560       4.045860       4.045900       4.045950       4.046100       4.046400       4.054310       4.060780       4.066080       4.066080       4.066900       4.067910       4.068680       4.067510       4.069040       4.070600       4.072190       4.073800       4.075440       4.077100       4.078780       4.080480       4.082210    
   4.033710       4.033710       4.037290       4.040870       4.040880       4.040890       4.042550       4.045860       4.045880       4.045900       4.045980       4.046150       4.059970       4.076480       4.076400       4.072580       4.073360       4.073060       4.071000       4.069840       4.069840       4.071360       4.072910       4.074490       4.076090       4.077720       4.079370       4.081040       4.082740       4.084460    
   4.033710       4.037290       4.040880       4.040880       4.040890       4.042550       4.045860       4.045870       4.045880       4.045920       4.060550       4.082350       4.078500       4.076550       4.076550       4.076400       4.074490       4.073660       4.073060       4.072400       4.072180       4.073690       4.075230       4.076800       4.078390       4.080010       4.081650       4.083320       4.085010       4.086720    
   4.037290       4.040880       4.040880       4.040880       4.042540       4.045860       4.045870       4.045870       4.045890       4.063410       4.082350       4.082350       4.082350       4.078610       4.076700       4.076700       4.076400       4.074850       4.074250       4.073060       4.074530       4.076040       4.077570       4.079130       4.080710       4.082320       4.083960       4.085610       4.087290       4.088990    
   4.040880       4.040880       4.040880       4.042540       4.045860       4.045860       4.045870       4.057820       4.069550       4.082360       4.082350       4.082350       4.082350       4.082350       4.078830       4.077010       4.077010       4.076400       4.075680       4.075440       4.076900       4.078400       4.079920       4.081470       4.083050       4.084650       4.086270       4.087920       4.089590       4.091290    
   4.040880       4.040880       4.042540       4.045860       4.045860       4.065510       4.094980       4.094310       4.093640       4.086130       4.082370       4.082350       4.082350       4.082350       4.082350       4.079260       4.077610       4.077610       4.076400       4.077830       4.079290       4.080780       4.082290       4.083830       4.085400       4.086990       4.088600       4.090240       4.091910       4.093590    
   4.040880       4.042540       4.045860       4.045860       4.069440       4.094990       4.094990       4.094980       4.094310       4.093640       4.086170       4.082410       4.082350       4.082350       4.082350       4.082350       4.080080       4.078830       4.078830       4.080240       4.081690       4.083170       4.084670       4.086200       4.087760       4.089340       4.090950       4.092580       4.094240       4.095910    
