iMOD/TUTORIALS/TUT_MetaswapAnalyser/model_MetaSWAP/meteo/Evaporation/Evaporation_20051220_L1.ASC
NCOLS                30
NROWS                30
XLLCORNER     160000.00
YLLCORNER     340000.00
CELLSIZE        1000.00
NODATA_VALUE   -9999.00
  0.9376000E-01  0.9318000E-01  0.9261000E-01  0.9203000E-01  0.9145000E-01  0.9086000E-01  0.9028000E-01  0.8969000E-01  0.8911000E-01  0.8852000E-01  0.8793000E-01  0.8735000E-01  0.8676000E-01  0.8618000E-01  0.8560000E-01  0.8502000E-01  0.8444000E-01  0.8387000E-01  0.8329000E-01  0.8272000E-01  0.8216000E-01  0.8160000E-01  0.8104000E-01  0.8048000E-01  0.7993000E-01  0.7938000E-01  0.7884000E-01  0.7830000E-01  0.7776000E-01  0.7723000E-01
  0.9374000E-01  0.9317000E-01  0.9259000E-01  0.9200000E-01  0.9142000E-01  0.9083000E-01  0.9025000E-01  0.8966000E-01  0.8907000E-01  0.8848000E-01  0.8789000E-01  0.8730000E-01  0.8672000E-01  0.8613000E-01  0.8555000E-01  0.8497000E-01  0.8439000E-01  0.8381000E-01  0.8324000E-01  0.8266000E-01  0.8210000E-01  0.8153000E-01  0.8097000E-01  0.8041000E-01  0.7986000E-01  0.7931000E-01  0.7876000E-01  0.7822000E-01  0.7768000E-01  0.7715000E-01
  0.9372000E-01  0.9314000E-01  0.9256000E-01  0.9197000E-01  0.9139000E-01  0.9080000E-01  0.9021000E-01  0.8962000E-01  0.8903000E-01  0.8844000E-01  0.8785000E-01  0.8726000E-01  0.8667000E-01  0.8608000E-01  0.8549000E-01  0.8491000E-01  0.8433000E-01  0.8375000E-01  0.8317000E-01  0.8260000E-01  0.8203000E-01  0.8147000E-01  0.8090000E-01  0.8034000E-01  0.7979000E-01  0.7924000E-01  0.7869000E-01  0.7814000E-01  0.7760000E-01  0.7707000E-01
  0.9370000E-01  0.9312000E-01  0.9253000E-01  0.9194000E-01  0.9135000E-01  0.9076000E-01  0.9017000E-01  0.8958000E-01  0.8898000E-01  0.8839000E-01  0.8780000E-01  0.8720000E-01  0.8661000E-01  0.8602000E-01  0.8544000E-01  0.8485000E-01  0.8427000E-01  0.8369000E-01  0.8311000E-01  0.8254000E-01  0.8196000E-01  0.8140000E-01  0.8083000E-01  0.8027000E-01  0.7971000E-01  0.7916000E-01  0.7861000E-01  0.7806000E-01  0.7752000E-01  0.7698000E-01
  0.9368000E-01  0.9309000E-01  0.9250000E-01  0.9191000E-01  0.9132000E-01  0.9072000E-01  0.9013000E-01  0.8953000E-01  0.8894000E-01  0.8834000E-01  0.8774000E-01  0.8715000E-01  0.8656000E-01  0.8597000E-01  0.8538000E-01  0.8479000E-01  0.8420000E-01  0.8362000E-01  0.8304000E-01  0.8247000E-01  0.8189000E-01  0.8132000E-01  0.8076000E-01  0.8019000E-01  0.7963000E-01  0.7908000E-01  0.7853000E-01  0.7798000E-01  0.7744000E-01  0.7690000E-01
  0.9365000E-01  0.9306000E-01  0.9247000E-01  0.9187000E-01  0.9128000E-01  0.9068000E-01  0.9008000E-01  0.8948000E-01  0.8888000E-01  0.8829000E-01  0.8769000E-01  0.8709000E-01  0.8650000E-01  0.8591000E-01  0.8531000E-01  0.8472000E-01  0.8414000E-01  0.8355000E-01  0.8297000E-01  0.8239000E-01  0.8182000E-01  0.8125000E-01  0.8068000E-01  0.8011000E-01  0.7955000E-01  0.7900000E-01  0.7844000E-01  0.7790000E-01  0.7735000E-01  0.7681000E-01
  0.9362000E-01  0.9303000E-01  0.9243000E-01  0.9183000E-01  0.9123000E-01  0.9063000E-01  0.9003000E-01  0.8943000E-01  0.8883000E-01  0.8823000E-01  0.8763000E-01  0.8703000E-01  0.8644000E-01  0.8584000E-01  0.8525000E-01  0.8466000E-01  0.8407000E-01  0.8348000E-01  0.8290000E-01  0.8232000E-01  0.8174000E-01  0.8117000E-01  0.8060000E-01  0.8003000E-01  0.7947000E-01  0.7891000E-01  0.7836000E-01  0.7781000E-01  0.7726000E-01  0.7672000E-01
  0.9359000E-01  0.9299000E-01  0.9239000E-01  0.9179000E-01  0.9119000E-01  0.9059000E-01  0.8998000E-01  0.8938000E-01  0.8878000E-01  0.8817000E-01  0.8757000E-01  0.8697000E-01  0.8637000E-01  0.8577000E-01  0.8518000E-01  0.8459000E-01  0.8400000E-01  0.8341000E-01  0.8282000E-01  0.8224000E-01  0.8166000E-01  0.8109000E-01  0.8052000E-01  0.7995000E-01  0.7939000E-01  0.7883000E-01  0.7827000E-01  0.7772000E-01  0.7717000E-01  0.7663000E-01
  0.9356000E-01  0.9296000E-01  0.9235000E-01  0.9175000E-01  0.9114000E-01  0.9054000E-01  0.8993000E-01  0.8932000E-01  0.8872000E-01  0.8811000E-01  0.8751000E-01  0.8691000E-01  0.8631000E-01  0.8571000E-01  0.8511000E-01  0.8451000E-01  0.8392000E-01  0.8333000E-01  0.8275000E-01  0.8216000E-01  0.8158000E-01  0.8101000E-01  0.8043000E-01  0.7986000E-01  0.7930000E-01  0.7874000E-01  0.7818000E-01  0.7763000E-01  0.7708000E-01  0.7654000E-01
  0.9352000E-01  0.9292000E-01  0.9231000E-01  0.9170000E-01  0.9109000E-01  0.9048000E-01  0.8987000E-01  0.8927000E-01  0.8866000E-01  0.8805000E-01  0.8744000E-01  0.8684000E-01  0.8624000E-01  0.8563000E-01  0.8504000E-01  0.8444000E-01  0.8384000E-01  0.8325000E-01  0.8266000E-01  0.8208000E-01  0.8150000E-01  0.8092000E-01  0.8035000E-01  0.7978000E-01  0.7921000E-01  0.7865000E-01  0.7809000E-01  0.7753000E-01  0.7699000E-01  0.7644000E-01
  0.9352330E-01  0.9291670E-01  0.9214500E-01  0.9165000E-01  0.9104000E-01  0.9043000E-01  0.8982000E-01  0.8921000E-01  0.8860000E-01  0.8799000E-01  0.8738000E-01  0.8677000E-01  0.8616000E-01  0.8556000E-01  0.8496000E-01  0.8436000E-01  0.8377000E-01  0.8317000E-01  0.8258000E-01  0.8200000E-01  0.8141000E-01  0.8083000E-01  0.8026000E-01  0.7969000E-01  0.7912000E-01  0.7855000E-01  0.7799000E-01  0.7744000E-01  0.7689000E-01  0.7634000E-01
  0.9352220E-01  0.9255870E-01  0.9165000E-01  0.9115500E-01  0.9099000E-01  0.9038000E-01  0.8976000E-01  0.8915000E-01  0.8853000E-01  0.8792000E-01  0.8731000E-01  0.8670000E-01  0.8609000E-01  0.8549000E-01  0.8488000E-01  0.8428000E-01  0.8368000E-01  0.8309000E-01  0.8250000E-01  0.8191000E-01  0.8132000E-01  0.8074000E-01  0.8017000E-01  0.7959000E-01  0.7902000E-01  0.7846000E-01  0.7790000E-01  0.7734000E-01  0.7679000E-01  0.7624000E-01
  0.9296470E-01  0.9165000E-01  0.9117750E-01  0.9096500E-01  0.9094000E-01  0.9032000E-01  0.8970000E-01  0.8908000E-01  0.8847000E-01  0.8785000E-01  0.8724000E-01  0.8663000E-01  0.8602000E-01  0.8541000E-01  0.8480000E-01  0.8420000E-01  0.8360000E-01  0.8301000E-01  0.8241000E-01  0.8182000E-01  0.8124000E-01  0.8065000E-01  0.8007000E-01  0.7950000E-01  0.7893000E-01  0.7836000E-01  0.7780000E-01  0.7725000E-01  0.7669000E-01  0.7614000E-01
  0.9165000E-01  0.9118000E-01  0.9095250E-01  0.9094000E-01  0.9050670E-01  0.9026000E-01  0.8964000E-01  0.8902000E-01  0.8840000E-01  0.8778000E-01  0.8717000E-01  0.8655000E-01  0.8594000E-01  0.8533000E-01  0.8472000E-01  0.8412000E-01  0.8352000E-01  0.8292000E-01  0.8232000E-01  0.8173000E-01  0.8114000E-01  0.8056000E-01  0.7998000E-01  0.7941000E-01  0.7883000E-01  0.7827000E-01  0.7770000E-01  0.7715000E-01  0.7659000E-01  0.7604000E-01
  0.9117910E-01  0.9094620E-01  0.9094000E-01  0.9056890E-01  0.9026000E-01  0.8982670E-01  0.8958000E-01  0.8896000E-01  0.8833000E-01  0.8771000E-01  0.8709000E-01  0.8648000E-01  0.8586000E-01  0.8525000E-01  0.8464000E-01  0.8404000E-01  0.8343000E-01  0.8283000E-01  0.8223000E-01  0.8164000E-01  0.8105000E-01  0.8047000E-01  0.7989000E-01  0.7931000E-01  0.7874000E-01  0.7817000E-01  0.7760000E-01  0.7705000E-01  0.7649000E-01  0.7594000E-01
  0.9094310E-01  0.9094000E-01  0.9058960E-01  0.9026000E-01  0.8988890E-01  0.8958000E-01  0.8927000E-01  0.8895670E-01  0.8816000E-01  0.8764000E-01  0.8702000E-01  0.8640000E-01  0.8578000E-01  0.8517000E-01  0.8456000E-01  0.8395000E-01  0.8335000E-01  0.8274000E-01  0.8214000E-01  0.8155000E-01  0.8096000E-01  0.8037000E-01  0.7979000E-01  0.7921000E-01  0.7864000E-01  0.7807000E-01  0.7750000E-01  0.7694000E-01  0.7639000E-01  0.7584000E-01
  0.9094000E-01  0.9059650E-01  0.9026000E-01  0.8990960E-01  0.8958000E-01  0.8942500E-01  0.8926890E-01  0.8850670E-01  0.8764000E-01  0.8733000E-01  0.8672600E-01  0.8632000E-01  0.8571000E-01  0.8509000E-01  0.8448000E-01  0.8386000E-01  0.8326000E-01  0.8265000E-01  0.8205000E-01  0.8146000E-01  0.8086000E-01  0.8028000E-01  0.7969000E-01  0.7911000E-01  0.7854000E-01  0.7797000E-01  0.7740000E-01  0.7684000E-01  0.7629000E-01  0.7573000E-01
  0.9059880E-01  0.9026000E-01  0.8991650E-01  0.8958000E-01  0.8950250E-01  0.8942460E-01  0.8871010E-01  0.8764000E-01  0.8748500E-01  0.8684620E-01  0.8628500E-01  0.8625000E-01  0.8563000E-01  0.8501000E-01  0.8439000E-01  0.8378000E-01  0.8317000E-01  0.8256000E-01  0.8196000E-01  0.8136000E-01  0.8077000E-01  0.8018000E-01  0.7959000E-01  0.7901000E-01  0.7844000E-01  0.7787000E-01  0.7730000E-01  0.7674000E-01  0.7618000E-01  0.7563000E-01
  0.9026000E-01  0.8991880E-01  0.8958000E-01  0.8954120E-01  0.8950240E-01  0.8881930E-01  0.8764000E-01  0.8756250E-01  0.8689770E-01  0.8626750E-01  0.8625000E-01  0.8594000E-01  0.8545250E-01  0.8492000E-01  0.8430000E-01  0.8369000E-01  0.8308000E-01  0.8247000E-01  0.8187000E-01  0.8127000E-01  0.8067000E-01  0.8008000E-01  0.7950000E-01  0.7891000E-01  0.7834000E-01  0.7776000E-01  0.7720000E-01  0.7663000E-01  0.7608000E-01  0.7552000E-01
  0.8991960E-01  0.8958000E-01  0.8956060E-01  0.8954120E-01  0.8887570E-01  0.8764000E-01  0.8760130E-01  0.8692180E-01  0.8625880E-01  0.8625000E-01  0.8609500E-01  0.8564060E-01  0.8492000E-01  0.8461000E-01  0.8430330E-01  0.8369000E-01  0.8308000E-01  0.8247330E-01  0.8157200E-01  0.8117000E-01  0.8058000E-01  0.7998000E-01  0.7940000E-01  0.7881000E-01  0.7824000E-01  0.7766000E-01  0.7709000E-01  0.7653000E-01  0.7597000E-01  0.7542000E-01
  0.8958000E-01  0.8957030E-01  0.8956060E-01  0.8890440E-01  0.8764000E-01  0.8762060E-01  0.8693350E-01  0.8625440E-01  0.8625000E-01  0.8617250E-01  0.8572640E-01  0.8492000E-01  0.8476500E-01  0.8461110E-01  0.8420110E-01  0.8369110E-01  0.8308110E-01  0.8186610E-01  0.8112500E-01  0.8108000E-01  0.8048000E-01  0.7989000E-01  0.7930000E-01  0.7871000E-01  0.7813000E-01  0.7756000E-01  0.7699000E-01  0.7643000E-01  0.7587000E-01  0.7531000E-01
  0.8957520E-01  0.8957030E-01  0.8891880E-01  0.8764000E-01  0.8763030E-01  0.8693930E-01  0.8625220E-01  0.8625000E-01  0.8621120E-01  0.8576720E-01  0.8492000E-01  0.8484250E-01  0.8476540E-01  0.8452570E-01  0.8416780E-01  0.8365780E-01  0.8216420E-01  0.8110250E-01  0.8108000E-01  0.8064670E-01  0.8038000E-01  0.7979000E-01  0.7920000E-01  0.7861000E-01  0.7803000E-01  0.7746000E-01  0.7689000E-01  0.7632000E-01  0.7576000E-01  0.7521000E-01
  0.8957520E-01  0.8892610E-01  0.8764000E-01  0.8763520E-01  0.8694210E-01  0.8625110E-01  0.8625000E-01  0.8623060E-01  0.8578710E-01  0.8492000E-01  0.8488120E-01  0.8484260E-01  0.8471120E-01  0.8448630E-01  0.8411710E-01  0.8237420E-01  0.8109120E-01  0.8108000E-01  0.8053790E-01  0.8028500E-01  0.7992800E-01  0.7969000E-01  0.7910000E-01  0.7851000E-01  0.7793000E-01  0.7735000E-01  0.7678000E-01  0.7622000E-01  0.7566000E-01  0.7510000E-01
  0.8892970E-01  0.8764000E-01  0.8763760E-01  0.8694360E-01  0.8625050E-01  0.8625000E-01  0.8624030E-01  0.8579690E-01  0.8492000E-01  0.8490060E-01  0.8488130E-01  0.8481170E-01  0.8468000E-01  0.8356120E-01  0.8223450E-01  0.8079000E-01  0.8079000E-01  0.8050040E-01  0.8017170E-01  0.8014000E-01  0.8019000E-01  0.7959000E-01  0.7900000E-01  0.7841000E-01  0.7783000E-01  0.7725000E-01  0.7668000E-01  0.7611000E-01  0.7555000E-01  0.7500000E-01
  0.8764000E-01  0.8763880E-01  0.8694430E-01  0.8625030E-01  0.8625000E-01  0.8624510E-01  0.8580180E-01  0.8492000E-01  0.8491030E-01  0.8490060E-01  0.8486450E-01  0.8479100E-01  0.8298090E-01  0.8092720E-01  0.8093000E-01  0.8070930E-01  0.8048880E-01  0.8050000E-01  0.8021250E-01  0.8009000E-01  0.8009000E-01  0.7949000E-01  0.7890000E-01  0.7831000E-01  0.7772000E-01  0.7715000E-01  0.7658000E-01  0.7601000E-01  0.7545000E-01  0.7489000E-01
  0.8763940E-01  0.8694460E-01  0.8625010E-01  0.8625000E-01  0.8624760E-01  0.8580420E-01  0.8492000E-01  0.8491510E-01  0.8491030E-01  0.8489180E-01  0.8342720E-01  0.8129000E-01  0.8104580E-01  0.8092440E-01  0.8092440E-01  0.8093000E-01  0.8062840E-01  0.8047750E-01  0.8050000E-01  0.8012000E-01  0.7999000E-01  0.7939000E-01  0.7880000E-01  0.7821000E-01  0.7762000E-01  0.7704000E-01  0.7647000E-01  0.7590000E-01  0.7534000E-01  0.7479000E-01
  0.8694480E-01  0.8625010E-01  0.8625000E-01  0.8624880E-01  0.8580550E-01  0.8492000E-01  0.8491760E-01  0.8491520E-01  0.8490580E-01  0.8316190E-01  0.8129000E-01  0.8129000E-01  0.8129000E-01  0.8104150E-01  0.8091880E-01  0.8091880E-01  0.8093000E-01  0.8060630E-01  0.8045500E-01  0.8050000E-01  0.7990000E-01  0.7929000E-01  0.7870000E-01  0.7811000E-01  0.7752000E-01  0.7694000E-01  0.7637000E-01  0.7580000E-01  0.7524000E-01  0.7468000E-01
  0.8625000E-01  0.8625000E-01  0.8624940E-01  0.8580610E-01  0.8492000E-01  0.8491880E-01  0.8491760E-01  0.8407210E-01  0.8286640E-01  0.8128980E-01  0.8129000E-01  0.8129000E-01  0.8129000E-01  0.8129000E-01  0.8103270E-01  0.8090750E-01  0.8090750E-01  0.8093000E-01  0.8054000E-01  0.8041000E-01  0.7980000E-01  0.7920000E-01  0.7860000E-01  0.7801000E-01  0.7742000E-01  0.7684000E-01  0.7627000E-01  0.7570000E-01  0.7514000E-01  0.7458000E-01
  0.8625000E-01  0.8624970E-01  0.8580640E-01  0.8492000E-01  0.8491940E-01  0.8380320E-01  0.8213000E-01  0.8184000E-01  0.8155000E-01  0.8137610E-01  0.8128930E-01  0.8129000E-01  0.8129000E-01  0.8129000E-01  0.8129000E-01  0.8101450E-01  0.8088500E-01  0.8088500E-01  0.8093000E-01  0.8032000E-01  0.7971000E-01  0.7910000E-01  0.7850000E-01  0.7791000E-01  0.7732000E-01  0.7674000E-01  0.7617000E-01  0.7560000E-01  0.7504000E-01  0.7448000E-01
  0.8624980E-01  0.8580650E-01  0.8492000E-01  0.8491970E-01  0.8358040E-01  0.8212990E-01  0.8212990E-01  0.8213000E-01  0.8183990E-01  0.8155000E-01  0.8137500E-01  0.8128800E-01  0.8129000E-01  0.8129000E-01  0.8129000E-01  0.8129000E-01  0.8097560E-01  0.8084000E-01  0.8084000E-01  0.8022000E-01  0.7961000E-01  0.7901000E-01  0.7841000E-01  0.7781000E-01  0.7722000E-01  0.7664000E-01  0.7607000E-01  0.7550000E-01  0.7494000E-01  0.7438000E-01
