iMOD/TUTORIALS/TUT_MetaswapAnalyser/model_MetaSWAP/meteo/Evaporation/Evaporation_20050904_L1.ASC
NCOLS                30
NROWS                30
XLLCORNER     160000.00
YLLCORNER     340000.00
CELLSIZE        1000.00
NODATA_VALUE   -9999.00
   3.531380       3.529860       3.528320       3.526770       3.525200       3.523630       3.522040       3.520450       3.518850       3.517240       3.515640       3.514040       3.512440       3.510840       3.509250       3.507660       3.506080       3.504510       3.502950       3.501400       3.499860       3.498330       3.496820       3.495320       3.493820       3.492350       3.490880       3.489430       3.487990       3.486560    
   3.533720       3.532210       3.530690       3.529140       3.527590       3.526020       3.524450       3.522860       3.521280       3.519680       3.518090       3.516490       3.514900       3.513310       3.511720       3.510140       3.508570       3.507000       3.505440       3.503890       3.502360       3.500830       3.499310       3.497800       3.496310       3.494820       3.493350       3.491890       3.490450       3.489010    
   3.536050       3.534550       3.533040       3.531510       3.529970       3.528410       3.526850       3.525280       3.523700       3.522110       3.520530       3.518940       3.517360       3.515770       3.514190       3.512620       3.511050       3.509480       3.507930       3.506380       3.504840       3.503310       3.501790       3.500280       3.498790       3.497300       3.495820       3.494360       3.492900       3.491460    
   3.538380       3.536890       3.535390       3.533870       3.532340       3.530790       3.529240       3.527680       3.526110       3.524540       3.522960       3.521380       3.519810       3.518230       3.516650       3.515080       3.513520       3.511960       3.510410       3.508860       3.507320       3.505790       3.504270       3.502760       3.501260       3.499770       3.498290       3.496820       3.495360       3.493910    
   3.540700       3.539220       3.537730       3.536220       3.534700       3.533170       3.531620       3.530070       3.528510       3.526950       3.525380       3.523820       3.522240       3.520680       3.519110       3.517540       3.515980       3.514430       3.512880       3.511330       3.509790       3.508260       3.506740       3.505230       3.503730       3.502230       3.500750       3.499270       3.497810       3.496350    
   3.543020       3.541550       3.540070       3.538570       3.537060       3.535530       3.534000       3.532460       3.530910       3.529360       3.527800       3.526240       3.524680       3.523110       3.521550       3.519990       3.518440       3.516880       3.515340       3.513800       3.512260       3.510730       3.509210       3.507700       3.506190       3.504690       3.503200       3.501720       3.500250       3.498790    
   3.545330       3.543870       3.542400       3.540910       3.539410       3.537890       3.536370       3.534840       3.533300       3.531760       3.530210       3.528650       3.527100       3.525540       3.523990       3.522440       3.520880       3.519340       3.517790       3.516250       3.514720       3.513190       3.511670       3.510150       3.508650       3.507150       3.505650       3.504170       3.502690       3.501230    
   3.547640       3.546190       3.544720       3.543240       3.541750       3.540250       3.538730       3.537210       3.535680       3.534150       3.532610       3.531060       3.529520       3.527970       3.526420       3.524870       3.523320       3.521780       3.520240       3.518700       3.517170       3.515640       3.514120       3.512600       3.511100       3.509590       3.508100       3.506610       3.505130       3.503660    
   3.549940       3.548500       3.547040       3.545570       3.544090       3.542590       3.541090       3.539580       3.538060       3.536530       3.535000       3.533460       3.531920       3.530380       3.528840       3.527300       3.525760       3.524220       3.522680       3.521140       3.519610       3.518090       3.516570       3.515050       3.513540       3.512030       3.510540       3.509040       3.507560       3.506080    
   3.552240       3.550800       3.549350       3.547890       3.546420       3.544940       3.543440       3.541940       3.540430       3.538910       3.537380       3.535860       3.534320       3.532790       3.531250       3.529720       3.528180       3.526640       3.525110       3.523580       3.522050       3.520530       3.519000       3.517490       3.515980       3.514470       3.512970       3.511470       3.509990       3.508500    
   3.552230       3.550800       3.549560       3.550210       3.548740       3.547270       3.545780       3.544290       3.542790       3.541280       3.539760       3.538240       3.536720       3.535190       3.533660       3.532130       3.530600       3.529070       3.527540       3.526010       3.524480       3.522960       3.521440       3.519920       3.518410       3.516900       3.515400       3.513900       3.512410       3.510920    
   3.552230       3.550700       3.550210       3.550850       3.551060       3.549600       3.548120       3.546640       3.545140       3.543640       3.542130       3.540620       3.539100       3.537580       3.536060       3.534530       3.533010       3.531480       3.529950       3.528430       3.526900       3.525380       3.523860       3.522340       3.520830       3.519320       3.517820       3.516320       3.514820       3.513330    
   3.551700       3.550210       3.551660       3.552220       3.553380       3.551920       3.550450       3.548970       3.547490       3.546000       3.544500       3.542990       3.541480       3.539970       3.538450       3.536930       3.535410       3.533890       3.532360       3.530840       3.529320       3.527800       3.526280       3.524760       3.523250       3.521740       3.520230       3.518730       3.517230       3.515730    
   3.550210       3.552010       3.552800       3.553380       3.553180       3.554230       3.552780       3.551310       3.549830       3.548340       3.546850       3.545350       3.543850       3.542340       3.540830       3.539320       3.537800       3.536280       3.534770       3.533250       3.531730       3.530210       3.528690       3.527170       3.525660       3.524150       3.522640       3.521130       3.519630       3.518130    
   3.552170       3.553090       3.553380       3.553600       3.554230       3.554030       3.555090       3.553630       3.552160       3.550690       3.549200       3.547710       3.546220       3.544710       3.543210       3.541700       3.540190       3.538680       3.537160       3.535640       3.534130       3.532610       3.531090       3.529580       3.528060       3.526550       3.525040       3.523530       3.522030       3.520520    
   3.553240       3.553380       3.553740       3.554230       3.554450       3.555090       3.554360       3.553630       3.552380       3.553020       3.551540       3.550060       3.548570       3.547080       3.545580       3.544070       3.542570       3.541060       3.539550       3.538030       3.536520       3.535000       3.533490       3.531970       3.530460       3.528950       3.527430       3.525920       3.524420       3.522910    
   3.553380       3.553780       3.554230       3.554590       3.555090       3.554720       3.554360       3.553350       3.553020       3.552280       3.552350       3.552400       3.550920       3.549430       3.547940       3.546440       3.544940       3.543430       3.541930       3.540420       3.538900       3.537390       3.535880       3.534360       3.532850       3.531330       3.529820       3.528310       3.526800       3.525290    
   3.553800       3.554230       3.554640       3.555090       3.554910       3.554720       3.553860       3.553020       3.552650       3.553190       3.553570       3.554740       3.553260       3.551780       3.550290       3.548800       3.547300       3.545800       3.544300       3.542790       3.541280       3.539770       3.538260       3.536740       3.535230       3.533720       3.532200       3.530690       3.529170       3.527660    
   3.554230       3.554650       3.555090       3.555000       3.554910       3.554130       3.553020       3.552830       3.553550       3.554150       3.554740       3.554000       3.553470       3.554120       3.552640       3.551150       3.549660       3.548160       3.546660       3.545160       3.543650       3.542140       3.540630       3.539120       3.537600       3.536090       3.534570       3.533060       3.531540       3.530030    
   3.554660       3.555090       3.555040       3.555000       3.554260       3.553020       3.552930       3.553720       3.554450       3.554740       3.554370       3.554080       3.554120       3.553380       3.552640       3.551150       3.549660       3.548160       3.547470       3.547520       3.546020       3.544510       3.543000       3.541490       3.539970       3.538460       3.536940       3.535420       3.533900       3.532390    
   3.555090       3.555070       3.555040       3.554330       3.553020       3.552970       3.553800       3.554590       3.554740       3.554550       3.554330       3.554120       3.553750       3.553380       3.552390       3.551150       3.549660       3.548770       3.548700       3.549870       3.548370       3.546860       3.545360       3.543840       3.542330       3.540810       3.539300       3.537780       3.536260       3.534740    
   3.555080       3.555070       3.554370       3.553020       3.553000       3.553840       3.554670       3.554740       3.554650       3.554440       3.554120       3.553940       3.553750       3.553170       3.552310       3.551060       3.549750       3.549280       3.549870       3.549650       3.550720       3.549210       3.547710       3.546200       3.544680       3.543160       3.541650       3.540120       3.538600       3.537080    
   3.555080       3.554380       3.553020       3.553010       3.553860       3.554700       3.554740       3.554690       3.554490       3.554120       3.554030       3.553930       3.553620       3.553080       3.552180       3.551910       3.549580       3.549870       3.552280       3.553050       3.552150       3.551550       3.550050       3.548540       3.547020       3.545510       3.543990       3.542460       3.540940       3.539410    
   3.554390       3.553020       3.553010       3.553870       3.554720       3.554740       3.554720       3.554510       3.554120       3.554070       3.554030       3.553860       3.553540       3.557180       3.558010       3.556840       3.556840       3.556300       3.555770       3.556550       3.555380       3.553890       3.552380       3.550870       3.549360       3.547840       3.546320       3.544800       3.543270       3.541740    
   3.553020       3.553020       3.553870       3.554730       3.554740       3.554730       3.554520       3.554120       3.554100       3.554070       3.553990       3.553810       3.560900       3.569920       3.569850       3.564220       3.564100       3.563810       3.559760       3.557700       3.557710       3.556210       3.554710       3.553200       3.551680       3.550170       3.548640       3.547120       3.545590       3.544060    
   3.553020       3.553880       3.554740       3.554740       3.554730       3.554530       3.554120       3.554110       3.554100       3.554050       3.563610       3.578080       3.572700       3.569990       3.569990       3.569850       3.566110       3.564380       3.563810       3.560970       3.560020       3.558520       3.557020       3.555520       3.554000       3.552480       3.550960       3.549430       3.547900       3.546370    
   3.553880       3.554740       3.554740       3.554740       3.554530       3.554120       3.554110       3.554110       3.554090       3.565580       3.578080       3.578080       3.578080       3.572800       3.570130       3.570130       3.569850       3.566410       3.564950       3.563810       3.562320       3.560830       3.559330       3.557820       3.556310       3.554790       3.553270       3.551740       3.550210       3.548670    
   3.554740       3.554740       3.554740       3.554530       3.554120       3.554120       3.554110       3.563220       3.570780       3.578090       3.578080       3.578080       3.578080       3.578080       3.573010       3.570420       3.570420       3.569850       3.567030       3.566100       3.564620       3.563130       3.561630       3.560120       3.558610       3.557090       3.555570       3.554040       3.552500       3.550960    
   3.554740       3.554740       3.554530       3.554120       3.554120       3.570130       3.594140       3.592350       3.590560       3.582260       3.578100       3.578080       3.578080       3.578080       3.578080       3.573400       3.570980       3.570980       3.569850       3.568380       3.566900       3.565410       3.563920       3.562410       3.560900       3.559380       3.557850       3.556320       3.554790       3.553240    
   3.554740       3.554530       3.554120       3.554120       3.573330       3.594140       3.594140       3.594140       3.592350       3.590560       3.582290       3.578130       3.578080       3.578080       3.578080       3.578080       3.574120       3.572120       3.572120       3.570660       3.569180       3.567690       3.566200       3.564690       3.563180       3.561660       3.560130       3.558600       3.557060       3.555520    
