iMOD/TUTORIALS/TUT_MetaswapAnalyser/model_MetaSWAP/meteo/Evaporation/Evaporation_20060218_L1.ASC
NCOLS                30
NROWS                30
XLLCORNER     160000.00
YLLCORNER     340000.00
CELLSIZE        1000.00
NODATA_VALUE   -9999.00
  0.2635500      0.2626800      0.2618400      0.2610200      0.2602100      0.2594300      0.2586600      0.2579100      0.2571800      0.2564700      0.2557700      0.2550900      0.2544300      0.2537800      0.2531400      0.2525200      0.2519100      0.2513200      0.2507400      0.2501700      0.2496100      0.2490700      0.2485300      0.2480100      0.2474900      0.2469800      0.2464900      0.2460000      0.2455100      0.2450400    
  0.2616100      0.2607600      0.2599200      0.2591100      0.2583100      0.2575400      0.2567800      0.2560400      0.2553100      0.2546100      0.2539200      0.2532400      0.2525800      0.2519400      0.2513100      0.2506900      0.2500900      0.2495000      0.2489300      0.2483600      0.2478100      0.2472600      0.2467300      0.2462100      0.2456900      0.2451900      0.2446900      0.2442000      0.2437200      0.2432500    
  0.2597000      0.2588500      0.2580300      0.2572200      0.2564300      0.2556600      0.2549100      0.2541800      0.2534600      0.2527600      0.2520800      0.2514100      0.2507600      0.2501200      0.2494900      0.2488800      0.2482900      0.2477000      0.2471300      0.2465600      0.2460100      0.2454700      0.2449400      0.2444200      0.2439100      0.2434100      0.2429100      0.2424300      0.2419500      0.2414700    
  0.2577900      0.2569600      0.2561400      0.2553500      0.2545700      0.2538100      0.2530600      0.2523400      0.2516300      0.2509300      0.2502600      0.2495900      0.2489500      0.2483100      0.2476900      0.2470900      0.2464900      0.2459100      0.2453400      0.2447800      0.2442300      0.2437000      0.2431700      0.2426500      0.2421400      0.2416400      0.2411400      0.2406600      0.2401800      0.2397100    
  0.2559100      0.2550800      0.2542800      0.2534900      0.2527200      0.2519600      0.2512300      0.2505100      0.2498100      0.2491200      0.2484500      0.2477900      0.2471500      0.2465200      0.2459100      0.2453000      0.2447100      0.2441400      0.2435700      0.2430100      0.2424700      0.2419300      0.2414100      0.2408900      0.2403800      0.2398800      0.2393900      0.2389000      0.2384200      0.2379500    
  0.2540400      0.2532200      0.2524200      0.2516400      0.2508800      0.2501300      0.2494100      0.2486900      0.2480000      0.2473200      0.2466500      0.2460000      0.2453600      0.2447400      0.2441300      0.2435300      0.2429500      0.2423700      0.2418100      0.2412600      0.2407100      0.2401800      0.2396600      0.2391400      0.2386400      0.2381400      0.2376400      0.2371600      0.2366800      0.2362100    
  0.2521800      0.2513700      0.2505800      0.2498100      0.2490600      0.2483200      0.2476000      0.2468900      0.2462000      0.2455300      0.2448700      0.2442300      0.2435900      0.2429700      0.2423700      0.2417800      0.2411900      0.2406200      0.2400600      0.2395100      0.2389700      0.2384400      0.2379200      0.2374100      0.2369000      0.2364000      0.2359100      0.2354300      0.2349500      0.2344700    
  0.2503300      0.2495400      0.2487600      0.2479900      0.2472500      0.2465200      0.2458000      0.2451100      0.2444200      0.2437600      0.2431000      0.2424600      0.2418300      0.2412200      0.2406200      0.2400300      0.2394500      0.2388800      0.2383300      0.2377800      0.2372400      0.2367100      0.2361900      0.2356800      0.2351800      0.2346800      0.2341900      0.2337000      0.2332200      0.2327500    
  0.2485000      0.2477200      0.2469400      0.2461900      0.2454500      0.2447300      0.2440200      0.2433300      0.2426600      0.2419900      0.2413400      0.2407100      0.2400900      0.2394800      0.2388800      0.2383000      0.2377200      0.2371600      0.2366000      0.2360600      0.2355200      0.2350000      0.2344800      0.2339700      0.2334600      0.2329700      0.2324800      0.2319900      0.2315100      0.2310400    
  0.2466900      0.2459100      0.2451400      0.2444000      0.2436700      0.2429500      0.2422500      0.2415700      0.2409000      0.2402400      0.2396000      0.2389700      0.2383500      0.2377500      0.2371600      0.2365700      0.2360000      0.2354400      0.2348900      0.2343500      0.2338200      0.2332900      0.2327700      0.2322600      0.2317600      0.2312600      0.2307700      0.2302900      0.2298100      0.2293400    
  0.2466930      0.2459130      0.2445180      0.2426200      0.2419000      0.2411900      0.2405000      0.2398200      0.2391500      0.2385000      0.2378700      0.2372400      0.2366300      0.2360300      0.2354400      0.2348600      0.2343000      0.2337400      0.2331900      0.2326500      0.2321200      0.2315900      0.2310800      0.2305700      0.2300700      0.2295700      0.2290800      0.2286000      0.2281200      0.2276400    
  0.2466980      0.2449360      0.2426200      0.2407570      0.2401300      0.2394300      0.2387500      0.2380800      0.2374200      0.2367800      0.2361400      0.2355300      0.2349200      0.2343200      0.2337400      0.2331600      0.2326000      0.2320400      0.2315000      0.2309600      0.2304300      0.2299100      0.2294000      0.2288900      0.2283900      0.2278900      0.2274000      0.2269200      0.2264400      0.2259600    
  0.2454370      0.2426200      0.2402530      0.2392550      0.2383800      0.2376900      0.2370100      0.2363500      0.2357000      0.2350600      0.2344300      0.2338200      0.2332200      0.2326200      0.2320400      0.2314700      0.2309100      0.2303600      0.2298200      0.2292800      0.2287500      0.2282300      0.2277200      0.2272100      0.2267100      0.2262200      0.2257300      0.2252400      0.2247600      0.2242900    
  0.2426200      0.2400180      0.2388180      0.2383800      0.2373430      0.2359600      0.2352900      0.2346300      0.2339800      0.2333500      0.2327300      0.2321200      0.2315200      0.2309400      0.2303600      0.2297900      0.2292300      0.2286900      0.2281400      0.2276100      0.2270900      0.2265700      0.2260600      0.2255500      0.2250500      0.2245500      0.2240600      0.2235800      0.2231000      0.2226200    
  0.2399040      0.2385990      0.2383800      0.2372280      0.2359600      0.2349400      0.2335700      0.2329200      0.2322800      0.2316500      0.2310400      0.2304300      0.2298400      0.2292600      0.2286900      0.2281200      0.2275700      0.2270200      0.2264800      0.2259500      0.2254300      0.2249100      0.2244000      0.2238900      0.2233900      0.2229000      0.2224100      0.2219200      0.2214400      0.2209600    
  0.2384890      0.2383800      0.2371890      0.2359600      0.2348230      0.2335700      0.2332450      0.2329230      0.2317050      0.2299700      0.2293600      0.2287600      0.2281700      0.2275900      0.2270200      0.2264600      0.2259100      0.2253600      0.2248300      0.2243000      0.2237800      0.2232600      0.2227500      0.2222500      0.2217500      0.2212500      0.2207600      0.2202800      0.2197900      0.2193100    
  0.2383800      0.2371760      0.2359600      0.2347840      0.2335700      0.2334070      0.2332460      0.2319610      0.2299700      0.2296650      0.2281220      0.2270900      0.2265000      0.2259300      0.2253600      0.2248100      0.2242600      0.2237200      0.2231800      0.2226600      0.2221400      0.2216200      0.2211100      0.2206100      0.2201100      0.2196100      0.2191200      0.2186400      0.2181500      0.2176700    
  0.2371720      0.2359600      0.2347710      0.2335700      0.2334890      0.2334080      0.2321460      0.2299700      0.2298170      0.2278890      0.2262600      0.2254300      0.2248500      0.2242800      0.2237200      0.2231600      0.2226200      0.2220800      0.2215500      0.2210200      0.2205000      0.2199900      0.2194800      0.2189800      0.2184800      0.2179800      0.2174900      0.2170000      0.2165200      0.2160400    
  0.2359600      0.2347670      0.2335700      0.2335290      0.2334890      0.2322530      0.2299700      0.2298940      0.2277900      0.2258450      0.2254300      0.2251400      0.2242970      0.2226300      0.2220800      0.2215300      0.2209800      0.2204500      0.2199200      0.2193900      0.2188800      0.2183600      0.2178600      0.2173500      0.2168600      0.2163600      0.2158700      0.2153800      0.2148900      0.2144100    
  0.2347660      0.2335700      0.2335500      0.2335290      0.2323100      0.2299700      0.2299320      0.2277440      0.2256370      0.2254300      0.2252850      0.2243740      0.2226300      0.2223550      0.2220800      0.2215300      0.2209870      0.2204500      0.2187380      0.2177700      0.2172600      0.2167500      0.2162400      0.2157400      0.2152400      0.2147400      0.2142500      0.2137600      0.2132700      0.2127900    
  0.2335700      0.2335600      0.2335500      0.2323400      0.2299700      0.2299510      0.2277220      0.2255340      0.2254300      0.2253580      0.2244300      0.2226300      0.2224930      0.2223550      0.2219880      0.2215320      0.2209890      0.2186600      0.2169650      0.2161600      0.2156500      0.2151400      0.2146300      0.2141300      0.2136300      0.2131300      0.2126400      0.2121500      0.2116600      0.2111800    
  0.2335650      0.2335600      0.2323550      0.2299700      0.2299600      0.2277110      0.2254820      0.2254300      0.2253940      0.2244620      0.2226300      0.2225610      0.2224930      0.2222790      0.2219590      0.2215030      0.2187810      0.2165620      0.2161600      0.2152830      0.2140400      0.2135300      0.2130300      0.2125300      0.2120300      0.2115300      0.2110400      0.2105400      0.2100600      0.2095700    
  0.2335650      0.2323620      0.2299700      0.2299650      0.2277050      0.2254560      0.2254300      0.2254120      0.2244790      0.2226300      0.2225960      0.2225610      0.2224440      0.2222430      0.2219130      0.2179980      0.2163610      0.2161600      0.2134860      0.2124450      0.2121400      0.2119400      0.2114300      0.2109300      0.2104300      0.2099300      0.2094400      0.2089500      0.2084500      0.2079600    
  0.2323660      0.2299700      0.2299680      0.2277030      0.2254430      0.2254300      0.2254210      0.2244880      0.2226300      0.2226130      0.2225960      0.2225340      0.2224160      0.2176430      0.2140560      0.2113870      0.2113850      0.2110360      0.2105880      0.2100550      0.2108500      0.2103400      0.2098400      0.2093400      0.2088400      0.2083400      0.2078400      0.2073500      0.2068600      0.2063700    
  0.2299700      0.2299690      0.2277010      0.2254360      0.2254300      0.2254250      0.2244920      0.2226300      0.2226210      0.2226130      0.2225810      0.2225150      0.2140770      0.2039210      0.2039700      0.2068230      0.2064140      0.2066100      0.2083350      0.2092630      0.2092600      0.2087600      0.2082500      0.2077500      0.2072500      0.2067500      0.2062600      0.2057600      0.2052700      0.2047700    
  0.2299690      0.2277010      0.2254330      0.2254300      0.2254280      0.2244940      0.2226300      0.2226260      0.2226210      0.2226050      0.2134540      0.1997800      0.2025000      0.2038720      0.2038720      0.2039700      0.2055230      0.2062170      0.2066100      0.2074120      0.2076800      0.2071800      0.2066700      0.2061700      0.2056700      0.2051700      0.2046700      0.2041800      0.2036800      0.2031800    
  0.2277000      0.2254320      0.2254300      0.2254290      0.2244960      0.2226300      0.2226280      0.2226260      0.2226170      0.2116480      0.1997800      0.1997800      0.1997800      0.2024280      0.2037740      0.2037740      0.2039700      0.2052940      0.2058250      0.2066100      0.2061000      0.2056000      0.2051000      0.2045900      0.2040900      0.2035900      0.2031000      0.2026000      0.2021000      0.2016000    
  0.2254310      0.2254300      0.2254290      0.2244960      0.2226300      0.2226290      0.2226280      0.2150830      0.2077430      0.1997760      0.1997800      0.1997800      0.1997800      0.1997800      0.2022850      0.2035780      0.2035770      0.2039700      0.2047730      0.2050400      0.2045300      0.2040300      0.2035200      0.2030200      0.2025200      0.2020200      0.2015200      0.2010200      0.2005200      0.2000200    
  0.2254300      0.2254300      0.2244960      0.2226300      0.2226290      0.2101290      0.1913800      0.1919200      0.1924600      0.1973280      0.1997670      0.1997800      0.1997800      0.1997800      0.1997800      0.2020070      0.2031860      0.2031850      0.2039700      0.2034700      0.2029600      0.2024600      0.2019600      0.2014500      0.2009500      0.2004500      0.1999500      0.1994500      0.1989400      0.1984400    
  0.2254300      0.2244970      0.2226300      0.2226300      0.2076270      0.1913770      0.1913770      0.1913800      0.1919200      0.1924600      0.1973060      0.1997410      0.1997800      0.1997800      0.1997800      0.1997800      0.2014850      0.2024030      0.2024000      0.2019000      0.2014000      0.2008900      0.2003900      0.1998900      0.1993900      0.1988800      0.1983800      0.1978800      0.1973700      0.1968700    
