iMOD/TUTORIALS/TUT_MetaswapAnalyser/model_MetaSWAP/meteo/Evaporation/Evaporation_20060810_L1.ASC
NCOLS                30
NROWS                30
XLLCORNER     160000.00
YLLCORNER     340000.00
CELLSIZE        1000.00
NODATA_VALUE   -9999.00
   1.756020       1.754110       1.752230       1.750400       1.748600       1.746840       1.745110       1.743410       1.741750       1.740100       1.738480       1.736890       1.735310       1.733760       1.732220       1.730690       1.729180       1.727680       1.726190       1.724710       1.723240       1.721770       1.720300       1.718830       1.717370       1.715900       1.714440       1.712960       1.711490       1.710010    
   1.758750       1.756760       1.754810       1.752900       1.751040       1.749200       1.747410       1.745640       1.743900       1.742200       1.740510       1.738850       1.737210       1.735600       1.734000       1.732410       1.730840       1.729290       1.727740       1.726210       1.724680       1.723150       1.721640       1.720120       1.718610       1.717100       1.715590       1.714070       1.712550       1.711030    
   1.761490       1.759430       1.757410       1.755430       1.753490       1.751590       1.749720       1.747890       1.746090       1.744310       1.742560       1.740840       1.739140       1.737460       1.735800       1.734160       1.732530       1.730920       1.729320       1.727730       1.726140       1.724570       1.723000       1.721440       1.719880       1.718320       1.716760       1.715200       1.713640       1.712080    
   1.764260       1.762120       1.760030       1.757980       1.755970       1.754000       1.752070       1.750160       1.748290       1.746450       1.744640       1.742850       1.741090       1.739350       1.737630       1.735930       1.734240       1.732570       1.730920       1.729270       1.727640       1.726010       1.724390       1.722780       1.721170       1.719570       1.717970       1.716360       1.714760       1.713160    
   1.767050       1.764840       1.762680       1.760550       1.758480       1.756430       1.754430       1.752460       1.750530       1.748620       1.746740       1.744890       1.743070       1.741270       1.739480       1.737720       1.735980       1.734250       1.732540       1.730840       1.729160       1.727480       1.725810       1.724150       1.722500       1.720850       1.719200       1.717550       1.715910       1.714260    
   1.769860       1.767580       1.765340       1.763150       1.761000       1.758890       1.756820       1.754780       1.752780       1.750810       1.748870       1.746960       1.745070       1.743200       1.741360       1.739550       1.737750       1.735960       1.734200       1.732440       1.730710       1.728980       1.727260       1.725550       1.723850       1.722150       1.720460       1.718770       1.717080       1.715400    
   1.772690       1.770330       1.768030       1.765770       1.763550       1.761370       1.759230       1.757130       1.755060       1.753020       1.751020       1.749040       1.747090       1.745170       1.743270       1.741390       1.739540       1.737700       1.735880       1.734070       1.732280       1.730500       1.728730       1.726970       1.725230       1.723480       1.721750       1.720010       1.718280       1.716560    
   1.775540       1.773110       1.770740       1.768410       1.766120       1.763870       1.761660       1.759500       1.757360       1.755260       1.753190       1.751150       1.749140       1.747160       1.745200       1.743270       1.741350       1.739460       1.737580       1.735720       1.733880       1.732050       1.730230       1.728430       1.726630       1.724840       1.723060       1.721280       1.719510       1.717740    
   1.778410       1.775910       1.773470       1.771070       1.768710       1.766400       1.764120       1.761890       1.759690       1.757520       1.755390       1.753290       1.751220       1.749180       1.747160       1.745160       1.743190       1.741240       1.739310       1.737400       1.735510       1.733630       1.731760       1.729900       1.728060       1.726230       1.724400       1.722580       1.720770       1.718960    
   1.781300       1.778740       1.776220       1.773750       1.771320       1.768940       1.766600       1.764300       1.762040       1.759810       1.757610       1.755450       1.753320       1.751220       1.749140       1.747090       1.745060       1.743060       1.741070       1.739110       1.737160       1.735230       1.733310       1.731410       1.729520       1.727640       1.725770       1.723910       1.722050       1.720200    
   1.781320       1.778750       1.776290       1.776450       1.773960       1.771510       1.769100       1.766740       1.764410       1.762120       1.759860       1.757640       1.755440       1.753280       1.751150       1.749040       1.746950       1.744890       1.742860       1.740840       1.738840       1.736860       1.734890       1.732940       1.731010       1.729080       1.727170       1.725260       1.723370       1.721480    
   1.781340       1.778200       1.776450       1.776580       1.776620       1.774100       1.771630       1.769200       1.766810       1.764450       1.762130       1.759840       1.757590       1.755370       1.753180       1.751010       1.748870       1.746760       1.744660       1.742590       1.740540       1.738510       1.736500       1.734500       1.732520       1.730550       1.728590       1.726640       1.724710       1.722780    
   1.779990       1.776450       1.777570       1.777960       1.779300       1.776710       1.774180       1.771680       1.769220       1.766810       1.764420       1.762080       1.759760       1.757480       1.755230       1.753010       1.750810       1.748650       1.746500       1.744380       1.742280       1.740200       1.738130       1.736090       1.734060       1.732050       1.730040       1.728050       1.726070       1.724100    
   1.776450       1.777990       1.778630       1.779300       1.778450       1.779350       1.776750       1.774190       1.771670       1.769190       1.766740       1.764340       1.761960       1.759620       1.757310       1.755030       1.752780       1.750560       1.748360       1.746190       1.744040       1.741910       1.739790       1.737700       1.735630       1.733570       1.731520       1.729490       1.727470       1.725460    
   1.778180       1.778960       1.779300       1.779030       1.779350       1.778480       1.779340       1.776710       1.774130       1.771590       1.769080       1.766620       1.764180       1.761790       1.759420       1.757080       1.754780       1.752500       1.750250       1.748020       1.745820       1.743640       1.741480       1.739340       1.737220       1.735120       1.733030       1.730950       1.728890       1.726840    
   1.779130       1.779300       1.779230       1.779350       1.779060       1.779340       1.778030       1.776730       1.774110       1.774010       1.771450       1.768920       1.766430       1.763970       1.761550       1.759160       1.756800       1.754470       1.752160       1.749880       1.747630       1.745400       1.743200       1.741010       1.738840       1.736690       1.734560       1.732450       1.730340       1.728250    
   1.779300       1.779290       1.779350       1.779250       1.779340       1.778680       1.778030       1.775720       1.774010       1.772730       1.771850       1.771250       1.768700       1.766180       1.763700       1.761260       1.758840       1.756460       1.754100       1.751770       1.749470       1.747190       1.744940       1.742700       1.740490       1.738300       1.736120       1.733970       1.731820       1.729690    
   1.779310       1.779350       1.779310       1.779340       1.779010       1.778680       1.776610       1.774010       1.773370       1.772920       1.772420       1.773600       1.770990       1.768420       1.765880       1.763380       1.760910       1.758470       1.756060       1.753680       1.751330       1.749000       1.746700       1.744420       1.742170       1.739930       1.737710       1.735510       1.733330       1.731160    
   1.779350       1.779330       1.779340       1.779180       1.779010       1.777080       1.774010       1.773690       1.773380       1.773010       1.773600       1.772290       1.770920       1.770680       1.768090       1.765530       1.763010       1.760510       1.758050       1.755620       1.753220       1.750840       1.748500       1.746170       1.743870       1.741590       1.739330       1.737090       1.734860       1.732660    
   1.779340       1.779340       1.779260       1.779180       1.777320       1.774010       1.773850       1.773600       1.773310       1.773600       1.772950       1.771870       1.770680       1.769380       1.768100       1.765540       1.763020       1.760520       1.758270       1.757590       1.755140       1.752710       1.750320       1.747940       1.745600       1.743270       1.740970       1.738690       1.736430       1.734180    
   1.779340       1.779300       1.779260       1.777440       1.774010       1.773930       1.773700       1.773450       1.773600       1.773270       1.772280       1.770680       1.770030       1.769390       1.767680       1.765550       1.763030       1.759990       1.758580       1.759580       1.757080       1.754600       1.752160       1.749740       1.747350       1.744990       1.742640       1.740320       1.738020       1.735730    
   1.779320       1.779300       1.777500       1.774010       1.773970       1.773750       1.773530       1.773600       1.773440       1.772460       1.770680       1.770360       1.770030       1.769030       1.767540       1.765420       1.761450       1.759080       1.759580       1.758570       1.759040       1.756520       1.754030       1.751570       1.749140       1.746730       1.744340       1.741980       1.739640       1.737310    
   1.779320       1.777530       1.774010       1.773990       1.773780       1.773560       1.773600       1.773520       1.772540       1.770680       1.770520       1.770360       1.769810       1.768870       1.767330       1.763910       1.759330       1.759580       1.760820       1.761050       1.759510       1.758470       1.755930       1.753430       1.750950       1.748500       1.746070       1.743660       1.741280       1.738920    
   1.777550       1.774010       1.774000       1.773790       1.773580       1.773600       1.773560       1.772590       1.770680       1.770600       1.770520       1.770230       1.769680       1.771340       1.769730       1.765830       1.765820       1.764660       1.763410       1.764080       1.763060       1.760440       1.757860       1.755310       1.752790       1.750290       1.747820       1.745380       1.742960       1.740560    
   1.774010       1.774000       1.773800       1.773590       1.773600       1.773580       1.772610       1.770680       1.770640       1.770600       1.770450       1.770140       1.774040       1.779430       1.779360       1.773070       1.772330       1.772060       1.767410       1.765110       1.765100       1.762440       1.759810       1.757220       1.754650       1.752110       1.749600       1.747120       1.744660       1.742220    
   1.774010       1.773800       1.773600       1.773600       1.773590       1.772620       1.770680       1.770660       1.770640       1.770560       1.777990       1.789370       1.782800       1.779500       1.779500       1.779360       1.774760       1.772600       1.772060       1.768400       1.767170       1.764470       1.761790       1.759150       1.756540       1.753960       1.751410       1.748890       1.746390       1.743920    
   1.773800       1.773600       1.773600       1.773590       1.772620       1.770680       1.770670       1.770660       1.770620       1.779590       1.789370       1.789370       1.789370       1.782910       1.779640       1.779640       1.779360       1.775020       1.773140       1.772060       1.769270       1.766520       1.763800       1.761110       1.758460       1.755840       1.753250       1.750690       1.748150       1.745640    
   1.773600       1.773600       1.773600       1.772620       1.770680       1.770670       1.770670       1.779250       1.784990       1.789380       1.789370       1.789370       1.789370       1.789370       1.783110       1.779930       1.779930       1.779360       1.775520       1.774230       1.771400       1.768600       1.765830       1.763100       1.760410       1.757750       1.755120       1.752520       1.749940       1.747400    
   1.773600       1.773600       1.772630       1.770680       1.770680       1.786870       1.811150       1.808100       1.805060       1.794620       1.789390       1.789370       1.789370       1.789370       1.789370       1.783500       1.780500       1.780500       1.779360       1.776430       1.773550       1.770700       1.767890       1.765120       1.762390       1.759680       1.757010       1.754370       1.751760       1.749180    
   1.773600       1.772630       1.770680       1.770680       1.790110       1.811160       1.811160       1.811150       1.808100       1.805060       1.794650       1.789430       1.789370       1.789370       1.789370       1.789370       1.784200       1.781640       1.781630       1.778660       1.775720       1.772830       1.769980       1.767170       1.764390       1.761650       1.758940       1.756260       1.753610       1.750990    
