iMOD/TUTORIALS/TUT_MetaswapAnalyser/model_MetaSWAP/meteo/Evaporation/Evaporation_20060901_L1.ASC
NCOLS                30
NROWS                30
XLLCORNER     160000.00
YLLCORNER     340000.00
CELLSIZE        1000.00
NODATA_VALUE   -9999.00
   1.796240       1.799830       1.803430       1.807070       1.810720       1.814390       1.818090       1.821790       1.825520       1.829260       1.833010       1.836780       1.840550       1.844330       1.848120       1.851920       1.855730       1.859530       1.863340       1.867150       1.870960       1.874770       1.878580       1.882390       1.886180       1.889980       1.893760       1.897540       1.901310       1.905070    
   1.804320       1.807950       1.811610       1.815290       1.818990       1.822710       1.826450       1.830200       1.833970       1.837740       1.841530       1.845330       1.849130       1.852950       1.856760       1.860590       1.864410       1.868230       1.872060       1.875880       1.879700       1.883520       1.887330       1.891130       1.894930       1.898710       1.902490       1.906260       1.910010       1.913760    
   1.812470       1.816150       1.819860       1.823590       1.827340       1.831100       1.834880       1.838680       1.842480       1.846290       1.850120       1.853950       1.857790       1.861630       1.865470       1.869310       1.873160       1.877000       1.880840       1.884670       1.888500       1.892320       1.896130       1.899940       1.903730       1.907510       1.911280       1.915040       1.918780       1.922500    
   1.820690       1.824420       1.828180       1.831960       1.835750       1.839560       1.843380       1.847210       1.851060       1.854910       1.858770       1.862630       1.866500       1.870370       1.874230       1.878100       1.881960       1.885820       1.889670       1.893520       1.897360       1.901180       1.905000       1.908800       1.912590       1.916370       1.920120       1.923870       1.927600       1.931300    
   1.828970       1.832760       1.836560       1.840380       1.844220       1.848080       1.851940       1.855820       1.859700       1.863590       1.867480       1.871380       1.875270       1.879170       1.883060       1.886950       1.890830       1.894700       1.898570       1.902430       1.906270       1.910100       1.913920       1.917720       1.921500       1.925270       1.929020       1.932750       1.936470       1.940160    
   1.837310       1.841150       1.845000       1.848870       1.852760       1.856650       1.860560       1.864480       1.868400       1.872320       1.876250       1.880170       1.884100       1.888020       1.891940       1.895850       1.899750       1.903640       1.907520       1.911380       1.915240       1.919070       1.922890       1.926690       1.930470       1.934230       1.937970       1.941690       1.945380       1.949060    
   1.845710       1.849600       1.853500       1.857420       1.861350       1.865290       1.869230       1.873190       1.877150       1.881110       1.885070       1.889030       1.892980       1.896930       1.900870       1.904800       1.908720       1.912630       1.916520       1.920390       1.924250       1.928090       1.931910       1.935710       1.939480       1.943240       1.946970       1.950670       1.954350       1.958000    
   1.854170       1.858100       1.862050       1.866010       1.869990       1.873970       1.877960       1.881950       1.885950       1.889950       1.893940       1.897930       1.901910       1.905890       1.909850       1.913800       1.917740       1.921660       1.925570       1.929450       1.933310       1.937160       1.940980       1.944770       1.948540       1.952290       1.956000       1.959700       1.963360       1.966990    
   1.862670       1.866650       1.870650       1.874660       1.878680       1.882700       1.886730       1.890770       1.894800       1.898830       1.902860       1.906880       1.910890       1.914890       1.918880       1.922850       1.926810       1.930740       1.934660       1.938550       1.942420       1.946270       1.950090       1.953880       1.957640       1.961380       1.965080       1.968760       1.972410       1.976020    
   1.871220       1.875250       1.879300       1.883350       1.887410       1.891480       1.895550       1.899620       1.903700       1.907760       1.911820       1.915870       1.919910       1.923940       1.927950       1.931940       1.935910       1.939860       1.943790       1.947690       1.951570       1.955420       1.959240       1.963030       1.966780       1.970510       1.974200       1.977860       1.981490       1.985090    
   1.871230       1.875260       1.882490       1.892080       1.896190       1.900300       1.904410       1.908520       1.912630       1.916730       1.920820       1.924910       1.928970       1.933030       1.937060       1.941070       1.945060       1.949030       1.952960       1.956880       1.960760       1.964610       1.968420       1.972210       1.975960       1.979680       1.983360       1.987000       1.990610       1.994190    
   1.871230       1.880260       1.892080       1.901780       1.905000       1.909150       1.913310       1.917460       1.921600       1.925740       1.929860       1.933980       1.938070       1.942150       1.946200       1.950240       1.954240       1.958220       1.962170       1.966090       1.969980       1.973830       1.977650       1.981430       1.985170       1.988880       1.992540       1.996170       1.999760       2.003320    
   1.877700       1.892080       1.904280       1.909430       1.913850       1.918040       1.922240       1.926420       1.930610       1.934780       1.938940       1.943080       1.947200       1.951300       1.955380       1.959440       1.963460       1.967450       1.971410       1.975340       1.979230       1.983080       1.986900       1.990670       1.994410       1.998100       2.001760       2.005370       2.008940       2.012470    
   1.892080       1.905460       1.911640       1.913850       1.919620       1.926960       1.931190       1.935420       1.939640       1.943850       1.948040       1.952210       1.956360       1.960490       1.964590       1.968660       1.972700       1.976710       1.980680       1.984620       1.988510       1.992370       1.996180       1.999950       2.003680       2.007360       2.011000       2.014590       2.018140       2.021650    
   1.906030       1.912740       1.913850       1.920140       1.926960       1.932780       1.940180       1.944450       1.948700       1.952940       1.957170       1.961370       1.965550       1.969700       1.973820       1.977920       1.981970       1.986000       1.989980       1.993920       1.997820       2.001670       2.005480       2.009250       2.012970       2.016640       2.020260       2.023840       2.027370       2.030850    
   1.913300       1.913850       1.920320       1.926960       1.933310       1.940180       1.942310       1.944440       1.952040       1.962060       1.966320       1.970550       1.974760       1.978930       1.983080       1.987190       1.991270       1.995300       1.999300       2.003240       2.007150       2.011000       2.014810       2.018570       2.022280       2.025940       2.029550       2.033100       2.036610       2.040070    
   1.913850       1.920380       1.926960       1.933480       1.940180       1.941250       1.942310       1.950210       1.962060       1.964190       1.973530       1.979750       1.983980       1.988190       1.992360       1.996490       2.000580       2.004630       2.008630       2.012590       2.016490       2.020350       2.024160       2.027910       2.031610       2.035250       2.038850       2.042380       2.045870       2.049300    
   1.920400       1.926960       1.933540       1.940180       1.940710       1.941250       1.948960       1.962060       1.963120       1.974620       1.984350       1.988960       1.993230       1.997460       2.001650       2.005800       2.009910       2.013970       2.017980       2.021950       2.025860       2.029710       2.033520       2.037260       2.040950       2.044580       2.048160       2.051680       2.055140       2.058550    
   1.926960       1.933560       1.940180       1.940450       1.940710       1.948240       1.962060       1.962590       1.975080       1.986660       1.988960       1.991100       1.996600       2.006730       2.010950       2.015120       2.019250       2.023320       2.027350       2.031320       2.035230       2.039090       2.042890       2.046620       2.050300       2.053920       2.057480       2.060980       2.064410       2.067790    
   1.933570       1.940180       1.940310       1.940450       1.947870       1.962060       1.962330       1.975300       1.987810       1.988960       1.990030       1.995850       2.006730       2.008840       2.010930       2.015110       2.019230       2.023310       2.034550       2.040700       2.044610       2.048470       2.052260       2.056000       2.059660       2.063270       2.066800       2.070280       2.073700       2.077050    
   1.940180       1.940250       1.940310       1.947670       1.962060       1.962190       1.975410       1.988380       1.988960       1.989490       1.995390       2.006730       2.007790       2.008830       2.011630       2.015090       2.019210       2.034510       2.045390       2.050080       2.054000       2.057860       2.061650       2.065370       2.069030       2.072610       2.076130       2.079590       2.082980       2.086300    
   1.940210       1.940250       1.947570       1.962060       1.962130       1.975460       1.988670       1.988960       1.989230       1.995140       2.006730       2.007260       2.007780       2.009420       2.011850       2.015310       2.033330       2.047740       2.050080       2.055820       2.063390       2.067250       2.071030       2.074750       2.078390       2.081960       2.085460       2.088890       2.092260       2.095550    
   1.940210       1.947520       1.962060       1.962090       1.975480       1.988820       1.988960       1.989090       1.995020       2.006730       2.006990       2.007260       2.008150       2.009680       2.012190       2.037510       2.048910       2.050080       2.066380       2.072770       2.075090       2.076630       2.080410       2.084120       2.087750       2.091300       2.094780       2.098190       2.101530       2.104790    
   1.947500       1.962060       1.962080       1.975500       1.988890       1.988960       1.989030       1.994950       2.006730       2.006860       2.006990       2.007470       2.008360       2.037710       2.060510       2.078170       2.078180       2.080630       2.083710       2.086840       2.082160       2.086010       2.089780       2.093480       2.097100       2.100640       2.104100       2.107480       2.110790       2.114020    
   1.962060       1.962070       1.975500       1.988920       1.988960       1.988990       1.994920       2.006730       2.006800       2.006860       2.007110       2.007610       2.059210       2.121110       2.120820       2.104700       2.107430       2.106270       2.096710       2.091520       2.091520       2.095380       2.099150       2.102830       2.106440       2.109960       2.113400       2.116750       2.120030       2.123240    
   1.962060       1.975510       1.988940       1.988960       1.988980       1.994900       2.006730       2.006760       2.006800       2.006920       2.062010       2.144240       2.129060       2.121400       2.121400       2.120820       2.112350       2.108600       2.106270       2.102220       2.100880       2.104730       2.108490       2.112170       2.115760       2.119260       2.122680       2.126010       2.129260       2.132430    
   1.975510       1.988950       1.988960       1.988970       1.994890       2.006730       2.006750       2.006760       2.006830       2.072840       2.144240       2.144240       2.144240       2.129480       2.121970       2.121970       2.120820       2.113730       2.110930       2.106270       2.110210       2.114060       2.117820       2.121490       2.125060       2.128550       2.131940       2.135240       2.138460       2.141600    
   1.988960       1.988960       1.988960       1.994890       2.006730       2.006740       2.006750       2.051260       2.095530       2.144260       2.144240       2.144240       2.144240       2.144240       2.130330       2.123130       2.123130       2.120820       2.116890       2.115580       2.119530       2.123380       2.127130       2.130780       2.134340       2.137810       2.141170       2.144450       2.147640       2.150740    
   1.988960       1.988960       1.994890       2.006730       2.006730       2.079590       2.188860       2.186780       2.184690       2.157790       2.144310       2.144240       2.144240       2.144240       2.144240       2.131970       2.125440       2.125440       2.120820       2.124870       2.128810       2.132660       2.136410       2.140050       2.143590       2.147030       2.150380       2.153620       2.156780       2.159840    
   1.988960       1.994880       2.006730       2.006730       2.094170       2.188880       2.188880       2.188860       2.186780       2.184690       2.157920       2.144460       2.144240       2.144240       2.144240       2.144240       2.135060       2.130050       2.130060       2.134110       2.138070       2.141910       2.145650       2.149280       2.152810       2.156230       2.159550       2.162760       2.165880       2.168910    
