iMOD/TUTORIALS/TUT_MetaswapAnalyser/model_MetaSWAP/meteo/Evaporation/Evaporation_20060614_L1.ASC
NCOLS                30
NROWS                30
XLLCORNER     160000.00
YLLCORNER     340000.00
CELLSIZE        1000.00
NODATA_VALUE   -9999.00
   2.287820       2.304970       2.322230       2.339580       2.357020       2.374530       2.392110       2.409760       2.427460       2.445210       2.463000       2.480820       2.498670       2.516540       2.534420       2.552310       2.570210       2.588100       2.605980       2.623840       2.641690       2.659520       2.677310       2.695070       2.712800       2.730480       2.748120       2.765710       2.783250       2.800740    
   2.304990       2.322190       2.339480       2.356870       2.374340       2.391880       2.409490       2.427150       2.444870       2.462640       2.480440       2.498270       2.516130       2.534000       2.551880       2.569770       2.587660       2.605540       2.623410       2.641260       2.659080       2.676880       2.694650       2.712380       2.730080       2.747720       2.765320       2.782870       2.800370       2.817800    
   2.322300       2.339540       2.356880       2.374300       2.391800       2.409370       2.427010       2.444700       2.462440       2.480220       2.498030       2.515870       2.533730       2.551610       2.569490       2.587380       2.605260       2.623120       2.640980       2.658810       2.676620       2.694390       2.712130       2.729830       2.747490       2.765100       2.782660       2.800170       2.817620       2.835000    
   2.339740       2.357030       2.374410       2.391870       2.409410       2.427010       2.444670       2.462380       2.480140       2.497930       2.515760       2.533610       2.551480       2.569360       2.587240       2.605120       2.622990       2.640850       2.658690       2.676500       2.694290       2.712040       2.729750       2.747420       2.765040       2.782610       2.800130       2.817590       2.834990       2.852330    
   2.357310       2.374650       2.392070       2.409570       2.427140       2.444770       2.462460       2.480190       2.497970       2.515780       2.533620       2.551480       2.569360       2.587240       2.605120       2.622990       2.640860       2.658700       2.676530       2.694320       2.712090       2.729810       2.747490       2.765130       2.782720       2.800250       2.817730       2.835140       2.852490       2.869780    
   2.375000       2.392390       2.409850       2.427390       2.444990       2.462650       2.480370       2.498130       2.515930       2.533760       2.551610       2.569480       2.587360       2.605240       2.623120       2.640990       2.658850       2.676680       2.694490       2.712270       2.730010       2.747710       2.765360       2.782960       2.800510       2.818010       2.835440       2.852810       2.870110       2.887340    
   2.392800       2.410240       2.427740       2.445320       2.462960       2.480650       2.498400       2.516180       2.534000       2.551850       2.569710       2.587590       2.605480       2.623370       2.641250       2.659110       2.676960       2.694780       2.712580       2.730340       2.748050       2.765720       2.783350       2.800910       2.818430       2.835880       2.853260       2.870580       2.887840       2.905020    
   2.410710       2.428190       2.445740       2.463360       2.481030       2.498760       2.516530       2.534340       2.552180       2.570050       2.587930       2.605820       2.623710       2.641600       2.659480       2.677350       2.695190       2.713000       2.730770       2.748510       2.766200       2.783850       2.801440       2.818970       2.836450       2.853860       2.871200       2.888470       2.905670       2.922790    
   2.428710       2.446230       2.463830       2.481490       2.499200       2.516960       2.534770       2.552600       2.570470       2.588350       2.606250       2.624150       2.642050       2.659940       2.677820       2.695680       2.713510       2.731310       2.749080       2.766790       2.784460       2.802080       2.819640       2.837140       2.854570       2.871940       2.889230       2.906450       2.923600       2.940670    
   2.446790       2.464370       2.482010       2.499710       2.517470       2.535260       2.553090       2.570960       2.588850       2.606750       2.624660       2.642580       2.660490       2.678380       2.696260       2.714120       2.731940       2.749730       2.767480       2.785180       2.802820       2.820410       2.837940       2.855400       2.872790       2.890120       2.907360       2.924530       2.941630       2.958640    
   2.446810       2.464390       2.491030       2.518020       2.535810       2.553640       2.571510       2.589400       2.607310       2.625240       2.643170       2.661090       2.679010       2.696920       2.714800       2.732650       2.750470       2.768240       2.785970       2.803650       2.821270       2.838830       2.856330       2.873750       2.891110       2.908380       2.925580       2.942700       2.959740       2.976690    
   2.446840       2.480060       2.518020       2.545200       2.554240       2.572100       2.590000       2.607920       2.625860       2.643810       2.661750       2.679690       2.697620       2.715530       2.733410       2.751260       2.769070       2.786840       2.804550       2.822210       2.839810       2.857340       2.874800       2.892190       2.909500       2.926740       2.943890       2.960960       2.977940       2.994830    
   2.468560       2.518020       2.549860       2.563490       2.572730       2.590640       2.608570       2.626520       2.644480       2.662450       2.680420       2.698370       2.716310       2.734230       2.752110       2.769960       2.787760       2.805510       2.823210       2.840850       2.858430       2.875930       2.893360       2.910710       2.927980       2.945170       2.962270       2.979280       2.996210       3.013040    
   2.518020       2.552180       2.568110       2.572730       2.590870       2.609230       2.627200       2.645180       2.663170       2.681160       2.699150       2.717120       2.735070       2.752990       2.770880       2.788720       2.806520       2.824260       2.841950       2.859570       2.877120       2.894590       2.911990       2.929300       2.946530       2.963670       2.980720       2.997680       3.014550       3.031320    
   2.553340       2.570420       2.572730       2.590940       2.609230       2.627440       2.645880       2.663900       2.681920       2.699930       2.717940       2.735930       2.753890       2.771820       2.789710       2.807560       2.825350       2.843080       2.860750       2.878350       2.895880       2.913320       2.930680       2.947960       2.965150       2.982240       2.999240       3.016150       3.032950       3.049660    
   2.571570       2.572730       2.590970       2.609230       2.627520       2.645880       2.654890       2.663900       2.691130       2.718760       2.736780       2.754790       2.772770       2.790700       2.808600       2.826450       2.844230       2.861960       2.879610       2.897200       2.914700       2.932110       2.949440       2.966680       2.983820       3.000870       3.017820       3.034670       3.051420       3.068060    
   2.572730       2.590980       2.609230       2.627540       2.645880       2.650380       2.654890       2.682170       2.718760       2.727770       2.755340       2.773700       2.791690       2.809640       2.827540       2.845390       2.863170       2.880890       2.898530       2.916090       2.933570       2.950960       2.968260       2.985460       3.002560       3.019550       3.036450       3.053240       3.069930       3.086510    
   2.590980       2.609230       2.627550       2.645880       2.648130       2.650380       2.676550       2.718760       2.723260       2.755540       2.783170       2.792650       2.810660       2.828620       2.846530       2.864380       2.882160       2.899870       2.917500       2.935040       2.952490       2.969850       2.987120       3.004280       3.021330       3.038280       3.055130       3.071860       3.088490       3.105000    
   2.609230       2.627550       2.645880       2.647010       2.648130       2.673460       2.718760       2.721010       2.755630       2.787910       2.792650       2.801650       2.819890       2.847640       2.865550       2.883400       2.901180       2.918890       2.936500       2.954030       2.971460       2.988790       3.006020       3.023140       3.040150       3.057060       3.073840       3.090520       3.107080       3.123530    
   2.627550       2.645880       2.646440       2.647010       2.671840       2.718760       2.719890       2.755670       2.790280       2.792650       2.797150       2.815460       2.847640       2.856600       2.865530       2.883380       2.901160       2.918860       2.954910       2.973050       2.990460       3.007760       3.024960       3.042040       3.059010       3.075860       3.092590       3.109210       3.125710       3.142090    
   2.645880       2.646160       2.646440       2.671010       2.718760       2.719320       2.755690       2.791470       2.792650       2.794900       2.813230       2.847640       2.852120       2.856590       2.868500       2.883350       2.901130       2.949920       2.982570       2.992100       3.009490       3.026760       3.043920       3.060970       3.077890       3.094690       3.111370       3.127930       3.144360       3.160670    
   2.646020       2.646160       2.670590       2.718760       2.719040       2.755700       2.792060       2.792650       2.793780       2.812100       2.847640       2.849880       2.852120       2.859070       2.869480       2.884330       2.942770       2.987340       2.992100       3.010040       3.028540       3.045780       3.062910       3.079910       3.096790       3.113540       3.130170       3.146660       3.163030       3.179270    
   2.646020       2.670380       2.718760       2.718900       2.755700       2.792350       2.792650       2.793210       2.811540       2.847640       2.848760       2.849880       2.853690       2.860220       2.870960       2.947130       2.989720       2.992100       3.031490       3.047610       3.057930       3.064820       3.081910       3.098880       3.115710       3.132410       3.148970       3.165410       3.181710       3.197880    
   2.670280       2.718760       2.718830       2.755700       2.792500       2.792650       2.792930       2.811260       2.847640       2.848200       2.848760       2.850780       2.854600       2.928030       2.992550       3.049340       3.049350       3.058690       3.069850       3.076210       3.066670       3.083860       3.100920       3.117850       3.134630       3.151280       3.167790       3.184160       3.200390       3.216490    
   2.718760       2.718800       2.755700       2.792580       2.792650       2.792790       2.811120       2.847640       2.847920       2.848200       2.849240       2.851380       2.977940       3.127850       3.127260       3.100410       3.108970       3.106590       3.093450       3.085740       3.085740       3.102910       3.119930       3.136820       3.153560       3.170150       3.186600       3.202910       3.219070       3.235100    
   2.718780       2.755700       2.792610       2.792650       2.792720       2.811050       2.847640       2.847780       2.847920       2.848450       2.976360       3.166490       3.141220       3.128450       3.128450       3.127260       3.116050       3.111350       3.106590       3.105250       3.104810       3.121950       3.138940       3.155780       3.172470       3.189010       3.205400       3.221640       3.237740       3.253690    
   2.755700       2.792630       2.792650       2.792690       2.811020       2.847640       2.847710       2.847780       2.848050       3.001140       3.166490       3.166490       3.166490       3.142100       3.129630       3.129630       3.127260       3.119000       3.116110       3.106590       3.123850       3.140970       3.157930       3.174730       3.191370       3.207860       3.224190       3.240360       3.256380       3.272260    
   2.792640       2.792650       2.792670       2.811000       2.847640       2.847680       2.847710       2.946320       3.049490       3.166540       3.166490       3.166490       3.166490       3.166490       3.143840       3.132000       3.132000       3.127260       3.126030       3.125630       3.142880       3.159970       3.176890       3.193660       3.210250       3.226680       3.242950       3.259060       3.275000       3.290800    
   2.792650       2.792660       2.810990       2.847640       2.847660       3.005400       3.241960       3.241850       3.241740       3.191710       3.166640       3.166490       3.166490       3.166490       3.166490       3.147240       3.136740       3.136750       3.127260       3.144650       3.161880       3.178940       3.195830       3.212550       3.229100       3.245470       3.261680       3.277710       3.293590       3.309300    
   2.792650       2.810980       2.847640       2.847650       3.036950       3.242000       3.242000       3.241960       3.241850       3.241740       3.191980       3.166950       3.166490       3.166490       3.166490       3.166490       3.153740       3.146220       3.146240       3.163620       3.180830       3.197870       3.214730       3.231410       3.247910       3.264220       3.280360       3.296330       3.312130       3.327760    
