iMOD/TUTORIALS/TUT_MetaswapAnalyser/model_MetaSWAP/meteo/Evaporation/Evaporation_20051231_L1.ASC
NCOLS                30
NROWS                30
XLLCORNER     160000.00
YLLCORNER     340000.00
CELLSIZE        1000.00
NODATA_VALUE   -9999.00
  0.1293700      0.1290500      0.1287200      0.1283900      0.1280500      0.1277000      0.1273500      0.1269900      0.1266300      0.1262600      0.1258900      0.1255200      0.1251400      0.1247600      0.1243800      0.1240000      0.1236100      0.1232200      0.1228300      0.1224400      0.1220500      0.1216600      0.1212700      0.1208700      0.1204800      0.1200900      0.1196900      0.1193000      0.1189100      0.1185100    
  0.1298200      0.1295000      0.1291700      0.1288400      0.1285000      0.1281600      0.1278100      0.1274500      0.1270900      0.1267300      0.1263600      0.1259900      0.1256200      0.1252400      0.1248600      0.1244800      0.1240900      0.1237100      0.1233200      0.1229300      0.1225400      0.1221500      0.1217600      0.1213700      0.1209700      0.1205800      0.1201900      0.1197900      0.1194000      0.1190100    
  0.1302600      0.1299400      0.1296200      0.1292900      0.1289500      0.1286100      0.1282700      0.1279100      0.1275600      0.1272000      0.1268300      0.1264600      0.1260900      0.1257200      0.1253400      0.1249600      0.1245800      0.1241900      0.1238100      0.1234200      0.1230300      0.1226400      0.1222500      0.1218600      0.1214600      0.1210700      0.1206800      0.1202800      0.1198900      0.1195000    
  0.1307100      0.1303900      0.1300700      0.1297400      0.1294100      0.1290700      0.1287300      0.1283800      0.1280200      0.1276600      0.1273000      0.1269400      0.1265700      0.1261900      0.1258200      0.1254400      0.1250600      0.1246800      0.1242900      0.1239100      0.1235200      0.1231300      0.1227400      0.1223500      0.1219500      0.1215600      0.1211700      0.1207700      0.1203800      0.1199800    
  0.1311500      0.1308400      0.1305200      0.1301900      0.1298600      0.1295300      0.1291800      0.1288400      0.1284900      0.1281300      0.1277700      0.1274100      0.1270400      0.1266700      0.1263000      0.1259200      0.1255400      0.1251600      0.1247800      0.1243900      0.1240100      0.1236200      0.1232300      0.1228400      0.1224400      0.1220500      0.1216600      0.1212600      0.1208700      0.1204700    
  0.1315900      0.1312800      0.1309700      0.1306400      0.1303100      0.1299800      0.1296400      0.1293000      0.1289500      0.1286000      0.1282400      0.1278800      0.1275100      0.1271400      0.1267700      0.1264000      0.1260200      0.1256400      0.1252600      0.1248800      0.1244900      0.1241000      0.1237100      0.1233200      0.1229300      0.1225400      0.1221500      0.1217500      0.1213600      0.1209600    
  0.1320400      0.1317300      0.1314100      0.1310900      0.1307700      0.1304400      0.1301000      0.1297600      0.1294100      0.1290600      0.1287100      0.1283500      0.1279800      0.1276200      0.1272500      0.1268800      0.1265000      0.1261200      0.1257400      0.1253600      0.1249800      0.1245900      0.1242000      0.1238100      0.1234200      0.1230300      0.1226300      0.1222400      0.1218400      0.1214500    
  0.1324800      0.1321800      0.1318600      0.1315400      0.1312200      0.1308900      0.1305600      0.1302200      0.1298700      0.1295200      0.1291700      0.1288200      0.1284600      0.1280900      0.1277200      0.1273500      0.1269800      0.1266000      0.1262200      0.1258400      0.1254600      0.1250700      0.1246900      0.1243000      0.1239100      0.1235100      0.1231200      0.1227300      0.1223300      0.1219300    
  0.1329300      0.1326200      0.1323100      0.1319900      0.1316700      0.1313400      0.1310100      0.1306800      0.1303300      0.1299900      0.1296400      0.1292800      0.1289200      0.1285600      0.1282000      0.1278300      0.1274600      0.1270800      0.1267100      0.1263300      0.1259400      0.1255600      0.1251700      0.1247800      0.1243900      0.1240000      0.1236100      0.1232100      0.1228200      0.1224200    
  0.1333700      0.1330700      0.1327600      0.1324400      0.1321200      0.1318000      0.1314700      0.1311300      0.1307900      0.1304500      0.1301000      0.1297500      0.1293900      0.1290300      0.1286700      0.1283000      0.1279300      0.1275600      0.1271800      0.1268100      0.1264200      0.1260400      0.1256500      0.1252700      0.1248800      0.1244800      0.1240900      0.1237000      0.1233000      0.1229000    
  0.1333700      0.1330670      0.1327900      0.1328900      0.1325700      0.1322500      0.1319200      0.1315900      0.1312500      0.1309100      0.1305700      0.1302200      0.1298600      0.1295000      0.1291400      0.1287800      0.1284100      0.1280400      0.1276600      0.1272900      0.1269000      0.1265200      0.1261400      0.1257500      0.1253600      0.1249700      0.1245800      0.1241800      0.1237800      0.1233900    
  0.1333690      0.1330290      0.1328900      0.1329930      0.1330300      0.1327000      0.1323800      0.1320500      0.1317100      0.1313700      0.1310300      0.1306800      0.1303300      0.1299700      0.1296100      0.1292500      0.1288800      0.1285100      0.1281400      0.1277600      0.1273800      0.1270000      0.1266200      0.1262300      0.1258400      0.1254500      0.1250600      0.1246600      0.1242700      0.1238700    
  0.1332390      0.1328900      0.1331540      0.1332550      0.1334800      0.1331600      0.1328300      0.1325000      0.1321700      0.1318300      0.1314900      0.1311500      0.1308000      0.1304400      0.1300800      0.1297200      0.1293600      0.1289900      0.1286200      0.1282400      0.1278600      0.1274800      0.1271000      0.1267100      0.1263200      0.1259300      0.1255400      0.1251400      0.1247500      0.1243500    
  0.1328900      0.1332230      0.1333680      0.1334800      0.1334170      0.1336100      0.1332900      0.1329600      0.1326300      0.1322900      0.1319500      0.1316100      0.1312600      0.1309100      0.1305500      0.1301900      0.1298300      0.1294600      0.1290900      0.1287200      0.1283400      0.1279600      0.1275800      0.1271900      0.1268000      0.1264100      0.1260200      0.1256200      0.1252300      0.1248300    
  0.1332540      0.1334240      0.1334800      0.1335020      0.1336100      0.1335470      0.1337400      0.1334100      0.1330800      0.1327500      0.1324100      0.1320700      0.1317200      0.1313700      0.1310200      0.1306600      0.1303000      0.1299300      0.1295600      0.1291900      0.1288100      0.1284400      0.1280500      0.1276700      0.1272800      0.1268900      0.1265000      0.1261000      0.1257000      0.1253000    
  0.1334520      0.1334800      0.1335310      0.1336100      0.1336320      0.1337400      0.1335750      0.1334100      0.1331130      0.1332100      0.1328700      0.1325300      0.1321900      0.1318400      0.1314900      0.1311300      0.1307700      0.1304000      0.1300400      0.1296600      0.1292900      0.1289100      0.1285300      0.1281400      0.1277600      0.1273700      0.1269700      0.1265800      0.1261800      0.1257800    
  0.1334800      0.1335400      0.1336100      0.1336610      0.1337400      0.1336570      0.1335750      0.1333270      0.1332100      0.1330400      0.1330100      0.1329900      0.1326500      0.1323000      0.1319500      0.1316000      0.1312400      0.1308700      0.1305100      0.1301400      0.1297600      0.1293800      0.1290000      0.1286200      0.1282300      0.1278400      0.1274500      0.1270500      0.1266500      0.1262500    
  0.1335430      0.1336100      0.1336700      0.1337400      0.1336990      0.1336570      0.1334420      0.1332100      0.1331250      0.1331860      0.1332200      0.1334500      0.1331100      0.1327600      0.1324100      0.1320600      0.1317000      0.1313400      0.1309800      0.1306100      0.1302300      0.1298600      0.1294700      0.1290900      0.1287000      0.1283100      0.1279200      0.1275300      0.1271300      0.1267300    
  0.1336100      0.1336730      0.1337400      0.1337190      0.1336990      0.1335020      0.1332100      0.1331680      0.1332610      0.1333350      0.1334500      0.1332800      0.1331350      0.1332200      0.1328800      0.1325200      0.1321700      0.1318100      0.1314400      0.1310700      0.1307000      0.1303300      0.1299500      0.1295600      0.1291800      0.1287900      0.1283900      0.1280000      0.1276000      0.1272000    
  0.1336740      0.1337400      0.1337300      0.1337190      0.1335330      0.1332100      0.1331890      0.1332960      0.1333920      0.1334500      0.1333650      0.1332710      0.1332200      0.1330500      0.1328730      0.1325230      0.1321670      0.1318070      0.1315740      0.1315400      0.1311700      0.1307900      0.1304200      0.1300300      0.1296500      0.1292600      0.1288600      0.1284700      0.1280700      0.1276700    
  0.1337400      0.1337350      0.1337300      0.1335480      0.1332100      0.1331990      0.1333130      0.1334210      0.1334500      0.1334080      0.1333270      0.1332200      0.1331350      0.1330480      0.1328160      0.1325210      0.1321660      0.1318660      0.1317750      0.1320100      0.1316400      0.1312600      0.1308800      0.1305000      0.1301100      0.1297200      0.1293300      0.1289300      0.1285300      0.1281300    
  0.1337370      0.1337350      0.1335560      0.1332100      0.1332050      0.1333220      0.1334360      0.1334500      0.1334290      0.1333510      0.1332200      0.1331770      0.1331340      0.1329990      0.1327950      0.1325010      0.1320910      0.1318930      0.1320100      0.1319170      0.1321000      0.1317300      0.1313500      0.1309700      0.1305800      0.1301900      0.1298000      0.1294000      0.1290000      0.1286000    
  0.1337370      0.1335590      0.1332100      0.1332070      0.1333260      0.1334430      0.1334500      0.1334390      0.1333620      0.1332200      0.1331990      0.1331770      0.1331040      0.1329760      0.1327650      0.1325450      0.1319510      0.1320100      0.1324340      0.1325600      0.1323380      0.1321900      0.1318100      0.1314300      0.1310400      0.1306500      0.1302600      0.1298600      0.1294600      0.1290600    
  0.1335610      0.1332100      0.1332090      0.1333280      0.1334460      0.1334500      0.1334450      0.1333680      0.1332200      0.1332090      0.1331990      0.1331600      0.1330860      0.1337140      0.1337570      0.1333840      0.1333850      0.1332420      0.1330970      0.1332500      0.1330200      0.1326500      0.1322700      0.1318900      0.1315100      0.1311200      0.1307200      0.1303200      0.1299200      0.1295200    
  0.1332100      0.1332090      0.1333290      0.1334480      0.1334500      0.1334470      0.1333710      0.1332200      0.1332150      0.1332090      0.1331890      0.1331480      0.1344040      0.1360240      0.1360100      0.1348610      0.1348160      0.1347600      0.1339080      0.1334800      0.1334800      0.1331100      0.1327300      0.1323500      0.1319600      0.1315700      0.1311800      0.1307800      0.1303800      0.1299800    
  0.1332100      0.1333290      0.1334490      0.1334500      0.1334490      0.1333720      0.1332200      0.1332170      0.1332150      0.1332040      0.1349850      0.1376900      0.1365910      0.1360380      0.1360380      0.1360100      0.1352330      0.1348720      0.1347600      0.1341430      0.1339400      0.1335700      0.1331900      0.1328100      0.1324200      0.1320300      0.1316400      0.1312400      0.1308400      0.1304300    
  0.1333300      0.1334500      0.1334500      0.1334490      0.1333730      0.1332200      0.1332190      0.1332170      0.1332120      0.1353570      0.1376900      0.1376900      0.1376900      0.1366120      0.1360660      0.1360660      0.1360100      0.1352910      0.1349850      0.1347600      0.1343900      0.1340200      0.1336400      0.1332600      0.1328800      0.1324900      0.1320900      0.1316900      0.1312900      0.1308800    
  0.1334500      0.1334500      0.1334500      0.1333730      0.1332200      0.1332190      0.1332190      0.1349520      0.1363590      0.1376910      0.1376900      0.1376900      0.1376900      0.1376900      0.1366520      0.1361220      0.1361220      0.1360100      0.1354100      0.1352100      0.1348400      0.1344700      0.1341000      0.1337100      0.1333300      0.1329400      0.1325400      0.1321400      0.1317400      0.1313300    
  0.1334500      0.1334500      0.1333730      0.1332200      0.1332200      0.1362920      0.1409000      0.1405300      0.1401600      0.1385170      0.1376940      0.1376900      0.1376900      0.1376900      0.1376900      0.1367290      0.1362340      0.1362350      0.1360100      0.1356600      0.1352900      0.1349200      0.1345400      0.1341600      0.1337800      0.1333900      0.1329900      0.1325900      0.1321900      0.1317800    
  0.1334500      0.1333730      0.1332200      0.1332200      0.1369070      0.1409010      0.1409010      0.1409000      0.1405300      0.1401600      0.1385230      0.1377010      0.1376900      0.1376900      0.1376900      0.1376900      0.1368700      0.1364570      0.1364600      0.1361000      0.1357400      0.1353700      0.1349900      0.1346100      0.1342200      0.1338300      0.1334400      0.1330400      0.1326300      0.1322200    
