iMOD/TUTORIALS/TUT_MetaswapAnalyser/model_MetaSWAP/meteo/Evaporation/Evaporation_20060819_L1.ASC
NCOLS                30
NROWS                30
XLLCORNER     160000.00
YLLCORNER     340000.00
CELLSIZE        1000.00
NODATA_VALUE   -9999.00
   2.815740       2.815430       2.815250       2.815180       2.815210       2.815340       2.815560       2.815870       2.816260       2.816720       2.817240       2.817820       2.818460       2.819140       2.819860       2.820630       2.821420       2.822240       2.823090       2.823950       2.824830       2.825730       2.826640       2.827550       2.828470       2.829390       2.830310       2.831240       2.832150       2.833070    
   2.815690       2.815390       2.815200       2.815120       2.815140       2.815260       2.815470       2.815760       2.816130       2.816570       2.817080       2.817640       2.818260       2.818920       2.819630       2.820370       2.821150       2.821960       2.822780       2.823630       2.824500       2.825380       2.826270       2.827170       2.828080       2.828980       2.829890       2.830800       2.831700       2.832600    
   2.815710       2.815410       2.815220       2.815130       2.815140       2.815250       2.815450       2.815720       2.816080       2.816500       2.816990       2.817540       2.818140       2.818780       2.819470       2.820200       2.820960       2.821750       2.822560       2.823390       2.824240       2.825100       2.825980       2.826860       2.827750       2.828640       2.829540       2.830430       2.831320       2.832200    
   2.815800       2.815490       2.815300       2.815210       2.815210       2.815310       2.815490       2.815760       2.816100       2.816510       2.816980       2.817510       2.818090       2.818720       2.819390       2.820100       2.820840       2.821610       2.822400       2.823220       2.824050       2.824900       2.825750       2.826620       2.827490       2.828370       2.829240       2.830120       2.830990       2.831860    
   2.815940       2.815640       2.815440       2.815350       2.815340       2.815430       2.815610       2.815860       2.816180       2.816580       2.817030       2.817540       2.818110       2.818720       2.819370       2.820060       2.820780       2.821540       2.822310       2.823110       2.823920       2.824750       2.825590       2.826440       2.827300       2.828150       2.829010       2.829870       2.830720       2.831580    
   2.816130       2.815840       2.815640       2.815540       2.815540       2.815620       2.815780       2.816020       2.816330       2.816710       2.817150       2.817650       2.818190       2.818790       2.819420       2.820090       2.820800       2.821530       2.822290       2.823070       2.823860       2.824680       2.825500       2.826330       2.827160       2.828000       2.828840       2.829680       2.830520       2.831350    
   2.816380       2.816090       2.815890       2.815790       2.815780       2.815860       2.816010       2.816240       2.816540       2.816900       2.817330       2.817810       2.818340       2.818920       2.819540       2.820190       2.820880       2.821590       2.822330       2.823090       2.823870       2.824660       2.825460       2.826270       2.827090       2.827910       2.828730       2.829550       2.830370       2.831180    
   2.816670       2.816390       2.816200       2.816100       2.816080       2.816150       2.816300       2.816520       2.816800       2.817160       2.817570       2.818030       2.818550       2.819110       2.819710       2.820340       2.821010       2.821710       2.822430       2.823170       2.823930       2.824700       2.825480       2.826270       2.827070       2.827870       2.828670       2.829470       2.830270       2.831060    
   2.817010       2.816730       2.816550       2.816450       2.816430       2.816490       2.816630       2.816840       2.817120       2.817460       2.817860       2.818310       2.818810       2.819350       2.819940       2.820560       2.821210       2.821880       2.822580       2.823310       2.824050       2.824800       2.825560       2.826330       2.827110       2.827890       2.828670       2.829450       2.830220       2.831000    
   2.817390       2.817120       2.816940       2.816840       2.816820       2.816880       2.817020       2.817220       2.817490       2.817820       2.818200       2.818640       2.819130       2.819650       2.820220       2.820820       2.821450       2.822110       2.822800       2.823500       2.824220       2.824950       2.825690       2.826440       2.827200       2.827960       2.828720       2.829470       2.830230       2.830980    
   2.817420       2.817150       2.817040       2.817280       2.817260       2.817320       2.817450       2.817640       2.817900       2.818220       2.818600       2.819020       2.819490       2.820000       2.820550       2.821140       2.821750       2.822400       2.823060       2.823740       2.824440       2.825150       2.825870       2.826600       2.827340       2.828080       2.828810       2.829550       2.830280       2.831010    
   2.817450       2.817220       2.817280       2.817630       2.817730       2.817790       2.817920       2.818110       2.818360       2.818670       2.819030       2.819440       2.819900       2.820400       2.820940       2.821500       2.822100       2.822720       2.823370       2.824030       2.824710       2.825400       2.826110       2.826810       2.827530       2.828240       2.828960       2.829670       2.830380       2.831090    
   2.817440       2.817280       2.817790       2.817990       2.818250       2.818300       2.818430       2.818610       2.818860       2.819160       2.819510       2.819910       2.820360       2.820840       2.821360       2.821920       2.822500       2.823100       2.823730       2.824370       2.825030       2.825700       2.826380       2.827070       2.827760       2.828450       2.829150       2.829840       2.830520       2.831210    
   2.817280       2.817860       2.818120       2.818250       2.818470       2.818850       2.818970       2.819150       2.819390       2.819690       2.820030       2.820420       2.820850       2.821330       2.821830       2.822370       2.822930       2.823520       2.824130       2.824760       2.825400       2.826050       2.826710       2.827370       2.828040       2.828710       2.829380       2.830050       2.830710       2.831370    
   2.817890       2.818180       2.818250       2.818520       2.818850       2.819120       2.819550       2.819730       2.819960       2.820250       2.820590       2.820970       2.821390       2.821850       2.822340       2.822860       2.823410       2.823980       2.824570       2.825180       2.825800       2.826430       2.827070       2.827710       2.828360       2.829010       2.829650       2.830300       2.830940       2.831570    
   2.818220       2.818250       2.818540       2.818850       2.819170       2.819550       2.819640       2.819750       2.820200       2.820850       2.821180       2.821550       2.821960       2.822400       2.822880       2.823390       2.823930       2.824480       2.825050       2.825640       2.826240       2.826850       2.827470       2.828090       2.828720       2.829340       2.829970       2.830580       2.831200       2.831810    
   2.818250       2.818550       2.818850       2.819190       2.819550       2.819600       2.819650       2.820110       2.820850       2.821010       2.821710       2.822160       2.822560       2.823000       2.823460       2.823960       2.824480       2.825020       2.825570       2.826140       2.826720       2.827310       2.827910       2.828510       2.829110       2.829710       2.830310       2.830910       2.831500       2.832080    
   2.818550       2.818850       2.819200       2.819550       2.819570       2.819600       2.820050       2.820850       2.820930       2.821770       2.822480       2.822800       2.823190       2.823620       2.824070       2.824560       2.825060       2.825580       2.826120       2.826680       2.827240       2.827810       2.828390       2.828960       2.829540       2.830120       2.830700       2.831270       2.831830       2.832390    
   2.818850       2.819200       2.819550       2.819560       2.819570       2.820020       2.820850       2.820890       2.821800       2.822640       2.822800       2.822990       2.823470       2.824270       2.824710       2.825180       2.825670       2.826180       2.826710       2.827240       2.827790       2.828340       2.828890       2.829450       2.830010       2.830560       2.831110       2.831660       2.832200       2.832730    
   2.819200       2.819550       2.819560       2.819560       2.820000       2.820850       2.820870       2.821810       2.822720       2.822800       2.822900       2.823380       2.824270       2.824490       2.824720       2.825190       2.825680       2.826190       2.827290       2.827840       2.828360       2.828890       2.829430       2.829960       2.830500       2.831030       2.831560       2.832080       2.832590       2.833090    
   2.819550       2.819550       2.819560       2.819990       2.820850       2.820860       2.821820       2.822760       2.822800       2.822850       2.823340       2.824270       2.824380       2.824490       2.824800       2.825190       2.825680       2.827150       2.828150       2.828460       2.828960       2.829480       2.829990       2.830510       2.831020       2.831520       2.832030       2.832520       2.833010       2.833490    
   2.819550       2.819550       2.819990       2.820850       2.820860       2.821820       2.822780       2.822800       2.822820       2.823310       2.824270       2.824330       2.824380       2.824560       2.824830       2.825230       2.826960       2.828310       2.828460       2.829000       2.829590       2.830090       2.830580       2.831070       2.831560       2.832050       2.832520       2.832990       2.833450       2.833900    
   2.819550       2.819990       2.820850       2.820850       2.821820       2.822790       2.822800       2.822810       2.823300       2.824270       2.824300       2.824330       2.824420       2.824590       2.824870       2.827190       2.828380       2.828460       2.829740       2.830250       2.830540       2.830720       2.831190       2.831660       2.832130       2.832590       2.833040       2.833490       2.833920       2.834340    
   2.819980       2.820850       2.820850       2.821820       2.822790       2.822800       2.822810       2.823300       2.824270       2.824280       2.824300       2.824350       2.824450       2.826900       2.828910       2.830540       2.830540       2.830770       2.831040       2.831250       2.830910       2.831370       2.831830       2.832280       2.832720       2.833160       2.833580       2.834000       2.834410       2.834810    
   2.820850       2.820850       2.821820       2.822800       2.822800       2.822800       2.823290       2.824270       2.824280       2.824280       2.824310       2.824360       2.828650       2.833750       2.833730       2.832520       2.832710       2.832620       2.831970       2.831610       2.831600       2.832040       2.832480       2.832910       2.833330       2.833740       2.834140       2.834540       2.834920       2.835280    
   2.820850       2.821820       2.822800       2.822800       2.822800       2.823290       2.824270       2.824270       2.824280       2.824290       2.828860       2.835670       2.834410       2.833780       2.833780       2.833730       2.833090       2.832800       2.832620       2.832390       2.832310       2.832730       2.833140       2.833550       2.833950       2.834340       2.834720       2.835080       2.835440       2.835780    
   2.821820       2.822800       2.822800       2.822800       2.823290       2.824270       2.824270       2.824270       2.824280       2.829750       2.835670       2.835670       2.835670       2.834450       2.833830       2.833830       2.833730       2.833200       2.832990       2.832620       2.833030       2.833430       2.833820       2.834210       2.834590       2.834950       2.835310       2.835650       2.835970       2.836280    
   2.822800       2.822800       2.822800       2.823290       2.824270       2.824270       2.824270       2.827980       2.831650       2.835670       2.835670       2.835670       2.835670       2.835670       2.834520       2.833920       2.833920       2.833730       2.833460       2.833360       2.833750       2.834140       2.834520       2.834880       2.835240       2.835580       2.835910       2.836220       2.836520       2.836800    
   2.822800       2.822800       2.823290       2.824270       2.824270       2.830350       2.839470       2.839290       2.839110       2.836820       2.835680       2.835670       2.835670       2.835670       2.835670       2.834650       2.834110       2.834110       2.833730       2.834110       2.834490       2.834860       2.835220       2.835560       2.835900       2.836220       2.836520       2.836800       2.837070       2.837330    
   2.822800       2.823290       2.824270       2.824270       2.831570       2.839470       2.839470       2.839470       2.839290       2.839110       2.836830       2.835690       2.835670       2.835670       2.835670       2.835670       2.834910       2.834500       2.834490       2.834870       2.835230       2.835590       2.835930       2.836250       2.836560       2.836860       2.837130       2.837390       2.837630       2.837860    
