iMOD/TUTORIALS/TUT_MetaswapAnalyser/model_MetaSWAP/meteo/Evaporation/Evaporation_20050828_L1.ASC
NCOLS                30
NROWS                30
XLLCORNER     160000.00
YLLCORNER     340000.00
CELLSIZE        1000.00
NODATA_VALUE   -9999.00
   3.370940       3.372130       3.373280       3.374390       3.375460       3.376500       3.377500       3.378460       3.379380       3.380270       3.381130       3.381950       3.382740       3.383500       3.384230       3.384920       3.385590       3.386230       3.386840       3.387420       3.387980       3.388510       3.389010       3.389490       3.389940       3.390370       3.390770       3.391150       3.391510       3.391850    
   3.370350       3.371510       3.372630       3.373720       3.374770       3.375780       3.376760       3.377700       3.378600       3.379480       3.380320       3.381130       3.381900       3.382650       3.383370       3.384050       3.384710       3.385340       3.385950       3.386530       3.387080       3.387600       3.388110       3.388580       3.389040       3.389470       3.389880       3.390260       3.390630       3.390970    
   3.369760       3.370890       3.371980       3.373040       3.374070       3.375060       3.376010       3.376930       3.377820       3.378680       3.379500       3.380300       3.381060       3.381800       3.382500       3.383180       3.383830       3.384450       3.385050       3.385620       3.386170       3.386700       3.387200       3.387680       3.388130       3.388560       3.388980       3.389370       3.389740       3.390090    
   3.369170       3.370270       3.371340       3.372370       3.373370       3.374340       3.375270       3.376170       3.377040       3.377880       3.378680       3.379460       3.380210       3.380940       3.381630       3.382300       3.382940       3.383560       3.384150       3.384720       3.385260       3.385780       3.386280       3.386760       3.387220       3.387650       3.388070       3.388460       3.388840       3.389190    
   3.368590       3.369660       3.370700       3.371700       3.372670       3.373610       3.374520       3.375400       3.376250       3.377070       3.377860       3.378630       3.379360       3.380070       3.380760       3.381410       3.382050       3.382660       3.383240       3.383810       3.384350       3.384860       3.385360       3.385840       3.386300       3.386730       3.387150       3.387550       3.387930       3.388300    
   3.368010       3.369050       3.370060       3.371030       3.371980       3.372890       3.373780       3.374640       3.375470       3.376270       3.377040       3.377790       3.378510       3.379210       3.379880       3.380530       3.381150       3.381750       3.382330       3.382890       3.383430       3.383940       3.384440       3.384920       3.385370       3.385810       3.386230       3.386640       3.387020       3.387390    
   3.367440       3.368450       3.369420       3.370370       3.371290       3.372180       3.373040       3.373880       3.374690       3.375470       3.376220       3.376960       3.377660       3.378350       3.379000       3.379640       3.380260       3.380850       3.381420       3.381970       3.382500       3.383020       3.383510       3.383990       3.384450       3.384890       3.385310       3.385720       3.386110       3.386480    
   3.366880       3.367850       3.368790       3.369710       3.370600       3.371470       3.372310       3.373120       3.373910       3.374670       3.375410       3.376120       3.376810       3.377480       3.378130       3.378750       3.379360       3.379940       3.380510       3.381050       3.381580       3.382090       3.382580       3.383060       3.383520       3.383960       3.384390       3.384800       3.385190       3.385570    
   3.366320       3.367260       3.368170       3.369060       3.369920       3.370760       3.371580       3.372360       3.373130       3.373870       3.374590       3.375290       3.375970       3.376620       3.377250       3.377870       3.378460       3.379040       3.379600       3.380140       3.380660       3.381160       3.381660       3.382130       3.382590       3.383030       3.383460       3.383870       3.384270       3.384660    
   3.365770       3.366670       3.367550       3.368410       3.369250       3.370060       3.370850       3.371620       3.372360       3.373080       3.373780       3.374460       3.375120       3.375760       3.376380       3.376990       3.377570       3.378140       3.378690       3.379220       3.379740       3.380240       3.380730       3.381200       3.381660       3.382100       3.382530       3.382950       3.383360       3.383750    
   3.365760       3.366660       3.367600       3.367780       3.368580       3.369370       3.370130       3.370880       3.371600       3.372300       3.372980       3.373640       3.374280       3.374910       3.375520       3.376110       3.376680       3.377240       3.377780       3.378300       3.378820       3.379320       3.379800       3.380270       3.380730       3.381170       3.381610       3.382030       3.382440       3.382830    
   3.365750       3.366950       3.367780       3.367890       3.367930       3.368690       3.369420       3.370140       3.370840       3.371520       3.372180       3.372830       3.373450       3.374060       3.374650       3.375230       3.375790       3.376340       3.376870       3.377390       3.377900       3.378390       3.378880       3.379340       3.379800       3.380250       3.380680       3.381110       3.381520       3.381920    
   3.366330       3.367780       3.367640       3.367600       3.367280       3.368010       3.368720       3.369420       3.370090       3.370750       3.371390       3.372020       3.372630       3.373220       3.373800       3.374360       3.374910       3.375450       3.375970       3.376490       3.376990       3.377480       3.377950       3.378420       3.378880       3.379330       3.379760       3.380190       3.380610       3.381020    
   3.367780       3.367540       3.367440       3.367280       3.367550       3.367350       3.368030       3.368700       3.369360       3.369990       3.370610       3.371220       3.371810       3.372390       3.372950       3.373500       3.374040       3.374570       3.375080       3.375590       3.376080       3.376560       3.377040       3.377500       3.377960       3.378410       3.378850       3.379280       3.379700       3.380110    
   3.367490       3.367360       3.367280       3.367390       3.367350       3.367580       3.367360       3.368000       3.368630       3.369240       3.369840       3.370430       3.371000       3.371560       3.372110       3.372650       3.373170       3.373690       3.374190       3.374690       3.375180       3.375660       3.376130       3.376590       3.377050       3.377490       3.377930       3.378370       3.378790       3.379210    
   3.367320       3.367280       3.367340       3.367350       3.367430       3.367360       3.367680       3.368000       3.368590       3.368500       3.369080       3.369650       3.370200       3.370750       3.371280       3.371800       3.372310       3.372820       3.373320       3.373800       3.374280       3.374760       3.375230       3.375690       3.376140       3.376590       3.377030       3.377460       3.377890       3.378320    
   3.367280       3.367320       3.367350       3.367380       3.367360       3.367520       3.367680       3.368190       3.368500       3.368790       3.368850       3.368880       3.369420       3.369940       3.370460       3.370970       3.371470       3.371960       3.372450       3.372930       3.373400       3.373870       3.374330       3.374790       3.375240       3.375690       3.376130       3.376570       3.377000       3.377430    
   3.367320       3.367350       3.367360       3.367360       3.367440       3.367520       3.367970       3.368500       3.368650       3.368550       3.368500       3.368120       3.368640       3.369150       3.369650       3.370140       3.370630       3.371110       3.371590       3.372060       3.372520       3.372990       3.373440       3.373900       3.374350       3.374800       3.375240       3.375680       3.376120       3.376550    
   3.367350       3.367360       3.367360       3.367400       3.367440       3.367860       3.368500       3.368570       3.368430       3.368310       3.368120       3.368380       3.368570       3.368370       3.368850       3.369330       3.369800       3.370270       3.370740       3.371200       3.371660       3.372110       3.372570       3.373020       3.373470       3.373920       3.374360       3.374800       3.375240       3.375680    
   3.367360       3.367360       3.367380       3.367400       3.367800       3.368500       3.368540       3.368370       3.368220       3.368120       3.368250       3.368360       3.368370       3.368610       3.368850       3.369330       3.369800       3.370270       3.370420       3.370350       3.370800       3.371250       3.371700       3.372150       3.372600       3.373040       3.373490       3.373940       3.374380       3.374820    
   3.367360       3.367370       3.367380       3.367770       3.368500       3.368520       3.368340       3.368170       3.368120       3.368190       3.368270       3.368370       3.368490       3.368610       3.368930       3.369330       3.369800       3.369990       3.369940       3.369520       3.369960       3.370410       3.370850       3.371290       3.371740       3.372190       3.372630       3.373080       3.373530       3.373970    
   3.367370       3.367370       3.367750       3.368500       3.368510       3.368320       3.368140       3.368120       3.368150       3.368240       3.368370       3.368430       3.368490       3.368680       3.368950       3.369350       3.369670       3.369730       3.369520       3.369540       3.369140       3.369570       3.370010       3.370450       3.370890       3.371340       3.371790       3.372240       3.372690       3.373140    
   3.367370       3.367750       3.368500       3.368500       3.368320       3.368130       3.368120       3.368140       3.368220       3.368370       3.368400       3.368430       3.368530       3.368710       3.368990       3.368960       3.369620       3.369520       3.368630       3.368340       3.368590       3.368750       3.369190       3.369620       3.370060       3.370510       3.370960       3.371410       3.371860       3.372320    
   3.367740       3.368500       3.368500       3.368310       3.368130       3.368120       3.368130       3.368210       3.368370       3.368390       3.368400       3.368450       3.368560       3.367330       3.366960       3.367190       3.367190       3.367310       3.367410       3.367140       3.367530       3.367950       3.368380       3.368810       3.369250       3.369690       3.370140       3.370590       3.371050       3.371510    
   3.368500       3.368500       3.368310       3.368120       3.368120       3.368120       3.368210       3.368370       3.368380       3.368390       3.368410       3.368470       3.366100       3.363080       3.363100       3.364810       3.364770       3.364860       3.366120       3.366760       3.366750       3.367160       3.367580       3.368010       3.368450       3.368890       3.369340       3.369790       3.370250       3.370720    
   3.368500       3.368310       3.368120       3.368120       3.368120       3.368210       3.368370       3.368370       3.368380       3.368390       3.365420       3.360920       3.362340       3.363060       3.363060       3.363100       3.364180       3.364680       3.364860       3.365710       3.365990       3.366390       3.366810       3.367230       3.367660       3.368110       3.368560       3.369010       3.369480       3.369950    
   3.368310       3.368120       3.368120       3.368120       3.368200       3.368370       3.368370       3.368370       3.368380       3.364810       3.360920       3.360920       3.360920       3.362310       3.363020       3.363020       3.363100       3.364090       3.364500       3.364860       3.365240       3.365640       3.366050       3.366470       3.366900       3.367340       3.367790       3.368250       3.368720       3.369190    
   3.368120       3.368120       3.368120       3.368200       3.368370       3.368370       3.368370       3.365840       3.363460       3.360920       3.360920       3.360920       3.360920       3.360920       3.362260       3.362940       3.362940       3.363100       3.363890       3.364140       3.364520       3.364910       3.365310       3.365730       3.366160       3.366600       3.367050       3.367510       3.367980       3.368460    
   3.368120       3.368120       3.368200       3.368370       3.368370       3.364110       3.357730       3.357990       3.358250       3.360030       3.360920       3.360920       3.360920       3.360920       3.360920       3.362140       3.362780       3.362770       3.363100       3.363450       3.363820       3.364200       3.364600       3.365010       3.365440       3.365870       3.366330       3.366790       3.367260       3.367750    
   3.368120       3.368200       3.368370       3.368370       3.363260       3.357730       3.357730       3.357730       3.357990       3.358250       3.360020       3.360910       3.360920       3.360920       3.360920       3.360920       3.361940       3.362460       3.362450       3.362790       3.363140       3.363520       3.363910       3.364310       3.364740       3.365170       3.365630       3.366090       3.366570       3.367060    
