iMOD/TUTORIALS/TUT_MetaswapAnalyser/model_MetaSWAP/meteo/Evaporation/Evaporation_20060412_L1.ASC
NCOLS                30
NROWS                30
XLLCORNER     160000.00
YLLCORNER     340000.00
CELLSIZE        1000.00
NODATA_VALUE   -9999.00
   1.572080       1.565240       1.558380       1.551510       1.544620       1.537730       1.530840       1.523940       1.517040       1.510140       1.503240       1.496360       1.489480       1.482610       1.475760       1.468920       1.462100       1.455300       1.448520       1.441760       1.435030       1.428320       1.421630       1.414970       1.408340       1.401740       1.395170       1.388630       1.382120       1.375650    
   1.572600       1.565750       1.558890       1.552030       1.545150       1.538260       1.531370       1.524470       1.517580       1.510690       1.503800       1.496920       1.490040       1.483180       1.476340       1.469500       1.462680       1.455890       1.449110       1.442350       1.435610       1.428900       1.422220       1.415560       1.408920       1.402320       1.395750       1.389200       1.382690       1.376210    
   1.573090       1.566240       1.559390       1.552520       1.545640       1.538760       1.531870       1.524980       1.518090       1.511200       1.504320       1.497450       1.490580       1.483720       1.476880       1.470050       1.463230       1.456440       1.449660       1.442900       1.436170       1.429460       1.422770       1.416110       1.409480       1.402870       1.396300       1.389750       1.383240       1.376750    
   1.573560       1.566710       1.559850       1.552990       1.546110       1.539230       1.532350       1.525460       1.518580       1.511690       1.504820       1.497940       1.491080       1.484230       1.477390       1.470560       1.463750       1.456960       1.450180       1.443430       1.436700       1.429990       1.423300       1.416640       1.410010       1.403400       1.396820       1.390270       1.383750       1.377270    
   1.574010       1.567160       1.560300       1.553430       1.546560       1.539680       1.532800       1.525920       1.519030       1.512160       1.505280       1.498420       1.491560       1.484710       1.477870       1.471050       1.464240       1.457450       1.450680       1.443930       1.437190       1.430480       1.423800       1.417140       1.410500       1.403900       1.397320       1.390760       1.384240       1.377750    
   1.574440       1.567590       1.560720       1.553850       1.546980       1.540100       1.533220       1.526350       1.519470       1.512590       1.505720       1.498860       1.492000       1.485160       1.478330       1.471510       1.464700       1.457920       1.451150       1.444390       1.437660       1.430960       1.424270       1.417610       1.410980       1.404370       1.397780       1.391230       1.384710       1.378210    
   1.574860       1.567990       1.561130       1.554260       1.547380       1.540510       1.533630       1.526750       1.519880       1.513010       1.506140       1.499280       1.492430       1.485590       1.478760       1.471940       1.465140       1.458350       1.451590       1.444840       1.438110       1.431400       1.424720       1.418060       1.411420       1.404810       1.398230       1.391670       1.385150       1.378650    
   1.575250       1.568380       1.561510       1.554640       1.547770       1.540890       1.534010       1.527140       1.520260       1.513390       1.506530       1.499670       1.492830       1.485990       1.479160       1.472350       1.465550       1.458770       1.452000       1.445250       1.438530       1.431820       1.425140       1.418480       1.411840       1.405230       1.398650       1.392090       1.385560       1.379060    
   1.575630       1.568760       1.561880       1.555010       1.548130       1.541250       1.534380       1.527500       1.520630       1.513760       1.506900       1.500050       1.493200       1.486370       1.479540       1.472730       1.465940       1.459160       1.452390       1.445650       1.438920       1.432220       1.425530       1.418870       1.412240       1.405630       1.399040       1.392480       1.385950       1.379450    
   1.575990       1.569110       1.562230       1.555360       1.548480       1.541600       1.534720       1.527850       1.520980       1.514110       1.507250       1.500400       1.493560       1.486720       1.479900       1.473090       1.466300       1.459520       1.452760       1.446020       1.439290       1.432590       1.425910       1.419250       1.412610       1.406000       1.399410       1.392850       1.386320       1.379810    
   1.575990       1.569110       1.560600       1.555690       1.548800       1.541920       1.535050       1.528170       1.521300       1.514440       1.507580       1.500730       1.493890       1.487060       1.480240       1.473430       1.466640       1.459860       1.453100       1.446360       1.439640       1.432940       1.426250       1.419590       1.412960       1.406350       1.399760       1.393200       1.386660       1.380150    
   1.575990       1.565350       1.555690       1.550760       1.549120       1.542230       1.535360       1.528480       1.521610       1.514750       1.507890       1.501040       1.494200       1.487370       1.480550       1.473750       1.466960       1.460180       1.453430       1.446690       1.439960       1.433260       1.426580       1.419920       1.413280       1.406670       1.400080       1.393520       1.386980       1.380470    
   1.569970       1.555690       1.551280       1.549270       1.549420       1.542530       1.535650       1.528770       1.521900       1.515040       1.508180       1.501330       1.494490       1.487670       1.480850       1.474050       1.467260       1.460480       1.453730       1.446990       1.440270       1.433570       1.426890       1.420230       1.413590       1.406980       1.400390       1.393820       1.387280       1.380770    
   1.555690       1.551430       1.549350       1.549420       1.544920       1.542810       1.535920       1.529050       1.522170       1.515310       1.508450       1.501610       1.494770       1.487940       1.481130       1.474320       1.467540       1.460770       1.454010       1.447270       1.440550       1.433850       1.427170       1.420510       1.413870       1.407260       1.400670       1.394100       1.387560       1.381050    
   1.551480       1.549380       1.549420       1.545720       1.542810       1.538310       1.536190       1.529310       1.522430       1.515570       1.508710       1.501860       1.495030       1.488200       1.481380       1.474580       1.467800       1.461030       1.454270       1.447530       1.440810       1.434110       1.427430       1.420770       1.414140       1.407520       1.400930       1.394360       1.387820       1.381300    
   1.549400       1.549420       1.545980       1.542810       1.539100       1.536190       1.532750       1.529310       1.520780       1.515810       1.508950       1.502100       1.495270       1.488440       1.481630       1.474830       1.468040       1.461270       1.454520       1.447780       1.441060       1.434360       1.427680       1.421020       1.414380       1.407770       1.401170       1.394600       1.388060       1.381540    
   1.549420       1.546070       1.542810       1.539370       1.536190       1.534470       1.532750       1.524660       1.515810       1.512380       1.506350       1.502330       1.495490       1.488660       1.481850       1.475050       1.468260       1.461490       1.454740       1.448000       1.441280       1.434590       1.427900       1.421250       1.414610       1.407990       1.401400       1.394830       1.388280       1.381760    
   1.546100       1.542810       1.539460       1.536190       1.535330       1.534470       1.526920       1.515810       1.514100       1.507900       1.502430       1.502540       1.495700       1.488870       1.482060       1.475260       1.468470       1.461700       1.454950       1.448210       1.441490       1.434790       1.428110       1.421450       1.414810       1.408200       1.401600       1.395030       1.388480       1.381960    
   1.542810       1.539490       1.536190       1.535760       1.535330       1.528130       1.515810       1.514950       1.508570       1.502490       1.502540       1.499120       1.494050       1.489070       1.482250       1.475450       1.468670       1.461900       1.455140       1.448400       1.441680       1.434980       1.428300       1.421640       1.415000       1.408390       1.401790       1.395220       1.388670       1.382140    
   1.539500       1.536190       1.535970       1.535760       1.528760       1.515810       1.515380       1.508880       1.502510       1.502540       1.500830       1.496190       1.489070       1.485660       1.482260       1.475460       1.468670       1.461900       1.452550       1.448580       1.441860       1.435160       1.428480       1.421820       1.415180       1.408560       1.401960       1.395390       1.388830       1.382310    
   1.536190       1.536080       1.535970       1.529080       1.515810       1.515600       1.509030       1.502530       1.502540       1.501680       1.497160       1.489070       1.487370       1.485660       1.481120       1.475460       1.468680       1.456110       1.448660       1.448740       1.442020       1.435320       1.428640       1.421970       1.415330       1.408710       1.402110       1.395540       1.388980       1.382460    
   1.536140       1.536080       1.529240       1.515810       1.515700       1.509100       1.502530       1.502540       1.502110       1.497610       1.489070       1.488220       1.487370       1.484720       1.480750       1.475090       1.459540       1.448700       1.448740       1.444310       1.442160       1.435460       1.428780       1.422110       1.415470       1.408850       1.402250       1.395670       1.389120       1.382590    
   1.536140       1.529320       1.515810       1.515760       1.509140       1.502540       1.502540       1.502330       1.497830       1.489070       1.488640       1.488220       1.486770       1.484280       1.480190       1.462630       1.448720       1.448740       1.444450       1.442290       1.438260       1.435590       1.428900       1.422240       1.415600       1.408970       1.402370       1.395790       1.389240       1.382700    
   1.529360       1.515810       1.515780       1.509160       1.502540       1.502540       1.502430       1.497940       1.489070       1.488860       1.488640       1.487880       1.486420       1.476870       1.464010       1.449070       1.449070       1.445930       1.442420       1.442460       1.442410       1.435700       1.429020       1.422350       1.415710       1.409080       1.402480       1.395900       1.389340       1.382800    
   1.515810       1.515800       1.509170       1.502540       1.502540       1.502490       1.498000       1.489070       1.488960       1.488860       1.488460       1.487650       1.472740       1.456270       1.456270       1.451600       1.449410       1.449400       1.444670       1.442510       1.442510       1.435800       1.429120       1.422450       1.415800       1.409180       1.402570       1.395990       1.389430       1.382890    
   1.515800       1.509170       1.502540       1.502540       1.502510       1.498020       1.489070       1.489020       1.488960       1.488760       1.478260       1.463160       1.458570       1.456270       1.456270       1.456270       1.451660       1.449420       1.449400       1.444290       1.442600       1.435890       1.429200       1.422530       1.415880       1.409260       1.402650       1.396060       1.389500       1.382960    
   1.509170       1.502540       1.502540       1.502530       1.498040       1.489070       1.489040       1.489020       1.488910       1.476460       1.463160       1.463160       1.463160       1.458570       1.456280       1.456280       1.456270       1.451570       1.449430       1.449400       1.442670       1.435960       1.429270       1.422600       1.415950       1.409320       1.402710       1.396130       1.389560       1.383020    
   1.502540       1.502540       1.502530       1.498040       1.489070       1.489060       1.489040       1.484240       1.475490       1.463160       1.463160       1.463160       1.463160       1.463160       1.458570       1.456280       1.456280       1.456270       1.451160       1.449470       1.442740       1.436030       1.429330       1.422660       1.416010       1.409380       1.402770       1.396180       1.389610       1.383060    
   1.502540       1.502540       1.498050       1.489070       1.489060       1.484150       1.476790       1.473380       1.469970       1.465430       1.463160       1.463160       1.463160       1.463160       1.463160       1.458550       1.456290       1.456300       1.456270       1.449520       1.442790       1.436080       1.429380       1.422710       1.416050       1.409420       1.402800       1.396210       1.389640       1.383100    
   1.502540       1.498050       1.489070       1.489070       1.483170       1.476790       1.476790       1.476790       1.473380       1.469970       1.465430       1.463160       1.463160       1.463160       1.463160       1.463160       1.458460       1.456310       1.456320       1.449560       1.442830       1.436110       1.429420       1.422740       1.416080       1.409450       1.402830       1.396240       1.389660       1.383110    
