iMOD/TUTORIALS/TUT_MetaswapAnalyser/model_MetaSWAP/meteo/Evaporation/Evaporation_20060503_L1.ASC
NCOLS                30
NROWS                30
XLLCORNER     160000.00
YLLCORNER     340000.00
CELLSIZE        1000.00
NODATA_VALUE   -9999.00
   3.378780       3.374620       3.370410       3.366150       3.361860       3.357550       3.353210       3.348870       3.344520       3.340170       3.335820       3.331500       3.327190       3.322920       3.318670       3.314460       3.310300       3.306180       3.302110       3.298100       3.294140       3.290250       3.286420       3.282650       3.278960       3.275330       3.271770       3.268290       3.264880       3.261550    
   3.377080       3.372960       3.368790       3.364580       3.360330       3.356060       3.351770       3.347470       3.343160       3.338860       3.334560       3.330270       3.326010       3.321770       3.317560       3.313390       3.309260       3.305180       3.301140       3.297150       3.293220       3.289350       3.285550       3.281800       3.278120       3.274520       3.270980       3.267510       3.264120       3.260790    
   3.375340       3.371260       3.367120       3.362960       3.358750       3.354530       3.350280       3.346020       3.341760       3.337500       3.333240       3.329000       3.324770       3.320570       3.316400       3.312270       3.308170       3.304120       3.300110       3.296160       3.292250       3.288410       3.284630       3.280900       3.277250       3.273660       3.270140       3.266680       3.263300       3.260000    
   3.373570       3.369520       3.365420       3.361290       3.357130       3.352950       3.348750       3.344530       3.340310       3.336090       3.331870       3.327670       3.323490       3.319330       3.315190       3.311090       3.307030       3.303010       3.299030       3.295110       3.291230       3.287420       3.283660       3.279960       3.276320       3.272750       3.269250       3.265820       3.262450       3.259160    
   3.371760       3.367740       3.363680       3.359590       3.355470       3.351330       3.347170       3.342990       3.338810       3.334630       3.330460       3.326300       3.322150       3.318030       3.313930       3.309870       3.305840       3.301850       3.297910       3.294010       3.290170       3.286380       3.282640       3.278970       3.275350       3.271800       3.268320       3.264900       3.261560       3.258280    
   3.369910       3.365930       3.361910       3.357860       3.353770       3.349670       3.345550       3.341410       3.337280       3.333140       3.329000       3.324880       3.320770       3.316690       3.312630       3.308600       3.304610       3.300650       3.296740       3.292870       3.289060       3.285290       3.281580       3.277930       3.274340       3.270810       3.267350       3.263950       3.260620       3.257360    
   3.368040       3.364090       3.360100       3.356090       3.352040       3.347970       3.343890       3.339800       3.335700       3.331600       3.327500       3.323420       3.319350       3.315300       3.311280       3.307290       3.303330       3.299400       3.295520       3.291690       3.287900       3.284160       3.280480       3.276850       3.273290       3.269780       3.266340       3.262960       3.259650       3.256400    
   3.366140       3.362220       3.358270       3.354280       3.350270       3.346240       3.342200       3.338140       3.334080       3.330020       3.325960       3.321920       3.317890       3.313870       3.309890       3.305930       3.302000       3.298110       3.294260       3.290460       3.286700       3.282990       3.279330       3.275730       3.272190       3.268710       3.265290       3.261930       3.258630       3.255400    
   3.364210       3.360320       3.356400       3.352450       3.348470       3.344480       3.340470       3.336450       3.332430       3.328400       3.324390       3.320380       3.316380       3.312410       3.308450       3.304530       3.300640       3.296780       3.292960       3.289190       3.285460       3.281780       3.278150       3.274570       3.271060       3.267600       3.264190       3.260860       3.257580       3.254370    
   3.362260       3.358400       3.354510       3.350590       3.346650       3.342690       3.338710       3.334730       3.330740       3.326750       3.322770       3.318800       3.314840       3.310900       3.306980       3.303090       3.299230       3.295410       3.291620       3.287880       3.284180       3.280530       3.276920       3.273370       3.269880       3.266440       3.263070       3.259750       3.256490       3.253300    
   3.362250       3.358390       3.353050       3.348700       3.344790       3.340860       3.336920       3.332980       3.329020       3.325070       3.321120       3.317190       3.313260       3.309360       3.305470       3.301620       3.297790       3.294000       3.290240       3.286530       3.282860       3.279240       3.275660       3.272140       3.268670       3.265260       3.261900       3.258610       3.255370       3.252200    
   3.362240       3.355600       3.348700       3.344350       3.342910       3.339010       3.335110       3.331190       3.327270       3.323360       3.319440       3.315540       3.311650       3.307780       3.303930       3.300110       3.296310       3.292550       3.288830       3.285140       3.281500       3.277910       3.274360       3.270860       3.267420       3.264030       3.260700       3.257430       3.254210       3.251060    
   3.358150       3.348700       3.344000       3.341960       3.341000       3.337140       3.333260       3.329380       3.325500       3.321610       3.317730       3.313870       3.310010       3.306170       3.302350       3.298560       3.294800       3.291070       3.287380       3.283720       3.280110       3.276550       3.273030       3.269560       3.266140       3.262770       3.259470       3.256220       3.253020       3.249890    
   3.348700       3.343790       3.341480       3.341000       3.337790       3.335240       3.331400       3.327550       3.323690       3.319840       3.316000       3.312160       3.308340       3.304530       3.300750       3.296990       3.293260       3.289560       3.285900       3.282270       3.278690       3.275150       3.271660       3.268210       3.264820       3.261480       3.258200       3.254970       3.251800       3.248690    
   3.343680       3.341240       3.341000       3.338010       3.335240       3.332050       3.329510       3.325690       3.321870       3.318050       3.314230       3.310430       3.306640       3.302860       3.299110       3.295380       3.291680       3.288010       3.284380       3.280790       3.277230       3.273720       3.270260       3.266840       3.263470       3.260160       3.256900       3.253700       3.250550       3.247460    
   3.341120       3.341000       3.338080       3.335240       3.332270       3.329510       3.327600       3.325690       3.320460       3.316220       3.312440       3.308670       3.304910       3.301160       3.297440       3.293750       3.290080       3.286440       3.282840       3.279270       3.275740       3.272260       3.268820       3.265440       3.262090       3.258810       3.255570       3.252390       3.249270       3.246200    
   3.341000       3.338110       3.335240       3.332340       3.329510       3.328560       3.327600       3.322490       3.316220       3.314330       3.309860       3.306880       3.303150       3.299440       3.295750       3.292080       3.288450       3.284840       3.281260       3.277730       3.274230       3.270770       3.267360       3.264000       3.260690       3.257420       3.254210       3.251060       3.247960       3.244910    
   3.338120       3.335240       3.332360       3.329510       3.329030       3.328560       3.323720       3.316220       3.315280       3.310290       3.305980       3.305080       3.301380       3.297700       3.294030       3.290400       3.286790       3.283210       3.279660       3.276150       3.272690       3.269260       3.265880       3.262540       3.259250       3.256010       3.252830       3.249690       3.246620       3.243600    
   3.335240       3.332370       3.329510       3.329270       3.329030       3.324380       3.316220       3.315750       3.310480       3.305530       3.305080       3.303230       3.300020       3.295930       3.292290       3.288680       3.285100       3.281550       3.278040       3.274560       3.271120       3.267720       3.264360       3.261050       3.257790       3.254580       3.251420       3.248310       3.245250       3.242250    
   3.332370       3.329510       3.329390       3.329270       3.324730       3.316220       3.315980       3.310570       3.305310       3.305080       3.304150       3.301070       3.295930       3.294110       3.292300       3.288690       3.285110       3.281560       3.275670       3.272930       3.269520       3.266150       3.262820       3.259540       3.256300       3.253110       3.249980       3.246890       3.243860       3.240890    
   3.329510       3.329450       3.329390       3.324900       3.316220       3.316100       3.310610       3.305190       3.305080       3.304620       3.301560       3.295930       3.295020       3.294110       3.291700       3.288700       3.285120       3.277150       3.272110       3.271290       3.267900       3.264560       3.261260       3.258000       3.254790       3.251630       3.248520       3.245460       3.242450       3.239500    
   3.329480       3.329450       3.324990       3.316220       3.316160       3.310630       3.305140       3.305080       3.304850       3.301800       3.295930       3.295480       3.295020       3.293610       3.291500       3.288510       3.278790       3.271700       3.271290       3.268480       3.266260       3.262940       3.259670       3.256440       3.253250       3.250120       3.247030       3.244000       3.241020       3.238090    
   3.329480       3.325040       3.316220       3.316190       3.310640       3.305110       3.305080       3.304960       3.301910       3.295930       3.295700       3.295480       3.294700       3.293380       3.291210       3.279290       3.271490       3.271290       3.266610       3.264590       3.262620       3.261310       3.258060       3.254860       3.251700       3.248590       3.245530       3.242520       3.239560       3.236660    
   3.325060       3.316220       3.316210       3.310640       3.305090       3.305080       3.305020       3.301970       3.295930       3.295820       3.295700       3.295290       3.294520       3.285000       3.275470       3.266150       3.266160       3.264520       3.262630       3.262070       3.262920       3.259660       3.256440       3.253260       3.250120       3.247040       3.244010       3.241020       3.238090       3.235210    
   3.316220       3.316210       3.310650       3.305090       3.305080       3.305050       3.302000       3.295930       3.295870       3.295820       3.295600       3.295170       3.279210       3.260640       3.260700       3.262080       3.260800       3.261020       3.261050       3.261220       3.261230       3.257990       3.254790       3.251640       3.248530       3.245470       3.242460       3.239510       3.236600       3.233740    
   3.316220       3.310650       3.305080       3.305080       3.305070       3.302020       3.295930       3.295900       3.295870       3.295760       3.280690       3.258440       3.259860       3.260590       3.260590       3.260700       3.260670       3.260580       3.261020       3.259890       3.259520       3.256300       3.253130       3.250000       3.246920       3.243890       3.240910       3.237970       3.235090       3.232260    
   3.310650       3.305080       3.305080       3.305070       3.302020       3.295930       3.295920       3.295900       3.295850       3.277840       3.258440       3.258440       3.258440       3.259780       3.260470       3.260470       3.260700       3.260370       3.260130       3.261020       3.257790       3.254600       3.251450       3.248350       3.245300       3.242290       3.239330       3.236420       3.233570       3.230760    
   3.305080       3.305080       3.305080       3.302030       3.295930       3.295920       3.295920       3.285000       3.272790       3.258440       3.258440       3.258440       3.258440       3.258440       3.259610       3.260250       3.260250       3.260700       3.259610       3.259250       3.256050       3.252880       3.249760       3.246690       3.243660       3.240680       3.237740       3.234860       3.232030       3.229250    
   3.305080       3.305080       3.302030       3.295930       3.295930       3.279000       3.253610       3.252960       3.252320       3.256390       3.258420       3.258440       3.258440       3.258440       3.258440       3.259280       3.259790       3.259790       3.260700       3.257480       3.254300       3.251160       3.248060       3.245010       3.242000       3.239050       3.236140       3.233290       3.230480       3.227720    
   3.305080       3.302030       3.295930       3.295930       3.275610       3.253610       3.253610       3.253610       3.252960       3.252320       3.256360       3.258390       3.258440       3.258440       3.258440       3.258440       3.258630       3.258890       3.258890       3.255690       3.252530       3.249420       3.246350       3.243320       3.240340       3.237410       3.234530       3.231700       3.228920       3.226190    
