iMOD/TUTORIALS/TUT_MetaswapAnalyser/model_MetaSWAP/meteo/Evaporation/Evaporation_20061020_L1.ASC
NCOLS                30
NROWS                30
XLLCORNER     160000.00
YLLCORNER     340000.00
CELLSIZE        1000.00
NODATA_VALUE   -9999.00
  0.8636200      0.8633300      0.8630100      0.8626600      0.8622900      0.8618900      0.8614600      0.8610100      0.8605400      0.8600500      0.8595400      0.8590100      0.8584700      0.8579200      0.8573500      0.8567700      0.8561800      0.8555900      0.8549800      0.8543700      0.8537600      0.8531400      0.8525100      0.8518900      0.8512600      0.8506400      0.8500200      0.8494000      0.8487800      0.8481700    
  0.8633800      0.8630800      0.8627500      0.8624000      0.8620100      0.8616100      0.8611700      0.8607200      0.8602400      0.8597500      0.8592300      0.8587000      0.8581600      0.8576000      0.8570400      0.8564600      0.8558700      0.8552700      0.8546700      0.8540600      0.8534400      0.8528300      0.8522100      0.8515900      0.8509700      0.8503500      0.8497300      0.8491200      0.8485100      0.8479000    
  0.8631100      0.8628000      0.8624600      0.8621000      0.8617100      0.8612900      0.8608500      0.8603900      0.8599100      0.8594100      0.8588900      0.8583600      0.8578200      0.8572600      0.8566900      0.8561100      0.8555200      0.8549200      0.8543200      0.8537100      0.8531000      0.8524900      0.8518700      0.8512600      0.8506400      0.8500300      0.8494200      0.8488100      0.8482100      0.8476100    
  0.8628000      0.8624800      0.8621400      0.8617600      0.8613700      0.8609400      0.8605000      0.8600300      0.8595500      0.8590400      0.8585200      0.8579900      0.8574400      0.8568800      0.8563100      0.8557300      0.8551400      0.8545400      0.8539400      0.8533400      0.8527300      0.8521200      0.8515100      0.8509000      0.8502900      0.8496800      0.8490800      0.8484800      0.8478800      0.8472900    
  0.8624700      0.8621400      0.8617800      0.8614000      0.8610000      0.8605700      0.8601100      0.8596400      0.8591500      0.8586400      0.8581200      0.8575800      0.8570300      0.8564700      0.8559000      0.8553200      0.8547300      0.8541300      0.8535400      0.8529300      0.8523300      0.8517200      0.8511200      0.8505100      0.8499100      0.8493000      0.8487100      0.8481100      0.8475200      0.8469400    
  0.8621100      0.8617700      0.8614000      0.8610100      0.8606000      0.8601600      0.8597000      0.8592200      0.8587300      0.8582100      0.8576900      0.8571500      0.8565900      0.8560300      0.8554600      0.8548800      0.8542900      0.8537000      0.8531000      0.8525000      0.8519000      0.8513000      0.8506900      0.8500900      0.8494900      0.8489000      0.8483100      0.8477200      0.8471400      0.8465700    
  0.8617200      0.8613700      0.8609900      0.8605900      0.8601700      0.8597200      0.8592600      0.8587800      0.8582800      0.8577600      0.8572300      0.8566800      0.8561300      0.8555600      0.8549900      0.8544100      0.8538200      0.8532300      0.8526400      0.8520400      0.8514400      0.8508400      0.8502400      0.8496500      0.8490600      0.8484700      0.8478800      0.8473100      0.8467300      0.8461700    
  0.8613000      0.8609400      0.8605600      0.8601500      0.8597200      0.8592600      0.8587900      0.8583000      0.8578000      0.8572800      0.8567400      0.8561900      0.8556400      0.8550700      0.8545000      0.8539200      0.8533300      0.8527400      0.8521500      0.8515500      0.8509600      0.8503600      0.8497700      0.8491800      0.8485900      0.8480100      0.8474400      0.8468700      0.8463000      0.8457500    
  0.8608600      0.8604900      0.8601000      0.8596800      0.8592400      0.8587800      0.8583000      0.8578000      0.8572900      0.8567700      0.8562300      0.8556800      0.8551200      0.8545500      0.8539800      0.8534000      0.8528100      0.8522200      0.8516300      0.8510400      0.8504500      0.8498600      0.8492700      0.8486900      0.8481100      0.8475300      0.8469600      0.8464000      0.8458500      0.8453000    
  0.8604000      0.8600200      0.8596100      0.8591900      0.8587400      0.8582700      0.8577900      0.8572800      0.8567700      0.8562400      0.8557000      0.8551400      0.8545800      0.8540100      0.8534300      0.8528500      0.8522700      0.8516800      0.8510900      0.8505000      0.8499200      0.8493300      0.8487500      0.8481700      0.8476000      0.8470300      0.8464700      0.8459100      0.8453700      0.8448300    
  0.8603930      0.8600100      0.8593720      0.8586700      0.8582200      0.8577400      0.8572500      0.8567400      0.8562200      0.8556800      0.8551400      0.8545800      0.8540200      0.8534500      0.8528700      0.8522900      0.8517000      0.8511200      0.8505300      0.8499400      0.8493600      0.8487800      0.8482000      0.8476300      0.8470600      0.8465000      0.8459500      0.8454100      0.8448700      0.8443400    
  0.8603860      0.8596110      0.8586700      0.8579170      0.8576700      0.8571900      0.8566900      0.8561800      0.8556500      0.8551100      0.8545600      0.8540000      0.8534300      0.8528600      0.8522800      0.8517000      0.8511200      0.8505300      0.8499500      0.8493700      0.8487900      0.8482100      0.8476400      0.8470700      0.8465100      0.8459600      0.8454100      0.8448800      0.8443500      0.8438300    
  0.8598530      0.8586700      0.8577720      0.8573900      0.8571100      0.8566200      0.8561100      0.8555900      0.8550600      0.8545200      0.8539600      0.8534000      0.8528300      0.8522500      0.8516700      0.8510900      0.8505100      0.8499300      0.8493400      0.8487700      0.8481900      0.8476200      0.8470500      0.8464900      0.8459400      0.8453900      0.8448600      0.8443300      0.8438100      0.8433000    
  0.8586700      0.8577000      0.8572500      0.8571100      0.8565870      0.8560300      0.8555200      0.8549900      0.8544500      0.8539000      0.8533400      0.8527800      0.8522100      0.8516300      0.8510500      0.8504700      0.8498800      0.8493000      0.8487200      0.8481500      0.8475700      0.8470100      0.8464500      0.8458900      0.8453500      0.8448100      0.8442800      0.8437600      0.8432500      0.8427600    
  0.8576650      0.8571800      0.8571100      0.8565760      0.8560300      0.8554870      0.8549100      0.8543700      0.8538300      0.8532700      0.8527100      0.8521400      0.8515700      0.8509900      0.8504100      0.8498200      0.8492400      0.8486600      0.8480800      0.8475100      0.8469400      0.8463800      0.8458200      0.8452800      0.8447400      0.8442100      0.8436900      0.8431800      0.8426800      0.8421900    
  0.8571450      0.8571100      0.8565720      0.8560300      0.8554760      0.8549100      0.8546400      0.8543700      0.8535250      0.8526300      0.8520600      0.8514900      0.8509100      0.8503300      0.8497500      0.8491600      0.8485800      0.8480000      0.8474300      0.8468600      0.8462900      0.8457300      0.8451800      0.8446400      0.8441100      0.8435900      0.8430800      0.8425800      0.8420900      0.8416200    
  0.8571100      0.8565710      0.8560300      0.8554720      0.8549100      0.8547750      0.8546400      0.8537910      0.8526300      0.8523450      0.8514280      0.8508200      0.8502400      0.8496600      0.8490700      0.8484900      0.8479100      0.8473300      0.8467500      0.8461900      0.8456300      0.8450700      0.8445300      0.8439900      0.8434700      0.8429600      0.8424600      0.8419700      0.8414900      0.8410200    
  0.8565700      0.8560300      0.8554710      0.8549100      0.8548430      0.8547750      0.8539590      0.8526300      0.8524880      0.8514050      0.8504800      0.8501400      0.8495600      0.8489700      0.8483800      0.8478000      0.8472200      0.8466400      0.8460700      0.8455000      0.8449500      0.8444000      0.8438600      0.8433300      0.8428200      0.8423100      0.8418200      0.8413400      0.8408700      0.8404200    
  0.8560300      0.8554700      0.8549100      0.8548760      0.8548430      0.8540520      0.8526300      0.8525590      0.8513940      0.8503100      0.8501400      0.8498500      0.8492350      0.8482700      0.8476800      0.8471000      0.8465200      0.8459400      0.8453700      0.8448100      0.8442600      0.8437100      0.8431800      0.8426600      0.8421500      0.8416500      0.8411700      0.8407000      0.8402400      0.8398000    
  0.8554700      0.8549100      0.8548930      0.8548760      0.8541000      0.8526300      0.8525940      0.8513900      0.8502250      0.8501400      0.8499950      0.8493740      0.8482700      0.8479750      0.8476830      0.8471000      0.8465200      0.8459430      0.8447200      0.8441000      0.8435500      0.8430100      0.8424900      0.8419700      0.8414700      0.8409800      0.8405100      0.8400500      0.8396000      0.8391700    
  0.8549100      0.8549020      0.8548930      0.8541250      0.8526300      0.8526120      0.8513870      0.8501820      0.8501400      0.8500670      0.8494450      0.8482700      0.8481220      0.8479760      0.8475860      0.8471010      0.8465210      0.8448610      0.8437400      0.8433800      0.8428400      0.8423000      0.8417800      0.8412700      0.8407800      0.8403000      0.8398400      0.8393900      0.8389500      0.8385400    
  0.8549060      0.8549020      0.8541370      0.8526300      0.8526210      0.8513860      0.8501610      0.8501400      0.8501040      0.8494810      0.8482700      0.8481960      0.8481230      0.8478950      0.8475540      0.8470690      0.8450850      0.8435600      0.8433800      0.8427770      0.8421100      0.8415800      0.8410700      0.8405700      0.8400800      0.8396100      0.8391600      0.8387200      0.8383000      0.8378900    
  0.8549060      0.8541440      0.8526300      0.8526260      0.8513860      0.8501510      0.8501400      0.8501220      0.8494990      0.8482700      0.8482330      0.8481960      0.8480710      0.8478570      0.8475060      0.8448670      0.8434700      0.8433800      0.8419500      0.8413750      0.8410620      0.8408600      0.8403500      0.8398500      0.8393800      0.8389100      0.8384700      0.8380400      0.8376300      0.8372400    
  0.8541470      0.8526300      0.8526280      0.8513850      0.8501450      0.8501400      0.8501310      0.8495080      0.8482700      0.8482520      0.8482330      0.8481670      0.8480420      0.8453490      0.8430760      0.8411530      0.8411550      0.8408640      0.8405140      0.8402700      0.8406400      0.8401200      0.8396200      0.8391300      0.8386600      0.8382100      0.8377700      0.8373600      0.8369600      0.8365800    
  0.8526300      0.8526290      0.8513850      0.8501430      0.8501400      0.8501350      0.8495120      0.8482700      0.8482610      0.8482520      0.8482170      0.8481470      0.8434810      0.8379360      0.8379600      0.8391140      0.8388350      0.8389300      0.8395480      0.8398970      0.8399000      0.8393800      0.8388900      0.8384100      0.8379400      0.8375000      0.8370800      0.8366700      0.8362800      0.8359100    
  0.8526290      0.8513850      0.8501410      0.8501400      0.8501380      0.8495140      0.8482700      0.8482650      0.8482610      0.8482430      0.8434310      0.8362700      0.8373610      0.8379130      0.8379120      0.8379600      0.8385050      0.8387400      0.8389300      0.8390950      0.8391500      0.8386400      0.8381500      0.8376800      0.8372200      0.8367900      0.8363700      0.8359800      0.8356000      0.8352500    
  0.8513850      0.8501410      0.8501400      0.8501390      0.8495150      0.8482700      0.8482680      0.8482650      0.8482560      0.8424950      0.8362700      0.8362700      0.8362700      0.8373260      0.8378650      0.8378650      0.8379600      0.8383900      0.8385500      0.8389300      0.8384000      0.8379000      0.8374100      0.8369400      0.8365000      0.8360700      0.8356700      0.8352900      0.8349200      0.8345800    
  0.8501400      0.8501400      0.8501390      0.8495160      0.8482700      0.8482690      0.8482680      0.8445170      0.8406390      0.8362680      0.8362700      0.8362700      0.8362700      0.8362700      0.8372570      0.8377700      0.8377700      0.8379600      0.8381200      0.8381700      0.8376500      0.8371500      0.8366700      0.8362100      0.8357700      0.8353600      0.8349600      0.8345900      0.8342400      0.8339100    
  0.8501400      0.8501400      0.8495160      0.8482700      0.8482690      0.8422570      0.8332400      0.8332600      0.8332800      0.8352680      0.8362640      0.8362700      0.8362700      0.8362700      0.8362700      0.8371220      0.8375810      0.8375800      0.8379600      0.8374200      0.8369000      0.8364000      0.8359300      0.8354700      0.8350500      0.8346400      0.8342600      0.8339000      0.8335600      0.8332500    
  0.8501400      0.8495170      0.8482700      0.8482700      0.8410540      0.8332390      0.8332390      0.8332400      0.8332600      0.8332800      0.8352580      0.8362520      0.8362700      0.8362700      0.8362700      0.8362700      0.8368650      0.8372030      0.8372000      0.8366600      0.8361500      0.8356600      0.8351900      0.8347400      0.8343200      0.8339300      0.8335500      0.8332100      0.8328800      0.8325800    
