iMOD/TUTORIALS/TUT_MetaswapAnalyser/model_MetaSWAP/meteo/Evaporation/Evaporation_20050614_L1.ASC
NCOLS                30
NROWS                30
XLLCORNER     160000.00
YLLCORNER     340000.00
CELLSIZE        1000.00
NODATA_VALUE   -9999.00
   4.770090       4.769150       4.768160       4.767130       4.766070       4.764980       4.763860       4.762730       4.761590       4.760440       4.759300       4.758150       4.757020       4.755900       4.754800       4.753710       4.752660       4.751630       4.750630       4.749660       4.748730       4.747840       4.746990       4.746170       4.745400       4.744670       4.743990       4.743350       4.742750       4.742200    
   4.769740       4.768790       4.767810       4.766780       4.765720       4.764630       4.763530       4.762400       4.761270       4.760120       4.758980       4.757840       4.756710       4.755600       4.754500       4.753420       4.752370       4.751340       4.750340       4.749380       4.748450       4.747560       4.746700       4.745890       4.745120       4.744390       4.743700       4.743060       4.742460       4.741900    
   4.769330       4.768390       4.767400       4.766380       4.765320       4.764240       4.763140       4.762020       4.760890       4.759750       4.758610       4.757480       4.756360       4.755250       4.754150       4.753080       4.752030       4.751000       4.750010       4.749050       4.748120       4.747230       4.746380       4.745560       4.744790       4.744060       4.743370       4.742730       4.742130       4.741570    
   4.768880       4.767940       4.766950       4.765930       4.764870       4.763790       4.762690       4.761580       4.760460       4.759330       4.758200       4.757070       4.755950       4.754840       4.753750       4.752680       4.751640       4.750620       4.749630       4.748670       4.747740       4.746850       4.746000       4.745190       4.744420       4.743690       4.743000       4.742360       4.741760       4.741210    
   4.768390       4.767440       4.766450       4.765430       4.764380       4.763300       4.762210       4.761100       4.759980       4.758850       4.757730       4.756610       4.755500       4.754390       4.753310       4.752240       4.751200       4.750190       4.749200       4.748240       4.747320       4.746440       4.745590       4.744780       4.744010       4.743280       4.742600       4.741960       4.741360       4.740810    
   4.767860       4.766910       4.765920       4.764890       4.763840       4.762770       4.761680       4.760570       4.759460       4.758340       4.757220       4.756100       4.754990       4.753900       4.752820       4.751760       4.750720       4.749710       4.748730       4.747780       4.746860       4.745980       4.745130       4.744330       4.743560       4.742840       4.742160       4.741520       4.740920       4.740370    
   4.767290       4.766330       4.765340       4.764320       4.763270       4.762200       4.761110       4.760000       4.758890       4.757780       4.756660       4.755550       4.754450       4.753360       4.752290       4.751230       4.750200       4.749190       4.748220       4.747270       4.746360       4.745480       4.744640       4.743840       4.743070       4.742350       4.741680       4.741040       4.740450       4.739910    
   4.766690       4.765730       4.764730       4.763700       4.762650       4.761580       4.760500       4.759400       4.758290       4.757180       4.756070       4.754960       4.753870       4.752780       4.751710       4.750660       4.749640       4.748640       4.747660       4.746720       4.745810       4.744940       4.744100       4.743310       4.742550       4.741840       4.741160       4.740530       4.739950       4.739410    
   4.766050       4.765080       4.764080       4.763060       4.762010       4.760940       4.759850       4.758750       4.757650       4.756540       4.755440       4.754330       4.753240       4.752160       4.751100       4.750060       4.749040       4.748040       4.747070       4.746140       4.745230       4.744370       4.743540       4.742750       4.742000       4.741290       4.740620       4.740000       4.739420       4.738880    
   4.765390       4.764410       4.763410       4.762380       4.761330       4.760260       4.759170       4.758080       4.756970       4.755870       4.754770       4.753670       4.752580       4.751510       4.750450       4.749410       4.748400       4.747410       4.746450       4.745520       4.744620       4.743760       4.742930       4.742150       4.741410       4.740700       4.740040       4.739430       4.738850       4.738320    
   4.765380       4.764400       4.762970       4.761670       4.760620       4.759540       4.758460       4.757370       4.756270       4.755160       4.754070       4.752970       4.751890       4.750820       4.749770       4.748730       4.747720       4.746740       4.745790       4.744860       4.743970       4.743120       4.742300       4.741520       4.740780       4.740090       4.739440       4.738830       4.738260       4.737740    
   4.765370       4.763600       4.761670       4.760320       4.759880       4.758810       4.757720       4.756630       4.755530       4.754430       4.753330       4.752240       4.751160       4.750100       4.749050       4.748020       4.747020       4.746040       4.745090       4.744180       4.743290       4.742440       4.741640       4.740860       4.740130       4.739450       4.738800       4.738200       4.737640       4.737130    
   4.764240       4.761670       4.760150       4.759490       4.759110       4.758040       4.756950       4.755860       4.754760       4.753670       4.752570       4.751490       4.750410       4.749350       4.748310       4.747280       4.746280       4.745310       4.744370       4.743460       4.742580       4.741740       4.740940       4.740180       4.739460       4.738780       4.738140       4.737550       4.737000       4.736500    
   4.761670       4.760060       4.759300       4.759110       4.758130       4.757250       4.756160       4.755070       4.753970       4.752880       4.751780       4.750700       4.749630       4.748570       4.747530       4.746520       4.745520       4.744560       4.743620       4.742720       4.741850       4.741010       4.740220       4.739470       4.738750       4.738080       4.737460       4.736870       4.736330       4.735840    
   4.760010       4.759210       4.759110       4.758160       4.757250       4.756250       4.755350       4.754260       4.753160       4.752060       4.750970       4.749890       4.748820       4.747770       4.746730       4.745720       4.744730       4.743770       4.742840       4.741950       4.741080       4.740260       4.739470       4.738730       4.738020       4.737360       4.736750       4.736170       4.735650       4.735160    
   4.759160       4.759110       4.758170       4.757250       4.756280       4.755350       4.754810       4.754260       4.752680       4.751230       4.750140       4.749060       4.747990       4.746940       4.745910       4.744900       4.743920       4.742970       4.742040       4.741150       4.740300       4.739480       4.738700       4.737970       4.737270       4.736620       4.736020       4.735450       4.734940       4.734470    
   4.759110       4.758180       4.757250       4.756290       4.755350       4.755080       4.754800       4.753240       4.751230       4.750680       4.749200       4.748210       4.747140       4.746090       4.745070       4.744060       4.743090       4.742140       4.741220       4.740340       4.739490       4.738680       4.737910       4.737190       4.736500       4.735860       4.735270       4.734720       4.734210       4.733750    
   4.758180       4.757250       4.756300       4.755350       4.755210       4.755080       4.753590       4.751230       4.750960       4.749250       4.747780       4.747340       4.746270       4.745230       4.744200       4.743200       4.742230       4.741290       4.740380       4.739500       4.738660       4.737860       4.737100       4.736380       4.735710       4.735080       4.734500       4.733960       4.733470       4.733020    
   4.757250       4.756300       4.755350       4.755280       4.755210       4.753780       4.751230       4.751090       4.749270       4.747560       4.747340       4.746810       4.745800       4.744340       4.743320       4.742330       4.741360       4.740420       4.739520       4.738650       4.737820       4.737020       4.736270       4.735570       4.734900       4.734280       4.733710       4.733190       4.732710       4.732280    
   4.756300       4.755350       4.755320       4.755280       4.753880       4.751230       4.751160       4.749280       4.747450       4.747340       4.747070       4.746070       4.744340       4.743830       4.743330       4.742340       4.741370       4.740430       4.738650       4.737780       4.736950       4.736170       4.735430       4.734730       4.734080       4.733470       4.732910       4.732400       4.731940       4.731520    
   4.755350       4.755330       4.755320       4.753930       4.751230       4.751200       4.749280       4.747390       4.747340       4.747210       4.746210       4.744340       4.744080       4.743830       4.743170       4.742350       4.741380       4.738940       4.737340       4.736890       4.736080       4.735300       4.734570       4.733880       4.733240       4.732650       4.732100       4.731600       4.731150       4.730750    
   4.755340       4.755330       4.753950       4.751230       4.751210       4.749280       4.747370       4.747340       4.747270       4.746270       4.744340       4.744210       4.744090       4.743690       4.743110       4.742300       4.739330       4.737110       4.736890       4.736050       4.735190       4.734420       4.733700       4.733020       4.732390       4.731810       4.731280       4.730790       4.730360       4.729970    
   4.755340       4.753960       4.751230       4.751220       4.749280       4.747350       4.747340       4.747310       4.746310       4.744340       4.744280       4.744210       4.744000       4.743630       4.743040       4.739180       4.737000       4.736890       4.735040       4.734280       4.733830       4.733530       4.732820       4.732150       4.731540       4.730970       4.730450       4.729980       4.729560       4.729190    
   4.753970       4.751230       4.751230       4.749280       4.747350       4.747340       4.747320       4.746320       4.744340       4.744310       4.744280       4.744160       4.743950       4.740260       4.737000       4.734140       4.734150       4.733720       4.733220       4.732920       4.733380       4.732630       4.731930       4.731270       4.730670       4.730110       4.729610       4.729150       4.728750       4.728400    
   4.751230       4.751230       4.749280       4.747340       4.747340       4.747330       4.746330       4.744340       4.744320       4.744310       4.744250       4.744130       4.737800       4.730330       4.730360       4.731680       4.731280       4.731400       4.732070       4.732460       4.732460       4.731730       4.731030       4.730390       4.729800       4.729260       4.728770       4.728330       4.727940       4.727600    
   4.751230       4.749280       4.747340       4.747340       4.747340       4.746340       4.744340       4.744330       4.744320       4.744290       4.737930       4.728470       4.729690       4.730300       4.730300       4.730360       4.730930       4.731170       4.731400       4.731510       4.731550       4.730820       4.730130       4.729500       4.728920       4.728400       4.727920       4.727500       4.727130       4.726810    
   4.749280       4.747340       4.747340       4.747340       4.746340       4.744340       4.744340       4.744330       4.744320       4.736700       4.728470       4.728470       4.728470       4.729640       4.730250       4.730250       4.730360       4.730780       4.730940       4.731400       4.730630       4.729900       4.729230       4.728610       4.728050       4.727530       4.727070       4.726670       4.726310       4.726010    
   4.747340       4.747340       4.747340       4.746340       4.744340       4.744340       4.744340       4.739520       4.734380       4.728470       4.728470       4.728470       4.728470       4.728470       4.729560       4.730130       4.730130       4.730360       4.730440       4.730470       4.729710       4.728990       4.728330       4.727720       4.727170       4.726670       4.726230       4.725840       4.725500       4.725220    
   4.747340       4.747340       4.746340       4.744340       4.744340       4.736720       4.725300       4.725200       4.725110       4.727340       4.728460       4.728470       4.728470       4.728470       4.728470       4.729400       4.729900       4.729900       4.730360       4.729550       4.728790       4.728090       4.727440       4.726840       4.726300       4.725820       4.725390       4.725020       4.724700       4.724430    
   4.747340       4.746340       4.744340       4.744340       4.735200       4.725300       4.725300       4.725300       4.725200       4.725110       4.727330       4.728450       4.728470       4.728470       4.728470       4.728470       4.729080       4.729440       4.729440       4.728630       4.727880       4.727180       4.726540       4.725960       4.725430       4.724960       4.724550       4.724200       4.723900       4.723660    
