iMOD/TUTORIALS/TUT_MetaswapAnalyser/model_MetaSWAP/meteo/Evaporation/Evaporation_20061125_L1.ASC
NCOLS                30
NROWS                30
XLLCORNER     160000.00
YLLCORNER     340000.00
CELLSIZE        1000.00
NODATA_VALUE   -9999.00
  0.2144500      0.2138500      0.2132500      0.2126500      0.2120700      0.2114900      0.2109200      0.2103500      0.2097900      0.2092500      0.2087100      0.2081700      0.2076500      0.2071400      0.2066300      0.2061300      0.2056500      0.2051700      0.2047000      0.2042400      0.2037900      0.2033500      0.2029200      0.2025000      0.2020900      0.2016900      0.2013000      0.2009200      0.2005500      0.2001900    
  0.2149000      0.2143000      0.2137100      0.2131200      0.2125400      0.2119700      0.2114000      0.2108400      0.2102900      0.2097400      0.2092000      0.2086800      0.2081600      0.2076400      0.2071400      0.2066500      0.2061600      0.2056900      0.2052200      0.2047600      0.2043100      0.2038700      0.2034500      0.2030300      0.2026200      0.2022100      0.2018200      0.2014400      0.2010700      0.2007000    
  0.2153500      0.2147600      0.2141700      0.2135900      0.2130100      0.2124400      0.2118800      0.2113200      0.2107700      0.2102300      0.2097000      0.2091800      0.2086600      0.2081500      0.2076500      0.2071600      0.2066800      0.2062000      0.2057400      0.2052800      0.2048300      0.2044000      0.2039700      0.2035500      0.2031400      0.2027400      0.2023400      0.2019600      0.2015900      0.2012200    
  0.2158000      0.2152100      0.2146300      0.2140500      0.2134800      0.2129200      0.2123600      0.2118100      0.2112600      0.2107300      0.2102000      0.2096800      0.2091600      0.2086600      0.2081600      0.2076700      0.2071900      0.2067200      0.2062500      0.2058000      0.2053500      0.2049200      0.2044900      0.2040700      0.2036600      0.2032600      0.2028600      0.2024800      0.2021100      0.2017400    
  0.2162400      0.2156600      0.2150800      0.2145100      0.2139500      0.2133900      0.2128400      0.2122900      0.2117500      0.2112200      0.2106900      0.2101700      0.2096600      0.2091600      0.2086700      0.2081800      0.2077000      0.2072300      0.2067700      0.2063200      0.2058700      0.2054400      0.2050100      0.2045900      0.2041800      0.2037800      0.2033800      0.2030000      0.2026200      0.2022600    
  0.2166900      0.2161100      0.2155400      0.2149700      0.2144100      0.2138600      0.2133100      0.2127700      0.2122300      0.2117100      0.2111800      0.2106700      0.2101600      0.2096600      0.2091700      0.2086900      0.2082100      0.2077400      0.2072800      0.2068300      0.2063900      0.2059500      0.2055300      0.2051100      0.2047000      0.2043000      0.2039000      0.2035200      0.2031400      0.2027700    
  0.2171300      0.2165600      0.2159900      0.2154300      0.2148800      0.2143300      0.2137800      0.2132500      0.2127200      0.2121900      0.2116800      0.2111600      0.2106600      0.2101600      0.2096800      0.2091900      0.2087200      0.2082500      0.2078000      0.2073500      0.2069000      0.2064700      0.2060400      0.2056300      0.2052200      0.2048200      0.2044200      0.2040400      0.2036600      0.2032900    
  0.2175700      0.2170000      0.2164400      0.2158900      0.2153400      0.2148000      0.2142600      0.2137200      0.2132000      0.2126800      0.2121600      0.2116600      0.2111600      0.2106600      0.2101800      0.2097000      0.2092300      0.2087600      0.2083100      0.2078600      0.2074200      0.2069900      0.2065600      0.2061400      0.2057300      0.2053300      0.2049400      0.2045500      0.2041800      0.2038100    
  0.2180100      0.2174500      0.2168900      0.2163400      0.2158000      0.2152600      0.2147300      0.2142000      0.2136800      0.2131600      0.2126500      0.2121500      0.2116500      0.2111600      0.2106800      0.2102000      0.2097300      0.2092700      0.2088200      0.2083700      0.2079300      0.2075000      0.2070800      0.2066600      0.2062500      0.2058500      0.2054500      0.2050700      0.2046900      0.2043200    
  0.2184400      0.2178900      0.2173400      0.2168000      0.2162600      0.2157200      0.2152000      0.2146700      0.2141500      0.2136400      0.2131400      0.2126400      0.2121400      0.2116600      0.2111800      0.2107000      0.2102400      0.2097800      0.2093300      0.2088800      0.2084400      0.2080100      0.2075900      0.2071700      0.2067600      0.2063600      0.2059700      0.2055800      0.2052000      0.2048300    
  0.2184430      0.2178900      0.2173200      0.2172500      0.2167100      0.2161900      0.2156600      0.2151400      0.2146300      0.2141200      0.2136200      0.2131200      0.2126300      0.2121500      0.2116700      0.2112000      0.2107400      0.2102800      0.2098300      0.2093900      0.2089500      0.2085200      0.2081000      0.2076900      0.2072800      0.2068800      0.2064800      0.2061000      0.2057200      0.2053500    
  0.2184440      0.2177260      0.2172500      0.2171870      0.2171700      0.2166400      0.2161300      0.2156100      0.2151000      0.2146000      0.2141000      0.2136100      0.2131200      0.2126400      0.2121700      0.2117000      0.2112400      0.2107900      0.2103400      0.2099000      0.2094600      0.2090300      0.2086100      0.2082000      0.2077900      0.2073900      0.2069900      0.2066100      0.2062300      0.2058600    
  0.2181050      0.2172500      0.2173630      0.2173950      0.2176200      0.2171000      0.2165900      0.2160800      0.2155700      0.2150700      0.2145800      0.2140900      0.2136100      0.2131300      0.2126600      0.2122000      0.2117400      0.2112900      0.2108400      0.2104000      0.2099700      0.2095400      0.2091200      0.2087100      0.2083000      0.2079000      0.2075100      0.2071200      0.2067400      0.2063700    
  0.2172500      0.2174350      0.2175080      0.2176200      0.2174270      0.2175600      0.2170500      0.2165400      0.2160400      0.2155500      0.2150600      0.2145700      0.2140900      0.2136200      0.2131500      0.2126900      0.2122300      0.2117800      0.2113400      0.2109000      0.2104700      0.2100500      0.2096300      0.2092100      0.2088100      0.2084100      0.2080100      0.2076300      0.2072500      0.2068700    
  0.2174670      0.2175640      0.2176200      0.2175360      0.2175600      0.2173700      0.2175000      0.2170000      0.2165100      0.2160200      0.2155300      0.2150500      0.2145800      0.2141100      0.2136400      0.2131800      0.2127300      0.2122800      0.2118400      0.2114000      0.2109700      0.2105500      0.2101300      0.2097200      0.2093100      0.2089100      0.2085200      0.2081300      0.2077500      0.2073800    
  0.2175920      0.2176200      0.2175720      0.2175600      0.2174770      0.2175000      0.2172500      0.2170030      0.2165050      0.2164900      0.2160000      0.2155300      0.2150600      0.2145900      0.2141300      0.2136700      0.2132200      0.2127800      0.2123400      0.2119000      0.2114700      0.2110500      0.2106300      0.2102200      0.2098200      0.2094200      0.2090300      0.2086400      0.2082600      0.2078800    
  0.2176200      0.2175840      0.2175600      0.2175120      0.2175000      0.2173750      0.2172510      0.2168120      0.2164900      0.2162450      0.2160980      0.2160000      0.2155300      0.2150700      0.2146100      0.2141600      0.2137100      0.2132700      0.2128300      0.2124000      0.2119700      0.2115500      0.2111300      0.2107200      0.2103200      0.2099200      0.2095300      0.2091400      0.2087600      0.2083900    
  0.2175880      0.2175600      0.2175240      0.2175000      0.2174380      0.2173750      0.2169820      0.2164900      0.2163670      0.2163080      0.2162350      0.2164700      0.2160100      0.2155500      0.2150900      0.2146400      0.2142000      0.2137600      0.2133200      0.2128900      0.2124700      0.2120500      0.2116300      0.2112200      0.2108200      0.2104200      0.2100300      0.2096400      0.2092600      0.2088900    
  0.2175600      0.2175280      0.2175000      0.2174690      0.2174380      0.2170710      0.2164900      0.2164290      0.2163980      0.2163530      0.2164700      0.2162400      0.2160130      0.2160200      0.2155700      0.2151200      0.2146800      0.2142400      0.2138100      0.2133800      0.2129600      0.2125400      0.2121300      0.2117200      0.2113200      0.2109200      0.2105300      0.2101400      0.2097600      0.2093900    
  0.2175290      0.2175000      0.2174840      0.2174690      0.2171170      0.2164900      0.2164590      0.2164400      0.2164110      0.2164700      0.2163550      0.2161860      0.2160200      0.2157950      0.2155700      0.2151230      0.2146800      0.2142430      0.2139320      0.2138700      0.2134500      0.2130300      0.2126200      0.2122200      0.2118100      0.2114200      0.2110300      0.2106400      0.2102600      0.2098800    
  0.2175000      0.2174920      0.2174840      0.2171400      0.2164900      0.2164750      0.2164600      0.2164410      0.2164700      0.2164120      0.2162580      0.2160200      0.2159080      0.2157950      0.2154960      0.2151240      0.2146820      0.2142660      0.2141150      0.2143600      0.2139400      0.2135200      0.2131100      0.2127100      0.2123100      0.2119100      0.2115200      0.2111300      0.2107500      0.2103800    
  0.2174960      0.2174920      0.2171520      0.2164900      0.2164820      0.2164700      0.2164550      0.2164700      0.2164410      0.2162900      0.2160200      0.2159640      0.2159080      0.2157330      0.2154720      0.2151010      0.2145340      0.2142370      0.2143600      0.2142430      0.2144300      0.2140100      0.2136000      0.2132000      0.2128000      0.2124000      0.2120100      0.2116300      0.2112500      0.2108700    
  0.2174960      0.2171570      0.2164900      0.2164860      0.2164750      0.2164630      0.2164700      0.2164560      0.2163050      0.2160200      0.2159920      0.2159640      0.2158680      0.2157040      0.2154350      0.2150390      0.2142990      0.2143600      0.2147860      0.2149100      0.2146620      0.2145000      0.2140900      0.2136900      0.2132900      0.2128900      0.2125000      0.2121200      0.2117400      0.2113600    
  0.2171600      0.2164900      0.2164880      0.2164770      0.2164660      0.2164700      0.2164630      0.2163130      0.2160200      0.2160060      0.2159920      0.2159410      0.2158450      0.2163920      0.2163110      0.2157890      0.2157900      0.2156310      0.2154690      0.2156300      0.2153900      0.2149800      0.2145700      0.2141700      0.2137700      0.2133800      0.2129900      0.2126000      0.2122200      0.2118500    
  0.2164900      0.2164890      0.2164790      0.2164680      0.2164700      0.2164660      0.2163160      0.2160200      0.2160130      0.2160060      0.2159800      0.2159260      0.2170680      0.2185740      0.2185600      0.2173390      0.2172790      0.2172200      0.2163190      0.2158670      0.2158700      0.2154600      0.2150500      0.2146500      0.2142600      0.2138600      0.2134700      0.2130900      0.2127100      0.2123300    
  0.2164900      0.2164790      0.2164690      0.2164700      0.2164680      0.2163180      0.2160200      0.2160170      0.2160130      0.2160000      0.2177100      0.2203200      0.2191680      0.2185880      0.2185880      0.2185600      0.2177260      0.2173370      0.2172200      0.2165600      0.2163400      0.2159300      0.2155300      0.2151300      0.2147400      0.2143400      0.2139600      0.2135700      0.2131900      0.2128100    
  0.2164800      0.2164700      0.2164700      0.2164690      0.2163190      0.2160200      0.2160180      0.2160170      0.2160100      0.2180730      0.2203200      0.2203200      0.2203200      0.2191880      0.2186160      0.2186160      0.2185600      0.2177850      0.2174550      0.2172200      0.2168100      0.2164100      0.2160100      0.2156100      0.2152100      0.2148200      0.2144300      0.2140500      0.2136700      0.2132900    
  0.2164700      0.2164700      0.2164700      0.2163200      0.2160200      0.2160190      0.2160180      0.2177340      0.2190820      0.2203210      0.2203200      0.2203200      0.2203200      0.2203200      0.2192290      0.2186730      0.2186720      0.2185600      0.2179050      0.2176900      0.2172800      0.2168800      0.2164800      0.2160800      0.2156900      0.2153000      0.2149100      0.2145300      0.2141400      0.2137700    
  0.2164700      0.2164700      0.2163200      0.2160200      0.2160200      0.2190920      0.2237000      0.2232950      0.2228900      0.2211800      0.2203240      0.2203200      0.2203200      0.2203200      0.2203200      0.2193070      0.2187860      0.2187850      0.2185600      0.2181500      0.2177500      0.2173500      0.2169500      0.2165500      0.2161600      0.2157700      0.2153800      0.2150000      0.2146200      0.2142400    
  0.2164700      0.2163200      0.2160200      0.2160200      0.2197070      0.2237010      0.2237010      0.2237000      0.2232950      0.2228900      0.2211860      0.2203310      0.2203200      0.2203200      0.2203200      0.2203200      0.2194500      0.2190130      0.2190100      0.2186100      0.2182100      0.2178100      0.2174100      0.2170200      0.2166300      0.2162400      0.2158500      0.2154700      0.2150900      0.2147100    
