iMOD/TUTORIALS/TUT_MetaswapAnalyser/model_MetaSWAP/meteo/Evaporation/Evaporation_20060807_L1.ASC
NCOLS                30
NROWS                30
XLLCORNER     160000.00
YLLCORNER     340000.00
CELLSIZE        1000.00
NODATA_VALUE   -9999.00
   2.565710       2.563610       2.561470       2.559300       2.557100       2.554870       2.552620       2.550360       2.548090       2.545810       2.543530       2.541260       2.539000       2.536740       2.534510       2.532290       2.530100       2.527940       2.525800       2.523700       2.521640       2.519610       2.517620       2.515680       2.513780       2.511920       2.510120       2.508370       2.506660       2.505010    
   2.572200       2.570200       2.568150       2.566070       2.563970       2.561830       2.559680       2.557510       2.555320       2.553140       2.550940       2.548760       2.546570       2.544400       2.542240       2.540100       2.537970       2.535880       2.533810       2.531760       2.529750       2.527780       2.525840       2.523950       2.522090       2.520280       2.518510       2.516790       2.515120       2.513500    
   2.578700       2.576790       2.574840       2.572850       2.570840       2.568790       2.566730       2.564650       2.562560       2.560460       2.558350       2.556240       2.554140       2.552040       2.549960       2.547890       2.545840       2.543800       2.541800       2.539810       2.537860       2.535940       2.534050       2.532200       2.530390       2.528620       2.526890       2.525210       2.523560       2.521970    
   2.585200       2.583380       2.581520       2.579630       2.577710       2.575760       2.573780       2.571790       2.569790       2.567770       2.565750       2.563720       2.561700       2.559680       2.557670       2.555670       2.553690       2.551720       2.549770       2.547850       2.545960       2.544090       2.542250       2.540450       2.538680       2.536950       2.535260       2.533610       2.532000       2.530430    
   2.591710       2.589980       2.588210       2.586410       2.584570       2.582710       2.580830       2.578930       2.577010       2.575080       2.573140       2.571190       2.569250       2.567310       2.565370       2.563440       2.561520       2.559620       2.557740       2.555880       2.554040       2.552230       2.550440       2.548680       2.546960       2.545270       2.543610       2.542000       2.540420       2.538880    
   2.598220       2.596580       2.594900       2.593190       2.591440       2.589670       2.587870       2.586060       2.584220       2.582380       2.580520       2.578660       2.576790       2.574920       2.573060       2.571200       2.569350       2.567520       2.565700       2.563890       2.562110       2.560350       2.558610       2.556900       2.555220       2.553570       2.551950       2.550370       2.548830       2.547320    
   2.604730       2.603180       2.601590       2.599960       2.598310       2.596620       2.594910       2.593180       2.591430       2.589670       2.587890       2.586110       2.584320       2.582530       2.580730       2.578950       2.577170       2.575390       2.573640       2.571890       2.570160       2.568450       2.566770       2.565110       2.563470       2.561860       2.560280       2.558730       2.557220       2.555740    
   2.611250       2.609780       2.608280       2.606740       2.605170       2.603570       2.601950       2.600300       2.598640       2.596950       2.595260       2.593550       2.591840       2.590120       2.588400       2.586680       2.584970       2.583260       2.581560       2.579880       2.578200       2.576550       2.574910       2.573290       2.571700       2.570130       2.568590       2.567080       2.565600       2.564150    
   2.617760       2.616380       2.614970       2.613520       2.612030       2.610520       2.608980       2.607420       2.605830       2.604230       2.602610       2.600980       2.599350       2.597700       2.596050       2.594400       2.592760       2.591110       2.589470       2.587850       2.586230       2.584620       2.583040       2.581470       2.579920       2.578390       2.576880       2.575410       2.573960       2.572530    
   2.624280       2.622980       2.621650       2.620290       2.618890       2.617460       2.616000       2.614520       2.613020       2.611500       2.609960       2.608410       2.606840       2.605270       2.603690       2.602110       2.600530       2.598950       2.597370       2.595800       2.594240       2.592690       2.591150       2.589620       2.588120       2.586630       2.585160       2.583720       2.582300       2.580900    
   2.624270       2.622970       2.622990       2.627050       2.625740       2.624390       2.623020       2.621620       2.620200       2.618750       2.617290       2.615820       2.614330       2.612830       2.611320       2.609810       2.608290       2.606770       2.605250       2.603740       2.602230       2.600730       2.599240       2.597760       2.596300       2.594850       2.593420       2.592010       2.590620       2.589260    
   2.624250       2.624320       2.627050       2.631200       2.632580       2.631320       2.630030       2.628710       2.627370       2.626000       2.624620       2.623220       2.621800       2.620370       2.618930       2.617480       2.616030       2.614580       2.613120       2.611660       2.610210       2.608760       2.607310       2.605880       2.604460       2.603050       2.601660       2.600280       2.598920       2.597590    
   2.625280       2.627050       2.633420       2.636000       2.639420       2.638240       2.637030       2.635790       2.634520       2.633240       2.631930       2.630600       2.629260       2.627900       2.626530       2.625150       2.623760       2.622360       2.620960       2.619560       2.618160       2.616760       2.615370       2.613980       2.612600       2.611230       2.609880       2.608530       2.607210       2.605900    
   2.627050       2.634400       2.637710       2.639420       2.640940       2.645150       2.644020       2.642860       2.641670       2.640460       2.639230       2.637970       2.636700       2.635410       2.634110       2.632790       2.631470       2.630140       2.628790       2.627450       2.626100       2.624750       2.623410       2.622060       2.620730       2.619400       2.618070       2.616770       2.615470       2.614190    
   2.634860       2.638570       2.639420       2.641840       2.645150       2.646720       2.651000       2.649910       2.648800       2.647670       2.646510       2.645330       2.644130       2.642910       2.641670       2.640420       2.639160       2.637890       2.636610       2.635320       2.634020       2.632720       2.631420       2.630120       2.628830       2.627540       2.626250       2.624970       2.623710       2.622460    
   2.638990       2.639420       2.642140       2.645150       2.647620       2.651000       2.650450       2.649900       2.650310       2.654860       2.653780       2.652670       2.651540       2.650390       2.649220       2.648040       2.646840       2.645620       2.644400       2.643160       2.641920       2.640670       2.639420       2.638160       2.636910       2.635650       2.634400       2.633160       2.631920       2.630700    
   2.639420       2.642240       2.645150       2.647920       2.651000       2.650730       2.650450       2.651380       2.654860       2.654320       2.657720       2.659990       2.658930       2.657850       2.656750       2.655630       2.654490       2.653340       2.652170       2.650990       2.649800       2.648600       2.647390       2.646180       2.644960       2.643750       2.642530       2.641320       2.640120       2.638920    
   2.642270       2.645150       2.648030       2.651000       2.650860       2.650730       2.651860       2.654860       2.654590       2.659570       2.663650       2.667300       2.666310       2.665300       2.664260       2.663200       2.662120       2.661030       2.659920       2.658790       2.657650       2.656500       2.655340       2.654170       2.652990       2.651820       2.650640       2.649460       2.648280       2.647110    
   2.645150       2.648060       2.651000       2.650930       2.650860       2.652080       2.654860       2.654730       2.660360       2.665470       2.667300       2.666810       2.667910       2.672720       2.671750       2.670750       2.669740       2.668700       2.667640       2.666570       2.665480       2.664380       2.663260       2.662140       2.661000       2.659860       2.658710       2.657570       2.656420       2.655270    
   2.648070       2.651000       2.650970       2.650930       2.652180       2.654860       2.654790       2.660730       2.666390       2.667300       2.667050       2.668680       2.672720       2.672240       2.671740       2.670750       2.669730       2.668690       2.671860       2.674330       2.673290       2.672230       2.671160       2.670080       2.668980       2.667880       2.666770       2.665650       2.664530       2.663410    
   2.651000       2.650980       2.650970       2.652240       2.654860       2.654830       2.660900       2.666840       2.667300       2.667180       2.668940       2.672720       2.672480       2.672230       2.671570       2.670740       2.669720       2.674110       2.678190       2.682060       2.681070       2.680060       2.679030       2.677990       2.676940       2.675870       2.674790       2.673700       2.672610       2.671520    
   2.650990       2.650980       2.652260       2.654860       2.654840       2.660990       2.667070       2.667300       2.667240       2.669030       2.672720       2.672600       2.672480       2.672090       2.671510       2.670680       2.675350       2.680130       2.682060       2.683980       2.688820       2.687860       2.686880       2.685880       2.684860       2.683830       2.682780       2.681720       2.680660       2.679590    
   2.650990       2.652270       2.654860       2.654850       2.661040       2.667190       2.667300       2.667270       2.669070       2.672720       2.672660       2.672600       2.672390       2.672030       2.671430       2.680720       2.681090       2.682060       2.692670       2.696540       2.695990       2.695640       2.694700       2.693740       2.692760       2.691760       2.690740       2.689720       2.688680       2.687630    
   2.652280       2.654860       2.654860       2.661060       2.667240       2.667300       2.667280       2.669090       2.672720       2.672690       2.672660       2.672550       2.672340       2.689820       2.700060       2.704950       2.704960       2.705090       2.705510       2.708090       2.704250       2.703380       2.702480       2.701560       2.700620       2.699660       2.698670       2.697680       2.696660       2.695640    
   2.654860       2.654860       2.661070       2.667270       2.667300       2.667290       2.669100       2.672720       2.672700       2.672690       2.672630       2.672520       2.704450       2.743650       2.743420       2.727800       2.728790       2.727850       2.717370       2.711910       2.711920       2.711090       2.710240       2.709360       2.708450       2.707520       2.706570       2.705600       2.704620       2.703620    
   2.654860       2.661070       2.667290       2.667300       2.667300       2.669100       2.672720       2.672710       2.672700       2.672680       2.709910       2.765860       2.751240       2.743880       2.743880       2.743420       2.734020       2.729730       2.727850       2.721620       2.719550       2.718770       2.717960       2.717120       2.716250       2.715350       2.714430       2.713490       2.712530       2.711550    
   2.661080       2.667290       2.667300       2.667300       2.669100       2.672720       2.672720       2.672710       2.672700       2.717400       2.765860       2.765860       2.765860       2.751590       2.744340       2.744340       2.743420       2.735070       2.731620       2.727850       2.727160       2.726420       2.725650       2.724850       2.724010       2.723150       2.722260       2.721340       2.720410       2.719450    
   2.667300       2.667300       2.667300       2.669110       2.672720       2.672720       2.672720       2.704910       2.734670       2.765880       2.765860       2.765860       2.765860       2.765860       2.752260       2.745270       2.745270       2.743420       2.737380       2.735380       2.734720       2.734030       2.733310       2.732540       2.731740       2.730910       2.730040       2.729160       2.728240       2.727310    
   2.667300       2.667300       2.669110       2.672720       2.672720       2.726970       2.808330       2.804920       2.801510       2.777800       2.765920       2.765860       2.765860       2.765860       2.765860       2.753550       2.747120       2.747120       2.743420       2.742860       2.742260       2.741610       2.740920       2.740190       2.739430       2.738630       2.737790       2.736930       2.736040       2.735130    
   2.667300       2.669110       2.672720       2.672720       2.737820       2.808340       2.808340       2.808330       2.804920       2.801510       2.777900       2.766040       2.765860       2.765860       2.765860       2.765860       2.755970       2.750810       2.750820       2.750310       2.749750       2.749150       2.748500       2.747810       2.747080       2.746300       2.745500       2.744660       2.743790       2.742900    
