iMOD/TUTORIALS/TUT_MetaswapAnalyser/model_MetaSWAP/meteo/Evaporation/Evaporation_20050208_L1.ASC
NCOLS                30
NROWS                30
XLLCORNER     160000.00
YLLCORNER     340000.00
CELLSIZE        1000.00
NODATA_VALUE   -9999.00
  0.7758000      0.7760200      0.7762400      0.7764600      0.7766800      0.7769000      0.7771100      0.7773100      0.7775200      0.7777200      0.7779100      0.7781000      0.7782900      0.7784700      0.7786400      0.7788200      0.7789800      0.7791400      0.7792900      0.7794400      0.7795800      0.7797100      0.7798400      0.7799600      0.7800800      0.7801800      0.7802800      0.7803700      0.7804500      0.7805300    
  0.7769100      0.7771300      0.7773600      0.7775800      0.7778000      0.7780100      0.7782200      0.7784300      0.7786400      0.7788400      0.7790300      0.7792200      0.7794100      0.7795900      0.7797700      0.7799400      0.7801000      0.7802600      0.7804100      0.7805600      0.7807000      0.7808300      0.7809600      0.7810800      0.7811900      0.7812900      0.7813900      0.7814800      0.7815600      0.7816300    
  0.7780300      0.7782500      0.7784800      0.7787000      0.7789200      0.7791400      0.7793500      0.7795600      0.7797600      0.7799700      0.7801600      0.7803500      0.7805400      0.7807200      0.7809000      0.7810700      0.7812300      0.7813900      0.7815400      0.7816900      0.7818300      0.7819600      0.7820800      0.7822000      0.7823100      0.7824100      0.7825100      0.7825900      0.7826700      0.7827400    
  0.7791500      0.7793800      0.7796000      0.7798300      0.7800500      0.7802700      0.7804800      0.7806900      0.7809000      0.7811000      0.7813000      0.7814900      0.7816800      0.7818600      0.7820300      0.7822000      0.7823700      0.7825300      0.7826800      0.7828200      0.7829600      0.7830900      0.7832100      0.7833300      0.7834400      0.7835400      0.7836300      0.7837100      0.7837900      0.7838600    
  0.7802800      0.7805100      0.7807400      0.7809600      0.7811800      0.7814000      0.7816200      0.7818300      0.7820400      0.7822400      0.7824400      0.7826300      0.7828200      0.7830000      0.7831800      0.7833500      0.7835100      0.7836700      0.7838200      0.7839600      0.7841000      0.7842300      0.7843500      0.7844600      0.7845700      0.7846700      0.7847600      0.7848400      0.7849100      0.7849800    
  0.7814100      0.7816400      0.7818700      0.7821000      0.7823300      0.7825500      0.7827600      0.7829700      0.7831800      0.7833900      0.7835800      0.7837800      0.7839600      0.7841500      0.7843200      0.7844900      0.7846600      0.7848100      0.7849600      0.7851000      0.7852400      0.7853700      0.7854900      0.7856000      0.7857000      0.7858000      0.7858900      0.7859700      0.7860400      0.7861000    
  0.7825500      0.7827900      0.7830200      0.7832500      0.7834700      0.7836900      0.7839100      0.7841200      0.7843300      0.7845400      0.7847400      0.7849300      0.7851200      0.7853000      0.7854700      0.7856400      0.7858100      0.7859600      0.7861100      0.7862500      0.7863900      0.7865200      0.7866300      0.7867400      0.7868500      0.7869400      0.7870300      0.7871000      0.7871700      0.7872300    
  0.7837000      0.7839300      0.7841700      0.7844000      0.7846200      0.7848400      0.7850600      0.7852800      0.7854900      0.7856900      0.7858900      0.7860900      0.7862700      0.7864600      0.7866300      0.7868000      0.7869600      0.7871200      0.7872700      0.7874100      0.7875400      0.7876700      0.7877800      0.7878900      0.7879900      0.7880900      0.7881700      0.7882500      0.7883100      0.7883700    
  0.7848500      0.7850800      0.7853200      0.7855500      0.7857800      0.7860000      0.7862200      0.7864400      0.7866500      0.7868500      0.7870500      0.7872500      0.7874400      0.7876200      0.7877900      0.7879600      0.7881300      0.7882800      0.7884300      0.7885700      0.7887000      0.7888200      0.7889400      0.7890500      0.7891500      0.7892400      0.7893200      0.7893900      0.7894500      0.7895100    
  0.7860000      0.7862400      0.7864700      0.7867100      0.7869400      0.7871600      0.7873800      0.7876000      0.7878100      0.7880200      0.7882200      0.7884100      0.7886000      0.7887800      0.7889600      0.7891300      0.7892900      0.7894500      0.7895900      0.7897300      0.7898600      0.7899900      0.7901000      0.7902100      0.7903000      0.7903900      0.7904700      0.7905400      0.7906000      0.7906500    
  0.7860000      0.7862370      0.7868220      0.7878700      0.7881000      0.7883300      0.7885500      0.7887700      0.7889800      0.7891900      0.7893900      0.7895800      0.7897700      0.7899600      0.7901300      0.7903000      0.7904600      0.7906200      0.7907600      0.7909000      0.7910300      0.7911500      0.7912600      0.7913700      0.7914600      0.7915500      0.7916200      0.7916900      0.7917500      0.7918000    
  0.7859990      0.7867320      0.7878700      0.7889200      0.7892700      0.7894900      0.7897200      0.7899400      0.7901500      0.7903600      0.7905600      0.7907600      0.7909500      0.7911300      0.7913100      0.7914700      0.7916400      0.7917900      0.7919300      0.7920700      0.7922000      0.7923200      0.7924300      0.7925300      0.7926300      0.7927100      0.7927800      0.7928500      0.7929000      0.7929500    
  0.7865900      0.7878700      0.7892710      0.7898550      0.7904400      0.7906700      0.7908900      0.7911100      0.7913200      0.7915300      0.7917400      0.7919300      0.7921200      0.7923100      0.7924800      0.7926500      0.7928100      0.7929700      0.7931100      0.7932500      0.7933700      0.7934900      0.7936000      0.7937000      0.7937900      0.7938700      0.7939500      0.7940100      0.7940600      0.7941000    
  0.7878700      0.7894320      0.7901480      0.7904400      0.7909830      0.7918400      0.7920700      0.7922900      0.7925000      0.7927100      0.7929200      0.7931100      0.7933000      0.7934900      0.7936600      0.7938300      0.7939900      0.7941500      0.7942900      0.7944200      0.7945500      0.7946700      0.7947800      0.7948700      0.7949600      0.7950400      0.7951100      0.7951700      0.7952200      0.7952600    
  0.7895090      0.7902940      0.7904400      0.7910880      0.7918400      0.7923830      0.7932400      0.7934700      0.7936800      0.7938900      0.7941000      0.7943000      0.7944900      0.7946700      0.7948500      0.7950200      0.7951800      0.7953300      0.7954700      0.7956100      0.7957300      0.7958500      0.7959500      0.7960500      0.7961400      0.7962100      0.7962800      0.7963400      0.7963800      0.7964200    
  0.7903670      0.7904400      0.7911230      0.7918400      0.7924880      0.7932400      0.7933550      0.7934630      0.7940300      0.7950800      0.7952800      0.7954800      0.7956700      0.7958600      0.7960300      0.7962000      0.7963600      0.7965100      0.7966600      0.7967900      0.7969100      0.7970300      0.7971300      0.7972300      0.7973100      0.7973900      0.7974500      0.7975100      0.7975500      0.7975800    
  0.7904400      0.7911340      0.7918400      0.7925230      0.7932400      0.7932980      0.7933530      0.7939820      0.7950800      0.7951800      0.7960740      0.7966700      0.7968600      0.7970500      0.7972200      0.7973900      0.7975500      0.7977000      0.7978400      0.7979800      0.7981000      0.7982100      0.7983100      0.7984100      0.7984900      0.7985600      0.7986200      0.7986800      0.7987200      0.7987500    
  0.7911380      0.7918400      0.7925340      0.7932400      0.7932690      0.7932970      0.7939280      0.7950800      0.7951300      0.7962920      0.7972650      0.7978600      0.7980500      0.7982400      0.7984100      0.7985800      0.7987400      0.7988900      0.7990300      0.7991600      0.7992900      0.7994000      0.7995000      0.7995900      0.7996700      0.7997400      0.7998000      0.7998500      0.7998800      0.7999100    
  0.7918400      0.7925380      0.7932400      0.7932540      0.7932690      0.7938930      0.7950800      0.7951050      0.7963850      0.7975630      0.7978600      0.7979550      0.7983950      0.7994300      0.7996000      0.7997700      0.7999300      0.8000800      0.8002200      0.8003500      0.8004700      0.8005800      0.8006800      0.8007700      0.8008500      0.8009200      0.8009700      0.8010200      0.8010500      0.8010800    
  0.7925390      0.7932400      0.7932470      0.7932540      0.7938740      0.7950800      0.7950920      0.7964280      0.7977110      0.7978600      0.7979080      0.7984100      0.7994300      0.7995150      0.7996000      0.7997670      0.7999270      0.8000770      0.8009860      0.8015400      0.8016600      0.8017700      0.8018700      0.8019600      0.8020300      0.8021000      0.8021500      0.8021900      0.8022300      0.8022500    
  0.7932400      0.7932440      0.7932470      0.7938640      0.7950800      0.7950860      0.7964490      0.7977860      0.7978600      0.7978840      0.7984020      0.7994300      0.7994730      0.7995150      0.7996270      0.7997640      0.7999230      0.8011740      0.8021400      0.8027400      0.8028500      0.8029600      0.8030600      0.8031400      0.8032200      0.8032800      0.8033300      0.8033700      0.8034000      0.8034200    
  0.7932420      0.7932440      0.7938590      0.7950800      0.7950830      0.7964600      0.7978230      0.7978600      0.7978720      0.7983940      0.7994300      0.7994510      0.7994730      0.7995380      0.7996360      0.7997720      0.8012080      0.8024400      0.8027400      0.8032130      0.8040500      0.8041500      0.8042500      0.8043300      0.8044000      0.8044600      0.8045100      0.8045400      0.8045700      0.8045800    
  0.7932420      0.7938560      0.7950800      0.7950820      0.7964650      0.7978410      0.7978600      0.7978660      0.7983890      0.7994300      0.7994410      0.7994510      0.7994870      0.7995490      0.7996490      0.8019040      0.8025900      0.8027400      0.8045550      0.8052400      0.8053000      0.8053400      0.8054300      0.8055100      0.8055800      0.8056400      0.8056900      0.8057200      0.8057400      0.8057500    
  0.7938550      0.7950800      0.7950810      0.7964670      0.7978510      0.7978600      0.7978630      0.7983860      0.7994300      0.7994350      0.7994410      0.7994600      0.7994960      0.8027060      0.8048960      0.8063150      0.8063150      0.8064430      0.8066280      0.8070250      0.8064300      0.8065300      0.8066200      0.8067000      0.8067700      0.8068200      0.8068600      0.8068900      0.8069100      0.8069200    
  0.7950800      0.7950800      0.7964690      0.7978550      0.7978600      0.7978620      0.7983850      0.7994300      0.7994330      0.7994350      0.7994450      0.7994650      0.8052100      0.8121770      0.8121400      0.8098220      0.8100390      0.8098900      0.8084040      0.8076200      0.8076200      0.8077200      0.8078100      0.8078900      0.8079500      0.8080000      0.8080400      0.8080700      0.8080800      0.8080900    
  0.7950800      0.7964690      0.7978580      0.7978600      0.7978610      0.7983840      0.7994300      0.7994310      0.7994330      0.7994380      0.8058890      0.8155500      0.8133320      0.8122140      0.8122140      0.8121400      0.8107950      0.8101870      0.8098900      0.8090800      0.8088100      0.8089100      0.8090000      0.8090700      0.8091300      0.8091800      0.8092200      0.8092400      0.8092500      0.8092500    
  0.7964700      0.7978590      0.7978600      0.7978600      0.7983840      0.7994300      0.7994310      0.7994310      0.7994340      0.8071720      0.8155500      0.8155500      0.8155500      0.8133860      0.8122870      0.8122870      0.8121400      0.8109640      0.8104850      0.8098900      0.8100000      0.8101000      0.8101800      0.8102600      0.8103100      0.8103600      0.8103900      0.8104100      0.8104200      0.8104200    
  0.7978590      0.7978600      0.7978600      0.7983840      0.7994300      0.7994300      0.7994310      0.8048760      0.8100410      0.8155530      0.8155500      0.8155500      0.8155500      0.8155500      0.8134930      0.8124350      0.8124350      0.8121400      0.8113420      0.8110800      0.8111900      0.8112800      0.8113700      0.8114400      0.8114900      0.8115400      0.8115700      0.8115800      0.8115900      0.8115800    
  0.7978600      0.7978600      0.7983830      0.7994300      0.7994300      0.8085310      0.8221800      0.8216950      0.8212100      0.8174450      0.8155600      0.8155500      0.8155500      0.8155500      0.8155500      0.8137010      0.8127300      0.8127300      0.8121400      0.8122600      0.8123700      0.8124700      0.8125500      0.8126200      0.8126700      0.8127100      0.8127400      0.8127500      0.8127500      0.8127400    
  0.7978600      0.7983830      0.7994300      0.7994300      0.8103520      0.8221820      0.8221820      0.8221800      0.8216950      0.8212100      0.8174620      0.8155790      0.8155500      0.8155500      0.8155500      0.8155500      0.8140910      0.8133200      0.8133200      0.8134400      0.8135500      0.8136500      0.8137300      0.8137900      0.8138500      0.8138800      0.8139100      0.8139200      0.8139100      0.8139000    
