iMOD/TUTORIALS/TUT_MetaswapAnalyser/model_MetaSWAP/meteo/Evaporation/Evaporation_20050715_L1.ASC
NCOLS                30
NROWS                30
XLLCORNER     160000.00
YLLCORNER     340000.00
CELLSIZE        1000.00
NODATA_VALUE   -9999.00
   4.252440       4.245110       4.237670       4.230140       4.222530       4.214830       4.207070       4.199250       4.191380       4.183470       4.175530       4.167560       4.159580       4.151590       4.143590       4.135600       4.127630       4.119660       4.111720       4.103810       4.095920       4.088070       4.080260       4.072500       4.064770       4.057100       4.049480       4.041920       4.034410       4.026960    
   4.250250       4.242890       4.235430       4.227870       4.220240       4.212530       4.204750       4.196910       4.189030       4.181110       4.173160       4.165190       4.157200       4.149200       4.141200       4.133200       4.125220       4.117250       4.109310       4.101390       4.093510       4.085660       4.077850       4.070080       4.062370       4.054700       4.047090       4.039530       4.032030       4.024590    
   4.247910       4.240520       4.233030       4.225460       4.217800       4.210070       4.202280       4.194430       4.186540       4.178600       4.170640       4.162660       4.154660       4.146660       4.138650       4.130650       4.122670       4.114700       4.106750       4.098840       4.090950       4.083110       4.075300       4.067540       4.059830       4.052170       4.044570       4.037020       4.029530       4.022100    
   4.245440       4.238010       4.230500       4.222900       4.215220       4.207470       4.199660       4.191800       4.183890       4.175950       4.167980       4.159990       4.151990       4.143980       4.135970       4.127970       4.119980       4.112010       4.104070       4.096150       4.088270       4.080430       4.072630       4.064870       4.057170       4.049520       4.041920       4.034390       4.026910       4.019490    
   4.242830       4.235380       4.227830       4.220200       4.212500       4.204740       4.196910       4.189040       4.181120       4.173170       4.165190       4.157190       4.149180       4.141160       4.133150       4.125150       4.117160       4.109190       4.101250       4.093340       4.085460       4.077620       4.069830       4.062080       4.054390       4.046750       4.039170       4.031640       4.024180       4.016780    
   4.240100       4.232610       4.225040       4.217390       4.209660       4.201880       4.194030       4.186140       4.178210       4.170250       4.162260       4.154260       4.146240       4.138220       4.130210       4.122200       4.114210       4.106240       4.098300       4.090400       4.082520       4.074700       4.066910       4.059180       4.051490       4.043860       4.036290       4.028790       4.021340       4.013960    
   4.237250       4.229730       4.222120       4.214450       4.206700       4.198890       4.191030       4.183130       4.175180       4.167210       4.159210       4.151200       4.143180       4.135150       4.127140       4.119130       4.111140       4.103180       4.095240       4.087340       4.079470       4.071650       4.063880       4.056150       4.048480       4.040870       4.033310       4.025820       4.018390       4.011030    
   4.234290       4.226730       4.219100       4.211390       4.203620       4.195790       4.187920       4.179990       4.172040       4.164050       4.156040       4.148020       4.140000       4.131970       4.123950       4.115940       4.107960       4.099990       4.092060       4.084170       4.076310       4.068500       4.060730       4.053020       4.045370       4.037770       4.030230       4.022760       4.015350       4.008010    
   4.231220       4.223630       4.215970       4.208230       4.200440       4.192590       4.184690       4.176750       4.168780       4.160780       4.152760       4.144740       4.136700       4.128670       4.120650       4.112650       4.104660       4.096700       4.088770       4.080880       4.073040       4.065240       4.057480       4.049790       4.042150       4.034560       4.027050       4.019590       4.012210       4.004890    
   4.228050       4.220430       4.212730       4.204970       4.197150       4.189280       4.181360       4.173400       4.165420       4.157410       4.149380       4.141340       4.133310       4.125270       4.117250       4.109240       4.101260       4.093300       4.085380       4.077500       4.069660       4.061870       4.054130       4.046450       4.038830       4.031260       4.023770       4.016330       4.008970       4.001680    
   4.228030       4.220400       4.209940       4.201610       4.193770       4.185870       4.177930       4.169960       4.161960       4.153930       4.145900       4.137850       4.129810       4.121770       4.113740       4.105740       4.097750       4.089800       4.081890       4.074020       4.066190       4.058410       4.050690       4.043020       4.035410       4.027870       4.020390       4.012990       4.005650       3.998380    
   4.228000       4.214990       4.201610       4.193100       4.190290       4.182370       4.174410       4.166420       4.158400       4.150370       4.142320       4.134260       4.126210       4.118170       4.110140       4.102140       4.094160       4.086210       4.078300       4.070440       4.062620       4.054860       4.047150       4.039500       4.031910       4.024390       4.016940       4.009550       4.002240       3.995000    
   4.220040       4.201610       4.192490       4.188510       4.186730       4.178790       4.170810       4.162800       4.154760       4.146710       4.138650       4.130590       4.122530       4.114480       4.106450       4.098440       4.090470       4.082530       4.074620       4.066770       4.058960       4.051210       4.043520       4.035890       4.028320       4.020820       4.013390       4.006040       3.998750       3.991540    
   4.201610       4.192110       4.187620       4.186730       4.180220       4.175130       4.167120       4.159090       4.151040       4.142970       4.134900       4.126830       4.118760       4.110710       4.102680       4.094670       4.086700       4.078760       4.070860       4.063020       4.055220       4.047490       4.039810       4.032200       4.024650       4.017180       4.009770       4.002440       3.995190       3.988010    
   4.191910       4.187170       4.186730       4.180690       4.175130       4.168540       4.163360       4.155310       4.147240       4.139160       4.131070       4.122990       4.114920       4.106860       4.098820       4.090820       4.082840       4.074910       4.067020       4.059190       4.051400       4.043680       4.036020       4.028430       4.020910       4.013460       4.006080       3.998780       3.991550       3.984400    
   4.186950       4.186730       4.180850       4.175130       4.169010       4.163360       4.159340       4.155300       4.144250       4.135280       4.127180       4.119080       4.111000       4.102930       4.094900       4.086890       4.078920       4.070990       4.063110       4.055280       4.047510       4.039810       4.032160       4.024590       4.017090       4.009660       4.002310       3.995040       3.987850       3.980740    
   4.186730       4.180900       4.175130       4.169170       4.163360       4.161350       4.159330       4.148540       4.135280       4.131230       4.121540       4.115110       4.107010       4.098940       4.090900       4.082890       4.074920       4.067000       4.059120       4.051310       4.043550       4.035860       4.028240       4.020690       4.013210       4.005810       3.998490       3.991250       3.984090       3.977010    
   4.180920       4.175130       4.169220       4.163360       4.162350       4.161350       4.151130       4.135280       4.133260       4.122440       4.113090       4.111070       4.102970       4.094890       4.086840       4.078830       4.070860       4.062940       4.055080       4.047270       4.039530       4.031850       4.024250       4.016720       4.009260       4.001890       3.994600       3.987390       3.980260       3.973220    
   4.175130       4.169240       4.163360       4.162860       4.162350       4.152530       4.135280       4.134270       4.122830       4.112080       4.111070       4.107020       4.099930       4.090780       4.082720       4.074710       4.066740       4.058830       4.050970       4.043170       4.035440       4.027780       4.020200       4.012690       4.005260       3.997920       3.990660       3.983480       3.976390       3.969390    
   4.169240       4.163360       4.163110       4.162860       4.153250       4.135280       4.134770       4.123000       4.111580       4.111070       4.109050       4.102200       4.090780       4.086750       4.082740       4.074720       4.066760       4.058850       4.045360       4.039020       4.031310       4.023660       4.016100       4.008610       4.001210       3.993900       3.986670       3.979520       3.972470       3.965510    
   4.163360       4.163230       4.163110       4.153630       4.135280       4.135030       4.123090       4.111320       4.111070       4.110060       4.103270       4.090780       4.088770       4.086760       4.081400       4.074740       4.066780       4.048540       4.036920       4.034820       4.027120       4.019490       4.011950       4.004490       3.997110       3.989830       3.982630       3.975520       3.968510       3.961580    
   4.163300       4.163230       4.153810       4.135280       4.135150       4.123130       4.111200       4.111070       4.110560       4.103800       4.090780       4.089770       4.088770       4.085640       4.080970       4.074310       4.052150       4.035870       4.034820       4.028280       4.022890       4.015280       4.007760       4.000320       3.992970       3.985720       3.978550       3.971480       3.964510       3.957620    
   4.163300       4.153910       4.135280       4.135220       4.123150       4.111130       4.111070       4.110820       4.104050       4.090780       4.090280       4.089770       4.088060       4.085120       4.080300       4.052930       4.035350       4.034820       4.023470       4.018610       4.014050       4.011030       4.003530       3.996110       3.988790       3.981570       3.974440       3.967410       3.960470       3.953630    
   4.153950       4.135280       4.135250       4.123160       4.111100       4.111070       4.110940       4.104180       4.090780       4.090530       4.090280       4.089370       4.087650       4.065330       4.043260       4.021860       4.021870       4.018030       4.013590       4.012160       4.014320       4.006750       3.999260       3.991880       3.984590       3.977390       3.970300       3.963310       3.956410       3.949610    
   4.135280       4.135260       4.123170       4.111090       4.111070       4.111010       4.104240       4.090780       4.090650       4.090530       4.090060       4.089100       4.051530       4.007710       4.007850       4.011510       4.008370       4.008920       4.009380       4.009990       4.010000       4.002440       3.994980       3.987610       3.980350       3.973190       3.966130       3.959180       3.952330       3.945580    
   4.135270       4.123170       4.111080       4.111070       4.111040       4.104270       4.090780       4.090720       4.090650       4.090410       4.054950       4.002530       4.005870       4.007580       4.007580       4.007850       4.007950       4.007820       4.008920       4.006460       4.005650       3.998110       3.990670       3.983330       3.976100       3.968970       3.961950       3.955040       3.948230       3.941520    
   4.123170       4.111070       4.111070       4.111050       4.104290       4.090780       4.090750       4.090720       4.090590       4.048220       4.002530       4.002530       4.002530       4.005670       4.007300       4.007300       4.007850       4.007210       4.006730       4.008920       4.001290       3.993760       3.986340       3.979030       3.971830       3.964740       3.957750       3.950880       3.944120       3.937460    
   4.111070       4.111070       4.111060       4.104300       4.090780       4.090760       4.090750       4.065320       4.036550       4.002520       4.002530       4.002530       4.002530       4.002530       4.005260       4.006750       4.006750       4.007850       4.005360       4.004530       3.996910       3.989400       3.982000       3.974720       3.967550       3.960490       3.953550       3.946720       3.940010       3.933400    
   4.111070       4.111070       4.104300       4.090780       4.090770       4.051760       3.993270       3.991240       3.989220       3.998060       4.002490       4.002530       4.002530       4.002530       4.002530       4.004460       4.005660       4.005660       4.007850       4.000140       3.992530       3.985040       3.977660       3.970410       3.963270       3.956250       3.949350       3.942560       3.935890       3.929340    
   4.111070       4.104300       4.090780       4.090780       4.043970       3.993260       3.993260       3.993270       3.991240       3.989220       3.998000       4.002420       4.002530       4.002530       4.002530       4.002530       4.002900       4.003460       4.003460       3.995750       3.988160       3.980680       3.973330       3.966090       3.958990       3.952010       3.945150       3.938410       3.931790       3.925280    
