iMOD/TUTORIALS/TUT_MetaswapAnalyser/model_MetaSWAP/meteo/Evaporation/Evaporation_20050608_L1.ASC
NCOLS                30
NROWS                30
XLLCORNER     160000.00
YLLCORNER     340000.00
CELLSIZE        1000.00
NODATA_VALUE   -9999.00
   3.893170       3.886050       3.878960       3.871900       3.864880       3.857910       3.850970       3.844070       3.837210       3.830400       3.823630       3.816900       3.810220       3.803590       3.797000       3.790460       3.783960       3.777520       3.771120       3.764760       3.758460       3.752200       3.745990       3.739820       3.733690       3.727610       3.721580       3.715580       3.709630       3.703720    
   3.895440       3.888380       3.881350       3.874350       3.867380       3.860460       3.853570       3.846720       3.839900       3.833130       3.826400       3.819720       3.813070       3.806470       3.799920       3.793400       3.786930       3.780510       3.774130       3.767800       3.761510       3.755260       3.749060       3.742900       3.736780       3.730700       3.724670       3.718680       3.712720       3.706810    
   3.897720       3.890720       3.883750       3.876800       3.869890       3.863020       3.856180       3.849380       3.842610       3.835880       3.829190       3.822540       3.815940       3.809370       3.802840       3.796360       3.789920       3.783520       3.777160       3.770840       3.764570       3.758330       3.752140       3.745990       3.739880       3.733810       3.727780       3.721780       3.715830       3.709900    
   3.900010       3.893070       3.886150       3.879270       3.872410       3.865590       3.858800       3.852040       3.845320       3.838640       3.831990       3.825380       3.818810       3.812270       3.805780       3.799320       3.792910       3.786530       3.780190       3.773900       3.767640       3.761420       3.755240       3.749100       3.742990       3.736930       3.730900       3.724900       3.718940       3.713020    
   3.902300       3.895420       3.888560       3.881740       3.874930       3.868160       3.861420       3.854710       3.848040       3.841400       3.834790       3.828220       3.821680       3.815180       3.808720       3.802290       3.795910       3.789550       3.783240       3.776960       3.770720       3.764510       3.758340       3.752210       3.746110       3.740050       3.734030       3.728030       3.722070       3.716140    
   3.904600       3.897780       3.890980       3.884210       3.877460       3.870740       3.864050       3.857390       3.850760       3.844160       3.837600       3.831070       3.824570       3.818100       3.811670       3.805270       3.798910       3.792580       3.786290       3.780030       3.773810       3.767620       3.761460       3.755340       3.749250       3.743190       3.737160       3.731170       3.725210       3.719280    
   3.906900       3.900140       3.893400       3.886680       3.879990       3.873320       3.866680       3.860070       3.853490       3.846940       3.840410       3.833920       3.827450       3.821020       3.814620       3.808260       3.801920       3.795620       3.789350       3.783110       3.776900       3.770720       3.764580       3.758470       3.752380       3.746330       3.740310       3.734320       3.728360       3.722430    
   3.909200       3.902500       3.895820       3.889160       3.882520       3.875910       3.869320       3.862760       3.856220       3.849710       3.843220       3.836770       3.830340       3.823950       3.817580       3.811240       3.804930       3.798660       3.792410       3.786190       3.780000       3.773840       3.767700       3.761600       3.755530       3.749480       3.743470       3.737480       3.731510       3.725580    
   3.911500       3.904860       3.898240       3.891640       3.885050       3.878490       3.871950       3.865440       3.858950       3.852480       3.846040       3.839620       3.833240       3.826870       3.820540       3.814230       3.807950       3.801700       3.795470       3.789270       3.783100       3.776950       3.770830       3.764740       3.758680       3.752640       3.746620       3.740640       3.734670       3.728740    
   3.913790       3.907220       3.900650       3.894110       3.887580       3.881070       3.874580       3.868120       3.861670       3.855250       3.848850       3.842480       3.836120       3.829800       3.823500       3.817220       3.810960       3.804740       3.798530       3.792350       3.786200       3.780070       3.773970       3.767880       3.761830       3.755800       3.749790       3.743800       3.737840       3.731900    
   3.913800       3.907220       3.899640       3.896580       3.890110       3.883650       3.877210       3.870800       3.864400       3.858020       3.851660       3.845330       3.839010       3.832720       3.826450       3.820200       3.813980       3.807780       3.801600       3.795440       3.789300       3.783190       3.777100       3.771030       3.764980       3.758950       3.752950       3.746970       3.741000       3.735060    
   3.913800       3.904310       3.896580       3.893620       3.892630       3.886230       3.879840       3.873470       3.867120       3.860780       3.854470       3.848170       3.841900       3.835640       3.829400       3.823190       3.816990       3.810810       3.804660       3.798520       3.792400       3.786310       3.780230       3.774170       3.768130       3.762110       3.756110       3.750130       3.744170       3.738230    
   3.908770       3.896580       3.894800       3.893890       3.895140       3.888790       3.882460       3.876140       3.869830       3.863540       3.857270       3.851020       3.844780       3.838560       3.832350       3.826170       3.820000       3.813850       3.807720       3.801600       3.795500       3.789420       3.783360       3.777310       3.771280       3.765270       3.759280       3.753300       3.747340       3.741390    
   3.896580       3.895260       3.894510       3.895140       3.891760       3.891350       3.885070       3.878800       3.872540       3.866300       3.860070       3.853850       3.847650       3.841470       3.835300       3.829140       3.823000       3.816880       3.810770       3.804670       3.798600       3.792530       3.786480       3.780450       3.774430       3.768420       3.762440       3.756460       3.750500       3.744560    
   3.895450       3.894830       3.895140       3.892750       3.891350       3.888030       3.887670       3.881450       3.875240       3.869040       3.862850       3.856680       3.850520       3.844370       3.838230       3.832110       3.826000       3.819900       3.813820       3.807740       3.801680       3.795640       3.789600       3.783580       3.777570       3.771570       3.765590       3.759620       3.753660       3.747720    
   3.894980       3.895140       3.893080       3.891350       3.889020       3.887670       3.884560       3.881450       3.874370       3.871770       3.865630       3.859500       3.853370       3.847260       3.841160       3.835070       3.828990       3.822910       3.816850       3.810800       3.804760       3.798730       3.792720       3.786710       3.780710       3.774720       3.768740       3.762770       3.756810       3.750870    
   3.895140       3.893190       3.891350       3.889350       3.887670       3.886120       3.884560       3.878040       3.871770       3.868700       3.864860       3.862300       3.856220       3.850140       3.844070       3.838010       3.831960       3.825920       3.819880       3.813860       3.807840       3.801820       3.795820       3.789820       3.783830       3.777850       3.771880       3.765920       3.759960       3.754020    
   3.893230       3.891350       3.889460       3.887670       3.886890       3.886120       3.880120       3.871770       3.870230       3.866830       3.863700       3.865100       3.859050       3.853010       3.846980       3.840950       3.834930       3.828920       3.822900       3.816900       3.810900       3.804900       3.798920       3.792930       3.786950       3.780980       3.775010       3.769050       3.763100       3.757150    
   3.891350       3.889490       3.887670       3.887280       3.886890       3.881220       3.871770       3.871000       3.867670       3.864400       3.865100       3.862070       3.858260       3.855870       3.849870       3.843880       3.837890       3.831900       3.825910       3.819930       3.813950       3.807970       3.802000       3.796030       3.790060       3.784100       3.778140       3.772180       3.766230       3.760280    
   3.889500       3.887670       3.887480       3.887280       3.881790       3.871770       3.871390       3.868060       3.864750       3.865100       3.863590       3.860330       3.855870       3.852870       3.849870       3.843880       3.837890       3.831900       3.825330       3.822950       3.816990       3.811030       3.805070       3.799120       3.793160       3.787200       3.781250       3.775300       3.769350       3.763400    
   3.887670       3.887570       3.887480       3.882080       3.871770       3.871580       3.868250       3.864920       3.865100       3.864340       3.861220       3.855870       3.854370       3.852870       3.848870       3.843880       3.837890       3.829100       3.824450       3.825950       3.820010       3.814070       3.808130       3.802190       3.796240       3.790290       3.784350       3.778400       3.772450       3.766500    
   3.887620       3.887570       3.882220       3.871770       3.871670       3.868340       3.865010       3.865100       3.864720       3.861630       3.855870       3.855120       3.854370       3.852040       3.848540       3.843550       3.832400       3.825200       3.825950       3.822990       3.823020       3.817100       3.811170       3.805240       3.799310       3.793370       3.787430       3.781480       3.775540       3.769590    
   3.887620       3.882300       3.871770       3.871720       3.868390       3.865060       3.865100       3.864910       3.861830       3.855870       3.855490       3.855120       3.853840       3.851650       3.848040       3.836970       3.825570       3.825950       3.826350       3.826000       3.822460       3.820110       3.814200       3.808280       3.802360       3.796430       3.790490       3.784550       3.778610       3.772660    
   3.882330       3.871770       3.871750       3.868410       3.865080       3.865100       3.865010       3.861930       3.855870       3.855680       3.855490       3.854820       3.853540       3.852140       3.845300       3.834760       3.834770       3.832220       3.829470       3.830460       3.828990       3.823100       3.817210       3.811310       3.805390       3.799470       3.793540       3.787610       3.781660       3.775720    
   3.871770       3.871760       3.868420       3.865090       3.865100       3.865050       3.861980       3.855870       3.855780       3.855680       3.855330       3.854620       3.854160       3.855120       3.855030       3.845370       3.843950       3.843590       3.835760       3.831930       3.831940       3.826080       3.820200       3.814310       3.808410       3.802490       3.796570       3.790640       3.784700       3.778750    
   3.871760       3.868430       3.865090       3.865100       3.865080       3.862000       3.855870       3.855820       3.855780       3.855600       3.860690       3.868910       3.859790       3.855200       3.855200       3.855030       3.847750       3.844310       3.843590       3.837040       3.834870       3.829030       3.823170       3.817290       3.811400       3.805490       3.799580       3.793650       3.787710       3.781760    
   3.868430       3.865100       3.865100       3.865090       3.862010       3.855870       3.855850       3.855820       3.855730       3.861980       3.868910       3.868910       3.868910       3.859910       3.855380       3.855380       3.855030       3.848060       3.845020       3.843590       3.837780       3.831950       3.826110       3.820250       3.814370       3.808470       3.802560       3.796640       3.790700       3.784750    
   3.865100       3.865100       3.865090       3.862020       3.855870       3.855860       3.855850       3.863650       3.867450       3.868920       3.868910       3.868910       3.868910       3.868910       3.860160       3.855720       3.855730       3.855030       3.848590       3.846450       3.840660       3.834860       3.829030       3.823180       3.817310       3.811430       3.805520       3.799600       3.793660       3.787720    
   3.865100       3.865100       3.862020       3.855870       3.855860       3.871510       3.894980       3.891090       3.887210       3.875030       3.868930       3.868910       3.868910       3.868910       3.868910       3.860620       3.856420       3.856420       3.855030       3.849290       3.843520       3.837730       3.831920       3.826090       3.820230       3.814350       3.808450       3.802540       3.796600       3.790650    
   3.865100       3.862020       3.855870       3.855870       3.874640       3.894980       3.894980       3.894980       3.891090       3.887210       3.875070       3.868970       3.868910       3.868910       3.868910       3.868910       3.861440       3.857800       3.857810       3.852090       3.846350       3.840580       3.834790       3.828970       3.823120       3.817250       3.811360       3.805440       3.799510       3.793560    
