iMOD/TUTORIALS/TUT_MetaswapAnalyser/model_MetaSWAP/meteo/Evaporation/Evaporation_20050818_L1.ASC
NCOLS                30
NROWS                30
XLLCORNER     160000.00
YLLCORNER     340000.00
CELLSIZE        1000.00
NODATA_VALUE   -9999.00
   3.963310       3.963750       3.964170       3.964560       3.964930       3.965280       3.965600       3.965920       3.966210       3.966490       3.966760       3.967020       3.967270       3.967520       3.967760       3.967990       3.968220       3.968450       3.968680       3.968910       3.969140       3.969380       3.969610       3.969850       3.970090       3.970340       3.970590       3.970850       3.971110       3.971370    
   3.962980       3.963400       3.963800       3.964180       3.964540       3.964870       3.965190       3.965490       3.965770       3.966040       3.966300       3.966550       3.966790       3.967030       3.967260       3.967490       3.967710       3.967930       3.968160       3.968380       3.968600       3.968830       3.969050       3.969290       3.969520       3.969760       3.970000       3.970250       3.970510       3.970770    
   3.962640       3.963040       3.963430       3.963790       3.964130       3.964450       3.964760       3.965040       3.965320       3.965580       3.965830       3.966070       3.966300       3.966530       3.966750       3.966970       3.967190       3.967400       3.967610       3.967830       3.968040       3.968260       3.968480       3.968710       3.968940       3.969170       3.969410       3.969650       3.969900       3.970150    
   3.962290       3.962680       3.963040       3.963390       3.963710       3.964020       3.964310       3.964590       3.964850       3.965100       3.965340       3.965570       3.965800       3.966020       3.966230       3.966440       3.966650       3.966850       3.967060       3.967270       3.967480       3.967690       3.967900       3.968120       3.968340       3.968570       3.968800       3.969030       3.969280       3.969530    
   3.961930       3.962300       3.962650       3.962980       3.963290       3.963580       3.963860       3.964120       3.964370       3.964610       3.964840       3.965070       3.965280       3.965490       3.965690       3.965900       3.966100       3.966290       3.966490       3.966690       3.966890       3.967100       3.967300       3.967520       3.967730       3.967950       3.968180       3.968410       3.968650       3.968890    
   3.961560       3.961910       3.962240       3.962560       3.962850       3.963130       3.963400       3.963650       3.963890       3.964120       3.964340       3.964550       3.964750       3.964950       3.965150       3.965340       3.965530       3.965720       3.965910       3.966110       3.966300       3.966500       3.966700       3.966900       3.967110       3.967330       3.967550       3.967770       3.968010       3.968240    
   3.961190       3.961520       3.961840       3.962130       3.962410       3.962680       3.962930       3.963160       3.963390       3.963610       3.963820       3.964020       3.964210       3.964400       3.964590       3.964780       3.964960       3.965140       3.965320       3.965510       3.965700       3.965890       3.966080       3.966280       3.966480       3.966690       3.966910       3.967130       3.967360       3.967590    
   3.960820       3.961130       3.961420       3.961700       3.961960       3.962210       3.962450       3.962670       3.962890       3.963090       3.963290       3.963480       3.963670       3.963850       3.964020       3.964200       3.964380       3.964550       3.964730       3.964900       3.965080       3.965270       3.965460       3.965650       3.965850       3.966050       3.966260       3.966480       3.966700       3.966930    
   3.960440       3.960730       3.961000       3.961260       3.961510       3.961740       3.961960       3.962170       3.962380       3.962570       3.962760       3.962940       3.963110       3.963280       3.963450       3.963620       3.963780       3.963950       3.964120       3.964290       3.964460       3.964640       3.964820       3.965010       3.965200       3.965400       3.965600       3.965810       3.966030       3.966260    
   3.960050       3.960320       3.960580       3.960820       3.961050       3.961270       3.961470       3.961670       3.961860       3.962040       3.962210       3.962380       3.962550       3.962710       3.962870       3.963030       3.963180       3.963340       3.963500       3.963670       3.963830       3.964000       3.964180       3.964360       3.964550       3.964740       3.964940       3.965150       3.965360       3.965580    
   3.960050       3.960320       3.960520       3.960370       3.960590       3.960790       3.960980       3.961160       3.961340       3.961500       3.961670       3.961820       3.961980       3.962130       3.962280       3.962430       3.962580       3.962730       3.962880       3.963040       3.963200       3.963360       3.963530       3.963710       3.963890       3.964070       3.964270       3.964470       3.964680       3.964900    
   3.960040       3.960310       3.960370       3.960180       3.960120       3.960300       3.960480       3.960650       3.960810       3.960960       3.961110       3.961260       3.961400       3.961540       3.961680       3.961820       3.961960       3.962110       3.962250       3.962400       3.962550       3.962710       3.962870       3.963040       3.963220       3.963400       3.963590       3.963790       3.963990       3.964210    
   3.960120       3.960370       3.960020       3.959890       3.959650       3.959820       3.959980       3.960130       3.960280       3.960420       3.960560       3.960690       3.960820       3.960950       3.961080       3.961210       3.961350       3.961480       3.961620       3.961760       3.961900       3.962060       3.962210       3.962380       3.962550       3.962720       3.962910       3.963100       3.963300       3.963510    
   3.960370       3.959950       3.959770       3.959650       3.959600       3.959330       3.959480       3.959620       3.959750       3.959880       3.960000       3.960120       3.960240       3.960360       3.960480       3.960600       3.960720       3.960850       3.960980       3.961110       3.961250       3.961390       3.961550       3.961700       3.961870       3.962040       3.962220       3.962410       3.962610       3.962820    
   3.959920       3.959710       3.959650       3.959530       3.959330       3.959260       3.958970       3.959100       3.959210       3.959330       3.959440       3.959550       3.959650       3.959760       3.959870       3.959980       3.960100       3.960210       3.960330       3.960460       3.960590       3.960730       3.960870       3.961030       3.961190       3.961350       3.961530       3.961720       3.961910       3.962110    
   3.959680       3.959650       3.959500       3.959330       3.959190       3.958970       3.959030       3.959090       3.959110       3.958780       3.958870       3.958970       3.959070       3.959160       3.959260       3.959360       3.959470       3.959570       3.959690       3.959800       3.959930       3.960060       3.960200       3.960350       3.960500       3.960660       3.960840       3.961020       3.961210       3.961410    
   3.959650       3.959490       3.959330       3.959160       3.958970       3.959000       3.959030       3.959000       3.958780       3.958830       3.958570       3.958390       3.958480       3.958560       3.958650       3.958740       3.958830       3.958930       3.959040       3.959150       3.959260       3.959390       3.959520       3.959660       3.959810       3.959970       3.960140       3.960320       3.960500       3.960700    
   3.959490       3.959330       3.959150       3.958970       3.958990       3.959000       3.958950       3.958780       3.958800       3.958420       3.958110       3.957820       3.957890       3.957960       3.958040       3.958120       3.958200       3.958290       3.958390       3.958490       3.958600       3.958720       3.958840       3.958980       3.959120       3.959280       3.959440       3.959610       3.959800       3.959990    
   3.959330       3.959150       3.958970       3.958980       3.958990       3.958930       3.958780       3.958790       3.958360       3.957960       3.957820       3.957850       3.957760       3.957360       3.957420       3.957490       3.957570       3.957650       3.957730       3.957830       3.957930       3.958040       3.958160       3.958290       3.958430       3.958580       3.958740       3.958910       3.959090       3.959280    
   3.959150       3.958970       3.958970       3.958980       3.958920       3.958780       3.958790       3.958330       3.957890       3.957820       3.957840       3.957700       3.957360       3.957390       3.957420       3.957490       3.957570       3.957650       3.957380       3.957170       3.957260       3.957370       3.957480       3.957600       3.957740       3.957880       3.958040       3.958200       3.958380       3.958570    
   3.958970       3.958970       3.958970       3.958910       3.958780       3.958780       3.958310       3.957860       3.957820       3.957830       3.957680       3.957360       3.957380       3.957390       3.957440       3.957500       3.957570       3.957190       3.956840       3.956510       3.956590       3.956690       3.956800       3.956920       3.957050       3.957190       3.957340       3.957500       3.957680       3.957860    
   3.958970       3.958970       3.958910       3.958780       3.958780       3.958310       3.957840       3.957820       3.957820       3.957670       3.957360       3.957370       3.957380       3.957400       3.957440       3.957500       3.957090       3.956680       3.956510       3.956340       3.955930       3.956020       3.956120       3.956230       3.956350       3.956490       3.956640       3.956800       3.956970       3.957150    
   3.958970       3.958910       3.958780       3.958780       3.958300       3.957830       3.957820       3.957820       3.957670       3.957360       3.957360       3.957370       3.957380       3.957410       3.957450       3.956630       3.956590       3.956510       3.955600       3.955270       3.955310       3.955340       3.955440       3.955550       3.955660       3.955800       3.955940       3.956100       3.956260       3.956440    
   3.958910       3.958780       3.958780       3.958300       3.957820       3.957820       3.957820       3.957670       3.957360       3.957360       3.957360       3.957370       3.957380       3.955890       3.955000       3.954550       3.954550       3.954530       3.954490       3.954270       3.954600       3.954670       3.954760       3.954860       3.954980       3.955100       3.955240       3.955400       3.955560       3.955740    
   3.958780       3.958780       3.958300       3.957820       3.957820       3.957820       3.957670       3.957360       3.957360       3.957360       3.957370       3.957370       3.954650       3.951300       3.951320       3.952620       3.952510       3.952590       3.953480       3.953940       3.953940       3.954010       3.954090       3.954180       3.954290       3.954410       3.954550       3.954700       3.954860       3.955040    
   3.958780       3.958300       3.957820       3.957820       3.957820       3.957670       3.957360       3.957360       3.957360       3.957360       3.954240       3.949540       3.950700       3.951280       3.951280       3.951320       3.952080       3.952430       3.952590       3.953110       3.953280       3.953340       3.953420       3.953510       3.953610       3.953730       3.953860       3.954010       3.954170       3.954340    
   3.958300       3.957820       3.957820       3.957820       3.957670       3.957360       3.957360       3.957360       3.957360       3.953610       3.949540       3.949540       3.949540       3.950670       3.951240       3.951240       3.951320       3.951990       3.952270       3.952590       3.952630       3.952680       3.952750       3.952840       3.952930       3.953050       3.953180       3.953320       3.953480       3.953650    
   3.957820       3.957820       3.957820       3.957670       3.957360       3.957360       3.957360       3.954750       3.952240       3.949540       3.949540       3.949540       3.949540       3.949540       3.950610       3.951170       3.951160       3.951320       3.951800       3.951950       3.951980       3.952030       3.952090       3.952170       3.952260       3.952370       3.952500       3.952640       3.952790       3.952970    
   3.957820       3.957820       3.957670       3.957360       3.957360       3.953050       3.946580       3.946750       3.946920       3.948660       3.949540       3.949540       3.949540       3.949540       3.949540       3.950510       3.951010       3.951010       3.951320       3.951320       3.951350       3.951380       3.951440       3.951510       3.951600       3.951700       3.951820       3.951960       3.952120       3.952290    
   3.957820       3.957670       3.957360       3.957360       3.952180       3.946580       3.946580       3.946580       3.946750       3.946920       3.948650       3.949530       3.949540       3.949540       3.949540       3.949540       3.950300       3.950710       3.950700       3.950700       3.950710       3.950740       3.950790       3.950860       3.950940       3.951040       3.951160       3.951300       3.951450       3.951620    
