iMOD/TUTORIALS/TUT_MetaswapAnalyser/model_MetaSWAP/meteo/Evaporation/Evaporation_20060630_L1.ASC
NCOLS                30
NROWS                30
XLLCORNER     160000.00
YLLCORNER     340000.00
CELLSIZE        1000.00
NODATA_VALUE   -9999.00
   4.613520       4.611290       4.609140       4.607070       4.605100       4.603210       4.601420       4.599730       4.598140       4.596650       4.595260       4.593990       4.592820       4.591760       4.590820       4.589990       4.589280       4.588690       4.588220       4.587860       4.587630       4.587520       4.587540       4.587680       4.587940       4.588330       4.588850       4.589480       4.590250       4.591140    
   4.617500       4.615310       4.613200       4.611180       4.609240       4.607400       4.605640       4.603990       4.602430       4.600970       4.599620       4.598370       4.597220       4.596190       4.595270       4.594460       4.593770       4.593190       4.592720       4.592380       4.592160       4.592050       4.592070       4.592210       4.592470       4.592850       4.593350       4.593980       4.594730       4.595610    
   4.621470       4.619320       4.617260       4.615270       4.613380       4.611570       4.609860       4.608230       4.606710       4.605280       4.603960       4.602730       4.601620       4.600610       4.599710       4.598910       4.598240       4.597670       4.597220       4.596880       4.596670       4.596570       4.596580       4.596720       4.596980       4.597360       4.597850       4.598470       4.599210       4.600060    
   4.625430       4.623330       4.621300       4.619360       4.617500       4.615730       4.614050       4.612470       4.610970       4.609580       4.608280       4.607090       4.606000       4.605010       4.604130       4.603360       4.602690       4.602140       4.601700       4.601380       4.601160       4.601070       4.601090       4.601220       4.601480       4.601850       4.602340       4.602950       4.603670       4.604510    
   4.629380       4.627320       4.625340       4.623440       4.621620       4.619890       4.618240       4.616690       4.615230       4.613860       4.612600       4.611430       4.610360       4.609400       4.608540       4.607780       4.607140       4.606600       4.606170       4.605860       4.605650       4.605560       4.605580       4.605720       4.605970       4.606330       4.606810       4.607410       4.608120       4.608950    
   4.633330       4.631310       4.629360       4.627500       4.625720       4.624020       4.622420       4.620900       4.619470       4.618140       4.616900       4.615760       4.614710       4.613770       4.612930       4.612200       4.611570       4.611040       4.610630       4.610320       4.610120       4.610030       4.610060       4.610190       4.610440       4.610800       4.611280       4.611860       4.612570       4.613380    
   4.637260       4.635280       4.633380       4.631550       4.629810       4.628150       4.626580       4.625090       4.623700       4.622390       4.621180       4.620070       4.619050       4.618130       4.617310       4.616600       4.615980       4.615470       4.615070       4.614770       4.614580       4.614500       4.614520       4.614660       4.614900       4.615260       4.615730       4.616300       4.617000       4.617800    
   4.641190       4.639240       4.637380       4.635600       4.633890       4.632270       4.630730       4.629280       4.627910       4.626640       4.625460       4.624370       4.623370       4.622480       4.621680       4.620980       4.620380       4.619890       4.619490       4.619200       4.619020       4.618940       4.618970       4.619110       4.619350       4.619700       4.620160       4.620730       4.621410       4.622200    
   4.645100       4.643200       4.641370       4.639620       4.637960       4.636370       4.634860       4.633440       4.632110       4.630870       4.629710       4.628650       4.627680       4.626810       4.626030       4.625350       4.624770       4.624280       4.623900       4.623620       4.623450       4.623370       4.623400       4.623540       4.623780       4.624130       4.624590       4.625150       4.625810       4.626590    
   4.649000       4.647140       4.645350       4.643640       4.642010       4.640460       4.638990       4.637600       4.636300       4.635080       4.633960       4.632920       4.631970       4.631120       4.630360       4.629700       4.629130       4.628670       4.628300       4.628030       4.627860       4.627790       4.627820       4.627960       4.628200       4.628540       4.628990       4.629550       4.630200       4.630970    
   4.649020       4.647160       4.645940       4.647640       4.646050       4.644530       4.643090       4.641740       4.640470       4.639280       4.638180       4.637170       4.636250       4.635420       4.634680       4.634040       4.633490       4.633030       4.632670       4.632410       4.632250       4.632190       4.632230       4.632360       4.632600       4.632940       4.633390       4.633930       4.634580       4.635330    
   4.649050       4.647440       4.647640       4.649460       4.650070       4.648590       4.647190       4.645860       4.644620       4.643470       4.642390       4.641410       4.640510       4.639700       4.638980       4.638360       4.637820       4.637380       4.637040       4.636780       4.636630       4.636570       4.636610       4.636750       4.636990       4.637330       4.637760       4.638300       4.638940       4.639670    
   4.648780       4.647640       4.650810       4.652070       4.654080       4.652640       4.651260       4.649970       4.648760       4.647630       4.646590       4.645630       4.644750       4.643970       4.643270       4.642660       4.642140       4.641710       4.641380       4.641140       4.640990       4.640940       4.640980       4.641120       4.641360       4.641690       4.642120       4.642650       4.643280       4.644010    
   4.647640       4.651400       4.653080       4.654080       4.654460       4.656660       4.655330       4.654070       4.652880       4.651780       4.650770       4.649830       4.648980       4.648210       4.647540       4.646940       4.646440       4.646030       4.645710       4.645470       4.645330       4.645290       4.645330       4.645480       4.645710       4.646040       4.646470       4.646990       4.647610       4.648320    
   4.651680       4.653580       4.654080       4.655070       4.656660       4.657120       4.659370       4.658140       4.656990       4.655920       4.654930       4.654020       4.653190       4.652440       4.651780       4.651210       4.650720       4.650320       4.650010       4.649790       4.649660       4.649620       4.649670       4.649810       4.650040       4.650370       4.650790       4.651310       4.651920       4.652620    
   4.653830       4.654080       4.655270       4.656660       4.657720       4.659370       4.658760       4.658170       4.657770       4.660030       4.659070       4.658180       4.657380       4.656650       4.656020       4.655460       4.654990       4.654600       4.654300       4.654090       4.653970       4.653930       4.653980       4.654130       4.654360       4.654680       4.655100       4.655610       4.656210       4.656900    
   4.654080       4.655340       4.656660       4.657920       4.659370       4.659060       4.658760       4.658680       4.660030       4.659550       4.661210       4.662330       4.661550       4.660850       4.660230       4.659690       4.659230       4.658860       4.658570       4.658370       4.658250       4.658220       4.658280       4.658420       4.658660       4.658980       4.659390       4.659890       4.660480       4.661160    
   4.655360       4.656660       4.657980       4.659370       4.659220       4.659070       4.659130       4.660030       4.659790       4.662330       4.664400       4.666460       4.665700       4.665020       4.664420       4.663900       4.663460       4.663100       4.662820       4.662630       4.662520       4.662500       4.662560       4.662700       4.662940       4.663250       4.663660       4.664150       4.664740       4.665410    
   4.656660       4.658000       4.659370       4.659290       4.659220       4.659360       4.660030       4.659910       4.662810       4.665430       4.666460       4.666080       4.666590       4.669170       4.668590       4.668090       4.667660       4.667320       4.667060       4.666870       4.666770       4.666750       4.666820       4.666960       4.667190       4.667510       4.667910       4.668400       4.668970       4.669630    
   4.658010       4.659370       4.659330       4.659290       4.659480       4.660030       4.659970       4.663030       4.665940       4.666460       4.666270       4.667070       4.669170       4.668880       4.668620       4.668110       4.667690       4.667350       4.669530       4.671090       4.671000       4.670980       4.671050       4.671200       4.671430       4.671740       4.672140       4.672620       4.673190       4.673840    
   4.659370       4.659350       4.659330       4.659530       4.660030       4.660000       4.663140       4.666200       4.666460       4.666370       4.667240       4.669170       4.669020       4.668890       4.668540       4.668140       4.667720       4.670610       4.673190       4.675290       4.675200       4.675200       4.675270       4.675420       4.675650       4.675960       4.676350       4.676820       4.677380       4.678020    
   4.659360       4.659350       4.659560       4.660030       4.660020       4.663190       4.666330       4.666460       4.666410       4.667310       4.669170       4.669100       4.669030       4.668820       4.668520       4.668130       4.671200       4.674240       4.675290       4.676630       4.679390       4.679390       4.679460       4.679610       4.679840       4.680150       4.680540       4.681010       4.681550       4.682180    
   4.659360       4.659580       4.660030       4.660020       4.663220       4.666400       4.666460       4.666440       4.667340       4.669170       4.669130       4.669100       4.668980       4.668790       4.668490       4.674050       4.674770       4.675290       4.681300       4.683540       4.683550       4.683560       4.683630       4.683790       4.684020       4.684320       4.684710       4.685170       4.685710       4.686320    
   4.659580       4.660030       4.660030       4.663230       4.666430       4.666460       4.666450       4.667350       4.669170       4.669150       4.669130       4.669070       4.668960       4.678600       4.684500       4.687640       4.687650       4.687920       4.688360       4.689750       4.687690       4.687700       4.687780       4.687940       4.688170       4.688470       4.688850       4.689300       4.689830       4.690440    
   4.660030       4.660030       4.663240       4.666440       4.666460       4.666450       4.667360       4.669170       4.669160       4.669150       4.669120       4.669050       4.686660       4.708260       4.708140       4.699890       4.700510       4.700010       4.694620       4.691800       4.691810       4.691820       4.691910       4.692070       4.692300       4.692600       4.692970       4.693420       4.693940       4.694540    
   4.660030       4.663240       4.666450       4.666460       4.666460       4.667360       4.669170       4.669170       4.669160       4.669140       4.689500       4.720090       4.712310       4.708390       4.708390       4.708140       4.703250       4.701020       4.700010       4.696920       4.695900       4.695920       4.696010       4.696170       4.696400       4.696700       4.697070       4.697510       4.698020       4.698610    
   4.663240       4.666460       4.666460       4.666460       4.667360       4.669170       4.669170       4.669170       4.669160       4.693600       4.720090       4.720090       4.720090       4.712490       4.708640       4.708640       4.708140       4.703810       4.702030       4.700010       4.699970       4.700000       4.700090       4.700250       4.700480       4.700770       4.701140       4.701570       4.702080       4.702660    
   4.666460       4.666460       4.666460       4.667360       4.669170       4.669170       4.669170       4.686690       4.702960       4.720100       4.720090       4.720090       4.720090       4.720090       4.712850       4.709130       4.709140       4.708140       4.705060       4.704050       4.704020       4.704050       4.704140       4.704300       4.704530       4.704830       4.705190       4.705610       4.706110       4.706680    
   4.666460       4.666460       4.667360       4.669170       4.669170       4.698740       4.743090       4.741180       4.739260       4.726510       4.720120       4.720090       4.720090       4.720090       4.720090       4.713550       4.710130       4.710130       4.708140       4.708060       4.708030       4.708070       4.708170       4.708330       4.708560       4.708850       4.709210       4.709630       4.710120       4.710680    
   4.666460       4.667360       4.669170       4.669170       4.704660       4.743100       4.743100       4.743090       4.741180       4.739260       4.726560       4.720180       4.720090       4.720090       4.720090       4.720090       4.714850       4.712110       4.712120       4.712040       4.712020       4.712070       4.712170       4.712340       4.712560       4.712850       4.713200       4.713620       4.714100       4.714640    
