iMOD/TUTORIALS/TUT_MetaswapAnalyser/model_MetaSWAP/meteo/Evaporation/Evaporation_20061011_L1.ASC
NCOLS                30
NROWS                30
XLLCORNER     160000.00
YLLCORNER     340000.00
CELLSIZE        1000.00
NODATA_VALUE   -9999.00
   1.632930       1.633410       1.633880       1.634340       1.634780       1.635210       1.635620       1.636020       1.636410       1.636780       1.637140       1.637490       1.637830       1.638150       1.638470       1.638770       1.639060       1.639340       1.639620       1.639880       1.640130       1.640370       1.640600       1.640820       1.641030       1.641240       1.641430       1.641620       1.641800       1.641970    
   1.631190       1.631660       1.632120       1.632570       1.633000       1.633420       1.633830       1.634220       1.634600       1.634970       1.635330       1.635670       1.636010       1.636330       1.636640       1.636940       1.637230       1.637510       1.637780       1.638040       1.638290       1.638530       1.638760       1.638980       1.639200       1.639400       1.639600       1.639790       1.639970       1.640140    
   1.629440       1.629900       1.630350       1.630790       1.631220       1.631630       1.632030       1.632420       1.632790       1.633150       1.633510       1.633850       1.634170       1.634490       1.634800       1.635100       1.635390       1.635660       1.635930       1.636190       1.636440       1.636680       1.636910       1.637140       1.637350       1.637560       1.637760       1.637950       1.638140       1.638310    
   1.627680       1.628140       1.628580       1.629010       1.629430       1.629830       1.630220       1.630600       1.630970       1.631330       1.631680       1.632010       1.632340       1.632650       1.632960       1.633250       1.633530       1.633810       1.634080       1.634340       1.634590       1.634830       1.635060       1.635280       1.635500       1.635710       1.635910       1.636110       1.636300       1.636480    
   1.625920       1.626360       1.626800       1.627220       1.627630       1.628020       1.628410       1.628780       1.629150       1.629500       1.629840       1.630170       1.630490       1.630800       1.631100       1.631390       1.631680       1.631950       1.632220       1.632470       1.632720       1.632960       1.633200       1.633420       1.633640       1.633850       1.634060       1.634260       1.634450       1.634630    
   1.624150       1.624580       1.625010       1.625420       1.625820       1.626210       1.626590       1.626960       1.627320       1.627660       1.628000       1.628320       1.628640       1.628950       1.629240       1.629530       1.629810       1.630090       1.630350       1.630610       1.630850       1.631100       1.631330       1.631560       1.631780       1.631990       1.632200       1.632400       1.632590       1.632780    
   1.622370       1.622800       1.623220       1.623620       1.624010       1.624400       1.624770       1.625130       1.625480       1.625820       1.626150       1.626470       1.626780       1.627080       1.627380       1.627670       1.627940       1.628210       1.628480       1.628730       1.628980       1.629220       1.629460       1.629680       1.629910       1.630120       1.630330       1.630540       1.630730       1.630920    
   1.620600       1.621010       1.621420       1.621820       1.622200       1.622580       1.622940       1.623290       1.623640       1.623970       1.624300       1.624610       1.624920       1.625220       1.625510       1.625790       1.626070       1.626340       1.626600       1.626850       1.627100       1.627340       1.627580       1.627810       1.628030       1.628250       1.628460       1.628670       1.628870       1.629060    
   1.618810       1.619220       1.619620       1.620010       1.620380       1.620750       1.621110       1.621450       1.621790       1.622120       1.622440       1.622750       1.623050       1.623350       1.623630       1.623920       1.624190       1.624450       1.624710       1.624970       1.625220       1.625460       1.625690       1.625920       1.626150       1.626370       1.626580       1.626790       1.627000       1.627200    
   1.617030       1.617430       1.617820       1.618190       1.618560       1.618920       1.619270       1.619610       1.619940       1.620260       1.620580       1.620880       1.621180       1.621470       1.621760       1.622030       1.622300       1.622570       1.622830       1.623080       1.623330       1.623570       1.623800       1.624040       1.624260       1.624480       1.624700       1.624910       1.625120       1.625330    
   1.617030       1.617430       1.617460       1.616380       1.616740       1.617090       1.617430       1.617760       1.618090       1.618400       1.618710       1.619010       1.619310       1.619590       1.619870       1.620150       1.620420       1.620680       1.620930       1.621190       1.621430       1.621670       1.621910       1.622140       1.622370       1.622600       1.622820       1.623030       1.623240       1.623450    
   1.617020       1.617070       1.616380       1.615280       1.614910       1.615250       1.615590       1.615910       1.616230       1.616540       1.616840       1.617140       1.617430       1.617710       1.617990       1.618260       1.618520       1.618780       1.619040       1.619290       1.619540       1.619780       1.620020       1.620250       1.620480       1.620700       1.620930       1.621150       1.621360       1.621570    
   1.616770       1.616380       1.614680       1.614000       1.613080       1.613420       1.613740       1.614060       1.614370       1.614680       1.614970       1.615260       1.615550       1.615830       1.616100       1.616370       1.616630       1.616890       1.617140       1.617390       1.617640       1.617880       1.618120       1.618350       1.618580       1.618810       1.619040       1.619260       1.619480       1.619690    
   1.616380       1.614420       1.613540       1.613080       1.612690       1.611580       1.611900       1.612210       1.612510       1.612810       1.613100       1.613390       1.613670       1.613940       1.614210       1.614470       1.614730       1.614990       1.615240       1.615490       1.615730       1.615980       1.616220       1.616450       1.616680       1.616910       1.617140       1.617370       1.617590       1.617810    
   1.614300       1.613310       1.613080       1.612450       1.611580       1.611180       1.610050       1.610360       1.610650       1.610940       1.611230       1.611510       1.611780       1.612050       1.612320       1.612580       1.612840       1.613090       1.613340       1.613590       1.613830       1.614070       1.614310       1.614550       1.614780       1.615020       1.615250       1.615470       1.615700       1.615920    
   1.613190       1.613080       1.612370       1.611580       1.610940       1.610050       1.610200       1.610350       1.610260       1.609080       1.609360       1.609630       1.609900       1.610160       1.610420       1.610680       1.610940       1.611190       1.611440       1.611680       1.611930       1.612170       1.612410       1.612650       1.612880       1.613120       1.613350       1.613580       1.613810       1.614040    
   1.613080       1.612340       1.611580       1.610860       1.610050       1.610130       1.610200       1.609970       1.609080       1.609220       1.608340       1.607750       1.608010       1.608280       1.608530       1.608790       1.609040       1.609290       1.609530       1.609780       1.610020       1.610260       1.610500       1.610740       1.610980       1.611220       1.611450       1.611690       1.611920       1.612150    
   1.612330       1.611580       1.610830       1.610050       1.610090       1.610130       1.609850       1.609080       1.609150       1.607860       1.606810       1.605870       1.606130       1.606390       1.606640       1.606890       1.607140       1.607380       1.607630       1.607870       1.608110       1.608360       1.608600       1.608840       1.609080       1.609310       1.609550       1.609790       1.610030       1.610260    
   1.611580       1.610820       1.610050       1.610070       1.610090       1.609790       1.609080       1.609110       1.607660       1.606340       1.605870       1.606000       1.605720       1.604500       1.604750       1.604990       1.605240       1.605480       1.605720       1.605970       1.606210       1.606450       1.606690       1.606930       1.607170       1.607410       1.607650       1.607900       1.608140       1.608380    
   1.610820       1.610050       1.610060       1.610070       1.609760       1.609080       1.609100       1.607570       1.606110       1.605870       1.605930       1.605520       1.604500       1.604620       1.604750       1.604990       1.605240       1.605480       1.604680       1.604060       1.604300       1.604540       1.604790       1.605030       1.605270       1.605510       1.605760       1.606000       1.606250       1.606490    
   1.610050       1.610050       1.610060       1.609740       1.609080       1.609090       1.607520       1.605990       1.605870       1.605900       1.605460       1.604500       1.604560       1.604620       1.604790       1.604990       1.605240       1.604130       1.603110       1.602160       1.602400       1.602640       1.602880       1.603120       1.603370       1.603610       1.603860       1.604110       1.604360       1.604610    
   1.610050       1.610050       1.609730       1.609080       1.609080       1.607500       1.605930       1.605870       1.605890       1.605430       1.604500       1.604530       1.604560       1.604660       1.604800       1.605010       1.603830       1.602640       1.602160       1.601690       1.600500       1.600740       1.600980       1.601220       1.601470       1.601720       1.601970       1.602220       1.602470       1.602720    
   1.610050       1.609730       1.609080       1.609080       1.607490       1.605900       1.605870       1.605880       1.605420       1.604500       1.604520       1.604530       1.604580       1.604670       1.604820       1.602500       1.602400       1.602160       1.599550       1.598600       1.598740       1.598840       1.599080       1.599320       1.599570       1.599820       1.600080       1.600330       1.600590       1.600840    
   1.609730       1.609080       1.609080       1.607480       1.605880       1.605870       1.605870       1.605420       1.604500       1.604510       1.604520       1.604540       1.604600       1.600230       1.597680       1.596480       1.596480       1.596470       1.596390       1.595750       1.596700       1.596940       1.597180       1.597430       1.597680       1.597930       1.598190       1.598440       1.598700       1.598970    
   1.609080       1.609080       1.607480       1.605880       1.605870       1.605870       1.605420       1.604500       1.604500       1.604510       1.604520       1.604550       1.596570       1.586770       1.586830       1.590780       1.590560       1.590800       1.593440       1.594810       1.594810       1.595050       1.595290       1.595540       1.595790       1.596040       1.596300       1.596560       1.596830       1.597090    
   1.609080       1.607480       1.605870       1.605870       1.605870       1.605410       1.604500       1.604500       1.604500       1.604510       1.595140       1.581050       1.584820       1.586710       1.586710       1.586830       1.589230       1.590330       1.590800       1.592390       1.592920       1.593160       1.593400       1.593650       1.593900       1.594160       1.594420       1.594680       1.594950       1.595230    
   1.607480       1.605870       1.605870       1.605870       1.605410       1.604500       1.604500       1.604500       1.604510       1.593250       1.581050       1.581050       1.581050       1.584730       1.586600       1.586600       1.586830       1.588970       1.589860       1.590800       1.591030       1.591270       1.591520       1.591760       1.592020       1.592280       1.592540       1.592810       1.593090       1.593360    
   1.605870       1.605870       1.605870       1.605410       1.604500       1.604500       1.604500       1.596330       1.588840       1.581050       1.581050       1.581050       1.581050       1.581050       1.584560       1.586360       1.586360       1.586830       1.588400       1.588920       1.589160       1.589390       1.589640       1.589890       1.590140       1.590400       1.590670       1.590950       1.591220       1.591500    
   1.605870       1.605870       1.605410       1.604500       1.604500       1.590650       1.569880       1.570850       1.571810       1.577960       1.581040       1.581050       1.581050       1.581050       1.581050       1.584230       1.585900       1.585900       1.586830       1.587050       1.587280       1.587520       1.587760       1.588010       1.588270       1.588540       1.588810       1.589080       1.589370       1.589650    
   1.605870       1.605410       1.604500       1.604500       1.587880       1.569880       1.569880       1.569880       1.570840       1.571810       1.577930       1.581010       1.581050       1.581050       1.581050       1.581050       1.583630       1.584970       1.584960       1.585190       1.585420       1.585650       1.585900       1.586150       1.586410       1.586680       1.586950       1.587230       1.587520       1.587810    
