iMOD/TUTORIALS/TUT_MetaswapAnalyser/model_MetaSWAP/meteo/Evaporation/Evaporation_20060526_L1.ASC
NCOLS                30
NROWS                30
XLLCORNER     160000.00
YLLCORNER     340000.00
CELLSIZE        1000.00
NODATA_VALUE   -9999.00
  0.6747900      0.6776500      0.6805400      0.6834400      0.6863700      0.6893200      0.6922900      0.6952900      0.6983000      0.7013400      0.7044100      0.7074900      0.7106000      0.7137400      0.7168900      0.7200800      0.7232800      0.7265100      0.7297600      0.7330400      0.7363400      0.7396700      0.7430200      0.7463900      0.7497800      0.7532000      0.7566400      0.7601000      0.7635800      0.7670800    
  0.6732000      0.6760500      0.6789200      0.6818100      0.6847300      0.6876700      0.6906300      0.6936100      0.6966100      0.6996400      0.7026900      0.7057700      0.7088700      0.7119900      0.7151300      0.7183000      0.7215000      0.7247200      0.7279600      0.7312200      0.7345100      0.7378300      0.7411600      0.7445200      0.7479100      0.7513100      0.7547400      0.7581900      0.7616600      0.7651500    
  0.6716000      0.6744400      0.6773000      0.6801900      0.6830900      0.6860200      0.6889600      0.6919300      0.6949300      0.6979400      0.7009800      0.7040400      0.7071300      0.7102400      0.7133700      0.7165300      0.7197100      0.7229200      0.7261500      0.7294100      0.7326800      0.7359900      0.7393100      0.7426600      0.7460300      0.7494300      0.7528400      0.7562800      0.7597400      0.7632200    
  0.6700100      0.6728400      0.6756900      0.6785600      0.6814500      0.6843600      0.6873000      0.6902600      0.6932400      0.6962400      0.6992700      0.7023200      0.7053900      0.7084900      0.7116100      0.7147600      0.7179300      0.7211300      0.7243500      0.7275900      0.7308600      0.7341500      0.7374600      0.7408000      0.7441600      0.7475400      0.7509500      0.7543800      0.7578300      0.7613000    
  0.6684200      0.6712400      0.6740700      0.6769300      0.6798100      0.6827100      0.6856300      0.6885800      0.6915500      0.6945400      0.6975600      0.7005900      0.7036600      0.7067400      0.7098600      0.7129900      0.7161500      0.7193300      0.7225400      0.7257700      0.7290300      0.7323100      0.7356100      0.7389400      0.7422900      0.7456600      0.7490500      0.7524700      0.7559100      0.7593700    
  0.6668400      0.6696400      0.6724600      0.6753000      0.6781700      0.6810600      0.6839700      0.6869000      0.6898600      0.6928400      0.6958400      0.6988700      0.7019200      0.7050000      0.7081000      0.7112200      0.7143700      0.7175400      0.7207400      0.7239600      0.7272000      0.7304700      0.7337600      0.7370800      0.7404200      0.7437800      0.7471600      0.7505700      0.7540000      0.7574500    
  0.6652500      0.6680400      0.6708500      0.6736800      0.6765300      0.6794100      0.6823100      0.6852300      0.6881700      0.6911400      0.6941300      0.6971500      0.7001900      0.7032500      0.7063400      0.7094500      0.7125900      0.7157500      0.7189300      0.7221400      0.7253800      0.7286300      0.7319100      0.7352200      0.7385500      0.7419000      0.7452700      0.7486700      0.7520900      0.7555300    
  0.6636600      0.6664400      0.6692300      0.6720500      0.6748900      0.6777600      0.6806400      0.6835500      0.6864900      0.6894400      0.6924200      0.6954300      0.6984500      0.7015000      0.7045800      0.7076800      0.7108100      0.7139600      0.7171300      0.7203300      0.7235500      0.7268000      0.7300700      0.7333600      0.7366800      0.7400200      0.7433900      0.7467700      0.7501800      0.7536100    
  0.6620800      0.6648400      0.6676200      0.6704300      0.6732600      0.6761100      0.6789800      0.6818800      0.6848000      0.6877400      0.6907100      0.6937000      0.6967200      0.6997600      0.7028300      0.7059100      0.7090300      0.7121700      0.7153300      0.7185200      0.7217300      0.7249600      0.7282200      0.7315100      0.7348200      0.7381500      0.7415000      0.7448800      0.7482800      0.7517000    
  0.6604900      0.6632400      0.6660100      0.6688100      0.6716200      0.6744600      0.6773200      0.6802100      0.6831200      0.6860500      0.6890000      0.6919800      0.6949900      0.6980200      0.7010700      0.7041500      0.7072500      0.7103800      0.7135300      0.7167100      0.7199100      0.7231300      0.7263800      0.7296500      0.7329500      0.7362700      0.7396200      0.7429800      0.7463700      0.7497900    
  0.6605000      0.6632470      0.6663130      0.6671900      0.6699900      0.6728100      0.6756600      0.6785400      0.6814300      0.6843500      0.6873000      0.6902700      0.6932600      0.6962800      0.6993200      0.7023800      0.7054800      0.7085900      0.7117300      0.7149000      0.7180900      0.7213000      0.7245400      0.7278000      0.7310900      0.7344000      0.7377400      0.7410900      0.7444700      0.7478800    
  0.6605070      0.6643120      0.6671900      0.6680680      0.6683600      0.6711700      0.6740100      0.6768700      0.6797500      0.6826600      0.6855900      0.6885500      0.6915300      0.6945400      0.6975700      0.7006200      0.7037000      0.7068100      0.7099400      0.7130900      0.7162700      0.7194700      0.7227000      0.7259600      0.7292300      0.7325300      0.7358600      0.7392100      0.7425800      0.7459700    
  0.6624480      0.6671900      0.6673830      0.6675450      0.6667300      0.6695300      0.6723500      0.6752000      0.6780700      0.6809700      0.6838900      0.6868400      0.6898000      0.6928000      0.6958200      0.6988600      0.7019300      0.7050200      0.7081400      0.7112900      0.7144600      0.7176500      0.7208700      0.7241100      0.7273800      0.7306700      0.7339800      0.7373200      0.7406800      0.7440700    
  0.6671900      0.6671100      0.6671380      0.6667300      0.6680500      0.6678900      0.6707000      0.6735400      0.6764000      0.6792800      0.6821900      0.6851200      0.6880800      0.6910600      0.6940700      0.6971000      0.7001600      0.7032400      0.7063500      0.7094800      0.7126400      0.7158300      0.7190400      0.7222700      0.7255300      0.7288100      0.7321100      0.7354400      0.7387900      0.7421700    
  0.6669910      0.6669340      0.6667300      0.6675570      0.6678900      0.6692130      0.6690500      0.6718800      0.6747300      0.6776000      0.6804900      0.6834100      0.6863600      0.6893300      0.6923300      0.6953500      0.6983900      0.7014700      0.7045600      0.7076900      0.7108300      0.7140100      0.7172100      0.7204300      0.7236800      0.7269500      0.7302500      0.7335700      0.7369100      0.7402800    
  0.6668320      0.6667300      0.6673920      0.6678900      0.6687180      0.6690500      0.6704650      0.6718870      0.6750320      0.6759200      0.6788000      0.6817100      0.6846400      0.6876000      0.6905900      0.6936000      0.6966300      0.6996900      0.7027800      0.7058900      0.7090300      0.7121900      0.7153800      0.7185900      0.7218300      0.7250900      0.7283800      0.7316900      0.7350300      0.7383800    
  0.6667300      0.6673370      0.6678900      0.6685530      0.6690500      0.6697570      0.6704670      0.6733260      0.6759200      0.6773600      0.6789480      0.6800000      0.6829300      0.6858700      0.6888500      0.6918500      0.6948700      0.6979200      0.7010000      0.7041000      0.7072200      0.7103800      0.7135600      0.7167600      0.7199900      0.7232400      0.7265200      0.7298200      0.7331500      0.7365000    
  0.6673190      0.6678900      0.6684980      0.6690500      0.6694040      0.6697580      0.6723680      0.6759200      0.6766400      0.6779390      0.6791550      0.6783100      0.6812200      0.6841500      0.6871100      0.6901000      0.6931100      0.6961500      0.6992200      0.7023100      0.7054300      0.7085700      0.7117400      0.7149300      0.7181500      0.7214000      0.7246600      0.7279600      0.7312800      0.7346200    
  0.6678900      0.6684790      0.6690500      0.6692270      0.6694040      0.6718620      0.6759200      0.6762800      0.6775080      0.6787330      0.6783100      0.6797650      0.6815270      0.6824300      0.6853800      0.6883600      0.6913600      0.6943900      0.6974400      0.7005200      0.7036300      0.7067600      0.7099200      0.7131100      0.7163200      0.7195500      0.7228100      0.7261000      0.7294100      0.7327400    
  0.6684730      0.6690500      0.6691380      0.6692270      0.6716030      0.6759200      0.6761000      0.6773080      0.6785210      0.6783100      0.6790370      0.6805080      0.6824300      0.6839050      0.6853900      0.6883670      0.6913700      0.6943970      0.6976100      0.6987400      0.7018400      0.7049600      0.7081100      0.7112900      0.7144900      0.7177100      0.7209700      0.7242400      0.7275400      0.7308700    
  0.6690500      0.6690940      0.6691380      0.6714720      0.6759200      0.6760100      0.6772110      0.6784160      0.6783100      0.6786740      0.6800710      0.6824300      0.6831680      0.6839080      0.6858870      0.6883760      0.6913780      0.6956370      0.6978500      0.6969600      0.7000500      0.7031600      0.7063000      0.7094700      0.7126600      0.7158800      0.7191200      0.7223900      0.7256900      0.7290000    
  0.6690720      0.6690940      0.6714060      0.6759200      0.6759650      0.6771630      0.6783630      0.6783100      0.6784920      0.6798710      0.6824300      0.6827990      0.6831690      0.6843210      0.6860570      0.6885470      0.6939510      0.6974050      0.6969600      0.6984270      0.6982700      0.7013700      0.7045000      0.7076600      0.7108400      0.7140500      0.7172900      0.7205500      0.7238300      0.7271400    
  0.6690720      0.6713730      0.6759200      0.6759430      0.6771390      0.6783360      0.6783100      0.6784010      0.6797760      0.6824300      0.6826140      0.6827990      0.6834290      0.6845160      0.6863080      0.6914850      0.6971820      0.6969600      0.6964290      0.6964950      0.6983480      0.6995800      0.7027100      0.7058500      0.7090300      0.7122300      0.7154600      0.7187100      0.7219900      0.7252900    
  0.6713570      0.6759200      0.6759310      0.6771270      0.6783230      0.6783100      0.6783550      0.6797290      0.6824300      0.6825220      0.6826150      0.6829480      0.6835810      0.6835530      0.6865710      0.6916870      0.6916850      0.6930050      0.6944280      0.6938350      0.6947200      0.6978000      0.7009100      0.7040500      0.7072200      0.7104100      0.7136300      0.7168800      0.7201500      0.7234400    
  0.6759200      0.6759260      0.6771210      0.6783170      0.6783100      0.6783330      0.6797060      0.6824300      0.6824760      0.6825220      0.6826950      0.6830480      0.6819680      0.6799070      0.6799600      0.6854720      0.6861930      0.6864100      0.6907990      0.6929530      0.6929500      0.6960300      0.6991300      0.7022600      0.7054200      0.7086000      0.7118100      0.7150500      0.7183100      0.7216000    
  0.6759230      0.6771180      0.6783130      0.6783100      0.6783210      0.6796950      0.6824300      0.6824530      0.6824760      0.6825640      0.6784250      0.6719300      0.6772040      0.6798530      0.6798530      0.6799600      0.6840490      0.6859750      0.6864100      0.6899970      0.6911900      0.6942600      0.6973500      0.7004700      0.7036200      0.7068000      0.7100000      0.7132300      0.7164800      0.7197700    
  0.6771160      0.6783120      0.6783100      0.6783160      0.6796890      0.6824300      0.6824420      0.6824530      0.6824980      0.6774650      0.6719300      0.6719300      0.6719300      0.6771260      0.6797460      0.6797460      0.6799600      0.6838510      0.6855400      0.6864100      0.6894400      0.6924900      0.6955800      0.6986900      0.7018300      0.7050000      0.7081900      0.7114200      0.7146600      0.7179400    
  0.6783110      0.6783100      0.6783130      0.6796860      0.6824300      0.6824360      0.6824420      0.6770510      0.6738940      0.6719250      0.6719300      0.6719300      0.6719300      0.6719300      0.6769730      0.6795330      0.6795330      0.6799600      0.6834950      0.6846700      0.6876900      0.6907400      0.6938100      0.6969100      0.7000500      0.7032100      0.7064000      0.7096100      0.7128500      0.7161200    
  0.6783100      0.6783110      0.6796850      0.6824300      0.6824330      0.6720250      0.6564100      0.6586100      0.6608100      0.6682110      0.6719160      0.6719300      0.6719300      0.6719300      0.6719300      0.6766840      0.6791050      0.6791050      0.6799600      0.6829400      0.6859500      0.6889900      0.6920500      0.6951500      0.6982700      0.7014200      0.7046000      0.7078100      0.7110500      0.7143100    
  0.6783110      0.6796840      0.6824300      0.6824310      0.6699390      0.6564070      0.6564070      0.6564100      0.6586100      0.6608100      0.6681870      0.6718890      0.6719300      0.6719300      0.6719300      0.6719300      0.6761690      0.6782500      0.6782500      0.6812200      0.6842100      0.6872400      0.6903000      0.6933900      0.6965000      0.6996500      0.7028200      0.7060200      0.7092500      0.7125100    
