iMOD/TUTORIALS/TUT_MetaswapAnalyser/model_MetaSWAP/meteo/Evaporation/Evaporation_20051014_L1.ASC
NCOLS                30
NROWS                30
XLLCORNER     160000.00
YLLCORNER     340000.00
CELLSIZE        1000.00
NODATA_VALUE   -9999.00
   1.402830       1.407650       1.412410       1.417120       1.421760       1.426360       1.430890       1.435380       1.439820       1.444210       1.448560       1.452860       1.457120       1.461340       1.465520       1.469660       1.473770       1.477840       1.481880       1.485890       1.489860       1.493810       1.497730       1.501620       1.505490       1.509330       1.513150       1.516940       1.520710       1.524460    
   1.404570       1.409400       1.414160       1.418870       1.423530       1.428120       1.432670       1.437170       1.441610       1.446010       1.450370       1.454680       1.458950       1.463180       1.467370       1.471520       1.475640       1.479730       1.483780       1.487800       1.491790       1.495750       1.499680       1.503590       1.507470       1.511320       1.515150       1.518960       1.522750       1.526520    
   1.406290       1.411120       1.415890       1.420610       1.425270       1.429870       1.434420       1.438930       1.443380       1.447790       1.452160       1.456480       1.460760       1.465000       1.469200       1.473360       1.477490       1.481590       1.485650       1.489690       1.493690       1.497660       1.501610       1.505530       1.509420       1.513290       1.517140       1.520970       1.524770       1.528550    
   1.407990       1.412830       1.417600       1.422320       1.426990       1.431600       1.436160       1.440670       1.445130       1.449550       1.453920       1.458250       1.462540       1.466790       1.471010       1.475180       1.479320       1.483430       1.487510       1.491550       1.495570       1.499560       1.503520       1.507450       1.511360       1.515250       1.519110       1.522950       1.526770       1.530560    
   1.409680       1.414510       1.419290       1.424010       1.428680       1.433300       1.437870       1.442390       1.446860       1.451290       1.455670       1.460010       1.464310       1.468570       1.472790       1.476980       1.481130       1.485250       1.489340       1.493400       1.497430       1.501430       1.505410       1.509360       1.513280       1.517180       1.521060       1.524910       1.528750       1.532560    
   1.411340       1.416180       1.420960       1.425690       1.430360       1.434990       1.439560       1.444090       1.448570       1.453000       1.457390       1.461740       1.466050       1.470320       1.474560       1.478760       1.482920       1.487060       1.491160       1.495230       1.499270       1.503290       1.507280       1.511240       1.515180       1.519090       1.522990       1.526860       1.530710       1.534540    
   1.412990       1.417830       1.422610       1.427350       1.432030       1.436660       1.441240       1.445770       1.450260       1.454700       1.459100       1.463460       1.467780       1.472060       1.476310       1.480520       1.484690       1.488840       1.492950       1.497040       1.501090       1.505120       1.509130       1.513100       1.517060       1.520990       1.524900       1.528790       1.532650       1.536500    
   1.414620       1.419460       1.424250       1.428990       1.433670       1.438310       1.442890       1.447430       1.451930       1.456380       1.460790       1.465160       1.469490       1.473780       1.478040       1.482260       1.486450       1.490600       1.494730       1.498830       1.502900       1.506940       1.510960       1.514950       1.518920       1.522870       1.526790       1.530700       1.534580       1.538440    
   1.416230       1.421080       1.425870       1.430610       1.435300       1.439940       1.444530       1.449080       1.453580       1.458040       1.462460       1.466840       1.471180       1.475480       1.479750       1.483980       1.488180       1.492350       1.496490       1.500600       1.504690       1.508740       1.512770       1.516780       1.520770       1.524730       1.528670       1.532590       1.536490       1.540370    
   1.417840       1.422680       1.427480       1.432220       1.436920       1.441560       1.446160       1.450710       1.455220       1.459690       1.464120       1.468500       1.472850       1.477170       1.481440       1.485690       1.489900       1.494080       1.498240       1.502360       1.506460       1.510530       1.514570       1.518600       1.522600       1.526570       1.530530       1.534470       1.538390       1.542280    
   1.417820       1.422670       1.429050       1.433820       1.438520       1.443170       1.447770       1.452330       1.456850       1.461320       1.465760       1.470160       1.474510       1.478840       1.483130       1.487380       1.491600       1.495800       1.499960       1.504100       1.508210       1.512300       1.516360       1.520390       1.524410       1.528400       1.532380       1.536330       1.540270       1.544180    
   1.417800       1.425840       1.433820       1.438530       1.440110       1.444760       1.449370       1.453940       1.458460       1.462940       1.467390       1.471790       1.476160       1.480490       1.484790       1.489060       1.493290       1.497500       1.501680       1.505830       1.509950       1.514050       1.518130       1.522180       1.526210       1.530220       1.534210       1.538180       1.542130       1.546070    
   1.422590       1.433820       1.438730       1.440890       1.441680       1.446340       1.450960       1.455530       1.460060       1.464550       1.469000       1.473420       1.477790       1.482140       1.486440       1.490720       1.494970       1.499190       1.503380       1.507540       1.511680       1.515790       1.519880       1.523950       1.528000       1.532020       1.536030       1.540020       1.543980       1.547940    
   1.433820       1.438880       1.441290       1.441680       1.445310       1.447920       1.452540       1.457110       1.461650       1.466150       1.470610       1.475030       1.479410       1.483770       1.488080       1.492370       1.496630       1.500860       1.505060       1.509240       1.513390       1.517520       1.521620       1.525710       1.529770       1.533810       1.537830       1.541840       1.545820       1.549790    
   1.438970       1.441480       1.441680       1.444970       1.447920       1.451520       1.454100       1.458690       1.463230       1.467730       1.472200       1.476630       1.481020       1.485380       1.489710       1.494010       1.498280       1.502520       1.506740       1.510930       1.515090       1.519230       1.523350       1.527450       1.531530       1.535590       1.539630       1.543650       1.547650       1.551640    
   1.441580       1.441680       1.444860       1.447920       1.451180       1.454100       1.456400       1.458670       1.464740       1.469310       1.473780       1.478220       1.482620       1.486990       1.491330       1.495640       1.499920       1.504180       1.508400       1.512600       1.516780       1.520940       1.525070       1.529190       1.533280       1.537350       1.541410       1.545450       1.549470       1.553480    
   1.441680       1.444820       1.447920       1.451070       1.454100       1.455250       1.456390       1.462280       1.469310       1.471540       1.476500       1.479800       1.484210       1.488590       1.492940       1.497260       1.501550       1.505820       1.510060       1.514270       1.518460       1.522630       1.526780       1.530910       1.535020       1.539110       1.543180       1.547240       1.551280       1.555300    
   1.444810       1.447920       1.451030       1.454100       1.454670       1.455250       1.460810       1.469310       1.470430       1.475860       1.480580       1.481370       1.485790       1.490180       1.494540       1.498870       1.503170       1.507450       1.511700       1.515930       1.520130       1.524320       1.528480       1.532620       1.536750       1.540850       1.544940       1.549020       1.553070       1.557120    
   1.447920       1.451020       1.454100       1.454390       1.454670       1.460010       1.469310       1.469870       1.475590       1.480980       1.481370       1.483580       1.487280       1.491760       1.496130       1.500470       1.504780       1.509070       1.513330       1.517570       1.521790       1.525990       1.530170       1.534330       1.538470       1.542590       1.546700       1.550790       1.554860       1.558920    
   1.451010       1.454100       1.454240       1.454390       1.459590       1.469310       1.469590       1.475460       1.481170       1.481370       1.482480       1.486000       1.491760       1.493950       1.496120       1.500460       1.504770       1.509060       1.516010       1.519210       1.523450       1.527660       1.531850       1.536020       1.540180       1.544320       1.548440       1.552550       1.556640       1.560720    
   1.454100       1.454170       1.454240       1.459380       1.469310       1.469450       1.475400       1.481270       1.481370       1.481920       1.485400       1.491760       1.492850       1.493940       1.496840       1.500450       1.504760       1.514140       1.520030       1.520850       1.525090       1.529320       1.533520       1.537710       1.541880       1.546040       1.550180       1.554300       1.558410       1.562510    
   1.454140       1.454170       1.459280       1.469310       1.469380       1.475370       1.481320       1.481370       1.481650       1.485110       1.491760       1.492310       1.492850       1.494550       1.497080       1.500690       1.512130       1.520440       1.520850       1.524220       1.526730       1.530970       1.535190       1.539390       1.543580       1.547750       1.551910       1.556050       1.560180       1.564300    
   1.454140       1.459220       1.469310       1.469340       1.475360       1.481350       1.481370       1.481510       1.484970       1.491760       1.492030       1.492310       1.493230       1.494820       1.497440       1.511250       1.520640       1.520850       1.526060       1.528360       1.530910       1.532620       1.536850       1.541070       1.545270       1.549460       1.553630       1.557790       1.561940       1.566080    
   1.459200       1.469310       1.469330       1.475350       1.481360       1.481370       1.481440       1.484900       1.491760       1.491900       1.492030       1.492520       1.493460       1.503720       1.514610       1.525690       1.525690       1.527820       1.530260       1.530800       1.529990       1.534260       1.538510       1.542740       1.546960       1.551160       1.555350       1.559530       1.563700       1.567850    
   1.469310       1.469320       1.475340       1.481360       1.481370       1.481400       1.484870       1.491760       1.491830       1.491900       1.492150       1.492670       1.509730       1.529450       1.529400       1.529060       1.530740       1.530540       1.531380       1.531620       1.531620       1.535900       1.540160       1.544410       1.548640       1.552860       1.557070       1.561270       1.565450       1.569620    
   1.469310       1.475340       1.481370       1.481370       1.481390       1.484850       1.491760       1.491790       1.491830       1.491960       1.507270       1.529810       1.529610       1.529500       1.529500       1.529400       1.530390       1.530940       1.530540       1.532560       1.533240       1.537530       1.541810       1.546070       1.550320       1.554560       1.558790       1.563000       1.567200       1.571390    
   1.475340       1.481370       1.481370       1.481380       1.484840       1.491760       1.491780       1.491790       1.491860       1.510130       1.529810       1.529810       1.529810       1.529690       1.529600       1.529600       1.529400       1.530690       1.531350       1.530540       1.534860       1.539170       1.543460       1.547740       1.552000       1.556250       1.560500       1.564730       1.568950       1.573160    
   1.481370       1.481370       1.481370       1.484840       1.491760       1.491770       1.491780       1.502220       1.514680       1.529810       1.529810       1.529810       1.529810       1.529810       1.529840       1.529800       1.529800       1.529400       1.531460       1.532150       1.536480       1.540800       1.545110       1.549400       1.553680       1.557950       1.562210       1.566460       1.570690       1.574920    
   1.481370       1.481370       1.484840       1.491760       1.491760       1.507310       1.530610       1.532030       1.533440       1.531030       1.529820       1.529810       1.529810       1.529810       1.529810       1.530140       1.530200       1.530200       1.529400       1.533760       1.538100       1.542430       1.546750       1.551060       1.555360       1.559640       1.563920       1.568180       1.572440       1.576690    
   1.481370       1.484830       1.491760       1.491760       1.510410       1.530610       1.530610       1.530610       1.532030       1.533440       1.531050       1.529850       1.529810       1.529810       1.529810       1.529810       1.530730       1.531000       1.531000       1.535370       1.539730       1.544070       1.548400       1.552720       1.557030       1.561330       1.565630       1.569910       1.574190       1.578450    
