iMOD/TUTORIALS/TUT_MetaswapAnalyser/model_MetaSWAP/meteo/Evaporation/Evaporation_20050202_L1.ASC
NCOLS                30
NROWS                30
XLLCORNER     160000.00
YLLCORNER     340000.00
CELLSIZE        1000.00
NODATA_VALUE   -9999.00
  0.3713300      0.3714800      0.3716200      0.3717500      0.3718600      0.3719600      0.3720500      0.3721300      0.3721800      0.3722300      0.3722500      0.3722600      0.3722400      0.3722100      0.3721600      0.3720900      0.3720000      0.3718900      0.3717600      0.3716100      0.3714400      0.3712400      0.3710300      0.3708000      0.3705400      0.3702700      0.3699700      0.3696600      0.3693300      0.3689800    
  0.3698000      0.3699300      0.3700500      0.3701600      0.3702600      0.3703500      0.3704200      0.3704800      0.3705300      0.3705500      0.3705700      0.3705600      0.3705400      0.3705000      0.3704400      0.3703600      0.3702700      0.3701500      0.3700100      0.3698600      0.3696800      0.3694900      0.3692800      0.3690400      0.3687900      0.3685200      0.3682300      0.3679200      0.3675900      0.3672500    
  0.3682600      0.3683700      0.3684800      0.3685700      0.3686500      0.3687300      0.3687800      0.3688300      0.3688600      0.3688800      0.3688800      0.3688600      0.3688300      0.3687800      0.3687100      0.3686200      0.3685200      0.3684000      0.3682600      0.3681000      0.3679300      0.3677300      0.3675200      0.3672800      0.3670300      0.3667600      0.3664800      0.3661700      0.3658500      0.3655100    
  0.3667100      0.3668000      0.3668900      0.3669700      0.3670400      0.3670900      0.3671400      0.3671700      0.3671900      0.3671900      0.3671800      0.3671500      0.3671100      0.3670500      0.3669700      0.3668800      0.3667700      0.3666400      0.3665000      0.3663400      0.3661600      0.3659600      0.3657500      0.3655100      0.3652600      0.3650000      0.3647100      0.3644100      0.3641000      0.3637600    
  0.3651500      0.3652300      0.3653000      0.3653600      0.3654200      0.3654600      0.3654800      0.3655000      0.3655100      0.3655000      0.3654700      0.3654300      0.3653800      0.3653100      0.3652300      0.3651300      0.3650100      0.3648800      0.3647300      0.3645700      0.3643800      0.3641900      0.3639700      0.3637400      0.3634900      0.3632200      0.3629400      0.3626500      0.3623300      0.3620100    
  0.3635800      0.3636500      0.3637000      0.3637500      0.3637800      0.3638100      0.3638200      0.3638300      0.3638200      0.3638000      0.3637600      0.3637100      0.3636500      0.3635700      0.3634800      0.3633700      0.3632500      0.3631100      0.3629600      0.3627900      0.3626000      0.3624000      0.3621900      0.3619600      0.3617100      0.3614500      0.3611700      0.3608700      0.3605700      0.3602400    
  0.3620100      0.3620600      0.3621000      0.3621300      0.3621500      0.3621600      0.3621600      0.3621500      0.3621300      0.3620900      0.3620400      0.3619800      0.3619100      0.3618200      0.3617200      0.3616100      0.3614800      0.3613400      0.3611800      0.3610000      0.3608200      0.3606100      0.3604000      0.3601700      0.3599200      0.3596600      0.3593800      0.3590900      0.3587900      0.3584700    
  0.3604300      0.3604600      0.3604800      0.3605000      0.3605000      0.3605000      0.3604900      0.3604600      0.3604300      0.3603800      0.3603200      0.3602500      0.3601700      0.3600700      0.3599600      0.3598400      0.3597000      0.3595500      0.3593900      0.3592200      0.3590300      0.3588200      0.3586000      0.3583700      0.3581300      0.3578700      0.3575900      0.3573100      0.3570100      0.3567000    
  0.3588400      0.3588600      0.3588700      0.3588700      0.3588600      0.3588400      0.3588100      0.3587700      0.3587200      0.3586600      0.3585900      0.3585100      0.3584200      0.3583100      0.3582000      0.3580700      0.3579200      0.3577700      0.3576000      0.3574200      0.3572300      0.3570200      0.3568000      0.3565700      0.3563300      0.3560700      0.3558000      0.3555200      0.3552200      0.3549100    
  0.3572500      0.3572500      0.3572400      0.3572300      0.3572000      0.3571700      0.3571300      0.3570800      0.3570200      0.3569400      0.3568600      0.3567700      0.3566700      0.3565500      0.3564300      0.3562900      0.3561400      0.3559800      0.3558100      0.3556200      0.3554300      0.3552200      0.3550000      0.3547700      0.3545200      0.3542700      0.3540000      0.3537200      0.3534300      0.3531300    
  0.3572470      0.3572470      0.3568270      0.3555900      0.3555500      0.3555000      0.3554400      0.3553800      0.3553000      0.3552200      0.3551300      0.3550300      0.3549100      0.3547900      0.3546500      0.3545100      0.3543500      0.3541900      0.3540100      0.3538200      0.3536200      0.3534100      0.3531900      0.3529600      0.3527200      0.3524600      0.3522000      0.3519200      0.3516400      0.3513400    
  0.3572440      0.3567280      0.3555900      0.3543120      0.3538900      0.3538200      0.3537500      0.3536800      0.3535900      0.3534900      0.3533900      0.3532800      0.3531500      0.3530200      0.3528800      0.3527300      0.3525600      0.3523900      0.3522100      0.3520200      0.3518200      0.3516000      0.3513800      0.3511500      0.3509100      0.3506600      0.3503900      0.3501200      0.3498400      0.3495400    
  0.3567000      0.3555900      0.3537940      0.3530550      0.3522200      0.3521500      0.3520600      0.3519700      0.3518700      0.3517700      0.3516500      0.3515300      0.3513900      0.3512500      0.3511000      0.3509400      0.3507700      0.3505900      0.3504100      0.3502100      0.3500100      0.3497900      0.3495700      0.3493400      0.3490900      0.3488400      0.3485800      0.3483100      0.3480300      0.3477500    
  0.3555900      0.3535600      0.3526370      0.3522200      0.3516130      0.3504700      0.3503700      0.3502700      0.3501500      0.3500300      0.3499100      0.3497700      0.3496300      0.3494800      0.3493200      0.3491500      0.3489800      0.3487900      0.3486000      0.3484000      0.3481900      0.3479800      0.3477500      0.3475200      0.3472800      0.3470300      0.3467700      0.3465000      0.3462300      0.3459500    
  0.3534500      0.3524290      0.3522200      0.3514340      0.3504700      0.3498370      0.3486700      0.3485600      0.3484300      0.3483000      0.3481600      0.3480200      0.3478700      0.3477100      0.3475400      0.3473600      0.3471800      0.3469900      0.3468000      0.3465900      0.3463800      0.3461600      0.3459400      0.3457000      0.3454600      0.3452100      0.3449600      0.3446900      0.3444200      0.3441400    
  0.3523240      0.3522200      0.3513750      0.3504700      0.3496590      0.3486700      0.3486150      0.3485530      0.3479650      0.3465700      0.3464200      0.3462600      0.3461000      0.3459300      0.3457600      0.3455700      0.3453900      0.3451900      0.3449900      0.3447800      0.3445700      0.3443500      0.3441200      0.3438800      0.3436400      0.3434000      0.3431400      0.3428800      0.3426100      0.3423400    
  0.3522200      0.3513550      0.3504700      0.3496000      0.3486700      0.3486420      0.3486130      0.3479260      0.3465700      0.3464950      0.3453020      0.3445100      0.3443400      0.3441600      0.3439700      0.3437800      0.3435900      0.3433900      0.3431800      0.3429700      0.3427500      0.3425300      0.3423000      0.3420700      0.3418300      0.3415800      0.3413300      0.3410700      0.3408100      0.3405400    
  0.3513480      0.3504700      0.3495800      0.3486700      0.3486560      0.3486420      0.3479380      0.3465700      0.3465320      0.3449490      0.3436300      0.3427500      0.3425700      0.3423800      0.3421900      0.3419900      0.3417900      0.3415900      0.3413700      0.3411600      0.3409400      0.3407100      0.3404800      0.3402500      0.3400100      0.3397600      0.3395100      0.3392600      0.3390000      0.3387300    
  0.3504700      0.3495730      0.3486700      0.3486630      0.3486560      0.3479510      0.3465700      0.3465510      0.3447980      0.3431900      0.3427500      0.3426600      0.3420770      0.3406100      0.3404100      0.3402000      0.3400000      0.3397800      0.3395700      0.3393500      0.3391200      0.3389000      0.3386600      0.3384300      0.3381900      0.3379500      0.3377000      0.3374500      0.3371900      0.3369300    
  0.3495710      0.3486700      0.3486670      0.3486630      0.3479600      0.3465700      0.3465610      0.3447280      0.3429700      0.3427500      0.3427050      0.3420240      0.3406100      0.3405100      0.3404070      0.3402030      0.3399930      0.3397830      0.3383940      0.3375400      0.3373100      0.3370800      0.3368500      0.3366100      0.3363700      0.3361300      0.3358800      0.3356400      0.3353800      0.3351300    
  0.3486700      0.3486680      0.3486670      0.3479650      0.3465700      0.3465650      0.3446940      0.3428600      0.3427500      0.3427280      0.3420220      0.3406100      0.3405600      0.3405090      0.3403730      0.3402010      0.3399930      0.3381070      0.3366350      0.3357300      0.3355000      0.3352700      0.3350300      0.3348000      0.3345600      0.3343200      0.3340700      0.3338300      0.3335800      0.3333300    
  0.3486690      0.3486680      0.3479670      0.3465700      0.3465680      0.3446770      0.3428050      0.3427500      0.3427390      0.3420270      0.3406100      0.3405850      0.3405600      0.3404810      0.3403610      0.3401890      0.3380430      0.3361820      0.3357300      0.3349730      0.3336900      0.3334600      0.3332200      0.3329800      0.3327400      0.3325100      0.3322600      0.3320200      0.3317800      0.3315300    
  0.3486690      0.3479690      0.3465700      0.3465690      0.3446680      0.3427780      0.3427500      0.3427440      0.3420320      0.3406100      0.3405980      0.3405850      0.3405420      0.3404670      0.3403440      0.3369790      0.3359560      0.3357300      0.3329420      0.3318850      0.3317440      0.3316500      0.3314100      0.3311700      0.3309300      0.3307000      0.3304600      0.3302200      0.3299800      0.3297400    
  0.3479690      0.3465700      0.3465690      0.3446640      0.3427640      0.3427500      0.3427470      0.3420340      0.3406100      0.3406040      0.3405970      0.3405750      0.3405310      0.3357560      0.3324840      0.3303460      0.3303450      0.3301100      0.3297830      0.3291800      0.3300800      0.3298400      0.3296000      0.3293700      0.3291300      0.3288900      0.3286600      0.3284200      0.3281800      0.3279400    
  0.3465700      0.3465700      0.3446620      0.3427570      0.3427500      0.3427490      0.3420350      0.3406100      0.3406070      0.3406040      0.3405920      0.3405680      0.3320070      0.3216150      0.3216700      0.3250960      0.3247370      0.3249600      0.3271330      0.3282830      0.3282800      0.3280400      0.3278000      0.3275600      0.3273300      0.3270900      0.3268600      0.3266200      0.3263900      0.3261600    
  0.3465700      0.3446610      0.3427530      0.3427500      0.3427490      0.3420360      0.3406100      0.3406080      0.3406070      0.3406010      0.3310370      0.3167100      0.3199350      0.3215600      0.3215600      0.3216700      0.3236300      0.3245150      0.3249600      0.3261080      0.3264900      0.3262500      0.3260100      0.3257700      0.3255300      0.3253000      0.3250700      0.3248400      0.3246100      0.3243800    
  0.3446610      0.3427520      0.3427500      0.3427500      0.3420360      0.3406100      0.3406090      0.3406080      0.3406050      0.3291330      0.3167100      0.3167100      0.3167100      0.3198530      0.3214500      0.3214500      0.3216700      0.3233760      0.3240700      0.3249600      0.3247000      0.3244600      0.3242100      0.3239700      0.3237400      0.3235100      0.3232800      0.3230500      0.3228300      0.3226000    
  0.3427510      0.3427500      0.3427500      0.3420360      0.3406100      0.3406100      0.3406090      0.3325930      0.3249300      0.3167050      0.3167100      0.3167100      0.3167100      0.3167100      0.3196930      0.3212300      0.3212300      0.3216700      0.3228050      0.3231800      0.3229200      0.3226700      0.3224300      0.3221900      0.3219500      0.3217200      0.3215000      0.3212700      0.3210500      0.3208400    
  0.3427500      0.3427500      0.3420370      0.3406100      0.3406100      0.3272650      0.3072500      0.3079000      0.3085500      0.3139770      0.3166960      0.3167100      0.3167100      0.3167100      0.3167100      0.3193840      0.3207910      0.3207900      0.3216700      0.3214100      0.3211500      0.3209000      0.3206500      0.3204100      0.3201800      0.3199500      0.3197200      0.3195000      0.3192900      0.3190800    
  0.3427500      0.3420370      0.3406100      0.3406100      0.3245940      0.3072470      0.3072470      0.3072500      0.3079000      0.3085500      0.3139530      0.3166680      0.3167100      0.3167100      0.3167100      0.3167100      0.3188030      0.3199130      0.3199100      0.3196400      0.3193800      0.3191300      0.3188800      0.3186400      0.3184100      0.3181800      0.3179600      0.3177400      0.3175300      0.3173200    
