iMOD/TUTORIALS/TUT_MetaswapAnalyser/model_MetaSWAP/meteo/Evaporation/Evaporation_20060814_L1.ASC
NCOLS                30
NROWS                30
XLLCORNER     160000.00
YLLCORNER     340000.00
CELLSIZE        1000.00
NODATA_VALUE   -9999.00
  0.7526300      0.7561900      0.7596800      0.7631100      0.7664700      0.7697600      0.7729800      0.7761300      0.7792000      0.7822100      0.7851400      0.7879900      0.7907700      0.7934800      0.7961100      0.7986600      0.8011300      0.8035200      0.8058400      0.8080800      0.8102500      0.8123300      0.8143400      0.8162700      0.8181300      0.8199100      0.8216200      0.8232500      0.8248100      0.8262900    
  0.7509000      0.7544800      0.7579900      0.7614400      0.7648200      0.7681300      0.7713700      0.7745400      0.7776400      0.7806700      0.7836200      0.7865000      0.7893100      0.7920300      0.7946800      0.7972600      0.7997500      0.8021700      0.8045100      0.8067700      0.8089600      0.8110600      0.8130900      0.8150400      0.8169200      0.8187200      0.8204400      0.8220900      0.8236700      0.8251700    
  0.7492100      0.7528000      0.7563400      0.7598000      0.7632000      0.7665400      0.7698000      0.7729900      0.7761200      0.7791600      0.7821400      0.7850400      0.7878600      0.7906100      0.7932800      0.7958800      0.7984000      0.8008400      0.8032000      0.8054800      0.8076900      0.8098100      0.8118600      0.8138300      0.8157300      0.8175500      0.8192900      0.8209600      0.8225500      0.8240700    
  0.7475500      0.7511600      0.7547100      0.7582000      0.7616200      0.7649700      0.7682600      0.7714700      0.7746100      0.7776800      0.7806800      0.7836000      0.7864500      0.7892200      0.7919100      0.7945300      0.7970700      0.7995300      0.8019100      0.8042100      0.8064400      0.8085800      0.8106500      0.8126400      0.8145500      0.8163900      0.8181500      0.8198300      0.8214400      0.8229800    
  0.7459100      0.7495500      0.7531200      0.7566200      0.7600600      0.7634400      0.7667400      0.7699800      0.7731400      0.7762300      0.7792500      0.7821900      0.7850600      0.7878500      0.7905600      0.7932000      0.7957600      0.7982400      0.8006400      0.8029600      0.8052100      0.8073700      0.8094600      0.8114700      0.8134000      0.8152500      0.8170300      0.8187300      0.8203500      0.8219000    
  0.7443100      0.7479600      0.7515500      0.7550700      0.7585300      0.7619300      0.7652500      0.7685100      0.7716900      0.7748000      0.7778400      0.7808000      0.7836900      0.7865000      0.7892400      0.7918900      0.7944700      0.7969700      0.7993900      0.8017300      0.8040000      0.8061800      0.8082800      0.8103100      0.8122600      0.8141300      0.8159200      0.8176300      0.8192700      0.8208300    
  0.7427300      0.7464000      0.7500100      0.7535500      0.7570300      0.7604400      0.7637900      0.7670600      0.7702700      0.7734000      0.7764600      0.7794400      0.7823500      0.7851800      0.7879300      0.7906100      0.7932100      0.7957300      0.7981700      0.8005300      0.8028100      0.8050100      0.8071300      0.8091700      0.8111300      0.8130200      0.8148200      0.8165500      0.8182000      0.8197800    
  0.7411800      0.7448700      0.7484900      0.7520600      0.7555500      0.7589900      0.7623500      0.7656400      0.7688700      0.7720200      0.7751000      0.7781000      0.7810300      0.7838800      0.7866500      0.7893500      0.7919600      0.7945000      0.7969600      0.7993300      0.8016300      0.8038500      0.8059900      0.8080400      0.8100200      0.8119200      0.8137400      0.8154800      0.8171500      0.8187400    
  0.7396600      0.7433600      0.7470000      0.7505800      0.7541000      0.7575500      0.7609300      0.7642500      0.7674900      0.7706600      0.7737600      0.7767800      0.7797200      0.7825900      0.7853900      0.7881000      0.7907400      0.7932900      0.7957700      0.7981600      0.8004700      0.8027100      0.8048600      0.8069300      0.8089300      0.8108400      0.8126700      0.8144300      0.8161100      0.8177100    
  0.7381600      0.7418800      0.7455400      0.7491300      0.7526700      0.7561400      0.7595400      0.7628700      0.7661300      0.7693200      0.7724400      0.7754800      0.7784400      0.7813300      0.7841400      0.7868700      0.7895300      0.7921000      0.7945900      0.7970000      0.7993300      0.8015800      0.8037500      0.8058400      0.8078400      0.8097700      0.8116200      0.8133800      0.8150700      0.8166800    
  0.7381400      0.7418600      0.7460650      0.7477100      0.7512600      0.7547400      0.7581600      0.7615100      0.7647900      0.7680000      0.7711400      0.7742000      0.7771800      0.7800900      0.7829200      0.7856600      0.7883400      0.7909200      0.7934300      0.7958600      0.7982100      0.8004700      0.8026500      0.8047500      0.8067700      0.8087100      0.8105700      0.8123500      0.8140500      0.8156700    
  0.7381210      0.7434440      0.7477100      0.7493320      0.7498700      0.7533700      0.7568100      0.7601800      0.7634700      0.7667000      0.7698500      0.7729300      0.7759300      0.7788600      0.7817000      0.7844700      0.7871600      0.7897600      0.7922900      0.7947300      0.7970900      0.7993700      0.8015700      0.8036800      0.8057100      0.8076600      0.8095300      0.8113200      0.8130300      0.8146600    
  0.7409050      0.7477100      0.7486780      0.7491800      0.7484900      0.7520100      0.7554700      0.7588600      0.7621700      0.7654200      0.7685900      0.7716800      0.7747000      0.7776500      0.7805100      0.7832900      0.7860000      0.7886200      0.7911600      0.7936200      0.7959900      0.7982800      0.8004900      0.8026200      0.8046600      0.8066300      0.8085100      0.8103000      0.8120200      0.8136600    
  0.7477100      0.7484280      0.7488350      0.7484900      0.7503900      0.7506700      0.7541500      0.7575500      0.7608900      0.7641500      0.7673400      0.7704500      0.7734900      0.7764500      0.7793300      0.7821300      0.7848500      0.7874900      0.7900400      0.7925100      0.7949000      0.7972100      0.7994300      0.8015700      0.8036200      0.8056000      0.8074900      0.8092900      0.8110200      0.8126700    
  0.7483230      0.7486620      0.7484900      0.7498500      0.7506700      0.7525530      0.7528400      0.7562600      0.7596100      0.7628900      0.7661000      0.7692300      0.7722800      0.7752600      0.7781600      0.7809800      0.7837100      0.7863600      0.7889300      0.7914200      0.7938200      0.7961400      0.7983800      0.8005200      0.8025900      0.8045700      0.8064700      0.8082900      0.8100200      0.8116800    
  0.7485760      0.7484900      0.7496700      0.7506700      0.7520210      0.7528400      0.7545500      0.7562370      0.7601030      0.7616500      0.7648700      0.7680200      0.7710900      0.7740900      0.7770000      0.7798300      0.7825800      0.7852500      0.7878400      0.7903400      0.7927500      0.7950800      0.7973300      0.7994900      0.8015600      0.8035600      0.8054600      0.8072900      0.8090300      0.8106900    
  0.7484900      0.7496100      0.7506700      0.7518440      0.7528400      0.7536950      0.7545420      0.7581350      0.7616500      0.7632600      0.7654020      0.7668300      0.7699100      0.7729200      0.7758500      0.7787000      0.7814700      0.7841500      0.7867500      0.7892600      0.7916900      0.7940300      0.7962900      0.7984600      0.8005400      0.8025400      0.8044600      0.8062900      0.8080400      0.8097000    
  0.7495900      0.7506700      0.7517850      0.7528400      0.7532680      0.7536920      0.7570060      0.7616500      0.7624550      0.7644370      0.7662350      0.7656400      0.7687400      0.7717700      0.7747100      0.7775800      0.7803600      0.7830600      0.7856700      0.7881900      0.7906400      0.7929900      0.7952600      0.7974400      0.7995300      0.8015400      0.8034600      0.8053000      0.8070500      0.8087200    
  0.7506700      0.7517650      0.7528400      0.7530540      0.7532670      0.7564040      0.7616500      0.7620530      0.7640240      0.7659380      0.7656400      0.7671900      0.7691930      0.7706200      0.7735800      0.7764600      0.7792600      0.7819700      0.7845900      0.7871300      0.7895800      0.7919500      0.7942300      0.7964100      0.7985200      0.8005300      0.8024600      0.8043000      0.8060600      0.8077400    
  0.7517580      0.7528400      0.7529470      0.7530530      0.7560940      0.7616500      0.7618510      0.7638310      0.7657890      0.7656400      0.7664150      0.7681610      0.7706200      0.7721000      0.7735530      0.7764330      0.7792300      0.7819400      0.7849580      0.7860800      0.7885400      0.7909100      0.7932000      0.7954000      0.7975100      0.7995300      0.8014600      0.8033100      0.8050700      0.8067500    
  0.7528400      0.7528930      0.7529470      0.7559360      0.7616500      0.7617510      0.7637370      0.7657140      0.7656400      0.7660280      0.7677090      0.7706200      0.7713600      0.7720910      0.7740290      0.7764060      0.7792010      0.7833400      0.7855500      0.7850200      0.7874900      0.7898800      0.7921700      0.7943800      0.7965000      0.7985200      0.8004600      0.8023100      0.8040800      0.8057600    
  0.7528670      0.7528930      0.7558570      0.7616500      0.7617000      0.7636910      0.7656770      0.7656400      0.7658340      0.7674990      0.7706200      0.7709900      0.7713570      0.7724930      0.7741750      0.7765450      0.7818500      0.7852850      0.7850200      0.7863200      0.7864500      0.7888500      0.7911500      0.7933600      0.7954800      0.7975200      0.7994600      0.8013200      0.8030800      0.8047700    
  0.7528670      0.7558170      0.7616500      0.7616750      0.7636680      0.7656590      0.7656400      0.7657370      0.7673980      0.7706200      0.7708050      0.7709890      0.7716130      0.7726750      0.7744050      0.7799140      0.7851520      0.7850200      0.7851450      0.7854050      0.7868500      0.7878100      0.7901200      0.7923400      0.7944700      0.7965100      0.7984600      0.8003100      0.8020800      0.8037700    
  0.7557970      0.7616500      0.7616630      0.7636560      0.7656490      0.7656400      0.7656880      0.7673490      0.7706200      0.7707120      0.7708050      0.7711360      0.7717590      0.7731360      0.7767470      0.7818440      0.7818450      0.7829620      0.7841830      0.7838350      0.7843600      0.7867800      0.7890900      0.7913200      0.7934500      0.7955000      0.7974500      0.7993100      0.8010800      0.8027600    
  0.7616500      0.7616560      0.7636510      0.7656450      0.7656400      0.7656640      0.7673240      0.7706200      0.7706660      0.7707120      0.7708840      0.7712330      0.7727250      0.7738150      0.7738500      0.7777920      0.7785350      0.7786700      0.7817940      0.7833100      0.7833100      0.7857400      0.7880600      0.7902900      0.7924300      0.7944800      0.7964300      0.7982900      0.8000600      0.8017400    
  0.7616530      0.7636480      0.7656420      0.7656400      0.7656520      0.7673120      0.7706200      0.7706430      0.7706660      0.7707540      0.7696420      0.7676900      0.7717450      0.7737810      0.7737810      0.7738500      0.7769360      0.7784000      0.7786700      0.7813600      0.7822600      0.7846900      0.7870200      0.7892600      0.7914000      0.7934500      0.7954000      0.7972600      0.7990400      0.8007200    
  0.7636460      0.7656410      0.7656400      0.7656460      0.7673060      0.7706200      0.7706320      0.7706430      0.7706880      0.7692880      0.7676900      0.7676900      0.7676900      0.7716940      0.7737110      0.7737110      0.7738500      0.7768260      0.7781300      0.7786700      0.7812000      0.7836400      0.7859800      0.7882200      0.7903600      0.7924100      0.7943700      0.7962300      0.7980000      0.7996800    
  0.7656410      0.7656400      0.7656430      0.7673030      0.7706200      0.7706260      0.7706320      0.7676430      0.7669280      0.7676870      0.7676900      0.7676900      0.7676900      0.7676900      0.7715960      0.7735720      0.7735730      0.7738500      0.7766530      0.7775900      0.7801300      0.7825700      0.7849200      0.7871700      0.7893200      0.7913700      0.7933200      0.7951800      0.7969500      0.7986200    
  0.7656400      0.7656420      0.7673020      0.7706200      0.7706230      0.7640590      0.7542100      0.7564100      0.7586100      0.7646540      0.7676800      0.7676900      0.7676900      0.7676900      0.7676900      0.7714100      0.7732930      0.7732950      0.7738500      0.7765000      0.7790500      0.7815000      0.7838500      0.7861000      0.7882500      0.7903100      0.7922600      0.7941200      0.7958800      0.7975500    
  0.7656410      0.7673010      0.7706200      0.7706210      0.7627420      0.7542070      0.7542070      0.7542100      0.7564100      0.7586100      0.7646370      0.7676600      0.7676900      0.7676900      0.7676900      0.7676900      0.7710860      0.7727330      0.7727400      0.7754000      0.7779600      0.7804200      0.7827700      0.7850300      0.7871800      0.7892300      0.7911800      0.7930400      0.7948000      0.7964700    
