iMOD/TUTORIALS/TUT_MetaswapAnalyser/model_MetaSWAP/meteo/Evaporation/Evaporation_20060303_L1.ASC
NCOLS                30
NROWS                30
XLLCORNER     160000.00
YLLCORNER     340000.00
CELLSIZE        1000.00
NODATA_VALUE   -9999.00
  0.5245700      0.5234900      0.5224200      0.5213400      0.5202700      0.5192100      0.5181500      0.5170900      0.5160400      0.5149900      0.5139400      0.5129000      0.5118700      0.5108400      0.5098100      0.5087900      0.5077800      0.5067700      0.5057600      0.5047600      0.5037600      0.5027700      0.5017800      0.5008000      0.4998200      0.4988500      0.4978800      0.4969100      0.4959500      0.4949900    
  0.5241300      0.5230500      0.5219800      0.5209100      0.5198500      0.5187900      0.5177300      0.5166800      0.5156300      0.5145800      0.5135400      0.5125000      0.5114700      0.5104400      0.5094200      0.5084000      0.5073800      0.5063700      0.5053600      0.5043600      0.5033600      0.5023700      0.5013800      0.5003900      0.4994100      0.4984300      0.4974600      0.4964900      0.4955200      0.4945600    
  0.5236900      0.5226200      0.5215500      0.5204900      0.5194300      0.5183700      0.5173100      0.5162600      0.5152200      0.5141700      0.5131300      0.5121000      0.5110700      0.5100400      0.5090200      0.5080000      0.5069800      0.5059700      0.5049600      0.5039600      0.5029600      0.5019700      0.5009700      0.4999900      0.4990000      0.4980200      0.4970400      0.4960700      0.4951000      0.4941300    
  0.5232400      0.5221800      0.5211200      0.5200600      0.5190000      0.5179500      0.5169000      0.5158500      0.5148100      0.5137700      0.5127300      0.5117000      0.5106700      0.5096400      0.5086200      0.5076000      0.5065900      0.5055800      0.5045700      0.5035600      0.5025600      0.5015600      0.5005700      0.4995800      0.4985900      0.4976100      0.4966300      0.4956500      0.4946700      0.4937000    
  0.5228000      0.5217400      0.5206800      0.5196300      0.5185800      0.5175300      0.5164800      0.5154400      0.5144000      0.5133600      0.5123300      0.5113000      0.5102700      0.5092400      0.5082200      0.5072100      0.5061900      0.5051800      0.5041700      0.5031700      0.5021600      0.5011600      0.5001700      0.4991700      0.4981800      0.4972000      0.4962100      0.4952300      0.4942500      0.4932700    
  0.5223600      0.5213000      0.5202500      0.5192000      0.5181500      0.5171100      0.5160600      0.5150300      0.5139900      0.5129500      0.5119200      0.5108900      0.5098700      0.5088500      0.5078300      0.5068100      0.5057900      0.5047800      0.5037700      0.5027700      0.5017600      0.5007600      0.4997700      0.4987700      0.4977800      0.4967900      0.4958000      0.4948100      0.4938300      0.4928400    
  0.5219100      0.5208600      0.5198200      0.5187700      0.5177300      0.5166900      0.5156500      0.5146100      0.5135800      0.5125500      0.5115200      0.5104900      0.5094700      0.5084500      0.5074300      0.5064100      0.5054000      0.5043900      0.5033800      0.5023700      0.5013700      0.5003600      0.4993600      0.4983600      0.4973700      0.4963700      0.4953800      0.4943900      0.4934000      0.4924200    
  0.5214700      0.5204300      0.5193800      0.5183400      0.5173000      0.5162600      0.5152300      0.5142000      0.5131700      0.5121400      0.5111100      0.5100900      0.5090700      0.5080500      0.5070300      0.5060100      0.5050000      0.5039900      0.5029800      0.5019700      0.5009700      0.4999600      0.4989600      0.4979600      0.4969600      0.4959600      0.4949700      0.4939700      0.4929800      0.4919900    
  0.5210300      0.5199900      0.5189500      0.5179100      0.5168800      0.5158400      0.5148100      0.5137800      0.5127500      0.5117300      0.5107100      0.5096800      0.5086600      0.5076500      0.5066300      0.5056200      0.5046000      0.5035900      0.5025800      0.5015700      0.5005700      0.4995600      0.4985600      0.4975500      0.4965500      0.4955500      0.4945500      0.4935500      0.4925500      0.4915600    
  0.5205800      0.5195400      0.5185100      0.5174800      0.5164500      0.5154200      0.5143900      0.5133700      0.5123400      0.5113200      0.5103000      0.5092800      0.5082600      0.5072400      0.5062300      0.5052200      0.5042000      0.5031900      0.5021800      0.5011700      0.5001600      0.4991600      0.4981500      0.4971400      0.4961400      0.4951400      0.4941300      0.4931300      0.4921300      0.4911300    
  0.5205800      0.5195430      0.5181430      0.5170400      0.5160200      0.5149900      0.5139700      0.5129500      0.5119300      0.5109100      0.5098900      0.5088700      0.5078600      0.5068400      0.5058300      0.5048100      0.5038000      0.5027900      0.5017800      0.5007700      0.4997600      0.4987500      0.4977400      0.4967400      0.4957300      0.4947200      0.4937200      0.4927100      0.4917000      0.4907000    
  0.5205810      0.5188260      0.5170400      0.5159500      0.5155900      0.5145700      0.5135500      0.5125300      0.5115100      0.5104900      0.5094800      0.5084600      0.5074500      0.5064400      0.5054200      0.5044100      0.5034000      0.5023900      0.5013800      0.5003700      0.4993600      0.4983500      0.4973400      0.4963300      0.4953200      0.4943100      0.4933000      0.4922900      0.4912800      0.4902600    
  0.5195170      0.5170400      0.5158770      0.5153700      0.5151500      0.5141400      0.5131200      0.5121100      0.5110900      0.5100800      0.5090700      0.5080500      0.5070400      0.5060300      0.5050200      0.5040100      0.5030000      0.5019800      0.5009700      0.4999600      0.4989500      0.4979400      0.4969300      0.4959100      0.4949000      0.4938900      0.4928700      0.4918600      0.4908500      0.4898300    
  0.5170400      0.5158320      0.5152600      0.5151500      0.5143330      0.5137100      0.5126900      0.5116800      0.5106700      0.5096600      0.5086500      0.5076400      0.5066300      0.5056200      0.5046100      0.5036000      0.5025900      0.5015800      0.5005700      0.4995600      0.4985400      0.4975300      0.4965200      0.4955000      0.4944900      0.4934700      0.4924500      0.4914300      0.4904100      0.4894000    
  0.5158070      0.5152050      0.5151500      0.5143980      0.5137100      0.5128870      0.5122600      0.5112600      0.5102500      0.5092400      0.5082300      0.5072200      0.5062200      0.5052100      0.5042000      0.5031900      0.5021800      0.5011700      0.5001600      0.4991500      0.4981300      0.4971200      0.4961000      0.4950900      0.4940700      0.4930500      0.4920300      0.4910000      0.4899800      0.4889600    
  0.5151770      0.5151500      0.5144190      0.5137100      0.5129520      0.5122600      0.5117600      0.5112570      0.5098920      0.5088200      0.5078100      0.5068100      0.5058000      0.5047900      0.5037900      0.5027800      0.5017700      0.5007600      0.4997500      0.4987300      0.4977200      0.4967000      0.4956900      0.4946700      0.4936500      0.4926200      0.4916000      0.4905700      0.4895500      0.4885200    
  0.5151500      0.5144260      0.5137100      0.5129740      0.5122600      0.5120100      0.5117590      0.5104320      0.5088200      0.5083150      0.5071580      0.5063900      0.5053800      0.5043800      0.5033700      0.5023600      0.5013600      0.5003500      0.4993300      0.4983200      0.4973000      0.4962900      0.4952700      0.4942500      0.4932200      0.4922000      0.4911700      0.4901400      0.4891100      0.4880700    
  0.5144290      0.5137100      0.5129810      0.5122600      0.5121350      0.5120100      0.5107550      0.5088200      0.5085670      0.5072860      0.5061750      0.5059600      0.5049600      0.5039600      0.5029500      0.5019500      0.5009400      0.4999300      0.4989200      0.4979000      0.4968900      0.4958700      0.4948500      0.4938200      0.4928000      0.4917700      0.4907400      0.4897000      0.4886700      0.4876300    
  0.5137100      0.5129840      0.5122600      0.5121970      0.5121350      0.5109300      0.5088200      0.5086940      0.5073400      0.5060680      0.5059600      0.5054600      0.5046020      0.5035300      0.5025300      0.5015300      0.5005200      0.4995100      0.4985000      0.4974800      0.4964600      0.4954400      0.4944200      0.4933900      0.4923700      0.4913300      0.4903000      0.4892600      0.4882200      0.4871800    
  0.5129850      0.5122600      0.5122290      0.5121970      0.5110210      0.5088200      0.5087570      0.5073660      0.5060140      0.5059600      0.5057100      0.5048880      0.5035300      0.5030300      0.5025300      0.5015270      0.5005200      0.4995100      0.4978360      0.4970600      0.4960400      0.4950200      0.4939900      0.4929600      0.4919300      0.4909000      0.4898600      0.4888200      0.4877700      0.4867200    
  0.5122600      0.5122440      0.5122290      0.5110670      0.5088200      0.5087880      0.5073780      0.5059870      0.5059600      0.5058350      0.5050220      0.5035300      0.5032800      0.5030300      0.5023620      0.5015260      0.5005190      0.4982680      0.4968450      0.4966300      0.4956100      0.4945900      0.4935600      0.4925300      0.4914900      0.4904600      0.4894100      0.4883700      0.4873200      0.4862700    
  0.5122520      0.5122440      0.5110900      0.5088200      0.5088040      0.5073840      0.5059730      0.5059600      0.5058980      0.5050870      0.5035300      0.5034050      0.5032800      0.5028910      0.5023060      0.5014690      0.4987360      0.4967380      0.4966300      0.4958070      0.4951800      0.4941500      0.4931200      0.4920900      0.4910500      0.4900100      0.4889700      0.4879200      0.4868600      0.4858100    
  0.5122520      0.5111020      0.5088200      0.5088120      0.5073870      0.5059670      0.5059600      0.5059290      0.5051190      0.5035300      0.5034680      0.5034050      0.5031920      0.5028260      0.5022220      0.4988980      0.4966840      0.4966300      0.4953130      0.4947400      0.4941220      0.4937100      0.4926800      0.4916500      0.4906100      0.4895600      0.4885100      0.4874600      0.4864000      0.4853400    
  0.5111080      0.5088200      0.5088160      0.5073880      0.5059630      0.5059600      0.5059440      0.5051340      0.5035300      0.5034990      0.5034680      0.5033550      0.5031410      0.5005700      0.4979280      0.4952940      0.4952950      0.4947960      0.4942210      0.4940750      0.4943000      0.4932700      0.4922400      0.4912000      0.4901600      0.4891100      0.4880600      0.4870000      0.4859300      0.4848700    
  0.5088200      0.5088180      0.5073890      0.5059620      0.5059600      0.5059520      0.5051420      0.5035300      0.5035140      0.5034990      0.5034400      0.5033210      0.4990200      0.4940250      0.4940400      0.4942900      0.4939030      0.4939600      0.4938540      0.4938470      0.4938500      0.4928200      0.4917900      0.4907500      0.4897000      0.4886500      0.4875900      0.4865300      0.4854600      0.4843900    
  0.5088190      0.5073900      0.5059610      0.5059600      0.5059560      0.5051460      0.5035300      0.5035220      0.5035140      0.5034850      0.4994920      0.4936000      0.4938710      0.4940110      0.4940110      0.4940400      0.4939210      0.4938450      0.4939600      0.4935350      0.4933900      0.4923700      0.4913300      0.4902900      0.4892400      0.4881800      0.4871200      0.4860600      0.4849900      0.4839100    
  0.5073900      0.5059600      0.5059600      0.5059580      0.5051480      0.5035300      0.5035260      0.5035220      0.5035070      0.4987380      0.4936000      0.4936000      0.4936000      0.4938490      0.4939810      0.4939810      0.4940400      0.4938410      0.4937300      0.4939600      0.4929400      0.4919000      0.4908700      0.4898200      0.4887700      0.4877100      0.4866500      0.4855800      0.4845000      0.4834200    
  0.5059600      0.5059600      0.5059590      0.5051490      0.5035300      0.5035280      0.5035260      0.5006360      0.4974030      0.4935990      0.4936000      0.4936000      0.4936000      0.4936000      0.4938050      0.4939220      0.4939230      0.4940400      0.4936320      0.4935000      0.4924700      0.4914400      0.4904000      0.4893500      0.4883000      0.4872400      0.4861700      0.4850900      0.4840100      0.4829300    
  0.5059600      0.5059600      0.5051490      0.5035300      0.5035290      0.4990850      0.4924200      0.4922050      0.4919900      0.4930600      0.4935960      0.4936000      0.4936000      0.4936000      0.4936000      0.4937170      0.4938030      0.4938050      0.4940400      0.4930300      0.4920000      0.4909700      0.4899200      0.4888800      0.4878200      0.4867500      0.4856800      0.4846000      0.4835200      0.4824200    
  0.5059600      0.5051500      0.5035300      0.5035300      0.4981960      0.4924190      0.4924190      0.4924200      0.4922050      0.4919900      0.4930520      0.4935870      0.4936000      0.4936000      0.4936000      0.4936000      0.4935450      0.4935630      0.4935700      0.4925500      0.4915200      0.4904900      0.4894400      0.4883900      0.4873300      0.4862600      0.4851900      0.4841000      0.4830100      0.4819200    
