iMOD/TUTORIALS/TUT_MetaswapAnalyser/model_MetaSWAP/meteo/Evaporation/Evaporation_20060707_L1.ASC
NCOLS                30
NROWS                30
XLLCORNER     160000.00
YLLCORNER     340000.00
CELLSIZE        1000.00
NODATA_VALUE   -9999.00
   2.405810       2.412800       2.419890       2.427050       2.434280       2.441570       2.448910       2.456280       2.463680       2.471090       2.478510       2.485930       2.493330       2.500710       2.508060       2.515370       2.522640       2.529860       2.537020       2.544120       2.551150       2.558100       2.564970       2.571770       2.578470       2.585090       2.591610       2.598030       2.604360       2.610580    
   2.406550       2.413480       2.420490       2.427590       2.434750       2.441960       2.449230       2.456530       2.463850       2.471200       2.478550       2.485890       2.493230       2.500540       2.507830       2.515090       2.522300       2.529460       2.536560       2.543610       2.550590       2.557490       2.564320       2.571070       2.577740       2.584310       2.590800       2.597190       2.603480       2.609680    
   2.407380       2.414250       2.421200       2.428220       2.435320       2.442460       2.449660       2.456880       2.464140       2.471410       2.478690       2.485970       2.493240       2.500490       2.507720       2.514910       2.522060       2.529170       2.536220       2.543210       2.550140       2.557000       2.563780       2.570490       2.577110       2.583650       2.590100       2.596450       2.602710       2.608880    
   2.408310       2.415110       2.422000       2.428960       2.435990       2.443060       2.450190       2.457350       2.464530       2.471740       2.478950       2.486160       2.493360       2.500550       2.507710       2.514850       2.521940       2.528990       2.535980       2.542920       2.549800       2.556610       2.563350       2.570010       2.576590       2.583090       2.589500       2.595820       2.602040       2.608180    
   2.409320       2.416070       2.422890       2.429790       2.436750       2.443760       2.450820       2.457910       2.465030       2.472160       2.479310       2.486460       2.493590       2.500720       2.507820       2.514890       2.521920       2.528910       2.535850       2.542740       2.549570       2.556330       2.563020       2.569630       2.576170       2.582630       2.589000       2.595280       2.601470       2.607570    
   2.410410       2.417110       2.423870       2.430710       2.437600       2.444550       2.451540       2.458570       2.465620       2.472690       2.479770       2.486850       2.493920       2.500980       2.508020       2.515030       2.522010       2.528940       2.535830       2.542660       2.549430       2.556150       2.562790       2.569360       2.575850       2.582270       2.588600       2.594840       2.601000       2.607060    
   2.411590       2.418230       2.424940       2.431710       2.438550       2.445430       2.452360       2.459320       2.466300       2.473310       2.480320       2.487340       2.494350       2.501350       2.508330       2.515280       2.522200       2.529070       2.535900       2.542680       2.549400       2.556060       2.562660       2.569180       2.575630       2.582000       2.588290       2.594490       2.600610       2.606640    
   2.412840       2.419420       2.426080       2.432790       2.439570       2.446390       2.453260       2.460160       2.467080       2.474020       2.480970       2.487930       2.494880       2.501810       2.508730       2.515620       2.522480       2.529300       2.536070       2.542800       2.549470       2.556080       2.562620       2.569100       2.575500       2.581830       2.588080       2.594240       2.600320       2.606310    
   2.414160       2.420690       2.427290       2.433950       2.440670       2.447430       2.454240       2.461080       2.467940       2.474820       2.481710       2.488600       2.495490       2.502360       2.509220       2.516050       2.522850       2.529620       2.536340       2.543010       2.549630       2.556190       2.562680       2.569110       2.575470       2.581750       2.587950       2.594080       2.600120       2.606070    
   2.415550       2.422030       2.428580       2.435190       2.441850       2.448550       2.455300       2.462080       2.468880       2.475700       2.482530       2.489360       2.496190       2.503000       2.509800       2.516580       2.523320       2.530030       2.536690       2.543310       2.549880       2.556380       2.562830       2.569210       2.575520       2.581760       2.587920       2.594000       2.600000       2.605920    
   2.415570       2.422050       2.430570       2.436490       2.443090       2.449740       2.456430       2.463150       2.469900       2.476660       2.483430       2.490200       2.496970       2.503730       2.510470       2.517180       2.523870       2.530520       2.537130       2.543700       2.550210       2.556670       2.563060       2.569400       2.575660       2.581850       2.587970       2.594010       2.599970       2.605850    
   2.415600       2.426170       2.436490       2.442450       2.444410       2.451000       2.457640       2.464300       2.470990       2.477690       2.484400       2.491120       2.497830       2.504530       2.511210       2.517870       2.524510       2.531100       2.537660       2.544170       2.550630       2.557040       2.563380       2.569670       2.575880       2.582030       2.588100       2.594100       2.600020       2.605860    
   2.421860       2.436490       2.442460       2.445100       2.445790       2.452330       2.458910       2.465520       2.472150       2.478800       2.485450       2.492110       2.498770       2.505410       2.512040       2.518640       2.525220       2.531760       2.538270       2.544720       2.551130       2.557490       2.563790       2.570020       2.576190       2.582290       2.588320       2.594270       2.600150       2.605940    
   2.436490       2.442550       2.445450       2.445790       2.450610       2.453720       2.460250       2.466800       2.473380       2.479970       2.486570       2.493180       2.499780       2.506370       2.512940       2.519490       2.526010       2.532500       2.538950       2.545360       2.551710       2.558020       2.564270       2.570450       2.576570       2.582630       2.588610       2.594520       2.600350       2.606110    
   2.442610       2.445620       2.445790       2.450040       2.453720       2.458540       2.461640       2.468150       2.474670       2.481210       2.487760       2.494310       2.500850       2.507390       2.513910       2.520410       2.526870       2.533310       2.539710       2.546060       2.552370       2.558620       2.564820       2.570960       2.577030       2.583040       2.588980       2.594840       2.600630       2.606350    
   2.445700       2.445790       2.449850       2.453720       2.457970       2.461640       2.464890       2.468150       2.476630       2.482510       2.489010       2.495510       2.502000       2.508480       2.514950       2.521390       2.527810       2.534190       2.540540       2.546840       2.553100       2.559300       2.565450       2.571540       2.577570       2.583530       2.589420       2.595240       2.600980       2.606650    
   2.445790       2.449790       2.453720       2.457780       2.461640       2.463270       2.464900       2.473050       2.482510       2.485760       2.492370       2.496760       2.503210       2.509640       2.516050       2.522440       2.528810       2.535140       2.541440       2.547690       2.553890       2.560050       2.566150       2.572190       2.578170       2.584080       2.589930       2.595700       2.601400       2.607030    
   2.449770       2.453720       2.457710       2.461640       2.462450       2.463270       2.470930       2.482510       2.484140       2.491230       2.497420       2.498080       2.504470       2.510850       2.517220       2.523560       2.529870       2.536150       2.542400       2.548600       2.554760       2.560860       2.566910       2.572910       2.578840       2.584700       2.590500       2.596230       2.601890       2.607470    
   2.453720       2.457690       2.461640       2.462050       2.462450       2.469790       2.482510       2.483320       2.490740       2.497750       2.498080       2.501280       2.506380       2.512120       2.518440       2.524730       2.531000       2.537230       2.543420       2.549580       2.555680       2.561740       2.567740       2.573690       2.579570       2.585390       2.591140       2.596830       2.602440       2.607980    
   2.457680       2.461640       2.461840       2.462050       2.469200       2.482510       2.482920       2.490510       2.497910       2.498080       2.499680       2.504460       2.512120       2.515280       2.518430       2.524720       2.530990       2.537220       2.546510       2.550610       2.556670       2.562680       2.568630       2.574530       2.580370       2.586140       2.591840       2.597480       2.603050       2.608550    
   2.461640       2.461740       2.461840       2.468900       2.482510       2.482710       2.490400       2.498000       2.498080       2.498880       2.503590       2.512120       2.513700       2.515280       2.519480       2.524710       2.530980       2.543520       2.551160       2.551710       2.557720       2.563680       2.569580       2.575430       2.581220       2.586940       2.592600       2.598200       2.603720       2.609170    
   2.461690       2.461740       2.468750       2.482510       2.482610       2.490350       2.498040       2.498080       2.498480       2.503170       2.512120       2.512910       2.513700       2.516150       2.519820       2.525060       2.540470       2.551430       2.551710       2.556080       2.558820       2.564730       2.570590       2.576390       2.582130       2.587810       2.593420       2.598970       2.604440       2.609850    
   2.461690       2.468670       2.482510       2.482560       2.490320       2.498060       2.498080       2.498280       2.502960       2.512120       2.512520       2.512910       2.514250       2.516560       2.520340       2.538490       2.551570       2.551710       2.557390       2.560000       2.563510       2.565830       2.571640       2.577400       2.583090       2.588720       2.594290       2.599790       2.605220       2.610580    
   2.468630       2.482510       2.482540       2.490310       2.498070       2.498080       2.498180       2.502860       2.512120       2.512320       2.512510       2.513230       2.514570       2.526900       2.540810       2.555520       2.555500       2.558270       2.561400       2.561790       2.561170       2.566990       2.572750       2.578460       2.584110       2.589690       2.595210       2.600660       2.606050       2.611360    
   2.482510       2.482520       2.490300       2.498080       2.498080       2.498130       2.502810       2.512120       2.512220       2.512320       2.512690       2.513440       2.533550       2.556500       2.556450       2.557500       2.559480       2.559300       2.561530       2.562430       2.562410       2.568190       2.573910       2.579570       2.585170       2.590710       2.596180       2.601580       2.606920       2.612190    
   2.482520       2.490300       2.498080       2.498080       2.498110       2.502780       2.512120       2.512170       2.512220       2.512410       2.529860       2.555430       2.556180       2.556540       2.556540       2.556450       2.558560       2.559650       2.559300       2.562610       2.563700       2.569430       2.575100       2.580720       2.586270       2.591760       2.597190       2.602550       2.607840       2.613070    
   2.490300       2.498080       2.498080       2.498090       2.502770       2.512120       2.512140       2.512170       2.512270       2.533070       2.555430       2.555430       2.555430       2.556250       2.556640       2.556640       2.556450       2.558850       2.560000       2.559300       2.565030       2.570720       2.576340       2.581910       2.587420       2.592860       2.598240       2.603560       2.608800       2.613980    
   2.498080       2.498080       2.498090       2.502770       2.512120       2.512130       2.512140       2.523680       2.537900       2.555430       2.555430       2.555430       2.555430       2.555430       2.556400       2.556830       2.556830       2.556450       2.559650       2.560710       2.566400       2.572040       2.577620       2.583140       2.588610       2.594000       2.599340       2.604600       2.609800       2.614930    
   2.498080       2.498080       2.502760       2.512120       2.512130       2.528990       2.554280       2.556210       2.558130       2.556340       2.555440       2.555430       2.555430       2.555430       2.555430       2.556680       2.557210       2.557200       2.556450       2.562150       2.567800       2.573390       2.578930       2.584410       2.589830       2.595180       2.600470       2.605690       2.610840       2.615920    
   2.498080       2.502760       2.512120       2.512120       2.532360       2.554280       2.554280       2.554280       2.556210       2.558130       2.556360       2.555470       2.555430       2.555430       2.555430       2.555430       2.557270       2.557970       2.557960       2.563620       2.569230       2.574780       2.580280       2.585710       2.591080       2.596390       2.601630       2.606800       2.611910       2.616940    
