iMOD/TUTORIALS/TUT_MetaswapAnalyser/model_MetaSWAP/meteo/Evaporation/Evaporation_20050209_L1.ASC
NCOLS                30
NROWS                30
XLLCORNER     160000.00
YLLCORNER     340000.00
CELLSIZE        1000.00
NODATA_VALUE   -9999.00
  0.6915200      0.6914400      0.6913300      0.6911700      0.6909700      0.6907300      0.6904600      0.6901600      0.6898400      0.6894800      0.6891100      0.6887100      0.6882900      0.6878600      0.6874200      0.6869600      0.6865000      0.6860300      0.6855500      0.6850600      0.6845800      0.6840900      0.6836100      0.6831200      0.6826400      0.6821600      0.6816900      0.6812200      0.6807600      0.6803100    
  0.6901500      0.6900600      0.6899300      0.6897600      0.6895500      0.6893100      0.6890300      0.6887200      0.6883900      0.6880300      0.6876400      0.6872400      0.6868300      0.6863900      0.6859500      0.6854900      0.6850300      0.6845500      0.6840800      0.6835900      0.6831100      0.6826300      0.6821500      0.6816700      0.6811900      0.6807200      0.6802500      0.6797900      0.6793400      0.6789000    
  0.6887500      0.6886500      0.6885000      0.6883100      0.6880900      0.6878400      0.6875500      0.6872400      0.6868900      0.6865300      0.6861400      0.6857400      0.6853200      0.6848800      0.6844300      0.6839800      0.6835100      0.6830400      0.6825600      0.6820800      0.6816000      0.6811300      0.6806500      0.6801700      0.6797000      0.6792400      0.6787800      0.6783300      0.6778900      0.6774500    
  0.6873200      0.6871900      0.6870300      0.6868300      0.6866000      0.6863300      0.6860400      0.6857100      0.6853600      0.6849900      0.6846000      0.6841900      0.6837700      0.6833300      0.6828800      0.6824200      0.6819600      0.6814900      0.6810100      0.6805400      0.6800600      0.6795800      0.6791100      0.6786400      0.6781800      0.6777200      0.6772700      0.6768300      0.6764000      0.6759700    
  0.6858500      0.6857100      0.6855300      0.6853200      0.6850700      0.6847900      0.6844900      0.6841500      0.6838000      0.6834200      0.6830200      0.6826100      0.6821800      0.6817400      0.6812900      0.6808300      0.6803700      0.6799000      0.6794200      0.6789500      0.6784800      0.6780100      0.6775400      0.6770800      0.6766200      0.6761700      0.6757300      0.6753000      0.6748700      0.6744600    
  0.6843400      0.6841900      0.6839900      0.6837700      0.6835100      0.6832200      0.6829000      0.6825600      0.6822000      0.6818100      0.6814100      0.6809900      0.6805600      0.6801200      0.6796600      0.6792100      0.6787400      0.6782700      0.6778000      0.6773300      0.6768600      0.6764000      0.6759300      0.6754800      0.6750300      0.6745900      0.6741500      0.6737300      0.6733200      0.6729200    
  0.6828100      0.6826400      0.6824300      0.6821900      0.6819100      0.6816100      0.6812900      0.6809400      0.6805700      0.6801700      0.6797700      0.6793400      0.6789100      0.6784600      0.6780100      0.6775500      0.6770800      0.6766100      0.6761500      0.6756800      0.6752100      0.6747500      0.6743000      0.6738500      0.6734000      0.6729700      0.6725500      0.6721400      0.6717300      0.6713400    
  0.6812600      0.6810600      0.6808400      0.6805800      0.6802900      0.6799800      0.6796400      0.6792800      0.6789000      0.6785000      0.6780900      0.6776600      0.6772200      0.6767700      0.6763200      0.6758600      0.6753900      0.6749200      0.6744600      0.6739900      0.6735300      0.6730800      0.6726300      0.6721800      0.6717500      0.6713300      0.6709100      0.6705100      0.6701200      0.6697400    
  0.6796800      0.6794600      0.6792200      0.6789500      0.6786500      0.6783200      0.6779700      0.6776000      0.6772100      0.6768100      0.6763900      0.6759500      0.6755100      0.6750600      0.6746000      0.6741400      0.6736700      0.6732100      0.6727400      0.6722800      0.6718200      0.6713700      0.6709300      0.6704900      0.6700700      0.6696500      0.6692500      0.6688600      0.6684800      0.6681100    
  0.6780700      0.6778400      0.6775800      0.6772900      0.6769800      0.6766400      0.6762800      0.6759000      0.6755000      0.6750800      0.6746600      0.6742200      0.6737700      0.6733100      0.6728500      0.6723900      0.6719200      0.6714600      0.6710000      0.6705400      0.6700900      0.6696400      0.6692000      0.6687800      0.6683600      0.6679500      0.6675600      0.6671800      0.6668100      0.6664500    
  0.6780600      0.6778300      0.6770800      0.6756100      0.6752800      0.6749300      0.6745600      0.6741700      0.6737600      0.6733400      0.6729000      0.6724600      0.6720000      0.6715400      0.6710800      0.6706200      0.6701500      0.6696900      0.6692300      0.6687700      0.6683200      0.6678800      0.6674500      0.6670300      0.6666200      0.6662200      0.6658400      0.6654700      0.6651200      0.6647800    
  0.6780500      0.6771450      0.6756100      0.6740750      0.6735700      0.6732000      0.6728200      0.6724200      0.6720000      0.6715700      0.6711200      0.6706700      0.6702100      0.6697500      0.6692900      0.6688200      0.6683500      0.6678900      0.6674300      0.6669800      0.6665400      0.6661000      0.6656800      0.6652600      0.6648600      0.6644800      0.6641000      0.6637400      0.6634000      0.6630700    
  0.6772630      0.6756100      0.6735580      0.6727050      0.6718400      0.6714600      0.6710600      0.6706500      0.6702200      0.6697800      0.6693300      0.6688700      0.6684100      0.6679400      0.6674700      0.6670000      0.6665400      0.6660700      0.6656200      0.6651700      0.6647300      0.6643000      0.6638800      0.6634700      0.6630800      0.6627000      0.6623400      0.6620000      0.6616600      0.6613500    
  0.6756100      0.6733200      0.6722730      0.6718400      0.6710000      0.6697000      0.6692900      0.6688600      0.6684200      0.6679700      0.6675100      0.6670500      0.6665800      0.6661100      0.6656300      0.6651600      0.6647000      0.6642400      0.6637800      0.6633300      0.6629000      0.6624700      0.6620600      0.6616600      0.6612800      0.6609100      0.6605600      0.6602300      0.6599100      0.6596100    
  0.6732070      0.6720560      0.6718400      0.6708470      0.6697000      0.6688300      0.6675000      0.6670600      0.6666100      0.6661500      0.6656800      0.6652100      0.6647300      0.6642600      0.6637800      0.6633100      0.6628400      0.6623800      0.6619300      0.6614800      0.6610500      0.6606300      0.6602300      0.6598400      0.6594600      0.6591000      0.6587600      0.6584400      0.6581400      0.6578500    
  0.6719480      0.6718400      0.6707960      0.6697000      0.6686770      0.6675000      0.6672800      0.6670570      0.6660320      0.6643100      0.6638400      0.6633600      0.6628700      0.6623900      0.6619100      0.6614400      0.6609700      0.6605100      0.6600500      0.6596100      0.6591900      0.6587700      0.6583700      0.6579900      0.6576300      0.6572800      0.6569500      0.6566400      0.6563500      0.6560800    
  0.6718400      0.6707790      0.6697000      0.6686260      0.6675000      0.6673900      0.6672790      0.6661700      0.6643100      0.6640750      0.6625220      0.6614900      0.6610000      0.6605100      0.6600300      0.6595500      0.6590800      0.6586200      0.6581700      0.6577300      0.6573100      0.6569000      0.6565100      0.6561300      0.6557700      0.6554400      0.6551200      0.6548200      0.6545500      0.6542900    
  0.6707730      0.6697000      0.6686090      0.6675000      0.6674450      0.6673900      0.6662870      0.6643100      0.6641920      0.6622130      0.6605500      0.6596100      0.6591200      0.6586200      0.6581400      0.6576500      0.6571800      0.6567200      0.6562700      0.6558300      0.6554100      0.6550100      0.6546200      0.6542600      0.6539100      0.6535800      0.6532800      0.6529900      0.6527300      0.6524900    
  0.6697000      0.6686030      0.6675000      0.6674720      0.6674450      0.6663580      0.6643100      0.6642510      0.6620810      0.6600800      0.6596100      0.6593650      0.6585170      0.6567200      0.6562300      0.6557500      0.6552700      0.6548100      0.6543600      0.6539300      0.6535100      0.6531100      0.6527300      0.6523700      0.6520300      0.6517200      0.6514200      0.6511500      0.6509000      0.6506800    
  0.6686010      0.6675000      0.6674860      0.6674720      0.6663960      0.6643100      0.6642810      0.6620190      0.6598450      0.6596100      0.6594870      0.6585530      0.6567200      0.6564750      0.6562330      0.6557500      0.6552770      0.6548130      0.6530380      0.6520100      0.6515900      0.6512000      0.6508300      0.6504800      0.6501500      0.6498400      0.6495600      0.6493000      0.6490700      0.6488600    
  0.6675000      0.6674930      0.6674860      0.6664160      0.6643100      0.6642950      0.6619900      0.6597270      0.6596100      0.6595490      0.6585930      0.6567200      0.6565970      0.6564760      0.6561530      0.6557530      0.6552800      0.6528510      0.6510450      0.6500800      0.6496700      0.6492800      0.6489200      0.6485800      0.6482600      0.6479600      0.6476900      0.6474500      0.6472300      0.6470300    
  0.6674970      0.6674930      0.6664260      0.6643100      0.6643030      0.6619750      0.6596690      0.6596100      0.6595790      0.6586180      0.6567200      0.6566590      0.6565980      0.6564090      0.6561270      0.6557290      0.6529050      0.6505630      0.6500800      0.6491670      0.6477500      0.6473600      0.6470000      0.6466700      0.6463600      0.6460700      0.6458200      0.6455900      0.6453800      0.6452000    
  0.6674970      0.6664320      0.6643100      0.6643060      0.6619670      0.6596390      0.6596100      0.6595950      0.6586320      0.6567200      0.6566890      0.6566590      0.6565550      0.6563780      0.6560880      0.6518730      0.6503210      0.6500800      0.6469940      0.6458150      0.6455880      0.6454400      0.6450800      0.6447500      0.6444500      0.6441800      0.6439400      0.6437200      0.6435300      0.6433700    
  0.6664340      0.6643100      0.6643080      0.6619640      0.6596250      0.6596100      0.6596020      0.6586390      0.6567200      0.6567050      0.6566890      0.6566340      0.6565310      0.6510230      0.6470600      0.6442800      0.6442800      0.6439720      0.6435600      0.6429150      0.6438800      0.6435100      0.6431600      0.6428400      0.6425500      0.6422900      0.6420600      0.6418500      0.6416800      0.6415400    
  0.6643100      0.6643090      0.6619620      0.6596170      0.6596100      0.6596060      0.6586430      0.6567200      0.6567120      0.6567050      0.6566760      0.6566180      0.6468300      0.6350100      0.6350700      0.6386700      0.6382400      0.6384800      0.6407450      0.6419500      0.6419500      0.6415800      0.6412400      0.6409300      0.6406400      0.6404000      0.6401800      0.6399900      0.6398300      0.6397000    
  0.6643100      0.6619610      0.6596140      0.6596100      0.6596080      0.6586450      0.6567200      0.6567160      0.6567120      0.6566980      0.6459480      0.6298700      0.6332480      0.6349510      0.6349510      0.6350700      0.6370910      0.6380000      0.6384800      0.6396350      0.6400200      0.6396500      0.6393100      0.6390100      0.6387400      0.6385000      0.6383000      0.6381200      0.6379800      0.6378700    
  0.6619600      0.6596120      0.6596100      0.6596090      0.6586460      0.6567200      0.6567180      0.6567160      0.6567090      0.6438200      0.6298700      0.6298700      0.6298700      0.6331600      0.6348320      0.6348310      0.6350700      0.6368140      0.6375200      0.6384800      0.6380900      0.6377300      0.6374000      0.6371000      0.6368400      0.6366200      0.6364200      0.6362700      0.6361400      0.6360500    
  0.6596110      0.6596100      0.6596090      0.6586460      0.6567200      0.6567190      0.6567180      0.6478860      0.6392570      0.6298650      0.6298700      0.6298700      0.6298700      0.6298700      0.6329860      0.6345930      0.6345930      0.6350700      0.6361870      0.6365600      0.6361700      0.6358100      0.6354900      0.6352000      0.6349500      0.6347300      0.6345600      0.6344100      0.6343000      0.6342300    
  0.6596100      0.6596100      0.6586460      0.6567200      0.6567190      0.6421510      0.6203000      0.6208500      0.6214000      0.6270330      0.6298550      0.6298700      0.6298700      0.6298700      0.6298700      0.6326500      0.6341170      0.6341150      0.6350700      0.6346400      0.6342500      0.6339000      0.6335800      0.6333000      0.6330600      0.6328600      0.6327000      0.6325700      0.6324800      0.6324200    
  0.6596100      0.6586470      0.6567200      0.6567200      0.6392350      0.6202970      0.6202970      0.6203000      0.6208500      0.6214000      0.6270070      0.6298250      0.6298700      0.6298700      0.6298700      0.6298700      0.6320190      0.6331670      0.6331600      0.6327400      0.6323500      0.6320000      0.6316900      0.6314200      0.6311900      0.6310000      0.6308500      0.6307400      0.6306600      0.6306300    
