iMOD/TUTORIALS/TUT_MetaswapAnalyser/model_MetaSWAP/meteo/Evaporation/Evaporation_20050518_L1.ASC
NCOLS                30
NROWS                30
XLLCORNER     160000.00
YLLCORNER     340000.00
CELLSIZE        1000.00
NODATA_VALUE   -9999.00
   3.311770       3.307530       3.303280       3.299010       3.294730       3.290440       3.286160       3.281880       3.277610       3.273350       3.269120       3.264900       3.260720       3.256560       3.252440       3.248350       3.244300       3.240290       3.236320       3.232390       3.228510       3.224670       3.220880       3.217130       3.213430       3.209770       3.206160       3.202600       3.199080       3.195600    
   3.316900       3.312710       3.308500       3.304280       3.300050       3.295810       3.291570       3.287340       3.283110       3.278900       3.274700       3.270520       3.266370       3.262240       3.258140       3.254080       3.250050       3.246050       3.242100       3.238180       3.234300       3.230470       3.226670       3.222920       3.219210       3.215550       3.211920       3.208340       3.204800       3.201300    
   3.322030       3.317890       3.313730       3.309550       3.305360       3.301170       3.296980       3.292790       3.288600       3.284430       3.280270       3.276130       3.272000       3.267910       3.263840       3.259790       3.255780       3.251800       3.247860       3.243950       3.240080       3.236250       3.232460       3.228700       3.224990       3.221320       3.217680       3.214080       3.210520       3.207000    
   3.327160       3.323060       3.318950       3.314820       3.310680       3.306530       3.302380       3.298230       3.294090       3.289950       3.285830       3.281720       3.277630       3.273560       3.269520       3.265500       3.261510       3.257540       3.253620       3.249720       3.245860       3.242030       3.238240       3.234480       3.230760       3.227080       3.223430       3.219820       3.216240       3.212700    
   3.332290       3.328240       3.324160       3.320080       3.315980       3.311880       3.307770       3.303660       3.299560       3.295460       3.291380       3.287300       3.283240       3.279200       3.275180       3.271190       3.267220       3.263270       3.259360       3.255470       3.251620       3.247790       3.244000       3.240250       3.236520       3.232830       3.229170       3.225550       3.221960       3.218400    
   3.337420       3.333410       3.329380       3.325330       3.321280       3.317220       3.313150       3.309090       3.305020       3.300960       3.296910       3.292870       3.288840       3.284830       3.280840       3.276870       3.272920       3.268990       3.265090       3.261210       3.257370       3.253550       3.249760       3.246000       3.242270       3.238570       3.234910       3.231270       3.227660       3.224090    
   3.342550       3.338580       3.334590       3.330590       3.326570       3.322550       3.318530       3.314500       3.310480       3.306460       3.302440       3.298430       3.294430       3.290450       3.286480       3.282530       3.278600       3.274690       3.270810       3.266940       3.263110       3.259290       3.255510       3.251750       3.248010       3.244310       3.240630       3.236980       3.233360       3.229770    
   3.347680       3.343750       3.339800       3.335840       3.331860       3.327880       3.323900       3.319910       3.315920       3.311940       3.307950       3.303980       3.300010       3.296060       3.292120       3.288190       3.284280       3.280390       3.276510       3.272660       3.268830       3.265020       3.261240       3.257480       3.253740       3.250030       3.246350       3.242690       3.239050       3.235440    
   3.352810       3.348910       3.345000       3.341080       3.337150       3.333210       3.329260       3.325310       3.321360       3.317410       3.313460       3.309510       3.305580       3.301650       3.297730       3.293830       3.289940       3.286060       3.282210       3.278370       3.274540       3.270740       3.266960       3.263200       3.259460       3.255750       3.252050       3.248380       3.244730       3.241110    
   3.357930       3.354070       3.350200       3.346320       3.342420       3.338520       3.334610       3.330700       3.326780       3.322870       3.318950       3.315040       3.311130       3.307230       3.303340       3.299460       3.295590       3.291730       3.287880       3.284060       3.280240       3.276450       3.272670       3.268910       3.265170       3.261450       3.257750       3.254060       3.250400       3.246760    
   3.357930       3.354070       3.350530       3.351550       3.347690       3.343830       3.339960       3.336080       3.332200       3.328310       3.324430       3.320550       3.316670       3.312800       3.308930       3.305070       3.301220       3.297380       3.293550       3.289730       3.285930       3.282140       3.278360       3.274610       3.270860       3.267140       3.263430       3.259730       3.256060       3.252400    
   3.357920       3.353520       3.351550       3.352600       3.352960       3.349130       3.345290       3.341450       3.337600       3.333750       3.329900       3.326050       3.322200       3.318350       3.314510       3.310670       3.306840       3.303020       3.299200       3.295390       3.291600       3.287820       3.284050       3.280290       3.276540       3.272810       3.269090       3.265390       3.261700       3.258030    
   3.356190       3.351550       3.354490       3.355590       3.358210       3.354420       3.350620       3.346810       3.343000       3.339180       3.335360       3.331540       3.327710       3.323890       3.320070       3.316260       3.312440       3.308640       3.304840       3.301040       3.297260       3.293480       3.289710       3.285950       3.282210       3.278470       3.274750       3.271040       3.267340       3.263650    
   3.351550       3.355290       3.356900       3.358210       3.357440       3.359700       3.355930       3.352160       3.348380       3.344590       3.340800       3.337010       3.333210       3.329420       3.325620       3.321830       3.318030       3.314240       3.310460       3.306670       3.302900       3.299130       3.295360       3.291600       3.287860       3.284120       3.280390       3.276660       3.272950       3.269250    
   3.355650       3.357550       3.358210       3.358450       3.359700       3.358960       3.361240       3.357500       3.353750       3.349990       3.346230       3.342470       3.338700       3.334930       3.331150       3.327380       3.323610       3.319830       3.316060       3.312290       3.308520       3.304760       3.301000       3.297240       3.293490       3.289750       3.286010       3.282280       3.278550       3.274840    
   3.357880       3.358210       3.358790       3.359700       3.359970       3.361240       3.359370       3.357500       3.354160       3.355380       3.351650       3.347910       3.344170       3.340420       3.336670       3.332920       3.329160       3.325410       3.321650       3.317890       3.314130       3.310370       3.306610       3.302860       3.299110       3.295360       3.291610       3.287870       3.284140       3.280410    
   3.358210       3.358900       3.359700       3.360300       3.361240       3.360300       3.359370       3.356600       3.355380       3.353520       3.353410       3.353340       3.349630       3.345900       3.342170       3.338440       3.334700       3.330960       3.327220       3.323470       3.319720       3.315970       3.312210       3.308460       3.304700       3.300950       3.297200       3.293450       3.289710       3.285960    
   3.358940       3.359700       3.360410       3.361240       3.360770       3.360300       3.357910       3.355380       3.354450       3.355420       3.356050       3.358760       3.355060       3.351370       3.347660       3.343950       3.340230       3.336500       3.332770       3.329030       3.325290       3.321540       3.317790       3.314040       3.310280       3.306530       3.302770       3.299010       3.295250       3.291500    
   3.359700       3.360450       3.361240       3.361010       3.360770       3.358590       3.355380       3.354910       3.356280       3.357410       3.358760       3.356910       3.355500       3.356810       3.353130       3.349430       3.345730       3.342020       3.338300       3.334570       3.330840       3.327100       3.323350       3.319600       3.315850       3.312080       3.308320       3.304550       3.300780       3.297010    
   3.360460       3.361240       3.361120       3.361010       3.358940       3.355380       3.355150       3.356680       3.358080       3.358760       3.357840       3.357000       3.356810       3.354970       3.353120       3.349430       3.345730       3.342020       3.340120       3.340100       3.336370       3.332640       3.328900       3.325140       3.321390       3.317620       3.313850       3.310070       3.306290       3.302510    
   3.361240       3.361180       3.361120       3.359110       3.355380       3.355260       3.356880       3.358420       3.358760       3.358300       3.357600       3.356810       3.355890       3.354970       3.352510       3.349430       3.345720       3.343260       3.342850       3.345600       3.341880       3.338160       3.334420       3.330670       3.326900       3.323130       3.319360       3.315570       3.311780       3.307980    
   3.361210       3.361180       3.359200       3.355380       3.355320       3.356970       3.358590       3.358760       3.358530       3.357870       3.356810       3.356350       3.355890       3.354460       3.352300       3.349220       3.345650       3.344220       3.345600       3.344950       3.347380       3.343650       3.339910       3.336160       3.332400       3.328630       3.324840       3.321050       3.317240       3.313430    
   3.361210       3.359240       3.355380       3.355350       3.357020       3.358680       3.358760       3.358640       3.357990       3.356810       3.356580       3.356350       3.355560       3.354220       3.351990       3.350790       3.344910       3.345600       3.351100       3.352830       3.350600       3.349120       3.345390       3.341640       3.337870       3.334100       3.330300       3.326500       3.322680       3.318850    
   3.359260       3.355380       3.355370       3.357050       3.358720       3.358760       3.358700       3.358050       3.356810       3.356700       3.356580       3.356160       3.355380       3.363540       3.365070       3.361860       3.361870       3.360510       3.359180       3.360990       3.358290       3.354570       3.350840       3.347090       3.343320       3.339540       3.335740       3.331920       3.328090       3.324250    
   3.355380       3.355370       3.357060       3.358740       3.358760       3.358730       3.358080       3.356810       3.356750       3.356700       3.356480       3.356040       3.372070       3.392550       3.392390       3.379150       3.378800       3.378130       3.368540       3.363700       3.363700       3.360000       3.356270       3.352520       3.348750       3.344960       3.341150       3.337320       3.333480       3.329630    
   3.355380       3.357060       3.358750       3.358760       3.358750       3.358100       3.356810       3.356780       3.356750       3.356640       3.378490       3.411620       3.399040       3.392720       3.392720       3.392390       3.383560       3.379460       3.378130       3.371350       3.369100       3.365390       3.361670       3.357920       3.354140       3.350350       3.346530       3.342700       3.338840       3.334970    
   3.357070       3.358750       3.358760       3.358750       3.358100       3.356810       3.356800       3.356780       3.356730       3.383030       3.411620       3.411620       3.411620       3.399290       3.393050       3.393050       3.392390       3.384250       3.380800       3.378130       3.374460       3.370760       3.367040       3.363290       3.359510       3.355710       3.351880       3.348040       3.344170       3.340290    
   3.358760       3.358760       3.358760       3.358110       3.356810       3.356800       3.356800       3.377660       3.394960       3.411630       3.411620       3.411620       3.411620       3.411620       3.399760       3.393700       3.393700       3.392390       3.385680       3.383460       3.379800       3.376110       3.372380       3.368630       3.364850       3.361040       3.357210       3.353350       3.349470       3.345570    
   3.358760       3.358760       3.358110       3.356810       3.356810       3.393540       3.448630       3.444490       3.440350       3.421230       3.411660       3.411620       3.411620       3.411620       3.411620       3.400670       3.395020       3.395020       3.392390       3.388760       3.385110       3.381420       3.377700       3.373940       3.370160       3.366340       3.362500       3.358630       3.354740       3.350820    
   3.358760       3.358110       3.356810       3.356810       3.400890       3.448640       3.448640       3.448630       3.444490       3.440350       3.421310       3.411750       3.411620       3.411620       3.411620       3.411620       3.402330       3.397640       3.397650       3.394030       3.390380       3.386700       3.382980       3.379220       3.375430       3.371610       3.367760       3.363880       3.359970       3.356040    
