iMOD/TUTORIALS/TUT_MetaswapAnalyser/model_MetaSWAP/meteo/Evaporation/Evaporation_20050103_L1.ASC
NCOLS                30
NROWS                30
XLLCORNER     160000.00
YLLCORNER     340000.00
CELLSIZE        1000.00
NODATA_VALUE   -9999.00
  0.1697300      0.1694900      0.1692400      0.1689900      0.1687200      0.1684600      0.1681800      0.1679000      0.1676000      0.1673000      0.1670000      0.1666800      0.1663500      0.1660200      0.1656800      0.1653200      0.1649600      0.1645900      0.1642100      0.1638200      0.1634200      0.1630100      0.1625900      0.1621600      0.1617300      0.1612800      0.1608200      0.1603600      0.1598800      0.1594000    
  0.1706200      0.1703900      0.1701600      0.1699200      0.1696700      0.1694100      0.1691500      0.1688700      0.1685900      0.1683000      0.1680100      0.1677000      0.1673800      0.1670600      0.1667200      0.1663800      0.1660300      0.1656600      0.1652900      0.1649100      0.1645100      0.1641100      0.1636900      0.1632700      0.1628400      0.1624000      0.1619400      0.1614800      0.1610100      0.1605300    
  0.1715200      0.1713100      0.1710800      0.1708500      0.1706200      0.1703700      0.1701200      0.1698600      0.1695900      0.1693100      0.1690200      0.1687300      0.1684200      0.1681000      0.1677800      0.1674400      0.1671000      0.1667400      0.1663700      0.1660000      0.1656100      0.1652100      0.1648000      0.1643900      0.1639600      0.1635200      0.1630700      0.1626100      0.1621400      0.1616600    
  0.1724300      0.1722300      0.1720200      0.1718000      0.1715700      0.1713400      0.1711000      0.1708500      0.1705900      0.1703200      0.1700500      0.1697600      0.1694600      0.1691600      0.1688400      0.1685100      0.1681700      0.1678300      0.1674700      0.1671000      0.1667100      0.1663200      0.1659200      0.1655000      0.1650800      0.1646400      0.1642000      0.1637400      0.1632700      0.1627900    
  0.1733400      0.1731500      0.1729600      0.1727500      0.1725400      0.1723200      0.1720900      0.1718500      0.1716000      0.1713400      0.1710800      0.1708000      0.1705100      0.1702200      0.1699100      0.1695900      0.1692600      0.1689200      0.1685600      0.1682000      0.1678200      0.1674400      0.1670400      0.1666300      0.1662100      0.1657800      0.1653300      0.1648800      0.1644100      0.1639300    
  0.1742600      0.1740900      0.1739000      0.1737100      0.1735100      0.1733000      0.1730800      0.1728500      0.1726200      0.1723700      0.1721100      0.1718500      0.1715700      0.1712800      0.1709800      0.1706700      0.1703500      0.1700100      0.1696700      0.1693100      0.1689400      0.1685600      0.1681600      0.1677600      0.1673400      0.1669100      0.1664700      0.1660200      0.1655500      0.1650800    
  0.1751900      0.1750300      0.1748500      0.1746700      0.1744800      0.1742800      0.1740800      0.1738600      0.1736400      0.1734000      0.1731500      0.1729000      0.1726300      0.1723500      0.1720600      0.1717500      0.1714400      0.1711100      0.1707700      0.1704200      0.1700600      0.1696800      0.1692900      0.1688900      0.1684800      0.1680500      0.1676100      0.1671600      0.1667000      0.1662300    
  0.1761200      0.1759700      0.1758100      0.1756400      0.1754600      0.1752800      0.1750800      0.1748800      0.1746600      0.1744400      0.1742000      0.1739500      0.1736900      0.1734200      0.1731400      0.1728400      0.1725400      0.1722200      0.1718800      0.1715400      0.1711800      0.1708100      0.1704300      0.1700300      0.1696200      0.1691900      0.1687600      0.1683100      0.1678500      0.1673800    
  0.1770600      0.1769200      0.1767700      0.1766100      0.1764500      0.1762700      0.1760900      0.1758900      0.1756900      0.1754800      0.1752500      0.1750100      0.1747600      0.1745000      0.1742300      0.1739400      0.1736400      0.1733300      0.1730000      0.1726600      0.1723100      0.1719400      0.1715600      0.1711700      0.1707600      0.1703400      0.1699100      0.1694600      0.1690000      0.1685300    
  0.1780000      0.1778700      0.1777300      0.1775900      0.1774400      0.1772700      0.1771000      0.1769200      0.1767200      0.1765200      0.1763000      0.1760700      0.1758300      0.1755800      0.1753100      0.1750400      0.1747400      0.1744400      0.1741200      0.1737800      0.1734400      0.1730800      0.1727000      0.1723100      0.1719100      0.1714900      0.1710600      0.1706100      0.1701500      0.1696800    
  0.1779970      0.1778670      0.1779400      0.1785700      0.1784300      0.1782800      0.1781100      0.1779400      0.1777600      0.1775600      0.1773600      0.1771400      0.1769100      0.1766600      0.1764100      0.1761400      0.1758500      0.1755500      0.1752400      0.1749100      0.1745700      0.1742100      0.1738400      0.1734500      0.1730500      0.1726400      0.1722100      0.1717700      0.1713100      0.1708400    
  0.1779930      0.1780930      0.1785700      0.1792100      0.1794200      0.1792800      0.1791300      0.1789700      0.1788000      0.1786100      0.1784200      0.1782100      0.1779900      0.1777500      0.1775000      0.1772400      0.1769600      0.1766700      0.1763600      0.1760400      0.1757000      0.1753500      0.1749800      0.1746000      0.1742000      0.1737900      0.1733600      0.1729200      0.1724600      0.1719900    
  0.1781930      0.1785700      0.1795300      0.1799200      0.1804200      0.1802900      0.1801500      0.1800000      0.1798400      0.1796600      0.1794800      0.1792800      0.1790600      0.1788400      0.1786000      0.1783400      0.1780700      0.1777900      0.1774900      0.1771700      0.1768400      0.1764900      0.1761300      0.1757500      0.1753500      0.1749400      0.1745200      0.1740800      0.1736200      0.1731500    
  0.1785700      0.1796720      0.1801700      0.1804200      0.1806700      0.1813000      0.1811700      0.1810300      0.1808800      0.1807200      0.1805400      0.1803500      0.1801500      0.1799300      0.1796900      0.1794500      0.1791800      0.1789100      0.1786100      0.1783000      0.1779700      0.1776300      0.1772700      0.1769000      0.1765000      0.1761000      0.1756700      0.1752300      0.1747800      0.1743100    
  0.1797390      0.1802950      0.1804200      0.1807970      0.1813000      0.1815530      0.1821900      0.1820600      0.1819200      0.1817700      0.1816000      0.1814200      0.1812300      0.1810200      0.1807900      0.1805500      0.1803000      0.1800300      0.1797400      0.1794300      0.1791100      0.1787700      0.1784200      0.1780400      0.1776500      0.1772500      0.1768300      0.1763900      0.1759300      0.1754600    
  0.1803570      0.1804200      0.1808390      0.1813000      0.1816810      0.1821900      0.1821250      0.1820570      0.1821420      0.1828200      0.1826600      0.1824900      0.1823100      0.1821100      0.1818900      0.1816600      0.1814100      0.1811400      0.1808600      0.1805600      0.1802500      0.1799100      0.1795600      0.1791900      0.1788000      0.1784000      0.1779800      0.1775400      0.1770900      0.1766100    
  0.1804200      0.1808530      0.1813000      0.1817240      0.1821900      0.1821580      0.1821240      0.1822860      0.1828200      0.1827400      0.1832320      0.1835600      0.1833900      0.1832000      0.1829900      0.1827600      0.1825200      0.1822600      0.1819900      0.1816900      0.1813800      0.1810500      0.1807000      0.1803400      0.1799500      0.1795500      0.1791300      0.1786900      0.1782400      0.1777700    
  0.1808580      0.1813000      0.1817380      0.1821900      0.1821740      0.1821570      0.1823470      0.1828200      0.1827800      0.1835030      0.1840950      0.1846300      0.1844700      0.1842800      0.1840800      0.1838700      0.1836300      0.1833800      0.1831100      0.1828200      0.1825200      0.1821900      0.1818500      0.1814800      0.1811000      0.1807000      0.1802800      0.1798400      0.1793900      0.1789100    
  0.1813000      0.1817430      0.1821900      0.1821820      0.1821740      0.1823740      0.1828200      0.1828000      0.1836190      0.1843630      0.1846300      0.1845500      0.1846870      0.1853700      0.1851800      0.1849700      0.1847400      0.1845000      0.1842300      0.1839500      0.1836500      0.1833300      0.1829800      0.1826200      0.1822400      0.1818400      0.1814300      0.1809900      0.1805300      0.1800600    
  0.1817440      0.1821900      0.1821860      0.1821820      0.1823870      0.1828200      0.1828100      0.1836730      0.1844960      0.1846300      0.1845900      0.1848090      0.1853700      0.1852750      0.1851730      0.1849630      0.1847370      0.1844900      0.1847920      0.1850800      0.1847800      0.1844600      0.1841200      0.1837600      0.1833900      0.1829900      0.1825700      0.1821300      0.1816800      0.1812000    
  0.1821900      0.1821880      0.1821860      0.1823940      0.1828200      0.1828150      0.1836990      0.1845630      0.1846300      0.1846100      0.1848500      0.1853700      0.1853220      0.1852730      0.1851370      0.1849580      0.1847300      0.1851720      0.1856400      0.1862000      0.1859000      0.1855900      0.1852600      0.1849000      0.1845200      0.1841300      0.1837100      0.1832700      0.1828200      0.1823400    
  0.1821890      0.1821880      0.1823970      0.1828200      0.1828180      0.1837120      0.1845970      0.1846300      0.1846200      0.1848650      0.1853700      0.1853460      0.1853220      0.1852440      0.1851230      0.1849420      0.1853960      0.1859200      0.1862000      0.1863770      0.1870300      0.1867200      0.1863800      0.1860300      0.1856600      0.1852600      0.1848400      0.1844100      0.1839500      0.1834700    
  0.1821890      0.1823980      0.1828200      0.1828190      0.1837190      0.1846130      0.1846300      0.1846250      0.1848710      0.1853700      0.1853580      0.1853460      0.1853040      0.1852290      0.1851030      0.1862060      0.1860600      0.1862000      0.1876330      0.1881450      0.1879600      0.1878400      0.1875100      0.1871600      0.1867900      0.1863900      0.1859700      0.1855400      0.1850800      0.1846000    
  0.1823990      0.1828200      0.1828190      0.1837220      0.1846220      0.1846300      0.1846280      0.1848740      0.1853700      0.1853640      0.1853580      0.1853360      0.1852930      0.1877090      0.1890170      0.1895080      0.1895100      0.1894580      0.1894380      0.1898100      0.1892600      0.1889500      0.1886300      0.1882800      0.1879100      0.1875200      0.1871000      0.1866600      0.1862000      0.1857200    
  0.1828200      0.1828200      0.1837230      0.1846260      0.1846300      0.1846290      0.1848750      0.1853700      0.1853670      0.1853640      0.1853530      0.1853290      0.1897680      0.1952330      0.1952000      0.1928540      0.1929550      0.1928200      0.1911970      0.1903600      0.1903600      0.1900700      0.1897400      0.1894000      0.1890300      0.1886300      0.1882200      0.1877800      0.1873200      0.1868300    
  0.1828200      0.1837240      0.1846280      0.1846300      0.1846290      0.1848760      0.1853700      0.1853690      0.1853670      0.1853610      0.1906170      0.1985200      0.1963560      0.1952660      0.1952660      0.1952000      0.1937530      0.1930900      0.1928200      0.1918000      0.1914600      0.1911700      0.1908500      0.1905100      0.1901400      0.1897400      0.1893300      0.1888900      0.1884200      0.1879400    
  0.1837250      0.1846290      0.1846300      0.1846300      0.1848760      0.1853700      0.1853690      0.1853690      0.1853660      0.1916770      0.1985200      0.1985200      0.1985200      0.1964050      0.1953320      0.1953320      0.1952000      0.1939010      0.1933600      0.1928200      0.1925600      0.1922700      0.1919500      0.1916100      0.1912400      0.1908500      0.1904300      0.1899900      0.1895200      0.1890300    
  0.1846290      0.1846300      0.1846300      0.1848770      0.1853700      0.1853700      0.1853690      0.1899130      0.1941150      0.1985230      0.1985200      0.1985200      0.1985200      0.1985200      0.1965000      0.1954640      0.1954650      0.1952000      0.1942220      0.1939000      0.1936400      0.1933500      0.1930400      0.1927000      0.1923300      0.1919400      0.1915200      0.1910800      0.1906100      0.1901200    
  0.1846300      0.1846300      0.1848770      0.1853700      0.1853700      0.1930420      0.2045500      0.2040500      0.2035500      0.2002040      0.1985280      0.1985200      0.1985200      0.1985200      0.1985200      0.1966850      0.1957280      0.1957300      0.1952000      0.1949700      0.1947200      0.1944300      0.1941200      0.1937800      0.1934200      0.1930200      0.1926000      0.1921600      0.1916900      0.1912000    
  0.1846300      0.1848770      0.1853700      0.1853700      0.1945780      0.2045520      0.2045520      0.2045500      0.2040500      0.2035500      0.2002180      0.1985450      0.1985200      0.1985200      0.1985200      0.1985200      0.1970270      0.1962530      0.1962600      0.1960400      0.1957800      0.1955000      0.1951900      0.1948600      0.1944900      0.1941000      0.1936800      0.1932300      0.1927600      0.1922600    
