iMOD/TUTORIALS/TUT_MetaswapAnalyser/model_MetaSWAP/meteo/Evaporation/Evaporation_20050211_L1.ASC
NCOLS                30
NROWS                30
XLLCORNER     160000.00
YLLCORNER     340000.00
CELLSIZE        1000.00
NODATA_VALUE   -9999.00
  0.2530800      0.2522800      0.2515600      0.2508900      0.2502900      0.2497600      0.2492800      0.2488700      0.2485100      0.2482100      0.2479600      0.2477600      0.2476200      0.2475200      0.2474800      0.2474700      0.2475200      0.2476000      0.2477300      0.2479000      0.2481100      0.2483600      0.2486400      0.2489600      0.2493100      0.2497000      0.2501200      0.2505700      0.2510400      0.2515500    
  0.2510000      0.2501900      0.2494500      0.2487700      0.2481500      0.2476000      0.2471000      0.2466700      0.2462900      0.2459700      0.2457000      0.2454900      0.2453200      0.2452100      0.2451400      0.2451200      0.2451400      0.2452100      0.2453200      0.2454700      0.2456600      0.2458900      0.2461500      0.2464500      0.2467900      0.2471600      0.2475600      0.2479900      0.2484500      0.2489300    
  0.2489500      0.2481200      0.2473600      0.2466600      0.2460300      0.2454600      0.2449500      0.2444900      0.2441000      0.2437600      0.2434700      0.2432400      0.2430500      0.2429200      0.2428300      0.2427900      0.2427900      0.2428400      0.2429300      0.2430600      0.2432400      0.2434400      0.2436900      0.2439700      0.2442900      0.2446400      0.2450200      0.2454300      0.2458700      0.2463400    
  0.2469100      0.2460700      0.2453000      0.2445800      0.2439300      0.2433400      0.2428200      0.2423400      0.2419300      0.2415700      0.2412600      0.2410100      0.2408100      0.2406500      0.2405400      0.2404900      0.2404700      0.2405000      0.2405700      0.2406800      0.2408300      0.2410200      0.2412500      0.2415100      0.2418100      0.2421400      0.2425100      0.2429000      0.2433200      0.2437800    
  0.2449000      0.2440500      0.2432600      0.2425300      0.2418600      0.2412500      0.2407100      0.2402200      0.2397800      0.2394000      0.2390800      0.2388100      0.2385800      0.2384100      0.2382800      0.2382000      0.2381700      0.2381800      0.2382300      0.2383200      0.2384600      0.2386300      0.2388400      0.2390800      0.2393600      0.2396700      0.2400200      0.2403900      0.2408000      0.2412300    
  0.2429100      0.2420400      0.2412300      0.2404900      0.2398100      0.2391800      0.2386200      0.2381100      0.2376600      0.2372600      0.2369200      0.2366300      0.2363800      0.2361900      0.2360500      0.2359500      0.2358900      0.2358800      0.2359200      0.2359900      0.2361000      0.2362500      0.2364400      0.2366700      0.2369300      0.2372200      0.2375500      0.2379000      0.2382900      0.2387100    
  0.2409400      0.2400600      0.2392300      0.2384800      0.2377800      0.2371400      0.2365500      0.2360300      0.2355600      0.2351400      0.2347800      0.2344700      0.2342100      0.2339900      0.2338300      0.2337100      0.2336400      0.2336100      0.2336200      0.2336800      0.2337700      0.2339000      0.2340700      0.2342800      0.2345200      0.2347900      0.2351000      0.2354400      0.2358100      0.2362100    
  0.2389900      0.2380900      0.2372500      0.2364800      0.2357600      0.2351100      0.2345100      0.2339600      0.2334800      0.2330400      0.2326600      0.2323300      0.2320500      0.2318200      0.2316400      0.2315000      0.2314100      0.2313600      0.2313500      0.2313900      0.2314600      0.2315700      0.2317200      0.2319100      0.2321300      0.2323900      0.2326800      0.2330000      0.2333500      0.2337300    
  0.2370500      0.2361400      0.2352900      0.2345000      0.2337700      0.2331000      0.2324800      0.2319200      0.2314200      0.2309600      0.2305600      0.2302100      0.2299200      0.2296700      0.2294600      0.2293100      0.2291900      0.2291300      0.2291000      0.2291200      0.2291700      0.2292700      0.2294000      0.2295700      0.2297700      0.2300100      0.2302800      0.2305800      0.2309100      0.2312700    
  0.2351400      0.2342100      0.2333500      0.2325400      0.2318000      0.2311100      0.2304700      0.2299000      0.2293700      0.2289000      0.2284900      0.2281200      0.2278000      0.2275300      0.2273100      0.2271400      0.2270000      0.2269200      0.2268700      0.2268700      0.2269000      0.2269800      0.2270900      0.2272400      0.2274300      0.2276400      0.2279000      0.2281800      0.2284900      0.2288400    
  0.2351570      0.2342330      0.2326750      0.2306000      0.2298400      0.2291400      0.2284900      0.2278900      0.2273500      0.2268600      0.2264300      0.2260400      0.2257100      0.2254200      0.2251800      0.2249800      0.2248300      0.2247300      0.2246600      0.2246400      0.2246600      0.2247100      0.2248100      0.2249400      0.2251000      0.2253000      0.2255400      0.2258000      0.2261000      0.2264200    
  0.2351770      0.2331660      0.2306000      0.2285800      0.2279000      0.2271800      0.2265200      0.2259000      0.2253500      0.2248400      0.2243900      0.2239900      0.2236300      0.2233200      0.2230700      0.2228500      0.2226800      0.2225600      0.2224700      0.2224300      0.2224300      0.2224700      0.2225400      0.2226500      0.2228000      0.2229800      0.2232000      0.2234400      0.2237200      0.2240300    
  0.2337760      0.2306000      0.2280250      0.2269400      0.2259800      0.2252400      0.2245600      0.2239300      0.2233600      0.2228400      0.2223700      0.2219500      0.2215700      0.2212500      0.2209700      0.2207400      0.2205500      0.2204100      0.2203100      0.2202400      0.2202200      0.2202400      0.2203000      0.2203900      0.2205200      0.2206800      0.2208800      0.2211000      0.2213600      0.2216500    
  0.2306000      0.2277660      0.2264600      0.2259800      0.2248470      0.2233200      0.2226200      0.2219800      0.2213900      0.2208500      0.2203600      0.2199200      0.2195300      0.2191900      0.2188900      0.2186400      0.2184400      0.2182800      0.2181500      0.2180800      0.2180400      0.2180300      0.2180700      0.2181500      0.2182600      0.2184000      0.2185800      0.2187900      0.2190300      0.2193000    
  0.2276420      0.2262200      0.2259800      0.2247160      0.2233200      0.2222130      0.2207000      0.2200400      0.2194400      0.2188800      0.2183800      0.2179200      0.2175100      0.2171500      0.2168400      0.2165700      0.2163400      0.2161600      0.2160200      0.2159200      0.2158700      0.2158500      0.2158600      0.2159200      0.2160100      0.2161400      0.2162900      0.2164900      0.2167100      0.2169600    
  0.2261000      0.2259800      0.2246720      0.2233200      0.2220780      0.2207000      0.2203700      0.2200600      0.2188220      0.2169300      0.2164000      0.2159300      0.2155100      0.2151300      0.2148000      0.2145100      0.2142700      0.2140700      0.2139100      0.2137900      0.2137100      0.2136800      0.2136800      0.2137100      0.2137800      0.2138900      0.2140300      0.2142000      0.2144100      0.2146400    
  0.2259800      0.2246570      0.2233200      0.2220330      0.2207000      0.2205350      0.2203770      0.2190460      0.2169300      0.2166650      0.2150440      0.2139600      0.2135200      0.2131200      0.2127700      0.2124700      0.2122000      0.2119900      0.2118100      0.2116800      0.2115800      0.2115200      0.2115000      0.2115200      0.2115800      0.2116700      0.2117900      0.2119400      0.2121300      0.2123500    
  0.2246520      0.2233200      0.2220180      0.2207000      0.2206180      0.2205370      0.2192220      0.2169300      0.2167980      0.2147240      0.2129800      0.2120000      0.2115400      0.2111300      0.2107600      0.2104400      0.2101600      0.2099200      0.2097300      0.2095800      0.2094600      0.2093900      0.2093500      0.2093500      0.2093900      0.2094600      0.2095600      0.2097000      0.2098700      0.2100600    
  0.2233200      0.2220130      0.2207000      0.2206590      0.2206180      0.2193270      0.2169300      0.2168640      0.2145880      0.2124900      0.2120000      0.2117700      0.2109550      0.2091500      0.2087700      0.2084300      0.2081300      0.2078800      0.2076700      0.2074900      0.2073600      0.2072700      0.2072100      0.2072000      0.2072100      0.2072700      0.2073500      0.2074700      0.2076200      0.2078000    
  0.2220110      0.2207000      0.2206790      0.2206590      0.2193830      0.2169300      0.2168970      0.2145250      0.2122450      0.2120000      0.2118850      0.2109690      0.2091500      0.2089600      0.2087830      0.2084430      0.2081470      0.2078930      0.2063700      0.2054300      0.2052800      0.2051700      0.2051000      0.2050600      0.2050600      0.2050900      0.2051600      0.2052600      0.2053900      0.2055600    
  0.2207000      0.2206900      0.2206790      0.2194130      0.2169300      0.2169130      0.2144950      0.2121220      0.2120000      0.2119420      0.2110010      0.2091500      0.2090550      0.2089640      0.2087290      0.2084580      0.2081610      0.2060390      0.2044050      0.2033800      0.2032100      0.2030800      0.2029900      0.2029400      0.2029200      0.2029400      0.2029900      0.2030700      0.2031800      0.2033300    
  0.2206950      0.2206900      0.2194280      0.2169300      0.2169220      0.2144800      0.2120610      0.2120000      0.2119710      0.2110230      0.2091500      0.2091030      0.2090560      0.2089160      0.2087170      0.2084490      0.2059860      0.2038920      0.2033800      0.2025830      0.2011600      0.2010100      0.2009000      0.2008300      0.2008000      0.2008000      0.2008300      0.2008900      0.2009900      0.2011200    
  0.2206950      0.2194360      0.2169300      0.2169260      0.2144720      0.2120310      0.2120000      0.2119860      0.2110360      0.2091500      0.2091260      0.2091030      0.2090250      0.2088970      0.2086940      0.2048350      0.2036360      0.2033800      0.2002970      0.1991300      0.1990300      0.1989600      0.1988300      0.1987400      0.1986900      0.1986700      0.1986900      0.1987300      0.1988100      0.1989300    
  0.2194390      0.2169300      0.2169280      0.2144690      0.2120150      0.2120000      0.2119930      0.2110430      0.2091500      0.2091380      0.2091260      0.2090850      0.2090080      0.2036160      0.1998750      0.1973890      0.1973850      0.1971310      0.1967740      0.1960950      0.1971000      0.1969200      0.1967800      0.1966700      0.1966000      0.1965600      0.1965600      0.1965900      0.1966500      0.1967500    
  0.2169300      0.2169290      0.2144670      0.2120080      0.2120000      0.2119960      0.2110460      0.2091500      0.2091440      0.2091380      0.2091160      0.2090730      0.1994460      0.1877910      0.1878500      0.1915840      0.1911460      0.1913900      0.1938140      0.1950970      0.1950900      0.1949000      0.1947300      0.1946100      0.1945200      0.1944700      0.1944500      0.1944600      0.1945100      0.1945900    
  0.2169290      0.2144660      0.2120040      0.2120000      0.2119980      0.2110480      0.2091500      0.2091470      0.2091440      0.2091330      0.1985060      0.1826000      0.1860110      0.1877310      0.1877310      0.1878500      0.1899550      0.1909030      0.1913900      0.1926750      0.1931000      0.1928900      0.1927100      0.1925700      0.1924600      0.1923900      0.1923500      0.1923500      0.1923800      0.1924400    
  0.2144650      0.2120020      0.2120000      0.2119990      0.2110490      0.2091500      0.2091490      0.2091470      0.2091410      0.1963970      0.1826000      0.1826000      0.1826000      0.1859240      0.1876130      0.1876130      0.1878500      0.1896760      0.1904150      0.1913900      0.1911200      0.1908900      0.1907000      0.1905400      0.1904200      0.1903300      0.1902700      0.1902500      0.1902700      0.1903100    
  0.2120010      0.2120000      0.2120000      0.2110500      0.2091500      0.2091490      0.2091490      0.2003590      0.1918330      0.1825950      0.1826000      0.1826000      0.1826000      0.1826000      0.1857510      0.1873750      0.1873750      0.1878500      0.1890480      0.1894400      0.1891600      0.1889100      0.1887000      0.1885200      0.1883800      0.1882800      0.1882100      0.1881700      0.1881700      0.1882000    
  0.2120000      0.2120000      0.2110500      0.2091500      0.2091500      0.1946210      0.1728300      0.1734150      0.1740000      0.1797200      0.1825850      0.1826000      0.1826000      0.1826000      0.1826000      0.1854150      0.1869000      0.1869000      0.1878500      0.1875100      0.1872100      0.1869400      0.1867100      0.1865200      0.1863700      0.1862500      0.1861600      0.1861100      0.1860900      0.1861000    
  0.2120000      0.2110500      0.2091500      0.2091500      0.1917130      0.1728270      0.1728270      0.1728300      0.1734150      0.1740000      0.1796940      0.1825550      0.1826000      0.1826000      0.1826000      0.1826000      0.1847860      0.1859500      0.1859500      0.1855900      0.1852700      0.1849900      0.1847400      0.1845300      0.1843600      0.1842300      0.1841200      0.1840500      0.1840200      0.1840100    
