iMOD/TUTORIALS/TUT_MetaswapAnalyser/model_MetaSWAP/meteo/Evaporation/Evaporation_20061025_L1.ASC
NCOLS                30
NROWS                30
XLLCORNER     160000.00
YLLCORNER     340000.00
CELLSIZE        1000.00
NODATA_VALUE   -9999.00
  0.9382100      0.9389100      0.9395400      0.9401000      0.9405900      0.9410200      0.9413900      0.9417000      0.9419500      0.9421600      0.9423200      0.9424400      0.9425200      0.9425600      0.9425600      0.9425300      0.9424700      0.9423900      0.9422800      0.9421500      0.9419900      0.9418200      0.9416200      0.9414200      0.9411900      0.9409600      0.9407100      0.9404500      0.9401800      0.9399100    
  0.9410500      0.9417700      0.9424200      0.9430000      0.9435100      0.9439600      0.9443500      0.9446800      0.9449600      0.9451800      0.9453600      0.9455000      0.9456000      0.9456500      0.9456800      0.9456700      0.9456200      0.9455600      0.9454600      0.9453400      0.9452000      0.9450300      0.9448500      0.9446500      0.9444400      0.9442100      0.9439700      0.9437200      0.9434600      0.9431900    
  0.9438600      0.9445900      0.9452600      0.9458600      0.9463900      0.9468500      0.9472600      0.9476200      0.9479100      0.9481600      0.9483600      0.9485200      0.9486400      0.9487100      0.9487500      0.9487600      0.9487300      0.9486800      0.9486000      0.9484900      0.9483600      0.9482100      0.9480400      0.9478500      0.9476500      0.9474300      0.9472000      0.9469600      0.9467000      0.9464400    
  0.9466300      0.9473800      0.9480600      0.9486700      0.9492200      0.9497100      0.9501400      0.9505100      0.9508300      0.9511000      0.9513200      0.9515000      0.9516300      0.9517300      0.9517900      0.9518100      0.9518000      0.9517600      0.9517000      0.9516100      0.9514900      0.9513500      0.9511900      0.9510200      0.9508200      0.9506100      0.9503900      0.9501600      0.9499100      0.9496500    
  0.9493600      0.9501300      0.9508200      0.9514500      0.9520200      0.9525300      0.9529800      0.9533700      0.9537100      0.9540000      0.9542400      0.9544400      0.9545900      0.9547000      0.9547800      0.9548200      0.9548300      0.9548100      0.9547600      0.9546800      0.9545800      0.9544500      0.9543100      0.9541400      0.9539600      0.9537600      0.9535500      0.9533200      0.9530800      0.9528300    
  0.9520600      0.9528400      0.9535500      0.9542000      0.9547900      0.9553100      0.9557800      0.9561900      0.9565500      0.9568600      0.9571200      0.9573400      0.9575100      0.9576400      0.9577400      0.9578000      0.9578200      0.9578200      0.9577800      0.9577200      0.9576300      0.9575200      0.9573900      0.9572300      0.9570600      0.9568700      0.9566700      0.9564500      0.9562200      0.9559700    
  0.9547200      0.9555200      0.9562500      0.9569100      0.9575100      0.9580600      0.9585400      0.9589800      0.9593500      0.9596800      0.9599600      0.9602000      0.9603900      0.9605400      0.9606500      0.9607300      0.9607700      0.9607900      0.9607700      0.9607200      0.9606500      0.9605500      0.9604300      0.9602900      0.9601300      0.9599500      0.9597500      0.9595500      0.9593200      0.9590900    
  0.9573600      0.9581600      0.9589100      0.9595900      0.9602100      0.9607700      0.9612700      0.9617200      0.9621200      0.9624700      0.9627700      0.9630200      0.9632300      0.9634000      0.9635400      0.9636300      0.9636900      0.9637200      0.9637200      0.9636800      0.9636300      0.9635400      0.9634400      0.9633100      0.9631600      0.9629900      0.9628100      0.9626100      0.9623900      0.9621600    
  0.9599600      0.9607800      0.9615400      0.9622300      0.9628700      0.9634500      0.9639700      0.9644400      0.9648600      0.9652200      0.9655400      0.9658100      0.9660400      0.9662300      0.9663800      0.9664900      0.9665700      0.9666200      0.9666300      0.9666100      0.9665700      0.9665000      0.9664100      0.9662900      0.9661600      0.9660000      0.9658300      0.9656400      0.9654300      0.9652100    
  0.9625300      0.9633600      0.9641400      0.9648500      0.9655000      0.9661000      0.9666400      0.9671200      0.9675600      0.9679400      0.9682800      0.9685700      0.9688200      0.9690300      0.9691900      0.9693200      0.9694200      0.9694800      0.9695100      0.9695100      0.9694800      0.9694200      0.9693400      0.9692400      0.9691200      0.9689700      0.9688100      0.9686300      0.9684400      0.9682200    
  0.9625070      0.9633430      0.9649450      0.9674300      0.9681000      0.9687100      0.9692700      0.9697700      0.9702200      0.9706300      0.9709800      0.9712900      0.9715600      0.9717800      0.9719700      0.9721200      0.9722300      0.9723100      0.9723500      0.9723700      0.9723500      0.9723100      0.9722500      0.9721600      0.9720500      0.9719200      0.9717600      0.9715900      0.9714100      0.9712100    
  0.9624870      0.9645560      0.9674300      0.9698530      0.9706700      0.9713000      0.9718700      0.9723900      0.9728600      0.9732800      0.9736600      0.9739800      0.9742700      0.9745100      0.9747100      0.9748800      0.9750100      0.9751000      0.9751600      0.9752000      0.9752000      0.9751700      0.9751200      0.9750400      0.9749400      0.9748200      0.9746800      0.9745200      0.9743500      0.9741600    
  0.9640150      0.9674300      0.9706080      0.9719400      0.9732100      0.9738500      0.9744400      0.9749800      0.9754700      0.9759100      0.9763000      0.9766400      0.9769500      0.9772100      0.9774300      0.9776100      0.9777500      0.9778700      0.9779400      0.9779900      0.9780100      0.9780000      0.9779600      0.9779000      0.9778100      0.9777000      0.9775700      0.9774200      0.9772600      0.9770700    
  0.9674300      0.9709560      0.9725750      0.9732100      0.9744800      0.9763800      0.9769900      0.9775400      0.9780400      0.9785000      0.9789100      0.9792700      0.9795900      0.9798700      0.9801100      0.9803100      0.9804700      0.9806000      0.9806900      0.9807500      0.9807800      0.9807900      0.9807600      0.9807200      0.9806400      0.9805500      0.9804300      0.9802900      0.9801400      0.9799600    
  0.9711220      0.9728920      0.9732100      0.9746900      0.9763800      0.9776230      0.9795000      0.9800700      0.9805900      0.9810600      0.9814900      0.9818700      0.9822100      0.9825000      0.9827600      0.9829700      0.9831500      0.9833000      0.9834100      0.9834800      0.9835300      0.9835500      0.9835400      0.9835000      0.9834400      0.9833600      0.9832500      0.9831300      0.9829800      0.9828200    
  0.9730510      0.9732100      0.9747600      0.9763800      0.9778340      0.9795000      0.9797850      0.9800530      0.9813300      0.9836000      0.9840400      0.9844400      0.9847900      0.9851100      0.9853800      0.9856100      0.9858100      0.9859700      0.9860900      0.9861900      0.9862500      0.9862800      0.9862800      0.9862600      0.9862100      0.9861400      0.9860500      0.9859300      0.9858000      0.9856500    
  0.9732100      0.9747830      0.9763800      0.9779050      0.9795000      0.9796430      0.9797790      0.9811920      0.9836000      0.9838200      0.9857100      0.9869800      0.9873500      0.9876800      0.9879700      0.9882200      0.9884300      0.9886100      0.9887500      0.9888600      0.9889300      0.9889800      0.9890000      0.9889900      0.9889600      0.9889000      0.9888100      0.9887100      0.9885900      0.9884400    
  0.9747910      0.9763800      0.9779280      0.9795000      0.9795710      0.9796410      0.9810540      0.9836000      0.9837100      0.9861710      0.9882350      0.9894900      0.9898800      0.9902200      0.9905300      0.9908000      0.9910200      0.9912200      0.9913700      0.9915000      0.9915900      0.9916500      0.9916800      0.9916900      0.9916700      0.9916200      0.9915500      0.9914600      0.9913400      0.9912100    
  0.9763800      0.9779360      0.9795000      0.9795360      0.9795710      0.9809660      0.9836000      0.9836550      0.9863670      0.9888630      0.9894900      0.9896850      0.9905820      0.9927400      0.9930600      0.9933500      0.9935900      0.9938000      0.9939700      0.9941100      0.9942200      0.9942900      0.9943400      0.9943600      0.9943500      0.9943100      0.9942600      0.9941700      0.9940700      0.9939500    
  0.9779390      0.9795000      0.9795180      0.9795350      0.9809180      0.9836000      0.9836280      0.9864580      0.9891760      0.9894900      0.9895870      0.9906240      0.9927400      0.9929000      0.9930500      0.9933330      0.9935800      0.9937870      0.9955640      0.9966900      0.9968100      0.9969000      0.9969600      0.9970000      0.9970000      0.9969800      0.9969300      0.9968600      0.9967700      0.9966600    
  0.9795000      0.9795090      0.9795180      0.9808930      0.9836000      0.9836140      0.9865020      0.9893330      0.9894900      0.9895390      0.9906100      0.9927400      0.9928200      0.9928970      0.9930940      0.9933210      0.9935670      0.9960300      0.9979700      0.9992500      0.9993900      0.9994900      0.9995600      0.9996100      0.9996200      0.9996200      0.9995800      0.9995200      0.9994400      0.9993400    
  0.9795040      0.9795090      0.9808800      0.9836000      0.9836070      0.9865230      0.9894120      0.9894900      0.9895140      0.9905950      0.9927400      0.9927800      0.9928190      0.9929370      0.9931040      0.9933270      0.9961560      0.9986100      0.9992500       1.000190       1.001930       1.002050       1.002130       1.002190       1.002220       1.002220       1.002200       1.002150       1.002080       1.001990    
  0.9795040      0.9808730      0.9836000      0.9836030      0.9865340      0.9894510      0.9894900      0.9895020      0.9905850      0.9927400      0.9927600      0.9927800      0.9928450      0.9929530      0.9931230      0.9976300      0.9989300      0.9992500       1.003010       1.004430       1.004510       1.004580       1.004680       1.004750       1.004790       1.004800       1.004790       1.004760       1.004700       1.004620    
  0.9808700      0.9836000      0.9836020      0.9865400      0.9894700      0.9894900      0.9894960      0.9905790      0.9927400      0.9927500      0.9927600      0.9927950      0.9928590      0.9993430       1.003760       1.006630       1.006630       1.006920       1.007320       1.008160       1.006930       1.007080       1.007190       1.007280       1.007330       1.007360       1.007360       1.007330       1.007280       1.007210    
  0.9836000      0.9836010      0.9865420      0.9894800      0.9894900      0.9894930      0.9905760      0.9927400      0.9927450      0.9927500      0.9927680      0.9928050       1.004420       1.018520       1.018450       1.013800       1.014320       1.014020       1.010980       1.009380       1.009390       1.009550       1.009680       1.009780       1.009840       1.009880       1.009890       1.009880       1.009840       1.009780    
  0.9836000      0.9865440      0.9894850      0.9894900      0.9894910      0.9905750      0.9927400      0.9927420      0.9927450      0.9927540       1.005640       1.024940       1.020720       1.018590       1.018590       1.018450       1.015810       1.014610       1.014020       1.012370       1.011830       1.012000       1.012140       1.012250       1.012330       1.012380       1.012410       1.012400       1.012370       1.012320    
  0.9865440      0.9894880      0.9894900      0.9894910      0.9905740      0.9927400      0.9927410      0.9927420      0.9927470       1.008200       1.024940       1.024940       1.024940       1.020830       1.018740       1.018740       1.018450       1.016140       1.015200       1.014020       1.014240       1.014430       1.014580       1.014700       1.014790       1.014850       1.014890       1.014900       1.014880       1.014840    
  0.9894890      0.9894900      0.9894900      0.9905740      0.9927400      0.9927410      0.9927410       1.003390       1.013730       1.024950       1.024940       1.024940       1.024940       1.024940       1.021040       1.019030       1.019030       1.018450       1.016900       1.016390       1.016620       1.016820       1.016990       1.017120       1.017230       1.017300       1.017350       1.017360       1.017360       1.017330    
  0.9894900      0.9894900      0.9905740      0.9927400      0.9927400       1.010410       1.036920       1.036130       1.035340       1.028420       1.024960       1.024940       1.024940       1.024940       1.024940       1.021440       1.019600       1.019610       1.018450       1.018740       1.018980       1.019200       1.019370       1.019520       1.019640       1.019720       1.019780       1.019810       1.019810       1.019790    
  0.9894900      0.9905730      0.9927400      0.9927400       1.013950       1.036920       1.036920       1.036920       1.036130       1.035340       1.028450       1.024990       1.024940       1.024940       1.024940       1.024940       1.022200       1.020750       1.020760       1.021060       1.021320       1.021540       1.021730       1.021890       1.022020       1.022110       1.022180       1.022220       1.022230       1.022220    
