iMOD/TUTORIALS/TUT_MetaswapAnalyser/model_MetaSWAP/meteo/Evaporation/Evaporation_20051210_L1.ASC
NCOLS                30
NROWS                30
XLLCORNER     160000.00
YLLCORNER     340000.00
CELLSIZE        1000.00
NODATA_VALUE   -9999.00
  0.2447700      0.2444200      0.2441200      0.2438700      0.2436600      0.2434900      0.2433700      0.2432800      0.2432200      0.2432000      0.2432100      0.2432500      0.2433200      0.2434200      0.2435400      0.2436800      0.2438500      0.2440300      0.2442400      0.2444600      0.2447000      0.2449500      0.2452200      0.2455000      0.2457900      0.2460900      0.2464000      0.2467200      0.2470400      0.2473700    
  0.2478700      0.2475200      0.2472300      0.2469800      0.2467700      0.2466000      0.2464700      0.2463800      0.2463300      0.2463000      0.2463100      0.2463500      0.2464100      0.2465100      0.2466200      0.2467600      0.2469200      0.2471000      0.2472900      0.2475100      0.2477400      0.2479800      0.2482400      0.2485000      0.2487800      0.2490700      0.2493700      0.2496700      0.2499900      0.2503100    
  0.2509900      0.2506500      0.2503600      0.2501100      0.2499100      0.2497400      0.2496100      0.2495200      0.2494600      0.2494400      0.2494400      0.2494800      0.2495400      0.2496200      0.2497300      0.2498700      0.2500200      0.2501900      0.2503800      0.2505800      0.2508000      0.2510400      0.2512800      0.2515400      0.2518100      0.2520900      0.2523700      0.2526600      0.2529600      0.2532700    
  0.2541400      0.2538100      0.2535200      0.2532800      0.2530700      0.2529100      0.2527800      0.2526900      0.2526300      0.2526000      0.2526000      0.2526400      0.2526900      0.2527700      0.2528800      0.2530000      0.2531500      0.2533100      0.2535000      0.2536900      0.2539000      0.2541300      0.2543600      0.2546100      0.2548600      0.2551300      0.2554000      0.2556800      0.2559600      0.2562500    
  0.2573200      0.2569900      0.2567100      0.2564700      0.2562700      0.2561000      0.2559800      0.2558800      0.2558200      0.2557900      0.2557900      0.2558200      0.2558700      0.2559500      0.2560500      0.2561700      0.2563100      0.2564700      0.2566400      0.2568300      0.2570300      0.2572400      0.2574700      0.2577000      0.2579400      0.2582000      0.2584600      0.2587200      0.2589900      0.2592700    
  0.2605200      0.2602000      0.2599200      0.2596900      0.2594900      0.2593200      0.2592000      0.2591100      0.2590400      0.2590100      0.2590100      0.2590400      0.2590800      0.2591600      0.2592500      0.2593600      0.2595000      0.2596400      0.2598100      0.2599900      0.2601800      0.2603800      0.2606000      0.2608200      0.2610500      0.2612900      0.2615400      0.2617900      0.2620400      0.2623000    
  0.2637500      0.2634300      0.2631600      0.2629300      0.2627300      0.2625700      0.2624400      0.2623500      0.2622900      0.2622600      0.2622500      0.2622700      0.2623200      0.2623900      0.2624700      0.2625800      0.2627100      0.2628500      0.2630100      0.2631800      0.2633600      0.2635500      0.2637500      0.2639700      0.2641800      0.2644100      0.2646400      0.2648800      0.2651200      0.2653700    
  0.2669900      0.2666900      0.2664200      0.2661900      0.2660000      0.2658400      0.2657100      0.2656200      0.2655600      0.2655300      0.2655200      0.2655400      0.2655800      0.2656400      0.2657200      0.2658300      0.2659400      0.2660800      0.2662300      0.2663900      0.2665600      0.2667400      0.2669300      0.2671300      0.2673400      0.2675500      0.2677700      0.2680000      0.2682200      0.2684500    
  0.2702600      0.2699600      0.2697000      0.2694700      0.2692800      0.2691300      0.2690000      0.2689100      0.2688500      0.2688200      0.2688100      0.2688200      0.2688600      0.2689200      0.2690000      0.2690900      0.2692000      0.2693300      0.2694700      0.2696200      0.2697900      0.2699600      0.2701400      0.2703300      0.2705200      0.2707200      0.2709200      0.2711300      0.2713400      0.2715600    
  0.2735500      0.2732500      0.2729900      0.2727700      0.2725900      0.2724400      0.2723200      0.2722200      0.2721600      0.2721300      0.2721200      0.2721300      0.2721600      0.2722200      0.2722900      0.2723800      0.2724900      0.2726000      0.2727400      0.2728800      0.2730300      0.2731900      0.2733600      0.2735400      0.2737200      0.2739100      0.2741000      0.2742900      0.2744900      0.2746800    
  0.2735600      0.2732630      0.2737750      0.2760900      0.2759100      0.2757600      0.2756400      0.2755500      0.2754900      0.2754600      0.2754400      0.2754500      0.2754900      0.2755400      0.2756000      0.2756900      0.2757900      0.2759000      0.2760200      0.2761600      0.2763000      0.2764500      0.2766100      0.2767700      0.2769400      0.2771100      0.2772900      0.2774700      0.2776500      0.2778300    
  0.2735720      0.2741720      0.2760900      0.2784650      0.2792500      0.2791100      0.2789900      0.2789000      0.2788400      0.2788000      0.2787900      0.2788000      0.2788300      0.2788700      0.2789400      0.2790200      0.2791100      0.2792100      0.2793300      0.2794500      0.2795900      0.2797300      0.2798700      0.2800300      0.2801800      0.2803400      0.2805000      0.2806700      0.2808300      0.2810000    
  0.2744350      0.2760900      0.2795240      0.2809300      0.2826100      0.2824700      0.2823500      0.2822700      0.2822000      0.2821700      0.2821500      0.2821600      0.2821900      0.2822300      0.2822900      0.2823600      0.2824500      0.2825400      0.2826500      0.2827700      0.2828900      0.2830200      0.2831600      0.2833000      0.2834400      0.2835900      0.2837300      0.2838800      0.2840300      0.2841800    
  0.2760900      0.2799980      0.2817700      0.2826100      0.2836400      0.2858400      0.2857300      0.2856400      0.2855800      0.2855500      0.2855300      0.2855400      0.2855600      0.2856000      0.2856500      0.2857200      0.2858000      0.2858900      0.2859900      0.2861000      0.2862100      0.2863300      0.2864600      0.2865800      0.2867100      0.2868500      0.2869800      0.2871100      0.2872400      0.2873800    
  0.2802220      0.2821900      0.2826100      0.2840300      0.2858400      0.2868970      0.2891200      0.2890300      0.2889700      0.2889400      0.2889200      0.2889300      0.2889500      0.2889800      0.2890300      0.2891000      0.2891700      0.2892500      0.2893500      0.2894500      0.2895500      0.2896600      0.2897700      0.2898900      0.2900000      0.2901200      0.2902400      0.2903600      0.2904700      0.2905900    
  0.2824000      0.2826100      0.2841600      0.2858400      0.2872860      0.2891200      0.2890750      0.2890400      0.2898200      0.2923400      0.2923300      0.2923300      0.2923500      0.2923800      0.2924300      0.2924900      0.2925500      0.2926300      0.2927200      0.2928100      0.2929000      0.2930000      0.2931000      0.2932000      0.2933100      0.2934100      0.2935200      0.2936200      0.2937200      0.2938200    
  0.2826100      0.2842030      0.2858400      0.2874150      0.2891200      0.2890970      0.2890780      0.2900690      0.2923400      0.2923350      0.2943820      0.2957400      0.2957600      0.2957900      0.2958300      0.2958900      0.2959500      0.2960200      0.2961000      0.2961800      0.2962600      0.2963500      0.2964400      0.2965300      0.2966200      0.2967100      0.2968000      0.2968900      0.2969700      0.2970500    
  0.2842180      0.2858400      0.2874580      0.2891200      0.2891090      0.2890990      0.2901460      0.2923400      0.2923380      0.2951360      0.2974550      0.2991700      0.2991800      0.2992100      0.2992500      0.2993000      0.2993600      0.2994200      0.2994900      0.2995600      0.2996400      0.2997200      0.2998000      0.2998800      0.2999500      0.3000300      0.3001000      0.3001700      0.3002400      0.3003000    
  0.2858400      0.2874730      0.2891200      0.2891140      0.2891090      0.2901730      0.2923400      0.2923390      0.2954590      0.2983120      0.2991700      0.2991750      0.3000500      0.3026400      0.3026800      0.3027200      0.3027700      0.3028300      0.3028900      0.3029600      0.3030300      0.3030900      0.3031600      0.3032300      0.3032900      0.3033500      0.3034100      0.3034700      0.3035200      0.3035600    
  0.2874780      0.2891200      0.2891170      0.2891140      0.2901840      0.2923400      0.2923390      0.2956100      0.2987410      0.2991700      0.2991720      0.3002590      0.3026400      0.3026600      0.3026800      0.3027230      0.3027730      0.3028300      0.3049620      0.3063600      0.3064200      0.3064800      0.3065400      0.3065900      0.3066400      0.3066900      0.3067300      0.3067700      0.3068000      0.3068300    
  0.2891200      0.2891190      0.2891170      0.2901890      0.2923400      0.2923400      0.2956830      0.2989560      0.2991700      0.2991710      0.3003100      0.3026400      0.3026500      0.3026600      0.3026880      0.3027260      0.3027760      0.3056800      0.3080650      0.3097700      0.3098200      0.3098700      0.3099200      0.3099600      0.3100000      0.3100300      0.3100600      0.3100800      0.3101000      0.3101100    
  0.2891190      0.2891190      0.2901910      0.2923400      0.2923400      0.2957190      0.2990630      0.2991700      0.2991710      0.3003230      0.3026400      0.3026450      0.3026500      0.3026660      0.3026910      0.3027300      0.3059740      0.3089170      0.3097700      0.3109400      0.3132300      0.3132700      0.3133000      0.3133300      0.3133600      0.3133800      0.3133900      0.3134000      0.3134000      0.3133900    
  0.2891190      0.2901920      0.2923400      0.2923400      0.2957370      0.2991160      0.2991700      0.2991700      0.3003260      0.3026400      0.3026420      0.3026450      0.3026540      0.3026690      0.3026960      0.3081580      0.3093440      0.3097700      0.3147810      0.3166450      0.3166620      0.3166700      0.3167000      0.3167100      0.3167300      0.3167300      0.3167300      0.3167200      0.3167000      0.3166800    
  0.2901930      0.2923400      0.2923400      0.2957460      0.2991430      0.2991700      0.2991700      0.3003270      0.3026400      0.3026410      0.3026420      0.3026470      0.3026560      0.3113000      0.3168360      0.3200500      0.3200500      0.3202690      0.3206320      0.3217700      0.3200600      0.3200800      0.3200900      0.3201000      0.3201000      0.3200900      0.3200700      0.3200400      0.3200100      0.3199600    
  0.2923400      0.2923400      0.2957510      0.2991570      0.2991700      0.2991700      0.3003270      0.3026400      0.3026410      0.3026410      0.3026440      0.3026480      0.3182570      0.3372870      0.3371800      0.3302620      0.3307570      0.3303300      0.3258340      0.3234800      0.3234800      0.3234900      0.3234900      0.3234900      0.3234700      0.3234500      0.3234100      0.3233700      0.3233200      0.3232600    
  0.2923400      0.2957530      0.2991630      0.2991700      0.2991700      0.3003270      0.3026400      0.3026400      0.3026410      0.3026420      0.3205590      0.3474300      0.3407560      0.3373940      0.3373940      0.3371800      0.3330590      0.3311850      0.3303300      0.3277580      0.3269000      0.3269000      0.3268900      0.3268700      0.3268500      0.3268100      0.3267600      0.3267000      0.3266300      0.3265500    
  0.2957540      0.2991670      0.2991700      0.2991700      0.3003270      0.3026400      0.3026400      0.3026400      0.3026410      0.3241400      0.3474300      0.3474300      0.3474300      0.3409140      0.3376080      0.3376080      0.3371800      0.3335390      0.3320400      0.3303300      0.3303200      0.3303100      0.3302900      0.3302600      0.3302200      0.3301700      0.3301000      0.3300200      0.3299400      0.3298400    
  0.2991680      0.2991700      0.2991700      0.3003270      0.3026400      0.3026400      0.3026400      0.3180480      0.3323670      0.3474390      0.3474300      0.3474300      0.3474300      0.3474300      0.3412240      0.3380350      0.3380350      0.3371800      0.3346080      0.3337500      0.3337400      0.3337200      0.3336900      0.3336500      0.3335900      0.3335200      0.3334400      0.3333500      0.3332400      0.3331200    
  0.2991700      0.2991700      0.3003270      0.3026400      0.3026400      0.3286130      0.3675700      0.3659200      0.3642700      0.3530690      0.3474580      0.3474300      0.3474300      0.3474300      0.3474300      0.3418250      0.3388900      0.3388900      0.3371800      0.3371700      0.3371600      0.3371300      0.3370900      0.3370300      0.3369600      0.3368800      0.3367800      0.3366700      0.3365500      0.3364100    
  0.2991700      0.3003270      0.3026400      0.3026400      0.3338120      0.3675760      0.3675760      0.3675700      0.3659200      0.3642700      0.3531160      0.3475130      0.3474300      0.3474300      0.3474300      0.3474300      0.3429470      0.3406000      0.3406000      0.3405900      0.3405700      0.3405300      0.3404800      0.3404100      0.3403300      0.3402300      0.3401100      0.3399900      0.3398400      0.3396900    
