iMOD/TUTORIALS/TUT_MetaswapAnalyser/model_MetaSWAP/meteo/Evaporation/Evaporation_20060723_L1.ASC
NCOLS                30
NROWS                30
XLLCORNER     160000.00
YLLCORNER     340000.00
CELLSIZE        1000.00
NODATA_VALUE   -9999.00
   4.010980       4.007760       4.004520       4.001260       3.997980       3.994690       3.991380       3.988050       3.984700       3.981340       3.977950       3.974550       3.971130       3.967680       3.964220       3.960740       3.957230       3.953700       3.950150       3.946580       3.942980       3.939360       3.935720       3.932050       3.928350       3.924630       3.920880       3.917110       3.913310       3.909480    
   4.019830       4.016720       4.013590       4.010440       4.007270       4.004080       4.000870       3.997640       3.994380       3.991100       3.987800       3.984480       3.981140       3.977770       3.974370       3.970950       3.967510       3.964040       3.960540       3.957020       3.953460       3.949880       3.946280       3.942640       3.938970       3.935280       3.931550       3.927790       3.924010       3.920190    
   4.028690       4.025700       4.022680       4.019640       4.016580       4.013490       4.010380       4.007240       4.004070       4.000880       3.997670       3.994430       3.991160       3.987860       3.984540       3.981180       3.977800       3.974390       3.970940       3.967470       3.963960       3.960420       3.956850       3.953250       3.949610       3.945940       3.942230       3.938500       3.934720       3.930920    
   4.037560       4.034680       4.031780       4.028850       4.025890       4.022900       4.019890       4.016850       4.013770       4.010670       4.007540       4.004380       4.001190       3.997970       3.994710       3.991420       3.988100       3.984740       3.981350       3.977930       3.974470       3.970970       3.967440       3.963870       3.960260       3.956610       3.952930       3.949210       3.945450       3.941660    
   4.046440       4.043670       4.040880       4.038060       4.035210       4.032320       4.029410       4.026460       4.023480       4.020470       4.017420       4.014340       4.011230       4.008080       4.004890       4.001670       3.998410       3.995110       3.991780       3.988400       3.984980       3.981530       3.978030       3.974500       3.970920       3.967300       3.963640       3.959940       3.956200       3.952410    
   4.055310       4.052660       4.049980       4.047270       4.044520       4.041740       4.038930       4.036080       4.033190       4.030270       4.027310       4.024310       4.021270       4.018200       4.015080       4.011930       4.008730       4.005490       4.002200       3.998880       3.995510       3.992090       3.988640       3.985130       3.981580       3.977990       3.974350       3.970670       3.966940       3.963170    
   4.064190       4.061660       4.059090       4.056480       4.053840       4.051160       4.048450       4.045690       4.042900       4.040070       4.037190       4.034280       4.031320       4.028320       4.025270       4.022180       4.019050       4.015860       4.012640       4.009360       4.006040       4.002660       3.999240       3.995770       3.992250       3.988690       3.985070       3.981410       3.977690       3.973930    
   4.073060       4.070640       4.068190       4.065690       4.063160       4.060580       4.057970       4.055310       4.052610       4.049860       4.047070       4.044240       4.041360       4.038440       4.035460       4.032440       4.029360       4.026240       4.023070       4.019840       4.016560       4.013230       4.009850       4.006410       4.002930       3.999380       3.995790       3.992140       3.988450       3.984700    
   4.081920       4.079620       4.077280       4.074890       4.072460       4.069990       4.067480       4.064910       4.062310       4.059650       4.056950       4.054200       4.051400       4.048550       4.045650       4.042690       4.039680       4.036610       4.033500       4.030320       4.027090       4.023800       4.020460       4.017050       4.013590       4.010080       4.006510       4.002880       3.999200       3.995460    
   4.090780       4.088590       4.086360       4.084080       4.081760       4.079390       4.076980       4.074510       4.072000       4.069440       4.066820       4.064150       4.061430       4.058660       4.055820       4.052930       4.049990       4.046980       4.043920       4.040790       4.037610       4.034360       4.031060       4.027690       4.024260       4.020770       4.017220       4.013610       4.009940       4.006220    
   4.090760       4.088580       4.088070       4.093260       4.091050       4.088780       4.086470       4.084100       4.081680       4.079210       4.076680       4.074090       4.071450       4.068750       4.065990       4.063170       4.060290       4.057340       4.054330       4.051260       4.048120       4.044920       4.041650       4.038310       4.034920       4.031450       4.027920       4.024330       4.020680       4.016960    
   4.090750       4.090170       4.093260       4.098550       4.100320       4.098150       4.095940       4.093670       4.091350       4.088960       4.086520       4.084020       4.081460       4.078830       4.076150       4.073390       4.070570       4.067690       4.064730       4.061710       4.058620       4.055460       4.052230       4.048930       4.045560       4.042120       4.038620       4.035040       4.031410       4.027700    
   4.091770       4.093260       4.101580       4.104950       4.109570       4.107510       4.105390       4.103220       4.100990       4.098700       4.096350       4.093930       4.091450       4.088900       4.086290       4.083600       4.080850       4.078020       4.075120       4.072150       4.069110       4.065990       4.062800       4.059530       4.056190       4.052780       4.049300       4.045740       4.042120       4.038420    
   4.093260       4.102920       4.107260       4.109570       4.111310       4.116840       4.114830       4.112750       4.110620       4.108420       4.106150       4.103820       4.101420       4.098950       4.096410       4.093790       4.091100       4.088330       4.085490       4.082570       4.079580       4.076500       4.073350       4.070120       4.066810       4.063420       4.059960       4.056420       4.052810       4.049120    
   4.103540       4.108410       4.109570       4.112570       4.116840       4.118640       4.124240       4.122260       4.120220       4.118110       4.115940       4.113690       4.111370       4.108970       4.106500       4.103960       4.101330       4.098630       4.095840       4.092970       4.090020       4.086990       4.083880       4.080680       4.077400       4.074040       4.070600       4.067080       4.063480       4.059800    
   4.108990       4.109570       4.112990       4.116840       4.119910       4.124240       4.123250       4.122240       4.122090       4.127780       4.125690       4.123530       4.121290       4.118970       4.116580       4.114100       4.111540       4.108890       4.106170       4.103350       4.100450       4.097460       4.094380       4.091220       4.087970       4.084640       4.081220       4.077710       4.074130       4.070460    
   4.109570       4.113130       4.116840       4.120330       4.124240       4.123740       4.123240       4.123840       4.127780       4.126730       4.130690       4.133340       4.131180       4.128940       4.126620       4.124210       4.121720       4.119140       4.116460       4.113700       4.110850       4.107900       4.104860       4.101730       4.098510       4.095200       4.091800       4.088320       4.084740       4.081090    
   4.113180       4.116840       4.120470       4.124240       4.123990       4.123740       4.124650       4.127780       4.127260       4.133310       4.138220       4.143110       4.141040       4.138880       4.136630       4.134300       4.131870       4.129350       4.126730       4.124020       4.121210       4.118310       4.115310       4.112220       4.109030       4.105740       4.102360       4.098890       4.095330       4.091680    
   4.116840       4.120520       4.124240       4.124120       4.123990       4.125040       4.127780       4.127520       4.134420       4.140670       4.143110       4.142070       4.142950       4.148780       4.146610       4.144340       4.141980       4.139520       4.136960       4.134310       4.131550       4.128690       4.125730       4.122670       4.119510       4.116240       4.112890       4.109430       4.105880       4.102240    
   4.120530       4.124240       4.124180       4.124120       4.125230       4.127780       4.127650       4.134940       4.141890       4.143110       4.142590       4.144230       4.148780       4.147690       4.146580       4.144310       4.141950       4.139490       4.142020       4.144560       4.141850       4.139030       4.136110       4.133080       4.129950       4.126710       4.123370       4.119930       4.116400       4.112760    
   4.124240       4.124210       4.124180       4.125330       4.127780       4.127710       4.135200       4.142500       4.143110       4.142850       4.144680       4.148780       4.148240       4.147680       4.146190       4.144280       4.141910       4.145580       4.149660       4.154770       4.152100       4.149330       4.146450       4.143450       4.140350       4.137140       4.133820       4.130390       4.126870       4.123240    
   4.124220       4.124210       4.125370       4.127780       4.127750       4.135320       4.142800       4.143110       4.142980       4.144850       4.148780       4.148510       4.148230       4.147370       4.146050       4.144130       4.147750       4.152220       4.154770       4.156400       4.162320       4.159590       4.156740       4.153780       4.150710       4.147520       4.144220       4.140810       4.137290       4.133670    
   4.124220       4.125400       4.127780       4.127760       4.135380       4.142960       4.143110       4.143050       4.144930       4.148780       4.148640       4.148510       4.148040       4.147220       4.145850       4.155260       4.153490       4.154770       4.167810       4.172460       4.170850       4.169800       4.166990       4.164060       4.161020       4.157850       4.154570       4.151170       4.147660       4.144050    
   4.125410       4.127780       4.127770       4.135410       4.143030       4.143110       4.143080       4.144970       4.148780       4.148710       4.148640       4.148400       4.147920       4.169440       4.180860       4.184850       4.184870       4.184410       4.184240       4.187630       4.182600       4.179960       4.177190       4.174300       4.171280       4.168130       4.164870       4.161480       4.157980       4.154370    
   4.127780       4.127780       4.135430       4.143070       4.143110       4.143090       4.144980       4.148780       4.148750       4.148710       4.148580       4.148320       4.188000       4.236960       4.236660       4.215300       4.216200       4.214970       4.200240       4.192640       4.192660       4.190060       4.187330       4.184470       4.181480       4.178360       4.175110       4.171740       4.168250       4.164640    
   4.127780       4.135440       4.143090       4.143110       4.143100       4.144990       4.148780       4.148760       4.148750       4.148680       4.195930       4.267020       4.247230       4.237260       4.237260       4.236660       4.223470       4.217430       4.214970       4.205720       4.202660       4.200110       4.197420       4.194590       4.191620       4.188520       4.185290       4.181930       4.178440       4.174840    
   4.135440       4.143100       4.143110       4.143110       4.145000       4.148780       4.148770       4.148760       4.148730       4.205480       4.267020       4.267020       4.267020       4.247670       4.237860       4.237860       4.236660       4.224810       4.219880       4.214970       4.212600       4.210090       4.207440       4.204640       4.201700       4.198620       4.195400       4.192050       4.188580       4.184970    
   4.143100       4.143110       4.143110       4.145000       4.148780       4.148780       4.148770       4.189970       4.227710       4.267050       4.267020       4.267020       4.267020       4.267020       4.248540       4.239060       4.239060       4.236660       4.227740       4.224790       4.222480       4.220010       4.217390       4.214630       4.211710       4.208650       4.205450       4.202110       4.198640       4.195040    
   4.143110       4.143110       4.145000       4.148780       4.148780       4.218560       4.323230       4.318430       4.313630       4.282630       4.267100       4.267020       4.267020       4.267020       4.267020       4.250220       4.241460       4.241470       4.236660       4.234540       4.232280       4.229850       4.227270       4.224540       4.221650       4.218610       4.215420       4.212090       4.208620       4.205020    
   4.143110       4.145000       4.148780       4.148780       4.232530       4.323250       4.323250       4.323230       4.318430       4.313630       4.282750       4.267250       4.267020       4.267020       4.267020       4.267020       4.253330       4.246250       4.246270       4.244220       4.242000       4.239620       4.237080       4.234380       4.231510       4.228490       4.225310       4.221990       4.218520       4.214920    
