iMOD/TUTORIALS/TUT_MetaswapAnalyser/model_MetaSWAP/meteo/Evaporation/Evaporation_20061210_L1.ASC
NCOLS                30
NROWS                30
XLLCORNER     160000.00
YLLCORNER     340000.00
CELLSIZE        1000.00
NODATA_VALUE   -9999.00
  0.4479400      0.4474100      0.4468700      0.4463200      0.4457700      0.4452200      0.4446600      0.4441100      0.4435400      0.4429800      0.4424200      0.4418500      0.4412800      0.4407100      0.4401500      0.4395800      0.4390100      0.4384400      0.4378700      0.4373100      0.4367400      0.4361800      0.4356200      0.4350600      0.4345000      0.4339400      0.4333900      0.4328400      0.4322900      0.4317400    
  0.4480200      0.4474800      0.4469400      0.4463900      0.4458400      0.4452900      0.4447300      0.4441700      0.4436100      0.4430500      0.4424800      0.4419200      0.4413500      0.4407800      0.4402100      0.4396400      0.4390700      0.4385000      0.4379400      0.4373700      0.4368100      0.4362400      0.4356800      0.4351200      0.4345600      0.4340000      0.4334500      0.4329000      0.4323500      0.4318000    
  0.4481000      0.4475600      0.4470100      0.4464600      0.4459100      0.4453600      0.4448000      0.4442400      0.4436800      0.4431100      0.4425500      0.4419800      0.4414100      0.4408400      0.4402700      0.4397000      0.4391300      0.4385600      0.4380000      0.4374300      0.4368600      0.4363000      0.4357400      0.4351800      0.4346200      0.4340600      0.4335100      0.4329500      0.4324000      0.4318600    
  0.4481700      0.4476300      0.4470800      0.4465300      0.4459800      0.4454200      0.4448600      0.4443000      0.4437400      0.4431700      0.4426000      0.4420400      0.4414700      0.4409000      0.4403300      0.4397600      0.4391900      0.4386200      0.4380500      0.4374900      0.4369200      0.4363600      0.4357900      0.4352300      0.4346700      0.4341200      0.4335600      0.4330100      0.4324600      0.4319100    
  0.4482400      0.4477000      0.4471500      0.4466000      0.4460400      0.4454800      0.4449200      0.4443600      0.4438000      0.4432300      0.4426600      0.4420900      0.4415200      0.4409500      0.4403800      0.4398100      0.4392400      0.4386700      0.4381100      0.4375400      0.4369700      0.4364100      0.4358500      0.4352900      0.4347300      0.4341700      0.4336200      0.4330600      0.4325100      0.4319700    
  0.4483100      0.4477600      0.4472100      0.4466600      0.4461000      0.4455400      0.4449800      0.4444200      0.4438500      0.4432800      0.4427200      0.4421500      0.4415800      0.4410100      0.4404300      0.4398600      0.4392900      0.4387200      0.4381600      0.4375900      0.4370200      0.4364600      0.4359000      0.4353400      0.4347800      0.4342200      0.4336700      0.4331200      0.4325700      0.4320200    
  0.4483800      0.4478300      0.4472800      0.4467200      0.4461600      0.4456000      0.4450400      0.4444700      0.4439100      0.4433400      0.4427700      0.4422000      0.4416300      0.4410600      0.4404800      0.4399100      0.4393400      0.4387700      0.4382000      0.4376400      0.4370700      0.4365100      0.4359400      0.4353800      0.4348300      0.4342700      0.4337200      0.4331600      0.4326200      0.4320700    
  0.4484400      0.4478900      0.4473400      0.4467800      0.4462200      0.4456600      0.4450900      0.4445300      0.4439600      0.4433900      0.4428200      0.4422500      0.4416700      0.4411000      0.4405300      0.4399600      0.4393900      0.4388200      0.4382500      0.4376800      0.4371200      0.4365500      0.4359900      0.4354300      0.4348700      0.4343200      0.4337600      0.4332100      0.4326600      0.4321200    
  0.4485100      0.4479500      0.4474000      0.4468400      0.4462800      0.4457100      0.4451500      0.4445800      0.4440100      0.4434400      0.4428700      0.4422900      0.4417200      0.4411500      0.4405800      0.4400000      0.4394300      0.4388600      0.4382900      0.4377300      0.4371600      0.4366000      0.4360300      0.4354700      0.4349200      0.4343600      0.4338100      0.4332600      0.4327100      0.4321600    
  0.4485700      0.4480100      0.4474500      0.4468900      0.4463300      0.4457600      0.4452000      0.4446300      0.4440600      0.4434800      0.4429100      0.4423400      0.4417700      0.4411900      0.4406200      0.4400500      0.4394800      0.4389100      0.4383400      0.4377700      0.4372000      0.4366400      0.4360800      0.4355200      0.4349600      0.4344000      0.4338500      0.4333000      0.4327500      0.4322100    
  0.4485670      0.4480100      0.4473250      0.4469500      0.4463800      0.4458200      0.4452500      0.4446800      0.4441000      0.4435300      0.4429600      0.4423800      0.4418100      0.4412300      0.4406600      0.4400900      0.4395200      0.4389500      0.4383800      0.4378100      0.4372400      0.4366800      0.4361200      0.4355600      0.4350000      0.4344400      0.4338900      0.4333400      0.4327900      0.4322500    
  0.4485660      0.4477130      0.4469500      0.4465620      0.4464300      0.4458700      0.4452900      0.4447200      0.4441500      0.4435700      0.4430000      0.4424200      0.4418500      0.4412800      0.4407000      0.4401300      0.4395600      0.4389800      0.4384100      0.4378500      0.4372800      0.4367200      0.4361500      0.4356000      0.4350400      0.4344800      0.4339300      0.4333800      0.4328400      0.4322900    
  0.4480870      0.4469500      0.4466160      0.4464600      0.4464900      0.4459100      0.4453400      0.4447700      0.4441900      0.4436200      0.4430400      0.4424700      0.4418900      0.4413100      0.4407400      0.4401700      0.4395900      0.4390200      0.4384500      0.4378800      0.4373200      0.4367500      0.4361900      0.4356300      0.4350800      0.4345200      0.4339700      0.4334200      0.4328800      0.4323300    
  0.4469500      0.4466330      0.4464750      0.4464900      0.4461200      0.4459600      0.4453900      0.4448100      0.4442400      0.4436600      0.4430800      0.4425100      0.4419300      0.4413500      0.4407800      0.4402000      0.4396300      0.4390600      0.4384900      0.4379200      0.4373500      0.4367900      0.4362300      0.4356700      0.4351100      0.4345600      0.4340100      0.4334600      0.4329100      0.4323700    
  0.4466390      0.4464820      0.4464900      0.4461900      0.4459600      0.4455930      0.4454300      0.4448600      0.4442800      0.4437000      0.4431200      0.4425400      0.4419700      0.4413900      0.4408100      0.4402400      0.4396600      0.4390900      0.4385200      0.4379500      0.4373900      0.4368200      0.4362600      0.4357000      0.4351500      0.4345900      0.4340400      0.4335000      0.4329500      0.4324100    
  0.4464860      0.4464900      0.4462130      0.4459600      0.4456610      0.4454300      0.4451450      0.4448570      0.4441450      0.4437400      0.4431600      0.4425800      0.4420000      0.4414300      0.4408500      0.4402700      0.4397000      0.4391300      0.4385600      0.4379900      0.4374200      0.4368600      0.4363000      0.4357400      0.4351800      0.4346300      0.4340800      0.4335300      0.4329900      0.4324500    
  0.4464900      0.4462210      0.4459600      0.4456840      0.4454300      0.4452880      0.4451440      0.4444720      0.4437400      0.4434500      0.4429520      0.4426200      0.4420400      0.4414600      0.4408800      0.4403100      0.4397300      0.4391600      0.4385900      0.4380200      0.4374500      0.4368900      0.4363300      0.4357700      0.4352200      0.4346600      0.4341100      0.4335700      0.4330300      0.4324900    
  0.4462240      0.4459600      0.4456910      0.4454300      0.4453590      0.4452870      0.4446610      0.4437400      0.4435950      0.4430880      0.4426400      0.4426600      0.4420800      0.4415000      0.4409200      0.4403400      0.4397700      0.4391900      0.4386200      0.4380500      0.4374900      0.4369200      0.4363600      0.4358000      0.4352500      0.4347000      0.4341500      0.4336000      0.4330600      0.4325200    
  0.4459600      0.4456940      0.4454300      0.4453940      0.4453590      0.4447620      0.4437400      0.4436680      0.4431470      0.4426500      0.4426600      0.4423700      0.4419430      0.4415300      0.4409500      0.4403800      0.4398000      0.4392300      0.4386500      0.4380900      0.4375200      0.4369500      0.4363900      0.4358400      0.4352800      0.4347300      0.4341800      0.4336400      0.4331000      0.4325600    
  0.4456950      0.4454300      0.4454120      0.4453940      0.4448140      0.4437400      0.4437040      0.4431740      0.4426550      0.4426600      0.4425150      0.4421260      0.4415300      0.4412400      0.4409530      0.4403770      0.4398030      0.4392270      0.4384480      0.4381200      0.4375500      0.4369900      0.4364300      0.4358700      0.4353100      0.4347600      0.4342200      0.4336700      0.4331300      0.4326000    
  0.4454300      0.4454210      0.4454120      0.4448400      0.4437400      0.4437220      0.4431870      0.4426580      0.4426600      0.4425870      0.4422080      0.4415300      0.4413850      0.4412410      0.4408570      0.4403780      0.4398020      0.4387530      0.4381350      0.4381500      0.4375800      0.4370200      0.4364600      0.4359000      0.4353500      0.4348000      0.4342500      0.4337100      0.4331700      0.4326300    
  0.4454260      0.4454210      0.4448530      0.4437400      0.4437310      0.4431940      0.4426590      0.4426600      0.4426240      0.4422460      0.4415300      0.4414580      0.4413850      0.4411610      0.4408250      0.4403460      0.4390450      0.4381420      0.4381500      0.4377800      0.4376100      0.4370500      0.4364900      0.4359300      0.4353800      0.4348300      0.4342800      0.4337400      0.4332000      0.4326700    
  0.4454260      0.4448600      0.4437400      0.4437350      0.4431970      0.4426590      0.4426600      0.4426420      0.4422650      0.4415300      0.4414940      0.4414580      0.4413350      0.4411240      0.4407770      0.4393220      0.4381460      0.4381500      0.4378180      0.4376450      0.4373060      0.4370800      0.4365200      0.4359700      0.4354100      0.4348600      0.4343200      0.4337800      0.4332400      0.4327100    
  0.4448630      0.4437400      0.4437380      0.4431980      0.4426600      0.4426600      0.4426510      0.4422740      0.4415300      0.4415120      0.4414940      0.4414290      0.4413050      0.4405560      0.4395000      0.4382500      0.4382500      0.4379830      0.4376830      0.4376950      0.4376800      0.4371100      0.4365500      0.4360000      0.4354500      0.4349000      0.4343500      0.4338100      0.4332800      0.4327400    
  0.4437400      0.4437390      0.4431990      0.4426600      0.4426600      0.4426550      0.4422790      0.4415300      0.4415210      0.4415120      0.4414780      0.4414090      0.4402550      0.4389910      0.4389900      0.4385400      0.4383540      0.4383500      0.4379120      0.4377100      0.4377100      0.4371500      0.4365900      0.4360300      0.4354800      0.4349300      0.4343900      0.4338500      0.4333100      0.4327800    
  0.4437390      0.4432000      0.4426600      0.4426600      0.4426580      0.4422810      0.4415300      0.4415250      0.4415210      0.4415040      0.4407600      0.4397000      0.4392290      0.4389930      0.4389930      0.4389900      0.4385640      0.4383570      0.4383500      0.4378950      0.4377400      0.4371800      0.4366200      0.4360700      0.4355200      0.4349700      0.4344300      0.4338900      0.4333500      0.4328200    
  0.4432000      0.4426600      0.4426600      0.4426590      0.4422820      0.4415300      0.4415280      0.4415250      0.4415170      0.4406370      0.4397000      0.4397000      0.4397000      0.4392300      0.4389950      0.4389950      0.4389900      0.4385600      0.4383650      0.4383500      0.4377800      0.4372200      0.4366600      0.4361000      0.4355500      0.4350000      0.4344600      0.4339300      0.4333900      0.4328600    
  0.4426600      0.4426600      0.4426590      0.4422830      0.4415300      0.4415290      0.4415280      0.4412800      0.4406520      0.4397000      0.4397000      0.4397000      0.4397000      0.4397000      0.4392340      0.4390000      0.4390000      0.4389900      0.4385350      0.4383800      0.4378200      0.4372500      0.4366900      0.4361400      0.4355900      0.4350400      0.4345000      0.4339700      0.4334300      0.4329100    
  0.4426600      0.4426600      0.4422830      0.4415300      0.4415290      0.4414010      0.4412100      0.4408800      0.4405500      0.4399840      0.4397000      0.4397000      0.4397000      0.4397000      0.4397000      0.4392390      0.4390110      0.4390100      0.4389900      0.4384200      0.4378500      0.4372900      0.4367300      0.4361800      0.4356300      0.4350800      0.4345400      0.4340100      0.4334800      0.4329500    
  0.4426600      0.4422830      0.4415300      0.4415300      0.4413760      0.4412100      0.4412100      0.4412100      0.4408800      0.4405500      0.4399850      0.4397010      0.4397000      0.4397000      0.4397000      0.4397000      0.4392440      0.4390330      0.4390300      0.4384600      0.4378900      0.4373300      0.4367700      0.4362200      0.4356700      0.4351200      0.4345800      0.4340500      0.4335200      0.4329900    
