iMOD/TUTORIALS/TUT_MetaswapAnalyser/model_MetaSWAP/meteo/Evaporation/Evaporation_20060210_L1.ASC
NCOLS                30
NROWS                30
XLLCORNER     160000.00
YLLCORNER     340000.00
CELLSIZE        1000.00
NODATA_VALUE   -9999.00
  0.1891300      0.1867200      0.1843400      0.1820000      0.1796900      0.1774100      0.1751700      0.1729700      0.1707900      0.1686500      0.1665400      0.1644700      0.1624200      0.1604100      0.1584300      0.1564800      0.1545600      0.1526700      0.1508100      0.1489800      0.1471700      0.1454000      0.1436500      0.1419300      0.1402400      0.1385700      0.1369300      0.1353100      0.1337200      0.1321600    
  0.1897900      0.1873700      0.1849800      0.1826300      0.1803100      0.1780300      0.1757800      0.1735600      0.1713800      0.1692300      0.1671100      0.1650300      0.1629700      0.1609500      0.1589600      0.1570000      0.1550700      0.1531700      0.1512900      0.1494500      0.1476400      0.1458500      0.1440900      0.1423600      0.1406600      0.1389800      0.1373300      0.1357000      0.1341000      0.1325300    
  0.1904500      0.1880200      0.1856300      0.1832700      0.1809400      0.1786500      0.1763900      0.1741600      0.1719700      0.1698100      0.1676800      0.1655900      0.1635300      0.1614900      0.1594900      0.1575200      0.1555800      0.1536700      0.1517900      0.1499300      0.1481100      0.1463100      0.1445400      0.1428000      0.1410900      0.1394000      0.1377400      0.1361000      0.1344900      0.1329000    
  0.1911200      0.1886800      0.1862800      0.1839100      0.1815700      0.1792700      0.1770000      0.1747700      0.1725700      0.1704000      0.1682600      0.1661500      0.1640800      0.1620400      0.1600300      0.1580400      0.1560900      0.1541700      0.1522800      0.1504200      0.1485800      0.1467700      0.1450000      0.1432400      0.1415200      0.1398200      0.1381500      0.1365000      0.1348800      0.1332800    
  0.1917800      0.1893300      0.1869200      0.1845500      0.1822000      0.1798900      0.1776200      0.1753700      0.1731600      0.1709800      0.1688400      0.1667200      0.1646400      0.1625900      0.1605600      0.1585700      0.1566100      0.1546800      0.1527800      0.1509000      0.1490600      0.1472400      0.1454500      0.1436900      0.1419500      0.1402500      0.1385600      0.1369100      0.1352700      0.1336700    
  0.1924500      0.1899900      0.1875700      0.1851900      0.1828400      0.1805200      0.1782300      0.1759800      0.1737600      0.1715700      0.1694200      0.1672900      0.1652000      0.1631400      0.1611100      0.1591000      0.1571300      0.1551900      0.1532800      0.1513900      0.1495400      0.1477100      0.1459100      0.1441400      0.1424000      0.1406800      0.1389800      0.1373200      0.1356700      0.1340600    
  0.1931100      0.1906500      0.1882300      0.1858300      0.1834700      0.1811500      0.1788500      0.1765900      0.1743600      0.1721700      0.1700000      0.1678700      0.1657600      0.1636900      0.1616500      0.1596400      0.1576600      0.1557100      0.1537800      0.1518900      0.1500200      0.1481900      0.1463800      0.1445900      0.1428400      0.1411100      0.1394100      0.1377300      0.1360800      0.1344500    
  0.1937800      0.1913100      0.1888800      0.1864800      0.1841100      0.1817800      0.1794700      0.1772000      0.1749700      0.1727600      0.1705800      0.1684400      0.1663300      0.1642500      0.1622000      0.1601800      0.1581900      0.1562200      0.1542900      0.1523900      0.1505100      0.1486700      0.1468500      0.1450500      0.1432900      0.1415500      0.1398400      0.1381500      0.1364900      0.1348500    
  0.1944500      0.1919800      0.1895300      0.1871300      0.1847500      0.1824100      0.1801000      0.1778200      0.1755700      0.1733600      0.1711700      0.1690200      0.1669000      0.1648100      0.1627500      0.1607200      0.1587200      0.1567400      0.1548000      0.1528900      0.1510000      0.1491500      0.1473200      0.1455200      0.1437400      0.1419900      0.1402700      0.1385700      0.1369000      0.1352500    
  0.1951200      0.1926400      0.1901900      0.1877700      0.1853900      0.1830400      0.1807200      0.1784300      0.1761800      0.1739600      0.1717600      0.1696000      0.1674700      0.1653700      0.1633000      0.1612600      0.1592500      0.1572700      0.1553200      0.1533900      0.1515000      0.1496300      0.1477900      0.1459800      0.1442000      0.1424400      0.1407100      0.1390000      0.1373200      0.1356600    
  0.1951300      0.1926500      0.1897550      0.1884200      0.1860300      0.1836800      0.1813500      0.1790500      0.1767900      0.1745600      0.1723500      0.1701800      0.1680400      0.1659400      0.1638600      0.1618100      0.1597900      0.1578000      0.1558400      0.1539000      0.1520000      0.1501200      0.1482700      0.1464500      0.1446600      0.1428900      0.1411500      0.1394300      0.1377400      0.1360700    
  0.1951410      0.1914890      0.1884200      0.1871120      0.1866800      0.1843100      0.1819800      0.1796700      0.1774000      0.1751600      0.1729500      0.1707700      0.1686200      0.1665000      0.1644100      0.1623600      0.1603300      0.1583300      0.1563600      0.1544100      0.1525000      0.1506100      0.1487600      0.1469300      0.1451200      0.1433400      0.1415900      0.1398700      0.1381700      0.1364900    
  0.1931760      0.1884200      0.1874630      0.1870000      0.1873200      0.1849500      0.1826100      0.1802900      0.1780100      0.1757600      0.1735500      0.1713600      0.1692000      0.1670700      0.1649700      0.1629100      0.1608700      0.1588600      0.1568800      0.1549300      0.1530100      0.1511100      0.1492400      0.1474000      0.1455900      0.1438000      0.1420400      0.1403100      0.1386000      0.1369100    
  0.1884200      0.1875910      0.1871600      0.1873200      0.1859530      0.1855900      0.1832400      0.1809200      0.1786300      0.1763700      0.1741400      0.1719500      0.1697800      0.1676400      0.1655400      0.1634600      0.1614100      0.1594000      0.1574100      0.1554500      0.1535100      0.1516100      0.1497300      0.1478800      0.1460600      0.1442600      0.1424900      0.1407500      0.1390300      0.1373400    
  0.1876430      0.1872400      0.1873200      0.1862880      0.1855900      0.1842330      0.1838700      0.1815400      0.1792500      0.1769800      0.1747400      0.1725400      0.1703600      0.1682200      0.1661000      0.1640200      0.1619600      0.1599400      0.1579400      0.1559700      0.1540300      0.1521100      0.1502300      0.1483700      0.1465400      0.1447300      0.1429500      0.1412000      0.1394700      0.1377700    
  0.1872800      0.1873200      0.1863990      0.1855900      0.1845640      0.1838700      0.1827050      0.1815530      0.1788400      0.1775900      0.1753500      0.1731300      0.1709500      0.1688000      0.1666700      0.1645800      0.1625100      0.1604800      0.1584700      0.1564900      0.1545400      0.1526200      0.1507200      0.1488600      0.1470100      0.1452000      0.1434100      0.1416500      0.1399100      0.1382000    
  0.1873200      0.1864360      0.1855900      0.1846750      0.1838700      0.1832880      0.1827090      0.1801720      0.1775900      0.1764700      0.1748260      0.1737300      0.1715400      0.1693800      0.1672400      0.1651400      0.1630700      0.1610200      0.1590100      0.1570200      0.1550600      0.1531300      0.1512200      0.1493500      0.1475000      0.1456700      0.1438800      0.1421100      0.1403600      0.1386400    
  0.1864490      0.1855900      0.1847120      0.1838700      0.1835790      0.1832890      0.1809400      0.1775900      0.1770300      0.1754490      0.1740300      0.1743300      0.1721300      0.1699600      0.1678200      0.1657000      0.1636200      0.1615700      0.1595400      0.1575500      0.1555800      0.1536400      0.1517300      0.1498400      0.1479800      0.1461500      0.1443500      0.1425700      0.1408100      0.1390800    
  0.1855900      0.1847240      0.1838700      0.1837240      0.1835790      0.1813490      0.1775900      0.1773100      0.1757160      0.1741800      0.1743300      0.1732300      0.1717400      0.1705400      0.1683900      0.1662700      0.1641800      0.1621200      0.1600900      0.1580800      0.1561000      0.1541600      0.1522300      0.1503400      0.1484700      0.1466300      0.1448200      0.1430300      0.1412700      0.1395300    
  0.1847280      0.1838700      0.1837970      0.1837250      0.1815610      0.1775900      0.1774500      0.1758400      0.1742550      0.1743300      0.1737800      0.1724600      0.1705400      0.1694650      0.1684000      0.1662800      0.1641900      0.1621300      0.1596140      0.1586200      0.1566300      0.1546700      0.1527400      0.1508400      0.1489700      0.1471200      0.1453000      0.1435000      0.1417300      0.1399800    
  0.1838700      0.1838340      0.1837970      0.1816680      0.1775900      0.1775200      0.1759010      0.1742930      0.1743300      0.1740550      0.1727780      0.1705400      0.1700030      0.1694680      0.1680480      0.1662900      0.1642000      0.1607970      0.1588900      0.1591600      0.1571600      0.1552000      0.1532600      0.1513500      0.1494600      0.1476100      0.1457800      0.1439700      0.1421900      0.1404400    
  0.1838520      0.1838340      0.1817220      0.1775900      0.1775550      0.1759300      0.1743110      0.1743300      0.1741920      0.1729260      0.1705400      0.1702710      0.1700040      0.1691730      0.1679360      0.1661790      0.1618940      0.1590250      0.1591600      0.1580070      0.1577000      0.1557200      0.1537700      0.1518600      0.1499600      0.1481000      0.1462600      0.1444500      0.1426600      0.1409000    
  0.1838520      0.1817490      0.1775900      0.1775720      0.1759450      0.1743210      0.1743300      0.1742610      0.1729970      0.1705400      0.1704060      0.1702720      0.1698160      0.1690370      0.1677630      0.1631810      0.1590930      0.1591600      0.1586100      0.1582350      0.1570440      0.1562500      0.1543000      0.1523700      0.1504700      0.1486000      0.1467500      0.1449300      0.1431300      0.1413600    
  0.1817630      0.1775900      0.1775810      0.1759530      0.1743250      0.1743300      0.1742960      0.1730320      0.1705400      0.1704730      0.1704060      0.1701640      0.1697080      0.1680690      0.1649320      0.1608060      0.1608050      0.1598820      0.1588630      0.1590400      0.1587700      0.1567800      0.1548200      0.1528800      0.1509800      0.1491000      0.1472400      0.1454100      0.1436100      0.1418300    
  0.1775900      0.1775860      0.1759560      0.1743280      0.1743300      0.1743130      0.1730490      0.1705400      0.1705060      0.1704730      0.1703480      0.1700930      0.1678630      0.1656780      0.1656600      0.1631420      0.1625200      0.1624500      0.1603280      0.1593130      0.1593100      0.1573200      0.1553500      0.1534000      0.1514900      0.1496000      0.1477400      0.1459000      0.1440900      0.1423000    
  0.1775880      0.1759580      0.1743290      0.1743300      0.1743210      0.1730580      0.1705400      0.1705230      0.1705060      0.1704420      0.1699950      0.1695300      0.1669760      0.1656960      0.1656960      0.1656600      0.1635820      0.1625900      0.1624500      0.1605080      0.1598600      0.1578500      0.1558800      0.1539300      0.1520000      0.1501100      0.1482400      0.1463900      0.1445700      0.1427800    
  0.1759590      0.1743290      0.1743300      0.1743260      0.1730620      0.1705400      0.1705320      0.1705230      0.1704910      0.1700010      0.1695300      0.1695300      0.1695300      0.1670020      0.1657310      0.1657310      0.1656600      0.1636290      0.1627300      0.1624500      0.1604100      0.1584000      0.1564100      0.1544500      0.1525200      0.1506200      0.1487400      0.1468900      0.1450600      0.1432600    
  0.1743300      0.1743300      0.1743280      0.1730650      0.1705400      0.1705360      0.1705320      0.1715690      0.1710910      0.1695320      0.1695300      0.1695300      0.1695300      0.1695300      0.1670520      0.1658030      0.1658020      0.1656600      0.1636750      0.1630100      0.1609600      0.1589400      0.1569500      0.1549800      0.1530500      0.1511300      0.1492500      0.1473900      0.1455600      0.1437500    
  0.1743300      0.1743290      0.1730660      0.1705400      0.1705380      0.1733580      0.1775900      0.1761600      0.1747300      0.1712680      0.1695350      0.1695300      0.1695300      0.1695300      0.1695300      0.1671450      0.1659460      0.1659450      0.1656600      0.1635800      0.1615200      0.1594900      0.1574900      0.1555200      0.1535700      0.1516500      0.1497600      0.1479000      0.1460600      0.1442400    
  0.1743290      0.1730660      0.1705400      0.1705390      0.1739240      0.1775910      0.1775910      0.1775900      0.1761600      0.1747300      0.1712770      0.1695450      0.1695300      0.1695300      0.1695300      0.1695300      0.1673000      0.1662330      0.1662300      0.1641400      0.1620800      0.1600400      0.1580300      0.1560600      0.1541000      0.1521800      0.1502800      0.1484100      0.1465600      0.1447400    
