iMOD/TUTORIALS/TUT_MetaswapAnalyser/model_MetaSWAP/meteo/Evaporation/Evaporation_20060422_L1.ASC
NCOLS                30
NROWS                30
XLLCORNER     160000.00
YLLCORNER     340000.00
CELLSIZE        1000.00
NODATA_VALUE   -9999.00
  0.7755400      0.7791500      0.7829200      0.7868500      0.7909300      0.7951700      0.7995400      0.8040500      0.8087000      0.8134800      0.8183800      0.8233900      0.8285300      0.8337700      0.8391200      0.8445700      0.8501200      0.8557700      0.8615000      0.8673300      0.8732400      0.8792300      0.8852900      0.8914400      0.8976600      0.9039400      0.9103000      0.9167200      0.9232000      0.9297400    
  0.7823900      0.7859700      0.7897000      0.7936000      0.7976400      0.8018300      0.8061700      0.8106400      0.8152400      0.8199700      0.8248200      0.8297900      0.8348800      0.8400700      0.8453700      0.8507700      0.8562700      0.8618600      0.8675500      0.8733200      0.8791700      0.8851100      0.8911200      0.8972100      0.9033700      0.9096000      0.9158900      0.9222500      0.9286700      0.9351600    
  0.7893200      0.7928600      0.7965600      0.8004200      0.8044300      0.8085800      0.8128700      0.8173000      0.8218600      0.8265400      0.8313500      0.8362700      0.8413100      0.8464500      0.8517000      0.8570500      0.8625000      0.8680400      0.8736700      0.8793900      0.8851900      0.8910700      0.8970200      0.9030500      0.9091600      0.9153300      0.9215600      0.9278600      0.9342300      0.9406500    
  0.7963100      0.7998300      0.8035000      0.8073200      0.8112900      0.8154000      0.8196500      0.8240300      0.8285500      0.8331900      0.8379500      0.8428300      0.8478200      0.8529100      0.8581100      0.8634100      0.8688100      0.8743000      0.8798700      0.8855400      0.8912800      0.8971100      0.9030100      0.9089800      0.9150200      0.9211300      0.9273100      0.9335500      0.9398500      0.9462100    
  0.8033800      0.8068600      0.8105000      0.8142800      0.8182200      0.8222900      0.8265000      0.8308400      0.8353200      0.8399100      0.8446300      0.8494600      0.8544000      0.8594500      0.8646000      0.8698500      0.8751900      0.8806300      0.8861500      0.8917600      0.8974500      0.9032200      0.9090600      0.9149800      0.9209600      0.9270200      0.9331300      0.9393100      0.9455500      0.9518500    
  0.8105000      0.8139600      0.8175600      0.8213100      0.8252100      0.8292500      0.8334200      0.8377200      0.8421500      0.8467000      0.8513800      0.8561600      0.8610500      0.8660500      0.8711600      0.8763600      0.8816500      0.8870300      0.8925000      0.8980600      0.9036900      0.9094000      0.9151900      0.9210500      0.9269800      0.9329700      0.9390200      0.9451400      0.9513200      0.9575500    
  0.8176900      0.8211100      0.8246900      0.8284100      0.8322700      0.8362700      0.8404000      0.8446700      0.8490500      0.8535600      0.8581900      0.8629300      0.8677800      0.8727300      0.8777800      0.8829300      0.8881700      0.8935100      0.8989200      0.9044200      0.9100000      0.9156600      0.9213900      0.9271900      0.9330600      0.9389900      0.9449800      0.9510400      0.9571600      0.9633300    
  0.8249300      0.8283300      0.8318700      0.8355600      0.8393900      0.8433500      0.8474500      0.8516700      0.8560200      0.8604900      0.8650700      0.8697600      0.8745600      0.8794700      0.8844700      0.8895700      0.8947600      0.9000400      0.9054100      0.9108600      0.9163800      0.9219800      0.9276500      0.9333900      0.9392000      0.9450800      0.9510100      0.9570100      0.9630600      0.9691700    
  0.8322200      0.8355900      0.8391100      0.8427600      0.8465600      0.8504900      0.8545500      0.8587300      0.8630400      0.8674700      0.8720100      0.8766600      0.8814100      0.8862700      0.8912300      0.8962800      0.9014200      0.9066500      0.9119600      0.9173500      0.9228200      0.9283600      0.9339800      0.9396600      0.9454100      0.9512300      0.9571000      0.9630300      0.9690200      0.9750700    
  0.8395600      0.8429100      0.8463900      0.8500200      0.8537800      0.8576800      0.8617000      0.8658500      0.8701200      0.8745000      0.8790000      0.8836100      0.8883200      0.8931300      0.8980400      0.9030400      0.9081300      0.9133100      0.9185700      0.9239100      0.9293200      0.9348100      0.9403700      0.9459900      0.9516800      0.9574400      0.9632500      0.9691200      0.9750500      0.9810300    
  0.8396100      0.8429530      0.8491600      0.8573200      0.8610500      0.8649200      0.8689100      0.8730200      0.8772500      0.8815900      0.8860500      0.8906100      0.8952800      0.9000500      0.9049100      0.9098600      0.9149000      0.9200300      0.9252400      0.9305200      0.9358800      0.9413100      0.9468100      0.9523800      0.9580100      0.9637000      0.9694600      0.9752600      0.9811300      0.9870500    
  0.8396580      0.8472610      0.8573200      0.8656180      0.8683700      0.8722000      0.8761600      0.8802300      0.8844300      0.8887300      0.8931500      0.8976700      0.9022900      0.9070100      0.9118300      0.9167400      0.9217300      0.9268000      0.9319600      0.9371900      0.9425000      0.9478700      0.9533200      0.9588200      0.9644000      0.9700300      0.9757200      0.9814600      0.9872600      0.9931200    
  0.8451750      0.8573200      0.8676790      0.8720500      0.8757300      0.8795300      0.8834500      0.8874900      0.8916500      0.8959200      0.9002900      0.9047700      0.9093500      0.9140300      0.9188000      0.9236600      0.9286000      0.9336300      0.9387300      0.9439100      0.9491600      0.9544800      0.9598700      0.9653200      0.9708300      0.9764100      0.9820300      0.9877200      0.9934500      0.9992400    
  0.8573200      0.8686550      0.8738900      0.8757300      0.8807200      0.8869000      0.8907900      0.8947900      0.8989200      0.9031500      0.9074800      0.9119200      0.9164600      0.9210900      0.9258200      0.9306300      0.9355300      0.9405000      0.9455500      0.9506800      0.9558800      0.9611400      0.9664700      0.9718700      0.9773200      0.9828300      0.9884000      0.9940200      0.9996900       1.005420    
  0.8691290      0.8748100      0.8757300      0.8811170      0.8869000      0.8919500      0.8981600      0.9021300      0.9062200      0.9104100      0.9147100      0.9191100      0.9236100      0.9282000      0.9328800      0.9376500      0.9424900      0.9474200      0.9524200      0.9575000      0.9626400      0.9678500      0.9731300      0.9784600      0.9838500      0.9893100      0.9948100       1.000370       1.005980       1.011640    
  0.8752700      0.8757300      0.8812490      0.8869000      0.8923370      0.8981600      0.9001450      0.9021700      0.9091200      0.9177200      0.9219800      0.9263400      0.9308000      0.9353500      0.9399800      0.9447000      0.9495000      0.9543800      0.9593300      0.9643600      0.9694500      0.9746000      0.9798200      0.9851000      0.9904300      0.9958200       1.001270       1.006760       1.012310       1.017900    
  0.8757300      0.8812930      0.8869000      0.8924660      0.8981600      0.8991530      0.9001580      0.9072890      0.9177200      0.9198500      0.9281100      0.9336100      0.9380200      0.9425300      0.9471200      0.9518000      0.9565500      0.9613800      0.9662800      0.9712600      0.9762900      0.9814000      0.9865600      0.9917800      0.9970500       1.002380       1.007770       1.013200       1.018680       1.024210    
  0.8813080      0.8869000      0.8925090      0.8981600      0.8986560      0.8991570      0.9060800      0.9177200      0.9187850      0.9287670      0.9372550      0.9409000      0.9452800      0.9497400      0.9543000      0.9589300      0.9636400      0.9684200      0.9732700      0.9781900      0.9831800      0.9882300      0.9933300      0.9985000       1.003710       1.008980       1.014310       1.019680       1.025090       1.030560    
  0.8869000      0.8925230      0.8981600      0.8984080      0.8986580      0.9054030      0.9177200      0.9182520      0.9290500      0.9390770      0.9409000      0.9430900      0.9482280      0.9569900      0.9615000      0.9660900      0.9707500      0.9754900      0.9803000      0.9851700      0.9901000      0.9950900       1.000150       1.005250       1.010410       1.015620       1.020880       1.026190       1.031540       1.036940    
  0.8925280      0.8981600      0.8982840      0.8984090      0.9050470      0.9177200      0.9179860      0.9291820      0.9399890      0.9409000      0.9419950      0.9473020      0.9569900      0.9592450      0.9615270      0.9661130      0.9707770      0.9755130      0.9864660      0.9921700      0.9970500       1.001990       1.006990       1.012040       1.017140       1.022290       1.027490       1.032730       1.038020       1.043360    
  0.8981600      0.8982220      0.8982840      0.9048650      0.9177200      0.9178530      0.9292470      0.9404440      0.9409000      0.9414470      0.9467970      0.9569900      0.9581170      0.9592540      0.9622950      0.9661390      0.9708010      0.9855280      0.9956850      0.9992000       1.004040       1.008920       1.013870       1.018860       1.023900       1.028990       1.034130       1.039310       1.044540       1.049800    
  0.8981910      0.8982220      0.9047730      0.9177200      0.9177870      0.9292780      0.9406720      0.9409000      0.9411740      0.9465340      0.9569900      0.9575540      0.9581200      0.9598890      0.9625630      0.9664120      0.9838220      0.9974420      0.9992000       1.004760       1.011040       1.015880       1.020770       1.025710       1.030690       1.035720       1.040800       1.045920       1.051080       1.056280    
  0.8981910      0.9047270      0.9177200      0.9177530      0.9292940      0.9407860      0.9409000      0.9410370      0.9463990      0.9569900      0.9572720      0.9575550      0.9585210      0.9601910      0.9629540      0.9863290      0.9983210      0.9992000       1.012680       1.018090       1.020950       1.022860       1.027700       1.032580       1.037500       1.042480       1.047490       1.052550       1.057640       1.062780    
  0.9047030      0.9177200      0.9177370      0.9293020      0.9408430      0.9409000      0.9409690      0.9463320      0.9569900      0.9571310      0.9572720      0.9577830      0.9587550      0.9833560       1.003670       1.020530       1.020520       1.023140       1.026320       1.028670       1.025130       1.029860       1.034640       1.039470       1.044340       1.049250       1.054210       1.059200       1.064230       1.069300    
  0.9177200      0.9177280      0.9293060      0.9408720      0.9409000      0.9409340      0.9462980      0.9569900      0.9570600      0.9571310      0.9573950      0.9579370       1.000820       1.051990       1.051760       1.040280       1.042740       1.041850       1.035660       1.032210       1.032200       1.036890       1.041610       1.046380       1.051200       1.056050       1.060940       1.065870       1.070840       1.075850    
  0.9177240      0.9293080      0.9408860      0.9409000      0.9409170      0.9462800      0.9569900      0.9570250      0.9570610      0.9571960       1.002140       1.069130       1.057890       1.052210       1.052210       1.051760       1.046110       1.043640       1.041850       1.039930       1.039290       1.043920       1.048600       1.053310       1.058070       1.062860       1.067700       1.072560       1.077470       1.082410    
  0.9293090      0.9408930      0.9409000      0.9409090      0.9462720      0.9569900      0.9570080      0.9570250      0.9570940       1.010930       1.069130       1.069130       1.069130       1.058220       1.052660       1.052660       1.051760       1.047180       1.045430       1.041850       1.046390       1.050970       1.055600       1.060260       1.064960       1.069690       1.074460       1.079270       1.084110       1.088980    
  0.9408970      0.9409000      0.9409040      0.9462680      0.9569900      0.9569990      0.9570080      0.9930440       1.029180       1.069150       1.069130       1.069130       1.069130       1.069130       1.058880       1.053560       1.053560       1.051760       1.049700       1.049010       1.053500       1.058030       1.062600       1.067210       1.071850       1.076530       1.081240       1.085980       1.090760       1.095570    
  0.9409000      0.9409020      0.9462650      0.9569900      0.9569940       1.015890       1.104220       1.102640       1.101050       1.079820       1.069190       1.069130       1.069130       1.069130       1.069130       1.060160       1.055360       1.055360       1.051760       1.056170       1.060610       1.065100       1.069620       1.074170       1.078760       1.083380       1.088030       1.092710       1.097420       1.102160    
  0.9409010      0.9462640      0.9569900      0.9569920       1.027670       1.104230       1.104230       1.104220       1.102640       1.101050       1.079930       1.069310       1.069130       1.069130       1.069130       1.069130       1.062590       1.058970       1.058970       1.063330       1.067730       1.072170       1.076640       1.081140       1.085670       1.090230       1.094820       1.099430       1.104080       1.108750    
