iMOD/TUTORIALS/TUT_MetaswapAnalyser/model_MetaSWAP/meteo/Evaporation/Evaporation_20050712_L1.ASC
NCOLS                30
NROWS                30
XLLCORNER     160000.00
YLLCORNER     340000.00
CELLSIZE        1000.00
NODATA_VALUE   -9999.00
   3.971890       3.980030       3.988180       3.996330       4.004470       4.012620       4.020760       4.028900       4.037040       4.045170       4.053290       4.061400       4.069510       4.077610       4.085690       4.093770       4.101830       4.109890       4.117920       4.125950       4.133960       4.141950       4.149930       4.157900       4.165840       4.173770       4.181680       4.189580       4.197450       4.205300    
   3.963250       3.971440       3.979630       3.987820       3.996010       4.004190       4.012380       4.020550       4.028720       4.036890       4.045050       4.053200       4.061340       4.069470       4.077600       4.085710       4.093800       4.101890       4.109960       4.118020       4.126060       4.134090       4.142100       4.150100       4.158070       4.166030       4.173980       4.181900       4.189800       4.197690    
   3.954640       3.962880       3.971120       3.979350       3.987570       3.995800       4.004020       4.012230       4.020440       4.028640       4.036840       4.045020       4.053200       4.061370       4.069520       4.077670       4.085800       4.093920       4.102020       4.110110       4.118190       4.126250       4.134290       4.142320       4.150330       4.158320       4.166290       4.174240       4.182180       4.190090    
   3.946070       3.954350       3.962620       3.970900       3.979170       3.987430       3.995690       4.003940       4.012190       4.020430       4.028660       4.036880       4.045090       4.053290       4.061480       4.069660       4.077820       4.085970       4.094110       4.102230       4.110340       4.118430       4.126500       4.134560       4.142600       4.150620       4.158620       4.166610       4.174570       4.182510    
   3.937510       3.945840       3.954160       3.962480       3.970790       3.979090       3.987390       3.995680       4.003960       4.012240       4.020500       4.028760       4.037000       4.045240       4.053460       4.061670       4.069870       4.078050       4.086220       4.094370       4.102510       4.110630       4.118740       4.126830       4.134900       4.142950       4.150980       4.158990       4.166980       4.174950    
   3.928990       3.937360       3.945720       3.954080       3.962430       3.970780       3.979110       3.987440       3.995760       4.004070       4.012370       4.020660       4.028940       4.037210       4.045460       4.053710       4.061940       4.070150       4.078350       4.086540       4.094710       4.102860       4.110990       4.119110       4.127210       4.135290       4.143350       4.151390       4.159410       4.167410    
   3.920490       3.928900       3.937310       3.945710       3.954100       3.962490       3.970860       3.979230       3.987580       3.995930       4.004260       4.012590       4.020900       4.029200       4.037490       4.045770       4.054030       4.062280       4.070510       4.078720       4.086920       4.095110       4.103270       4.111420       4.119550       4.127650       4.135740       4.143810       4.151860       4.159890    
   3.912010       3.920470       3.928920       3.937360       3.945800       3.954220       3.962630       3.971030       3.979430       3.987810       3.996180       4.004540       4.012890       4.021220       4.029540       4.037850       4.046150       4.054420       4.062690       4.070930       4.079160       4.087370       4.095570       4.103740       4.111900       4.120040       4.128150       4.136250       4.144330       4.152380    
   3.903550       3.912060       3.920560       3.929040       3.937510       3.945970       3.954430       3.962870       3.971300       3.979710       3.988120       3.996510       4.004900       4.013260       4.021620       4.029960       4.038280       4.046590       4.054880       4.063160       4.071420       4.079660       4.087880       4.096090       4.104270       4.112440       4.120580       4.128710       4.136810       4.144890    
   3.895120       3.903670       3.912210       3.920740       3.929250       3.937750       3.946240       3.954720       3.963190       3.971640       3.980080       3.988510       3.996920       4.005320       4.013710       4.022080       4.030440       4.038780       4.047100       4.055410       4.063700       4.071970       4.080220       4.088450       4.096660       4.104860       4.113030       4.121180       4.129310       4.137420    
   3.895110       3.903670       3.912270       3.912450       3.921010       3.929550       3.938080       3.946590       3.955100       3.963590       3.972060       3.980520       3.988970       3.997410       4.005820       4.014230       4.022610       4.030980       4.039340       4.047670       4.055990       4.064290       4.072570       4.080830       4.089070       4.097290       4.105490       4.113670       4.121830       4.129960    
   3.895110       3.905870       3.912450       3.912710       3.912790       3.921370       3.929930       3.938490       3.947030       3.955550       3.964060       3.972560       3.981040       3.989510       3.997960       4.006390       4.014810       4.023210       4.031590       4.039960       4.048310       4.056630       4.064940       4.073230       4.081500       4.089750       4.097970       4.106180       4.114360       4.122520    
   3.899990       3.912450       3.909610       3.908690       3.904580       3.913200       3.921810       3.930400       3.938980       3.947540       3.956080       3.964610       3.973130       3.981620       3.990110       3.998570       4.007020       4.015450       4.023870       4.032260       4.040640       4.048990       4.057330       4.065650       4.073940       4.082220       4.090470       4.098700       4.106910       4.115100    
   3.912450       3.908320       3.906630       3.904580       3.907610       3.905060       3.913700       3.922330       3.930940       3.939540       3.948120       3.956680       3.965230       3.973760       3.982280       3.990770       3.999250       4.007710       4.016160       4.024580       4.032980       4.041370       4.049730       4.058080       4.066400       4.074700       4.082980       4.091240       4.099470       4.107680    
   3.907740       3.905610       3.904580       3.905750       3.905060       3.908120       3.905610       3.914280       3.922930       3.931560       3.940170       3.948770       3.957350       3.965920       3.974460       3.982990       3.991500       3.999990       4.008460       4.016920       4.025350       4.033760       4.042150       4.050520       4.058870       4.067200       4.075510       4.083790       4.092050       4.100290    
   3.905090       3.904580       3.905130       3.905060       3.906260       3.905610       3.909950       3.914270       3.923090       3.923590       3.932240       3.940880       3.949490       3.958090       3.966660       3.975220       3.983760       3.992280       4.000780       4.009270       4.017730       4.026170       4.034590       4.042980       4.051360       4.059710       4.068050       4.076350       4.084640       4.092900    
   3.904580       3.904920       3.905060       3.905640       3.905610       3.907780       3.909940       3.917720       3.923590       3.927920       3.930970       3.933000       3.941640       3.950270       3.958880       3.967470       3.976040       3.984590       3.993120       4.001630       4.010120       4.018590       4.027040       4.035460       4.043860       4.052240       4.060600       4.068930       4.077240       4.085530    
   3.904850       3.905060       3.905440       3.905610       3.906690       3.907780       3.914760       3.923590       3.925750       3.927330       3.929060       3.925130       3.933810       3.942470       3.951110       3.959730       3.968330       3.976920       3.985470       3.994010       4.002530       4.011030       4.019500       4.027950       4.036380       4.044780       4.053170       4.061530       4.069860       4.078170    
   3.905060       3.905370       3.905610       3.906150       3.906690       3.913200       3.923590       3.924670       3.925780       3.927100       3.925130       3.929470       3.934030       3.934690       3.943360       3.952010       3.960640       3.969250       3.977840       3.986410       3.994950       4.003480       4.011980       4.020450       4.028910       4.037340       4.045750       4.054130       4.062490       4.070830    
   3.905350       3.905610       3.905880       3.906150       3.912410       3.923590       3.924130       3.925060       3.926110       3.925130       3.927300       3.930830       3.934690       3.939020       3.943350       3.952000       3.960630       3.969240       3.976710       3.978820       3.987390       3.995940       4.004470       4.012970       4.021450       4.029910       4.038340       4.046750       4.055130       4.063490    
   3.905610       3.905750       3.905880       3.912010       3.923590       3.923860       3.924710       3.925620       3.925130       3.926210       3.929490       3.934690       3.936860       3.939020       3.944790       3.952000       3.960630       3.970570       3.975030       3.971240       3.979840       3.988410       3.996970       4.005500       4.014000       4.022490       4.030940       4.039380       4.047780       4.056170    
   3.905680       3.905750       3.911810       3.923590       3.923730       3.924530       3.925380       3.925130       3.925670       3.928880       3.934690       3.935770       3.936860       3.940220       3.945270       3.952470       3.965510       3.973130       3.971240       3.974460       3.972300       3.980900       3.989480       3.998040       4.006570       4.015080       4.023560       4.032020       4.040450       4.048850    
   3.905680       3.911700       3.923590       3.923660       3.924450       3.925250       3.925130       3.925400       3.928590       3.934690       3.935230       3.935770       3.937620       3.940780       3.945990       3.956810       3.972190       3.971240       3.965990       3.964780       3.969950       3.973400       3.982010       3.990590       3.999150       4.007680       4.016180       4.024660       4.033120       4.041550    
   3.911650       3.923590       3.923620       3.924400       3.925190       3.925130       3.925270       3.928450       3.934690       3.934960       3.935230       3.936210       3.938060       3.931640       3.936270       3.948620       3.948620       3.952220       3.956010       3.953500       3.957250       3.965910       3.974540       3.983150       3.991730       4.000290       4.008820       4.017320       4.025800       4.034260    
   3.923590       3.923610       3.924380       3.925160       3.925130       3.925200       3.928380       3.934690       3.934830       3.934960       3.935470       3.936500       3.921900       3.901930       3.902160       3.923240       3.925060       3.926000       3.941860       3.949750       3.949750       3.958430       3.967090       3.975720       3.984330       3.992910       4.001470       4.010000       4.018500       4.026970    
   3.923600       3.924370       3.925150       3.925130       3.925160       3.928350       3.934690       3.934760       3.934830       3.935080       3.909660       3.870690       3.891320       3.901690       3.901690       3.902160       3.917120       3.924130       3.926000       3.938190       3.942250       3.950960       3.959650       3.968310       3.976940       3.985540       3.994120       4.002670       4.011200       4.019700    
   3.924370       3.925140       3.925130       3.925150       3.928330       3.934690       3.934720       3.934760       3.934890       3.904190       3.870690       3.870690       3.870690       3.890980       3.901220       3.901220       3.902160       3.916210       3.922250       3.926000       3.934770       3.943500       3.952210       3.960900       3.969550       3.978180       3.986790       3.995360       4.003910       4.012430    
   3.925130       3.925130       3.925140       3.928330       3.934690       3.934710       3.934720       3.907100       3.887270       3.870670       3.870690       3.870690       3.870690       3.870690       3.890300       3.900280       3.900280       3.902160       3.914420       3.918500       3.927290       3.936060       3.944790       3.953500       3.962180       3.970830       3.979460       3.988060       3.996630       4.005170    
   3.925130       3.925130       3.928320       3.934690       3.934700       3.883760       3.807340       3.815690       3.824040       3.855080       3.870630       3.870690       3.870690       3.870690       3.870690       3.889020       3.898410       3.898410       3.902160       3.911010       3.919820       3.928610       3.937380       3.946110       3.954810       3.963490       3.972140       3.980760       3.989360       3.997920    
   3.925130       3.928320       3.934690       3.934690       3.873550       3.807330       3.807330       3.807340       3.815690       3.824040       3.854980       3.870500       3.870690       3.870690       3.870690       3.870690       3.886700       3.894650       3.894650       3.903520       3.912370       3.921180       3.929970       3.938730       3.947460       3.956160       3.964830       3.973470       3.982090       3.990680    
