iMOD/TUTORIALS/TUT_MetaswapAnalyser/model_MetaSWAP/meteo/Evaporation/Evaporation_20060117_L1.ASC
NCOLS                30
NROWS                30
XLLCORNER     160000.00
YLLCORNER     340000.00
CELLSIZE        1000.00
NODATA_VALUE   -9999.00
  0.8544000E-01  0.8486000E-01  0.8428000E-01  0.8371000E-01  0.8314000E-01  0.8258000E-01  0.8202000E-01  0.8146000E-01  0.8091000E-01  0.8036000E-01  0.7982000E-01  0.7928000E-01  0.7875000E-01  0.7822000E-01  0.7769000E-01  0.7717000E-01  0.7666000E-01  0.7614000E-01  0.7564000E-01  0.7513000E-01  0.7463000E-01  0.7414000E-01  0.7365000E-01  0.7316000E-01  0.7268000E-01  0.7220000E-01  0.7173000E-01  0.7126000E-01  0.7080000E-01  0.7034000E-01
  0.8556000E-01  0.8497000E-01  0.8439000E-01  0.8381000E-01  0.8324000E-01  0.8267000E-01  0.8211000E-01  0.8155000E-01  0.8099000E-01  0.8044000E-01  0.7990000E-01  0.7935000E-01  0.7882000E-01  0.7828000E-01  0.7775000E-01  0.7723000E-01  0.7671000E-01  0.7619000E-01  0.7568000E-01  0.7518000E-01  0.7467000E-01  0.7418000E-01  0.7368000E-01  0.7319000E-01  0.7271000E-01  0.7223000E-01  0.7175000E-01  0.7128000E-01  0.7081000E-01  0.7035000E-01
  0.8567000E-01  0.8508000E-01  0.8449000E-01  0.8391000E-01  0.8334000E-01  0.8276000E-01  0.8220000E-01  0.8163000E-01  0.8107000E-01  0.8052000E-01  0.7997000E-01  0.7942000E-01  0.7888000E-01  0.7834000E-01  0.7781000E-01  0.7728000E-01  0.7676000E-01  0.7624000E-01  0.7573000E-01  0.7522000E-01  0.7471000E-01  0.7421000E-01  0.7371000E-01  0.7322000E-01  0.7273000E-01  0.7225000E-01  0.7177000E-01  0.7130000E-01  0.7083000E-01  0.7036000E-01
  0.8578000E-01  0.8519000E-01  0.8460000E-01  0.8401000E-01  0.8343000E-01  0.8285000E-01  0.8228000E-01  0.8171000E-01  0.8115000E-01  0.8059000E-01  0.8004000E-01  0.7949000E-01  0.7894000E-01  0.7840000E-01  0.7787000E-01  0.7734000E-01  0.7681000E-01  0.7629000E-01  0.7577000E-01  0.7526000E-01  0.7475000E-01  0.7424000E-01  0.7375000E-01  0.7325000E-01  0.7276000E-01  0.7227000E-01  0.7179000E-01  0.7131000E-01  0.7084000E-01  0.7037000E-01
  0.8589000E-01  0.8529000E-01  0.8470000E-01  0.8411000E-01  0.8352000E-01  0.8294000E-01  0.8237000E-01  0.8180000E-01  0.8123000E-01  0.8067000E-01  0.8011000E-01  0.7956000E-01  0.7901000E-01  0.7846000E-01  0.7792000E-01  0.7739000E-01  0.7686000E-01  0.7633000E-01  0.7581000E-01  0.7530000E-01  0.7478000E-01  0.7428000E-01  0.7377000E-01  0.7328000E-01  0.7278000E-01  0.7229000E-01  0.7181000E-01  0.7133000E-01  0.7086000E-01  0.7038000E-01
  0.8600000E-01  0.8540000E-01  0.8480000E-01  0.8420000E-01  0.8362000E-01  0.8303000E-01  0.8245000E-01  0.8188000E-01  0.8130000E-01  0.8074000E-01  0.8018000E-01  0.7962000E-01  0.7907000E-01  0.7852000E-01  0.7798000E-01  0.7744000E-01  0.7691000E-01  0.7638000E-01  0.7585000E-01  0.7533000E-01  0.7482000E-01  0.7431000E-01  0.7380000E-01  0.7330000E-01  0.7281000E-01  0.7232000E-01  0.7183000E-01  0.7135000E-01  0.7087000E-01  0.7039000E-01
  0.8611000E-01  0.8550000E-01  0.8490000E-01  0.8430000E-01  0.8371000E-01  0.8312000E-01  0.8253000E-01  0.8195000E-01  0.8138000E-01  0.8081000E-01  0.8024000E-01  0.7968000E-01  0.7913000E-01  0.7858000E-01  0.7803000E-01  0.7749000E-01  0.7695000E-01  0.7642000E-01  0.7589000E-01  0.7537000E-01  0.7485000E-01  0.7434000E-01  0.7383000E-01  0.7333000E-01  0.7283000E-01  0.7233000E-01  0.7185000E-01  0.7136000E-01  0.7088000E-01  0.7040000E-01
  0.8621000E-01  0.8560000E-01  0.8500000E-01  0.8439000E-01  0.8380000E-01  0.8320000E-01  0.8262000E-01  0.8203000E-01  0.8145000E-01  0.8088000E-01  0.8031000E-01  0.7975000E-01  0.7919000E-01  0.7863000E-01  0.7808000E-01  0.7754000E-01  0.7700000E-01  0.7646000E-01  0.7593000E-01  0.7541000E-01  0.7489000E-01  0.7437000E-01  0.7386000E-01  0.7335000E-01  0.7285000E-01  0.7235000E-01  0.7186000E-01  0.7137000E-01  0.7089000E-01  0.7041000E-01
  0.8632000E-01  0.8570000E-01  0.8509000E-01  0.8449000E-01  0.8389000E-01  0.8329000E-01  0.8270000E-01  0.8211000E-01  0.8153000E-01  0.8095000E-01  0.8038000E-01  0.7981000E-01  0.7925000E-01  0.7869000E-01  0.7813000E-01  0.7759000E-01  0.7704000E-01  0.7650000E-01  0.7597000E-01  0.7544000E-01  0.7492000E-01  0.7440000E-01  0.7388000E-01  0.7338000E-01  0.7287000E-01  0.7237000E-01  0.7188000E-01  0.7139000E-01  0.7090000E-01  0.7042000E-01
  0.8643000E-01  0.8580000E-01  0.8519000E-01  0.8458000E-01  0.8397000E-01  0.8337000E-01  0.8278000E-01  0.8219000E-01  0.8160000E-01  0.8102000E-01  0.8044000E-01  0.7987000E-01  0.7930000E-01  0.7874000E-01  0.7818000E-01  0.7763000E-01  0.7709000E-01  0.7654000E-01  0.7601000E-01  0.7548000E-01  0.7495000E-01  0.7443000E-01  0.7391000E-01  0.7340000E-01  0.7289000E-01  0.7239000E-01  0.7189000E-01  0.7140000E-01  0.7091000E-01  0.7043000E-01
  0.8642670E-01  0.8580670E-01  0.8506000E-01  0.8467000E-01  0.8406000E-01  0.8346000E-01  0.8286000E-01  0.8226000E-01  0.8167000E-01  0.8108000E-01  0.8050000E-01  0.7993000E-01  0.7936000E-01  0.7879000E-01  0.7823000E-01  0.7768000E-01  0.7713000E-01  0.7658000E-01  0.7604000E-01  0.7551000E-01  0.7498000E-01  0.7446000E-01  0.7394000E-01  0.7342000E-01  0.7291000E-01  0.7241000E-01  0.7191000E-01  0.7141000E-01  0.7092000E-01  0.7044000E-01
  0.8642890E-01  0.8549080E-01  0.8467000E-01  0.8427750E-01  0.8415000E-01  0.8354000E-01  0.8293000E-01  0.8233000E-01  0.8174000E-01  0.8115000E-01  0.8057000E-01  0.7999000E-01  0.7942000E-01  0.7885000E-01  0.7828000E-01  0.7772000E-01  0.7717000E-01  0.7662000E-01  0.7608000E-01  0.7554000E-01  0.7501000E-01  0.7448000E-01  0.7396000E-01  0.7344000E-01  0.7293000E-01  0.7242000E-01  0.7192000E-01  0.7142000E-01  0.7093000E-01  0.7044000E-01
  0.8591100E-01  0.8467000E-01  0.8434190E-01  0.8419000E-01  0.8423000E-01  0.8362000E-01  0.8301000E-01  0.8241000E-01  0.8181000E-01  0.8122000E-01  0.8063000E-01  0.8005000E-01  0.7947000E-01  0.7890000E-01  0.7833000E-01  0.7777000E-01  0.7721000E-01  0.7666000E-01  0.7612000E-01  0.7558000E-01  0.7504000E-01  0.7451000E-01  0.7398000E-01  0.7346000E-01  0.7295000E-01  0.7244000E-01  0.7193000E-01  0.7144000E-01  0.7094000E-01  0.7045000E-01
  0.8467000E-01  0.8436300E-01  0.8421000E-01  0.8423000E-01  0.8385000E-01  0.8370000E-01  0.8309000E-01  0.8248000E-01  0.8188000E-01  0.8128000E-01  0.8069000E-01  0.8011000E-01  0.7953000E-01  0.7895000E-01  0.7838000E-01  0.7781000E-01  0.7726000E-01  0.7670000E-01  0.7615000E-01  0.7561000E-01  0.7507000E-01  0.7454000E-01  0.7401000E-01  0.7349000E-01  0.7297000E-01  0.7246000E-01  0.7195000E-01  0.7145000E-01  0.7095000E-01  0.7046000E-01
  0.8437070E-01  0.8422000E-01  0.8423000E-01  0.8392670E-01  0.8370000E-01  0.8332000E-01  0.8317000E-01  0.8256000E-01  0.8195000E-01  0.8135000E-01  0.8075000E-01  0.8017000E-01  0.7958000E-01  0.7900000E-01  0.7843000E-01  0.7786000E-01  0.7730000E-01  0.7674000E-01  0.7619000E-01  0.7564000E-01  0.7510000E-01  0.7456000E-01  0.7403000E-01  0.7351000E-01  0.7299000E-01  0.7247000E-01  0.7196000E-01  0.7146000E-01  0.7096000E-01  0.7046000E-01
  0.8422500E-01  0.8423000E-01  0.8395220E-01  0.8370000E-01  0.8339670E-01  0.8317000E-01  0.8286500E-01  0.8256000E-01  0.8182000E-01  0.8142000E-01  0.8082000E-01  0.8022000E-01  0.7964000E-01  0.7905000E-01  0.7848000E-01  0.7790000E-01  0.7734000E-01  0.7678000E-01  0.7622000E-01  0.7567000E-01  0.7513000E-01  0.7459000E-01  0.7406000E-01  0.7353000E-01  0.7300000E-01  0.7249000E-01  0.7198000E-01  0.7147000E-01  0.7097000E-01  0.7047000E-01
  0.8423000E-01  0.8396070E-01  0.8370000E-01  0.8342220E-01  0.8317000E-01  0.8301750E-01  0.8286500E-01  0.8216620E-01  0.8142000E-01  0.8112000E-01  0.8061600E-01  0.8028000E-01  0.7969000E-01  0.7910000E-01  0.7852000E-01  0.7795000E-01  0.7738000E-01  0.7681000E-01  0.7626000E-01  0.7570000E-01  0.7516000E-01  0.7461000E-01  0.7408000E-01  0.7355000E-01  0.7302000E-01  0.7250000E-01  0.7199000E-01  0.7148000E-01  0.7098000E-01  0.7048000E-01
  0.8396360E-01  0.8370000E-01  0.8343070E-01  0.8317000E-01  0.8309370E-01  0.8301750E-01  0.8236720E-01  0.8142000E-01  0.8127000E-01  0.8076120E-01  0.8031000E-01  0.8034000E-01  0.7974000E-01  0.7915000E-01  0.7857000E-01  0.7799000E-01  0.7742000E-01  0.7685000E-01  0.7629000E-01  0.7574000E-01  0.7519000E-01  0.7464000E-01  0.7410000E-01  0.7357000E-01  0.7304000E-01  0.7252000E-01  0.7200000E-01  0.7149000E-01  0.7099000E-01  0.7049000E-01
  0.8370000E-01  0.8343360E-01  0.8317000E-01  0.8313190E-01  0.8309370E-01  0.8247460E-01  0.8142000E-01  0.8134500E-01  0.8082320E-01  0.8032500E-01  0.8034000E-01  0.8004000E-01  0.7960750E-01  0.7920000E-01  0.7862000E-01  0.7804000E-01  0.7746000E-01  0.7689000E-01  0.7633000E-01  0.7577000E-01  0.7521000E-01  0.7467000E-01  0.7413000E-01  0.7359000E-01  0.7306000E-01  0.7254000E-01  0.7202000E-01  0.7150000E-01  0.7100000E-01  0.7049000E-01
  0.8343450E-01  0.8317000E-01  0.8315090E-01  0.8313190E-01  0.8253010E-01  0.8142000E-01  0.8138250E-01  0.8085210E-01  0.8033250E-01  0.8034000E-01  0.8019000E-01  0.7979690E-01  0.7920000E-01  0.7891000E-01  0.7862000E-01  0.7804000E-01  0.7746330E-01  0.7689330E-01  0.7612400E-01  0.7580000E-01  0.7524000E-01  0.7469000E-01  0.7415000E-01  0.7361000E-01  0.7308000E-01  0.7255000E-01  0.7203000E-01  0.7152000E-01  0.7101000E-01  0.7050000E-01
  0.8317000E-01  0.8316050E-01  0.8315090E-01  0.8255820E-01  0.8142000E-01  0.8140120E-01  0.8086620E-01  0.8033630E-01  0.8034000E-01  0.8026500E-01  0.7988170E-01  0.7920000E-01  0.7905500E-01  0.7891000E-01  0.7852330E-01  0.7804110E-01  0.7746550E-01  0.7642510E-01  0.7581500E-01  0.7583000E-01  0.7527000E-01  0.7472000E-01  0.7417000E-01  0.7363000E-01  0.7310000E-01  0.7257000E-01  0.7205000E-01  0.7153000E-01  0.7102000E-01  0.7051000E-01
  0.8316520E-01  0.8316050E-01  0.8257240E-01  0.8142000E-01  0.8141060E-01  0.8087310E-01  0.8033810E-01  0.8034000E-01  0.8030250E-01  0.7992170E-01  0.7920000E-01  0.7912750E-01  0.7905500E-01  0.7882940E-01  0.7849150E-01  0.7801000E-01  0.7671690E-01  0.7582250E-01  0.7583000E-01  0.7546670E-01  0.7530000E-01  0.7475000E-01  0.7420000E-01  0.7365000E-01  0.7312000E-01  0.7259000E-01  0.7206000E-01  0.7154000E-01  0.7103000E-01  0.7052000E-01
  0.8316520E-01  0.8257950E-01  0.8142000E-01  0.8141530E-01  0.8087660E-01  0.8033910E-01  0.8034000E-01  0.8032130E-01  0.7994100E-01  0.7920000E-01  0.7916370E-01  0.7912750E-01  0.7900400E-01  0.7879200E-01  0.7844360E-01  0.7699490E-01  0.7582630E-01  0.7583000E-01  0.7550040E-01  0.7533000E-01  0.7499600E-01  0.7477000E-01  0.7422000E-01  0.7368000E-01  0.7314000E-01  0.7260000E-01  0.7208000E-01  0.7155000E-01  0.7104000E-01  0.7053000E-01
  0.8258310E-01  0.8142000E-01  0.8141760E-01  0.8087830E-01  0.8033950E-01  0.8034000E-01  0.8033060E-01  0.7995060E-01  0.7920000E-01  0.7918190E-01  0.7916370E-01  0.7909840E-01  0.7897450E-01  0.7823490E-01  0.7718180E-01  0.7593040E-01  0.7593000E-01  0.7566410E-01  0.7536610E-01  0.7537500E-01  0.7536000E-01  0.7480000E-01  0.7425000E-01  0.7370000E-01  0.7316000E-01  0.7262000E-01  0.7209000E-01  0.7157000E-01  0.7105000E-01  0.7054000E-01
  0.8142000E-01  0.8141880E-01  0.8087910E-01  0.8033980E-01  0.8034000E-01  0.8033530E-01  0.7995530E-01  0.7920000E-01  0.7919090E-01  0.7918190E-01  0.7914800E-01  0.7907890E-01  0.7794230E-01  0.7670130E-01  0.7670000E-01  0.7623010E-01  0.7603500E-01  0.7603000E-01  0.7559400E-01  0.7539330E-01  0.7539000E-01  0.7483000E-01  0.7427000E-01  0.7372000E-01  0.7318000E-01  0.7264000E-01  0.7211000E-01  0.7158000E-01  0.7106000E-01  0.7055000E-01
  0.8141940E-01  0.8087960E-01  0.8033990E-01  0.8034000E-01  0.8033770E-01  0.7995760E-01  0.7920000E-01  0.7919550E-01  0.7919090E-01  0.7917360E-01  0.7845380E-01  0.7743000E-01  0.7694520E-01  0.7670250E-01  0.7670250E-01  0.7670000E-01  0.7625550E-01  0.7604000E-01  0.7603000E-01  0.7557750E-01  0.7543000E-01  0.7486000E-01  0.7430000E-01  0.7375000E-01  0.7320000E-01  0.7266000E-01  0.7213000E-01  0.7160000E-01  0.7108000E-01  0.7056000E-01
  0.8087980E-01  0.8033990E-01  0.8034000E-01  0.8033880E-01  0.7995880E-01  0.7920000E-01  0.7919770E-01  0.7919550E-01  0.7918670E-01  0.7833570E-01  0.7743000E-01  0.7743000E-01  0.7743000E-01  0.7694680E-01  0.7670500E-01  0.7670500E-01  0.7670000E-01  0.7625190E-01  0.7605000E-01  0.7603000E-01  0.7546000E-01  0.7489000E-01  0.7433000E-01  0.7377000E-01  0.7322000E-01  0.7268000E-01  0.7215000E-01  0.7162000E-01  0.7109000E-01  0.7058000E-01
  0.8034000E-01  0.8034000E-01  0.8033940E-01  0.7995940E-01  0.7920000E-01  0.7919890E-01  0.7919770E-01  0.7897500E-01  0.7836580E-01  0.7743010E-01  0.7743000E-01  0.7743000E-01  0.7743000E-01  0.7743000E-01  0.7694990E-01  0.7671000E-01  0.7671000E-01  0.7670000E-01  0.7622750E-01  0.7607000E-01  0.7549000E-01  0.7492000E-01  0.7436000E-01  0.7380000E-01  0.7325000E-01  0.7270000E-01  0.7217000E-01  0.7163000E-01  0.7111000E-01  0.7059000E-01
  0.8034000E-01  0.8033970E-01  0.7995970E-01  0.7920000E-01  0.7919940E-01  0.7912730E-01  0.7902000E-01  0.7867000E-01  0.7832000E-01  0.7772710E-01  0.7743040E-01  0.7743000E-01  0.7743000E-01  0.7743000E-01  0.7743000E-01  0.7695450E-01  0.7672000E-01  0.7672000E-01  0.7670000E-01  0.7611000E-01  0.7553000E-01  0.7495000E-01  0.7439000E-01  0.7383000E-01  0.7327000E-01  0.7273000E-01  0.7219000E-01  0.7165000E-01  0.7113000E-01  0.7061000E-01
  0.8033980E-01  0.7995990E-01  0.7920000E-01  0.7919970E-01  0.7911350E-01  0.7902010E-01  0.7902010E-01  0.7902000E-01  0.7867000E-01  0.7832000E-01  0.7772780E-01  0.7743120E-01  0.7743000E-01  0.7743000E-01  0.7743000E-01  0.7743000E-01  0.7695810E-01  0.7674000E-01  0.7674000E-01  0.7615000E-01  0.7556000E-01  0.7499000E-01  0.7442000E-01  0.7386000E-01  0.7330000E-01  0.7275000E-01  0.7221000E-01  0.7167000E-01  0.7115000E-01  0.7062000E-01
