iMOD/TUTORIALS/TUT_MetaswapAnalyser/model_MetaSWAP/meteo/Evaporation/Evaporation_20060724_L1.ASC
NCOLS                30
NROWS                30
XLLCORNER     160000.00
YLLCORNER     340000.00
CELLSIZE        1000.00
NODATA_VALUE   -9999.00
   4.521130       4.518220       4.515140       4.511890       4.508490       4.504950       4.501280       4.497490       4.493590       4.489590       4.485510       4.481360       4.477130       4.472860       4.468530       4.464160       4.459760       4.455340       4.450900       4.446440       4.441980       4.437520       4.433070       4.428630       4.424200       4.419790       4.415400       4.411040       4.406710       4.402420    
   4.523550       4.520670       4.517620       4.514420       4.511060       4.507570       4.503940       4.500200       4.496360       4.492410       4.488380       4.484280       4.480100       4.475870       4.471590       4.467270       4.462910       4.458530       4.454130       4.449710       4.445280       4.440860       4.436440       4.432020       4.427620       4.423240       4.418880       4.414540       4.410230       4.405960    
   4.525860       4.523010       4.520000       4.516830       4.513520       4.510070       4.506500       4.502810       4.499010       4.495120       4.491140       4.487080       4.482950       4.478770       4.474530       4.470260       4.465940       4.461600       4.457240       4.452860       4.448470       4.444080       4.439690       4.435310       4.430940       4.426580       4.422250       4.417940       4.413650       4.409400    
   4.528070       4.525250       4.522280       4.519150       4.515870       4.512470       4.508940       4.505300       4.501550       4.497700       4.493770       4.489760       4.485690       4.481550       4.477360       4.473130       4.468860       4.464560       4.460240       4.455900       4.451550       4.447190       4.442840       4.438490       4.434150       4.429820       4.425520       4.421230       4.416970       4.412740    
   4.530200       4.527400       4.524460       4.521360       4.518130       4.514770       4.511280       4.507680       4.503980       4.500180       4.496300       4.492340       4.488310       4.484220       4.480080       4.475890       4.471670       4.467410       4.463130       4.458830       4.454520       4.450200       4.445880       4.441560       4.437260       4.432960       4.428680       4.424430       4.420190       4.415990    
   4.532240       4.529470       4.526550       4.523490       4.520290       4.516970       4.513520       4.509970       4.506310       4.502560       4.498720       4.494810       4.490830       4.486790       4.482690       4.478550       4.474360       4.470150       4.465910       4.461650       4.457380       4.453100       4.448820       4.444540       4.440260       4.436000       4.431750       4.427520       4.423320       4.419140    
   4.534200       4.531450       4.528550       4.525520       4.522360       4.519070       4.515670       4.512160       4.508550       4.504840       4.501050       4.497180       4.493250       4.489250       4.485200       4.481100       4.476960       4.472790       4.468590       4.464380       4.460140       4.455900       4.451660       4.447410       4.443170       4.438940       4.434720       4.430530       4.426350       4.422200    
   4.536080       4.533350       4.530480       4.527480       4.524350       4.521100       4.517730       4.514260       4.510690       4.507030       4.503280       4.499460       4.495570       4.491610       4.487610       4.483550       4.479460       4.475330       4.471180       4.467000       4.462810       4.458610       4.454400       4.450190       4.445980       4.441790       4.437600       4.433440       4.429290       4.425160    
   4.537880       4.535170       4.532330       4.529350       4.526250       4.523040       4.519710       4.516270       4.512740       4.509120       4.505420       4.501640       4.497790       4.493890       4.489920       4.485910       4.481860       4.477780       4.473670       4.469530       4.465380       4.461210       4.457040       4.452870       4.448700       4.444540       4.440390       4.436260       4.432140       4.428040    
   4.539620       4.536930       4.534100       4.531150       4.528080       4.524900       4.521600       4.518210       4.514720       4.511140       4.507470       4.503740       4.499930       4.496070       4.492150       4.488180       4.484180       4.480130       4.476060       4.471970       4.467860       4.463730       4.459600       4.455470       4.451330       4.447210       4.443090       4.438990       4.434900       4.430840    
   4.539580       4.536880       4.533760       4.532880       4.529840       4.526680       4.523420       4.520060       4.516610       4.513070       4.509450       4.505750       4.501990       4.498160       4.494290       4.490360       4.486400       4.482400       4.478370       4.474320       4.470250       4.466160       4.462070       4.457970       4.453880       4.449790       4.445700       4.441640       4.437580       4.433550    
   4.539530       4.535780       4.532880       4.531850       4.531530       4.528400       4.525170       4.521840       4.518430       4.514920       4.511340       4.507680       4.503960       4.500180       4.496350       4.492460       4.488540       4.484580       4.480590       4.476580       4.472550       4.468510       4.464450       4.460390       4.456340       4.452280       4.448230       4.444200       4.440180       4.436180    
   4.537570       4.532880       4.532560       4.532340       4.533150       4.530050       4.526850       4.523560       4.520170       4.516700       4.513160       4.509540       4.505860       4.502120       4.498320       4.494480       4.490600       4.486680       4.482740       4.478760       4.474770       4.470770       4.466750       4.462730       4.458710       4.454690       4.450680       4.446680       4.442700       4.438730    
   4.532880       4.532830       4.532750       4.533150       4.531610       4.531640       4.528470       4.525200       4.521850       4.518420       4.514910       4.511330       4.507680       4.503980       4.500230       4.496420       4.492580       4.488710       4.484800       4.480870       4.476920       4.472950       4.468970       4.464990       4.461010       4.457030       4.453050       4.449090       4.445140       4.441200    
   4.532950       4.532950       4.533150       4.532130       4.531640       4.530040       4.530020       4.526780       4.523460       4.520060       4.516590       4.513040       4.509440       4.505770       4.502060       4.498290       4.494490       4.490650       4.486790       4.482900       4.478980       4.475060       4.471120       4.467180       4.463230       4.459290       4.455350       4.451420       4.447500       4.443600    
   4.533050       4.533150       4.532310       4.531640       4.530570       4.530020       4.528400       4.526750       4.522980       4.521640       4.518200       4.514690       4.511120       4.507490       4.503820       4.500090       4.496330       4.492530       4.488700       4.484850       4.480980       4.477090       4.473190       4.469280       4.465380       4.461470       4.457570       4.453670       4.449790       4.445930    
   4.533150       4.532370       4.531640       4.530740       4.530020       4.529210       4.528390       4.524940       4.521640       4.519920       4.517720       4.516280       4.512740       4.509150       4.505510       4.501820       4.498100       4.494340       4.490550       4.486730       4.482900       4.479050       4.475190       4.471320       4.467450       4.463580       4.459720       4.455860       4.452010       4.448180    
   4.532390       4.531640       4.530800       4.530020       4.529620       4.529210       4.526050       4.521640       4.520780       4.518830       4.517050       4.517810       4.514310       4.510750       4.507140       4.503490       4.499800       4.496080       4.492330       4.488550       4.484760       4.480940       4.477120       4.473290       4.469460       4.465630       4.461800       4.457980       4.454170       4.450370    
   4.531640       4.530820       4.530020       4.529820       4.529610       4.526630       4.521640       4.521210       4.519300       4.517430       4.517810       4.516060       4.513790       4.512290       4.508710       4.505100       4.501450       4.497760       4.494040       4.490310       4.486550       4.482770       4.478990       4.475200       4.471400       4.467610       4.463820       4.460030       4.456260       4.452490    
   4.530830       4.530020       4.529920       4.529820       4.526930       4.521640       4.521420       4.519520       4.517620       4.517810       4.516930       4.514990       4.512290       4.510500       4.508700       4.505090       4.501440       4.497750       4.493550       4.492000       4.488280       4.484540       4.480790       4.477040       4.473280       4.469520       4.465770       4.462020       4.458280       4.454550    
   4.530020       4.529970       4.529920       4.527080       4.521640       4.521530       4.519620       4.517710       4.517810       4.517370       4.515510       4.512290       4.511390       4.510500       4.508100       4.505070       4.501420       4.495840       4.492820       4.493630       4.489950       4.486250       4.482540       4.478820       4.475100       4.471380       4.467660       4.463950       4.460240       4.456550    
   4.529990       4.529970       4.527150       4.521640       4.521590       4.519670       4.517760       4.517810       4.517590       4.515740       4.512290       4.511840       4.511390       4.510000       4.507890       4.504860       4.497840       4.493220       4.493630       4.491710       4.491560       4.487900       4.484220       4.480540       4.476860       4.473170       4.469490       4.465820       4.462150       4.458490    
   4.529990       4.527190       4.521640       4.521610       4.519700       4.517790       4.517810       4.517700       4.515860       4.512290       4.512070       4.511840       4.511080       4.509760       4.507580       4.500400       4.493430       4.493630       4.493450       4.493090       4.490920       4.489490       4.485850       4.482210       4.478560       4.474910       4.471270       4.467630       4.464000       4.460380    
   4.527210       4.521640       4.521630       4.519710       4.517800       4.517810       4.517760       4.515910       4.512290       4.512180       4.512070       4.511660       4.510890       4.509180       4.504560       4.497980       4.497990       4.496480       4.494840       4.495350       4.494630       4.491030       4.487430       4.483820       4.480210       4.476600       4.472990       4.469390       4.465790       4.462210    
   4.521640       4.521630       4.519720       4.517800       4.517810       4.517780       4.515940       4.512290       4.512230       4.512180       4.511970       4.511540       4.509690       4.508340       4.508300       4.503320       4.502510       4.502350       4.498120       4.496070       4.496080       4.492530       4.488960       4.485380       4.481810       4.478230       4.474660       4.471100       4.467540       4.463990    
   4.521640       4.519720       4.517810       4.517810       4.517800       4.515960       4.512290       4.512260       4.512230       4.512130       4.513170       4.515090       4.510620       4.508370       4.508370       4.508300       4.504480       4.502670       4.502350       4.498700       4.497500       4.493970       4.490440       4.486900       4.483360       4.479820       4.476290       4.472760       4.469230       4.465720    
   4.519720       4.517810       4.517810       4.517800       4.515960       4.512290       4.512280       4.512260       4.512210       4.513540       4.515090       4.515090       4.515090       4.510670       4.508450       4.508450       4.508300       4.504610       4.503000       4.502350       4.498860       4.495370       4.491870       4.488370       4.484870       4.481360       4.477860       4.474370       4.470880       4.467410    
   4.517810       4.517810       4.517810       4.515970       4.512290       4.512280       4.512280       4.515050       4.515740       4.515090       4.515090       4.515090       4.515090       4.515090       4.510780       4.508600       4.508600       4.508300       4.504800       4.503640       4.500190       4.496730       4.493270       4.489800       4.486330       4.482860       4.479400       4.475940       4.472490       4.469050    
   4.517810       4.517810       4.515970       4.512290       4.512290       4.518390       4.527560       4.525500       4.523440       4.517880       4.515100       4.515090       4.515090       4.515090       4.515090       4.510970       4.508890       4.508890       4.508300       4.504900       4.501480       4.498050       4.494620       4.491180       4.487750       4.484310       4.480890       4.477460       4.474050       4.470650    
   4.517810       4.515970       4.512290       4.512290       4.519620       4.527560       4.527560       4.527560       4.525500       4.523440       4.517900       4.515120       4.515090       4.515090       4.515090       4.515090       4.511300       4.509480       4.509490       4.506120       4.502730       4.499330       4.495930       4.492530       4.489130       4.485730       4.482340       4.478950       4.475580       4.472210    
