iMOD/TUTORIALS/TUT_MetaswapAnalyser/model_MetaSWAP/meteo/Evaporation/Evaporation_20050722_L1.ASC
NCOLS                30
NROWS                30
XLLCORNER     160000.00
YLLCORNER     340000.00
CELLSIZE        1000.00
NODATA_VALUE   -9999.00
   1.161020       1.160660       1.160300       1.159940       1.159580       1.159230       1.158890       1.158560       1.158230       1.157930       1.157640       1.157370       1.157110       1.156880       1.156670       1.156480       1.156320       1.156170       1.156060       1.155960       1.155900       1.155850       1.155830       1.155840       1.155860       1.155910       1.155980       1.156070       1.156180       1.156300    
   1.161720       1.161370       1.161020       1.160660       1.160310       1.159970       1.159640       1.159310       1.159000       1.158700       1.158410       1.158140       1.157890       1.157660       1.157450       1.157260       1.157090       1.156950       1.156820       1.156720       1.156650       1.156590       1.156560       1.156550       1.156570       1.156600       1.156650       1.156730       1.156820       1.156930    
   1.162440       1.162100       1.161750       1.161400       1.161060       1.160730       1.160400       1.160080       1.159770       1.159480       1.159200       1.158930       1.158680       1.158450       1.158240       1.158050       1.157880       1.157730       1.157600       1.157500       1.157410       1.157350       1.157310       1.157290       1.157290       1.157310       1.157340       1.157400       1.157470       1.157560    
   1.163180       1.162840       1.162500       1.162160       1.161830       1.161500       1.161180       1.160870       1.160560       1.160270       1.160000       1.159740       1.159490       1.159260       1.159050       1.158860       1.158680       1.158530       1.158400       1.158280       1.158190       1.158120       1.158070       1.158030       1.158020       1.158030       1.158050       1.158090       1.158150       1.158220    
   1.163940       1.163600       1.163270       1.162940       1.162610       1.162290       1.161970       1.161670       1.161370       1.161080       1.160810       1.160550       1.160310       1.160080       1.159870       1.159670       1.159500       1.159340       1.159200       1.159080       1.158980       1.158900       1.158840       1.158800       1.158770       1.158760       1.158770       1.158800       1.158840       1.158890    
   1.164710       1.164380       1.164050       1.163730       1.163410       1.163090       1.162780       1.162480       1.162190       1.161910       1.161640       1.161380       1.161140       1.160910       1.160700       1.160500       1.160320       1.160160       1.160020       1.159890       1.159790       1.159700       1.159630       1.159570       1.159530       1.159510       1.159510       1.159520       1.159540       1.159580    
   1.165500       1.165180       1.164850       1.164530       1.164220       1.163910       1.163600       1.163310       1.163020       1.162740       1.162480       1.162220       1.161980       1.161750       1.161540       1.161340       1.161160       1.161000       1.160850       1.160720       1.160600       1.160510       1.160420       1.160360       1.160310       1.160280       1.160260       1.160250       1.160260       1.160280    
   1.166310       1.165990       1.165670       1.165350       1.165040       1.164740       1.164440       1.164150       1.163860       1.163590       1.163330       1.163080       1.162840       1.162610       1.162400       1.162200       1.162010       1.161850       1.161690       1.161550       1.161430       1.161330       1.161240       1.161160       1.161100       1.161050       1.161020       1.161000       1.160990       1.161000    
   1.167130       1.166810       1.166500       1.166190       1.165880       1.165580       1.165290       1.165000       1.164720       1.164450       1.164190       1.163940       1.163700       1.163480       1.163260       1.163060       1.162880       1.162700       1.162540       1.162400       1.162270       1.162160       1.162060       1.161970       1.161900       1.161840       1.161790       1.161760       1.161740       1.161730    
   1.167970       1.167660       1.167350       1.167040       1.166740       1.166440       1.166150       1.165870       1.165590       1.165320       1.165070       1.164820       1.164580       1.164350       1.164140       1.163940       1.163750       1.163570       1.163410       1.163260       1.163120       1.163000       1.162890       1.162790       1.162710       1.162640       1.162580       1.162530       1.162500       1.162470    
   1.167970       1.167660       1.167490       1.167910       1.167610       1.167320       1.167030       1.166750       1.166470       1.166210       1.165950       1.165710       1.165470       1.165240       1.165030       1.164820       1.164630       1.164450       1.164280       1.164130       1.163980       1.163850       1.163740       1.163630       1.163530       1.163450       1.163380       1.163320       1.163270       1.163230    
   1.167970       1.167760       1.167910       1.168350       1.168490       1.168200       1.167920       1.167640       1.167370       1.167100       1.166850       1.166600       1.166370       1.166140       1.165920       1.165720       1.165520       1.165340       1.165170       1.165000       1.164860       1.164720       1.164590       1.164470       1.164370       1.164270       1.164190       1.164120       1.164050       1.163990    
   1.167980       1.167910       1.168640       1.168940       1.169380       1.169100       1.168820       1.168540       1.168270       1.168010       1.167760       1.167510       1.167280       1.167050       1.166830       1.166620       1.166420       1.166240       1.166060       1.165890       1.165740       1.165590       1.165450       1.165330       1.165210       1.165110       1.165010       1.164920       1.164840       1.164770    
   1.167910       1.168770       1.169160       1.169380       1.169490       1.170000       1.169730       1.169450       1.169190       1.168930       1.168680       1.168430       1.168190       1.167970       1.167750       1.167540       1.167340       1.167140       1.166960       1.166790       1.166630       1.166470       1.166330       1.166190       1.166070       1.165950       1.165840       1.165740       1.165640       1.165560    
   1.168830       1.169270       1.169380       1.169620       1.170000       1.170130       1.170650       1.170380       1.170110       1.169850       1.169600       1.169360       1.169120       1.168890       1.168670       1.168460       1.168260       1.168060       1.167870       1.167690       1.167520       1.167360       1.167210       1.167070       1.166930       1.166800       1.166680       1.166560       1.166460       1.166360    
   1.169320       1.169380       1.169670       1.170000       1.170260       1.170650       1.170520       1.170380       1.170280       1.170790       1.170540       1.170300       1.170060       1.169830       1.169610       1.169390       1.169180       1.168980       1.168790       1.168610       1.168430       1.168260       1.168100       1.167950       1.167800       1.167660       1.167530       1.167400       1.167280       1.167160    
   1.169380       1.169680       1.170000       1.170300       1.170650       1.170580       1.170520       1.170490       1.170790       1.170670       1.171010       1.171240       1.171000       1.170770       1.170550       1.170330       1.170120       1.169920       1.169720       1.169530       1.169350       1.169170       1.169000       1.168840       1.168680       1.168530       1.168380       1.168240       1.168110       1.167980    
   1.169690       1.170000       1.170320       1.170650       1.170620       1.170580       1.170590       1.170790       1.170730       1.171280       1.171720       1.172200       1.171960       1.171730       1.171500       1.171280       1.171060       1.170860       1.170650       1.170460       1.170270       1.170080       1.169910       1.169730       1.169570       1.169400       1.169250       1.169090       1.168950       1.168800    
   1.170000       1.170320       1.170650       1.170630       1.170620       1.170650       1.170790       1.170760       1.171390       1.171960       1.172200       1.172080       1.172140       1.172680       1.172460       1.172230       1.172020       1.171800       1.171600       1.171390       1.171200       1.171010       1.170820       1.170640       1.170460       1.170290       1.170120       1.169950       1.169790       1.169630    
   1.170320       1.170650       1.170640       1.170630       1.170670       1.170790       1.170770       1.171440       1.172080       1.172200       1.172140       1.172280       1.172680       1.172570       1.172460       1.172240       1.172020       1.171810       1.172080       1.172340       1.172130       1.171930       1.171740       1.171550       1.171360       1.171180       1.170990       1.170820       1.170640       1.170470    
   1.170650       1.170650       1.170640       1.170680       1.170790       1.170780       1.171470       1.172140       1.172200       1.172170       1.172320       1.172680       1.172630       1.172570       1.172420       1.172240       1.172020       1.172400       1.172810       1.173280       1.173070       1.172870       1.172660       1.172460       1.172270       1.172070       1.171880       1.171690       1.171500       1.171320    
   1.170650       1.170650       1.170690       1.170790       1.170790       1.171480       1.172170       1.172200       1.172180       1.172340       1.172680       1.172650       1.172620       1.172540       1.172410       1.172230       1.172600       1.173050       1.173280       1.173460       1.174020       1.173810       1.173600       1.173390       1.173180       1.172970       1.172770       1.172570       1.172370       1.172170    
   1.170650       1.170690       1.170790       1.170790       1.171490       1.172180       1.172200       1.172190       1.172350       1.172680       1.172670       1.172650       1.172610       1.172520       1.172390       1.173310       1.173160       1.173280       1.174530       1.174980       1.174840       1.174750       1.174530       1.174310       1.174100       1.173880       1.173660       1.173450       1.173240       1.173020    
   1.170700       1.170790       1.170790       1.171490       1.172190       1.172200       1.172200       1.172360       1.172680       1.172670       1.172670       1.172640       1.172590       1.174700       1.175810       1.176180       1.176180       1.176120       1.176090       1.176410       1.175930       1.175700       1.175470       1.175250       1.175020       1.174790       1.174560       1.174340       1.174110       1.173880    
   1.170790       1.170790       1.171490       1.172200       1.172200       1.172200       1.172360       1.172680       1.172680       1.172670       1.172660       1.172630       1.176520       1.181320       1.181290       1.179150       1.179200       1.179080       1.177640       1.176890       1.176890       1.176660       1.176420       1.176180       1.175940       1.175710       1.175470       1.175230       1.174990       1.174750    
   1.170790       1.171490       1.172200       1.172200       1.172200       1.172360       1.172680       1.172680       1.172680       1.172670       1.177400       1.184520       1.182410       1.181350       1.181350       1.181290       1.179940       1.179320       1.179080       1.178160       1.177860       1.177610       1.177370       1.177120       1.176870       1.176620       1.176370       1.176120       1.175870       1.175620    
   1.171490       1.172200       1.172200       1.172200       1.172360       1.172680       1.172680       1.172680       1.172670       1.178360       1.184520       1.184520       1.184520       1.182460       1.181410       1.181410       1.181290       1.180070       1.179560       1.179080       1.178830       1.178570       1.178320       1.178060       1.177810       1.177550       1.177280       1.177020       1.176750       1.176490    
   1.172200       1.172200       1.172200       1.172360       1.172680       1.172680       1.172680       1.176940       1.180710       1.184520       1.184520       1.184520       1.184520       1.184520       1.182550       1.181540       1.181540       1.181290       1.180360       1.180050       1.179800       1.179540       1.179270       1.179010       1.178740       1.178470       1.178200       1.177920       1.177640       1.177360    
   1.172200       1.172200       1.172360       1.172680       1.172680       1.180010       1.191000       1.190370       1.189740       1.186270       1.184530       1.184520       1.184520       1.184520       1.184520       1.182720       1.181780       1.181780       1.181290       1.181030       1.180770       1.180500       1.180230       1.179960       1.179680       1.179400       1.179110       1.178820       1.178530       1.178230    
   1.172200       1.172360       1.172680       1.172680       1.181480       1.191000       1.191000       1.191000       1.190370       1.189740       1.186280       1.184540       1.184520       1.184520       1.184520       1.184520       1.183040       1.182280       1.182280       1.182010       1.181740       1.181470       1.181190       1.180900       1.180620       1.180320       1.180030       1.179720       1.179420       1.179110    
