iMOD/TUTORIALS/TUT_MetaswapAnalyser/model_MetaSWAP/meteo/Evaporation/Evaporation_20050110_L1.ASC
NCOLS                30
NROWS                30
XLLCORNER     160000.00
YLLCORNER     340000.00
CELLSIZE        1000.00
NODATA_VALUE   -9999.00
  0.6201500      0.6200600      0.6199600      0.6198500      0.6197300      0.6196000      0.6194700      0.6193200      0.6191700      0.6190100      0.6188500      0.6186700      0.6184900      0.6183000      0.6181100      0.6179100      0.6177100      0.6174900      0.6172800      0.6170600      0.6168300      0.6166000      0.6163700      0.6161300      0.6158900      0.6156500      0.6154000      0.6151500      0.6149000      0.6146400    
  0.6208300      0.6207400      0.6206400      0.6205200      0.6204000      0.6202700      0.6201300      0.6199900      0.6198300      0.6196700      0.6195000      0.6193200      0.6191400      0.6189500      0.6187600      0.6185500      0.6183500      0.6181400      0.6179200      0.6177000      0.6174700      0.6172400      0.6170100      0.6167700      0.6165300      0.6162900      0.6160400      0.6158000      0.6155500      0.6152900    
  0.6215000      0.6214000      0.6213000      0.6211800      0.6210500      0.6209200      0.6207800      0.6206300      0.6204700      0.6203100      0.6201400      0.6199600      0.6197700      0.6195800      0.6193900      0.6191800      0.6189800      0.6187600      0.6185500      0.6183300      0.6181000      0.6178700      0.6176400      0.6174000      0.6171600      0.6169200      0.6166800      0.6164300      0.6161800      0.6159300    
  0.6221500      0.6220500      0.6219400      0.6218200      0.6216900      0.6215600      0.6214100      0.6212600      0.6211000      0.6209300      0.6207600      0.6205800      0.6203900      0.6202000      0.6200000      0.6198000      0.6195900      0.6193800      0.6191600      0.6189400      0.6187100      0.6184800      0.6182500      0.6180200      0.6177800      0.6175400      0.6172900      0.6170500      0.6168000      0.6165500    
  0.6227900      0.6226800      0.6225700      0.6224400      0.6223100      0.6221700      0.6220300      0.6218700      0.6217100      0.6215400      0.6213600      0.6211800      0.6209900      0.6208000      0.6206000      0.6204000      0.6201900      0.6199800      0.6197600      0.6195400      0.6193100      0.6190800      0.6188500      0.6186200      0.6183800      0.6181400      0.6179000      0.6176600      0.6174100      0.6171700    
  0.6234100      0.6233000      0.6231800      0.6230500      0.6229200      0.6227800      0.6226300      0.6224700      0.6223100      0.6221400      0.6219600      0.6217700      0.6215800      0.6213900      0.6211900      0.6209800      0.6207700      0.6205600      0.6203400      0.6201200      0.6199000      0.6196700      0.6194400      0.6192000      0.6189700      0.6187300      0.6184900      0.6182500      0.6180100      0.6177700    
  0.6240100      0.6239000      0.6237800      0.6236500      0.6235100      0.6233700      0.6232200      0.6230600      0.6228900      0.6227200      0.6225400      0.6223500      0.6221600      0.6219600      0.6217600      0.6215600      0.6213500      0.6211300      0.6209100      0.6206900      0.6204700      0.6202400      0.6200100      0.6197800      0.6195500      0.6193100      0.6190700      0.6188300      0.6185900      0.6183500    
  0.6246000      0.6244900      0.6243700      0.6242300      0.6240900      0.6239400      0.6237900      0.6236300      0.6234600      0.6232800      0.6231000      0.6229100      0.6227200      0.6225200      0.6223200      0.6221200      0.6219100      0.6216900      0.6214700      0.6212500      0.6210300      0.6208000      0.6205700      0.6203400      0.6201100      0.6198800      0.6196400      0.6194100      0.6191700      0.6189300    
  0.6251800      0.6250700      0.6249400      0.6248000      0.6246600      0.6245100      0.6243500      0.6241900      0.6240100      0.6238400      0.6236500      0.6234700      0.6232700      0.6230700      0.6228700      0.6226600      0.6224500      0.6222400      0.6220200      0.6218000      0.6215800      0.6213500      0.6211200      0.6209000      0.6206600      0.6204300      0.6202000      0.6199700      0.6197300      0.6195000    
  0.6257500      0.6256300      0.6255000      0.6253600      0.6252100      0.6250600      0.6249000      0.6247300      0.6245600      0.6243800      0.6242000      0.6240100      0.6238100      0.6236100      0.6234100      0.6232000      0.6229900      0.6227700      0.6225600      0.6223400      0.6221100      0.6218900      0.6216600      0.6214400      0.6212100      0.6209800      0.6207500      0.6205200      0.6202800      0.6200500    
  0.6257470      0.6256270      0.6255970      0.6259000      0.6257500      0.6256000      0.6254400      0.6252700      0.6250900      0.6249100      0.6247200      0.6245300      0.6243400      0.6241400      0.6239300      0.6237200      0.6235100      0.6233000      0.6230800      0.6228600      0.6226400      0.6224200      0.6221900      0.6219700      0.6217400      0.6215100      0.6212800      0.6210500      0.6208300      0.6206000    
  0.6257440      0.6257180      0.6259000      0.6261880      0.6262900      0.6261300      0.6259600      0.6257900      0.6256100      0.6254300      0.6252400      0.6250500      0.6248500      0.6246500      0.6244500      0.6242400      0.6240300      0.6238100      0.6235900      0.6233800      0.6231600      0.6229300      0.6227100      0.6224900      0.6222600      0.6220400      0.6218100      0.6215800      0.6213600      0.6211300    
  0.6258050      0.6259000      0.6263620      0.6265500      0.6268100      0.6266400      0.6264800      0.6263000      0.6261200      0.6259400      0.6257500      0.6255500      0.6253600      0.6251500      0.6249500      0.6247400      0.6245300      0.6243100      0.6241000      0.6238800      0.6236600      0.6234400      0.6232200      0.6230000      0.6227700      0.6225500      0.6223300      0.6221000      0.6218800      0.6216600    
  0.6259000      0.6264380      0.6266800      0.6268100      0.6268670      0.6271500      0.6269800      0.6268100      0.6266200      0.6264400      0.6262500      0.6260500      0.6258500      0.6256500      0.6254400      0.6252300      0.6250200      0.6248100      0.6245900      0.6243700      0.6241600      0.6239400      0.6237200      0.6235000      0.6232800      0.6230500      0.6228300      0.6226100      0.6223900      0.6221700    
  0.6264730      0.6267450      0.6268100      0.6269420      0.6271500      0.6272030      0.6274800      0.6273000      0.6271100      0.6269300      0.6267300      0.6265400      0.6263400      0.6261300      0.6259300      0.6257200      0.6255000      0.6252900      0.6250800      0.6248600      0.6246400      0.6244200      0.6242100      0.6239900      0.6237700      0.6235500      0.6233300      0.6231100      0.6229000      0.6226800    
  0.6267780      0.6268100      0.6269670      0.6271500      0.6272780      0.6274800      0.6273900      0.6272970      0.6271870      0.6274100      0.6272100      0.6270100      0.6268100      0.6266100      0.6264000      0.6261900      0.6259800      0.6257700      0.6255500      0.6253400      0.6251200      0.6249000      0.6246900      0.6244700      0.6242500      0.6240400      0.6238200      0.6236100      0.6233900      0.6231800    
  0.6268100      0.6269760      0.6271500      0.6273030      0.6274800      0.6274350      0.6273890      0.6273210      0.6274100      0.6273100      0.6274100      0.6274800      0.6272800      0.6270700      0.6268700      0.6266600      0.6264400      0.6262300      0.6260200      0.6258000      0.6255900      0.6253700      0.6251600      0.6249400      0.6247300      0.6245200      0.6243000      0.6240900      0.6238800      0.6236700    
  0.6269790      0.6271500      0.6273110      0.6274800      0.6274570      0.6274350      0.6273890      0.6274100      0.6273600      0.6275560      0.6277100      0.6279400      0.6277400      0.6275300      0.6273200      0.6271100      0.6269000      0.6266900      0.6264800      0.6262600      0.6260500      0.6258300      0.6256200      0.6254100      0.6252000      0.6249900      0.6247800      0.6245700      0.6243600      0.6241600    
  0.6271500      0.6273140      0.6274800      0.6274690      0.6274570      0.6274230      0.6274100      0.6273850      0.6276180      0.6278250      0.6279400      0.6278400      0.6277970      0.6279800      0.6277700      0.6275600      0.6273500      0.6271400      0.6269300      0.6267100      0.6265000      0.6262900      0.6260800      0.6258700      0.6256600      0.6254500      0.6252500      0.6250400      0.6248400      0.6246400    
  0.6273150      0.6274800      0.6274740      0.6274690      0.6274400      0.6274100      0.6273980      0.6276470      0.6278820      0.6279400      0.6278900      0.6278890      0.6279800      0.6278750      0.6277700      0.6275600      0.6273500      0.6271400      0.6271080      0.6271600      0.6269500      0.6267400      0.6265300      0.6263200      0.6261100      0.6259100      0.6257100      0.6255100      0.6253100      0.6251100    
  0.6274800      0.6274770      0.6274740      0.6274480      0.6274100      0.6274040      0.6276610      0.6279110      0.6279400      0.6279150      0.6279250      0.6279800      0.6279270      0.6278750      0.6277350      0.6275600      0.6273500      0.6273160      0.6273800      0.6276000      0.6273900      0.6271800      0.6269700      0.6267700      0.6265600      0.6263600      0.6261600      0.6259600      0.6257700      0.6255800    
  0.6274790      0.6274770      0.6274520      0.6274100      0.6274070      0.6276680      0.6279260      0.6279400      0.6279280      0.6279400      0.6279800      0.6279540      0.6279270      0.6278460      0.6277230      0.6275480      0.6274630      0.6274900      0.6276000      0.6276030      0.6278200      0.6276100      0.6274100      0.6272000      0.6270000      0.6268100      0.6266100      0.6264200      0.6262200      0.6260400    
  0.6274790      0.6274550      0.6274100      0.6274080      0.6276720      0.6279330      0.6279400      0.6279340      0.6279470      0.6279800      0.6279670      0.6279540      0.6279090      0.6278320      0.6277060      0.6278270      0.6275450      0.6276000      0.6280820      0.6282450      0.6281220      0.6280400      0.6278400      0.6276400      0.6274400      0.6272400      0.6270500      0.6268600      0.6266700      0.6264900    
  0.6274560      0.6274100      0.6274090      0.6276730      0.6279360      0.6279400      0.6279370      0.6279500      0.6279800      0.6279730      0.6279670      0.6279430      0.6278980      0.6286420      0.6289160      0.6288540      0.6288550      0.6287920      0.6287370      0.6288800      0.6286700      0.6284700      0.6282700      0.6280700      0.6278700      0.6276800      0.6274900      0.6273000      0.6271200      0.6269400    
  0.6274100      0.6274100      0.6276740      0.6279380      0.6279400      0.6279380      0.6279520      0.6279800      0.6279770      0.6279730      0.6279610      0.6279360      0.6293520      0.6311320      0.6311200      0.6301590      0.6301610      0.6301100      0.6294320      0.6290870      0.6290900      0.6288900      0.6286900      0.6284900      0.6283000      0.6281100      0.6279200      0.6277400      0.6275600      0.6273900    
  0.6274100      0.6276750      0.6279390      0.6279400      0.6279390      0.6279530      0.6279800      0.6279780      0.6279770      0.6279700      0.6297820      0.6325200      0.6316050      0.6311450      0.6311450      0.6311200      0.6304990      0.6302130      0.6301100      0.6296530      0.6295000      0.6293000      0.6291000      0.6289100      0.6287200      0.6285300      0.6283500      0.6281700      0.6280000      0.6278300    
  0.6276750      0.6279400      0.6279400      0.6279400      0.6279530      0.6279800      0.6279790      0.6279780      0.6279750      0.6301540      0.6325200      0.6325200      0.6325200      0.6316240      0.6311700      0.6311700      0.6311200      0.6305530      0.6303150      0.6301100      0.6299100      0.6297100      0.6295200      0.6293300      0.6291400      0.6289600      0.6287800      0.6286000      0.6284300      0.6282700    
  0.6279400      0.6279400      0.6279400      0.6279530      0.6279800      0.6279800      0.6279790      0.6296610      0.6310990      0.6325210      0.6325200      0.6325200      0.6325200      0.6325200      0.6316600      0.6312200      0.6312200      0.6311200      0.6306680      0.6305200      0.6303100      0.6301200      0.6299300      0.6297400      0.6295500      0.6293800      0.6292000      0.6290300      0.6288700      0.6287000    
  0.6279400      0.6279400      0.6279530      0.6279800      0.6279800      0.6309200      0.6353300      0.6350200      0.6347100      0.6332530      0.6325230      0.6325200      0.6325200      0.6325200      0.6325200      0.6317290      0.6313200      0.6313200      0.6311200      0.6309200      0.6307200      0.6305200      0.6303300      0.6301500      0.6299700      0.6297900      0.6296200      0.6294600      0.6292900      0.6291400    
  0.6279400      0.6279530      0.6279800      0.6279800      0.6315090      0.6353310      0.6353310      0.6353300      0.6350200      0.6347100      0.6332590      0.6325300      0.6325200      0.6325200      0.6325200      0.6325200      0.6318570      0.6315200      0.6315200      0.6313200      0.6311200      0.6309300      0.6307400      0.6305500      0.6303800      0.6302100      0.6300400      0.6298800      0.6297200      0.6295700    
