iMOD/TUTORIALS/TUT_MetaswapAnalyser/model_MetaSWAP/meteo/Evaporation/Evaporation_20050425_L1.ASC
NCOLS                30
NROWS                30
XLLCORNER     160000.00
YLLCORNER     340000.00
CELLSIZE        1000.00
NODATA_VALUE   -9999.00
   1.718540       1.725330       1.732130       1.738930       1.745730       1.752510       1.759270       1.766020       1.772720       1.779400       1.786030       1.792610       1.799130       1.805600       1.812010       1.818350       1.824630       1.830830       1.836960       1.843010       1.848990       1.854890       1.860710       1.866450       1.872110       1.877690       1.883200       1.888620       1.893970       1.899240    
   1.702470       1.709230       1.716000       1.722770       1.729530       1.736290       1.743030       1.749740       1.756430       1.763080       1.769690       1.776250       1.782770       1.789230       1.795630       1.801980       1.808250       1.814460       1.820600       1.826670       1.832660       1.838580       1.844420       1.850190       1.855880       1.861500       1.867040       1.872500       1.877900       1.883210    
   1.686410       1.693130       1.699870       1.706610       1.713350       1.720070       1.726780       1.733470       1.740140       1.746770       1.753360       1.759910       1.766410       1.772860       1.779260       1.785600       1.791880       1.798090       1.804240       1.810320       1.816330       1.822270       1.828130       1.833930       1.839650       1.845290       1.850870       1.856370       1.861800       1.867170    
   1.670340       1.677040       1.683750       1.690460       1.697170       1.703860       1.710550       1.717210       1.723850       1.730460       1.737040       1.743570       1.750060       1.756500       1.762890       1.769230       1.775510       1.781730       1.787880       1.793970       1.799990       1.805950       1.811840       1.817650       1.823400       1.829080       1.834690       1.840230       1.845700       1.851100    
   1.654280       1.660960       1.667630       1.674310       1.680990       1.687660       1.694320       1.700960       1.707580       1.714170       1.720720       1.727240       1.733720       1.740150       1.746530       1.752860       1.759140       1.765360       1.771520       1.777620       1.783660       1.789630       1.795540       1.801380       1.807150       1.812860       1.818500       1.824070       1.829580       1.835020    
   1.638230       1.644870       1.651520       1.658180       1.664830       1.671470       1.678100       1.684720       1.691310       1.697880       1.704410       1.710920       1.717380       1.723800       1.730180       1.736510       1.742780       1.749000       1.755170       1.761280       1.767330       1.773310       1.779240       1.785100       1.790900       1.796630       1.802300       1.807910       1.813450       1.818930    
   1.622180       1.628800       1.635420       1.642040       1.648670       1.655280       1.661890       1.668480       1.675050       1.681600       1.688110       1.694600       1.701050       1.707460       1.713830       1.720150       1.726430       1.732650       1.738820       1.744940       1.750990       1.757000       1.762940       1.768820       1.774640       1.780400       1.786100       1.791740       1.797320       1.802830    
   1.606140       1.612730       1.619320       1.625920       1.632520       1.639100       1.645690       1.652250       1.658800       1.665330       1.671830       1.678300       1.684730       1.691130       1.697490       1.703810       1.710080       1.716300       1.722480       1.728600       1.734670       1.740680       1.746640       1.752540       1.758380       1.764170       1.769900       1.775560       1.781180       1.786730    
   1.590110       1.596670       1.603240       1.609800       1.616370       1.622940       1.629490       1.636030       1.642560       1.649060       1.655550       1.662000       1.668420       1.674810       1.681160       1.687470       1.693740       1.699960       1.706140       1.712270       1.718340       1.724370       1.730340       1.736260       1.742130       1.747940       1.753690       1.759390       1.765030       1.770610    
   1.574090       1.580620       1.587160       1.593700       1.600240       1.606780       1.613310       1.619830       1.626330       1.632810       1.639280       1.645710       1.652120       1.658500       1.664840       1.671140       1.677410       1.683630       1.689810       1.695940       1.702030       1.708060       1.714050       1.719990       1.725870       1.731700       1.737480       1.743210       1.748880       1.754500    
   1.574090       1.580620       1.584770       1.577600       1.584120       1.590630       1.597130       1.603630       1.610110       1.616570       1.623020       1.629440       1.635830       1.642200       1.648530       1.654820       1.661090       1.667310       1.673490       1.679620       1.685720       1.691760       1.697760       1.703710       1.709620       1.715470       1.721270       1.727030       1.732730       1.738380    
   1.574100       1.579270       1.577600       1.570410       1.568000       1.574490       1.580970       1.587440       1.593900       1.600350       1.606770       1.613180       1.619550       1.625910       1.632230       1.638520       1.644770       1.650990       1.657170       1.663310       1.669410       1.675470       1.681480       1.687450       1.693370       1.699240       1.705070       1.710850       1.716580       1.722260    
   1.574640       1.577600       1.564960       1.559950       1.551900       1.558360       1.564820       1.571270       1.577710       1.584130       1.590540       1.596920       1.603290       1.609630       1.615940       1.622220       1.628470       1.634690       1.640870       1.647010       1.653120       1.659180       1.665210       1.671190       1.677130       1.683020       1.688870       1.694670       1.700430       1.706140    
   1.577600       1.562600       1.555930       1.551900       1.550840       1.542250       1.548680       1.555110       1.561530       1.567930       1.574320       1.580690       1.587040       1.593360       1.599670       1.605940       1.612180       1.618400       1.624580       1.630720       1.636830       1.642910       1.648940       1.654940       1.660890       1.666800       1.672670       1.678500       1.684280       1.690020    
   1.561500       1.553910       1.551900       1.548330       1.542250       1.541160       1.532560       1.538960       1.545360       1.551740       1.558110       1.564460       1.570800       1.577110       1.583400       1.589670       1.595910       1.602120       1.608300       1.614450       1.620560       1.626640       1.632680       1.638690       1.644660       1.650590       1.656480       1.662330       1.668140       1.673900    
   1.552910       1.551900       1.547490       1.542250       1.538660       1.532560       1.535760       1.538960       1.542910       1.535570       1.541920       1.548260       1.554580       1.560880       1.567160       1.573410       1.579650       1.585850       1.592030       1.598180       1.604300       1.610390       1.616440       1.622460       1.628440       1.634390       1.640300       1.646170       1.652000       1.657800    
   1.551900       1.547210       1.542250       1.537820       1.532560       1.534160       1.535760       1.538300       1.535570       1.538740       1.534740       1.532060       1.538370       1.544660       1.550920       1.557170       1.563400       1.569600       1.575780       1.581930       1.588050       1.594140       1.600200       1.606230       1.612230       1.618200       1.624120       1.630020       1.635870       1.641690    
   1.547120       1.542250       1.537540       1.532560       1.533360       1.534160       1.535950       1.535570       1.537160       1.529780       1.523980       1.515890       1.522180       1.528450       1.534710       1.540950       1.547170       1.553360       1.559540       1.565690       1.571810       1.577910       1.583980       1.590020       1.596030       1.602010       1.607960       1.613870       1.619750       1.625600    
   1.542250       1.537450       1.532560       1.532960       1.533360       1.534760       1.535570       1.536360       1.527670       1.519930       1.515890       1.519030       1.519700       1.512260       1.518510       1.524740       1.530950       1.537140       1.543320       1.549470       1.555590       1.561700       1.567780       1.573830       1.579850       1.585840       1.591810       1.597740       1.603650       1.609520    
   1.537420       1.532560       1.532760       1.532960       1.534160       1.535570       1.535970       1.526680       1.517910       1.515890       1.517460       1.516720       1.512260       1.515380       1.518500       1.524730       1.530940       1.537140       1.536050       1.533260       1.539390       1.545500       1.551580       1.557640       1.563680       1.569690       1.575670       1.581620       1.587550       1.593440    
   1.532560       1.532660       1.532760       1.533860       1.535570       1.535770       1.526200       1.516900       1.515890       1.516680       1.515580       1.512260       1.513820       1.515380       1.519540       1.524730       1.530940       1.529270       1.525170       1.517070       1.523200       1.529310       1.535410       1.541480       1.547520       1.553550       1.559550       1.565520       1.571460       1.577380    
   1.532610       1.532660       1.533710       1.535570       1.535670       1.525970       1.516400       1.515890       1.516280       1.515100       1.512260       1.513040       1.513820       1.516250       1.519880       1.525070       1.524630       1.521120       1.517070       1.515770       1.507030       1.513150       1.519250       1.525330       1.531380       1.537420       1.543440       1.549430       1.555390       1.561330    
   1.532610       1.533640       1.535570       1.535620       1.525850       1.516140       1.515890       1.516090       1.514880       1.512260       1.512650       1.513040       1.514370       1.516650       1.520400       1.511480       1.519090       1.517070       1.497610       1.490890       1.494560       1.497000       1.503110       1.509190       1.515260       1.521310       1.527340       1.533350       1.539340       1.545300    
   1.533600       1.535570       1.535590       1.525790       1.516020       1.515890       1.515990       1.514780       1.512260       1.512460       1.512650       1.513350       1.514690       1.483400       1.469690       1.468720       1.468710       1.470560       1.472080       1.466700       1.474750       1.480880       1.486980       1.493080       1.499160       1.505220       1.511270       1.517300       1.523300       1.529290    
   1.535570       1.535580       1.525760       1.515950       1.515890       1.515940       1.514730       1.512260       1.512360       1.512460       1.512820       1.513560       1.454870       1.381690       1.382190       1.418710       1.418360       1.420360       1.445680       1.458650       1.458640       1.464770       1.470880       1.476990       1.483080       1.489150       1.495220       1.501260       1.507290       1.513290    
   1.535580       1.525740       1.515920       1.515890       1.515910       1.514700       1.512260       1.512310       1.512360       1.512540       1.439060       1.328240       1.363460       1.381190       1.381190       1.382190       1.405580       1.416350       1.420360       1.437010       1.442560       1.448690       1.454800       1.460920       1.467020       1.473100       1.479180       1.485240       1.491290       1.497320    
   1.525740       1.515910       1.515890       1.515900       1.514690       1.512260       1.512280       1.512310       1.512400       1.424090       1.328240       1.328240       1.328240       1.362730       1.380190       1.380190       1.382190       1.403420       1.412340       1.420360       1.426500       1.432630       1.438750       1.444870       1.450980       1.457080       1.463170       1.469250       1.475310       1.481360    
   1.515900       1.515890       1.515900       1.514690       1.512260       1.512270       1.512280       1.445050       1.386660       1.328200       1.328240       1.328240       1.328240       1.328240       1.361280       1.378200       1.378200       1.382190       1.398800       1.404330       1.410460       1.416590       1.422720       1.428840       1.434960       1.441080       1.447180       1.453280       1.459360       1.465430    
   1.515890       1.515890       1.514680       1.512260       1.512270       1.395970       1.221520       1.232350       1.243190       1.299770       1.328110       1.328240       1.328240       1.328240       1.328240       1.358500       1.374200       1.374200       1.382190       1.388320       1.394450       1.400580       1.406710       1.412840       1.418970       1.425100       1.431220       1.437330       1.443430       1.449520    
   1.515890       1.514680       1.512260       1.512260       1.372680       1.221490       1.221490       1.221520       1.232350       1.243190       1.299550       1.327850       1.328240       1.328240       1.328240       1.328240       1.353360       1.366220       1.366210       1.372340       1.378470       1.384600       1.390740       1.396870       1.403010       1.409150       1.415280       1.421410       1.427530       1.433640    
