iMOD/TUTORIALS/TUT_MetaswapAnalyser/model_MetaSWAP/meteo/Evaporation/Evaporation_20050407_L1.ASC
NCOLS                30
NROWS                30
XLLCORNER     160000.00
YLLCORNER     340000.00
CELLSIZE        1000.00
NODATA_VALUE   -9999.00
   1.729940       1.730400       1.730900       1.731420       1.731970       1.732540       1.733140       1.733750       1.734390       1.735050       1.735720       1.736420       1.737130       1.737850       1.738590       1.739340       1.740100       1.740870       1.741650       1.742440       1.743240       1.744040       1.744860       1.745670       1.746500       1.747320       1.748150       1.748990       1.749820       1.750660    
   1.732390       1.732840       1.733330       1.733840       1.734380       1.734940       1.735530       1.736140       1.736770       1.737420       1.738080       1.738770       1.739470       1.740180       1.740910       1.741650       1.742400       1.743170       1.743940       1.744720       1.745510       1.746300       1.747100       1.747910       1.748720       1.749540       1.750350       1.751180       1.752000       1.752820    
   1.734870       1.735320       1.735790       1.736300       1.736830       1.737380       1.737960       1.738560       1.739180       1.739820       1.740480       1.741160       1.741850       1.742550       1.743270       1.744000       1.744750       1.745500       1.746260       1.747030       1.747810       1.748590       1.749380       1.750180       1.750970       1.751780       1.752580       1.753390       1.754200       1.755010    
   1.737400       1.737840       1.738300       1.738800       1.739320       1.739860       1.740430       1.741020       1.741630       1.742270       1.742920       1.743580       1.744260       1.744960       1.745670       1.746390       1.747120       1.747860       1.748610       1.749370       1.750140       1.750910       1.751690       1.752470       1.753260       1.754050       1.754840       1.755640       1.756430       1.757230    
   1.739970       1.740390       1.740850       1.741330       1.741840       1.742380       1.742940       1.743520       1.744120       1.744740       1.745380       1.746040       1.746710       1.747400       1.748100       1.748810       1.749530       1.750260       1.751000       1.751750       1.752500       1.753260       1.754030       1.754800       1.755570       1.756350       1.757130       1.757910       1.758690       1.759470    
   1.742570       1.742990       1.743430       1.743900       1.744400       1.744930       1.745480       1.746050       1.746640       1.747260       1.747890       1.748530       1.749190       1.749870       1.750560       1.751260       1.751970       1.752690       1.753420       1.754150       1.754900       1.755640       1.756400       1.757150       1.757910       1.758680       1.759440       1.760210       1.760970       1.761740    
   1.745220       1.745620       1.746050       1.746510       1.747000       1.747520       1.748060       1.748620       1.749200       1.749800       1.750420       1.751060       1.751710       1.752370       1.753050       1.753740       1.754440       1.755150       1.755870       1.756590       1.757320       1.758050       1.758790       1.759540       1.760280       1.761030       1.761780       1.762530       1.763280       1.764040    
   1.747890       1.748280       1.748700       1.749150       1.749630       1.750140       1.750670       1.751220       1.751790       1.752380       1.752990       1.753620       1.754260       1.754910       1.755580       1.756250       1.756940       1.757640       1.758340       1.759050       1.759770       1.760490       1.761220       1.761950       1.762680       1.763410       1.764150       1.764880       1.765620       1.766360    
   1.750600       1.750980       1.751390       1.751830       1.752300       1.752790       1.753310       1.753850       1.754410       1.754990       1.755590       1.756200       1.756830       1.757480       1.758130       1.758800       1.759470       1.760160       1.760850       1.761550       1.762250       1.762960       1.763670       1.764390       1.765100       1.765820       1.766540       1.767260       1.767980       1.768700    
   1.753340       1.753710       1.754110       1.754540       1.754990       1.755480       1.755980       1.756510       1.757060       1.757630       1.758220       1.758820       1.759440       1.760070       1.760710       1.761370       1.762030       1.762700       1.763380       1.764070       1.764760       1.765450       1.766150       1.766850       1.767550       1.768250       1.768960       1.769660       1.770360       1.771060    
   1.753350       1.753720       1.754910       1.757270       1.757720       1.758190       1.758690       1.759200       1.759740       1.760300       1.760880       1.761470       1.762070       1.762690       1.763320       1.763970       1.764620       1.765280       1.765940       1.766610       1.767290       1.767970       1.768650       1.769340       1.770020       1.770710       1.771400       1.772080       1.772770       1.773450    
   1.753360       1.754810       1.757270       1.759680       1.760470       1.760930       1.761420       1.761920       1.762450       1.763000       1.763560       1.764140       1.764740       1.765340       1.765960       1.766590       1.767230       1.767870       1.768530       1.769180       1.769850       1.770510       1.771180       1.771850       1.772520       1.773190       1.773860       1.774530       1.775200       1.775860    
   1.754620       1.757270       1.760520       1.761870       1.763260       1.763700       1.764180       1.764670       1.765190       1.765720       1.766270       1.766840       1.767420       1.768020       1.768630       1.769240       1.769870       1.770500       1.771140       1.771780       1.772430       1.773080       1.773730       1.774380       1.775040       1.775690       1.776350       1.777000       1.777650       1.778300    
   1.757270       1.760900       1.762560       1.763260       1.764490       1.766500       1.766960       1.767440       1.767950       1.768470       1.769010       1.769570       1.770140       1.770720       1.771310       1.771920       1.772530       1.773150       1.773770       1.774400       1.775030       1.775670       1.776300       1.776940       1.777580       1.778220       1.778850       1.779490       1.780120       1.780750    
   1.761090       1.762910       1.763260       1.764750       1.766500       1.767740       1.769770       1.770240       1.770730       1.771250       1.771770       1.772320       1.772880       1.773450       1.774030       1.774620       1.775210       1.775820       1.776430       1.777040       1.777660       1.778280       1.778900       1.779520       1.780140       1.780760       1.781380       1.782000       1.782610       1.783220    
   1.763090       1.763260       1.764840       1.766500       1.768000       1.769770       1.770000       1.770250       1.771560       1.774040       1.774560       1.775090       1.775640       1.776190       1.776760       1.777340       1.777920       1.778510       1.779110       1.779710       1.780310       1.780910       1.781520       1.782120       1.782730       1.783330       1.783930       1.784520       1.785120       1.785710    
   1.763260       1.764870       1.766500       1.768090       1.769770       1.769890       1.770010       1.771460       1.774040       1.774300       1.776460       1.777890       1.778420       1.778960       1.779520       1.780080       1.780650       1.781230       1.781810       1.782390       1.782980       1.783570       1.784150       1.784740       1.785330       1.785910       1.786490       1.787070       1.787650       1.788220    
   1.764880       1.766500       1.768120       1.769770       1.769830       1.769890       1.771350       1.774040       1.774170       1.776960       1.779290       1.780700       1.781220       1.781750       1.782290       1.782840       1.783400       1.783960       1.784530       1.785100       1.785670       1.786240       1.786810       1.787380       1.787950       1.788510       1.789080       1.789640       1.790190       1.790740    
   1.766500       1.768130       1.769770       1.769800       1.769830       1.771280       1.774040       1.774100       1.777170       1.780000       1.780700       1.780960       1.782060       1.784560       1.785090       1.785630       1.786170       1.786720       1.787270       1.787820       1.788380       1.788930       1.789480       1.790040       1.790590       1.791130       1.791680       1.792220       1.792750       1.793280    
   1.768130       1.769770       1.769780       1.769800       1.771240       1.774040       1.774070       1.777270       1.780350       1.780700       1.780830       1.782070       1.784560       1.784820       1.785090       1.785630       1.786170       1.786720       1.789140       1.790560       1.791100       1.791640       1.792180       1.792710       1.793240       1.793770       1.794290       1.794810       1.795330       1.795840    
   1.769770       1.769780       1.769780       1.771220       1.774040       1.774060       1.777320       1.780520       1.780700       1.780760       1.782040       1.784560       1.784690       1.784830       1.785180       1.785630       1.786170       1.789460       1.791940       1.793320       1.793840       1.794360       1.794880       1.795400       1.795910       1.796420       1.796930       1.797420       1.797920       1.798410    
   1.769770       1.769780       1.771200       1.774040       1.774050       1.777350       1.780610       1.780700       1.780730       1.782020       1.784560       1.784630       1.784690       1.784900       1.785210       1.785660       1.789440       1.792630       1.793320       1.794590       1.796600       1.797100       1.797610       1.798100       1.798600       1.799090       1.799570       1.800050       1.800520       1.800990    
   1.769770       1.771200       1.774040       1.774040       1.777360       1.780660       1.780700       1.780720       1.782000       1.784560       1.784590       1.784630       1.784740       1.784940       1.785260       1.791010       1.792970       1.793320       1.797710       1.799380       1.799670       1.799860       1.800340       1.800820       1.801300       1.801770       1.802230       1.802690       1.803140       1.803580    
   1.771200       1.774040       1.774040       1.777360       1.780680       1.780700       1.780710       1.781990       1.784560       1.784580       1.784590       1.784650       1.784770       1.792600       1.798060       1.801740       1.801730       1.802110       1.802630       1.803560       1.802160       1.802620       1.803090       1.803550       1.804010       1.804460       1.804900       1.805340       1.805760       1.806190    
   1.774040       1.774040       1.777370       1.780690       1.780700       1.780700       1.781990       1.784560       1.784570       1.784580       1.784610       1.784670       1.798640       1.815540       1.815450       1.810000       1.810510       1.810150       1.806760       1.804960       1.804950       1.805400       1.805850       1.806290       1.806730       1.807160       1.807580       1.808000       1.808400       1.808800    
   1.774040       1.777370       1.780690       1.780700       1.780700       1.781990       1.784560       1.784560       1.784570       1.784580       1.800260       1.823720       1.818340       1.815630       1.815630       1.815450       1.812290       1.810860       1.810150       1.808360       1.807760       1.808190       1.808620       1.809050       1.809460       1.809870       1.810270       1.810660       1.811050       1.811420    
   1.777370       1.780700       1.780700       1.780700       1.781990       1.784560       1.784560       1.784560       1.784570       1.803370       1.823720       1.823720       1.823720       1.818470       1.815810       1.815810       1.815450       1.812700       1.811570       1.810150       1.810580       1.810990       1.811400       1.811810       1.812200       1.812590       1.812970       1.813340       1.813700       1.814060    
   1.780700       1.780700       1.780700       1.781990       1.784560       1.784560       1.784560       1.797890       1.810430       1.823730       1.823720       1.823720       1.823720       1.823720       1.818730       1.816170       1.816170       1.815450       1.813610       1.813000       1.813400       1.813800       1.814190       1.814580       1.814950       1.815320       1.815680       1.816020       1.816360       1.816690    
   1.780700       1.780700       1.781990       1.784560       1.784560       1.806930       1.840470       1.839170       1.837870       1.828460       1.823740       1.823720       1.823720       1.823720       1.823720       1.819240       1.816890       1.816880       1.815450       1.815850       1.816230       1.816620       1.816990       1.817350       1.817710       1.818050       1.818390       1.818710       1.819030       1.819330    
   1.780700       1.781990       1.784560       1.784560       1.811400       1.840480       1.840480       1.840470       1.839170       1.837870       1.828500       1.823790       1.823720       1.823720       1.823720       1.823720       1.820190       1.818320       1.818320       1.818700       1.819070       1.819440       1.819790       1.820140       1.820470       1.820790       1.821110       1.821410       1.821700       1.821980    
