iMOD/TUTORIALS/TUT_MetaswapAnalyser/model_MetaSWAP/meteo/Evaporation/Evaporation_20050914_L1.ASC
NCOLS                30
NROWS                30
XLLCORNER     160000.00
YLLCORNER     340000.00
CELLSIZE        1000.00
NODATA_VALUE   -9999.00
  0.8122200      0.8144600      0.8167400      0.8190400      0.8213700      0.8237100      0.8260700      0.8284500      0.8308300      0.8332100      0.8356000      0.8379900      0.8403700      0.8427400      0.8450900      0.8474400      0.8497600      0.8520700      0.8543600      0.8566200      0.8588600      0.8610700      0.8632500      0.8654100      0.8675300      0.8696200      0.8716800      0.8737000      0.8756900      0.8776400    
  0.8164300      0.8186800      0.8209600      0.8232600      0.8255800      0.8279300      0.8302900      0.8326600      0.8350400      0.8374200      0.8398000      0.8421800      0.8445600      0.8469200      0.8492800      0.8516100      0.8539400      0.8562400      0.8585200      0.8607700      0.8630100      0.8652100      0.8673800      0.8695300      0.8716400      0.8737200      0.8757700      0.8777900      0.8797700      0.8817100    
  0.8206900      0.8229400      0.8252200      0.8275200      0.8298500      0.8321900      0.8345500      0.8369200      0.8392900      0.8416700      0.8440500      0.8464300      0.8488000      0.8511600      0.8535000      0.8558400      0.8581500      0.8604500      0.8627200      0.8649700      0.8671900      0.8693900      0.8715600      0.8736900      0.8758000      0.8778700      0.8799100      0.8819100      0.8838800      0.8858100    
  0.8249900      0.8272400      0.8295200      0.8318300      0.8341600      0.8365000      0.8388600      0.8412200      0.8435900      0.8459700      0.8483400      0.8507200      0.8530800      0.8554300      0.8577800      0.8601000      0.8624100      0.8647000      0.8669700      0.8692100      0.8714200      0.8736100      0.8757700      0.8779000      0.8799900      0.8820600      0.8840800      0.8860800      0.8880300      0.8899600    
  0.8293200      0.8315800      0.8338700      0.8361800      0.8385000      0.8408500      0.8432000      0.8455700      0.8479400      0.8503100      0.8526800      0.8550500      0.8574100      0.8597600      0.8620900      0.8644100      0.8667100      0.8690000      0.8712500      0.8734900      0.8757000      0.8778700      0.8800200      0.8821400      0.8842300      0.8862800      0.8883000      0.8902800      0.8922200      0.8941300    
  0.8336900      0.8359600      0.8382500      0.8405600      0.8428900      0.8452300      0.8475900      0.8499500      0.8523200      0.8546900      0.8570500      0.8594200      0.8617700      0.8641200      0.8664500      0.8687600      0.8710600      0.8733300      0.8755800      0.8778100      0.8800000      0.8821700      0.8843100      0.8864200      0.8885000      0.8905400      0.8925400      0.8945100      0.8964400      0.8983400    
  0.8381000      0.8403700      0.8426600      0.8449800      0.8473100      0.8496500      0.8520100      0.8543700      0.8567300      0.8591000      0.8614700      0.8638200      0.8661700      0.8685100      0.8708400      0.8731500      0.8754300      0.8777000      0.8799400      0.8821600      0.8843500      0.8865100      0.8886400      0.8907400      0.8928000      0.8948300      0.8968200      0.8987800      0.9007000      0.9025800    
  0.8425300      0.8448100      0.8471100      0.8494200      0.8517600      0.8541000      0.8564600      0.8588200      0.8611900      0.8635500      0.8659100      0.8682700      0.8706100      0.8729500      0.8752700      0.8775700      0.8798500      0.8821100      0.8843400      0.8865500      0.8887300      0.8908800      0.8930000      0.8950900      0.8971400      0.8991500      0.9011400      0.9030800      0.9049800      0.9068500    
  0.8469900      0.8492800      0.8515800      0.8539000      0.8562400      0.8585900      0.8609400      0.8633100      0.8656700      0.8680300      0.8703900      0.8727400      0.8750800      0.8774100      0.8797300      0.8820200      0.8843000      0.8865500      0.8887700      0.8909700      0.8931400      0.8952800      0.8973900      0.8994700      0.9015100      0.9035100      0.9054800      0.9074100      0.9093000      0.9111500    
  0.8514800      0.8537700      0.8560800      0.8584100      0.8607500      0.8631000      0.8654600      0.8678200      0.8701800      0.8725400      0.8749000      0.8772500      0.8795900      0.8819100      0.8842200      0.8865100      0.8887800      0.8910200      0.8932400      0.8954300      0.8975900      0.8997200      0.9018200      0.9038800      0.9059100      0.9079000      0.9098500      0.9117600      0.9136400      0.9154800    
  0.8514870      0.8537770      0.8578000      0.8629400      0.8652900      0.8676400      0.8700000      0.8723600      0.8747200      0.8770800      0.8794400      0.8817800      0.8841200      0.8864400      0.8887400      0.8910200      0.8932800      0.8955200      0.8977300      0.8999100      0.9020600      0.9041800      0.9062700      0.9083200      0.9103300      0.9123100      0.9142500      0.9161500      0.9180100      0.9198300    
  0.8514930      0.8565010      0.8629400      0.8681230      0.8698400      0.8722000      0.8745600      0.8769300      0.8792900      0.8816500      0.8840000      0.8863400      0.8886800      0.8909900      0.8932900      0.8955700      0.8978200      0.9000500      0.9022500      0.9044200      0.9065600      0.9086700      0.9107500      0.9127800      0.9147800      0.9167500      0.9186700      0.9205600      0.9224000      0.9242100    
  0.8550400      0.8629400      0.8694030      0.8721300      0.8744200      0.8767800      0.8791500      0.8815100      0.8838800      0.8862400      0.8885900      0.8909300      0.8932600      0.8955700      0.8978600      0.9001300      0.9023800      0.9046000      0.9068000      0.9089600      0.9110900      0.9131900      0.9152500      0.9172700      0.9192600      0.9212100      0.9231200      0.9249900      0.9268200      0.9286000    
  0.8629400      0.8700100      0.8732750      0.8744200      0.8775300      0.8813900      0.8837600      0.8861200      0.8884900      0.8908500      0.8932000      0.8955400      0.8978600      0.9001700      0.9024600      0.9047200      0.9069700      0.9091800      0.9113600      0.9135200      0.9156400      0.9177200      0.9197700      0.9217900      0.9237600      0.9256900      0.9275900      0.9294400      0.9312500      0.9330200    
  0.8703040      0.8738470      0.8744200      0.8777800      0.8813900      0.8845100      0.8883800      0.8907500      0.8931200      0.8954800      0.8978300      0.9001600      0.9024900      0.9047900      0.9070800      0.9093400      0.9115700      0.9137800      0.9159600      0.9181000      0.9202100      0.9222800      0.9243200      0.9263200      0.9282800      0.9302000      0.9320800      0.9339100      0.9357100      0.9374600    
  0.8741340      0.8744200      0.8778630      0.8813900      0.8847600      0.8883800      0.8895650      0.8907500      0.8948670      0.9001200      0.9024700      0.9048100      0.9071300      0.9094300      0.9117100      0.9139700      0.9162000      0.9184000      0.9205600      0.9227000      0.9248000      0.9268600      0.9288900      0.9308700      0.9328200      0.9347200      0.9365800      0.9384000      0.9401800      0.9419100    
  0.8744200      0.8778910      0.8813900      0.8848430      0.8883800      0.8889730      0.8895650      0.8938260      0.9001200      0.9012950      0.9062020      0.9094700      0.9117900      0.9140900      0.9163600      0.9186200      0.9208400      0.9230300      0.9251900      0.9273200      0.9294100      0.9314600      0.9334700      0.9354400      0.9373700      0.9392600      0.9411100      0.9429100      0.9446700      0.9463800    
  0.8779000      0.8813900      0.8848710      0.8883800      0.8886760      0.8889730      0.8931210      0.9001200      0.9007070      0.9067120      0.9118050      0.9141400      0.9164600      0.9187600      0.9210300      0.9232800      0.9255000      0.9276800      0.9298300      0.9319500      0.9340300      0.9360700      0.9380700      0.9400300      0.9419400      0.9438200      0.9456400      0.9474300      0.9491700      0.9508600    
  0.8813900      0.8848800      0.8883800      0.8885280      0.8886760      0.8927220      0.9001200      0.9004140      0.9069310      0.9129730      0.9141400      0.9153000      0.9182000      0.9234400      0.9257100      0.9279500      0.9301600      0.9323400      0.9344900      0.9366000      0.9386700      0.9407000      0.9426800      0.9446300      0.9465300      0.9483800      0.9501900      0.9519600      0.9536800      0.9553500    
  0.8848830      0.8883800      0.8884540      0.8885280      0.8925120      0.9001200      0.9002670      0.9070320      0.9135560      0.9141400      0.9147200      0.9177700      0.9234400      0.9245750      0.9257000      0.9279400      0.9301500      0.9323300      0.9381220      0.9412600      0.9433100      0.9453300      0.9473100      0.9492400      0.9511200      0.9529600      0.9547500      0.9565000      0.9582000      0.9598500    
  0.8883800      0.8884170      0.8884540      0.8924030      0.9001200      0.9001930      0.9070810      0.9138480      0.9141400      0.9144300      0.9175170      0.9234400      0.9240070      0.9245720      0.9260720      0.9279300      0.9301400      0.9380220      0.9435900      0.9459200      0.9479700      0.9499800      0.9519400      0.9538600      0.9557200      0.9575500      0.9593200      0.9610500      0.9627300      0.9643600    
  0.8883990      0.8884170      0.8923490      0.9001200      0.9001570      0.9071060      0.9139940      0.9141400      0.9142850      0.9173820      0.9234400      0.9237240      0.9240060      0.9248840      0.9261910      0.9280470      0.9373530      0.9447550      0.9459200      0.9488430      0.9526400      0.9546300      0.9565800      0.9584800      0.9603300      0.9621400      0.9639000      0.9656000      0.9672600      0.9688700    
  0.8883990      0.8923210      0.9001200      0.9001380      0.9071180      0.9140670      0.9141400      0.9142120      0.9173120      0.9234400      0.9235820      0.9237230      0.9242050      0.9250270      0.9263740      0.9393780      0.9453370      0.9459200      0.9540970      0.9573100      0.9584980      0.9592900      0.9612300      0.9631100      0.9649500      0.9667400      0.9684800      0.9701600      0.9718000      0.9733900    
  0.8923070      0.9001200      0.9001290      0.9071240      0.9141040      0.9141400      0.9141760      0.9172760      0.9234400      0.9235110      0.9235820      0.9238370      0.9243180      0.9392290      0.9508790      0.9599600      0.9599600      0.9612030      0.9627580      0.9643150      0.9619800      0.9639500      0.9658700      0.9677500      0.9695700      0.9713400      0.9730600      0.9747200      0.9763400      0.9779100    
  0.9001200      0.9001250      0.9071270      0.9141220      0.9141400      0.9141580      0.9172580      0.9234400      0.9234750      0.9235110      0.9236430      0.9239120      0.9500880      0.9814550      0.9813100      0.9732270      0.9745840      0.9740000      0.9692390      0.9666500      0.9666500      0.9686100      0.9705200      0.9723800      0.9741900      0.9759400      0.9776400      0.9792800      0.9808800      0.9824200    
  0.9001220      0.9071290      0.9141310      0.9141400      0.9141490      0.9172490      0.9234400      0.9234580      0.9234750      0.9235430      0.9514770      0.9931600      0.9854770      0.9816010      0.9816010      0.9813100      0.9770550      0.9751680      0.9740000      0.9719900      0.9713200      0.9732700      0.9751700      0.9770100      0.9788000      0.9805400      0.9822200      0.9838400      0.9854100      0.9869300    
  0.9071290      0.9141350      0.9141400      0.9141450      0.9172440      0.9234400      0.9234490      0.9234580      0.9234920      0.9569630      0.9931600      0.9931600      0.9931600      0.9856920      0.9818910      0.9818910      0.9813100      0.9777440      0.9763350      0.9740000      0.9759900      0.9779300      0.9798200      0.9816400      0.9834200      0.9851300      0.9867900      0.9883900      0.9899400      0.9914400    
  0.9141380      0.9141400      0.9141420      0.9172420      0.9234400      0.9234440      0.9234490      0.9460500      0.9684930      0.9931730      0.9931600      0.9931600      0.9931600      0.9931600      0.9861160      0.9824730      0.9824730      0.9813100      0.9793300      0.9786700      0.9806600      0.9825800      0.9844500      0.9862700      0.9880200      0.9897200      0.9913600      0.9929400      0.9944600      0.9959400    
  0.9141400      0.9141410      0.9172410      0.9234400      0.9234420      0.9604880       1.016050       1.014930       1.013800       1.000070      0.9931980      0.9931600      0.9931600      0.9931600      0.9931600      0.9869420      0.9836350      0.9836350      0.9813100      0.9833400      0.9853100      0.9872300      0.9890800      0.9908800      0.9926200      0.9943000      0.9959200      0.9974700      0.9989800       1.000420    
  0.9141410      0.9172410      0.9234400      0.9234410      0.9679010       1.016060       1.016060       1.016050       1.014930       1.013800       1.000140      0.9932730      0.9931600      0.9931600      0.9931600      0.9931600      0.9884990      0.9859600      0.9859600      0.9879900      0.9899500      0.9918600      0.9937000      0.9954900      0.9972100      0.9988600       1.000460       1.002000       1.003470       1.004890    
