iMOD/TUTORIALS/TUT_MetaswapAnalyser/model_MetaSWAP/meteo/Evaporation/Evaporation_20051222_L1.ASC
NCOLS                30
NROWS                30
XLLCORNER     160000.00
YLLCORNER     340000.00
CELLSIZE        1000.00
NODATA_VALUE   -9999.00
  0.1322900      0.1322800      0.1322700      0.1322700      0.1322700      0.1322800      0.1322900      0.1323100      0.1323300      0.1323500      0.1323700      0.1324000      0.1324300      0.1324600      0.1324900      0.1325300      0.1325700      0.1326100      0.1326500      0.1326900      0.1327400      0.1327800      0.1328300      0.1328800      0.1329300      0.1329900      0.1330400      0.1330900      0.1331500      0.1332100    
  0.1307900      0.1307800      0.1307700      0.1307700      0.1307700      0.1307700      0.1307800      0.1307900      0.1308100      0.1308300      0.1308500      0.1308700      0.1309000      0.1309300      0.1309700      0.1310000      0.1310400      0.1310800      0.1311200      0.1311700      0.1312100      0.1312600      0.1313100      0.1313600      0.1314200      0.1314700      0.1315300      0.1315900      0.1316500      0.1317100    
  0.1292900      0.1292800      0.1292600      0.1292600      0.1292600      0.1292600      0.1292600      0.1292700      0.1292900      0.1293100      0.1293300      0.1293500      0.1293800      0.1294100      0.1294400      0.1294800      0.1295100      0.1295500      0.1296000      0.1296400      0.1296900      0.1297400      0.1297900      0.1298400      0.1299000      0.1299600      0.1300200      0.1300800      0.1301400      0.1302100    
  0.1277900      0.1277700      0.1277600      0.1277500      0.1277500      0.1277500      0.1277500      0.1277600      0.1277700      0.1277900      0.1278000      0.1278300      0.1278500      0.1278800      0.1279100      0.1279500      0.1279900      0.1280300      0.1280700      0.1281100      0.1281600      0.1282100      0.1282700      0.1283200      0.1283800      0.1284400      0.1285000      0.1285700      0.1286300      0.1287000    
  0.1262900      0.1262700      0.1262500      0.1262400      0.1262300      0.1262300      0.1262300      0.1262400      0.1262500      0.1262600      0.1262800      0.1263000      0.1263300      0.1263600      0.1263900      0.1264200      0.1264600      0.1265000      0.1265400      0.1265900      0.1266400      0.1266900      0.1267400      0.1268000      0.1268600      0.1269200      0.1269900      0.1270500      0.1271200      0.1272000    
  0.1247800      0.1247600      0.1247400      0.1247300      0.1247200      0.1247200      0.1247200      0.1247200      0.1247300      0.1247400      0.1247600      0.1247800      0.1248000      0.1248300      0.1248600      0.1248900      0.1249300      0.1249700      0.1250100      0.1250600      0.1251100      0.1251600      0.1252200      0.1252800      0.1253400      0.1254000      0.1254700      0.1255400      0.1256100      0.1256900    
  0.1232800      0.1232600      0.1232400      0.1232200      0.1232100      0.1232000      0.1232000      0.1232000      0.1232100      0.1232200      0.1232300      0.1232500      0.1232700      0.1233000      0.1233300      0.1233600      0.1234000      0.1234400      0.1234800      0.1235300      0.1235800      0.1236400      0.1236900      0.1237500      0.1238200      0.1238800      0.1239500      0.1240300      0.1241000      0.1241800    
  0.1217800      0.1217500      0.1217300      0.1217100      0.1217000      0.1216900      0.1216900      0.1216900      0.1216900      0.1217000      0.1217100      0.1217300      0.1217500      0.1217700      0.1218000      0.1218400      0.1218700      0.1219100      0.1219600      0.1220000      0.1220600      0.1221100      0.1221700      0.1222300      0.1223000      0.1223600      0.1224400      0.1225100      0.1225900      0.1226700    
  0.1202700      0.1202400      0.1202200      0.1202000      0.1201900      0.1201800      0.1201700      0.1201700      0.1201700      0.1201800      0.1201900      0.1202000      0.1202200      0.1202500      0.1202700      0.1203100      0.1203400      0.1203800      0.1204300      0.1204800      0.1205300      0.1205800      0.1206400      0.1207100      0.1207700      0.1208500      0.1209200      0.1210000      0.1210800      0.1211600    
  0.1187700      0.1187400      0.1187100      0.1186900      0.1186700      0.1186600      0.1186500      0.1186500      0.1186500      0.1186500      0.1186600      0.1186800      0.1187000      0.1187200      0.1187500      0.1187800      0.1188100      0.1188500      0.1189000      0.1189500      0.1190000      0.1190600      0.1191200      0.1191800      0.1192500      0.1193300      0.1194000      0.1194800      0.1195700      0.1196600    
  0.1187700      0.1187400      0.1183300      0.1171800      0.1171600      0.1171500      0.1171400      0.1171300      0.1171300      0.1171300      0.1171400      0.1171500      0.1171700      0.1171900      0.1172200      0.1172500      0.1172900      0.1173300      0.1173700      0.1174200      0.1174700      0.1175300      0.1175900      0.1176600      0.1177300      0.1178100      0.1178900      0.1179700      0.1180600      0.1181500    
  0.1187710      0.1182550      0.1171800      0.1160320      0.1156500      0.1156300      0.1156200      0.1156100      0.1156100      0.1156100      0.1156200      0.1156300      0.1156500      0.1156700      0.1156900      0.1157200      0.1157600      0.1158000      0.1158400      0.1158900      0.1159500      0.1160100      0.1160700      0.1161400      0.1162100      0.1162900      0.1163700      0.1164500      0.1165500      0.1166400    
  0.1182530      0.1171800      0.1155620      0.1148950      0.1141400      0.1141200      0.1141100      0.1141000      0.1140900      0.1140900      0.1141000      0.1141100      0.1141200      0.1141400      0.1141700      0.1142000      0.1142300      0.1142700      0.1143200      0.1143700      0.1144200      0.1144800      0.1145500      0.1146100      0.1146900      0.1147700      0.1148500      0.1149400      0.1150300      0.1151300    
  0.1171800      0.1153500      0.1145170      0.1141400      0.1136230      0.1126100      0.1125900      0.1125800      0.1125700      0.1125700      0.1125800      0.1125800      0.1126000      0.1126200      0.1126400      0.1126700      0.1127000      0.1127400      0.1127900      0.1128400      0.1129000      0.1129600      0.1130200      0.1130900      0.1131700      0.1132500      0.1133400      0.1134300      0.1135200      0.1136300    
  0.1152500      0.1143290      0.1141400      0.1134580      0.1126100      0.1120930      0.1110800      0.1110700      0.1110600      0.1110600      0.1110600      0.1110600      0.1110800      0.1110900      0.1111200      0.1111500      0.1111800      0.1112200      0.1112600      0.1113100      0.1113700      0.1114300      0.1115000      0.1115700      0.1116500      0.1117300      0.1118200      0.1119200      0.1120200      0.1121200    
  0.1142340      0.1141400      0.1134030      0.1126100      0.1119280      0.1110800      0.1110750      0.1110700      0.1106830      0.1095400      0.1095400      0.1095400      0.1095600      0.1095700      0.1095900      0.1096200      0.1096600      0.1096900      0.1097400      0.1097900      0.1098500      0.1099100      0.1099800      0.1100500      0.1101300      0.1102200      0.1103100      0.1104100      0.1105100      0.1106200    
  0.1141400      0.1133840      0.1126100      0.1118730      0.1110800      0.1110780      0.1110750      0.1105920      0.1095400      0.1095400      0.1086320      0.1080300      0.1080400      0.1080500      0.1080700      0.1081000      0.1081300      0.1081700      0.1082200      0.1082700      0.1083300      0.1083900      0.1084600      0.1085400      0.1086200      0.1087100      0.1088000      0.1089000      0.1090000      0.1091100    
  0.1133780      0.1126100      0.1118540      0.1110800      0.1110790      0.1110780      0.1105710      0.1095400      0.1095400      0.1082980      0.1072700      0.1065100      0.1065200      0.1065300      0.1065500      0.1065800      0.1066100      0.1066500      0.1067000      0.1067500      0.1068100      0.1068700      0.1069400      0.1070200      0.1071000      0.1071900      0.1072900      0.1073900      0.1075000      0.1076100    
  0.1126100      0.1118480      0.1110800      0.1110790      0.1110790      0.1105670      0.1095400      0.1095400      0.1081560      0.1068900      0.1065100      0.1065150      0.1061450      0.1050200      0.1050400      0.1050600      0.1050900      0.1051300      0.1051800      0.1052300      0.1052900      0.1053500      0.1054300      0.1055100      0.1055900      0.1056800      0.1057800      0.1058900      0.1060000      0.1061100    
  0.1118460      0.1110800      0.1110800      0.1110790      0.1105660      0.1095400      0.1095400      0.1080890      0.1067000      0.1065100      0.1065130      0.1060470      0.1050200      0.1050300      0.1050400      0.1050630      0.1050930      0.1051330      0.1042900      0.1037100      0.1037700      0.1038400      0.1039100      0.1039900      0.1040800      0.1041700      0.1042800      0.1043800      0.1045000      0.1046200    
  0.1110800      0.1110800      0.1110800      0.1105660      0.1095400      0.1095400      0.1080570      0.1066050      0.1065100      0.1065110      0.1060220      0.1050200      0.1050250      0.1050300      0.1050440      0.1050660      0.1050970      0.1039340      0.1029550      0.1022000      0.1022600      0.1023300      0.1024000      0.1024800      0.1025700      0.1026700      0.1027700      0.1028800      0.1030000      0.1031200    
  0.1110800      0.1110800      0.1105660      0.1095400      0.1095400      0.1080410      0.1065580      0.1065100      0.1065110      0.1060160      0.1050200      0.1050230      0.1050250      0.1050330      0.1050470      0.1050690      0.1037750      0.1025780      0.1022000      0.1017370      0.1007500      0.1008200      0.1008900      0.1009800      0.1010700      0.1011700      0.1012700      0.1013800      0.1015000      0.1016300    
  0.1110800      0.1105670      0.1095400      0.1095400      0.1080330      0.1065340      0.1065100      0.1065100      0.1060140      0.1050200      0.1050210      0.1050230      0.1050270      0.1050350      0.1050500      0.1027940      0.1023890      0.1022000      0.1000420      0.9924500E-01  0.9928600E-01  0.9931000E-01  0.9939000E-01  0.9947000E-01  0.9956000E-01  0.9967000E-01  0.9977000E-01  0.9989000E-01  0.1000100      0.1001400    
  0.1105670      0.1095400      0.1095400      0.1080290      0.1065220      0.1065100      0.1065100      0.1060140      0.1050200      0.1050210      0.1050210      0.1050240      0.1050280      0.1013150      0.9898690E-01  0.9769080E-01  0.9769000E-01  0.9761960E-01  0.9748890E-01  0.9698500E-01  0.9774000E-01  0.9781000E-01  0.9788000E-01  0.9797000E-01  0.9807000E-01  0.9817000E-01  0.9828000E-01  0.9840000E-01  0.9852000E-01  0.9866000E-01
  0.1095400      0.1095400      0.1080270      0.1065160      0.1065100      0.1065100      0.1060130      0.1050200      0.1050200      0.1050210      0.1050220      0.1050240      0.9830570E-01  0.9010370E-01  0.9015000E-01  0.9320250E-01  0.9299380E-01  0.9318000E-01  0.9518730E-01  0.9623670E-01  0.9623000E-01  0.9630000E-01  0.9638000E-01  0.9647000E-01  0.9657000E-01  0.9667000E-01  0.9679000E-01  0.9691000E-01  0.9704000E-01  0.9717000E-01
  0.1095400      0.1080260      0.1065130      0.1065100      0.1065100      0.1060130      0.1050200      0.1050200      0.1050200      0.1050210      0.9728530E-01  0.8568000E-01  0.8859100E-01  0.9005750E-01  0.9005750E-01  0.9015000E-01  0.9197630E-01  0.9280750E-01  0.9318000E-01  0.9434750E-01  0.9474000E-01  0.9481000E-01  0.9489000E-01  0.9498000E-01  0.9508000E-01  0.9518000E-01  0.9530000E-01  0.9542000E-01  0.9556000E-01  0.9570000E-01
  0.1080250      0.1065110      0.1065100      0.1065100      0.1060130      0.1050200      0.1050200      0.1050200      0.1050200      0.9573730E-01  0.8568000E-01  0.8568000E-01  0.8568000E-01  0.8852270E-01  0.8996500E-01  0.8996500E-01  0.9015000E-01  0.9176750E-01  0.9243500E-01  0.9318000E-01  0.9324000E-01  0.9331000E-01  0.9340000E-01  0.9349000E-01  0.9359000E-01  0.9370000E-01  0.9382000E-01  0.9394000E-01  0.9408000E-01  0.9422000E-01
  0.1065110      0.1065100      0.1065100      0.1060130      0.1050200      0.1050200      0.1050200      0.9836520E-01  0.9218270E-01  0.8567600E-01  0.8568000E-01  0.8568000E-01  0.8568000E-01  0.8568000E-01  0.8838840E-01  0.8978000E-01  0.8978000E-01  0.9015000E-01  0.9130500E-01  0.9169000E-01  0.9175000E-01  0.9183000E-01  0.9191000E-01  0.9200000E-01  0.9210000E-01  0.9222000E-01  0.9234000E-01  0.9247000E-01  0.9261000E-01  0.9275000E-01
  0.1065100      0.1065100      0.1060130      0.1050200      0.1050200      0.9379950E-01  0.7697000E-01  0.7768500E-01  0.7840000E-01  0.8324250E-01  0.8566800E-01  0.8568000E-01  0.8568000E-01  0.8568000E-01  0.8568000E-01  0.8812840E-01  0.8941000E-01  0.8941000E-01  0.9015000E-01  0.9020000E-01  0.9027000E-01  0.9034000E-01  0.9043000E-01  0.9052000E-01  0.9062000E-01  0.9074000E-01  0.9086000E-01  0.9100000E-01  0.9114000E-01  0.9129000E-01
  0.1065100      0.1060130      0.1050200      0.1050200      0.9155370E-01  0.7696720E-01  0.7696720E-01  0.7697000E-01  0.7768490E-01  0.7840000E-01  0.8322190E-01  0.8564410E-01  0.8568000E-01  0.8568000E-01  0.8568000E-01  0.8568000E-01  0.8764380E-01  0.8867000E-01  0.8867000E-01  0.8872000E-01  0.8879000E-01  0.8886000E-01  0.8895000E-01  0.8904000E-01  0.8915000E-01  0.8927000E-01  0.8939000E-01  0.8953000E-01  0.8968000E-01  0.8983000E-01
