iMOD/TUTORIALS/TUT_MetaswapAnalyser/model_MetaSWAP/meteo/Evaporation/Evaporation_20060812_L1.ASC
NCOLS                30
NROWS                30
XLLCORNER     160000.00
YLLCORNER     340000.00
CELLSIZE        1000.00
NODATA_VALUE   -9999.00
   2.167500       2.166240       2.164880       2.163440       2.161910       2.160310       2.158630       2.156880       2.155070       2.153210       2.151290       2.149320       2.147300       2.145250       2.143160       2.141040       2.138880       2.136700       2.134500       2.132280       2.130040       2.127790       2.125520       2.123250       2.120970       2.118690       2.116400       2.114120       2.111840       2.109560    
   2.168550       2.167280       2.165910       2.164460       2.162930       2.161320       2.159640       2.157890       2.156080       2.154210       2.152290       2.150320       2.148310       2.146260       2.144170       2.142050       2.139900       2.137720       2.135520       2.133300       2.131060       2.128820       2.126550       2.124290       2.122010       2.119730       2.117460       2.115180       2.112900       2.110630    
   2.169510       2.168220       2.166850       2.165390       2.163850       2.162240       2.160560       2.158810       2.157000       2.155130       2.153210       2.151240       2.149230       2.147180       2.145090       2.142970       2.140820       2.138650       2.136450       2.134240       2.132010       2.129760       2.127510       2.125250       2.122980       2.120700       2.118430       2.116160       2.113890       2.111630    
   2.170390       2.169090       2.167700       2.166240       2.164690       2.163070       2.161390       2.159640       2.157830       2.155960       2.154040       2.152070       2.150060       2.148020       2.145930       2.143810       2.141670       2.139500       2.137310       2.135100       2.132870       2.130630       2.128380       2.126130       2.123870       2.121600       2.119340       2.117070       2.114810       2.112560    
   2.171180       2.169870       2.168470       2.167000       2.165450       2.163830       2.162140       2.160380       2.158570       2.156710       2.154790       2.152820       2.150820       2.148770       2.146690       2.144580       2.142440       2.140270       2.138080       2.135880       2.133660       2.131430       2.129190       2.126940       2.124680       2.122430       2.120170       2.117910       2.115660       2.113420    
   2.171900       2.170570       2.169170       2.167680       2.166130       2.164500       2.162810       2.161050       2.159240       2.157370       2.155460       2.153490       2.151490       2.149450       2.147370       2.145260       2.143130       2.140970       2.138790       2.136590       2.134370       2.132150       2.129910       2.127670       2.125430       2.123180       2.120930       2.118690       2.116450       2.114210    
   2.172540       2.171200       2.169790       2.168290       2.166730       2.165100       2.163400       2.161650       2.159830       2.157970       2.156050       2.154090       2.152090       2.150050       2.147970       2.145870       2.143740       2.141590       2.139410       2.137220       2.135020       2.132800       2.130570       2.128340       2.126100       2.123870       2.121630       2.119400       2.117170       2.114940    
   2.173110       2.171760       2.170330       2.168830       2.167260       2.165630       2.163930       2.162170       2.160350       2.158480       2.156570       2.154610       2.152610       2.150570       2.148510       2.146410       2.144280       2.142140       2.139970       2.137780       2.135590       2.133380       2.131160       2.128940       2.126710       2.124490       2.122260       2.120040       2.117820       2.115610    
   2.173610       2.172250       2.170810       2.169300       2.167730       2.166080       2.164380       2.162620       2.160800       2.158930       2.157020       2.155060       2.153060       2.151030       2.148970       2.146870       2.144760       2.142620       2.140460       2.138280       2.136090       2.133890       2.131680       2.129470       2.127260       2.125040       2.122830       2.120620       2.118410       2.116210    
   2.174050       2.172670       2.171220       2.169710       2.168120       2.166470       2.164770       2.163000       2.161180       2.159310       2.157400       2.155450       2.153450       2.151420       2.149360       2.147280       2.145160       2.143030       2.140880       2.138710       2.136530       2.134340       2.132140       2.129940       2.127740       2.125540       2.123330       2.121140       2.118950       2.116760    
   2.174020       2.172650       2.170910       2.170050       2.168460       2.166800       2.165090       2.163320       2.161500       2.159630       2.157720       2.155770       2.153770       2.151750       2.149690       2.147610       2.145510       2.143380       2.141230       2.139080       2.136910       2.134730       2.132540       2.130350       2.128160       2.125970       2.123780       2.121600       2.119420       2.117250    
   2.174000       2.171910       2.170050       2.169050       2.168730       2.167070       2.165350       2.163580       2.161760       2.159890       2.157980       2.156020       2.154030       2.152010       2.149960       2.147890       2.145790       2.143670       2.141530       2.139380       2.137220       2.135050       2.132880       2.130700       2.128520       2.126340       2.124170       2.122000       2.119840       2.117680    
   2.172810       2.170050       2.169220       2.168840       2.168950       2.167280       2.165560       2.163780       2.161960       2.160090       2.158170       2.156220       2.154240       2.152220       2.150170       2.148100       2.146010       2.143900       2.141770       2.139630       2.137480       2.135320       2.133160       2.130990       2.128830       2.126660       2.124500       2.122350       2.120200       2.118060    
   2.170050       2.169280       2.168900       2.168950       2.167890       2.167440       2.165710       2.163930       2.162100       2.160230       2.158320       2.156370       2.154380       2.152370       2.150330       2.148260       2.146170       2.144070       2.141950       2.139820       2.137680       2.135530       2.133380       2.131230       2.129080       2.126930       2.124780       2.122640       2.120510       2.118390    
   2.169300       2.168920       2.168950       2.168090       2.167440       2.166320       2.165810       2.164020       2.162190       2.160320       2.158400       2.156460       2.154470       2.152460       2.150430       2.148360       2.146280       2.144190       2.142080       2.139960       2.137830       2.135690       2.133550       2.131410       2.129280       2.127140       2.125010       2.122890       2.120780       2.118670    
   2.168940       2.168950       2.168160       2.167440       2.166520       2.165810       2.164920       2.164010       2.161720       2.160360       2.158440       2.156490       2.154510       2.152510       2.150470       2.148420       2.146340       2.144260       2.142150       2.140040       2.137920       2.135800       2.133670       2.131550       2.129420       2.127300       2.125190       2.123090       2.120990       2.118900    
   2.168950       2.168180       2.167440       2.166590       2.165810       2.165360       2.164910       2.162750       2.160360       2.159400       2.157640       2.156490       2.154510       2.152500       2.150470       2.148420       2.146350       2.144270       2.142180       2.140080       2.137970       2.135860       2.133740       2.131630       2.129520       2.127420       2.125320       2.123230       2.121160       2.119090    
   2.168190       2.167440       2.166610       2.165810       2.165590       2.165360       2.163350       2.160360       2.159880       2.158060       2.156460       2.156430       2.154450       2.152450       2.150420       2.148380       2.146320       2.144240       2.142160       2.140070       2.137970       2.135870       2.133770       2.131670       2.129580       2.127490       2.125410       2.123340       2.121280       2.119230    
   2.167440       2.166620       2.165810       2.165700       2.165590       2.163660       2.160360       2.160120       2.158230       2.156450       2.156430       2.155440       2.153920       2.152360       2.150330       2.148290       2.146240       2.144170       2.142090       2.140010       2.137930       2.135840       2.133750       2.131670       2.129590       2.127520       2.125450       2.123400       2.121360       2.119330    
   2.166620       2.165810       2.165750       2.165700       2.163830       2.160360       2.160240       2.158320       2.156440       2.156430       2.155930       2.154540       2.152360       2.151350       2.150330       2.148290       2.146230       2.144170       2.141190       2.139910       2.137840       2.135760       2.133690       2.131620       2.129560       2.127500       2.125460       2.123420       2.121400       2.119390    
   2.165810       2.165780       2.165750       2.163910       2.160360       2.160300       2.158360       2.156430       2.156430       2.156180       2.154820       2.152360       2.151850       2.151340       2.149990       2.148280       2.146230       2.142240       2.139840       2.139780       2.137710       2.135650       2.133590       2.131530       2.129490       2.127450       2.125420       2.123410       2.121400       2.119410    
   2.165800       2.165780       2.163950       2.160360       2.160330       2.158380       2.156430       2.156430       2.156310       2.154950       2.152360       2.152110       2.151850       2.151060       2.149870       2.148170       2.143270       2.139810       2.139780       2.138350       2.137550       2.135500       2.133450       2.131410       2.129380       2.127360       2.125350       2.123350       2.121370       2.119400    
   2.165800       2.163970       2.160360       2.160350       2.158390       2.156430       2.156430       2.156370       2.155010       2.152360       2.152230       2.152110       2.151670       2.150930       2.149700       2.144020       2.139800       2.139780       2.138110       2.137340       2.136110       2.135310       2.133280       2.131250       2.129240       2.127230       2.125240       2.123270       2.121300       2.119360    
   2.163980       2.160360       2.160350       2.158390       2.156430       2.156430       2.156400       2.155040       2.152360       2.152300       2.152230       2.152000       2.151570       2.147950       2.143670       2.139000       2.139010       2.138090       2.137050       2.136990       2.137120       2.135090       2.133070       2.131060       2.129060       2.127080       2.125110       2.123150       2.121210       2.119280    
   2.160360       2.160360       2.158390       2.156430       2.156430       2.156410       2.155060       2.152360       2.152330       2.152300       2.152180       2.151940       2.146100       2.139500       2.139510       2.138830       2.138200       2.138240       2.137260       2.136840       2.136850       2.134840       2.132830       2.130840       2.128860       2.126890       2.124940       2.123000       2.121080       2.119180    
   2.160360       2.158390       2.156430       2.156430       2.156420       2.155070       2.152360       2.152340       2.152330       2.152270       2.147390       2.140260       2.139740       2.139490       2.139490       2.139510       2.138610       2.138150       2.138240       2.136970       2.136560       2.134560       2.132570       2.130590       2.128620       2.126670       2.124740       2.122830       2.120930       2.119050    
   2.158390       2.156430       2.156430       2.156430       2.155070       2.152360       2.152350       2.152340       2.152310       2.146500       2.140260       2.140260       2.140260       2.139720       2.139460       2.139460       2.139510       2.138530       2.138070       2.138240       2.136240       2.134250       2.132280       2.130310       2.128360       2.126430       2.124520       2.122630       2.120750       2.118890    
   2.156430       2.156430       2.156430       2.155070       2.152360       2.152360       2.152350       2.149260       2.145270       2.140260       2.140260       2.140260       2.140260       2.140260       2.139680       2.139410       2.139410       2.139510       2.138290       2.137890       2.135900       2.133920       2.131960       2.130010       2.128080       2.126170       2.124280       2.122400       2.120550       2.118720    
   2.156430       2.156430       2.155070       2.152360       2.152360       2.148050       2.141590       2.140810       2.140020       2.140180       2.140260       2.140260       2.140260       2.140260       2.140260       2.139610       2.139310       2.139320       2.139510       2.137520       2.135540       2.133570       2.131620       2.129690       2.127780       2.125880       2.124010       2.122160       2.120330       2.118520    
   2.156430       2.155070       2.152360       2.152360       2.147190       2.141590       2.141590       2.141590       2.140800       2.140020       2.140170       2.140250       2.140260       2.140260       2.140260       2.140260       2.139440       2.139110       2.139120       2.137130       2.135160       2.133200       2.131270       2.129350       2.127460       2.125580       2.123730       2.121900       2.120100       2.118310    
