iMOD/TUTORIALS/TUT_MetaswapAnalyser/model_MetaSWAP/meteo/Evaporation/Evaporation_20060426_L1.ASC
NCOLS                30
NROWS                30
XLLCORNER     160000.00
YLLCORNER     340000.00
CELLSIZE        1000.00
NODATA_VALUE   -9999.00
   1.784680       1.771640       1.758590       1.745530       1.732490       1.719460       1.706450       1.693480       1.680540       1.667640       1.654790       1.642010       1.629280       1.616620       1.604040       1.591530       1.579110       1.566770       1.554520       1.542370       1.530310       1.518350       1.506500       1.494750       1.483100       1.471560       1.460140       1.448820       1.437610       1.426510    
   1.783270       1.770280       1.757270       1.744270       1.731270       1.718290       1.705340       1.692410       1.679510       1.666660       1.653860       1.641120       1.628430       1.615810       1.603260       1.590790       1.578400       1.566090       1.553880       1.541750       1.529720       1.517780       1.505950       1.494220       1.482590       1.471070       1.459650       1.448350       1.437150       1.426060    
   1.781800       1.768850       1.755900       1.742940       1.730000       1.717060       1.704150       1.691270       1.678420       1.665620       1.652860       1.640160       1.627510       1.614930       1.602420       1.589990       1.577630       1.565360       1.553170       1.541070       1.529060       1.517150       1.505340       1.493630       1.482020       1.470520       1.459120       1.447820       1.436640       1.425560    
   1.780280       1.767370       1.754460       1.741560       1.728660       1.715770       1.702910       1.690070       1.677270       1.664510       1.651800       1.639140       1.626530       1.613990       1.601520       1.589120       1.576800       1.564550       1.552400       1.540330       1.528350       1.516460       1.504670       1.492990       1.481400       1.469910       1.458530       1.447250       1.436080       1.425010    
   1.778700       1.765840       1.752970       1.740110       1.727260       1.714420       1.701610       1.688820       1.676060       1.663340       1.650670       1.638050       1.625490       1.612990       1.600550       1.588190       1.575900       1.563690       1.551560       1.539520       1.527570       1.515710       1.503950       1.492280       1.480710       1.469250       1.457880       1.446620       1.435460       1.424410    
   1.777070       1.764250       1.751430       1.738620       1.725810       1.713020       1.700250       1.687500       1.674790       1.662120       1.649490       1.636910       1.624390       1.611930       1.599530       1.587200       1.574950       1.562770       1.550670       1.538660       1.526740       1.514910       1.503170       1.491530       1.479980       1.468530       1.457190       1.445940       1.434800       1.423760    
   1.775400       1.762620       1.749840       1.737070       1.724310       1.711560       1.698830       1.686130       1.673460       1.660830       1.648250       1.635710       1.623230       1.610810       1.598450       1.586150       1.573930       1.561790       1.549730       1.537750       1.525850       1.514050       1.502330       1.490710       1.479190       1.467760       1.456440       1.445210       1.434090       1.423060    
   1.773670       1.760940       1.748200       1.735480       1.722760       1.710050       1.697370       1.684710       1.672090       1.659500       1.646950       1.634460       1.622010       1.609630       1.597310       1.585050       1.572870       1.560760       1.548720       1.536770       1.524910       1.513130       1.501450       1.489850       1.478350       1.466950       1.455640       1.444430       1.433330       1.422320    
   1.771910       1.759220       1.746520       1.733830       1.721160       1.708490       1.695850       1.683240       1.670660       1.658110       1.645610       1.633150       1.620750       1.608400       1.596110       1.583890       1.571740       1.559670       1.547670       1.535750       1.523920       1.512170       1.500510       1.488940       1.477460       1.466080       1.454800       1.443610       1.432520       1.421530    
   1.770100       1.757450       1.744800       1.732150       1.719510       1.706890       1.694290       1.681720       1.669180       1.656670       1.644210       1.631790       1.619430       1.607120       1.594870       1.582690       1.570570       1.558530       1.546560       1.534670       1.522870       1.511150       1.499520       1.487970       1.476520       1.465160       1.453900       1.442740       1.431670       1.420700    
   1.770100       1.757450       1.741200       1.730420       1.717830       1.705250       1.692690       1.680160       1.667660       1.655190       1.642770       1.630390       1.618060       1.605790       1.593580       1.581430       1.569350       1.557340       1.545410       1.533550       1.521780       1.510080       1.498480       1.486960       1.475540       1.464200       1.452960       1.441820       1.430770       1.419820    
   1.770100       1.749790       1.730420       1.719670       1.716100       1.703560       1.691040       1.678550       1.666090       1.653660       1.641280       1.628940       1.616650       1.604420       1.592240       1.580130       1.568080       1.556100       1.544200       1.532380       1.520630       1.508970       1.497390       1.485910       1.474510       1.463200       1.451980       1.440860       1.429840       1.418910    
   1.758270       1.730420       1.719910       1.715220       1.714340       1.701840       1.689360       1.676900       1.664480       1.652090       1.639750       1.627450       1.615190       1.603000       1.590860       1.578780       1.566770       1.554820       1.542950       1.531160       1.519450       1.507810       1.496270       1.484800       1.473430       1.462150       1.450960       1.439860       1.428860       1.417950    
   1.730420       1.719860       1.714780       1.714340       1.705420       1.700070       1.687630       1.675220       1.662830       1.650480       1.638170       1.625910       1.613690       1.601530       1.589430       1.577390       1.565410       1.553500       1.541660       1.529900       1.518220       1.506610       1.495090       1.483660       1.472310       1.461060       1.449890       1.438820       1.427840       1.416950    
   1.719800       1.714560       1.714340       1.706610       1.700070       1.691190       1.685870       1.673500       1.661150       1.648840       1.636560       1.624340       1.612160       1.600030       1.587960       1.575950       1.564010       1.552130       1.540330       1.528600       1.516940       1.505370       1.493880       1.482480       1.471160       1.459930       1.448790       1.437740       1.426780       1.415920    
   1.714450       1.714340       1.707010       1.700070       1.692380       1.685870       1.679680       1.673510       1.657660       1.647150       1.634920       1.622720       1.610580       1.598490       1.586450       1.574480       1.562570       1.550720       1.538950       1.527250       1.515630       1.504090       1.492630       1.481250       1.469960       1.458760       1.447640       1.436620       1.425690       1.414850    
   1.714340       1.707140       1.700070       1.692770       1.685870       1.682780       1.679690       1.664500       1.647150       1.641040       1.629050       1.621080       1.608970       1.596910       1.584910       1.572970       1.561090       1.549280       1.537540       1.525870       1.514280       1.502770       1.491340       1.479990       1.468730       1.457550       1.446460       1.435470       1.424560       1.413740    
   1.707180       1.700070       1.692900       1.685870       1.684320       1.682780       1.668530       1.647150       1.644090       1.631380       1.620240       1.619400       1.607320       1.595300       1.583330       1.571420       1.559580       1.547800       1.536090       1.524460       1.512900       1.501410       1.490010       1.478690       1.467460       1.456310       1.445250       1.434280       1.423390       1.412600    
   1.700070       1.692950       1.685870       1.685100       1.684320       1.670700       1.647150       1.645620       1.632370       1.619820       1.619400       1.613360       1.603920       1.593660       1.581720       1.569850       1.558030       1.546290       1.534610       1.523000       1.511480       1.500020       1.488650       1.477360       1.466160       1.455040       1.444000       1.433060       1.422200       1.411430    
   1.692960       1.685870       1.685480       1.685100       1.671820       1.647150       1.646390       1.632830       1.619610       1.619400       1.616380       1.607580       1.593660       1.587690       1.581740       1.569870       1.558060       1.546310       1.529090       1.521520       1.510020       1.498600       1.487260       1.476000       1.464820       1.453730       1.442720       1.431800       1.420970       1.410230    
   1.685870       1.685680       1.685480       1.672390       1.647150       1.646770       1.633050       1.619510       1.619400       1.617890       1.609260       1.593660       1.590670       1.587700       1.579770       1.569890       1.558080       1.534850       1.520770       1.520010       1.508540       1.497150       1.485830       1.474600       1.463450       1.452390       1.441410       1.430520       1.419720       1.409010    
   1.685770       1.685680       1.672670       1.647150       1.646960       1.633160       1.619450       1.619400       1.618640       1.610050       1.593660       1.592170       1.590680       1.586050       1.579120       1.569240       1.540640       1.520390       1.520010       1.511860       1.507030       1.495660       1.484380       1.473180       1.462060       1.451030       1.440080       1.429220       1.418440       1.407750    
   1.685770       1.672820       1.647150       1.647050       1.633220       1.619430       1.619400       1.619020       1.610440       1.593660       1.592910       1.592170       1.589630       1.585280       1.578140       1.544880       1.520200       1.520010       1.510120       1.505480       1.498680       1.494150       1.482900       1.471730       1.460640       1.449630       1.438710       1.427880       1.417130       1.406470    
   1.672890       1.647150       1.647100       1.633250       1.619410       1.619400       1.619210       1.610630       1.593660       1.593290       1.592910       1.591570       1.589030       1.567840       1.542660       1.515190       1.515200       1.509780       1.503640       1.503120       1.503920       1.492620       1.481400       1.470250       1.459190       1.448220       1.437330       1.426520       1.415800       1.405170    
   1.647150       1.647130       1.633260       1.619410       1.619400       1.619310       1.610730       1.593660       1.593470       1.593290       1.592590       1.591170       1.556990       1.518280       1.518330       1.514120       1.510180       1.510390       1.504740       1.502320       1.502330       1.491060       1.479870       1.468760       1.457720       1.446780       1.435920       1.425140       1.414450       1.403850    
   1.647140       1.633270       1.619400       1.619400       1.619350       1.610770       1.593660       1.593570       1.593470       1.593120       1.565180       1.524420       1.520280       1.518220       1.518220       1.518330       1.512760       1.509970       1.510390       1.503130       1.500720       1.489480       1.478320       1.467240       1.456230       1.445320       1.434490       1.423740       1.413080       1.402510    
   1.633270       1.619400       1.619400       1.619380       1.610800       1.593660       1.593610       1.593570       1.593390       1.560120       1.524420       1.524420       1.524420       1.520200       1.518110       1.518110       1.518330       1.512350       1.509550       1.510390       1.499100       1.487880       1.476750       1.465700       1.454730       1.443840       1.433040       1.422320       1.411690       1.401140    
   1.619400       1.619400       1.619390       1.610810       1.593660       1.593640       1.593610       1.576840       1.553910       1.524420       1.524420       1.524420       1.524420       1.524420       1.520030       1.517900       1.517900       1.518330       1.511110       1.508710       1.497450       1.486270       1.475160       1.464140       1.453200       1.442340       1.431570       1.420880       1.410280       1.399770    
   1.619400       1.619390       1.610810       1.593660       1.593650       1.570710       1.536310       1.531550       1.526790       1.525200       1.524410       1.524420       1.524420       1.524420       1.524420       1.519680       1.517460       1.517460       1.518330       1.507020       1.495790       1.484630       1.473560       1.462570       1.451660       1.440830       1.430090       1.419430       1.408860       1.398380    
   1.619400       1.610820       1.593660       1.593650       1.566120       1.536310       1.536310       1.536310       1.531550       1.526790       1.525170       1.524380       1.524420       1.524420       1.524420       1.524420       1.518930       1.516600       1.516600       1.505320       1.494120       1.482990       1.471940       1.460980       1.450100       1.439310       1.428600       1.417970       1.407430       1.396980    
