iMOD/TUTORIALS/TUT_MetaswapAnalyser/model_MetaSWAP/meteo/Evaporation/Evaporation_20061123_L1.ASC
NCOLS                30
NROWS                30
XLLCORNER     160000.00
YLLCORNER     340000.00
CELLSIZE        1000.00
NODATA_VALUE   -9999.00
  0.1507300      0.1507400      0.1507500      0.1507600      0.1507800      0.1507900      0.1508100      0.1508300      0.1508500      0.1508800      0.1509000      0.1509200      0.1509400      0.1509600      0.1509800      0.1509900      0.1510100      0.1510200      0.1510200      0.1510300      0.1510300      0.1510300      0.1510200      0.1510100      0.1509900      0.1509700      0.1509500      0.1509200      0.1508800      0.1508400    
  0.1519100      0.1519200      0.1519300      0.1519500      0.1519700      0.1519900      0.1520100      0.1520300      0.1520500      0.1520700      0.1521000      0.1521200      0.1521400      0.1521600      0.1521800      0.1521900      0.1522100      0.1522200      0.1522200      0.1522300      0.1522300      0.1522200      0.1522100      0.1522000      0.1521800      0.1521600      0.1521300      0.1521000      0.1520600      0.1520200    
  0.1531000      0.1531100      0.1531300      0.1531500      0.1531600      0.1531900      0.1532100      0.1532300      0.1532600      0.1532800      0.1533000      0.1533300      0.1533500      0.1533700      0.1533900      0.1534000      0.1534200      0.1534200      0.1534300      0.1534300      0.1534300      0.1534300      0.1534200      0.1534000      0.1533800      0.1533600      0.1533300      0.1532900      0.1532500      0.1532100    
  0.1543000      0.1543100      0.1543300      0.1543500      0.1543700      0.1543900      0.1544200      0.1544400      0.1544700      0.1544900      0.1545200      0.1545400      0.1545700      0.1545900      0.1546000      0.1546200      0.1546300      0.1546400      0.1546500      0.1546500      0.1546400      0.1546400      0.1546300      0.1546100      0.1545900      0.1545600      0.1545300      0.1544900      0.1544500      0.1544000    
  0.1555100      0.1555200      0.1555400      0.1555600      0.1555900      0.1556100      0.1556400      0.1556600      0.1556900      0.1557200      0.1557400      0.1557700      0.1557900      0.1558100      0.1558300      0.1558400      0.1558500      0.1558600      0.1558700      0.1558700      0.1558600      0.1558600      0.1558400      0.1558200      0.1558000      0.1557700      0.1557300      0.1556900      0.1556500      0.1556000    
  0.1567200      0.1567400      0.1567600      0.1567800      0.1568100      0.1568300      0.1568600      0.1568900      0.1569200      0.1569400      0.1569700      0.1570000      0.1570200      0.1570400      0.1570600      0.1570700      0.1570800      0.1570900      0.1571000      0.1571000      0.1570900      0.1570800      0.1570600      0.1570400      0.1570200      0.1569900      0.1569500      0.1569000      0.1568500      0.1568000    
  0.1579300      0.1579600      0.1579800      0.1580100      0.1580300      0.1580600      0.1580900      0.1581200      0.1581500      0.1581800      0.1582100      0.1582300      0.1582500      0.1582800      0.1582900      0.1583100      0.1583200      0.1583300      0.1583300      0.1583300      0.1583200      0.1583100      0.1582900      0.1582700      0.1582400      0.1582100      0.1581700      0.1581200      0.1580700      0.1580100    
  0.1591600      0.1591800      0.1592100      0.1592400      0.1592700      0.1593000      0.1593300      0.1593600      0.1593900      0.1594200      0.1594500      0.1594700      0.1595000      0.1595200      0.1595400      0.1595500      0.1595600      0.1595700      0.1595700      0.1595700      0.1595600      0.1595500      0.1595300      0.1595000      0.1594700      0.1594300      0.1593900      0.1593400      0.1592800      0.1592200    
  0.1603900      0.1604100      0.1604400      0.1604700      0.1605000      0.1605400      0.1605700      0.1606000      0.1606300      0.1606600      0.1606900      0.1607200      0.1607500      0.1607700      0.1607900      0.1608000      0.1608100      0.1608200      0.1608200      0.1608100      0.1608000      0.1607900      0.1607700      0.1607400      0.1607100      0.1606700      0.1606200      0.1605700      0.1605100      0.1604400    
  0.1616200      0.1616500      0.1616800      0.1617100      0.1617500      0.1617800      0.1618200      0.1618500      0.1618800      0.1619200      0.1619500      0.1619700      0.1620000      0.1620200      0.1620400      0.1620500      0.1620600      0.1620700      0.1620700      0.1620600      0.1620500      0.1620300      0.1620100      0.1619800      0.1619500      0.1619000      0.1618500      0.1618000      0.1617300      0.1616600    
  0.1616200      0.1616500      0.1620000      0.1629600      0.1630000      0.1630300      0.1630700      0.1631000      0.1631400      0.1631700      0.1632000      0.1632300      0.1632600      0.1632800      0.1633000      0.1633100      0.1633200      0.1633300      0.1633200      0.1633200      0.1633100      0.1632900      0.1632600      0.1632300      0.1631900      0.1631400      0.1630900      0.1630300      0.1629600      0.1628900    
  0.1616210      0.1620580      0.1629600      0.1639270      0.1642500      0.1642900      0.1643200      0.1643600      0.1644000      0.1644300      0.1644600      0.1644900      0.1645200      0.1645400      0.1645600      0.1645700      0.1645800      0.1645900      0.1645900      0.1645800      0.1645600      0.1645400      0.1645100      0.1644800      0.1644400      0.1643900      0.1643300      0.1642700      0.1642000      0.1641200    
  0.1620580      0.1629600      0.1643160      0.1648750      0.1655000      0.1655400      0.1655800      0.1656200      0.1656600      0.1657000      0.1657300      0.1657600      0.1657900      0.1658100      0.1658300      0.1658400      0.1658500      0.1658500      0.1658500      0.1658400      0.1658200      0.1658000      0.1657700      0.1657400      0.1656900      0.1656400      0.1655800      0.1655100      0.1654400      0.1653500    
  0.1629600      0.1644910      0.1651880      0.1655000      0.1659470      0.1668000      0.1668500      0.1668900      0.1669300      0.1669600      0.1670000      0.1670300      0.1670600      0.1670800      0.1671000      0.1671100      0.1671200      0.1671200      0.1671200      0.1671100      0.1670900      0.1670600      0.1670300      0.1669900      0.1669500      0.1668900      0.1668300      0.1667600      0.1666800      0.1665900    
  0.1645740      0.1653440      0.1655000      0.1660820      0.1668000      0.1672530      0.1681100      0.1681500      0.1682000      0.1682300      0.1682700      0.1683000      0.1683300      0.1683500      0.1683700      0.1683800      0.1683900      0.1683900      0.1683900      0.1683800      0.1683600      0.1683300      0.1683000      0.1682500      0.1682000      0.1681500      0.1680800      0.1680100      0.1679200      0.1678300    
  0.1654220      0.1655000      0.1661270      0.1668000      0.1673880      0.1681100      0.1681300      0.1681530      0.1685230      0.1695100      0.1695400      0.1695800      0.1696000      0.1696300      0.1696500      0.1696600      0.1696700      0.1696700      0.1696600      0.1696500      0.1696300      0.1696000      0.1695600      0.1695200      0.1694700      0.1694000      0.1693300      0.1692600      0.1691700      0.1690700    
  0.1655000      0.1661420      0.1668000      0.1674330      0.1681100      0.1681200      0.1681310      0.1685790      0.1695100      0.1695250      0.1703220      0.1708500      0.1708800      0.1709100      0.1709300      0.1709400      0.1709500      0.1709500      0.1709400      0.1709200      0.1709000      0.1708700      0.1708300      0.1707900      0.1707300      0.1706600      0.1705900      0.1705100      0.1704200      0.1703200    
  0.1661480      0.1668000      0.1674480      0.1681100      0.1681150      0.1681200      0.1685850      0.1695100      0.1695180      0.1705950      0.1714900      0.1721300      0.1721600      0.1721900      0.1722100      0.1722200      0.1722300      0.1722300      0.1722200      0.1722000      0.1721800      0.1721400      0.1721000      0.1720500      0.1719900      0.1719300      0.1718500      0.1717600      0.1716700      0.1715600    
  0.1668000      0.1674530      0.1681100      0.1681120      0.1681150      0.1685830      0.1695100      0.1695140      0.1707130      0.1718100      0.1721300      0.1721450      0.1724870      0.1734700      0.1734900      0.1735000      0.1735100      0.1735100      0.1735000      0.1734800      0.1734500      0.1734200      0.1733800      0.1733200      0.1732600      0.1731900      0.1731100      0.1730200      0.1729200      0.1728100    
  0.1674540      0.1681100      0.1681110      0.1681130      0.1685800      0.1695100      0.1695120      0.1707670      0.1719700      0.1721300      0.1721370      0.1725580      0.1734700      0.1734800      0.1734870      0.1735000      0.1735070      0.1735070      0.1742580      0.1747600      0.1747300      0.1747000      0.1746500      0.1745900      0.1745300      0.1744500      0.1743700      0.1742700      0.1741700      0.1740500    
  0.1681100      0.1681110      0.1681110      0.1685780      0.1695100      0.1695110      0.1707940      0.1720500      0.1721300      0.1721340      0.1725740      0.1734700      0.1734750      0.1734790      0.1734890      0.1734980      0.1735040      0.1745420      0.1754000      0.1760400      0.1760100      0.1759700      0.1759200      0.1758600      0.1758000      0.1757200      0.1756300      0.1755300      0.1754200      0.1753000    
  0.1681100      0.1681110      0.1685780      0.1695100      0.1695100      0.1708070      0.1720900      0.1721300      0.1721320      0.1725770      0.1734700      0.1734720      0.1734750      0.1734810      0.1734890      0.1734970      0.1746610      0.1757200      0.1760400      0.1764470      0.1772900      0.1772500      0.1772000      0.1771400      0.1770600      0.1769800      0.1768900      0.1767900      0.1766700      0.1765500    
  0.1681100      0.1685770      0.1695100      0.1695100      0.1708130      0.1721100      0.1721300      0.1721310      0.1725770      0.1734700      0.1734710      0.1734720      0.1734760      0.1734810      0.1734890      0.1754800      0.1758800      0.1760400      0.1778830      0.1785650      0.1785400      0.1785200      0.1784700      0.1784100      0.1783300      0.1782500      0.1781500      0.1780400      0.1779200      0.1777900    
  0.1685770      0.1695100      0.1695100      0.1708170      0.1721200      0.1721300      0.1721300      0.1725770      0.1734700      0.1734710      0.1734710      0.1734730      0.1734770      0.1766790      0.1787130      0.1798750      0.1798750      0.1799390      0.1800550      0.1804800      0.1798400      0.1798000      0.1797400      0.1796800      0.1796000      0.1795100      0.1794100      0.1792900      0.1791700      0.1790400    
  0.1695100      0.1695100      0.1708180      0.1721250      0.1721300      0.1721300      0.1725770      0.1734700      0.1734700      0.1734710      0.1734720      0.1734740      0.1792580      0.1863100      0.1862700      0.1836860      0.1838690      0.1837100      0.1820090      0.1811200      0.1811200      0.1810700      0.1810200      0.1809400      0.1808600      0.1807700      0.1806600      0.1805500      0.1804200      0.1802800    
  0.1695100      0.1708190      0.1721280      0.1721300      0.1721300      0.1725770      0.1734700      0.1734700      0.1734700      0.1734710      0.1801110      0.1900700      0.1875960      0.1863490      0.1863490      0.1862700      0.1847280      0.1840270      0.1837100      0.1827250      0.1824000      0.1823500      0.1822800      0.1822100      0.1821300      0.1820300      0.1819200      0.1818000      0.1816600      0.1815200    
  0.1708200      0.1721290      0.1721300      0.1721300      0.1725770      0.1734700      0.1734700      0.1734700      0.1734700      0.1814380      0.1900700      0.1900700      0.1900700      0.1876540      0.1864290      0.1864290      0.1862700      0.1849060      0.1843450      0.1837100      0.1836700      0.1836200      0.1835500      0.1834800      0.1833900      0.1832900      0.1831700      0.1830500      0.1829100      0.1827600    
  0.1721290      0.1721300      0.1721300      0.1725770      0.1734700      0.1734700      0.1734700      0.1791630      0.1844710      0.1900730      0.1900700      0.1900700      0.1900700      0.1900700      0.1877690      0.1865870      0.1865870      0.1862700      0.1853000      0.1849800      0.1849400      0.1848800      0.1848200      0.1847400      0.1846500      0.1845400      0.1844200      0.1842900      0.1841500      0.1839900    
  0.1721300      0.1721300      0.1725770      0.1734700      0.1734700      0.1830540      0.1974300      0.1968350      0.1962400      0.1921360      0.1900800      0.1900700      0.1900700      0.1900700      0.1900700      0.1879920      0.1869040      0.1869050      0.1862700      0.1862400      0.1862000      0.1861500      0.1860800      0.1860000      0.1859000      0.1857900      0.1856700      0.1855300      0.1853800      0.1852200    
  0.1721300      0.1725770      0.1734700      0.1734700      0.1849730      0.1974320      0.1974320      0.1974300      0.1968350      0.1962400      0.1921530      0.1901010      0.1900700      0.1900700      0.1900700      0.1900700      0.1884070      0.1875370      0.1875400      0.1875100      0.1874700      0.1874100      0.1873400      0.1872500      0.1871500      0.1870400      0.1869100      0.1867700      0.1866100      0.1864400    
