iMOD/TUTORIALS/TUT_MetaswapAnalyser/model_MetaSWAP/meteo/Evaporation/Evaporation_20050612_L1.ASC
NCOLS                30
NROWS                30
XLLCORNER     160000.00
YLLCORNER     340000.00
CELLSIZE        1000.00
NODATA_VALUE   -9999.00
   2.733410       2.733860       2.734330       2.734820       2.735320       2.735850       2.736390       2.736960       2.737550       2.738170       2.738810       2.739480       2.740170       2.740890       2.741640       2.742410       2.743220       2.744050       2.744920       2.745810       2.746740       2.747690       2.748680       2.749700       2.750750       2.751840       2.752960       2.754110       2.755290       2.756510    
   2.744330       2.744840       2.745360       2.745890       2.746440       2.747020       2.747610       2.748220       2.748860       2.749510       2.750190       2.750890       2.751620       2.752370       2.753150       2.753950       2.754780       2.755640       2.756530       2.757440       2.758380       2.759360       2.760360       2.761390       2.762450       2.763540       2.764660       2.765820       2.767000       2.768220    
   2.755250       2.755800       2.756370       2.756960       2.757560       2.758180       2.758810       2.759470       2.760140       2.760840       2.761560       2.762300       2.763060       2.763840       2.764650       2.765480       2.766340       2.767220       2.768130       2.769060       2.770020       2.771010       2.772020       2.773070       2.774140       2.775240       2.776360       2.777520       2.778700       2.779920    
   2.766150       2.766760       2.767380       2.768010       2.768660       2.769330       2.770010       2.770710       2.771420       2.772160       2.772910       2.773690       2.774490       2.775300       2.776140       2.777000       2.777880       2.778790       2.779720       2.780670       2.781650       2.782660       2.783680       2.784740       2.785820       2.786920       2.788050       2.789210       2.790400       2.791610    
   2.777040       2.777700       2.778370       2.779060       2.779750       2.780460       2.781190       2.781930       2.782690       2.783470       2.784260       2.785070       2.785900       2.786750       2.787620       2.788510       2.789420       2.790350       2.791300       2.792270       2.793270       2.794290       2.795330       2.796400       2.797480       2.798600       2.799730       2.800900       2.802080       2.803300    
   2.787920       2.788630       2.789350       2.790090       2.790830       2.791590       2.792360       2.793140       2.793940       2.794760       2.795590       2.796440       2.797300       2.798190       2.799090       2.800000       2.800940       2.801890       2.802870       2.803860       2.804880       2.805910       2.806970       2.808040       2.809140       2.810260       2.811400       2.812570       2.813760       2.814970    
   2.798790       2.799550       2.800320       2.801100       2.801900       2.802700       2.803510       2.804340       2.805190       2.806040       2.806910       2.807790       2.808690       2.809610       2.810540       2.811480       2.812450       2.813430       2.814420       2.815440       2.816470       2.817520       2.818590       2.819680       2.820790       2.821910       2.823060       2.824230       2.825420       2.826630    
   2.809650       2.810460       2.811280       2.812110       2.812950       2.813800       2.814660       2.815530       2.816410       2.817310       2.818210       2.819140       2.820070       2.821020       2.821980       2.822950       2.823940       2.824950       2.825960       2.827000       2.828050       2.829120       2.830200       2.831300       2.832420       2.833550       2.834710       2.835880       2.837070       2.838280    
   2.820490       2.821350       2.822220       2.823090       2.823980       2.824880       2.825780       2.826700       2.827620       2.828560       2.829500       2.830460       2.831430       2.832410       2.833400       2.834400       2.835420       2.836450       2.837490       2.838550       2.839620       2.840700       2.841800       2.842910       2.844040       2.845180       2.846340       2.847510       2.848710       2.849920    
   2.831310       2.832220       2.833140       2.834070       2.835000       2.835940       2.836890       2.837850       2.838820       2.839790       2.840780       2.841770       2.842770       2.843780       2.844810       2.845840       2.846880       2.847940       2.849000       2.850080       2.851160       2.852260       2.853380       2.854500       2.855640       2.856790       2.857950       2.859130       2.860330       2.861540    
   2.831310       2.832220       2.836110       2.845020       2.846000       2.846990       2.847980       2.848980       2.849990       2.851010       2.852030       2.853060       2.854100       2.855140       2.856200       2.857260       2.858330       2.859410       2.860500       2.861590       2.862700       2.863810       2.864940       2.866080       2.867220       2.868380       2.869550       2.870740       2.871930       2.873140    
   2.831310       2.836170       2.845020       2.853990       2.856990       2.858020       2.859060       2.860100       2.861150       2.862210       2.863270       2.864330       2.865410       2.866480       2.867570       2.868660       2.869760       2.870860       2.871970       2.873090       2.874210       2.875350       2.876490       2.877630       2.878790       2.879960       2.881130       2.882320       2.883520       2.884730    
   2.835730       2.845020       2.857360       2.862470       2.867950       2.869030       2.870110       2.871200       2.872290       2.873380       2.874480       2.875590       2.876690       2.877810       2.878920       2.880040       2.881170       2.882300       2.883430       2.884570       2.885710       2.886860       2.888010       2.889170       2.890340       2.891520       2.892700       2.893890       2.895090       2.896300    
   2.845020       2.858880       2.865210       2.867950       2.872330       2.880020       2.881150       2.882280       2.883410       2.884540       2.885680       2.886820       2.887960       2.889110       2.890250       2.891400       2.892560       2.893710       2.894870       2.896030       2.897190       2.898350       2.899520       2.900690       2.901870       2.903050       2.904240       2.905440       2.906640       2.907850    
   2.859610       2.866580       2.867950       2.873430       2.880020       2.884440       2.892160       2.893330       2.894500       2.895680       2.896860       2.898030       2.899210       2.900390       2.901570       2.902740       2.903920       2.905100       2.906280       2.907460       2.908640       2.909830       2.911010       2.912190       2.913380       2.914570       2.915770       2.916960       2.918170       2.919380    
   2.867260       2.867950       2.873800       2.880020       2.885540       2.892160       2.892750       2.893330       2.897570       2.906790       2.908010       2.909220       2.910430       2.911650       2.912860       2.914060       2.915270       2.916470       2.917680       2.918880       2.920080       2.921280       2.922470       2.923670       2.924870       2.926070       2.927270       2.928470       2.929670       2.930880    
   2.867950       2.873920       2.880020       2.885910       2.892160       2.892450       2.892750       2.897610       2.906790       2.907400       2.915190       2.920390       2.921640       2.922880       2.924120       2.925360       2.926590       2.927820       2.929050       2.930270       2.931490       2.932710       2.933920       2.935130       2.936330       2.937540       2.938750       2.939950       2.941160       2.942370    
   2.873960       2.880020       2.886030       2.892160       2.892310       2.892450       2.897400       2.906790       2.907090       2.917370       2.925960       2.931530       2.932810       2.934090       2.935360       2.936630       2.937890       2.939150       2.940400       2.941640       2.942880       2.944110       2.945340       2.946560       2.947780       2.948990       2.950200       2.951410       2.952620       2.953830    
   2.880020       2.886070       2.892160       2.892230       2.892310       2.897240       2.906790       2.906940       2.918310       2.928750       2.931530       2.932170       2.935930       2.945270       2.946580       2.947880       2.949160       2.950450       2.951720       2.952980       2.954240       2.955490       2.956730       2.957960       2.959190       2.960410       2.961630       2.962840       2.964050       2.965260    
   2.886080       2.892160       2.892200       2.892230       2.897140       2.906790       2.906870       2.918740       2.930140       2.931530       2.931850       2.936220       2.945270       2.945920       2.946580       2.947870       2.949160       2.950440       2.959010       2.964300       2.965580       2.966840       2.968100       2.969340       2.970580       2.971810       2.973030       2.974250       2.975460       2.976660    
   2.892160       2.892180       2.892200       2.897090       2.906790       2.906830       2.918950       2.930830       2.931530       2.931690       2.936220       2.945270       2.945600       2.945920       2.946790       2.947870       2.949160       2.960830       2.969940       2.975590       2.976890       2.978170       2.979440       2.980700       2.981940       2.983180       2.984410       2.985620       2.986840       2.988040    
   2.892170       2.892180       2.897060       2.906790       2.906810       2.919060       2.931180       2.931530       2.931610       2.936180       2.945270       2.945430       2.945600       2.946100       2.946860       2.947940       2.961240       2.972770       2.975590       2.980220       2.988170       2.989460       2.990750       2.992020       2.993280       2.994520       2.995750       2.996970       2.998180       2.999390    
   2.892170       2.897050       2.906790       2.906800       2.919110       2.931360       2.931530       2.931570       2.936150       2.945270       2.945350       2.945430       2.945710       2.946190       2.946970       2.967870       2.974180       2.975590       2.992860       2.999400       3.000190       3.000730       3.002030       3.003310       3.004580       3.005830       3.007060       3.008290       3.009500       3.010700    
   2.897040       2.906790       2.906790       2.919130       2.931440       2.931530       2.931550       2.936130       2.945270       2.945310       2.945350       2.945500       2.945780       2.975530       2.995880       3.009120       3.009130       3.010520       3.012480       3.016220       3.010630       3.011970       3.013280       3.014570       3.015850       3.017110       3.018350       3.019570       3.020790       3.021990    
   2.906790       2.906790       2.919150       2.931490       2.931530       2.931540       2.936120       2.945270       2.945290       2.945310       2.945390       2.945540       2.998880       3.063610       3.063270       3.041860       3.044050       3.042670       3.029020       3.021810       3.021820       3.023170       3.024500       3.025800       3.027080       3.028350       3.029600       3.030820       3.032040       3.033240    
   2.906790       2.919150       2.931510       2.931530       2.931540       2.936120       2.945270       2.945280       2.945290       2.945330       3.005010       3.094410       3.074160       3.063950       3.063950       3.063270       3.050980       3.045430       3.042670       3.035390       3.032970       3.034340       3.035680       3.036990       3.038290       3.039560       3.040810       3.042040       3.043250       3.044450    
   2.919160       2.931520       2.931530       2.931530       2.936110       2.945270       2.945280       2.945280       2.945300       3.016890       3.094410       3.094410       3.094410       3.074670       3.064640       3.064640       3.063270       3.052560       3.048200       3.042670       3.044080       3.045470       3.046820       3.048150       3.049450       3.050730       3.051980       3.053220       3.054430       3.055620    
   2.931520       2.931530       2.931530       2.936110       2.945270       2.945270       2.945280       2.995480       3.043280       3.094440       3.094410       3.094410       3.094410       3.094410       3.075660       3.066010       3.066010       3.063270       3.056110       3.053730       3.055160       3.056560       3.057930       3.059270       3.060580       3.061870       3.063120       3.064360       3.065570       3.066760    
   2.931530       2.931530       2.936110       2.945270       2.945270       3.029050       3.154700       3.150390       3.146070       3.111710       3.094500       3.094410       3.094410       3.094410       3.094410       3.077590       3.068740       3.068750       3.063270       3.064750       3.066200       3.067620       3.069000       3.070350       3.071670       3.072960       3.074220       3.075450       3.076660       3.077850    
   2.931530       2.936110       2.945270       2.945270       3.045810       3.154720       3.154720       3.154700       3.150390       3.146070       3.111860       3.094670       3.094410       3.094410       3.094410       3.094410       3.081200       3.074210       3.074220       3.075730       3.077200       3.078630       3.080030       3.081390       3.082720       3.084010       3.085280       3.086510       3.087720       3.088900    
