iMOD/TUTORIALS/TUT_MetaswapAnalyser/model_MetaSWAP/meteo/Evaporation/Evaporation_20050309_L1.ASC
NCOLS                30
NROWS                30
XLLCORNER     160000.00
YLLCORNER     340000.00
CELLSIZE        1000.00
NODATA_VALUE   -9999.00
  0.6649500      0.6650900      0.6652100      0.6653100      0.6653900      0.6654400      0.6654800      0.6654900      0.6654800      0.6654400      0.6653700      0.6652700      0.6651400      0.6649800      0.6648000      0.6645800      0.6643200      0.6640400      0.6637200      0.6633700      0.6629900      0.6625700      0.6621200      0.6616300      0.6611100      0.6605600      0.6599800      0.6593700      0.6587200      0.6580400    
  0.6635700      0.6636900      0.6637900      0.6638800      0.6639400      0.6639900      0.6640100      0.6640100      0.6639800      0.6639300      0.6638500      0.6637400      0.6636000      0.6634400      0.6632400      0.6630100      0.6627500      0.6624600      0.6621400      0.6617900      0.6614000      0.6609800      0.6605300      0.6600500      0.6595300      0.6589800      0.6584100      0.6577900      0.6571500      0.6564800    
  0.6621900      0.6622900      0.6623800      0.6624500      0.6625000      0.6625200      0.6625300      0.6625100      0.6624700      0.6624100      0.6623200      0.6622000      0.6620500      0.6618800      0.6616800      0.6614400      0.6611800      0.6608800      0.6605600      0.6602000      0.6598100      0.6593900      0.6589400      0.6584600      0.6579400      0.6574000      0.6568200      0.6562100      0.6555800      0.6549100    
  0.6608000      0.6608900      0.6609500      0.6610100      0.6610400      0.6610500      0.6610500      0.6610200      0.6609700      0.6608900      0.6607900      0.6606600      0.6605000      0.6603200      0.6601100      0.6598700      0.6596000      0.6593000      0.6589700      0.6586100      0.6582200      0.6577900      0.6573400      0.6568600      0.6563500      0.6558000      0.6552300      0.6546300      0.6539900      0.6533300    
  0.6594100      0.6594700      0.6595300      0.6595600      0.6595800      0.6595800      0.6595600      0.6595200      0.6594500      0.6593600      0.6592500      0.6591100      0.6589400      0.6587500      0.6585300      0.6582900      0.6580100      0.6577000      0.6573700      0.6570100      0.6566100      0.6561900      0.6557400      0.6552500      0.6547400      0.6542000      0.6536300      0.6530300      0.6524000      0.6517400    
  0.6580100      0.6580600      0.6580900      0.6581100      0.6581200      0.6581000      0.6580700      0.6580100      0.6579300      0.6578300      0.6577100      0.6575600      0.6573800      0.6571800      0.6569500      0.6567000      0.6564200      0.6561100      0.6557700      0.6554000      0.6550100      0.6545800      0.6541300      0.6536400      0.6531300      0.6525900      0.6520200      0.6514300      0.6508000      0.6501500    
  0.6566000      0.6566400      0.6566600      0.6566600      0.6566500      0.6566200      0.6565700      0.6565000      0.6564100      0.6562900      0.6561600      0.6560000      0.6558100      0.6556100      0.6553700      0.6551100      0.6548200      0.6545000      0.6541600      0.6537900      0.6533900      0.6529700      0.6525100      0.6520300      0.6515200      0.6509800      0.6504100      0.6498200      0.6491900      0.6485500    
  0.6551900      0.6552100      0.6552100      0.6552000      0.6551700      0.6551300      0.6550700      0.6549800      0.6548800      0.6547500      0.6546100      0.6544400      0.6542400      0.6540300      0.6537800      0.6535100      0.6532200      0.6529000      0.6525500      0.6521800      0.6517700      0.6513500      0.6508900      0.6504100      0.6498900      0.6493600      0.6487900      0.6482000      0.6475800      0.6469400    
  0.6537800      0.6537800      0.6537700      0.6537400      0.6537000      0.6536400      0.6535600      0.6534600      0.6533500      0.6532100      0.6530500      0.6528700      0.6526700      0.6524400      0.6521900      0.6519200      0.6516100      0.6512900      0.6509400      0.6505600      0.6501500      0.6497200      0.6492600      0.6487800      0.6482700      0.6477300      0.6471700      0.6465800      0.6459600      0.6453200    
  0.6523600      0.6523500      0.6523200      0.6522700      0.6522200      0.6521400      0.6520500      0.6519400      0.6518100      0.6516700      0.6515000      0.6513100      0.6510900      0.6508600      0.6506000      0.6503100      0.6500100      0.6496700      0.6493200      0.6489400      0.6485300      0.6480900      0.6476300      0.6471500      0.6466400      0.6461000      0.6455400      0.6449500      0.6443400      0.6437000    
  0.6523600      0.6523430      0.6519370      0.6508100      0.6507300      0.6506400      0.6505400      0.6504200      0.6502800      0.6501200      0.6499400      0.6497300      0.6495100      0.6492700      0.6490000      0.6487100      0.6484000      0.6480600      0.6477000      0.6473100      0.6469000      0.6464600      0.6460000      0.6455100      0.6450000      0.6444700      0.6439100      0.6433200      0.6427100      0.6420800    
  0.6523560      0.6518630      0.6508100      0.6496370      0.6492500      0.6491400      0.6490300      0.6488900      0.6487400      0.6485600      0.6483700      0.6481600      0.6479300      0.6476800      0.6474000      0.6471000      0.6467800      0.6464400      0.6460700      0.6456800      0.6452700      0.6448300      0.6443600      0.6438800      0.6433600      0.6428300      0.6422700      0.6416800      0.6410800      0.6404400    
  0.6518470      0.6508100      0.6491780      0.6485050      0.6477600      0.6476400      0.6475100      0.6473600      0.6472000      0.6470100      0.6468100      0.6465900      0.6463500      0.6460800      0.6458000      0.6454900      0.6451700      0.6448200      0.6444400      0.6440500      0.6436300      0.6431900      0.6427200      0.6422400      0.6417200      0.6411900      0.6406300      0.6400400      0.6394400      0.6388100    
  0.6508100      0.6489700      0.6481320      0.6477600      0.6471800      0.6461400      0.6459900      0.6458300      0.6456500      0.6454600      0.6452400      0.6450100      0.6447600      0.6444900      0.6442000      0.6438800      0.6435500      0.6431900      0.6428200      0.6424200      0.6419900      0.6415500      0.6410800      0.6405900      0.6400800      0.6395400      0.6389800      0.6384000      0.6378000      0.6371700    
  0.6488720      0.6479460      0.6477600      0.6470270      0.6461400      0.6455330      0.6444700      0.6443000      0.6441100      0.6439000      0.6436700      0.6434300      0.6431700      0.6428900      0.6425900      0.6422700      0.6419300      0.6415700      0.6411800      0.6407800      0.6403500      0.6399100      0.6394400      0.6389400      0.6384300      0.6378900      0.6373400      0.6367600      0.6361500      0.6355300    
  0.6478530      0.6477600      0.6469760      0.6461400      0.6453810      0.6444700      0.6443850      0.6442930      0.6436630      0.6423400      0.6421100      0.6418500      0.6415800      0.6412900      0.6409800      0.6406600      0.6403100      0.6399400      0.6395500      0.6391400      0.6387100      0.6382600      0.6377900      0.6373000      0.6367800      0.6362400      0.6356900      0.6351100      0.6345100      0.6338800    
  0.6477600      0.6469580      0.6461400      0.6453300      0.6444700      0.6444270      0.6443830      0.6436700      0.6423400      0.6422250      0.6410520      0.6402700      0.6399900      0.6396900      0.6393800      0.6390400      0.6386900      0.6383100      0.6379200      0.6375000      0.6370700      0.6366200      0.6361400      0.6356500      0.6351300      0.6345900      0.6340300      0.6334500      0.6328500      0.6322300    
  0.6469530      0.6461400      0.6453130      0.6444700      0.6444490      0.6444270      0.6437050      0.6423400      0.6422820      0.6407570      0.6394800      0.6386900      0.6384000      0.6380900      0.6377700      0.6374300      0.6370600      0.6366800      0.6362800      0.6358700      0.6354300      0.6349700      0.6344900      0.6339900      0.6334800      0.6329400      0.6323800      0.6318000      0.6312000      0.6305800    
  0.6461400      0.6453080      0.6444700      0.6444590      0.6444490      0.6437300      0.6423400      0.6423110      0.6406310      0.6390850      0.6386900      0.6385450      0.6379180      0.6364900      0.6361600      0.6358100      0.6354400      0.6350500      0.6346500      0.6342200      0.6337800      0.6333200      0.6328400      0.6323400      0.6318200      0.6312800      0.6307200      0.6301500      0.6295500      0.6289300    
  0.6453060      0.6444700      0.6444650      0.6444590      0.6437450      0.6423400      0.6423260      0.6405720      0.6388880      0.6386900      0.6386180      0.6379110      0.6364900      0.6363250      0.6361530      0.6358030      0.6354330      0.6350470      0.6334880      0.6325800      0.6321400      0.6316700      0.6311900      0.6306900      0.6301700      0.6296300      0.6290700      0.6284900      0.6278900      0.6272800    
  0.6444700      0.6444670      0.6444650      0.6437520      0.6423400      0.6423330      0.6405430      0.6387890      0.6386900      0.6386540      0.6379270      0.6364900      0.6364070      0.6363230      0.6360940      0.6357970      0.6354280      0.6333340      0.6317600      0.6309400      0.6304900      0.6300200      0.6295400      0.6290300      0.6285100      0.6279700      0.6274100      0.6268300      0.6262400      0.6256200    
  0.6444690      0.6444670      0.6437560      0.6423400      0.6423360      0.6405290      0.6387390      0.6386900      0.6386720      0.6379400      0.6364900      0.6364490      0.6364070      0.6362750      0.6360710      0.6357730      0.6333700      0.6313500      0.6309400      0.6300930      0.6288500      0.6283700      0.6278800      0.6273800      0.6268500      0.6263100      0.6257500      0.6251700      0.6245800      0.6239700    
  0.6444690      0.6437580      0.6423400      0.6423380      0.6405220      0.6387150      0.6386900      0.6386810      0.6379480      0.6364900      0.6364690      0.6364490      0.6363770      0.6362510      0.6360400      0.6324770      0.6311450      0.6309400      0.6282430      0.6272050      0.6269180      0.6267300      0.6262300      0.6257200      0.6252000      0.6246500      0.6240900      0.6235100      0.6229200      0.6223100    
  0.6437590      0.6423400      0.6423390      0.6405180      0.6387020      0.6386900      0.6386850      0.6379520      0.6364900      0.6364800      0.6364690      0.6364320      0.6363590      0.6317470      0.6284030      0.6260250      0.6260250      0.6257030      0.6252840      0.6247350      0.6255600      0.6250800      0.6245800      0.6240700      0.6235400      0.6229900      0.6224300      0.6218600      0.6212600      0.6206500    
  0.6423400      0.6423400      0.6405170      0.6386960      0.6386900      0.6386880      0.6379540      0.6364900      0.6364850      0.6364800      0.6364600      0.6364200      0.6282050      0.6182690      0.6183200      0.6213040      0.6209060      0.6211100      0.6229350      0.6239130      0.6239100      0.6234300      0.6229300      0.6224100      0.6218800      0.6213400      0.6207800      0.6202000      0.6196000      0.6189900    
  0.6423400      0.6405160      0.6386930      0.6386900      0.6386890      0.6379560      0.6364900      0.6364870      0.6364850      0.6364750      0.6274480      0.6139400      0.6167840      0.6182190      0.6182190      0.6183200      0.6199650      0.6207030      0.6211100      0.6219800      0.6222700      0.6217800      0.6212800      0.6207600      0.6202300      0.6196800      0.6191200      0.6185400      0.6179500      0.6173400    
  0.6405150      0.6386920      0.6386900      0.6386890      0.6379560      0.6364900      0.6364890      0.6364870      0.6364820      0.6256580      0.6139400      0.6139400      0.6139400      0.6167090      0.6181170      0.6181170      0.6183200      0.6197280      0.6202950      0.6211100      0.6206300      0.6201400      0.6196300      0.6191100      0.6185700      0.6180300      0.6174600      0.6168800      0.6162900      0.6156800    
  0.6386910      0.6386900      0.6386900      0.6379560      0.6364900      0.6364890      0.6364890      0.6289750      0.6217380      0.6139360      0.6139400      0.6139400      0.6139400      0.6139400      0.6165620      0.6179150      0.6179150      0.6183200      0.6191870      0.6194800      0.6189900      0.6184900      0.6179800      0.6174600      0.6169200      0.6163700      0.6158100      0.6152300      0.6146300      0.6140200    
  0.6386900      0.6386900      0.6379570      0.6364900      0.6364900      0.6240410      0.6053700      0.6059050      0.6064400      0.6114280      0.6139270      0.6139400      0.6139400      0.6139400      0.6139400      0.6162750      0.6175090      0.6175100      0.6183200      0.6178400      0.6173500      0.6168500      0.6163400      0.6158100      0.6152700      0.6147200      0.6141500      0.6135700      0.6129800      0.6123700    
  0.6386900      0.6379570      0.6364900      0.6364900      0.6215500      0.6053670      0.6053670      0.6053700      0.6059050      0.6064400      0.6114050      0.6139000      0.6139400      0.6139400      0.6139400      0.6139400      0.6157350      0.6166970      0.6167000      0.6162100      0.6157200      0.6152100      0.6146900      0.6141600      0.6136200      0.6130700      0.6125000      0.6119200      0.6113300      0.6107200    
