iMOD/TUTORIALS/TUT_MetaswapAnalyser/model_MetaSWAP/meteo/Evaporation/Evaporation_20050403_L1.ASC
NCOLS                30
NROWS                30
XLLCORNER     160000.00
YLLCORNER     340000.00
CELLSIZE        1000.00
NODATA_VALUE   -9999.00
   2.844260       2.845150       2.845990       2.846780       2.847520       2.848220       2.848880       2.849510       2.850120       2.850710       2.851290       2.851860       2.852430       2.853000       2.853570       2.854160       2.854760       2.855370       2.856000       2.856660       2.857330       2.858030       2.858760       2.859520       2.860300       2.861120       2.861960       2.862840       2.863750       2.864690    
   2.846960       2.847900       2.848780       2.849610       2.850390       2.851130       2.851830       2.852510       2.853160       2.853790       2.854410       2.855020       2.855620       2.856230       2.856840       2.857450       2.858070       2.858710       2.859360       2.860040       2.860730       2.861450       2.862190       2.862950       2.863740       2.864560       2.865410       2.866290       2.867190       2.868130    
   2.849650       2.850620       2.851540       2.852420       2.853240       2.854020       2.854770       2.855490       2.856180       2.856850       2.857510       2.858160       2.858800       2.859430       2.860070       2.860720       2.861370       2.862030       2.862700       2.863400       2.864110       2.864840       2.865590       2.866360       2.867160       2.867990       2.868840       2.869720       2.870620       2.871560    
   2.852330       2.853340       2.854300       2.855210       2.856070       2.856900       2.857690       2.858450       2.859180       2.859890       2.860590       2.861270       2.861950       2.862620       2.863280       2.863960       2.864640       2.865320       2.866020       2.866730       2.867460       2.868210       2.868970       2.869760       2.870560       2.871400       2.872250       2.873130       2.874040       2.874970    
   2.855000       2.856040       2.857040       2.857990       2.858890       2.859760       2.860590       2.861390       2.862160       2.862910       2.863640       2.864360       2.865070       2.865770       2.866470       2.867180       2.867880       2.868590       2.869310       2.870050       2.870790       2.871550       2.872330       2.873130       2.873950       2.874780       2.875640       2.876530       2.877430       2.878360    
   2.857650       2.858740       2.859770       2.860750       2.861700       2.862600       2.863470       2.864310       2.865120       2.865910       2.866680       2.867430       2.868170       2.868910       2.869640       2.870370       2.871100       2.871840       2.872580       2.873340       2.874100       2.874880       2.875670       2.876480       2.877310       2.878150       2.879020       2.879910       2.880810       2.881750    
   2.860300       2.861420       2.862480       2.863510       2.864490       2.865430       2.866340       2.867210       2.868060       2.868880       2.869690       2.870480       2.871260       2.872020       2.872790       2.873550       2.874300       2.875070       2.875830       2.876610       2.877390       2.878180       2.878990       2.879810       2.880650       2.881500       2.882380       2.883270       2.884180       2.885110    
   2.862940       2.864090       2.865190       2.866250       2.867260       2.868240       2.869180       2.870100       2.870980       2.871840       2.872680       2.873510       2.874320       2.875120       2.875910       2.876700       2.877480       2.878270       2.879060       2.879850       2.880660       2.881470       2.882290       2.883120       2.883970       2.884830       2.885710       2.886610       2.887520       2.888460    
   2.865570       2.866750       2.867890       2.868980       2.870030       2.871040       2.872020       2.872970       2.873890       2.874790       2.875660       2.876520       2.877360       2.878190       2.879010       2.879830       2.880640       2.881450       2.882260       2.883080       2.883900       2.884730       2.885570       2.886410       2.887270       2.888150       2.889030       2.889930       2.890850       2.891790    
   2.868200       2.869410       2.870570       2.871690       2.872780       2.873830       2.874840       2.875820       2.876780       2.877710       2.878620       2.879510       2.880380       2.881250       2.882100       2.882940       2.883780       2.884610       2.885450       2.886290       2.887130       2.887970       2.888820       2.889680       2.890560       2.891440       2.892330       2.893240       2.894160       2.895100    
   2.868180       2.869390       2.871520       2.874400       2.875520       2.876600       2.877650       2.878670       2.879660       2.880620       2.881560       2.882480       2.883390       2.884280       2.885160       2.886030       2.886900       2.887760       2.888610       2.889470       2.890330       2.891190       2.892060       2.892940       2.893820       2.894710       2.895610       2.896530       2.897450       2.898390    
   2.868170       2.870870       2.874400       2.877280       2.878250       2.879360       2.880440       2.881490       2.882520       2.883510       2.884490       2.885440       2.886380       2.887300       2.888210       2.889100       2.889990       2.890880       2.891760       2.892640       2.893520       2.894400       2.895280       2.896170       2.897060       2.897960       2.898880       2.899800       2.900730       2.901670    
   2.870090       2.874400       2.878060       2.879600       2.880960       2.882110       2.883220       2.884310       2.885360       2.886390       2.887390       2.888380       2.889350       2.890300       2.891230       2.892160       2.893070       2.893980       2.894880       2.895780       2.896680       2.897580       2.898480       2.899380       2.900290       2.901200       2.902120       2.903050       2.903980       2.904930    
   2.874400       2.878430       2.880280       2.880960       2.882640       2.884850       2.885990       2.887110       2.888190       2.889250       2.890290       2.891300       2.892300       2.893280       2.894240       2.895190       2.896130       2.897060       2.897990       2.898910       2.899830       2.900740       2.901660       2.902570       2.903490       2.904410       2.905340       2.906280       2.907220       2.908170    
   2.878600       2.880620       2.880960       2.882820       2.884850       2.886530       2.888750       2.889890       2.891010       2.892100       2.893160       2.894210       2.895230       2.896240       2.897230       2.898210       2.899170       2.900130       2.901080       2.902020       2.902950       2.903880       2.904810       2.905740       2.906680       2.907610       2.908550       2.909490       2.910440       2.911390    
   2.880790       2.880960       2.882880       2.884850       2.886710       2.888750       2.889320       2.889880       2.891980       2.894930       2.896030       2.897100       2.898150       2.899190       2.900210       2.901210       2.902200       2.903180       2.904140       2.905100       2.906060       2.907010       2.907950       2.908900       2.909840       2.910790       2.911730       2.912680       2.913640       2.914590    
   2.880960       2.882900       2.884850       2.886770       2.888750       2.889030       2.889320       2.891530       2.894930       2.895480       2.898180       2.899980       2.901060       2.902120       2.903160       2.904190       2.905200       2.906200       2.907190       2.908170       2.909150       2.910110       2.911070       2.912030       2.912990       2.913940       2.914900       2.915860       2.916820       2.917780    
   2.882900       2.884850       2.886790       2.888750       2.888890       2.889030       2.891200       2.894930       2.895210       2.898570       2.901410       2.902840       2.903940       2.905030       2.906100       2.907150       2.908190       2.909210       2.910220       2.911220       2.912220       2.913200       2.914180       2.915150       2.916120       2.917080       2.918050       2.919010       2.919980       2.920940    
   2.884850       2.886800       2.888750       2.888820       2.888890       2.891020       2.894930       2.895070       2.898730       2.902120       2.902840       2.903390       2.904930       2.907930       2.909020       2.910100       2.911160       2.912200       2.913240       2.914260       2.915270       2.916270       2.917260       2.918240       2.919220       2.920200       2.921170       2.922150       2.923120       2.924090    
   2.886800       2.888750       2.888790       2.888820       2.890910       2.894930       2.895000       2.898810       2.902480       2.902840       2.903110       2.904770       2.907930       2.908470       2.909020       2.910090       2.911150       2.912200       2.915450       2.917270       2.918300       2.919310       2.920320       2.921320       2.922310       2.923300       2.924280       2.925260       2.926240       2.927220    
   2.888750       2.888770       2.888790       2.890860       2.894930       2.894960       2.898850       2.902660       2.902840       2.902980       2.904660       2.907930       2.908200       2.908470       2.909190       2.910090       2.911150       2.915560       2.918770       2.920260       2.921310       2.922340       2.923360       2.924380       2.925380       2.926380       2.927370       2.928360       2.929340       2.930320    
   2.888760       2.888770       2.890840       2.894930       2.894950       2.898870       2.902750       2.902840       2.902910       2.904600       2.907930       2.908070       2.908200       2.908620       2.909250       2.910140       2.915310       2.919510       2.920260       2.921960       2.924300       2.925350       2.926390       2.927410       2.928430       2.929440       2.930440       2.931430       2.932420       2.933410    
   2.888760       2.890820       2.894930       2.894940       2.898880       2.902800       2.902840       2.902870       2.904570       2.907930       2.908000       2.908070       2.908300       2.908690       2.909340       2.916730       2.919890       2.920260       2.925300       2.927260       2.927910       2.928340       2.929390       2.930430       2.931460       2.932480       2.933490       2.934490       2.935490       2.936480    
   2.890820       2.894930       2.894930       2.898880       2.902820       2.902840       2.902860       2.904550       2.907930       2.907960       2.908000       2.908120       2.908350       2.917170       2.923910       2.929040       2.929050       2.929780       2.930710       2.931700       2.930230       2.931310       2.932380       2.933430       2.934470       2.935500       2.936520       2.937520       2.938530       2.939520    
   2.894930       2.894930       2.898880       2.902830       2.902840       2.902850       2.904550       2.907930       2.907950       2.907960       2.908030       2.908160       2.923720       2.942430       2.942340       2.937330       2.938200       2.937840       2.934800       2.933160       2.933170       2.934260       2.935340       2.936410       2.937460       2.938500       2.939520       2.940540       2.941550       2.942550    
   2.894930       2.898880       2.902830       2.902840       2.902840       2.904540       2.907930       2.907940       2.907950       2.907980       2.924590       2.949400       2.944820       2.942510       2.942510       2.942340       2.939720       2.938560       2.937840       2.936520       2.936080       2.937200       2.938290       2.939370       2.940430       2.941480       2.942510       2.943530       2.944550       2.945550    
   2.898880       2.902840       2.902840       2.902840       2.904540       2.907930       2.907930       2.907940       2.907950       2.927860       2.949400       2.949400       2.949400       2.944950       2.942690       2.942690       2.942340       2.940140       2.939270       2.937840       2.938980       2.940110       2.941210       2.942300       2.943380       2.944430       2.945480       2.946510       2.947520       2.948530    
   2.902840       2.902840       2.902840       2.904540       2.907930       2.907930       2.907930       2.921300       2.934660       2.949410       2.949400       2.949400       2.949400       2.949400       2.945210       2.943040       2.943040       2.942340       2.941100       2.940700       2.941860       2.943000       2.944120       2.945220       2.946300       2.947370       2.948420       2.949460       2.950480       2.951490    
   2.902840       2.902840       2.904540       2.907930       2.907930       2.929760       2.962510       2.961950       2.961380       2.953410       2.949420       2.949400       2.949400       2.949400       2.949400       2.945700       2.943740       2.943740       2.942340       2.943540       2.944710       2.945870       2.947000       2.948120       2.949210       2.950280       2.951340       2.952380       2.953410       2.954430    
   2.902840       2.904540       2.907930       2.907930       2.934130       2.962520       2.962520       2.962510       2.961950       2.961380       2.953450       2.949470       2.949400       2.949400       2.949400       2.949400       2.946640       2.945130       2.945140       2.946360       2.947550       2.948720       2.949870       2.950990       2.952090       2.953180       2.954240       2.955290       2.956320       2.957340    
