iMOD/TUTORIALS/TUT_MetaswapAnalyser/model_MetaSWAP/meteo/Evaporation/Evaporation_20061003_L1.ASC
NCOLS                30
NROWS                30
XLLCORNER     160000.00
YLLCORNER     340000.00
CELLSIZE        1000.00
NODATA_VALUE   -9999.00
  0.7288900      0.7244700      0.7200500      0.7156500      0.7112500      0.7068700      0.7024900      0.6981100      0.6937500      0.6893900      0.6850400      0.6806900      0.6763500      0.6720100      0.6676800      0.6633500      0.6590200      0.6547000      0.6503800      0.6460600      0.6417500      0.6374400      0.6331300      0.6288200      0.6245100      0.6202100      0.6159000      0.6116000      0.6073000      0.6030000    
  0.7261900      0.7217600      0.7173500      0.7129500      0.7085600      0.7041700      0.6997900      0.6954200      0.6910600      0.6867000      0.6823400      0.6780000      0.6736500      0.6693100      0.6649800      0.6606500      0.6563200      0.6520000      0.6476800      0.6433600      0.6390400      0.6347300      0.6304100      0.6261000      0.6217900      0.6174800      0.6131700      0.6088700      0.6045600      0.6002500    
  0.7234900      0.7190700      0.7146600      0.7102600      0.7058600      0.7014800      0.6971000      0.6927300      0.6883700      0.6840100      0.6796500      0.6753100      0.6709600      0.6666200      0.6622900      0.6579600      0.6536300      0.6493000      0.6449800      0.6406600      0.6363400      0.6320200      0.6277000      0.6233900      0.6190700      0.6147600      0.6104500      0.6061300      0.6018200      0.5975100    
  0.7208000      0.7163800      0.7119700      0.7075700      0.7031800      0.6987900      0.6944200      0.6900500      0.6856800      0.6813200      0.6769700      0.6726200      0.6682800      0.6639400      0.6596000      0.6552700      0.6509400      0.6466100      0.6422800      0.6379600      0.6336400      0.6293200      0.6250000      0.6206800      0.6163600      0.6120400      0.6077200      0.6034100      0.5990900      0.5947800    
  0.7181100      0.7136900      0.7092800      0.7048900      0.7005000      0.6961100      0.6917400      0.6873700      0.6830000      0.6786400      0.6742900      0.6699400      0.6656000      0.6612600      0.6569200      0.6525900      0.6482500      0.6439200      0.6395900      0.6352700      0.6309400      0.6266200      0.6223000      0.6179700      0.6136500      0.6093300      0.6050100      0.6006900      0.5963600      0.5920400    
  0.7154200      0.7110100      0.7066000      0.7022100      0.6978200      0.6934400      0.6890600      0.6846900      0.6803300      0.6759700      0.6716200      0.6672700      0.6629200      0.6585800      0.6542400      0.6499100      0.6455700      0.6412400      0.6369100      0.6325800      0.6282500      0.6239300      0.6196000      0.6152700      0.6109500      0.6066200      0.6022900      0.5979700      0.5936400      0.5893100    
  0.7127500      0.7083300      0.7039300      0.6995300      0.6951400      0.6907600      0.6863900      0.6820200      0.6776600      0.6733000      0.6689500      0.6646000      0.6602500      0.6559100      0.6515700      0.6472300      0.6429000      0.6385600      0.6342300      0.6299000      0.6255700      0.6212400      0.6169100      0.6125800      0.6082400      0.6039100      0.5995800      0.5952500      0.5909200      0.5865900    
  0.7100700      0.7056600      0.7012600      0.6968600      0.6924700      0.6880900      0.6837200      0.6793500      0.6749900      0.6706300      0.6662800      0.6619300      0.6575800      0.6532400      0.6489000      0.6445600      0.6402200      0.6358900      0.6315500      0.6272200      0.6228800      0.6185500      0.6142200      0.6098800      0.6055500      0.6012100      0.5968800      0.5925400      0.5882000      0.5838600    
  0.7074000      0.7029900      0.6985900      0.6941900      0.6898100      0.6854300      0.6810600      0.6766900      0.6723300      0.6679700      0.6636200      0.6592700      0.6549200      0.6505700      0.6462300      0.6418900      0.6375500      0.6332200      0.6288800      0.6245400      0.6202000      0.6158700      0.6115300      0.6071900      0.6028500      0.5985100      0.5941700      0.5898300      0.5854900      0.5811400    
  0.7047300      0.7003200      0.6959200      0.6915300      0.6871400      0.6827700      0.6783900      0.6740300      0.6696700      0.6653100      0.6609600      0.6566000      0.6522600      0.6479100      0.6435700      0.6392300      0.6348900      0.6305500      0.6262100      0.6218700      0.6175300      0.6131900      0.6088500      0.6045000      0.6001600      0.5958200      0.5914700      0.5871200      0.5827800      0.5784300    
  0.7047330      0.7003230      0.6941600      0.6888700      0.6844800      0.6801100      0.6757400      0.6713700      0.6670100      0.6626500      0.6583000      0.6539500      0.6496000      0.6452500      0.6409100      0.6365700      0.6322200      0.6278800      0.6235400      0.6192000      0.6148500      0.6105100      0.6061700      0.6018200      0.5974700      0.5931200      0.5887700      0.5844200      0.5800700      0.5757100    
  0.7047360      0.6970220      0.6888700      0.6835850      0.6818200      0.6774500      0.6730800      0.6687100      0.6643500      0.6600000      0.6556400      0.6512900      0.6469400      0.6426000      0.6382500      0.6339100      0.6295600      0.6252200      0.6208700      0.6165300      0.6121800      0.6078400      0.6034900      0.5991400      0.5947900      0.5904300      0.5860800      0.5817200      0.5773600      0.5730000    
  0.6999450      0.6888700      0.6830300      0.6804950      0.6791700      0.6747900      0.6704200      0.6660600      0.6617000      0.6573400      0.6529900      0.6486400      0.6442900      0.6399400      0.6355900      0.6312500      0.6269000      0.6225600      0.6182100      0.6138600      0.6095100      0.6051600      0.6008100      0.5964600      0.5921000      0.5877400      0.5833800      0.5790200      0.5746500      0.5702800    
  0.6888700      0.6827260      0.6798330      0.6791700      0.6753670      0.6721400      0.6677700      0.6634100      0.6590500      0.6546900      0.6503400      0.6459900      0.6416400      0.6372900      0.6329400      0.6285900      0.6242500      0.6199000      0.6155500      0.6112000      0.6068500      0.6024900      0.5981400      0.5937800      0.5894200      0.5850500      0.5806900      0.5763200      0.5719500      0.5675700    
  0.6825670      0.6795010      0.6791700      0.6755590      0.6721400      0.6683430      0.6651200      0.6607500      0.6563900      0.6520400      0.6476900      0.6433300      0.6389800      0.6346400      0.6302900      0.6259400      0.6215900      0.6172400      0.6128900      0.6085400      0.6041800      0.5998200      0.5954600      0.5911000      0.5867300      0.5823700      0.5779900      0.5736200      0.5692400      0.5648600    
  0.6793360      0.6791700      0.6756230      0.6721400      0.6685340      0.6651200      0.6629350      0.6607530      0.6546420      0.6493900      0.6450400      0.6406800      0.6363300      0.6319800      0.6276300      0.6232800      0.6189300      0.6145800      0.6102300      0.6058700      0.6015100      0.5971500      0.5927900      0.5884200      0.5840500      0.5796800      0.5753000      0.5709200      0.5665400      0.5621500    
  0.6791700      0.6756440      0.6721400      0.6685980      0.6651200      0.6640280      0.6629360      0.6569300      0.6493900      0.6472150      0.6417040      0.6380300      0.6336800      0.6293300      0.6249800      0.6206300      0.6162800      0.6119300      0.6075700      0.6032100      0.5988500      0.5944900      0.5901200      0.5857500      0.5813700      0.5769900      0.5726100      0.5682200      0.5638300      0.5594400    
  0.6756510      0.6721400      0.6686190      0.6651200      0.6645740      0.6640280      0.6583210      0.6493900      0.6483020      0.6420790      0.6367050      0.6353800      0.6310300      0.6266800      0.6223300      0.6179800      0.6136200      0.6092700      0.6049100      0.6005500      0.5961800      0.5918200      0.5874400      0.5830700      0.5786900      0.5743100      0.5699200      0.5655300      0.5611300      0.5567300    
  0.6721400      0.6686260      0.6651200      0.6648470      0.6645740      0.6590780      0.6493900      0.6488460      0.6422390      0.6360430      0.6353800      0.6332050      0.6292800      0.6240300      0.6196800      0.6153200      0.6109700      0.6066100      0.6022500      0.5978900      0.5935200      0.5891500      0.5847700      0.5803900      0.5760100      0.5716200      0.5672300      0.5628300      0.5584200      0.5540200    
  0.6686290      0.6651200      0.6649830      0.6648470      0.6594720      0.6493900      0.6491180      0.6423130      0.6357110      0.6353800      0.6342930      0.6304740      0.6240300      0.6218550      0.6196770      0.6153230      0.6109670      0.6066100      0.5989060      0.5952200      0.5908500      0.5864800      0.5821000      0.5777100      0.5733200      0.5689300      0.5645300      0.5601300      0.5557200      0.5513000    
  0.6651200      0.6650520      0.6649830      0.6596730      0.6493900      0.6492540      0.6423490      0.6355460      0.6353800      0.6348360      0.6310440      0.6240300      0.6229430      0.6218540      0.6189520      0.6153220      0.6109670      0.6005870      0.5938900      0.5925600      0.5881900      0.5838100      0.5794200      0.5750300      0.5706400      0.5662400      0.5618400      0.5574300      0.5530100      0.5485900    
  0.6650860      0.6650520      0.6597750      0.6493900      0.6493220      0.6423670      0.6354630      0.6353800      0.6351080      0.6313230      0.6240300      0.6234860      0.6229420      0.6212490      0.6187090      0.6150800      0.6025320      0.5932250      0.5925600      0.5887570      0.5855200      0.5811300      0.5767500      0.5723500      0.5679500      0.5635500      0.5591400      0.5547200      0.5503000      0.5458700    
  0.6650860      0.6598260      0.6493900      0.6493560      0.6423760      0.6354210      0.6353800      0.6352440      0.6314600      0.6240300      0.6237580      0.6234860      0.6225590      0.6209670      0.6183460      0.6027510      0.5928930      0.5925600      0.5857490      0.5828450      0.5802120      0.5784600      0.5740700      0.5696700      0.5652700      0.5608600      0.5564400      0.5520200      0.5475900      0.5431500    
  0.6598510      0.6493900      0.6493730      0.6423810      0.6354010      0.6353800      0.6353120      0.6315290      0.6240300      0.6238940      0.6237580      0.6232680      0.6223370      0.6093530      0.5966940      0.5845390      0.5845400      0.5823160      0.5797260      0.5788350      0.5801700      0.5757800      0.5713900      0.5669800      0.5625800      0.5581600      0.5537400      0.5493100      0.5448700      0.5404300    
  0.6493900      0.6493820      0.6423830      0.6353900      0.6353800      0.6353460      0.6315630      0.6240300      0.6239620      0.6238940      0.6236400      0.6231210      0.6011570      0.5754560      0.5755400      0.5780220      0.5761850      0.5765200      0.5770240      0.5774970      0.5775000      0.5731000      0.5687000      0.5643000      0.5598800      0.5554600      0.5510300      0.5465900      0.5421500      0.5377000    
  0.6493860      0.6423840      0.6353850      0.6353800      0.6353630      0.6315800      0.6240300      0.6239960      0.6239620      0.6238320      0.6028590      0.5718200      0.5741740      0.5753710      0.5753710      0.5755400      0.5758210      0.5758500      0.5765200      0.5752430      0.5748200      0.5704200      0.5660200      0.5616000      0.5571800      0.5527600      0.5483200      0.5438800      0.5394300      0.5349700    
  0.6423840      0.6353830      0.6353800      0.6353720      0.6315880      0.6240300      0.6240130      0.6239960      0.6239300      0.5988590      0.5718200      0.5718200      0.5718200      0.5740480      0.5752020      0.5752020      0.5755400      0.5753760      0.5751800      0.5765200      0.5721300      0.5677300      0.5633200      0.5589100      0.5544800      0.5500500      0.5456100      0.5411600      0.5367000      0.5322400    
  0.6353810      0.6353800      0.6353760      0.6315920      0.6240300      0.6240220      0.6240130      0.6086170      0.5916380      0.5718130      0.5718200      0.5718200      0.5718200      0.5718200      0.5737990      0.5748650      0.5748650      0.5755400      0.5742620      0.5738400      0.5694400      0.5650400      0.5606300      0.5562100      0.5517800      0.5473400      0.5428900      0.5384300      0.5339700      0.5294900    
  0.6353800      0.6353780      0.6315950      0.6240300      0.6240260      0.6000640      0.5641300      0.5633300      0.5625300      0.5687030      0.5717980      0.5718200      0.5718200      0.5718200      0.5718200      0.5733070      0.5741900      0.5741900      0.5755400      0.5711500      0.5667500      0.5623400      0.5579300      0.5535000      0.5490600      0.5446200      0.5401600      0.5357000      0.5312300      0.5267500    
  0.6353790      0.6315960      0.6240300      0.6240280      0.5952720      0.5641250      0.5641250      0.5641300      0.5633290      0.5625300      0.5686650      0.5717530      0.5718200      0.5718200      0.5718200      0.5718200      0.5723530      0.5728400      0.5728400      0.5684500      0.5640500      0.5596400      0.5552200      0.5507900      0.5463500      0.5418900      0.5374300      0.5329600      0.5284800      0.5239900    
