iMOD/TUTORIALS/TUT_MetaswapAnalyser/model_MetaSWAP/meteo/Evaporation/Evaporation_20060615_L1.ASC
NCOLS                30
NROWS                30
XLLCORNER     160000.00
YLLCORNER     340000.00
CELLSIZE        1000.00
NODATA_VALUE   -9999.00
  0.7628000      0.7631700      0.7636000      0.7640800      0.7646200      0.7652100      0.7658600      0.7665600      0.7673100      0.7681100      0.7689700      0.7698700      0.7708200      0.7718200      0.7728700      0.7739600      0.7751000      0.7762800      0.7775100      0.7787800      0.7800900      0.7814500      0.7828400      0.7842800      0.7857500      0.7872700      0.7888200      0.7904100      0.7920300      0.7936900    
  0.7644000      0.7647500      0.7651600      0.7656300      0.7661500      0.7667300      0.7673500      0.7680400      0.7687700      0.7695600      0.7703900      0.7712800      0.7722100      0.7732000      0.7742300      0.7753000      0.7764200      0.7775900      0.7788000      0.7800500      0.7813500      0.7826900      0.7840700      0.7854900      0.7869400      0.7884400      0.7899800      0.7915500      0.7931600      0.7948000    
  0.7660100      0.7663500      0.7667400      0.7671900      0.7677000      0.7682500      0.7688700      0.7695300      0.7702500      0.7710200      0.7718400      0.7727000      0.7736200      0.7745900      0.7756000      0.7766600      0.7777600      0.7789100      0.7801100      0.7813400      0.7826200      0.7839400      0.7853000      0.7867100      0.7881500      0.7896300      0.7911500      0.7927000      0.7943000      0.7959200    
  0.7676400      0.7679600      0.7683400      0.7687700      0.7692600      0.7698000      0.7703900      0.7710400      0.7717400      0.7724900      0.7732900      0.7741400      0.7750400      0.7759900      0.7769900      0.7780300      0.7791200      0.7802500      0.7814200      0.7826400      0.7839100      0.7852100      0.7865600      0.7879400      0.7893700      0.7908300      0.7923300      0.7938700      0.7954500      0.7970600    
  0.7692900      0.7695900      0.7699500      0.7703600      0.7708300      0.7713600      0.7719300      0.7725600      0.7732500      0.7739800      0.7747600      0.7756000      0.7764800      0.7774100      0.7783900      0.7794100      0.7804800      0.7816000      0.7827600      0.7839600      0.7852000      0.7864900      0.7878200      0.7891900      0.7906000      0.7920400      0.7935300      0.7950500      0.7966100      0.7982100    
  0.7709500      0.7712300      0.7715700      0.7719700      0.7724200      0.7729300      0.7734900      0.7741000      0.7747700      0.7754800      0.7762500      0.7770700      0.7779300      0.7788400      0.7798000      0.7808100      0.7818600      0.7829600      0.7841000      0.7852900      0.7865200      0.7877900      0.7891000      0.7904500      0.7918400      0.7932700      0.7947400      0.7962500      0.7977900      0.7993700    
  0.7726200      0.7728900      0.7732100      0.7735900      0.7740300      0.7745200      0.7750600      0.7756600      0.7763000      0.7770000      0.7777500      0.7785500      0.7794000      0.7802900      0.7812300      0.7822200      0.7832600      0.7843400      0.7854600      0.7866300      0.7878400      0.7891000      0.7903900      0.7917200      0.7931000      0.7945100      0.7959600      0.7974500      0.7989800      0.8005400    
  0.7743100      0.7745600      0.7748700      0.7752300      0.7756500      0.7761200      0.7766400      0.7772200      0.7778500      0.7785300      0.7792600      0.7800400      0.7808700      0.7817500      0.7826800      0.7836500      0.7846700      0.7857300      0.7868400      0.7879900      0.7891800      0.7904200      0.7916900      0.7930100      0.7943700      0.7957700      0.7972000      0.7986700      0.8001800      0.8017300    
  0.7760200      0.7762500      0.7765400      0.7768800      0.7772800      0.7777400      0.7782400      0.7788000      0.7794200      0.7800800      0.7807900      0.7815500      0.7823700      0.7832300      0.7841300      0.7850900      0.7860900      0.7871300      0.7882200      0.7893600      0.7905300      0.7917500      0.7930100      0.7943100      0.7956500      0.7970300      0.7984500      0.7999100      0.8014000      0.8029300    
  0.7777300      0.7779500      0.7782200      0.7785500      0.7789300      0.7793700      0.7798600      0.7804000      0.7809900      0.7816400      0.7823300      0.7830800      0.7838700      0.7847200      0.7856000      0.7865400      0.7875200      0.7885500      0.7896200      0.7907400      0.7919000      0.7931000      0.7943400      0.7956300      0.7969500      0.7983100      0.7997100      0.8011500      0.8026300      0.8041400    
  0.7777500      0.7779670      0.7787350      0.7802200      0.7805900      0.7810100      0.7814800      0.7820100      0.7825800      0.7832100      0.7838900      0.7846200      0.7853900      0.7862200      0.7870900      0.7880100      0.7889700      0.7899800      0.7910400      0.7921300      0.7932800      0.7944600      0.7956900      0.7969500      0.7982600      0.7996000      0.8009900      0.8024100      0.8038700      0.8053700    
  0.7777690      0.7786680      0.7802200      0.7817550      0.7822600      0.7826600      0.7831200      0.7836300      0.7841900      0.7848000      0.7854600      0.7861700      0.7869200      0.7877300      0.7885800      0.7894900      0.7904300      0.7914300      0.7924600      0.7935400      0.7946700      0.7958300      0.7970400      0.7982900      0.7995800      0.8009100      0.8022800      0.8036800      0.8051300      0.8066100    
  0.7785670      0.7802200      0.7822570      0.7831050      0.7839500      0.7843300      0.7847700      0.7852600      0.7858000      0.7863900      0.7870400      0.7877300      0.7884700      0.7892600      0.7900900      0.7909800      0.7919100      0.7928800      0.7939000      0.7949600      0.7960700      0.7972200      0.7984100      0.7996400      0.8009200      0.8022300      0.8035800      0.8049700      0.8063900      0.8078600    
  0.7802200      0.7824890      0.7835270      0.7839500      0.7847670      0.7860200      0.7864400      0.7869100      0.7874300      0.7880000      0.7886300      0.7893000      0.7900300      0.7908000      0.7916200      0.7924800      0.7933900      0.7943500      0.7953500      0.7964000      0.7974900      0.7986200      0.7997900      0.8010100      0.8022600      0.8035600      0.8048900      0.8062600      0.8076700      0.8091200    
  0.7825990      0.7837390      0.7839500      0.7849120      0.7860200      0.7868570      0.7881100      0.7885700      0.7890700      0.7896300      0.7902400      0.7908900      0.7916000      0.7923500      0.7931500      0.7940000      0.7948900      0.7958300      0.7968200      0.7978400      0.7989200      0.8000300      0.8011900      0.8023800      0.8036200      0.8049000      0.8062200      0.8075700      0.8089600      0.8103900    
  0.7838440      0.7839500      0.7849610      0.7860200      0.7869960      0.7881100      0.7883400      0.7885830      0.7896320      0.7912600      0.7918500      0.7924900      0.7931800      0.7939200      0.7947000      0.7955300      0.7964000      0.7973300      0.7982900      0.7993000      0.8003600      0.8014500      0.8025900      0.8037700      0.8049900      0.8062600      0.8075600      0.8088900      0.8102700      0.8116800    
  0.7839500      0.7849770      0.7860200      0.7870420      0.7881100      0.7882250      0.7883440      0.7894540      0.7912600      0.7915550      0.7930880      0.7941100      0.7947700      0.7954900      0.7962600      0.7970700      0.7979300      0.7988300      0.7997800      0.8007700      0.8018100      0.8028900      0.8040100      0.8051800      0.8063800      0.8076200      0.8089100      0.8102300      0.8115900      0.8129800    
  0.7849820      0.7860200      0.7870570      0.7881100      0.7881670      0.7882260      0.7893210      0.7912600      0.7914070      0.7933110      0.7949200      0.7957300      0.7963800      0.7970800      0.7978300      0.7986200      0.7994600      0.8003500      0.8012800      0.8022600      0.8032800      0.8043400      0.8054400      0.8065900      0.8077800      0.8090000      0.8102700      0.8115700      0.8129200      0.8143000    
  0.7860200      0.7870620      0.7881100      0.7881390      0.7881680      0.7892440      0.7912600      0.7913340      0.7934070      0.7953250      0.7957300      0.7960550      0.7969680      0.7986800      0.7994100      0.8001900      0.8010100      0.8018800      0.8028000      0.8037500      0.8047600      0.8058000      0.8068900      0.8080200      0.8091900      0.8104000      0.8116400      0.8129300      0.8142600      0.8156200    
  0.7870640      0.7881100      0.7881240      0.7881390      0.7892030      0.7912600      0.7912970      0.7934520      0.7955270      0.7957300      0.7958920      0.7968580      0.7986800      0.7990450      0.7994270      0.8002030      0.8010270      0.8018970      0.8040940      0.8052600      0.8062500      0.8072700      0.8083400      0.8094500      0.8106100      0.8118000      0.8130300      0.8143000      0.8156100      0.8169600    
  0.7881100      0.7881170      0.7881240      0.7891810      0.7912600      0.7912780      0.7934730      0.7956290      0.7957300      0.7958110      0.7967900      0.7986800      0.7988620      0.7990510      0.7995580      0.8002190      0.8010420      0.8039630      0.8060200      0.8067800      0.8077500      0.8087600      0.8098100      0.8109000      0.8120400      0.8132200      0.8144300      0.8156900      0.8169800      0.8183100    
  0.7881140      0.7881170      0.7891710      0.7912600      0.7912690      0.7934840      0.7956790      0.7957300      0.7957710      0.7967530      0.7986800      0.7987710      0.7988640      0.7991570      0.7996090      0.8002730      0.8036810      0.8064000      0.8067800      0.8079300      0.8092600      0.8102500      0.8112900      0.8123700      0.8134900      0.8146500      0.8158400      0.8170800      0.8183600      0.8196700    
  0.7881140      0.7891650      0.7912600      0.7912650      0.7934900      0.7957050      0.7957300      0.7957500      0.7967330      0.7986800      0.7987260      0.7987720      0.7989310      0.7992100      0.7996800      0.8043230      0.8065900      0.8067800      0.8096490      0.8107900      0.8113740      0.8117600      0.8127800      0.8138400      0.8149400      0.8160900      0.8172700      0.8184900      0.8197500      0.8210500    
  0.7891630      0.7912600      0.7912620      0.7934920      0.7957170      0.7957300      0.7957400      0.7967230      0.7986800      0.7987030      0.7987260      0.7988090      0.7989710      0.8040980      0.8081880      0.8114630      0.8114600      0.8119670      0.8125860      0.8130950      0.8123200      0.8132800      0.8142800      0.8153300      0.8164100      0.8175400      0.8187000      0.8199100      0.8211500      0.8224300    
  0.7912600      0.7912610      0.7934940      0.7957240      0.7957300      0.7957350      0.7967180      0.7986800      0.7986910      0.7987030      0.7987460      0.7988350      0.8078340      0.8186210      0.8185700      0.8158830      0.8163400      0.8161400      0.8146800      0.8138730      0.8138700      0.8148100      0.8158000      0.8168300      0.8178900      0.8190000      0.8201500      0.8213400      0.8225700      0.8238300    
  0.7912610      0.7934940      0.7957270      0.7957300      0.7957320      0.7967160      0.7986800      0.7986860      0.7986910      0.7987130      0.8083930      0.8228400      0.8200700      0.8186730      0.8186730      0.8185700      0.8171630      0.8165400      0.8161400      0.8156120      0.8154300      0.8163600      0.8173300      0.8183400      0.8193900      0.8204800      0.8216100      0.8227800      0.8239900      0.8252400    
  0.7934950      0.7957280      0.7957300      0.7957310      0.7967150      0.7986800      0.7986830      0.7986860      0.7986970      0.8102960      0.8228400      0.8228400      0.8228400      0.8201460      0.8187750      0.8187750      0.8185700      0.8174000      0.8169400      0.8161400      0.8170100      0.8179100      0.8188600      0.8198600      0.8208900      0.8219700      0.8230800      0.8242400      0.8254300      0.8266700    
  0.7957290      0.7957300      0.7957310      0.7967140      0.7986800      0.7986810      0.7986830      0.8067290      0.8144830      0.8228450      0.8228400      0.8228400      0.8228400      0.8228400      0.8202960      0.8189800      0.8189800      0.8185700      0.8179500      0.8177400      0.8185900      0.8194800      0.8204100      0.8213900      0.8224100      0.8234700      0.8245700      0.8257100      0.8268900      0.8281000    
  0.7957300      0.7957300      0.7967140      0.7986800      0.7986810      0.8120620      0.8321300      0.8314900      0.8308500      0.8255230      0.8228540      0.8228400      0.8228400      0.8228400      0.8228400      0.8205870      0.8193910      0.8193900      0.8185700      0.8193500      0.8201800      0.8210600      0.8219800      0.8229400      0.8239400      0.8249800      0.8260600      0.8271900      0.8283500      0.8295500    
  0.7957300      0.7967130      0.7986800      0.7986800      0.8147390      0.8321340      0.8321340      0.8321300      0.8314900      0.8308500      0.8255470      0.8228820      0.8228400      0.8228400      0.8228400      0.8228400      0.8211380      0.8202130      0.8202100      0.8209800      0.8217900      0.8226500      0.8235500      0.8244900      0.8254800      0.8265000      0.8275700      0.8286800      0.8298300      0.8310100    
