iMOD/TUTORIALS/TUT_MetaswapAnalyser/model_MetaSWAP/meteo/Evaporation/Evaporation_20061024_L1.ASC
NCOLS                30
NROWS                30
XLLCORNER     160000.00
YLLCORNER     340000.00
CELLSIZE        1000.00
NODATA_VALUE   -9999.00
  0.3969100      0.3941800      0.3914600      0.3887400      0.3860200      0.3833100      0.3806000      0.3779100      0.3752200      0.3725400      0.3698700      0.3672200      0.3645800      0.3619600      0.3593600      0.3567700      0.3542100      0.3516600      0.3491400      0.3466300      0.3441500      0.3416900      0.3392500      0.3368300      0.3344400      0.3320700      0.3297200      0.3274000      0.3251000      0.3228200    
  0.3954400      0.3927200      0.3900000      0.3872900      0.3845700      0.3818700      0.3791700      0.3764700      0.3737900      0.3711200      0.3684600      0.3658100      0.3631800      0.3605600      0.3579600      0.3553800      0.3528100      0.3502700      0.3477500      0.3452400      0.3427600      0.3403000      0.3378700      0.3354500      0.3330600      0.3306900      0.3283400      0.3260200      0.3237200      0.3214400    
  0.3939600      0.3912500      0.3885400      0.3858300      0.3831200      0.3804200      0.3777200      0.3750300      0.3723500      0.3696900      0.3670300      0.3643900      0.3617600      0.3591500      0.3565500      0.3539800      0.3514200      0.3488700      0.3463500      0.3438500      0.3413700      0.3389200      0.3364800      0.3340700      0.3316700      0.3293000      0.3269600      0.3246300      0.3223300      0.3200500    
  0.3924900      0.3897700      0.3870700      0.3843600      0.3816600      0.3789600      0.3762700      0.3735900      0.3709100      0.3682500      0.3656000      0.3629600      0.3603400      0.3577300      0.3551400      0.3525700      0.3500100      0.3474700      0.3449500      0.3424500      0.3399800      0.3375200      0.3350900      0.3326700      0.3302800      0.3279100      0.3255700      0.3232400      0.3209400      0.3186600    
  0.3910000      0.3883000      0.3855900      0.3828900      0.3801900      0.3775000      0.3748100      0.3721400      0.3694700      0.3668100      0.3641600      0.3615300      0.3589100      0.3563100      0.3537200      0.3511500      0.3486000      0.3460600      0.3435500      0.3410500      0.3385800      0.3361200      0.3336900      0.3312800      0.3288900      0.3265200      0.3241700      0.3218500      0.3195500      0.3172700    
  0.3895200      0.3868200      0.3841100      0.3814200      0.3787200      0.3760400      0.3733500      0.3706800      0.3680200      0.3653600      0.3627200      0.3600900      0.3574800      0.3548800      0.3523000      0.3497300      0.3471800      0.3446500      0.3421300      0.3396400      0.3371700      0.3347200      0.3322800      0.3298700      0.3274900      0.3251200      0.3227700      0.3204500      0.3181500      0.3158700    
  0.3880300      0.3853300      0.3826300      0.3799400      0.3772500      0.3745700      0.3718900      0.3692200      0.3665600      0.3639100      0.3612800      0.3586500      0.3560400      0.3534400      0.3508600      0.3483000      0.3457500      0.3432300      0.3407200      0.3382300      0.3357600      0.3333000      0.3308800      0.3284700      0.3260800      0.3237100      0.3213700      0.3190500      0.3167500      0.3144700    
  0.3865400      0.3838500      0.3811500      0.3784600      0.3757700      0.3730900      0.3704200      0.3677600      0.3651000      0.3624600      0.3598200      0.3572000      0.3546000      0.3520100      0.3494300      0.3468700      0.3443200      0.3418000      0.3392900      0.3368100      0.3343400      0.3318900      0.3294600      0.3270600      0.3246700      0.3223100      0.3199600      0.3176400      0.3153400      0.3130700    
  0.3850500      0.3823600      0.3796700      0.3769800      0.3743000      0.3716200      0.3689500      0.3662900      0.3636400      0.3610000      0.3583700      0.3557500      0.3531500      0.3505600      0.3479900      0.3454300      0.3428900      0.3403700      0.3378700      0.3353800      0.3329100      0.3304700      0.3280400      0.3256400      0.3232600      0.3208900      0.3185500      0.3162300      0.3139300      0.3116600    
  0.3835600      0.3808700      0.3781800      0.3754900      0.3728100      0.3701400      0.3674800      0.3648200      0.3621700      0.3595400      0.3569100      0.3543000      0.3517000      0.3491100      0.3465400      0.3439900      0.3414500      0.3389300      0.3364300      0.3339500      0.3314900      0.3290500      0.3266200      0.3242200      0.3218400      0.3194800      0.3171400      0.3148200      0.3125200      0.3102500    
  0.3835630      0.3808700      0.3771380      0.3740100      0.3713300      0.3686600      0.3660000      0.3633500      0.3607000      0.3580700      0.3554500      0.3528400      0.3502400      0.3476600      0.3451000      0.3425400      0.3400100      0.3375000      0.3350000      0.3325200      0.3300600      0.3276200      0.3252000      0.3228000      0.3204200      0.3180600      0.3157200      0.3134000      0.3111100      0.3088300    
  0.3835630      0.3788950      0.3740100      0.3708880      0.3698500      0.3671800      0.3645200      0.3618700      0.3592300      0.3566000      0.3539800      0.3513800      0.3487800      0.3462100      0.3436400      0.3411000      0.3385700      0.3360500      0.3335600      0.3310800      0.3286200      0.3261900      0.3237700      0.3213700      0.3189900      0.3166400      0.3143000      0.3119800      0.3096900      0.3074200    
  0.3806820      0.3740100      0.3705910      0.3691050      0.3683600      0.3657000      0.3630400      0.3603900      0.3577600      0.3551300      0.3525100      0.3499100      0.3473200      0.3447500      0.3421900      0.3396400      0.3371200      0.3346100      0.3321200      0.3296400      0.3271900      0.3247500      0.3223400      0.3199400      0.3175600      0.3152100      0.3128800      0.3105600      0.3082700      0.3060000    
  0.3740100      0.3704230      0.3687330      0.3683600      0.3660900      0.3642100      0.3615600      0.3589200      0.3562800      0.3536600      0.3510500      0.3484500      0.3458600      0.3432900      0.3407300      0.3381900      0.3356700      0.3331600      0.3306700      0.3282000      0.3257500      0.3233100      0.3209000      0.3185100      0.3161300      0.3137800      0.3114500      0.3091400      0.3068500      0.3045800    
  0.3703350      0.3685460      0.3683600      0.3662200      0.3642100      0.3619500      0.3600800      0.3574400      0.3548000      0.3521800      0.3495700      0.3469800      0.3443900      0.3418300      0.3392700      0.3367300      0.3342100      0.3317100      0.3292200      0.3267500      0.3243000      0.3218700      0.3194600      0.3170700      0.3147000      0.3123500      0.3100200      0.3077100      0.3054300      0.3031600    
  0.3684530      0.3683600      0.3662630      0.3642100      0.3620800      0.3600800      0.3587600      0.3574400      0.3537830      0.3507100      0.3481000      0.3455100      0.3429300      0.3403600      0.3378100      0.3352800      0.3327600      0.3302600      0.3277700      0.3253100      0.3228600      0.3204300      0.3180200      0.3156400      0.3132700      0.3109200      0.3085900      0.3062900      0.3040000      0.3017300    
  0.3683600      0.3662780      0.3642100      0.3621230      0.3600800      0.3594200      0.3587600      0.3551730      0.3507100      0.3494050      0.3461860      0.3440400      0.3414600      0.3389000      0.3363500      0.3338200      0.3313000      0.3288000      0.3263200      0.3238600      0.3214100      0.3189900      0.3165800      0.3142000      0.3118300      0.3094900      0.3071600      0.3048600      0.3025700      0.3003100    
  0.3662830      0.3642100      0.3621380      0.3600800      0.3597500      0.3594200      0.3560160      0.3507100      0.3500570      0.3464350      0.3433050      0.3425700      0.3399900      0.3374300      0.3348800      0.3323500      0.3298400      0.3273400      0.3248700      0.3224100      0.3199600      0.3175400      0.3151400      0.3127600      0.3103900      0.3080500      0.3057300      0.3034300      0.3011500      0.2988900    
  0.3642100      0.3621430      0.3600800      0.3599150      0.3597500      0.3564740      0.3507100      0.3503840      0.3465420      0.3429370      0.3425700      0.3412800      0.3389870      0.3359600      0.3334200      0.3308900      0.3283800      0.3258900      0.3234100      0.3209500      0.3185200      0.3161000      0.3137000      0.3113200      0.3089600      0.3066200      0.3043000      0.3020000      0.2997200      0.2974600    
  0.3621440      0.3600800      0.3599980      0.3599150      0.3567120      0.3507100      0.3505470      0.3465920      0.3427540      0.3425700      0.3419250      0.3396990      0.3359600      0.3346900      0.3334230      0.3308970      0.3283870      0.3258930      0.3215600      0.3195000      0.3170700      0.3146500      0.3122500      0.3098700      0.3075200      0.3051800      0.3028600      0.3005700      0.2982900      0.2960300    
  0.3600800      0.3600390      0.3599980      0.3568340      0.3507100      0.3506280      0.3466160      0.3426620      0.3425700      0.3422470      0.3400390      0.3359600      0.3353250      0.3346910      0.3330030      0.3309020      0.3283920      0.3225330      0.3187750      0.3180500      0.3156100      0.3132000      0.3108100      0.3084300      0.3060800      0.3037400      0.3014300      0.2991300      0.2968600      0.2946100    
  0.3600590      0.3600390      0.3568950      0.3507100      0.3506690      0.3466280      0.3426160      0.3425700      0.3424090      0.3402040      0.3359600      0.3356430      0.3353250      0.3343400      0.3328660      0.3307660      0.3236580      0.3184120      0.3180500      0.3159400      0.3141600      0.3117500      0.3093600      0.3069900      0.3046400      0.3023100      0.2999900      0.2977000      0.2954300      0.2931800    
  0.3600590      0.3569260      0.3507100      0.3506900      0.3466340      0.3425930      0.3425700      0.3424890      0.3402860      0.3359600      0.3358010      0.3356430      0.3351030      0.3341770      0.3326570      0.3238430      0.3182310      0.3180500      0.3143120      0.3127150      0.3112700      0.3103100      0.3079200      0.3055500      0.3032000      0.3008700      0.2985600      0.2962700      0.2940100      0.2917600    
  0.3569410      0.3507100      0.3507000      0.3466370      0.3425820      0.3425700      0.3425300      0.3403260      0.3359600      0.3358810      0.3358010      0.3355150      0.3349740      0.3277070      0.3205740      0.3136950      0.3136950      0.3124620      0.3110270      0.3105450      0.3112700      0.3088600      0.3064700      0.3041100      0.3017600      0.2994300      0.2971300      0.2948500      0.2925800      0.2903400    
  0.3507100      0.3507050      0.3466390      0.3425760      0.3425700      0.3425500      0.3403460      0.3359600      0.3359200      0.3358810      0.3357320      0.3354300      0.3231680      0.3088450      0.3088900      0.3101840      0.3091600      0.3093400      0.3095800      0.3098200      0.3098200      0.3074100      0.3050300      0.3026700      0.3003200      0.2980000      0.2957000      0.2934200      0.2911600      0.2889200    
  0.3507070      0.3466390      0.3425730      0.3425700      0.3425600      0.3403570      0.3359600      0.3359400      0.3359200      0.3358440      0.3242250      0.3070400      0.3082060      0.3088000      0.3088000      0.3088900      0.3089900      0.3089800      0.3093400      0.3086150      0.3083700      0.3059700      0.3035900      0.3012300      0.2988900      0.2965700      0.2942700      0.2919900      0.2897300      0.2875000    
  0.3466400      0.3425710      0.3425700      0.3425650      0.3403620      0.3359600      0.3359500      0.3359400      0.3359020      0.3220140      0.3070400      0.3070400      0.3070400      0.3081390      0.3087100      0.3087100      0.3088900      0.3087490      0.3086200      0.3093400      0.3069300      0.3045300      0.3021500      0.2997900      0.2974500      0.2951400      0.2928400      0.2905700      0.2883100      0.2860800    
  0.3425710      0.3425700      0.3425680      0.3403640      0.3359600      0.3359550      0.3359500      0.3275530      0.3181340      0.3070360      0.3070400      0.3070400      0.3070400      0.3070400      0.3080060      0.3085300      0.3085300      0.3088900      0.3081470      0.3079000      0.3054800      0.3030900      0.3007100      0.2983600      0.2960200      0.2937100      0.2914200      0.2891500      0.2869000      0.2846700    
  0.3425700      0.3425690      0.3403650      0.3359600      0.3359580      0.3229760      0.3035100      0.3029650      0.3024200      0.3054890      0.3070280      0.3070400      0.3070400      0.3070400      0.3070400      0.3077440      0.3081710      0.3081700      0.3088900      0.3064600      0.3040400      0.3016500      0.2992800      0.2969200      0.2945900      0.2922800      0.2900000      0.2877300      0.2854800      0.2832600    
  0.3425690      0.3403660      0.3359600      0.3359590      0.3203810      0.3035070      0.3035070      0.3035100      0.3029650      0.3024200      0.3054700      0.3070050      0.3070400      0.3070400      0.3070400      0.3070400      0.3072340      0.3074530      0.3074500      0.3050200      0.3026100      0.3002200      0.2978500      0.2955000      0.2931700      0.2908600      0.2885800      0.2863100      0.2840700      0.2818500    
