iMOD/TUTORIALS/TUT_MetaswapAnalyser/model_MetaSWAP/meteo/Evaporation/Evaporation_20061214_L1.ASC
NCOLS                30
NROWS                30
XLLCORNER     160000.00
YLLCORNER     340000.00
CELLSIZE        1000.00
NODATA_VALUE   -9999.00
  0.2211500      0.2203800      0.2196200      0.2188600      0.2181100      0.2173700      0.2166300      0.2159000      0.2151800      0.2144600      0.2137500      0.2130400      0.2123400      0.2116500      0.2109600      0.2102800      0.2096000      0.2089300      0.2082700      0.2076100      0.2069500      0.2063000      0.2056600      0.2050200      0.2043900      0.2037700      0.2031500      0.2025300      0.2019200      0.2013200    
  0.2217600      0.2210100      0.2202600      0.2195100      0.2187700      0.2180400      0.2173200      0.2165900      0.2158800      0.2151700      0.2144700      0.2137700      0.2130800      0.2123900      0.2117100      0.2110400      0.2103700      0.2097000      0.2090400      0.2083900      0.2077400      0.2071000      0.2064600      0.2058200      0.2052000      0.2045700      0.2039600      0.2033500      0.2027400      0.2021400    
  0.2223900      0.2216400      0.2209000      0.2201700      0.2194400      0.2187200      0.2180000      0.2172900      0.2165900      0.2158900      0.2151900      0.2145000      0.2138200      0.2131400      0.2124700      0.2118000      0.2111300      0.2104800      0.2098200      0.2091700      0.2085300      0.2078900      0.2072600      0.2066300      0.2060100      0.2053900      0.2047700      0.2041600      0.2035600      0.2029600    
  0.2230100      0.2222800      0.2215500      0.2208300      0.2201100      0.2194000      0.2186900      0.2179900      0.2173000      0.2166100      0.2159200      0.2152400      0.2145600      0.2138900      0.2132300      0.2125600      0.2119100      0.2112600      0.2106100      0.2099600      0.2093300      0.2086900      0.2080600      0.2074400      0.2068200      0.2062000      0.2055900      0.2049800      0.2043800      0.2037800    
  0.2236400      0.2229200      0.2222100      0.2215000      0.2207900      0.2200900      0.2193900      0.2187000      0.2180100      0.2173300      0.2166500      0.2159800      0.2153100      0.2146500      0.2139900      0.2133400      0.2126900      0.2120400      0.2114000      0.2107600      0.2101300      0.2095000      0.2088700      0.2082500      0.2076300      0.2070200      0.2064100      0.2058100      0.2052100      0.2046100    
  0.2242800      0.2235700      0.2228700      0.2221700      0.2214700      0.2207800      0.2200900      0.2194100      0.2187300      0.2180600      0.2173900      0.2167300      0.2160700      0.2154100      0.2147600      0.2141100      0.2134700      0.2128300      0.2121900      0.2115600      0.2109300      0.2103100      0.2096800      0.2090700      0.2084500      0.2078400      0.2072400      0.2066400      0.2060400      0.2054400    
  0.2249200      0.2242200      0.2235300      0.2228400      0.2221600      0.2214700      0.2208000      0.2201300      0.2194600      0.2187900      0.2181300      0.2174800      0.2168200      0.2161800      0.2155300      0.2148900      0.2142500      0.2136200      0.2129900      0.2123600      0.2117400      0.2111200      0.2105000      0.2098900      0.2092800      0.2086700      0.2080700      0.2074700      0.2068700      0.2062800    
  0.2255600      0.2248800      0.2242000      0.2235200      0.2228400      0.2221700      0.2215100      0.2208400      0.2201900      0.2195300      0.2188800      0.2182300      0.2175900      0.2169500      0.2163100      0.2156700      0.2150400      0.2144100      0.2137900      0.2131700      0.2125500      0.2119300      0.2113200      0.2107100      0.2101000      0.2095000      0.2089000      0.2083000      0.2077100      0.2071200    
  0.2262100      0.2255400      0.2248700      0.2242000      0.2235400      0.2228800      0.2222200      0.2215700      0.2209200      0.2202700      0.2196300      0.2189900      0.2183500      0.2177200      0.2170900      0.2164600      0.2158300      0.2152100      0.2145900      0.2139800      0.2133600      0.2127500      0.2121400      0.2115400      0.2109300      0.2103300      0.2097300      0.2091400      0.2085400      0.2079500    
  0.2268600      0.2262000      0.2255400      0.2248900      0.2242300      0.2235800      0.2229400      0.2222900      0.2216500      0.2210100      0.2203800      0.2197500      0.2191200      0.2184900      0.2178700      0.2172500      0.2166300      0.2160100      0.2154000      0.2147900      0.2141800      0.2135700      0.2129700      0.2123600      0.2117600      0.2111600      0.2105700      0.2099800      0.2093800      0.2087900    
  0.2268630      0.2262000      0.2255500      0.2255700      0.2249300      0.2242900      0.2236500      0.2230200      0.2223900      0.2217600      0.2211300      0.2205100      0.2198900      0.2192700      0.2186500      0.2180400      0.2174300      0.2168200      0.2162100      0.2156000      0.2150000      0.2143900      0.2137900      0.2131900      0.2126000      0.2120000      0.2114100      0.2108100      0.2102300      0.2096400    
  0.2268630      0.2260460      0.2255700      0.2256150      0.2256300      0.2250000      0.2243700      0.2237500      0.2231300      0.2225100      0.2218900      0.2212700      0.2206600      0.2200500      0.2194400      0.2188300      0.2182300      0.2176200      0.2170200      0.2164200      0.2158200      0.2152200      0.2146200      0.2140200      0.2134300      0.2128400      0.2122500      0.2116600      0.2110700      0.2104800    
  0.2265020      0.2255700      0.2258740      0.2259800      0.2263300      0.2257100      0.2251000      0.2244800      0.2238700      0.2232600      0.2226500      0.2220400      0.2214300      0.2208300      0.2202300      0.2196300      0.2190300      0.2184300      0.2178300      0.2172300      0.2166400      0.2160400      0.2154500      0.2148600      0.2142700      0.2136800      0.2130900      0.2125000      0.2119100      0.2113300    
  0.2255700      0.2259820      0.2261550      0.2263300      0.2261570      0.2264300      0.2258200      0.2252100      0.2246100      0.2240100      0.2234100      0.2228100      0.2222100      0.2216100      0.2210200      0.2204200      0.2198300      0.2192400      0.2186400      0.2180500      0.2174600      0.2168700      0.2162800      0.2156900      0.2151000      0.2145200      0.2139300      0.2133400      0.2127600      0.2121700    
  0.2260310      0.2262420      0.2263300      0.2263060      0.2264300      0.2262630      0.2265400      0.2259500      0.2253500      0.2247600      0.2241700      0.2235800      0.2229900      0.2224000      0.2218100      0.2212200      0.2206300      0.2200400      0.2194600      0.2188700      0.2182800      0.2177000      0.2171100      0.2165300      0.2159400      0.2153500      0.2147700      0.2141800      0.2136000      0.2130200    
  0.2262860      0.2263300      0.2263550      0.2264300      0.2264110      0.2265400      0.2262450      0.2259470      0.2253930      0.2255100      0.2249300      0.2243400      0.2237600      0.2231800      0.2226000      0.2220200      0.2214400      0.2208500      0.2202700      0.2196900      0.2191100      0.2185300      0.2179400      0.2173600      0.2167800      0.2161900      0.2156100      0.2150300      0.2144400      0.2138600    
  0.2263300      0.2263720      0.2264300      0.2264600      0.2265400      0.2263930      0.2262440      0.2257740      0.2255100      0.2252200      0.2251540      0.2251100      0.2245400      0.2239600      0.2233900      0.2228100      0.2222400      0.2216600      0.2210900      0.2205100      0.2199300      0.2193500      0.2187800      0.2182000      0.2176200      0.2170300      0.2164500      0.2158700      0.2152900      0.2147100    
  0.2263770      0.2264300      0.2264770      0.2265400      0.2264660      0.2263920      0.2259800      0.2255100      0.2253650      0.2254520      0.2254950      0.2258800      0.2253100      0.2247500      0.2241800      0.2236100      0.2230400      0.2224700      0.2219000      0.2213300      0.2207600      0.2201800      0.2196100      0.2190300      0.2184500      0.2178700      0.2172900      0.2167100      0.2161300      0.2155500    
  0.2264300      0.2264820      0.2265400      0.2265030      0.2264660      0.2260870      0.2255100      0.2254370      0.2255790      0.2256880      0.2258800      0.2255950      0.2253680      0.2255300      0.2249700      0.2244100      0.2238400      0.2232800      0.2227200      0.2221500      0.2215800      0.2210100      0.2204400      0.2198600      0.2192900      0.2187100      0.2181300      0.2175600      0.2169800      0.2163900    
  0.2264840      0.2265400      0.2265220      0.2265030      0.2261420      0.2255100      0.2254740      0.2256380      0.2257840      0.2258800      0.2257370      0.2255930      0.2255300      0.2252500      0.2249700      0.2244070      0.2238430      0.2232800      0.2229800      0.2229700      0.2224000      0.2218400      0.2212700      0.2207000      0.2201200      0.2195500      0.2189700      0.2184000      0.2178200      0.2172400    
  0.2265400      0.2265310      0.2265220      0.2261690      0.2255100      0.2254920      0.2256670      0.2258320      0.2258800      0.2258090      0.2256850      0.2255300      0.2253900      0.2252500      0.2248760      0.2244070      0.2238430      0.2234520      0.2233750      0.2237800      0.2232200      0.2226600      0.2221000      0.2215300      0.2209600      0.2203900      0.2198100      0.2192300      0.2186600      0.2180800    
  0.2265350      0.2265310      0.2261830      0.2255100      0.2255010      0.2256810      0.2258560      0.2258800      0.2258440      0.2257260      0.2255300      0.2254600      0.2253900      0.2251720      0.2248440      0.2243750      0.2238120      0.2235770      0.2237800      0.2236800      0.2240400      0.2234800      0.2229200      0.2223600      0.2217900      0.2212200      0.2206500      0.2200700      0.2194900      0.2189100    
  0.2265350      0.2261900      0.2255100      0.2255050      0.2256880      0.2258680      0.2258800      0.2258620      0.2257450      0.2255300      0.2254950      0.2254600      0.2253410      0.2251350      0.2247970      0.2245830      0.2236790      0.2237800      0.2245990      0.2248550      0.2245220      0.2243000      0.2237500      0.2231900      0.2226200      0.2220500      0.2214800      0.2209100      0.2203300      0.2197500    
  0.2261930      0.2255100      0.2255080      0.2256910      0.2258740      0.2258800      0.2258710      0.2257540      0.2255300      0.2255130      0.2254950      0.2254320      0.2253120      0.2265030      0.2267060      0.2262050      0.2262050      0.2260050      0.2258070      0.2260800      0.2256700      0.2251200      0.2245700      0.2240100      0.2234500      0.2228800      0.2223100      0.2217400      0.2211600      0.2205800    
  0.2255100      0.2255090      0.2256930      0.2258770      0.2258800      0.2258760      0.2257590      0.2255300      0.2255210      0.2255130      0.2254800      0.2254130      0.2277600      0.2307650      0.2307400      0.2287770      0.2287300      0.2286300      0.2272070      0.2264870      0.2264900      0.2259400      0.2253900      0.2248300      0.2242700      0.2237100      0.2231400      0.2225700      0.2219900      0.2214100    
  0.2255090      0.2256940      0.2258780      0.2258800      0.2258780      0.2257610      0.2255300      0.2255260      0.2255210      0.2255050      0.2287090      0.2335700      0.2317200      0.2307890      0.2307890      0.2307400      0.2294350      0.2288300      0.2286300      0.2276300      0.2273000      0.2267500      0.2262000      0.2256500      0.2250900      0.2245300      0.2239600      0.2233900      0.2228200      0.2222400    
  0.2256950      0.2258790      0.2258800      0.2258790      0.2257620      0.2255300      0.2255280      0.2255260      0.2255170      0.2293750      0.2335700      0.2335700      0.2335700      0.2317560      0.2308380      0.2308390      0.2307400      0.2295390      0.2290300      0.2286300      0.2281000      0.2275600      0.2270200      0.2264700      0.2259100      0.2253500      0.2247800      0.2242100      0.2236400      0.2230600    
  0.2258800      0.2258800      0.2258790      0.2257630      0.2255300      0.2255290      0.2255280      0.2285830      0.2311200      0.2335720      0.2335700      0.2335700      0.2335700      0.2335700      0.2318270      0.2309370      0.2309370      0.2307400      0.2297580      0.2294300      0.2289000      0.2283700      0.2278300      0.2272800      0.2267200      0.2261600      0.2256000      0.2250300      0.2244500      0.2238700    
  0.2258800      0.2258800      0.2257630      0.2255300      0.2255290      0.2308820      0.2389100      0.2383350      0.2377600      0.2349720      0.2335760      0.2335700      0.2335700      0.2335700      0.2335700      0.2319630      0.2311330      0.2311350      0.2307400      0.2302300      0.2297000      0.2291700      0.2286300      0.2280800      0.2275300      0.2269800      0.2264100      0.2258400      0.2252700      0.2246900    
  0.2258800      0.2257630      0.2255300      0.2255300      0.2319530      0.2389110      0.2389110      0.2389100      0.2383350      0.2377600      0.2349830      0.2335890      0.2335700      0.2335700      0.2335700      0.2335700      0.2322120      0.2315230      0.2315300      0.2310100      0.2304900      0.2299600      0.2294300      0.2288900      0.2283400      0.2277800      0.2272200      0.2266500      0.2260700      0.2254900    
