iMOD/TUTORIALS/TUT_MetaswapAnalyser/model_MetaSWAP/meteo/Evaporation/Evaporation_20050716_L1.ASC
NCOLS                30
NROWS                30
XLLCORNER     160000.00
YLLCORNER     340000.00
CELLSIZE        1000.00
NODATA_VALUE   -9999.00
   3.850080       3.846850       3.843600       3.840320       3.837030       3.833720       3.830380       3.827040       3.823670       3.820280       3.816890       3.813480       3.810050       3.806620       3.803170       3.799710       3.796240       3.792760       3.789270       3.785770       3.782270       3.778750       3.775230       3.771700       3.768160       3.764610       3.761050       3.757490       3.753920       3.750340    
   3.850320       3.847070       3.843800       3.840510       3.837200       3.833870       3.830530       3.827160       3.823780       3.820380       3.816980       3.813550       3.810120       3.806670       3.803210       3.799740       3.796260       3.792770       3.789270       3.785760       3.782250       3.778730       3.775190       3.771660       3.768110       3.764550       3.760990       3.757420       3.753850       3.750260    
   3.850560       3.847290       3.844000       3.840690       3.837360       3.834020       3.830650       3.827270       3.823880       3.820470       3.817050       3.813610       3.810160       3.806700       3.803230       3.799750       3.796260       3.792760       3.789260       3.785740       3.782220       3.778690       3.775150       3.771600       3.768050       3.764490       3.760920       3.757340       3.753760       3.750170    
   3.850780       3.847490       3.844180       3.840850       3.837510       3.834150       3.830770       3.827370       3.823970       3.820540       3.817110       3.813660       3.810200       3.806730       3.803250       3.799760       3.796260       3.792750       3.789230       3.785710       3.782170       3.778630       3.775090       3.771530       3.767970       3.764410       3.760840       3.757260       3.753670       3.750080    
   3.851000       3.847690       3.844360       3.841010       3.837650       3.834270       3.830870       3.827460       3.824040       3.820600       3.817150       3.813690       3.810220       3.806740       3.803250       3.799740       3.796240       3.792720       3.789190       3.785660       3.782120       3.778570       3.775020       3.771460       3.767890       3.764320       3.760740       3.757150       3.753560       3.749970    
   3.851200       3.847870       3.844520       3.841150       3.837770       3.834380       3.830960       3.827540       3.824100       3.820650       3.817190       3.813720       3.810230       3.806740       3.803230       3.799720       3.796200       3.792670       3.789140       3.785600       3.782050       3.778500       3.774930       3.771370       3.767800       3.764220       3.760630       3.757040       3.753450       3.749850    
   3.851400       3.848050       3.844680       3.841290       3.837890       3.834480       3.831050       3.827610       3.824160       3.820690       3.817210       3.813730       3.810230       3.806730       3.803210       3.799690       3.796160       3.792620       3.789080       3.785530       3.781970       3.778410       3.774840       3.771270       3.767690       3.764110       3.760520       3.756920       3.753320       3.749720    
   3.851600       3.848220       3.844830       3.841420       3.838000       3.834570       3.831120       3.827670       3.824200       3.820720       3.817230       3.813730       3.810220       3.806700       3.803180       3.799650       3.796110       3.792560       3.789010       3.785450       3.781880       3.778310       3.774740       3.771160       3.767580       3.763990       3.760390       3.756800       3.753190       3.749580    
   3.851790       3.848380       3.844970       3.841540       3.838110       3.834660       3.831190       3.827720       3.824240       3.820740       3.817240       3.813730       3.810200       3.806680       3.803140       3.799600       3.796040       3.792490       3.788930       3.785360       3.781790       3.778210       3.774630       3.771040       3.767450       3.763860       3.760260       3.756660       3.753050       3.749440    
   3.851970       3.848540       3.845110       3.841660       3.838200       3.834740       3.831260       3.827770       3.824270       3.820760       3.817240       3.813710       3.810180       3.806640       3.803090       3.799540       3.795980       3.792410       3.788840       3.785260       3.781680       3.778100       3.774510       3.770920       3.767320       3.763720       3.760120       3.756510       3.752900       3.749290    
   3.851960       3.848540       3.844270       3.841780       3.838300       3.834810       3.831310       3.827810       3.824290       3.820770       3.817240       3.813700       3.810150       3.806600       3.803030       3.799470       3.795900       3.792320       3.788740       3.785160       3.781570       3.777980       3.774380       3.770790       3.767190       3.763580       3.759970       3.756360       3.752750       3.749130    
   3.851960       3.846640       3.841780       3.839240       3.838390       3.834880       3.831370       3.827840       3.824310       3.820770       3.817230       3.813670       3.810110       3.806550       3.802970       3.799400       3.795820       3.792230       3.788640       3.785050       3.781450       3.777850       3.774250       3.770650       3.767040       3.763430       3.759820       3.756210       3.752590       3.748970    
   3.848940       3.841780       3.839480       3.838440       3.838480       3.834950       3.831420       3.827880       3.824330       3.820770       3.817210       3.813640       3.810070       3.806490       3.802910       3.799320       3.795730       3.792130       3.788530       3.784930       3.781330       3.777720       3.774110       3.770500       3.766890       3.763280       3.759660       3.756040       3.752430       3.748800    
   3.841780       3.839550       3.838460       3.838480       3.836150       3.835020       3.831460       3.827910       3.824340       3.820770       3.817190       3.813610       3.810020       3.806430       3.802840       3.799240       3.795630       3.792030       3.788420       3.784810       3.781200       3.777590       3.773970       3.770360       3.766740       3.763120       3.759500       3.755880       3.752260       3.748630    
   3.839570       3.838470       3.838480       3.836550       3.835020       3.832660       3.831510       3.827930       3.824350       3.820770       3.817170       3.813580       3.809980       3.806370       3.802760       3.799150       3.795540       3.791920       3.788310       3.784690       3.781070       3.777450       3.773830       3.770200       3.766580       3.762960       3.759330       3.755710       3.752080       3.748460    
   3.838470       3.838480       3.836680       3.835020       3.833060       3.831510       3.829720       3.827930       3.823450       3.820760       3.817150       3.813540       3.809920       3.806310       3.802690       3.799060       3.795440       3.791810       3.788190       3.784560       3.780930       3.777300       3.773680       3.770050       3.766420       3.762790       3.759160       3.755540       3.751910       3.748280    
   3.838480       3.836730       3.835020       3.833200       3.831510       3.830620       3.829720       3.825470       3.820760       3.818950       3.815680       3.813500       3.809870       3.806240       3.802610       3.798970       3.795340       3.791700       3.788070       3.784430       3.780790       3.777160       3.773520       3.769890       3.766260       3.762620       3.758990       3.755360       3.751730       3.748100    
   3.836740       3.835020       3.833240       3.831510       3.831060       3.830620       3.826640       3.820760       3.819860       3.816470       3.813480       3.813460       3.809820       3.806170       3.802530       3.798880       3.795240       3.791590       3.787940       3.784300       3.780660       3.777010       3.773370       3.769730       3.766090       3.762460       3.758820       3.755180       3.751550       3.747920    
   3.835020       3.833260       3.831510       3.831290       3.831060       3.827270       3.820760       3.820310       3.816800       3.813470       3.813460       3.811640       3.808890       3.806110       3.802450       3.798790       3.795130       3.791480       3.787820       3.784170       3.780510       3.776860       3.773220       3.769570       3.765930       3.762290       3.758650       3.755010       3.751370       3.747740    
   3.833260       3.831510       3.831400       3.831290       3.827590       3.820760       3.820530       3.816960       3.813470       3.813460       3.812550       3.810020       3.806110       3.804280       3.802450       3.798790       3.795130       3.791480       3.786280       3.784030       3.780370       3.776720       3.773060       3.769410       3.765760       3.762120       3.758470       3.754830       3.751190       3.747560    
   3.831510       3.831450       3.831400       3.827760       3.820760       3.820650       3.817040       3.813460       3.813460       3.813000       3.810540       3.806110       3.805190       3.804280       3.801840       3.798790       3.795130       3.788150       3.783970       3.783900       3.780230       3.776570       3.772910       3.769250       3.765600       3.761950       3.758300       3.754660       3.751010       3.747380    
   3.831480       3.831450       3.827840       3.820760       3.820700       3.817070       3.813460       3.813460       3.813230       3.810780       3.806110       3.805650       3.805190       3.803770       3.801640       3.798590       3.789980       3.783930       3.783900       3.781410       3.780100       3.776420       3.772760       3.769090       3.765430       3.761780       3.758130       3.754480       3.750840       3.747200    
   3.831480       3.827880       3.820760       3.820730       3.817090       3.813460       3.813460       3.813350       3.810890       3.806110       3.805880       3.805650       3.804870       3.803530       3.801330       3.791530       3.783920       3.783900       3.781260       3.779960       3.777750       3.776280       3.772610       3.768940       3.765270       3.761610       3.757960       3.754310       3.750660       3.747020    
   3.827910       3.820760       3.820750       3.817100       3.813460       3.813460       3.813400       3.810950       3.806110       3.806000       3.805880       3.805470       3.804690       3.799120       3.791850       3.783540       3.783540       3.781790       3.779810       3.779770       3.779830       3.776140       3.772460       3.768780       3.765110       3.761450       3.757790       3.754140       3.750490       3.746850    
   3.820760       3.820750       3.817110       3.813460       3.813460       3.813430       3.810980       3.806110       3.806050       3.806000       3.805780       3.805350       3.796550       3.786730       3.786730       3.784440       3.783170       3.783180       3.780780       3.779700       3.779700       3.776000       3.772320       3.768630       3.764960       3.761290       3.757630       3.753980       3.750330       3.746680    
   3.820760       3.817110       3.813460       3.813460       3.813450       3.811000       3.806110       3.806080       3.806050       3.805940       3.799550       3.790320       3.787920       3.786730       3.786730       3.786730       3.784330       3.783150       3.783180       3.780480       3.779580       3.775870       3.772180       3.768490       3.764810       3.761140       3.757480       3.753820       3.750170       3.746520    
   3.817110       3.813460       3.813460       3.813450       3.811000       3.806110       3.806100       3.806080       3.806030       3.798440       3.790320       3.790320       3.790320       3.787920       3.786720       3.786720       3.786730       3.784260       3.783130       3.783180       3.779460       3.775750       3.772040       3.768350       3.764670       3.760990       3.757320       3.753660       3.750010       3.746370    
   3.813460       3.813460       3.813460       3.811010       3.806110       3.806100       3.806100       3.803090       3.797770       3.790320       3.790320       3.790320       3.790320       3.790320       3.787910       3.786710       3.786710       3.786730       3.783990       3.783080       3.779350       3.775630       3.771920       3.768220       3.764530       3.760850       3.757180       3.753520       3.749860       3.746220    
   3.813460       3.813460       3.811010       3.806110       3.806110       3.802910       3.798130       3.796140       3.794160       3.791600       3.790320       3.790320       3.790320       3.790320       3.790320       3.787880       3.786690       3.786690       3.786730       3.782980       3.779240       3.775510       3.771800       3.768090       3.764400       3.760720       3.757040       3.753380       3.749720       3.746080    
   3.813460       3.811010       3.806110       3.806110       3.802280       3.798130       3.798130       3.798130       3.796140       3.794160       3.791600       3.790320       3.790320       3.790320       3.790320       3.790320       3.787800       3.786660       3.786650       3.782890       3.779140       3.775410       3.771690       3.767980       3.764280       3.760590       3.756910       3.753250       3.749590       3.745940    
