iMOD/TUTORIALS/TUT_MetaswapAnalyser/model_MetaSWAP/meteo/Evaporation/Evaporation_20050916_L1.ASC
NCOLS                30
NROWS                30
XLLCORNER     160000.00
YLLCORNER     340000.00
CELLSIZE        1000.00
NODATA_VALUE   -9999.00
   1.741800       1.739040       1.736300       1.733580       1.730870       1.728200       1.725540       1.722900       1.720290       1.717700       1.715140       1.712600       1.710080       1.707580       1.705110       1.702670       1.700240       1.697840       1.695470       1.693120       1.690790       1.688480       1.686200       1.683950       1.681710       1.679500       1.677320       1.675150       1.673010       1.670890    
   1.736750       1.733980       1.731220       1.728490       1.725780       1.723090       1.720420       1.717770       1.715150       1.712550       1.709970       1.707420       1.704890       1.702390       1.699910       1.697460       1.695030       1.692620       1.690240       1.687880       1.685550       1.683240       1.680960       1.678700       1.676470       1.674260       1.672070       1.669910       1.667770       1.665650    
   1.731690       1.728900       1.726130       1.723390       1.720660       1.717960       1.715280       1.712620       1.709990       1.707380       1.704790       1.702230       1.699690       1.697180       1.694690       1.692230       1.689800       1.687380       1.685000       1.682640       1.680300       1.677990       1.675710       1.673450       1.671210       1.669000       1.666820       1.664660       1.662520       1.660410    
   1.726600       1.723800       1.721030       1.718270       1.715530       1.712820       1.710130       1.707460       1.704820       1.702200       1.699600       1.697030       1.694480       1.691960       1.689470       1.687000       1.684550       1.682130       1.679740       1.677380       1.675040       1.672730       1.670440       1.668180       1.665950       1.663740       1.661550       1.659390       1.657260       1.655150    
   1.721500       1.718690       1.715910       1.713140       1.710390       1.707670       1.704960       1.702280       1.699630       1.697000       1.694390       1.691810       1.689260       1.686730       1.684220       1.681750       1.679300       1.676870       1.674480       1.672110       1.669770       1.667450       1.665160       1.662900       1.660670       1.658460       1.656280       1.654120       1.651990       1.649880    
   1.716390       1.713570       1.710770       1.707990       1.705230       1.702500       1.699790       1.697100       1.694430       1.691790       1.689170       1.686580       1.684020       1.681480       1.678970       1.676490       1.674030       1.671600       1.669200       1.666830       1.664480       1.662170       1.659880       1.657610       1.655380       1.653170       1.650990       1.648840       1.646710       1.644610    
   1.711260       1.708430       1.705620       1.702830       1.700070       1.697320       1.694600       1.691900       1.689220       1.686570       1.683940       1.681340       1.678770       1.676230       1.673710       1.671220       1.668760       1.666320       1.663920       1.661540       1.659190       1.656870       1.654580       1.652320       1.650080       1.647880       1.645700       1.643550       1.641430       1.639330    
   1.706130       1.703290       1.700470       1.697670       1.694890       1.692130       1.689390       1.686680       1.684000       1.681340       1.678700       1.676090       1.673510       1.670960       1.668430       1.665940       1.663470       1.661030       1.658620       1.656240       1.653890       1.651570       1.649280       1.647010       1.644780       1.642580       1.640400       1.638250       1.636140       1.634040    
   1.700980       1.698130       1.695300       1.692490       1.689700       1.686930       1.684180       1.681460       1.678770       1.676100       1.673450       1.670840       1.668250       1.665690       1.663150       1.660650       1.658180       1.655730       1.653320       1.650930       1.648580       1.646260       1.643960       1.641700       1.639470       1.637270       1.635100       1.632950       1.630840       1.628750    
   1.695820       1.692960       1.690120       1.687300       1.684500       1.681720       1.678960       1.676230       1.673530       1.670850       1.668190       1.665570       1.662970       1.660400       1.657860       1.655350       1.652870       1.650430       1.648010       1.645620       1.643260       1.640940       1.638650       1.636380       1.634150       1.631950       1.629780       1.627640       1.625530       1.623450    
   1.695830       1.692970       1.688120       1.682100       1.679290       1.676500       1.673740       1.671000       1.668280       1.665590       1.662930       1.660300       1.657690       1.655110       1.652570       1.650050       1.647570       1.645110       1.642690       1.640300       1.637940       1.635620       1.633320       1.631060       1.628830       1.626630       1.624470       1.622330       1.620230       1.618150    
   1.695830       1.689750       1.682100       1.676080       1.674080       1.671280       1.668500       1.665750       1.663030       1.660330       1.657660       1.655020       1.652400       1.649820       1.647260       1.644740       1.642250       1.639790       1.637370       1.634980       1.632620       1.630290       1.628000       1.625740       1.623510       1.621310       1.619150       1.617020       1.614920       1.612850    
   1.691600       1.682100       1.674630       1.671470       1.668860       1.666050       1.663260       1.660500       1.657770       1.655060       1.652380       1.649730       1.647110       1.644520       1.641960       1.639430       1.636930       1.634470       1.632040       1.629650       1.627290       1.624960       1.622660       1.620400       1.618180       1.615990       1.613830       1.611700       1.609610       1.607550    
   1.682100       1.673940       1.670160       1.668860       1.665240       1.660820       1.658020       1.655250       1.652510       1.649790       1.647100       1.644440       1.641810       1.639210       1.636650       1.634110       1.631610       1.629150       1.626710       1.624320       1.621950       1.619620       1.617330       1.615070       1.612850       1.610660       1.608500       1.606380       1.604300       1.602240    
   1.673600       1.669510       1.668860       1.664970       1.660820       1.657200       1.652770       1.649990       1.647240       1.644510       1.641820       1.639150       1.636510       1.633910       1.631330       1.628790       1.626290       1.623820       1.621380       1.618980       1.616620       1.614290       1.611990       1.609740       1.607520       1.605330       1.603180       1.601060       1.598980       1.596940    
   1.669190       1.668860       1.664880       1.660820       1.656930       1.652770       1.651380       1.650000       1.645250       1.639240       1.636530       1.633860       1.631210       1.628600       1.626020       1.623470       1.620960       1.618490       1.616050       1.613650       1.611280       1.608950       1.606660       1.604400       1.602180       1.600000       1.597860       1.595750       1.593670       1.591630    
   1.668860       1.664850       1.660820       1.656840       1.652770       1.652080       1.651380       1.646470       1.639240       1.637890       1.632290       1.628560       1.625910       1.623290       1.620700       1.618150       1.615640       1.613160       1.610720       1.608310       1.605940       1.603610       1.601320       1.599070       1.596850       1.594680       1.592530       1.590430       1.588360       1.586330    
   1.664840       1.660820       1.656810       1.652770       1.652420       1.652080       1.647290       1.639240       1.638560       1.631720       1.625920       1.623270       1.620610       1.617980       1.615390       1.612830       1.610310       1.607830       1.605380       1.602980       1.600610       1.598280       1.595990       1.593740       1.591520       1.589350       1.587220       1.585120       1.583060       1.581030    
   1.660820       1.656800       1.652770       1.652600       1.652420       1.647760       1.639240       1.638900       1.631480       1.624590       1.623270       1.621940       1.618630       1.612680       1.610080       1.607510       1.604990       1.602500       1.600050       1.597640       1.595270       1.592950       1.590660       1.588410       1.586200       1.584030       1.581900       1.579810       1.577760       1.575740    
   1.656800       1.652770       1.652680       1.652600       1.648000       1.639240       1.639070       1.631360       1.623930       1.623270       1.622610       1.619130       1.612680       1.611380       1.610090       1.607530       1.605000       1.602510       1.595900       1.592320       1.589940       1.587620       1.585330       1.583080       1.580880       1.578710       1.576590       1.574500       1.572460       1.570450    
   1.652770       1.652730       1.652680       1.648130       1.639240       1.639160       1.631310       1.623600       1.623270       1.622940       1.619420       1.612680       1.612030       1.611380       1.609670       1.607540       1.605010       1.596010       1.589650       1.586990       1.584620       1.582290       1.580010       1.577760       1.575560       1.573400       1.571280       1.569210       1.567170       1.565170    
   1.652750       1.652730       1.648200       1.639240       1.639200       1.631280       1.623440       1.623270       1.623100       1.619580       1.612680       1.612350       1.612030       1.611030       1.609530       1.607410       1.596780       1.588320       1.586990       1.583640       1.579300       1.576970       1.574690       1.572450       1.570250       1.568100       1.565990       1.563920       1.561890       1.559900    
   1.652750       1.648230       1.639240       1.639220       1.631270       1.623350       1.623270       1.623190       1.619660       1.612680       1.612520       1.612360       1.611800       1.610860       1.609320       1.594490       1.587660       1.586990       1.577670       1.573990       1.572600       1.571660       1.569380       1.567140       1.564950       1.562800       1.560700       1.558640       1.556620       1.554640    
   1.648240       1.639240       1.639230       1.631260       1.623310       1.623270       1.623230       1.619700       1.612680       1.612600       1.612520       1.612230       1.611670       1.594780       1.581510       1.571100       1.571100       1.569640       1.567810       1.566040       1.568690       1.566360       1.564080       1.561840       1.559660       1.557510       1.555420       1.553370       1.551360       1.549390    
   1.639240       1.639230       1.631260       1.623290       1.623270       1.623250       1.619720       1.612680       1.612640       1.612600       1.612450       1.612140       1.582500       1.546990       1.547150       1.556160       1.554550       1.555210       1.560510       1.563400       1.563390       1.561070       1.558790       1.556560       1.554380       1.552240       1.550150       1.548110       1.546110       1.544150    
   1.639240       1.631260       1.623280       1.623270       1.623260       1.619730       1.612680       1.612660       1.612640       1.612560       1.581050       1.534040       1.542540       1.546820       1.546820       1.547150       1.551830       1.553900       1.555210       1.557390       1.558110       1.555780       1.553510       1.551280       1.549100       1.546980       1.544890       1.542860       1.540870       1.538930    
   1.631260       1.623280       1.623270       1.623260       1.619730       1.612680       1.612670       1.612660       1.612620       1.574870       1.534040       1.534040       1.534040       1.542300       1.546500       1.546500       1.547150       1.551050       1.552590       1.555210       1.552840       1.550520       1.548240       1.546020       1.543850       1.541730       1.539650       1.537630       1.535650       1.533720    
   1.623270       1.623270       1.623270       1.619740       1.612680       1.612670       1.612670       1.587270       1.561950       1.534030       1.534040       1.534040       1.534040       1.534040       1.541820       1.545850       1.545850       1.547150       1.549260       1.549960       1.547580       1.545260       1.542990       1.540770       1.538610       1.536490       1.534430       1.532410       1.530450       1.528530    
   1.623270       1.623270       1.619740       1.612680       1.612680       1.571120       1.508800       1.509970       1.511140       1.526370       1.534000       1.534040       1.534040       1.534040       1.534040       1.540890       1.544540       1.544540       1.547150       1.544720       1.542340       1.540020       1.537750       1.535540       1.533380       1.531270       1.529220       1.527220       1.525260       1.523350    
   1.623270       1.619740       1.612680       1.612680       1.562810       1.508790       1.508790       1.508800       1.509970       1.511140       1.526300       1.533910       1.534040       1.534040       1.534040       1.534040       1.539140       1.541940       1.541930       1.539500       1.537120       1.534800       1.532540       1.530330       1.528170       1.526080       1.524030       1.522040       1.520090       1.518200    
