iMOD/TUTORIALS/TUT_MetaswapAnalyser/model_MetaSWAP/meteo/Evaporation/Evaporation_20050903_L1.ASC
NCOLS                30
NROWS                30
XLLCORNER     160000.00
YLLCORNER     340000.00
CELLSIZE        1000.00
NODATA_VALUE   -9999.00
   2.254370       2.260150       2.266030       2.272000       2.278060       2.284220       2.290450       2.296760       2.303150       2.309600       2.316130       2.322710       2.329350       2.336040       2.342790       2.349580       2.356410       2.363290       2.370210       2.377160       2.384150       2.391160       2.398210       2.405280       2.412380       2.419510       2.426650       2.433820       2.441010       2.448210    
   2.261520       2.267340       2.273260       2.279270       2.285370       2.291550       2.297820       2.304160       2.310570       2.317050       2.323590       2.330190       2.336850       2.343560       2.350320       2.357120       2.363960       2.370840       2.377760       2.384720       2.391700       2.398710       2.405750       2.412820       2.419900       2.427010       2.434140       2.441290       2.448450       2.455630    
   2.268760       2.274620       2.280580       2.286630       2.292770       2.298980       2.305280       2.311650       2.318080       2.324590       2.331150       2.337770       2.344440       2.351170       2.357940       2.364750       2.371600       2.378490       2.385410       2.392360       2.399340       2.406350       2.413380       2.420430       2.427510       2.434600       2.441710       2.448840       2.455980       2.463130    
   2.276090       2.282000       2.288000       2.294080       2.300250       2.306500       2.312830       2.319220       2.325690       2.332210       2.338800       2.345440       2.352130       2.358860       2.365640       2.372460       2.379320       2.386210       2.393140       2.400090       2.407060       2.414070       2.421090       2.428130       2.435190       2.442260       2.449360       2.456460       2.463580       2.470700    
   2.283500       2.289450       2.295490       2.301620       2.307820       2.314100       2.320460       2.326890       2.333370       2.339920       2.346530       2.353190       2.359890       2.366640       2.373430       2.380260       2.387130       2.394020       2.400940       2.407890       2.414870       2.421860       2.428870       2.435900       2.442950       2.450000       2.457070       2.464150       2.471240       2.478340    
   2.290980       2.296980       2.303060       2.309230       2.315470       2.321790       2.328170       2.334620       2.341140       2.347710       2.354340       2.361010       2.367730       2.374500       2.381300       2.388140       2.395010       2.401900       2.408830       2.415770       2.422740       2.429730       2.436730       2.443740       2.450770       2.457810       2.464860       2.471920       2.478980       2.486050    
   2.298540       2.304580       2.310710       2.316910       2.323190       2.329540       2.335960       2.342440       2.348980       2.355570       2.362220       2.368910       2.375650       2.382430       2.389240       2.396090       2.402960       2.409860       2.416780       2.423730       2.430690       2.437670       2.444660       2.451660       2.458670       2.465690       2.472710       2.479740       2.486780       2.493820    
   2.306170       2.312250       2.318420       2.324660       2.330980       2.337360       2.343810       2.350320       2.356890       2.363500       2.370170       2.376880       2.383640       2.390430       2.397250       2.404100       2.410980       2.417880       2.424810       2.431750       2.438700       2.445670       2.452650       2.459630       2.466630       2.473620       2.480630       2.487630       2.494640       2.501650    
   2.313850       2.319980       2.326190       2.332470       2.338830       2.345240       2.351730       2.358260       2.364860       2.371500       2.378190       2.384920       2.391690       2.398490       2.405320       2.412180       2.419070       2.425970       2.432890       2.439830       2.446780       2.453730       2.460700       2.467670       2.474650       2.481620       2.488600       2.495580       2.502560       2.509530    
   2.321600       2.327770       2.334020       2.340350       2.346740       2.353190       2.359700       2.366270       2.372890       2.379550       2.386260       2.393010       2.399800       2.406610       2.413460       2.420330       2.427210       2.434120       2.441040       2.447970       2.454910       2.461860       2.468810       2.475760       2.482720       2.489670       2.496630       2.503580       2.510530       2.517470    
   2.321620       2.327800       2.337600       2.348270       2.354700       2.361180       2.367730       2.374330       2.380970       2.387660       2.394400       2.401160       2.407960       2.414790       2.421650       2.428520       2.435420       2.442320       2.449240       2.456170       2.463100       2.470040       2.476980       2.483910       2.490850       2.497780       2.504710       2.511630       2.518540       2.525450    
   2.321650       2.333820       2.348270       2.359110       2.362710       2.369230       2.375810       2.382440       2.389110       2.395830       2.402580       2.409370       2.416180       2.423030       2.429890       2.436770       2.443670       2.450580       2.457490       2.464420       2.471340       2.478270       2.485190       2.492110       2.499020       2.505930       2.512830       2.519720       2.526610       2.533480    
   2.329820       2.348270       2.361220       2.366730       2.370760       2.377320       2.383930       2.390590       2.397290       2.404030       2.410810       2.417610       2.424450       2.431300       2.438180       2.445070       2.451970       2.458880       2.465790       2.472710       2.479630       2.486540       2.493450       2.500350       2.507240       2.514130       2.521000       2.527860       2.534710       2.541550    
   2.348270       2.362250       2.368750       2.370760       2.377840       2.385450       2.392090       2.398780       2.405510       2.412280       2.419080       2.425900       2.432750       2.439620       2.446510       2.453410       2.460310       2.467220       2.474140       2.481050       2.487960       2.494860       2.501750       2.508630       2.515510       2.522370       2.529210       2.536040       2.542860       2.549660    
   2.362760       2.369750       2.370760       2.378020       2.385450       2.392610       2.400290       2.407010       2.413770       2.420560       2.427380       2.434230       2.441100       2.447980       2.454880       2.461780       2.468700       2.475610       2.482520       2.489420       2.496320       2.503210       2.510090       2.516960       2.523810       2.530640       2.537450       2.544250       2.551030       2.557800    
   2.370260       2.370760       2.378080       2.385450       2.392780       2.400290       2.403650       2.407020       2.417550       2.428880       2.435720       2.442590       2.449480       2.456370       2.463280       2.470200       2.477110       2.484030       2.490940       2.497840       2.504730       2.511600       2.518470       2.525310       2.532140       2.538940       2.545730       2.552500       2.559240       2.565970    
   2.370760       2.378100       2.385450       2.392840       2.400290       2.401970       2.403650       2.414280       2.428880       2.432300       2.443510       2.450980       2.457880       2.464800       2.471720       2.478640       2.485560       2.492470       2.499380       2.506280       2.513160       2.520020       2.526870       2.533690       2.540500       2.547280       2.554030       2.560770       2.567480       2.574160    
   2.378100       2.385450       2.392860       2.400290       2.401130       2.401970       2.412200       2.428880       2.430590       2.443850       2.455180       2.459390       2.466310       2.473240       2.480170       2.487100       2.494030       2.500950       2.507850       2.514740       2.521620       2.528470       2.535300       2.542100       2.548880       2.555640       2.562360       2.569060       2.575730       2.582380    
   2.385450       2.392870       2.400290       2.400710       2.401130       2.411040       2.428880       2.429740       2.444000       2.457290       2.459390       2.462850       2.470160       2.481710       2.488650       2.495590       2.502530       2.509440       2.516350       2.523230       2.530100       2.536940       2.543750       2.550530       2.557290       2.564010       2.570710       2.577370       2.584010       2.590610    
   2.392870       2.400290       2.400500       2.400710       2.410440       2.428880       2.429310       2.444070       2.458340       2.459390       2.461120       2.468530       2.481710       2.485180       2.488650       2.495590       2.502520       2.509440       2.524200       2.531740       2.538600       2.545420       2.552220       2.558980       2.565710       2.572410       2.579070       2.585700       2.592290       2.598850    
   2.400290       2.400390       2.400500       2.410130       2.428880       2.429090       2.444100       2.458860       2.459390       2.460260       2.467690       2.481710       2.483440       2.485180       2.489810       2.495590       2.502520       2.522480       2.536000       2.540260       2.547110       2.553920       2.560700       2.567440       2.574150       2.580810       2.587440       2.594030       2.600590       2.607110    
   2.400340       2.400390       2.409980       2.428880       2.428990       2.444120       2.459130       2.459390       2.459820       2.467260       2.481710       2.482580       2.483440       2.486140       2.490190       2.495970       2.519800       2.538130       2.540260       2.547670       2.555630       2.562430       2.569190       2.575910       2.582590       2.589230       2.595820       2.602380       2.608890       2.615370    
   2.400340       2.409900       2.428880       2.428930       2.444130       2.459260       2.459390       2.459610       2.467050       2.481710       2.482140       2.482580       2.484060       2.486590       2.490770       2.522200       2.539200       2.540260       2.557250       2.564150       2.568220       2.570940       2.577680       2.584380       2.591030       2.597640       2.604200       2.610720       2.617190       2.623620    
   2.409860       2.428880       2.428910       2.444130       2.459320       2.459390       2.459500       2.466940       2.481710       2.481930       2.482140       2.482930       2.484410       2.515730       2.542630       2.565830       2.565830       2.569580       2.574090       2.576930       2.572670       2.579450       2.586170       2.592850       2.599480       2.606050       2.612580       2.619060       2.625490       2.631880    
   2.428880       2.428890       2.444130       2.459360       2.459390       2.459440       2.466880       2.481710       2.481820       2.481930       2.482330       2.483160       2.537370       2.601750       2.601490       2.588920       2.592460       2.591400       2.584910       2.581190       2.581190       2.587950       2.594660       2.601320       2.607920       2.614460       2.620950       2.627390       2.633780       2.640120    
   2.428890       2.444130       2.459370       2.459390       2.459420       2.466860       2.481710       2.481760       2.481820       2.482030       2.537380       2.619730       2.607960       2.602020       2.602020       2.601490       2.595900       2.593520       2.591400       2.590120       2.589700       2.596450       2.603140       2.609770       2.616340       2.622860       2.629310       2.635710       2.642050       2.648340    
   2.444130       2.459380       2.459390       2.459400       2.466840       2.481710       2.481740       2.481760       2.481870       2.548140       2.619730       2.619730       2.619730       2.608350       2.602540       2.602540       2.601490       2.597200       2.595640       2.591400       2.598200       2.604930       2.611600       2.618210       2.624760       2.631240       2.637660       2.644010       2.650310       2.656550    
   2.459390       2.459390       2.459400       2.466840       2.481710       2.481720       2.481740       2.524710       2.569340       2.619750       2.619730       2.619730       2.619730       2.619730       2.609130       2.603600       2.603600       2.601490       2.600280       2.599880       2.606670       2.613390       2.620050       2.626630       2.633150       2.639600       2.645980       2.652290       2.658540       2.664740    
   2.459390       2.459390       2.466830       2.481710       2.481720       2.550710       2.654170       2.653820       2.653460       2.631030       2.619800       2.619730       2.619730       2.619730       2.619730       2.610630       2.605700       2.605710       2.601490       2.608340       2.615120       2.621830       2.628470       2.635030       2.641510       2.647930       2.654270       2.660540       2.666750       2.672890    
   2.459390       2.466830       2.481710       2.481710       2.564510       2.654190       2.654190       2.654170       2.653820       2.653460       2.631150       2.619930       2.619730       2.619730       2.619730       2.619730       2.613500       2.609910       2.609920       2.616770       2.623540       2.630240       2.636860       2.643390       2.649850       2.656230       2.662530       2.668760       2.674910       2.681000    
