iMOD/TUTORIALS/TUT_MetaswapAnalyser/model_MetaSWAP/meteo/Evaporation/Evaporation_20060711_L1.ASC
NCOLS                30
NROWS                30
XLLCORNER     160000.00
YLLCORNER     340000.00
CELLSIZE        1000.00
NODATA_VALUE   -9999.00
   2.987620       2.984870       2.982200       2.979590       2.977050       2.974560       2.972130       2.969750       2.967410       2.965110       2.962850       2.960620       2.958410       2.956240       2.954080       2.951940       2.949810       2.947690       2.945590       2.943490       2.941390       2.939300       2.937200       2.935110       2.933010       2.930910       2.928810       2.926700       2.924580       2.922460    
   2.992760       2.990010       2.987320       2.984700       2.982140       2.979640       2.977190       2.974790       2.972440       2.970120       2.967840       2.965590       2.963360       2.961160       2.958990       2.956830       2.954680       2.952540       2.950420       2.948300       2.946180       2.944070       2.941960       2.939850       2.937730       2.935620       2.933490       2.931370       2.929230       2.927090    
   2.997920       2.995150       2.992460       2.989820       2.987250       2.984740       2.982270       2.979850       2.977480       2.975140       2.972840       2.970570       2.968330       2.966110       2.963910       2.961730       2.959570       2.957410       2.955270       2.953130       2.950990       2.948860       2.946730       2.944600       2.942470       2.940330       2.938190       2.936050       2.933890       2.931730    
   3.003070       3.000300       2.997600       2.994950       2.992370       2.989840       2.987360       2.984920       2.982530       2.980180       2.977860       2.975570       2.973310       2.971070       2.968850       2.966650       2.964470       2.962290       2.960130       2.957970       2.955820       2.953670       2.951520       2.949370       2.947220       2.945060       2.942900       2.940740       2.938570       2.936390    
   3.008230       3.005460       3.002740       3.000090       2.997490       2.994950       2.992460       2.990010       2.987600       2.985230       2.982890       2.980580       2.978300       2.976040       2.973810       2.971590       2.969380       2.967190       2.965010       2.962830       2.960660       2.958490       2.956320       2.954150       2.951980       2.949810       2.947630       2.945440       2.943250       2.941050    
   3.013400       3.010620       3.007900       3.005230       3.002630       3.000070       2.997560       2.995100       2.992670       2.990280       2.987930       2.985600       2.983310       2.981030       2.978780       2.976540       2.974320       2.972100       2.969900       2.967700       2.965510       2.963320       2.961130       2.958950       2.956760       2.954560       2.952360       2.950160       2.947950       2.945730    
   3.018560       3.015780       3.013050       3.010380       3.007760       3.005190       3.002670       3.000190       2.997750       2.995350       2.992980       2.990640       2.988320       2.986030       2.983760       2.981500       2.979260       2.977030       2.974800       2.972590       2.970380       2.968170       2.965960       2.963750       2.961540       2.959330       2.957110       2.954880       2.952650       2.950420    
   3.023730       3.020940       3.018200       3.015530       3.012900       3.010320       3.007790       3.005300       3.002840       3.000420       2.998040       2.995680       2.993350       2.991040       2.988740       2.986470       2.984210       2.981960       2.979720       2.977480       2.975250       2.973020       2.970800       2.968570       2.966340       2.964100       2.961860       2.959620       2.957370       2.955110    
   3.028890       3.026100       3.023360       3.020670       3.018040       3.015450       3.012910       3.010400       3.007940       3.005500       3.003100       3.000730       2.998380       2.996050       2.993740       2.991450       2.989170       2.986900       2.984640       2.982390       2.980140       2.977890       2.975640       2.973390       2.971140       2.968890       2.966630       2.964360       2.962090       2.959810    
   3.034050       3.031260       3.028510       3.025820       3.023180       3.020580       3.018030       3.015510       3.013030       3.010590       3.008170       3.005780       3.003420       3.001070       2.998750       2.996440       2.994140       2.991850       2.989570       2.987300       2.985030       2.982760       2.980500       2.978230       2.975960       2.973680       2.971400       2.969120       2.966820       2.964520    
   3.034070       3.031270       3.029140       3.030970       3.028320       3.025710       3.023150       3.020620       3.018130       3.015670       3.013240       3.010840       3.008460       3.006100       3.003760       3.001430       2.999110       2.996810       2.994510       2.992220       2.989930       2.987640       2.985360       2.983070       2.980780       2.978480       2.976180       2.973870       2.971560       2.969240    
   3.034090       3.031360       3.030970       3.032840       3.033460       3.030840       3.028270       3.025730       3.023230       3.020760       3.018320       3.015900       3.013500       3.011130       3.008770       3.006430       3.004090       3.001770       2.999460       2.997150       2.994840       2.992530       2.990230       2.987920       2.985610       2.983290       2.980970       2.978640       2.976300       2.973960    
   3.033340       3.030970       3.034610       3.036030       3.038590       3.035970       3.033390       3.030840       3.028330       3.025850       3.023390       3.020960       3.018550       3.016160       3.013790       3.011430       3.009080       3.006740       3.004410       3.002080       2.999750       2.997420       2.995100       2.992770       2.990440       2.988100       2.985760       2.983410       2.981050       2.978680    
   3.030970       3.035370       3.037310       3.038590       3.038550       3.041090       3.038500       3.035950       3.033430       3.030930       3.028470       3.026020       3.023600       3.021200       3.018810       3.016430       3.014070       3.011710       3.009360       3.007010       3.004670       3.002320       2.999980       2.997630       2.995270       2.992920       2.990550       2.988180       2.985800       2.983410    
   3.035720       3.037950       3.038590       3.039410       3.041090       3.041070       3.043620       3.041050       3.038520       3.036020       3.033540       3.031080       3.028650       3.026230       3.023830       3.021440       3.019050       3.016680       3.014310       3.011950       3.009580       3.007220       3.004860       3.002490       3.000110       2.997730       2.995350       2.992950       2.990550       2.988140    
   3.038270       3.038590       3.039700       3.041090       3.041930       3.043620       3.042340       3.041060       3.039170       3.041100       3.038610       3.036140       3.033700       3.031260       3.028850       3.026440       3.024040       3.021650       3.019270       3.016890       3.014500       3.012120       3.009740       3.007350       3.004950       3.002550       3.000150       2.997730       2.995310       2.992870    
   3.038590       3.039790       3.041090       3.042210       3.043620       3.042980       3.042340       3.040920       3.041100       3.039860       3.040660       3.041200       3.038740       3.036290       3.033860       3.031440       3.029030       3.026630       3.024220       3.021820       3.019420       3.017020       3.014620       3.012210       3.009800       3.007370       3.004950       3.002510       3.000060       2.997600    
   3.039820       3.041090       3.042310       3.043620       3.043300       3.042980       3.041830       3.041100       3.040480       3.042320       3.043730       3.046250       3.043780       3.041320       3.038880       3.036440       3.034020       3.031600       3.029180       3.026760       3.024340       3.021920       3.019500       3.017070       3.014640       3.012190       3.009740       3.007280       3.004810       3.002330    
   3.041090       3.042340       3.043620       3.043460       3.043300       3.042300       3.041100       3.040790       3.043030       3.044990       3.046250       3.045020       3.044420       3.046340       3.043890       3.041440       3.039000       3.036560       3.034130       3.031700       3.029260       3.026820       3.024380       3.021930       3.019480       3.017010       3.014540       3.012060       3.009570       3.007060    
   3.042350       3.043620       3.043540       3.043460       3.042540       3.041100       3.040940       3.043360       3.045620       3.046250       3.045630       3.045510       3.046340       3.045110       3.043890       3.041440       3.039000       3.036560       3.036110       3.036630       3.034170       3.031720       3.029260       3.026790       3.024310       3.021830       3.019330       3.016830       3.014310       3.011790    
   3.043620       3.043580       3.043540       3.042660       3.041100       3.041020       3.043520       3.045930       3.046250       3.045940       3.045930       3.046340       3.045730       3.045110       3.043480       3.041440       3.039000       3.038460       3.039090       3.041550       3.039080       3.036610       3.034130       3.031640       3.029150       3.026640       3.024120       3.021600       3.019060       3.016510    
   3.043600       3.043580       3.042720       3.041100       3.041060       3.043600       3.046090       3.046250       3.046100       3.046120       3.046340       3.046030       3.045730       3.044780       3.043350       3.041310       3.040160       3.040320       3.041550       3.041540       3.043990       3.041500       3.039000       3.036490       3.033970       3.031450       3.028910       3.026360       3.023800       3.021220    
   3.043600       3.042750       3.041100       3.041080       3.043640       3.046170       3.046250       3.046170       3.046200       3.046340       3.046190       3.046030       3.045510       3.044620       3.043140       3.044400       3.040940       3.041550       3.047040       3.048880       3.047380       3.046370       3.043860       3.041330       3.038790       3.036250       3.033690       3.031110       3.028530       3.025930    
   3.042770       3.041100       3.041090       3.043660       3.046210       3.046250       3.046210       3.046240       3.046340       3.046260       3.046190       3.045910       3.045390       3.054120       3.057210       3.056240       3.056240       3.055380       3.054580       3.056210       3.053770       3.051250       3.048710       3.046160       3.043610       3.041040       3.038460       3.035860       3.033250       3.030630    
   3.041100       3.041100       3.043670       3.046230       3.046250       3.046230       3.046260       3.046340       3.046300       3.046260       3.046120       3.045830       3.062460       3.083370       3.083220       3.071670       3.071550       3.070940       3.062790       3.058650       3.058650       3.056110       3.053550       3.050990       3.048410       3.045820       3.043220       3.040600       3.037970       3.035320    
   3.041100       3.043670       3.046240       3.046250       3.046240       3.046270       3.046340       3.046320       3.046300       3.046230       3.067750       3.100280       3.089130       3.083520       3.083520       3.083220       3.075650       3.072150       3.070940       3.065370       3.063520       3.060960       3.058390       3.055800       3.053210       3.050600       3.047970       3.045330       3.042670       3.040000    
   3.043670       3.046250       3.046250       3.046250       3.046280       3.046340       3.046330       3.046320       3.046280       3.072170       3.100280       3.100280       3.100280       3.089350       3.083820       3.083830       3.083220       3.076290       3.073360       3.070940       3.068370       3.065800       3.063210       3.060610       3.057990       3.055360       3.052710       3.050050       3.047370       3.044670    
   3.046250       3.046250       3.046250       3.046280       3.046340       3.046340       3.046330       3.066380       3.083450       3.100290       3.100280       3.100280       3.100280       3.100280       3.089790       3.084430       3.084430       3.083220       3.077650       3.075790       3.073220       3.070620       3.068020       3.065400       3.062760       3.060110       3.057440       3.054750       3.052040       3.049320    
   3.046250       3.046250       3.046280       3.046340       3.046340       3.081340       3.133840       3.130210       3.126580       3.109080       3.100320       3.100280       3.100280       3.100280       3.100280       3.090630       3.085640       3.085640       3.083220       3.080640       3.078040       3.075440       3.072810       3.070170       3.067520       3.064840       3.062150       3.059440       3.056710       3.053960    
   3.046250       3.046280       3.046340       3.046340       3.088350       3.133850       3.133850       3.133840       3.130210       3.126580       3.109150       3.100400       3.100280       3.100280       3.100280       3.100280       3.092170       3.088050       3.088060       3.085460       3.082850       3.080230       3.077590       3.074930       3.072260       3.069560       3.066840       3.064110       3.061360       3.058590    
