iMOD/TUTORIALS/TUT_MetaswapAnalyser/model_MetaSWAP/meteo/Evaporation/Evaporation_20060104_L1.ASC
NCOLS                30
NROWS                30
XLLCORNER     160000.00
YLLCORNER     340000.00
CELLSIZE        1000.00
NODATA_VALUE   -9999.00
  0.3128700      0.3119400      0.3110400      0.3101500      0.3092900      0.3084500      0.3076300      0.3068300      0.3060500      0.3052900      0.3045400      0.3038100      0.3031000      0.3024000      0.3017100      0.3010400      0.3003800      0.2997400      0.2991000      0.2984800      0.2978700      0.2972600      0.2966700      0.2960900      0.2955100      0.2949400      0.2943800      0.2938300      0.2932800      0.2927400    
  0.3161800      0.3152600      0.3143700      0.3134900      0.3126400      0.3118000      0.3109900      0.3101900      0.3094200      0.3086600      0.3079100      0.3071900      0.3064800      0.3057800      0.3051000      0.3044200      0.3037700      0.3031200      0.3024800      0.3018600      0.3012400      0.3006400      0.3000400      0.2994500      0.2988700      0.2983000      0.2977300      0.2971700      0.2966100      0.2960600    
  0.3195100      0.3186000      0.3177100      0.3168400      0.3160000      0.3151700      0.3143600      0.3135700      0.3128000      0.3120500      0.3113100      0.3105800      0.3098700      0.3091800      0.3085000      0.3078300      0.3071700      0.3065200      0.3058800      0.3052600      0.3046400      0.3040300      0.3034300      0.3028300      0.3022500      0.3016700      0.3010900      0.3005200      0.2999600      0.2994000    
  0.3228500      0.3219500      0.3210700      0.3202100      0.3193700      0.3185500      0.3177500      0.3169700      0.3162000      0.3154500      0.3147200      0.3140000      0.3132900      0.3126000      0.3119100      0.3112400      0.3105900      0.3099400      0.3093000      0.3086700      0.3080500      0.3074300      0.3068300      0.3062300      0.3056400      0.3050500      0.3044700      0.3039000      0.3033300      0.3027600    
  0.3262100      0.3253200      0.3244500      0.3236000      0.3227700      0.3219600      0.3211600      0.3203800      0.3196200      0.3188700      0.3181400      0.3174200      0.3167200      0.3160300      0.3153500      0.3146800      0.3140200      0.3133700      0.3127300      0.3121000      0.3114800      0.3108600      0.3102500      0.3096400      0.3090500      0.3084500      0.3078700      0.3072800      0.3067100      0.3061300    
  0.3295900      0.3287000      0.3278400      0.3270000      0.3261800      0.3253700      0.3245800      0.3238100      0.3230500      0.3223100      0.3215800      0.3208700      0.3201700      0.3194800      0.3188000      0.3181300      0.3174700      0.3168200      0.3161800      0.3155400      0.3149200      0.3143000      0.3136800      0.3130700      0.3124700      0.3118700      0.3112800      0.3106900      0.3101000      0.3095200    
  0.3329700      0.3321000      0.3312500      0.3304200      0.3296000      0.3288000      0.3280200      0.3272500      0.3265000      0.3257600      0.3250400      0.3243300      0.3236300      0.3229400      0.3222600      0.3215900      0.3209400      0.3202800      0.3196400      0.3190000      0.3183700      0.3177500      0.3171300      0.3165200      0.3159100      0.3153000      0.3147000      0.3141000      0.3135100      0.3129200    
  0.3363700      0.3355100      0.3346700      0.3338400      0.3330300      0.3322400      0.3314700      0.3307100      0.3299600      0.3292300      0.3285100      0.3278000      0.3271000      0.3264200      0.3257400      0.3250700      0.3244100      0.3237600      0.3231200      0.3224800      0.3218500      0.3212200      0.3205900      0.3199800      0.3193600      0.3187500      0.3181400      0.3175300      0.3169300      0.3163300    
  0.3397800      0.3389300      0.3381000      0.3372800      0.3364800      0.3357000      0.3349300      0.3341700      0.3334300      0.3327100      0.3319900      0.3312800      0.3305900      0.3299100      0.3292300      0.3285600      0.3279000      0.3272500      0.3266100      0.3259600      0.3253300      0.3247000      0.3240700      0.3234500      0.3228300      0.3222100      0.3215900      0.3209800      0.3203700      0.3197500    
  0.3432000      0.3423600      0.3415400      0.3407300      0.3399400      0.3391600      0.3384000      0.3376500      0.3369200      0.3361900      0.3354800      0.3347800      0.3340900      0.3334100      0.3327300      0.3320700      0.3314100      0.3307500      0.3301100      0.3294600      0.3288200      0.3281900      0.3275600      0.3269300      0.3263000      0.3256800      0.3250500      0.3244300      0.3238100      0.3231900    
  0.3432070      0.3423670      0.3422050      0.3441900      0.3434000      0.3426400      0.3418800      0.3411400      0.3404100      0.3396900      0.3389800      0.3382900      0.3376000      0.3369200      0.3362500      0.3355800      0.3349200      0.3342700      0.3336200      0.3329700      0.3323300      0.3316900      0.3310600      0.3304200      0.3297900      0.3291600      0.3285300      0.3279000      0.3272700      0.3266400    
  0.3432130      0.3429920      0.3441900      0.3462070      0.3468800      0.3461200      0.3453700      0.3446400      0.3439100      0.3432000      0.3425000      0.3418000      0.3411200      0.3404400      0.3397700      0.3391000      0.3384500      0.3377900      0.3371400      0.3364900      0.3358500      0.3352000      0.3345600      0.3339200      0.3332800      0.3326500      0.3320100      0.3313700      0.3307300      0.3300900    
  0.3436170      0.3441900      0.3473440      0.3486200      0.3503600      0.3496100      0.3488700      0.3481400      0.3474200      0.3467100      0.3460200      0.3453300      0.3446400      0.3439700      0.3433000      0.3426400      0.3419800      0.3413200      0.3406700      0.3400200      0.3393700      0.3387300      0.3380800      0.3374400      0.3367900      0.3361500      0.3355000      0.3348500      0.3342100      0.3335600    
  0.3441900      0.3478460      0.3494900      0.3503600      0.3510270      0.3531100      0.3523700      0.3516500      0.3509400      0.3502400      0.3495400      0.3488600      0.3481800      0.3475100      0.3468400      0.3461800      0.3455200      0.3448600      0.3442100      0.3435600      0.3429100      0.3422600      0.3416100      0.3409600      0.3403000      0.3396500      0.3390000      0.3383400      0.3376900      0.3370300    
  0.3480800      0.3499250      0.3503600      0.3514990      0.3531100      0.3537870      0.3558800      0.3551700      0.3544600      0.3537700      0.3530800      0.3524000      0.3517200      0.3510500      0.3503900      0.3497200      0.3490700      0.3484100      0.3477500      0.3471000      0.3464500      0.3457900      0.3451400      0.3444800      0.3438300      0.3431700      0.3425100      0.3418400      0.3411800      0.3405100    
  0.3501420      0.3503600      0.3516560      0.3531100      0.3542590      0.3558800      0.3555250      0.3551700      0.3551750      0.3573000      0.3566200      0.3559400      0.3552700      0.3546000      0.3539400      0.3532800      0.3526200      0.3519600      0.3513100      0.3506500      0.3499900      0.3493400      0.3486800      0.3480200      0.3473500      0.3466900      0.3460200      0.3453500      0.3446700      0.3440000    
  0.3503600      0.3517090      0.3531100      0.3544160      0.3558800      0.3557030      0.3555250      0.3557930      0.3573000      0.3569600      0.3584780      0.3594900      0.3588200      0.3581600      0.3574900      0.3568400      0.3561800      0.3555200      0.3548600      0.3542100      0.3535500      0.3528900      0.3522200      0.3515600      0.3508900      0.3502100      0.3495400      0.3488600      0.3481700      0.3474900    
  0.3517260      0.3531100      0.3544690      0.3558800      0.3557910      0.3557030      0.3560800      0.3573000      0.3571300      0.3594090      0.3612650      0.3630400      0.3623700      0.3617100      0.3610600      0.3604000      0.3597400      0.3590800      0.3584300      0.3577700      0.3571000      0.3564400      0.3557700      0.3551000      0.3544200      0.3537400      0.3530600      0.3523700      0.3516800      0.3509800    
  0.3531100      0.3544860      0.3558800      0.3558360      0.3557910      0.3562180      0.3573000      0.3572150      0.3598060      0.3621530      0.3630400      0.3627050      0.3631000      0.3652800      0.3646200      0.3639600      0.3633100      0.3626500      0.3619900      0.3613300      0.3606600      0.3600000      0.3593200      0.3586500      0.3579600      0.3572800      0.3565900      0.3558900      0.3551900      0.3544800    
  0.3544920      0.3558800      0.3558580      0.3558360      0.3562860      0.3573000      0.3572570      0.3599910      0.3625960      0.3630400      0.3628720      0.3635310      0.3652800      0.3649500      0.3646200      0.3639630      0.3633070      0.3626500      0.3638660      0.3649000      0.3642300      0.3635600      0.3628800      0.3622000      0.3615100      0.3608100      0.3601100      0.3594100      0.3587000      0.3579800    
  0.3558800      0.3558690      0.3558580      0.3563200      0.3573000      0.3572790      0.3600810      0.3628180      0.3630400      0.3629560      0.3636810      0.3652800      0.3651150      0.3649500      0.3645110      0.3639630      0.3633070      0.3649930      0.3666800      0.3684600      0.3677900      0.3671200      0.3664400      0.3657500      0.3650500      0.3643500      0.3636500      0.3629300      0.3622100      0.3614800    
  0.3558740      0.3558690      0.3563370      0.3573000      0.3572890      0.3601260      0.3629290      0.3630400      0.3629980      0.3637390      0.3652800      0.3651970      0.3651150      0.3648590      0.3644750      0.3639270      0.3656580      0.3675700      0.3684600      0.3692030      0.3713600      0.3706800      0.3699900      0.3693000      0.3686000      0.3678900      0.3671800      0.3664500      0.3657200      0.3649800    
  0.3558740      0.3563450      0.3573000      0.3572950      0.3601480      0.3629850      0.3630400      0.3630190      0.3637640      0.3652800      0.3652390      0.3651970      0.3650570      0.3648160      0.3644200      0.3682460      0.3680150      0.3684600      0.3732150      0.3749250      0.3745140      0.3742400      0.3735500      0.3728500      0.3721500      0.3714300      0.3707100      0.3699700      0.3692300      0.3684800    
  0.3563490      0.3573000      0.3572970      0.3601590      0.3630120      0.3630400      0.3630300      0.3637760      0.3652800      0.3652590      0.3652390      0.3651640      0.3650240      0.3729760      0.3773730      0.3791550      0.3791550      0.3790630      0.3790820      0.3802700      0.3784900      0.3778000      0.3771100      0.3764100      0.3756900      0.3749700      0.3742400      0.3734900      0.3727400      0.3719800    
  0.3573000      0.3572990      0.3601640      0.3630260      0.3630400      0.3630350      0.3637810      0.3652800      0.3652700      0.3652590      0.3652210      0.3651420      0.3797430      0.3977210      0.3976100      0.3899890      0.3902940      0.3898500      0.3847090      0.3820500      0.3820500      0.3813600      0.3806600      0.3799500      0.3792300      0.3785000      0.3777600      0.3770100      0.3762500      0.3754800    
  0.3572990      0.3601670      0.3630330      0.3630400      0.3630370      0.3637840      0.3652800      0.3652750      0.3652700      0.3652500      0.3826650      0.4088500      0.4015220      0.3978310      0.3978310      0.3976100      0.3928950      0.3907370      0.3898500      0.3866670      0.3856100      0.3849200      0.3842100      0.3835000      0.3827700      0.3820400      0.3812900      0.3805200      0.3797500      0.3789700    
  0.3601690      0.3630370      0.3630400      0.3630390      0.3637850      0.3652800      0.3652770      0.3652750      0.3652650      0.3861770      0.4088500      0.4088500      0.4088500      0.4016850      0.3980520      0.3980530      0.3976100      0.3933840      0.3916250      0.3898500      0.3891600      0.3884700      0.3877600      0.3870400      0.3863100      0.3855600      0.3848000      0.3840300      0.3832500      0.3824600    
  0.3630380      0.3630400      0.3630390      0.3637860      0.3652800      0.3652790      0.3652770      0.3806620      0.3945460      0.4088600      0.4088500      0.4088500      0.4088500      0.4088500      0.4020050      0.3984950      0.3984950      0.3976100      0.3944500      0.3934000      0.3927100      0.3920100      0.3913000      0.3905800      0.3898400      0.3890800      0.3883200      0.3875400      0.3867400      0.3859400    
  0.3630400      0.3630400      0.3637860      0.3652800      0.3652790      0.3915050      0.4308400      0.4288350      0.4268300      0.4148690      0.4088790      0.4088500      0.4088500      0.4088500      0.4088500      0.4026240      0.3993790      0.3993800      0.3976100      0.3969400      0.3962500      0.3955500      0.3948400      0.3941100      0.3933600      0.3926000      0.3918200      0.3910300      0.3902300      0.3894100    
  0.3630400      0.3637870      0.3652800      0.3652800      0.3967540      0.4308470      0.4308470      0.4308400      0.4288350      0.4268300      0.4149190      0.4089360      0.4088500      0.4088500      0.4088500      0.4088500      0.4037740      0.4011470      0.4011500      0.4004800      0.3997900      0.3990900      0.3983600      0.3976300      0.3968700      0.3961100      0.3953200      0.3945200      0.3937000      0.3928800    
