iMOD/TUTORIALS/TUT_MetaswapAnalyser/model_MetaSWAP/meteo/Evaporation/Evaporation_20060517_L1.ASC
NCOLS                30
NROWS                30
XLLCORNER     160000.00
YLLCORNER     340000.00
CELLSIZE        1000.00
NODATA_VALUE   -9999.00
   2.761740       2.763470       2.765290       2.767200       2.769180       2.771240       2.773380       2.775580       2.777840       2.780170       2.782550       2.784980       2.787460       2.789990       2.792550       2.795150       2.797780       2.800450       2.803140       2.805860       2.808590       2.811350       2.814120       2.816910       2.819710       2.822510       2.825320       2.828140       2.830960       2.833780    
   2.762580       2.764290       2.766090       2.767970       2.769930       2.771970       2.774070       2.776250       2.778480       2.780780       2.783130       2.785540       2.787990       2.790480       2.793010       2.795580       2.798190       2.800820       2.803480       2.806170       2.808870       2.811600       2.814340       2.817100       2.819860       2.822640       2.825420       2.828200       2.830990       2.833780    
   2.763470       2.765160       2.766940       2.768800       2.770730       2.772740       2.774820       2.776970       2.779180       2.781450       2.783770       2.786150       2.788570       2.791030       2.793530       2.796070       2.798650       2.801250       2.803880       2.806530       2.809210       2.811900       2.814610       2.817330       2.820070       2.822810       2.825560       2.828310       2.831070       2.833820    
   2.764410       2.766080       2.767840       2.769670       2.771590       2.773570       2.775630       2.777750       2.779930       2.782170       2.784460       2.786810       2.789200       2.791630       2.794110       2.796620       2.799160       2.801730       2.804330       2.806950       2.809600       2.812260       2.814930       2.817620       2.820320       2.823030       2.825750       2.828470       2.831190       2.833920    
   2.765400       2.767050       2.768780       2.770600       2.772490       2.774450       2.776480       2.778570       2.780730       2.782940       2.785210       2.787520       2.789880       2.792290       2.794730       2.797210       2.799720       2.802260       2.804830       2.807420       2.810030       2.812660       2.815300       2.817960       2.820630       2.823310       2.825990       2.828680       2.831370       2.834060    
   2.766430       2.768060       2.769780       2.771570       2.773440       2.775380       2.777380       2.779450       2.781580       2.783760       2.786000       2.788290       2.790620       2.792990       2.795410       2.797850       2.800330       2.802840       2.805380       2.807940       2.810520       2.813110       2.815720       2.818350       2.820980       2.823630       2.826280       2.828930       2.831590       2.834240    
   2.767500       2.769110       2.770810       2.772580       2.774430       2.776340       2.778320       2.780370       2.782470       2.784630       2.786840       2.789100       2.791400       2.793740       2.796130       2.798540       2.800990       2.803470       2.805970       2.808500       2.811050       2.813610       2.816190       2.818780       2.821380       2.823990       2.826610       2.829230       2.831850       2.834470    
   2.768610       2.770210       2.771880       2.773640       2.775460       2.777350       2.779310       2.781330       2.783410       2.785540       2.787720       2.789950       2.792220       2.794540       2.796890       2.799280       2.801700       2.804140       2.806620       2.809110       2.811620       2.814150       2.816700       2.819260       2.821830       2.824400       2.826980       2.829570       2.832150       2.834740    
   2.769750       2.771340       2.773000       2.774730       2.776530       2.778400       2.780340       2.782330       2.784380       2.786490       2.788640       2.790850       2.793090       2.795380       2.797700       2.800060       2.802450       2.804860       2.807300       2.809760       2.812240       2.814740       2.817250       2.819780       2.822310       2.824850       2.827400       2.829950       2.832500       2.835050    
   2.770930       2.772500       2.774140       2.775860       2.777640       2.779490       2.781400       2.783370       2.785400       2.787480       2.789610       2.791780       2.794000       2.796260       2.798550       2.800880       2.803230       2.805620       2.808030       2.810460       2.812900       2.815370       2.817850       2.820340       2.822840       2.825340       2.827860       2.830370       2.832890       2.835400    
   2.770960       2.772520       2.774880       2.777020       2.778790       2.780610       2.782500       2.784450       2.786450       2.788510       2.790610       2.792760       2.794950       2.797180       2.799440       2.801740       2.804060       2.806420       2.808790       2.811190       2.813600       2.816040       2.818480       2.820940       2.823400       2.825870       2.828350       2.830830       2.833310       2.835790    
   2.770980       2.773840       2.777020       2.779230       2.779960       2.781770       2.783640       2.785560       2.787540       2.789570       2.791650       2.793770       2.795930       2.798130       2.800370       2.802630       2.804930       2.807250       2.809600       2.811960       2.814340       2.816740       2.819150       2.821580       2.824000       2.826440       2.828880       2.831330       2.833770       2.836210    
   2.772840       2.777020       2.779500       2.780560       2.781170       2.782960       2.784800       2.786700       2.788660       2.790660       2.792720       2.794810       2.796950       2.799120       2.801330       2.803560       2.805830       2.808120       2.810430       2.812770       2.815120       2.817480       2.819860       2.822250       2.824640       2.827050       2.829450       2.831860       2.834270       2.836670    
   2.777020       2.779640       2.780870       2.781170       2.782770       2.784170       2.786000       2.787880       2.789810       2.791790       2.793820       2.795890       2.798000       2.800140       2.802320       2.804530       2.806760       2.809030       2.811310       2.813610       2.815930       2.818260       2.820600       2.822960       2.825320       2.827680       2.830050       2.832420       2.834800       2.837170    
   2.779710       2.781020       2.781170       2.782700       2.784170       2.785800       2.787220       2.789080       2.790990       2.792950       2.794950       2.796990       2.799080       2.801200       2.803350       2.805530       2.807730       2.809960       2.812210       2.814480       2.816770       2.819070       2.821380       2.823700       2.826020       2.828350       2.830690       2.833020       2.835360       2.837690    
   2.781090       2.781170       2.782680       2.784170       2.785730       2.787220       2.788150       2.789100       2.791790       2.794130       2.796110       2.798130       2.800190       2.802280       2.804400       2.806550       2.808730       2.810930       2.813150       2.815390       2.817640       2.819910       2.822180       2.824470       2.826760       2.829060       2.831350       2.833650       2.835950       2.838250    
   2.781170       2.782670       2.784170       2.785710       2.787220       2.787680       2.788160       2.790790       2.794130       2.795120       2.797630       2.799290       2.801320       2.803390       2.805480       2.807610       2.809760       2.811930       2.814120       2.816320       2.818540       2.820780       2.823020       2.825270       2.827530       2.829790       2.832050       2.834310       2.836570       2.838830    
   2.782670       2.784170       2.785700       2.787220       2.787450       2.787690       2.790190       2.794130       2.794630       2.797450       2.799880       2.800470       2.802480       2.804520       2.806590       2.808690       2.810810       2.812950       2.815110       2.817280       2.819470       2.821670       2.823880       2.826100       2.828320       2.830550       2.832770       2.835000       2.837220       2.839440    
   2.784170       2.785700       2.787220       2.787340       2.787450       2.789870       2.794130       2.794380       2.797370       2.800180       2.800470       2.801480       2.803290       2.805680       2.807720       2.809790       2.811880       2.814000       2.816130       2.818270       2.820430       2.822600       2.824770       2.826960       2.829140       2.831330       2.833520       2.835710       2.837900       2.840080    
   2.785700       2.787220       2.787280       2.787340       2.789700       2.794130       2.794250       2.797330       2.800320       2.800470       2.800970       2.802730       2.805680       2.806700       2.807730       2.809800       2.811890       2.814000       2.817600       2.819280       2.821410       2.823540       2.825690       2.827840       2.829990       2.832140       2.834290       2.836440       2.838590       2.840740    
   2.787220       2.787250       2.787280       2.789610       2.794130       2.794190       2.797320       2.800400       2.800470       2.800720       2.802460       2.805680       2.806190       2.806700       2.808080       2.809810       2.811900       2.816720       2.819800       2.820320       2.822410       2.824510       2.826620       2.828740       2.830850       2.832970       2.835090       2.837200       2.839310       2.841420    
   2.787230       2.787250       2.789570       2.794130       2.794160       2.797310       2.800430       2.800470       2.800600       2.802330       2.805680       2.805930       2.806190       2.806990       2.808190       2.809930       2.815760       2.820060       2.820320       2.822050       2.823430       2.825500       2.827580       2.829660       2.831740       2.833820       2.835900       2.837980       2.840060       2.842130    
   2.787230       2.789550       2.794130       2.794150       2.797300       2.800450       2.800470       2.800530       2.802270       2.805680       2.805810       2.805940       2.806370       2.807130       2.808370       2.815530       2.820190       2.820320       2.823230       2.824480       2.825700       2.826510       2.828560       2.830600       2.832650       2.834700       2.836740       2.838780       2.840820       2.842850    
   2.789530       2.794130       2.794140       2.797300       2.800460       2.800470       2.800500       2.802240       2.805680       2.805740       2.805810       2.806040       2.806480       2.812290       2.818040       2.823600       2.823600       2.824580       2.825720       2.826070       2.825530       2.827540       2.829550       2.831560       2.833580       2.835590       2.837600       2.839600       2.841600       2.843590    
   2.794130       2.794130       2.797300       2.800470       2.800470       2.800490       2.802220       2.805680       2.805710       2.805740       2.805860       2.806110       2.815910       2.827350       2.827310       2.826280       2.827020       2.826880       2.826760       2.826610       2.826610       2.828580       2.830560       2.832540       2.834520       2.836490       2.838460       2.840430       2.842390       2.844340    
   2.794130       2.797300       2.800470       2.800470       2.800480       2.802210       2.805680       2.805700       2.805710       2.805770       2.815170       2.829070       2.827950       2.827380       2.827380       2.827310       2.827180       2.827170       2.826880       2.827490       2.827690       2.829640       2.831590       2.833530       2.835470       2.837410       2.839350       2.841280       2.843200       2.845110    
   2.797300       2.800470       2.800470       2.800470       2.802210       2.805680       2.805690       2.805700       2.805730       2.816960       2.829070       2.829070       2.829070       2.828010       2.827460       2.827460       2.827310       2.827370       2.827450       2.826880       2.828790       2.830710       2.832620       2.834530       2.836440       2.838350       2.840240       2.842140       2.844020       2.845890    
   2.800470       2.800470       2.800470       2.802210       2.805680       2.805680       2.805690       2.812620       2.820220       2.829070       2.829070       2.829070       2.829070       2.829070       2.828120       2.827610       2.827610       2.827310       2.827840       2.828020       2.829900       2.831790       2.833670       2.835550       2.837420       2.839290       2.841150       2.843010       2.844850       2.846690    
   2.800470       2.800470       2.802210       2.805680       2.805680       2.816570       2.832900       2.833140       2.833370       2.830510       2.829080       2.829070       2.829070       2.829070       2.829070       2.828330       2.827900       2.827900       2.827310       2.829160       2.831020       2.832870       2.834720       2.836570       2.838410       2.840240       2.842070       2.843880       2.845690       2.847490    
   2.800470       2.802210       2.805680       2.805680       2.818750       2.832900       2.832900       2.832900       2.833140       2.833370       2.830530       2.829100       2.829070       2.829070       2.829070       2.829070       2.828740       2.828490       2.828490       2.830310       2.832140       2.833970       2.835790       2.837600       2.839410       2.841200       2.842990       2.844770       2.846540       2.848290    
