iMOD/TUTORIALS/TUT_MetaswapAnalyser/model_MetaSWAP/meteo/Evaporation/Evaporation_20050529_L1.ASC
NCOLS                30
NROWS                30
XLLCORNER     160000.00
YLLCORNER     340000.00
CELLSIZE        1000.00
NODATA_VALUE   -9999.00
   3.877060       3.890240       3.903260       3.916130       3.928860       3.941450       3.953900       3.966220       3.978410       3.990480       4.002430       4.014270       4.026000       4.037620       4.049140       4.060560       4.071880       4.083120       4.094260       4.105320       4.116300       4.127200       4.138020       4.148770       4.159450       4.170070       4.180620       4.191110       4.201550       4.211920    
   3.881300       3.894500       3.907540       3.920440       3.933190       3.945810       3.958290       3.970630       3.982860       3.994960       4.006940       4.018800       4.030560       4.042210       4.053760       4.065210       4.076570       4.087830       4.099000       4.110090       4.121100       4.132030       4.142890       4.153670       4.164380       4.175020       4.185610       4.196130       4.206590       4.217000    
   3.885450       3.898670       3.911740       3.924660       3.937430       3.950080       3.962580       3.974960       3.987210       3.999340       4.011350       4.023250       4.035030       4.046720       4.058300       4.069780       4.081160       4.092460       4.103660       4.114780       4.125820       4.136780       4.147670       4.158480       4.169220       4.179900       4.190510       4.201060       4.211550       4.221990    
   3.889520       3.902750       3.915840       3.928790       3.941590       3.954260       3.966790       3.979190       3.991470       4.003630       4.015670       4.027600       4.039420       4.051130       4.062740       4.074250       4.085670       4.097000       4.108230       4.119390       4.130460       4.141450       4.152360       4.163210       4.173980       4.184690       4.195330       4.205910       4.216440       4.226900    
   3.893500       3.906760       3.919860       3.932830       3.945660       3.958350       3.970910       3.983340       3.995650       4.007840       4.019910       4.031870       4.043720       4.055460       4.067110       4.078650       4.090100       4.101460       4.112720       4.123910       4.135010       4.146030       4.156980       4.167860       4.178660       4.189400       4.200080       4.210690       4.221240       4.231740    
   3.897410       3.910680       3.923810       3.936800       3.949650       3.962370       3.974950       3.987410       3.999750       4.011970       4.024070       4.036060       4.047940       4.059710       4.071390       4.082960       4.094440       4.105830       4.117130       4.128350       4.139480       4.150540       4.161520       4.172430       4.183270       4.194040       4.204740       4.215390       4.225980       4.236510    
   3.901240       3.914530       3.927680       3.940680       3.953560       3.966300       3.978920       3.991400       4.003770       4.016010       4.028150       4.040160       4.052080       4.063880       4.075590       4.087200       4.098710       4.110130       4.121460       4.132710       4.143880       4.154970       4.165980       4.176920       4.187790       4.198600       4.209340       4.220020       4.230630       4.241200    
   3.904990       3.918300       3.931470       3.944500       3.957400       3.970160       3.982800       3.995320       4.007710       4.019980       4.032150       4.044200       4.056140       4.067980       4.079710       4.091350       4.102900       4.114350       4.125720       4.137000       4.148200       4.159320       4.170370       4.181340       4.192250       4.203080       4.213860       4.224570       4.235220       4.245820    
   3.908680       3.922000       3.935190       3.948240       3.961160       3.973950       3.986620       3.999160       4.011580       4.023880       4.036070       4.048150       4.060120       4.071990       4.083760       4.095430       4.107010       4.118500       4.129900       4.141210       4.152450       4.163600       4.174680       4.185690       4.196630       4.207500       4.218300       4.229050       4.239730       4.250360    
   3.912300       3.925640       3.938840       3.951910       3.964860       3.977670       3.990360       4.002930       4.015370       4.027710       4.039920       4.052040       4.064040       4.075940       4.087740       4.099440       4.111050       4.122570       4.134010       4.145350       4.156620       4.167810       4.178920       4.189970       4.200940       4.211840       4.222680       4.233460       4.244180       4.254840    
   3.912250       3.925590       3.942980       3.955520       3.968480       3.981320       3.994030       4.006630       4.019100       4.031460       4.043710       4.055850       4.067880       4.079810       4.091650       4.103380       4.115020       4.126580       4.138040       4.149420       4.160730       4.171950       4.183100       4.194170       4.205180       4.216120       4.226990       4.237800       4.248560       4.259250    
   3.912210       3.934090       3.955520       3.967900       3.972050       3.984910       3.997640       4.010260       4.022760       4.035150       4.047430       4.059600       4.071660       4.083620       4.095490       4.107250       4.118930       4.130510       4.142010       4.153430       4.164760       4.176020       4.187200       4.198310       4.209350       4.220320       4.231230       4.242080       4.252870       4.263600    
   3.925140       3.955520       3.968190       3.973800       3.975550       3.988430       4.001190       4.013830       4.026360       4.038780       4.051080       4.063280       4.075370       4.087360       4.099260       4.111060       4.122760       4.134380       4.145920       4.157360       4.168730       4.180020       4.191240       4.202380       4.213460       4.224470       4.235410       4.246290       4.257110       4.267880    
   3.955520       3.968480       3.974670       3.975550       3.985290       3.991890       4.004680       4.017340       4.029900       4.042340       4.054670       4.066900       4.079020       4.091040       4.102970       4.114800       4.126540       4.138190       4.149750       4.161240       4.172640       4.183960       4.195210       4.206390       4.217500       4.228540       4.239520       4.250440       4.261300       4.272100    
   3.968670       3.975110       3.975550       3.984240       3.991890       4.001560       4.008100       4.020800       4.033370       4.045840       4.058200       4.070460       4.082610       4.094660       4.106620       4.118480       4.130250       4.141930       4.153530       4.165050       4.176480       4.187840       4.199120       4.210340       4.221480       4.232560       4.243570       4.254520       4.265420       4.276250    
   3.975330       3.975550       3.983890       3.991890       4.000520       4.008100       4.014450       4.020760       4.037320       4.049290       4.061670       4.073960       4.086140       4.098220       4.110200       4.122100       4.133900       4.145620       4.157250       4.168790       4.180260       4.191660       4.202980       4.214220       4.225400       4.236510       4.247560       4.258550       4.269480       4.280350    
   3.975550       3.983780       3.991890       4.000170       4.008100       4.011280       4.014440       4.030460       4.049290       4.055480       4.068620       4.077400       4.089610       4.101720       4.113740       4.125660       4.137490       4.149240       4.160900       4.172480       4.183990       4.195410       4.206770       4.218050       4.229260       4.240410       4.251490       4.262510       4.273480       4.284380    
   3.983740       3.991890       4.000050       4.008100       4.009690       4.011270       4.026360       4.049290       4.052390       4.066660       4.079090       4.080790       4.093020       4.105160       4.117210       4.129160       4.141030       4.152810       4.164500       4.176120       4.187650       4.199110       4.210500       4.221820       4.233060       4.244250       4.255360       4.266420       4.277420       4.288360    
   3.991890       4.000010       4.008100       4.008890       4.009690       4.024150       4.049290       4.050840       4.065810       4.079940       4.080790       4.086910       4.096880       4.108560       4.120630       4.132610       4.144510       4.156320       4.168050       4.179700       4.191260       4.202760       4.214180       4.225530       4.236810       4.248030       4.259180       4.270270       4.281310       4.292280    
   4.000000       4.008100       4.008500       4.008890       4.023010       4.049290       4.050060       4.065420       4.080370       4.080790       4.083850       4.093280       4.108560       4.114590       4.120600       4.132580       4.144480       4.156290       4.174800       4.183220       4.194820       4.206350       4.217800       4.229190       4.240500       4.251760       4.262940       4.274070       4.285140       4.296150    
   4.008100       4.008300       4.008500       4.022420       4.049290       4.049680       4.065230       4.080580       4.080790       4.082320       4.091620       4.108560       4.111580       4.114580       4.122590       4.132550       4.144450       4.169440       4.184950       4.186690       4.198330       4.209890       4.221370       4.232790       4.244140       4.255430       4.266650       4.277820       4.288920       4.299970    
   4.008200       4.008300       4.022130       4.049290       4.049480       4.065130       4.080680       4.080790       4.081550       4.090820       4.108560       4.110070       4.111570       4.116250       4.123240       4.133200       4.163790       4.185820       4.186690       4.195600       4.201780       4.213370       4.224890       4.236350       4.247730       4.259050       4.270310       4.281510       4.292650       4.303730    
   4.008200       4.021980       4.049290       4.049390       4.065090       4.080740       4.080790       4.081170       4.090430       4.108560       4.109310       4.110070       4.112630       4.117020       4.124230       4.160620       4.186260       4.186690       4.199410       4.205160       4.212140       4.216810       4.228370       4.239850       4.251270       4.262630       4.273920       4.285150       4.296330       4.307450    
   4.021900       4.049290       4.049340       4.065060       4.080760       4.080790       4.080980       4.090240       4.108560       4.108940       4.109310       4.110670       4.113240       4.138680       4.166940       4.196590       4.196600       4.202410       4.209060       4.210200       4.208540       4.220200       4.231790       4.243310       4.254760       4.266150       4.277480       4.288750       4.299960       4.311110    
   4.049290       4.049310       4.065050       4.080780       4.080790       4.080890       4.090140       4.108560       4.108750       4.108940       4.109640       4.111080       4.152910       4.200920       4.200830       4.202360       4.206910       4.206520       4.210380       4.211840       4.211850       4.223540       4.235170       4.246720       4.258210       4.269630       4.280990       4.292300       4.303540       4.314730    
   4.049300       4.065050       4.080780       4.080790       4.080840       4.090090       4.108560       4.108650       4.108750       4.109110       4.145030       4.197760       4.199950       4.201020       4.201020       4.200830       4.205100       4.207310       4.206520       4.212960       4.215120       4.226840       4.238500       4.250080       4.261610       4.273060       4.284460       4.295800       4.307080       4.318310    
   4.065040       4.080790       4.080790       4.080810       4.090070       4.108560       4.108610       4.108650       4.108840       4.151680       4.197760       4.197760       4.197760       4.200090       4.201210       4.201210       4.200830       4.205730       4.208100       4.206520       4.218350       4.230100       4.241790       4.253410       4.264960       4.276450       4.287890       4.299260       4.310570       4.321840    
   4.080790       4.080790       4.080800       4.090060       4.108560       4.108580       4.108610       4.131460       4.160850       4.197770       4.197760       4.197760       4.197760       4.197760       4.200380       4.201590       4.201590       4.200830       4.207460       4.209680       4.221530       4.233320       4.245030       4.256690       4.268270       4.279800       4.291270       4.302670       4.314030       4.325320    
   4.080790       4.080800       4.090050       4.108560       4.108570       4.141190       4.190090       4.194920       4.199740       4.198440       4.197780       4.197760       4.197760       4.197760       4.197760       4.200960       4.202350       4.202350       4.200830       4.212790       4.224670       4.236490       4.248240       4.259920       4.271550       4.283110       4.294610       4.306050       4.317430       4.328770    
   4.080790       4.090050       4.108560       4.108570       4.147700       4.190100       4.190100       4.190090       4.194920       4.199740       4.198480       4.197830       4.197760       4.197760       4.197760       4.197760       4.202150       4.203870       4.203880       4.215870       4.227780       4.239630       4.251410       4.263120       4.274780       4.286370       4.297910       4.309380       4.320800       4.332170    
