iMOD/TUTORIALS/TUT_MetaswapAnalyser/model_MetaSWAP/meteo/Evaporation/Evaporation_20050402_L1.ASC
NCOLS                30
NROWS                30
XLLCORNER     160000.00
YLLCORNER     340000.00
CELLSIZE        1000.00
NODATA_VALUE   -9999.00
   2.973000       2.973080       2.973150       2.973200       2.973230       2.973260       2.973270       2.973280       2.973270       2.973250       2.973230       2.973200       2.973160       2.973120       2.973070       2.973020       2.972960       2.972900       2.972840       2.972780       2.972710       2.972650       2.972580       2.972510       2.972440       2.972370       2.972300       2.972240       2.972170       2.972100    
   2.973430       2.973510       2.973580       2.973630       2.973660       2.973690       2.973700       2.973710       2.973700       2.973690       2.973670       2.973640       2.973610       2.973560       2.973520       2.973470       2.973410       2.973360       2.973300       2.973240       2.973170       2.973110       2.973040       2.972970       2.972900       2.972840       2.972770       2.972700       2.972640       2.972570    
   2.973860       2.973930       2.974000       2.974050       2.974090       2.974110       2.974130       2.974140       2.974130       2.974120       2.974100       2.974070       2.974040       2.974000       2.973960       2.973910       2.973860       2.973800       2.973740       2.973680       2.973620       2.973560       2.973490       2.973420       2.973360       2.973290       2.973230       2.973160       2.973100       2.973030    
   2.974270       2.974350       2.974410       2.974460       2.974500       2.974530       2.974550       2.974550       2.974550       2.974540       2.974520       2.974500       2.974460       2.974430       2.974390       2.974340       2.974290       2.974230       2.974180       2.974120       2.974060       2.974000       2.973930       2.973870       2.973800       2.973740       2.973680       2.973610       2.973550       2.973490    
   2.974680       2.974760       2.974820       2.974870       2.974910       2.974940       2.974950       2.974960       2.974960       2.974950       2.974930       2.974910       2.974880       2.974850       2.974810       2.974760       2.974710       2.974660       2.974610       2.974550       2.974490       2.974430       2.974370       2.974310       2.974240       2.974180       2.974120       2.974050       2.973990       2.973930    
   2.975090       2.975160       2.975220       2.975270       2.975310       2.975340       2.975360       2.975360       2.975360       2.975360       2.975340       2.975320       2.975290       2.975260       2.975220       2.975170       2.975130       2.975080       2.975020       2.974970       2.974910       2.974850       2.974790       2.974730       2.974670       2.974610       2.974550       2.974490       2.974430       2.974370    
   2.975490       2.975560       2.975620       2.975670       2.975700       2.975730       2.975750       2.975760       2.975760       2.975750       2.975740       2.975720       2.975690       2.975660       2.975620       2.975580       2.975540       2.975490       2.975440       2.975380       2.975330       2.975270       2.975210       2.975150       2.975100       2.975040       2.974980       2.974920       2.974860       2.974800    
   2.975880       2.975950       2.976010       2.976060       2.976090       2.976120       2.976140       2.976150       2.976150       2.976140       2.976130       2.976110       2.976090       2.976060       2.976020       2.975980       2.975940       2.975890       2.975840       2.975790       2.975740       2.975680       2.975620       2.975570       2.975510       2.975450       2.975400       2.975340       2.975280       2.975230    
   2.976270       2.976340       2.976400       2.976440       2.976480       2.976510       2.976520       2.976530       2.976530       2.976530       2.976520       2.976500       2.976470       2.976440       2.976410       2.976370       2.976330       2.976290       2.976240       2.976190       2.976140       2.976080       2.976030       2.975970       2.975920       2.975860       2.975810       2.975750       2.975700       2.975640    
   2.976660       2.976720       2.976780       2.976820       2.976860       2.976880       2.976900       2.976910       2.976910       2.976910       2.976900       2.976880       2.976860       2.976830       2.976790       2.976760       2.976720       2.976670       2.976630       2.976580       2.976530       2.976480       2.976430       2.976370       2.976320       2.976270       2.976210       2.976160       2.976110       2.976060    
   2.976660       2.976720       2.976880       2.977200       2.977230       2.977260       2.977280       2.977280       2.977290       2.977280       2.977270       2.977250       2.977230       2.977200       2.977170       2.977140       2.977100       2.977060       2.977010       2.976970       2.976920       2.976870       2.976820       2.976770       2.976720       2.976660       2.976610       2.976560       2.976510       2.976460    
   2.976650       2.976860       2.977200       2.977500       2.977600       2.977630       2.977640       2.977650       2.977660       2.977650       2.977640       2.977620       2.977600       2.977580       2.977550       2.977510       2.977470       2.977430       2.977390       2.977350       2.977300       2.977250       2.977200       2.977160       2.977110       2.977060       2.977010       2.976960       2.976910       2.976860    
   2.976820       2.977200       2.977610       2.977790       2.977970       2.977990       2.978010       2.978020       2.978020       2.978010       2.978000       2.977990       2.977970       2.977940       2.977910       2.977880       2.977840       2.977810       2.977760       2.977720       2.977680       2.977630       2.977580       2.977540       2.977490       2.977440       2.977390       2.977350       2.977300       2.977260    
   2.977200       2.977670       2.977880       2.977970       2.978110       2.978360       2.978370       2.978380       2.978380       2.978370       2.978360       2.978350       2.978330       2.978300       2.978280       2.978240       2.978210       2.978170       2.978130       2.978090       2.978050       2.978000       2.977960       2.977910       2.977870       2.977820       2.977780       2.977730       2.977690       2.977650    
   2.977690       2.977920       2.977970       2.978150       2.978360       2.978490       2.978730       2.978740       2.978740       2.978730       2.978720       2.978710       2.978690       2.978660       2.978630       2.978600       2.978570       2.978530       2.978500       2.978460       2.978410       2.978370       2.978330       2.978290       2.978240       2.978200       2.978160       2.978110       2.978070       2.978030    
   2.977950       2.977970       2.978160       2.978360       2.978530       2.978730       2.978730       2.978740       2.978820       2.979080       2.979070       2.979060       2.979040       2.979020       2.978990       2.978960       2.978930       2.978890       2.978850       2.978820       2.978780       2.978740       2.978690       2.978650       2.978610       2.978570       2.978530       2.978490       2.978450       2.978410    
   2.977970       2.978160       2.978360       2.978540       2.978730       2.978730       2.978730       2.978840       2.979080       2.979070       2.979270       2.979410       2.979390       2.979370       2.979340       2.979310       2.979280       2.979240       2.979210       2.979170       2.979130       2.979090       2.979050       2.979020       2.978980       2.978940       2.978900       2.978860       2.978820       2.978780    
   2.978160       2.978360       2.978540       2.978730       2.978730       2.978730       2.978850       2.979080       2.979080       2.979350       2.979580       2.979750       2.979740       2.979710       2.979690       2.979660       2.979630       2.979590       2.979560       2.979520       2.979490       2.979450       2.979410       2.979370       2.979340       2.979300       2.979260       2.979230       2.979190       2.979160    
   2.978360       2.978540       2.978730       2.978730       2.978730       2.978850       2.979080       2.979080       2.979380       2.979660       2.979750       2.979740       2.979820       2.980060       2.980030       2.980000       2.979970       2.979940       2.979910       2.979870       2.979840       2.979800       2.979760       2.979730       2.979690       2.979660       2.979620       2.979590       2.979560       2.979520    
   2.978540       2.978730       2.978730       2.978730       2.978850       2.979080       2.979080       2.979400       2.979710       2.979750       2.979750       2.979840       2.980060       2.980050       2.980030       2.980000       2.979970       2.979940       2.980100       2.980220       2.980180       2.980150       2.980110       2.980080       2.980050       2.980010       2.979980       2.979950       2.979920       2.979890    
   2.978730       2.978730       2.978730       2.978850       2.979080       2.979080       2.979410       2.979730       2.979750       2.979750       2.979850       2.980060       2.980050       2.980050       2.980030       2.980000       2.979970       2.980190       2.980390       2.980560       2.980530       2.980490       2.980460       2.980430       2.980400       2.980360       2.980330       2.980300       2.980280       2.980250    
   2.978730       2.978730       2.978850       2.979080       2.979080       2.979410       2.979740       2.979750       2.979750       2.979850       2.980060       2.980060       2.980050       2.980040       2.980020       2.980000       2.980240       2.980470       2.980560       2.980650       2.980870       2.980840       2.980800       2.980770       2.980740       2.980710       2.980680       2.980660       2.980630       2.980610    
   2.978730       2.978850       2.979080       2.979080       2.979410       2.979740       2.979750       2.979750       2.979850       2.980060       2.980060       2.980060       2.980050       2.980040       2.980020       2.980470       2.980520       2.980560       2.981030       2.981200       2.981190       2.981170       2.981140       2.981120       2.981090       2.981060       2.981030       2.981010       2.980980       2.980960    
   2.978850       2.979080       2.979080       2.979410       2.979750       2.979750       2.979750       2.979850       2.980060       2.980060       2.980060       2.980050       2.980050       2.980840       2.981320       2.981560       2.981560       2.981570       2.981600       2.981710       2.981540       2.981510       2.981480       2.981460       2.981430       2.981400       2.981380       2.981360       2.981340       2.981320    
   2.979080       2.979080       2.979410       2.979750       2.979750       2.979750       2.979850       2.980060       2.980060       2.980060       2.980060       2.980050       2.981490       2.983260       2.983250       2.982570       2.982610       2.982570       2.982110       2.981880       2.981880       2.981850       2.981820       2.981790       2.981770       2.981750       2.981720       2.981700       2.981680       2.981670    
   2.979080       2.979410       2.979750       2.979750       2.979750       2.979850       2.980060       2.980060       2.980060       2.980060       2.981740       2.984270       2.983610       2.983270       2.983270       2.983250       2.982840       2.982650       2.982570       2.982300       2.982210       2.982180       2.982160       2.982130       2.982110       2.982090       2.982070       2.982050       2.982030       2.982020    
   2.979410       2.979750       2.979750       2.979750       2.979850       2.980060       2.980060       2.980060       2.980060       2.982080       2.984270       2.984270       2.984270       2.983620       2.983290       2.983290       2.983250       2.982890       2.982730       2.982570       2.982540       2.982510       2.982490       2.982470       2.982440       2.982420       2.982410       2.982390       2.982380       2.982360    
   2.979750       2.979750       2.979750       2.979850       2.980060       2.980060       2.980060       2.981540       2.982880       2.984270       2.984270       2.984270       2.984270       2.984270       2.983650       2.983330       2.983330       2.983250       2.982990       2.982900       2.982870       2.982850       2.982820       2.982800       2.982780       2.982760       2.982750       2.982730       2.982720       2.982710    
   2.979750       2.979750       2.979850       2.980060       2.980060       2.982580       2.986350       2.986160       2.985970       2.984840       2.984270       2.984270       2.984270       2.984270       2.984270       2.983710       2.983420       2.983420       2.983250       2.983230       2.983200       2.983180       2.983150       2.983130       2.983120       2.983100       2.983090       2.983070       2.983060       2.983060    
   2.979750       2.979850       2.980060       2.980060       2.983080       2.986350       2.986350       2.986350       2.986160       2.985970       2.984840       2.984280       2.984270       2.984270       2.984270       2.984270       2.983820       2.983580       2.983580       2.983550       2.983530       2.983510       2.983490       2.983470       2.983450       2.983440       2.983420       2.983410       2.983410       2.983400    
