iMOD/TUTORIALS/TUT_MetaswapAnalyser/model_MetaSWAP/meteo/Evaporation/Evaporation_20050314_L1.ASC
NCOLS                30
NROWS                30
XLLCORNER     160000.00
YLLCORNER     340000.00
CELLSIZE        1000.00
NODATA_VALUE   -9999.00
  0.7069300      0.7088700      0.7107800      0.7126600      0.7145200      0.7163500      0.7181500      0.7199300      0.7216900      0.7234300      0.7251400      0.7268300      0.7285000      0.7301500      0.7317800      0.7333900      0.7349800      0.7365500      0.7381000      0.7396300      0.7411500      0.7426500      0.7441300      0.7456000      0.7470500      0.7484800      0.7499000      0.7513100      0.7527000      0.7540800    
  0.7072700      0.7092100      0.7111200      0.7130000      0.7148600      0.7166900      0.7185000      0.7202800      0.7220400      0.7237800      0.7254900      0.7271800      0.7288500      0.7305000      0.7321300      0.7337400      0.7353200      0.7368900      0.7384400      0.7399700      0.7414900      0.7429800      0.7444600      0.7459200      0.7473600      0.7487900      0.7502000      0.7516000      0.7529800      0.7543500    
  0.7075900      0.7095300      0.7114500      0.7133300      0.7151900      0.7170300      0.7188400      0.7206200      0.7223800      0.7241200      0.7258300      0.7275200      0.7291900      0.7308400      0.7324700      0.7340800      0.7356600      0.7372300      0.7387700      0.7403000      0.7418100      0.7433000      0.7447700      0.7462300      0.7476600      0.7490900      0.7504900      0.7518800      0.7532500      0.7546100    
  0.7079000      0.7098400      0.7117600      0.7136500      0.7155100      0.7173400      0.7191600      0.7209400      0.7227000      0.7244400      0.7261600      0.7278500      0.7295200      0.7311700      0.7328000      0.7344000      0.7359800      0.7375500      0.7390900      0.7406200      0.7421200      0.7436100      0.7450700      0.7465200      0.7479600      0.7493700      0.7507700      0.7521500      0.7535200      0.7548700    
  0.7082000      0.7101400      0.7120500      0.7139400      0.7158100      0.7176500      0.7194600      0.7212500      0.7230100      0.7247500      0.7264700      0.7281600      0.7298300      0.7314800      0.7331100      0.7347100      0.7362900      0.7378600      0.7394000      0.7409200      0.7424200      0.7439000      0.7453700      0.7468100      0.7482400      0.7496500      0.7510400      0.7524100      0.7537700      0.7551100    
  0.7084700      0.7104200      0.7123400      0.7142300      0.7160900      0.7179400      0.7197500      0.7215400      0.7233100      0.7250500      0.7267700      0.7284600      0.7301300      0.7317800      0.7334100      0.7350100      0.7365900      0.7381500      0.7396900      0.7412100      0.7427100      0.7441900      0.7456500      0.7470800      0.7485100      0.7499100      0.7512900      0.7526600      0.7540100      0.7553500    
  0.7087400      0.7106800      0.7126000      0.7145000      0.7163700      0.7182100      0.7200300      0.7218200      0.7235900      0.7253300      0.7270500      0.7287500      0.7304200      0.7320700      0.7336900      0.7353000      0.7368800      0.7384400      0.7399700      0.7414900      0.7429800      0.7444600      0.7459100      0.7473500      0.7487600      0.7501600      0.7515400      0.7529000      0.7542400      0.7555700    
  0.7089800      0.7109300      0.7128500      0.7147500      0.7166200      0.7184700      0.7202900      0.7220800      0.7238500      0.7256000      0.7273200      0.7290200      0.7306900      0.7323400      0.7339600      0.7355700      0.7371500      0.7387100      0.7402400      0.7417500      0.7432500      0.7447200      0.7461700      0.7476000      0.7490100      0.7504000      0.7517700      0.7531300      0.7544600      0.7557800    
  0.7092200      0.7111700      0.7130900      0.7149900      0.7168600      0.7187100      0.7205300      0.7223300      0.7241000      0.7258500      0.7275700      0.7292700      0.7309500      0.7326000      0.7342200      0.7358300      0.7374100      0.7389600      0.7405000      0.7420100      0.7435000      0.7449600      0.7464100      0.7478400      0.7492400      0.7506300      0.7519900      0.7533400      0.7546700      0.7559800    
  0.7094400      0.7113900      0.7133100      0.7152100      0.7170900      0.7189400      0.7207700      0.7225700      0.7243400      0.7260900      0.7278100      0.7295100      0.7311900      0.7328400      0.7344700      0.7360700      0.7376500      0.7392000      0.7407400      0.7422500      0.7437300      0.7452000      0.7466400      0.7480600      0.7494600      0.7508400      0.7522000      0.7535500      0.7548700      0.7561700    
  0.7094300      0.7113800      0.7138320      0.7154200      0.7173000      0.7191500      0.7209800      0.7227800      0.7245600      0.7263100      0.7280400      0.7297400      0.7314200      0.7330700      0.7347000      0.7363000      0.7378800      0.7394300      0.7409600      0.7424700      0.7439600      0.7454200      0.7468600      0.7482800      0.7496700      0.7510500      0.7524000      0.7537400      0.7550500      0.7563500    
  0.7094210      0.7125160      0.7154200      0.7169750      0.7175000      0.7193500      0.7211800      0.7229900      0.7247700      0.7265200      0.7282500      0.7299500      0.7316300      0.7332900      0.7349100      0.7365200      0.7380900      0.7396500      0.7411800      0.7426900      0.7441700      0.7456300      0.7470600      0.7484800      0.7498700      0.7512400      0.7525900      0.7539200      0.7552200      0.7565100    
  0.7112000      0.7154200      0.7169160      0.7175900      0.7176800      0.7195400      0.7213700      0.7231800      0.7249600      0.7267200      0.7284500      0.7301500      0.7318300      0.7334900      0.7351100      0.7367200      0.7383000      0.7398500      0.7413800      0.7428800      0.7443600      0.7458200      0.7472500      0.7486600      0.7500500      0.7514200      0.7527600      0.7540800      0.7553800      0.7566600    
  0.7154200      0.7169130      0.7176350      0.7176800      0.7189770      0.7197100      0.7215400      0.7233500      0.7251400      0.7268900      0.7286300      0.7303300      0.7320200      0.7336700      0.7353000      0.7369100      0.7384800      0.7400400      0.7415700      0.7430700      0.7445500      0.7460000      0.7474300      0.7488400      0.7502200      0.7515800      0.7529200      0.7542300      0.7555300      0.7568000    
  0.7169180      0.7176570      0.7176800      0.7187890      0.7197100      0.7209830      0.7217000      0.7235100      0.7253000      0.7270600      0.7287900      0.7305000      0.7321900      0.7338400      0.7354700      0.7370800      0.7386600      0.7402100      0.7417400      0.7432400      0.7447100      0.7461700      0.7475900      0.7490000      0.7503700      0.7517300      0.7530600      0.7543700      0.7556600      0.7569300    
  0.7176690      0.7176800      0.7187260      0.7197100      0.7207980      0.7217000      0.7226050      0.7235030      0.7257700      0.7272100      0.7289400      0.7306500      0.7323400      0.7340000      0.7356300      0.7372400      0.7388100      0.7403700      0.7418900      0.7433900      0.7448700      0.7463200      0.7477400      0.7491400      0.7505100      0.7518600      0.7531900      0.7545000      0.7557800      0.7570400    
  0.7176800      0.7187050      0.7197100      0.7207360      0.7217000      0.7221520      0.7226030      0.7247720      0.7272100      0.7280750      0.7297000      0.7307900      0.7324800      0.7341400      0.7357700      0.7373800      0.7389600      0.7405100      0.7420400      0.7435300      0.7450100      0.7464500      0.7478700      0.7492700      0.7506400      0.7519900      0.7533100      0.7546000      0.7558800      0.7571300    
  0.7186980      0.7197100      0.7207150      0.7217000      0.7219260      0.7221520      0.7241840      0.7272100      0.7276430      0.7293490      0.7308500      0.7309100      0.7326000      0.7342600      0.7359000      0.7375000      0.7390800      0.7406400      0.7421600      0.7436600      0.7451300      0.7465800      0.7479900      0.7493800      0.7507500      0.7520900      0.7534100      0.7547000      0.7559700      0.7572100    
  0.7197100      0.7207080      0.7217000      0.7218130      0.7219260      0.7238680      0.7272100      0.7274260      0.7291980      0.7308800      0.7309100      0.7317550      0.7330350      0.7343700      0.7360100      0.7376100      0.7391900      0.7407500      0.7422700      0.7437700      0.7452400      0.7466800      0.7481000      0.7494800      0.7508500      0.7521800      0.7534900      0.7547800      0.7560400      0.7572800    
  0.7207060      0.7217000      0.7217570      0.7218130      0.7237040      0.7272100      0.7273180      0.7291280      0.7308950      0.7309100      0.7313330      0.7325170      0.7343700      0.7351900      0.7359970      0.7376030      0.7391830      0.7407370      0.7429180      0.7438600      0.7453300      0.7467700      0.7481800      0.7495700      0.7509300      0.7522600      0.7535600      0.7548400      0.7561000      0.7573300    
  0.7217000      0.7217280      0.7217570      0.7236210      0.7272100      0.7272640      0.7290940      0.7309030      0.7309100      0.7311210      0.7322830      0.7343700      0.7347800      0.7351860      0.7362630      0.7375940      0.7391740      0.7421360      0.7439000      0.7439400      0.7454100      0.7468400      0.7482500      0.7496400      0.7509900      0.7523200      0.7536200      0.7548900      0.7561400      0.7573600    
  0.7217140      0.7217280      0.7235790      0.7272100      0.7272370      0.7290770      0.7309060      0.7309100      0.7310160      0.7321710      0.7343700      0.7345750      0.7347790      0.7354100      0.7363480      0.7376770      0.7413530      0.7439200      0.7439400      0.7449400      0.7454700      0.7469000      0.7483100      0.7496900      0.7510400      0.7523600      0.7536500      0.7549200      0.7561600      0.7573800    
  0.7217140      0.7235580      0.7272100      0.7272240      0.7290680      0.7309080      0.7309100      0.7309630      0.7321170      0.7343700      0.7344730      0.7345740      0.7349210      0.7355120      0.7364780      0.7406600      0.7439300      0.7439400      0.7449790      0.7455000      0.7463600      0.7469400      0.7483500      0.7497200      0.7510700      0.7523800      0.7536700      0.7549300      0.7561700      0.7573800    
  0.7235470      0.7272100      0.7272170      0.7290640      0.7309090      0.7309100      0.7309360      0.7320900      0.7343700      0.7344210      0.7344720      0.7346560      0.7350030      0.7373330      0.7404230      0.7439850      0.7439900      0.7447090      0.7455230      0.7455350      0.7455300      0.7469600      0.7483700      0.7497400      0.7510800      0.7523900      0.7536700      0.7549300      0.7561600      0.7573600    
  0.7272100      0.7272130      0.7290620      0.7309100      0.7309100      0.7309230      0.7320770      0.7343700      0.7343960      0.7344210      0.7345170      0.7347100      0.7383650      0.7424170      0.7424200      0.7434860      0.7440340      0.7440400      0.7450650      0.7455330      0.7455400      0.7469700      0.7483700      0.7497400      0.7510700      0.7523800      0.7536600      0.7549100      0.7561300      0.7573200    
  0.7272120      0.7290610      0.7309100      0.7309100      0.7309170      0.7320700      0.7343700      0.7343830      0.7343960      0.7344440      0.7369500      0.7405500      0.7417930      0.7424140      0.7424140      0.7424200      0.7435010      0.7440270      0.7440400      0.7451530      0.7455300      0.7469500      0.7483500      0.7497200      0.7510500      0.7523500      0.7536200      0.7548700      0.7560800      0.7572700    
  0.7290610      0.7309100      0.7309100      0.7309130      0.7320670      0.7343700      0.7343760      0.7343830      0.7344080      0.7373780      0.7405500      0.7405500      0.7405500      0.7417890      0.7424090      0.7424090      0.7424200      0.7435170      0.7440150      0.7440400      0.7455000      0.7469200      0.7483200      0.7496800      0.7510100      0.7523000      0.7535700      0.7548100      0.7560100      0.7571900    
  0.7309100      0.7309100      0.7309120      0.7320650      0.7343700      0.7343730      0.7343760      0.7352690      0.7373830      0.7405490      0.7405500      0.7405500      0.7405500      0.7405500      0.7417810      0.7423970      0.7423980      0.7424200      0.7435930      0.7439900      0.7454400      0.7468700      0.7482600      0.7496200      0.7509400      0.7522300      0.7535000      0.7547300      0.7559300      0.7571000    
  0.7309100      0.7309110      0.7320640      0.7343700      0.7343720      0.7350200      0.7359900      0.7369500      0.7379100      0.7396680      0.7405480      0.7405500      0.7405500      0.7405500      0.7405500      0.7417700      0.7423730      0.7423750      0.7424200      0.7439200      0.7453700      0.7468000      0.7481800      0.7495400      0.7508600      0.7521500      0.7534000      0.7546200      0.7558200      0.7569800    
  0.7309100      0.7320640      0.7343700      0.7343710      0.7351480      0.7359890      0.7359890      0.7359900      0.7369500      0.7379100      0.7396660      0.7405450      0.7405500      0.7405500      0.7405500      0.7405500      0.7417610      0.7423230      0.7423300      0.7438200      0.7452800      0.7467000      0.7480900      0.7494400      0.7507500      0.7520400      0.7532800      0.7545000      0.7556900      0.7568400    
