iMOD/TUTORIALS/TUT_MetaswapAnalyser/model_MetaSWAP/meteo/Evaporation/Evaporation_20050303_L1.ASC
NCOLS                30
NROWS                30
XLLCORNER     160000.00
YLLCORNER     340000.00
CELLSIZE        1000.00
NODATA_VALUE   -9999.00
  0.3516000      0.3522500      0.3529100      0.3535800      0.3542500      0.3549300      0.3556100      0.3562900      0.3569700      0.3576400      0.3583000      0.3589400      0.3595800      0.3601900      0.3607900      0.3613700      0.3619200      0.3624500      0.3629600      0.3634400      0.3638900      0.3643100      0.3646900      0.3650500      0.3653700      0.3656700      0.3659200      0.3661400      0.3663300      0.3664800    
  0.3529000      0.3535600      0.3542200      0.3548900      0.3555700      0.3562500      0.3569400      0.3576200      0.3583000      0.3589700      0.3596300      0.3602700      0.3609100      0.3615200      0.3621200      0.3626900      0.3632500      0.3637800      0.3642800      0.3647500      0.3652000      0.3656200      0.3660000      0.3663600      0.3666800      0.3669600      0.3672100      0.3674300      0.3676100      0.3677600    
  0.3542400      0.3549000      0.3555700      0.3562400      0.3569300      0.3576100      0.3583000      0.3589800      0.3596600      0.3603300      0.3609900      0.3616400      0.3622700      0.3628900      0.3634800      0.3640600      0.3646100      0.3651400      0.3656400      0.3661100      0.3665500      0.3669600      0.3673500      0.3676900      0.3680100      0.3682900      0.3685400      0.3687500      0.3689200      0.3690600    
  0.3556100      0.3562700      0.3569500      0.3576300      0.3583200      0.3590100      0.3597000      0.3603800      0.3610600      0.3617300      0.3623900      0.3630400      0.3636700      0.3642900      0.3648800      0.3654500      0.3660000      0.3665300      0.3670300      0.3675000      0.3679400      0.3683500      0.3687200      0.3690700      0.3693800      0.3696500      0.3698900      0.3701000      0.3702700      0.3704000    
  0.3570100      0.3576800      0.3583600      0.3590500      0.3597400      0.3604300      0.3611200      0.3618100      0.3624900      0.3631700      0.3638300      0.3644700      0.3651100      0.3657200      0.3663100      0.3668900      0.3674300      0.3679600      0.3684500      0.3689200      0.3693500      0.3697600      0.3701300      0.3704700      0.3707700      0.3710400      0.3712800      0.3714800      0.3716400      0.3717600    
  0.3584400      0.3591200      0.3598100      0.3605000      0.3611900      0.3618900      0.3625800      0.3632700      0.3639600      0.3646300      0.3652900      0.3659400      0.3665700      0.3671900      0.3677800      0.3683500      0.3688900      0.3694100      0.3699100      0.3703700      0.3708000      0.3712000      0.3715700      0.3719000      0.3722000      0.3724600      0.3726900      0.3728800      0.3730400      0.3731500    
  0.3599000      0.3605800      0.3612800      0.3619800      0.3626800      0.3633800      0.3640700      0.3647700      0.3654500      0.3661300      0.3667900      0.3674400      0.3680700      0.3686800      0.3692700      0.3698400      0.3703800      0.3709000      0.3713900      0.3718500      0.3722800      0.3726700      0.3730400      0.3733600      0.3736600      0.3739100      0.3741300      0.3743200      0.3744600      0.3745700    
  0.3613800      0.3620800      0.3627700      0.3634800      0.3641800      0.3648900      0.3655900      0.3662800      0.3669700      0.3676500      0.3683100      0.3689600      0.3695900      0.3702100      0.3708000      0.3713600      0.3719000      0.3724200      0.3729000      0.3733600      0.3737800      0.3741700      0.3745300      0.3748500      0.3751400      0.3753900      0.3756000      0.3757700      0.3759100      0.3760100    
  0.3628900      0.3635900      0.3643000      0.3650100      0.3657200      0.3664300      0.3671300      0.3678300      0.3685200      0.3692000      0.3698600      0.3705100      0.3711500      0.3717600      0.3723500      0.3729100      0.3734500      0.3739600      0.3744400      0.3748900      0.3753100      0.3757000      0.3760500      0.3763700      0.3766400      0.3768900      0.3770900      0.3772600      0.3773900      0.3774800    
  0.3644200      0.3651300      0.3658400      0.3665600      0.3672700      0.3679900      0.3687000      0.3694000      0.3700900      0.3707700      0.3714400      0.3720900      0.3727200      0.3733300      0.3739200      0.3744800      0.3750200      0.3755300      0.3760100      0.3764600      0.3768700      0.3772500      0.3775900      0.3779000      0.3781800      0.3784100      0.3786100      0.3787600      0.3788800      0.3789600    
  0.3644230      0.3651300      0.3664150      0.3681300      0.3688500      0.3695700      0.3702800      0.3709900      0.3716900      0.3723700      0.3730400      0.3736900      0.3743200      0.3749300      0.3755200      0.3760800      0.3766200      0.3771200      0.3776000      0.3780400      0.3784500      0.3788200      0.3791600      0.3794600      0.3797300      0.3799500      0.3801400      0.3802900      0.3804000      0.3804700    
  0.3644240      0.3660250      0.3681300      0.3698730      0.3704500      0.3711700      0.3718900      0.3726000      0.3733000      0.3739900      0.3746600      0.3753100      0.3759400      0.3765500      0.3771400      0.3777000      0.3782300      0.3787400      0.3792100      0.3796500      0.3800500      0.3804200      0.3807500      0.3810500      0.3813000      0.3815200      0.3817000      0.3818400      0.3819400      0.3819900    
  0.3655760      0.3681300      0.3703290      0.3712550      0.3720600      0.3727900      0.3735200      0.3742300      0.3749300      0.3756200      0.3763000      0.3769500      0.3775800      0.3782000      0.3787800      0.3793400      0.3798700      0.3803700      0.3808400      0.3812700      0.3816700      0.3820400      0.3823600      0.3826500      0.3829000      0.3831100      0.3832700      0.3834000      0.3834900      0.3835400    
  0.3681300      0.3705440      0.3716570      0.3720600      0.3730930      0.3744300      0.3751600      0.3758800      0.3765800      0.3772800      0.3779500      0.3786100      0.3792400      0.3798600      0.3804400      0.3810000      0.3815300      0.3820300      0.3824900      0.3829200      0.3833100      0.3836700      0.3839900      0.3842700      0.3845100      0.3847100      0.3848700      0.3849900      0.3850600      0.3851000    
  0.3706480      0.3718590      0.3720600      0.3731940      0.3744300      0.3754670      0.3768100      0.3775400      0.3782500      0.3789500      0.3796200      0.3802800      0.3809200      0.3815300      0.3821200      0.3826800      0.3832000      0.3837000      0.3841600      0.3845800      0.3849700      0.3853200      0.3856300      0.3859100      0.3861400      0.3863300      0.3864800      0.3865800      0.3866500      0.3866700    
  0.3719590      0.3720600      0.3732280      0.3744300      0.3755690      0.3768100      0.3771750      0.3775330      0.3788430      0.3806300      0.3813100      0.3819700      0.3826100      0.3832200      0.3838100      0.3843700      0.3848900      0.3853800      0.3858400      0.3862600      0.3866500      0.3869900      0.3872900      0.3875600      0.3877800      0.3879600      0.3881000      0.3882000      0.3882500      0.3882600    
  0.3720600      0.3732390      0.3744300      0.3756030      0.3768100      0.3769930      0.3771730      0.3785450      0.3806300      0.3809700      0.3825940      0.3836700      0.3843100      0.3849300      0.3855100      0.3860700      0.3865900      0.3870800      0.3875400      0.3879500      0.3883300      0.3886700      0.3889700      0.3892200      0.3894400      0.3896100      0.3897400      0.3898200      0.3898600      0.3898600    
  0.3732430      0.3744300      0.3756140      0.3768100      0.3769010      0.3769920      0.3783350      0.3806300      0.3808000      0.3828230      0.3845300      0.3853900      0.3860300      0.3866400      0.3872300      0.3877900      0.3883100      0.3888000      0.3892500      0.3896600      0.3900300      0.3903600      0.3906600      0.3909000      0.3911100      0.3912700      0.3913800      0.3914600      0.3914800      0.3914700    
  0.3744300      0.3756180      0.3768100      0.3768560      0.3769010      0.3782150      0.3806300      0.3807150      0.3829210      0.3849600      0.3853900      0.3857100      0.3866070      0.3883700      0.3889600      0.3895100      0.3900300      0.3905200      0.3909700      0.3913800      0.3917400      0.3920700      0.3923500      0.3925900      0.3927900      0.3929400      0.3930400      0.3931000      0.3931200      0.3930900    
  0.3756190      0.3768100      0.3768330      0.3768560      0.3781500      0.3806300      0.3806730      0.3829660      0.3851750      0.3853900      0.3855500      0.3865190      0.3883700      0.3886650      0.3889470      0.3895000      0.3900200      0.3905070      0.3921600      0.3931000      0.3934600      0.3937800      0.3940600      0.3942900      0.3944700      0.3946100      0.3947100      0.3947500      0.3947500      0.3947100    
  0.3768100      0.3768210      0.3768330      0.3781170      0.3806300      0.3806510      0.3829880      0.3852830      0.3853900      0.3854700      0.3864570      0.3883700      0.3885170      0.3886610      0.3890370      0.3894890      0.3900090      0.3922960      0.3939650      0.3948300      0.3951900      0.3955000      0.3957700      0.3959900      0.3961700      0.3963000      0.3963800      0.3964100      0.3964000      0.3963400    
  0.3768160      0.3768210      0.3781000      0.3806300      0.3806410      0.3829990      0.3853360      0.3853900      0.3854300      0.3864220      0.3883700      0.3884440      0.3885160      0.3887380      0.3890620      0.3895120      0.3922040      0.3943970      0.3948300      0.3956470      0.3969200      0.3972300      0.3974900      0.3977000      0.3978700      0.3979900      0.3980500      0.3980800      0.3980500      0.3979700    
  0.3768160      0.3780920      0.3806300      0.3806350      0.3830050      0.3853630      0.3853900      0.3854100      0.3864030      0.3883700      0.3884070      0.3884430      0.3885660      0.3887720      0.3891040      0.3930890      0.3946140      0.3948300      0.3976000      0.3986600      0.3988400      0.3989600      0.3992100      0.3994200      0.3995700      0.3996800      0.3997300      0.3997400      0.3997000      0.3996100    
  0.3780880      0.3806300      0.3806330      0.3830070      0.3853770      0.3853900      0.3854000      0.3863930      0.3883700      0.3883880      0.3884070      0.3884720      0.3885940      0.3937010      0.3974150      0.4000550      0.4000550      0.4003240      0.4006860      0.4012650      0.4004000      0.4006900      0.4009400      0.4011300      0.4012800      0.4013700      0.4014100      0.4014100      0.4013500      0.4012500    
  0.3806300      0.3806310      0.3830090      0.3853830      0.3853900      0.3853950      0.3863880      0.3883700      0.3883790      0.3883880      0.3884220      0.3884910      0.3975290      0.4084130      0.4083600      0.4051110      0.4054960      0.4052800      0.4032250      0.4021330      0.4021300      0.4024200      0.4026600      0.4028500      0.4029800      0.4030600      0.4030900      0.4030700      0.4030000      0.4028800    
  0.3806310      0.3830090      0.3853870      0.3853900      0.3853920      0.3863860      0.3883700      0.3883750      0.3883790      0.3883970      0.3982720      0.4130300      0.4099960      0.4084670      0.4084670      0.4083600      0.4065340      0.4057120      0.4052800      0.4042200      0.4038700      0.4041500      0.4043800      0.4045600      0.4046800      0.4047500      0.4047700      0.4047300      0.4046500      0.4045100    
  0.3830100      0.3853880      0.3853900      0.3853910      0.3863850      0.3883700      0.3883720      0.3883750      0.3883840      0.4002220      0.4130300      0.4130300      0.4130300      0.4100750      0.4085740      0.4085740      0.4083600      0.4067830      0.4061450      0.4052800      0.4056000      0.4058800      0.4061000      0.4062700      0.4063800      0.4064400      0.4064400      0.4063900      0.4062900      0.4061300    
  0.3853890      0.3853900      0.3853910      0.3863840      0.3883700      0.3883710      0.3883720      0.3964430      0.4043720      0.4130340      0.4130300      0.4130300      0.4130300      0.4130300      0.4102310      0.4087870      0.4087870      0.4083600      0.4073450      0.4070100      0.4073300      0.4076000      0.4078200      0.4079700      0.4080700      0.4081200      0.4081100      0.4080400      0.4079200      0.4077500    
  0.3853900      0.3853900      0.3863840      0.3883700      0.3883710      0.4016630      0.4216000      0.4211200      0.4206400      0.4155790      0.4130430      0.4130300      0.4130300      0.4130300      0.4130300      0.4105320      0.4092140      0.4092150      0.4083600      0.4087300      0.4090500      0.4093200      0.4095200      0.4096700      0.4097600      0.4097900      0.4097700      0.4096800      0.4095500      0.4093500    
  0.3853900      0.3863840      0.3883700      0.3883700      0.4043230      0.4216030      0.4216030      0.4216000      0.4211200      0.4206400      0.4156020      0.4130700      0.4130300      0.4130300      0.4130300      0.4130300      0.4110990      0.4100670      0.4100700      0.4104400      0.4107600      0.4110200      0.4112200      0.4113600      0.4114300      0.4114500      0.4114100      0.4113100      0.4111600      0.4109500    
