iMOD/TUTORIALS/TUT_MetaswapAnalyser/model_MetaSWAP/meteo/Evaporation/Evaporation_20051219_L1.ASC
NCOLS                30
NROWS                30
XLLCORNER     160000.00
YLLCORNER     340000.00
CELLSIZE        1000.00
NODATA_VALUE   -9999.00
  0.1372100      0.1354300      0.1336700      0.1319200      0.1301800      0.1284600      0.1267400      0.1250400      0.1233500      0.1216700      0.1200100      0.1183500      0.1167000      0.1150600      0.1134300      0.1118000      0.1101900      0.1085800      0.1069800      0.1053900      0.1038000      0.1022300      0.1006500      0.9909000E-01  0.9753000E-01  0.9597000E-01  0.9442000E-01  0.9288000E-01  0.9134000E-01  0.8981000E-01
  0.1359200      0.1341400      0.1323700      0.1306200      0.1288800      0.1271500      0.1254400      0.1237300      0.1220400      0.1203600      0.1186800      0.1170200      0.1153700      0.1137200      0.1120900      0.1104600      0.1088400      0.1072300      0.1056300      0.1040400      0.1024500      0.1008700      0.9929000E-01  0.9772000E-01  0.9616000E-01  0.9460000E-01  0.9305000E-01  0.9150000E-01  0.8996000E-01  0.8843000E-01
  0.1346400      0.1328600      0.1310900      0.1293300      0.1275900      0.1258600      0.1241400      0.1224300      0.1207300      0.1190400      0.1173700      0.1157000      0.1140400      0.1124000      0.1107600      0.1091300      0.1075100      0.1058900      0.1042900      0.1026900      0.1011000      0.9951000E-01  0.9793000E-01  0.9636000E-01  0.9480000E-01  0.9324000E-01  0.9168000E-01  0.9014000E-01  0.8859000E-01  0.8706000E-01
  0.1333700      0.1315800      0.1298100      0.1280500      0.1263000      0.1245600      0.1228400      0.1211300      0.1194300      0.1177400      0.1160600      0.1143900      0.1127300      0.1110700      0.1094300      0.1078000      0.1061700      0.1045600      0.1029500      0.1013500      0.9975000E-01  0.9816000E-01  0.9658000E-01  0.9501000E-01  0.9344000E-01  0.9188000E-01  0.9032000E-01  0.8877000E-01  0.8723000E-01  0.8569000E-01
  0.1320900      0.1303100      0.1285300      0.1267700      0.1250200      0.1232800      0.1215500      0.1198300      0.1181300      0.1164400      0.1147500      0.1130800      0.1114100      0.1097600      0.1081100      0.1064700      0.1048500      0.1032300      0.1016100      0.1000100      0.9841000E-01  0.9682000E-01  0.9524000E-01  0.9366000E-01  0.9209000E-01  0.9053000E-01  0.8897000E-01  0.8741000E-01  0.8587000E-01  0.8433000E-01
  0.1308300      0.1290400      0.1272600      0.1254900      0.1237400      0.1220000      0.1202700      0.1185500      0.1168400      0.1151400      0.1134500      0.1117700      0.1101100      0.1084500      0.1068000      0.1051600      0.1035200      0.1019000      0.1002900      0.9868000E-01  0.9708000E-01  0.9548000E-01  0.9390000E-01  0.9232000E-01  0.9074000E-01  0.8918000E-01  0.8762000E-01  0.8606000E-01  0.8451000E-01  0.8297000E-01
  0.1295700      0.1277700      0.1259900      0.1242200      0.1224700      0.1207200      0.1189900      0.1172600      0.1155500      0.1138500      0.1121600      0.1104800      0.1088000      0.1071400      0.1054900      0.1038400      0.1022100      0.1005800      0.9896000E-01  0.9735000E-01  0.9575000E-01  0.9415000E-01  0.9256000E-01  0.9098000E-01  0.8940000E-01  0.8784000E-01  0.8627000E-01  0.8472000E-01  0.8316000E-01  0.8162000E-01
  0.1283100      0.1265100      0.1247300      0.1229600      0.1212000      0.1194500      0.1177100      0.1159800      0.1142700      0.1125600      0.1108700      0.1091800      0.1075100      0.1058400      0.1041800      0.1025400      0.1009000      0.9927000E-01  0.9764000E-01  0.9603000E-01  0.9442000E-01  0.9282000E-01  0.9123000E-01  0.8965000E-01  0.8807000E-01  0.8650000E-01  0.8493000E-01  0.8337000E-01  0.8182000E-01  0.8027000E-01
  0.1270500      0.1252500      0.1234700      0.1216900      0.1199300      0.1181800      0.1164400      0.1147100      0.1129900      0.1112800      0.1095800      0.1078900      0.1062200      0.1045500      0.1028900      0.1012300      0.9959000E-01  0.9796000E-01  0.9633000E-01  0.9472000E-01  0.9311000E-01  0.9150000E-01  0.8991000E-01  0.8832000E-01  0.8674000E-01  0.8517000E-01  0.8360000E-01  0.8204000E-01  0.8048000E-01  0.7893000E-01
  0.1258000      0.1240000      0.1222100      0.1204400      0.1186700      0.1169200      0.1151700      0.1134400      0.1117200      0.1100000      0.1083000      0.1066100      0.1049300      0.1032600      0.1015900      0.9994000E-01  0.9829000E-01  0.9665000E-01  0.9503000E-01  0.9340000E-01  0.9179000E-01  0.9019000E-01  0.8859000E-01  0.8700000E-01  0.8542000E-01  0.8384000E-01  0.8227000E-01  0.8071000E-01  0.7915000E-01  0.7760000E-01
  0.1258030      0.1240030      0.1214580      0.1191800      0.1174100      0.1156600      0.1139100      0.1121700      0.1104500      0.1087300      0.1070300      0.1053300      0.1036500      0.1019700      0.1003000      0.9864000E-01  0.9700000E-01  0.9536000E-01  0.9372000E-01  0.9210000E-01  0.9048000E-01  0.8888000E-01  0.8728000E-01  0.8568000E-01  0.8410000E-01  0.8252000E-01  0.8094000E-01  0.7938000E-01  0.7782000E-01  0.7626000E-01
  0.1258070      0.1226110      0.1191800      0.1169150      0.1161600      0.1144000      0.1126500      0.1109100      0.1091800      0.1074600      0.1057600      0.1040600      0.1023700      0.1006900      0.9902000E-01  0.9736000E-01  0.9570000E-01  0.9406000E-01  0.9243000E-01  0.9080000E-01  0.8918000E-01  0.8757000E-01  0.8597000E-01  0.8437000E-01  0.8278000E-01  0.8120000E-01  0.7962000E-01  0.7806000E-01  0.7649000E-01  0.7494000E-01
  0.1238040      0.1191800      0.1166350      0.1155350      0.1149100      0.1131500      0.1114000      0.1096500      0.1079200      0.1062000      0.1044900      0.1027900      0.1010900      0.9941000E-01  0.9774000E-01  0.9607000E-01  0.9442000E-01  0.9277000E-01  0.9113000E-01  0.8950000E-01  0.8788000E-01  0.8627000E-01  0.8466000E-01  0.8306000E-01  0.8147000E-01  0.7989000E-01  0.7831000E-01  0.7674000E-01  0.7518000E-01  0.7362000E-01
  0.1191800      0.1164870      0.1152220      0.1149100      0.1133200      0.1119000      0.1101400      0.1084000      0.1066600      0.1049400      0.1032200      0.1015200      0.9982000E-01  0.9814000E-01  0.9646000E-01  0.9479000E-01  0.9314000E-01  0.9149000E-01  0.8984000E-01  0.8821000E-01  0.8659000E-01  0.8497000E-01  0.8336000E-01  0.8176000E-01  0.8017000E-01  0.7858000E-01  0.7700000E-01  0.7543000E-01  0.7386000E-01  0.7230000E-01
  0.1164110      0.1150660      0.1149100      0.1133770      0.1119000      0.1103130      0.1089000      0.1071500      0.1054100      0.1036800      0.1019700      0.1002600      0.9856000E-01  0.9687000E-01  0.9519000E-01  0.9352000E-01  0.9186000E-01  0.9020000E-01  0.8856000E-01  0.8692000E-01  0.8530000E-01  0.8368000E-01  0.8207000E-01  0.8046000E-01  0.7887000E-01  0.7728000E-01  0.7570000E-01  0.7412000E-01  0.7255000E-01  0.7099000E-01
  0.1149880      0.1149100      0.1133960      0.1119000      0.1103710      0.1089000      0.1080250      0.1071530      0.1046670      0.1024300      0.1007100      0.9900000E-01  0.9730000E-01  0.9560000E-01  0.9392000E-01  0.9225000E-01  0.9058000E-01  0.8893000E-01  0.8728000E-01  0.8564000E-01  0.8401000E-01  0.8239000E-01  0.8078000E-01  0.7917000E-01  0.7757000E-01  0.7598000E-01  0.7439000E-01  0.7282000E-01  0.7125000E-01  0.6968000E-01
  0.1149100      0.1134020      0.1119000      0.1103900      0.1089000      0.1084620      0.1080260      0.1055690      0.1024300      0.1015700      0.9927400E-01  0.9774000E-01  0.9604000E-01  0.9434000E-01  0.9266000E-01  0.9098000E-01  0.8931000E-01  0.8766000E-01  0.8601000E-01  0.8436000E-01  0.8273000E-01  0.8111000E-01  0.7949000E-01  0.7788000E-01  0.7628000E-01  0.7468000E-01  0.7310000E-01  0.7152000E-01  0.6995000E-01  0.6838000E-01
  0.1134040      0.1119000      0.1103970      0.1089000      0.1086810      0.1084630      0.1061220      0.1024300      0.1020000      0.9937580E-01  0.9711500E-01  0.9649000E-01  0.9479000E-01  0.9309000E-01  0.9140000E-01  0.8972000E-01  0.8805000E-01  0.8639000E-01  0.8473000E-01  0.8309000E-01  0.8145000E-01  0.7983000E-01  0.7821000E-01  0.7660000E-01  0.7499000E-01  0.7340000E-01  0.7181000E-01  0.7023000E-01  0.6865000E-01  0.6708000E-01
  0.1119000      0.1103990      0.1089000      0.1087910      0.1086810      0.1064240      0.1024300      0.1022150      0.9941970E-01  0.9680250E-01  0.9649000E-01  0.9564000E-01  0.9405250E-01  0.9184000E-01  0.9014000E-01  0.8846000E-01  0.8679000E-01  0.8512000E-01  0.8347000E-01  0.8182000E-01  0.8018000E-01  0.7855000E-01  0.7693000E-01  0.7532000E-01  0.7371000E-01  0.7211000E-01  0.7052000E-01  0.6894000E-01  0.6736000E-01  0.6579000E-01
  0.1104000      0.1089000      0.1088450      0.1087910      0.1065820      0.1024300      0.1023230      0.9944020E-01  0.9664620E-01  0.9649000E-01  0.9606500E-01  0.9450560E-01  0.9184000E-01  0.9099000E-01  0.9014670E-01  0.8846330E-01  0.8679000E-01  0.8512670E-01  0.8205000E-01  0.8055000E-01  0.7891000E-01  0.7728000E-01  0.7566000E-01  0.7404000E-01  0.7243000E-01  0.7083000E-01  0.6924000E-01  0.6765000E-01  0.6607000E-01  0.6450000E-01
  0.1089000      0.1088730      0.1088450      0.1066620      0.1024300      0.1023760      0.9945020E-01  0.9656810E-01  0.9649000E-01  0.9627750E-01  0.9472520E-01  0.9184000E-01  0.9141500E-01  0.9099220E-01  0.8986670E-01  0.8846670E-01  0.8679330E-01  0.8263530E-01  0.7992000E-01  0.7929000E-01  0.7765000E-01  0.7601000E-01  0.7439000E-01  0.7277000E-01  0.7116000E-01  0.6955000E-01  0.6796000E-01  0.6637000E-01  0.6479000E-01  0.6322000E-01
  0.1088860      0.1088730      0.1067020      0.1024300      0.1024030      0.9945510E-01  0.9652910E-01  0.9649000E-01  0.9638380E-01  0.9483320E-01  0.9184000E-01  0.9162750E-01  0.9141570E-01  0.9075800E-01  0.8977520E-01  0.8837560E-01  0.8335810E-01  0.7960500E-01  0.7929000E-01  0.7777670E-01  0.7639000E-01  0.7475000E-01  0.7312000E-01  0.7150000E-01  0.6989000E-01  0.6828000E-01  0.6669000E-01  0.6510000E-01  0.6351000E-01  0.6194000E-01
  0.1088860      0.1067230      0.1024300      0.1024170      0.9945760E-01  0.9650950E-01  0.9649000E-01  0.9643690E-01  0.9488670E-01  0.9184000E-01  0.9173380E-01  0.9162770E-01  0.9126710E-01  0.9064960E-01  0.8963620E-01  0.8330130E-01  0.7944750E-01  0.7929000E-01  0.7636420E-01  0.7513500E-01  0.7415000E-01  0.7349000E-01  0.7186000E-01  0.7024000E-01  0.6862000E-01  0.6702000E-01  0.6542000E-01  0.6382000E-01  0.6224000E-01  0.6066000E-01
  0.1067330      0.1024300      0.1024230      0.9945880E-01  0.9649980E-01  0.9649000E-01  0.9646340E-01  0.9491340E-01  0.9184000E-01  0.9178690E-01  0.9173380E-01  0.9154290E-01  0.9118150E-01  0.8564070E-01  0.8042420E-01  0.7555080E-01  0.7555000E-01  0.7468740E-01  0.7367440E-01  0.7325500E-01  0.7388000E-01  0.7224000E-01  0.7060000E-01  0.6898000E-01  0.6736000E-01  0.6575000E-01  0.6415000E-01  0.6256000E-01  0.6097000E-01  0.5939000E-01
  0.1024300      0.1024270      0.9945940E-01  0.9649490E-01  0.9649000E-01  0.9647670E-01  0.9492670E-01  0.9184000E-01  0.9181340E-01  0.9178690E-01  0.9168790E-01  0.9148610E-01  0.8205410E-01  0.7097190E-01  0.7101000E-01  0.7239710E-01  0.7165500E-01  0.7181000E-01  0.7229830E-01  0.7263330E-01  0.7263000E-01  0.7099000E-01  0.6935000E-01  0.6772000E-01  0.6610000E-01  0.6449000E-01  0.6289000E-01  0.6129000E-01  0.5971000E-01  0.5813000E-01
  0.1024280      0.9945970E-01  0.9649240E-01  0.9649000E-01  0.9648340E-01  0.9493340E-01  0.9184000E-01  0.9182670E-01  0.9181340E-01  0.9176270E-01  0.8260820E-01  0.6904000E-01  0.7029630E-01  0.7093370E-01  0.7093370E-01  0.7101000E-01  0.7137330E-01  0.7150000E-01  0.7181000E-01  0.7149500E-01  0.7139000E-01  0.6974000E-01  0.6810000E-01  0.6647000E-01  0.6485000E-01  0.6324000E-01  0.6163000E-01  0.6004000E-01  0.5845000E-01  0.5686000E-01
  0.9945980E-01  0.9649120E-01  0.9649000E-01  0.9648670E-01  0.9493670E-01  0.9184000E-01  0.9183340E-01  0.9182670E-01  0.9180100E-01  0.8085290E-01  0.6904000E-01  0.6904000E-01  0.6904000E-01  0.7023960E-01  0.7085750E-01  0.7085750E-01  0.7101000E-01  0.7117310E-01  0.7119000E-01  0.7181000E-01  0.7015000E-01  0.6850000E-01  0.6686000E-01  0.6523000E-01  0.6360000E-01  0.6199000E-01  0.6038000E-01  0.5878000E-01  0.5719000E-01  0.5561000E-01
  0.9649060E-01  0.9649000E-01  0.9648830E-01  0.9493830E-01  0.9184000E-01  0.9183670E-01  0.9183340E-01  0.8505280E-01  0.7764470E-01  0.6903670E-01  0.6904000E-01  0.6904000E-01  0.6904000E-01  0.6904000E-01  0.7012720E-01  0.7070500E-01  0.7070500E-01  0.7101000E-01  0.7068250E-01  0.7057000E-01  0.6891000E-01  0.6726000E-01  0.6562000E-01  0.6398000E-01  0.6236000E-01  0.6074000E-01  0.5913000E-01  0.5753000E-01  0.5594000E-01  0.5435000E-01
  0.9649000E-01  0.9648920E-01  0.9493920E-01  0.9184000E-01  0.9183830E-01  0.8121350E-01  0.6528000E-01  0.6501490E-01  0.6475000E-01  0.6760110E-01  0.6903010E-01  0.6904000E-01  0.6904000E-01  0.6904000E-01  0.6904000E-01  0.6990620E-01  0.7040000E-01  0.7040000E-01  0.7101000E-01  0.6934000E-01  0.6768000E-01  0.6603000E-01  0.6438000E-01  0.6275000E-01  0.6112000E-01  0.5950000E-01  0.5789000E-01  0.5629000E-01  0.5469000E-01  0.5311000E-01
  0.9648960E-01  0.9493960E-01  0.9184000E-01  0.9183920E-01  0.7908860E-01  0.6527770E-01  0.6527770E-01  0.6528000E-01  0.6501480E-01  0.6475000E-01  0.6758410E-01  0.6901030E-01  0.6904000E-01  0.6904000E-01  0.6904000E-01  0.6904000E-01  0.6948000E-01  0.6979000E-01  0.6979000E-01  0.6812000E-01  0.6645000E-01  0.6480000E-01  0.6315000E-01  0.6151000E-01  0.5988000E-01  0.5826000E-01  0.5665000E-01  0.5505000E-01  0.5345000E-01  0.5186000E-01
