iMOD/TUTORIALS/TUT_MetaswapAnalyser/model_MetaSWAP/meteo/Evaporation/Evaporation_20060127_L1.ASC
NCOLS                30
NROWS                30
XLLCORNER     160000.00
YLLCORNER     340000.00
CELLSIZE        1000.00
NODATA_VALUE   -9999.00
  0.4232800      0.4236800      0.4240400      0.4243700      0.4246600      0.4249200      0.4251500      0.4253500      0.4255300      0.4256800      0.4258200      0.4259300      0.4260300      0.4261100      0.4261700      0.4262300      0.4262700      0.4263000      0.4263300      0.4263500      0.4263700      0.4263800      0.4263800      0.4263900      0.4264000      0.4264000      0.4264100      0.4264200      0.4264300      0.4264500    
  0.4225400      0.4229300      0.4232800      0.4236000      0.4238800      0.4241300      0.4243600      0.4245500      0.4247200      0.4248700      0.4250000      0.4251100      0.4252000      0.4252800      0.4253400      0.4253900      0.4254300      0.4254700      0.4254900      0.4255100      0.4255300      0.4255400      0.4255500      0.4255600      0.4255700      0.4255800      0.4255900      0.4256000      0.4256200      0.4256400    
  0.4217400      0.4221200      0.4224700      0.4227700      0.4230500      0.4232900      0.4235100      0.4237000      0.4238700      0.4240100      0.4241300      0.4242400      0.4243300      0.4244000      0.4244600      0.4245100      0.4245500      0.4245900      0.4246100      0.4246300      0.4246500      0.4246600      0.4246700      0.4246900      0.4247000      0.4247100      0.4247300      0.4247500      0.4247700      0.4248000    
  0.4209100      0.4212800      0.4216100      0.4219100      0.4221700      0.4224100      0.4226200      0.4228000      0.4229700      0.4231000      0.4232200      0.4233200      0.4234100      0.4234800      0.4235400      0.4235900      0.4236300      0.4236600      0.4236900      0.4237100      0.4237300      0.4237400      0.4237600      0.4237700      0.4237900      0.4238100      0.4238300      0.4238500      0.4238800      0.4239100    
  0.4200300      0.4203900      0.4207100      0.4210000      0.4212600      0.4214800      0.4216900      0.4218600      0.4220200      0.4221500      0.4222700      0.4223700      0.4224500      0.4225200      0.4225800      0.4226200      0.4226600      0.4226900      0.4227200      0.4227400      0.4227600      0.4227800      0.4228000      0.4228200      0.4228400      0.4228600      0.4228900      0.4229200      0.4229600      0.4230000    
  0.4191100      0.4194500      0.4197700      0.4200400      0.4202900      0.4205200      0.4207100      0.4208800      0.4210300      0.4211600      0.4212700      0.4213700      0.4214500      0.4215100      0.4215700      0.4216200      0.4216500      0.4216900      0.4217100      0.4217400      0.4217600      0.4217800      0.4218000      0.4218300      0.4218500      0.4218800      0.4219100      0.4219500      0.4219900      0.4220400    
  0.4181500      0.4184800      0.4187800      0.4190500      0.4192900      0.4195100      0.4197000      0.4198600      0.4200100      0.4201300      0.4202400      0.4203300      0.4204000      0.4204700      0.4205200      0.4205700      0.4206100      0.4206400      0.4206700      0.4207000      0.4207200      0.4207500      0.4207700      0.4208000      0.4208300      0.4208600      0.4209000      0.4209500      0.4210000      0.4210600    
  0.4171500      0.4174700      0.4177600      0.4180300      0.4182600      0.4184600      0.4186400      0.4188000      0.4189400      0.4190600      0.4191600      0.4192500      0.4193200      0.4193900      0.4194400      0.4194900      0.4195200      0.4195600      0.4195900      0.4196200      0.4196400      0.4196700      0.4197000      0.4197400      0.4197700      0.4198100      0.4198600      0.4199100      0.4199700      0.4200400    
  0.4161200      0.4164300      0.4167100      0.4169600      0.4171800      0.4173800      0.4175600      0.4177100      0.4178400      0.4179600      0.4180500      0.4181400      0.4182100      0.4182700      0.4183200      0.4183700      0.4184100      0.4184400      0.4184700      0.4185000      0.4185300      0.4185700      0.4186000      0.4186400      0.4186800      0.4187300      0.4187800      0.4188400      0.4189100      0.4189800    
  0.4150600      0.4153600      0.4156200      0.4158600      0.4160800      0.4162700      0.4164300      0.4165800      0.4167100      0.4168200      0.4169100      0.4169900      0.4170600      0.4171200      0.4171700      0.4172100      0.4172500      0.4172900      0.4173200      0.4173600      0.4173900      0.4174300      0.4174600      0.4175100      0.4175600      0.4176100      0.4176700      0.4177400      0.4178200      0.4179000    
  0.4150500      0.4153470      0.4153950      0.4147400      0.4149400      0.4151200      0.4152800      0.4154200      0.4155400      0.4156400      0.4157300      0.4158100      0.4158800      0.4159300      0.4159800      0.4160300      0.4160700      0.4161000      0.4161400      0.4161800      0.4162100      0.4162500      0.4163000      0.4163500      0.4164000      0.4164600      0.4165300      0.4166100      0.4167000      0.4167900    
  0.4150390      0.4151330      0.4147400      0.4140070      0.4137700      0.4139400      0.4141000      0.4142300      0.4143400      0.4144400      0.4145300      0.4146000      0.4146600      0.4147200      0.4147700      0.4148100      0.4148500      0.4148900      0.4149300      0.4149700      0.4150100      0.4150500      0.4151000      0.4151600      0.4152200      0.4152900      0.4153700      0.4154500      0.4155500      0.4156500    
  0.4149050      0.4147400      0.4136260      0.4131750      0.4125800      0.4127400      0.4128800      0.4130100      0.4131200      0.4132100      0.4132900      0.4133600      0.4134200      0.4134700      0.4135200      0.4135600      0.4136000      0.4136400      0.4136800      0.4137300      0.4137700      0.4138200      0.4138800      0.4139400      0.4140100      0.4140900      0.4141700      0.4142700      0.4143700      0.4144900    
  0.4147400      0.4134560      0.4128780      0.4125800      0.4122770      0.4115100      0.4116500      0.4117600      0.4118700      0.4119500      0.4120300      0.4120900      0.4121500      0.4122000      0.4122500      0.4122900      0.4123300      0.4123700      0.4124100      0.4124600      0.4125100      0.4125600      0.4126200      0.4126900      0.4127700      0.4128600      0.4129500      0.4130600      0.4131700      0.4133000    
  0.4133760      0.4127290      0.4125800      0.4121220      0.4115100      0.4111800      0.4103800      0.4104900      0.4105900      0.4106700      0.4107400      0.4108000      0.4108600      0.4109000      0.4109500      0.4109900      0.4110300      0.4110700      0.4111200      0.4111700      0.4112200      0.4112800      0.4113500      0.4114200      0.4115100      0.4116000      0.4117100      0.4118200      0.4119500      0.4120900    
  0.4126540      0.4125800      0.4120710      0.4115100      0.4110230      0.4103800      0.4104350      0.4104870      0.4102770      0.4093600      0.4094300      0.4094900      0.4095400      0.4095800      0.4096300      0.4096700      0.4097100      0.4097500      0.4098000      0.4098500      0.4099100      0.4099700      0.4100500      0.4101300      0.4102200      0.4103200      0.4104400      0.4105600      0.4107000      0.4108500    
  0.4125800      0.4120540      0.4115100      0.4109710      0.4103800      0.4104080      0.4104340      0.4101400      0.4093600      0.4093950      0.4086440      0.4081500      0.4082000      0.4082400      0.4082800      0.4083200      0.4083600      0.4084100      0.4084600      0.4085100      0.4085700      0.4086400      0.4087200      0.4088100      0.4089100      0.4090300      0.4091500      0.4092900      0.4094400      0.4096000    
  0.4120480      0.4115100      0.4109540      0.4103800      0.4103940      0.4104070      0.4100850      0.4093600      0.4093770      0.4083320      0.4074700      0.4067900      0.4068400      0.4068800      0.4069200      0.4069600      0.4070000      0.4070400      0.4070900      0.4071500      0.4072200      0.4072900      0.4073800      0.4074800      0.4075900      0.4077100      0.4078400      0.4079900      0.4081500      0.4083300    
  0.4115100      0.4109480      0.4103800      0.4103870      0.4103940      0.4100620      0.4093600      0.4093690      0.4081980      0.4071300      0.4067900      0.4068150      0.4065000      0.4054900      0.4055300      0.4055700      0.4056100      0.4056600      0.4057100      0.4057700      0.4058400      0.4059200      0.4060200      0.4061200      0.4062400      0.4063700      0.4065100      0.4066700      0.4068500      0.4070400    
  0.4109460      0.4103800      0.4103830      0.4103870      0.4100510      0.4093600      0.4093640      0.4081350      0.4069600      0.4067900      0.4068020      0.4063990      0.4054900      0.4055100      0.4055300      0.4055700      0.4056130      0.4056600      0.4048960      0.4043800      0.4044500      0.4045400      0.4046400      0.4047500      0.4048700      0.4050100      0.4051700      0.4053400      0.4055300      0.4057300    
  0.4103800      0.4103820      0.4103830      0.4100450      0.4093600      0.4093620      0.4081050      0.4068750      0.4067900      0.4067960      0.4063700      0.4054900      0.4055000      0.4055100      0.4055370      0.4055710      0.4056140      0.4045600      0.4036700      0.4029600      0.4030400      0.4031300      0.4032400      0.4033600      0.4034900      0.4036400      0.4038100      0.4039900      0.4041900      0.4044100    
  0.4103810      0.4103820      0.4100430      0.4093600      0.4093610      0.4080900      0.4068330      0.4067900      0.4067930      0.4063620      0.4054900      0.4054950      0.4055000      0.4055160      0.4055390      0.4055740      0.4044040      0.4033150      0.4029600      0.4025400      0.4016200      0.4017200      0.4018300      0.4019500      0.4021000      0.4022600      0.4024400      0.4026300      0.4028400      0.4030700    
  0.4103810      0.4100410      0.4093600      0.4093610      0.4080820      0.4068110      0.4067900      0.4067920      0.4063590      0.4054900      0.4054920      0.4054950      0.4055040      0.4055180      0.4055430      0.4034510      0.4031380      0.4029600      0.4009200      0.4001750      0.4002380      0.4002800      0.4004000      0.4005400      0.4006900      0.4008600      0.4010500      0.4012600      0.4014900      0.4017300    
  0.4100410      0.4093600      0.4093600      0.4080790      0.4068010      0.4067900      0.4067910      0.4063580      0.4054900      0.4054910      0.4054920      0.4054970      0.4055060      0.4019390      0.3997530      0.3985980      0.3986000      0.3985680      0.3984840      0.3980050      0.3987300      0.3988400      0.3989700      0.3991100      0.3992700      0.3994600      0.3996600      0.3998800      0.4001200      0.4003700    
  0.4093600      0.4093600      0.4080770      0.4067950      0.4067900      0.4067900      0.4063570      0.4054900      0.4054910      0.4054910      0.4054940      0.4054980      0.3990360      0.3911430      0.3911900      0.3942190      0.3940550      0.3942400      0.3962340      0.3972730      0.3972800      0.3973900      0.3975200      0.3976700      0.3978500      0.3980400      0.3982500      0.3984900      0.3987400      0.3990100    
  0.4093600      0.4080760      0.4067930      0.4067900      0.4067900      0.4063570      0.4054900      0.4054900      0.4054910      0.4054920      0.3979690      0.3866800      0.3896170      0.3910970      0.3910970      0.3911900      0.3930310      0.3938700      0.3942400      0.3954180      0.3958100      0.3959300      0.3960700      0.3962300      0.3964100      0.3966200      0.3968400      0.3970900      0.3973600      0.3976400    
  0.4080750      0.4067910      0.4067900      0.4067900      0.4063570      0.4054900      0.4054900      0.4054900      0.4054910      0.3964620      0.3866800      0.3866800      0.3866800      0.3895490      0.3910040      0.3910040      0.3911900      0.3928240      0.3935000      0.3942400      0.3943400      0.3944600      0.3946100      0.3947800      0.3949700      0.3951900      0.3954200      0.3956800      0.3959700      0.3962700    
  0.4067910      0.4067900      0.4067900      0.4063570      0.4054900      0.4054900      0.4054900      0.3989700      0.3929630      0.3866760      0.3866800      0.3866800      0.3866800      0.3866800      0.3894130      0.3908180      0.3908170      0.3911900      0.3923670      0.3927600      0.3928600      0.3929900      0.3931500      0.3933200      0.3935300      0.3937500      0.3940000      0.3942800      0.3945800      0.3949000    
  0.4067900      0.4067900      0.4063570      0.4054900      0.4054900      0.3945060      0.3780300      0.3787200      0.3794100      0.3842460      0.3866680      0.3866800      0.3866800      0.3866800      0.3866800      0.3891520      0.3904460      0.3904450      0.3911900      0.3912800      0.3913900      0.3915200      0.3916800      0.3918700      0.3920800      0.3923200      0.3925800      0.3928700      0.3931800      0.3935200    
  0.4067900      0.4063570      0.4054900      0.4054900      0.3923070      0.3780270      0.3780270      0.3780300      0.3787200      0.3794100      0.3842250      0.3866440      0.3866800      0.3866800      0.3866800      0.3866800      0.3886660      0.3897030      0.3897000      0.3897900      0.3899100      0.3900500      0.3902200      0.3904100      0.3906300      0.3908800      0.3911600      0.3914600      0.3917900      0.3921500    
