iMOD/TUTORIALS/TUT_MetaswapAnalyser/model_MetaSWAP/meteo/Evaporation/Evaporation_20060326_L1.ASC
NCOLS                30
NROWS                30
XLLCORNER     160000.00
YLLCORNER     340000.00
CELLSIZE        1000.00
NODATA_VALUE   -9999.00
   1.436830       1.436720       1.436470       1.436070       1.435550       1.434890       1.434100       1.433190       1.432160       1.431010       1.429760       1.428390       1.426930       1.425370       1.423710       1.421960       1.420120       1.418200       1.416190       1.414100       1.411940       1.409710       1.407400       1.405030       1.402590       1.400080       1.397520       1.394900       1.392220       1.389480    
   1.428990       1.428900       1.428660       1.428290       1.427790       1.427160       1.426400       1.425510       1.424510       1.423400       1.422180       1.420850       1.419420       1.417890       1.416260       1.414550       1.412750       1.410860       1.408890       1.406840       1.404720       1.402520       1.400250       1.397910       1.395510       1.393050       1.390520       1.387940       1.385300       1.382610    
   1.421090       1.421020       1.420800       1.420450       1.419970       1.419360       1.418630       1.417780       1.416810       1.415720       1.414530       1.413240       1.411840       1.410340       1.408750       1.407070       1.405310       1.403450       1.401520       1.399510       1.397420       1.395260       1.393030       1.390730       1.388370       1.385950       1.383460       1.380920       1.378320       1.375670    
   1.413140       1.413080       1.412880       1.412560       1.412100       1.411510       1.410810       1.409980       1.409040       1.407990       1.406830       1.405560       1.404200       1.402730       1.401180       1.399530       1.397800       1.395990       1.394090       1.392110       1.390060       1.387940       1.385750       1.383490       1.381170       1.378780       1.376340       1.373840       1.371280       1.368660    
   1.405140       1.405100       1.404910       1.404600       1.404170       1.403610       1.402920       1.402120       1.401210       1.400190       1.399060       1.397830       1.396490       1.395070       1.393540       1.391930       1.390240       1.388460       1.386600       1.384660       1.382650       1.380560       1.378410       1.376190       1.373910       1.371560       1.369150       1.366690       1.364170       1.361600    
   1.397100       1.397060       1.396900       1.396600       1.396190       1.395650       1.394990       1.394220       1.393330       1.392340       1.391240       1.390030       1.388730       1.387340       1.385850       1.384270       1.382610       1.380870       1.379040       1.377140       1.375170       1.373120       1.371010       1.368830       1.366580       1.364280       1.361910       1.359490       1.357010       1.354480    
   1.389010       1.388980       1.388830       1.388560       1.388160       1.387640       1.387010       1.386260       1.385400       1.384430       1.383360       1.382190       1.380920       1.379560       1.378100       1.376560       1.374930       1.373220       1.371440       1.369570       1.367630       1.365630       1.363550       1.361410       1.359200       1.356940       1.354610       1.352230       1.349800       1.347310    
   1.380880       1.380860       1.380730       1.380470       1.380090       1.379590       1.378970       1.378250       1.377420       1.376480       1.375430       1.374290       1.373050       1.371720       1.370300       1.368790       1.367200       1.365520       1.363770       1.361950       1.360050       1.358080       1.356040       1.353940       1.351770       1.349550       1.347260       1.344920       1.342530       1.340080    
   1.372710       1.372700       1.372580       1.372330       1.371970       1.371490       1.370900       1.370200       1.369390       1.368470       1.367460       1.366350       1.365140       1.363840       1.362450       1.360970       1.359410       1.357780       1.356060       1.354270       1.352410       1.350470       1.348470       1.346410       1.344290       1.342100       1.339860       1.337560       1.335200       1.332800    
   1.364500       1.364510       1.364390       1.364160       1.363820       1.363350       1.362780       1.362100       1.361320       1.360430       1.359440       1.358360       1.357180       1.355910       1.354550       1.353110       1.351580       1.349980       1.348300       1.346540       1.344720       1.342820       1.340860       1.338840       1.336750       1.334600       1.332400       1.330140       1.327830       1.325470    
   1.364460       1.364470       1.362250       1.355960       1.355620       1.355180       1.354630       1.353970       1.353210       1.352340       1.351380       1.350320       1.349170       1.347930       1.346600       1.345190       1.343700       1.342130       1.340490       1.338770       1.336980       1.335120       1.333200       1.331210       1.329170       1.327060       1.324900       1.322680       1.320410       1.318090    
   1.364420       1.361790       1.355960       1.349530       1.347400       1.346970       1.346440       1.345800       1.345060       1.344220       1.343280       1.342250       1.341130       1.339910       1.338620       1.337240       1.335780       1.334240       1.332630       1.330950       1.329190       1.327370       1.325490       1.323540       1.321540       1.319470       1.317350       1.315170       1.312940       1.310660    
   1.361620       1.355960       1.346980       1.343270       1.339140       1.338730       1.338210       1.337590       1.336870       1.336050       1.335140       1.334140       1.333040       1.331860       1.330590       1.329240       1.327820       1.326310       1.324730       1.323090       1.321370       1.319590       1.317740       1.315830       1.313860       1.311840       1.309750       1.307620       1.305430       1.303190    
   1.355960       1.345820       1.341210       1.339140       1.336110       1.330450       1.329950       1.329350       1.328650       1.327860       1.326970       1.325990       1.324920       1.323760       1.322530       1.321210       1.319810       1.318340       1.316800       1.315180       1.313500       1.311750       1.309940       1.308070       1.306140       1.304160       1.302120       1.300020       1.297880       1.295680    
   1.345270       1.340170       1.339140       1.335230       1.330450       1.327360       1.321670       1.321090       1.320410       1.319630       1.318760       1.317810       1.316760       1.315640       1.314430       1.313140       1.311770       1.310330       1.308820       1.307240       1.305600       1.303890       1.302110       1.300280       1.298390       1.296440       1.294440       1.292390       1.290280       1.288130    
   1.339660       1.339140       1.334940       1.330450       1.326490       1.321670       1.321380       1.321060       1.318130       1.311370       1.310530       1.309600       1.308580       1.307480       1.306290       1.305030       1.303700       1.302290       1.300810       1.299270       1.297650       1.295980       1.294240       1.292450       1.290590       1.288690       1.286730       1.284710       1.282650       1.280540    
   1.339140       1.334840       1.330450       1.326200       1.321670       1.321530       1.321370       1.317980       1.311370       1.310950       1.305190       1.301360       1.300360       1.299280       1.298130       1.296900       1.295590       1.294210       1.292770       1.291250       1.289680       1.288040       1.286340       1.284580       1.282760       1.280900       1.278970       1.277000       1.274980       1.272910    
   1.334810       1.330450       1.326110       1.321670       1.321600       1.321520       1.318060       1.311370       1.311160       1.303570       1.297220       1.293090       1.292120       1.291070       1.289940       1.288730       1.287450       1.286110       1.284690       1.283210       1.281670       1.280060       1.278400       1.276680       1.274900       1.273070       1.271190       1.269260       1.267280       1.265250    
   1.330450       1.326080       1.321670       1.321630       1.321600       1.318140       1.311370       1.311260       1.302870       1.295160       1.293090       1.292600       1.289780       1.282820       1.281720       1.280540       1.279290       1.277970       1.276590       1.275140       1.273630       1.272060       1.270430       1.268740       1.267000       1.265210       1.263370       1.261480       1.259540       1.257550    
   1.326070       1.321670       1.321650       1.321630       1.318180       1.311370       1.311320       1.302540       1.294120       1.293090       1.292850       1.289570       1.282820       1.282270       1.281690       1.280520       1.279270       1.277950       1.271130       1.267040       1.265560       1.264020       1.262430       1.260780       1.259080       1.257330       1.255520       1.253670       1.251770       1.249830    
   1.321670       1.321660       1.321650       1.318210       1.311370       1.311340       1.302390       1.293610       1.293090       1.292970       1.289580       1.282820       1.282540       1.282260       1.281490       1.280490       1.279240       1.270050       1.262970       1.258910       1.257460       1.255960       1.254400       1.252790       1.251120       1.249410       1.247640       1.245830       1.243980       1.242070    
   1.321670       1.321660       1.318220       1.311370       1.311360       1.302310       1.293350       1.293090       1.293030       1.289620       1.282820       1.282680       1.282540       1.282100       1.281420       1.280410       1.269930       1.260940       1.258910       1.255240       1.249350       1.247880       1.246350       1.244770       1.243140       1.241470       1.239740       1.237970       1.236150       1.234290    
   1.321670       1.318230       1.311370       1.311360       1.302270       1.293220       1.293090       1.293060       1.289640       1.282820       1.282750       1.282680       1.282440       1.282020       1.281310       1.265200       1.259930       1.258910       1.246070       1.241190       1.240340       1.239770       1.238270       1.236730       1.235140       1.233500       1.231810       1.230080       1.228300       1.226480    
   1.318230       1.311370       1.311370       1.302250       1.293150       1.293090       1.293070       1.289650       1.282820       1.282790       1.282750       1.282620       1.282380       1.260030       1.244570       1.234310       1.234310       1.233200       1.231670       1.228950       1.233040       1.231640       1.230180       1.228670       1.227110       1.225510       1.223860       1.222170       1.220430       1.218650    
   1.311370       1.311370       1.302240       1.293120       1.293090       1.293080       1.289660       1.282820       1.282800       1.282790       1.282720       1.282590       1.242600       1.194110       1.194370       1.210220       1.208690       1.209720       1.219610       1.224860       1.224860       1.223490       1.222060       1.220590       1.219070       1.217500       1.215890       1.214240       1.212540       1.210800    
   1.311370       1.302230       1.293110       1.293090       1.293090       1.289660       1.282820       1.282810       1.282800       1.282770       1.237820       1.170510       1.186030       1.193850       1.193850       1.194370       1.203520       1.207660       1.209720       1.214930       1.216670       1.215320       1.213930       1.212490       1.211000       1.209470       1.207900       1.206280       1.204630       1.202930    
   1.302230       1.293100       1.293090       1.293090       1.289660       1.282820       1.282820       1.282810       1.282790       1.228880       1.170510       1.170510       1.170510       1.185650       1.193330       1.193330       1.194370       1.202340       1.205600       1.209720       1.208450       1.207140       1.205780       1.204370       1.202920       1.201430       1.199890       1.198320       1.196700       1.195040    
   1.293090       1.293090       1.293090       1.289670       1.282820       1.282820       1.282820       1.244560       1.208610       1.170490       1.170510       1.170510       1.170510       1.170510       1.184890       1.192300       1.192300       1.194370       1.199690       1.201470       1.200230       1.198950       1.197620       1.196240       1.194830       1.193370       1.191870       1.190330       1.188750       1.187140    
   1.293090       1.293090       1.289670       1.282820       1.282820       1.218640       1.122370       1.126090       1.129820       1.156880       1.170440       1.170510       1.170510       1.170510       1.170510       1.183430       1.190220       1.190220       1.194370       1.193200       1.191990       1.190740       1.189440       1.188100       1.186720       1.185300       1.183840       1.182340       1.180800       1.179220    
   1.293090       1.289670       1.282820       1.282820       1.205790       1.122350       1.122350       1.122370       1.126090       1.129820       1.156770       1.170300       1.170510       1.170510       1.170510       1.170510       1.180690       1.186070       1.186070       1.184930       1.183750       1.182530       1.181260       1.179950       1.178600       1.177210       1.175790       1.174330       1.172830       1.171290    
