iMOD/TUTORIALS/TUT_MetaswapAnalyser/model_MetaSWAP/meteo/Evaporation/Evaporation_20060808_L1.ASC
NCOLS                30
NROWS                30
XLLCORNER     160000.00
YLLCORNER     340000.00
CELLSIZE        1000.00
NODATA_VALUE   -9999.00
   2.281260       2.278090       2.274860       2.271590       2.268280       2.264930       2.261540       2.258130       2.254680       2.251220       2.247740       2.244240       2.240730       2.237210       2.233680       2.230150       2.226620       2.223090       2.219570       2.216050       2.212540       2.209040       2.205550       2.202070       2.198600       2.195160       2.191730       2.188320       2.184920       2.181550    
   2.284320       2.281130       2.277900       2.274620       2.271300       2.267940       2.264550       2.261130       2.257680       2.254210       2.250730       2.247220       2.243710       2.240180       2.236650       2.233110       2.229580       2.226040       2.222510       2.218980       2.215460       2.211950       2.208460       2.204970       2.201500       2.198040       2.194600       2.191180       2.187770       2.184390    
   2.287340       2.284130       2.280890       2.277600       2.274270       2.270900       2.267510       2.264080       2.260630       2.257150       2.253660       2.250150       2.246630       2.243100       2.239570       2.236030       2.232480       2.228940       2.225400       2.221870       2.218340       2.214830       2.211320       2.207820       2.204340       2.200880       2.197430       2.194000       2.190580       2.187190    
   2.290300       2.287090       2.283830       2.280530       2.277190       2.273820       2.270410       2.266980       2.263530       2.260050       2.256550       2.253040       2.249510       2.245980       2.242440       2.238890       2.235340       2.231790       2.228250       2.224710       2.221180       2.217650       2.214140       2.210640       2.207150       2.203670       2.200220       2.196780       2.193350       2.189950    
   2.293230       2.290000       2.286720       2.283410       2.280070       2.276690       2.273280       2.269840       2.266380       2.262890       2.259390       2.255870       2.252340       2.248800       2.245260       2.241710       2.238150       2.234600       2.231050       2.227510       2.223970       2.220440       2.216910       2.213410       2.209910       2.206430       2.202960       2.199510       2.196080       2.192670    
   2.296110       2.292860       2.289580       2.286260       2.282900       2.279510       2.276090       2.272650       2.269180       2.265690       2.262190       2.258660       2.255130       2.251580       2.248030       2.244480       2.240920       2.237360       2.233810       2.230260       2.226710       2.223170       2.219650       2.216130       2.212630       2.209140       2.205670       2.202210       2.198770       2.195350    
   2.298950       2.295690       2.292390       2.289060       2.285690       2.282300       2.278870       2.275420       2.271940       2.268450       2.264940       2.261410       2.257870       2.254320       2.250770       2.247210       2.243640       2.240080       2.236520       2.232960       2.229420       2.225870       2.222340       2.218820       2.215310       2.211810       2.208330       2.204870       2.201430       2.198000    
   2.301760       2.298480       2.295170       2.291830       2.288450       2.285040       2.281610       2.278150       2.274670       2.271160       2.267650       2.264110       2.260570       2.257020       2.253460       2.249890       2.246320       2.242760       2.239190       2.235630       2.232080       2.228530       2.224990       2.221470       2.217950       2.214450       2.210960       2.207490       2.204040       2.200610    
   2.304530       2.301240       2.297910       2.294550       2.291160       2.287750       2.284300       2.280840       2.277350       2.273840       2.270320       2.266780       2.263230       2.259670       2.256110       2.252540       2.248970       2.245390       2.241830       2.238260       2.234700       2.231150       2.227610       2.224070       2.220550       2.217050       2.213550       2.210080       2.206620       2.203180    
   2.307260       2.303960       2.300620       2.297240       2.293840       2.290420       2.286960       2.283490       2.279990       2.276480       2.272950       2.269410       2.265850       2.262290       2.258720       2.255140       2.251570       2.247990       2.244420       2.240850       2.237280       2.233730       2.230180       2.226640       2.223120       2.219610       2.216110       2.212630       2.209160       2.205720    
   2.307250       2.303950       2.300430       2.299900       2.296490       2.293050       2.289590       2.286110       2.282600       2.279080       2.275540       2.271990       2.268430       2.264870       2.261290       2.257710       2.254130       2.250550       2.246970       2.243400       2.239830       2.236270       2.232720       2.229180       2.225650       2.222130       2.218630       2.215140       2.211670       2.208220    
   2.307240       2.302880       2.299900       2.299290       2.299100       2.295650       2.292180       2.288690       2.285180       2.281650       2.278100       2.274550       2.270980       2.267410       2.263830       2.260250       2.256660       2.253080       2.249490       2.245920       2.242340       2.238780       2.235220       2.231680       2.228140       2.224620       2.221120       2.217620       2.214150       2.210690    
   2.305140       2.299900       2.300320       2.300390       2.301680       2.298220       2.294740       2.291240       2.287720       2.284180       2.280630       2.277070       2.273500       2.269920       2.266330       2.262740       2.259150       2.255570       2.251980       2.248400       2.244820       2.241250       2.237690       2.234140       2.230600       2.227080       2.223570       2.220070       2.216590       2.213130    
   2.299900       2.300730       2.301030       2.301680       2.300220       2.300760       2.297270       2.293760       2.290230       2.286680       2.283120       2.279560       2.275980       2.272390       2.268800       2.265210       2.261620       2.258020       2.254430       2.250840       2.247260       2.243690       2.240130       2.236570       2.233030       2.229500       2.225990       2.222490       2.219010       2.215540    
   2.300920       2.301360       2.301680       2.300890       2.300760       2.299270       2.299770       2.296250       2.292710       2.289150       2.285590       2.282010       2.278430       2.274840       2.271240       2.267640       2.264040       2.260450       2.256850       2.253260       2.249680       2.246100       2.242530       2.238970       2.235430       2.231900       2.228380       2.224880       2.221390       2.217920    
   2.301520       2.301680       2.301110       2.300760       2.299930       2.299770       2.298010       2.296240       2.292430       2.291600       2.288020       2.284440       2.280850       2.277250       2.273650       2.270040       2.266440       2.262840       2.259240       2.255640       2.252060       2.248480       2.244900       2.241340       2.237800       2.234260       2.230740       2.227230       2.223740       2.220270    
   2.301680       2.301180       2.300760       2.300150       2.299770       2.298890       2.298010       2.294570       2.291600       2.289810       2.288020       2.286840       2.283240       2.279630       2.276030       2.272420       2.268810       2.265200       2.261600       2.258000       2.254410       2.250820       2.247250       2.243680       2.240130       2.236590       2.233070       2.229560       2.226070       2.222590    
   2.301210       2.300760       2.300230       2.299770       2.299330       2.298890       2.295770       2.291600       2.290700       2.289330       2.288020       2.289210       2.285600       2.281990       2.278380       2.274760       2.271150       2.267540       2.263930       2.260320       2.256730       2.253140       2.249560       2.246000       2.242440       2.238900       2.235370       2.231860       2.228360       2.224880    
   2.300760       2.300250       2.299770       2.299550       2.299330       2.296400       2.291600       2.291150       2.289890       2.288620       2.289210       2.287410       2.285280       2.284320       2.280700       2.277080       2.273460       2.269840       2.266230       2.262620       2.259020       2.255430       2.251850       2.248280       2.244720       2.241180       2.237650       2.234130       2.230640       2.227150    
   2.300260       2.299770       2.299660       2.299550       2.296720       2.291600       2.291380       2.290150       2.288910       2.289210       2.288310       2.286550       2.284320       2.282510       2.280700       2.277080       2.273460       2.269840       2.266150       2.264900       2.261290       2.257700       2.254110       2.250540       2.246980       2.243430       2.239900       2.236380       2.232880       2.229400    
   2.299770       2.299720       2.299660       2.296880       2.291600       2.291490       2.290280       2.289060       2.289210       2.288760       2.287100       2.284320       2.283420       2.282510       2.280100       2.277080       2.273460       2.268520       2.266020       2.267140       2.263540       2.259940       2.256350       2.252770       2.249210       2.245660       2.242120       2.238610       2.235100       2.231620    
   2.299740       2.299720       2.296960       2.291600       2.291540       2.290340       2.289140       2.289210       2.288980       2.287350       2.284320       2.283870       2.283420       2.282010       2.279900       2.276880       2.270560       2.266580       2.267140       2.265480       2.265760       2.262150       2.258560       2.254980       2.251420       2.247860       2.244330       2.240810       2.237300       2.233810    
   2.299740       2.297010       2.291600       2.291570       2.290370       2.289170       2.289210       2.289100       2.287470       2.284320       2.284090       2.283870       2.283100       2.281770       2.279590       2.273570       2.266860       2.267140       2.267940       2.267940       2.265780       2.264350       2.260750       2.257170       2.253600       2.250050       2.246510       2.242980       2.239480       2.235990    
   2.297030       2.291600       2.291590       2.290390       2.289190       2.289210       2.289150       2.287520       2.284320       2.284210       2.284090       2.283690       2.282910       2.283120       2.279650       2.273650       2.273650       2.272120       2.270480       2.271200       2.270130       2.266520       2.262920       2.259330       2.255760       2.252210       2.248660       2.245140       2.241630       2.238140    
   2.291600       2.291590       2.290400       2.289200       2.289210       2.289180       2.287550       2.284320       2.284260       2.284210       2.284000       2.283560       2.285190       2.288080       2.288020       2.281290       2.280430       2.280170       2.274880       2.272280       2.272280       2.268670       2.265070       2.261480       2.257900       2.254350       2.250800       2.247280       2.243770       2.240270    
   2.291600       2.290400       2.289210       2.289210       2.289200       2.287570       2.284320       2.284290       2.284260       2.284160       2.289510       2.297900       2.291410       2.288150       2.288150       2.288020       2.283040       2.280690       2.280170       2.275850       2.274420       2.270800       2.267190       2.263600       2.260030       2.256470       2.252920       2.249390       2.245880       2.242390    
   2.290400       2.289210       2.289210       2.289200       2.287570       2.284320       2.284310       2.284290       2.284240       2.290750       2.297900       2.297900       2.297900       2.291500       2.288280       2.288280       2.288020       2.283280       2.281220       2.280170       2.276530       2.272910       2.269300       2.265710       2.262130       2.258570       2.255020       2.251490       2.247980       2.244490    
   2.289210       2.289210       2.289210       2.287580       2.284320       2.284310       2.284310       2.291160       2.295260       2.297910       2.297900       2.297900       2.297900       2.297900       2.291690       2.288540       2.288540       2.288020       2.283700       2.282270       2.278630       2.275010       2.271390       2.267800       2.264220       2.260650       2.257100       2.253570       2.250060       2.246570    
   2.289210       2.289210       2.287580       2.284320       2.284320       2.297630       2.317610       2.314710       2.311820       2.302560       2.297920       2.297900       2.297900       2.297900       2.297900       2.292040       2.289060       2.289060       2.288020       2.284360       2.280710       2.277080       2.273470       2.269870       2.266290       2.262720       2.259170       2.255640       2.252130       2.248630    
   2.289210       2.287580       2.284320       2.284320       2.300300       2.317610       2.317610       2.317610       2.314710       2.311820       2.302580       2.297950       2.297900       2.297900       2.297900       2.297900       2.292660       2.290090       2.290100       2.286430       2.282780       2.279150       2.275530       2.271930       2.268340       2.264770       2.261220       2.257690       2.254180       2.250680    
