iMOD/TUTORIALS/TUT_MetaswapAnalyser/model_MetaSWAP/meteo/Evaporation/Evaporation_20050130_L1.ASC
NCOLS                30
NROWS                30
XLLCORNER     160000.00
YLLCORNER     340000.00
CELLSIZE        1000.00
NODATA_VALUE   -9999.00
  0.2961200      0.2957000      0.2952600      0.2948000      0.2943300      0.2938300      0.2933300      0.2928000      0.2922600      0.2917100      0.2911500      0.2905700      0.2899800      0.2893800      0.2887700      0.2881500      0.2875200      0.2868900      0.2862400      0.2855900      0.2849200      0.2842600      0.2835800      0.2829000      0.2822200      0.2815300      0.2808400      0.2801400      0.2794400      0.2787400    
  0.2953800      0.2949500      0.2945100      0.2940500      0.2935700      0.2930700      0.2925600      0.2920400      0.2915000      0.2909500      0.2903800      0.2898000      0.2892100      0.2886100      0.2880000      0.2873800      0.2867600      0.2861200      0.2854700      0.2848200      0.2841600      0.2835000      0.2828300      0.2821500      0.2814700      0.2807900      0.2801000      0.2794000      0.2787100      0.2780100    
  0.2946200      0.2941900      0.2937400      0.2932800      0.2928000      0.2923000      0.2917900      0.2912600      0.2907200      0.2901600      0.2896000      0.2890200      0.2884300      0.2878300      0.2872200      0.2866000      0.2859700      0.2853400      0.2846900      0.2840400      0.2833900      0.2827200      0.2820600      0.2813800      0.2807100      0.2800300      0.2793400      0.2786500      0.2779600      0.2772700    
  0.2938500      0.2934200      0.2929700      0.2925000      0.2920100      0.2915100      0.2909900      0.2904700      0.2899200      0.2893700      0.2888000      0.2882200      0.2876300      0.2870300      0.2864200      0.2858000      0.2851800      0.2845400      0.2839000      0.2832500      0.2826000      0.2819400      0.2812700      0.2806000      0.2799300      0.2792500      0.2785700      0.2778900      0.2772000      0.2765100    
  0.2930700      0.2926300      0.2921700      0.2917000      0.2912100      0.2907100      0.2901900      0.2896600      0.2891100      0.2885600      0.2879900      0.2874100      0.2868200      0.2862200      0.2856100      0.2849900      0.2843700      0.2837300      0.2830900      0.2824500      0.2817900      0.2811400      0.2804800      0.2798100      0.2791400      0.2784600      0.2777900      0.2771100      0.2764300      0.2757400    
  0.2922800      0.2918300      0.2913700      0.2908900      0.2904000      0.2898900      0.2893700      0.2888400      0.2882900      0.2877300      0.2871600      0.2865800      0.2859900      0.2853900      0.2847800      0.2841700      0.2835400      0.2829100      0.2822700      0.2816300      0.2809800      0.2803200      0.2796700      0.2790000      0.2783400      0.2776700      0.2769900      0.2763200      0.2756400      0.2749600    
  0.2914700      0.2910200      0.2905600      0.2900700      0.2895800      0.2890700      0.2885400      0.2880100      0.2874600      0.2869000      0.2863300      0.2857500      0.2851600      0.2845600      0.2839500      0.2833300      0.2827100      0.2820800      0.2814400      0.2808000      0.2801500      0.2795000      0.2788400      0.2781800      0.2775200      0.2768500      0.2761900      0.2755200      0.2748400      0.2741700    
  0.2906600      0.2902000      0.2897300      0.2892500      0.2887500      0.2882300      0.2877000      0.2871700      0.2866200      0.2860500      0.2854800      0.2849000      0.2843100      0.2837100      0.2831000      0.2824800      0.2818600      0.2812300      0.2806000      0.2799600      0.2793100      0.2786600      0.2780100      0.2773500      0.2766900      0.2760300      0.2753700      0.2747000      0.2740300      0.2733700    
  0.2898400      0.2893700      0.2889000      0.2884100      0.2879000      0.2873800      0.2868500      0.2863100      0.2857600      0.2852000      0.2846200      0.2840400      0.2834500      0.2828500      0.2822400      0.2816200      0.2810000      0.2803700      0.2797400      0.2791000      0.2784600      0.2778100      0.2771600      0.2765100      0.2758600      0.2752000      0.2745400      0.2738800      0.2732100      0.2725500    
  0.2890000      0.2885300      0.2880500      0.2875600      0.2870500      0.2865300      0.2860000      0.2854500      0.2849000      0.2843300      0.2837500      0.2831700      0.2825800      0.2819800      0.2813700      0.2807500      0.2801300      0.2795100      0.2788800      0.2782400      0.2776000      0.2769600      0.2763100      0.2756600      0.2750100      0.2743500      0.2737000      0.2730400      0.2723900      0.2717300    
  0.2889970      0.2885270      0.2877100      0.2867000      0.2861900      0.2856600      0.2851300      0.2845800      0.2840200      0.2834500      0.2828800      0.2822900      0.2817000      0.2811000      0.2804900      0.2798800      0.2792600      0.2786300      0.2780000      0.2773700      0.2767300      0.2760900      0.2754400      0.2748000      0.2741500      0.2735000      0.2728500      0.2722000      0.2715500      0.2708900    
  0.2889910      0.2879830      0.2867000      0.2856630      0.2853200      0.2847900      0.2842500      0.2837000      0.2831400      0.2825700      0.2819900      0.2814000      0.2808100      0.2802100      0.2796000      0.2789900      0.2783700      0.2777400      0.2771200      0.2764800      0.2758500      0.2752100      0.2745700      0.2739300      0.2732800      0.2726400      0.2719900      0.2713400      0.2707000      0.2700500    
  0.2882800      0.2867000      0.2854210      0.2848800      0.2844400      0.2839100      0.2833700      0.2828100      0.2822500      0.2816800      0.2811000      0.2805100      0.2799100      0.2793100      0.2787000      0.2780900      0.2774700      0.2768500      0.2762200      0.2755900      0.2749600      0.2743200      0.2736900      0.2730500      0.2724100      0.2717700      0.2711200      0.2704800      0.2698400      0.2692000    
  0.2867000      0.2853050      0.2846600      0.2844400      0.2837900      0.2830200      0.2824700      0.2819200      0.2813500      0.2807800      0.2802000      0.2796100      0.2790100      0.2784100      0.2778000      0.2771900      0.2765700      0.2759500      0.2753200      0.2746900      0.2740600      0.2734300      0.2727900      0.2721600      0.2715200      0.2708900      0.2702500      0.2696100      0.2689800      0.2683400    
  0.2852490      0.2845500      0.2844400      0.2837500      0.2830200      0.2823570      0.2815800      0.2810200      0.2804500      0.2798700      0.2792900      0.2787000      0.2781000      0.2774900      0.2768900      0.2762700      0.2756600      0.2750400      0.2744100      0.2737800      0.2731600      0.2725300      0.2719000      0.2712600      0.2706300      0.2700000      0.2693700      0.2687300      0.2681000      0.2674700    
  0.2844950      0.2844400      0.2837370      0.2830200      0.2823190      0.2815800      0.2813000      0.2810170      0.2800750      0.2789600      0.2783700      0.2777800      0.2771800      0.2765800      0.2759700      0.2753500      0.2747400      0.2741200      0.2735000      0.2728700      0.2722400      0.2716200      0.2709900      0.2703600      0.2697300      0.2691000      0.2684800      0.2678500      0.2672200      0.2666000    
  0.2844400      0.2837320      0.2830200      0.2823060      0.2815800      0.2814400      0.2812990      0.2803380      0.2789600      0.2786650      0.2775800      0.2768600      0.2762600      0.2756500      0.2750400      0.2744300      0.2738100      0.2731900      0.2725700      0.2719500      0.2713300      0.2707000      0.2700800      0.2694500      0.2688300      0.2682000      0.2675800      0.2669600      0.2663400      0.2657200    
  0.2837310      0.2830200      0.2823020      0.2815800      0.2815100      0.2814400      0.2805090      0.2789600      0.2788120      0.2775060      0.2763950      0.2759300      0.2753300      0.2747200      0.2741100      0.2735000      0.2728800      0.2722600      0.2716400      0.2710200      0.2704000      0.2697800      0.2691600      0.2685400      0.2679200      0.2673000      0.2666800      0.2660600      0.2654500      0.2648300    
  0.2830200      0.2823010      0.2815800      0.2815450      0.2815100      0.2806050      0.2789600      0.2788860      0.2774740      0.2761630      0.2759300      0.2756300      0.2749430      0.2737900      0.2731800      0.2725600      0.2719500      0.2713300      0.2707100      0.2700900      0.2694700      0.2688500      0.2682300      0.2676200      0.2670000      0.2663800      0.2657700      0.2651600      0.2645500      0.2639400    
  0.2823000      0.2815800      0.2815630      0.2815450      0.2806550      0.2789600      0.2789230      0.2774590      0.2760460      0.2759300      0.2757800      0.2750730      0.2737900      0.2734850      0.2731770      0.2725630      0.2719470      0.2713300      0.2699020      0.2691600      0.2685400      0.2679200      0.2673100      0.2666900      0.2660800      0.2654700      0.2648600      0.2642500      0.2636500      0.2630500    
  0.2815800      0.2815710      0.2815620      0.2806810      0.2789600      0.2789420      0.2774520      0.2759880      0.2759300      0.2758550      0.2751430      0.2737900      0.2736380      0.2734840      0.2730750      0.2725620      0.2719470      0.2700180      0.2686900      0.2682200      0.2676000      0.2669900      0.2663700      0.2657600      0.2651500      0.2645500      0.2639400      0.2633400      0.2627400      0.2621500    
  0.2815760      0.2815710      0.2806940      0.2789600      0.2789510      0.2774490      0.2759590      0.2759300      0.2758920      0.2751800      0.2737900      0.2737140      0.2736370      0.2733990      0.2730400      0.2725280      0.2702400      0.2684550      0.2682200      0.2674930      0.2666600      0.2660500      0.2654400      0.2648300      0.2642200      0.2636200      0.2630200      0.2624300      0.2618300      0.2612400    
  0.2815760      0.2807000      0.2789600      0.2789550      0.2774470      0.2759450      0.2759300      0.2759110      0.2751980      0.2737900      0.2737520      0.2737140      0.2735830      0.2733590      0.2729890      0.2699030      0.2683370      0.2682200      0.2664310      0.2657150      0.2653480      0.2651000      0.2645000      0.2638900      0.2632900      0.2626900      0.2621000      0.2615100      0.2609200      0.2603400    
  0.2807030      0.2789600      0.2789580      0.2774460      0.2759370      0.2759300      0.2759210      0.2752070      0.2737900      0.2737710      0.2737520      0.2736830      0.2735520      0.2702880      0.2675960      0.2653700      0.2653700      0.2650270      0.2646100      0.2642950      0.2647700      0.2641600      0.2635500      0.2629500      0.2623600      0.2617600      0.2611700      0.2605900      0.2600100      0.2594300    
  0.2789600      0.2789590      0.2774450      0.2759340      0.2759300      0.2759250      0.2752120      0.2737900      0.2737800      0.2737710      0.2737350      0.2736620      0.2679750      0.2611900      0.2612200      0.2627380      0.2624010      0.2625200      0.2633540      0.2638200      0.2638200      0.2632100      0.2626100      0.2620100      0.2614200      0.2608300      0.2602500      0.2596700      0.2590900      0.2585200    
  0.2789590      0.2774450      0.2759320      0.2759300      0.2759280      0.2752140      0.2737900      0.2737850      0.2737800      0.2737620      0.2678300      0.2589900      0.2604320      0.2611610      0.2611610      0.2612200      0.2619600      0.2622820      0.2625200      0.2627830      0.2628700      0.2622600      0.2616600      0.2610700      0.2604800      0.2599000      0.2593200      0.2587400      0.2581700      0.2576100    
  0.2774450      0.2759310      0.2759300      0.2759290      0.2752160      0.2737900      0.2737880      0.2737850      0.2737760      0.2666700      0.2589900      0.2589900      0.2589900      0.2603880      0.2611010      0.2611010      0.2612200      0.2618170      0.2620450      0.2625200      0.2619200      0.2613100      0.2607200      0.2601300      0.2595400      0.2589600      0.2583900      0.2578200      0.2572600      0.2567000    
  0.2759300      0.2759300      0.2759290      0.2752160      0.2737900      0.2737890      0.2737880      0.2690800      0.2643050      0.2589870      0.2589900      0.2589900      0.2589900      0.2589900      0.2603020      0.2609830      0.2609830      0.2612200      0.2614830      0.2615700      0.2609600      0.2603700      0.2597700      0.2591900      0.2586000      0.2580300      0.2574600      0.2569000      0.2563400      0.2557900    
  0.2759300      0.2759300      0.2752160      0.2737900      0.2737890      0.2661530      0.2547000      0.2548350      0.2549700      0.2576430      0.2589820      0.2589900      0.2589900      0.2589900      0.2589900      0.2601330      0.2607460      0.2607450      0.2612200      0.2606200      0.2600100      0.2594200      0.2588300      0.2582400      0.2576700      0.2571000      0.2565300      0.2559700      0.2554200      0.2548800    
  0.2759300      0.2752170      0.2737900      0.2737900      0.2646250      0.2546980      0.2546980      0.2547000      0.2548350      0.2549700      0.2576300      0.2589670      0.2589900      0.2589900      0.2589900      0.2589900      0.2598130      0.2602730      0.2602700      0.2596700      0.2590700      0.2584700      0.2578800      0.2573000      0.2567300      0.2561600      0.2556100      0.2550500      0.2545100      0.2539700    
