iMOD/TUTORIALS/TUT_MetaswapAnalyser/model_MetaSWAP/meteo/Evaporation/Evaporation_20060122_L1.ASC
NCOLS                30
NROWS                30
XLLCORNER     160000.00
YLLCORNER     340000.00
CELLSIZE        1000.00
NODATA_VALUE   -9999.00
  0.1098900      0.1098500      0.1097900      0.1097400      0.1096800      0.1096200      0.1095500      0.1094800      0.1094000      0.1093300      0.1092400      0.1091600      0.1090700      0.1089700      0.1088800      0.1087700      0.1086700      0.1085600      0.1084500      0.1083300      0.1082100      0.1080800      0.1079500      0.1078200      0.1076800      0.1075400      0.1074000      0.1072500      0.1071000      0.1069400    
  0.1106500      0.1106100      0.1105700      0.1105200      0.1104700      0.1104200      0.1103600      0.1103000      0.1102300      0.1101600      0.1100900      0.1100100      0.1099300      0.1098400      0.1097500      0.1096500      0.1095500      0.1094400      0.1093300      0.1092200      0.1091000      0.1089800      0.1088500      0.1087200      0.1085800      0.1084400      0.1083000      0.1081500      0.1080000      0.1078400    
  0.1114100      0.1113800      0.1113500      0.1113200      0.1112700      0.1112300      0.1111800      0.1111300      0.1110700      0.1110100      0.1109400      0.1108700      0.1107900      0.1107100      0.1106200      0.1105300      0.1104300      0.1103300      0.1102300      0.1101200      0.1100000      0.1098800      0.1097500      0.1096200      0.1094900      0.1093500      0.1092000      0.1090600      0.1089000      0.1087500    
  0.1121800      0.1121600      0.1121400      0.1121100      0.1120800      0.1120400      0.1120000      0.1119600      0.1119100      0.1118500      0.1117900      0.1117300      0.1116600      0.1115800      0.1115000      0.1114100      0.1113200      0.1112300      0.1111200      0.1110200      0.1109000      0.1107800      0.1106600      0.1105300      0.1104000      0.1102600      0.1101200      0.1099700      0.1098100      0.1096500    
  0.1129400      0.1129400      0.1129200      0.1129100      0.1128900      0.1128600      0.1128300      0.1127900      0.1127500      0.1127000      0.1126500      0.1125900      0.1125300      0.1124600      0.1123800      0.1123000      0.1122200      0.1121200      0.1120300      0.1119200      0.1118100      0.1116900      0.1115700      0.1114500      0.1113100      0.1111700      0.1110300      0.1108800      0.1107300      0.1105700    
  0.1137100      0.1137200      0.1137200      0.1137100      0.1137000      0.1136800      0.1136600      0.1136300      0.1135900      0.1135600      0.1135100      0.1134600      0.1134000      0.1133400      0.1132700      0.1131900      0.1131100      0.1130200      0.1129300      0.1128300      0.1127200      0.1126100      0.1124900      0.1123600      0.1122300      0.1120900      0.1119500      0.1118000      0.1116400      0.1114800    
  0.1144900      0.1145000      0.1145100      0.1145100      0.1145100      0.1145000      0.1144900      0.1144700      0.1144400      0.1144100      0.1143700      0.1143300      0.1142800      0.1142200      0.1141600      0.1140900      0.1140100      0.1139300      0.1138400      0.1137400      0.1136300      0.1135200      0.1134100      0.1132800      0.1131500      0.1130100      0.1128700      0.1127200      0.1125600      0.1124000    
  0.1152600      0.1152900      0.1153000      0.1153200      0.1153200      0.1153200      0.1153200      0.1153100      0.1152900      0.1152700      0.1152400      0.1152000      0.1151600      0.1151100      0.1150500      0.1149800      0.1149100      0.1148300      0.1147500      0.1146500      0.1145500      0.1144400      0.1143300      0.1142000      0.1140700      0.1139300      0.1137900      0.1136400      0.1134800      0.1133200    
  0.1160400      0.1160700      0.1161000      0.1161200      0.1161400      0.1161500      0.1161500      0.1161500      0.1161400      0.1161300      0.1161100      0.1160800      0.1160400      0.1159900      0.1159400      0.1158800      0.1158200      0.1157400      0.1156600      0.1155700      0.1154700      0.1153600      0.1152500      0.1151300      0.1150000      0.1148600      0.1147100      0.1145600      0.1144000      0.1142400    
  0.1168200      0.1168600      0.1169000      0.1169300      0.1169600      0.1169800      0.1169900      0.1170000      0.1170000      0.1169900      0.1169700      0.1169500      0.1169200      0.1168800      0.1168400      0.1167800      0.1167200      0.1166500      0.1165700      0.1164800      0.1163900      0.1162800      0.1161700      0.1160500      0.1159200      0.1157800      0.1156400      0.1154900      0.1153300      0.1151600    
  0.1168170      0.1168600      0.1171070      0.1177400      0.1177700      0.1178000      0.1178300      0.1178400      0.1178500      0.1178500      0.1178400      0.1178300      0.1178000      0.1177700      0.1177300      0.1176800      0.1176300      0.1175600      0.1174900      0.1174000      0.1173100      0.1172100      0.1171000      0.1169800      0.1168500      0.1167100      0.1165700      0.1164100      0.1162500      0.1160800    
  0.1168140      0.1171310      0.1177400      0.1183770      0.1185900      0.1186300      0.1186600      0.1186900      0.1187000      0.1187100      0.1187100      0.1187000      0.1186900      0.1186600      0.1186300      0.1185800      0.1185300      0.1184700      0.1184000      0.1183200      0.1182300      0.1181300      0.1180200      0.1179000      0.1177800      0.1176400      0.1174900      0.1173400      0.1171800      0.1170000    
  0.1171120      0.1177400      0.1186320      0.1190000      0.1194100      0.1194600      0.1195000      0.1195300      0.1195500      0.1195700      0.1195800      0.1195800      0.1195700      0.1195500      0.1195200      0.1194900      0.1194400      0.1193800      0.1193100      0.1192400      0.1191500      0.1190500      0.1189500      0.1188300      0.1187000      0.1185700      0.1184200      0.1182700      0.1181000      0.1179300    
  0.1177400      0.1187470      0.1192050      0.1194100      0.1197170      0.1202800      0.1203300      0.1203700      0.1204100      0.1204300      0.1204500      0.1204500      0.1204500      0.1204400      0.1204200      0.1203900      0.1203400      0.1202900      0.1202300      0.1201600      0.1200700      0.1199800      0.1198700      0.1197600      0.1196300      0.1194900      0.1193500      0.1191900      0.1190200      0.1188500    
  0.1188010      0.1193080      0.1194100      0.1198020      0.1202800      0.1205900      0.1211600      0.1212100      0.1212600      0.1212900      0.1213100      0.1213300      0.1213300      0.1213300      0.1213100      0.1212800      0.1212500      0.1212000      0.1211400      0.1210700      0.1209900      0.1209000      0.1207900      0.1206800      0.1205500      0.1204200      0.1202700      0.1201100      0.1199500      0.1197700    
  0.1193590      0.1194100      0.1198310      0.1202800      0.1206770      0.1211600      0.1211850      0.1212100      0.1214770      0.1221500      0.1221800      0.1222000      0.1222100      0.1222100      0.1222000      0.1221800      0.1221500      0.1221100      0.1220500      0.1219900      0.1219100      0.1218200      0.1217200      0.1216000      0.1214800      0.1213400      0.1211900      0.1210400      0.1208700      0.1206900    
  0.1194100      0.1198400      0.1202800      0.1207060      0.1211600      0.1211730      0.1211850      0.1215060      0.1221500      0.1221650      0.1227080      0.1230700      0.1230900      0.1231000      0.1230900      0.1230800      0.1230500      0.1230100      0.1229600      0.1229000      0.1228200      0.1227400      0.1226400      0.1225200      0.1224000      0.1222600      0.1221200      0.1219600      0.1217900      0.1216000    
  0.1198430      0.1202800      0.1207150      0.1211600      0.1211660      0.1211730      0.1215030      0.1221500      0.1221570      0.1228940      0.1235050      0.1239400      0.1239600      0.1239800      0.1239800      0.1239700      0.1239500      0.1239200      0.1238700      0.1238100      0.1237400      0.1236500      0.1235500      0.1234400      0.1233200      0.1231800      0.1230300      0.1228700      0.1227000      0.1225200    
  0.1202800      0.1207180      0.1211600      0.1211630      0.1211660      0.1214980      0.1221500      0.1221540      0.1229730      0.1237220      0.1239400      0.1239500      0.1241820      0.1248500      0.1248600      0.1248600      0.1248400      0.1248200      0.1247700      0.1247200      0.1246500      0.1245700      0.1244700      0.1243600      0.1242400      0.1241000      0.1239500      0.1237900      0.1236100      0.1234300    
  0.1207190      0.1211600      0.1211620      0.1211630      0.1214940      0.1221500      0.1221520      0.1230100      0.1238310      0.1239400      0.1239450      0.1242310      0.1248500      0.1248550      0.1248570      0.1248530      0.1248400      0.1248100      0.1252900      0.1256200      0.1255500      0.1254700      0.1253800      0.1252700      0.1251500      0.1250100      0.1248600      0.1247000      0.1245200      0.1243300    
  0.1211600      0.1211610      0.1211620      0.1214920      0.1221500      0.1221510      0.1230270      0.1238860      0.1239400      0.1239420      0.1242410      0.1248500      0.1248520      0.1248540      0.1248550      0.1248500      0.1248340      0.1255060      0.1260700      0.1265200      0.1264600      0.1263800      0.1262900      0.1261800      0.1260600      0.1259200      0.1257700      0.1256000      0.1254200      0.1252300    
  0.1211600      0.1211610      0.1214910      0.1221500      0.1221500      0.1230360      0.1239130      0.1239400      0.1239410      0.1242430      0.1248500      0.1248510      0.1248520      0.1248540      0.1248530      0.1248460      0.1256010      0.1262950      0.1265200      0.1267770      0.1273500      0.1272800      0.1271900      0.1270800      0.1269600      0.1268200      0.1266700      0.1265000      0.1263200      0.1261300    
  0.1211600      0.1214910      0.1221500      0.1221500      0.1230410      0.1239260      0.1239400      0.1239410      0.1242440      0.1248500      0.1248510      0.1248510      0.1248520      0.1248530      0.1248510      0.1261740      0.1264080      0.1265200      0.1277770      0.1282400      0.1281980      0.1281700      0.1280800      0.1279800      0.1278600      0.1277200      0.1275700      0.1274000      0.1272200      0.1270200    
  0.1214900      0.1221500      0.1221500      0.1230430      0.1239330      0.1239400      0.1239400      0.1242440      0.1248500      0.1248500      0.1248510      0.1248510      0.1248520      0.1270170      0.1283850      0.1291580      0.1291600      0.1291990      0.1292730      0.1295700      0.1291300      0.1290600      0.1289700      0.1288700      0.1287500      0.1286100      0.1284600      0.1282900      0.1281000      0.1279000    
  0.1221500      0.1221500      0.1230440      0.1239370      0.1239400      0.1239400      0.1242430      0.1248500      0.1248500      0.1248500      0.1248510      0.1248510      0.1287640      0.1335360      0.1335100      0.1317640      0.1319060      0.1318000      0.1306230      0.1300100      0.1300100      0.1299400      0.1298600      0.1297500      0.1296300      0.1294900      0.1293400      0.1291700      0.1289800      0.1287800    
  0.1221500      0.1230440      0.1239380      0.1239400      0.1239400      0.1242430      0.1248500      0.1248500      0.1248500      0.1248500      0.1292860      0.1359400      0.1343590      0.1335620      0.1335620      0.1335100      0.1324800      0.1320130      0.1318000      0.1311130      0.1308900      0.1308200      0.1307300      0.1306300      0.1305100      0.1303700      0.1302100      0.1300400      0.1298500      0.1296400    
  0.1230450      0.1239390      0.1239400      0.1239400      0.1242430      0.1248500      0.1248500      0.1248500      0.1248500      0.1301730      0.1359400      0.1359400      0.1359400      0.1343970      0.1336140      0.1336140      0.1335100      0.1325990      0.1322250      0.1318000      0.1317500      0.1316900      0.1316000      0.1315000      0.1313800      0.1312400      0.1310800      0.1309100      0.1307100      0.1305000    
  0.1239400      0.1239400      0.1239400      0.1242430      0.1248500      0.1248500      0.1248500      0.1285530      0.1321100      0.1359420      0.1359400      0.1359400      0.1359400      0.1359400      0.1344720      0.1337170      0.1337170      0.1335100      0.1328620      0.1326500      0.1326100      0.1325500      0.1324600      0.1323600      0.1322400      0.1321000      0.1319400      0.1317600      0.1315700      0.1313500    
  0.1239400      0.1239400      0.1242430      0.1248500      0.1248500      0.1310100      0.1402500      0.1399550      0.1396600      0.1371860      0.1359460      0.1359400      0.1359400      0.1359400      0.1359400      0.1346170      0.1339240      0.1339250      0.1335100      0.1334900      0.1334500      0.1333900      0.1333100      0.1332100      0.1330900      0.1329500      0.1327900      0.1326100      0.1324100      0.1321900    
  0.1239400      0.1242430      0.1248500      0.1248500      0.1322430      0.1402510      0.1402510      0.1402500      0.1399550      0.1396600      0.1371970      0.1359590      0.1359400      0.1359400      0.1359400      0.1359400      0.1348880      0.1343370      0.1343400      0.1343200      0.1342900      0.1342300      0.1341600      0.1340500      0.1339300      0.1337900      0.1336300      0.1334400      0.1332400      0.1330200    
