iMOD/TUTORIALS/TUT_MetaswapAnalyser/model_MetaSWAP/meteo/Evaporation/Evaporation_20051005_L1.ASC
NCOLS                30
NROWS                30
XLLCORNER     160000.00
YLLCORNER     340000.00
CELLSIZE        1000.00
NODATA_VALUE   -9999.00
  0.9199800      0.9251700      0.9303900      0.9356300      0.9408900      0.9461600      0.9514400      0.9567200      0.9620000      0.9672700      0.9725300      0.9777700      0.9829800      0.9881700      0.9933400      0.9984700       1.003560       1.008610       1.013620       1.018590       1.023510       1.028380       1.033200       1.037970       1.042690       1.047350       1.051960       1.056510       1.061000       1.065440    
  0.9126600      0.9178300      0.9230400      0.9282600      0.9335000      0.9387600      0.9440200      0.9492800      0.9545500      0.9598000      0.9650400      0.9702700      0.9754800      0.9806600      0.9858100      0.9909300      0.9960200       1.001070       1.006080       1.011040       1.015960       1.020840       1.025660       1.030440       1.035160       1.039830       1.044440       1.049000       1.053510       1.057950    
  0.9053800      0.9105400      0.9157300      0.9209400      0.9261600      0.9314000      0.9366500      0.9418900      0.9471400      0.9523800      0.9576100      0.9628200      0.9680200      0.9731900      0.9783300      0.9834500      0.9885300      0.9935700      0.9985800       1.003540       1.008460       1.013340       1.018160       1.022940       1.027670       1.032340       1.036960       1.041530       1.046050       1.050500    
  0.8981500      0.9032900      0.9084600      0.9136600      0.9188700      0.9240900      0.9293200      0.9345500      0.9397800      0.9450100      0.9502200      0.9554200      0.9606000      0.9657600      0.9709000      0.9760000      0.9810800      0.9861200      0.9911200      0.9960800       1.001000       1.005870       1.010700       1.015480       1.020210       1.024890       1.029520       1.034100       1.038620       1.043080    
  0.8909600      0.8960900      0.9012500      0.9064200      0.9116200      0.9168200      0.9220400      0.9272500      0.9324700      0.9376800      0.9428800      0.9480700      0.9532400      0.9583900      0.9635100      0.9686100      0.9736700      0.9787100      0.9837000      0.9886600      0.9935800      0.9984500       1.003280       1.008060       1.012790       1.017480       1.022110       1.026690       1.031220       1.035700    
  0.8838100      0.8889300      0.8940700      0.8992300      0.9044100      0.9096000      0.9148000      0.9200000      0.9252000      0.9304000      0.9355800      0.9407600      0.9459200      0.9510500      0.9561700      0.9612500      0.9663100      0.9713400      0.9763300      0.9812800      0.9862000      0.9910700      0.9958900       1.000680       1.005410       1.010100       1.014740       1.019320       1.023860       1.028340    
  0.8767000      0.8818100      0.8869400      0.8920800      0.8972500      0.9024200      0.9076000      0.9127900      0.9179800      0.9231600      0.9283300      0.9334900      0.9386400      0.9437600      0.9488700      0.9539400      0.9589900      0.9640100      0.9690000      0.9739400      0.9788500      0.9837200      0.9885500      0.9933300      0.9980700       1.002760       1.007400       1.011990       1.016530       1.021020    
  0.8696300      0.8747300      0.8798400      0.8849800      0.8901200      0.8952800      0.9004500      0.9056200      0.9107900      0.9159600      0.9211200      0.9262700      0.9314000      0.9365100      0.9416100      0.9466700      0.9517100      0.9567300      0.9617000      0.9666500      0.9715500      0.9764200      0.9812400      0.9860200      0.9907600      0.9954500       1.000090       1.004680       1.009230       1.013720    
  0.8626000      0.8676800      0.8727900      0.8779100      0.8830400      0.8881800      0.8933400      0.8984900      0.9036500      0.9088000      0.9139500      0.9190800      0.9242000      0.9293000      0.9343900      0.9394400      0.9444800      0.9494800      0.9544500      0.9593900      0.9642900      0.9691500      0.9739700      0.9787500      0.9834800      0.9881700      0.9928200      0.9974100       1.001960       1.006460    
  0.8556100      0.8606800      0.8657700      0.8708700      0.8759900      0.8811200      0.8862600      0.8914000      0.8965500      0.9016800      0.9068200      0.9119400      0.9170500      0.9221400      0.9272100      0.9322500      0.9372800      0.9422700      0.9472300      0.9521600      0.9570600      0.9619200      0.9667300      0.9715100      0.9762400      0.9809300      0.9855800      0.9901800      0.9947300      0.9992300    
  0.8556200      0.8606870      0.8653000      0.8638800      0.8689800      0.8741000      0.8792300      0.8843500      0.8894800      0.8946100      0.8997200      0.9048300      0.9099300      0.9150100      0.9200700      0.9251000      0.9301200      0.9351000      0.9400600      0.9449800      0.9498700      0.9547200      0.9595300      0.9643100      0.9690400      0.9737300      0.9783700      0.9829700      0.9875300      0.9920300    
  0.8556280      0.8613720      0.8638800      0.8624850      0.8620100      0.8671100      0.8722200      0.8773400      0.8824500      0.8875600      0.8926700      0.8977600      0.9028500      0.9079100      0.9129600      0.9179900      0.9229900      0.9279700      0.9329100      0.9378300      0.9427100      0.9475600      0.9523700      0.9571400      0.9618700      0.9665500      0.9712000      0.9758000      0.9803500      0.9848600    
  0.8578660      0.8638800      0.8599940      0.8585400      0.8550700      0.8601600      0.8652600      0.8703600      0.8754600      0.8805600      0.8856500      0.8907300      0.8958000      0.9008600      0.9058900      0.9109100      0.9159000      0.9208700      0.9258100      0.9307200      0.9355900      0.9404300      0.9452400      0.9500000      0.9547300      0.9594100      0.9640600      0.9686600      0.9732100      0.9777200    
  0.8638800      0.8589370      0.8568050      0.8550700      0.8561570      0.8532400      0.8583300      0.8634100      0.8685000      0.8735800      0.8786600      0.8837300      0.8887900      0.8938300      0.8988600      0.9038700      0.9088500      0.9138100      0.9187400      0.9236400      0.9285100      0.9333400      0.9381400      0.9429000      0.9476200      0.9523000      0.9569500      0.9615400      0.9661000      0.9706100    
  0.8584560      0.8559370      0.8550700      0.8548220      0.8532400      0.8543330      0.8514300      0.8565000      0.8615700      0.8666500      0.8717100      0.8767700      0.8818200      0.8868500      0.8918600      0.8968600      0.9018300      0.9067800      0.9117000      0.9165900      0.9214500      0.9262800      0.9310700      0.9358300      0.9405500      0.9452300      0.9498600      0.9544600      0.9590100      0.9635200    
  0.8555040      0.8550700      0.8543770      0.8532400      0.8530010      0.8514300      0.8539650      0.8565000      0.8611150      0.8597400      0.8647900      0.8698400      0.8748700      0.8798900      0.8849000      0.8898800      0.8948400      0.8997800      0.9046900      0.9095800      0.9144300      0.9192500      0.9240400      0.9287900      0.9335000      0.9381800      0.9428100      0.9474100      0.9519600      0.9564700    
  0.8550700      0.8542290      0.8532400      0.8525570      0.8514300      0.8526970      0.8539650      0.8578300      0.8597400      0.8622650      0.8626760      0.8629400      0.8679600      0.8729700      0.8779600      0.8829400      0.8878900      0.8928200      0.8977200      0.9026000      0.9074400      0.9122600      0.9170400      0.9217800      0.9264900      0.9311600      0.9357900      0.9403800      0.9449300      0.9494400    
  0.8541800      0.8532400      0.8524090      0.8514300      0.8520640      0.8526970      0.8560580      0.8597400      0.8610030      0.8600510      0.8595050      0.8560700      0.8610800      0.8660800      0.8710600      0.8760200      0.8809700      0.8858900      0.8907800      0.8956500      0.9004900      0.9052900      0.9100600      0.9148000      0.9195100      0.9241700      0.9288000      0.9333900      0.9379300      0.9424400    
  0.8532400      0.8523600      0.8514300      0.8517470      0.8520640      0.8551400      0.8597400      0.8603710      0.8589300      0.8577870      0.8560700      0.8585750      0.8606130      0.8592200      0.8641900      0.8691400      0.8740800      0.8789800      0.8838700      0.8887300      0.8935600      0.8983600      0.9031200      0.9078600      0.9125500      0.9172100      0.9218400      0.9264200      0.9309600      0.9354700    
  0.8523430      0.8514300      0.8515880      0.8517470      0.8546730      0.8597400      0.8600560      0.8584080      0.8569290      0.8560700      0.8573220      0.8586190      0.8592200      0.8617050      0.8641830      0.8691370      0.8740670      0.8789770      0.8816800      0.8818400      0.8866600      0.8914500      0.8962100      0.9009300      0.9056300      0.9102800      0.9149000      0.9194800      0.9240200      0.9285200    
  0.8514300      0.8515090      0.8515880      0.8544370      0.8597400      0.8598980      0.8581550      0.8564990      0.8560700      0.8566960      0.8578080      0.8592200      0.8604630      0.8617030      0.8650080      0.8691290      0.8740600      0.8776230      0.8784100      0.8749800      0.8797900      0.8845700      0.8893200      0.8940400      0.8987300      0.9033800      0.9079900      0.9125600      0.9171000      0.9215900    
  0.8514700      0.8515090      0.8543190      0.8597400      0.8598190      0.8580290      0.8562850      0.8560700      0.8563830      0.8574490      0.8592200      0.8598410      0.8604620      0.8623910      0.8652800      0.8693990      0.8744970      0.8766950      0.8749800      0.8759070      0.8729500      0.8777200      0.8824600      0.8871800      0.8918500      0.8965000      0.9011000      0.9056700      0.9102000      0.9147000    
  0.8514700      0.8542590      0.8597400      0.8597790      0.8579670      0.8561770      0.8560700      0.8562270      0.8572800      0.8592200      0.8595310      0.8598410      0.8608980      0.8627110      0.8656900      0.8679370      0.8758370      0.8749800      0.8682470      0.8661450      0.8690020      0.8709000      0.8756300      0.8803400      0.8850100      0.8896400      0.8942400      0.8988100      0.9033300      0.9078200    
  0.8542300      0.8597400      0.8597600      0.8579360      0.8561240      0.8560700      0.8561480      0.8571990      0.8592200      0.8593750      0.8595310      0.8600900      0.8611500      0.8513850      0.8500390      0.8546770      0.8546700      0.8564560      0.8582270      0.8559550      0.8593400      0.8641000      0.8688200      0.8735200      0.8781900      0.8828100      0.8874100      0.8919700      0.8964900      0.9009700    
  0.8597400      0.8597500      0.8579210      0.8560970      0.8560700      0.8561090      0.8571590      0.8592200      0.8592980      0.8593750      0.8596650      0.8602570      0.8408960      0.8160330      0.8162400      0.8329770      0.8335240      0.8343600      0.8464660      0.8525800      0.8525700      0.8573200      0.8620400      0.8667300      0.8713900      0.8760100      0.8806000      0.8851500      0.8896700      0.8941400    
  0.8597450      0.8579130      0.8560830      0.8560700      0.8560900      0.8571400      0.8592200      0.8592590      0.8592980      0.8594460      0.8325110      0.7916300      0.8077280      0.8158250      0.8158250      0.8162400      0.8274740      0.8326870      0.8343600      0.8429700      0.8458300      0.8505700      0.8552900      0.8599700      0.8646100      0.8692300      0.8738100      0.8783600      0.8828700      0.8873400    
  0.8579090      0.8560770      0.8560700      0.8560800      0.8571300      0.8592200      0.8592390      0.8592590      0.8593340      0.8269030      0.7916300      0.7916300      0.7916300      0.8074230      0.8154100      0.8154100      0.8162400      0.8266090      0.8310150      0.8343600      0.8391200      0.8438500      0.8485500      0.8532200      0.8578600      0.8624700      0.8670500      0.8715800      0.8760900      0.8805500    
  0.8560730      0.8560700      0.8560750      0.8571250      0.8592200      0.8592300      0.8592390      0.8330060      0.8117330      0.7916120      0.7916300      0.7916300      0.7916300      0.7916300      0.8068250      0.8145810      0.8145800      0.8162400      0.8248200      0.8276700      0.8324200      0.8371400      0.8418400      0.8465000      0.8511400      0.8557400      0.8603000      0.8648300      0.8693300      0.8737900    
  0.8560700      0.8560720      0.8571220      0.8592200      0.8592250      0.8127110      0.7429400      0.7485650      0.7541900      0.7791010      0.7915760      0.7916300      0.7916300      0.7916300      0.7916300      0.8056780      0.8129230      0.8129200      0.8162400      0.8210100      0.8257500      0.8304600      0.8351500      0.8398000      0.8444300      0.8490200      0.8535800      0.8581000      0.8625900      0.8670500    
  0.8560710      0.8571210      0.8592200      0.8592220      0.8033970      0.7429270      0.7429270      0.7429400      0.7485650      0.7541900      0.7790080      0.7914680      0.7916300      0.7916300      0.7916300      0.7916300      0.8035780      0.8096100      0.8096000      0.8143600      0.8191000      0.8238000      0.8284800      0.8331300      0.8377400      0.8423300      0.8468800      0.8513900      0.8558700      0.8603200    
