iMOD/TUTORIALS/TUT_MetaswapAnalyser/model_MetaSWAP/meteo/Evaporation/Evaporation_20050324_L1.ASC
NCOLS                30
NROWS                30
XLLCORNER     160000.00
YLLCORNER     340000.00
CELLSIZE        1000.00
NODATA_VALUE   -9999.00
   1.224900       1.225430       1.225930       1.226410       1.226860       1.227280       1.227690       1.228080       1.228450       1.228810       1.229160       1.229510       1.229850       1.230190       1.230530       1.230870       1.231220       1.231570       1.231930       1.232300       1.232670       1.233060       1.233460       1.233880       1.234310       1.234750       1.235210       1.235690       1.236180       1.236690    
   1.216140       1.216690       1.217220       1.217710       1.218180       1.218620       1.219040       1.219450       1.219850       1.220230       1.220600       1.220970       1.221330       1.221690       1.222050       1.222410       1.222770       1.223140       1.223520       1.223910       1.224310       1.224710       1.225130       1.225570       1.226020       1.226480       1.226960       1.227450       1.227960       1.228490    
   1.207360       1.207930       1.208470       1.208980       1.209470       1.209930       1.210370       1.210800       1.211210       1.211620       1.212010       1.212390       1.212770       1.213150       1.213530       1.213910       1.214300       1.214690       1.215090       1.215490       1.215910       1.216340       1.216780       1.217230       1.217700       1.218180       1.218680       1.219190       1.219720       1.220270    
   1.198560       1.199150       1.199700       1.200230       1.200730       1.201210       1.201680       1.202120       1.202550       1.202980       1.203390       1.203790       1.204190       1.204590       1.204990       1.205390       1.205800       1.206210       1.206630       1.207050       1.207490       1.207930       1.208390       1.208870       1.209350       1.209860       1.210370       1.210910       1.211460       1.212030    
   1.189740       1.190340       1.190910       1.191450       1.191970       1.192470       1.192950       1.193420       1.193870       1.194310       1.194740       1.195170       1.195590       1.196000       1.196420       1.196840       1.197270       1.197700       1.198140       1.198580       1.199040       1.199500       1.199980       1.200480       1.200980       1.201510       1.202040       1.202600       1.203170       1.203760    
   1.180900       1.181510       1.182100       1.182660       1.183190       1.183710       1.184210       1.184690       1.185160       1.185620       1.186070       1.186510       1.186950       1.187390       1.187830       1.188270       1.188710       1.189160       1.189620       1.190090       1.190560       1.191050       1.191550       1.192060       1.192590       1.193130       1.193690       1.194260       1.194860       1.195460    
   1.172030       1.172660       1.173260       1.173840       1.174390       1.174930       1.175440       1.175940       1.176430       1.176910       1.177380       1.177840       1.178300       1.178750       1.179210       1.179670       1.180140       1.180610       1.181080       1.181570       1.182060       1.182570       1.183090       1.183620       1.184170       1.184730       1.185310       1.185910       1.186520       1.187150    
   1.163150       1.163800       1.164410       1.165000       1.165570       1.166120       1.166650       1.167170       1.167680       1.168170       1.168660       1.169140       1.169620       1.170100       1.170570       1.171050       1.171530       1.172020       1.172520       1.173030       1.173540       1.174070       1.174610       1.175160       1.175730       1.176310       1.176910       1.177530       1.178160       1.178810    
   1.154260       1.154910       1.155540       1.156150       1.156730       1.157300       1.157850       1.158380       1.158910       1.159420       1.159920       1.160420       1.160920       1.161410       1.161910       1.162410       1.162910       1.163420       1.163940       1.164460       1.165000       1.165540       1.166110       1.166680       1.167270       1.167870       1.168490       1.169130       1.169790       1.170460    
   1.145350       1.146020       1.146660       1.147280       1.147880       1.148460       1.149030       1.149580       1.150120       1.150650       1.151170       1.151690       1.152200       1.152710       1.153230       1.153750       1.154270       1.154800       1.155330       1.155880       1.156430       1.157000       1.157580       1.158180       1.158790       1.159410       1.160050       1.160710       1.161390       1.162080    
   1.145340       1.146010       1.144590       1.138400       1.139010       1.139610       1.140190       1.140750       1.141310       1.141860       1.142400       1.142930       1.143460       1.144000       1.144530       1.145060       1.145600       1.146150       1.146710       1.147270       1.147850       1.148440       1.149040       1.149650       1.150290       1.150930       1.151600       1.152280       1.152980       1.153690    
   1.145330       1.143580       1.138400       1.132190       1.130130       1.130740       1.131330       1.131920       1.132490       1.133050       1.133610       1.134160       1.134710       1.135260       1.135810       1.136360       1.136920       1.137490       1.138070       1.138650       1.139250       1.139860       1.140480       1.141110       1.141770       1.142440       1.143120       1.143820       1.144550       1.145280    
   1.142990       1.138400       1.129380       1.125680       1.121230       1.121860       1.122470       1.123070       1.123650       1.124230       1.124810       1.125370       1.125940       1.126510       1.127080       1.127650       1.128230       1.128810       1.129410       1.130010       1.130630       1.131260       1.131900       1.132560       1.133230       1.133920       1.134630       1.135350       1.136100       1.136860    
   1.138400       1.128120       1.123460       1.121230       1.118690       1.112970       1.113590       1.114200       1.114810       1.115400       1.115990       1.116570       1.117160       1.117740       1.118330       1.118920       1.119520       1.120120       1.120730       1.121360       1.121990       1.122640       1.123310       1.123990       1.124680       1.125390       1.126120       1.126870       1.127640       1.128420    
   1.127520       1.122340       1.121230       1.117630       1.112970       1.110420       1.104700       1.105330       1.105950       1.106560       1.107160       1.107760       1.108360       1.108960       1.109570       1.110180       1.110790       1.111410       1.112050       1.112690       1.113350       1.114020       1.114700       1.115400       1.116120       1.116850       1.117600       1.118370       1.119160       1.119970    
   1.121790       1.121230       1.117280       1.112970       1.109360       1.104700       1.105020       1.105330       1.103880       1.097700       1.098320       1.098940       1.099560       1.100170       1.100790       1.101420       1.102050       1.102690       1.103340       1.104010       1.104680       1.105370       1.106080       1.106800       1.107540       1.108290       1.109070       1.109860       1.110670       1.111500    
   1.121230       1.117160       1.112970       1.109010       1.104700       1.104860       1.105010       1.102980       1.097700       1.098010       1.093270       1.090110       1.090740       1.091370       1.092010       1.092650       1.093300       1.093960       1.094630       1.095310       1.096010       1.096720       1.097450       1.098190       1.098950       1.099730       1.100520       1.101340       1.102170       1.103030    
   1.117120       1.112970       1.108890       1.104700       1.104780       1.104860       1.102640       1.097700       1.097860       1.091190       1.085690       1.081270       1.081910       1.082560       1.083220       1.083880       1.084540       1.085220       1.085910       1.086610       1.087330       1.088060       1.088800       1.089570       1.090350       1.091150       1.091970       1.092810       1.093660       1.094540    
   1.112970       1.108850       1.104700       1.104740       1.104780       1.102490       1.097700       1.097780       1.090300       1.083480       1.081270       1.081590       1.079870       1.073740       1.074410       1.075090       1.075780       1.076470       1.077180       1.077900       1.078630       1.079380       1.080150       1.080930       1.081740       1.082560       1.083400       1.084260       1.085150       1.086050    
   1.108840       1.104700       1.104720       1.104740       1.102430       1.097700       1.097740       1.089880       1.082380       1.081270       1.081430       1.079120       1.073740       1.074070       1.074410       1.075090       1.075780       1.076480       1.072240       1.069180       1.069930       1.070700       1.071490       1.072290       1.073120       1.073960       1.074830       1.075710       1.076620       1.077550    
   1.104700       1.104710       1.104720       1.102400       1.097700       1.097720       1.089680       1.081820       1.081270       1.081350       1.078890       1.073740       1.073910       1.074080       1.074530       1.075100       1.075780       1.069950       1.064820       1.060450       1.061220       1.062010       1.062820       1.063650       1.064490       1.065360       1.066250       1.067160       1.068090       1.069040    
   1.104700       1.104710       1.102380       1.097700       1.097710       1.089580       1.081550       1.081270       1.081310       1.078810       1.073740       1.073820       1.073910       1.074170       1.074570       1.075140       1.068780       1.062630       1.060450       1.058060       1.052510       1.053320       1.054140       1.054990       1.055860       1.056750       1.057660       1.058590       1.059550       1.060520    
   1.104700       1.102370       1.097700       1.097700       1.089530       1.081410       1.081270       1.081290       1.078780       1.073740       1.073780       1.073820       1.073970       1.074210       1.074620       1.062850       1.061540       1.060450       1.048250       1.043790       1.044290       1.044620       1.045470       1.046340       1.047230       1.048140       1.049070       1.050030       1.051010       1.052010    
   1.102370       1.097700       1.097700       1.089510       1.081340       1.081270       1.081280       1.078770       1.073740       1.073760       1.073780       1.073860       1.074000       1.053120       1.040580       1.034240       1.034240       1.034080       1.033620       1.030710       1.035070       1.035920       1.036790       1.037680       1.038590       1.039520       1.040480       1.041460       1.042460       1.043490    
   1.097700       1.097700       1.089500       1.081300       1.081270       1.081270       1.078770       1.073740       1.073750       1.073760       1.073800       1.073880       1.035900      0.9893870      0.9896600       1.007900       1.006930       1.008020       1.020070       1.026350       1.026350       1.027210       1.028100       1.029010       1.029950       1.030910       1.031890       1.032890       1.033920       1.034970    
   1.097700       1.089490       1.081290       1.081270       1.081270       1.078760       1.073740       1.073750       1.073750       1.073770       1.029310      0.9625500      0.9802160      0.9891140      0.9891140      0.9896600       1.000770       1.005840       1.008020       1.015220       1.017620       1.018510       1.019420       1.020350       1.021310       1.022290       1.023290       1.024320       1.025370       1.026450    
   1.089490       1.081280       1.081270       1.081270       1.078760       1.073740       1.073740       1.073750       1.073760       1.020390      0.9625500      0.9625500      0.9625500      0.9798130      0.9885680      0.9885680      0.9896600      0.9995540       1.003650       1.008020       1.008900       1.009810       1.010740       1.011690       1.012670       1.013670       1.014700       1.015750       1.016830       1.017930    
   1.081270       1.081270       1.081270       1.078760       1.073740       1.073740       1.073740       1.034850      0.9993750      0.9625260      0.9625500      0.9625500      0.9625500      0.9625500      0.9790200      0.9874750      0.9874750      0.9896600      0.9968800      0.9992900       1.000190       1.001110       1.002060       1.003030       1.004030       1.005060       1.006110       1.007190       1.008290       1.009420    
   1.081270       1.081270       1.078760       1.073740       1.073740       1.007670      0.9085800      0.9133650      0.9181500      0.9476850      0.9624780      0.9625500      0.9625500      0.9625500      0.9625500      0.9774880      0.9852910      0.9852900      0.9896600      0.9905500      0.9914700      0.9924200      0.9933800      0.9943800      0.9954000      0.9964500      0.9975300      0.9986300      0.9997600       1.000910    
   1.081270       1.078760       1.073740       1.073740      0.9944490      0.9085630      0.9085630      0.9085800      0.9133640      0.9181500      0.9475620      0.9623350      0.9625500      0.9625500      0.9625500      0.9625500      0.9746360      0.9809230      0.9809200      0.9818300      0.9827700      0.9837300      0.9847200      0.9857300      0.9867700      0.9878500      0.9889500      0.9900700      0.9912300      0.9924100    
