iMOD/TUTORIALS/TUT_MetaswapAnalyser/model_MetaSWAP/meteo/Evaporation/Evaporation_20051206_L1.ASC
NCOLS                30
NROWS                30
XLLCORNER     160000.00
YLLCORNER     340000.00
CELLSIZE        1000.00
NODATA_VALUE   -9999.00
  0.8732000E-01  0.8616000E-01  0.8500000E-01  0.8384000E-01  0.8269000E-01  0.8154000E-01  0.8040000E-01  0.7927000E-01  0.7814000E-01  0.7701000E-01  0.7588000E-01  0.7477000E-01  0.7365000E-01  0.7254000E-01  0.7143000E-01  0.7033000E-01  0.6923000E-01  0.6813000E-01  0.6704000E-01  0.6595000E-01  0.6486000E-01  0.6378000E-01  0.6269000E-01  0.6162000E-01  0.6054000E-01  0.5947000E-01  0.5840000E-01  0.5734000E-01  0.5628000E-01  0.5522000E-01
  0.8712000E-01  0.8595000E-01  0.8479000E-01  0.8363000E-01  0.8248000E-01  0.8134000E-01  0.8019000E-01  0.7906000E-01  0.7792000E-01  0.7680000E-01  0.7567000E-01  0.7455000E-01  0.7344000E-01  0.7232000E-01  0.7122000E-01  0.7011000E-01  0.6901000E-01  0.6791000E-01  0.6682000E-01  0.6573000E-01  0.6464000E-01  0.6355000E-01  0.6247000E-01  0.6139000E-01  0.6032000E-01  0.5924000E-01  0.5817000E-01  0.5711000E-01  0.5604000E-01  0.5498000E-01
  0.8692000E-01  0.8575000E-01  0.8459000E-01  0.8343000E-01  0.8228000E-01  0.8113000E-01  0.7999000E-01  0.7885000E-01  0.7772000E-01  0.7659000E-01  0.7546000E-01  0.7434000E-01  0.7322000E-01  0.7211000E-01  0.7100000E-01  0.6990000E-01  0.6879000E-01  0.6769000E-01  0.6660000E-01  0.6551000E-01  0.6442000E-01  0.6333000E-01  0.6225000E-01  0.6117000E-01  0.6009000E-01  0.5901000E-01  0.5794000E-01  0.5687000E-01  0.5581000E-01  0.5475000E-01
  0.8672000E-01  0.8555000E-01  0.8439000E-01  0.8323000E-01  0.8208000E-01  0.8093000E-01  0.7978000E-01  0.7865000E-01  0.7751000E-01  0.7638000E-01  0.7525000E-01  0.7413000E-01  0.7301000E-01  0.7190000E-01  0.7079000E-01  0.6968000E-01  0.6858000E-01  0.6748000E-01  0.6638000E-01  0.6529000E-01  0.6420000E-01  0.6311000E-01  0.6202000E-01  0.6094000E-01  0.5986000E-01  0.5879000E-01  0.5771000E-01  0.5664000E-01  0.5558000E-01  0.5451000E-01
  0.8653000E-01  0.8536000E-01  0.8419000E-01  0.8303000E-01  0.8188000E-01  0.8073000E-01  0.7958000E-01  0.7844000E-01  0.7731000E-01  0.7618000E-01  0.7505000E-01  0.7393000E-01  0.7281000E-01  0.7169000E-01  0.7058000E-01  0.6947000E-01  0.6837000E-01  0.6727000E-01  0.6617000E-01  0.6507000E-01  0.6398000E-01  0.6289000E-01  0.6180000E-01  0.6072000E-01  0.5964000E-01  0.5856000E-01  0.5749000E-01  0.5642000E-01  0.5535000E-01  0.5428000E-01
  0.8634000E-01  0.8516000E-01  0.8400000E-01  0.8284000E-01  0.8168000E-01  0.8053000E-01  0.7938000E-01  0.7824000E-01  0.7711000E-01  0.7597000E-01  0.7485000E-01  0.7372000E-01  0.7260000E-01  0.7149000E-01  0.7037000E-01  0.6926000E-01  0.6816000E-01  0.6705000E-01  0.6595000E-01  0.6486000E-01  0.6376000E-01  0.6267000E-01  0.6159000E-01  0.6050000E-01  0.5942000E-01  0.5834000E-01  0.5726000E-01  0.5619000E-01  0.5512000E-01  0.5405000E-01
  0.8615000E-01  0.8497000E-01  0.8381000E-01  0.8264000E-01  0.8149000E-01  0.8033000E-01  0.7919000E-01  0.7804000E-01  0.7691000E-01  0.7577000E-01  0.7464000E-01  0.7352000E-01  0.7240000E-01  0.7128000E-01  0.7017000E-01  0.6906000E-01  0.6795000E-01  0.6684000E-01  0.6574000E-01  0.6464000E-01  0.6355000E-01  0.6246000E-01  0.6137000E-01  0.6028000E-01  0.5920000E-01  0.5812000E-01  0.5704000E-01  0.5596000E-01  0.5489000E-01  0.5382000E-01
  0.8596000E-01  0.8479000E-01  0.8362000E-01  0.8245000E-01  0.8129000E-01  0.8014000E-01  0.7899000E-01  0.7785000E-01  0.7671000E-01  0.7558000E-01  0.7445000E-01  0.7332000E-01  0.7220000E-01  0.7108000E-01  0.6996000E-01  0.6885000E-01  0.6774000E-01  0.6664000E-01  0.6553000E-01  0.6443000E-01  0.6334000E-01  0.6224000E-01  0.6115000E-01  0.6006000E-01  0.5898000E-01  0.5789000E-01  0.5681000E-01  0.5574000E-01  0.5466000E-01  0.5359000E-01
  0.8578000E-01  0.8460000E-01  0.8343000E-01  0.8226000E-01  0.8110000E-01  0.7995000E-01  0.7880000E-01  0.7766000E-01  0.7652000E-01  0.7538000E-01  0.7425000E-01  0.7312000E-01  0.7200000E-01  0.7088000E-01  0.6976000E-01  0.6865000E-01  0.6754000E-01  0.6643000E-01  0.6532000E-01  0.6422000E-01  0.6312000E-01  0.6203000E-01  0.6094000E-01  0.5985000E-01  0.5876000E-01  0.5767000E-01  0.5659000E-01  0.5551000E-01  0.5443000E-01  0.5336000E-01
  0.8560000E-01  0.8442000E-01  0.8324000E-01  0.8208000E-01  0.8092000E-01  0.7976000E-01  0.7861000E-01  0.7746000E-01  0.7632000E-01  0.7519000E-01  0.7405000E-01  0.7292000E-01  0.7180000E-01  0.7068000E-01  0.6956000E-01  0.6844000E-01  0.6733000E-01  0.6622000E-01  0.6512000E-01  0.6401000E-01  0.6291000E-01  0.6182000E-01  0.6072000E-01  0.5963000E-01  0.5854000E-01  0.5745000E-01  0.5637000E-01  0.5529000E-01  0.5421000E-01  0.5313000E-01
  0.8560000E-01  0.8442000E-01  0.8290750E-01  0.8189000E-01  0.8073000E-01  0.7957000E-01  0.7842000E-01  0.7727000E-01  0.7613000E-01  0.7499000E-01  0.7386000E-01  0.7273000E-01  0.7160000E-01  0.7048000E-01  0.6936000E-01  0.6824000E-01  0.6713000E-01  0.6602000E-01  0.6491000E-01  0.6381000E-01  0.6271000E-01  0.6161000E-01  0.6051000E-01  0.5942000E-01  0.5832000E-01  0.5723000E-01  0.5615000E-01  0.5506000E-01  0.5398000E-01  0.5290000E-01
  0.8560110E-01  0.8370440E-01  0.8189000E-01  0.8088500E-01  0.8055000E-01  0.7939000E-01  0.7823000E-01  0.7709000E-01  0.7594000E-01  0.7480000E-01  0.7367000E-01  0.7253000E-01  0.7141000E-01  0.7028000E-01  0.6916000E-01  0.6804000E-01  0.6693000E-01  0.6582000E-01  0.6471000E-01  0.6360000E-01  0.6250000E-01  0.6140000E-01  0.6030000E-01  0.5920000E-01  0.5811000E-01  0.5702000E-01  0.5593000E-01  0.5484000E-01  0.5376000E-01  0.5267000E-01
  0.8449530E-01  0.8189000E-01  0.8090130E-01  0.8046000E-01  0.8037000E-01  0.7920000E-01  0.7805000E-01  0.7690000E-01  0.7575000E-01  0.7461000E-01  0.7348000E-01  0.7234000E-01  0.7121000E-01  0.7009000E-01  0.6896000E-01  0.6784000E-01  0.6673000E-01  0.6561000E-01  0.6450000E-01  0.6340000E-01  0.6229000E-01  0.6119000E-01  0.6009000E-01  0.5899000E-01  0.5789000E-01  0.5680000E-01  0.5571000E-01  0.5462000E-01  0.5353000E-01  0.5245000E-01
  0.8189000E-01  0.8089410E-01  0.8041500E-01  0.8037000E-01  0.7953000E-01  0.7902000E-01  0.7787000E-01  0.7671000E-01  0.7557000E-01  0.7442000E-01  0.7329000E-01  0.7215000E-01  0.7102000E-01  0.6989000E-01  0.6877000E-01  0.6765000E-01  0.6653000E-01  0.6541000E-01  0.6430000E-01  0.6319000E-01  0.6208000E-01  0.6098000E-01  0.5988000E-01  0.5878000E-01  0.5768000E-01  0.5658000E-01  0.5549000E-01  0.5440000E-01  0.5331000E-01  0.5222000E-01
  0.8088660E-01  0.8039250E-01  0.8037000E-01  0.7964000E-01  0.7902000E-01  0.7819000E-01  0.7768000E-01  0.7653000E-01  0.7538000E-01  0.7424000E-01  0.7310000E-01  0.7196000E-01  0.7083000E-01  0.6970000E-01  0.6857000E-01  0.6745000E-01  0.6633000E-01  0.6522000E-01  0.6410000E-01  0.6299000E-01  0.6188000E-01  0.6077000E-01  0.5967000E-01  0.5857000E-01  0.5747000E-01  0.5637000E-01  0.5527000E-01  0.5418000E-01  0.5309000E-01  0.5200000E-01
  0.8038120E-01  0.8037000E-01  0.7967670E-01  0.7902000E-01  0.7829670E-01  0.7768000E-01  0.7710500E-01  0.7653000E-01  0.7505000E-01  0.7405000E-01  0.7291000E-01  0.7177000E-01  0.7064000E-01  0.6951000E-01  0.6838000E-01  0.6726000E-01  0.6614000E-01  0.6502000E-01  0.6390000E-01  0.6279000E-01  0.6168000E-01  0.6057000E-01  0.5946000E-01  0.5836000E-01  0.5725000E-01  0.5615000E-01  0.5506000E-01  0.5396000E-01  0.5286000E-01  0.5177000E-01
  0.8037000E-01  0.7968890E-01  0.7902000E-01  0.7833220E-01  0.7768000E-01  0.7739250E-01  0.7710500E-01  0.7568380E-01  0.7405000E-01  0.7348000E-01  0.7234400E-01  0.7159000E-01  0.7045000E-01  0.6932000E-01  0.6819000E-01  0.6706000E-01  0.6594000E-01  0.6482000E-01  0.6370000E-01  0.6259000E-01  0.6147000E-01  0.6036000E-01  0.5925000E-01  0.5815000E-01  0.5704000E-01  0.5594000E-01  0.5484000E-01  0.5374000E-01  0.5264000E-01  0.5155000E-01
  0.7969300E-01  0.7902000E-01  0.7834410E-01  0.7768000E-01  0.7753630E-01  0.7739250E-01  0.7605780E-01  0.7405000E-01  0.7376500E-01  0.7255380E-01  0.7149500E-01  0.7140000E-01  0.7026000E-01  0.6913000E-01  0.6800000E-01  0.6687000E-01  0.6575000E-01  0.6462000E-01  0.6350000E-01  0.6239000E-01  0.6127000E-01  0.6016000E-01  0.5905000E-01  0.5794000E-01  0.5683000E-01  0.5573000E-01  0.5462000E-01  0.5352000E-01  0.5242000E-01  0.5132000E-01
  0.7902000E-01  0.7834800E-01  0.7768000E-01  0.7760810E-01  0.7753630E-01  0.7625910E-01  0.7405000E-01  0.7390750E-01  0.7264330E-01  0.7144750E-01  0.7140000E-01  0.7083000E-01  0.6993250E-01  0.6894000E-01  0.6781000E-01  0.6668000E-01  0.6555000E-01  0.6443000E-01  0.6331000E-01  0.6219000E-01  0.6107000E-01  0.5995000E-01  0.5884000E-01  0.5773000E-01  0.5662000E-01  0.5551000E-01  0.5441000E-01  0.5330000E-01  0.5220000E-01  0.5110000E-01
  0.7834930E-01  0.7768000E-01  0.7764410E-01  0.7760810E-01  0.7636340E-01  0.7405000E-01  0.7397880E-01  0.7268490E-01  0.7142380E-01  0.7140000E-01  0.7111500E-01  0.7027560E-01  0.6894000E-01  0.6837500E-01  0.6781000E-01  0.6668000E-01  0.6555330E-01  0.6443000E-01  0.6274200E-01  0.6199000E-01  0.6087000E-01  0.5975000E-01  0.5864000E-01  0.5752000E-01  0.5641000E-01  0.5530000E-01  0.5419000E-01  0.5308000E-01  0.5198000E-01  0.5088000E-01
  0.7768000E-01  0.7766200E-01  0.7764410E-01  0.7641640E-01  0.7405000E-01  0.7401440E-01  0.7270510E-01  0.7141190E-01  0.7140000E-01  0.7125750E-01  0.7043270E-01  0.6894000E-01  0.6865750E-01  0.6837500E-01  0.6762170E-01  0.6668110E-01  0.6555440E-01  0.6328110E-01  0.6189000E-01  0.6179000E-01  0.6067000E-01  0.5955000E-01  0.5843000E-01  0.5731000E-01  0.5620000E-01  0.5509000E-01  0.5398000E-01  0.5287000E-01  0.5176000E-01  0.5065000E-01
  0.7767100E-01  0.7766200E-01  0.7644310E-01  0.7405000E-01  0.7403220E-01  0.7271510E-01  0.7140590E-01  0.7140000E-01  0.7132880E-01  0.7050750E-01  0.6894000E-01  0.6879880E-01  0.6865750E-01  0.6821810E-01  0.6755930E-01  0.6661910E-01  0.6382930E-01  0.6184000E-01  0.6179000E-01  0.6097670E-01  0.6047000E-01  0.5935000E-01  0.5823000E-01  0.5711000E-01  0.5599000E-01  0.5487000E-01  0.5376000E-01  0.5265000E-01  0.5154000E-01  0.5043000E-01
  0.7767100E-01  0.7645650E-01  0.7405000E-01  0.7404110E-01  0.7272010E-01  0.7140300E-01  0.7140000E-01  0.7136440E-01  0.7054410E-01  0.6894000E-01  0.6886940E-01  0.6879880E-01  0.6855810E-01  0.6814490E-01  0.6746550E-01  0.6420350E-01  0.6181500E-01  0.6179000E-01  0.6075170E-01  0.6027000E-01  0.5959400E-01  0.5914000E-01  0.5802000E-01  0.5690000E-01  0.5578000E-01  0.5466000E-01  0.5355000E-01  0.5243000E-01  0.5132000E-01  0.5020000E-01
  0.7646330E-01  0.7405000E-01  0.7404560E-01  0.7272250E-01  0.7140150E-01  0.7140000E-01  0.7138220E-01  0.7056210E-01  0.6894000E-01  0.6890470E-01  0.6886940E-01  0.6874210E-01  0.6850060E-01  0.6637710E-01  0.6388830E-01  0.6119500E-01  0.6119500E-01  0.6065280E-01  0.6003670E-01  0.5997000E-01  0.6007000E-01  0.5894000E-01  0.5782000E-01  0.5669000E-01  0.5557000E-01  0.5445000E-01  0.5333000E-01  0.5221000E-01  0.5109000E-01  0.4998000E-01
  0.7405000E-01  0.7404780E-01  0.7272380E-01  0.7140070E-01  0.7140000E-01  0.7139110E-01  0.7057110E-01  0.6894000E-01  0.6892230E-01  0.6890470E-01  0.6883870E-01  0.6870400E-01  0.6525640E-01  0.6133410E-01  0.6134000E-01  0.6098120E-01  0.6057500E-01  0.6060000E-01  0.6008560E-01  0.5987000E-01  0.5987000E-01  0.5874000E-01  0.5761000E-01  0.5649000E-01  0.5536000E-01  0.5424000E-01  0.5311000E-01  0.5199000E-01  0.5087000E-01  0.4975000E-01
  0.7404890E-01  0.7272440E-01  0.7140040E-01  0.7140000E-01  0.7139550E-01  0.7057550E-01  0.6894000E-01  0.6893120E-01  0.6892230E-01  0.6888860E-01  0.6604950E-01  0.6190000E-01  0.6151770E-01  0.6132810E-01  0.6132810E-01  0.6134000E-01  0.6081470E-01  0.6055000E-01  0.6060000E-01  0.5990250E-01  0.5967000E-01  0.5854000E-01  0.5741000E-01  0.5628000E-01  0.5515000E-01  0.5402000E-01  0.5290000E-01  0.5177000E-01  0.5065000E-01  0.4953000E-01
  0.7272470E-01  0.7140020E-01  0.7140000E-01  0.7139780E-01  0.7057780E-01  0.6894000E-01  0.6893560E-01  0.6893120E-01  0.6891400E-01  0.6553210E-01  0.6190000E-01  0.6190000E-01  0.6190000E-01  0.6150860E-01  0.6131610E-01  0.6131630E-01  0.6134000E-01  0.6076880E-01  0.6050000E-01  0.6060000E-01  0.5947000E-01  0.5833000E-01  0.5720000E-01  0.5607000E-01  0.5494000E-01  0.5381000E-01  0.5268000E-01  0.5155000E-01  0.5043000E-01  0.4930000E-01
  0.7140010E-01  0.7140000E-01  0.7139890E-01  0.7057890E-01  0.6894000E-01  0.6893780E-01  0.6893560E-01  0.6720520E-01  0.6487700E-01  0.6189940E-01  0.6190000E-01  0.6190000E-01  0.6190000E-01  0.6190000E-01  0.6149000E-01  0.6129210E-01  0.6129250E-01  0.6134000E-01  0.6063500E-01  0.6040000E-01  0.5927000E-01  0.5813000E-01  0.5700000E-01  0.5586000E-01  0.5473000E-01  0.5360000E-01  0.5246000E-01  0.5133000E-01  0.5020000E-01  0.4908000E-01
  0.7140000E-01  0.7139940E-01  0.7057940E-01  0.6894000E-01  0.6893890E-01  0.6656260E-01  0.6300000E-01  0.6252000E-01  0.6204000E-01  0.6194520E-01  0.6189830E-01  0.6190000E-01  0.6190000E-01  0.6190000E-01  0.6190000E-01  0.6145150E-01  0.6124390E-01  0.6124500E-01  0.6134000E-01  0.6020000E-01  0.5906000E-01  0.5793000E-01  0.5679000E-01  0.5565000E-01  0.5452000E-01  0.5338000E-01  0.5225000E-01  0.5111000E-01  0.4998000E-01  0.4885000E-01
  0.7139970E-01  0.7057970E-01  0.6894000E-01  0.6893940E-01  0.6608800E-01  0.6299960E-01  0.6299960E-01  0.6300000E-01  0.6251990E-01  0.6204000E-01  0.6194240E-01  0.6189500E-01  0.6190000E-01  0.6190000E-01  0.6190000E-01  0.6190000E-01  0.6136980E-01  0.6114670E-01  0.6115000E-01  0.6000000E-01  0.5886000E-01  0.5772000E-01  0.5658000E-01  0.5544000E-01  0.5430000E-01  0.5317000E-01  0.5203000E-01  0.5089000E-01  0.4975000E-01  0.4862000E-01
