iMOD/TUTORIALS/TUT_MetaswapAnalyser/model_MetaSWAP/meteo/Evaporation/Evaporation_20050319_L1.ASC
NCOLS                30
NROWS                30
XLLCORNER     160000.00
YLLCORNER     340000.00
CELLSIZE        1000.00
NODATA_VALUE   -9999.00
  0.6582600      0.6551800      0.6521500      0.6491700      0.6462300      0.6433500      0.6405100      0.6377200      0.6349800      0.6322900      0.6296500      0.6270600      0.6245200      0.6220200      0.6195700      0.6171700      0.6148200      0.6125200      0.6102600      0.6080500      0.6058900      0.6037700      0.6017000      0.5996700      0.5976900      0.5957400      0.5938500      0.5919900      0.5901800      0.5884000    
  0.6600100      0.6569000      0.6538500      0.6508400      0.6478800      0.6449600      0.6421000      0.6392800      0.6365200      0.6338000      0.6311300      0.6285100      0.6259400      0.6234200      0.6209400      0.6185200      0.6161400      0.6138100      0.6115200      0.6092900      0.6071000      0.6049500      0.6028500      0.6008000      0.5987900      0.5968200      0.5949000      0.5930200      0.5911800      0.5893800    
  0.6617600      0.6586200      0.6555400      0.6525000      0.6495200      0.6465800      0.6436900      0.6408400      0.6380500      0.6353100      0.6326100      0.6299600      0.6273600      0.6248100      0.6223100      0.6198600      0.6174500      0.6151000      0.6127900      0.6105200      0.6083100      0.6061400      0.6040100      0.6019300      0.5998900      0.5979000      0.5959500      0.5940500      0.5921800      0.5903600    
  0.6635000      0.6603400      0.6572300      0.6541700      0.6511500      0.6481900      0.6452700      0.6424000      0.6395800      0.6368100      0.6340900      0.6314100      0.6287900      0.6262100      0.6236800      0.6212000      0.6187700      0.6163900      0.6140500      0.6117600      0.6095200      0.6073200      0.6051700      0.6030700      0.6010000      0.5989900      0.5970100      0.5950800      0.5931900      0.5913400    
  0.6652500      0.6620600      0.6589200      0.6558300      0.6527900      0.6498000      0.6468500      0.6439600      0.6411100      0.6383100      0.6355700      0.6328600      0.6302100      0.6276100      0.6250600      0.6225500      0.6200900      0.6176800      0.6153200      0.6130000      0.6107300      0.6085100      0.6063400      0.6042000      0.6021200      0.6000700      0.5980800      0.5961200      0.5942000      0.5923300    
  0.6669900      0.6637700      0.6606100      0.6575000      0.6544300      0.6514100      0.6484400      0.6455200      0.6426400      0.6398200      0.6370400      0.6343200      0.6316400      0.6290100      0.6264300      0.6239000      0.6214100      0.6189800      0.6165900      0.6142500      0.6119500      0.6097000      0.6075000      0.6053500      0.6032300      0.6011700      0.5991400      0.5971600      0.5952200      0.5933300    
  0.6687300      0.6654900      0.6623000      0.6591600      0.6560600      0.6530200      0.6500200      0.6470700      0.6441700      0.6413200      0.6385200      0.6357700      0.6330600      0.6304100      0.6278000      0.6252400      0.6227300      0.6202700      0.6178600      0.6154900      0.6131700      0.6109000      0.6086700      0.6064900      0.6043500      0.6022600      0.6002100      0.5982100      0.5962500      0.5943300    
  0.6704700      0.6672000      0.6639800      0.6608200      0.6577000      0.6546300      0.6516000      0.6486300      0.6457000      0.6428300      0.6400000      0.6372200      0.6344900      0.6318100      0.6291800      0.6265900      0.6240600      0.6215700      0.6191300      0.6167400      0.6143900      0.6121000      0.6098400      0.6076400      0.6054800      0.6033600      0.6012900      0.5992600      0.5972800      0.5953300    
  0.6722000      0.6689100      0.6656700      0.6624800      0.6593300      0.6562300      0.6531800      0.6501800      0.6472300      0.6443300      0.6414800      0.6386700      0.6359200      0.6332100      0.6305500      0.6279400      0.6253800      0.6228700      0.6204000      0.6179900      0.6156200      0.6133000      0.6110200      0.6087900      0.6066100      0.6044700      0.6023700      0.6003200      0.5983100      0.5963400    
  0.6739400      0.6706200      0.6673600      0.6641400      0.6609600      0.6578400      0.6547700      0.6517400      0.6487600      0.6458400      0.6429600      0.6401300      0.6373400      0.6346100      0.6319300      0.6292900      0.6267100      0.6241700      0.6216800      0.6192400      0.6168500      0.6145000      0.6122000      0.6099500      0.6077400      0.6055700      0.6034600      0.6013800      0.5993500      0.5973600    
  0.6739530      0.6706400      0.6669800      0.6658000      0.6626000      0.6594500      0.6563500      0.6533000      0.6502900      0.6473400      0.6444400      0.6415800      0.6387700      0.6360200      0.6333100      0.6306500      0.6280400      0.6254700      0.6229600      0.6204900      0.6180800      0.6157100      0.6133800      0.6111000      0.6088700      0.6066900      0.6045500      0.6024500      0.6003900      0.5983800    
  0.6739700      0.6693430      0.6658000      0.6646250      0.6642300      0.6610600      0.6579300      0.6548600      0.6518300      0.6488500      0.6459200      0.6430400      0.6402000      0.6374200      0.6346900      0.6320000      0.6293700      0.6267800      0.6242400      0.6217500      0.6193100      0.6169200      0.6145700      0.6122700      0.6100100      0.6078000      0.6056400      0.6035200      0.6014400      0.5994100    
  0.6716110      0.6658000      0.6653360      0.6650500      0.6658700      0.6626700      0.6595200      0.6564100      0.6533600      0.6503600      0.6474000      0.6444900      0.6416400      0.6388300      0.6360700      0.6333600      0.6307000      0.6280900      0.6255300      0.6230100      0.6205500      0.6181300      0.6157600      0.6134300      0.6111600      0.6089300      0.6067400      0.6046000      0.6025000      0.6004500    
  0.6658000      0.6656170      0.6654600      0.6658700      0.6642730      0.6642800      0.6611000      0.6579700      0.6549000      0.6518700      0.6488800      0.6459500      0.6430700      0.6402400      0.6374600      0.6347200      0.6320400      0.6294000      0.6268100      0.6242800      0.6217900      0.6193500      0.6169500      0.6146100      0.6123100      0.6100500      0.6078500      0.6056800      0.6035600      0.6014900    
  0.6657380      0.6656650      0.6658700      0.6648080      0.6642800      0.6626900      0.6626900      0.6595400      0.6564300      0.6533800      0.6503700      0.6474100      0.6445100      0.6416500      0.6388400      0.6360800      0.6333800      0.6307200      0.6281100      0.6255400      0.6230300      0.6205700      0.6181500      0.6157800      0.6134600      0.6111900      0.6089600      0.6067700      0.6046300      0.6025300    
  0.6657680      0.6658700      0.6649860      0.6642800      0.6632200      0.6626900      0.6611150      0.6595530      0.6560600      0.6548900      0.6518600      0.6488800      0.6459500      0.6430700      0.6402300      0.6374500      0.6347200      0.6320400      0.6294000      0.6268200      0.6242800      0.6217900      0.6193600      0.6169600      0.6146200      0.6123200      0.6100700      0.6078700      0.6057100      0.6035900    
  0.6658700      0.6650450      0.6642800      0.6633970      0.6626900      0.6619020      0.6611190      0.6579050      0.6548900      0.6533750      0.6515600      0.6503500      0.6473900      0.6444800      0.6416300      0.6388200      0.6360600      0.6333600      0.6307000      0.6280900      0.6255300      0.6230200      0.6205600      0.6181500      0.6157900      0.6134700      0.6111900      0.6089700      0.6067900      0.6046500    
  0.6650650      0.6642800      0.6634560      0.6626900      0.6622960      0.6619040      0.6589540      0.6548900      0.6541320      0.6525460      0.6510850      0.6518200      0.6488400      0.6459000      0.6430200      0.6401900      0.6374100      0.6346800      0.6320000      0.6293700      0.6267900      0.6242600      0.6217800      0.6193400      0.6169600      0.6146200      0.6123200      0.6100800      0.6078800      0.6057200    
  0.6642800      0.6634750      0.6626900      0.6624930      0.6622970      0.6595110      0.6548900      0.6545110      0.6529680      0.6514530      0.6518200      0.6503300      0.6484720      0.6473300      0.6444300      0.6415700      0.6387700      0.6360100      0.6333100      0.6306600      0.6280500      0.6255000      0.6230000      0.6205400      0.6181300      0.6157700      0.6134600      0.6111900      0.6089700      0.6067900    
  0.6634820      0.6626900      0.6625920      0.6624930      0.6597980      0.6548900      0.6547010      0.6531650      0.6516360      0.6518200      0.6510750      0.6494880      0.6473300      0.6458800      0.6444430      0.6415900      0.6387830      0.6360300      0.6330340      0.6319500      0.6293200      0.6267500      0.6242200      0.6217400      0.6193100      0.6169300      0.6146000      0.6123100      0.6100700      0.6078800    
  0.6626900      0.6626410      0.6625920      0.6599430      0.6548900      0.6547950      0.6532610      0.6517280      0.6518200      0.6514480      0.6499280      0.6473300      0.6466050      0.6458840      0.6439710      0.6416060      0.6388010      0.6347360      0.6325950      0.6332400      0.6305900      0.6280000      0.6254500      0.6229500      0.6205000      0.6181000      0.6157500      0.6134400      0.6111800      0.6089700    
  0.6626650      0.6626410      0.6600160      0.6548900      0.6548430      0.6533080      0.6517740      0.6518200      0.6516340      0.6501310      0.6473300      0.6469680      0.6466070      0.6454870      0.6438200      0.6414590      0.6362600      0.6329180      0.6332400      0.6319000      0.6318700      0.6292500      0.6266900      0.6241700      0.6217000      0.6192800      0.6169100      0.6145800      0.6123000      0.6100700    
  0.6626650      0.6600530      0.6548900      0.6548660      0.6533320      0.6517970      0.6518200      0.6517270      0.6502290      0.6473300      0.6471490      0.6469680      0.6463540      0.6453050      0.6435890      0.6383620      0.6330790      0.6332400      0.6333500      0.6331600      0.6315760      0.6305200      0.6279300      0.6253900      0.6229000      0.6204600      0.6180700      0.6157300      0.6134300      0.6111800    
  0.6600720      0.6548900      0.6548780      0.6533430      0.6518090      0.6518200      0.6517730      0.6502760      0.6473300      0.6472390      0.6471490      0.6468230      0.6462090      0.6454890      0.6422080      0.6371920      0.6371900      0.6359830      0.6346700      0.6351000      0.6344500      0.6317900      0.6291800      0.6266200      0.6241100      0.6216500      0.6192400      0.6168800      0.6145600      0.6123000    
  0.6548900      0.6548840      0.6533490      0.6518140      0.6518200      0.6517970      0.6503000      0.6473300      0.6472850      0.6472390      0.6470710      0.6467270      0.6464140      0.6467530      0.6467100      0.6420920      0.6413090      0.6411400      0.6375170      0.6357500      0.6357500      0.6330700      0.6304400      0.6278600      0.6253300      0.6228500      0.6204200      0.6180400      0.6157100      0.6134200    
  0.6548870      0.6533520      0.6518170      0.6518200      0.6518080      0.6503120      0.6473300      0.6473070      0.6472850      0.6471980      0.6497550      0.6538700      0.6491610      0.6467960      0.6467960      0.6467100      0.6431570      0.6414770      0.6411400      0.6380770      0.6370500      0.6343500      0.6317000      0.6291000      0.6265600      0.6240600      0.6216100      0.6192100      0.6168600      0.6145600    
  0.6533540      0.6518190      0.6518200      0.6518140      0.6503170      0.6473300      0.6473190      0.6473070      0.6472630      0.6503960      0.6538700      0.6538700      0.6538700      0.6492240      0.6468830      0.6468830      0.6467100      0.6433030      0.6418150      0.6411400      0.6383700      0.6356500      0.6329800      0.6303600      0.6277900      0.6252800      0.6228100      0.6204000      0.6180300      0.6157100    
  0.6518190      0.6518200      0.6518170      0.6503200      0.6473300      0.6473240      0.6473190      0.6515520      0.6534210      0.6538740      0.6538700      0.6538700      0.6538700      0.6538700      0.6493460      0.6470550      0.6470550      0.6467100      0.6435450      0.6424900      0.6396900      0.6369500      0.6342600      0.6316200      0.6290400      0.6265000      0.6240200      0.6215900      0.6192000      0.6168700    
  0.6518200      0.6518190      0.6503220      0.6473300      0.6473270      0.6560230      0.6690700      0.6666950      0.6643200      0.6573640      0.6538820      0.6538700      0.6538700      0.6538700      0.6538700      0.6495780      0.6474010      0.6474000      0.6467100      0.6438400      0.6410200      0.6382600      0.6355500      0.6328900      0.6302900      0.6277400      0.6252400      0.6227900      0.6203900      0.6180400    
  0.6518190      0.6503230      0.6473300      0.6473290      0.6577670      0.6690730      0.6690730      0.6690700      0.6666950      0.6643200      0.6573850      0.6539060      0.6538700      0.6538700      0.6538700      0.6538700      0.6499860      0.6480930      0.6480900      0.6452000      0.6423600      0.6395800      0.6368500      0.6341800      0.6315500      0.6289900      0.6264700      0.6240000      0.6215900      0.6192200    
