iMOD/TUTORIALS/TUT_MetaswapAnalyser/model_MetaSWAP/meteo/Evaporation/Evaporation_20061028_L1.ASC
NCOLS                30
NROWS                30
XLLCORNER     160000.00
YLLCORNER     340000.00
CELLSIZE        1000.00
NODATA_VALUE   -9999.00
  0.3391200      0.3387900      0.3384800      0.3381800      0.3379000      0.3376300      0.3373900      0.3371600      0.3369400      0.3367500      0.3365700      0.3364000      0.3362600      0.3361300      0.3360100      0.3359200      0.3358400      0.3357800      0.3357300      0.3357000      0.3356800      0.3356900      0.3357000      0.3357300      0.3357800      0.3358400      0.3359200      0.3360100      0.3361100      0.3362300    
  0.3396800      0.3393500      0.3390300      0.3387300      0.3384500      0.3381900      0.3379400      0.3377100      0.3374900      0.3372900      0.3371100      0.3369400      0.3368000      0.3366600      0.3365500      0.3364500      0.3363700      0.3363000      0.3362500      0.3362100      0.3362000      0.3361900      0.3362000      0.3362300      0.3362700      0.3363300      0.3364000      0.3364800      0.3365800      0.3366900    
  0.3402500      0.3399100      0.3396000      0.3393000      0.3390200      0.3387500      0.3385000      0.3382700      0.3380500      0.3378500      0.3376600      0.3375000      0.3373500      0.3372100      0.3370900      0.3369900      0.3369000      0.3368300      0.3367800      0.3367400      0.3367200      0.3367100      0.3367100      0.3367400      0.3367700      0.3368200      0.3368900      0.3369700      0.3370600      0.3371600    
  0.3408200      0.3404900      0.3401700      0.3398700      0.3395900      0.3393200      0.3390700      0.3388400      0.3386200      0.3384100      0.3382300      0.3380600      0.3379000      0.3377700      0.3376400      0.3375400      0.3374500      0.3373800      0.3373200      0.3372700      0.3372500      0.3372300      0.3372300      0.3372500      0.3372800      0.3373300      0.3373800      0.3374600      0.3375400      0.3376400    
  0.3414100      0.3410700      0.3407600      0.3404600      0.3401700      0.3399000      0.3396500      0.3394100      0.3391900      0.3389900      0.3388000      0.3386300      0.3384700      0.3383300      0.3382100      0.3381000      0.3380000      0.3379300      0.3378600      0.3378200      0.3377800      0.3377700      0.3377600      0.3377700      0.3378000      0.3378400      0.3378900      0.3379600      0.3380400      0.3381300    
  0.3420000      0.3416700      0.3413500      0.3410500      0.3407600      0.3404900      0.3402400      0.3400000      0.3397800      0.3395700      0.3393800      0.3392100      0.3390500      0.3389000      0.3387800      0.3386600      0.3385700      0.3384900      0.3384200      0.3383700      0.3383300      0.3383100      0.3383000      0.3383100      0.3383300      0.3383600      0.3384100      0.3384700      0.3385400      0.3386200    
  0.3426000      0.3422700      0.3419500      0.3416500      0.3413600      0.3410900      0.3408400      0.3406000      0.3403700      0.3401600      0.3399700      0.3397900      0.3396300      0.3394900      0.3393600      0.3392400      0.3391400      0.3390500      0.3389800      0.3389300      0.3388900      0.3388600      0.3388500      0.3388500      0.3388600      0.3388900      0.3389300      0.3389800      0.3390500      0.3391300    
  0.3432200      0.3428800      0.3425600      0.3422600      0.3419700      0.3417000      0.3414400      0.3412000      0.3409700      0.3407600      0.3405700      0.3403900      0.3402200      0.3400800      0.3399400      0.3398200      0.3397200      0.3396300      0.3395600      0.3394900      0.3394500      0.3394200      0.3394000      0.3393900      0.3394000      0.3394300      0.3394600      0.3395100      0.3395700      0.3396400    
  0.3438400      0.3435000      0.3431800      0.3428800      0.3425900      0.3423100      0.3420500      0.3418100      0.3415800      0.3413700      0.3411700      0.3409900      0.3408200      0.3406700      0.3405400      0.3404100      0.3403100      0.3402100      0.3401300      0.3400700      0.3400200      0.3399800      0.3399600      0.3399500      0.3399500      0.3399700      0.3400000      0.3400400      0.3400900      0.3401600    
  0.3444600      0.3441300      0.3438100      0.3435000      0.3432100      0.3429300      0.3426700      0.3424300      0.3422000      0.3419900      0.3417900      0.3416000      0.3414300      0.3412800      0.3411400      0.3410100      0.3409000      0.3408000      0.3407200      0.3406500      0.3406000      0.3405600      0.3405300      0.3405100      0.3405100      0.3405200      0.3405500      0.3405800      0.3406300      0.3406900    
  0.3444670      0.3441330      0.3438930      0.3441300      0.3438400      0.3435600      0.3433000      0.3430600      0.3428200      0.3426100      0.3424100      0.3422200      0.3420500      0.3418900      0.3417500      0.3416200      0.3415000      0.3414000      0.3413200      0.3412400      0.3411800      0.3411400      0.3411000      0.3410800      0.3410800      0.3410800      0.3411000      0.3411300      0.3411700      0.3412200    
  0.3444720      0.3441560      0.3441300      0.3443930      0.3444800      0.3442000      0.3439400      0.3436900      0.3434500      0.3432400      0.3430300      0.3428400      0.3426700      0.3425100      0.3423600      0.3422300      0.3421100      0.3420100      0.3419200      0.3418400      0.3417800      0.3417200      0.3416900      0.3416600      0.3416500      0.3416500      0.3416600      0.3416800      0.3417200      0.3417700    
  0.3443950      0.3441300      0.3446110      0.3448000      0.3451200      0.3448400      0.3445800      0.3443300      0.3440900      0.3438700      0.3436700      0.3434700      0.3433000      0.3431300      0.3429800      0.3428500      0.3427300      0.3426200      0.3425200      0.3424400      0.3423700      0.3423200      0.3422800      0.3422500      0.3422300      0.3422200      0.3422300      0.3422500      0.3422700      0.3423200    
  0.3441300      0.3447050      0.3449600      0.3451200      0.3451500      0.3454900      0.3452200      0.3449700      0.3447400      0.3445100      0.3443000      0.3441100      0.3439300      0.3437600      0.3436100      0.3434700      0.3433500      0.3432400      0.3431400      0.3430500      0.3429800      0.3429200      0.3428700      0.3428400      0.3428100      0.3428000      0.3428000      0.3428100      0.3428400      0.3428700    
  0.3447490      0.3450400      0.3451200      0.3452530      0.3454900      0.3455300      0.3458800      0.3456200      0.3453900      0.3451600      0.3449500      0.3447500      0.3445700      0.3444000      0.3442500      0.3441000      0.3439800      0.3438600      0.3437600      0.3436700      0.3435900      0.3435300      0.3434700      0.3434300      0.3434000      0.3433900      0.3433800      0.3433900      0.3434100      0.3434300    
  0.3450800      0.3451200      0.3452880      0.3454900      0.3456330      0.3458800      0.3457500      0.3456300      0.3454950      0.3458100      0.3456000      0.3454000      0.3452200      0.3450500      0.3448900      0.3447400      0.3446100      0.3444900      0.3443800      0.3442900      0.3442100      0.3441400      0.3440800      0.3440400      0.3440000      0.3439800      0.3439700      0.3439700      0.3439800      0.3440000    
  0.3451200      0.3452990      0.3454900      0.3456680      0.3458800      0.3458150      0.3457530      0.3456710      0.3458100      0.3457050      0.3459180      0.3460600      0.3458700      0.3456900      0.3455300      0.3453800      0.3452500      0.3451300      0.3450200      0.3449200      0.3448300      0.3447600      0.3447000      0.3446400      0.3446100      0.3445800      0.3445600      0.3445600      0.3445600      0.3445800    
  0.3453030      0.3454900      0.3456790      0.3458800      0.3458470      0.3458160      0.3457620      0.3458100      0.3457570      0.3461090      0.3463900      0.3467200      0.3465200      0.3463500      0.3461800      0.3460300      0.3458900      0.3457700      0.3456500      0.3455500      0.3454600      0.3453800      0.3453100      0.3452600      0.3452100      0.3451800      0.3451600      0.3451500      0.3451500      0.3451600    
  0.3454900      0.3456830      0.3458800      0.3458640      0.3458480      0.3458090      0.3458100      0.3457840      0.3461900      0.3465550      0.3467200      0.3466200      0.3466500      0.3470100      0.3468400      0.3466800      0.3465400      0.3464100      0.3462900      0.3461900      0.3460900      0.3460100      0.3459400      0.3458800      0.3458300      0.3457900      0.3457600      0.3457500      0.3457400      0.3457400    
  0.3456840      0.3458800      0.3458720      0.3458640      0.3458330      0.3458100      0.3457970      0.3462280      0.3466370      0.3467200      0.3466700      0.3467500      0.3470100      0.3469250      0.3468430      0.3466870      0.3465430      0.3464130      0.3466400      0.3468300      0.3467300      0.3466400      0.3465700      0.3465000      0.3464500      0.3464000      0.3463700      0.3463500      0.3463400      0.3463300    
  0.3458800      0.3458760      0.3458720      0.3458450      0.3458100      0.3458030      0.3462470      0.3466790      0.3467200      0.3466950      0.3467880      0.3470100      0.3469670      0.3469260      0.3468180      0.3466910      0.3465480      0.3468460      0.3471550      0.3474800      0.3473700      0.3472800      0.3472000      0.3471300      0.3470700      0.3470200      0.3469800      0.3469600      0.3469400      0.3469300    
  0.3458780      0.3458760      0.3458510      0.3458100      0.3458070      0.3462560      0.3466990      0.3467200      0.3467080      0.3468030      0.3470100      0.3469890      0.3469680      0.3469040      0.3468120      0.3466860      0.3469770      0.3473180      0.3474800      0.3476230      0.3480200      0.3479300      0.3478400      0.3477700      0.3477000      0.3476500      0.3476000      0.3475700      0.3475400      0.3475300    
  0.3458780      0.3458540      0.3458100      0.3458080      0.3462600      0.3467100      0.3467200      0.3467140      0.3468100      0.3470100      0.3469990      0.3469890      0.3469540      0.3468950      0.3468010      0.3474680      0.3473990      0.3474800      0.3483600      0.3486750      0.3486140      0.3485700      0.3484800      0.3484000      0.3483300      0.3482700      0.3482200      0.3481800      0.3481500      0.3481300    
  0.3458550      0.3458100      0.3458090      0.3462630      0.3467150      0.3467200      0.3467170      0.3468130      0.3470100      0.3470050      0.3469990      0.3469810      0.3469460      0.3483970      0.3491770      0.3494660      0.3494650      0.3494440      0.3494420      0.3496600      0.3493300      0.3492200      0.3491300      0.3490500      0.3489700      0.3489100      0.3488500      0.3488100      0.3487700      0.3487400    
  0.3458100      0.3458100      0.3462640      0.3467170      0.3467200      0.3467180      0.3468150      0.3470100      0.3470070      0.3470050      0.3469950      0.3469750      0.3496530      0.3529610      0.3529400      0.3514930      0.3515340      0.3514500      0.3504880      0.3499900      0.3499900      0.3498800      0.3497800      0.3496900      0.3496100      0.3495400      0.3494800      0.3494300      0.3493900      0.3493500    
  0.3458100      0.3462640      0.3467190      0.3467200      0.3467190      0.3468160      0.3470100      0.3470090      0.3470070      0.3470020      0.3502590      0.3551600      0.3537120      0.3529830      0.3529830      0.3529400      0.3520330      0.3516180      0.3514500      0.3508520      0.3506500      0.3505400      0.3504300      0.3503400      0.3502600      0.3501800      0.3501100      0.3500600      0.3500100      0.3499700    
  0.3462650      0.3467190      0.3467200      0.3467200      0.3468160      0.3470100      0.3470090      0.3470090      0.3470060      0.3509180      0.3551600      0.3551600      0.3551600      0.3537430      0.3530250      0.3530250      0.3529400      0.3521250      0.3517850      0.3514500      0.3513200      0.3512000      0.3510900      0.3509900      0.3509000      0.3508200      0.3507500      0.3506900      0.3506400      0.3505900    
  0.3467200      0.3467200      0.3467200      0.3468160      0.3470100      0.3470100      0.3470090      0.3499590      0.3525480      0.3551620      0.3551600      0.3551600      0.3551600      0.3551600      0.3538050      0.3531100      0.3531100      0.3529400      0.3523250      0.3521200      0.3519900      0.3518700      0.3517500      0.3516500      0.3515500      0.3514700      0.3513900      0.3513200      0.3512700      0.3512100    
  0.3467200      0.3467200      0.3468170      0.3470100      0.3470100      0.3520860      0.3597000      0.3592550      0.3588100      0.3563820      0.3551660      0.3551600      0.3551600      0.3551600      0.3551600      0.3539240      0.3532810      0.3532800      0.3529400      0.3527900      0.3526600      0.3525300      0.3524200      0.3523100      0.3522100      0.3521200      0.3520400      0.3519600      0.3519000      0.3518400    
  0.3467200      0.3468170      0.3470100      0.3470100      0.3531020      0.3597010      0.3597010      0.3597000      0.3592550      0.3588100      0.3563920      0.3551770      0.3551600      0.3551600      0.3551600      0.3551600      0.3541460      0.3536230      0.3536200      0.3534700      0.3533300      0.3532000      0.3530800      0.3529700      0.3528700      0.3527700      0.3526800      0.3526000      0.3525300      0.3524700    
