iMOD/TUTORIALS/TUT_MetaswapAnalyser/model_MetaSWAP/meteo/Evaporation/Evaporation_20050826_L1.ASC
NCOLS                30
NROWS                30
XLLCORNER     160000.00
YLLCORNER     340000.00
CELLSIZE        1000.00
NODATA_VALUE   -9999.00
   2.501200       2.496550       2.492070       2.487750       2.483590       2.479570       2.475700       2.471970       2.468380       2.464920       2.461580       2.458380       2.455290       2.452320       2.449460       2.446710       2.444070       2.441530       2.439090       2.436740       2.434490       2.432330       2.430250       2.428260       2.426350       2.424520       2.422770       2.421080       2.419470       2.417930    
   2.505130       2.500510       2.496060       2.491750       2.487600       2.483600       2.479730       2.476010       2.472420       2.468970       2.465640       2.462430       2.459340       2.456370       2.453500       2.450750       2.448100       2.445550       2.443100       2.440740       2.438470       2.436300       2.434200       2.432200       2.430270       2.428420       2.426640       2.424940       2.423300       2.421740    
   2.509110       2.504530       2.500090       2.495810       2.491670       2.487680       2.483830       2.480110       2.476530       2.473080       2.469750       2.466540       2.463450       2.460470       2.457600       2.454840       2.452180       2.449630       2.447160       2.444790       2.442520       2.440320       2.438220       2.436190       2.434240       2.432370       2.430580       2.428850       2.427190       2.425600    
   2.513150       2.508590       2.504180       2.499920       2.495800       2.491820       2.487980       2.484280       2.480700       2.477250       2.473920       2.470710       2.467620       2.464640       2.461770       2.459000       2.456330       2.453760       2.451290       2.448910       2.446620       2.444410       2.442290       2.440240       2.438280       2.436390       2.434570       2.432820       2.431140       2.429520    
   2.517240       2.512710       2.508320       2.504080       2.499980       2.496020       2.492190       2.488490       2.484920       2.481480       2.478150       2.474940       2.471850       2.468860       2.465990       2.463210       2.460540       2.457960       2.455470       2.453080       2.450770       2.448550       2.446410       2.444350       2.442360       2.440450       2.438610       2.436840       2.435140       2.433500    
   2.521360       2.516860       2.512510       2.508290       2.504210       2.500260       2.496440       2.492760       2.489190       2.485750       2.482430       2.479220       2.476130       2.473140       2.470260       2.467480       2.464800       2.462210       2.459710       2.457300       2.454980       2.452750       2.450590       2.448510       2.446510       2.444570       2.442710       2.440920       2.439190       2.437520    
   2.525530       2.521060       2.516730       2.512540       2.508480       2.504550       2.500740       2.497070       2.493510       2.490080       2.486760       2.483550       2.480460       2.477470       2.474580       2.471790       2.469100       2.466510       2.464000       2.461580       2.459250       2.456990       2.454820       2.452720       2.450700       2.448740       2.446860       2.445040       2.443290       2.441600    
   2.529740       2.525300       2.521000       2.516830       2.512790       2.508870       2.505090       2.501420       2.497880       2.494450       2.491130       2.487930       2.484830       2.481840       2.478950       2.476160       2.473460       2.470860       2.468340       2.465910       2.463560       2.461290       2.459100       2.456980       2.454940       2.452960       2.451060       2.449220       2.447440       2.445720    
   2.533980       2.529580       2.525300       2.521160       2.517140       2.513240       2.509470       2.505820       2.502280       2.498860       2.495550       2.492350       2.489260       2.486260       2.483370       2.480570       2.477860       2.475250       2.472720       2.470280       2.467910       2.465630       2.463420       2.461290       2.459220       2.457230       2.455300       2.453440       2.451630       2.449890    
   2.538250       2.533880       2.529640       2.525520       2.521520       2.517640       2.513890       2.510250       2.506720       2.503310       2.500010       2.496810       2.493720       2.490720       2.487820       2.485020       2.482310       2.479680       2.477150       2.474690       2.472310       2.470010       2.467790       2.465640       2.463550       2.461540       2.459590       2.457700       2.455870       2.454100    
   2.538290       2.533920       2.529740       2.529910       2.525940       2.522080       2.518340       2.514720       2.511200       2.507800       2.504500       2.501310       2.498220       2.495220       2.492320       2.489510       2.486790       2.484160       2.481610       2.479140       2.476750       2.474440       2.472200       2.470030       2.467920       2.465890       2.463910       2.462000       2.460150       2.458350    
   2.538340       2.532970       2.529910       2.530270       2.530380       2.526550       2.522820       2.519210       2.515710       2.512320       2.509030       2.505840       2.502750       2.499750       2.496850       2.494040       2.491320       2.488680       2.486120       2.483640       2.481230       2.478910       2.476650       2.474460       2.472330       2.470280       2.468280       2.466340       2.464470       2.462640    
   2.536010       2.529910       2.531910       2.532610       2.534850       2.531040       2.527340       2.523740       2.520250       2.516870       2.513590       2.510400       2.507320       2.504320       2.501420       2.498600       2.495870       2.493230       2.490660       2.488170       2.485750       2.483410       2.481130       2.478920       2.476780       2.474700       2.472680       2.470720       2.468820       2.466970    
   2.529910       2.532600       2.533730       2.534850       2.533820       2.535560       2.531870       2.528300       2.524820       2.521450       2.518170       2.515000       2.511910       2.508920       2.506020       2.503200       2.500460       2.497810       2.495230       2.492730       2.490300       2.487940       2.485650       2.483430       2.481260       2.479160       2.477120       2.475140       2.473210       2.471330    
   2.532910       2.534290       2.534850       2.534740       2.535560       2.534620       2.536430       2.532870       2.529410       2.526050       2.522790       2.519620       2.516540       2.513550       2.510640       2.507820       2.505080       2.502420       2.499840       2.497320       2.494880       2.492510       2.490200       2.487960       2.485780       2.483660       2.481590       2.479580       2.477630       2.475730    
   2.534570       2.534850       2.535050       2.535560       2.535540       2.536430       2.534650       2.532900       2.529750       2.530680       2.527420       2.524260       2.521190       2.518200       2.515300       2.512470       2.509730       2.507060       2.504470       2.501950       2.499490       2.497110       2.494780       2.492520       2.490320       2.488180       2.486090       2.484060       2.482080       2.480150    
   2.534850       2.535150       2.535560       2.535840       2.536430       2.535540       2.534660       2.532000       2.530680       2.529050       2.528980       2.528930       2.525860       2.522870       2.519970       2.517150       2.514400       2.511730       2.509130       2.506600       2.504130       2.501730       2.499390       2.497110       2.494890       2.492730       2.490620       2.488570       2.486560       2.484610    
   2.535190       2.535560       2.535940       2.536430       2.535980       2.535540       2.533220       2.530680       2.529860       2.530720       2.531270       2.533610       2.530550       2.527570       2.524670       2.521850       2.519100       2.516420       2.513810       2.511270       2.508790       2.506380       2.504030       2.501730       2.499490       2.497310       2.495180       2.493100       2.491070       2.489090    
   2.535560       2.535980       2.536430       2.536210       2.535990       2.533860       2.530680       2.530270       2.531460       2.532440       2.533610       2.532080       2.531000       2.532280       2.529390       2.526560       2.523810       2.521130       2.518510       2.515960       2.513480       2.511050       2.508680       2.506370       2.504110       2.501910       2.499750       2.497650       2.495600       2.493590    
   2.535990       2.536430       2.536320       2.536210       2.534180       2.530680       2.530480       2.531810       2.533030       2.533610       2.532850       2.532240       2.532280       2.530840       2.529410       2.526590       2.523830       2.521150       2.520340       2.520680       2.518180       2.515740       2.513360       2.511030       2.508760       2.506530       2.504360       2.502230       2.500150       2.498110    
   2.536430       2.536370       2.536320       2.534350       2.530680       2.530580       2.531980       2.533320       2.533610       2.533230       2.532740       2.532280       2.531560       2.530840       2.528940       2.526610       2.523860       2.522760       2.523050       2.525410       2.522900       2.520450       2.518060       2.515710       2.513420       2.511170       2.508980       2.506820       2.504720       2.502660    
   2.536400       2.536370       2.534430       2.530680       2.530630       2.532060       2.533460       2.533610       2.533420       2.532970       2.532280       2.531920       2.531560       2.530450       2.528800       2.526470       2.524570       2.524230       2.525410       2.525320       2.527640       2.525180       2.522770       2.520410       2.518100       2.515830       2.513610       2.511440       2.509310       2.507220    
   2.536400       2.534470       2.530680       2.530650       2.532100       2.533540       2.533610       2.533510       2.533070       2.532280       2.532100       2.531920       2.531310       2.530270       2.528570       2.528880       2.524820       2.525410       2.530670       2.532400       2.530910       2.529920       2.527500       2.525120       2.522790       2.520500       2.518260       2.516070       2.513910       2.511800    
   2.534490       2.530680       2.530670       2.532120       2.533570       2.533610       2.533560       2.533120       2.532280       2.532190       2.532100       2.531780       2.531170       2.539100       2.541420       2.539730       2.539730       2.538820       2.537960       2.539550       2.537160       2.534670       2.532230       2.529840       2.527500       2.525190       2.522930       2.520710       2.518530       2.516390    
   2.530680       2.530670       2.532130       2.533590       2.533610       2.533590       2.533140       2.532280       2.532230       2.532190       2.532020       2.531680       2.546990       2.566390       2.566240       2.554840       2.554650       2.554050       2.546020       2.541930       2.541930       2.539430       2.536980       2.534580       2.532210       2.529890       2.527600       2.525360       2.523150       2.520990    
   2.530680       2.532140       2.533600       2.533610       2.533600       2.533150       2.532280       2.532260       2.532230       2.532150       2.552480       2.583250       2.572130       2.566540       2.566540       2.566240       2.558720       2.555250       2.554050       2.548540       2.546710       2.544200       2.541740       2.539320       2.536940       2.534590       2.532290       2.530020       2.527790       2.525600    
   2.532140       2.533610       2.533610       2.533600       2.533160       2.532280       2.532270       2.532260       2.532210       2.556670       2.583250       2.583250       2.583250       2.572350       2.566840       2.566840       2.566240       2.559360       2.556450       2.554050       2.551490       2.548980       2.546500       2.544070       2.541670       2.539300       2.536980       2.534690       2.532430       2.530210    
   2.533610       2.533610       2.533610       2.533160       2.532280       2.532270       2.532270       2.551580       2.567670       2.583260       2.583250       2.583250       2.583250       2.583250       2.572790       2.567440       2.567440       2.566240       2.560690       2.558840       2.556280       2.553750       2.551270       2.548820       2.546400       2.544020       2.541670       2.539360       2.537080       2.534830    
   2.533610       2.533610       2.533170       2.532280       2.532280       2.566120       2.616890       2.613230       2.609570       2.592060       2.583290       2.583250       2.583250       2.583250       2.583250       2.573620       2.568640       2.568640       2.566240       2.563630       2.561070       2.558530       2.556030       2.553570       2.551140       2.548740       2.546370       2.544030       2.541720       2.539450    
   2.533610       2.533170       2.532280       2.532280       2.572900       2.616900       2.616900       2.616890       2.613230       2.609570       2.592130       2.583370       2.583250       2.583250       2.583250       2.583250       2.575150       2.571030       2.571040       2.568420       2.565850       2.563310       2.560800       2.558320       2.555870       2.553450       2.551060       2.548700       2.546370       2.544070    
