iMOD/TUTORIALS/TUT_MetaswapAnalyser/model_MetaSWAP/meteo/Evaporation/Evaporation_20051110_L1.ASC
NCOLS                30
NROWS                30
XLLCORNER     160000.00
YLLCORNER     340000.00
CELLSIZE        1000.00
NODATA_VALUE   -9999.00
  0.6856400      0.6871500      0.6886700      0.6901700      0.6916700      0.6931600      0.6946500      0.6961200      0.6976000      0.6990600      0.7005200      0.7019700      0.7034100      0.7048500      0.7062700      0.7076900      0.7091100      0.7105100      0.7119100      0.7133000      0.7146800      0.7160500      0.7174200      0.7187800      0.7201300      0.7214800      0.7228100      0.7241400      0.7254700      0.7267800    
  0.6873100      0.6888300      0.6903300      0.6918400      0.6933300      0.6948200      0.6963000      0.6977800      0.6992500      0.7007100      0.7021600      0.7036100      0.7050500      0.7064900      0.7079100      0.7093300      0.7107400      0.7121500      0.7135500      0.7149300      0.7163200      0.7176900      0.7190600      0.7204200      0.7217700      0.7231200      0.7244500      0.7257900      0.7271100      0.7284300    
  0.6889800      0.6904900      0.6920000      0.6935000      0.6949900      0.6964700      0.6979500      0.6994300      0.7008900      0.7023500      0.7038100      0.7052500      0.7066900      0.7081200      0.7095500      0.7109700      0.7123800      0.7137800      0.7151800      0.7165700      0.7179500      0.7193200      0.7206900      0.7220500      0.7234100      0.7247500      0.7260900      0.7274300      0.7287500      0.7300700    
  0.6906400      0.6921500      0.6936500      0.6951500      0.6966400      0.6981200      0.6996000      0.7010700      0.7025400      0.7039900      0.7054400      0.7068900      0.7083300      0.7097600      0.7111800      0.7126000      0.7140100      0.7154100      0.7168100      0.7181900      0.7195800      0.7209500      0.7223200      0.7236800      0.7250400      0.7263800      0.7277300      0.7290600      0.7303900      0.7317100    
  0.6923000      0.6938100      0.6953100      0.6968000      0.6982900      0.6997700      0.7012400      0.7027100      0.7041700      0.7056300      0.7070800      0.7085200      0.7099600      0.7113800      0.7128100      0.7142200      0.7156300      0.7170300      0.7184300      0.7198200      0.7212000      0.7225800      0.7239500      0.7253100      0.7266600      0.7280100      0.7293600      0.7306900      0.7320200      0.7333500    
  0.6939600      0.6954600      0.6969600      0.6984500      0.6999300      0.7014100      0.7028800      0.7043500      0.7058100      0.7072600      0.7087100      0.7101500      0.7115800      0.7130100      0.7144300      0.7158500      0.7172500      0.7186600      0.7200500      0.7214400      0.7228200      0.7242000      0.7255700      0.7269300      0.7282900      0.7296400      0.7309800      0.7323200      0.7336600      0.7349800    
  0.6956100      0.6971100      0.6986000      0.7000900      0.7015700      0.7030500      0.7045100      0.7059800      0.7074400      0.7088900      0.7103300      0.7117700      0.7132000      0.7146300      0.7160500      0.7174600      0.7188700      0.7202700      0.7216700      0.7230600      0.7244400      0.7258200      0.7271900      0.7285500      0.7299100      0.7312600      0.7326100      0.7339500      0.7352800      0.7366100    
  0.6972500      0.6987500      0.7002400      0.7017300      0.7032000      0.7046800      0.7061400      0.7076100      0.7090600      0.7105100      0.7119500      0.7133900      0.7148200      0.7162500      0.7176700      0.7190800      0.7204900      0.7218900      0.7232800      0.7246700      0.7260500      0.7274300      0.7288000      0.7301700      0.7315300      0.7328800      0.7342300      0.7355700      0.7369100      0.7382400    
  0.6988900      0.7003900      0.7018800      0.7033600      0.7048400      0.7063100      0.7077700      0.7092300      0.7106800      0.7121300      0.7135700      0.7150100      0.7164400      0.7178600      0.7192800      0.7206900      0.7221000      0.7235000      0.7248900      0.7262800      0.7276700      0.7290400      0.7304100      0.7317800      0.7331400      0.7345000      0.7358500      0.7371900      0.7385300      0.7398600    
  0.7005300      0.7020200      0.7035100      0.7049900      0.7064600      0.7079300      0.7093900      0.7108500      0.7123000      0.7137500      0.7151900      0.7166200      0.7180500      0.7194700      0.7208900      0.7223000      0.7237100      0.7251100      0.7265000      0.7278900      0.7292700      0.7306500      0.7320200      0.7333900      0.7347500      0.7361100      0.7374600      0.7388100      0.7401500      0.7414800    
  0.7005270      0.7020200      0.7042830      0.7066100      0.7080900      0.7095500      0.7110100      0.7124700      0.7139200      0.7153600      0.7168000      0.7182300      0.7196600      0.7210800      0.7225000      0.7239100      0.7253100      0.7267100      0.7281100      0.7295000      0.7308800      0.7322600      0.7336300      0.7350000      0.7363600      0.7377200      0.7390700      0.7404200      0.7417600      0.7431000    
  0.7005260      0.7033600      0.7066100      0.7089330      0.7097100      0.7111700      0.7126300      0.7140800      0.7155300      0.7169700      0.7184100      0.7198400      0.7212700      0.7226900      0.7241000      0.7255100      0.7269200      0.7283200      0.7297100      0.7311000      0.7324800      0.7338600      0.7352400      0.7366100      0.7379700      0.7393300      0.7406800      0.7420300      0.7433800      0.7447200    
  0.7023810      0.7066100      0.7093440      0.7105150      0.7113200      0.7127900      0.7142400      0.7157000      0.7171400      0.7185800      0.7200200      0.7214500      0.7228700      0.7242900      0.7257000      0.7271100      0.7285200      0.7299200      0.7313100      0.7327000      0.7340800      0.7354600      0.7368400      0.7382100      0.7395700      0.7409400      0.7422900      0.7436400      0.7449900      0.7463300    
  0.7066100      0.7095480      0.7109170      0.7113200      0.7128370      0.7144000      0.7158500      0.7173000      0.7187500      0.7201900      0.7216200      0.7230500      0.7244700      0.7258900      0.7273000      0.7287100      0.7301200      0.7315200      0.7329100      0.7343000      0.7356800      0.7370600      0.7384400      0.7398100      0.7411800      0.7425400      0.7439000      0.7452500      0.7466000      0.7479400    
  0.7096490      0.7111190      0.7113200      0.7128520      0.7144000      0.7159030      0.7174600      0.7189100      0.7203500      0.7217900      0.7232200      0.7246500      0.7260700      0.7274900      0.7289000      0.7303100      0.7317100      0.7331100      0.7345000      0.7358900      0.7372800      0.7386600      0.7400400      0.7414100      0.7427800      0.7441400      0.7455000      0.7468600      0.7482100      0.7495500    
  0.7112190      0.7113200      0.7128570      0.7144000      0.7159210      0.7174600      0.7181850      0.7189070      0.7211100      0.7233900      0.7248200      0.7262500      0.7276700      0.7290800      0.7305000      0.7319000      0.7333100      0.7347000      0.7361000      0.7374900      0.7388700      0.7402600      0.7416300      0.7430100      0.7443800      0.7457400      0.7471000      0.7484600      0.7498100      0.7511600    
  0.7113200      0.7128590      0.7144000      0.7159270      0.7174600      0.7178220      0.7181840      0.7203980      0.7233900      0.7241050      0.7263480      0.7278400      0.7292600      0.7306800      0.7320900      0.7335000      0.7349000      0.7363000      0.7376900      0.7390800      0.7404700      0.7418500      0.7432300      0.7446000      0.7459700      0.7473400      0.7487000      0.7500600      0.7514200      0.7527700    
  0.7128600      0.7144000      0.7159290      0.7174600      0.7176410      0.7178220      0.7199490      0.7233900      0.7237470      0.7263850      0.7286400      0.7294400      0.7308600      0.7322700      0.7336800      0.7350900      0.7364900      0.7378900      0.7392800      0.7406700      0.7420600      0.7434400      0.7448200      0.7462000      0.7475700      0.7489400      0.7503000      0.7516600      0.7530200      0.7543700    
  0.7144000      0.7159300      0.7174600      0.7175510      0.7176410      0.7197000      0.7233900      0.7235690      0.7264000      0.7290400      0.7294400      0.7301500      0.7316070      0.7338600      0.7352700      0.7366800      0.7380800      0.7394800      0.7408700      0.7422600      0.7436500      0.7450300      0.7464100      0.7477900      0.7491600      0.7505300      0.7519000      0.7532600      0.7546200      0.7559800    
  0.7159300      0.7174600      0.7175050      0.7175510      0.7195710      0.7233900      0.7234790      0.7264080      0.7292400      0.7294400      0.7297950      0.7312640      0.7338600      0.7345650      0.7352700      0.7366770      0.7380800      0.7394770      0.7423780      0.7438500      0.7452400      0.7466200      0.7480000      0.7493800      0.7507500      0.7521300      0.7534900      0.7548600      0.7562200      0.7575800    
  0.7174600      0.7174830      0.7175050      0.7195040      0.7233900      0.7234350      0.7264110      0.7293400      0.7294400      0.7296170      0.7310900      0.7338600      0.7342130      0.7345650      0.7355040      0.7366760      0.7380780      0.7420010      0.7446400      0.7454300      0.7468200      0.7482100      0.7495900      0.7509700      0.7523400      0.7537200      0.7550900      0.7564600      0.7578200      0.7591800    
  0.7174710      0.7174830      0.7194710      0.7233900      0.7234120      0.7264130      0.7293900      0.7294400      0.7295290      0.7310020      0.7338600      0.7340360      0.7342130      0.7347600      0.7355820      0.7367520      0.7414440      0.7450350      0.7454300      0.7468870      0.7484100      0.7497900      0.7511800      0.7525600      0.7539400      0.7553100      0.7566800      0.7580500      0.7594200      0.7607800    
  0.7174710      0.7194540      0.7233900      0.7234010      0.7264140      0.7294150      0.7294400      0.7294840      0.7309580      0.7338600      0.7339480      0.7340360      0.7343360      0.7348510      0.7356980      0.7418390      0.7452320      0.7454300      0.7486700      0.7499950      0.7508260      0.7513800      0.7527600      0.7541500      0.7555300      0.7569000      0.7582800      0.7596500      0.7610200      0.7623800    
  0.7194450      0.7233900      0.7233960      0.7264150      0.7294270      0.7294400      0.7294620      0.7309350      0.7338600      0.7339040      0.7339480      0.7341070      0.7344080      0.7403990      0.7456210      0.7501850      0.7501850      0.7509400      0.7518430      0.7523700      0.7515800      0.7529700      0.7543500      0.7557300      0.7571100      0.7584900      0.7598700      0.7612400      0.7626100      0.7639800    
  0.7233900      0.7233930      0.7264150      0.7294340      0.7294400      0.7294510      0.7309240      0.7338600      0.7338820      0.7339040      0.7339860      0.7341540      0.7444970      0.7567600      0.7567100      0.7544440      0.7551370      0.7549400      0.7538170      0.7531630      0.7531600      0.7545500      0.7559400      0.7573200      0.7587000      0.7600800      0.7614600      0.7628400      0.7642100      0.7655800    
  0.7233910      0.7264150      0.7294370      0.7294400      0.7294460      0.7309190      0.7338600      0.7338710      0.7338820      0.7339240      0.7444370      0.7600700      0.7579040      0.7568090      0.7568090      0.7567100      0.7557430      0.7553350      0.7549400      0.7547950      0.7547500      0.7561400      0.7575200      0.7589100      0.7602900      0.7616700      0.7630500      0.7644300      0.7658100      0.7671800    
  0.7264150      0.7294380      0.7294400      0.7294430      0.7309160      0.7338600      0.7338650      0.7338710      0.7338920      0.7464770      0.7600700      0.7600700      0.7600700      0.7579780      0.7569090      0.7569090      0.7567100      0.7559870      0.7557300      0.7549400      0.7563300      0.7577200      0.7591100      0.7605000      0.7618800      0.7632600      0.7646500      0.7660300      0.7674100      0.7687800    
  0.7294390      0.7294400      0.7294410      0.7309150      0.7338600      0.7338630      0.7338650      0.7420650      0.7505350      0.7600740      0.7600700      0.7600700      0.7600700      0.7600700      0.7581230      0.7571070      0.7571070      0.7567100      0.7565700      0.7565200      0.7579100      0.7593100      0.7606900      0.7620800      0.7634700      0.7648600      0.7662400      0.7676200      0.7690000      0.7703800    
  0.7294400      0.7294410      0.7309140      0.7338600      0.7338610      0.7470540      0.7668400      0.7667350      0.7666300      0.7622690      0.7600830      0.7600700      0.7600700      0.7600700      0.7600700      0.7584080      0.7575040      0.7575050      0.7567100      0.7581100      0.7595000      0.7608900      0.7622800      0.7636700      0.7650600      0.7664500      0.7678300      0.7692200      0.7706000      0.7719900    
  0.7294400      0.7309140      0.7338600      0.7338610      0.7496940      0.7668430      0.7668430      0.7668400      0.7667350      0.7666300      0.7622910      0.7601090      0.7600700      0.7600700      0.7600700      0.7600700      0.7589500      0.7582970      0.7583000      0.7596900      0.7610800      0.7624800      0.7638700      0.7652600      0.7666500      0.7680400      0.7694300      0.7708200      0.7722000      0.7735900    
