iMOD/TUTORIALS/TUT_MetaswapAnalyser/model_MetaSWAP/meteo/Evaporation/Evaporation_20060523_L1.ASC
NCOLS                30
NROWS                30
XLLCORNER     160000.00
YLLCORNER     340000.00
CELLSIZE        1000.00
NODATA_VALUE   -9999.00
   1.922110       1.916980       1.912060       1.907340       1.902820       1.898480       1.894320       1.890330       1.886510       1.882830       1.879300       1.875900       1.872640       1.869490       1.866460       1.863540       1.860720       1.857990       1.855350       1.852800       1.850330       1.847930       1.845590       1.843330       1.841120       1.838960       1.836860       1.834800       1.832790       1.830820    
   1.925220       1.920050       1.915080       1.910320       1.905750       1.901360       1.897150       1.893110       1.889220       1.885490       1.881900       1.878450       1.875130       1.871930       1.868840       1.865860       1.862980       1.860200       1.857510       1.854900       1.852370       1.849920       1.847530       1.845210       1.842950       1.840740       1.838590       1.836480       1.834420       1.832400    
   1.928420       1.923210       1.918210       1.913400       1.908780       1.904350       1.900080       1.895990       1.892050       1.888260       1.884620       1.881110       1.877730       1.874470       1.871330       1.868290       1.865360       1.862520       1.859770       1.857110       1.854530       1.852020       1.849580       1.847200       1.844890       1.842630       1.840420       1.838260       1.836140       1.834070    
   1.931710       1.926470       1.921430       1.916580       1.911920       1.907430       1.903120       1.898970       1.894980       1.891140       1.887440       1.883870       1.880440       1.877120       1.873920       1.870830       1.867840       1.864940       1.862140       1.859420       1.856780       1.854220       1.851720       1.849290       1.846920       1.844610       1.842350       1.840130       1.837970       1.835840    
   1.935090       1.929820       1.924740       1.919850       1.915140       1.910610       1.906250       1.902050       1.898010       1.894110       1.890360       1.886740       1.883250       1.879880       1.876620       1.873470       1.870420       1.867470       1.864610       1.861830       1.859140       1.856520       1.853970       1.851480       1.849050       1.846690       1.844370       1.842100       1.839880       1.837700    
   1.938550       1.933250       1.928140       1.923210       1.918460       1.913880       1.909480       1.905230       1.901130       1.897190       1.893380       1.889700       1.886160       1.882730       1.879410       1.876210       1.873100       1.870100       1.867180       1.864350       1.861590       1.858910       1.856310       1.853760       1.851280       1.848860       1.846490       1.844170       1.841890       1.839660    
   1.942100       1.936760       1.931620       1.926650       1.921860       1.917240       1.912790       1.908490       1.904350       1.900350       1.896490       1.892760       1.889160       1.885670       1.882300       1.879040       1.875880       1.872820       1.869840       1.866950       1.864140       1.861410       1.858740       1.856140       1.853610       1.851120       1.848700       1.846320       1.843990       1.841700    
   1.945720       1.940360       1.935180       1.930170       1.925340       1.920680       1.916180       1.911840       1.907650       1.903600       1.899680       1.895900       1.892250       1.888710       1.885280       1.881970       1.878750       1.875630       1.872590       1.869650       1.866780       1.863990       1.861270       1.858610       1.856020       1.853480       1.851000       1.848560       1.846170       1.843830    
   1.949410       1.944020       1.938810       1.933770       1.928900       1.924200       1.919660       1.915270       1.911030       1.906930       1.902970       1.899130       1.895420       1.891830       1.888350       1.884980       1.881700       1.878520       1.875440       1.872430       1.869510       1.866660       1.863880       1.861170       1.858510       1.855920       1.853380       1.850890       1.848440       1.846040    
   1.953170       1.947750       1.942510       1.937440       1.932540       1.927790       1.923210       1.918780       1.914490       1.910340       1.906330       1.902440       1.898680       1.895030       1.891500       1.888070       1.884740       1.881510       1.878360       1.875300       1.872320       1.869410       1.866580       1.863810       1.861100       1.858440       1.855850       1.853300       1.850800       1.848340    
   1.953230       1.947810       1.942220       1.941180       1.936240       1.931460       1.926830       1.922350       1.918020       1.913830       1.909770       1.905830       1.902020       1.898320       1.894730       1.891250       1.887860       1.884570       1.881370       1.878250       1.875210       1.872250       1.869360       1.866530       1.863760       1.861050       1.858390       1.855790       1.853230       1.850710    
   1.953290       1.946110       1.941180       1.940310       1.940000       1.935190       1.930520       1.926000       1.921630       1.917390       1.913280       1.909290       1.905430       1.901680       1.898040       1.894500       1.891060       1.887710       1.884460       1.881280       1.878190       1.875170       1.872210       1.869330       1.866500       1.863730       1.861020       1.858360       1.855740       1.853160    
   1.949860       1.941180       1.941810       1.941920       1.943830       1.938980       1.934280       1.929720       1.925300       1.921010       1.916850       1.912820       1.908910       1.905110       1.901410       1.897820       1.894330       1.890930       1.887620       1.884390       1.881240       1.878160       1.875150       1.872200       1.869320       1.866490       1.863720       1.861000       1.858320       1.855690    
   1.941180       1.942420       1.942870       1.943830       1.941880       1.942830       1.938090       1.933490       1.929030       1.924700       1.920500       1.916420       1.912460       1.908610       1.904860       1.901220       1.897670       1.894220       1.890850       1.887570       1.884360       1.881220       1.878160       1.875150       1.872210       1.869330       1.866500       1.863720       1.860980       1.858290    
   1.942700       1.943350       1.943830       1.942850       1.942830       1.940960       1.941960       1.937330       1.932830       1.928450       1.924210       1.920080       1.916070       1.912170       1.908380       1.904680       1.901080       1.897580       1.894150       1.890810       1.887550       1.884360       1.881230       1.878170       1.875170       1.872230       1.869340       1.866500       1.863710       1.860960    
   1.943590       1.943830       1.943170       1.942830       1.941920       1.941960       1.939650       1.937370       1.932720       1.932260       1.927970       1.923800       1.919750       1.915800       1.911950       1.908210       1.904560       1.901000       1.897520       1.894130       1.890810       1.887560       1.884380       1.881260       1.878200       1.875200       1.872250       1.869360       1.866500       1.863690    
   1.943830       1.943280       1.942830       1.942240       1.941960       1.940800       1.939660       1.935500       1.932260       1.930110       1.928610       1.927580       1.923480       1.919480       1.915590       1.911800       1.908100       1.904480       1.900950       1.897500       1.894130       1.890820       1.887590       1.884410       1.881300       1.878240       1.875230       1.872280       1.869360       1.866500    
   1.943310       1.942830       1.942340       1.941960       1.941380       1.940810       1.937060       1.932260       1.931190       1.930380       1.929500       1.931420       1.927270       1.923230       1.919290       1.915440       1.911690       1.908030       1.904440       1.900940       1.897510       1.894150       1.890860       1.887630       1.884460       1.881340       1.878270       1.875260       1.872290       1.869360    
   1.942830       1.942380       1.941960       1.941670       1.941380       1.937880       1.932260       1.931720       1.931140       1.930460       1.931420       1.929350       1.927240       1.927020       1.923040       1.919140       1.915340       1.911630       1.907990       1.904440       1.900950       1.897540       1.894190       1.890900       1.887670       1.884500       1.881370       1.878300       1.875270       1.872280    
   1.942390       1.941960       1.941820       1.941670       1.938300       1.932260       1.931990       1.931500       1.930940       1.931420       1.930380       1.928760       1.927020       1.925030       1.923070       1.919170       1.915370       1.911650       1.908730       1.907990       1.904450       1.900980       1.897580       1.894230       1.890950       1.887710       1.884530       1.881400       1.878310       1.875260    
   1.941960       1.941890       1.941820       1.938510       1.932260       1.932130       1.931670       1.931180       1.931420       1.930900       1.929390       1.927020       1.926020       1.925040       1.922420       1.919200       1.915400       1.911430       1.909790       1.911590       1.908000       1.904480       1.901020       1.897620       1.894280       1.890990       1.887750       1.884550       1.881400       1.878300    
   1.941920       1.941890       1.938620       1.932260       1.932190       1.931760       1.931300       1.931420       1.931160       1.929680       1.927020       1.926520       1.926030       1.924500       1.922220       1.919010       1.913660       1.910690       1.911590       1.910400       1.911600       1.908030       1.904510       1.901060       1.897660       1.894310       1.891010       1.887760       1.884550       1.881390    
   1.941920       1.938670       1.932260       1.932230       1.931800       1.931360       1.931420       1.931290       1.929820       1.927020       1.926770       1.926520       1.925680       1.924250       1.921910       1.917780       1.911140       1.911590       1.914520       1.915270       1.913090       1.911620       1.908050       1.904540       1.901090       1.897680       1.894330       1.891020       1.887750       1.884520    
   1.938700       1.932260       1.932240       1.931820       1.931390       1.931420       1.931360       1.929890       1.927020       1.926900       1.926770       1.926330       1.925480       1.929470       1.928070       1.922890       1.922870       1.921270       1.919590       1.920810       1.918940       1.915260       1.911640       1.908080       1.904560       1.901100       1.897690       1.894320       1.890990       1.887710    
   1.932260       1.932250       1.931830       1.931410       1.931420       1.931390       1.929920       1.927020       1.926960       1.926900       1.926660       1.926190       1.934740       1.946150       1.946030       1.935540       1.934650       1.934160       1.926510       1.922690       1.922680       1.918950       1.915270       1.911650       1.908090       1.904570       1.901100       1.897670       1.894280       1.890940    
   1.932260       1.931830       1.931410       1.931420       1.931400       1.929940       1.927020       1.926990       1.926960       1.926840       1.940880       1.962330       1.951650       1.946280       1.946280       1.946030       1.938600       1.935130       1.934160       1.928390       1.926450       1.922670       1.918940       1.915270       1.911650       1.908070       1.904550       1.901060       1.897620       1.894210    
   1.931840       1.931420       1.931420       1.931410       1.929950       1.927020       1.927000       1.926990       1.926930       1.943870       1.962330       1.962330       1.962330       1.951830       1.946530       1.946530       1.946030       1.939090       1.936110       1.934160       1.930270       1.926430       1.922650       1.918930       1.915250       1.911620       1.908030       1.904490       1.900990       1.897520    
   1.931420       1.931420       1.931420       1.929950       1.927020       1.927010       1.927000       1.942100       1.953050       1.962340       1.962330       1.962330       1.962330       1.962330       1.952190       1.947030       1.947030       1.946030       1.940060       1.938050       1.934110       1.930230       1.926400       1.922620       1.918890       1.915200       1.911560       1.907960       1.904400       1.900870    
   1.931420       1.931420       1.929950       1.927020       1.927020       1.954690       1.996200       1.991830       1.987460       1.970740       1.962360       1.962330       1.962330       1.962330       1.962330       1.952880       1.948030       1.948020       1.946030       1.941980       1.937990       1.934060       1.930180       1.926340       1.922560       1.918820       1.915120       1.911460       1.907840       1.904260    
   1.931420       1.929950       1.927020       1.927020       1.960230       1.996210       1.996210       1.996200       1.991830       1.987460       1.970800       1.962430       1.962330       1.962330       1.962330       1.962330       1.954130       1.950030       1.950020       1.945930       1.941900       1.937920       1.933990       1.930100       1.926260       1.922470       1.918710       1.914990       1.911320       1.907670    
