iMOD/TUTORIALS/TUT_MetaswapAnalyser/model_MetaSWAP/meteo/Evaporation/Evaporation_20060302_L1.ASC
NCOLS                30
NROWS                30
XLLCORNER     160000.00
YLLCORNER     340000.00
CELLSIZE        1000.00
NODATA_VALUE   -9999.00
   1.112540       1.112620       1.112710       1.112820       1.112950       1.113090       1.113250       1.113420       1.113610       1.113810       1.114020       1.114250       1.114500       1.114760       1.115030       1.115310       1.115610       1.115920       1.116240       1.116580       1.116920       1.117280       1.117660       1.118040       1.118440       1.118860       1.119280       1.119720       1.120170       1.120640    
   1.114430       1.114500       1.114590       1.114690       1.114810       1.114940       1.115090       1.115260       1.115440       1.115640       1.115850       1.116070       1.116310       1.116560       1.116830       1.117100       1.117400       1.117700       1.118020       1.118350       1.118690       1.119050       1.119420       1.119800       1.120190       1.120600       1.121020       1.121460       1.121900       1.122360    
   1.116330       1.116390       1.116470       1.116560       1.116680       1.116800       1.116950       1.117110       1.117280       1.117470       1.117670       1.117890       1.118120       1.118370       1.118630       1.118900       1.119190       1.119490       1.119800       1.120120       1.120460       1.120810       1.121180       1.121550       1.121940       1.122350       1.122760       1.123190       1.123640       1.124090    
   1.118240       1.118290       1.118360       1.118440       1.118550       1.118670       1.118810       1.118960       1.119120       1.119310       1.119500       1.119720       1.119940       1.120180       1.120430       1.120700       1.120980       1.121280       1.121580       1.121900       1.122240       1.122580       1.122940       1.123310       1.123700       1.124100       1.124510       1.124930       1.125370       1.125820    
   1.120150       1.120190       1.120250       1.120330       1.120430       1.120540       1.120670       1.120810       1.120970       1.121150       1.121340       1.121550       1.121760       1.122000       1.122250       1.122510       1.122780       1.123070       1.123370       1.123690       1.124010       1.124350       1.124710       1.125070       1.125450       1.125850       1.126250       1.126670       1.127100       1.127550    
   1.122060       1.122100       1.122150       1.122220       1.122310       1.122420       1.122540       1.122680       1.122830       1.123000       1.123180       1.123380       1.123590       1.123820       1.124060       1.124320       1.124580       1.124870       1.125160       1.125470       1.125790       1.126130       1.126480       1.126840       1.127210       1.127600       1.128000       1.128410       1.128840       1.129280    
   1.123980       1.124010       1.124060       1.124120       1.124200       1.124300       1.124410       1.124540       1.124690       1.124850       1.125030       1.125220       1.125420       1.125650       1.125880       1.126130       1.126390       1.126670       1.126960       1.127260       1.127580       1.127910       1.128250       1.128600       1.128970       1.129360       1.129750       1.130160       1.130580       1.131010    
   1.125910       1.125930       1.125970       1.126020       1.126090       1.126180       1.126290       1.126410       1.126550       1.126710       1.126880       1.127060       1.127260       1.127480       1.127700       1.127950       1.128200       1.128470       1.128760       1.129050       1.129360       1.129690       1.130020       1.130370       1.130740       1.131110       1.131500       1.131900       1.132320       1.132750    
   1.127840       1.127850       1.127880       1.127930       1.127990       1.128080       1.128170       1.128290       1.128420       1.128570       1.128730       1.128910       1.129100       1.129310       1.129530       1.129770       1.130020       1.130280       1.130560       1.130850       1.131150       1.131470       1.131800       1.132150       1.132500       1.132870       1.133260       1.133650       1.134060       1.134490    
   1.129780       1.129780       1.129800       1.129840       1.129900       1.129970       1.130060       1.130170       1.130290       1.130430       1.130590       1.130760       1.130950       1.131150       1.131360       1.131590       1.131830       1.132090       1.132360       1.132650       1.132950       1.133260       1.133580       1.133920       1.134270       1.134640       1.135010       1.135400       1.135810       1.136220    
   1.129790       1.129790       1.130300       1.131760       1.131810       1.131870       1.131960       1.132060       1.132170       1.132300       1.132450       1.132620       1.132800       1.132990       1.133200       1.133420       1.133660       1.133910       1.134170       1.134450       1.134740       1.135050       1.135370       1.135700       1.136040       1.136400       1.136770       1.137160       1.137550       1.137960    
   1.129790       1.130410       1.131760       1.133230       1.133720       1.133780       1.133850       1.133950       1.134050       1.134180       1.134320       1.134480       1.134650       1.134830       1.135040       1.135250       1.135480       1.135730       1.135980       1.136250       1.136540       1.136840       1.137150       1.137480       1.137820       1.138170       1.138530       1.138910       1.139300       1.139710    
   1.130440       1.131760       1.133830       1.134680       1.135640       1.135690       1.135760       1.135840       1.135940       1.136060       1.136190       1.136340       1.136500       1.136680       1.136880       1.137090       1.137310       1.137550       1.137800       1.138060       1.138340       1.138630       1.138940       1.139260       1.139590       1.139940       1.140300       1.140670       1.141050       1.141450    
   1.131760       1.134100       1.135160       1.135640       1.136310       1.137600       1.137660       1.137740       1.137830       1.137940       1.138070       1.138210       1.138370       1.138540       1.138720       1.138930       1.139140       1.139370       1.139620       1.139880       1.140150       1.140430       1.140730       1.141050       1.141370       1.141710       1.142060       1.142430       1.142810       1.143200    
   1.134220       1.135400       1.135640       1.136520       1.137600       1.138280       1.139570       1.139640       1.139730       1.139830       1.139950       1.140080       1.140230       1.140390       1.140570       1.140770       1.140980       1.141200       1.141440       1.141690       1.141960       1.142230       1.142530       1.142830       1.143150       1.143480       1.143830       1.144190       1.144560       1.144950    
   1.135520       1.135640       1.136590       1.137600       1.138480       1.139570       1.139610       1.139650       1.140230       1.141720       1.141830       1.141960       1.142100       1.142250       1.142430       1.142610       1.142820       1.143030       1.143260       1.143510       1.143770       1.144040       1.144320       1.144620       1.144940       1.145260       1.145600       1.145950       1.146320       1.146700    
   1.135640       1.136610       1.137600       1.138550       1.139570       1.139590       1.139610       1.140300       1.141720       1.141780       1.143010       1.143830       1.143970       1.144120       1.144280       1.144460       1.144660       1.144870       1.145090       1.145330       1.145580       1.145850       1.146120       1.146420       1.146720       1.147040       1.147370       1.147720       1.148080       1.148450    
   1.136620       1.137600       1.138570       1.139570       1.139580       1.139590       1.140300       1.141720       1.141750       1.143400       1.144770       1.145720       1.145840       1.145990       1.146140       1.146320       1.146500       1.146710       1.146920       1.147150       1.147400       1.147650       1.147930       1.148210       1.148510       1.148820       1.149150       1.149490       1.149840       1.150200    
   1.137600       1.138580       1.139570       1.139570       1.139580       1.140300       1.141720       1.141730       1.143570       1.145250       1.145720       1.145780       1.146350       1.147860       1.148010       1.148170       1.148350       1.148550       1.148760       1.148980       1.149220       1.149470       1.149730       1.150010       1.150300       1.150610       1.150930       1.151260       1.151600       1.151960    
   1.138580       1.139570       1.139570       1.139570       1.140290       1.141720       1.141730       1.143640       1.145480       1.145720       1.145750       1.146430       1.147860       1.147940       1.148010       1.148180       1.148360       1.148550       1.149950       1.150810       1.151040       1.151280       1.151540       1.151810       1.152100       1.152390       1.152700       1.153030       1.153370       1.153720    
   1.139570       1.139570       1.139570       1.140290       1.141720       1.141720       1.143680       1.145600       1.145720       1.145740       1.146440       1.147860       1.147900       1.147940       1.148040       1.148180       1.148360       1.150240       1.151730       1.152640       1.152860       1.153100       1.153350       1.153610       1.153890       1.154180       1.154490       1.154800       1.155130       1.155480    
   1.139570       1.139570       1.140290       1.141720       1.141720       1.143700       1.145660       1.145720       1.145730       1.146440       1.147860       1.147880       1.147900       1.147960       1.148050       1.148200       1.150320       1.152180       1.152640       1.153400       1.154690       1.154920       1.155160       1.155420       1.155690       1.155970       1.156270       1.156580       1.156900       1.157240    
   1.139570       1.140290       1.141720       1.141720       1.143710       1.145690       1.145720       1.145720       1.146440       1.147860       1.147870       1.147880       1.147910       1.147970       1.148070       1.151430       1.152410       1.152640       1.155460       1.156520       1.156650       1.156740       1.156980       1.157230       1.157490       1.157770       1.158050       1.158360       1.158670       1.159000    
   1.140290       1.141720       1.141720       1.143720       1.145710       1.145720       1.145720       1.146440       1.147860       1.147860       1.147870       1.147890       1.147920       1.152800       1.156080       1.158160       1.158160       1.158360       1.158660       1.159270       1.158350       1.158570       1.158790       1.159040       1.159290       1.159560       1.159840       1.160140       1.160440       1.160770    
   1.141720       1.141720       1.143720       1.145710       1.145720       1.145720       1.146430       1.147860       1.147860       1.147860       1.147870       1.147890       1.156650       1.167290       1.167230       1.163600       1.163910       1.163680       1.161390       1.160180       1.160180       1.160390       1.160610       1.160850       1.161100       1.161360       1.161630       1.161920       1.162220       1.162530    
   1.141720       1.143720       1.145720       1.145720       1.145720       1.146430       1.147860       1.147860       1.147860       1.147870       1.157810       1.172710       1.169140       1.167350       1.167350       1.167230       1.165100       1.164140       1.163680       1.162430       1.162020       1.162220       1.162430       1.162660       1.162900       1.163160       1.163420       1.163700       1.164000       1.164300    
   1.143720       1.145720       1.145720       1.145720       1.146430       1.147860       1.147860       1.147860       1.147860       1.159790       1.172710       1.172710       1.172710       1.169230       1.167460       1.167460       1.167230       1.165370       1.164600       1.163680       1.163860       1.164050       1.164260       1.164480       1.164710       1.164960       1.165220       1.165490       1.165770       1.166070    
   1.145720       1.145720       1.145720       1.146430       1.147860       1.147860       1.147860       1.156400       1.164350       1.172720       1.172710       1.172710       1.172710       1.172710       1.169400       1.167700       1.167700       1.167230       1.165950       1.165530       1.165700       1.165880       1.166080       1.166290       1.166520       1.166760       1.167010       1.167280       1.167550       1.167840    
   1.145720       1.145720       1.146430       1.147860       1.147860       1.162270       1.183880       1.182950       1.182020       1.175830       1.172730       1.172710       1.172710       1.172710       1.172710       1.169730       1.168160       1.168160       1.167230       1.167380       1.167540       1.167720       1.167910       1.168110       1.168330       1.168560       1.168810       1.169060       1.169330       1.169620    
   1.145720       1.146430       1.147860       1.147860       1.165150       1.183880       1.183880       1.183880       1.182950       1.182020       1.175850       1.172760       1.172710       1.172710       1.172710       1.172710       1.170340       1.169090       1.169090       1.169230       1.169390       1.169560       1.169740       1.169940       1.170150       1.170370       1.170610       1.170860       1.171120       1.171390    
