iMOD/TUTORIALS/TUT_MetaswapAnalyser/model_MetaSWAP/meteo/Evaporation/Evaporation_20050607_L1.ASC
NCOLS                30
NROWS                30
XLLCORNER     160000.00
YLLCORNER     340000.00
CELLSIZE        1000.00
NODATA_VALUE   -9999.00
   2.455630       2.454500       2.453460       2.452530       2.451690       2.450950       2.450310       2.449760       2.449320       2.448970       2.448720       2.448570       2.448520       2.448570       2.448710       2.448960       2.449300       2.449740       2.450270       2.450900       2.451630       2.452450       2.453370       2.454380       2.455490       2.456680       2.457970       2.459350       2.460810       2.462370    
   2.456720       2.455610       2.454610       2.453690       2.452880       2.452160       2.451530       2.451010       2.450580       2.450250       2.450010       2.449870       2.449830       2.449890       2.450040       2.450290       2.450640       2.451080       2.451610       2.452250       2.452970       2.453790       2.454710       2.455710       2.456810       2.458000       2.459280       2.460640       2.462100       2.463640    
   2.457800       2.456730       2.455750       2.454860       2.454070       2.453370       2.452760       2.452250       2.451840       2.451520       2.451300       2.451170       2.451140       2.451210       2.451370       2.451620       2.451970       2.452420       2.452960       2.453590       2.454320       2.455130       2.456040       2.457050       2.458140       2.459320       2.460590       2.461940       2.463390       2.464920    
   2.458890       2.457840       2.456890       2.456020       2.455250       2.454580       2.453990       2.453500       2.453100       2.452800       2.452590       2.452480       2.452460       2.452530       2.452700       2.452960       2.453310       2.453760       2.454300       2.454940       2.455660       2.456480       2.457380       2.458380       2.459470       2.460640       2.461900       2.463250       2.464680       2.466200    
   2.459970       2.458960       2.458030       2.457190       2.456440       2.455780       2.455220       2.454740       2.454360       2.454080       2.453880       2.453780       2.453770       2.453850       2.454030       2.454290       2.454650       2.455110       2.455650       2.456280       2.457010       2.457820       2.458720       2.459720       2.460800       2.461960       2.463220       2.464560       2.465980       2.467480    
   2.461060       2.460070       2.459160       2.458350       2.457620       2.456990       2.456440       2.455990       2.455620       2.455350       2.455170       2.455080       2.455080       2.455170       2.455350       2.455630       2.455990       2.456450       2.456990       2.457630       2.458350       2.459170       2.460070       2.461050       2.462130       2.463290       2.464530       2.465860       2.467280       2.468770    
   2.462140       2.461170       2.460300       2.459510       2.458800       2.458190       2.457660       2.457230       2.456880       2.456620       2.456450       2.456380       2.456390       2.456490       2.456680       2.456960       2.457330       2.457790       2.458340       2.458980       2.459700       2.460510       2.461410       2.462390       2.463460       2.464620       2.465850       2.467180       2.468580       2.470060    
   2.463210       2.462280       2.461430       2.460660       2.459980       2.459390       2.458880       2.458460       2.458130       2.457890       2.457740       2.457670       2.457700       2.457810       2.458010       2.458290       2.458670       2.459130       2.459680       2.460320       2.461050       2.461860       2.462750       2.463730       2.464800       2.465940       2.467170       2.468490       2.469880       2.471360    
   2.464280       2.463380       2.462550       2.461810       2.461160       2.460580       2.460100       2.459700       2.459390       2.459160       2.459020       2.458970       2.459000       2.459120       2.459330       2.459620       2.460010       2.460470       2.461030       2.461670       2.462390       2.463200       2.464090       2.465070       2.466130       2.467270       2.468500       2.469800       2.471180       2.472650    
   2.465350       2.464470       2.463670       2.462960       2.462330       2.461780       2.461310       2.460930       2.460630       2.460420       2.460300       2.460260       2.460300       2.460430       2.460650       2.460950       2.461340       2.461810       2.462370       2.463010       2.463730       2.464540       2.465430       2.466410       2.467460       2.468600       2.469820       2.471110       2.472490       2.473940    
   2.465380       2.464500       2.463800       2.464100       2.463490       2.462960       2.462520       2.462160       2.461880       2.461680       2.461570       2.461540       2.461600       2.461740       2.461970       2.462280       2.462670       2.463150       2.463710       2.464350       2.465080       2.465880       2.466770       2.467740       2.468800       2.469930       2.471140       2.472430       2.473790       2.475240    
   2.465400       2.464440       2.464100       2.464510       2.464650       2.464140       2.463720       2.463380       2.463110       2.462940       2.462840       2.462830       2.462890       2.463050       2.463280       2.463600       2.464000       2.464480       2.465040       2.465690       2.466420       2.467220       2.468110       2.469080       2.470130       2.471250       2.472460       2.473740       2.475100       2.476530    
   2.465080       2.464100       2.464910       2.465230       2.465810       2.465320       2.464920       2.464590       2.464350       2.464190       2.464100       2.464100       2.464180       2.464350       2.464590       2.464910       2.465320       2.465810       2.466380       2.467020       2.467750       2.468560       2.469450       2.470410       2.471460       2.472580       2.473780       2.475050       2.476400       2.477830    
   2.464100       2.465090       2.465520       2.465810       2.465870       2.466490       2.466110       2.465800       2.465580       2.465430       2.465360       2.465380       2.465470       2.465640       2.465890       2.466230       2.466640       2.467130       2.467700       2.468350       2.469080       2.469890       2.470780       2.471740       2.472780       2.473900       2.475090       2.476360       2.477700       2.479120    
   2.465170       2.465660       2.465810       2.466060       2.466490       2.466630       2.467290       2.467010       2.466800       2.466670       2.466620       2.466640       2.466750       2.466930       2.467190       2.467530       2.467950       2.468450       2.469030       2.469680       2.470410       2.471220       2.472110       2.473070       2.474110       2.475220       2.476410       2.477670       2.479000       2.480410    
   2.465740       2.465810       2.466120       2.466490       2.466800       2.467290       2.467150       2.467030       2.467090       2.467900       2.467860       2.467900       2.468020       2.468220       2.468490       2.468840       2.469260       2.469770       2.470350       2.471010       2.471740       2.472550       2.473430       2.474390       2.475430       2.476540       2.477720       2.478970       2.480300       2.481700    
   2.465810       2.466140       2.466490       2.466860       2.467290       2.467220       2.467160       2.467290       2.467900       2.467880       2.468650       2.469160       2.469290       2.469490       2.469780       2.470130       2.470570       2.471080       2.471660       2.472320       2.473060       2.473870       2.474750       2.475710       2.476740       2.477850       2.479030       2.480280       2.481600       2.482990    
   2.466150       2.466490       2.466880       2.467290       2.467250       2.467220       2.467390       2.467900       2.467890       2.468920       2.469790       2.470410       2.470550       2.470770       2.471060       2.471430       2.471870       2.472380       2.472970       2.473640       2.474370       2.475190       2.476070       2.477030       2.478060       2.479160       2.480330       2.481580       2.482890       2.484280    
   2.466490       2.466890       2.467290       2.467270       2.467260       2.467440       2.467900       2.467900       2.469040       2.470100       2.470410       2.470480       2.470940       2.472030       2.472340       2.472710       2.473160       2.473680       2.474280       2.474940       2.475690       2.476500       2.477380       2.478340       2.479370       2.480470       2.481630       2.482870       2.484180       2.485560    
   2.466890       2.467290       2.467280       2.467270       2.467470       2.467900       2.467900       2.469100       2.470250       2.470410       2.470450       2.470960       2.472030       2.472190       2.472360       2.472740       2.473180       2.473710       2.475340       2.476250       2.476990       2.477800       2.478690       2.479650       2.480670       2.481770       2.482930       2.484170       2.485470       2.486840    
   2.467290       2.467290       2.467280       2.467480       2.467900       2.467900       2.469130       2.470330       2.470410       2.470430       2.470960       2.472030       2.472110       2.472190       2.472430       2.472760       2.473210       2.475330       2.476890       2.477540       2.478290       2.479110       2.479990       2.480950       2.481970       2.483060       2.484220       2.485450       2.486750       2.488110    
   2.467290       2.467290       2.467490       2.467900       2.467900       2.469140       2.470370       2.470410       2.470420       2.470960       2.472030       2.472070       2.472110       2.472240       2.472460       2.472800       2.475210       2.477220       2.477540       2.478470       2.479580       2.480400       2.481290       2.482240       2.483270       2.484360       2.485510       2.486740       2.488030       2.489390    
   2.467290       2.467490       2.467900       2.467900       2.469150       2.470390       2.470410       2.470410       2.470950       2.472030       2.472050       2.472070       2.472140       2.472270       2.472500       2.475840       2.477380       2.477540       2.479920       2.480870       2.481360       2.481690       2.482580       2.483530       2.484550       2.485640       2.486800       2.488020       2.489300       2.490650    
   2.467490       2.467900       2.467900       2.469150       2.470400       2.470410       2.470410       2.470950       2.472030       2.472040       2.472050       2.472090       2.472160       2.475960       2.478970       2.481350       2.481350       2.481810       2.482360       2.482780       2.482150       2.482970       2.483860       2.484820       2.485840       2.486920       2.488070       2.489290       2.490570       2.491910    
   2.467900       2.467900       2.469150       2.470410       2.470410       2.470410       2.470950       2.472030       2.472030       2.472040       2.472060       2.472100       2.478840       2.486980       2.486940       2.484890       2.485330       2.485170       2.484050       2.483420       2.483420       2.484250       2.485140       2.486090       2.487110       2.488200       2.489340       2.490560       2.491830       2.493170    
   2.467900       2.469150       2.470410       2.470410       2.470410       2.470950       2.472030       2.472030       2.472030       2.472040       2.479200       2.489900       2.487980       2.487020       2.487020       2.486940       2.485930       2.485480       2.485170       2.484800       2.484690       2.485510       2.486410       2.487360       2.488380       2.489460       2.490610       2.491820       2.493090       2.494420    
   2.469150       2.470410       2.470410       2.470410       2.470950       2.472030       2.472030       2.472030       2.472040       2.480620       2.489900       2.489900       2.489900       2.488040       2.487090       2.487090       2.486940       2.486110       2.485800       2.485170       2.485940       2.486770       2.487670       2.488620       2.489640       2.490720       2.491870       2.493070       2.494340       2.495660    
   2.470410       2.470410       2.470410       2.470950       2.472030       2.472030       2.472030       2.477790       2.483550       2.489900       2.489900       2.489900       2.489900       2.489900       2.488150       2.487240       2.487240       2.486940       2.486550       2.486420       2.487190       2.488030       2.488920       2.489880       2.490900       2.491980       2.493120       2.494320       2.495580       2.496900    
   2.470410       2.470410       2.470950       2.472030       2.472030       2.481440       2.495550       2.495310       2.495060       2.491630       2.489910       2.489900       2.489900       2.489900       2.489900       2.488370       2.487550       2.487550       2.486940       2.487660       2.488430       2.489270       2.490170       2.491130       2.492150       2.493220       2.494360       2.495560       2.496820       2.498130    
   2.470410       2.470950       2.472030       2.472030       2.483320       2.495550       2.495550       2.495550       2.495310       2.495060       2.491650       2.489930       2.489900       2.489900       2.489900       2.489900       2.488780       2.488160       2.488160       2.488880       2.489660       2.490510       2.491410       2.492370       2.493380       2.494460       2.495600       2.496790       2.498040       2.499360    
