iMOD/TUTORIALS/TUT_MetaswapAnalyser/model_MetaSWAP/meteo/Evaporation/Evaporation_20050125_L1.ASC
NCOLS                30
NROWS                30
XLLCORNER     160000.00
YLLCORNER     340000.00
CELLSIZE        1000.00
NODATA_VALUE   -9999.00
  0.3729800      0.3720000      0.3710500      0.3701300      0.3692400      0.3683800      0.3675400      0.3667300      0.3659500      0.3651900      0.3644500      0.3637300      0.3630200      0.3623400      0.3616700      0.3610200      0.3603900      0.3597600      0.3591500      0.3585500      0.3579600      0.3573900      0.3568200      0.3562600      0.3557000      0.3551600      0.3546200      0.3540800      0.3535500      0.3530300    
  0.3733600      0.3723700      0.3714100      0.3704800      0.3695800      0.3687100      0.3678700      0.3670500      0.3662500      0.3654800      0.3647300      0.3640000      0.3632900      0.3625900      0.3619200      0.3612500      0.3606100      0.3599700      0.3593500      0.3587400      0.3581400      0.3575500      0.3569700      0.3564000      0.3558400      0.3552800      0.3547300      0.3541900      0.3536500      0.3531100    
  0.3737600      0.3727600      0.3718000      0.3708600      0.3699500      0.3690700      0.3682100      0.3673800      0.3665800      0.3658000      0.3650300      0.3642900      0.3635700      0.3628600      0.3621800      0.3615000      0.3608500      0.3602000      0.3595700      0.3589500      0.3583400      0.3577400      0.3571500      0.3565700      0.3559900      0.3554300      0.3548700      0.3543100      0.3537600      0.3532200    
  0.3741800      0.3731700      0.3722000      0.3712500      0.3703300      0.3694400      0.3685800      0.3677400      0.3669200      0.3661300      0.3653600      0.3646100      0.3638700      0.3631600      0.3624600      0.3617700      0.3611000      0.3604500      0.3598100      0.3591700      0.3585500      0.3579400      0.3573400      0.3567500      0.3561700      0.3555900      0.3550200      0.3544500      0.3538900      0.3533400    
  0.3746200      0.3736000      0.3726200      0.3716600      0.3707400      0.3698400      0.3689600      0.3681100      0.3672900      0.3664800      0.3657000      0.3649400      0.3641900      0.3634700      0.3627600      0.3620600      0.3613800      0.3607200      0.3600600      0.3594200      0.3587900      0.3581700      0.3575600      0.3569500      0.3563600      0.3557700      0.3551900      0.3546100      0.3540400      0.3534700    
  0.3750700      0.3740400      0.3730500      0.3720900      0.3711500      0.3702500      0.3693600      0.3685000      0.3676700      0.3668500      0.3660600      0.3652900      0.3645300      0.3637900      0.3630700      0.3623700      0.3616800      0.3610000      0.3603400      0.3596800      0.3590400      0.3584100      0.3577900      0.3571700      0.3565700      0.3559700      0.3553700      0.3547900      0.3542000      0.3536300    
  0.3755300      0.3745000      0.3735000      0.3725300      0.3715900      0.3706700      0.3697800      0.3689100      0.3680600      0.3672400      0.3664400      0.3656500      0.3648900      0.3641400      0.3634100      0.3626900      0.3619900      0.3613000      0.3606300      0.3599600      0.3593100      0.3586700      0.3580300      0.3574100      0.3567900      0.3561800      0.3555800      0.3549800      0.3543900      0.3538000    
  0.3760100      0.3749800      0.3739700      0.3729900      0.3720400      0.3711100      0.3702100      0.3693300      0.3684800      0.3676400      0.3668300      0.3660300      0.3652600      0.3645000      0.3637600      0.3630300      0.3623200      0.3616200      0.3609300      0.3602600      0.3596000      0.3589400      0.3583000      0.3576600      0.3570300      0.3564100      0.3558000      0.3551900      0.3545800      0.3539800    
  0.3765100      0.3754700      0.3744500      0.3734600      0.3725000      0.3715700      0.3706600      0.3697700      0.3689000      0.3680600      0.3672400      0.3664300      0.3656500      0.3648800      0.3641300      0.3633900      0.3626600      0.3619600      0.3612600      0.3605700      0.3599000      0.3592300      0.3585800      0.3579300      0.3572900      0.3566600      0.3560300      0.3554100      0.3547900      0.3541800    
  0.3770200      0.3759700      0.3749500      0.3739500      0.3729800      0.3720400      0.3711200      0.3702200      0.3693500      0.3684900      0.3676600      0.3668500      0.3660500      0.3652700      0.3645100      0.3637600      0.3630300      0.3623100      0.3616000      0.3609000      0.3602100      0.3595400      0.3588700      0.3582100      0.3575600      0.3569200      0.3562800      0.3556500      0.3550200      0.3544000    
  0.3770270      0.3759800      0.3748300      0.3744500      0.3734700      0.3725200      0.3715900      0.3706900      0.3698000      0.3689400      0.3681000      0.3672700      0.3664700      0.3656800      0.3649000      0.3641500      0.3634000      0.3626700      0.3619500      0.3612400      0.3605500      0.3598600      0.3591800      0.3585100      0.3578500      0.3571900      0.3565400      0.3559000      0.3552600      0.3546300    
  0.3770370      0.3755720      0.3744500      0.3740970      0.3739800      0.3730200      0.3720800      0.3711700      0.3702700      0.3694000      0.3685500      0.3677200      0.3669000      0.3661000      0.3653200      0.3645500      0.3637900      0.3630500      0.3623200      0.3616000      0.3608900      0.3601900      0.3595000      0.3588200      0.3581500      0.3574800      0.3568200      0.3561700      0.3555200      0.3548700    
  0.3762930      0.3744500      0.3743180      0.3742350      0.3744900      0.3735300      0.3725800      0.3716600      0.3707600      0.3698800      0.3690100      0.3681700      0.3673400      0.3665300      0.3657400      0.3649600      0.3641900      0.3634400      0.3627000      0.3619700      0.3612500      0.3605400      0.3598400      0.3591500      0.3584600      0.3577900      0.3571100      0.3564500      0.3557900      0.3551300    
  0.3744500      0.3744050      0.3743620      0.3744900      0.3740230      0.3740500      0.3730900      0.3721600      0.3712500      0.3703600      0.3694900      0.3686400      0.3678000      0.3669800      0.3661800      0.3653900      0.3646100      0.3638500      0.3631000      0.3623600      0.3616300      0.3609100      0.3601900      0.3594900      0.3587900      0.3581000      0.3574200      0.3567400      0.3560700      0.3554000    
  0.3744430      0.3744260      0.3744900      0.3741880      0.3740500      0.3735830      0.3736100      0.3726800      0.3717600      0.3708600      0.3699800      0.3691200      0.3682700      0.3674400      0.3666300      0.3658300      0.3650400      0.3642700      0.3635000      0.3627500      0.3620100      0.3612800      0.3605600      0.3598400      0.3591300      0.3584300      0.3577400      0.3570500      0.3563600      0.3556900    
  0.3744580      0.3744900      0.3742430      0.3740500      0.3737480      0.3736100      0.3731450      0.3726830      0.3716680      0.3713700      0.3704800      0.3696100      0.3687500      0.3679100      0.3670900      0.3662800      0.3654800      0.3647000      0.3639200      0.3631600      0.3624100      0.3616700      0.3609300      0.3602100      0.3594900      0.3587700      0.3580700      0.3573700      0.3566700      0.3559800    
  0.3744900      0.3742610      0.3740500      0.3738030      0.3736100      0.3733780      0.3731460      0.3722160      0.3713700      0.3709250      0.3704380      0.3701100      0.3692400      0.3683900      0.3675600      0.3667400      0.3659300      0.3651400      0.3643600      0.3635800      0.3628200      0.3620700      0.3613200      0.3605800      0.3598500      0.3591300      0.3584100      0.3577000      0.3569900      0.3562900    
  0.3742670      0.3740500      0.3738210      0.3736100      0.3734940      0.3733780      0.3725280      0.3713700      0.3711480      0.3707440      0.3703650      0.3706200      0.3697400      0.3688900      0.3680400      0.3672100      0.3664000      0.3655900      0.3648000      0.3640100      0.3632400      0.3624800      0.3617200      0.3609700      0.3602300      0.3594900      0.3587600      0.3580400      0.3573200      0.3566000    
  0.3740500      0.3738270      0.3736100      0.3735520      0.3734940      0.3726920      0.3713700      0.3712590      0.3708750      0.3704930      0.3706200      0.3701800      0.3696600      0.3693900      0.3685400      0.3677000      0.3668700      0.3660500      0.3652500      0.3644600      0.3636700      0.3629000      0.3621300      0.3613700      0.3606200      0.3598700      0.3591300      0.3583900      0.3576600      0.3569300    
  0.3738290      0.3736100      0.3735810      0.3735520      0.3727770      0.3713700      0.3713140      0.3709360      0.3705560      0.3706200      0.3704000      0.3699630      0.3693900      0.3689650      0.3685430      0.3677030      0.3668730      0.3660570      0.3652080      0.3649100      0.3641100      0.3633300      0.3625500      0.3617800      0.3610100      0.3602500      0.3595000      0.3587500      0.3580100      0.3572700    
  0.3736100      0.3735950      0.3735810      0.3728200      0.3713700      0.3713420      0.3709660      0.3705880      0.3706200      0.3705100      0.3700930      0.3693900      0.3691780      0.3689660      0.3684040      0.3677070      0.3668780      0.3657300      0.3651400      0.3653700      0.3645600      0.3637700      0.3629800      0.3622000      0.3614200      0.3606500      0.3598900      0.3591300      0.3583700      0.3576200    
  0.3736030      0.3735950      0.3728420      0.3713700      0.3713560      0.3709800      0.3706040      0.3706200      0.3705650      0.3701530      0.3693900      0.3692840      0.3691780      0.3688490      0.3683590      0.3676630      0.3661880      0.3652550      0.3653700      0.3649830      0.3650200      0.3642200      0.3634200      0.3626200      0.3618400      0.3610500      0.3602800      0.3595100      0.3587400      0.3579800    
  0.3736030      0.3728520      0.3713700      0.3713630      0.3709880      0.3706120      0.3706200      0.3705930      0.3701820      0.3693900      0.3693370      0.3692840      0.3691040      0.3687950      0.3682900      0.3668720      0.3653130      0.3653700      0.3655150      0.3654950      0.3650040      0.3646700      0.3638600      0.3630600      0.3622600      0.3614700      0.3606800      0.3599000      0.3591200      0.3583400    
  0.3728580      0.3713700      0.3713670      0.3709910      0.3706160      0.3706200      0.3706060      0.3701960      0.3693900      0.3693630      0.3693370      0.3692410      0.3690610      0.3691050      0.3682740      0.3668420      0.3668400      0.3664620      0.3660530      0.3662100      0.3659700      0.3651400      0.3643200      0.3635000      0.3626900      0.3618900      0.3610900      0.3602900      0.3595000      0.3587200    
  0.3713700      0.3713680      0.3709930      0.3706180      0.3706200      0.3706130      0.3702030      0.3693900      0.3693770      0.3693630      0.3693140      0.3692130      0.3695830      0.3702470      0.3702300      0.3686140      0.3683740      0.3683100      0.3670650      0.3664530      0.3664500      0.3656100      0.3647800      0.3639600      0.3631300      0.3623200      0.3615100      0.3607000      0.3599000      0.3591000    
  0.3713690      0.3709940      0.3706190      0.3706200      0.3706170      0.3702070      0.3693900      0.3693830      0.3693770      0.3693510      0.3706820      0.3727600      0.3710980      0.3702630      0.3702630      0.3702300      0.3690120      0.3684380      0.3683100      0.3672850      0.3669400      0.3660900      0.3652500      0.3644100      0.3635800      0.3627500      0.3619300      0.3611100      0.3603000      0.3594900    
  0.3709950      0.3706200      0.3706200      0.3706180      0.3702080      0.3693900      0.3693870      0.3693830      0.3693700      0.3709860      0.3727600      0.3727600      0.3727600      0.3711220      0.3702960      0.3702960      0.3702300      0.3690700      0.3685650      0.3683100      0.3674400      0.3665800      0.3657300      0.3648800      0.3640400      0.3632000      0.3623600      0.3615300      0.3607100      0.3598800    
  0.3706200      0.3706200      0.3706190      0.3702090      0.3693900      0.3693880      0.3693870      0.3711600      0.3721690      0.3727620      0.3727600      0.3727600      0.3727600      0.3727600      0.3711700      0.3703630      0.3703620      0.3702300      0.3691750      0.3688200      0.3679400      0.3670700      0.3662100      0.3653500      0.3645000      0.3636500      0.3628000      0.3619600      0.3611200      0.3602900    
  0.3706200      0.3706200      0.3702100      0.3693900      0.3693890      0.3728490      0.3780400      0.3772700      0.3765000      0.3740110      0.3727650      0.3727600      0.3727600      0.3727600      0.3727600      0.3712600      0.3704960      0.3704950      0.3702300      0.3693400      0.3684500      0.3675700      0.3667000      0.3658300      0.3649600      0.3641000      0.3632400      0.3623900      0.3615400      0.3606900    
  0.3706200      0.3702100      0.3693900      0.3693900      0.3735430      0.3780410      0.3780410      0.3780400      0.3772700      0.3765000      0.3740190      0.3727740      0.3727600      0.3727600      0.3727600      0.3727600      0.3714210      0.3707630      0.3707600      0.3698600      0.3689700      0.3680800      0.3671900      0.3663100      0.3654300      0.3645600      0.3636900      0.3628300      0.3619700      0.3611100    
