iMOD/TUTORIALS/TUT_MetaswapAnalyser/model_MetaSWAP/meteo/Evaporation/Evaporation_20051017_L1.ASC
NCOLS                30
NROWS                30
XLLCORNER     160000.00
YLLCORNER     340000.00
CELLSIZE        1000.00
NODATA_VALUE   -9999.00
   1.545850       1.547030       1.548200       1.549350       1.550470       1.551580       1.552670       1.553740       1.554800       1.555840       1.556870       1.557880       1.558890       1.559880       1.560860       1.561830       1.562790       1.563750       1.564690       1.565630       1.566560       1.567480       1.568400       1.569310       1.570210       1.571110       1.572010       1.572900       1.573780       1.574660    
   1.546470       1.547670       1.548840       1.550000       1.551140       1.552250       1.553350       1.554440       1.555500       1.556560       1.557600       1.558620       1.559640       1.560640       1.561630       1.562610       1.563580       1.564540       1.565490       1.566440       1.567370       1.568300       1.569230       1.570140       1.571050       1.571960       1.572860       1.573750       1.574640       1.575520    
   1.547090       1.548300       1.549480       1.550650       1.551800       1.552920       1.554030       1.555130       1.556210       1.557270       1.558320       1.559360       1.560380       1.561390       1.562390       1.563380       1.564360       1.565330       1.566290       1.567240       1.568180       1.569120       1.570050       1.570970       1.571890       1.572800       1.573700       1.574600       1.575490       1.576380    
   1.547710       1.548930       1.550120       1.551300       1.552450       1.553590       1.554710       1.555820       1.556910       1.557980       1.559040       1.560080       1.561120       1.562140       1.563150       1.564140       1.565130       1.566110       1.567080       1.568040       1.568990       1.569930       1.570870       1.571800       1.572720       1.573630       1.574540       1.575440       1.576340       1.577240    
   1.548330       1.549550       1.550760       1.551940       1.553110       1.554260       1.555390       1.556500       1.557600       1.558680       1.559750       1.560810       1.561850       1.562880       1.563900       1.564900       1.565900       1.566890       1.567860       1.568830       1.569790       1.570740       1.571680       1.572610       1.573540       1.574460       1.575380       1.576290       1.577190       1.578080    
   1.548940       1.550180       1.551390       1.552580       1.553760       1.554920       1.556060       1.557180       1.558290       1.559390       1.560460       1.561530       1.562580       1.563620       1.564650       1.565660       1.566660       1.567660       1.568640       1.569620       1.570580       1.571540       1.572490       1.573430       1.574360       1.575290       1.576210       1.577120       1.578030       1.578930    
   1.549560       1.550800       1.552020       1.553230       1.554410       1.555580       1.556730       1.557860       1.558980       1.560080       1.561170       1.562240       1.563310       1.564350       1.565390       1.566410       1.567430       1.568430       1.569420       1.570400       1.571370       1.572340       1.573290       1.574240       1.575180       1.576110       1.577040       1.577950       1.578870       1.579770    
   1.550170       1.551420       1.552650       1.553860       1.555060       1.556230       1.557390       1.558540       1.559660       1.560780       1.561870       1.562960       1.564030       1.565080       1.566130       1.567160       1.568180       1.569190       1.570190       1.571180       1.572160       1.573130       1.574090       1.575050       1.575990       1.576930       1.577860       1.578780       1.579700       1.580610    
   1.550780       1.552040       1.553280       1.554500       1.555700       1.556890       1.558060       1.559210       1.560350       1.561470       1.562570       1.563670       1.564740       1.565810       1.566860       1.567900       1.568930       1.569950       1.570960       1.571950       1.572940       1.573920       1.574890       1.575850       1.576800       1.577740       1.578680       1.579600       1.580520       1.581440    
   1.551390       1.552660       1.553910       1.555140       1.556350       1.557540       1.558720       1.559880       1.561020       1.562160       1.563270       1.564370       1.565460       1.566530       1.567590       1.568640       1.569680       1.570710       1.571720       1.572720       1.573720       1.574700       1.575680       1.576640       1.577600       1.578550       1.579490       1.580420       1.581350       1.582270    
   1.551390       1.552650       1.554370       1.555770       1.556990       1.558190       1.559380       1.560550       1.561700       1.562840       1.563960       1.565070       1.566170       1.567250       1.568320       1.569380       1.570420       1.571460       1.572480       1.573490       1.574490       1.575480       1.576460       1.577440       1.578400       1.579350       1.580300       1.581240       1.582170       1.583090    
   1.551380       1.553540       1.555770       1.557160       1.557630       1.558840       1.560030       1.561210       1.562370       1.563520       1.564650       1.565770       1.566880       1.567970       1.569050       1.570110       1.571160       1.572200       1.573230       1.574250       1.575260       1.576260       1.577240       1.578220       1.579190       1.580150       1.581100       1.582040       1.582980       1.583910    
   1.552700       1.555770       1.557280       1.557950       1.558260       1.559480       1.560690       1.561870       1.563040       1.564200       1.565340       1.566470       1.567580       1.568680       1.569770       1.570840       1.571900       1.572950       1.573980       1.575010       1.576020       1.577030       1.578020       1.579010       1.579980       1.580950       1.581900       1.582850       1.583790       1.584720    
   1.555770       1.557350       1.558100       1.558260       1.559290       1.560130       1.561340       1.562530       1.563710       1.564880       1.566030       1.567160       1.568280       1.569390       1.570480       1.571560       1.572630       1.573690       1.574730       1.575760       1.576780       1.577800       1.578800       1.579780       1.580760       1.581740       1.582700       1.583650       1.584590       1.585530    
   1.557390       1.558180       1.558260       1.559230       1.560130       1.561150       1.561990       1.563190       1.564380       1.565550       1.566710       1.567850       1.568980       1.570090       1.571200       1.572280       1.573360       1.574420       1.575470       1.576510       1.577540       1.578560       1.579560       1.580560       1.581550       1.582520       1.583490       1.584440       1.585390       1.586330    
   1.558220       1.558260       1.559210       1.560130       1.561090       1.561990       1.562590       1.563190       1.564840       1.566220       1.567380       1.568540       1.569670       1.570800       1.571900       1.573000       1.574080       1.575150       1.576210       1.577260       1.578290       1.579320       1.580330       1.581330       1.582320       1.583300       1.584270       1.585240       1.586190       1.587130    
   1.558260       1.559200       1.560130       1.561070       1.561990       1.562290       1.562590       1.564210       1.566220       1.566800       1.568250       1.569220       1.570360       1.571490       1.572610       1.573710       1.574800       1.575880       1.576950       1.578000       1.579040       1.580070       1.581090       1.582100       1.583090       1.584080       1.585060       1.586020       1.586980       1.587930    
   1.559200       1.560130       1.561060       1.561990       1.562140       1.562290       1.563830       1.566220       1.566510       1.568150       1.569560       1.569900       1.571050       1.572190       1.573310       1.574420       1.575520       1.576610       1.577680       1.578740       1.579780       1.580820       1.581840       1.582860       1.583860       1.584850       1.585830       1.586800       1.587770       1.588720    
   1.560130       1.561060       1.561990       1.562070       1.562140       1.563620       1.566220       1.566370       1.568100       1.569730       1.569900       1.570480       1.571510       1.572880       1.574010       1.575130       1.576230       1.577330       1.578400       1.579470       1.580520       1.581570       1.582600       1.583610       1.584620       1.585620       1.586600       1.587580       1.588550       1.589500    
   1.561060       1.561990       1.562030       1.562070       1.563510       1.566220       1.566290       1.568080       1.569820       1.569900       1.570190       1.571190       1.572880       1.573450       1.574010       1.575120       1.576230       1.577320       1.579270       1.580200       1.581260       1.582310       1.583340       1.584370       1.585380       1.586380       1.587370       1.588350       1.589320       1.590280    
   1.561990       1.562010       1.562030       1.563460       1.566220       1.566260       1.568070       1.569860       1.569900       1.570040       1.571040       1.572880       1.573160       1.573440       1.574190       1.575120       1.576220       1.578860       1.580560       1.580930       1.581990       1.583050       1.584090       1.585120       1.586130       1.587140       1.588140       1.589120       1.590100       1.591060    
   1.562000       1.562010       1.563430       1.566220       1.566240       1.568070       1.569880       1.569900       1.569970       1.570970       1.572880       1.573020       1.573160       1.573600       1.574250       1.575180       1.578380       1.580750       1.580930       1.581880       1.582720       1.583780       1.584830       1.585860       1.586880       1.587890       1.588900       1.589880       1.590860       1.591830    
   1.562000       1.563410       1.566220       1.566230       1.568060       1.569890       1.569900       1.569940       1.570930       1.572880       1.572950       1.573020       1.573260       1.573670       1.574340       1.578340       1.580840       1.580930       1.582690       1.583440       1.584080       1.584510       1.585560       1.586600       1.587630       1.588640       1.589650       1.590640       1.591630       1.592600    
   1.563410       1.566220       1.566220       1.568060       1.569890       1.569900       1.569920       1.570910       1.572880       1.572920       1.572950       1.573080       1.573320       1.576680       1.579940       1.583060       1.583060       1.583620       1.584280       1.584520       1.584160       1.585230       1.586290       1.587340       1.588370       1.589390       1.590400       1.591400       1.592380       1.593360    
   1.566220       1.566220       1.568060       1.569900       1.569900       1.569910       1.570900       1.572880       1.572900       1.572920       1.572980       1.573120       1.578810       1.585480       1.585460       1.584790       1.585280       1.585190       1.585020       1.584880       1.584880       1.585950       1.587020       1.588070       1.589100       1.590130       1.591140       1.592150       1.593140       1.594120    
   1.566220       1.568060       1.569900       1.569900       1.569900       1.570900       1.572880       1.572890       1.572900       1.572930       1.578330       1.586330       1.585780       1.585500       1.585500       1.585460       1.585380       1.585370       1.585190       1.585490       1.585590       1.586670       1.587740       1.588790       1.589840       1.590870       1.591880       1.592890       1.593880       1.594870    
   1.568060       1.569900       1.569900       1.569900       1.570900       1.572880       1.572880       1.572890       1.572910       1.579360       1.586330       1.586330       1.586330       1.585810       1.585540       1.585540       1.585460       1.585490       1.585540       1.585190       1.586290       1.587380       1.588460       1.589520       1.590560       1.591600       1.592620       1.593630       1.594630       1.595610    
   1.569900       1.569900       1.569900       1.570890       1.572880       1.572880       1.572880       1.576770       1.581150       1.586330       1.586330       1.586330       1.586330       1.586330       1.585880       1.585630       1.585630       1.585460       1.585780       1.585890       1.587000       1.588090       1.589170       1.590230       1.591280       1.592320       1.593350       1.594360       1.595360       1.596350    
   1.569900       1.569900       1.570890       1.572880       1.572880       1.578850       1.587800       1.588100       1.588390       1.587020       1.586340       1.586330       1.586330       1.586330       1.586330       1.586000       1.585800       1.585800       1.585460       1.586580       1.587690       1.588790       1.589880       1.590940       1.592000       1.593040       1.594070       1.595090       1.596100       1.597090    
   1.569900       1.570890       1.572880       1.572880       1.580040       1.587800       1.587800       1.587800       1.588100       1.588390       1.587030       1.586350       1.586330       1.586330       1.586330       1.586330       1.586240       1.586140       1.586140       1.587270       1.588390       1.589490       1.590580       1.591650       1.592710       1.593760       1.594790       1.595810       1.596820       1.597820    
