iMOD/TUTORIALS/TUT_MetaswapAnalyser/model_MetaSWAP/meteo/Evaporation/Evaporation_20050522_L1.ASC
NCOLS                30
NROWS                30
XLLCORNER     160000.00
YLLCORNER     340000.00
CELLSIZE        1000.00
NODATA_VALUE   -9999.00
   3.841980       3.843970       3.845820       3.847540       3.849130       3.850590       3.851920       3.853130       3.854220       3.855190       3.856050       3.856790       3.857430       3.857960       3.858390       3.858710       3.858940       3.859070       3.859110       3.859070       3.858930       3.858720       3.858420       3.858050       3.857600       3.857080       3.856490       3.855840       3.855130       3.854350    
   3.833440       3.835410       3.837250       3.838950       3.840530       3.841980       3.843300       3.844500       3.845590       3.846560       3.847420       3.848160       3.848810       3.849340       3.849780       3.850120       3.850360       3.850510       3.850580       3.850550       3.850440       3.850260       3.849990       3.849650       3.849240       3.848760       3.848220       3.847610       3.846940       3.846220    
   3.824790       3.826740       3.828570       3.830260       3.831820       3.833260       3.834580       3.835780       3.836860       3.837820       3.838680       3.839430       3.840080       3.840630       3.841070       3.841420       3.841680       3.841850       3.841940       3.841940       3.841860       3.841700       3.841470       3.841160       3.840790       3.840350       3.839850       3.839290       3.838660       3.837990    
   3.816040       3.817980       3.819790       3.821460       3.823020       3.824440       3.825750       3.826950       3.828020       3.828990       3.829850       3.830600       3.831260       3.831810       3.832270       3.832640       3.832910       3.833100       3.833210       3.833230       3.833180       3.833050       3.832850       3.832580       3.832250       3.831850       3.831390       3.830870       3.830300       3.829670    
   3.807190       3.809120       3.810910       3.812570       3.814110       3.815530       3.816840       3.818020       3.819100       3.820060       3.820920       3.821680       3.822340       3.822910       3.823380       3.823760       3.824050       3.824260       3.824380       3.824440       3.824410       3.824310       3.824150       3.823910       3.823620       3.823260       3.822840       3.822370       3.821840       3.821260    
   3.798260       3.800160       3.801940       3.803590       3.805120       3.806530       3.807830       3.809010       3.810080       3.811050       3.811910       3.812670       3.813340       3.813910       3.814390       3.814790       3.815100       3.815320       3.815480       3.815550       3.815550       3.815490       3.815350       3.815160       3.814900       3.814580       3.814210       3.813780       3.813300       3.812770    
   3.789230       3.791120       3.792880       3.794520       3.796040       3.797440       3.798730       3.799910       3.800980       3.801940       3.802810       3.803580       3.804250       3.804830       3.805320       3.805730       3.806060       3.806310       3.806480       3.806580       3.806610       3.806580       3.806480       3.806320       3.806100       3.805820       3.805490       3.805110       3.804680       3.804200    
   3.780130       3.782000       3.783750       3.785370       3.786880       3.788270       3.789550       3.790730       3.791790       3.792760       3.793620       3.794400       3.795080       3.795670       3.796170       3.796600       3.796940       3.797210       3.797410       3.797530       3.797590       3.797590       3.797520       3.797400       3.797220       3.796980       3.796700       3.796360       3.795980       3.795550    
   3.770940       3.772800       3.774530       3.776140       3.777640       3.779020       3.780300       3.781470       3.782530       3.783500       3.784360       3.785140       3.785830       3.786430       3.786940       3.787380       3.787750       3.788040       3.788250       3.788410       3.788490       3.788520       3.788490       3.788400       3.788260       3.788070       3.787830       3.787540       3.787210       3.786830    
   3.761680       3.763520       3.765240       3.766840       3.768330       3.769700       3.770970       3.772130       3.773190       3.774160       3.775030       3.775810       3.776500       3.777110       3.777640       3.778100       3.778480       3.778790       3.779030       3.779210       3.779320       3.779380       3.779380       3.779330       3.779230       3.779080       3.778880       3.778640       3.778360       3.778040    
   3.761640       3.763480       3.763270       3.757470       3.758940       3.760310       3.761570       3.762730       3.763790       3.764750       3.765620       3.766410       3.767110       3.767730       3.768270       3.768740       3.769140       3.769470       3.769730       3.769940       3.770080       3.770170       3.770210       3.770200       3.770130       3.770030       3.769870       3.769680       3.769450       3.769180    
   3.761600       3.761460       3.757470       3.751470       3.749500       3.750850       3.752110       3.753260       3.754310       3.755280       3.756150       3.756940       3.757650       3.758280       3.758830       3.759320       3.759730       3.760080       3.760370       3.760600       3.760770       3.760900       3.760970       3.760990       3.760970       3.760900       3.760800       3.760650       3.760470       3.760250    
   3.760040       3.757470       3.748420       3.744750       3.739990       3.741330       3.742580       3.743730       3.744780       3.745740       3.746620       3.747410       3.748130       3.748770       3.749330       3.749830       3.750260       3.750630       3.750940       3.751200       3.751400       3.751560       3.751660       3.751720       3.751740       3.751720       3.751660       3.751570       3.751430       3.751270    
   3.757470       3.747060       3.742370       3.739990       3.737690       3.731760       3.733000       3.734140       3.735190       3.736150       3.737030       3.737830       3.738550       3.739190       3.739770       3.740280       3.740730       3.741120       3.741460       3.741740       3.741970       3.742160       3.742300       3.742400       3.742460       3.742480       3.742470       3.742420       3.742340       3.742230    
   3.746430       3.741180       3.739990       3.736480       3.731760       3.729370       3.723360       3.724500       3.725540       3.726500       3.727380       3.728180       3.728910       3.729570       3.730160       3.730680       3.731150       3.731560       3.731920       3.732230       3.732490       3.732700       3.732880       3.733020       3.733120       3.733180       3.733220       3.733220       3.733190       3.733130    
   3.740580       3.739990       3.736080       3.731760       3.728160       3.723360       3.723930       3.724470       3.723340       3.716810       3.717690       3.718490       3.719220       3.719890       3.720490       3.721030       3.721510       3.721940       3.722320       3.722660       3.722950       3.723200       3.723410       3.723580       3.723720       3.723830       3.723910       3.723960       3.723990       3.723980    
   3.739990       3.735940       3.731760       3.727760       3.723360       3.723640       3.723920       3.722140       3.716810       3.717250       3.712140       3.708750       3.709490       3.710160       3.710770       3.711330       3.711830       3.712280       3.712680       3.713040       3.713360       3.713640       3.713890       3.714100       3.714280       3.714440       3.714560       3.714660       3.714740       3.714790    
   3.735900       3.731760       3.727630       3.723360       3.723500       3.723640       3.721630       3.716810       3.717030       3.709810       3.703860       3.698970       3.699710       3.700390       3.701010       3.701580       3.702100       3.702570       3.702990       3.703380       3.703730       3.704040       3.704320       3.704570       3.704800       3.705000       3.705170       3.705320       3.705450       3.705550    
   3.731760       3.727580       3.723360       3.723430       3.723500       3.721400       3.716810       3.716920       3.708810       3.701420       3.698970       3.699340       3.697410       3.690580       3.691220       3.691800       3.692330       3.692820       3.693270       3.693680       3.694050       3.694400       3.694720       3.695010       3.695270       3.695510       3.695730       3.695930       3.696110       3.696270    
   3.727570       3.723360       3.723400       3.723430       3.721280       3.716810       3.716870       3.708340       3.700190       3.698970       3.699150       3.696580       3.690580       3.690900       3.691200       3.691780       3.692320       3.692810       3.687570       3.683940       3.684340       3.684720       3.685070       3.685400       3.685700       3.685990       3.686260       3.686510       3.686740       3.686960    
   3.723360       3.723380       3.723400       3.721230       3.716810       3.716840       3.708110       3.699580       3.698970       3.699060       3.696320       3.690580       3.690740       3.690890       3.691290       3.691770       3.692300       3.685180       3.679050       3.674160       3.674600       3.675000       3.675390       3.675760       3.676110       3.676440       3.676750       3.677060       3.677340       3.677620    
   3.723370       3.723380       3.721200       3.716810       3.716820       3.708000       3.699280       3.698970       3.699020       3.696230       3.690580       3.690660       3.690740       3.690980       3.691320       3.691790       3.684000       3.676600       3.674160       3.671190       3.664820       3.665260       3.665680       3.666090       3.666480       3.666850       3.667220       3.667570       3.667910       3.668240    
   3.723370       3.721190       3.716810       3.716820       3.707950       3.699120       3.698970       3.698990       3.696200       3.690580       3.690620       3.690660       3.690790       3.691010       3.691360       3.677420       3.675380       3.674160       3.660160       3.655000       3.655290       3.655490       3.655940       3.656390       3.656820       3.657240       3.657660       3.658060       3.658460       3.658840    
   3.721180       3.716810       3.716810       3.707920       3.699050       3.698970       3.698980       3.696190       3.690580       3.690600       3.690620       3.690690       3.690820       3.666930       3.652320       3.644580       3.644590       3.644250       3.643540       3.640260       3.645190       3.645690       3.646180       3.646670       3.647140       3.647610       3.648070       3.648530       3.648980       3.649420    
   3.716810       3.716810       3.707900       3.699010       3.698970       3.698980       3.696180       3.690580       3.690590       3.690600       3.690640       3.690710       3.647330       3.594260       3.594570       3.614960       3.613780       3.615020       3.628370       3.635340       3.635340       3.635880       3.636400       3.636930       3.637440       3.637960       3.638470       3.638980       3.639490       3.639990    
   3.716810       3.707900       3.698990       3.698970       3.698970       3.696180       3.690580       3.690580       3.690590       3.690610       3.640050       3.564140       3.583960       3.593950       3.593950       3.594570       3.606920       3.612550       3.615020       3.622860       3.625480       3.626050       3.626610       3.627170       3.627730       3.628290       3.628850       3.629420       3.629980       3.630540    
   3.707890       3.698980       3.698970       3.698970       3.696170       3.690580       3.690580       3.690580       3.690590       3.629900       3.564140       3.564140       3.564140       3.583510       3.593330       3.593330       3.594570       3.605540       3.610070       3.615020       3.615620       3.616210       3.616810       3.617410       3.618010       3.618620       3.619230       3.619840       3.620460       3.621080    
   3.698980       3.698970       3.698970       3.696170       3.690580       3.690580       3.690580       3.646510       3.606150       3.564110       3.564140       3.564140       3.564140       3.564140       3.582610       3.592090       3.592090       3.594570       3.602480       3.605120       3.605740       3.606360       3.607000       3.607630       3.608280       3.608930       3.609600       3.610270       3.610940       3.611620    
   3.698970       3.698970       3.696170       3.690580       3.690580       3.615890       3.503870       3.509070       3.514270       3.547440       3.564060       3.564140       3.564140       3.564140       3.564140       3.580860       3.589610       3.589600       3.594570       3.595210       3.595860       3.596520       3.597180       3.597860       3.598550       3.599250       3.599960       3.600690       3.601420       3.602170    
   3.698970       3.696170       3.690580       3.690580       3.600940       3.503850       3.503850       3.503870       3.509070       3.514270       3.547300       3.563900       3.564140       3.564140       3.564140       3.564140       3.577620       3.584650       3.584640       3.585310       3.585990       3.586670       3.587370       3.588090       3.588820       3.589570       3.590340       3.591120       3.591910       3.592710    
