iMOD/TUTORIALS/TUT_MetaswapAnalyser/model_MetaSWAP/meteo/Evaporation/Evaporation_20060611_L1.ASC
NCOLS                30
NROWS                30
XLLCORNER     160000.00
YLLCORNER     340000.00
CELLSIZE        1000.00
NODATA_VALUE   -9999.00
   5.709790       5.709460       5.709090       5.708690       5.708250       5.707780       5.707280       5.706750       5.706200       5.705620       5.705020       5.704400       5.703770       5.703120       5.702460       5.701790       5.701100       5.700410       5.699710       5.699000       5.698290       5.697570       5.696850       5.696130       5.695410       5.694680       5.693960       5.693230       5.692510       5.691780    
   5.708810       5.708490       5.708130       5.707740       5.707320       5.706860       5.706370       5.705860       5.705320       5.704750       5.704170       5.703570       5.702950       5.702310       5.701660       5.701000       5.700330       5.699650       5.698960       5.698260       5.697560       5.696860       5.696150       5.695440       5.694720       5.694010       5.693290       5.692570       5.691860       5.691140    
   5.707800       5.707490       5.707150       5.706770       5.706350       5.705910       5.705440       5.704940       5.704410       5.703860       5.703290       5.702700       5.702100       5.701470       5.700840       5.700190       5.699530       5.698860       5.698180       5.697500       5.696810       5.696110       5.695420       5.694710       5.694010       5.693300       5.692600       5.691890       5.691180       5.690480    
   5.706760       5.706470       5.706140       5.705770       5.705370       5.704940       5.704480       5.703990       5.703480       5.702940       5.702390       5.701810       5.701220       5.700610       5.699980       5.699350       5.698700       5.698050       5.697380       5.696710       5.696030       5.695350       5.694660       5.693970       5.693270       5.692580       5.691880       5.691180       5.690490       5.689790    
   5.705710       5.705420       5.705100       5.704740       5.704360       5.703940       5.703490       5.703020       5.702520       5.702000       5.701450       5.700890       5.700310       5.699720       5.699110       5.698480       5.697850       5.697200       5.696550       5.695890       5.695220       5.694550       5.693870       5.693190       5.692510       5.691830       5.691140       5.690450       5.689770       5.689080    
   5.704630       5.704360       5.704040       5.703700       5.703320       5.702920       5.702480       5.702020       5.701540       5.701030       5.700500       5.699950       5.699380       5.698800       5.698200       5.697590       5.696970       5.696340       5.695700       5.695050       5.694390       5.693730       5.693070       5.692400       5.691730       5.691050       5.690380       5.689700       5.689020       5.688350    
   5.703530       5.703270       5.702960       5.702630       5.702270       5.701870       5.701450       5.701000       5.700530       5.700030       5.699520       5.698980       5.698430       5.697860       5.697270       5.696680       5.696070       5.695450       5.694820       5.694180       5.693540       5.692890       5.692240       5.691580       5.690920       5.690260       5.689590       5.688920       5.688260       5.687590    
   5.702420       5.702160       5.701870       5.701540       5.701190       5.700810       5.700400       5.699960       5.699500       5.699020       5.698510       5.697990       5.697450       5.696890       5.696320       5.695740       5.695140       5.694530       5.693920       5.693290       5.692660       5.692030       5.691380       5.690740       5.690090       5.689440       5.688780       5.688130       5.687470       5.686820    
   5.701280       5.701030       5.700750       5.700440       5.700090       5.699720       5.699320       5.698900       5.698450       5.697980       5.697490       5.696980       5.696450       5.695910       5.695350       5.694780       5.694190       5.693600       5.692990       5.692380       5.691760       5.691140       5.690510       5.689870       5.689240       5.688600       5.687950       5.687310       5.686670       5.686020    
   5.700120       5.699880       5.699610       5.699310       5.698980       5.698620       5.698230       5.697820       5.697380       5.696920       5.696440       5.695940       5.695430       5.694900       5.694350       5.693790       5.693220       5.692640       5.692050       5.691450       5.690840       5.690230       5.689610       5.688990       5.688360       5.687740       5.687100       5.686470       5.685840       5.685210    
   5.700110       5.699870       5.699240       5.698160       5.697840       5.697490       5.697120       5.696710       5.696290       5.695840       5.695380       5.694890       5.694390       5.693870       5.693340       5.692790       5.692230       5.691660       5.691080       5.690500       5.689900       5.689300       5.688700       5.688090       5.687470       5.686860       5.686240       5.685620       5.684990       5.684370    
   5.700100       5.699350       5.698160       5.697050       5.696690       5.696350       5.695990       5.695600       5.695180       5.694750       5.694290       5.693820       5.693330       5.692820       5.692300       5.691770       5.691220       5.690660       5.690100       5.689520       5.688940       5.688350       5.687760       5.687160       5.686560       5.685960       5.685350       5.684740       5.684130       5.683520    
   5.699480       5.698160       5.696710       5.696110       5.695520       5.695190       5.694840       5.694460       5.694060       5.693630       5.693190       5.692730       5.692250       5.691760       5.691250       5.690730       5.690190       5.689650       5.689090       5.688530       5.687960       5.687390       5.686800       5.686220       5.685630       5.685040       5.684440       5.683840       5.683250       5.682650    
   5.698160       5.696550       5.695810       5.695520       5.694910       5.694020       5.693680       5.693310       5.692920       5.692500       5.692070       5.691620       5.691150       5.690670       5.690180       5.689670       5.689140       5.688610       5.688070       5.687520       5.686960       5.686400       5.685830       5.685260       5.684680       5.684100       5.683520       5.682930       5.682350       5.681760    
   5.696470       5.695670       5.695520       5.694820       5.694020       5.693400       5.692500       5.692140       5.691760       5.691360       5.690940       5.690500       5.690040       5.689570       5.689090       5.688590       5.688080       5.687560       5.687030       5.686490       5.685950       5.685400       5.684840       5.684280       5.683710       5.683150       5.682580       5.682000       5.681430       5.680850    
   5.695590       5.695520       5.694790       5.694020       5.693310       5.692500       5.692320       5.692130       5.691370       5.690200       5.689790       5.689360       5.688910       5.688450       5.687980       5.687500       5.687000       5.686490       5.685970       5.685450       5.684920       5.684380       5.683830       5.683280       5.682730       5.682170       5.681620       5.681060       5.680500       5.679930    
   5.695520       5.694780       5.694020       5.693280       5.692500       5.692410       5.692320       5.691500       5.690200       5.689990       5.688920       5.688200       5.687770       5.687320       5.686860       5.686390       5.685900       5.685400       5.684900       5.684390       5.683870       5.683340       5.682810       5.682270       5.681730       5.681190       5.680640       5.680090       5.679550       5.679000    
   5.694770       5.694020       5.693260       5.692500       5.692460       5.692410       5.691610       5.690200       5.690100       5.688750       5.687620       5.687040       5.686610       5.686180       5.685730       5.685260       5.684790       5.684300       5.683810       5.683310       5.682800       5.682290       5.681770       5.681240       5.680720       5.680190       5.679650       5.679120       5.678580       5.678040    
   5.694020       5.693260       5.692500       5.692480       5.692450       5.691670       5.690200       5.690150       5.688680       5.687330       5.687040       5.686820       5.686210       5.685020       5.684580       5.684130       5.683660       5.683190       5.682710       5.682220       5.681720       5.681220       5.680710       5.680200       5.679690       5.679170       5.678650       5.678130       5.677600       5.677080    
   5.693260       5.692500       5.692490       5.692480       5.691700       5.690200       5.690170       5.688650       5.687190       5.687040       5.686930       5.686270       5.685020       5.684800       5.684580       5.684120       5.683660       5.683190       5.681850       5.681120       5.680630       5.680140       5.679650       5.679150       5.678640       5.678140       5.677630       5.677120       5.676610       5.676100    
   5.692500       5.692490       5.692490       5.691720       5.690200       5.690190       5.688640       5.687110       5.687040       5.686990       5.686320       5.685020       5.684910       5.684800       5.684500       5.684120       5.683660       5.681850       5.680560       5.680000       5.679530       5.679050       5.678560       5.678080       5.677590       5.677090       5.676600       5.676100       5.675600       5.675100    
   5.692500       5.692490       5.691720       5.690200       5.690190       5.688630       5.687080       5.687040       5.687010       5.686340       5.685020       5.684970       5.684910       5.684740       5.684470       5.684090       5.681980       5.680280       5.680000       5.679310       5.678410       5.677940       5.677470       5.677000       5.676520       5.676040       5.675560       5.675070       5.674590       5.674100    
   5.692500       5.691730       5.690200       5.690200       5.688620       5.687060       5.687040       5.687030       5.686350       5.685020       5.684990       5.684960       5.684870       5.684710       5.684430       5.681440       5.680140       5.680000       5.678040       5.677270       5.677000       5.676820       5.676370       5.675900       5.675440       5.674970       5.674500       5.674030       5.673560       5.673080    
   5.691730       5.690200       5.690200       5.688620       5.687050       5.687040       5.687030       5.686360       5.685020       5.685010       5.684990       5.684940       5.684850       5.681270       5.678560       5.676530       5.676530       5.676270       5.675940       5.675560       5.676140       5.675700       5.675250       5.674800       5.674350       5.673890       5.673430       5.672980       5.672520       5.672060    
   5.690200       5.690200       5.688620       5.687040       5.687040       5.687040       5.686360       5.685020       5.685010       5.685010       5.684980       5.684930       5.678610       5.671020       5.671060       5.673180       5.672910       5.673060       5.674310       5.674990       5.674990       5.674560       5.674120       5.673680       5.673240       5.672800       5.672360       5.671910       5.671470       5.671020    
   5.690200       5.688620       5.687040       5.687040       5.687040       5.686370       5.685020       5.685020       5.685010       5.685000       5.678080       5.667750       5.669900       5.670980       5.670980       5.671060       5.672240       5.672760       5.673060       5.673640       5.673830       5.673410       5.672990       5.672560       5.672130       5.671700       5.671270       5.670840       5.670400       5.669970    
   5.688620       5.687040       5.687040       5.687040       5.686370       5.685020       5.685020       5.685020       5.685010       5.676720       5.667750       5.667750       5.667750       5.669840       5.670910       5.670910       5.671060       5.672060       5.672470       5.673060       5.672660       5.672250       5.671840       5.671430       5.671010       5.670590       5.670180       5.669760       5.669340       5.668920    
   5.687040       5.687040       5.687040       5.686370       5.685020       5.685020       5.685020       5.679230       5.673690       5.667750       5.667750       5.667750       5.667750       5.667750       5.669730       5.670760       5.670760       5.671060       5.671670       5.671880       5.671480       5.671090       5.670690       5.670280       5.669880       5.669480       5.669070       5.668660       5.668260       5.667850    
   5.687040       5.687040       5.686370       5.685020       5.685020       5.675370       5.660910       5.661390       5.661870       5.665780       5.667740       5.667750       5.667750       5.667750       5.667750       5.669520       5.670450       5.670450       5.671060       5.670680       5.670300       5.669910       5.669530       5.669140       5.668740       5.668350       5.667960       5.667570       5.667170       5.666780    
   5.687040       5.686370       5.685020       5.685020       5.673440       5.660910       5.660910       5.660910       5.661390       5.661870       5.665760       5.667720       5.667750       5.667750       5.667750       5.667750       5.669120       5.669850       5.669850       5.669480       5.669110       5.668730       5.668360       5.667980       5.667600       5.667220       5.666840       5.666460       5.666080       5.665700    
