iMOD/TUTORIALS/TUT_MetaswapAnalyser/model_MetaSWAP/meteo/Evaporation/Evaporation_20051205_L1.ASC
NCOLS                30
NROWS                30
XLLCORNER     160000.00
YLLCORNER     340000.00
CELLSIZE        1000.00
NODATA_VALUE   -9999.00
  0.1344800      0.1341000      0.1337400      0.1333900      0.1330600      0.1327400      0.1324300      0.1321400      0.1318600      0.1315900      0.1313200      0.1310700      0.1308200      0.1305700      0.1303400      0.1301100      0.1298800      0.1296600      0.1294400      0.1292200      0.1290100      0.1288000      0.1285900      0.1283800      0.1281700      0.1279600      0.1277600      0.1275500      0.1273400      0.1271400    
  0.1343000      0.1339200      0.1335600      0.1332200      0.1328800      0.1325700      0.1322600      0.1319700      0.1316800      0.1314100      0.1311500      0.1308900      0.1306400      0.1304000      0.1301600      0.1299300      0.1297100      0.1294800      0.1292600      0.1290500      0.1288300      0.1286200      0.1284100      0.1282000      0.1280000      0.1277900      0.1275800      0.1273800      0.1271700      0.1269700    
  0.1341400      0.1337600      0.1334000      0.1330600      0.1327300      0.1324100      0.1321000      0.1318100      0.1315300      0.1312500      0.1309900      0.1307300      0.1304800      0.1302400      0.1300000      0.1297700      0.1295400      0.1293200      0.1291000      0.1288900      0.1286700      0.1284600      0.1282500      0.1280400      0.1278400      0.1276300      0.1274200      0.1272200      0.1270100      0.1268100    
  0.1339900      0.1336200      0.1332600      0.1329100      0.1325800      0.1322700      0.1319600      0.1316700      0.1313800      0.1311100      0.1308400      0.1305900      0.1303400      0.1300900      0.1298600      0.1296200      0.1294000      0.1291700      0.1289500      0.1287400      0.1285200      0.1283100      0.1281000      0.1278900      0.1276900      0.1274800      0.1272700      0.1270700      0.1268600      0.1266600    
  0.1338600      0.1334900      0.1331300      0.1327800      0.1324500      0.1321400      0.1318300      0.1315400      0.1312500      0.1309800      0.1307100      0.1304500      0.1302000      0.1299600      0.1297200      0.1294900      0.1292600      0.1290400      0.1288200      0.1286000      0.1283900      0.1281800      0.1279700      0.1277600      0.1275500      0.1273400      0.1271400      0.1269300      0.1267200      0.1265200    
  0.1337400      0.1333700      0.1330100      0.1326700      0.1323400      0.1320200      0.1317100      0.1314200      0.1311400      0.1308600      0.1305900      0.1303400      0.1300900      0.1298400      0.1296000      0.1293700      0.1291400      0.1289200      0.1287000      0.1284800      0.1282600      0.1280500      0.1278400      0.1276300      0.1274200      0.1272200      0.1270100      0.1268000      0.1266000      0.1263900    
  0.1336300      0.1332600      0.1329100      0.1325600      0.1322300      0.1319200      0.1316100      0.1313200      0.1310300      0.1307600      0.1304900      0.1302300      0.1299800      0.1297300      0.1295000      0.1292600      0.1290300      0.1288100      0.1285900      0.1283700      0.1281500      0.1279400      0.1277300      0.1275200      0.1273100      0.1271000      0.1268900      0.1266800      0.1264800      0.1262700    
  0.1335400      0.1331700      0.1328100      0.1324700      0.1321400      0.1318300      0.1315200      0.1312300      0.1309400      0.1306600      0.1304000      0.1301400      0.1298900      0.1296400      0.1294000      0.1291700      0.1289400      0.1287100      0.1284900      0.1282700      0.1280500      0.1278400      0.1276300      0.1274100      0.1272000      0.1269900      0.1267900      0.1265800      0.1263700      0.1261600    
  0.1334500      0.1330800      0.1327300      0.1323900      0.1320600      0.1317500      0.1314400      0.1311500      0.1308600      0.1305800      0.1303200      0.1300600      0.1298000      0.1295600      0.1293200      0.1290800      0.1288500      0.1286200      0.1284000      0.1281800      0.1279600      0.1277500      0.1275300      0.1273200      0.1271100      0.1269000      0.1266900      0.1264800      0.1262700      0.1260600    
  0.1333800      0.1330100      0.1326600      0.1323200      0.1319900      0.1316800      0.1313700      0.1310800      0.1307900      0.1305200      0.1302500      0.1299900      0.1297300      0.1294900      0.1292400      0.1290100      0.1287800      0.1285500      0.1283200      0.1281000      0.1278800      0.1276700      0.1274500      0.1272400      0.1270300      0.1268100      0.1266000      0.1263900      0.1261800      0.1259700    
  0.1333830      0.1330170      0.1325630      0.1322600      0.1319300      0.1316200      0.1313100      0.1310200      0.1307300      0.1304600      0.1301900      0.1299300      0.1296700      0.1294200      0.1291800      0.1289500      0.1287100      0.1284800      0.1282600      0.1280400      0.1278200      0.1276000      0.1273800      0.1271700      0.1269500      0.1267400      0.1265300      0.1263100      0.1261000      0.1258900    
  0.1333880      0.1328060      0.1322600      0.1319770      0.1318800      0.1315700      0.1312600      0.1309700      0.1306800      0.1304100      0.1301400      0.1298800      0.1296200      0.1293700      0.1291300      0.1288900      0.1286600      0.1284300      0.1282000      0.1279800      0.1277600      0.1275400      0.1273200      0.1271000      0.1268900      0.1266700      0.1264600      0.1262400      0.1260300      0.1258100    
  0.1330550      0.1322600      0.1319840      0.1318600      0.1318400      0.1315300      0.1312300      0.1309300      0.1306500      0.1303700      0.1301000      0.1298400      0.1295800      0.1293300      0.1290900      0.1288500      0.1286100      0.1283800      0.1281600      0.1279300      0.1277100      0.1274900      0.1272700      0.1270500      0.1268300      0.1266200      0.1264000      0.1261800      0.1259700      0.1257500    
  0.1322600      0.1319840      0.1318500      0.1318400      0.1316230      0.1315000      0.1312000      0.1309000      0.1306200      0.1303400      0.1300700      0.1298100      0.1295500      0.1293000      0.1290600      0.1288200      0.1285800      0.1283500      0.1281200      0.1278900      0.1276700      0.1274500      0.1272200      0.1270000      0.1267900      0.1265700      0.1263500      0.1261300      0.1259100      0.1256900    
  0.1319820      0.1318450      0.1318400      0.1316540      0.1315000      0.1312930      0.1311800      0.1308800      0.1306000      0.1303200      0.1300500      0.1297900      0.1295300      0.1292800      0.1290300      0.1287900      0.1285500      0.1283200      0.1280900      0.1278600      0.1276400      0.1274100      0.1271900      0.1269700      0.1267500      0.1265300      0.1263100      0.1260900      0.1258600      0.1256400    
  0.1318420      0.1318400      0.1316650      0.1315000      0.1313240      0.1311800      0.1310300      0.1308870      0.1305270      0.1303100      0.1300400      0.1297700      0.1295200      0.1292600      0.1290200      0.1287800      0.1285400      0.1283000      0.1280700      0.1278400      0.1276100      0.1273900      0.1271600      0.1269400      0.1267200      0.1264900      0.1262700      0.1260500      0.1258200      0.1256000    
  0.1318400      0.1316680      0.1315000      0.1313350      0.1311800      0.1311050      0.1310320      0.1306890      0.1303100      0.1301750      0.1299320      0.1297700      0.1295100      0.1292600      0.1290100      0.1287700      0.1285300      0.1282900      0.1280600      0.1278300      0.1276000      0.1273700      0.1271400      0.1269200      0.1266900      0.1264700      0.1262400      0.1260200      0.1257900      0.1255700    
  0.1316690      0.1315000      0.1313380      0.1311800      0.1311420      0.1311060      0.1307840      0.1303100      0.1302420      0.1299910      0.1297700      0.1297700      0.1295100      0.1292600      0.1290100      0.1287700      0.1285300      0.1282900      0.1280500      0.1278200      0.1275900      0.1273600      0.1271300      0.1269100      0.1266800      0.1264500      0.1262200      0.1260000      0.1257700      0.1255400    
  0.1315000      0.1313390      0.1311800      0.1311610      0.1311430      0.1308360      0.1303100      0.1302760      0.1300170      0.1297700      0.1297700      0.1296400      0.1294520      0.1292700      0.1290200      0.1287700      0.1285300      0.1282900      0.1280600      0.1278200      0.1275900      0.1273600      0.1271300      0.1269000      0.1266700      0.1264400      0.1262100      0.1259800      0.1257500      0.1255200    
  0.1313400      0.1311800      0.1311710      0.1311610      0.1308620      0.1303100      0.1302930      0.1300290      0.1297700      0.1297700      0.1297050      0.1295330      0.1292700      0.1291450      0.1290200      0.1287730      0.1285300      0.1282930      0.1279700      0.1278300      0.1276000      0.1273600      0.1271300      0.1269000      0.1266700      0.1264400      0.1262000      0.1259700      0.1257400      0.1255000    
  0.1311800      0.1311750      0.1311710      0.1308760      0.1303100      0.1303020      0.1300340      0.1297700      0.1297700      0.1297370      0.1295700      0.1292700      0.1292070      0.1291450      0.1289790      0.1287740      0.1285320      0.1280970      0.1278400      0.1278500      0.1276100      0.1273700      0.1271400      0.1269100      0.1266700      0.1264400      0.1262000      0.1259700      0.1257300      0.1254900    
  0.1311780      0.1311750      0.1308830      0.1303100      0.1303060      0.1300370      0.1297700      0.1297700      0.1297540      0.1295870      0.1292700      0.1292390      0.1292070      0.1291110      0.1289660      0.1287620      0.1282200      0.1278450      0.1278500      0.1276970      0.1276300      0.1273900      0.1271600      0.1269200      0.1266800      0.1264400      0.1262100      0.1259700      0.1257300      0.1254900    
  0.1311780      0.1308860      0.1303100      0.1303080      0.1300390      0.1297700      0.1297700      0.1297620      0.1295950      0.1292700      0.1292540      0.1292390      0.1291860      0.1290950      0.1289460      0.1283490      0.1278470      0.1278500      0.1277250      0.1276550      0.1275100      0.1274100      0.1271800      0.1269400      0.1267000      0.1264600      0.1262200      0.1259800      0.1257300      0.1254900    
  0.1308880      0.1303100      0.1303090      0.1300390      0.1297700      0.1297700      0.1297660      0.1295990      0.1292700      0.1292620      0.1292540      0.1292260      0.1291730      0.1289070      0.1284810      0.1279510      0.1279500      0.1278290      0.1276920      0.1277000      0.1276800      0.1274400      0.1272000      0.1269600      0.1267200      0.1264800      0.1262300      0.1259900      0.1257400      0.1255000    
  0.1303100      0.1303090      0.1300400      0.1297700      0.1297700      0.1297680      0.1296010      0.1292700      0.1292660      0.1292620      0.1292480      0.1292180      0.1288220      0.1284020      0.1284000      0.1281450      0.1280560      0.1280500      0.1278260      0.1277200      0.1277200      0.1274800      0.1272300      0.1269900      0.1267400      0.1265000      0.1262500      0.1260100      0.1257600      0.1255100    
  0.1303100      0.1300400      0.1297700      0.1297700      0.1297690      0.1296020      0.1292700      0.1292680      0.1292660      0.1292590      0.1290780      0.1288300      0.1285460      0.1284040      0.1284040      0.1284000      0.1281720      0.1280630      0.1280500      0.1278330      0.1277600      0.1275100      0.1272700      0.1270200      0.1267800      0.1265300      0.1262800      0.1260300      0.1257700      0.1255200    
  0.1300400      0.1297700      0.1297700      0.1297690      0.1296030      0.1292700      0.1292690      0.1292680      0.1292640      0.1290520      0.1288300      0.1288300      0.1288300      0.1285490      0.1284080      0.1284080      0.1284000      0.1281750      0.1280750      0.1280500      0.1278000      0.1275600      0.1273100      0.1270600      0.1268100      0.1265600      0.1263100      0.1260500      0.1258000      0.1255400    
  0.1297700      0.1297700      0.1297700      0.1296030      0.1292700      0.1292700      0.1292690      0.1293030      0.1291410      0.1288300      0.1288300      0.1288300      0.1288300      0.1288300      0.1285540      0.1284150      0.1284150      0.1284000      0.1281750      0.1281000      0.1278500      0.1276000      0.1273500      0.1271000      0.1268500      0.1265900      0.1263400      0.1260800      0.1258200      0.1255600    
  0.1297700      0.1297700      0.1296030      0.1292700      0.1292700      0.1294540      0.1297300      0.1295700      0.1294100      0.1290240      0.1288310      0.1288300      0.1288300      0.1288300      0.1288300      0.1285640      0.1284300      0.1284300      0.1284000      0.1281500      0.1279000      0.1276500      0.1274000      0.1271400      0.1268900      0.1266300      0.1263700      0.1261100      0.1258500      0.1255900    
  0.1297700      0.1296030      0.1292700      0.1292700      0.1294910      0.1297300      0.1297300      0.1297300      0.1295700      0.1294100      0.1290250      0.1288320      0.1288300      0.1288300      0.1288300      0.1288300      0.1285790      0.1284600      0.1284600      0.1282100      0.1279500      0.1277000      0.1274500      0.1271900      0.1269300      0.1266700      0.1264100      0.1261500      0.1258800      0.1256100    
