iMOD/TUTORIALS/TUT_MetaswapAnalyser/model_MetaSWAP/meteo/Evaporation/Evaporation_20061209_L1.ASC
NCOLS                30
NROWS                30
XLLCORNER     160000.00
YLLCORNER     340000.00
CELLSIZE        1000.00
NODATA_VALUE   -9999.00
  0.4021600      0.4011700      0.4001700      0.3991500      0.3981200      0.3970700      0.3960200      0.3949500      0.3938800      0.3928000      0.3917100      0.3906100      0.3895200      0.3884200      0.3873100      0.3862100      0.3851000      0.3839900      0.3828900      0.3817800      0.3806800      0.3795800      0.3784900      0.3773900      0.3763100      0.3752200      0.3741500      0.3730800      0.3720100      0.3709500    
  0.4004300      0.3994300      0.3984200      0.3973900      0.3963500      0.3953000      0.3942400      0.3931700      0.3920900      0.3910100      0.3899200      0.3888200      0.3877200      0.3866200      0.3855100      0.3844100      0.3833000      0.3821900      0.3810900      0.3799900      0.3788800      0.3777900      0.3766900      0.3756000      0.3745200      0.3734400      0.3723700      0.3713000      0.3702400      0.3691900    
  0.3986800      0.3976700      0.3966500      0.3956200      0.3945700      0.3935100      0.3924500      0.3913700      0.3902900      0.3892000      0.3881100      0.3870100      0.3859100      0.3848000      0.3837000      0.3825900      0.3814800      0.3803800      0.3792700      0.3781700      0.3770700      0.3759800      0.3748900      0.3738000      0.3727200      0.3716400      0.3705700      0.3695100      0.3684600      0.3674100    
  0.3969100      0.3959000      0.3948700      0.3938300      0.3927800      0.3917100      0.3906400      0.3895600      0.3884800      0.3873800      0.3862900      0.3851900      0.3840800      0.3829700      0.3818700      0.3807600      0.3796500      0.3785500      0.3774400      0.3763400      0.3752400      0.3741500      0.3730600      0.3719800      0.3709000      0.3698300      0.3687700      0.3677100      0.3666600      0.3656200    
  0.3951300      0.3941100      0.3930700      0.3920300      0.3909700      0.3899000      0.3888200      0.3877400      0.3866500      0.3855500      0.3844500      0.3833500      0.3822400      0.3811300      0.3800200      0.3789100      0.3778100      0.3767000      0.3756000      0.3745000      0.3734000      0.3723100      0.3712300      0.3701500      0.3690700      0.3680100      0.3669500      0.3658900      0.3648500      0.3638200    
  0.3933400      0.3923100      0.3912700      0.3902100      0.3891500      0.3880700      0.3869900      0.3859000      0.3848000      0.3837000      0.3826000      0.3814900      0.3803800      0.3792700      0.3781600      0.3770500      0.3759500      0.3748400      0.3737400      0.3726400      0.3715500      0.3704600      0.3693800      0.3683000      0.3672300      0.3661700      0.3651100      0.3640700      0.3630300      0.3620000    
  0.3915400      0.3905000      0.3894500      0.3883900      0.3873100      0.3862300      0.3851400      0.3840500      0.3829500      0.3818500      0.3807400      0.3796300      0.3785200      0.3774000      0.3762900      0.3751800      0.3740700      0.3729700      0.3718700      0.3707700      0.3696800      0.3685900      0.3675100      0.3664400      0.3653700      0.3643200      0.3632700      0.3622300      0.3611900      0.3601700    
  0.3897300      0.3886800      0.3876200      0.3865500      0.3854700      0.3843800      0.3832900      0.3821900      0.3810800      0.3799800      0.3788600      0.3777500      0.3766400      0.3755200      0.3744100      0.3733000      0.3721900      0.3710900      0.3699800      0.3688900      0.3678000      0.3667200      0.3656400      0.3645700      0.3635100      0.3624500      0.3614100      0.3603800      0.3593500      0.3583300    
  0.3879100      0.3868500      0.3857800      0.3847000      0.3836200      0.3825200      0.3814200      0.3803200      0.3792100      0.3780900      0.3769800      0.3758600      0.3747500      0.3736300      0.3725200      0.3714000      0.3703000      0.3691900      0.3680900      0.3670000      0.3659100      0.3648300      0.3637500      0.3626900      0.3616300      0.3605800      0.3595400      0.3585100      0.3574900      0.3564800    
  0.3860800      0.3850100      0.3839300      0.3828500      0.3817500      0.3806500      0.3795500      0.3784400      0.3773200      0.3762000      0.3750900      0.3739700      0.3728500      0.3717300      0.3706100      0.3695000      0.3683900      0.3672900      0.3661900      0.3650900      0.3640100      0.3629300      0.3618600      0.3608000      0.3597400      0.3587000      0.3576700      0.3566400      0.3556300      0.3546300    
  0.3860770      0.3850070      0.3831950      0.3809900      0.3798800      0.3787800      0.3776600      0.3765500      0.3754300      0.3743100      0.3731800      0.3720600      0.3709400      0.3698200      0.3687000      0.3675900      0.3664800      0.3653700      0.3642700      0.3631800      0.3621000      0.3610200      0.3599500      0.3589000      0.3578500      0.3568100      0.3557800      0.3547600      0.3537600      0.3527600    
  0.3860730      0.3838170      0.3809900      0.3787500      0.3780100      0.3768900      0.3757700      0.3746500      0.3735300      0.3724000      0.3712700      0.3701500      0.3690200      0.3679000      0.3667800      0.3656600      0.3645500      0.3634500      0.3623500      0.3612600      0.3601800      0.3591100      0.3580400      0.3569900      0.3559400      0.3549100      0.3538900      0.3528700      0.3518700      0.3508900    
  0.3845030      0.3809900      0.3782310      0.3770650      0.3761200      0.3750000      0.3738800      0.3727500      0.3716200      0.3704900      0.3693600      0.3682200      0.3671000      0.3659700      0.3648500      0.3637300      0.3626200      0.3615200      0.3604200      0.3593300      0.3582500      0.3571800      0.3561200      0.3550700      0.3540300      0.3530000      0.3519800      0.3509800      0.3499900      0.3490000    
  0.3809900      0.3779830      0.3765930      0.3761200      0.3747430      0.3731100      0.3719700      0.3708400      0.3697000      0.3685700      0.3674300      0.3663000      0.3651700      0.3640400      0.3629100      0.3618000      0.3606900      0.3595800      0.3584900      0.3574000      0.3563200      0.3552500      0.3541900      0.3531500      0.3521100      0.3510900      0.3500800      0.3490800      0.3480900      0.3471200    
  0.3778620      0.3763560      0.3761200      0.3746580      0.3731100      0.3717170      0.3700700      0.3689300      0.3677800      0.3666400      0.3655000      0.3643600      0.3632300      0.3621000      0.3609700      0.3598600      0.3587400      0.3576400      0.3565400      0.3554600      0.3543800      0.3533100      0.3522600      0.3512200      0.3501900      0.3491700      0.3481600      0.3471700      0.3461900      0.3452200    
  0.3762380      0.3761200      0.3746290      0.3731100      0.3716320      0.3700700      0.3695000      0.3689270      0.3670180      0.3647200      0.3635700      0.3624300      0.3612900      0.3601600      0.3590300      0.3579100      0.3567900      0.3556900      0.3546000      0.3535100      0.3524400      0.3513700      0.3503200      0.3492800      0.3482600      0.3472400      0.3462400      0.3452600      0.3442900      0.3433300    
  0.3761200      0.3746200      0.3731100      0.3716040      0.3700700      0.3697850      0.3694990      0.3675410      0.3647200      0.3641450      0.3619500      0.3604900      0.3593500      0.3582100      0.3570800      0.3559600      0.3548400      0.3537400      0.3526400      0.3515600      0.3504900      0.3494300      0.3483800      0.3473400      0.3463200      0.3453200      0.3443200      0.3433400      0.3423800      0.3414200    
  0.3746170      0.3731100      0.3715950      0.3700700      0.3699280      0.3697850      0.3678860      0.3647200      0.3644320      0.3617740      0.3595150      0.3585400      0.3574000      0.3562600      0.3551300      0.3540000      0.3528900      0.3517800      0.3506900      0.3496100      0.3485300      0.3474800      0.3464300      0.3454000      0.3443800      0.3433800      0.3424000      0.3414200      0.3404600      0.3395200    
  0.3731100      0.3715920      0.3700700      0.3699990      0.3699270      0.3680800      0.3647200      0.3645760      0.3616990      0.3590280      0.3585400      0.3579700      0.3566270      0.3543100      0.3531700      0.3520500      0.3509300      0.3498200      0.3487300      0.3476500      0.3465800      0.3455200      0.3444800      0.3434600      0.3424400      0.3414500      0.3404700      0.3395000      0.3385500      0.3376100    
  0.3715910      0.3700700      0.3700340      0.3699990      0.3681810      0.3647200      0.3646480      0.3616640      0.3587840      0.3585400      0.3582550      0.3568620      0.3543100      0.3537400      0.3531770      0.3520500      0.3509330      0.3498270      0.3471240      0.3456900      0.3446200      0.3435700      0.3425300      0.3415100      0.3405000      0.3395100      0.3385400      0.3375800      0.3366300      0.3357100    
  0.3700700      0.3700520      0.3700340      0.3682340      0.3647200      0.3646840      0.3616470      0.3586620      0.3585400      0.3583970      0.3569920      0.3543100      0.3540250      0.3537420      0.3529890      0.3520530      0.3509370      0.3472650      0.3447100      0.3437300      0.3426600      0.3416100      0.3405800      0.3395600      0.3385600      0.3375700      0.3366100      0.3356500      0.3347200      0.3338000    
  0.3700610      0.3700520      0.3682600      0.3647200      0.3647020      0.3616380      0.3586010      0.3585400      0.3584690      0.3570600      0.3543100      0.3541680      0.3540260      0.3535850      0.3529280      0.3519930      0.3476410      0.3442200      0.3437300      0.3423670      0.3407100      0.3396600      0.3386300      0.3376100      0.3366200      0.3356400      0.3346700      0.3337300      0.3328000      0.3318900    
  0.3700610      0.3682730      0.3647200      0.3647110      0.3616340      0.3585700      0.3585400      0.3585040      0.3570950      0.3543100      0.3542390      0.3541680      0.3539260      0.3535130      0.3528360      0.3468800      0.3439750      0.3437300      0.3401650      0.3387500      0.3381220      0.3377000      0.3366800      0.3356700      0.3346700      0.3337000      0.3327400      0.3318100      0.3308900      0.3299900    
  0.3682800      0.3647200      0.3647150      0.3616320      0.3585550      0.3585400      0.3585220      0.3571120      0.3543100      0.3542740      0.3542390      0.3541110      0.3538690      0.3473710      0.3421190      0.3378660      0.3378650      0.3372390      0.3364680      0.3358150      0.3367900      0.3357500      0.3347300      0.3337200      0.3327300      0.3317700      0.3308200      0.3298900      0.3289800      0.3280800    
  0.3647200      0.3647180      0.3616310      0.3585480      0.3585400      0.3585310      0.3571210      0.3543100      0.3542920      0.3542740      0.3542080      0.3540730      0.3427180      0.3291500      0.3292100      0.3324110      0.3317570      0.3320000      0.3338310      0.3348400      0.3348400      0.3338000      0.3327800      0.3317800      0.3308000      0.3298300      0.3288900      0.3279700      0.3270700      0.3261800    
  0.3647190      0.3616300      0.3585440      0.3585400      0.3585360      0.3571260      0.3543100      0.3543010      0.3542920      0.3542580      0.3423390      0.3245700      0.3275730      0.3290890      0.3290890      0.3292100      0.3308120      0.3315150      0.3320000      0.3326700      0.3328900      0.3318500      0.3308400      0.3298400      0.3288600      0.3279100      0.3269700      0.3260600      0.3251600      0.3242900    
  0.3616300      0.3585420      0.3585400      0.3585380      0.3571280      0.3543100      0.3543060      0.3543010      0.3542840      0.3400060      0.3245700      0.3245700      0.3245700      0.3274840      0.3289690      0.3289690      0.3292100      0.3305230      0.3310300      0.3320000      0.3309500      0.3299100      0.3289000      0.3279000      0.3269300      0.3259800      0.3250500      0.3241500      0.3232600      0.3224000    
  0.3585410      0.3585400      0.3585390      0.3571290      0.3543100      0.3543080      0.3543060      0.3448250      0.3352340      0.3245650      0.3245700      0.3245700      0.3245700      0.3245700      0.3273080      0.3287280      0.3287280      0.3292100      0.3298500      0.3300600      0.3290100      0.3279700      0.3269600      0.3259700      0.3250100      0.3240700      0.3231400      0.3222500      0.3213700      0.3205100    
  0.3585400      0.3585390      0.3571290      0.3543100      0.3543090      0.3389000      0.3157900      0.3161000      0.3164100      0.3218360      0.3245550      0.3245700      0.3245700      0.3245700      0.3245700      0.3269660      0.3282470      0.3282450      0.3292100      0.3281300      0.3270800      0.3260400      0.3250400      0.3240500      0.3230900      0.3221600      0.3212400      0.3203500      0.3194800      0.3186400    
  0.3585400      0.3571300      0.3543100      0.3543090      0.3358170      0.3157870      0.3157870      0.3157900      0.3161000      0.3164100      0.3218100      0.3245240      0.3245700      0.3245700      0.3245700      0.3245700      0.3263180      0.3272870      0.3272800      0.3262100      0.3251500      0.3241200      0.3231200      0.3221400      0.3211800      0.3202500      0.3193500      0.3184700      0.3176100      0.3167700    
