iMOD/TUTORIALS/TUT_MetaswapAnalyser/model_MetaSWAP/meteo/Evaporation/Evaporation_20060619_L1.ASC
NCOLS                30
NROWS                30
XLLCORNER     160000.00
YLLCORNER     340000.00
CELLSIZE        1000.00
NODATA_VALUE   -9999.00
   3.337940       3.332440       3.326850       3.321160       3.315380       3.309510       3.303560       3.297530       3.291420       3.285240       3.278990       3.272680       3.266310       3.259890       3.253410       3.246880       3.240300       3.233680       3.227020       3.220320       3.213580       3.206800       3.199990       3.193150       3.186270       3.179370       3.172440       3.165480       3.158490       3.151480    
   3.329600       3.324110       3.318520       3.312840       3.307070       3.301210       3.295270       3.289250       3.283150       3.276990       3.270760       3.264460       3.258110       3.251700       3.245230       3.238720       3.232160       3.225560       3.218910       3.212220       3.205500       3.198740       3.191950       3.185130       3.178270       3.171390       3.164480       3.157540       3.150580       3.143590    
   3.321200       3.315720       3.310140       3.304470       3.298700       3.292860       3.286930       3.280920       3.274840       3.268680       3.262470       3.256190       3.249850       3.243450       3.237010       3.230510       3.223970       3.217380       3.210750       3.204080       3.197380       3.190640       3.183870       3.177060       3.170230       3.163360       3.156480       3.149560       3.142620       3.135650    
   3.312770       3.307290       3.301710       3.296040       3.290290       3.284450       3.278530       3.272540       3.266470       3.260330       3.254130       3.247860       3.241540       3.235160       3.228730       3.222250       3.215730       3.209160       3.202550       3.195900       3.189210       3.182490       3.175740       3.168960       3.162140       3.155300       3.148430       3.141540       3.134620       3.127680    
   3.304280       3.298810       3.293240       3.287580       3.281830       3.276000       3.270090       3.264110       3.258050       3.251930       3.245740       3.239490       3.233190       3.226820       3.220410       3.213950       3.207440       3.200890       3.194300       3.187670       3.181000       3.174300       3.167570       3.160810       3.154020       3.147200       3.140350       3.133480       3.126590       3.119670    
   3.295760       3.290280       3.284720       3.279060       3.273330       3.267510       3.261610       3.255640       3.249600       3.243480       3.237310       3.231080       3.224790       3.218440       3.212040       3.205600       3.199110       3.192580       3.186000       3.179400       3.172750       3.166070       3.159360       3.152620       3.145850       3.139050       3.132230       3.125390       3.118520       3.111630    
   3.287190       3.281720       3.276160       3.270510       3.264780       3.258970       3.253080       3.247120       3.241090       3.235000       3.228840       3.222620       3.216340       3.210010       3.203630       3.197210       3.190740       3.184220       3.177670       3.171080       3.164460       3.157800       3.151110       3.144390       3.137650       3.130880       3.124080       3.117260       3.110420       3.103550    
   3.278590       3.273120       3.267560       3.261920       3.256200       3.250400       3.244520       3.238570       3.232550       3.226470       3.220320       3.214120       3.207860       3.201550       3.195180       3.188780       3.182320       3.175830       3.169300       3.162730       3.156120       3.149490       3.142820       3.136130       3.129410       3.122660       3.115890       3.109100       3.102280       3.095450    
   3.269960       3.264490       3.258930       3.253300       3.247580       3.241780       3.235920       3.229980       3.223970       3.217900       3.211770       3.205580       3.199340       3.193040       3.186700       3.180310       3.173870       3.167400       3.160890       3.154340       3.147760       3.141140       3.134500       3.127830       3.121130       3.114410       3.107670       3.100900       3.094110       3.087300    
   3.261290       3.255820       3.250270       3.244640       3.238930       3.233140       3.227280       3.221350       3.215360       3.209300       3.203180       3.197010       3.190780       3.184500       3.178170       3.171800       3.165390       3.158930       3.152440       3.145910       3.139360       3.132760       3.126150       3.119500       3.112830       3.106130       3.099410       3.092670       3.085910       3.079140    
   3.261260       3.255790       3.246670       3.235950       3.230240       3.224460       3.218610       3.212700       3.206710       3.200670       3.194560       3.188400       3.182190       3.175930       3.169620       3.163260       3.156870       3.150430       3.143960       3.137460       3.130920       3.124350       3.117760       3.111140       3.104490       3.097820       3.091130       3.084420       3.077690       3.070940    
   3.261230       3.249920       3.235950       3.225130       3.221530       3.215760       3.209920       3.204010       3.198030       3.192000       3.185910       3.179760       3.173570       3.167320       3.161030       3.154690       3.148320       3.141900       3.135450       3.128970       3.122450       3.115910       3.109340       3.102740       3.096120       3.089480       3.082820       3.076130       3.069430       3.062710    
   3.253430       3.235950       3.222760       3.217160       3.212790       3.207020       3.201190       3.195290       3.189330       3.183310       3.177230       3.171100       3.164920       3.158690       3.152410       3.146090       3.139740       3.133340       3.126910       3.120450       3.113960       3.107440       3.100890       3.094320       3.087730       3.081110       3.074480       3.067820       3.061150       3.054460    
   3.235950       3.221620       3.214970       3.212790       3.206030       3.198270       3.192440       3.186550       3.180600       3.174590       3.168520       3.162410       3.156240       3.150020       3.143760       3.137470       3.131130       3.124750       3.118340       3.111900       3.105440       3.098940       3.092420       3.085870       3.079310       3.072720       3.066110       3.059490       3.052850       3.046190    
   3.221060       3.213880       3.212790       3.205700       3.198270       3.191460       3.183670       3.177790       3.171850       3.165850       3.159790       3.153690       3.147540       3.141340       3.135090       3.128810       3.122490       3.116140       3.109750       3.103330       3.096890       3.090420       3.083920       3.077400       3.070860       3.064300       3.057720       3.051130       3.044520       3.037890    
   3.213340       3.212790       3.205590       3.198270       3.191130       3.183670       3.180730       3.177770       3.168140       3.157080       3.151040       3.144950       3.138810       3.132630       3.126400       3.120140       3.113840       3.107500       3.101140       3.094740       3.088320       3.081870       3.075400       3.068910       3.062390       3.055860       3.049310       3.042750       3.036170       3.029580    
   3.212790       3.205550       3.198270       3.191020       3.183670       3.182200       3.180720       3.170930       3.157080       3.154060       3.143330       3.136190       3.130060       3.123900       3.117690       3.111440       3.105160       3.098840       3.092500       3.086120       3.079720       3.073300       3.066860       3.060390       3.053910       3.047400       3.040880       3.034350       3.027800       3.021240    
   3.205540       3.198270       3.190990       3.183670       3.182930       3.182200       3.172730       3.157080       3.155570       3.142740       3.131800       3.127410       3.121300       3.115150       3.108950       3.102720       3.096460       3.090160       3.083840       3.077490       3.071110       3.064710       3.058290       3.051860       3.045400       3.038920       3.032440       3.025930       3.019420       3.012890    
   3.198270       3.190980       3.183670       3.183300       3.182930       3.173740       3.157080       3.156320       3.142480       3.129600       3.127410       3.124350       3.117560       3.106380       3.100200       3.093990       3.087740       3.081470       3.075160       3.068840       3.062480       3.056110       3.049710       3.043300       3.036870       3.030430       3.023970       3.017500       3.011020       3.004520    
   3.190970       3.183670       3.183490       3.183300       3.174260       3.157080       3.156700       3.142360       3.128510       3.127410       3.125880       3.118930       3.106380       3.103290       3.100190       3.093980       3.087730       3.081460       3.067420       3.060170       3.053840       3.047490       3.041120       3.034730       3.028330       3.021920       3.015490       3.009050       3.002600       2.996140    
   3.183670       3.183580       3.183490       3.174530       3.157080       3.156890       3.142300       3.127960       3.127410       3.126650       3.119650       3.106380       3.104840       3.103290       3.099150       3.093970       3.087720       3.068780       3.055820       3.051480       3.045180       3.038850       3.032510       3.026150       3.019780       3.013390       3.007000       3.000590       2.994170       2.987740    
   3.183620       3.183580       3.174670       3.157080       3.156990       3.142270       3.127680       3.127410       3.127030       3.120020       3.106380       3.105610       3.104830       3.102420       3.098800       3.093610       3.071120       3.053650       3.051480       3.044390       3.036500       3.030200       3.023890       3.017560       3.011210       3.004860       2.998490       2.992120       2.985730       2.979340    
   3.183620       3.174740       3.157080       3.157030       3.142260       3.127550       3.127410       3.127220       3.120210       3.106380       3.105990       3.105610       3.104290       3.102020       3.098280       3.068290       3.052570       3.051480       3.034620       3.027810       3.024050       3.021540       3.015250       3.008950       3.002640       2.996310       2.989980       2.983640       2.977280       2.970930    
   3.174770       3.157080       3.157060       3.142250       3.127480       3.127410       3.127310       3.120300       3.106380       3.106190       3.105990       3.105300       3.103970       3.073110       3.047200       3.025340       3.025340       3.021870       3.017670       3.014780       3.019130       3.012880       3.006610       3.000340       2.994050       2.987760       2.981460       2.975150       2.968830       2.962510    
   3.157080       3.157070       3.142250       3.127440       3.127410       3.127360       3.120350       3.106380       3.106280       3.106190       3.105830       3.105090       3.051460       2.987590       2.987860       3.001390       2.998110       2.999200       3.006380       3.010430       3.010430       3.004210       2.997970       2.991720       2.985460       2.979200       2.972930       2.966650       2.960370       2.954080    
   3.157070       3.142250       3.127430       3.127410       3.127390       3.120380       3.106380       3.106330       3.106280       3.106100       3.050510       2.967720       2.980740       2.987310       2.987310       2.987860       2.994250       2.997020       2.999200       3.001100       3.001730       2.995530       2.989320       2.983100       2.976870       2.970630       2.964400       2.958150       2.951910       2.945660    
   3.142250       3.127420       3.127410       3.127400       3.120390       3.106380       3.106360       3.106330       3.106240       3.039670       2.967720       2.967720       2.967720       2.980330       2.986770       2.986770       2.987860       2.992930       2.994830       2.999200       2.993030       2.986850       2.980660       2.974470       2.968270       2.962070       2.955860       2.949650       2.943440       2.937230    
   3.127410       3.127410       3.127400       3.120390       3.106380       3.106370       3.106360       3.062290       3.017550       2.967700       2.967720       2.967720       2.967720       2.967720       2.979530       2.985680       2.985670       2.987860       2.989820       2.990470       2.984320       2.978170       2.972010       2.965840       2.959670       2.953500       2.947330       2.941160       2.934980       2.928800    
   3.127410       3.127410       3.120400       3.106380       3.106370       3.034850       2.927570       2.928900       2.930230       2.955160       2.967650       2.967720       2.967720       2.967720       2.967720       2.977970       2.983490       2.983490       2.987860       2.981740       2.975620       2.969490       2.963350       2.957220       2.951080       2.944940       2.938800       2.932660       2.926520       2.920380    
   3.127410       3.120400       3.106380       3.106380       3.020530       2.927550       2.927550       2.927570       2.928900       2.930230       2.955040       2.967500       2.967720       2.967720       2.967720       2.967720       2.975010       2.979120       2.979120       2.973020       2.966920       2.960810       2.954700       2.948590       2.942490       2.936380       2.930270       2.924170       2.918060       2.911960    
