iMOD/TUTORIALS/TUT_MetaswapAnalyser/model_MetaSWAP/meteo/Evaporation/Evaporation_20050119_L1.ASC
NCOLS                30
NROWS                30
XLLCORNER     160000.00
YLLCORNER     340000.00
CELLSIZE        1000.00
NODATA_VALUE   -9999.00
  0.3829500      0.3835600      0.3841500      0.3847300      0.3852900      0.3858300      0.3863500      0.3868600      0.3873300      0.3877900      0.3882200      0.3886300      0.3890100      0.3893600      0.3896900      0.3899800      0.3902500      0.3904800      0.3906900      0.3908600      0.3910000      0.3911100      0.3911900      0.3912300      0.3912400      0.3912300      0.3911700      0.3910900      0.3909700      0.3908300    
  0.3809000      0.3814800      0.3820400      0.3825900      0.3831300      0.3836500      0.3841500      0.3846300      0.3850800      0.3855200      0.3859300      0.3863200      0.3866800      0.3870200      0.3873300      0.3876100      0.3878600      0.3880900      0.3882800      0.3884400      0.3885800      0.3886800      0.3887500      0.3887900      0.3888000      0.3887800      0.3887300      0.3886500      0.3885300      0.3883800    
  0.3788600      0.3794100      0.3799500      0.3804700      0.3809800      0.3814700      0.3819500      0.3824100      0.3828400      0.3832600      0.3836500      0.3840200      0.3843600      0.3846800      0.3849800      0.3852500      0.3854900      0.3857000      0.3858800      0.3860400      0.3861600      0.3862600      0.3863300      0.3863600      0.3863700      0.3863400      0.3862900      0.3862100      0.3860900      0.3859500    
  0.3768300      0.3773500      0.3778600      0.3783600      0.3788400      0.3793100      0.3797600      0.3802000      0.3806100      0.3810100      0.3813800      0.3817300      0.3820600      0.3823600      0.3826400      0.3828900      0.3831200      0.3833200      0.3834900      0.3836400      0.3837600      0.3838400      0.3839100      0.3839400      0.3839400      0.3839100      0.3838600      0.3837700      0.3836600      0.3835200    
  0.3748100      0.3753100      0.3757900      0.3762600      0.3767200      0.3771600      0.3775900      0.3780000      0.3783900      0.3787600      0.3791200      0.3794500      0.3797600      0.3800500      0.3803100      0.3805500      0.3807600      0.3809500      0.3811100      0.3812500      0.3813600      0.3814400      0.3814900      0.3815200      0.3815200      0.3814900      0.3814300      0.3813400      0.3812300      0.3810900    
  0.3728100      0.3732700      0.3737300      0.3741700      0.3746000      0.3750200      0.3754200      0.3758100      0.3761800      0.3765300      0.3768700      0.3771800      0.3774700      0.3777400      0.3779900      0.3782100      0.3784100      0.3785900      0.3787400      0.3788700      0.3789700      0.3790400      0.3790900      0.3791100      0.3791000      0.3790700      0.3790100      0.3789200      0.3788100      0.3786700    
  0.3708100      0.3712500      0.3716700      0.3720900      0.3725000      0.3728900      0.3732700      0.3736400      0.3739800      0.3743100      0.3746300      0.3749200      0.3752000      0.3754500      0.3756800      0.3758900      0.3760800      0.3762400      0.3763800      0.3765000      0.3765900      0.3766500      0.3766900      0.3767100      0.3767000      0.3766600      0.3766000      0.3765100      0.3763900      0.3762500    
  0.3688200      0.3692300      0.3696300      0.3700300      0.3704100      0.3707700      0.3711300      0.3714700      0.3718000      0.3721100      0.3724000      0.3726700      0.3729300      0.3731700      0.3733800      0.3735800      0.3737500      0.3739000      0.3740300      0.3741300      0.3742100      0.3742700      0.3743100      0.3743200      0.3743000      0.3742600      0.3741900      0.3741000      0.3739900      0.3738500    
  0.3668500      0.3672300      0.3676100      0.3679700      0.3683300      0.3686700      0.3690000      0.3693200      0.3696200      0.3699100      0.3701800      0.3704400      0.3706700      0.3708900      0.3710900      0.3712700      0.3714300      0.3715700      0.3716900      0.3717800      0.3718500      0.3719000      0.3719300      0.3719300      0.3719100      0.3718700      0.3718000      0.3717000      0.3715900      0.3714400    
  0.3648900      0.3652400      0.3655900      0.3659300      0.3662600      0.3665700      0.3668800      0.3671800      0.3674600      0.3677200      0.3679800      0.3682100      0.3684300      0.3686300      0.3688200      0.3689800      0.3691300      0.3692500      0.3693500      0.3694400      0.3695000      0.3695400      0.3695600      0.3695600      0.3695300      0.3694800      0.3694100      0.3693100      0.3691900      0.3690500    
  0.3648870      0.3652400      0.3651650      0.3639000      0.3642000      0.3644900      0.3647800      0.3650500      0.3653100      0.3655500      0.3657800      0.3660000      0.3662000      0.3663800      0.3665500      0.3667000      0.3668300      0.3669400      0.3670300      0.3671100      0.3671600      0.3671900      0.3672000      0.3671900      0.3671600      0.3671100      0.3670300      0.3669300      0.3668100      0.3666700    
  0.3648860      0.3647980      0.3639000      0.3625930      0.3621500      0.3624200      0.3626800      0.3629300      0.3631700      0.3633900      0.3636000      0.3638000      0.3639800      0.3641500      0.3643000      0.3644300      0.3645500      0.3646400      0.3647200      0.3647900      0.3648300      0.3648500      0.3648500      0.3648400      0.3648000      0.3647400      0.3646600      0.3645600      0.3644400      0.3642900    
  0.3645280      0.3639000      0.3619370      0.3611350      0.3601200      0.3603600      0.3606000      0.3608200      0.3610400      0.3612400      0.3614300      0.3616100      0.3617700      0.3619200      0.3620500      0.3621700      0.3622700      0.3623600      0.3624300      0.3624800      0.3625100      0.3625200      0.3625200      0.3624900      0.3624500      0.3623800      0.3623000      0.3621900      0.3620700      0.3619200    
  0.3639000      0.3616460      0.3606280      0.3601200      0.3596000      0.3583200      0.3585300      0.3587300      0.3589200      0.3591100      0.3592700      0.3594300      0.3595800      0.3597100      0.3598200      0.3599300      0.3600100      0.3600800      0.3601400      0.3601800      0.3602000      0.3602000      0.3601900      0.3601600      0.3601100      0.3600400      0.3599500      0.3598400      0.3597100      0.3595700    
  0.3615100      0.3603740      0.3601200      0.3593470      0.3583200      0.3577730      0.3564700      0.3566500      0.3568200      0.3569800      0.3571300      0.3572700      0.3573900      0.3575100      0.3576100      0.3576900      0.3577600      0.3578200      0.3578600      0.3578900      0.3579000      0.3579000      0.3578700      0.3578300      0.3577800      0.3577000      0.3576100      0.3575000      0.3573700      0.3572200    
  0.3602470      0.3601200      0.3592620      0.3583200      0.3575210      0.3564700      0.3565600      0.3566470      0.3563300      0.3548700      0.3550000      0.3551200      0.3552200      0.3553200      0.3554000      0.3554700      0.3555300      0.3555700      0.3556000      0.3556200      0.3556200      0.3556000      0.3555700      0.3555200      0.3554600      0.3553800      0.3552800      0.3551600      0.3550300      0.3548800    
  0.3601200      0.3592340      0.3583200      0.3574370      0.3564700      0.3565150      0.3565590      0.3561020      0.3548700      0.3549350      0.3537640      0.3529800      0.3530700      0.3531400      0.3532100      0.3532600      0.3533100      0.3533300      0.3533500      0.3533500      0.3533400      0.3533200      0.3532800      0.3532200      0.3531500      0.3530600      0.3529600      0.3528400      0.3527100      0.3525500    
  0.3592250      0.3583200      0.3574090      0.3564700      0.3564920      0.3565150      0.3560110      0.3548700      0.3549030      0.3532670      0.3519150      0.3508500      0.3509200      0.3509800      0.3510300      0.3510700      0.3511000      0.3511100      0.3511100      0.3511000      0.3510800      0.3510500      0.3510000      0.3509300      0.3508600      0.3507600      0.3506600      0.3505300      0.3503900      0.3502400    
  0.3583200      0.3574000      0.3564700      0.3564810      0.3564920      0.3559720      0.3548700      0.3548860      0.3530540      0.3513820      0.3508500      0.3508850      0.3503950      0.3488300      0.3488600      0.3488900      0.3489000      0.3489000      0.3488900      0.3488700      0.3488300      0.3487900      0.3487300      0.3486600      0.3485700      0.3484700      0.3483600      0.3482300      0.3480900      0.3479300    
  0.3573970      0.3564700      0.3564760      0.3564810      0.3559540      0.3548700      0.3548780      0.3529550      0.3511160      0.3508500      0.3508670      0.3502400      0.3488300      0.3488450      0.3488600      0.3488830      0.3488970      0.3488970      0.3475460      0.3466400      0.3466000      0.3465400      0.3464700      0.3463900      0.3463000      0.3462000      0.3460800      0.3459500      0.3458000      0.3456400    
  0.3564700      0.3564730      0.3564760      0.3559450      0.3548700      0.3548740      0.3529070      0.3509830      0.3508500      0.3508590      0.3501970      0.3488300      0.3488370      0.3488450      0.3488630      0.3488800      0.3488920      0.3470610      0.3455350      0.3444300      0.3443700      0.3443100      0.3442300      0.3441400      0.3440400      0.3439300      0.3438100      0.3436700      0.3435200      0.3433600    
  0.3564710      0.3564730      0.3559410      0.3548700      0.3548720      0.3528840      0.3509170      0.3508500      0.3508540      0.3501840      0.3488300      0.3488340      0.3488370      0.3488480      0.3488630      0.3488780      0.3468490      0.3449830      0.3444300      0.3436570      0.3421700      0.3420900      0.3420000      0.3419100      0.3418000      0.3416800      0.3415500      0.3414100      0.3412600      0.3410900    
  0.3564710      0.3559390      0.3548700      0.3548710      0.3528720      0.3508830      0.3508500      0.3508520      0.3501800      0.3488300      0.3488320      0.3488340      0.3488400      0.3488500      0.3488630      0.3454480      0.3447060      0.3444300      0.3411930      0.3399800      0.3399240      0.3398800      0.3397900      0.3396800      0.3395700      0.3394400      0.3393100      0.3391600      0.3390100      0.3388400    
  0.3559380      0.3548700      0.3548700      0.3528660      0.3508670      0.3508500      0.3508510      0.3501780      0.3488300      0.3488310      0.3488320      0.3488350      0.3488410      0.3434910      0.3400190      0.3379490      0.3379450      0.3377420      0.3374370      0.3367050      0.3377900      0.3376900      0.3375800      0.3374700      0.3373500      0.3372200      0.3370800      0.3369300      0.3367700      0.3365900    
  0.3548700      0.3548700      0.3528630      0.3508580      0.3508500      0.3508510      0.3501770      0.3488300      0.3488300      0.3488310      0.3488330      0.3488360      0.3391590      0.3273450      0.3274100      0.3315960      0.3311960      0.3314600      0.3341900      0.3356270      0.3356200      0.3355100      0.3354000      0.3352700      0.3351400      0.3350100      0.3348600      0.3347100      0.3345400      0.3343700    
  0.3548700      0.3528610      0.3508540      0.3508500      0.3508500      0.3501770      0.3488300      0.3488300      0.3488300      0.3488310      0.3378840      0.3214600      0.3253300      0.3272810      0.3272810      0.3274100      0.3298350      0.3309320      0.3314600      0.3329700      0.3334700      0.3333500      0.3332200      0.3330900      0.3329600      0.3328100      0.3326600      0.3325000      0.3323300      0.3321500    
  0.3528610      0.3508520      0.3508500      0.3508500      0.3501770      0.3488300      0.3488300      0.3488300      0.3488310      0.3356930      0.3214600      0.3214600      0.3214600      0.3252350      0.3271520      0.3271510      0.3274100      0.3295360      0.3304050      0.3314600      0.3313300      0.3312000      0.3310700      0.3309300      0.3307800      0.3306300      0.3304700      0.3303100      0.3301300      0.3299500    
  0.3508510      0.3508500      0.3508500      0.3501770      0.3488300      0.3488300      0.3488300      0.3396050      0.3308350      0.3214550      0.3214600      0.3214600      0.3214600      0.3214600      0.3250470      0.3268940      0.3268920      0.3274100      0.3288700      0.3293500      0.3292100      0.3290700      0.3289200      0.3287800      0.3286200      0.3284600      0.3283000      0.3281300      0.3279500      0.3277700    
  0.3508500      0.3508500      0.3501770      0.3488300      0.3488300      0.3334370      0.3103500      0.3111400      0.3119300      0.3182690      0.3214440      0.3214600      0.3214600      0.3214600      0.3214600      0.3246840      0.3263780      0.3263750      0.3274100      0.3272600      0.3271100      0.3269500      0.3268000      0.3266400      0.3264800      0.3263100      0.3261400      0.3259700      0.3257900      0.3256000    
  0.3508500      0.3501770      0.3488300      0.3488300      0.3303570      0.3103460      0.3103460      0.3103500      0.3111400      0.3119300      0.3182410      0.3214110      0.3214600      0.3214600      0.3214600      0.3214600      0.3240070      0.3253500      0.3253400      0.3251800      0.3250200      0.3248500      0.3246900      0.3245200      0.3243500      0.3241800      0.3240000      0.3238200      0.3236400      0.3234500    
