iMOD/TUTORIALS/TUT_MetaswapAnalyser/model_MetaSWAP/meteo/Evaporation/Evaporation_20050921_L1.ASC
NCOLS                30
NROWS                30
XLLCORNER     160000.00
YLLCORNER     340000.00
CELLSIZE        1000.00
NODATA_VALUE   -9999.00
   2.419150       2.420110       2.421080       2.422090       2.423120       2.424160       2.425230       2.426320       2.427420       2.428540       2.429670       2.430810       2.431970       2.433130       2.434300       2.435490       2.436670       2.437870       2.439060       2.440260       2.441470       2.442670       2.443880       2.445090       2.446290       2.447500       2.448700       2.449900       2.451100       2.452300    
   2.421290       2.422230       2.423190       2.424180       2.425190       2.426220       2.427280       2.428350       2.429440       2.430540       2.431660       2.432790       2.433930       2.435080       2.436240       2.437410       2.438580       2.439760       2.440940       2.442130       2.443320       2.444520       2.445710       2.446910       2.448110       2.449300       2.450490       2.451690       2.452880       2.454060    
   2.423440       2.424370       2.425320       2.426290       2.427290       2.428310       2.429350       2.430400       2.431470       2.432560       2.433670       2.434780       2.435910       2.437050       2.438190       2.439350       2.440510       2.441680       2.442850       2.444020       2.445200       2.446390       2.447570       2.448750       2.449940       2.451120       2.452310       2.453490       2.454670       2.455850    
   2.425620       2.426530       2.427460       2.428420       2.429410       2.430410       2.431430       2.432480       2.433530       2.434610       2.435700       2.436800       2.437910       2.439030       2.440170       2.441310       2.442460       2.443610       2.444770       2.445930       2.447100       2.448270       2.449440       2.450620       2.451790       2.452970       2.454140       2.455310       2.456480       2.457650    
   2.427810       2.428710       2.429630       2.430580       2.431540       2.432530       2.433540       2.434570       2.435610       2.436670       2.437750       2.438840       2.439930       2.441040       2.442160       2.443290       2.444430       2.445570       2.446710       2.447870       2.449020       2.450180       2.451340       2.452500       2.453660       2.454830       2.455990       2.457150       2.458310       2.459470    
   2.430020       2.430910       2.431810       2.432750       2.433700       2.434680       2.435670       2.436680       2.437710       2.438760       2.439820       2.440890       2.441980       2.443070       2.444180       2.445290       2.446410       2.447540       2.448680       2.449820       2.450960       2.452100       2.453250       2.454400       2.455550       2.456710       2.457860       2.459010       2.460160       2.461300    
   2.432250       2.433120       2.434020       2.434940       2.435880       2.436840       2.437820       2.438820       2.439830       2.440860       2.441910       2.442970       2.444040       2.445120       2.446210       2.447310       2.448420       2.449540       2.450660       2.451790       2.452920       2.454050       2.455190       2.456320       2.457460       2.458600       2.459740       2.460880       2.462020       2.463160    
   2.434500       2.435350       2.436240       2.437140       2.438070       2.439020       2.439980       2.440970       2.441970       2.442990       2.444020       2.445060       2.446120       2.447190       2.448270       2.449350       2.450450       2.451550       2.452660       2.453770       2.454890       2.456010       2.457140       2.458260       2.459390       2.460520       2.461650       2.462780       2.463900       2.465030    
   2.436760       2.437600       2.438470       2.439360       2.440280       2.441210       2.442160       2.443130       2.444120       2.445130       2.446140       2.447170       2.448220       2.449270       2.450340       2.451410       2.452490       2.453580       2.454680       2.455780       2.456880       2.457990       2.459110       2.460220       2.461340       2.462450       2.463570       2.464690       2.465800       2.466920    
   2.439030       2.439870       2.440720       2.441600       2.442500       2.443420       2.444360       2.445320       2.446290       2.447280       2.448290       2.449300       2.450330       2.451380       2.452430       2.453490       2.454560       2.455630       2.456710       2.457800       2.458900       2.459990       2.461090       2.462190       2.463300       2.464400       2.465510       2.466610       2.467720       2.468820    
   2.439040       2.439870       2.441510       2.443860       2.444740       2.445650       2.446580       2.447520       2.448480       2.449460       2.450450       2.451450       2.452470       2.453490       2.454530       2.455580       2.456640       2.457700       2.458770       2.459840       2.460920       2.462010       2.463090       2.464180       2.465280       2.466370       2.467460       2.468560       2.469650       2.470740    
   2.439050       2.441070       2.443860       2.446220       2.447000       2.447890       2.448800       2.449740       2.450680       2.451650       2.452620       2.453610       2.454620       2.455630       2.456660       2.457690       2.458730       2.459780       2.460840       2.461900       2.462970       2.464040       2.465110       2.466190       2.467270       2.468350       2.469430       2.470520       2.471600       2.472680    
   2.440560       2.443860       2.446870       2.448130       2.449270       2.450150       2.451050       2.451970       2.452900       2.453850       2.454810       2.455790       2.456780       2.457780       2.458790       2.459810       2.460840       2.461880       2.462920       2.463970       2.465030       2.466090       2.467150       2.468210       2.469280       2.470350       2.471420       2.472490       2.473560       2.474630    
   2.443860       2.447180       2.448700       2.449270       2.450610       2.452420       2.453310       2.454210       2.455130       2.456070       2.457020       2.457980       2.458960       2.459950       2.460950       2.461950       2.462970       2.463990       2.465030       2.466060       2.467100       2.468150       2.469200       2.470250       2.471310       2.472370       2.473420       2.474480       2.475540       2.476600    
   2.447320       2.448990       2.449270       2.450770       2.452420       2.453770       2.455580       2.456470       2.457380       2.458300       2.459240       2.460190       2.461150       2.462130       2.463110       2.464110       2.465110       2.466120       2.467140       2.468170       2.469190       2.470230       2.471270       2.472310       2.473350       2.474390       2.475440       2.476490       2.477540       2.478580    
   2.449130       2.449270       2.450820       2.452420       2.453920       2.455580       2.456030       2.456480       2.458180       2.460550       2.461470       2.462410       2.463360       2.464320       2.465300       2.466280       2.467270       2.468270       2.469270       2.470280       2.471300       2.472320       2.473350       2.474370       2.475410       2.476440       2.477470       2.478510       2.479540       2.480580    
   2.449270       2.450840       2.452420       2.453970       2.455580       2.455800       2.456030       2.457810       2.460550       2.461010       2.463190       2.464640       2.465580       2.466530       2.467490       2.468460       2.469440       2.470420       2.471420       2.472420       2.473420       2.474430       2.475440       2.476460       2.477480       2.478500       2.479520       2.480540       2.481560       2.482590    
   2.450840       2.452420       2.453990       2.455580       2.455690       2.455800       2.457550       2.460550       2.460780       2.463480       2.465760       2.466890       2.467820       2.468750       2.469700       2.470660       2.471620       2.472600       2.473580       2.474560       2.475550       2.476550       2.477550       2.478550       2.479560       2.480570       2.481580       2.482590       2.483600       2.484610    
   2.452420       2.454000       2.455580       2.455640       2.455690       2.457400       2.460550       2.460670       2.463610       2.466330       2.466890       2.467360       2.468610       2.470990       2.471920       2.472870       2.473820       2.474780       2.475750       2.476720       2.477700       2.478680       2.479670       2.480660       2.481660       2.482650       2.483650       2.484650       2.485650       2.486650    
   2.454000       2.455580       2.455610       2.455640       2.457320       2.460550       2.460610       2.463660       2.466610       2.466890       2.467120       2.468460       2.470990       2.471460       2.471930       2.472870       2.473820       2.474780       2.477440       2.478890       2.479860       2.480830       2.481800       2.482780       2.483760       2.484750       2.485730       2.486720       2.487710       2.488700    
   2.455580       2.455590       2.455610       2.457280       2.460550       2.460580       2.463690       2.466750       2.466890       2.467010       2.468370       2.470990       2.471220       2.471460       2.472080       2.472870       2.473830       2.477420       2.479980       2.481070       2.482030       2.482990       2.483950       2.484920       2.485890       2.486860       2.487830       2.488810       2.489780       2.490760    
   2.455590       2.455590       2.457260       2.460550       2.460560       2.463710       2.466820       2.466890       2.466950       2.468310       2.470990       2.471110       2.471220       2.471590       2.472140       2.472930       2.477140       2.480530       2.481070       2.482440       2.484210       2.485160       2.486110       2.487060       2.488020       2.488980       2.489940       2.490900       2.491870       2.492830    
   2.455590       2.457250       2.460550       2.460560       2.463710       2.466860       2.466890       2.466920       2.468290       2.470990       2.471050       2.471110       2.471310       2.471650       2.472220       2.478150       2.480800       2.481070       2.484910       2.486410       2.486970       2.487340       2.488280       2.489220       2.490160       2.491110       2.492060       2.493010       2.493960       2.494910    
   2.457240       2.460550       2.460550       2.463720       2.466870       2.466890       2.466900       2.468270       2.470990       2.471020       2.471050       2.471150       2.471350       2.478310       2.483650       2.487740       2.487740       2.488290       2.488980       2.489720       2.488610       2.489530       2.490460       2.491390       2.492320       2.493250       2.494190       2.495130       2.496070       2.497010    
   2.460550       2.460550       2.463720       2.466880       2.466890       2.466900       2.468260       2.470990       2.471000       2.471020       2.471070       2.471180       2.483430       2.498140       2.498070       2.494100       2.494680       2.494400       2.492080       2.490830       2.490820       2.491740       2.492650       2.493570       2.494490       2.495410       2.496330       2.497260       2.498180       2.499110    
   2.460550       2.463720       2.466890       2.466890       2.466890       2.468260       2.470990       2.471000       2.471000       2.471030       2.484300       2.504120       2.500190       2.498210       2.498210       2.498070       2.495920       2.494970       2.494400       2.493390       2.493050       2.493950       2.494850       2.495750       2.496660       2.497570       2.498480       2.499400       2.500310       2.501230    
   2.463720       2.466890       2.466890       2.466890       2.468260       2.470990       2.470990       2.471000       2.471010       2.486920       2.504120       2.504120       2.504120       2.500300       2.498360       2.498350       2.498070       2.496250       2.495530       2.494400       2.495280       2.496170       2.497060       2.497950       2.498850       2.499750       2.500650       2.501550       2.502450       2.503350    
   2.466890       2.466890       2.466890       2.468260       2.470990       2.470990       2.470990       2.481990       2.492630       2.504130       2.504120       2.504120       2.504120       2.504120       2.500510       2.498640       2.498640       2.498070       2.497010       2.496660       2.497530       2.498400       2.499280       2.500160       2.501040       2.501930       2.502820       2.503700       2.504590       2.505480    
   2.466890       2.466890       2.468260       2.470990       2.470990       2.489220       2.516570       2.515770       2.514970       2.507750       2.504140       2.504120       2.504120       2.504120       2.504120       2.500910       2.499210       2.499210       2.498070       2.498920       2.499780       2.500640       2.501510       2.502370       2.503250       2.504120       2.504990       2.505870       2.506750       2.507630    
   2.466890       2.468260       2.470990       2.470990       2.492870       2.516570       2.516570       2.516570       2.515770       2.514970       2.507790       2.504180       2.504120       2.504120       2.504120       2.504120       2.501670       2.500350       2.500350       2.501190       2.502040       2.502890       2.503740       2.504600       2.505460       2.506320       2.507180       2.508050       2.508910       2.509780    
