iMOD/TUTORIALS/TUT_MetaswapAnalyser/model_MetaSWAP/meteo/Evaporation/Evaporation_20060918_L1.ASC
NCOLS                30
NROWS                30
XLLCORNER     160000.00
YLLCORNER     340000.00
CELLSIZE        1000.00
NODATA_VALUE   -9999.00
  0.7723400      0.7655100      0.7587700      0.7521200      0.7455600      0.7390900      0.7327000      0.7263900      0.7201500      0.7139900      0.7079000      0.7018800      0.6959300      0.6900400      0.6842100      0.6784500      0.6727400      0.6670900      0.6614900      0.6559400      0.6504500      0.6450100      0.6396100      0.6342600      0.6289600      0.6237000      0.6184800      0.6133000      0.6081700      0.6030700    
  0.7712100      0.7643600      0.7576000      0.7509300      0.7443500      0.7378500      0.7314300      0.7251000      0.7188400      0.7126500      0.7065400      0.7004900      0.6945100      0.6886000      0.6827500      0.6769500      0.6712200      0.6655500      0.6599200      0.6543600      0.6488400      0.6433700      0.6379500      0.6325800      0.6272500      0.6219700      0.6167300      0.6115400      0.6063800      0.6012600    
  0.7701000      0.7632300      0.7564500      0.7497600      0.7431500      0.7366300      0.7301900      0.7238300      0.7175400      0.7113300      0.7051900      0.6991200      0.6931200      0.6871800      0.6813000      0.6754900      0.6697300      0.6640300      0.6583800      0.6527900      0.6472500      0.6417600      0.6363200      0.6309200      0.6255800      0.6202700      0.6150100      0.6097900      0.6046200      0.5994800    
  0.7690100      0.7621200      0.7553200      0.7486100      0.7419800      0.7354400      0.7289700      0.7225900      0.7162800      0.7100400      0.7038700      0.6977800      0.6917500      0.6857800      0.6798800      0.6740400      0.6682600      0.6625300      0.6568600      0.6512500      0.6456800      0.6401700      0.6347100      0.6292900      0.6239200      0.6185900      0.6133100      0.6080700      0.6028700      0.5977100    
  0.7679400      0.7610300      0.7542100      0.7474800      0.7408300      0.7342600      0.7277700      0.7213600      0.7150300      0.7087700      0.7025800      0.6964600      0.6904000      0.6844100      0.6784800      0.6726200      0.6668100      0.6610600      0.6553700      0.6497300      0.6441400      0.6386000      0.6331200      0.6276800      0.6222800      0.6169400      0.6116300      0.6063700      0.6011500      0.5959700    
  0.7668800      0.7599600      0.7531200      0.7463700      0.7396900      0.7331100      0.7265900      0.7201600      0.7138000      0.7075200      0.7013000      0.6951600      0.6890800      0.6830600      0.6771100      0.6712200      0.6653900      0.6596100      0.6539000      0.6482300      0.6426200      0.6370600      0.6315500      0.6260900      0.6206700      0.6153000      0.6099700      0.6046900      0.5994500      0.5942500    
  0.7658400      0.7589000      0.7520400      0.7452700      0.7385800      0.7319700      0.7254300      0.7189800      0.7125900      0.7062800      0.7000500      0.6938800      0.6877700      0.6817300      0.6757600      0.6698400      0.6639800      0.6581900      0.6524400      0.6467600      0.6411200      0.6355400      0.6300000      0.6245200      0.6190800      0.6136900      0.6083400      0.6030300      0.5977700      0.5925500    
  0.7648200      0.7578600      0.7509800      0.7441900      0.7374800      0.7308500      0.7242900      0.7178100      0.7114100      0.7050700      0.6988100      0.6926200      0.6864900      0.6804200      0.6744200      0.6684800      0.6626000      0.6567800      0.6510100      0.6453000      0.6396400      0.6340400      0.6284800      0.6229700      0.6175100      0.6120900      0.6067200      0.6013900      0.5961100      0.5908600    
  0.7638100      0.7568300      0.7499400      0.7431300      0.7364000      0.7297400      0.7231700      0.7166600      0.7102400      0.7038800      0.6975900      0.6913700      0.6852200      0.6791300      0.6731100      0.6671400      0.6612400      0.6553900      0.6496000      0.6438700      0.6381800      0.6325500      0.6269700      0.6214400      0.6159600      0.6105200      0.6051200      0.5997800      0.5944700      0.5892000    
  0.7628100      0.7558200      0.7489100      0.7420800      0.7353300      0.7286500      0.7220600      0.7155300      0.7090800      0.7027000      0.6963900      0.6901500      0.6839700      0.6778600      0.6718100      0.6658300      0.6599000      0.6540300      0.6482100      0.6424500      0.6367500      0.6310900      0.6254900      0.6199300      0.6144200      0.6089600      0.6035500      0.5981800      0.5928500      0.5875600    
  0.7628370      0.7558470      0.7469620      0.7410400      0.7342700      0.7275800      0.7209600      0.7144200      0.7079400      0.7015400      0.6952100      0.6889400      0.6827400      0.6766100      0.6705400      0.6645200      0.6585700      0.6526800      0.6468400      0.6410600      0.6353300      0.6296500      0.6240200      0.6184400      0.6129100      0.6074300      0.6019900      0.5966000      0.5912400      0.5859300    
  0.7628640      0.7516710      0.7410400      0.7351870      0.7332300      0.7265200      0.7198800      0.7133200      0.7068200      0.7004000      0.6940400      0.6877500      0.6815300      0.6753700      0.6692800      0.6632400      0.6572700      0.6513500      0.6454900      0.6396800      0.6339200      0.6282200      0.6225700      0.6169700      0.6114200      0.6059100      0.6004500      0.5950300      0.5896600      0.5843300    
  0.7563780      0.7410400      0.7352890      0.7327200      0.7322100      0.7254700      0.7188200      0.7122300      0.7057100      0.6992700      0.6928900      0.6865800      0.6803400      0.6741500      0.6680300      0.6619800      0.6559800      0.6500300      0.6441500      0.6383200      0.6325400      0.6268200      0.6211400      0.6155200      0.6099400      0.6044100      0.5989300      0.5934900      0.5880900      0.5827400    
  0.7410400      0.7352510      0.7324650      0.7322100      0.7273730      0.7244400      0.7177600      0.7111600      0.7046200      0.6981500      0.6917600      0.6854200      0.6791500      0.6729500      0.6668100      0.6607300      0.6547000      0.6487400      0.6428300      0.6369700      0.6311700      0.6254300      0.6197300      0.6140800      0.6084800      0.6029300      0.5974300      0.5919600      0.5865500      0.5811700    
  0.7352100      0.7323370      0.7322100      0.7280080      0.7244400      0.7196400      0.7167200      0.7101000      0.7035400      0.6970500      0.6906300      0.6842800      0.6779900      0.6717600      0.6656000      0.6594900      0.6534400      0.6474600      0.6415300      0.6356500      0.6298200      0.6240500      0.6183300      0.6126600      0.6070400      0.6014700      0.5959400      0.5904600      0.5850100      0.5796200    
  0.7322740      0.7322100      0.7282190      0.7244400      0.7202670      0.7167200      0.7134100      0.7101200      0.7016650      0.6959700      0.6895200      0.6831500      0.6768400      0.6705900      0.6644000      0.6582700      0.6522000      0.6461900      0.6402400      0.6343400      0.6284900      0.6227000      0.6169500      0.6112600      0.6056200      0.6000200      0.5944700      0.5889600      0.5835000      0.5780800    
  0.7322100      0.7282900      0.7244400      0.7204760      0.7167200      0.7150650      0.7134170      0.7052910      0.6959700      0.6927450      0.6863200      0.6820300      0.6757000      0.6694300      0.6632200      0.6570700      0.6509800      0.6449400      0.6389600      0.6330400      0.6271700      0.6213600      0.6155900      0.6098800      0.6042100      0.5985900      0.5930200      0.5874900      0.5820000      0.5765600    
  0.7283130      0.7244400      0.7205450      0.7167200      0.7158920      0.7150670      0.7074360      0.6959700      0.6943580      0.6874890      0.6814800      0.6809300      0.6745700      0.6682800      0.6620500      0.6558800      0.6497600      0.6437100      0.6377100      0.6317600      0.6258700      0.6200300      0.6142400      0.6085100      0.6028200      0.5971700      0.5915800      0.5860300      0.5805200      0.5750600    
  0.7244400      0.7205680      0.7167200      0.7163060      0.7158930      0.7085910      0.6959700      0.6951640      0.6879900      0.6812050      0.6809300      0.6777500      0.6727330      0.6671500      0.6608900      0.6547000      0.6485600      0.6424900      0.6364600      0.6305000      0.6245800      0.6187200      0.6129100      0.6071500      0.6014400      0.5957800      0.5901600      0.5845900      0.5790600      0.5735700    
  0.7205760      0.7167200      0.7165130      0.7163060      0.7091900      0.6959700      0.6955670      0.6882240      0.6810680      0.6809300      0.6793400      0.6746410      0.6671500      0.6640200      0.6609130      0.6547170      0.6485830      0.6425030      0.6333400      0.6292400      0.6233100      0.6174300      0.6115900      0.6058100      0.6000800      0.5943900      0.5887500      0.5831600      0.5776100      0.5721000    
  0.7167200      0.7166170      0.7165130      0.7094950      0.6959700      0.6957680      0.6883380      0.6809990      0.6809300      0.6801350      0.6755150      0.6671500      0.6655850      0.6640280      0.6598830      0.6547380      0.6486010      0.6362120      0.6286250      0.6280100      0.6220500      0.6161400      0.6102900      0.6044900      0.5987300      0.5930200      0.5873600      0.5817500      0.5761700      0.5706500    
  0.7166680      0.7166170      0.7096490      0.6959700      0.6958690      0.6883940      0.6809640      0.6809300      0.6805330      0.6759330      0.6671500      0.6663680      0.6655880      0.6631650      0.6595500      0.6544070      0.6391760      0.6283170      0.6280100      0.6236200      0.6208000      0.6148800      0.6090000      0.6031700      0.5974000      0.5916700      0.5859800      0.5803500      0.5747500      0.5692000    
  0.7166680      0.7097260      0.6959700      0.6959200      0.6884220      0.6809470      0.6809300      0.6807310      0.6761360      0.6671500      0.6667590      0.6663680      0.6650400      0.6627680      0.6590410      0.6411440      0.6281640      0.6280100      0.6222380      0.6195750      0.6160060      0.6136200      0.6077200      0.6018800      0.5960800      0.5903300      0.5846200      0.5789600      0.5733500      0.5677800    
  0.7097650      0.6959700      0.6959450      0.6884360      0.6809390      0.6809300      0.6808310      0.6762370      0.6671500      0.6669540      0.6667590      0.6660560      0.6647250      0.6528920      0.6391750      0.6244280      0.6244250      0.6214930      0.6181540      0.6177450      0.6183500      0.6123800      0.6064600      0.6005900      0.5947700      0.5890000      0.5832700      0.5775900      0.5719600      0.5663700    
  0.6959700      0.6959570      0.6884430      0.6809340      0.6809300      0.6808800      0.6762870      0.6671500      0.6670520      0.6669550      0.6665900      0.6658470      0.6466020      0.6246850      0.6247200      0.6229480      0.6206960      0.6208400      0.6182250      0.6171430      0.6171400      0.6111500      0.6052100      0.5993200      0.5934800      0.5876800      0.5819400      0.5762400      0.5705800      0.5649700    
  0.6959640      0.6884470      0.6809320      0.6809300      0.6809050      0.6763120      0.6671500      0.6671010      0.6670520      0.6668650      0.6509620      0.6277100      0.6256640      0.6246510      0.6246510      0.6247200      0.6219520      0.6205530      0.6208400      0.6171700      0.6159400      0.6099300      0.6039700      0.5980600      0.5922000      0.5863800      0.5806200      0.5748900      0.5692200      0.5635800    
  0.6884480      0.6809310      0.6809300      0.6809180      0.6763240      0.6671500      0.6671260      0.6671010      0.6670060      0.6480600      0.6277100      0.6277100      0.6277100      0.6256120      0.6245810      0.6245810      0.6247200      0.6216940      0.6202650      0.6208400      0.6147600      0.6087300      0.6027400      0.5968100      0.5909300      0.5851000      0.5793100      0.5735700      0.5678700      0.5622100    
  0.6809310      0.6809300      0.6809240      0.6763300      0.6671500      0.6671380      0.6671260      0.6575360      0.6444810      0.6277070      0.6277100      0.6277100      0.6277100      0.6277100      0.6255050      0.6244430      0.6244420      0.6247200      0.6209500      0.6196900      0.6135900      0.6075300      0.6015300      0.5955800      0.5896800      0.5838200      0.5780100      0.5722500      0.5665300      0.5608600    
  0.6809300      0.6809270      0.6763340      0.6671500      0.6671440      0.6540500      0.6344200      0.6316650      0.6289100      0.6281020      0.6277010      0.6277100      0.6277100      0.6277100      0.6277100      0.6252860      0.6241660      0.6241650      0.6247200      0.6185500      0.6124200      0.6063500      0.6003300      0.5943600      0.5884300      0.5825600      0.5767300      0.5709500      0.5652100      0.5595100    
  0.6809280      0.6763350      0.6671500      0.6671470      0.6514350      0.6344180      0.6344180      0.6344200      0.6316640      0.6289100      0.6280880      0.6276840      0.6277100      0.6277100      0.6277100      0.6277100      0.6248250      0.6236130      0.6236100      0.6174200      0.6112700      0.6051800      0.5991400      0.5931400      0.5872000      0.5813100      0.5754600      0.5696500      0.5639000      0.5581800    
