iMOD/TUTORIALS/TUT_MetaswapAnalyser/model_MetaSWAP/meteo/Evaporation/Evaporation_20060802_L1.ASC
NCOLS                30
NROWS                30
XLLCORNER     160000.00
YLLCORNER     340000.00
CELLSIZE        1000.00
NODATA_VALUE   -9999.00
   2.131070       2.132690       2.134170       2.135500       2.136670       2.137690       2.138550       2.139250       2.139770       2.140130       2.140310       2.140310       2.140130       2.139780       2.139230       2.138500       2.137590       2.136490       2.135200       2.133730       2.132060       2.130220       2.128180       2.125970       2.123570       2.121000       2.118250       2.115320       2.112230       2.108970    
   2.132270       2.133890       2.135370       2.136700       2.137880       2.138900       2.139760       2.140460       2.140990       2.141350       2.141540       2.141550       2.141390       2.141040       2.140520       2.139800       2.138910       2.137830       2.136560       2.135110       2.133480       2.131660       2.129660       2.127480       2.125120       2.122580       2.119860       2.116980       2.113930       2.110710    
   2.133430       2.135050       2.136530       2.137860       2.139040       2.140060       2.140930       2.141630       2.142170       2.142540       2.142740       2.142760       2.142610       2.142280       2.141760       2.141070       2.140190       2.139140       2.137890       2.136470       2.134860       2.133070       2.131100       2.128950       2.126620       2.124120       2.121440       2.118600       2.115580       2.112410    
   2.134540       2.136170       2.137650       2.138980       2.140160       2.141190       2.142060       2.142770       2.143310       2.143690       2.143900       2.143930       2.143790       2.143470       2.142980       2.142300       2.141450       2.140410       2.139190       2.137790       2.136210       2.134450       2.132510       2.130390       2.128100       2.125630       2.122990       2.120180       2.117200       2.114060    
   2.135610       2.137240       2.138720       2.140060       2.141240       2.142280       2.143150       2.143870       2.144420       2.144800       2.145020       2.145070       2.144940       2.144640       2.144160       2.143500       2.142660       2.141650       2.140450       2.139080       2.137520       2.135790       2.133880       2.131790       2.129530       2.127100       2.124490       2.121720       2.118780       2.115680    
   2.136630       2.138260       2.139750       2.141090       2.142280       2.143320       2.144200       2.144930       2.145490       2.145880       2.146110       2.146170       2.146050       2.145770       2.145300       2.144670       2.143850       2.142860       2.141680       2.140330       2.138800       2.137100       2.135220       2.133160       2.130930       2.128530       2.125960       2.123230       2.120320       2.117260    
   2.137610       2.139240       2.140740       2.142080       2.143280       2.144330       2.145220       2.145950       2.146520       2.146920       2.147160       2.147230       2.147130       2.146860       2.146420       2.145800       2.145000       2.144030       2.142880       2.141550       2.140050       2.138370       2.136520       2.134500       2.132300       2.129930       2.127390       2.124690       2.121830       2.118800    
   2.138540       2.140180       2.141680       2.143030       2.144240       2.145290       2.146190       2.146930       2.147510       2.147930       2.148180       2.148260       2.148180       2.147920       2.147500       2.146900       2.146120       2.145170       2.144040       2.142740       2.141270       2.139620       2.137790       2.135800       2.133630       2.131290       2.128790       2.126120       2.123290       2.120310    
   2.139420       2.141070       2.142580       2.143940       2.145160       2.146220       2.147120       2.147880       2.148470       2.148900       2.149160       2.149260       2.149190       2.148950       2.148540       2.147960       2.147210       2.146280       2.145170       2.143900       2.142450       2.140820       2.139030       2.137060       2.134930       2.132620       2.130150       2.127520       2.124720       2.121770    
   2.140270       2.141930       2.143440       2.144810       2.146030       2.147100       2.148020       2.148780       2.149390       2.149830       2.150110       2.150220       2.150170       2.149940       2.149550       2.148990       2.148260       2.147350       2.146270       2.145020       2.143590       2.142000       2.140230       2.138290       2.136190       2.133910       2.131480       2.128880       2.126120       2.123200    
   2.140220       2.141880       2.143950       2.145640       2.146870       2.147950       2.148880       2.149650       2.150270       2.150720       2.151020       2.151140       2.151110       2.150900       2.150530       2.149990       2.149270       2.148390       2.147330       2.146110       2.144710       2.143140       2.141400       2.139490       2.137410       2.135170       2.132760       2.130200       2.127470       2.124580    
   2.140180       2.142920       2.145640       2.147150       2.147660       2.148760       2.149700       2.150480       2.151110       2.151580       2.151890       2.152030       2.152010       2.151830       2.151470       2.150950       2.150260       2.149400       2.148360       2.147160       2.145790       2.144240       2.142530       2.140650       2.138600       2.136390       2.134020       2.131480       2.128790       2.125930    
   2.141780       2.145640       2.147310       2.148040       2.148420       2.149520       2.150470       2.151270       2.151920       2.152400       2.152720       2.152890       2.152880       2.152720       2.152380       2.151880       2.151210       2.150370       2.149360       2.148180       2.146830       2.145310       2.143630       2.141780       2.139760       2.137580       2.135230       2.132730       2.130070       2.127250    
   2.145640       2.147400       2.148230       2.148420       2.149400       2.150250       2.151210       2.152030       2.152680       2.153180       2.153520       2.153700       2.153720       2.153570       2.153250       2.152770       2.152120       2.151310       2.150320       2.149170       2.147840       2.146350       2.144690       2.142870       2.140880       2.138730       2.136410       2.133940       2.131310       2.128520    
   2.147450       2.148320       2.148420       2.149360       2.150250       2.151120       2.151910       2.152740       2.153410       2.153930       2.154290       2.154480       2.154520       2.154390       2.154090       2.153630       2.153000       2.152210       2.151250       2.150120       2.148820       2.147350       2.145720       2.143930       2.141960       2.139840       2.137560       2.135110       2.132510       2.129760    
   2.148370       2.148420       2.149340       2.150250       2.151090       2.151910       2.152330       2.152690       2.153680       2.154640       2.155010       2.155230       2.155280       2.155170       2.154900       2.154460       2.153850       2.153080       2.152140       2.151030       2.149760       2.148320       2.146720       2.144950       2.143010       2.140920       2.138660       2.136250       2.133680       2.130950    
   2.148420       2.149340       2.150250       2.151080       2.151910       2.152120       2.152310       2.153330       2.154640       2.154820       2.155480       2.155930       2.156000       2.155910       2.155660       2.155240       2.154660       2.153910       2.153000       2.151920       2.150670       2.149250       2.147680       2.145930       2.144030       2.141960       2.139730       2.137340       2.134800       2.132110    
   2.149340       2.150250       2.151080       2.151910       2.152010       2.152110       2.153100       2.154640       2.154730       2.155560       2.156270       2.156600       2.156690       2.156620       2.156390       2.156000       2.155440       2.154710       2.153820       2.152760       2.151540       2.150150       2.148600       2.146880       2.145000       2.142960       2.140760       2.138400       2.135890       2.133230    
   2.150250       2.151080       2.151910       2.151960       2.152010       2.152970       2.154640       2.154690       2.155590       2.156430       2.156600       2.156640       2.156800       2.157300       2.157090       2.156710       2.156170       2.155470       2.154610       2.153570       2.152370       2.151010       2.149480       2.147790       2.145940       2.143930       2.141760       2.139430       2.136940       2.134300    
   2.151080       2.151910       2.151940       2.151960       2.152890       2.154640       2.154660       2.155610       2.156520       2.156600       2.156620       2.156840       2.157300       2.157200       2.157030       2.156660       2.156120       2.155420       2.154620       2.154350       2.153170       2.151840       2.150330       2.148670       2.146840       2.144860       2.142710       2.140410       2.137950       2.135340    
   2.151910       2.151920       2.151940       2.152860       2.154640       2.154650       2.155610       2.156560       2.156600       2.156610       2.156840       2.157300       2.157250       2.157180       2.156960       2.156600       2.156060       2.155190       2.154720       2.155080       2.153940       2.152620       2.151150       2.149510       2.147710       2.145750       2.143630       2.141350       2.138920       2.136340    
   2.151920       2.151920       2.152840       2.154640       2.154650       2.155620       2.156580       2.156600       2.156610       2.156840       2.157300       2.157270       2.157240       2.157130       2.156910       2.156540       2.155570       2.154900       2.155080       2.154560       2.154660       2.153370       2.151920       2.150310       2.148530       2.146600       2.144500       2.142250       2.139850       2.137300    
   2.151920       2.152830       2.154640       2.154640       2.155620       2.156590       2.156600       2.156600       2.156840       2.157300       2.157290       2.157270       2.157210       2.157090       2.156860       2.156180       2.154990       2.155080       2.155310       2.155320       2.154570       2.154080       2.152660       2.151070       2.149320       2.147410       2.145340       2.143120       2.140740       2.138210    
   2.152820       2.154640       2.154640       2.155620       2.156590       2.156600       2.156600       2.156830       2.157300       2.157290       2.157290       2.157260       2.157190       2.157880       2.157700       2.156880       2.156890       2.156490       2.156070       2.156290       2.155990       2.154760       2.153350       2.151790       2.150070       2.148180       2.146140       2.143940       2.141590       2.139080    
   2.154640       2.154640       2.155620       2.156600       2.156600       2.156600       2.156830       2.157300       2.157300       2.157290       2.157280       2.157250       2.158620       2.160370       2.160360       2.158830       2.158760       2.158700       2.157280       2.156590       2.156600       2.155390       2.154010       2.152470       2.150770       2.148910       2.146890       2.144720       2.142390       2.139910    
   2.154640       2.155620       2.156600       2.156600       2.156600       2.156830       2.157300       2.157300       2.157300       2.157290       2.159090       2.161810       2.160860       2.160380       2.160380       2.160360       2.159310       2.158810       2.158700       2.157540       2.157170       2.155980       2.154630       2.153110       2.151440       2.149600       2.147600       2.145450       2.143150       2.140690    
   2.155620       2.156600       2.156600       2.156600       2.156830       2.157300       2.157300       2.157300       2.157290       2.159460       2.161810       2.161810       2.161810       2.160880       2.160400       2.160400       2.160360       2.159360       2.158930       2.158700       2.157700       2.156530       2.155200       2.153710       2.152060       2.150250       2.148270       2.146150       2.143870       2.141430    
   2.156600       2.156600       2.156600       2.156830       2.157300       2.157300       2.157300       2.158580       2.160050       2.161810       2.161810       2.161810       2.161810       2.161810       2.160910       2.160450       2.160450       2.160360       2.159450       2.159160       2.158180       2.157040       2.155740       2.154270       2.152640       2.150850       2.148900       2.146790       2.144540       2.142130    
   2.156600       2.156600       2.156830       2.157300       2.157300       2.159330       2.162370       2.162410       2.162440       2.162020       2.161810       2.161810       2.161810       2.161810       2.161810       2.160960       2.160530       2.160540       2.160360       2.159570       2.158620       2.157510       2.156230       2.154780       2.153180       2.151410       2.149480       2.147400       2.145160       2.142770    
   2.156600       2.156830       2.157300       2.157300       2.159730       2.162370       2.162370       2.162370       2.162410       2.162440       2.162020       2.161810       2.161810       2.161810       2.161810       2.161810       2.161060       2.160690       2.160710       2.159950       2.159020       2.157930       2.156670       2.155250       2.153670       2.151920       2.150020       2.147950       2.145740       2.143370    
