iMOD/TUTORIALS/TUT_MetaswapAnalyser/model_MetaSWAP/meteo/Evaporation/Evaporation_20050710_L1.ASC
NCOLS                30
NROWS                30
XLLCORNER     160000.00
YLLCORNER     340000.00
CELLSIZE        1000.00
NODATA_VALUE   -9999.00
   4.708110       4.709690       4.711310       4.712980       4.714690       4.716440       4.718220       4.720040       4.721900       4.723780       4.725690       4.727630       4.729600       4.731580       4.733590       4.735620       4.737660       4.739730       4.741800       4.743890       4.746000       4.748110       4.750240       4.752380       4.754520       4.756670       4.758830       4.761000       4.763170       4.765350    
   4.705470       4.707020       4.708620       4.710260       4.711940       4.713660       4.715420       4.717220       4.719050       4.720910       4.722810       4.724720       4.726670       4.728640       4.730630       4.732640       4.734670       4.736710       4.738780       4.740860       4.742950       4.745060       4.747170       4.749300       4.751440       4.753590       4.755740       4.757910       4.760080       4.762250    
   4.702870       4.704390       4.705960       4.707570       4.709230       4.710930       4.712660       4.714440       4.716240       4.718080       4.719950       4.721850       4.723770       4.725720       4.727690       4.729690       4.731700       4.733730       4.735780       4.737850       4.739930       4.742030       4.744140       4.746260       4.748390       4.750530       4.752680       4.754840       4.757010       4.759180    
   4.700300       4.701790       4.703340       4.704920       4.706560       4.708230       4.709940       4.711690       4.713470       4.715290       4.717130       4.719010       4.720910       4.722840       4.724800       4.726770       4.728770       4.730790       4.732820       4.734880       4.736950       4.739030       4.741130       4.743240       4.745360       4.747500       4.749640       4.751800       4.753960       4.756130    
   4.697760       4.699230       4.700750       4.702310       4.703920       4.705560       4.707250       4.708970       4.710730       4.712520       4.714350       4.716200       4.718090       4.720000       4.721930       4.723890       4.725870       4.727870       4.729890       4.731930       4.733990       4.736060       4.738150       4.740260       4.742370       4.744500       4.746640       4.748790       4.750940       4.753110    
   4.695260       4.696710       4.698200       4.699730       4.701310       4.702930       4.704600       4.706290       4.708030       4.709800       4.711600       4.713430       4.715290       4.717180       4.719100       4.721040       4.723000       4.724990       4.727000       4.729020       4.731070       4.733130       4.735210       4.737300       4.739400       4.741520       4.743660       4.745800       4.747950       4.750120    
   4.692800       4.694220       4.695680       4.697190       4.698740       4.700340       4.701980       4.703650       4.705360       4.707110       4.708880       4.710700       4.712540       4.714400       4.716300       4.718220       4.720170       4.722140       4.724130       4.726140       4.728170       4.730220       4.732290       4.734370       4.736470       4.738580       4.740700       4.742840       4.744990       4.747150    
   4.690370       4.691760       4.693200       4.694680       4.696210       4.697780       4.699390       4.701040       4.702720       4.704450       4.706200       4.707990       4.709810       4.711660       4.713540       4.715440       4.717370       4.719320       4.721300       4.723290       4.725310       4.727350       4.729400       4.731470       4.733560       4.735660       4.737780       4.739910       4.742050       4.744210    
   4.687970       4.689340       4.690750       4.692210       4.693710       4.695250       4.696840       4.698460       4.700120       4.701820       4.703550       4.705320       4.707120       4.708950       4.710800       4.712690       4.714600       4.716530       4.718490       4.720470       4.722480       4.724500       4.726540       4.728600       4.730680       4.732780       4.734880       4.737010       4.739140       4.741290    
   4.685610       4.686940       4.688330       4.689760       4.691240       4.692760       4.694320       4.695920       4.697550       4.699230       4.700940       4.702680       4.704460       4.706260       4.708100       4.709970       4.711860       4.713780       4.715720       4.717690       4.719680       4.721690       4.723720       4.725760       4.727830       4.729920       4.732020       4.734130       4.736260       4.738410    
   4.685620       4.686960       4.688100       4.687350       4.688800       4.690290       4.691830       4.693400       4.695020       4.696670       4.698350       4.700080       4.701830       4.703620       4.705430       4.707280       4.709150       4.711050       4.712980       4.714930       4.716900       4.718900       4.720920       4.722960       4.725010       4.727090       4.729180       4.731290       4.733410       4.735550    
   4.685640       4.687010       4.687350       4.686650       4.686400       4.687870       4.689370       4.690920       4.692510       4.694140       4.695800       4.697500       4.699230       4.701000       4.702800       4.704620       4.706480       4.708360       4.710270       4.712200       4.714160       4.716140       4.718150       4.720170       4.722220       4.724280       4.726370       4.728470       4.730580       4.732710    
   4.686090       4.687350       4.685810       4.685210       4.684030       4.685470       4.686950       4.688480       4.690040       4.691640       4.693280       4.694960       4.696670       4.698410       4.700190       4.702000       4.703830       4.705700       4.707590       4.709510       4.711450       4.713420       4.715410       4.717420       4.719460       4.721510       4.723590       4.725680       4.727790       4.729910    
   4.687350       4.685450       4.684620       4.684030       4.684200       4.683100       4.684560       4.686060       4.687600       4.689180       4.690800       4.692450       4.694140       4.695860       4.697610       4.699400       4.701220       4.703070       4.704940       4.706840       4.708770       4.710720       4.712700       4.714700       4.716730       4.718770       4.720830       4.722920       4.725020       4.727130    
   4.685290       4.684330       4.684030       4.683780       4.683100       4.683290       4.682200       4.683680       4.685190       4.686750       4.688340       4.689970       4.691640       4.693340       4.695070       4.696840       4.698640       4.700460       4.702320       4.704210       4.706120       4.708060       4.710020       4.712010       4.714020       4.716060       4.718110       4.720180       4.722280       4.724390    
   4.684180       4.684030       4.683640       4.683100       4.682860       4.682200       4.682940       4.683690       4.684990       4.684350       4.685920       4.687520       4.689170       4.690850       4.692560       4.694310       4.696080       4.697890       4.699730       4.701600       4.703500       4.705420       4.707370       4.709350       4.711350       4.713370       4.715410       4.717480       4.719560       4.721670    
   4.684030       4.683590       4.683100       4.682720       4.682200       4.682570       4.682940       4.683990       4.684350       4.685130       4.685120       4.685110       4.686730       4.688390       4.690080       4.691800       4.693560       4.695350       4.697180       4.699030       4.700910       4.702820       4.704760       4.706720       4.708700       4.710710       4.712750       4.714800       4.716880       4.718970    
   4.683570       4.683100       4.682670       4.682200       4.682380       4.682570       4.683460       4.684350       4.684740       4.684250       4.683920       4.682720       4.684320       4.685960       4.687630       4.689330       4.691070       4.692840       4.694650       4.696480       4.698350       4.700240       4.702170       4.704110       4.706090       4.708090       4.710110       4.712160       4.714220       4.716310    
   4.683100       4.682660       4.682200       4.682290       4.682390       4.683190       4.684350       4.684550       4.683880       4.683320       4.682720       4.683520       4.684140       4.683560       4.685210       4.686890       4.688610       4.690370       4.692150       4.693970       4.695820       4.697700       4.699610       4.701540       4.703500       4.705490       4.707500       4.709540       4.711600       4.713680    
   4.682650       4.682200       4.682250       4.682290       4.683050       4.684350       4.684450       4.683700       4.683020       4.682720       4.683120       4.683490       4.683560       4.684390       4.685220       4.686900       4.688620       4.690380       4.691400       4.691490       4.693320       4.695180       4.697080       4.699000       4.700950       4.702920       4.704920       4.706950       4.709000       4.711070    
   4.682200       4.682220       4.682250       4.682990       4.684350       4.684400       4.683620       4.682870       4.682720       4.682920       4.683220       4.683560       4.683970       4.684390       4.685500       4.686920       4.688630       4.689940       4.690260       4.689030       4.690850       4.692700       4.694580       4.696480       4.698420       4.700380       4.702380       4.704390       4.706430       4.708500    
   4.682210       4.682220       4.682950       4.684350       4.684370       4.683580       4.682790       4.682720       4.682820       4.683110       4.683560       4.683770       4.683970       4.684620       4.685600       4.687020       4.688830       4.689640       4.689030       4.689430       4.688410       4.690240       4.692110       4.694000       4.695920       4.697880       4.699860       4.701860       4.703890       4.705950    
   4.682210       4.682930       4.684350       4.684360       4.683560       4.682760       4.682720       4.682770       4.683050       4.683560       4.683660       4.683770       4.684120       4.684730       4.685750       4.686560       4.689340       4.689030       4.686730       4.686020       4.687100       4.687820       4.689660       4.691550       4.693460       4.695400       4.697370       4.699360       4.701380       4.703430    
   4.682930       4.684350       4.684360       4.683550       4.682740       4.682720       4.682740       4.683030       4.683560       4.683610       4.683660       4.683850       4.684210       4.680860       4.680400       4.682000       4.681990       4.682620       4.683250       4.682450       4.683620       4.685420       4.687260       4.689120       4.691020       4.692950       4.694910       4.696890       4.698910       4.700940    
   4.684350       4.684350       4.683540       4.682730       4.682720       4.682730       4.683010       4.683560       4.683590       4.683610       4.683710       4.683910       4.677280       4.668780       4.668850       4.674540       4.674670       4.674950       4.679160       4.681280       4.681270       4.683060       4.684880       4.686730       4.688610       4.690530       4.692480       4.694450       4.696460       4.698490    
   4.684350       4.683540       4.682720       4.682720       4.682730       4.683010       4.683560       4.683570       4.683590       4.683640       4.674610       4.660920       4.666110       4.668720       4.668720       4.668850       4.672630       4.674390       4.674950       4.677960       4.678950       4.680720       4.682530       4.684360       4.686240       4.688140       4.690080       4.692040       4.694040       4.696060    
   4.683540       4.682720       4.682720       4.682720       4.683000       4.683560       4.683570       4.683570       4.683600       4.672740       4.660920       4.660920       4.660920       4.666010       4.668580       4.668580       4.668850       4.672350       4.673830       4.674950       4.676660       4.678420       4.680210       4.682030       4.683890       4.685780       4.687710       4.689670       4.691650       4.693660    
   4.682720       4.682720       4.682720       4.683000       4.683560       4.683560       4.683570       4.675090       4.667930       4.660910       4.660920       4.660920       4.660920       4.660920       4.665810       4.668310       4.668310       4.668850       4.671750       4.672710       4.674400       4.676140       4.677920       4.679730       4.681580       4.683460       4.685370       4.687320       4.689290       4.691300    
   4.682720       4.682720       4.683000       4.683560       4.683560       4.668710       4.646440       4.648030       4.649620       4.657140       4.660900       4.660920       4.660920       4.660920       4.660920       4.665440       4.667770       4.667770       4.668850       4.670500       4.672180       4.673900       4.675660       4.677460       4.679290       4.681160       4.683060       4.685000       4.686970       4.688960    
   4.682720       4.683000       4.683560       4.683560       4.665740       4.646440       4.646440       4.646440       4.648030       4.649620       4.657110       4.660870       4.660920       4.660920       4.660920       4.660920       4.664760       4.666700       4.666690       4.668320       4.669980       4.671690       4.673430       4.675220       4.677040       4.678900       4.680790       4.682720       4.684670       4.686660    
