iMOD/TUTORIALS/TUT_MetaswapAnalyser/model_MetaSWAP/meteo/Evaporation/Evaporation_20060121_L1.ASC
NCOLS                30
NROWS                30
XLLCORNER     160000.00
YLLCORNER     340000.00
CELLSIZE        1000.00
NODATA_VALUE   -9999.00
  0.3003500      0.2985700      0.2968100      0.2950600      0.2933200      0.2915900      0.2898800      0.2881700      0.2864800      0.2848000      0.2831300      0.2814700      0.2798200      0.2781800      0.2765500      0.2749300      0.2733200      0.2717200      0.2701300      0.2685400      0.2669700      0.2654000      0.2638400      0.2622900      0.2607500      0.2592200      0.2576900      0.2561700      0.2546600      0.2531500    
  0.3000100      0.2982200      0.2964500      0.2946900      0.2929400      0.2912100      0.2894800      0.2877700      0.2860700      0.2843800      0.2827000      0.2810300      0.2793700      0.2777200      0.2760900      0.2744600      0.2728400      0.2712300      0.2696300      0.2680400      0.2664600      0.2648900      0.2633200      0.2617700      0.2602200      0.2586800      0.2571500      0.2556200      0.2541000      0.2525900    
  0.2996600      0.2978700      0.2960900      0.2943200      0.2925600      0.2908200      0.2890800      0.2873600      0.2856500      0.2839500      0.2822700      0.2805900      0.2789200      0.2772700      0.2756200      0.2739900      0.2723600      0.2707500      0.2691400      0.2675400      0.2659500      0.2643700      0.2628000      0.2612400      0.2596900      0.2581400      0.2566000      0.2550700      0.2535500      0.2520300    
  0.2993200      0.2975200      0.2957200      0.2939500      0.2921800      0.2904300      0.2886900      0.2869600      0.2852400      0.2835300      0.2818300      0.2801500      0.2784700      0.2768100      0.2751600      0.2735100      0.2718800      0.2702600      0.2686400      0.2670400      0.2654500      0.2638600      0.2622800      0.2607100      0.2591500      0.2576000      0.2560600      0.2545200      0.2530000      0.2514800    
  0.2989700      0.2971600      0.2953600      0.2935700      0.2918000      0.2900400      0.2882900      0.2865500      0.2848200      0.2831000      0.2814000      0.2797100      0.2780200      0.2763500      0.2746900      0.2730400      0.2714000      0.2697700      0.2681500      0.2665400      0.2649400      0.2633400      0.2617600      0.2601900      0.2586200      0.2570600      0.2555200      0.2539700      0.2524400      0.2509200    
  0.2986200      0.2968000      0.2949900      0.2932000      0.2914100      0.2896400      0.2878800      0.2861400      0.2844000      0.2826800      0.2809600      0.2792600      0.2775700      0.2758900      0.2742200      0.2725700      0.2709200      0.2692800      0.2676500      0.2660400      0.2644300      0.2628300      0.2612400      0.2596600      0.2580900      0.2565200      0.2549700      0.2534200      0.2518900      0.2503600    
  0.2982700      0.2964400      0.2946200      0.2928200      0.2910300      0.2892500      0.2874800      0.2857300      0.2839800      0.2822500      0.2805300      0.2788200      0.2771200      0.2754300      0.2737600      0.2720900      0.2704400      0.2687900      0.2671600      0.2655300      0.2639200      0.2623100      0.2607200      0.2591300      0.2575500      0.2559900      0.2544300      0.2528800      0.2513300      0.2498000    
  0.2979200      0.2960800      0.2942600      0.2924400      0.2906400      0.2888500      0.2870800      0.2853100      0.2835600      0.2818200      0.2800900      0.2783700      0.2766700      0.2749700      0.2732900      0.2716200      0.2699500      0.2683000      0.2666600      0.2650300      0.2634100      0.2618000      0.2601900      0.2586000      0.2570200      0.2554500      0.2538800      0.2523300      0.2507800      0.2492400    
  0.2975600      0.2957200      0.2938800      0.2920600      0.2902500      0.2884600      0.2866700      0.2849000      0.2831400      0.2813900      0.2796500      0.2779300      0.2762100      0.2745100      0.2728200      0.2711400      0.2694700      0.2678100      0.2661600      0.2645300      0.2629000      0.2612800      0.2596700      0.2580700      0.2564900      0.2549100      0.2533400      0.2517800      0.2502200      0.2486800    
  0.2972100      0.2953600      0.2935100      0.2916800      0.2898700      0.2880600      0.2862700      0.2844900      0.2827200      0.2809600      0.2792200      0.2774800      0.2757600      0.2740500      0.2723500      0.2706600      0.2689900      0.2673200      0.2656700      0.2640200      0.2623900      0.2607600      0.2591500      0.2575500      0.2559500      0.2543700      0.2527900      0.2512300      0.2496700      0.2481200    
  0.2972170      0.2953600      0.2929620      0.2913000      0.2894800      0.2876600      0.2858600      0.2840700      0.2823000      0.2805300      0.2787800      0.2770400      0.2753100      0.2735900      0.2718800      0.2701900      0.2685000      0.2668300      0.2651700      0.2635200      0.2618800      0.2602500      0.2586300      0.2570200      0.2554200      0.2538300      0.2522500      0.2506800      0.2491200      0.2475700    
  0.2972200      0.2942100      0.2913000      0.2896430      0.2890900      0.2872600      0.2854500      0.2836600      0.2818700      0.2801000      0.2783400      0.2765900      0.2748500      0.2731300      0.2714100      0.2697100      0.2680200      0.2663400      0.2646700      0.2630100      0.2613700      0.2597300      0.2581100      0.2564900      0.2548900      0.2532900      0.2517100      0.2501300      0.2485700      0.2470100    
  0.2954540      0.2913000      0.2896340      0.2888950      0.2887000      0.2868700      0.2850500      0.2832400      0.2814500      0.2796700      0.2779000      0.2761400      0.2744000      0.2726700      0.2709400      0.2692300      0.2675400      0.2658500      0.2641800      0.2625100      0.2608600      0.2592200      0.2575900      0.2559700      0.2543600      0.2527600      0.2511700      0.2495900      0.2480200      0.2464500    
  0.2913000      0.2896080      0.2887970      0.2887000      0.2873470      0.2864700      0.2846400      0.2828300      0.2810300      0.2792400      0.2774600      0.2757000      0.2739400      0.2722000      0.2704800      0.2687600      0.2670500      0.2653600      0.2636800      0.2620100      0.2603500      0.2587000      0.2570700      0.2554400      0.2538300      0.2522200      0.2506300      0.2490400      0.2474700      0.2459000    
  0.2895890      0.2887490      0.2887000      0.2875060      0.2864700      0.2851130      0.2842300      0.2824100      0.2806000      0.2788100      0.2770200      0.2752500      0.2734900      0.2717400      0.2700100      0.2682800      0.2665700      0.2648700      0.2631800      0.2615100      0.2598400      0.2581900      0.2565500      0.2549200      0.2533000      0.2516900      0.2500900      0.2485000      0.2469200      0.2453500    
  0.2887240      0.2887000      0.2875590      0.2864700      0.2852710      0.2842300      0.2833200      0.2824130      0.2800500      0.2783800      0.2765900      0.2748100      0.2730400      0.2712800      0.2695400      0.2678100      0.2660900      0.2643800      0.2626900      0.2610100      0.2593400      0.2576800      0.2560300      0.2543900      0.2527700      0.2511500      0.2495500      0.2479500      0.2463700      0.2448000    
  0.2887000      0.2875760      0.2864700      0.2853240      0.2842300      0.2837750      0.2833210      0.2810410      0.2783800      0.2774850      0.2756120      0.2743600      0.2725900      0.2708200      0.2690700      0.2673400      0.2656100      0.2639000      0.2622000      0.2605100      0.2588300      0.2571700      0.2555100      0.2538700      0.2522400      0.2506200      0.2490100      0.2474100      0.2458200      0.2442500    
  0.2875820      0.2864700      0.2853410      0.2842300      0.2840020      0.2837750      0.2816290      0.2783800      0.2779330      0.2759070      0.2741400      0.2739200      0.2721300      0.2703700      0.2686100      0.2668600      0.2651300      0.2634100      0.2617000      0.2600100      0.2583300      0.2566600      0.2550000      0.2533500      0.2517100      0.2500900      0.2484800      0.2468700      0.2452800      0.2437000    
  0.2864700      0.2853470      0.2842300      0.2841160      0.2840030      0.2819470      0.2783800      0.2781560      0.2760340      0.2740300      0.2739200      0.2730250      0.2715830      0.2699100      0.2681400      0.2663900      0.2646500      0.2629300      0.2612100      0.2595100      0.2578200      0.2561500      0.2544800      0.2528300      0.2511900      0.2495600      0.2479400      0.2463400      0.2447400      0.2431500    
  0.2853490      0.2842300      0.2841730      0.2841160      0.2821110      0.2783800      0.2782680      0.2760930      0.2739750      0.2739200      0.2734720      0.2721090      0.2699100      0.2690250      0.2681470      0.2663930      0.2646570      0.2629300      0.2602380      0.2590200      0.2573200      0.2556400      0.2539700      0.2523100      0.2506700      0.2490300      0.2474100      0.2458000      0.2442000      0.2426100    
  0.2842300      0.2842020      0.2841730      0.2821950      0.2783800      0.2783240      0.2761220      0.2739480      0.2739200      0.2736960      0.2723530      0.2699100      0.2694680      0.2690270      0.2678550      0.2663990      0.2646600      0.2610230      0.2587700      0.2585200      0.2568200      0.2551300      0.2534600      0.2518000      0.2501500      0.2485100      0.2468800      0.2452700      0.2436600      0.2420700    
  0.2842160      0.2842020      0.2822370      0.2783800      0.2783520      0.2761360      0.2739340      0.2739200      0.2738080      0.2724700      0.2699100      0.2696890      0.2694680      0.2687830      0.2677600      0.2663050      0.2618490      0.2586450      0.2585200      0.2572200      0.2563200      0.2546300      0.2529500      0.2512800      0.2496300      0.2479900      0.2463500      0.2447400      0.2431300      0.2415300    
  0.2842160      0.2822590      0.2783800      0.2783660      0.2761430      0.2739270      0.2739200      0.2738640      0.2725270      0.2699100      0.2697990      0.2696890      0.2693130      0.2686710      0.2676160      0.2623120      0.2585830      0.2585200      0.2566660      0.2558300      0.2548100      0.2541300      0.2524400      0.2507700      0.2491100      0.2474600      0.2458300      0.2442100      0.2426000      0.2410000    
  0.2822690      0.2783800      0.2783730      0.2761470      0.2739230      0.2739200      0.2738920      0.2725550      0.2699100      0.2698550      0.2697990      0.2696010      0.2692240      0.2655050      0.2613830      0.2570660      0.2570650      0.2562220      0.2552580      0.2550950      0.2553400      0.2536300      0.2519400      0.2502600      0.2486000      0.2469500      0.2453100      0.2436800      0.2420700      0.2404600    
  0.2783800      0.2783770      0.2761480      0.2739220      0.2739200      0.2739060      0.2725690      0.2699100      0.2698820      0.2698550      0.2697520      0.2695410      0.2634250      0.2564060      0.2564200      0.2562110      0.2555500      0.2556100      0.2550570      0.2548500      0.2548500      0.2531400      0.2514400      0.2497600      0.2480900      0.2464300      0.2447900      0.2431600      0.2415400      0.2399300    
  0.2783780      0.2761490      0.2739210      0.2739200      0.2739130      0.2725760      0.2699100      0.2698960      0.2698820      0.2698300      0.2645620      0.2568300      0.2565350      0.2563910      0.2563910      0.2564200      0.2558080      0.2554900      0.2556100      0.2546720      0.2543600      0.2526400      0.2509400      0.2492500      0.2475800      0.2459200      0.2442700      0.2426400      0.2410200      0.2394100    
  0.2761500      0.2739200      0.2739200      0.2739170      0.2725800      0.2699100      0.2699030      0.2698960      0.2698690      0.2635870      0.2568300      0.2568300      0.2568300      0.2565130      0.2563620      0.2563620      0.2564200      0.2557140      0.2553700      0.2556100      0.2538700      0.2521500      0.2504500      0.2487500      0.2470800      0.2454100      0.2437600      0.2421200      0.2405000      0.2388900    
  0.2739200      0.2739200      0.2739180      0.2725820      0.2699100      0.2699070      0.2699030      0.2665450      0.2622350      0.2568290      0.2568300      0.2568300      0.2568300      0.2568300      0.2564700      0.2563050      0.2563050      0.2564200      0.2554550      0.2551300      0.2533900      0.2516700      0.2499500      0.2482600      0.2465800      0.2449100      0.2432500      0.2416100      0.2399800      0.2383700    
  0.2739200      0.2739190      0.2725820      0.2699100      0.2699080      0.2651320      0.2579700      0.2572400      0.2565100      0.2567200      0.2568260      0.2568300      0.2568300      0.2568300      0.2568300      0.2563820      0.2561900      0.2561900      0.2564200      0.2546600      0.2529100      0.2511800      0.2494700      0.2477700      0.2460800      0.2444100      0.2427500      0.2411000      0.2394700      0.2378500    
  0.2739200      0.2725830      0.2699100      0.2699090      0.2641770      0.2579690      0.2579690      0.2579700      0.2572400      0.2565100      0.2567140      0.2568190      0.2568300      0.2568300      0.2568300      0.2568300      0.2562030      0.2559600      0.2559600      0.2541900      0.2524400      0.2507000      0.2489800      0.2472800      0.2455900      0.2439100      0.2422500      0.2406000      0.2389700      0.2373400    
