iMOD/TUTORIALS/TUT_MetaswapAnalyser/model_MetaSWAP/meteo/Evaporation/Evaporation_20060312_L1.ASC
NCOLS                30
NROWS                30
XLLCORNER     160000.00
YLLCORNER     340000.00
CELLSIZE        1000.00
NODATA_VALUE   -9999.00
   1.340320       1.338320       1.336220       1.334040       1.331780       1.329430       1.327020       1.324530       1.321970       1.319350       1.316670       1.313930       1.311140       1.308300       1.305420       1.302490       1.299520       1.296510       1.293470       1.290390       1.287280       1.284140       1.280970       1.277770       1.274550       1.271310       1.268040       1.264750       1.261450       1.258120    
   1.338260       1.336250       1.334140       1.331960       1.329690       1.327340       1.324920       1.322430       1.319870       1.317250       1.314580       1.311840       1.309060       1.306220       1.303340       1.300420       1.297450       1.294450       1.291410       1.288340       1.285230       1.282100       1.278940       1.275750       1.272540       1.269300       1.266040       1.262760       1.259460       1.256150    
   1.336170       1.334140       1.332030       1.329830       1.327560       1.325210       1.322780       1.320290       1.317740       1.315120       1.312440       1.309710       1.306930       1.304100       1.301220       1.298300       1.295340       1.292350       1.289310       1.286250       1.283150       1.280020       1.276870       1.273680       1.270480       1.267250       1.264000       1.260730       1.257450       1.254140    
   1.334050       1.332000       1.329880       1.327670       1.325390       1.323040       1.320610       1.318120       1.315560       1.312950       1.310270       1.307540       1.304760       1.301940       1.299060       1.296150       1.293190       1.290200       1.287170       1.284110       1.281020       1.277900       1.274760       1.271580       1.268390       1.265170       1.261930       1.258670       1.255390       1.252100    
   1.331900       1.329840       1.327700       1.325480       1.323190       1.320830       1.318400       1.315910       1.313350       1.310730       1.308060       1.305340       1.302560       1.299730       1.296870       1.293960       1.291010       1.288020       1.285000       1.281950       1.278860       1.275750       1.272610       1.269450       1.266260       1.263050       1.259820       1.256570       1.253300       1.250020    
   1.329710       1.327640       1.325490       1.323260       1.320960       1.318600       1.316160       1.313670       1.311110       1.308490       1.305820       1.303090       1.300320       1.297500       1.294630       1.291730       1.288780       1.285800       1.282790       1.279740       1.276670       1.273560       1.270430       1.267280       1.264100       1.260900       1.257680       1.254440       1.251190       1.247910    
   1.327510       1.325420       1.323250       1.321010       1.318710       1.316330       1.313890       1.311390       1.308830       1.306210       1.303540       1.300820       1.298050       1.295230       1.292370       1.289470       1.286530       1.283550       1.280550       1.277510       1.274440       1.271340       1.268220       1.265080       1.261910       1.258720       1.255510       1.252280       1.249040       1.245770    
   1.325280       1.323170       1.320990       1.318740       1.316420       1.314040       1.311600       1.309090       1.306530       1.303910       1.301230       1.298510       1.295740       1.292930       1.290070       1.287170       1.284240       1.281270       1.278270       1.275240       1.272180       1.269090       1.265980       1.262840       1.259680       1.256500       1.253310       1.250090       1.246860       1.243610    
   1.323020       1.320900       1.318700       1.316440       1.314120       1.311730       1.309270       1.306760       1.304200       1.301570       1.298900       1.296180       1.293410       1.290600       1.287740       1.284850       1.281920       1.278960       1.275970       1.272940       1.269890       1.266810       1.263700       1.260580       1.257430       1.254260       1.251070       1.247870       1.244650       1.241410    
   1.320750       1.318610       1.316400       1.314130       1.311790       1.309390       1.306930       1.304410       1.301840       1.299210       1.296540       1.293820       1.291050       1.288240       1.285390       1.282500       1.279580       1.276620       1.273630       1.270610       1.267570       1.264500       1.261400       1.258290       1.255150       1.251990       1.248820       1.245620       1.242420       1.239190    
   1.320730       1.318590       1.315230       1.311790       1.309440       1.307030       1.304560       1.302040       1.299460       1.296830       1.294160       1.291430       1.288670       1.285860       1.283010       1.280130       1.277210       1.274250       1.271270       1.268260       1.265220       1.262160       1.259080       1.255970       1.252840       1.249700       1.246530       1.243350       1.240160       1.236950    
   1.320710       1.316580       1.311790       1.308250       1.307070       1.304650       1.302170       1.299640       1.297060       1.294430       1.291750       1.289030       1.286260       1.283450       1.280610       1.277730       1.274810       1.271860       1.268890       1.265880       1.262850       1.259800       1.256720       1.253630       1.250510       1.247380       1.244220       1.241060       1.237880       1.234680    
   1.317970       1.311790       1.307650       1.305880       1.304690       1.302260       1.299770       1.297230       1.294640       1.292010       1.289330       1.286600       1.283830       1.281030       1.278180       1.275300       1.272390       1.269450       1.266480       1.263480       1.260460       1.257420       1.254350       1.251260       1.248160       1.245030       1.241890       1.238740       1.235570       1.232390    
   1.311790       1.307350       1.305280       1.304690       1.302270       1.299850       1.297350       1.294800       1.292210       1.289570       1.286880       1.284150       1.281390       1.278580       1.275740       1.272860       1.269950       1.267020       1.264050       1.261060       1.258050       1.255010       1.251950       1.248880       1.245780       1.242670       1.239540       1.236400       1.233240       1.230080    
   1.307210       1.304990       1.304690       1.302270       1.299850       1.297370       1.294920       1.292360       1.289760       1.287110       1.284420       1.281690       1.278920       1.276120       1.273270       1.270400       1.267500       1.264560       1.261600       1.258620       1.255610       1.252580       1.249540       1.246470       1.243380       1.240280       1.237170       1.234040       1.230900       1.227750    
   1.304840       1.304690       1.302270       1.299850       1.297380       1.294920       1.293640       1.292350       1.288470       1.284640       1.281950       1.279220       1.276440       1.273640       1.270790       1.267920       1.265020       1.262090       1.259140       1.256160       1.253160       1.250140       1.247100       1.244040       1.240970       1.237880       1.234780       1.231660       1.228540       1.225400    
   1.304690       1.302270       1.299850       1.297380       1.294920       1.294280       1.293640       1.289770       1.284640       1.283290       1.279350       1.276730       1.273950       1.271140       1.268300       1.265430       1.262530       1.259610       1.256660       1.253680       1.250690       1.247680       1.244650       1.241600       1.238540       1.235460       1.232370       1.229270       1.226160       1.223030    
   1.302270       1.299850       1.297380       1.294920       1.294600       1.294280       1.290580       1.284640       1.283970       1.279400       1.275480       1.274220       1.271450       1.268640       1.265790       1.262920       1.260030       1.257100       1.254160       1.251190       1.248210       1.245200       1.242180       1.239140       1.236090       1.233030       1.229950       1.226860       1.223760       1.220650    
   1.299850       1.297380       1.294920       1.294760       1.294600       1.291030       1.284640       1.284300       1.279410       1.274850       1.274220       1.272840       1.270110       1.266120       1.263280       1.260410       1.257510       1.254590       1.251650       1.248690       1.245710       1.242710       1.239700       1.236670       1.233630       1.230580       1.227510       1.224440       1.221360       1.218260    
   1.297380       1.294920       1.294840       1.294760       1.291260       1.284640       1.284470       1.279420       1.274530       1.274220       1.273530       1.270820       1.266120       1.264700       1.263270       1.260400       1.257500       1.254580       1.248950       1.246170       1.243200       1.240210       1.237210       1.234190       1.231160       1.228120       1.225070       1.222000       1.218930       1.215860    
   1.294920       1.294880       1.294840       1.291370       1.284640       1.284560       1.279430       1.274380       1.274220       1.273870       1.271170       1.266120       1.265410       1.264700       1.262790       1.260390       1.257500       1.249920       1.244910       1.243650       1.240680       1.237700       1.234700       1.231690       1.228670       1.225650       1.222610       1.219560       1.216500       1.213440    
   1.294900       1.294880       1.291430       1.284640       1.284600       1.279430       1.274300       1.274220       1.274050       1.271350       1.266120       1.265760       1.265410       1.264300       1.262630       1.260230       1.251150       1.244280       1.243650       1.240830       1.238150       1.235180       1.232190       1.229190       1.226180       1.223160       1.220140       1.217110       1.214060       1.211020    
   1.294900       1.291460       1.284640       1.284620       1.279430       1.274260       1.274220       1.274130       1.271430       1.266120       1.265940       1.265760       1.265160       1.264110       1.262380       1.250790       1.243960       1.243650       1.237970       1.235620       1.233830       1.232650       1.229670       1.226680       1.223680       1.220680       1.217660       1.214640       1.211620       1.208580    
   1.291480       1.284640       1.284630       1.279430       1.274240       1.274220       1.274180       1.271480       1.266120       1.266030       1.265940       1.265620       1.265010       1.254460       1.244810       1.236010       1.236010       1.234470       1.232650       1.231810       1.233080       1.230110       1.227140       1.224160       1.221170       1.218180       1.215180       1.212180       1.209160       1.206150    
   1.284640       1.284630       1.279430       1.274230       1.274220       1.274200       1.271500       1.266120       1.266080       1.266030       1.265870       1.265520       1.247450       1.226120       1.226200       1.229390       1.228050       1.228370       1.229700       1.230530       1.230530       1.227570       1.224610       1.221640       1.218660       1.215680       1.212690       1.209700       1.206710       1.203710    
   1.284640       1.279430       1.274220       1.274220       1.274210       1.271510       1.266120       1.266100       1.266080       1.265990       1.248090       1.221510       1.224520       1.226040       1.226040       1.226200       1.227300       1.227730       1.228370       1.228080       1.227980       1.225030       1.222080       1.219120       1.216150       1.213180       1.210200       1.207230       1.204250       1.201260    
   1.279430       1.274220       1.274220       1.274210       1.271510       1.266120       1.266110       1.266100       1.266050       1.244630       1.221510       1.221510       1.221510       1.224400       1.225880       1.225880       1.226200       1.226890       1.227090       1.228370       1.225440       1.222490       1.219540       1.216590       1.213630       1.210680       1.207710       1.204750       1.201780       1.198820    
   1.274220       1.274220       1.274220       1.271520       1.266120       1.266110       1.266110       1.252570       1.238100       1.221500       1.221510       1.221510       1.221510       1.221510       1.224170       1.225560       1.225560       1.226200       1.225910       1.225820       1.222890       1.219950       1.217010       1.214060       1.211120       1.208170       1.205220       1.202270       1.199320       1.196370    
   1.274220       1.274220       1.271520       1.266120       1.266120       1.244680       1.212540       1.212270       1.212010       1.218320       1.221490       1.221510       1.221510       1.221510       1.221510       1.223710       1.224930       1.224930       1.226200       1.223270       1.220340       1.217410       1.214480       1.211540       1.208600       1.205670       1.202730       1.199800       1.196860       1.193930    
   1.274220       1.271520       1.266120       1.266120       1.240400       1.212540       1.212540       1.212540       1.212270       1.212010       1.218290       1.221450       1.221510       1.221510       1.221510       1.221510       1.222830       1.223660       1.223660       1.220730       1.217800       1.214880       1.211950       1.209020       1.206100       1.203170       1.200250       1.197330       1.194410       1.191490    
