iMOD/TUTORIALS/TUT_MetaswapAnalyser/model_MetaSWAP/meteo/Evaporation/Evaporation_20050629_L1.ASC
NCOLS                30
NROWS                30
XLLCORNER     160000.00
YLLCORNER     340000.00
CELLSIZE        1000.00
NODATA_VALUE   -9999.00
   3.126550       3.125010       3.123430       3.121820       3.120170       3.118460       3.116710       3.114900       3.113030       3.111090       3.109090       3.107010       3.104860       3.102630       3.100320       3.097930       3.095450       3.092880       3.090220       3.087480       3.084640       3.081720       3.078700       3.075590       3.072400       3.069110       3.065730       3.062260       3.058700       3.055060    
   3.124760       3.123160       3.121540       3.119880       3.118180       3.116430       3.114640       3.112790       3.110880       3.108900       3.106870       3.104760       3.102580       3.100330       3.098000       3.095580       3.093090       3.090510       3.087850       3.085100       3.082270       3.079340       3.076330       3.073230       3.070050       3.066770       3.063410       3.059960       3.056430       3.052810    
   3.122960       3.121330       3.119650       3.117950       3.116200       3.114410       3.112570       3.110680       3.108730       3.106730       3.104660       3.102520       3.100310       3.098040       3.095680       3.093250       3.090740       3.088160       3.085480       3.082730       3.079890       3.076970       3.073970       3.070880       3.067700       3.064440       3.061090       3.057670       3.054160       3.050560    
   3.121180       3.119490       3.117770       3.116020       3.114230       3.112400       3.110520       3.108590       3.106600       3.104560       3.102460       3.100290       3.098060       3.095750       3.093380       3.090930       3.088410       3.085810       3.083130       3.080370       3.077530       3.074610       3.071600       3.068520       3.065350       3.062110       3.058780       3.055370       3.051880       3.048310    
   3.119400       3.117660       3.115900       3.114100       3.112270       3.110390       3.108470       3.106500       3.104480       3.102400       3.100270       3.098070       3.095810       3.093480       3.091080       3.088620       3.086080       3.083460       3.080780       3.078010       3.075170       3.072250       3.069250       3.066170       3.063010       3.059780       3.056460       3.053070       3.049600       3.046050    
   3.117620       3.115840       3.114040       3.112200       3.110320       3.108400       3.106440       3.104430       3.102370       3.100250       3.098090       3.095860       3.093570       3.091220       3.088800       3.086320       3.083760       3.081130       3.078440       3.075660       3.072820       3.069900       3.066900       3.063830       3.060680       3.057450       3.054150       3.050780       3.047320       3.043800    
   3.115850       3.114030       3.112180       3.110290       3.108370       3.106410       3.104410       3.102360       3.100270       3.098120       3.095920       3.093660       3.091350       3.088970       3.086530       3.084020       3.081450       3.078810       3.076100       3.073320       3.070470       3.067550       3.064560       3.061490       3.058350       3.055130       3.051840       3.048480       3.045050       3.041550    
   3.114090       3.112230       3.110330       3.108400       3.106440       3.104440       3.102390       3.100310       3.098180       3.096000       3.093760       3.091480       3.089130       3.086730       3.084270       3.081740       3.079160       3.076500       3.073780       3.071000       3.068140       3.065220       3.062220       3.059160       3.056020       3.052820       3.049540       3.046200       3.042780       3.039300    
   3.112340       3.110430       3.108490       3.106520       3.104510       3.102470       3.100390       3.098270       3.096100       3.093880       3.091620       3.089300       3.086930       3.084510       3.082020       3.079480       3.076870       3.074210       3.071480       3.068680       3.065820       3.062890       3.059900       3.056840       3.053710       3.050510       3.047250       3.043920       3.040520       3.037050    
   3.110600       3.108640       3.106660       3.104650       3.102600       3.100520       3.098400       3.096240       3.094030       3.091780       3.089490       3.087140       3.084740       3.082290       3.079790       3.077220       3.074600       3.071920       3.069180       3.066370       3.063510       3.060580       3.057580       3.054520       3.051400       3.048210       3.044960       3.041640       3.038260       3.034810    
   3.110590       3.108630       3.105680       3.102780       3.100700       3.098580       3.096420       3.094220       3.091980       3.089700       3.087370       3.085000       3.082570       3.080100       3.077570       3.074980       3.072340       3.069650       3.066890       3.064080       3.061210       3.058270       3.055280       3.052220       3.049100       3.045920       3.042680       3.039370       3.036010       3.032580    
   3.110580       3.106920       3.102780       3.099800       3.098810       3.096650       3.094450       3.092220       3.089940       3.087630       3.085270       3.082860       3.080410       3.077910       3.075360       3.072760       3.070100       3.067390       3.064620       3.061800       3.058920       3.055980       3.052990       3.049930       3.046820       3.043640       3.040410       3.037120       3.033760       3.030350    
   3.108200       3.102780       3.099350       3.097870       3.096930       3.094730       3.092490       3.090220       3.087920       3.085570       3.083180       3.080740       3.078270       3.075740       3.073170       3.070540       3.067870       3.065140       3.062370       3.059530       3.056650       3.053710       3.050710       3.047660       3.044540       3.041380       3.038150       3.034870       3.031530       3.028130    
   3.102780       3.099110       3.097400       3.096930       3.094830       3.092820       3.090550       3.088250       3.085910       3.083520       3.081100       3.078640       3.076140       3.073590       3.070990       3.068350       3.065660       3.062910       3.060120       3.057280       3.054390       3.051440       3.048440       3.045390       3.042280       3.039120       3.035900       3.032630       3.029300       3.025920    
   3.099000       3.097170       3.096930       3.094860       3.092820       3.090670       3.088630       3.086290       3.083910       3.081500       3.079040       3.076550       3.074020       3.071450       3.068830       3.066160       3.063460       3.060700       3.057900       3.055040       3.052140       3.049190       3.046190       3.043140       3.040030       3.036880       3.033670       3.030410       3.027090       3.023720    
   3.097050       3.096930       3.094870       3.092820       3.090710       3.088630       3.087460       3.086280       3.082790       3.079480       3.077000       3.074480       3.071920       3.069320       3.066680       3.064000       3.061270       3.058500       3.055690       3.052820       3.049910       3.046960       3.043950       3.040900       3.037800       3.034650       3.031450       3.028190       3.024890       3.021540    
   3.096930       3.094870       3.092820       3.090720       3.088630       3.088050       3.087460       3.084000       3.079480       3.078240       3.074760       3.072430       3.069840       3.067220       3.064560       3.061850       3.059110       3.056320       3.053490       3.050620       3.047700       3.044740       3.041730       3.038680       3.035580       3.032430       3.029240       3.026000       3.022700       3.019370    
   3.094870       3.092820       3.090720       3.088630       3.088340       3.088040       3.084750       3.079480       3.078860       3.074860       3.071410       3.070390       3.067780       3.065130       3.062450       3.059720       3.056960       3.054160       3.051310       3.048430       3.045500       3.042540       3.039530       3.036470       3.033370       3.030230       3.027040       3.023810       3.020530       3.017210    
   3.092820       3.090720       3.088630       3.088480       3.088340       3.085150       3.079480       3.079170       3.074900       3.070900       3.070390       3.069090       3.066590       3.063060       3.060350       3.057610       3.054830       3.052010       3.049160       3.046260       3.043330       3.040350       3.037340       3.034280       3.031190       3.028050       3.024870       3.021640       3.018380       3.015060    
   3.090720       3.088630       3.088560       3.088480       3.085360       3.079480       3.079320       3.074920       3.070640       3.070390       3.069740       3.067280       3.063060       3.061710       3.060340       3.057600       3.054820       3.052000       3.046700       3.044110       3.041170       3.038190       3.035170       3.032110       3.029020       3.025880       3.022710       3.019490       3.016240       3.012940    
   3.088630       3.088590       3.088560       3.085470       3.079480       3.079400       3.074930       3.070520       3.070390       3.070060       3.067620       3.063060       3.062380       3.061700       3.059880       3.057580       3.054800       3.047710       3.043050       3.041980       3.039030       3.036040       3.033020       3.029960       3.026870       3.023740       3.020570       3.017360       3.014110       3.010830    
   3.088610       3.088590       3.085530       3.079480       3.079440       3.074930       3.070450       3.070390       3.070230       3.067780       3.063060       3.062720       3.062380       3.061320       3.059720       3.057420       3.048920       3.042510       3.041980       3.039310       3.036910       3.033910       3.030890       3.027830       3.024740       3.021610       3.018440       3.015240       3.012010       3.008730    
   3.088610       3.085550       3.079480       3.079460       3.074930       3.070420       3.070390       3.070310       3.067860       3.063060       3.062890       3.062720       3.062140       3.061140       3.059490       3.048830       3.042250       3.041980       3.036950       3.034820       3.033020       3.031810       3.028780       3.025720       3.022620       3.019500       3.016340       3.013150       3.009920       3.006660    
   3.085570       3.079480       3.079470       3.074930       3.070410       3.070390       3.070350       3.067910       3.063060       3.062980       3.062890       3.062580       3.062000       3.052880       3.044130       3.035820       3.035820       3.034240       3.032400       3.031700       3.032730       3.029720       3.026690       3.023630       3.020540       3.017410       3.014260       3.011080       3.007860       3.004610    
   3.079480       3.079470       3.074930       3.070400       3.070390       3.070370       3.067930       3.063060       3.063020       3.062980       3.062820       3.062490       3.046950       3.028680       3.028740       3.030760       3.029400       3.029650       3.030240       3.030680       3.030680       3.027660       3.024620       3.021560       3.018470       3.015350       3.012200       3.009020       3.005820       3.002580    
   3.079480       3.074930       3.070390       3.070390       3.070380       3.067940       3.063060       3.063040       3.063020       3.062940       3.048120       3.026170       3.027790       3.028620       3.028620       3.028740       3.029070       3.029160       3.029650       3.028900       3.028640       3.025620       3.022580       3.019510       3.016420       3.013310       3.010170       3.007000       3.003800       3.000570    
   3.074930       3.070390       3.070390       3.070380       3.067940       3.063060       3.063050       3.063040       3.063000       3.045280       3.026170       3.026170       3.026170       3.027710       3.028500       3.028500       3.028740       3.028750       3.028670       3.029650       3.026640       3.023610       3.020560       3.017500       3.014400       3.011290       3.008150       3.004990       3.001800       2.998590    
   3.070390       3.070390       3.070390       3.067940       3.063060       3.063050       3.063050       3.052440       3.040420       3.026170       3.026170       3.026170       3.026170       3.026170       3.027530       3.028270       3.028260       3.028740       3.027950       3.027680       3.024660       3.021620       3.018570       3.015500       3.012410       3.009300       3.006170       3.003010       2.999840       2.996630    
   3.070390       3.070390       3.067950       3.063060       3.063060       3.046740       3.022260       3.021470       3.020690       3.024330       3.026160       3.026170       3.026170       3.026170       3.026170       3.027190       3.027790       3.027790       3.028740       3.025730       3.022700       3.019660       3.016610       3.013530       3.010440       3.007340       3.004210       3.001060       2.997890       2.994700    
   3.070390       3.067950       3.063060       3.063060       3.043470       3.022260       3.022260       3.022260       3.021470       3.020690       3.024310       3.026130       3.026170       3.026170       3.026170       3.026170       3.026520       3.026850       3.026840       3.023820       3.020780       3.017730       3.014670       3.011590       3.008500       3.005400       3.002280       2.999140       2.995980       2.992800    
