iMOD/TUTORIALS/TUT_MetaswapAnalyser/model_MetaSWAP/meteo/Evaporation/Evaporation_20060225_L1.ASC
NCOLS                30
NROWS                30
XLLCORNER     160000.00
YLLCORNER     340000.00
CELLSIZE        1000.00
NODATA_VALUE   -9999.00
   1.010890       1.011310       1.011780       1.012310       1.012880       1.013500       1.014180       1.014890       1.015660       1.016460       1.017310       1.018210       1.019140       1.020110       1.021110       1.022160       1.023240       1.024350       1.025500       1.026670       1.027880       1.029120       1.030380       1.031670       1.032980       1.034320       1.035680       1.037060       1.038460       1.039890    
   1.011560       1.011990       1.012480       1.013010       1.013600       1.014230       1.014910       1.015640       1.016410       1.017220       1.018080       1.018970       1.019910       1.020880       1.021900       1.022940       1.024020       1.025140       1.026280       1.027460       1.028670       1.029900       1.031160       1.032450       1.033760       1.035100       1.036460       1.037830       1.039230       1.040650    
   1.012260       1.012710       1.013210       1.013750       1.014350       1.014990       1.015680       1.016410       1.017190       1.018010       1.018870       1.019780       1.020720       1.021700       1.022710       1.023760       1.024840       1.025960       1.027110       1.028280       1.029490       1.030720       1.031980       1.033270       1.034580       1.035910       1.037260       1.038640       1.040030       1.041440    
   1.013000       1.013460       1.013970       1.014530       1.015140       1.015790       1.016490       1.017230       1.018010       1.018840       1.019710       1.020610       1.021560       1.022540       1.023560       1.024610       1.025690       1.026810       1.027960       1.029140       1.030340       1.031570       1.032830       1.034120       1.035420       1.036750       1.038100       1.039470       1.040860       1.042260    
   1.013770       1.014250       1.014770       1.015340       1.015950       1.016620       1.017320       1.018070       1.018860       1.019700       1.020570       1.021480       1.022430       1.023420       1.024440       1.025490       1.026580       1.027700       1.028840       1.030020       1.031220       1.032460       1.033710       1.034990       1.036290       1.037620       1.038960       1.040330       1.041710       1.043110    
   1.014570       1.015060       1.015600       1.016180       1.016810       1.017480       1.018190       1.018950       1.019750       1.020590       1.021470       1.022380       1.023340       1.024330       1.025350       1.026400       1.027490       1.028610       1.029760       1.030930       1.032140       1.033370       1.034620       1.035900       1.037200       1.038520       1.039860       1.041220       1.042590       1.043980    
   1.015400       1.015910       1.016460       1.017050       1.017690       1.018370       1.019090       1.019860       1.020660       1.021510       1.022390       1.023310       1.024270       1.025260       1.026290       1.027350       1.028440       1.029550       1.030700       1.031880       1.033080       1.034310       1.035560       1.036830       1.038120       1.039440       1.040780       1.042130       1.043500       1.044890    
   1.016270       1.016780       1.017340       1.017950       1.018600       1.019290       1.020020       1.020790       1.021610       1.022460       1.023350       1.024270       1.025230       1.026230       1.027260       1.028320       1.029410       1.030530       1.031670       1.032850       1.034050       1.035270       1.036520       1.037790       1.039080       1.040390       1.041720       1.043070       1.044440       1.045820    
   1.017160       1.017690       1.018260       1.018880       1.019540       1.020240       1.020980       1.021760       1.022580       1.023440       1.024330       1.025260       1.026230       1.027220       1.028250       1.029310       1.030410       1.031520       1.032670       1.033840       1.035040       1.036260       1.037510       1.038780       1.040060       1.041370       1.042700       1.044040       1.045400       1.046770    
   1.018070       1.018620       1.019200       1.019830       1.020500       1.021210       1.021960       1.022750       1.023580       1.024440       1.025340       1.026280       1.027240       1.028240       1.029280       1.030340       1.031430       1.032550       1.033700       1.034870       1.036060       1.037280       1.038520       1.039790       1.041070       1.042370       1.043690       1.045030       1.046380       1.047750    
   1.018090       1.018630       1.019610       1.020810       1.021490       1.022210       1.022970       1.023770       1.024600       1.025470       1.026380       1.027310       1.028290       1.029290       1.030320       1.031390       1.032480       1.033600       1.034740       1.035920       1.037110       1.038330       1.039560       1.040820       1.042100       1.043400       1.044710       1.046040       1.047390       1.048750    
   1.018100       1.019290       1.020810       1.022090       1.022510       1.023240       1.024000       1.024810       1.025650       1.026520       1.027430       1.028380       1.029350       1.030360       1.031400       1.032460       1.033550       1.034670       1.035820       1.036990       1.038180       1.039390       1.040630       1.041880       1.043160       1.044450       1.045760       1.047080       1.048420       1.049770    
   1.018950       1.020810       1.022370       1.023030       1.023540       1.024280       1.025060       1.025870       1.026720       1.027600       1.028520       1.029460       1.030440       1.031450       1.032490       1.033560       1.034650       1.035770       1.036910       1.038080       1.039270       1.040480       1.041710       1.042970       1.044230       1.045520       1.046820       1.048140       1.049470       1.050820    
   1.020810       1.022500       1.023280       1.023540       1.024390       1.025350       1.026140       1.026960       1.027810       1.028700       1.029620       1.030570       1.031560       1.032570       1.033610       1.034680       1.035770       1.036890       1.038030       1.039200       1.040390       1.041600       1.042820       1.044070       1.045330       1.046610       1.047910       1.049220       1.050550       1.051890    
   1.022570       1.023410       1.023540       1.024430       1.025350       1.026240       1.027240       1.028060       1.028930       1.029820       1.030750       1.031700       1.032690       1.033710       1.034750       1.035820       1.036910       1.038030       1.039170       1.040340       1.041520       1.042730       1.043950       1.045190       1.046450       1.047730       1.049020       1.050320       1.051640       1.052970    
   1.023480       1.023540       1.024440       1.025350       1.026280       1.027240       1.027650       1.028080       1.029440       1.030960       1.031890       1.032850       1.033850       1.034860       1.035910       1.036980       1.038070       1.039190       1.040330       1.041500       1.042680       1.043880       1.045100       1.046340       1.047590       1.048860       1.050150       1.051450       1.052760       1.054080    
   1.023540       1.024440       1.025350       1.026290       1.027240       1.027450       1.027660       1.029030       1.030960       1.031420       1.032990       1.034020       1.035020       1.036040       1.037090       1.038160       1.039250       1.040370       1.041510       1.042670       1.043860       1.045050       1.046270       1.047500       1.048750       1.050020       1.051300       1.052590       1.053890       1.055210    
   1.024440       1.025350       1.026290       1.027240       1.027340       1.027450       1.028770       1.030960       1.031190       1.033040       1.034620       1.035210       1.036210       1.037240       1.038280       1.039360       1.040450       1.041570       1.042710       1.043870       1.045050       1.046250       1.047460       1.048690       1.049930       1.051190       1.052460       1.053750       1.055040       1.056350    
   1.025350       1.026290       1.027240       1.027290       1.027340       1.028630       1.030960       1.031080       1.033060       1.034910       1.035210       1.035710       1.036780       1.038450       1.039500       1.040570       1.041670       1.042790       1.043930       1.045090       1.046260       1.047460       1.048660       1.049890       1.051130       1.052380       1.053650       1.054920       1.056210       1.057510    
   1.026290       1.027240       1.027270       1.027290       1.028560       1.030960       1.031020       1.033070       1.035060       1.035210       1.035460       1.036540       1.038450       1.038980       1.039510       1.040580       1.041680       1.042800       1.045140       1.046320       1.047490       1.048680       1.049890       1.051110       1.052340       1.053590       1.054850       1.056120       1.057400       1.058690    
   1.027240       1.027250       1.027270       1.028520       1.030960       1.030990       1.033080       1.035140       1.035210       1.035340       1.036410       1.038450       1.038710       1.038980       1.039690       1.040590       1.041680       1.044830       1.046940       1.047570       1.048740       1.049920       1.051120       1.052340       1.053570       1.054810       1.056060       1.057320       1.058600       1.059880    
   1.027250       1.027250       1.028500       1.030960       1.030970       1.033080       1.035170       1.035210       1.035270       1.036350       1.038450       1.038580       1.038710       1.039130       1.039750       1.040650       1.044390       1.047260       1.047570       1.048770       1.050000       1.051180       1.052380       1.053590       1.054810       1.056050       1.057290       1.058550       1.059810       1.061090    
   1.027250       1.028490       1.030960       1.030970       1.033080       1.035190       1.035210       1.035240       1.036320       1.038450       1.038520       1.038580       1.038810       1.039200       1.039840       1.044730       1.047410       1.047570       1.050210       1.051280       1.051990       1.052450       1.053650       1.054850       1.056070       1.057300       1.058540       1.059790       1.061040       1.062310    
   1.028480       1.030960       1.030960       1.033080       1.035200       1.035210       1.035230       1.036310       1.038450       1.038480       1.038520       1.038630       1.038860       1.043680       1.047850       1.051460       1.051460       1.052060       1.052780       1.053210       1.052560       1.053740       1.054930       1.056130       1.057340       1.058560       1.059800       1.061040       1.062290       1.063540    
   1.030960       1.030960       1.033080       1.035210       1.035210       1.035220       1.036300       1.038450       1.038470       1.038480       1.038540       1.038670       1.047010       1.056920       1.056880       1.054970       1.055510       1.055340       1.054410       1.053860       1.053860       1.055040       1.056220       1.057420       1.058630       1.059840       1.061070       1.062300       1.063540       1.064790    
   1.030960       1.033080       1.035210       1.035210       1.035210       1.036290       1.038450       1.038460       1.038470       1.038500       1.047070       1.059820       1.057920       1.056960       1.056960       1.056880       1.056030       1.055680       1.055340       1.055220       1.055170       1.056350       1.057530       1.058720       1.059920       1.061130       1.062350       1.063580       1.064810       1.066050    
   1.033080       1.035210       1.035210       1.035210       1.036290       1.038450       1.038450       1.038460       1.038470       1.048730       1.059820       1.059820       1.059820       1.057990       1.057050       1.057050       1.056880       1.056240       1.056010       1.055340       1.056500       1.057670       1.058840       1.060030       1.061230       1.062430       1.063640       1.064860       1.066090       1.067320    
   1.035210       1.035210       1.035210       1.036290       1.038450       1.038450       1.038450       1.045240       1.052140       1.059820       1.059820       1.059820       1.059820       1.059820       1.058110       1.057220       1.057220       1.056880       1.056730       1.056680       1.057830       1.059000       1.060170       1.061350       1.062540       1.063740       1.064950       1.066160       1.067370       1.068600    
   1.035210       1.035210       1.036290       1.038450       1.038450       1.049400       1.065830       1.065710       1.065580       1.061750       1.059830       1.059820       1.059820       1.059820       1.059820       1.058350       1.057560       1.057550       1.056880       1.058020       1.059170       1.060340       1.061510       1.062690       1.063870       1.065060       1.066260       1.067460       1.068670       1.069880    
   1.035210       1.036290       1.038450       1.038450       1.051600       1.065830       1.065830       1.065830       1.065710       1.065580       1.061770       1.059850       1.059820       1.059820       1.059820       1.059820       1.058810       1.058230       1.058230       1.059370       1.060530       1.061690       1.062850       1.064030       1.065210       1.066390       1.067580       1.068770       1.069970       1.071180    
