iMOD/TUTORIALS/TUT_MetaswapAnalyser/model_MetaSWAP/meteo/Evaporation/Evaporation_20060706_L1.ASC
NCOLS                30
NROWS                30
XLLCORNER     160000.00
YLLCORNER     340000.00
CELLSIZE        1000.00
NODATA_VALUE   -9999.00
   3.855650       3.851790       3.847980       3.844240       3.840560       3.836930       3.833350       3.829820       3.826330       3.822880       3.819470       3.816080       3.812730       3.809400       3.806090       3.802810       3.799540       3.796280       3.793040       3.789810       3.786580       3.783370       3.780150       3.776940       3.773730       3.770510       3.767300       3.764080       3.760850       3.757610    
   3.856220       3.852380       3.848600       3.844880       3.841220       3.837610       3.834050       3.830530       3.827060       3.823620       3.820220       3.816850       3.813500       3.810190       3.806890       3.803620       3.800360       3.797110       3.793880       3.790650       3.787430       3.784220       3.781010       3.777800       3.774590       3.771380       3.768160       3.764940       3.761720       3.758480    
   3.856880       3.853060       3.849300       3.845600       3.841950       3.838360       3.834820       3.831320       3.827860       3.824430       3.821050       3.817690       3.814360       3.811050       3.807770       3.804500       3.801250       3.798010       3.794780       3.791560       3.788350       3.785140       3.781940       3.778730       3.775520       3.772310       3.769100       3.765870       3.762640       3.759410    
   3.857600       3.853810       3.850070       3.846390       3.842770       3.839190       3.835660       3.832180       3.828730       3.825320       3.821950       3.818600       3.815280       3.811990       3.808710       3.805450       3.802210       3.798980       3.795760       3.792550       3.789340       3.786130       3.782930       3.779720       3.776520       3.773310       3.770090       3.766860       3.763630       3.760390    
   3.858410       3.854630       3.850920       3.847260       3.843650       3.840090       3.836580       3.833110       3.829680       3.826290       3.822920       3.819590       3.816280       3.812990       3.809730       3.806480       3.803240       3.800020       3.796800       3.793590       3.790390       3.787190       3.783980       3.780780       3.777570       3.774360       3.771140       3.767910       3.764680       3.761430    
   3.859280       3.855530       3.851830       3.848200       3.844610       3.841070       3.837570       3.834120       3.830700       3.827320       3.823970       3.820640       3.817340       3.814070       3.810810       3.807570       3.804340       3.801120       3.797910       3.794700       3.791500       3.788300       3.785100       3.781900       3.778690       3.775470       3.772250       3.769020       3.765780       3.762530    
   3.860220       3.856490       3.852820       3.849200       3.845630       3.842110       3.838630       3.835190       3.831790       3.828420       3.825080       3.821760       3.818480       3.815210       3.811960       3.808720       3.805500       3.802290       3.799080       3.795880       3.792680       3.789480       3.786280       3.783070       3.779860       3.776640       3.773420       3.770180       3.766940       3.763680    
   3.861230       3.857520       3.853870       3.850270       3.846720       3.843210       3.839750       3.836320       3.832930       3.829580       3.826250       3.822950       3.819670       3.816410       3.813170       3.809940       3.806720       3.803510       3.800310       3.797110       3.793910       3.790710       3.787510       3.784300       3.781090       3.777870       3.774640       3.771400       3.768150       3.764880    
   3.862300       3.858610       3.854980       3.851400       3.847870       3.844380       3.840930       3.837520       3.834140       3.830800       3.827480       3.824190       3.820920       3.817670       3.814440       3.811210       3.808000       3.804800       3.801600       3.798400       3.795200       3.792000       3.788800       3.785590       3.782370       3.779150       3.775910       3.772670       3.769410       3.766140    
   3.863420       3.859760       3.856150       3.852590       3.849070       3.845600       3.842170       3.838780       3.835410       3.832080       3.828780       3.825500       3.822240       3.818990       3.815760       3.812550       3.809340       3.806140       3.802940       3.799740       3.796550       3.793350       3.790140       3.786930       3.783710       3.780480       3.777240       3.773990       3.770720       3.767440    
   3.863440       3.859780       3.855580       3.853830       3.850340       3.846880       3.843470       3.840090       3.836740       3.833420       3.830130       3.826850       3.823600       3.820370       3.817150       3.813940       3.810730       3.807530       3.804340       3.801140       3.797940       3.794740       3.791540       3.788320       3.785100       3.781860       3.778610       3.775350       3.772080       3.768780    
   3.863460       3.858160       3.853830       3.852210       3.851650       3.848220       3.844820       3.841450       3.838120       3.834810       3.831530       3.828270       3.825020       3.821800       3.818580       3.815380       3.812180       3.808980       3.805790       3.802590       3.799390       3.796190       3.792980       3.789760       3.786530       3.783290       3.780030       3.776760       3.773480       3.770180    
   3.860660       3.853830       3.852850       3.852330       3.853020       3.849600       3.846220       3.842860       3.839540       3.836250       3.832980       3.829730       3.826490       3.823270       3.820060       3.816860       3.813670       3.810480       3.807280       3.804090       3.800890       3.797680       3.794470       3.791250       3.788010       3.784760       3.781500       3.778220       3.774920       3.771610    
   3.853830       3.853090       3.852680       3.853020       3.851220       3.851030       3.847660       3.844330       3.841020       3.837740       3.834480       3.831240       3.828010       3.824800       3.821600       3.818400       3.815210       3.812020       3.808830       3.805630       3.802430       3.799220       3.796010       3.792780       3.789530       3.786280       3.783000       3.779720       3.776410       3.773080    
   3.853200       3.852850       3.853020       3.851760       3.851030       3.849280       3.849150       3.845830       3.842540       3.839270       3.836020       3.832790       3.829570       3.826370       3.823170       3.819980       3.816790       3.813610       3.810420       3.807220       3.804020       3.800810       3.797580       3.794350       3.791100       3.787840       3.784550       3.781250       3.777940       3.774600    
   3.852930       3.853020       3.851940       3.851030       3.849820       3.849150       3.847490       3.845840       3.842120       3.840840       3.837610       3.834390       3.831180       3.827980       3.824790       3.821610       3.818420       3.815240       3.812050       3.808850       3.805650       3.802430       3.799200       3.795960       3.792710       3.789430       3.786140       3.782830       3.779500       3.776150    
   3.853020       3.851990       3.851030       3.850000       3.849150       3.848320       3.847490       3.844070       3.840840       3.839230       3.837310       3.836020       3.832820       3.829630       3.826450       3.823270       3.820090       3.816910       3.813720       3.810520       3.807310       3.804090       3.800860       3.797610       3.794350       3.791070       3.787760       3.784440       3.781100       3.777730    
   3.852020       3.851030       3.850060       3.849150       3.848730       3.848320       3.845180       3.840840       3.840030       3.838390       3.836860       3.837700       3.834510       3.831320       3.828150       3.824970       3.821790       3.818610       3.815420       3.812230       3.809020       3.805790       3.802560       3.799300       3.796030       3.792730       3.789420       3.786080       3.782730       3.779350    
   3.851030       3.850080       3.849150       3.848940       3.848740       3.845770       3.840840       3.840440       3.838850       3.837280       3.837700       3.836100       3.834150       3.833050       3.829880       3.826710       3.823530       3.820350       3.817170       3.813970       3.810750       3.807530       3.804280       3.801020       3.797740       3.794440       3.791110       3.787760       3.784390       3.780990    
   3.850090       3.849150       3.849050       3.848940       3.846070       3.840840       3.840640       3.839060       3.837490       3.837700       3.836900       3.835250       3.833050       3.831470       3.829880       3.826710       3.823530       3.820350       3.816950       3.815740       3.812520       3.809290       3.806040       3.802770       3.799480       3.796170       3.792830       3.789470       3.786080       3.782670    
   3.849150       3.849100       3.849050       3.846230       3.840840       3.840740       3.839170       3.837590       3.837700       3.837300       3.835730       3.833050       3.832260       3.831470       3.829350       3.826710       3.823530       3.819000       3.816640       3.817540       3.814320       3.811090       3.807830       3.804550       3.801250       3.797930       3.794580       3.791200       3.787800       3.784370    
   3.849120       3.849100       3.846300       3.840840       3.840790       3.839220       3.837650       3.837700       3.837500       3.835940       3.833050       3.832650       3.832260       3.831020       3.829170       3.826530       3.820770       3.817090       3.817540       3.816000       3.816150       3.812910       3.809650       3.806360       3.803050       3.799710       3.796350       3.792960       3.789540       3.786090    
   3.849120       3.846340       3.840840       3.840820       3.839240       3.837670       3.837700       3.837600       3.836050       3.833050       3.832850       3.832650       3.831980       3.830820       3.828910       3.823400       3.817320       3.817540       3.818100       3.818020       3.816070       3.814760       3.811490       3.808190       3.804870       3.801520       3.798140       3.794730       3.791300       3.787830    
   3.846360       3.840840       3.840830       3.839260       3.837690       3.837700       3.837650       3.836100       3.833050       3.832950       3.832850       3.832490       3.831820       3.831920       3.828700       3.823200       3.823190       3.821760       3.820210       3.820830       3.819880       3.816630       3.813350       3.810050       3.806710       3.803350       3.799960       3.796530       3.793080       3.789600    
   3.840840       3.840830       3.839260       3.837690       3.837700       3.837680       3.836120       3.833050       3.833000       3.832950       3.832770       3.832390       3.833670       3.836020       3.835960       3.829930       3.829090       3.828850       3.824110       3.821780       3.821770       3.818520       3.815230       3.811920       3.808570       3.805200       3.801790       3.798350       3.794880       3.791380    
   3.840840       3.839270       3.837700       3.837700       3.837690       3.836140       3.833050       3.833030       3.833000       3.832910       3.837630       3.845010       3.839070       3.836080       3.836080       3.835960       3.831460       3.829340       3.828850       3.824980       3.823690       3.820420       3.817130       3.813810       3.810450       3.807060       3.803640       3.800180       3.796690       3.793170    
   3.839270       3.837700       3.837700       3.837690       3.836140       3.833050       3.833040       3.833030       3.832980       3.838710       3.845010       3.845010       3.845010       3.839160       3.836200       3.836200       3.835960       3.831680       3.829820       3.828850       3.825610       3.822350       3.819040       3.815710       3.812340       3.808940       3.805500       3.802020       3.798510       3.794970    
   3.837700       3.837700       3.837700       3.836150       3.833050       3.833040       3.833040       3.839200       3.842800       3.845020       3.845010       3.845010       3.845010       3.845010       3.839330       3.836450       3.836450       3.835960       3.832090       3.830790       3.827550       3.824280       3.820970       3.817630       3.814240       3.810820       3.807370       3.803880       3.800350       3.796780    
   3.837700       3.837700       3.836150       3.833050       3.833050       3.844900       3.862690       3.860230       3.857770       3.849280       3.845030       3.845010       3.845010       3.845010       3.845010       3.839660       3.836940       3.836940       3.835960       3.832740       3.829500       3.826220       3.822900       3.819550       3.816160       3.812720       3.809250       3.805730       3.802180       3.798600    
   3.837700       3.836150       3.833050       3.833050       3.847280       3.862690       3.862690       3.862690       3.860230       3.857770       3.849310       3.845060       3.845010       3.845010       3.845010       3.845010       3.840250       3.837910       3.837910       3.834700       3.831460       3.828170       3.824850       3.821480       3.818070       3.814620       3.811130       3.807600       3.804030       3.800420    
