iMOD/TUTORIALS/TUT_MetaswapAnalyser/model_MetaSWAP/meteo/Evaporation/Evaporation_20050825_L1.ASC
NCOLS                30
NROWS                30
XLLCORNER     160000.00
YLLCORNER     340000.00
CELLSIZE        1000.00
NODATA_VALUE   -9999.00
   1.120140       1.112800       1.105520       1.098300       1.091120       1.083990       1.076900       1.069840       1.062810       1.055810       1.048820       1.041840       1.034880       1.027910       1.020950       1.013980       1.007010       1.000030      0.9930300      0.9860200      0.9789900      0.9719500      0.9648800      0.9577800      0.9506700      0.9435300      0.9363600      0.9291600      0.9219400      0.9146900    
   1.118260       1.110930       1.103650       1.096430       1.089260       1.082130       1.075040       1.067980       1.060950       1.053940       1.046950       1.039980       1.033010       1.026040       1.019080       1.012110       1.005140      0.9981500      0.9911600      0.9841500      0.9771200      0.9700700      0.9630000      0.9559000      0.9487900      0.9416400      0.9344700      0.9272800      0.9200500      0.9128000    
   1.116440       1.109110       1.101840       1.094620       1.087450       1.080320       1.073230       1.066180       1.059150       1.052140       1.045150       1.038170       1.031200       1.024230       1.017270       1.010300       1.003320      0.9963400      0.9893400      0.9823300      0.9752900      0.9682400      0.9611700      0.9540700      0.9469500      0.9398100      0.9326400      0.9254400      0.9182100      0.9109500    
   1.114670       1.107350       1.100080       1.092870       1.085700       1.078570       1.071490       1.064430       1.057400       1.050390       1.043400       1.036420       1.029440       1.022480       1.015510       1.008540       1.001560      0.9945700      0.9875700      0.9805600      0.9735200      0.9664700      0.9593900      0.9522900      0.9451700      0.9380200      0.9308400      0.9236400      0.9164100      0.9091400    
   1.112950       1.105640       1.098380       1.091170       1.084000       1.076880       1.069790       1.062730       1.055700       1.048690       1.041700       1.034720       1.027740       1.020770       1.013800       1.006830      0.9998500      0.9928600      0.9858600      0.9788400      0.9718000      0.9647400      0.9576600      0.9505600      0.9434300      0.9362800      0.9290900      0.9218800      0.9146500      0.9073800    
   1.111280       1.103970       1.096720       1.089510       1.082350       1.075230       1.068150       1.061090       1.054060       1.047050       1.040050       1.033070       1.026100       1.019120       1.012150       1.005170      0.9981900      0.9912000      0.9841900      0.9771700      0.9701200      0.9630600      0.9559800      0.9488700      0.9417400      0.9345700      0.9273900      0.9201700      0.9129200      0.9056500    
   1.109650       1.102350       1.095110       1.087910       1.080750       1.073630       1.066550       1.059490       1.052460       1.045450       1.038460       1.031470       1.024500       1.017520       1.010550       1.003570      0.9965800      0.9895800      0.9825700      0.9755400      0.9685000      0.9614300      0.9543400      0.9472200      0.9400800      0.9329200      0.9257200      0.9185000      0.9112400      0.9039600    
   1.108070       1.100780       1.093540       1.086350       1.079190       1.072080       1.065000       1.057940       1.050910       1.043900       1.036910       1.029920       1.022940       1.015960       1.008990       1.002000      0.9950100      0.9880100      0.9809900      0.9739600      0.9669100      0.9598400      0.9527400      0.9456200      0.9384700      0.9313000      0.9240900      0.9168600      0.9096000      0.9023100    
   1.106530       1.099250       1.092010       1.084820       1.077680       1.070570       1.063490       1.056440       1.049410       1.042400       1.035400       1.028410       1.021430       1.014450       1.007470       1.000480      0.9934900      0.9864800      0.9794600      0.9724200      0.9653700      0.9582900      0.9511800      0.9440500      0.9369000      0.9297200      0.9225000      0.9152600      0.9079900      0.9006900    
   1.105020       1.097750       1.090520       1.083340       1.076200       1.069090       1.062020       1.054970       1.047940       1.040930       1.033930       1.026950       1.019960       1.012980       1.006000      0.9990100      0.9920100      0.9850000      0.9779700      0.9709300      0.9638600      0.9567800      0.9496600      0.9425300      0.9353600      0.9281700      0.9209500      0.9137000      0.9064100      0.8991000    
   1.105040       1.097760       1.088380       1.081900       1.074760       1.067660       1.060590       1.053540       1.046510       1.039500       1.032510       1.025520       1.018530       1.011550       1.004560      0.9975700      0.9905700      0.9835500      0.9765200      0.9694700      0.9624000      0.9553000      0.9481800      0.9410400      0.9338600      0.9266600      0.9194300      0.9121700      0.9048700      0.8975400    
   1.105060       1.093270       1.081900       1.075500       1.073350       1.066260       1.059190       1.052140       1.045120       1.038110       1.031110       1.024120       1.017140       1.010150       1.003160      0.9961700      0.9891600      0.9821400      0.9751000      0.9680400      0.9609700      0.9538600      0.9467400      0.9395800      0.9324000      0.9251900      0.9179400      0.9106700      0.9033600      0.8960200    
   1.098150       1.081900       1.075510       1.072660       1.071980       1.064890       1.057820       1.050780       1.043760       1.036750       1.029760       1.022770       1.015780       1.008790       1.001800      0.9948000      0.9877900      0.9807600      0.9737200      0.9666600      0.9595700      0.9524600      0.9453200      0.9381600      0.9309600      0.9237400      0.9164800      0.9091900      0.9018700      0.8945200    
   1.081900       1.075430       1.072320       1.071980       1.066810       1.063550       1.056490       1.049450       1.042430       1.035420       1.028430       1.021440       1.014450       1.007460       1.000470      0.9934700      0.9864500      0.9794200      0.9723700      0.9653000      0.9582000      0.9510900      0.9439400      0.9367600      0.9295600      0.9223200      0.9150500      0.9077500      0.9004200      0.8930500    
   1.075360       1.072150       1.071980       1.067450       1.063550       1.058410       1.055180       1.048140       1.041130       1.034130       1.027130       1.020140       1.013150       1.006160      0.9991700      0.9921600      0.9851400      0.9781000      0.9710500      0.9639700      0.9568700      0.9497400      0.9425800      0.9354000      0.9281800      0.9209300      0.9136500      0.9063300      0.8989800      0.8916000    
   1.072070       1.071980       1.067660       1.063550       1.059050       1.055180       1.051660       1.048150       1.039060       1.032850       1.025860       1.018870       1.011880       1.004890      0.9978900      0.9908800      0.9838600      0.9768200      0.9697500      0.9626700      0.9555600      0.9484200      0.9412600      0.9340600      0.9268300      0.9195700      0.9122700      0.9049400      0.8975700      0.8901700    
   1.071980       1.067730       1.063550       1.059260       1.055180       1.053420       1.051660       1.042930       1.032850       1.029360       1.022320       1.017620       1.010640       1.003640      0.9966400      0.9896300      0.9826000      0.9755500      0.9684900      0.9613900      0.9542800      0.9471300      0.9399500      0.9327400      0.9255000      0.9182300      0.9109100      0.9035700      0.8961800      0.8887600    
   1.067750       1.063550       1.059330       1.055180       1.054300       1.053420       1.045220       1.032850       1.031100       1.023590       1.017010       1.016400       1.009410       1.002420      0.9954100      0.9884000      0.9813700      0.9743200      0.9672400      0.9601400      0.9530200      0.9458600      0.9386700      0.9314500      0.9242000      0.9169000      0.9095800      0.9022100      0.8948100      0.8873800    
   1.063550       1.059350       1.055180       1.054740       1.054300       1.046450       1.032850       1.031980       1.024130       1.016710       1.016400       1.012910       1.007360       1.001210      0.9942100      0.9871900      0.9801500      0.9731000      0.9660200      0.9589100      0.9517700      0.9446100      0.9374100      0.9301800      0.9229100      0.9156000      0.9082600      0.9008800      0.8934600      0.8860000    
   1.059360       1.055180       1.054960       1.054740       1.047080       1.032850       1.032410       1.024380       1.016550       1.016400       1.014650       1.009470       1.001210      0.9977100      0.9942030      0.9871830      0.9801470      0.9730900      0.9624460      0.9577000      0.9505500      0.9433800      0.9361700      0.9289200      0.9216400      0.9143200      0.9069600      0.8995600      0.8921200      0.8846400    
   1.055180       1.055070       1.054960       1.047410       1.032850       1.032630       1.024500       1.016480       1.016400       1.015530       1.010430       1.001210      0.9994600      0.9977080      0.9930320      0.9871780      0.9801400      0.9658570      0.9571000      0.9565000      0.9493500      0.9421600      0.9349400      0.9276800      0.9203800      0.9130400      0.9056700      0.8982500      0.8907900      0.8833000    
   1.055120       1.055070       1.047570       1.032850       1.032740       1.024560       1.016440       1.016400       1.015960       1.010890       1.001210       1.000330      0.9994590      0.9967330      0.9926390      0.9867830      0.9692950      0.9568000      0.9565000      0.9513330      0.9481500      0.9409600      0.9337200      0.9264500      0.9191400      0.9117800      0.9043900      0.8969500      0.8894800      0.8819600    
   1.055120       1.047650       1.032850       1.032800       1.024590       1.016420       1.016400       1.016180       1.011120       1.001210       1.000770       1.000330      0.9988430      0.9962770      0.9920520      0.9716730      0.9566500      0.9565000      0.9500060      0.9469750      0.9426500      0.9397600      0.9325200      0.9252300      0.9179000      0.9105300      0.9031200      0.8956700      0.8881700      0.8806300    
   1.047700       1.032850       1.032820       1.024610       1.016410       1.016400       1.016290       1.011230       1.001210       1.000990       1.000770      0.9999830      0.9984850      0.9853830      0.9698800      0.9530020      0.9530000      0.9495380      0.9456070      0.9452150      0.9458000      0.9385800      0.9313200      0.9240200      0.9166800      0.9092900      0.9018600      0.8943800      0.8868600      0.8793000    
   1.032850       1.032840       1.024620       1.016400       1.016400       1.016350       1.011280       1.001210       1.001100       1.000990       1.000580      0.9997470      0.9784920      0.9543230      0.9543600      0.9519120      0.9493560      0.9495000      0.9460790      0.9446300      0.9446300      0.9374000      0.9301300      0.9228100      0.9154600      0.9080500      0.9006000      0.8931000      0.8855600      0.8779800    
   1.032840       1.024620       1.016400       1.016400       1.016370       1.011310       1.001210       1.001160       1.001100       1.000890      0.9834480      0.9579600      0.9555050      0.9542870      0.9542870      0.9543600      0.9509330      0.9492130      0.9495000      0.9449730      0.9434600      0.9362200      0.9289400      0.9216100      0.9142400      0.9068100      0.8993400      0.8918300      0.8842600      0.8766500    
   1.024620       1.016400       1.016400       1.016390       1.011320       1.001210       1.001180       1.001160       1.001050      0.9802720      0.9579600      0.9579600      0.9579600      0.9554490      0.9542140      0.9542140      0.9543600      0.9506580      0.9489250      0.9495000      0.9423000      0.9350500      0.9277500      0.9204100      0.9130200      0.9055800      0.8980900      0.8905500      0.8829600      0.8753200    
   1.016400       1.016400       1.016390       1.011330       1.001210       1.001200       1.001180      0.9905270      0.9762260      0.9579570      0.9579600      0.9579600      0.9579600      0.9579600      0.9553360      0.9540670      0.9540680      0.9543600      0.9498480      0.9483500      0.9411300      0.9338700      0.9265600      0.9192100      0.9118000      0.9043400      0.8968200      0.8892600      0.8816500      0.8739900    
   1.016400       1.016400       1.011330       1.001210       1.001200      0.9864610      0.9643600      0.9615400      0.9587200      0.9582040      0.9579500      0.9579600      0.9579600      0.9579600      0.9579600      0.9551010      0.9537740      0.9537750      0.9543600      0.9471800      0.9399600      0.9326900      0.9253700      0.9180000      0.9105700      0.9030900      0.8955600      0.8879700      0.8803300      0.8726500    
   1.016400       1.011330       1.001210       1.001210      0.9835170      0.9643570      0.9643570      0.9643600      0.9615390      0.9587200      0.9581870      0.9579290      0.9579600      0.9579600      0.9579600      0.9579600      0.9546040      0.9531870      0.9531900      0.9460100      0.9387800      0.9315000      0.9241700      0.9167800      0.9093300      0.9018300      0.8942800      0.8866700      0.8790100      0.8712900    
