iMOD/TUTORIALS/TUT_MetaswapAnalyser/model_MetaSWAP/meteo/Evaporation/Evaporation_20060627_L1.ASC
NCOLS                30
NROWS                30
XLLCORNER     160000.00
YLLCORNER     340000.00
CELLSIZE        1000.00
NODATA_VALUE   -9999.00
   1.677640       1.678040       1.678590       1.679290       1.680120       1.681080       1.682160       1.683340       1.684610       1.685970       1.687410       1.688910       1.690470       1.692080       1.693740       1.695420       1.697140       1.698870       1.700630       1.702390       1.704160       1.705920       1.707690       1.709440       1.711190       1.712920       1.714630       1.716320       1.717980       1.719630    
   1.670550       1.670900       1.671390       1.672040       1.672810       1.673720       1.674730       1.675860       1.677070       1.678380       1.679760       1.681210       1.682720       1.684280       1.685880       1.687520       1.689200       1.690900       1.692610       1.694340       1.696080       1.697820       1.699560       1.701290       1.703010       1.704730       1.706420       1.708100       1.709760       1.711390    
   1.663530       1.663830       1.664280       1.664860       1.665580       1.666430       1.667390       1.668450       1.669610       1.670860       1.672190       1.673580       1.675040       1.676550       1.678110       1.679710       1.681340       1.682990       1.684670       1.686370       1.688070       1.689780       1.691500       1.693210       1.694910       1.696600       1.698290       1.699950       1.701600       1.703220    
   1.656580       1.656830       1.657230       1.657760       1.658430       1.659220       1.660120       1.661130       1.662230       1.663420       1.664690       1.666030       1.667440       1.668900       1.670410       1.671960       1.673550       1.675170       1.676810       1.678470       1.680140       1.681820       1.683510       1.685190       1.686870       1.688550       1.690210       1.691860       1.693490       1.695110    
   1.649690       1.649900       1.650240       1.650730       1.651340       1.652080       1.652920       1.653870       1.654920       1.656060       1.657280       1.658560       1.659920       1.661330       1.662790       1.664300       1.665840       1.667420       1.669020       1.670640       1.672280       1.673930       1.675590       1.677250       1.678900       1.680560       1.682200       1.683830       1.685450       1.687060    
   1.642870       1.643030       1.643330       1.643760       1.644320       1.645000       1.645800       1.646690       1.647690       1.648770       1.649930       1.651170       1.652470       1.653830       1.655250       1.656710       1.658210       1.659740       1.661300       1.662890       1.664490       1.666110       1.667740       1.669370       1.671000       1.672630       1.674250       1.675870       1.677470       1.679060    
   1.636110       1.636220       1.636480       1.636860       1.637370       1.638000       1.638740       1.639580       1.640520       1.641550       1.642660       1.643840       1.645090       1.646410       1.647770       1.649190       1.650640       1.652130       1.653660       1.655200       1.656770       1.658360       1.659950       1.661560       1.663160       1.664770       1.666370       1.667970       1.669550       1.671130    
   1.629400       1.629470       1.629680       1.630020       1.630480       1.631060       1.631750       1.632540       1.633420       1.634400       1.635460       1.636590       1.637790       1.639050       1.640370       1.641740       1.643150       1.644600       1.646080       1.647590       1.649120       1.650670       1.652240       1.653810       1.655390       1.656970       1.658550       1.660130       1.661690       1.663250    
   1.622750       1.622790       1.622950       1.623240       1.623650       1.624180       1.624820       1.625560       1.626390       1.627310       1.628320       1.629400       1.630550       1.631760       1.633040       1.634360       1.635720       1.637130       1.638570       1.640040       1.641540       1.643050       1.644580       1.646130       1.647680       1.649230       1.650790       1.652350       1.653900       1.655440    
   1.616160       1.616150       1.616270       1.616520       1.616880       1.617360       1.617950       1.618640       1.619420       1.620290       1.621250       1.622280       1.623380       1.624540       1.625770       1.627040       1.628370       1.629730       1.631130       1.632560       1.634020       1.635500       1.637000       1.638510       1.640030       1.641560       1.643090       1.644630       1.646160       1.647680    
   1.616200       1.616190       1.614700       1.609850       1.610170       1.610600       1.611140       1.611780       1.612510       1.613340       1.614240       1.615220       1.616270       1.617390       1.618570       1.619790       1.621070       1.622390       1.623750       1.625140       1.626570       1.628010       1.629480       1.630960       1.632450       1.633950       1.635460       1.636970       1.638470       1.639980    
   1.616250       1.614240       1.609850       1.605120       1.603520       1.603900       1.604390       1.604980       1.605670       1.606440       1.607290       1.608220       1.609230       1.610300       1.611430       1.612610       1.613840       1.615120       1.616440       1.617790       1.619180       1.620580       1.622020       1.623460       1.624930       1.626400       1.627880       1.629370       1.630850       1.632340    
   1.614180       1.609850       1.603030       1.600220       1.596920       1.597250       1.597700       1.598240       1.598880       1.599600       1.600410       1.601290       1.602240       1.603270       1.604350       1.605490       1.606680       1.607910       1.609190       1.610500       1.611850       1.613220       1.614620       1.616030       1.617470       1.618910       1.620370       1.621830       1.623290       1.624750    
   1.609850       1.602090       1.598570       1.596920       1.594940       1.590660       1.591060       1.591550       1.592140       1.592820       1.593580       1.594410       1.595320       1.596300       1.597330       1.598430       1.599570       1.600770       1.602000       1.603270       1.604580       1.605920       1.607280       1.608660       1.610070       1.611480       1.612910       1.614340       1.615780       1.617220    
   1.601650       1.597740       1.596920       1.594170       1.590660       1.588730       1.584470       1.584920       1.585460       1.586090       1.586800       1.587590       1.588460       1.589380       1.590380       1.591420       1.592530       1.593680       1.594870       1.596110       1.597370       1.598670       1.600000       1.601350       1.602720       1.604110       1.605510       1.606920       1.608330       1.609750    
   1.597330       1.596920       1.593920       1.590660       1.587950       1.584470       1.584700       1.584950       1.583970       1.579420       1.580090       1.580830       1.581650       1.582530       1.583480       1.584480       1.585540       1.586650       1.587800       1.589000       1.590230       1.591490       1.592780       1.594100       1.595440       1.596800       1.598170       1.599550       1.600940       1.602340    
   1.596920       1.593830       1.590660       1.587690       1.584470       1.584580       1.584700       1.583260       1.579420       1.579760       1.576390       1.574120       1.574890       1.575730       1.576630       1.577590       1.578610       1.579680       1.580790       1.581940       1.583140       1.584360       1.585620       1.586910       1.588210       1.589540       1.590880       1.592240       1.593600       1.594980    
   1.593800       1.590660       1.587610       1.584470       1.584530       1.584590       1.582990       1.579420       1.579590       1.574770       1.570800       1.567470       1.568190       1.568990       1.569850       1.570760       1.571740       1.572760       1.573830       1.574950       1.576110       1.577300       1.578520       1.579770       1.581040       1.582340       1.583650       1.584980       1.586320       1.587670    
   1.590660       1.587580       1.584470       1.584500       1.584530       1.582880       1.579420       1.579500       1.574070       1.569130       1.567470       1.567830       1.566740       1.562300       1.563110       1.563990       1.564920       1.565900       1.566940       1.568010       1.569130       1.570280       1.571470       1.572690       1.573930       1.575200       1.576480       1.577780       1.579100       1.580420    
   1.587570       1.584470       1.584480       1.584500       1.582830       1.579420       1.579460       1.573750       1.568300       1.567470       1.567650       1.566080       1.562300       1.562710       1.563130       1.564010       1.564940       1.565920       1.563260       1.561130       1.562210       1.563330       1.564480       1.565660       1.566870       1.568110       1.569360       1.570640       1.571920       1.573220    
   1.584470       1.584480       1.584480       1.582810       1.579420       1.579440       1.573600       1.567890       1.567470       1.567560       1.565880       1.562300       1.562500       1.562710       1.563280       1.564030       1.564950       1.561230       1.557710       1.554300       1.555340       1.556420       1.557540       1.558690       1.559870       1.561070       1.562300       1.563540       1.564810       1.566080    
   1.584470       1.584480       1.582800       1.579420       1.579430       1.573520       1.567680       1.567470       1.567510       1.565800       1.562300       1.562400       1.562510       1.562830       1.563340       1.564090       1.560100       1.556010       1.554300       1.552720       1.548530       1.549570       1.550650       1.551770       1.552920       1.554090       1.555290       1.556500       1.557740       1.558990    
   1.584470       1.582790       1.579420       1.579430       1.573480       1.567570       1.567470       1.567490       1.565770       1.562300       1.562350       1.562400       1.562580       1.562890       1.563420       1.555410       1.555150       1.554300       1.545130       1.541790       1.542390       1.542770       1.543820       1.544900       1.546020       1.547160       1.548330       1.549520       1.550730       1.551950    
   1.582790       1.579420       1.579420       1.573460       1.567520       1.567470       1.567480       1.565760       1.562300       1.562330       1.562350       1.562440       1.562620       1.547420       1.538550       1.534360       1.534350       1.534290       1.533980       1.531720       1.535050       1.536030       1.537040       1.538090       1.539170       1.540280       1.541420       1.542580       1.543770       1.544970    
   1.579420       1.579420       1.573450       1.567500       1.567470       1.567480       1.565750       1.562300       1.562310       1.562330       1.562370       1.562470       1.534700       1.500600       1.500800       1.514440       1.513590       1.514400       1.523620       1.528410       1.528400       1.529330       1.530310       1.531330       1.532380       1.533460       1.534570       1.535700       1.536860       1.538030    
   1.579420       1.573450       1.567480       1.567470       1.567470       1.565750       1.562300       1.562310       1.562310       1.562340       1.529980       1.481370       1.494030       1.500400       1.500400       1.500800       1.509030       1.512780       1.514400       1.519950       1.521790       1.522690       1.523630       1.524620       1.525630       1.526680       1.527760       1.528870       1.530000       1.531150    
   1.573450       1.567480       1.567470       1.567470       1.565750       1.562300       1.562300       1.562310       1.562320       1.523470       1.481370       1.481370       1.481370       1.493740       1.500010       1.500010       1.500800       1.508130       1.511170       1.514400       1.515230       1.516090       1.517010       1.517960       1.518940       1.519960       1.521010       1.522090       1.523190       1.524310    
   1.567470       1.567470       1.567470       1.565750       1.562300       1.562300       1.562300       1.534400       1.508540       1.481350       1.481370       1.481370       1.481370       1.481370       1.493160       1.499220       1.499220       1.500800       1.506160       1.507930       1.508720       1.509550       1.510430       1.511340       1.512300       1.513290       1.514310       1.515360       1.516430       1.517530    
   1.567470       1.567470       1.565750       1.562300       1.562300       1.515200       1.444560       1.447610       1.450670       1.471090       1.481320       1.481370       1.481370       1.481370       1.481370       1.492050       1.497630       1.497630       1.500800       1.501500       1.502250       1.503050       1.503900       1.504780       1.505700       1.506660       1.507660       1.508680       1.509730       1.510800    
   1.567470       1.565750       1.562300       1.562300       1.505780       1.444550       1.444550       1.444560       1.447610       1.450670       1.471000       1.481220       1.481370       1.481370       1.481370       1.481370       1.489990       1.494470       1.494460       1.495120       1.495840       1.496600       1.497410       1.498270       1.499160       1.500090       1.501050       1.502050       1.503070       1.504110    
