iMOD/TUTORIALS/TUT_MetaswapAnalyser/model_MetaSWAP/meteo/Evaporation/Evaporation_20061009_L1.ASC
NCOLS                30
NROWS                30
XLLCORNER     160000.00
YLLCORNER     340000.00
CELLSIZE        1000.00
NODATA_VALUE   -9999.00
   1.616290       1.619160       1.621960       1.624720       1.627420       1.630080       1.632690       1.635260       1.637780       1.640270       1.642710       1.645130       1.647500       1.649850       1.652170       1.654450       1.656720       1.658950       1.661160       1.663350       1.665520       1.667660       1.669790       1.671900       1.674000       1.676080       1.678140       1.680190       1.682230       1.684260    
   1.616940       1.619810       1.622630       1.625400       1.628120       1.630790       1.633410       1.635990       1.638540       1.641040       1.643500       1.645930       1.648320       1.650680       1.653010       1.655320       1.657590       1.659840       1.662070       1.664270       1.666450       1.668620       1.670760       1.672890       1.674990       1.677090       1.679170       1.681230       1.683290       1.685330    
   1.617560       1.620440       1.623270       1.626050       1.628780       1.631470       1.634110       1.636710       1.639260       1.641780       1.644260       1.646700       1.649110       1.651490       1.653830       1.656150       1.658440       1.660710       1.662950       1.665170       1.667370       1.669540       1.671700       1.673840       1.675960       1.678070       1.680170       1.682250       1.684310       1.686370    
   1.618150       1.621050       1.623890       1.626680       1.629430       1.632120       1.634780       1.637390       1.639960       1.642490       1.644990       1.647440       1.649870       1.652260       1.654620       1.656960       1.659270       1.661550       1.663800       1.666040       1.668250       1.670440       1.672620       1.674770       1.676910       1.679030       1.681140       1.683240       1.685320       1.687390    
   1.618720       1.621630       1.624480       1.627290       1.630040       1.632760       1.635420       1.638050       1.640630       1.643180       1.645690       1.648160       1.650600       1.653010       1.655390       1.657740       1.660060       1.662360       1.664630       1.666880       1.669110       1.671320       1.673500       1.675680       1.677830       1.679970       1.682090       1.684200       1.686300       1.688380    
   1.619280       1.622190       1.625050       1.627870       1.630640       1.633360       1.636040       1.638680       1.641280       1.643840       1.646370       1.648860       1.651310       1.653740       1.656130       1.658500       1.660830       1.663150       1.665430       1.667700       1.669940       1.672170       1.674370       1.676560       1.678720       1.680880       1.683020       1.685140       1.687250       1.689350    
   1.619810       1.622730       1.625600       1.628430       1.631210       1.633950       1.636640       1.639300       1.641910       1.644480       1.647020       1.649530       1.652000       1.654440       1.656850       1.659230       1.661580       1.663910       1.666210       1.668490       1.670750       1.672990       1.675210       1.677410       1.679600       1.681760       1.683920       1.686060       1.688180       1.690300    
   1.620320       1.623250       1.626130       1.628970       1.631760       1.634510       1.637220       1.639890       1.642510       1.645100       1.647660       1.650180       1.652660       1.655120       1.657540       1.659940       1.662300       1.664650       1.666970       1.669260       1.671540       1.673790       1.676030       1.678250       1.680450       1.682630       1.684800       1.686950       1.689100       1.691220    
   1.620810       1.623750       1.626640       1.629490       1.632300       1.635060       1.637780       1.640460       1.643100       1.645700       1.648270       1.650800       1.653300       1.655770       1.658210       1.660620       1.663010       1.665370       1.667700       1.670010       1.672300       1.674570       1.676820       1.679060       1.681270       1.683470       1.685660       1.687830       1.689980       1.692130    
   1.621280       1.624230       1.627140       1.629990       1.632810       1.635580       1.638310       1.641010       1.643660       1.646280       1.648860       1.651410       1.653920       1.656410       1.658860       1.661290       1.663690       1.666060       1.668410       1.670740       1.673040       1.675330       1.677600       1.679850       1.682080       1.684290       1.686490       1.688680       1.690850       1.693010    
   1.621270       1.624220       1.627960       1.630480       1.633310       1.636090       1.638830       1.641540       1.644200       1.646830       1.649430       1.651990       1.654520       1.657020       1.659490       1.661930       1.664350       1.666740       1.669100       1.671440       1.673770       1.676070       1.678350       1.680610       1.682860       1.685090       1.687310       1.689510       1.691700       1.693870    
   1.621250       1.625980       1.630480       1.632960       1.633780       1.636580       1.639330       1.642050       1.644730       1.647370       1.649980       1.652560       1.655100       1.657610       1.660100       1.662550       1.664980       1.667390       1.669770       1.672130       1.674470       1.676780       1.679080       1.681360       1.683620       1.685870       1.688100       1.690320       1.692520       1.694720    
   1.623990       1.630480       1.632930       1.634020       1.634250       1.637050       1.639820       1.642550       1.645240       1.647890       1.650520       1.653100       1.655660       1.658190       1.660690       1.663160       1.665600       1.668020       1.670420       1.672800       1.675150       1.677480       1.679790       1.682090       1.684370       1.686630       1.688880       1.691110       1.693330       1.695540    
   1.630480       1.632950       1.634130       1.634250       1.636270       1.637510       1.640290       1.643030       1.645730       1.648400       1.651030       1.653640       1.656210       1.658750       1.661260       1.663750       1.666210       1.668640       1.671050       1.673440       1.675810       1.678160       1.680490       1.682800       1.685090       1.687370       1.689640       1.691890       1.694120       1.696350    
   1.632970       1.634190       1.634250       1.636010       1.637510       1.639510       1.640740       1.643490       1.646210       1.648890       1.651530       1.654150       1.656730       1.659290       1.661820       1.664320       1.666790       1.669240       1.671670       1.674070       1.676460       1.678820       1.681160       1.683490       1.685800       1.688100       1.690370       1.692640       1.694890       1.697130    
   1.634220       1.634250       1.635920       1.637510       1.639250       1.640740       1.642110       1.643480       1.646990       1.649360       1.652020       1.654650       1.657250       1.659810       1.662360       1.664870       1.667360       1.669820       1.672260       1.674680       1.677080       1.679460       1.681820       1.684160       1.686490       1.688800       1.691100       1.693380       1.695650       1.697900    
   1.634250       1.635890       1.637510       1.639170       1.640740       1.641430       1.642110       1.645490       1.649360       1.650690       1.653350       1.655130       1.657740       1.660320       1.662880       1.665410       1.667910       1.670390       1.672840       1.675280       1.677690       1.680090       1.682460       1.684820       1.687160       1.689490       1.691800       1.694100       1.696380       1.698650    
   1.635880       1.637510       1.639140       1.640740       1.641080       1.641430       1.644600       1.649360       1.650020       1.652870       1.655360       1.655600       1.658220       1.660820       1.663390       1.665930       1.668450       1.670940       1.673410       1.675860       1.678290       1.680700       1.683090       1.685460       1.687820       1.690160       1.692490       1.694800       1.697100       1.699390    
   1.637510       1.639130       1.640740       1.640910       1.641080       1.644120       1.649360       1.649690       1.652670       1.655480       1.655600       1.656910       1.658990       1.661300       1.663880       1.666440       1.668970       1.671470       1.673960       1.676420       1.678870       1.681290       1.683700       1.686090       1.688460       1.690820       1.693160       1.695490       1.697810       1.700110    
   1.639130       1.640740       1.640830       1.640910       1.643870       1.649360       1.649530       1.652570       1.655540       1.655600       1.656260       1.658200       1.661300       1.662590       1.663870       1.666430       1.668960       1.671470       1.675270       1.676970       1.679430       1.681870       1.684290       1.686700       1.689090       1.691460       1.693820       1.696160       1.698500       1.700820    
   1.640740       1.640780       1.640830       1.643740       1.649360       1.649440       1.652530       1.655570       1.655600       1.655930       1.657840       1.661300       1.661940       1.662590       1.664300       1.666420       1.668950       1.674090       1.677240       1.677510       1.679980       1.682440       1.684870       1.687290       1.689700       1.692090       1.694460       1.696820       1.699170       1.701510    
   1.640760       1.640780       1.643680       1.649360       1.649400       1.652500       1.655590       1.655600       1.655760       1.657670       1.661300       1.661620       1.661940       1.662940       1.664440       1.666560       1.672870       1.677380       1.677510       1.679340       1.680520       1.682990       1.685440       1.687880       1.690300       1.692700       1.695090       1.697470       1.699830       1.702190    
   1.640760       1.643650       1.649360       1.649380       1.652490       1.655590       1.655600       1.655680       1.657580       1.661300       1.661460       1.661620       1.662170       1.663110       1.664650       1.672060       1.677440       1.677510       1.679920       1.681040       1.682530       1.683530       1.686000       1.688450       1.690880       1.693300       1.695710       1.698100       1.700480       1.702850    
   1.643630       1.649360       1.649370       1.652490       1.655600       1.655600       1.655640       1.657540       1.661300       1.661380       1.661460       1.661750       1.662300       1.667180       1.672860       1.678990       1.679000       1.680230       1.681640       1.681810       1.681560       1.684060       1.686540       1.689000       1.691450       1.693890       1.696310       1.698720       1.701120       1.703500    
   1.649360       1.649370       1.652480       1.655600       1.655600       1.655620       1.657520       1.661300       1.661340       1.661380       1.661530       1.661840       1.669770       1.678800       1.678790       1.679580       1.680540       1.680480       1.681590       1.682060       1.682060       1.684570       1.687070       1.689550       1.692020       1.694470       1.696900       1.699330       1.701740       1.704140    
   1.649360       1.652480       1.655600       1.655600       1.655610       1.657510       1.661300       1.661320       1.661340       1.661420       1.667910       1.677410       1.678350       1.678820       1.678820       1.678790       1.679990       1.680600       1.680480       1.682030       1.682550       1.685080       1.687590       1.690090       1.692570       1.695030       1.697490       1.699930       1.702360       1.704770    
   1.652480       1.655600       1.655600       1.655610       1.657510       1.661300       1.661310       1.661320       1.661360       1.669100       1.677410       1.677410       1.677410       1.678370       1.678840       1.678840       1.678790       1.680090       1.680710       1.680480       1.683040       1.685580       1.688100       1.690610       1.693110       1.695590       1.698060       1.700510       1.702960       1.705390    
   1.655600       1.655600       1.655600       1.657500       1.661300       1.661300       1.661310       1.665160       1.670500       1.677410       1.677410       1.677410       1.677410       1.677410       1.678410       1.678900       1.678900       1.678790       1.680400       1.680940       1.683510       1.686060       1.688600       1.691130       1.693640       1.696130       1.698620       1.701090       1.703550       1.706000    
   1.655600       1.655600       1.657500       1.661300       1.661300       1.666500       1.674290       1.675480       1.676660       1.677160       1.677410       1.677410       1.677410       1.677410       1.677410       1.678500       1.679000       1.679000       1.678790       1.681390       1.683970       1.686540       1.689090       1.691630       1.694160       1.696670       1.699170       1.701660       1.704130       1.706600    
   1.655600       1.657500       1.661300       1.661300       1.667540       1.674290       1.674290       1.674290       1.675480       1.676660       1.677170       1.677420       1.677410       1.677410       1.677410       1.677410       1.678680       1.679220       1.679220       1.681830       1.684430       1.687010       1.689580       1.692130       1.694670       1.697200       1.699710       1.702220       1.704710       1.707190    
