iMOD/TUTORIALS/TUT_MetaswapAnalyser/model_MetaSWAP/meteo/Evaporation/Evaporation_20061114_L1.ASC
NCOLS                30
NROWS                30
XLLCORNER     160000.00
YLLCORNER     340000.00
CELLSIZE        1000.00
NODATA_VALUE   -9999.00
  0.2951900      0.2938400      0.2924700      0.2910900      0.2897000      0.2883100      0.2869000      0.2854900      0.2840700      0.2826400      0.2812200      0.2797800      0.2783500      0.2769100      0.2754700      0.2740300      0.2725800      0.2711400      0.2697000      0.2682700      0.2668300      0.2654000      0.2639700      0.2625400      0.2611200      0.2597000      0.2582900      0.2568800      0.2554800      0.2540800    
  0.2926700      0.2913100      0.2899400      0.2885600      0.2871600      0.2857600      0.2843500      0.2829400      0.2815200      0.2800900      0.2786600      0.2772200      0.2757800      0.2743400      0.2729000      0.2714600      0.2700200      0.2685800      0.2671400      0.2657000      0.2642700      0.2628400      0.2614100      0.2599900      0.2585700      0.2571500      0.2557400      0.2543400      0.2529400      0.2515500    
  0.2901300      0.2887700      0.2873900      0.2860000      0.2846000      0.2832000      0.2817900      0.2803700      0.2789400      0.2775100      0.2760800      0.2746400      0.2732000      0.2717600      0.2703200      0.2688800      0.2674400      0.2660000      0.2645600      0.2631200      0.2616900      0.2602600      0.2588300      0.2574100      0.2560000      0.2545900      0.2531800      0.2517900      0.2503900      0.2490100    
  0.2875700      0.2862000      0.2848200      0.2834200      0.2820200      0.2806100      0.2792000      0.2777700      0.2763500      0.2749100      0.2734800      0.2720400      0.2706000      0.2691600      0.2677100      0.2662700      0.2648300      0.2633900      0.2619500      0.2605200      0.2590900      0.2576600      0.2562400      0.2548200      0.2534100      0.2520100      0.2506100      0.2492100      0.2478200      0.2464400    
  0.2849900      0.2836100      0.2822300      0.2808300      0.2794200      0.2780100      0.2765900      0.2751600      0.2737300      0.2723000      0.2708600      0.2694200      0.2679800      0.2665300      0.2650900      0.2636500      0.2622100      0.2607700      0.2593300      0.2579000      0.2564700      0.2550500      0.2536300      0.2522100      0.2508100      0.2494000      0.2480100      0.2466200      0.2452400      0.2438700    
  0.2823900      0.2810100      0.2796200      0.2782100      0.2768000      0.2753900      0.2739600      0.2725300      0.2711000      0.2696600      0.2682200      0.2667800      0.2653400      0.2638900      0.2624500      0.2610100      0.2595700      0.2581300      0.2566900      0.2552600      0.2538400      0.2524200      0.2510000      0.2495900      0.2481900      0.2467900      0.2454000      0.2440100      0.2426400      0.2412700    
  0.2797800      0.2783900      0.2769900      0.2755800      0.2741700      0.2727500      0.2713200      0.2698900      0.2684500      0.2670100      0.2655700      0.2641200      0.2626800      0.2612300      0.2597900      0.2583500      0.2569100      0.2554700      0.2540400      0.2526100      0.2511900      0.2497700      0.2483500      0.2469500      0.2455500      0.2441500      0.2427700      0.2413900      0.2400200      0.2386600    
  0.2771500      0.2757500      0.2743500      0.2729400      0.2715200      0.2700900      0.2686600      0.2672200      0.2657800      0.2643400      0.2629000      0.2614500      0.2600100      0.2585600      0.2571200      0.2556700      0.2542300      0.2528000      0.2513700      0.2499400      0.2485200      0.2471000      0.2456900      0.2442900      0.2428900      0.2415100      0.2401300      0.2387500      0.2373900      0.2360400    
  0.2745000      0.2731000      0.2716900      0.2702700      0.2688500      0.2674200      0.2659900      0.2645500      0.2631000      0.2616600      0.2602100      0.2587600      0.2573200      0.2558700      0.2544300      0.2529800      0.2515400      0.2501100      0.2486800      0.2472500      0.2458400      0.2444200      0.2430200      0.2416200      0.2402300      0.2388400      0.2374700      0.2361000      0.2347500      0.2334000    
  0.2718400      0.2704400      0.2690200      0.2676000      0.2661700      0.2647400      0.2633000      0.2618500      0.2604100      0.2589600      0.2575100      0.2560600      0.2546100      0.2531700      0.2517200      0.2502800      0.2488400      0.2474100      0.2459800      0.2445600      0.2431400      0.2417300      0.2403300      0.2389300      0.2375500      0.2361700      0.2348000      0.2334400      0.2320900      0.2307500    
  0.2718400      0.2704330      0.2679920      0.2649100      0.2634800      0.2620400      0.2605900      0.2591500      0.2577000      0.2562500      0.2548000      0.2533500      0.2519000      0.2504500      0.2490000      0.2475600      0.2461200      0.2446900      0.2432600      0.2418400      0.2404300      0.2390200      0.2376200      0.2362300      0.2348500      0.2334800      0.2321200      0.2307600      0.2294200      0.2280800    
  0.2718370      0.2687940      0.2649100      0.2618020      0.2607700      0.2593300      0.2578800      0.2564300      0.2549800      0.2535200      0.2520700      0.2506200      0.2491700      0.2477200      0.2462700      0.2448300      0.2433900      0.2419600      0.2405400      0.2391200      0.2377100      0.2363000      0.2349100      0.2335200      0.2321500      0.2307800      0.2294200      0.2280700      0.2267400      0.2254100    
  0.2696940      0.2649100      0.2610430      0.2594100      0.2580500      0.2566000      0.2551500      0.2537000      0.2522400      0.2507900      0.2493300      0.2478800      0.2464200      0.2449700      0.2435300      0.2420900      0.2406500      0.2392200      0.2378000      0.2363800      0.2349700      0.2335700      0.2321800      0.2308000      0.2294300      0.2280700      0.2267100      0.2253700      0.2240400      0.2227200    
  0.2649100      0.2606830      0.2587300      0.2580500      0.2561730      0.2538700      0.2524100      0.2509600      0.2495000      0.2480400      0.2465800      0.2451200      0.2436700      0.2422200      0.2407700      0.2393300      0.2379000      0.2364700      0.2350400      0.2336300      0.2322300      0.2308300      0.2294400      0.2280700      0.2267000      0.2253400      0.2240000      0.2226600      0.2213400      0.2200300    
  0.2605080      0.2583900      0.2580500      0.2560310      0.2538700      0.2519830      0.2496700      0.2482100      0.2467400      0.2452800      0.2438200      0.2423600      0.2409100      0.2394600      0.2380100      0.2365700      0.2351300      0.2337000      0.2322800      0.2308700      0.2294700      0.2280800      0.2266900      0.2253200      0.2239600      0.2226100      0.2212700      0.2199400      0.2186300      0.2173200    
  0.2582200      0.2580500      0.2559840      0.2538700      0.2518410      0.2496700      0.2489400      0.2482070      0.2456870      0.2425200      0.2410500      0.2395900      0.2381300      0.2366800      0.2352300      0.2337900      0.2323600      0.2309300      0.2295100      0.2281000      0.2267000      0.2253100      0.2239400      0.2225700      0.2212100      0.2198700      0.2185400      0.2172200      0.2159100      0.2146100    
  0.2580500      0.2559680      0.2538700      0.2517940      0.2496700      0.2493050      0.2489390      0.2463390      0.2425200      0.2417850      0.2388000      0.2368100      0.2353500      0.2339000      0.2324500      0.2310100      0.2295800      0.2281500      0.2267300      0.2253300      0.2239300      0.2225400      0.2211700      0.2198100      0.2184600      0.2171200      0.2157900      0.2144800      0.2131800      0.2118900    
  0.2559630      0.2538700      0.2517780      0.2496700      0.2494870      0.2493050      0.2467760      0.2425200      0.2421530      0.2385110      0.2354200      0.2340300      0.2325700      0.2311100      0.2296600      0.2282200      0.2267900      0.2253600      0.2239500      0.2225400      0.2211500      0.2197700      0.2184000      0.2170400      0.2156900      0.2143600      0.2130400      0.2117400      0.2104500      0.2091700    
  0.2538700      0.2517730      0.2496700      0.2495790      0.2494870      0.2470220      0.2425200      0.2423360      0.2383880      0.2347250      0.2340300      0.2333000      0.2315080      0.2283200      0.2268700      0.2254200      0.2239900      0.2225700      0.2211500      0.2197500      0.2183600      0.2169800      0.2156200      0.2142600      0.2129200      0.2116000      0.2102900      0.2089900      0.2077000      0.2064300    
  0.2517710      0.2496700      0.2496240      0.2495790      0.2471520      0.2425200      0.2424280      0.2383300      0.2343780      0.2340300      0.2336650      0.2317890      0.2283200      0.2275950      0.2268700      0.2254270      0.2239930      0.2225700      0.2189140      0.2169500      0.2155700      0.2141900      0.2128300      0.2114800      0.2101500      0.2088300      0.2075300      0.2062300      0.2049600      0.2037000    
  0.2496700      0.2496470      0.2496240      0.2472190      0.2425200      0.2424740      0.2383020      0.2342040      0.2340300      0.2338470      0.2319510      0.2283200      0.2279580      0.2275950      0.2266310      0.2254300      0.2239970      0.2190350      0.2155500      0.2141500      0.2127700      0.2114000      0.2100400      0.2087000      0.2073700      0.2060600      0.2047600      0.2034800      0.2022100      0.2009600    
  0.2496590      0.2496470      0.2472530      0.2425200      0.2424970      0.2382890      0.2341170      0.2340300      0.2339390      0.2320370      0.2283200      0.2281390      0.2279580      0.2273940      0.2265520      0.2253520      0.2194920      0.2148500      0.2141500      0.2122930      0.2099600      0.2086000      0.2072400      0.2059100      0.2045900      0.2032800      0.2019900      0.2007100      0.1994500      0.1982100    
  0.2496590      0.2472700      0.2425200      0.2425090      0.2382820      0.2340730      0.2340300      0.2339840      0.2320810      0.2283200      0.2282290      0.2281390      0.2278300      0.2273010      0.2264330      0.2183220      0.2145000      0.2141500      0.2091360      0.2071550      0.2063380      0.2057900      0.2044500      0.2031100      0.2018000      0.2005000      0.1992200      0.1979500      0.1967000      0.1954600    
  0.2472780      0.2425200      0.2425140      0.2382780      0.2340520      0.2340300      0.2340070      0.2321040      0.2283200      0.2282750      0.2282290      0.2280660      0.2277570      0.2186540      0.2114360      0.2057150      0.2057150      0.2048960      0.2038800      0.2029450      0.2043500      0.2029900      0.2016400      0.2003200      0.1990100      0.1977200      0.1964400      0.1951800      0.1939400      0.1927200    
  0.2425200      0.2425170      0.2382770      0.2340410      0.2340300      0.2340190      0.2321150      0.2283200      0.2282970      0.2282750      0.2281900      0.2280170      0.2120630      0.1929620      0.1930500      0.1977980      0.1969290      0.1972800      0.2000330      0.2015400      0.2015400      0.2001800      0.1988400      0.1975200      0.1962200      0.1949300      0.1936700      0.1924200      0.1911800      0.1899700    
  0.2425190      0.2382760      0.2340350      0.2340300      0.2340240      0.2321210      0.2283200      0.2283090      0.2282970      0.2282540      0.2113160      0.1860500      0.1905860      0.1928740      0.1928740      0.1930500      0.1954970      0.1965780      0.1972800      0.1983680      0.1987300      0.1973700      0.1960400      0.1947200      0.1934300      0.1921500      0.1908900      0.1896500      0.1884300      0.1872200    
  0.2382750      0.2340330      0.2340300      0.2340270      0.2321240      0.2283200      0.2283140      0.2283090      0.2282870      0.2079940      0.1860500      0.1860500      0.1860500      0.1904560      0.1926990      0.1926990      0.1930500      0.1950810      0.1958750      0.1972800      0.1959200      0.1945700      0.1932400      0.1919300      0.1906400      0.1893700      0.1881200      0.1868800      0.1856700      0.1844700    
  0.2340310      0.2340300      0.2340290      0.2321250      0.2283200      0.2283170      0.2283140      0.2146400      0.2010300      0.1860420      0.1860500      0.1860500      0.1860500      0.1860500      0.1901990      0.1923480      0.1923470      0.1930500      0.1941180      0.1944700      0.1931100      0.1917600      0.1904400      0.1891300      0.1878500      0.1865900      0.1853400      0.1841200      0.1829200      0.1817300    
  0.2340300      0.2340290      0.2321260      0.2283200      0.2283190      0.2059450      0.1723900      0.1730200      0.1736500      0.1818960      0.1860270      0.1860500      0.1860500      0.1860500      0.1860500      0.1897000      0.1916460      0.1916450      0.1930500      0.1916700      0.1903000      0.1889600      0.1876400      0.1863400      0.1850600      0.1838100      0.1825700      0.1813600      0.1801700      0.1789900    
  0.2340300      0.2321260      0.2283200      0.2283190      0.2014690      0.1723850      0.1723850      0.1723900      0.1730200      0.1736500      0.1818570      0.1859820      0.1860500      0.1860500      0.1860500      0.1860500      0.1887580      0.1902430      0.1902400      0.1888600      0.1875000      0.1861600      0.1848500      0.1835500      0.1822800      0.1810400      0.1798100      0.1786100      0.1774200      0.1762600    
