iMOD/TUTORIALS/TUT_MetaswapAnalyser/model_MetaSWAP/meteo/Evaporation/Evaporation_20060214_L1.ASC
NCOLS                30
NROWS                30
XLLCORNER     160000.00
YLLCORNER     340000.00
CELLSIZE        1000.00
NODATA_VALUE   -9999.00
  0.5634100      0.5630100      0.5625700      0.5621000      0.5616000      0.5610600      0.5605000      0.5599000      0.5592800      0.5586300      0.5579500      0.5572500      0.5565200      0.5557700      0.5550000      0.5542000      0.5533900      0.5525500      0.5517000      0.5508200      0.5499300      0.5490200      0.5480900      0.5471500      0.5462000      0.5452200      0.5442400      0.5432400      0.5422300      0.5412100    
  0.5642000      0.5638100      0.5633800      0.5629200      0.5624300      0.5619000      0.5613500      0.5607600      0.5601500      0.5595100      0.5588400      0.5581500      0.5574400      0.5567000      0.5559400      0.5551500      0.5543500      0.5535200      0.5526800      0.5518100      0.5509300      0.5500300      0.5491200      0.5481800      0.5472400      0.5462800      0.5453000      0.5443200      0.5433200      0.5423100    
  0.5649800      0.5645900      0.5641700      0.5637200      0.5632400      0.5627200      0.5621800      0.5616100      0.5610000      0.5603700      0.5597200      0.5590400      0.5583300      0.5576100      0.5568500      0.5560800      0.5552900      0.5544700      0.5536400      0.5527800      0.5519100      0.5510300      0.5501200      0.5492000      0.5482700      0.5473200      0.5463500      0.5453800      0.5443900      0.5433900    
  0.5657400      0.5653600      0.5649500      0.5645100      0.5640300      0.5635300      0.5629900      0.5624300      0.5618400      0.5612200      0.5605800      0.5599100      0.5592100      0.5585000      0.5577500      0.5569900      0.5562100      0.5554100      0.5545800      0.5537400      0.5528800      0.5520000      0.5511100      0.5502000      0.5492800      0.5483400      0.5473800      0.5464200      0.5454400      0.5444500    
  0.5664800      0.5661100      0.5657100      0.5652700      0.5648100      0.5643200      0.5637900      0.5632400      0.5626600      0.5620500      0.5614200      0.5607600      0.5600800      0.5593700      0.5586400      0.5578900      0.5571200      0.5563200      0.5555100      0.5546800      0.5538300      0.5529600      0.5520800      0.5511800      0.5502700      0.5493400      0.5484000      0.5474400      0.5464700      0.5454900    
  0.5672100      0.5668500      0.5664500      0.5660300      0.5655700      0.5650900      0.5645700      0.5640300      0.5634600      0.5628600      0.5622400      0.5615900      0.5609200      0.5602300      0.5595100      0.5587700      0.5580100      0.5572200      0.5564200      0.5556000      0.5547600      0.5539100      0.5530400      0.5521500      0.5512500      0.5503300      0.5494000      0.5484500      0.5474900      0.5465200    
  0.5679200      0.5675700      0.5671800      0.5667700      0.5663200      0.5658500      0.5653400      0.5648100      0.5642500      0.5636600      0.5630500      0.5624100      0.5617500      0.5610700      0.5603600      0.5596300      0.5588800      0.5581100      0.5573200      0.5565100      0.5556800      0.5548400      0.5539800      0.5531000      0.5522100      0.5513000      0.5503800      0.5494500      0.5485000      0.5475400    
  0.5686200      0.5682800      0.5679000      0.5674900      0.5670600      0.5665900      0.5661000      0.5655700      0.5650200      0.5644500      0.5638500      0.5632200      0.5625700      0.5618900      0.5612000      0.5604800      0.5597400      0.5589800      0.5582000      0.5574000      0.5565900      0.5557500      0.5549000      0.5540400      0.5531500      0.5522600      0.5513500      0.5504200      0.5494900      0.5485400    
  0.5693100      0.5689700      0.5686000      0.5682100      0.5677800      0.5673200      0.5668400      0.5663200      0.5657800      0.5652200      0.5646300      0.5640100      0.5633700      0.5627100      0.5620200      0.5613100      0.5605800      0.5598300      0.5590700      0.5582800      0.5574700      0.5566500      0.5558100      0.5549600      0.5540900      0.5532000      0.5523000      0.5513900      0.5504600      0.5495200    
  0.5699900      0.5696600      0.5693000      0.5689100      0.5684900      0.5680400      0.5675600      0.5670600      0.5665300      0.5659700      0.5653900      0.5647900      0.5641600      0.5635000      0.5628300      0.5621300      0.5614100      0.5606800      0.5599200      0.5591400      0.5583500      0.5575400      0.5567100      0.5558600      0.5550000      0.5541300      0.5532400      0.5523400      0.5514200      0.5505000    
  0.5699770      0.5696500      0.5693650      0.5695900      0.5691800      0.5687400      0.5682800      0.5677800      0.5672600      0.5667200      0.5661400      0.5655500      0.5649300      0.5642900      0.5636200      0.5629400      0.5622300      0.5615000      0.5607600      0.5599900      0.5592100      0.5584100      0.5575900      0.5567600      0.5559100      0.5550400      0.5541700      0.5532700      0.5523700      0.5514500    
  0.5699670      0.5696450      0.5695900      0.5697950      0.5698700      0.5694400      0.5689800      0.5684900      0.5679800      0.5674500      0.5668800      0.5663000      0.5656900      0.5650600      0.5644000      0.5637300      0.5630300      0.5623200      0.5615800      0.5608300      0.5600500      0.5592600      0.5584600      0.5576300      0.5568000      0.5559400      0.5550800      0.5542000      0.5533000      0.5524000    
  0.5698660      0.5695900      0.5700320      0.5702050      0.5705400      0.5701200      0.5696700      0.5691900      0.5686900      0.5681600      0.5676100      0.5670400      0.5664400      0.5658200      0.5651700      0.5645100      0.5638200      0.5631200      0.5623900      0.5616500      0.5608900      0.5601100      0.5593100      0.5585000      0.5576700      0.5568300      0.5559700      0.5551000      0.5542200      0.5533200    
  0.5695900      0.5701340      0.5703720      0.5705400      0.5704830      0.5707900      0.5703500      0.5698800      0.5693900      0.5688700      0.5683300      0.5677600      0.5671700      0.5665600      0.5659300      0.5652700      0.5646000      0.5639000      0.5631900      0.5624600      0.5617100      0.5609400      0.5601500      0.5593500      0.5585400      0.5577000      0.5568600      0.5560000      0.5551300      0.5542400    
  0.5701800      0.5704560      0.5705400      0.5706040      0.5707900      0.5707170      0.5710100      0.5705600      0.5700700      0.5695600      0.5690300      0.5684800      0.5679000      0.5673000      0.5666700      0.5660300      0.5653600      0.5646800      0.5639800      0.5632500      0.5625100      0.5617600      0.5609800      0.5601900      0.5593900      0.5585600      0.5577300      0.5568800      0.5560200      0.5551500    
  0.5704980      0.5705400      0.5706450      0.5707900      0.5708390      0.5710100      0.5707850      0.5705470      0.5701100      0.5702500      0.5697300      0.5691800      0.5686100      0.5680200      0.5674100      0.5667700      0.5661200      0.5654400      0.5647500      0.5640400      0.5633100      0.5625600      0.5618000      0.5610200      0.5602200      0.5594100      0.5585900      0.5577500      0.5569000      0.5560400    
  0.5705400      0.5706580      0.5707900      0.5708800      0.5710100      0.5708970      0.5707810      0.5704230      0.5702500      0.5699900      0.5699160      0.5698700      0.5693100      0.5687300      0.5681300      0.5675000      0.5668600      0.5661900      0.5655100      0.5648100      0.5640900      0.5633600      0.5626000      0.5618300      0.5610500      0.5602500      0.5594400      0.5586100      0.5577700      0.5569200    
  0.5706630      0.5707900      0.5708930      0.5710100      0.5709540      0.5708960      0.5705880      0.5702500      0.5701200      0.5701830      0.5702100      0.5705500      0.5700000      0.5694300      0.5688400      0.5682200      0.5675900      0.5669400      0.5662600      0.5655700      0.5648600      0.5641400      0.5634000      0.5626400      0.5618600      0.5610700      0.5602700      0.5594600      0.5586300      0.5577800    
  0.5707900      0.5708980      0.5710100      0.5709820      0.5709530      0.5706720      0.5702500      0.5701850      0.5702970      0.5703800      0.5705500      0.5702750      0.5700250      0.5701200      0.5695400      0.5689300      0.5683100      0.5676700      0.5670000      0.5663200      0.5656200      0.5649100      0.5641800      0.5634300      0.5626700      0.5618900      0.5611000      0.5602900      0.5594700      0.5586400    
  0.5708990      0.5710100      0.5709960      0.5709820      0.5707140      0.5702500      0.5702170      0.5703490      0.5704650      0.5705500      0.5704130      0.5702430      0.5701200      0.5698300      0.5695300      0.5689270      0.5683030      0.5676600      0.5671680      0.5670600      0.5663700      0.5656700      0.5649500      0.5642100      0.5634600      0.5626900      0.5619100      0.5611100      0.5603000      0.5594800    
  0.5710100      0.5710030      0.5709960      0.5707350      0.5702500      0.5702340      0.5703750      0.5705080      0.5705500      0.5704810      0.5703310      0.5701200      0.5699750      0.5698270      0.5694290      0.5689200      0.5682970      0.5676690      0.5674250      0.5677900      0.5671100      0.5664200      0.5657100      0.5649800      0.5642400      0.5634800      0.5627100      0.5619300      0.5611300      0.5603200    
  0.5710060      0.5710030      0.5707460      0.5702500      0.5702420      0.5703870      0.5705290      0.5705500      0.5705160      0.5703710      0.5701200      0.5700470      0.5699740      0.5697440      0.5693920      0.5688820      0.5680570      0.5676080      0.5677900      0.5675800      0.5678400      0.5671600      0.5664600      0.5657400      0.5650100      0.5642600      0.5635000      0.5627300      0.5619400      0.5611400    
  0.5710060      0.5707510      0.5702500      0.5702460      0.5703940      0.5705390      0.5705500      0.5705330      0.5703890      0.5701200      0.5700840      0.5700470      0.5699220      0.5697030      0.5693390      0.5687820      0.5676990      0.5677900      0.5683900      0.5685600      0.5681560      0.5678900      0.5672000      0.5664900      0.5657700      0.5650300      0.5642800      0.5635200      0.5627400      0.5619500    
  0.5707540      0.5702500      0.5702480      0.5703970      0.5705450      0.5705500      0.5705410      0.5703980      0.5701200      0.5701020      0.5700840      0.5700180      0.5698910      0.5707110      0.5706180      0.5698780      0.5698800      0.5696360      0.5693890      0.5696300      0.5692800      0.5686100      0.5679300      0.5672300      0.5665200      0.5658000      0.5650600      0.5643000      0.5635300      0.5627500    
  0.5702500      0.5702490      0.5703980      0.5705470      0.5705500      0.5705460      0.5704020      0.5701200      0.5701110      0.5701020      0.5700680      0.5699970      0.5716880      0.5739000      0.5738800      0.5721260      0.5720540      0.5719700      0.5706420      0.5699770      0.5699800      0.5693200      0.5686500      0.5679700      0.5672600      0.5665500      0.5658200      0.5650700      0.5643200      0.5635500    
  0.5702490      0.5703990      0.5705490      0.5705500      0.5705480      0.5704050      0.5701200      0.5701150      0.5701110      0.5700930      0.5725650      0.5763300      0.5747270      0.5739210      0.5739210      0.5738800      0.5726910      0.5721370      0.5719700      0.5709920      0.5706700      0.5700300      0.5693600      0.5686900      0.5680000      0.5672900      0.5665700      0.5658400      0.5650900      0.5643300    
  0.5704000      0.5705490      0.5705500      0.5705490      0.5704060      0.5701200      0.5701180      0.5701150      0.5701070      0.5730860      0.5763300      0.5763300      0.5763300      0.5747570      0.5739610      0.5739610      0.5738800      0.5727760      0.5723050      0.5719700      0.5713500      0.5707200      0.5700700      0.5694000      0.5687200      0.5680200      0.5673100      0.5665900      0.5658500      0.5651000    
  0.5705500      0.5705500      0.5705490      0.5704060      0.5701200      0.5701190      0.5701180      0.5725400      0.5744930      0.5763320      0.5763300      0.5763300      0.5763300      0.5763300      0.5748150      0.5740420      0.5740430      0.5738800      0.5729480      0.5726400      0.5720300      0.5714100      0.5707600      0.5701100      0.5694400      0.5687500      0.5680500      0.5673400      0.5666100      0.5658700    
  0.5705500      0.5705500      0.5704060      0.5701200      0.5701190      0.5744160      0.5808600      0.5803400      0.5798200      0.5774980      0.5763350      0.5763300      0.5763300      0.5763300      0.5763300      0.5749260      0.5742030      0.5742050      0.5738800      0.5733000      0.5727000      0.5720800      0.5714500      0.5708000      0.5701400      0.5694700      0.5687800      0.5680700      0.5673600      0.5666300    
  0.5705500      0.5704070      0.5701200      0.5701200      0.5752760      0.5808610      0.5808610      0.5808600      0.5803400      0.5798200      0.5775060      0.5763450      0.5763300      0.5763300      0.5763300      0.5763300      0.5751280      0.5745230      0.5745300      0.5739500      0.5733600      0.5727500      0.5721300      0.5714900      0.5708400      0.5701700      0.5694900      0.5688000      0.5680900      0.5673700    
