iMOD/TUTORIALS/TUT_MetaswapAnalyser/model_MetaSWAP/meteo/Evaporation/Evaporation_20051227_L1.ASC
NCOLS                30
NROWS                30
XLLCORNER     160000.00
YLLCORNER     340000.00
CELLSIZE        1000.00
NODATA_VALUE   -9999.00
  0.1514200      0.1510100      0.1506300      0.1502600      0.1499100      0.1495700      0.1492400      0.1489300      0.1486200      0.1483300      0.1480400      0.1477700      0.1475000      0.1472400      0.1469800      0.1467300      0.1464800      0.1462300      0.1459900      0.1457500      0.1455200      0.1452800      0.1450500      0.1448200      0.1445900      0.1443600      0.1441200      0.1438900      0.1436600      0.1434300    
  0.1517200      0.1513100      0.1509200      0.1505500      0.1501900      0.1498400      0.1495100      0.1491900      0.1488800      0.1485800      0.1482900      0.1480000      0.1477300      0.1474600      0.1472000      0.1469400      0.1466900      0.1464400      0.1461900      0.1459500      0.1457100      0.1454700      0.1452300      0.1449900      0.1447600      0.1445200      0.1442900      0.1440500      0.1438200      0.1435800    
  0.1520400      0.1516300      0.1512300      0.1508500      0.1504800      0.1501300      0.1497900      0.1494600      0.1491500      0.1488400      0.1485400      0.1482500      0.1479700      0.1477000      0.1474300      0.1471700      0.1469100      0.1466500      0.1464000      0.1461500      0.1459100      0.1456700      0.1454200      0.1451800      0.1449400      0.1447000      0.1444600      0.1442300      0.1439900      0.1437500    
  0.1523700      0.1519500      0.1515500      0.1511600      0.1507900      0.1504300      0.1500800      0.1497500      0.1494300      0.1491200      0.1488100      0.1485200      0.1482300      0.1479500      0.1476700      0.1474100      0.1471400      0.1468800      0.1466300      0.1463700      0.1461200      0.1458700      0.1456300      0.1453800      0.1451400      0.1449000      0.1446500      0.1444100      0.1441700      0.1439200    
  0.1527100      0.1522900      0.1518800      0.1514900      0.1511100      0.1507400      0.1503900      0.1500500      0.1497200      0.1494000      0.1490900      0.1487900      0.1485000      0.1482100      0.1479300      0.1476600      0.1473900      0.1471200      0.1468600      0.1466000      0.1463500      0.1461000      0.1458400      0.1456000      0.1453500      0.1451000      0.1448500      0.1446000      0.1443600      0.1441100    
  0.1530700      0.1526400      0.1522300      0.1518300      0.1514400      0.1510700      0.1507100      0.1503700      0.1500300      0.1497100      0.1493900      0.1490800      0.1487800      0.1484900      0.1482000      0.1479200      0.1476500      0.1473800      0.1471100      0.1468500      0.1465900      0.1463300      0.1460700      0.1458200      0.1455700      0.1453100      0.1450600      0.1448100      0.1445600      0.1443000    
  0.1534400      0.1530000      0.1525800      0.1521800      0.1517900      0.1514100      0.1510400      0.1506900      0.1503500      0.1500200      0.1497000      0.1493800      0.1490800      0.1487800      0.1484900      0.1482000      0.1479200      0.1476400      0.1473700      0.1471000      0.1468400      0.1465700      0.1463100      0.1460500      0.1457900      0.1455400      0.1452800      0.1450200      0.1447700      0.1445100    
  0.1538100      0.1533700      0.1529500      0.1525400      0.1521400      0.1517600      0.1513900      0.1510300      0.1506800      0.1503400      0.1500200      0.1497000      0.1493800      0.1490800      0.1487800      0.1484900      0.1482000      0.1479200      0.1476400      0.1473700      0.1471000      0.1468300      0.1465600      0.1463000      0.1460400      0.1457700      0.1455100      0.1452500      0.1449900      0.1447300    
  0.1542000      0.1537600      0.1533300      0.1529100      0.1525100      0.1521200      0.1517400      0.1513800      0.1510200      0.1506800      0.1503500      0.1500200      0.1497000      0.1493900      0.1490900      0.1487900      0.1485000      0.1482100      0.1479300      0.1476500      0.1473700      0.1471000      0.1468200      0.1465500      0.1462900      0.1460200      0.1457500      0.1454900      0.1452200      0.1449600    
  0.1546000      0.1541500      0.1537100      0.1532900      0.1528800      0.1524900      0.1521100      0.1517400      0.1513800      0.1510300      0.1506900      0.1503500      0.1500300      0.1497100      0.1494100      0.1491000      0.1488000      0.1485100      0.1482200      0.1479400      0.1476500      0.1473700      0.1471000      0.1468200      0.1465500      0.1462800      0.1460000      0.1457300      0.1454600      0.1451900    
  0.1546070      0.1541530      0.1537080      0.1536800      0.1532700      0.1528700      0.1524800      0.1521000      0.1517400      0.1513800      0.1510400      0.1507000      0.1503700      0.1500500      0.1497300      0.1494200      0.1491200      0.1488200      0.1485200      0.1482300      0.1479500      0.1476600      0.1473800      0.1471000      0.1468200      0.1465400      0.1462600      0.1459900      0.1457100      0.1454400    
  0.1546110      0.1540370      0.1536800      0.1536730      0.1536700      0.1532600      0.1528700      0.1524800      0.1521100      0.1517500      0.1514000      0.1510600      0.1507200      0.1503900      0.1500700      0.1497500      0.1494400      0.1491400      0.1488400      0.1485400      0.1482500      0.1479600      0.1476700      0.1473800      0.1471000      0.1468200      0.1465300      0.1462500      0.1459700      0.1456900    
  0.1543520      0.1536800      0.1538230      0.1538700      0.1540700      0.1536600      0.1532600      0.1528700      0.1524900      0.1521300      0.1517700      0.1514200      0.1510800      0.1507400      0.1504200      0.1501000      0.1497800      0.1494700      0.1491600      0.1488600      0.1485600      0.1482700      0.1479700      0.1476800      0.1473900      0.1471000      0.1468100      0.1465300      0.1462400      0.1459600    
  0.1536800      0.1538860      0.1539700      0.1540700      0.1539330      0.1540700      0.1536600      0.1532700      0.1528900      0.1525100      0.1521500      0.1517900      0.1514500      0.1511100      0.1507700      0.1504500      0.1501300      0.1498100      0.1495000      0.1491900      0.1488800      0.1485800      0.1482800      0.1479800      0.1476900      0.1474000      0.1471000      0.1468100      0.1465200      0.1462300    
  0.1539140      0.1540200      0.1540700      0.1540240      0.1540700      0.1539330      0.1540700      0.1536700      0.1532900      0.1529100      0.1525400      0.1521800      0.1518200      0.1514800      0.1511400      0.1508100      0.1504800      0.1501600      0.1498400      0.1495200      0.1492100      0.1489100      0.1486000      0.1483000      0.1480000      0.1477000      0.1474000      0.1471000      0.1468100      0.1465100    
  0.1540450      0.1540700      0.1540550      0.1540700      0.1540240      0.1540700      0.1538700      0.1536770      0.1532950      0.1533100      0.1529300      0.1525700      0.1522100      0.1518600      0.1515100      0.1511800      0.1508400      0.1505100      0.1501900      0.1498700      0.1495500      0.1492400      0.1489300      0.1486200      0.1483100      0.1480100      0.1477100      0.1474000      0.1471000      0.1468000    
  0.1540700      0.1540650      0.1540700      0.1540550      0.1540700      0.1539700      0.1538720      0.1535380      0.1533100      0.1531200      0.1530300      0.1529700      0.1526000      0.1522500      0.1519000      0.1515500      0.1512100      0.1508800      0.1505500      0.1502200      0.1499000      0.1495800      0.1492700      0.1489500      0.1486400      0.1483300      0.1480200      0.1477100      0.1474000      0.1470900    
  0.1540680      0.1540700      0.1540650      0.1540700      0.1540200      0.1539710      0.1536730      0.1533100      0.1532150      0.1532000      0.1531700      0.1533700      0.1530100      0.1526400      0.1522900      0.1519400      0.1515900      0.1512500      0.1509200      0.1505900      0.1502600      0.1499300      0.1496100      0.1492900      0.1489700      0.1486600      0.1483400      0.1480300      0.1477100      0.1474000    
  0.1540700      0.1540680      0.1540700      0.1540450      0.1540200      0.1537430      0.1533100      0.1532620      0.1532730      0.1532700      0.1533700      0.1531900      0.1530170      0.1530500      0.1526800      0.1523300      0.1519800      0.1516300      0.1512900      0.1509600      0.1506200      0.1502900      0.1499600      0.1496400      0.1493100      0.1489900      0.1486700      0.1483500      0.1480300      0.1477100    
  0.1540690      0.1540700      0.1540580      0.1540450      0.1537800      0.1533100      0.1532860      0.1533070      0.1533200      0.1533700      0.1532800      0.1531570      0.1530500      0.1528650      0.1526870      0.1523300      0.1519800      0.1516330      0.1513860      0.1513300      0.1509900      0.1506600      0.1503200      0.1499900      0.1496600      0.1493300      0.1490100      0.1486800      0.1483500      0.1480300    
  0.1540700      0.1540640      0.1540580      0.1537980      0.1533100      0.1532980      0.1533240      0.1533450      0.1533700      0.1533250      0.1532140      0.1530500      0.1529570      0.1528670      0.1526270      0.1523320      0.1519810      0.1516490      0.1515250      0.1517200      0.1513700      0.1510300      0.1506900      0.1503500      0.1500200      0.1496800      0.1493500      0.1490200      0.1486800      0.1483500    
  0.1540670      0.1540640      0.1538070      0.1533100      0.1533040      0.1533320      0.1533570      0.1533700      0.1533470      0.1532400      0.1530500      0.1530040      0.1529580      0.1528170      0.1526090      0.1523140      0.1518610      0.1516230      0.1517200      0.1516170      0.1517600      0.1514100      0.1510600      0.1507200      0.1503800      0.1500400      0.1497000      0.1493600      0.1490200      0.1486900    
  0.1540670      0.1538120      0.1533100      0.1533070      0.1533360      0.1533640      0.1533700      0.1533590      0.1532520      0.1530500      0.1530270      0.1530040      0.1529260      0.1527950      0.1525800      0.1522780      0.1516710      0.1517200      0.1520600      0.1521550      0.1519400      0.1517900      0.1514400      0.1510900      0.1507500      0.1504000      0.1500500      0.1497100      0.1493700      0.1490200    
  0.1538140      0.1533100      0.1533090      0.1533380      0.1533670      0.1533700      0.1533640      0.1532580      0.1530500      0.1530380      0.1530270      0.1529860      0.1529080      0.1534250      0.1533800      0.1529360      0.1529350      0.1527810      0.1526190      0.1527500      0.1525500      0.1521900      0.1518300      0.1514700      0.1511200      0.1507700      0.1504200      0.1500700      0.1497200      0.1493700    
  0.1533100      0.1533090      0.1533390      0.1533680      0.1533700      0.1533670      0.1532600      0.1530500      0.1530440      0.1530380      0.1530170      0.1529740      0.1540320      0.1554130      0.1554000      0.1542890      0.1542020      0.1541500      0.1533530      0.1529530      0.1529500      0.1525800      0.1522200      0.1518600      0.1515000      0.1511400      0.1507800      0.1504300      0.1500700      0.1497200    
  0.1533100      0.1533390      0.1533690      0.1533700      0.1533690      0.1532620      0.1530500      0.1530470      0.1530440      0.1530330      0.1546580      0.1571300      0.1559970      0.1554270      0.1554270      0.1554000      0.1546190      0.1542550      0.1541500      0.1535570      0.1533600      0.1529900      0.1526200      0.1522500      0.1518800      0.1515200      0.1511600      0.1507900      0.1504300      0.1500700    
  0.1533400      0.1533700      0.1533700      0.1533690      0.1532630      0.1530500      0.1530490      0.1530470      0.1530420      0.1549990      0.1571300      0.1571300      0.1571300      0.1560170      0.1554540      0.1554540      0.1554000      0.1546730      0.1543600      0.1541500      0.1537700      0.1533900      0.1530200      0.1526500      0.1522800      0.1519000      0.1515400      0.1511700      0.1508000      0.1504300    
  0.1533700      0.1533700      0.1533700      0.1532630      0.1530500      0.1530490      0.1530490      0.1547470      0.1560180      0.1571310      0.1571300      0.1571300      0.1571300      0.1571300      0.1560550      0.1555080      0.1555080      0.1554000      0.1547800      0.1545700      0.1541900      0.1538100      0.1534300      0.1530500      0.1526700      0.1522900      0.1519200      0.1515400      0.1511700      0.1508000    
  0.1533700      0.1533700      0.1532630      0.1530500      0.1530500      0.1561300      0.1607500      0.1603000      0.1598500      0.1580400      0.1571340      0.1571300      0.1571300      0.1571300      0.1571300      0.1561300      0.1556160      0.1556150      0.1554000      0.1550000      0.1546100      0.1542200      0.1538400      0.1534500      0.1530700      0.1526900      0.1523100      0.1519200      0.1515400      0.1511600    
  0.1533700      0.1532630      0.1530500      0.1530500      0.1567470      0.1607510      0.1607510      0.1607500      0.1603000      0.1598500      0.1580470      0.1571410      0.1571300      0.1571300      0.1571300      0.1571300      0.1562660      0.1558330      0.1558300      0.1554400      0.1550400      0.1546500      0.1542500      0.1538600      0.1534700      0.1530900      0.1527000      0.1523100      0.1519200      0.1515400    
