iMOD/TUTORIALS/TUT_MetaswapAnalyser/model_MetaSWAP/meteo/Evaporation/Evaporation_20060215_L1.ASC
NCOLS                30
NROWS                30
XLLCORNER     160000.00
YLLCORNER     340000.00
CELLSIZE        1000.00
NODATA_VALUE   -9999.00
  0.2728900      0.2706700      0.2684300      0.2662000      0.2639600      0.2617200      0.2594800      0.2572400      0.2550000      0.2527600      0.2505200      0.2482800      0.2460400      0.2438100      0.2415700      0.2393400      0.2371200      0.2348900      0.2326700      0.2304500      0.2282300      0.2260200      0.2238200      0.2216200      0.2194200      0.2172300      0.2150400      0.2128600      0.2106800      0.2085100    
  0.2728500      0.2706100      0.2683800      0.2661400      0.2639000      0.2616600      0.2594200      0.2571800      0.2549400      0.2526900      0.2504500      0.2482100      0.2459700      0.2437400      0.2415000      0.2392700      0.2370400      0.2348100      0.2325900      0.2303700      0.2281600      0.2259400      0.2237400      0.2215300      0.2193400      0.2171400      0.2149500      0.2127700      0.2105900      0.2084200    
  0.2728000      0.2705600      0.2683200      0.2660800      0.2638400      0.2616000      0.2593500      0.2571100      0.2548700      0.2526200      0.2503800      0.2481400      0.2459000      0.2436600      0.2414300      0.2391900      0.2369600      0.2347400      0.2325100      0.2302900      0.2280700      0.2258600      0.2236500      0.2214500      0.2192500      0.2170500      0.2148600      0.2126800      0.2105000      0.2083200    
  0.2727500      0.2705100      0.2682600      0.2660200      0.2637800      0.2615300      0.2592900      0.2570400      0.2548000      0.2525500      0.2503100      0.2480700      0.2458300      0.2435900      0.2413500      0.2391200      0.2368900      0.2346600      0.2324300      0.2302100      0.2279900      0.2257800      0.2235700      0.2213600      0.2191600      0.2169600      0.2147700      0.2125800      0.2104000      0.2082300    
  0.2727000      0.2704500      0.2682100      0.2659600      0.2637200      0.2614700      0.2592200      0.2569700      0.2547300      0.2524800      0.2502400      0.2479900      0.2457500      0.2435100      0.2412700      0.2390400      0.2368000      0.2345700      0.2323500      0.2301200      0.2279000      0.2256900      0.2234800      0.2212700      0.2190700      0.2168700      0.2146800      0.2124900      0.2103000      0.2081300    
  0.2726500      0.2704000      0.2681500      0.2659000      0.2636500      0.2614000      0.2591500      0.2569000      0.2546600      0.2524100      0.2501600      0.2479200      0.2456700      0.2434300      0.2411900      0.2389500      0.2367200      0.2344900      0.2322600      0.2300400      0.2278200      0.2256000      0.2233900      0.2211800      0.2189700      0.2167700      0.2145800      0.2123900      0.2102000      0.2080200    
  0.2726000      0.2703500      0.2681000      0.2658400      0.2635900      0.2613400      0.2590900      0.2568300      0.2545800      0.2523300      0.2500900      0.2478400      0.2455900      0.2433500      0.2411100      0.2388700      0.2366400      0.2344000      0.2321700      0.2299500      0.2277300      0.2255100      0.2232900      0.2210800      0.2188800      0.2166800      0.2144800      0.2122900      0.2101000      0.2079200    
  0.2725600      0.2703000      0.2680400      0.2657800      0.2635300      0.2612700      0.2590200      0.2567600      0.2545100      0.2522600      0.2500100      0.2477600      0.2455100      0.2432700      0.2410300      0.2387900      0.2365500      0.2343200      0.2320800      0.2298600      0.2276300      0.2254100      0.2232000      0.2209900      0.2187800      0.2165800      0.2143800      0.2121800      0.2100000      0.2078100    
  0.2725100      0.2702500      0.2679900      0.2657300      0.2634700      0.2612100      0.2589500      0.2566900      0.2544400      0.2521800      0.2499300      0.2476800      0.2454300      0.2431900      0.2409400      0.2387000      0.2364600      0.2342300      0.2319900      0.2297700      0.2275400      0.2253200      0.2231000      0.2208900      0.2186800      0.2164700      0.2142700      0.2120800      0.2098900      0.2077000    
  0.2724700      0.2702000      0.2679300      0.2656700      0.2634100      0.2611400      0.2588800      0.2566200      0.2543700      0.2521100      0.2498500      0.2476000      0.2453500      0.2431000      0.2408600      0.2386100      0.2363700      0.2341400      0.2319000      0.2296700      0.2274400      0.2252200      0.2230000      0.2207900      0.2185800      0.2163700      0.2141700      0.2119700      0.2097800      0.2075900    
  0.2724700      0.2702000      0.2673530      0.2656100      0.2633500      0.2610800      0.2588200      0.2565500      0.2542900      0.2520300      0.2497800      0.2475200      0.2452700      0.2430200      0.2407700      0.2385300      0.2362800      0.2340400      0.2318100      0.2295800      0.2273500      0.2251200      0.2229000      0.2206900      0.2184700      0.2162700      0.2140600      0.2118600      0.2096700      0.2074800    
  0.2724700      0.2689080      0.2656100      0.2638700      0.2632900      0.2610200      0.2587500      0.2564800      0.2542200      0.2519600      0.2497000      0.2474400      0.2451900      0.2429300      0.2406800      0.2384400      0.2361900      0.2339500      0.2317100      0.2294800      0.2272500      0.2250200      0.2228000      0.2205800      0.2183700      0.2161600      0.2139500      0.2117500      0.2095600      0.2073700    
  0.2704320      0.2656100      0.2639920      0.2632600      0.2632300      0.2609600      0.2586800      0.2564100      0.2541500      0.2518800      0.2496200      0.2473600      0.2451000      0.2428500      0.2406000      0.2383500      0.2361000      0.2338600      0.2316200      0.2293800      0.2271500      0.2249200      0.2227000      0.2204800      0.2182600      0.2160500      0.2138500      0.2116400      0.2094400      0.2072500    
  0.2656100      0.2640190      0.2632450      0.2632300      0.2616930      0.2608900      0.2586200      0.2563500      0.2540800      0.2518100      0.2495400      0.2472800      0.2450200      0.2427600      0.2405100      0.2382600      0.2360100      0.2337700      0.2315200      0.2292900      0.2270500      0.2248200      0.2226000      0.2203700      0.2181600      0.2159400      0.2137300      0.2115300      0.2093300      0.2071400    
  0.2640240      0.2632370      0.2632300      0.2619380      0.2608900      0.2593570      0.2585600      0.2562800      0.2540100      0.2517300      0.2494700      0.2472000      0.2449400      0.2426800      0.2404200      0.2381700      0.2359200      0.2336700      0.2314300      0.2291900      0.2269500      0.2247200      0.2224900      0.2202700      0.2180500      0.2158300      0.2136200      0.2114200      0.2092100      0.2070200    
  0.2632340      0.2632300      0.2620190      0.2608900      0.2596020      0.2585600      0.2574200      0.2562830      0.2534200      0.2516600      0.2493900      0.2471200      0.2448600      0.2425900      0.2403300      0.2380800      0.2358300      0.2335800      0.2313300      0.2290900      0.2268500      0.2246200      0.2223900      0.2201600      0.2179400      0.2157200      0.2135100      0.2113000      0.2091000      0.2069000    
  0.2632300      0.2620460      0.2608900      0.2596840      0.2585600      0.2579900      0.2574210      0.2546960      0.2516600      0.2505250      0.2484340      0.2470400      0.2447700      0.2425100      0.2402500      0.2379900      0.2357300      0.2334800      0.2312300      0.2289900      0.2267500      0.2245100      0.2222800      0.2200500      0.2178300      0.2156100      0.2134000      0.2111800      0.2089800      0.2067800    
  0.2620550      0.2608900      0.2597110      0.2585600      0.2582750      0.2579900      0.2554420      0.2516600      0.2510920      0.2489160      0.2470000      0.2469600      0.2446900      0.2424200      0.2401600      0.2379000      0.2356400      0.2333900      0.2311400      0.2288900      0.2266500      0.2244100      0.2221800      0.2199500      0.2177200      0.2155000      0.2132800      0.2110700      0.2088600      0.2066600    
  0.2608900      0.2597200      0.2585600      0.2584170      0.2582750      0.2558420      0.2516600      0.2513760      0.2491220      0.2469800      0.2469600      0.2458250      0.2441030      0.2423400      0.2400700      0.2378100      0.2355500      0.2332900      0.2310400      0.2287900      0.2265500      0.2243100      0.2220700      0.2198400      0.2176100      0.2153800      0.2131700      0.2109500      0.2087400      0.2065300    
  0.2597230      0.2585600      0.2584890      0.2584180      0.2560490      0.2516600      0.2515180      0.2492180      0.2469700      0.2469600      0.2463920      0.2448070      0.2423400      0.2412050      0.2400730      0.2378100      0.2355500      0.2332930      0.2300800      0.2286900      0.2264400      0.2242000      0.2219600      0.2197300      0.2175000      0.2152700      0.2130500      0.2108300      0.2086200      0.2064100    
  0.2585600      0.2585240      0.2584890      0.2561540      0.2516600      0.2515890      0.2492640      0.2469650      0.2469600      0.2466760      0.2451250      0.2423400      0.2417730      0.2412060      0.2396960      0.2378110      0.2355510      0.2312310      0.2286400      0.2285900      0.2263400      0.2241000      0.2218600      0.2196200      0.2173900      0.2151600      0.2129300      0.2107100      0.2085000      0.2062900    
  0.2585420      0.2585240      0.2562070      0.2516600      0.2516250      0.2492870      0.2469620      0.2469600      0.2468180      0.2452750      0.2423400      0.2420560      0.2417730      0.2408920      0.2395710      0.2376860      0.2323600      0.2286150      0.2285900      0.2270570      0.2262400      0.2239900      0.2217500      0.2195100      0.2172700      0.2150400      0.2128200      0.2106000      0.2083800      0.2061700    
  0.2585420      0.2562330      0.2516600      0.2516420      0.2492990      0.2469610      0.2469600      0.2468890      0.2453480      0.2423400      0.2421980      0.2420560      0.2415740      0.2407450      0.2393830      0.2333030      0.2286020      0.2285900      0.2269430      0.2261400      0.2247880      0.2238900      0.2216400      0.2194000      0.2171600      0.2149300      0.2127000      0.2104800      0.2082600      0.2060400    
  0.2562470      0.2516600      0.2516510      0.2493040      0.2469610      0.2469600      0.2469250      0.2453840      0.2423400      0.2422690      0.2421980      0.2419430      0.2414580      0.2379450      0.2334270      0.2282950      0.2282950      0.2272250      0.2260190      0.2259850      0.2260400      0.2237800      0.2215300      0.2192900      0.2170500      0.2148100      0.2125800      0.2103600      0.2081300      0.2059200    
  0.2516600      0.2516560      0.2493070      0.2469600      0.2469600      0.2469420      0.2454020      0.2423400      0.2423050      0.2422690      0.2421370      0.2418660      0.2363000      0.2300770      0.2300800      0.2287580      0.2279870      0.2280000      0.2265730      0.2259330      0.2259300      0.2236800      0.2214300      0.2191800      0.2169400      0.2147000      0.2124700      0.2102400      0.2080100      0.2057900    
  0.2516580      0.2493090      0.2469600      0.2469600      0.2469510      0.2454110      0.2423400      0.2423220      0.2423050      0.2422370      0.2380940      0.2321000      0.2307490      0.2300740      0.2300740      0.2300800      0.2286680      0.2279750      0.2280000      0.2263730      0.2258300      0.2235700      0.2213200      0.2190700      0.2168200      0.2145800      0.2123500      0.2101200      0.2078900      0.2056700    
  0.2493090      0.2469600      0.2469600      0.2469560      0.2454160      0.2423400      0.2423310      0.2423220      0.2422880      0.2373670      0.2321000      0.2321000      0.2321000      0.2307440      0.2300690      0.2300690      0.2300800      0.2286190      0.2279500      0.2280000      0.2257300      0.2234700      0.2212100      0.2189600      0.2167100      0.2144700      0.2122300      0.2100000      0.2077700      0.2055400    
  0.2469600      0.2469600      0.2469580      0.2454180      0.2423400      0.2423360      0.2423310      0.2402330      0.2367990      0.2321000      0.2321000      0.2321000      0.2321000      0.2321000      0.2307340      0.2300580      0.2300580      0.2300800      0.2284450      0.2279000      0.2256300      0.2233700      0.2211100      0.2188500      0.2166000      0.2143600      0.2121100      0.2098800      0.2076500      0.2054200    
  0.2469600      0.2469590      0.2454190      0.2423400      0.2423380      0.2398930      0.2362300      0.2351100      0.2339900      0.2327290      0.2320990      0.2321000      0.2321000      0.2321000      0.2321000      0.2307090      0.2300350      0.2300350      0.2300800      0.2278000      0.2255300      0.2232600      0.2210000      0.2187400      0.2164900      0.2142400      0.2120000      0.2097600      0.2075200      0.2052900    
  0.2469590      0.2454190      0.2423400      0.2423390      0.2394060      0.2362300      0.2362300      0.2362300      0.2351100      0.2339900      0.2327280      0.2320980      0.2321000      0.2321000      0.2321000      0.2321000      0.2306440      0.2299900      0.2299900      0.2277100      0.2254300      0.2231600      0.2209000      0.2186400      0.2163800      0.2141300      0.2118800      0.2096400      0.2074000      0.2051700    
