iMOD/TUTORIALS/TUT_MetaswapAnalyser/model_MetaSWAP/meteo/Evaporation/Evaporation_20060103_L1.ASC
NCOLS                30
NROWS                30
XLLCORNER     160000.00
YLLCORNER     340000.00
CELLSIZE        1000.00
NODATA_VALUE   -9999.00
  0.3481800      0.3466900      0.3451500      0.3435800      0.3419800      0.3403500      0.3386900      0.3370000      0.3352800      0.3335400      0.3317800      0.3299900      0.3281900      0.3263700      0.3245300      0.3226800      0.3208100      0.3189300      0.3170400      0.3151400      0.3132300      0.3113100      0.3093800      0.3074400      0.3055000      0.3035500      0.3016000      0.2996400      0.2976800      0.2957100    
  0.3463700      0.3448600      0.3433200      0.3417500      0.3401400      0.3385100      0.3368400      0.3351500      0.3334300      0.3316900      0.3299300      0.3281500      0.3263400      0.3245200      0.3226900      0.3208400      0.3189700      0.3170900      0.3152000      0.3133000      0.3114000      0.3094800      0.3075500      0.3056200      0.3036800      0.3017400      0.2997900      0.2978400      0.2958800      0.2939200    
  0.3445300      0.3430200      0.3414700      0.3399000      0.3382900      0.3366500      0.3349800      0.3332900      0.3315700      0.3298300      0.3280600      0.3262800      0.3244800      0.3226600      0.3208200      0.3189700      0.3171100      0.3152300      0.3133500      0.3114500      0.3095400      0.3076300      0.3057100      0.3037800      0.3018500      0.2999100      0.2979700      0.2960200      0.2940700      0.2921200    
  0.3426800      0.3411600      0.3396100      0.3380200      0.3364100      0.3347700      0.3331000      0.3314000      0.3296800      0.3279400      0.3261700      0.3243900      0.3225900      0.3207700      0.3189300      0.3170900      0.3152200      0.3133500      0.3114700      0.3095700      0.3076700      0.3057600      0.3038500      0.3019200      0.2999900      0.2980600      0.2961200      0.2941800      0.2922400      0.2902900    
  0.3408000      0.3392800      0.3377200      0.3361300      0.3345100      0.3328700      0.3311900      0.3294900      0.3277700      0.3260300      0.3242600      0.3224800      0.3206800      0.3188600      0.3170300      0.3151800      0.3133200      0.3114500      0.3095700      0.3076800      0.3057800      0.3038800      0.3019600      0.3000500      0.2981200      0.2962000      0.2942600      0.2923300      0.2903900      0.2884500    
  0.3389100      0.3373800      0.3358200      0.3342200      0.3326000      0.3309500      0.3292700      0.3275700      0.3258500      0.3241000      0.3223400      0.3205500      0.3187500      0.3169300      0.3151000      0.3132600      0.3114000      0.3095300      0.3076500      0.3057700      0.3038700      0.3019700      0.3000600      0.2981500      0.2962300      0.2943100      0.2923900      0.2904600      0.2885300      0.2866000    
  0.3370100      0.3354700      0.3339000      0.3323000      0.3306700      0.3290100      0.3273300      0.3256300      0.3239100      0.3221600      0.3203900      0.3186100      0.3168100      0.3149900      0.3131600      0.3113200      0.3094600      0.3076000      0.3057200      0.3038400      0.3019500      0.3000500      0.2981500      0.2962400      0.2943300      0.2924100      0.2905000      0.2885700      0.2866500      0.2847300    
  0.3350900      0.3335400      0.3319600      0.3303600      0.3287200      0.3270600      0.3253800      0.3236700      0.3219500      0.3202000      0.3184300      0.3166500      0.3148500      0.3130300      0.3112000      0.3093600      0.3075100      0.3056400      0.3037700      0.3018900      0.3000100      0.2981100      0.2962200      0.2943100      0.2924100      0.2905000      0.2885900      0.2866700      0.2847600      0.2828400    
  0.3331500      0.3316000      0.3300100      0.3284000      0.3267600      0.3251000      0.3234100      0.3217000      0.3199700      0.3182200      0.3164600      0.3146700      0.3128700      0.3110500      0.3092300      0.3073900      0.3055400      0.3036800      0.3018100      0.2999300      0.2980500      0.2961600      0.2942700      0.2923700      0.2904700      0.2885700      0.2866700      0.2847600      0.2828500      0.2809500    
  0.3312100      0.3296400      0.3280500      0.3264300      0.3247900      0.3231200      0.3214300      0.3197200      0.3179900      0.3162300      0.3144700      0.3126800      0.3108800      0.3090600      0.3072400      0.3054000      0.3035500      0.3016900      0.2998300      0.2979600      0.2960800      0.2941900      0.2923100      0.2904200      0.2885200      0.2866300      0.2847300      0.2828300      0.2809300      0.2790400    
  0.3311970      0.3296330      0.3271450      0.3244600      0.3228100      0.3211300      0.3194400      0.3177200      0.3159900      0.3142300      0.3124600      0.3106800      0.3088700      0.3070600      0.3052300      0.3034000      0.3015500      0.2997000      0.2978300      0.2959700      0.2940900      0.2922100      0.2903300      0.2884500      0.2865600      0.2846700      0.2827800      0.2808900      0.2790000      0.2771100    
  0.3311880      0.3281090      0.3244600      0.3217200      0.3208100      0.3191300      0.3174300      0.3157100      0.3139800      0.3122200      0.3104500      0.3086600      0.3068600      0.3050400      0.3032200      0.3013800      0.2995400      0.2976900      0.2958300      0.2939600      0.2921000      0.2902200      0.2883500      0.2864700      0.2845900      0.2827000      0.2808200      0.2789400      0.2770600      0.2751800    
  0.3291200      0.3244600      0.3211960      0.3198050      0.3188000      0.3171200      0.3154200      0.3136900      0.3119500      0.3101900      0.3084200      0.3066300      0.3048300      0.3030200      0.3011900      0.2993600      0.2975200      0.2956700      0.2938100      0.2919500      0.2900900      0.2882200      0.2863500      0.2844700      0.2826000      0.2807300      0.2788500      0.2769800      0.2751000      0.2732300    
  0.3244600      0.3209400      0.3193020      0.3188000      0.3170070      0.3151000      0.3133900      0.3116700      0.3099200      0.3081600      0.3063800      0.3045900      0.3027900      0.3009800      0.2991600      0.2973200      0.2954800      0.2936400      0.2917800      0.2899300      0.2880700      0.2862000      0.2843400      0.2824700      0.2806000      0.2787400      0.2768700      0.2750000      0.2731400      0.2712800    
  0.3208130      0.3190510      0.3188000      0.3169690      0.3151000      0.3132830      0.3113600      0.3096300      0.3078800      0.3061200      0.3043400      0.3025500      0.3007500      0.2989300      0.2971100      0.2952800      0.2934400      0.2915900      0.2897500      0.2878900      0.2860400      0.2841800      0.2823200      0.2804600      0.2786000      0.2767400      0.2748800      0.2730200      0.2711700      0.2693100    
  0.3189260      0.3188000      0.3169560      0.3151000      0.3132480      0.3113600      0.3104950      0.3096230      0.3069250      0.3040700      0.3022900      0.3004900      0.2986900      0.2968800      0.2950500      0.2932200      0.2913900      0.2895400      0.2877000      0.2858500      0.2840000      0.2821400      0.2802900      0.2784400      0.2765800      0.2747300      0.2728800      0.2710300      0.2691900      0.2673400    
  0.3188000      0.3169520      0.3151000      0.3132360      0.3113600      0.3109280      0.3104930      0.3077780      0.3040700      0.3031800      0.3003280      0.2984300      0.2966300      0.2948100      0.2929900      0.2911600      0.2893300      0.2874900      0.2856400      0.2838000      0.2819500      0.2801000      0.2782500      0.2764100      0.2745600      0.2727200      0.2708700      0.2690300      0.2672000      0.2653600    
  0.3169510      0.3151000      0.3132320      0.3113600      0.3111440      0.3109270      0.3083170      0.3040700      0.3036250      0.3002670      0.2973950      0.2963600      0.2945600      0.2927400      0.2909200      0.2890900      0.2872600      0.2854200      0.2835800      0.2817400      0.2799000      0.2780500      0.2762100      0.2743700      0.2725300      0.2706900      0.2688600      0.2670300      0.2652000      0.2633800    
  0.3151000      0.3132310      0.3113600      0.3112520      0.3111440      0.3086140      0.3040700      0.3038470      0.3002400      0.2968780      0.2963600      0.2954600      0.2935820      0.2906700      0.2888400      0.2870200      0.2851800      0.2833500      0.2815100      0.2796700      0.2778300      0.2760000      0.2741600      0.2723300      0.2704900      0.2686600      0.2668400      0.2650200      0.2632000      0.2613900    
  0.3132300      0.3113600      0.3113060      0.3112520      0.3087700      0.3040700      0.3039590      0.3002270      0.2966190      0.2963600      0.2959100      0.2940180      0.2906700      0.2897550      0.2888430      0.2870130      0.2851830      0.2833470      0.2795320      0.2776000      0.2757700      0.2739400      0.2721000      0.2702800      0.2684500      0.2666300      0.2648100      0.2630000      0.2611900      0.2593900    
  0.3113600      0.3113330      0.3113060      0.3088490      0.3040700      0.3040140      0.3002210      0.2964890      0.2963600      0.2961350      0.2942400      0.2906700      0.2902130      0.2897560      0.2885370      0.2870130      0.2851810      0.2800310      0.2765650      0.2755300      0.2737000      0.2718700      0.2700500      0.2682200      0.2664100      0.2645900      0.2627800      0.2609800      0.2591800      0.2573900    
  0.3113460      0.3113330      0.3088900      0.3040700      0.3040420      0.3002180      0.2964250      0.2963600      0.2962470      0.2943510      0.2906700      0.2904410      0.2902130      0.2895020      0.2884360      0.2869110      0.2807610      0.2760480      0.2755300      0.2736170      0.2716200      0.2698000      0.2679800      0.2661700      0.2643600      0.2625500      0.2607500      0.2589600      0.2571700      0.2553900    
  0.3113460      0.3089100      0.3040700      0.3040560      0.3002160      0.2963920      0.2963600      0.2963040      0.2944070      0.2906700      0.2905560      0.2904410      0.2900520      0.2893830      0.2882830      0.2802360      0.2757890      0.2755300      0.2712800      0.2695450      0.2684560      0.2677300      0.2659200      0.2641100      0.2623000      0.2605100      0.2587200      0.2569300      0.2551600      0.2533800    
  0.3089200      0.3040700      0.3040630      0.3002160      0.2963760      0.2963600      0.2963320      0.2944350      0.2906700      0.2906130      0.2905560      0.2903500      0.2899590      0.2821050      0.2752620      0.2692850      0.2692850      0.2683000      0.2671220      0.2664300      0.2674700      0.2656600      0.2638500      0.2620500      0.2602500      0.2584600      0.2566800      0.2549100      0.2531400      0.2513800    
  0.3040700      0.3040670      0.3002150      0.2963680      0.2963600      0.2963460      0.2944490      0.2906700      0.2906410      0.2906130      0.2905060      0.2902880      0.2767240      0.2606350      0.2607000      0.2636860      0.2627800      0.2630400      0.2645260      0.2653900      0.2653900      0.2635800      0.2617800      0.2599800      0.2582000      0.2564200      0.2546400      0.2528800      0.2511200      0.2493700    
  0.3040680      0.3002150      0.2963640      0.2963600      0.2963530      0.2944560      0.2906700      0.2906560      0.2906410      0.2905870      0.2768090      0.2563200      0.2591430      0.2605710      0.2605710      0.2607000      0.2619800      0.2625200      0.2630400      0.2632450      0.2633100      0.2615100      0.2597100      0.2579200      0.2561400      0.2543700      0.2526100      0.2508500      0.2491100      0.2473700    
  0.3002150      0.2963620      0.2963600      0.2963560      0.2944600      0.2906700      0.2906630      0.2906560      0.2906280      0.2741360      0.2563200      0.2563200      0.2563200      0.2590470      0.2604410      0.2604410      0.2607000      0.2616590      0.2620000      0.2630400      0.2612400      0.2594400      0.2576500      0.2558600      0.2540900      0.2523300      0.2505700      0.2488300      0.2470900      0.2453700    
  0.2963610      0.2963600      0.2963580      0.2944620      0.2906700      0.2906660      0.2906630      0.2799890      0.2688800      0.2563140      0.2563200      0.2563200      0.2563200      0.2563200      0.2588580      0.2601820      0.2601820      0.2607000      0.2608980      0.2609600      0.2591600      0.2573700      0.2555800      0.2538100      0.2520400      0.2502900      0.2485400      0.2468100      0.2450800      0.2433700    
  0.2963600      0.2963590      0.2944620      0.2906700      0.2906680      0.2735510      0.2478800      0.2479450      0.2480100      0.2535350      0.2563030      0.2563200      0.2563200      0.2563200      0.2563200      0.2584870      0.2596650      0.2596650      0.2607000      0.2588900      0.2570900      0.2553000      0.2535200      0.2517500      0.2499900      0.2482500      0.2465100      0.2447900      0.2430800      0.2413700    
  0.2963600      0.2944630      0.2906700      0.2906690      0.2701270      0.2478760      0.2478760      0.2478800      0.2479450      0.2480100      0.2535060      0.2562700      0.2563200      0.2563200      0.2563200      0.2563200      0.2577790      0.2586300      0.2586300      0.2568200      0.2550200      0.2532400      0.2514600      0.2497000      0.2479500      0.2462100      0.2444900      0.2427800      0.2410800      0.2393900    
