iMOD/TUTORIALS/TUT_MetaswapAnalyser/model_MetaSWAP/meteo/Evaporation/Evaporation_20050306_L1.ASC
NCOLS                30
NROWS                30
XLLCORNER     160000.00
YLLCORNER     340000.00
CELLSIZE        1000.00
NODATA_VALUE   -9999.00
   1.103960       1.101040       1.098080       1.095080       1.092050       1.088990       1.085910       1.082800       1.079660       1.076510       1.073340       1.070150       1.066950       1.063740       1.060530       1.057300       1.054080       1.050850       1.047620       1.044400       1.041170       1.037960       1.034750       1.031540       1.028350       1.025170       1.022000       1.018850       1.015710       1.012590    
   1.102660       1.099730       1.096770       1.093770       1.090740       1.087690       1.084600       1.081490       1.078360       1.075210       1.072050       1.068870       1.065670       1.062470       1.059260       1.056050       1.052830       1.049610       1.046390       1.043180       1.039960       1.036760       1.033560       1.030370       1.027190       1.024020       1.020860       1.017720       1.014600       1.011490    
   1.101310       1.098380       1.095420       1.092420       1.089390       1.086330       1.083250       1.080140       1.077020       1.073870       1.070710       1.067540       1.064350       1.061150       1.057950       1.054750       1.051540       1.048330       1.045120       1.041910       1.038710       1.035510       1.032320       1.029150       1.025980       1.022820       1.019680       1.016560       1.013440       1.010350    
   1.099920       1.096990       1.094020       1.091020       1.087990       1.084930       1.081850       1.078750       1.075630       1.072480       1.069330       1.066160       1.062980       1.059790       1.056600       1.053400       1.050200       1.046990       1.043790       1.040600       1.037410       1.034220       1.031050       1.027880       1.024730       1.021590       1.018460       1.015350       1.012250       1.009170    
   1.098490       1.095550       1.092580       1.089580       1.086550       1.083490       1.080410       1.077310       1.074190       1.071050       1.067900       1.064740       1.061560       1.058380       1.055190       1.052000       1.048810       1.045620       1.042430       1.039240       1.036060       1.032890       1.029730       1.026570       1.023430       1.020310       1.017190       1.014090       1.011010       1.007950    
   1.097020       1.094070       1.091100       1.088100       1.085070       1.082010       1.078930       1.075830       1.072720       1.069580       1.066440       1.063280       1.060110       1.056930       1.053750       1.050570       1.047390       1.044200       1.041020       1.037850       1.034680       1.031520       1.028370       1.025230       1.022100       1.018990       1.015890       1.012800       1.009740       1.006690    
   1.095510       1.092560       1.089590       1.086580       1.083550       1.080490       1.077420       1.074320       1.071200       1.068070       1.064930       1.061780       1.058610       1.055440       1.052270       1.049100       1.045920       1.042750       1.039580       1.036410       1.033250       1.030110       1.026970       1.023840       1.020730       1.017630       1.014540       1.011480       1.008430       1.005400    
   1.093970       1.091020       1.088040       1.085030       1.082000       1.078940       1.075860       1.072770       1.069650       1.066530       1.063390       1.060240       1.057080       1.053920       1.050750       1.047580       1.044420       1.041250       1.038090       1.034940       1.031790       1.028660       1.025530       1.022420       1.019320       1.016230       1.013160       1.010110       1.007080       1.004060    
   1.092400       1.089440       1.086450       1.083440       1.080410       1.077350       1.074270       1.071180       1.068070       1.064940       1.061810       1.058660       1.055510       1.052350       1.049200       1.046040       1.042880       1.039720       1.036570       1.033430       1.030290       1.027170       1.024060       1.020960       1.017870       1.014800       1.011750       1.008710       1.005700       1.002700    
   1.090790       1.087830       1.084840       1.081830       1.078790       1.075730       1.072650       1.069560       1.066450       1.063330       1.060200       1.057050       1.053910       1.050760       1.047610       1.044450       1.041300       1.038160       1.035020       1.031880       1.028760       1.025650       1.022550       1.019460       1.016390       1.013340       1.010300       1.007280       1.004280       1.001300    
   1.090780       1.087820       1.083670       1.080180       1.077140       1.074080       1.071000       1.067910       1.064800       1.061680       1.058550       1.055420       1.052270       1.049130       1.045980       1.042840       1.039700       1.036560       1.033430       1.030310       1.027200       1.024100       1.021010       1.017940       1.014880       1.011840       1.008820       1.005810       1.002830      0.9998700    
   1.090770       1.085610       1.080180       1.076640       1.075470       1.072400       1.069320       1.066230       1.063120       1.060010       1.056880       1.053750       1.050610       1.047470       1.044330       1.041190       1.038060       1.034930       1.031810       1.028700       1.025600       1.022510       1.019440       1.016380       1.013340       1.010310       1.007310       1.004320       1.001350      0.9984100    
   1.087570       1.080180       1.076300       1.074620       1.073760       1.070700       1.067620       1.064530       1.061420       1.058300       1.055180       1.052050       1.048920       1.045780       1.042650       1.039520       1.036390       1.033270       1.030160       1.027060       1.023970       1.020900       1.017840       1.014790       1.011770       1.008760       1.005770       1.002800      0.9998500      0.9969200    
   1.080180       1.076110       1.074190       1.073760       1.071140       1.068970       1.065890       1.062800       1.059690       1.056570       1.053450       1.050330       1.047200       1.044070       1.040940       1.037820       1.034700       1.031590       1.028490       1.025400       1.022320       1.019260       1.016210       1.013180       1.010170       1.007170       1.004200       1.001250      0.9983200      0.9954100    
   1.076010       1.073970       1.073760       1.071290       1.068970       1.066330       1.064140       1.061040       1.057940       1.054820       1.051700       1.048580       1.045450       1.042330       1.039210       1.036090       1.032980       1.029880       1.026790       1.023710       1.020640       1.017590       1.014560       1.011540       1.008540       1.005560       1.002610      0.9996700      0.9967600      0.9938700    
   1.073870       1.073760       1.071340       1.068970       1.066480       1.064140       1.062590       1.061040       1.056710       1.053050       1.049930       1.046810       1.043690       1.040570       1.037450       1.034340       1.031240       1.028140       1.025060       1.021990       1.018940       1.015900       1.012880       1.009870       1.006890       1.003930       1.000990      0.9980700      0.9951800      0.9923100    
   1.073760       1.071360       1.068970       1.066530       1.064140       1.063360       1.062590       1.058350       1.053050       1.051490       1.047600       1.045020       1.041900       1.038780       1.035670       1.032570       1.029470       1.026390       1.023310       1.020250       1.017210       1.014180       1.011180       1.008190       1.005220       1.002270      0.9993500      0.9964500      0.9935700      0.9907200    
   1.071360       1.068970       1.066550       1.064140       1.063750       1.063360       1.059340       1.053050       1.052270       1.047890       1.044120       1.043210       1.040090       1.036980       1.033880       1.030780       1.027690       1.024610       1.021540       1.018500       1.015460       1.012450       1.009450       1.006480       1.003530       1.000600      0.9976900      0.9948100      0.9919500      0.9891200    
   1.068970       1.066550       1.064140       1.063950       1.063750       1.059880       1.053050       1.052660       1.048020       1.043660       1.043210       1.041650       1.038860       1.035160       1.032060       1.028970       1.025880       1.022810       1.019760       1.016720       1.013700       1.010690       1.007710       1.004750       1.001820      0.9989000      0.9960100      0.9931500      0.9903100      0.9874900    
   1.066550       1.064140       1.064040       1.063950       1.060160       1.053050       1.052860       1.048070       1.043440       1.043210       1.042430       1.039720       1.035160       1.033610       1.032060       1.028970       1.025890       1.022820       1.017460       1.014920       1.011910       1.008920       1.005950       1.003010       1.000090      0.9971900      0.9943200      0.9914700      0.9886500      0.9858500    
   1.064140       1.064090       1.064040       1.060300       1.053050       1.052950       1.048100       1.043320       1.043210       1.042820       1.040130       1.035160       1.034380       1.033610       1.031550       1.028970       1.025890       1.018660       1.014010       1.013110       1.010110       1.007130       1.004180       1.001250      0.9983400      0.9954600      0.9926000      0.9897700      0.9869700      0.9842000    
   1.064120       1.064090       1.060370       1.053050       1.053000       1.048120       1.043270       1.043210       1.043020       1.040330       1.035160       1.034770       1.034390       1.033180       1.031380       1.028800       1.020040       1.013560       1.013110       1.010510       1.008300       1.005330       1.002390      0.9994700      0.9965800      0.9937100      0.9908800      0.9880700      0.9852900      0.9825300    
   1.064120       1.060410       1.053050       1.053030       1.048120       1.043240       1.043210       1.043110       1.040430       1.035160       1.034970       1.034770       1.034110       1.032980       1.031120       1.020220       1.013340       1.013110       1.008450       1.006460       1.004690       1.003520       1.000590      0.9976800      0.9948100      0.9919600      0.9891400      0.9863500      0.9835900      0.9808500    
   1.060430       1.053050       1.053040       1.048130       1.043220       1.043210       1.043160       1.040480       1.035160       1.035060       1.034970       1.034620       1.033960       1.024860       1.016020       1.007560       1.007570       1.006070       1.004320       1.003710       1.004630       1.001690      0.9987700      0.9958800      0.9930200      0.9901900      0.9873900      0.9846200      0.9818800      0.9791600    
   1.053050       1.053040       1.048130       1.043220       1.043210       1.043190       1.040500       1.035160       1.035110       1.035060       1.034880       1.034510       1.019140       1.001170       1.001230       1.003020       1.001790       1.002020       1.002430       1.002790       1.002790      0.9998600      0.9969500      0.9940800      0.9912300      0.9884200      0.9856300      0.9828800      0.9801600      0.9774600    
   1.053050       1.048130       1.043210       1.043210       1.043200       1.040510       1.035160       1.035140       1.035110       1.035020       1.020330      0.9985900       1.000260       1.001110       1.001110       1.001230       1.001500       1.001550       1.002020       1.001210       1.000940      0.9980200      0.9951200      0.9922600      0.9894300      0.9866300      0.9838700      0.9811300      0.9784300      0.9757600    
   1.048130       1.043210       1.043210       1.043200       1.040520       1.035160       1.035150       1.035140       1.035090       1.017530      0.9985900      0.9985900      0.9985900       1.000180       1.001000       1.001000       1.001230       1.001190       1.001090       1.002020      0.9990800      0.9961700      0.9932900      0.9904400      0.9876300      0.9848500      0.9821000      0.9793900      0.9767000      0.9740500    
   1.043210       1.043210       1.043210       1.040520       1.035160       1.035150       1.035150       1.024450       1.012540      0.9985850      0.9985900      0.9985900      0.9985900      0.9985900       1.000000       1.000760       1.000760       1.001230       1.000420       1.000150      0.9972200      0.9943200      0.9914500      0.9886200      0.9858200      0.9830600      0.9803300      0.9776300      0.9749700      0.9723400    
   1.043210       1.043210       1.040530       1.035160       1.035160       1.018560      0.9936700      0.9930400      0.9924100      0.9965160      0.9985750      0.9985900      0.9985900      0.9985900      0.9985900      0.9996620       1.000290       1.000300       1.001230      0.9982800      0.9953600      0.9924700      0.9896100      0.9867900      0.9840100      0.9812700      0.9785500      0.9758800      0.9732400      0.9706300    
   1.043210       1.040530       1.035160       1.035160       1.015240      0.9936670      0.9936670      0.9936700      0.9930400      0.9924100      0.9964900      0.9985450      0.9985900      0.9985900      0.9985900      0.9985900      0.9990010      0.9993570      0.9993600      0.9964100      0.9935000      0.9906200      0.9877800      0.9849700      0.9822000      0.9794700      0.9767800      0.9741300      0.9715100      0.9689300    
