iMOD/TUTORIALS/TUT_MetaswapAnalyser/model_MetaSWAP/meteo/Evaporation/Evaporation_20060421_L1.ASC
NCOLS                30
NROWS                30
XLLCORNER     160000.00
YLLCORNER     340000.00
CELLSIZE        1000.00
NODATA_VALUE   -9999.00
   2.917170       2.914610       2.911930       2.909140       2.906250       2.903250       2.900150       2.896960       2.893670       2.890300       2.886840       2.883300       2.879690       2.876000       2.872240       2.868410       2.864520       2.860570       2.856560       2.852500       2.848390       2.844240       2.840040       2.835800       2.831520       2.827210       2.822870       2.818510       2.814120       2.809710    
   2.920610       2.918040       2.915360       2.912570       2.909680       2.906690       2.903600       2.900410       2.897140       2.893770       2.890330       2.886800       2.883200       2.879530       2.875790       2.871980       2.868110       2.864180       2.860200       2.856160       2.852080       2.847950       2.843780       2.839560       2.835320       2.831040       2.826730       2.822390       2.818040       2.813660    
   2.923970       2.921390       2.918710       2.915920       2.913030       2.910040       2.906960       2.903780       2.900510       2.897160       2.893730       2.890220       2.886630       2.882980       2.879250       2.875460       2.871620       2.867710       2.863750       2.859740       2.855680       2.851580       2.847430       2.843250       2.839030       2.834780       2.830500       2.826200       2.821880       2.817530    
   2.927250       2.924670       2.921980       2.919190       2.916300       2.913320       2.910240       2.907070       2.903810       2.900470       2.897050       2.893550       2.889980       2.886340       2.882640       2.878870       2.875040       2.871160       2.867220       2.863230       2.859200       2.855120       2.851010       2.846850       2.842670       2.838450       2.834200       2.829930       2.825640       2.821330    
   2.930470       2.927880       2.925180       2.922390       2.919500       2.916520       2.913440       2.910280       2.907030       2.903700       2.900300       2.896810       2.893260       2.889640       2.885950       2.882200       2.878390       2.874530       2.870620       2.866650       2.862640       2.858600       2.854510       2.850380       2.846220       2.842040       2.837820       2.833580       2.829330       2.825050    
   2.933610       2.931010       2.928320       2.925520       2.922630       2.919650       2.916580       2.913420       2.910180       2.906860       2.903470       2.900000       2.896460       2.892850       2.889180       2.885450       2.881670       2.877830       2.873940       2.870000       2.866020       2.861990       2.857930       2.853840       2.849710       2.845550       2.841370       2.837170       2.832940       2.828700    
   2.936700       2.934090       2.931380       2.928580       2.925690       2.922710       2.919650       2.916500       2.913260       2.909950       2.906570       2.903110       2.899590       2.896000       2.892350       2.888640       2.884870       2.881050       2.877180       2.873270       2.869320       2.865320       2.861290       2.857220       2.853120       2.849000       2.844850       2.840680       2.836480       2.832280    
   2.939720       2.937100       2.934390       2.931580       2.928690       2.925710       2.922650       2.919500       2.916280       2.912980       2.909600       2.906160       2.902650       2.899080       2.895440       2.891750       2.888000       2.884210       2.880360       2.876480       2.872550       2.868580       2.864570       2.860540       2.856470       2.852380       2.848260       2.844120       2.839960       2.835790    
   2.942680       2.940050       2.937330       2.934530       2.931630       2.928650       2.925590       2.922450       2.919230       2.915940       2.912580       2.909150       2.905650       2.902090       2.898470       2.894800       2.891070       2.887300       2.883480       2.879610       2.875710       2.871770       2.867790       2.863780       2.859750       2.855690       2.851600       2.847500       2.843370       2.839230    
   2.945590       2.942950       2.940220       2.937410       2.934520       2.931540       2.928480       2.925340       2.922130       2.918840       2.915490       2.912070       2.908590       2.905040       2.901440       2.897790       2.894080       2.890330       2.886530       2.882690       2.878810       2.874900       2.870950       2.866970       2.862960       2.858930       2.854880       2.850810       2.846720       2.842610    
   2.945560       2.942920       2.940210       2.940240       2.937340       2.934360       2.931310       2.928170       2.924960       2.921690       2.918340       2.914940       2.911470       2.907940       2.904350       2.900720       2.897030       2.893300       2.889520       2.885710       2.881850       2.877960       2.874040       2.870100       2.866120       2.862120       2.858100       2.854060       2.850010       2.845940    
   2.945530       2.942230       2.940240       2.940140       2.940120       2.937140       2.934080       2.930950       2.927750       2.924480       2.921150       2.917750       2.914290       2.910770       2.907210       2.903590       2.899920       2.896210       2.892460       2.888660       2.884840       2.880970       2.877080       2.873160       2.869220       2.865250       2.861260       2.857260       2.853230       2.849200    
   2.944020       2.940240       2.941180       2.941490       2.942860       2.939870       2.936810       2.933680       2.930490       2.927220       2.923900       2.920510       2.917060       2.913560       2.910010       2.906410       2.902760       2.899070       2.895330       2.891570       2.887760       2.883930       2.880060       2.876170       2.872260       2.868320       2.864370       2.860390       2.856410       2.852410    
   2.940240       2.941610       2.942170       2.942860       2.941760       2.942550       2.939500       2.936370       2.933180       2.929920       2.926600       2.923220       2.919780       2.916300       2.912760       2.909170       2.905540       2.901870       2.898160       2.894420       2.890640       2.886830       2.882990       2.879130       2.875250       2.871340       2.867420       2.863480       2.859530       2.855560    
   2.941810       2.942520       2.942860       2.942390       2.942550       2.941400       2.942140       2.939010       2.935820       2.932570       2.929250       2.925880       2.922460       2.918980       2.915460       2.911890       2.908280       2.904630       2.900940       2.897220       2.893460       2.889680       2.885870       2.882040       2.878180       2.874310       2.870420       2.866510       2.862590       2.858670    
   2.942690       2.942860       2.942600       2.942550       2.942030       2.942140       2.940580       2.938990       2.935640       2.935170       2.931870       2.928500       2.925090       2.921630       2.918120       2.914560       2.910970       2.907340       2.903670       2.899970       2.896240       2.892480       2.888700       2.884890       2.881070       2.877230       2.873370       2.869500       2.865610       2.861720    
   2.942860       2.942670       2.942550       2.942240       2.942140       2.941360       2.940570       2.937590       2.935170       2.933520       2.932050       2.931080       2.927680       2.924230       2.920730       2.917190       2.913620       2.910000       2.906360       2.902680       2.898970       2.895240       2.891480       2.887710       2.883910       2.880100       2.876270       2.872440       2.868590       2.864730    
   2.942690       2.942550       2.942310       2.942140       2.941750       2.941360       2.938670       2.935170       2.934340       2.933340       2.932350       2.933630       2.930230       2.926790       2.923310       2.919780       2.916220       2.912630       2.909000       2.905340       2.901660       2.897950       2.894220       2.890480       2.886710       2.882930       2.879140       2.875330       2.871520       2.867690    
   2.942550       2.942330       2.942140       2.941940       2.941750       2.939240       2.935170       2.934760       2.933900       2.932990       2.933630       2.931930       2.929990       2.929320       2.925850       2.922340       2.918790       2.915210       2.911600       2.907970       2.904310       2.900630       2.896920       2.893200       2.889470       2.885720       2.881960       2.878180       2.874400       2.870620    
   2.942340       2.942140       2.942040       2.941940       2.939520       2.935170       2.934960       2.934150       2.933310       2.933630       2.932780       2.931220       2.929320       2.927590       2.925840       2.922330       2.918780       2.915200       2.911690       2.910560       2.906920       2.903260       2.899580       2.895890       2.892180       2.888470       2.884740       2.881000       2.877250       2.873500    
   2.942140       2.942090       2.942040       2.939670       2.935170       2.935070       2.934280       2.933470       2.933630       2.933210       2.931740       2.929320       2.928450       2.927580       2.925250       2.922310       2.918770       2.914120       2.911830       2.913110       2.909490       2.905860       2.902210       2.898540       2.894870       2.891180       2.887480       2.883780       2.880060       2.876350    
   2.942120       2.942090       2.939740       2.935170       2.935120       2.934340       2.933550       2.933630       2.933420       2.931970       2.929320       2.928890       2.928450       2.927090       2.925050       2.922110       2.916160       2.912470       2.913110       2.911550       2.912040       2.908430       2.904800       2.901160       2.897510       2.893860       2.890190       2.886520       2.882840       2.879160    
   2.942120       2.939780       2.935170       2.935140       2.934370       2.933590       2.933630       2.933520       2.932090       2.929320       2.929100       2.928890       2.928140       2.926860       2.924750       2.919320       2.912790       2.913110       2.914360       2.914540       2.912390       2.910960       2.907360       2.903750       2.900130       2.896500       2.892870       2.889230       2.885590       2.881940    
   2.939800       2.935170       2.935160       2.934380       2.933610       2.933630       2.933580       2.932140       2.929320       2.929210       2.929100       2.928710       2.927960       2.928940       2.926050       2.920460       2.920470       2.918990       2.917430       2.918260       2.917030       2.913470       2.909890       2.906310       2.902720       2.899120       2.895520       2.891910       2.888300       2.884690    
   2.935170       2.935160       2.934390       2.933620       2.933630       2.933600       2.932170       2.929320       2.929270       2.929210       2.929010       2.928590       2.931580       2.936090       2.936020       2.928870       2.928130       2.927830       2.922240       2.919480       2.919490       2.915950       2.912400       2.908840       2.905270       2.901710       2.898140       2.894560       2.890990       2.887420    
   2.935170       2.934400       2.933620       2.933630       2.933620       2.932180       2.929320       2.929290       2.929270       2.929160       2.935920       2.946400       2.939590       2.936170       2.936170       2.936020       2.930850       2.928420       2.927830       2.923400       2.921930       2.918400       2.914880       2.911350       2.907810       2.904270       2.900730       2.897190       2.893650       2.890120    
   2.934400       2.933630       2.933630       2.933620       2.932190       2.929320       2.929310       2.929290       2.929240       2.937430       2.946400       2.946400       2.946400       2.939690       2.936310       2.936310       2.936020       2.931130       2.929020       2.927830       2.924340       2.920840       2.917340       2.913830       2.910320       2.906810       2.903310       2.899800       2.896300       2.892790    
   2.933630       2.933630       2.933630       2.932190       2.929320       2.929310       2.929310       2.937280       2.942510       2.946410       2.946400       2.946400       2.946400       2.946400       2.939900       2.936600       2.936600       2.936020       2.931660       2.930210       2.926740       2.923260       2.919780       2.916300       2.912820       2.909340       2.905860       2.902390       2.898920       2.895450    
   2.933630       2.933630       2.932190       2.929320       2.929320       2.944380       2.966990       2.964140       2.961300       2.951380       2.946420       2.946400       2.946400       2.946400       2.946400       2.940300       2.937180       2.937180       2.936020       2.932570       2.929110       2.925660       2.922200       2.918740       2.915290       2.911840       2.908400       2.904960       2.901520       2.898090    
   2.933630       2.932190       2.929320       2.929320       2.947400       2.966990       2.966990       2.966990       2.964140       2.961300       2.951420       2.946460       2.946400       2.946400       2.946400       2.946400       2.941010       2.938350       2.938350       2.934920       2.931480       2.928040       2.924610       2.921180       2.917750       2.914330       2.910920       2.907510       2.904110       2.900720    
