iMOD/TUTORIALS/TUT_MetaswapAnalyser/model_MetaSWAP/meteo/Evaporation/Evaporation_20050131_L1.ASC
NCOLS                30
NROWS                30
XLLCORNER     160000.00
YLLCORNER     340000.00
CELLSIZE        1000.00
NODATA_VALUE   -9999.00
  0.2788300      0.2776400      0.2764400      0.2752100      0.2739700      0.2727100      0.2714400      0.2701500      0.2688500      0.2675300      0.2662100      0.2648800      0.2635300      0.2621900      0.2608300      0.2594700      0.2581000      0.2567300      0.2553500      0.2539800      0.2526000      0.2512200      0.2498400      0.2484500      0.2470700      0.2456900      0.2443200      0.2429400      0.2415600      0.2401900    
  0.2787200      0.2775200      0.2763100      0.2750700      0.2738200      0.2725500      0.2712700      0.2699800      0.2686700      0.2673500      0.2660200      0.2646800      0.2633400      0.2619800      0.2606200      0.2592600      0.2578900      0.2565100      0.2551400      0.2537600      0.2523700      0.2509900      0.2496100      0.2482300      0.2468500      0.2454700      0.2440900      0.2427100      0.2413400      0.2399700    
  0.2785900      0.2773800      0.2761500      0.2749100      0.2736500      0.2723800      0.2710900      0.2697900      0.2684700      0.2671500      0.2658100      0.2644700      0.2631200      0.2617600      0.2604000      0.2590300      0.2576500      0.2562800      0.2549000      0.2535200      0.2521300      0.2507500      0.2493700      0.2479800      0.2466000      0.2452200      0.2438400      0.2424700      0.2410900      0.2397200    
  0.2784400      0.2772200      0.2759800      0.2747300      0.2734600      0.2721800      0.2708900      0.2695800      0.2682600      0.2669300      0.2655900      0.2642400      0.2628800      0.2615200      0.2601500      0.2587800      0.2574000      0.2560200      0.2546400      0.2532600      0.2518700      0.2504900      0.2491000      0.2477200      0.2463400      0.2449600      0.2435800      0.2422100      0.2408300      0.2394600    
  0.2782700      0.2770400      0.2758000      0.2745400      0.2732600      0.2719700      0.2706700      0.2693500      0.2680300      0.2666900      0.2653400      0.2639900      0.2626300      0.2612600      0.2598900      0.2585200      0.2571400      0.2557500      0.2543700      0.2529800      0.2516000      0.2502100      0.2488300      0.2474400      0.2460600      0.2446800      0.2433000      0.2419300      0.2405600      0.2391900    
  0.2780900      0.2768500      0.2755900      0.2743200      0.2730400      0.2717400      0.2704300      0.2691100      0.2677800      0.2664300      0.2650800      0.2637300      0.2623600      0.2609900      0.2596200      0.2582400      0.2568500      0.2554700      0.2540800      0.2526900      0.2513100      0.2499200      0.2485300      0.2471500      0.2457700      0.2443900      0.2430100      0.2416400      0.2402700      0.2389000    
  0.2778900      0.2766400      0.2753800      0.2741000      0.2728000      0.2715000      0.2701800      0.2688500      0.2675100      0.2661600      0.2648100      0.2634500      0.2620800      0.2607000      0.2593200      0.2579400      0.2565500      0.2551700      0.2537800      0.2523900      0.2510000      0.2496100      0.2482300      0.2468400      0.2454600      0.2440800      0.2427100      0.2413300      0.2399700      0.2386000    
  0.2776800      0.2764200      0.2751500      0.2738600      0.2725500      0.2712400      0.2699100      0.2685800      0.2672300      0.2658800      0.2645200      0.2631500      0.2617800      0.2604000      0.2590100      0.2576300      0.2562400      0.2548500      0.2534600      0.2520700      0.2506800      0.2492900      0.2479000      0.2465200      0.2451400      0.2437600      0.2423900      0.2410200      0.2396500      0.2382900    
  0.2774600      0.2761900      0.2749000      0.2736000      0.2722900      0.2709700      0.2696400      0.2682900      0.2669400      0.2655800      0.2642100      0.2628400      0.2614600      0.2600800      0.2586900      0.2573000      0.2559100      0.2545200      0.2531300      0.2517400      0.2503400      0.2489600      0.2475700      0.2461800      0.2448000      0.2434300      0.2420500      0.2406900      0.2393200      0.2379600    
  0.2772300      0.2759400      0.2746500      0.2733400      0.2720200      0.2706900      0.2693400      0.2679900      0.2666400      0.2652700      0.2639000      0.2625200      0.2611300      0.2597500      0.2583600      0.2569600      0.2555700      0.2541800      0.2527800      0.2513900      0.2500000      0.2486100      0.2472200      0.2458400      0.2444600      0.2430800      0.2417100      0.2403400      0.2389800      0.2376200    
  0.2772230      0.2759400      0.2742470      0.2730600      0.2717300      0.2703900      0.2690400      0.2676800      0.2663200      0.2649500      0.2635700      0.2621800      0.2607900      0.2594000      0.2580100      0.2566100      0.2552200      0.2538200      0.2524200      0.2510300      0.2496400      0.2482500      0.2468600      0.2454800      0.2441000      0.2427200      0.2413500      0.2399900      0.2386300      0.2372800    
  0.2772190      0.2751180      0.2730600      0.2718400      0.2714400      0.2700900      0.2687300      0.2673600      0.2659900      0.2646100      0.2632300      0.2618400      0.2604400      0.2590500      0.2576500      0.2562500      0.2548500      0.2534500      0.2520600      0.2506600      0.2492700      0.2478700      0.2464900      0.2451000      0.2437300      0.2423500      0.2409800      0.2396200      0.2382700      0.2369200    
  0.2759710      0.2730600      0.2718290      0.2712850      0.2711300      0.2697700      0.2684100      0.2670300      0.2656500      0.2642700      0.2628800      0.2614800      0.2600800      0.2586800      0.2572800      0.2558800      0.2544800      0.2530800      0.2516800      0.2502800      0.2488800      0.2474900      0.2461100      0.2447200      0.2433500      0.2419700      0.2406100      0.2392500      0.2378900      0.2365500    
  0.2730600      0.2718070      0.2712080      0.2711300      0.2701170      0.2694500      0.2680700      0.2666900      0.2653000      0.2639100      0.2625200      0.2611100      0.2597100      0.2583100      0.2569000      0.2555000      0.2540900      0.2526900      0.2512900      0.2498900      0.2484900      0.2471000      0.2457100      0.2443300      0.2429500      0.2415800      0.2402200      0.2388600      0.2375100      0.2361700    
  0.2717910      0.2711690      0.2711300      0.2702320      0.2694500      0.2684170      0.2677300      0.2663400      0.2649500      0.2635500      0.2621500      0.2607400      0.2593300      0.2579200      0.2565100      0.2551000      0.2537000      0.2522900      0.2508900      0.2494900      0.2480900      0.2467000      0.2453100      0.2439300      0.2425600      0.2411900      0.2398200      0.2384700      0.2371200      0.2357800    
  0.2711490      0.2711300      0.2702710      0.2694500      0.2685320      0.2677300      0.2670350      0.2663400      0.2645050      0.2631800      0.2617700      0.2603600      0.2589400      0.2575300      0.2561200      0.2547000      0.2532900      0.2518800      0.2504800      0.2490800      0.2476800      0.2462900      0.2449000      0.2435200      0.2421500      0.2407800      0.2394200      0.2380700      0.2367200      0.2353900    
  0.2711300      0.2702840      0.2694500      0.2685710      0.2677300      0.2673830      0.2670350      0.2652650      0.2631800      0.2624750      0.2609700      0.2599700      0.2585500      0.2571300      0.2557100      0.2543000      0.2528800      0.2514700      0.2500600      0.2486600      0.2472600      0.2458700      0.2444800      0.2431000      0.2417300      0.2403700      0.2390100      0.2376600      0.2363200      0.2349800    
  0.2702880      0.2694500      0.2685840      0.2677300      0.2675560      0.2673830      0.2657160      0.2631800      0.2628280      0.2611930      0.2597700      0.2595700      0.2581500      0.2567200      0.2553000      0.2538800      0.2524600      0.2510500      0.2496400      0.2482400      0.2468400      0.2454400      0.2440600      0.2426800      0.2413100      0.2399500      0.2385900      0.2372400      0.2359100      0.2345800    
  0.2694500      0.2685880      0.2677300      0.2676430      0.2675560      0.2659590      0.2631800      0.2630040      0.2612880      0.2596700      0.2595700      0.2588600      0.2576880      0.2563100      0.2548800      0.2534600      0.2520400      0.2506200      0.2492100      0.2478100      0.2464100      0.2450100      0.2436300      0.2422500      0.2408800      0.2395200      0.2381700      0.2368200      0.2354900      0.2341600    
  0.2685890      0.2677300      0.2676870      0.2676430      0.2660840      0.2631800      0.2630920      0.2613320      0.2596200      0.2595700      0.2592150      0.2581070      0.2563100      0.2555950      0.2548830      0.2534600      0.2520400      0.2506230      0.2483880      0.2473700      0.2459700      0.2445800      0.2431900      0.2418100      0.2404500      0.2390900      0.2377400      0.2364000      0.2350700      0.2337400    
  0.2677300      0.2677080      0.2676870      0.2661490      0.2631800      0.2631360      0.2613540      0.2595950      0.2595700      0.2593920      0.2583000      0.2563100      0.2559520      0.2555960      0.2546460      0.2534610      0.2520410      0.2490260      0.2471500      0.2469300      0.2455300      0.2441300      0.2427500      0.2413700      0.2400100      0.2386500      0.2373000      0.2359700      0.2346400      0.2333200    
  0.2677190      0.2677080      0.2661810      0.2631800      0.2631580      0.2613640      0.2595830      0.2595700      0.2594810      0.2583930      0.2563100      0.2561310      0.2559530      0.2553980      0.2545680      0.2533830      0.2497000      0.2470400      0.2469300      0.2458470      0.2450800      0.2436900      0.2423000      0.2409300      0.2395600      0.2382100      0.2368700      0.2355300      0.2342100      0.2329000    
  0.2677190      0.2661970      0.2631800      0.2631690      0.2613700      0.2595760      0.2595700      0.2595260      0.2584390      0.2563100      0.2562210      0.2561310      0.2558270      0.2553060      0.2544500      0.2500430      0.2469850      0.2469300      0.2453400      0.2446300      0.2437960      0.2432400      0.2418600      0.2404800      0.2391200      0.2377700      0.2364300      0.2351000      0.2337800      0.2324700    
  0.2662050      0.2631800      0.2631740      0.2613720      0.2595730      0.2595700      0.2595480      0.2584610      0.2563100      0.2562650      0.2562210      0.2560600      0.2557550      0.2525830      0.2491400      0.2455800      0.2455800      0.2448930      0.2441050      0.2439550      0.2441800      0.2427900      0.2414000      0.2400300      0.2386700      0.2373200      0.2359800      0.2346600      0.2333400      0.2320400    
  0.2631800      0.2631770      0.2613740      0.2595720      0.2595700      0.2595590      0.2584720      0.2563100      0.2562880      0.2562650      0.2561820      0.2560120      0.2507710      0.2447360      0.2447500      0.2447100      0.2441740      0.2442300      0.2438580      0.2437300      0.2437300      0.2423300      0.2409500      0.2395800      0.2382200      0.2368700      0.2355400      0.2342200      0.2329100      0.2316100    
  0.2631790      0.2613740      0.2595710      0.2595700      0.2595640      0.2584780      0.2563100      0.2562990      0.2562880      0.2562450      0.2516440      0.2448800      0.2447730      0.2447220      0.2447220      0.2447500      0.2443370      0.2441170      0.2442300      0.2435150      0.2432800      0.2418800      0.2405000      0.2391300      0.2377700      0.2364300      0.2350900      0.2337800      0.2324700      0.2311800    
  0.2613750      0.2595700      0.2595700      0.2595670      0.2584810      0.2563100      0.2563040      0.2562990      0.2562770      0.2507870      0.2448800      0.2448800      0.2448800      0.2447520      0.2446950      0.2446950      0.2447500      0.2442520      0.2440050      0.2442300      0.2428200      0.2414300      0.2400400      0.2386800      0.2373200      0.2359800      0.2346500      0.2333400      0.2320300      0.2307500    
  0.2595700      0.2595700      0.2595690      0.2584820      0.2563100      0.2563070      0.2563040      0.2533000      0.2495420      0.2448790      0.2448800      0.2448800      0.2448800      0.2448800      0.2447110      0.2446400      0.2446400      0.2447500      0.2440230      0.2437800      0.2423700      0.2409700      0.2395900      0.2382200      0.2368700      0.2355300      0.2342100      0.2329000      0.2316000      0.2303200    
  0.2595700      0.2595690      0.2584830      0.2563100      0.2563090      0.2519680      0.2454600      0.2448900      0.2443200      0.2446900      0.2448770      0.2448800      0.2448800      0.2448800      0.2448800      0.2446280      0.2445300      0.2445300      0.2447500      0.2433300      0.2419200      0.2405200      0.2391400      0.2377700      0.2364200      0.2350900      0.2337700      0.2324600      0.2311700      0.2298900    
  0.2595700      0.2584830      0.2563100      0.2563090      0.2511010      0.2454590      0.2454590      0.2454600      0.2448900      0.2443200      0.2446850      0.2448700      0.2448800      0.2448800      0.2448800      0.2448800      0.2444610      0.2443100      0.2443100      0.2428800      0.2414700      0.2400700      0.2386900      0.2373300      0.2359800      0.2346400      0.2333300      0.2320300      0.2307400      0.2294700    
