iMOD/TUTORIALS/TUT_MetaswapAnalyser/model_MetaSWAP/meteo/Evaporation/Evaporation_20050326_L1.ASC
NCOLS                30
NROWS                30
XLLCORNER     160000.00
YLLCORNER     340000.00
CELLSIZE        1000.00
NODATA_VALUE   -9999.00
   2.118800       2.120170       2.121450       2.122630       2.123710       2.124700       2.125600       2.126420       2.127160       2.127820       2.128410       2.128940       2.129400       2.129790       2.130130       2.130410       2.130640       2.130820       2.130960       2.131040       2.131090       2.131100       2.131070       2.131010       2.130910       2.130780       2.130630       2.130450       2.130240       2.130010    
   2.125660       2.127060       2.128370       2.129570       2.130680       2.131700       2.132640       2.133490       2.134260       2.134960       2.135590       2.136140       2.136630       2.137060       2.137430       2.137740       2.138000       2.138210       2.138370       2.138490       2.138560       2.138600       2.138600       2.138560       2.138480       2.138380       2.138250       2.138090       2.137900       2.137690    
   2.132500       2.133920       2.135250       2.136480       2.137620       2.138680       2.139640       2.140530       2.141330       2.142060       2.142720       2.143310       2.143830       2.144290       2.144690       2.145030       2.145320       2.145560       2.145750       2.145900       2.146000       2.146060       2.146080       2.146070       2.146020       2.145940       2.145830       2.145690       2.145530       2.145340    
   2.139300       2.140750       2.142100       2.143360       2.144530       2.145610       2.146610       2.147530       2.148360       2.149120       2.149810       2.150430       2.150990       2.151480       2.151910       2.152280       2.152600       2.152870       2.153090       2.153270       2.153400       2.153480       2.153530       2.153540       2.153520       2.153460       2.153380       2.153260       2.153120       2.152950    
   2.146080       2.147550       2.148930       2.150210       2.151410       2.152520       2.153550       2.154490       2.155360       2.156150       2.156870       2.157520       2.158110       2.158630       2.159100       2.159500       2.159850       2.160150       2.160400       2.160600       2.160760       2.160870       2.160950       2.160980       2.160980       2.160950       2.160890       2.160800       2.160680       2.160530    
   2.152830       2.154320       2.155720       2.157030       2.158260       2.159390       2.160450       2.161420       2.162320       2.163150       2.163900       2.164580       2.165200       2.165750       2.166240       2.166680       2.167060       2.167390       2.167670       2.167900       2.168080       2.168220       2.168320       2.168390       2.168410       2.168400       2.168360       2.168290       2.168200       2.168070    
   2.159560       2.161070       2.162490       2.163830       2.165080       2.166240       2.167320       2.168330       2.169260       2.170110       2.170890       2.171600       2.172250       2.172840       2.173360       2.173820       2.174240       2.174590       2.174900       2.175160       2.175370       2.175540       2.175670       2.175750       2.175810       2.175820       2.175810       2.175760       2.175680       2.175580    
   2.166260       2.167790       2.169240       2.170590       2.171870       2.173060       2.174170       2.175200       2.176160       2.177040       2.177850       2.178600       2.179270       2.179890       2.180440       2.180940       2.181380       2.181760       2.182100       2.182380       2.182620       2.182820       2.182970       2.183090       2.183160       2.183200       2.183210       2.183190       2.183130       2.183050    
   2.172940       2.174490       2.175950       2.177340       2.178630       2.179850       2.180990       2.182050       2.183030       2.183940       2.184780       2.185560       2.186260       2.186910       2.187490       2.188020       2.188480       2.188900       2.189260       2.189580       2.189850       2.190070       2.190250       2.190390       2.190490       2.190550       2.190580       2.190580       2.190550       2.190490    
   2.179590       2.181160       2.182650       2.184050       2.185370       2.186620       2.187780       2.188870       2.189880       2.190820       2.191690       2.192490       2.193230       2.193900       2.194510       2.195060       2.195560       2.196010       2.196400       2.196740       2.197030       2.197280       2.197490       2.197660       2.197780       2.197870       2.197920       2.197950       2.197940       2.197900    
   2.179560       2.181130       2.184650       2.190750       2.192090       2.193360       2.194540       2.195660       2.196700       2.197660       2.198560       2.199390       2.200160       2.200860       2.201500       2.202080       2.202610       2.203080       2.203500       2.203870       2.204190       2.204470       2.204700       2.204890       2.205040       2.205150       2.205230       2.205280       2.205290       2.205270    
   2.179540       2.184020       2.190750       2.196770       2.198790       2.200070       2.201290       2.202420       2.203490       2.204480       2.205410       2.206270       2.207060       2.207790       2.208460       2.209070       2.209620       2.210120       2.210570       2.210970       2.211320       2.211620       2.211880       2.212090       2.212270       2.212410       2.212510       2.212570       2.212610       2.212610    
   2.183050       2.190750       2.198780       2.202130       2.205460       2.206770       2.208000       2.209170       2.210260       2.211280       2.212230       2.213120       2.213940       2.214690       2.215390       2.216030       2.216610       2.217140       2.217610       2.218040       2.218410       2.218740       2.219020       2.219270       2.219470       2.219630       2.219750       2.219840       2.219900       2.219920    
   2.190750       2.199690       2.203790       2.205460       2.208560       2.213440       2.214700       2.215890       2.217000       2.218050       2.219030       2.219940       2.220790       2.221570       2.222300       2.222960       2.223570       2.224120       2.224630       2.225080       2.225480       2.225830       2.226140       2.226410       2.226630       2.226820       2.226970       2.227080       2.227160       2.227200    
   2.200130       2.204630       2.205460       2.209150       2.213440       2.216500       2.221370       2.222580       2.223720       2.224790       2.225800       2.226740       2.227610       2.228420       2.229170       2.229870       2.230500       2.231080       2.231610       2.232090       2.232520       2.232900       2.233230       2.233520       2.233770       2.233980       2.234150       2.234280       2.234380       2.234450    
   2.205040       2.205460       2.209350       2.213440       2.217100       2.221370       2.221970       2.222560       2.225650       2.231520       2.232550       2.233510       2.234410       2.235250       2.236030       2.236750       2.237410       2.238010       2.238570       2.239070       2.239520       2.239930       2.240290       2.240600       2.240880       2.241110       2.241300       2.241460       2.241580       2.241670    
   2.205460       2.209420       2.213440       2.217300       2.221370       2.221670       2.221970       2.225430       2.231520       2.232030       2.236970       2.240260       2.241190       2.242050       2.242850       2.243600       2.244290       2.244920       2.245500       2.246030       2.246510       2.246940       2.247320       2.247660       2.247960       2.248210       2.248430       2.248610       2.248750       2.248860    
   2.209440       2.213440       2.217370       2.221370       2.221520       2.221670       2.225150       2.231520       2.231780       2.238230       2.243620       2.246990       2.247940       2.248830       2.249660       2.250430       2.251140       2.251800       2.252400       2.252960       2.253460       2.253920       2.254320       2.254690       2.255010       2.255290       2.255520       2.255730       2.255890       2.256020    
   2.213440       2.217390       2.221370       2.221450       2.221520       2.224960       2.231520       2.231650       2.238760       2.245310       2.246990       2.247470       2.249840       2.255580       2.256430       2.257230       2.257970       2.258650       2.259280       2.259860       2.260390       2.260870       2.261300       2.261690       2.262030       2.262330       2.262590       2.262820       2.263000       2.263150    
   2.217400       2.221370       2.221410       2.221450       2.224860       2.231520       2.231580       2.239010       2.246150       2.246990       2.247230       2.249970       2.255580       2.256000       2.256410       2.257210       2.257950       2.258630       2.263620       2.266740       2.267290       2.267790       2.268250       2.268660       2.269030       2.269350       2.269630       2.269880       2.270080       2.270260    
   2.221370       2.221390       2.221410       2.224810       2.231520       2.231550       2.239140       2.246570       2.246990       2.247110       2.249940       2.255580       2.255790       2.256000       2.256540       2.257190       2.257930       2.264790       2.270160       2.273590       2.274170       2.274690       2.275170       2.275610       2.276000       2.276340       2.276650       2.276910       2.277140       2.277330    
   2.221380       2.221390       2.224780       2.231520       2.231540       2.239200       2.246780       2.246990       2.247050       2.249910       2.255580       2.255690       2.255790       2.256110       2.256580       2.257220       2.265080       2.271880       2.273590       2.276260       2.281020       2.281570       2.282070       2.282530       2.282940       2.283310       2.283630       2.283920       2.284170       2.284380    
   2.221380       2.224770       2.231520       2.231530       2.239230       2.246880       2.246990       2.247020       2.249880       2.255580       2.255630       2.255690       2.255860       2.256160       2.256640       2.269100       2.272730       2.273590       2.283930       2.287840       2.288180       2.288420       2.288940       2.289420       2.289850       2.290240       2.290590       2.290900       2.291170       2.291400    
   2.224760       2.231520       2.231520       2.239240       2.246940       2.246990       2.247000       2.249870       2.255580       2.255610       2.255630       2.255730       2.255900       2.273850       2.286050       2.293890       2.293900       2.294660       2.295760       2.298040       2.294650       2.295250       2.295790       2.296290       2.296750       2.297160       2.297520       2.297850       2.298140       2.298390    
   2.231520       2.231520       2.239250       2.246960       2.246990       2.247000       2.249860       2.255580       2.255590       2.255610       2.255660       2.255750       2.287920       2.326960       2.326750       2.313740       2.315040       2.314200       2.305840       2.301420       2.301430       2.302050       2.302620       2.303140       2.303610       2.304040       2.304430       2.304780       2.305080       2.305350    
   2.231520       2.239250       2.246980       2.246990       2.246990       2.249860       2.255580       2.255590       2.255590       2.255620       2.291660       2.345630       2.333350       2.327160       2.327160       2.326750       2.319260       2.315870       2.314200       2.309680       2.308180       2.308820       2.309410       2.309960       2.310450       2.310900       2.311310       2.311680       2.312000       2.312290    
   2.239250       2.246980       2.246990       2.246990       2.249860       2.255580       2.255580       2.255590       2.255600       2.298830       2.345630       2.345630       2.345630       2.333660       2.327580       2.327580       2.326750       2.320210       2.317540       2.314200       2.314920       2.315580       2.316190       2.316750       2.317270       2.317740       2.318170       2.318550       2.318900       2.319210    
   2.246990       2.246990       2.246990       2.249850       2.255580       2.255580       2.255580       2.285940       2.314800       2.345650       2.345630       2.345630       2.345630       2.345630       2.334260       2.328400       2.328400       2.326750       2.322350       2.320890       2.321620       2.322310       2.322940       2.323520       2.324060       2.324550       2.325000       2.325400       2.325770       2.326090    
   2.246990       2.246990       2.249850       2.255580       2.255580       2.306250       2.382250       2.379630       2.377000       2.356140       2.345680       2.345630       2.345630       2.345630       2.345630       2.335430       2.330060       2.330060       2.326750       2.327560       2.328310       2.329010       2.329670       2.330270       2.330830       2.331340       2.331800       2.332230       2.332610       2.332950    
   2.246990       2.249850       2.255580       2.255580       2.316390       2.382260       2.382260       2.382250       2.379630       2.377000       2.356230       2.345790       2.345630       2.345630       2.345630       2.345630       2.337610       2.333360       2.333370       2.334200       2.334970       2.335700       2.336370       2.336990       2.337570       2.338100       2.338580       2.339020       2.339420       2.339780    
