iMOD/TUTORIALS/TUT_MetaswapAnalyser/model_MetaSWAP/meteo/Evaporation/Evaporation_20060803_L1.ASC
NCOLS                30
NROWS                30
XLLCORNER     160000.00
YLLCORNER     340000.00
CELLSIZE        1000.00
NODATA_VALUE   -9999.00
   1.863950       1.865070       1.866190       1.867300       1.868420       1.869550       1.870680       1.871820       1.872980       1.874150       1.875330       1.876540       1.877770       1.879030       1.880310       1.881620       1.882960       1.884340       1.885750       1.887200       1.888680       1.890210       1.891780       1.893400       1.895060       1.896770       1.898530       1.900340       1.902200       1.904120    
   1.862140       1.863240       1.864330       1.865430       1.866530       1.867640       1.868760       1.869890       1.871030       1.872190       1.873370       1.874570       1.875790       1.877040       1.878320       1.879630       1.880970       1.882340       1.883750       1.885200       1.886690       1.888230       1.889800       1.891420       1.893100       1.894820       1.896590       1.898410       1.900290       1.902220    
   1.860270       1.861340       1.862420       1.863500       1.864580       1.865680       1.866780       1.867900       1.869030       1.870180       1.871340       1.872540       1.873750       1.875000       1.876270       1.877570       1.878910       1.880290       1.881700       1.883150       1.884650       1.886180       1.887770       1.889400       1.891080       1.892810       1.894590       1.896420       1.898310       1.900260    
   1.858340       1.859400       1.860450       1.861510       1.862580       1.863660       1.864750       1.865850       1.866970       1.868100       1.869260       1.870450       1.871660       1.872890       1.874160       1.875460       1.876800       1.878180       1.879590       1.881040       1.882540       1.884090       1.885680       1.887310       1.889000       1.890740       1.892540       1.894390       1.896290       1.898250    
   1.856370       1.857400       1.858430       1.859470       1.860520       1.861590       1.862660       1.863750       1.864850       1.865980       1.867130       1.868300       1.869510       1.870740       1.872000       1.873300       1.874640       1.876010       1.877430       1.878880       1.880390       1.881940       1.883530       1.885180       1.886880       1.888630       1.890430       1.892300       1.894210       1.896190    
   1.854340       1.855350       1.856370       1.857390       1.858420       1.859460       1.860520       1.861600       1.862690       1.863810       1.864950       1.866110       1.867310       1.868530       1.869790       1.871090       1.872420       1.873800       1.875210       1.876670       1.878180       1.879730       1.881340       1.882990       1.884700       1.886460       1.888280       1.890160       1.892090       1.894080    
   1.852270       1.853260       1.854250       1.855260       1.856270       1.857300       1.858340       1.859400       1.860480       1.861580       1.862710       1.863870       1.865060       1.866280       1.867530       1.868830       1.870160       1.871530       1.872950       1.874410       1.875930       1.877490       1.879100       1.880760       1.882480       1.884250       1.886080       1.887970       1.889920       1.891930    
   1.850160       1.851120       1.852100       1.853080       1.854070       1.855080       1.856110       1.857160       1.858220       1.859320       1.860440       1.861580       1.862760       1.863980       1.865230       1.866520       1.867850       1.869220       1.870640       1.872110       1.873630       1.875190       1.876810       1.878480       1.880210       1.882000       1.883840       1.885740       1.887700       1.889730    
   1.848010       1.848950       1.849900       1.850860       1.851840       1.852830       1.853840       1.854870       1.855930       1.857010       1.858120       1.859260       1.860430       1.861640       1.862880       1.864170       1.865500       1.866870       1.868290       1.869760       1.871280       1.872850       1.874480       1.876160       1.877900       1.879700       1.881550       1.883470       1.885450       1.887490    
   1.845820       1.846740       1.847670       1.848610       1.849570       1.850540       1.851540       1.852550       1.853590       1.854660       1.855760       1.856890       1.858050       1.859250       1.860490       1.861780       1.863110       1.864480       1.865900       1.867370       1.868900       1.870480       1.872110       1.873800       1.875550       1.877360       1.879230       1.881160       1.883150       1.885210    
   1.845820       1.846740       1.847330       1.846320       1.847260       1.848220       1.849190       1.850190       1.851220       1.852280       1.853360       1.854480       1.855640       1.856830       1.858070       1.859350       1.860670       1.862050       1.863470       1.864950       1.866470       1.868060       1.869700       1.871400       1.873160       1.874980       1.876860       1.878810       1.880820       1.882890    
   1.845830       1.846560       1.846320       1.845260       1.844920       1.845860       1.846820       1.847800       1.848810       1.849860       1.850930       1.852040       1.853190       1.854380       1.855610       1.856880       1.858210       1.859580       1.861000       1.862480       1.864020       1.865610       1.867260       1.868960       1.870740       1.872570       1.874470       1.876430       1.878450       1.880540    
   1.845900       1.846320       1.844470       1.843730       1.842550       1.843470       1.844410       1.845380       1.846380       1.847410       1.848470       1.849570       1.850710       1.851890       1.853120       1.854390       1.855710       1.857080       1.858500       1.859990       1.861520       1.863120       1.864780       1.866500       1.868280       1.870120       1.872030       1.874010       1.876050       1.878160    
   1.846320       1.844120       1.843140       1.842550       1.842360       1.841060       1.841980       1.842930       1.843920       1.844930       1.845980       1.847070       1.848200       1.849370       1.850590       1.851860       1.853180       1.854550       1.855970       1.857460       1.859000       1.860600       1.862270       1.864000       1.865790       1.867650       1.869570       1.871570       1.873630       1.875750    
   1.843960       1.842850       1.842550       1.841990       1.841060       1.840850       1.839520       1.840460       1.841430       1.842430       1.843470       1.844540       1.845660       1.846830       1.848040       1.849300       1.850620       1.851990       1.853420       1.854900       1.856450       1.858060       1.859730       1.861470       1.863270       1.865140       1.867080       1.869090       1.871170       1.873320    
   1.842700       1.842550       1.841870       1.841060       1.840480       1.839520       1.839990       1.840470       1.841050       1.839900       1.840930       1.841990       1.843100       1.844260       1.845470       1.846720       1.848040       1.849410       1.850830       1.852320       1.853870       1.855490       1.857170       1.858920       1.860730       1.862620       1.864570       1.866590       1.868690       1.870860    
   1.842550       1.841830       1.841060       1.840350       1.839520       1.839750       1.839990       1.840350       1.839900       1.840420       1.839810       1.839420       1.840520       1.841670       1.842870       1.844120       1.845430       1.846800       1.848230       1.849720       1.851270       1.852890       1.854580       1.856340       1.858170       1.860060       1.862030       1.864070       1.866190       1.868370    
   1.841810       1.841060       1.840310       1.839520       1.839640       1.839760       1.840000       1.839900       1.840160       1.839020       1.838120       1.836830       1.837920       1.839060       1.840250       1.841500       1.842800       1.844170       1.845600       1.847090       1.848650       1.850280       1.851970       1.853740       1.855580       1.857490       1.859480       1.861530       1.863670       1.865870    
   1.841060       1.840300       1.839520       1.839580       1.839640       1.839820       1.839900       1.840030       1.838680       1.837480       1.836830       1.837370       1.837560       1.836440       1.837620       1.838860       1.840160       1.841520       1.842950       1.844450       1.846010       1.847640       1.849350       1.851120       1.852980       1.854900       1.856900       1.858980       1.861130       1.863350    
   1.840290       1.839520       1.839550       1.839580       1.839740       1.839900       1.839960       1.838520       1.837150       1.836830       1.837100       1.837050       1.836440       1.837030       1.837640       1.838880       1.840180       1.841540       1.841970       1.841790       1.843350       1.844990       1.846710       1.848490       1.850360       1.852300       1.854310       1.856400       1.858570       1.860820    
   1.839520       1.839530       1.839550       1.839690       1.839900       1.839930       1.838440       1.836990       1.836830       1.836970       1.836860       1.836440       1.836740       1.837040       1.837850       1.838900       1.840200       1.840650       1.840460       1.839120       1.840690       1.842330       1.844050       1.845850       1.847720       1.849680       1.851710       1.853820       1.856010       1.858280    
   1.839530       1.839530       1.839670       1.839900       1.839920       1.838400       1.836910       1.836830       1.836900       1.836770       1.836440       1.836590       1.836740       1.837210       1.837930       1.838980       1.839730       1.839790       1.839120       1.839270       1.838010       1.839660       1.841390       1.843190       1.845080       1.847050       1.849100       1.851230       1.853440       1.855720    
   1.839530       1.839660       1.839900       1.839910       1.838380       1.836870       1.836830       1.836860       1.836740       1.836440       1.836510       1.836590       1.836840       1.837290       1.838040       1.837430       1.839450       1.839120       1.836250       1.835320       1.836310       1.836980       1.838710       1.840530       1.842430       1.844410       1.846480       1.848630       1.850860       1.853170    
   1.839650       1.839900       1.839900       1.838370       1.836850       1.836830       1.836850       1.836720       1.836440       1.836480       1.836510       1.836650       1.836910       1.832070       1.830410       1.831040       1.831050       1.831620       1.832180       1.831280       1.832630       1.834290       1.836040       1.837860       1.839780       1.841770       1.843860       1.846020       1.848270       1.850610    
   1.839900       1.839900       1.838370       1.836840       1.836830       1.836840       1.836710       1.836440       1.836460       1.836480       1.836550       1.836690       1.827520       1.816040       1.816120       1.822540       1.822630       1.822970       1.827590       1.829940       1.829940       1.831600       1.833360       1.835190       1.837120       1.839130       1.841230       1.843420       1.845690       1.848050    
   1.839900       1.838370       1.836840       1.836830       1.836830       1.836700       1.836440       1.836450       1.836460       1.836490       1.824670       1.806820       1.812900       1.815950       1.815950       1.816120       1.820350       1.822300       1.822970       1.826180       1.827250       1.828920       1.830680       1.832530       1.834470       1.836490       1.838610       1.840820       1.843110       1.845490    
   1.838370       1.836830       1.836830       1.836830       1.836700       1.836440       1.836440       1.836450       1.836470       1.822250       1.806820       1.806820       1.806820       1.812770       1.815790       1.815790       1.816120       1.819990       1.821630       1.822970       1.824560       1.826230       1.828000       1.829860       1.831810       1.833860       1.835990       1.838220       1.840540       1.842940    
   1.836830       1.836830       1.836830       1.836700       1.836440       1.836440       1.836440       1.825590       1.816200       1.806810       1.806820       1.806820       1.806820       1.806820       1.812530       1.815460       1.815450       1.816120       1.819250       1.820290       1.821880       1.823560       1.825330       1.827200       1.829170       1.831230       1.833390       1.835630       1.837970       1.840400    
   1.836830       1.836830       1.836700       1.836440       1.836440       1.817670       1.789520       1.791260       1.793000       1.802190       1.806800       1.806820       1.806820       1.806820       1.806820       1.812070       1.814790       1.814790       1.816120       1.817620       1.819210       1.820890       1.822680       1.824560       1.826540       1.828610       1.830790       1.833060       1.835420       1.837870    
   1.836830       1.836700       1.836440       1.836440       1.813920       1.789520       1.789520       1.789520       1.791260       1.793000       1.802160       1.806760       1.806820       1.806820       1.806820       1.806820       1.811230       1.813470       1.813460       1.814960       1.816550       1.818240       1.820030       1.821920       1.823920       1.826010       1.828210       1.830500       1.832880       1.835360    
