iMOD/TUTORIALS/TUT_MetaswapAnalyser/model_MetaSWAP/meteo/Evaporation/Evaporation_20060330_L1.ASC
NCOLS                30
NROWS                30
XLLCORNER     160000.00
YLLCORNER     340000.00
CELLSIZE        1000.00
NODATA_VALUE   -9999.00
  0.8869200      0.8862400      0.8854800      0.8846500      0.8837500      0.8827800      0.8817400      0.8806300      0.8794600      0.8782300      0.8769400      0.8755900      0.8741800      0.8727200      0.8712100      0.8696500      0.8680400      0.8663800      0.8646700      0.8629100      0.8611100      0.8592700      0.8573800      0.8554500      0.8534800      0.8514700      0.8494200      0.8473400      0.8452100      0.8430400    
  0.8817100      0.8810500      0.8803200      0.8795200      0.8786400      0.8777000      0.8766900      0.8756100      0.8744700      0.8732600      0.8720000      0.8706800      0.8693000      0.8678700      0.8663800      0.8648400      0.8632600      0.8616200      0.8599400      0.8582100      0.8564300      0.8546100      0.8527500      0.8508400      0.8489000      0.8469100      0.8448800      0.8428100      0.8407100      0.8385600    
  0.8764900      0.8758500      0.8751500      0.8743700      0.8735200      0.8726000      0.8716100      0.8705600      0.8694500      0.8682700      0.8670300      0.8657400      0.8643900      0.8629800      0.8615200      0.8600100      0.8584500      0.8568400      0.8551800      0.8534800      0.8517300      0.8499300      0.8480900      0.8462100      0.8442800      0.8423200      0.8403100      0.8382600      0.8361800      0.8340600    
  0.8712400      0.8706300      0.8699500      0.8691900      0.8683700      0.8674800      0.8665200      0.8654900      0.8644000      0.8632500      0.8620500      0.8607800      0.8594500      0.8580800      0.8566400      0.8551600      0.8536200      0.8520400      0.8504000      0.8487200      0.8469900      0.8452200      0.8434000      0.8415400      0.8396400      0.8377000      0.8357100      0.8336900      0.8316300      0.8295300    
  0.8659900      0.8654000      0.8647300      0.8640000      0.8632000      0.8623300      0.8614000      0.8604000      0.8593400      0.8582200      0.8570300      0.8557900      0.8545000      0.8531400      0.8517400      0.8502800      0.8487700      0.8472100      0.8456000      0.8439400      0.8422400      0.8404900      0.8387000      0.8368600      0.8349800      0.8330600      0.8311000      0.8290900      0.8270500      0.8249700    
  0.8607100      0.8601400      0.8595000      0.8587900      0.8580200      0.8571700      0.8562600      0.8552900      0.8542500      0.8531600      0.8520000      0.8507900      0.8495100      0.8481900      0.8468100      0.8453700      0.8438900      0.8423500      0.8407700      0.8391400      0.8374600      0.8357300      0.8339600      0.8321500      0.8302900      0.8283900      0.8264500      0.8244700      0.8224500      0.8203900    
  0.8554200      0.8548700      0.8542500      0.8535700      0.8528100      0.8519900      0.8511100      0.8501600      0.8491500      0.8480800      0.8469500      0.8457600      0.8445100      0.8432100      0.8418500      0.8404500      0.8389900      0.8374800      0.8359200      0.8343100      0.8326500      0.8309500      0.8292100      0.8274200      0.8255800      0.8237100      0.8217900      0.8198300      0.8178300      0.8157900    
  0.8501200      0.8495900      0.8489900      0.8483200      0.8475900      0.8468000      0.8459300      0.8450100      0.8440200      0.8429800      0.8418700      0.8407100      0.8394900      0.8382100      0.8368800      0.8355000      0.8340600      0.8325800      0.8310400      0.8294600      0.8278300      0.8261500      0.8244300      0.8226600      0.8208500      0.8190000      0.8171000      0.8151700      0.8131900      0.8111700    
  0.8448000      0.8442900      0.8437100      0.8430700      0.8423600      0.8415800      0.8407400      0.8398400      0.8388800      0.8378600      0.8367800      0.8356400      0.8344500      0.8331900      0.8318900      0.8305300      0.8291200      0.8276600      0.8261500      0.8245900      0.8229800      0.8213300      0.8196300      0.8178900      0.8161000      0.8142700      0.8123900      0.8104800      0.8085200      0.8065300    
  0.8394700      0.8389800      0.8384200      0.8377900      0.8371100      0.8363500      0.8355400      0.8346600      0.8337200      0.8327300      0.8316700      0.8305500      0.8293800      0.8281600      0.8268800      0.8255400      0.8241600      0.8227200      0.8212300      0.8197000      0.8181200      0.8164800      0.8148100      0.8130900      0.8113200      0.8095100      0.8076600      0.8057700      0.8038400      0.8018600    
  0.8394470      0.8389570      0.8369250      0.8325100      0.8318400      0.8311100      0.8303200      0.8294600      0.8285500      0.8275700      0.8265400      0.8254500      0.8243000      0.8231000      0.8218500      0.8205400      0.8191700      0.8177600      0.8163000      0.8147900      0.8132300      0.8116200      0.8099700      0.8082700      0.8065300      0.8047400      0.8029100      0.8010400      0.7991300      0.7971800    
  0.8394240      0.8369600      0.8325100      0.8280450      0.8265600      0.8258500      0.8250800      0.8242500      0.8233600      0.8224100      0.8214000      0.8203300      0.8192100      0.8180300      0.8168000      0.8155100      0.8141700      0.8127800      0.8113500      0.8098600      0.8083200      0.8067400      0.8051100      0.8034300      0.8017100      0.7999500      0.7981400      0.7962900      0.7944000      0.7924700    
  0.8371860      0.8325100      0.8264350      0.8239150      0.8212700      0.8205800      0.8198300      0.8190200      0.8181500      0.8172200      0.8162400      0.8151900      0.8140900      0.8129400      0.8117300      0.8104700      0.8091500      0.8077900      0.8063700      0.8049100      0.8034000      0.8018300      0.8002300      0.7985700      0.7968800      0.7951300      0.7933500      0.7915200      0.7896500      0.7877400    
  0.8325100      0.8257020      0.8225920      0.8212700      0.8190500      0.8153000      0.8145700      0.8137800      0.8129400      0.8120300      0.8110600      0.8100400      0.8089700      0.8078300      0.8066500      0.8054100      0.8041200      0.8027800      0.8013800      0.7999400      0.7984500      0.7969100      0.7953300      0.7937000      0.7920200      0.7903000      0.7885400      0.7867300      0.7848800      0.7830000    
  0.8253530      0.8219310      0.8212700      0.8185400      0.8153000      0.8130570      0.8093000      0.8085300      0.8077000      0.8068200      0.8058800      0.8048800      0.8038200      0.8027100      0.8015500      0.8003300      0.7990700      0.7977500      0.7963800      0.7949600      0.7934900      0.7919700      0.7904100      0.7888000      0.7871500      0.7854500      0.7837100      0.7819300      0.7801000      0.7782300    
  0.8216010      0.8212700      0.8183700      0.8153000      0.8125520      0.8093000      0.8089150      0.8085100      0.8061620      0.8016000      0.8006700      0.7997000      0.7986700      0.7975800      0.7964400      0.7952400      0.7940000      0.7927000      0.7913500      0.7899600      0.7885100      0.7870200      0.7854800      0.7838900      0.7822600      0.7805800      0.7788600      0.7771000      0.7752900      0.7734500    
  0.8212700      0.8183130      0.8153000      0.8123840      0.8093000      0.8091080      0.8089080      0.8062970      0.8016000      0.8011350      0.7971540      0.7945000      0.7934900      0.7924300      0.7913100      0.7901400      0.7889200      0.7876400      0.7863200      0.7849400      0.7835200      0.7820500      0.7805300      0.7789600      0.7773500      0.7757000      0.7740000      0.7722600      0.7704700      0.7686500    
  0.8182940      0.8153000      0.8123280      0.8093000      0.8092040      0.8091050      0.8064780      0.8016000      0.8013680      0.7962180      0.7919000      0.7893000      0.7883100      0.7872700      0.7861700      0.7850200      0.7838200      0.7825700      0.7812600      0.7799100      0.7785100      0.7770600      0.7755600      0.7740200      0.7724300      0.7708000      0.7691200      0.7674000      0.7656300      0.7638300    
  0.8153000      0.8123090      0.8093000      0.8092520      0.8092030      0.8065970      0.8016000      0.8014840      0.7958170      0.7906000      0.7893000      0.7888050      0.7867430      0.7820900      0.7810200      0.7798900      0.7787100      0.7774800      0.7761900      0.7748600      0.7734800      0.7720600      0.7705800      0.7690600      0.7674900      0.7658800      0.7642200      0.7625200      0.7607800      0.7589900    
  0.8123030      0.8093000      0.8092760      0.8092520      0.8066630      0.8016000      0.8015420      0.7956300      0.7899500      0.7893000      0.7890520      0.7867340      0.7820900      0.7815550      0.7810000      0.7798730      0.7786930      0.7774600      0.7726120      0.7698000      0.7684400      0.7670400      0.7655800      0.7640800      0.7625400      0.7609400      0.7593100      0.7576300      0.7559000      0.7541400    
  0.8093000      0.8092880      0.8092760      0.8066980      0.8016000      0.8015710      0.7955390      0.7896250      0.7893000      0.7891760      0.7867940      0.7820900      0.7818230      0.7815480      0.7808090      0.7798560      0.7786760      0.7721520      0.7672650      0.7647300      0.7633900      0.7620000      0.7605700      0.7590900      0.7575600      0.7559900      0.7543800      0.7527200      0.7510100      0.7492700    
  0.8092940      0.8092880      0.8067150      0.8016000      0.8015850      0.7954950      0.7894630      0.7893000      0.7892380      0.7868400      0.7820900      0.7819560      0.7818200      0.7813930      0.7807380      0.7797800      0.7722820      0.7659970      0.7647300      0.7621470      0.7583200      0.7569600      0.7555400      0.7540900      0.7525800      0.7510300      0.7494300      0.7477900      0.7461100      0.7443800    
  0.8092940      0.8067240      0.8016000      0.8015930      0.7954720      0.7893810      0.7893000      0.7892690      0.7868670      0.7820900      0.7820230      0.7819560      0.7817230      0.7813170      0.7806370      0.7695070      0.7653640      0.7647300      0.7564270      0.7532350      0.7524300      0.7519000      0.7505000      0.7490700      0.7475800      0.7460500      0.7444700      0.7428500      0.7411900      0.7394800    
  0.8067290      0.8016000      0.8015960      0.7954610      0.7893410      0.7893000      0.7892850      0.7868820      0.7820900      0.7820570      0.7820230      0.7819010      0.7816650      0.7671220      0.7566820      0.7493660      0.7493700      0.7484700      0.7472890      0.7455950      0.7481500      0.7468200      0.7454500      0.7440300      0.7425700      0.7410600      0.7395000      0.7379000      0.7362600      0.7345700    
  0.8016000      0.8015980      0.7954560      0.7893200      0.7893000      0.7892920      0.7868890      0.7820900      0.7820730      0.7820570      0.7819930      0.7818630      0.7559640      0.7246480      0.7248100      0.7344530      0.7333650      0.7340100      0.7398960      0.7430370      0.7430400      0.7417400      0.7403900      0.7389900      0.7375400      0.7360500      0.7345100      0.7329300      0.7313100      0.7296400    
  0.8015990      0.7954530      0.7893100      0.7893000      0.7892960      0.7868930      0.7820900      0.7820820      0.7820730      0.7820410      0.7532710      0.7102200      0.7197050      0.7244860      0.7244860      0.7248100      0.7302650      0.7327200      0.7340100      0.7369430      0.7379200      0.7366400      0.7353100      0.7339300      0.7325000      0.7310300      0.7295100      0.7279500      0.7263400      0.7246900    
  0.7954510      0.7893050      0.7893000      0.7892980      0.7868950      0.7820900      0.7820860      0.7820820      0.7820650      0.7475650      0.7102200      0.7102200      0.7102200      0.7194650      0.7241610      0.7241610      0.7248100      0.7295220      0.7314300      0.7340100      0.7328000      0.7315300      0.7302200      0.7288500      0.7274500      0.7259900      0.7244900      0.7229500      0.7213700      0.7197400    
  0.7893030      0.7893000      0.7892990      0.7868960      0.7820900      0.7820880      0.7820860      0.7577560      0.7347350      0.7102060      0.7102200      0.7102200      0.7102200      0.7102200      0.7189920      0.7235120      0.7235130      0.7248100      0.7278380      0.7288500      0.7276500      0.7264100      0.7251100      0.7237700      0.7223800      0.7209500      0.7194700      0.7179400      0.7163700      0.7147600    
  0.7893000      0.7892990      0.7868960      0.7820900      0.7820890      0.7413790      0.6803200      0.6825550      0.6847900      0.7017040      0.7101770      0.7102200      0.7102200      0.7102200      0.7102200      0.7180740      0.7222130      0.7222150      0.7248100      0.7236800      0.7225000      0.7212700      0.7200000      0.7186700      0.7173000      0.7158900      0.7144300      0.7129200      0.7113700      0.7097800    
  0.7893000      0.7868960      0.7820900      0.7820890      0.7332310      0.6803100      0.6803100      0.6803200      0.6825550      0.6847900      0.7016300      0.7100900      0.7102200      0.7102200      0.7102200      0.7102200      0.7163520      0.7196130      0.7196200      0.7185000      0.7173400      0.7161300      0.7148700      0.7135700      0.7122100      0.7108200      0.7093700      0.7078800      0.7063500      0.7047800    
