iMOD/TUTORIALS/TUT_MetaswapAnalyser/model_MetaSWAP/meteo/Evaporation/Evaporation_20060527_L1.ASC
NCOLS                30
NROWS                30
XLLCORNER     160000.00
YLLCORNER     340000.00
CELLSIZE        1000.00
NODATA_VALUE   -9999.00
  0.4748800      0.4747800      0.4746600      0.4745100      0.4743500      0.4741700      0.4739800      0.4737600      0.4735300      0.4732800      0.4730100      0.4727200      0.4724100      0.4720900      0.4717500      0.4713900      0.4710100      0.4706200      0.4702000      0.4697700      0.4693200      0.4688500      0.4683700      0.4678600      0.4673400      0.4668000      0.4662400      0.4656600      0.4650700      0.4644500    
  0.4748400      0.4747600      0.4746600      0.4745400      0.4744000      0.4742400      0.4740600      0.4738700      0.4736500      0.4734200      0.4731600      0.4728900      0.4726000      0.4722800      0.4719500      0.4716000      0.4712400      0.4708500      0.4704400      0.4700100      0.4695700      0.4691000      0.4686100      0.4681100      0.4675800      0.4670400      0.4664700      0.4658900      0.4652900      0.4646600    
  0.4748100      0.4747500      0.4746700      0.4745700      0.4744500      0.4743200      0.4741600      0.4739800      0.4737800      0.4735600      0.4733300      0.4730700      0.4727900      0.4724900      0.4721700      0.4718300      0.4714700      0.4710900      0.4706900      0.4702700      0.4698200      0.4693600      0.4688700      0.4683600      0.4678400      0.4672900      0.4667200      0.4661300      0.4655100      0.4648800    
  0.4748000      0.4747600      0.4747000      0.4746200      0.4745200      0.4744000      0.4742600      0.4741100      0.4739300      0.4737200      0.4735000      0.4732600      0.4729900      0.4727100      0.4724000      0.4720700      0.4717200      0.4713400      0.4709500      0.4705300      0.4700900      0.4696300      0.4691400      0.4686300      0.4681000      0.4675500      0.4669700      0.4663700      0.4657500      0.4651100    
  0.4747900      0.4747700      0.4747300      0.4746800      0.4746000      0.4745000      0.4743800      0.4742400      0.4740800      0.4738900      0.4736900      0.4734600      0.4732100      0.4729300      0.4726400      0.4723200      0.4719700      0.4716100      0.4712200      0.4708000      0.4703600      0.4699000      0.4694200      0.4689100      0.4683700      0.4678200      0.4672300      0.4666300      0.4660000      0.4653500    
  0.4747900      0.4747900      0.4747800      0.4747400      0.4746800      0.4746000      0.4745000      0.4743800      0.4742400      0.4740700      0.4738800      0.4736600      0.4734300      0.4731700      0.4728800      0.4725700      0.4722400      0.4718800      0.4714900      0.4710800      0.4706500      0.4701900      0.4697000      0.4691900      0.4686500      0.4680900      0.4675000      0.4668900      0.4662600      0.4656000    
  0.4748000      0.4748200      0.4748300      0.4748100      0.4747700      0.4747100      0.4746300      0.4745300      0.4744000      0.4742500      0.4740800      0.4738800      0.4736500      0.4734100      0.4731300      0.4728300      0.4725000      0.4721500      0.4717700      0.4713700      0.4709400      0.4704800      0.4699900      0.4694800      0.4689400      0.4683700      0.4677800      0.4671600      0.4665200      0.4658500    
  0.4748100      0.4748600      0.4748800      0.4748900      0.4748700      0.4748300      0.4747700      0.4746800      0.4745700      0.4744400      0.4742800      0.4741000      0.4738900      0.4736500      0.4733900      0.4731000      0.4727800      0.4724300      0.4720600      0.4716600      0.4712300      0.4707700      0.4702900      0.4697700      0.4692300      0.4686600      0.4680600      0.4674400      0.4667800      0.4661000    
  0.4748300      0.4749000      0.4749400      0.4749700      0.4749700      0.4749500      0.4749100      0.4748400      0.4747500      0.4746300      0.4744900      0.4743200      0.4741200      0.4739000      0.4736500      0.4733700      0.4730600      0.4727200      0.4723500      0.4719600      0.4715300      0.4710700      0.4705900      0.4700700      0.4695300      0.4689500      0.4683500      0.4677200      0.4670500      0.4663600    
  0.4748600      0.4749400      0.4750100      0.4750500      0.4750800      0.4750700      0.4750500      0.4750000      0.4749300      0.4748300      0.4747000      0.4745400      0.4743600      0.4741500      0.4739100      0.4736400      0.4733400      0.4730100      0.4726500      0.4722600      0.4718300      0.4713800      0.4708900      0.4703800      0.4698300      0.4692500      0.4686400      0.4680000      0.4673300      0.4666300    
  0.4748500      0.4749370      0.4750350      0.4751400      0.4751800      0.4752000      0.4751900      0.4751600      0.4751100      0.4750200      0.4749100      0.4747700      0.4746000      0.4744000      0.4741700      0.4739100      0.4736200      0.4733000      0.4729500      0.4725600      0.4721400      0.4716800      0.4712000      0.4706800      0.4701300      0.4695500      0.4689300      0.4682800      0.4676000      0.4668900    
  0.4748440      0.4749900      0.4751400      0.4752500      0.4752900      0.4753300      0.4753400      0.4753300      0.4752900      0.4752200      0.4751200      0.4750000      0.4748400      0.4746600      0.4744400      0.4741900      0.4739100      0.4735900      0.4732400      0.4728600      0.4724400      0.4719900      0.4715000      0.4709800      0.4704300      0.4698400      0.4692200      0.4685600      0.4678800      0.4671600    
  0.4749290      0.4751400      0.4752800      0.4753400      0.4753900      0.4754500      0.4754800      0.4754900      0.4754700      0.4754200      0.4753400      0.4752300      0.4750800      0.4749100      0.4747000      0.4744700      0.4741900      0.4738800      0.4735400      0.4731600      0.4727500      0.4723000      0.4718100      0.4712900      0.4707300      0.4701400      0.4695100      0.4688500      0.4681500      0.4674200    
  0.4751400      0.4752940      0.4753650      0.4753900      0.4754700      0.4755700      0.4756200      0.4756500      0.4756400      0.4756100      0.4755500      0.4754500      0.4753200      0.4751600      0.4749700      0.4747400      0.4744700      0.4741700      0.4738300      0.4734600      0.4730500      0.4726000      0.4721100      0.4715900      0.4710300      0.4704300      0.4698000      0.4691300      0.4684200      0.4676800    
  0.4753000      0.4753780      0.4753900      0.4754770      0.4755700      0.4756500      0.4757600      0.4758000      0.4758200      0.4758000      0.4757500      0.4756700      0.4755600      0.4754100      0.4752300      0.4750100      0.4747500      0.4744600      0.4741300      0.4737600      0.4733500      0.4729000      0.4724100      0.4718900      0.4713200      0.4707200      0.4700800      0.4694000      0.4686800      0.4679300    
  0.4753840      0.4753900      0.4754790      0.4755700      0.4756600      0.4757600      0.4757800      0.4757930      0.4758520      0.4759900      0.4759500      0.4758900      0.4757900      0.4756500      0.4754800      0.4752700      0.4750200      0.4747400      0.4744100      0.4740500      0.4736400      0.4732000      0.4727100      0.4721800      0.4716100      0.4710100      0.4703600      0.4696700      0.4689400      0.4681800    
  0.4753900      0.4754800      0.4755700      0.4756630      0.4757600      0.4757700      0.4757780      0.4758540      0.4759900      0.4759700      0.4760460      0.4761000      0.4760100      0.4758900      0.4757300      0.4755300      0.4752900      0.4750100      0.4746900      0.4743300      0.4739300      0.4734900      0.4730000      0.4724700      0.4719000      0.4712800      0.4706300      0.4699300      0.4692000      0.4684200    
  0.4754800      0.4755700      0.4756640      0.4757600      0.4757650      0.4757690      0.4758480      0.4759900      0.4759800      0.4761010      0.4762000      0.4763000      0.4762300      0.4761200      0.4759700      0.4757800      0.4755500      0.4752800      0.4749700      0.4746100      0.4742100      0.4737700      0.4732800      0.4727500      0.4721700      0.4715500      0.4708900      0.4701900      0.4694400      0.4686500    
  0.4755700      0.4756650      0.4757600      0.4757620      0.4757650      0.4758430      0.4759900      0.4759850      0.4761240      0.4762500      0.4763000      0.4762650      0.4762470      0.4763400      0.4762000      0.4760200      0.4758000      0.4755400      0.4752300      0.4748800      0.4744800      0.4740400      0.4735500      0.4730200      0.4724400      0.4718100      0.4711500      0.4704300      0.4696800      0.4688800    
  0.4756650      0.4757600      0.4757610      0.4757620      0.4758400      0.4759900      0.4759870      0.4761350      0.4762750      0.4763000      0.4762830      0.4762880      0.4763400      0.4762700      0.4761870      0.4760070      0.4757870      0.4755230      0.4752360      0.4751400      0.4747500      0.4743100      0.4738200      0.4732800      0.4727000      0.4720600      0.4713900      0.4706700      0.4699000      0.4690900    
  0.4757600      0.4757610      0.4757610      0.4758380      0.4759900      0.4759890      0.4761400      0.4762870      0.4763000      0.4762910      0.4763030      0.4763400      0.4763050      0.4762660      0.4761540      0.4759930      0.4757720      0.4754400      0.4752650      0.4753900      0.4750000      0.4745600      0.4740700      0.4735300      0.4729400      0.4723000      0.4716200      0.4708900      0.4701100      0.4692800    
  0.4757600      0.4757610      0.4758380      0.4759900      0.4759890      0.4761420      0.4762940      0.4763000      0.4762960      0.4763080      0.4763400      0.4763230      0.4763040      0.4762420      0.4761380      0.4759730      0.4755850      0.4753270      0.4753900      0.4752070      0.4752300      0.4747900      0.4743000      0.4737600      0.4731700      0.4725300      0.4718300      0.4710900      0.4703000      0.4694700    
  0.4757600      0.4758370      0.4759900      0.4759900      0.4761440      0.4762970      0.4763000      0.4762980      0.4763110      0.4763400      0.4763310      0.4763220      0.4762890      0.4762280      0.4761180      0.4758030      0.4753590      0.4753900      0.4754490      0.4754450      0.4751840      0.4750200      0.4745300      0.4739800      0.4733800      0.4727300      0.4720300      0.4712800      0.4704800      0.4696300    
  0.4758370      0.4759900      0.4759900      0.4761440      0.4762980      0.4763000      0.4762990      0.4763120      0.4763400      0.4763360      0.4763310      0.4763140      0.4762800      0.4764210      0.4762870      0.4759550      0.4759600      0.4758230      0.4756810      0.4757550      0.4756600      0.4752200      0.4747300      0.4741800      0.4735800      0.4729200      0.4722100      0.4714500      0.4706400      0.4697800    
  0.4759900      0.4759900      0.4761450      0.4762990      0.4763000      0.4762990      0.4763130      0.4763400      0.4763380      0.4763360      0.4763270      0.4763080      0.4766240      0.4770520      0.4770500      0.4765680      0.4765450      0.4765300      0.4760670      0.4758430      0.4758500      0.4754100      0.4749200      0.4743700      0.4737600      0.4731000      0.4723800      0.4716000      0.4707800      0.4699000    
  0.4759900      0.4761450      0.4763000      0.4763000      0.4763000      0.4763130      0.4763400      0.4763390      0.4763380      0.4763330      0.4767300      0.4773400      0.4771490      0.4770530      0.4770530      0.4770500      0.4767170      0.4765600      0.4765300      0.4761400      0.4760200      0.4755800      0.4750900      0.4745300      0.4739200      0.4732500      0.4725200      0.4717300      0.4708900      0.4700000    
  0.4761450      0.4763000      0.4763000      0.4763000      0.4763130      0.4763400      0.4763390      0.4763390      0.4763370      0.4768160      0.4773400      0.4773400      0.4773400      0.4771510      0.4770560      0.4770560      0.4770500      0.4767280      0.4765900      0.4765300      0.4761600      0.4757300      0.4752300      0.4746700      0.4740500      0.4733700      0.4726400      0.4718400      0.4709900      0.4700800    
  0.4763000      0.4763000      0.4763000      0.4763130      0.4763400      0.4763400      0.4763390      0.4764410      0.4767870      0.4773400      0.4773400      0.4773400      0.4773400      0.4773400      0.4771550      0.4770620      0.4770630      0.4770500      0.4767430      0.4766500      0.4762800      0.4758500      0.4753500      0.4747900      0.4741600      0.4734800      0.4727300      0.4719200      0.4710500      0.4701300    
  0.4763000      0.4763000      0.4763130      0.4763400      0.4763400      0.4763800      0.4764400      0.4765950      0.4767500      0.4771430      0.4773390      0.4773400      0.4773400      0.4773400      0.4773400      0.4771620      0.4770730      0.4770750      0.4770500      0.4767400      0.4763800      0.4759400      0.4754500      0.4748800      0.4742500      0.4735500      0.4727900      0.4719700      0.4710900      0.4701600    
  0.4763000      0.4763130      0.4763400      0.4763400      0.4763870      0.4764390      0.4764390      0.4764400      0.4765950      0.4767500      0.4771410      0.4773370      0.4773400      0.4773400      0.4773400      0.4773400      0.4771710      0.4770930      0.4771000      0.4768100      0.4764500      0.4760100      0.4755100      0.4749400      0.4743000      0.4736000      0.4728300      0.4720000      0.4711000      0.4701500    
