iMOD/TUTORIALS/TUT_MetaswapAnalyser/model_MetaSWAP/meteo/Evaporation/Evaporation_20050128_L1.ASC
NCOLS                30
NROWS                30
XLLCORNER     160000.00
YLLCORNER     340000.00
CELLSIZE        1000.00
NODATA_VALUE   -9999.00
  0.2359000      0.2367000      0.2375400      0.2384100      0.2393200      0.2402600      0.2412400      0.2422400      0.2432700      0.2443300      0.2454100      0.2465100      0.2476400      0.2487800      0.2499400      0.2511200      0.2523200      0.2535300      0.2547500      0.2559900      0.2572400      0.2584900      0.2597600      0.2610300      0.2623200      0.2636100      0.2649000      0.2662000      0.2675100      0.2688200    
  0.2386800      0.2395000      0.2403500      0.2412400      0.2421700      0.2431200      0.2441100      0.2451200      0.2461600      0.2472300      0.2483100      0.2494200      0.2505500      0.2517000      0.2528700      0.2540600      0.2552500      0.2564700      0.2576900      0.2589300      0.2601800      0.2614300      0.2627000      0.2639700      0.2652500      0.2665300      0.2678200      0.2691200      0.2704200      0.2717200    
  0.2414900      0.2423300      0.2432000      0.2441000      0.2450400      0.2460000      0.2470000      0.2480200      0.2490700      0.2501500      0.2512400      0.2523600      0.2535000      0.2546500      0.2558300      0.2570100      0.2582100      0.2594300      0.2606600      0.2618900      0.2631400      0.2643900      0.2656600      0.2669300      0.2682000      0.2694800      0.2707700      0.2720600      0.2733500      0.2746500    
  0.2443200      0.2451800      0.2460600      0.2469800      0.2479300      0.2489100      0.2499200      0.2509500      0.2520100      0.2530900      0.2542000      0.2553200      0.2564700      0.2576300      0.2588000      0.2599900      0.2612000      0.2624100      0.2636400      0.2648800      0.2661300      0.2673800      0.2686400      0.2699100      0.2711800      0.2724600      0.2737400      0.2750200      0.2763100      0.2776000    
  0.2471800      0.2480500      0.2489500      0.2498800      0.2508500      0.2518400      0.2528600      0.2539000      0.2549700      0.2560600      0.2571700      0.2583100      0.2594600      0.2606200      0.2618000      0.2630000      0.2642000      0.2654200      0.2666500      0.2678900      0.2691300      0.2703900      0.2716500      0.2729100      0.2741800      0.2754500      0.2767300      0.2780000      0.2792800      0.2805600    
  0.2500500      0.2509400      0.2518500      0.2528000      0.2537800      0.2547900      0.2558200      0.2568700      0.2579500      0.2590500      0.2601700      0.2613100      0.2624700      0.2636400      0.2648200      0.2660200      0.2672300      0.2684500      0.2696800      0.2709200      0.2721600      0.2734200      0.2746700      0.2759300      0.2772000      0.2784600      0.2797300      0.2810000      0.2822800      0.2835500    
  0.2529400      0.2538400      0.2547800      0.2557400      0.2567400      0.2577500      0.2588000      0.2598600      0.2609500      0.2620600      0.2631900      0.2643400      0.2655000      0.2666700      0.2678600      0.2690700      0.2702800      0.2715000      0.2727300      0.2739700      0.2752100      0.2764600      0.2777200      0.2789700      0.2802300      0.2815000      0.2827600      0.2840200      0.2852900      0.2865500    
  0.2558400      0.2567700      0.2577200      0.2587000      0.2597100      0.2607400      0.2617900      0.2628700      0.2639700      0.2650900      0.2662300      0.2673800      0.2685500      0.2697300      0.2709200      0.2721300      0.2733400      0.2745700      0.2758000      0.2770400      0.2782800      0.2795300      0.2807800      0.2820300      0.2832900      0.2845500      0.2858000      0.2870600      0.2883200      0.2895800    
  0.2587600      0.2597100      0.2606800      0.2616700      0.2626900      0.2637400      0.2648100      0.2659000      0.2670000      0.2681300      0.2692800      0.2704400      0.2716100      0.2728000      0.2740000      0.2752100      0.2764300      0.2776500      0.2788900      0.2801200      0.2813700      0.2826100      0.2838600      0.2851100      0.2863600      0.2876100      0.2888600      0.2901100      0.2913600      0.2926100    
  0.2617000      0.2626600      0.2636400      0.2646600      0.2656900      0.2667500      0.2678300      0.2689300      0.2700500      0.2711900      0.2723400      0.2735100      0.2746900      0.2758900      0.2770900      0.2783000      0.2795300      0.2807500      0.2819900      0.2832200      0.2844700      0.2857100      0.2869600      0.2882000      0.2894500      0.2906900      0.2919400      0.2931800      0.2944200      0.2956600    
  0.2617070      0.2626670      0.2646520      0.2676500      0.2687100      0.2697800      0.2708700      0.2719900      0.2731200      0.2742600      0.2754300      0.2766000      0.2777900      0.2789900      0.2802000      0.2814200      0.2826400      0.2838700      0.2851000      0.2863400      0.2875800      0.2888200      0.2900700      0.2913100      0.2925500      0.2937900      0.2950300      0.2962600      0.2975000      0.2987300    
  0.2617160      0.2641690      0.2676500      0.2707120      0.2717300      0.2728200      0.2739200      0.2750500      0.2761900      0.2773500      0.2785200      0.2797000      0.2809000      0.2821000      0.2833200      0.2845400      0.2857700      0.2870000      0.2882300      0.2894700      0.2907100      0.2919500      0.2931900      0.2944300      0.2956700      0.2969000      0.2981300      0.2993600      0.3005800      0.3018000    
  0.2635790      0.2676500      0.2715920      0.2732450      0.2747600      0.2758700      0.2769900      0.2781200      0.2792800      0.2804400      0.2816200      0.2828200      0.2840200      0.2852300      0.2864500      0.2876700      0.2889000      0.2901400      0.2913700      0.2926100      0.2938500      0.2950900      0.2963300      0.2975600      0.2987900      0.3000200      0.3012500      0.3024700      0.3036800      0.3048900    
  0.2676500      0.2720010      0.2740020      0.2747600      0.2765170      0.2789200      0.2800600      0.2812100      0.2823700      0.2835500      0.2847400      0.2859400      0.2871500      0.2883700      0.2895900      0.2908200      0.2920500      0.2932900      0.2945300      0.2957700      0.2970000      0.2982400      0.2994700      0.3007000      0.3019300      0.3031500      0.3043700      0.3055800      0.3067900      0.3079900    
  0.2721980      0.2743810      0.2747600      0.2767320      0.2789200      0.2807030      0.2831300      0.2843000      0.2854700      0.2866600      0.2878600      0.2890700      0.2902900      0.2915100      0.2927400      0.2939800      0.2952100      0.2964500      0.2976900      0.2989300      0.3001600      0.3014000      0.3026300      0.3038500      0.3050800      0.3062900      0.3075000      0.3087100      0.3099100      0.3111000    
  0.2745710      0.2747600      0.2768040      0.2789200      0.2809180      0.2831300      0.2837150      0.2843000      0.2865520      0.2897800      0.2909900      0.2922100      0.2934400      0.2946700      0.2959000      0.2971400      0.2983800      0.2996200      0.3008600      0.3021000      0.3033300      0.3045700      0.3057900      0.3070200      0.3082300      0.3094400      0.3106400      0.3118400      0.3130300      0.3142100    
  0.2747600      0.2768280      0.2789200      0.2809890      0.2831300      0.2834220      0.2837150      0.2860870      0.2897800      0.2903850      0.2933680      0.2953600      0.2965900      0.2978300      0.2990700      0.3003100      0.3015600      0.3028000      0.3040400      0.3052800      0.3065100      0.3077400      0.3089700      0.3101800      0.3113900      0.3126000      0.3137900      0.3149800      0.3161600      0.3173300    
  0.2768360      0.2789200      0.2810130      0.2831300      0.2832760      0.2834220      0.2857510      0.2897800      0.2900830      0.2937930      0.2969300      0.2985000      0.2997500      0.3009900      0.3022400      0.3034900      0.3047300      0.3059800      0.3072200      0.3084600      0.3097000      0.3109200      0.3121400      0.3133600      0.3145600      0.3157600      0.3169500      0.3181300      0.3193000      0.3204600    
  0.2789200      0.2810210      0.2831300      0.2832030      0.2832760      0.2855570      0.2897800      0.2899310      0.2939740      0.2977150      0.2985000      0.2991250      0.3008500      0.3041600      0.3054100      0.3066700      0.3079200      0.3091700      0.3104100      0.3116500      0.3128800      0.3141100      0.3153300      0.3165400      0.3177400      0.3189300      0.3201100      0.3212800      0.3224400      0.3235900    
  0.2810240      0.2831300      0.2831670      0.2832030      0.2854540      0.2897800      0.2898560      0.2940590      0.2981080      0.2985000      0.2988130      0.3006590      0.3041600      0.3047850      0.3054130      0.3066670      0.3079200      0.3091670      0.3128220      0.3148400      0.3160800      0.3173000      0.3185100      0.3197200      0.3209100      0.3221000      0.3232700      0.3244300      0.3255800      0.3267200    
  0.2831300      0.2831480      0.2831670      0.2854010      0.2897800      0.2898180      0.2941000      0.2983040      0.2985000      0.2986560      0.3005330      0.3041600      0.3044730      0.3047860      0.3056220      0.3066670      0.3079180      0.3128780      0.3164400      0.3180400      0.3192700      0.3204900      0.3217000      0.3229000      0.3240900      0.3252700      0.3264300      0.3275800      0.3287200      0.3298500    
  0.2831390      0.2831480      0.2853740      0.2897800      0.2897990      0.2941200      0.2984020      0.2985000      0.2985780      0.3004620      0.3041600      0.3043160      0.3044730      0.3049600      0.3056910      0.3067350      0.3125480      0.3172400      0.3180400      0.3199230      0.3224600      0.3236800      0.3248900      0.3260900      0.3272700      0.3284400      0.3296000      0.3307400      0.3318700      0.3329900    
  0.2831390      0.2853600      0.2897800      0.2897890      0.2941300      0.2984510      0.2985000      0.2985390      0.3004250      0.3041600      0.3042380      0.3043160      0.3045830      0.3050410      0.3057960      0.3140440      0.3176400      0.3180400      0.3235160      0.3256550      0.3263880      0.3268800      0.3280800      0.3292700      0.3304500      0.3316100      0.3327600      0.3338900      0.3350100      0.3361200    
  0.2853540      0.2897800      0.2897850      0.2941350      0.2984750      0.2985000      0.2985200      0.3004060      0.3041600      0.3041990      0.3042380      0.3043790      0.3046470      0.3144180      0.3219020      0.3276040      0.3276050      0.3283890      0.3293790      0.3304450      0.3288500      0.3300700      0.3312700      0.3324600      0.3336300      0.3347800      0.3359200      0.3370500      0.3381500      0.3392500    
  0.2897800      0.2897820      0.2941370      0.2984880      0.2985000      0.2985100      0.3003960      0.3041600      0.3041800      0.3041990      0.3042720      0.3044210      0.3216480      0.3423480      0.3422500      0.3366760      0.3375660      0.3371700      0.3338400      0.3320370      0.3320400      0.3332500      0.3344500      0.3356300      0.3368000      0.3379500      0.3390800      0.3401900      0.3412900      0.3423700    
  0.2897810      0.2941390      0.2984940      0.2985000      0.2985050      0.3003920      0.3041600      0.3041700      0.3041800      0.3042170      0.3227270      0.3503700      0.3451040      0.3424470      0.3424470      0.3422500      0.3392830      0.3379630      0.3371700      0.3357080      0.3352200      0.3364400      0.3376300      0.3388100      0.3399700      0.3411100      0.3422300      0.3433400      0.3444200      0.3454900    
  0.2941390      0.2984970      0.2985000      0.2985020      0.3003890      0.3041600      0.3041650      0.3041700      0.3041890      0.3263730      0.3503700      0.3503700      0.3503700      0.3452490      0.3426440      0.3426440      0.3422500      0.3397470      0.3387550      0.3371700      0.3384000      0.3396100      0.3408100      0.3419800      0.3431300      0.3442700      0.3453800      0.3464700      0.3475500      0.3486000    
  0.2984980      0.2985000      0.2985010      0.3003880      0.3041600      0.3041620      0.3041650      0.3192110      0.3340790      0.3503780      0.3503700      0.3503700      0.3503700      0.3503700      0.3455360      0.3430370      0.3430370      0.3422500      0.3408150      0.3403400      0.3415700      0.3427800      0.3439700      0.3451400      0.3462900      0.3474100      0.3485200      0.3496000      0.3506600      0.3517100    
  0.2985000      0.2985010      0.3003870      0.3041600      0.3041610      0.3288630      0.3659100      0.3651150      0.3643200      0.3550430      0.3503950      0.3503700      0.3503700      0.3503700      0.3503700      0.3460940      0.3438240      0.3438250      0.3422500      0.3435000      0.3447300      0.3459400      0.3471300      0.3482900      0.3494300      0.3505500      0.3516500      0.3527200      0.3537700      0.3548000    
  0.2985000      0.3003870      0.3041600      0.3041610      0.3338050      0.3659160      0.3659160      0.3659100      0.3651150      0.3643200      0.3550860      0.3504460      0.3503700      0.3503700      0.3503700      0.3503700      0.3471460      0.3453970      0.3454000      0.3466500      0.3478900      0.3490900      0.3502800      0.3514400      0.3525700      0.3536800      0.3547600      0.3558300      0.3568700      0.3578800    
