iMOD/TUTORIALS/TUT_MetaswapAnalyser/model_MetaSWAP/meteo/Evaporation/Evaporation_20050123_L1.ASC
NCOLS                30
NROWS                30
XLLCORNER     160000.00
YLLCORNER     340000.00
CELLSIZE        1000.00
NODATA_VALUE   -9999.00
  0.5839700      0.5832200      0.5824700      0.5817200      0.5809700      0.5802200      0.5794700      0.5787200      0.5779700      0.5772200      0.5764600      0.5757100      0.5749500      0.5741900      0.5734300      0.5726700      0.5719000      0.5711300      0.5703600      0.5695800      0.5688000      0.5680200      0.5672400      0.5664500      0.5656600      0.5648600      0.5640700      0.5632700      0.5624700      0.5616600    
  0.5847300      0.5839800      0.5832200      0.5824600      0.5817100      0.5809500      0.5802000      0.5794400      0.5786900      0.5779300      0.5771800      0.5764200      0.5756600      0.5749000      0.5741300      0.5733700      0.5726000      0.5718300      0.5710500      0.5702700      0.5695000      0.5687100      0.5679300      0.5671400      0.5663500      0.5655600      0.5647600      0.5639700      0.5631700      0.5623700    
  0.5854900      0.5847200      0.5839600      0.5832000      0.5824400      0.5816800      0.5809200      0.5801600      0.5794000      0.5786400      0.5778800      0.5771200      0.5763600      0.5755900      0.5748200      0.5740600      0.5732900      0.5725100      0.5717400      0.5709600      0.5701800      0.5694000      0.5686100      0.5678300      0.5670400      0.5662500      0.5654600      0.5646600      0.5638600      0.5630600    
  0.5862300      0.5854600      0.5847000      0.5839300      0.5831700      0.5824000      0.5816400      0.5808700      0.5801100      0.5793500      0.5785800      0.5778200      0.5770500      0.5762800      0.5755100      0.5747400      0.5739700      0.5731900      0.5724200      0.5716400      0.5708600      0.5700800      0.5692900      0.5685100      0.5677200      0.5669300      0.5661400      0.5653500      0.5645500      0.5637600    
  0.5869700      0.5862000      0.5854200      0.5846500      0.5838900      0.5831200      0.5823500      0.5815800      0.5808100      0.5800400      0.5792800      0.5785100      0.5777400      0.5769700      0.5761900      0.5754200      0.5746500      0.5738700      0.5730900      0.5723100      0.5715300      0.5707500      0.5699700      0.5691800      0.5684000      0.5676100      0.5668200      0.5660300      0.5652400      0.5644500    
  0.5877000      0.5869200      0.5861500      0.5853700      0.5846000      0.5838300      0.5830500      0.5822800      0.5815100      0.5807400      0.5799600      0.5791900      0.5784200      0.5776500      0.5768700      0.5761000      0.5753200      0.5745400      0.5737600      0.5729800      0.5722000      0.5714200      0.5706400      0.5698500      0.5690700      0.5682800      0.5675000      0.5667100      0.5659200      0.5651300    
  0.5884200      0.5876400      0.5868600      0.5860800      0.5853100      0.5845300      0.5837500      0.5829800      0.5822000      0.5814200      0.5806500      0.5798700      0.5791000      0.5783200      0.5775400      0.5767700      0.5759900      0.5752100      0.5744300      0.5736500      0.5728700      0.5720900      0.5713000      0.5705200      0.5697400      0.5689500      0.5681700      0.5673800      0.5665900      0.5658100    
  0.5891400      0.5883500      0.5875700      0.5867900      0.5860100      0.5852300      0.5844500      0.5836700      0.5828900      0.5821100      0.5813300      0.5805500      0.5797700      0.5789900      0.5782100      0.5774300      0.5766500      0.5758700      0.5750900      0.5743100      0.5735300      0.5727500      0.5719600      0.5711800      0.5704000      0.5696100      0.5688300      0.5680500      0.5672600      0.5664800    
  0.5898500      0.5890600      0.5882800      0.5874900      0.5867000      0.5859200      0.5851300      0.5843500      0.5835700      0.5827800      0.5820000      0.5812200      0.5804400      0.5796500      0.5788700      0.5780900      0.5773100      0.5765300      0.5757500      0.5749600      0.5741800      0.5734000      0.5726200      0.5718400      0.5710600      0.5702700      0.5694900      0.5687100      0.5679300      0.5671500    
  0.5905600      0.5897600      0.5889700      0.5881800      0.5873900      0.5866000      0.5858200      0.5850300      0.5842400      0.5834600      0.5826700      0.5818800      0.5811000      0.5803100      0.5795300      0.5787500      0.5779600      0.5771800      0.5764000      0.5756200      0.5748300      0.5740500      0.5732700      0.5724900      0.5717100      0.5709300      0.5701500      0.5693700      0.5685900      0.5678100    
  0.5905570      0.5897630      0.5889450      0.5888700      0.5880800      0.5872900      0.5864900      0.5857000      0.5849100      0.5841200      0.5833300      0.5825500      0.5817600      0.5809700      0.5801800      0.5794000      0.5786100      0.5778300      0.5770500      0.5762600      0.5754800      0.5747000      0.5739200      0.5731400      0.5723600      0.5715800      0.5708000      0.5700300      0.5692500      0.5684700    
  0.5905570      0.5895340      0.5888700      0.5887870      0.5887600      0.5879600      0.5871700      0.5863700      0.5855800      0.5847900      0.5839900      0.5832000      0.5824100      0.5816200      0.5808400      0.5800500      0.5792600      0.5784800      0.5776900      0.5769100      0.5761300      0.5753400      0.5745600      0.5737800      0.5730100      0.5722300      0.5714500      0.5706800      0.5699000      0.5691300    
  0.5900770      0.5888700      0.5890490      0.5891000      0.5894400      0.5886400      0.5878400      0.5870400      0.5862400      0.5854500      0.5846500      0.5838600      0.5830600      0.5822700      0.5814800      0.5806900      0.5799000      0.5791200      0.5783300      0.5775500      0.5767700      0.5759900      0.5752100      0.5744300      0.5736500      0.5728700      0.5721000      0.5713300      0.5705600      0.5697800    
  0.5888700      0.5891570      0.5892700      0.5894400      0.5891300      0.5893100      0.5885000      0.5877000      0.5869000      0.5861000      0.5853000      0.5845100      0.5837100      0.5829200      0.5821300      0.5813300      0.5805500      0.5797600      0.5789700      0.5781900      0.5774000      0.5766200      0.5758400      0.5750700      0.5742900      0.5735200      0.5727400      0.5719700      0.5712000      0.5704400    
  0.5892060      0.5893550      0.5894400      0.5892930      0.5893100      0.5889930      0.5891700      0.5883600      0.5875600      0.5867600      0.5859500      0.5851500      0.5843600      0.5835600      0.5827700      0.5819700      0.5811800      0.5803900      0.5796100      0.5788200      0.5780400      0.5772600      0.5764800      0.5757000      0.5749300      0.5741600      0.5733800      0.5726200      0.5718500      0.5710900    
  0.5893970      0.5894400      0.5893480      0.5893100      0.5891580      0.5891700      0.5887650      0.5883630      0.5875230      0.5874100      0.5866000      0.5858000      0.5850000      0.5842000      0.5834000      0.5826100      0.5818200      0.5810300      0.5802400      0.5794500      0.5786700      0.5778900      0.5771100      0.5763400      0.5755600      0.5747900      0.5740200      0.5732600      0.5724900      0.5717300    
  0.5894400      0.5893660      0.5893100      0.5892130      0.5891700      0.5889680      0.5887660      0.5880150      0.5874100      0.5870050      0.5866660      0.5864400      0.5856400      0.5848400      0.5840400      0.5832400      0.5824500      0.5816600      0.5808700      0.5800800      0.5793000      0.5785200      0.5777400      0.5769700      0.5762000      0.5754300      0.5746600      0.5739000      0.5731400      0.5723800    
  0.5893720      0.5893100      0.5892310      0.5891700      0.5890690      0.5889680      0.5882900      0.5874100      0.5872070      0.5869840      0.5867600      0.5870800      0.5862800      0.5854700      0.5846700      0.5838700      0.5830800      0.5822900      0.5815000      0.5807100      0.5799300      0.5791500      0.5783700      0.5776000      0.5768300      0.5760600      0.5753000      0.5745300      0.5737800      0.5730200    
  0.5893100      0.5892370      0.5891700      0.5891190      0.5890690      0.5884340      0.5874100      0.5873090      0.5871200      0.5869200      0.5870800      0.5866800      0.5862350      0.5861100      0.5853000      0.5845000      0.5837100      0.5829100      0.5821200      0.5813400      0.5805500      0.5797700      0.5790000      0.5782300      0.5774600      0.5766900      0.5759300      0.5751700      0.5744100      0.5736600    
  0.5892390      0.5891700      0.5891450      0.5891190      0.5885080      0.5874100      0.5873590      0.5871840      0.5870000      0.5870800      0.5868800      0.5865260      0.5861100      0.5857050      0.5853030      0.5845030      0.5837070      0.5829130      0.5821840      0.5819600      0.5811800      0.5804000      0.5796200      0.5788500      0.5780800      0.5773200      0.5765600      0.5758000      0.5750500      0.5743000    
  0.5891700      0.5891570      0.5891450      0.5885460      0.5874100      0.5873850      0.5872150      0.5870400      0.5870800      0.5869800      0.5866490      0.5861100      0.5859080      0.5857060      0.5851710      0.5845040      0.5837080      0.5827340      0.5822750      0.5825900      0.5818000      0.5810200      0.5802500      0.5794800      0.5787100      0.5779500      0.5771900      0.5764400      0.5756900      0.5749400    
  0.5891640      0.5891570      0.5885640      0.5874100      0.5873970      0.5872300      0.5870600      0.5870800      0.5870300      0.5867050      0.5861100      0.5860090      0.5859080      0.5855950      0.5851270      0.5844610      0.5831940      0.5824330      0.5825900      0.5822700      0.5824200      0.5816500      0.5808700      0.5801000      0.5793400      0.5785800      0.5778200      0.5770700      0.5763200      0.5755800    
  0.5891640      0.5885740      0.5874100      0.5874040      0.5872370      0.5870700      0.5870800      0.5870550      0.5867310      0.5861100      0.5860590      0.5860090      0.5858370      0.5855430      0.5850610      0.5839500      0.5825110      0.5825900      0.5829710      0.5830450      0.5825800      0.5822700      0.5815000      0.5807300      0.5799600      0.5792100      0.5784500      0.5777000      0.5769600      0.5762200    
  0.5885790      0.5874100      0.5874070      0.5872410      0.5870750      0.5870800      0.5870670      0.5867440      0.5861100      0.5860850      0.5860590      0.5859680      0.5857960      0.5862000      0.5856570      0.5844550      0.5844550      0.5841230      0.5837720      0.5839800      0.5836700      0.5828900      0.5821200      0.5813500      0.5805900      0.5798300      0.5790800      0.5783400      0.5776000      0.5768600    
  0.5874100      0.5874080      0.5872430      0.5870770      0.5870800      0.5870740      0.5867500      0.5861100      0.5860970      0.5860850      0.5860380      0.5859410      0.5869490      0.5883800      0.5883600      0.5865720      0.5863980      0.5863200      0.5849640      0.5842900      0.5842900      0.5835100      0.5827400      0.5819800      0.5812200      0.5804600      0.5797100      0.5789700      0.5782300      0.5775000    
  0.5874090      0.5872440      0.5870790      0.5870800      0.5870770      0.5867540      0.5861100      0.5861040      0.5860970      0.5860730      0.5880330      0.5910500      0.5892860      0.5883990      0.5883990      0.5883600      0.5870770      0.5864750      0.5863200      0.5852650      0.5849100      0.5841400      0.5833600      0.5826000      0.5818400      0.5810900      0.5803400      0.5796000      0.5788700      0.5781400    
  0.5872450      0.5870790      0.5870800      0.5870780      0.5867550      0.5861100      0.5861070      0.5861040      0.5860910      0.5884610      0.5910500      0.5910500      0.5910500      0.5893150      0.5884390      0.5884390      0.5883600      0.5871520      0.5866300      0.5863200      0.5855400      0.5847600      0.5839900      0.5832300      0.5824700      0.5817200      0.5809800      0.5802400      0.5795100      0.5787800    
  0.5870800      0.5870800      0.5870790      0.5867560      0.5861100      0.5861080      0.5861070      0.5883500      0.5898690      0.5910520      0.5910500      0.5910500      0.5910500      0.5910500      0.5893710      0.5885180      0.5885180      0.5883600      0.5872970      0.5869400      0.5861600      0.5853800      0.5846200      0.5838500      0.5831000      0.5823500      0.5816100      0.5808800      0.5801500      0.5794300    
  0.5870800      0.5870800      0.5867560      0.5861100      0.5861090      0.5903010      0.5965900      0.5958450      0.5951000      0.5924050      0.5910550      0.5910500      0.5910500      0.5910500      0.5910500      0.5894790      0.5886750      0.5886750      0.5883600      0.5875700      0.5867800      0.5860100      0.5852400      0.5844800      0.5837300      0.5829800      0.5822500      0.5815200      0.5807900      0.5800700    
  0.5870800      0.5867560      0.5861100      0.5861100      0.5911410      0.5965910      0.5965910      0.5965900      0.5958450      0.5951000      0.5924140      0.5910660      0.5910500      0.5910500      0.5910500      0.5910500      0.5896730      0.5889900      0.5889900      0.5882000      0.5874100      0.5866400      0.5858700      0.5851100      0.5843600      0.5836200      0.5828800      0.5821600      0.5814400      0.5807200    
