iMOD/TUTORIALS/TUT_MetaswapAnalyser/model_MetaSWAP/meteo/Evaporation/Evaporation_20061226_L1.ASC
NCOLS                30
NROWS                30
XLLCORNER     160000.00
YLLCORNER     340000.00
CELLSIZE        1000.00
NODATA_VALUE   -9999.00
  0.7758000E-01  0.7791000E-01  0.7825000E-01  0.7859000E-01  0.7893000E-01  0.7927000E-01  0.7962000E-01  0.7996000E-01  0.8031000E-01  0.8066000E-01  0.8100000E-01  0.8135000E-01  0.8169000E-01  0.8204000E-01  0.8238000E-01  0.8272000E-01  0.8306000E-01  0.8340000E-01  0.8373000E-01  0.8407000E-01  0.8440000E-01  0.8473000E-01  0.8505000E-01  0.8538000E-01  0.8570000E-01  0.8601000E-01  0.8633000E-01  0.8664000E-01  0.8695000E-01  0.8725000E-01
  0.7827000E-01  0.7860000E-01  0.7894000E-01  0.7928000E-01  0.7962000E-01  0.7997000E-01  0.8031000E-01  0.8066000E-01  0.8101000E-01  0.8135000E-01  0.8170000E-01  0.8204000E-01  0.8239000E-01  0.8274000E-01  0.8308000E-01  0.8342000E-01  0.8376000E-01  0.8410000E-01  0.8443000E-01  0.8477000E-01  0.8510000E-01  0.8543000E-01  0.8575000E-01  0.8608000E-01  0.8640000E-01  0.8671000E-01  0.8703000E-01  0.8734000E-01  0.8764000E-01  0.8795000E-01
  0.7896000E-01  0.7929000E-01  0.7963000E-01  0.7998000E-01  0.8032000E-01  0.8067000E-01  0.8101000E-01  0.8136000E-01  0.8171000E-01  0.8205000E-01  0.8240000E-01  0.8275000E-01  0.8309000E-01  0.8344000E-01  0.8378000E-01  0.8413000E-01  0.8447000E-01  0.8480000E-01  0.8514000E-01  0.8547000E-01  0.8581000E-01  0.8613000E-01  0.8646000E-01  0.8678000E-01  0.8710000E-01  0.8742000E-01  0.8773000E-01  0.8804000E-01  0.8835000E-01  0.8865000E-01
  0.7965000E-01  0.7999000E-01  0.8033000E-01  0.8068000E-01  0.8102000E-01  0.8137000E-01  0.8172000E-01  0.8206000E-01  0.8241000E-01  0.8276000E-01  0.8311000E-01  0.8346000E-01  0.8380000E-01  0.8415000E-01  0.8449000E-01  0.8484000E-01  0.8518000E-01  0.8552000E-01  0.8585000E-01  0.8619000E-01  0.8652000E-01  0.8684000E-01  0.8717000E-01  0.8749000E-01  0.8781000E-01  0.8813000E-01  0.8844000E-01  0.8875000E-01  0.8905000E-01  0.8935000E-01
  0.8035000E-01  0.8069000E-01  0.8104000E-01  0.8138000E-01  0.8173000E-01  0.8208000E-01  0.8242000E-01  0.8277000E-01  0.8312000E-01  0.8347000E-01  0.8382000E-01  0.8417000E-01  0.8452000E-01  0.8486000E-01  0.8521000E-01  0.8555000E-01  0.8589000E-01  0.8623000E-01  0.8657000E-01  0.8690000E-01  0.8723000E-01  0.8756000E-01  0.8788000E-01  0.8821000E-01  0.8852000E-01  0.8884000E-01  0.8915000E-01  0.8946000E-01  0.8976000E-01  0.9006000E-01
  0.8105000E-01  0.8140000E-01  0.8174000E-01  0.8209000E-01  0.8244000E-01  0.8279000E-01  0.8314000E-01  0.8349000E-01  0.8384000E-01  0.8419000E-01  0.8454000E-01  0.8489000E-01  0.8524000E-01  0.8558000E-01  0.8593000E-01  0.8627000E-01  0.8661000E-01  0.8695000E-01  0.8729000E-01  0.8762000E-01  0.8795000E-01  0.8828000E-01  0.8860000E-01  0.8892000E-01  0.8924000E-01  0.8956000E-01  0.8987000E-01  0.9017000E-01  0.9048000E-01  0.9078000E-01
  0.8176000E-01  0.8211000E-01  0.8245000E-01  0.8280000E-01  0.8315000E-01  0.8350000E-01  0.8385000E-01  0.8421000E-01  0.8456000E-01  0.8491000E-01  0.8526000E-01  0.8561000E-01  0.8596000E-01  0.8631000E-01  0.8665000E-01  0.8699000E-01  0.8734000E-01  0.8767000E-01  0.8801000E-01  0.8834000E-01  0.8867000E-01  0.8900000E-01  0.8933000E-01  0.8965000E-01  0.8996000E-01  0.9028000E-01  0.9059000E-01  0.9089000E-01  0.9119000E-01  0.9149000E-01
  0.8247000E-01  0.8282000E-01  0.8317000E-01  0.8352000E-01  0.8387000E-01  0.8422000E-01  0.8458000E-01  0.8493000E-01  0.8528000E-01  0.8563000E-01  0.8599000E-01  0.8634000E-01  0.8668000E-01  0.8703000E-01  0.8738000E-01  0.8772000E-01  0.8806000E-01  0.8840000E-01  0.8874000E-01  0.8907000E-01  0.8940000E-01  0.8973000E-01  0.9005000E-01  0.9037000E-01  0.9069000E-01  0.9100000E-01  0.9131000E-01  0.9161000E-01  0.9192000E-01  0.9221000E-01
  0.8319000E-01  0.8354000E-01  0.8389000E-01  0.8424000E-01  0.8459000E-01  0.8495000E-01  0.8530000E-01  0.8565000E-01  0.8601000E-01  0.8636000E-01  0.8671000E-01  0.8707000E-01  0.8741000E-01  0.8776000E-01  0.8811000E-01  0.8845000E-01  0.8880000E-01  0.8913000E-01  0.8947000E-01  0.8980000E-01  0.9013000E-01  0.9046000E-01  0.9078000E-01  0.9110000E-01  0.9142000E-01  0.9173000E-01  0.9204000E-01  0.9234000E-01  0.9264000E-01  0.9294000E-01
  0.8391000E-01  0.8426000E-01  0.8461000E-01  0.8496000E-01  0.8532000E-01  0.8567000E-01  0.8603000E-01  0.8638000E-01  0.8674000E-01  0.8709000E-01  0.8745000E-01  0.8780000E-01  0.8815000E-01  0.8850000E-01  0.8884000E-01  0.8919000E-01  0.8953000E-01  0.8987000E-01  0.9021000E-01  0.9054000E-01  0.9087000E-01  0.9119000E-01  0.9152000E-01  0.9183000E-01  0.9215000E-01  0.9246000E-01  0.9277000E-01  0.9307000E-01  0.9337000E-01  0.9366000E-01
  0.8391000E-01  0.8426000E-01  0.8488000E-01  0.8569000E-01  0.8605000E-01  0.8640000E-01  0.8676000E-01  0.8712000E-01  0.8747000E-01  0.8783000E-01  0.8818000E-01  0.8853000E-01  0.8889000E-01  0.8923000E-01  0.8958000E-01  0.8993000E-01  0.9027000E-01  0.9061000E-01  0.9094000E-01  0.9128000E-01  0.9161000E-01  0.9193000E-01  0.9225000E-01  0.9257000E-01  0.9288000E-01  0.9319000E-01  0.9350000E-01  0.9380000E-01  0.9410000E-01  0.9439000E-01
  0.8391000E-01  0.8468500E-01  0.8569000E-01  0.8650750E-01  0.8678000E-01  0.8714000E-01  0.8749000E-01  0.8785000E-01  0.8821000E-01  0.8856000E-01  0.8892000E-01  0.8927000E-01  0.8963000E-01  0.8998000E-01  0.9032000E-01  0.9067000E-01  0.9101000E-01  0.9135000E-01  0.9168000E-01  0.9202000E-01  0.9235000E-01  0.9267000E-01  0.9299000E-01  0.9331000E-01  0.9362000E-01  0.9393000E-01  0.9424000E-01  0.9454000E-01  0.9483000E-01  0.9512000E-01
  0.8446120E-01  0.8569000E-01  0.8671310E-01  0.8714500E-01  0.8751000E-01  0.8787000E-01  0.8823000E-01  0.8859000E-01  0.8895000E-01  0.8930000E-01  0.8966000E-01  0.9002000E-01  0.9037000E-01  0.9072000E-01  0.9107000E-01  0.9141000E-01  0.9175000E-01  0.9209000E-01  0.9243000E-01  0.9276000E-01  0.9309000E-01  0.9341000E-01  0.9373000E-01  0.9405000E-01  0.9436000E-01  0.9467000E-01  0.9497000E-01  0.9527000E-01  0.9557000E-01  0.9586000E-01
  0.8569000E-01  0.8681020E-01  0.8732750E-01  0.8751000E-01  0.8799670E-01  0.8861000E-01  0.8897000E-01  0.8933000E-01  0.8969000E-01  0.9005000E-01  0.9040000E-01  0.9076000E-01  0.9111000E-01  0.9146000E-01  0.9181000E-01  0.9216000E-01  0.9250000E-01  0.9284000E-01  0.9318000E-01  0.9351000E-01  0.9384000E-01  0.9416000E-01  0.9448000E-01  0.9479000E-01  0.9511000E-01  0.9541000E-01  0.9571000E-01  0.9601000E-01  0.9631000E-01  0.9659000E-01
  0.8685720E-01  0.8741870E-01  0.8751000E-01  0.8803890E-01  0.8861000E-01  0.8909670E-01  0.8971000E-01  0.9007000E-01  0.9043000E-01  0.9079000E-01  0.9115000E-01  0.9151000E-01  0.9186000E-01  0.9221000E-01  0.9256000E-01  0.9291000E-01  0.9325000E-01  0.9359000E-01  0.9392000E-01  0.9426000E-01  0.9458000E-01  0.9491000E-01  0.9523000E-01  0.9554000E-01  0.9585000E-01  0.9616000E-01  0.9646000E-01  0.9675000E-01  0.9705000E-01  0.9733000E-01
  0.8746440E-01  0.8751000E-01  0.8805300E-01  0.8861000E-01  0.8913890E-01  0.8971000E-01  0.8989000E-01  0.9007000E-01  0.9070750E-01  0.9154000E-01  0.9190000E-01  0.9225000E-01  0.9261000E-01  0.9296000E-01  0.9331000E-01  0.9366000E-01  0.9400000E-01  0.9434000E-01  0.9468000E-01  0.9501000E-01  0.9533000E-01  0.9566000E-01  0.9598000E-01  0.9629000E-01  0.9660000E-01  0.9690000E-01  0.9720000E-01  0.9750000E-01  0.9779000E-01  0.9807000E-01
  0.8751000E-01  0.8805770E-01  0.8861000E-01  0.8915300E-01  0.8971000E-01  0.8980000E-01  0.8989000E-01  0.9055190E-01  0.9154000E-01  0.9172000E-01  0.9249000E-01  0.9300000E-01  0.9336000E-01  0.9371000E-01  0.9406000E-01  0.9441000E-01  0.9475000E-01  0.9509000E-01  0.9543000E-01  0.9576000E-01  0.9609000E-01  0.9641000E-01  0.9673000E-01  0.9704000E-01  0.9735000E-01  0.9765000E-01  0.9795000E-01  0.9824000E-01  0.9853000E-01  0.9881000E-01
  0.8805920E-01  0.8861000E-01  0.8915770E-01  0.8971000E-01  0.8975500E-01  0.8980000E-01  0.9044550E-01  0.9154000E-01  0.9163000E-01  0.9257800E-01  0.9338000E-01  0.9376000E-01  0.9411000E-01  0.9447000E-01  0.9482000E-01  0.9516000E-01  0.9551000E-01  0.9585000E-01  0.9618000E-01  0.9651000E-01  0.9684000E-01  0.9716000E-01  0.9748000E-01  0.9779000E-01  0.9810000E-01  0.9840000E-01  0.9870000E-01  0.9899000E-01  0.9928000E-01  0.9956000E-01
  0.8861000E-01  0.8915920E-01  0.8971000E-01  0.8973250E-01  0.8975500E-01  0.9038510E-01  0.9154000E-01  0.9158500E-01  0.9261560E-01  0.9357000E-01  0.9376000E-01  0.9393500E-01  0.9439000E-01  0.9522000E-01  0.9557000E-01  0.9592000E-01  0.9626000E-01  0.9660000E-01  0.9694000E-01  0.9727000E-01  0.9760000E-01  0.9792000E-01  0.9823000E-01  0.9854000E-01  0.9885000E-01  0.9915000E-01  0.9945000E-01  0.9974000E-01  0.1000200      0.1003000    
  0.8915970E-01  0.8971000E-01  0.8972120E-01  0.8973250E-01  0.9035320E-01  0.9154000E-01  0.9156250E-01  0.9263310E-01  0.9366500E-01  0.9376000E-01  0.9384750E-01  0.9432630E-01  0.9522000E-01  0.9539500E-01  0.9557000E-01  0.9591670E-01  0.9626000E-01  0.9660000E-01  0.9752400E-01  0.9803000E-01  0.9835000E-01  0.9867000E-01  0.9899000E-01  0.9930000E-01  0.9960000E-01  0.9990000E-01  0.1002000      0.1004800      0.1007700      0.1010500    
  0.8971000E-01  0.8971560E-01  0.8972120E-01  0.9033670E-01  0.9154000E-01  0.9155120E-01  0.9264160E-01  0.9371250E-01  0.9376000E-01  0.9380370E-01  0.9428840E-01  0.9522000E-01  0.9530750E-01  0.9539500E-01  0.9562720E-01  0.9591560E-01  0.9625890E-01  0.9751380E-01  0.9840500E-01  0.9878000E-01  0.9911000E-01  0.9943000E-01  0.9974000E-01  0.1000500      0.1003600      0.1006500      0.1009500      0.1012300      0.1015200      0.1017900    
  0.8971280E-01  0.8971560E-01  0.9032840E-01  0.9154000E-01  0.9154560E-01  0.9264580E-01  0.9373620E-01  0.9376000E-01  0.9378190E-01  0.9426800E-01  0.9522000E-01  0.9526370E-01  0.9530750E-01  0.9544320E-01  0.9564590E-01  0.9593390E-01  0.9741210E-01  0.9859250E-01  0.9878000E-01  0.9925330E-01  0.9987000E-01  0.1001900      0.1005000      0.1008100      0.1011100      0.1014100      0.1017000      0.1019800      0.1022600      0.1025400    
  0.8971280E-01  0.9032420E-01  0.9154000E-01  0.9154280E-01  0.9264790E-01  0.9374810E-01  0.9376000E-01  0.9377090E-01  0.9425750E-01  0.9522000E-01  0.9524190E-01  0.9526370E-01  0.9533820E-01  0.9546560E-01  0.9567440E-01  0.9774660E-01  0.9868620E-01  0.9878000E-01  0.1001050      0.1006250      0.1008160      0.1009400      0.1012600      0.1015600      0.1018700      0.1021600      0.1024500      0.1027300      0.1030100      0.1032800    
  0.9032210E-01  0.9154000E-01  0.9154140E-01  0.9264900E-01  0.9375410E-01  0.9376000E-01  0.9376550E-01  0.9425210E-01  0.9522000E-01  0.9523090E-01  0.9524190E-01  0.9528130E-01  0.9535580E-01  0.9774700E-01  0.9960920E-01  0.1010550      0.1010550      0.1012560      0.1015080      0.1017600      0.1013800      0.1017000      0.1020100      0.1023200      0.1026200      0.1029100      0.1032000      0.1034800      0.1037600      0.1040300    
  0.9154000E-01  0.9154070E-01  0.9264950E-01  0.9375700E-01  0.9376000E-01  0.9376270E-01  0.9424940E-01  0.9522000E-01  0.9522550E-01  0.9523090E-01  0.9525140E-01  0.9529300E-01  0.9949510E-01  0.1045340      0.1045100      0.1032030      0.1034250      0.1033300      0.1025590      0.1021400      0.1021400      0.1024600      0.1027700      0.1030800      0.1033700      0.1036700      0.1039500      0.1042300      0.1045100      0.1047700    
  0.9154040E-01  0.9264970E-01  0.9375850E-01  0.9376000E-01  0.9376140E-01  0.9424800E-01  0.9522000E-01  0.9522270E-01  0.9522550E-01  0.9523590E-01  0.9972710E-01  0.1064300      0.1051850      0.1045570      0.1045570      0.1045100      0.1038240      0.1035200      0.1033300      0.1030080      0.1029000      0.1032200      0.1035300      0.1038300      0.1041300      0.1044200      0.1047000      0.1049800      0.1052500      0.1055200    
  0.9264990E-01  0.9375930E-01  0.9376000E-01  0.9376070E-01  0.9424730E-01  0.9522000E-01  0.9522140E-01  0.9522270E-01  0.9522800E-01  0.1006100      0.1064300      0.1064300      0.1064300      0.1052210      0.1046050      0.1046050      0.1045100      0.1039360      0.1037100      0.1033300      0.1036600      0.1039700      0.1042800      0.1045900      0.1048800      0.1051700      0.1054500      0.1057300      0.1060000      0.1062600    
  0.9375960E-01  0.9376000E-01  0.9376030E-01  0.9424700E-01  0.9522000E-01  0.9522070E-01  0.9522140E-01  0.9886050E-01  0.1024690      0.1064320      0.1064300      0.1064300      0.1064300      0.1064300      0.1052900      0.1047000      0.1047000      0.1045100      0.1041930      0.1040900      0.1044100      0.1047300      0.1050400      0.1053400      0.1056300      0.1059200      0.1062000      0.1064800      0.1067400      0.1070000    
  0.9376000E-01  0.9376020E-01  0.9424680E-01  0.9522000E-01  0.9522030E-01  0.1011890      0.1101400      0.1099550      0.1097700      0.1075490      0.1064360      0.1064300      0.1064300      0.1064300      0.1064300      0.1054240      0.1048890      0.1048900      0.1045100      0.1048400      0.1051700      0.1054800      0.1057900      0.1060900      0.1063800      0.1066700      0.1069500      0.1072200      0.1074900      0.1077400    
  0.9376010E-01  0.9424680E-01  0.9522000E-01  0.9522020E-01  0.1023830      0.1101410      0.1101410      0.1101400      0.1099550      0.1097700      0.1075590      0.1064480      0.1064300      0.1064300      0.1064300      0.1064300      0.1056770      0.1052670      0.1052700      0.1056000      0.1059200      0.1062300      0.1065400      0.1068400      0.1071300      0.1074200      0.1077000      0.1079600      0.1082300      0.1084800    
