iMOD/TUTORIALS/TUT_MetaswapAnalyser/model_MetaSWAP/meteo/Evaporation/Evaporation_20060318_L1.ASC
NCOLS                30
NROWS                30
XLLCORNER     160000.00
YLLCORNER     340000.00
CELLSIZE        1000.00
NODATA_VALUE   -9999.00
   1.731150       1.727080       1.722960       1.718790       1.714560       1.710270       1.705930       1.701540       1.697100       1.692610       1.688060       1.683470       1.678840       1.674160       1.669430       1.664660       1.659850       1.654990       1.650100       1.645170       1.640200       1.635190       1.630150       1.625080       1.619970       1.614830       1.609670       1.604480       1.599260       1.594010    
   1.734690       1.730620       1.726490       1.722310       1.718080       1.713790       1.709450       1.705050       1.700610       1.696120       1.691580       1.686990       1.682360       1.677680       1.672960       1.668190       1.663390       1.658540       1.653660       1.648740       1.643780       1.638790       1.633760       1.628710       1.623620       1.618500       1.613350       1.608180       1.602980       1.597750    
   1.738200       1.734120       1.729990       1.725800       1.721560       1.717270       1.712930       1.708530       1.704090       1.699600       1.695060       1.690470       1.685840       1.681170       1.676460       1.671700       1.666900       1.662070       1.657190       1.652280       1.647340       1.642360       1.637350       1.632300       1.627230       1.622130       1.617000       1.611840       1.606660       1.601460    
   1.741680       1.737600       1.733460       1.729260       1.725020       1.720720       1.716380       1.711980       1.707540       1.703040       1.698510       1.693930       1.689300       1.684630       1.679920       1.675170       1.670380       1.665560       1.660690       1.655790       1.650860       1.645900       1.640900       1.635870       1.630810       1.625730       1.620620       1.615480       1.610320       1.605140    
   1.745130       1.741040       1.736890       1.732690       1.728440       1.724140       1.719800       1.715400       1.710950       1.706460       1.701930       1.697350       1.692730       1.688060       1.683360       1.678620       1.673830       1.669020       1.664160       1.659280       1.654360       1.649400       1.644420       1.639410       1.634370       1.629300       1.624210       1.619090       1.613950       1.608790    
   1.748560       1.744450       1.740300       1.736100       1.731840       1.727540       1.723190       1.718790       1.714340       1.709850       1.705320       1.700740       1.696120       1.691460       1.686770       1.682030       1.677260       1.672450       1.667610       1.662730       1.657820       1.652880       1.647910       1.642920       1.637890       1.632840       1.627770       1.622670       1.617550       1.612410    
   1.751950       1.747840       1.743680       1.739470       1.735210       1.730910       1.726550       1.722150       1.717710       1.713220       1.708680       1.704110       1.699490       1.694840       1.690150       1.685420       1.680650       1.675850       1.671020       1.666160       1.661260       1.656340       1.651380       1.646400       1.641390       1.636360       1.631310       1.626230       1.621130       1.616010    
   1.755320       1.751210       1.747040       1.742820       1.738560       1.734250       1.729890       1.725490       1.721040       1.716550       1.712020       1.707450       1.702840       1.698190       1.693500       1.688780       1.684020       1.679230       1.674410       1.669560       1.664670       1.659760       1.654820       1.649860       1.644870       1.639850       1.634810       1.629760       1.624680       1.619580    
   1.758670       1.754540       1.750370       1.746150       1.741880       1.737570       1.733210       1.728800       1.724350       1.719870       1.715340       1.710770       1.706160       1.701520       1.696830       1.692120       1.687370       1.682590       1.677780       1.672930       1.668060       1.663160       1.658240       1.653290       1.648320       1.643320       1.638300       1.633260       1.628200       1.623120    
   1.761990       1.757860       1.753680       1.749450       1.745180       1.740860       1.736500       1.732090       1.727640       1.723160       1.718630       1.714060       1.709460       1.704820       1.700140       1.695430       1.690690       1.685920       1.681120       1.676290       1.671430       1.666540       1.661630       1.656700       1.651740       1.646760       1.641760       1.636740       1.631700       1.626640    
   1.761980       1.757840       1.753430       1.752730       1.748460       1.744130       1.739770       1.735360       1.730910       1.726420       1.721900       1.717330       1.712730       1.708100       1.703430       1.698730       1.693990       1.689230       1.684440       1.679620       1.674770       1.669900       1.665000       1.660080       1.655140       1.650180       1.645200       1.640200       1.635180       1.630140    
   1.761960       1.756490       1.752730       1.751960       1.751710       1.747390       1.743020       1.738610       1.734160       1.729670       1.725150       1.720580       1.715990       1.711360       1.706690       1.702000       1.697270       1.692520       1.687730       1.682930       1.678090       1.673230       1.668350       1.663450       1.658520       1.653580       1.648620       1.643630       1.638630       1.633620    
   1.759310       1.752730       1.753240       1.753330       1.754950       1.750620       1.746250       1.741840       1.737390       1.732900       1.728380       1.723820       1.719220       1.714600       1.709940       1.705250       1.700530       1.695790       1.691010       1.686220       1.681390       1.676550       1.671680       1.666790       1.661880       1.656960       1.652010       1.647050       1.642070       1.637080    
   1.752730       1.753770       1.754140       1.754950       1.753140       1.753840       1.749470       1.745050       1.740600       1.736110       1.731590       1.727030       1.722440       1.717820       1.713160       1.708480       1.703770       1.699040       1.694270       1.689490       1.684680       1.679840       1.674990       1.670120       1.665230       1.660320       1.655390       1.650450       1.645490       1.640520    
   1.754000       1.754540       1.754950       1.753980       1.753840       1.751990       1.752670       1.748250       1.743800       1.739310       1.734790       1.730230       1.725640       1.721020       1.716380       1.711700       1.707000       1.702270       1.697520       1.692740       1.687940       1.683120       1.678280       1.673430       1.668550       1.663660       1.658750       1.653830       1.648890       1.643940    
   1.754750       1.754950       1.754260       1.753840       1.752830       1.752670       1.750460       1.748240       1.743460       1.742490       1.737970       1.733410       1.728830       1.724210       1.719570       1.714900       1.710200       1.705480       1.700740       1.695980       1.691190       1.686380       1.681560       1.676720       1.671860       1.666980       1.662090       1.657190       1.652270       1.647340    
   1.754950       1.754350       1.753840       1.753110       1.752670       1.751560       1.750460       1.746160       1.742490       1.740230       1.738040       1.736580       1.732000       1.727390       1.722750       1.718090       1.713400       1.708690       1.703950       1.699200       1.694420       1.689630       1.684820       1.679990       1.675150       1.670290       1.665420       1.660540       1.655640       1.650730    
   1.754380       1.753840       1.753210       1.752670       1.752120       1.751560       1.747670       1.742490       1.741360       1.739730       1.738160       1.739740       1.735160       1.730550       1.725920       1.721260       1.716580       1.711870       1.707150       1.702400       1.697640       1.692860       1.688070       1.683260       1.678430       1.673590       1.668740       1.663870       1.659000       1.654110    
   1.753840       1.753240       1.752670       1.752390       1.752120       1.748460       1.742490       1.741930       1.740450       1.738950       1.739740       1.737450       1.734790       1.733700       1.729070       1.724420       1.719740       1.715050       1.710330       1.705600       1.700850       1.696080       1.691300       1.686500       1.681690       1.676870       1.672040       1.667190       1.662340       1.657470    
   1.753250       1.752670       1.752530       1.752390       1.748870       1.742490       1.742210       1.740790       1.739350       1.739740       1.738600       1.736420       1.733700       1.731380       1.729060       1.724410       1.719740       1.715040       1.710340       1.708780       1.704040       1.699290       1.694520       1.689740       1.684950       1.680140       1.675330       1.670500       1.665670       1.660820    
   1.752670       1.752600       1.752530       1.749070       1.742490       1.742350       1.740950       1.739540       1.739740       1.739170       1.737110       1.733700       1.732540       1.731380       1.728290       1.724400       1.719730       1.713490       1.710370       1.711960       1.707230       1.702490       1.697730       1.692970       1.688190       1.683400       1.678610       1.673800       1.668990       1.664160    
   1.752640       1.752600       1.749170       1.742490       1.742420       1.741030       1.739640       1.739740       1.739450       1.737430       1.733700       1.733120       1.732540       1.730740       1.728020       1.724140       1.716150       1.711160       1.711960       1.709860       1.710400       1.705670       1.700930       1.696180       1.691420       1.686650       1.681880       1.677090       1.672300       1.667500    
   1.752640       1.749220       1.742490       1.742450       1.741080       1.739690       1.739740       1.739600       1.737580       1.733700       1.733410       1.733120       1.732130       1.730430       1.727630       1.720260       1.711560       1.711960       1.713420       1.713560       1.710740       1.708850       1.704130       1.699390       1.694650       1.689900       1.685140       1.680370       1.675600       1.670820    
   1.749250       1.742490       1.742470       1.741100       1.739720       1.739740       1.739670       1.737650       1.733700       1.733560       1.733410       1.732890       1.731900       1.732990       1.728970       1.721400       1.721410       1.719400       1.717250       1.718310       1.716730       1.712030       1.707310       1.702590       1.697870       1.693130       1.688390       1.683650       1.678890       1.674140    
   1.742490       1.742480       1.741110       1.739730       1.739740       1.739700       1.737690       1.733700       1.733630       1.733560       1.733280       1.732730       1.736320       1.741860       1.741760       1.732320       1.731240       1.730850       1.723510       1.719890       1.719890       1.715190       1.710500       1.705790       1.701080       1.696360       1.691640       1.686910       1.682180       1.677450    
   1.742490       1.741110       1.739730       1.739740       1.739720       1.737710       1.733700       1.733660       1.733630       1.733490       1.742220       1.755770       1.746580       1.741960       1.741960       1.741760       1.734870       1.731630       1.730850       1.724990       1.723040       1.718360       1.713670       1.708980       1.704290       1.699590       1.694890       1.690180       1.685470       1.680760    
   1.741110       1.739740       1.739740       1.739730       1.737720       1.733700       1.733680       1.733660       1.733590       1.744180       1.755770       1.755770       1.755770       1.746720       1.742150       1.742150       1.741760       1.735240       1.732410       1.730850       1.726180       1.721520       1.716850       1.712170       1.707490       1.702810       1.698130       1.693440       1.688750       1.684060    
   1.739740       1.739740       1.739740       1.737720       1.733700       1.733690       1.733680       1.744270       1.750990       1.755780       1.755770       1.755770       1.755770       1.755770       1.747000       1.742540       1.742540       1.741760       1.735930       1.733980       1.729330       1.724680       1.720020       1.715360       1.710700       1.706030       1.701370       1.696700       1.692030       1.687370    
   1.739740       1.739740       1.737720       1.733700       1.733700       1.753800       1.783950       1.780050       1.776160       1.762590       1.755800       1.755770       1.755770       1.755770       1.755770       1.747530       1.743320       1.743320       1.741760       1.737120       1.732480       1.727830       1.723190       1.718540       1.713900       1.709250       1.704610       1.699960       1.695320       1.690670    
   1.739740       1.737730       1.733700       1.733700       1.757820       1.783960       1.783960       1.783950       1.780050       1.776160       1.762640       1.755850       1.755770       1.755770       1.755770       1.755770       1.748490       1.744890       1.744890       1.740260       1.735630       1.730990       1.726360       1.721730       1.717100       1.712470       1.707850       1.703220       1.698600       1.693980    
