iMOD/TUTORIALS/TUT_MetaswapAnalyser/model_MetaSWAP/meteo/Evaporation/Evaporation_20050810_L1.ASC
NCOLS                30
NROWS                30
XLLCORNER     160000.00
YLLCORNER     340000.00
CELLSIZE        1000.00
NODATA_VALUE   -9999.00
   2.809630       2.804850       2.799830       2.794580       2.789120       2.783440       2.777570       2.771520       2.765290       2.758900       2.752360       2.745690       2.738880       2.731960       2.724930       2.717800       2.710580       2.703270       2.695900       2.688450       2.680950       2.673390       2.665790       2.658150       2.650480       2.642780       2.635060       2.627320       2.619570       2.611820    
   2.808770       2.803970       2.798940       2.793680       2.788200       2.782530       2.776660       2.770620       2.764400       2.758030       2.751510       2.744860       2.738070       2.731170       2.724170       2.717060       2.709870       2.702600       2.695250       2.687840       2.680370       2.672840       2.665280       2.657680       2.650040       2.642380       2.634700       2.627010       2.619300       2.611590    
   2.807790       2.802960       2.797910       2.792640       2.787160       2.781480       2.775620       2.769580       2.763370       2.757020       2.750510       2.743880       2.737110       2.730240       2.723260       2.716180       2.709010       2.701770       2.694450       2.687080       2.679640       2.672160       2.664630       2.657060       2.649470       2.641850       2.634210       2.626560       2.618900       2.611240    
   2.806700       2.801830       2.796760       2.791470       2.785980       2.780300       2.774440       2.768400       2.762210       2.755860       2.749370       2.742760       2.736010       2.729160       2.722210       2.715160       2.708020       2.700810       2.693520       2.686180       2.678780       2.671330       2.663840       2.656320       2.648760       2.641190       2.633590       2.625990       2.618370       2.610750    
   2.805480       2.800590       2.795490       2.790180       2.784680       2.779000       2.773130       2.767100       2.760910       2.754580       2.748110       2.741500       2.734780       2.727950       2.721020       2.714000       2.706890       2.699710       2.692460       2.685140       2.677780       2.670370       2.662920       2.655440       2.647930       2.640390       2.632840       2.625280       2.617720       2.610150    
   2.804170       2.799240       2.794110       2.788780       2.783270       2.777580       2.771710       2.765680       2.759500       2.753170       2.746710       2.740130       2.733420       2.726620       2.719710       2.712710       2.705630       2.698480       2.691260       2.683990       2.676660       2.669290       2.661880       2.654430       2.646970       2.639480       2.631970       2.624460       2.616940       2.609420    
   2.802750       2.797790       2.792630       2.787280       2.781750       2.776050       2.770180       2.764150       2.757970       2.751650       2.745200       2.738630       2.731950       2.725160       2.718280       2.711300       2.704250       2.697130       2.689950       2.682710       2.675410       2.668080       2.660710       2.653310       2.645890       2.638440       2.630990       2.623520       2.616050       2.608580    
   2.801250       2.796250       2.791060       2.785690       2.780140       2.774420       2.768540       2.762510       2.756340       2.750020       2.743580       2.737030       2.730360       2.723590       2.716730       2.709780       2.702760       2.695670       2.688520       2.681310       2.674060       2.666760       2.659430       2.652070       2.644690       2.637300       2.629890       2.622470       2.615050       2.607630    
   2.799660       2.794620       2.789400       2.784000       2.778430       2.772700       2.766810       2.760780       2.754600       2.748290       2.741860       2.735320       2.728660       2.721910       2.715070       2.708150       2.701160       2.694100       2.686980       2.679800       2.672590       2.665330       2.658040       2.650730       2.643390       2.636040       2.628680       2.621310       2.613940       2.606580    
   2.797990       2.792910       2.787650       2.782230       2.776640       2.770890       2.764990       2.758950       2.752770       2.746470       2.740040       2.733510       2.726870       2.720140       2.713320       2.706420       2.699450       2.692420       2.685330       2.678190       2.671010       2.663790       2.656550       2.649280       2.641990       2.634680       2.627370       2.620050       2.612730       2.605420    
   2.797930       2.792850       2.785790       2.780380       2.774760       2.769000       2.763090       2.757040       2.750860       2.744550       2.738140       2.731610       2.724980       2.718270       2.711470       2.704590       2.697650       2.690640       2.683590       2.676480       2.669340       2.662160       2.654950       2.647730       2.640480       2.633220       2.625960       2.618690       2.611430       2.604170    
   2.797870       2.789240       2.780380       2.774690       2.772820       2.767030       2.761110       2.755050       2.748860       2.742560       2.736140       2.729630       2.723010       2.716310       2.709530       2.702670       2.695750       2.688780       2.681750       2.674680       2.667570       2.660430       2.653270       2.646080       2.638880       2.631670       2.624460       2.617240       2.610030       2.602830    
   2.792560       2.780380       2.774420       2.771810       2.770800       2.765000       2.759060       2.752990       2.746790       2.740490       2.734070       2.727560       2.720960       2.714270       2.707500       2.700670       2.693770       2.686820       2.679830       2.672790       2.665720       2.658610       2.651490       2.644350       2.637200       2.630030       2.622870       2.615710       2.608550       2.601400    
   2.780380       2.774230       2.771310       2.770800       2.766230       2.762900       2.756940       2.750860       2.744660       2.738350       2.731930       2.725420       2.718830       2.712150       2.705400       2.698590       2.691710       2.684790       2.677820       2.670820       2.663780       2.656710       2.649630       2.642530       2.635420       2.628310       2.621200       2.614090       2.606980       2.599890    
   2.774110       2.771050       2.770800       2.766640       2.762900       2.758200       2.754770       2.748670       2.742460       2.736140       2.729730       2.723220       2.716630       2.709960       2.703230       2.696430       2.689580       2.682680       2.675740       2.668770       2.661760       2.654740       2.647690       2.640640       2.633580       2.626510       2.619450       2.612390       2.605340       2.598300    
   2.770930       2.770800       2.766780       2.762900       2.758620       2.754770       2.751720       2.748630       2.740290       2.733880       2.727460       2.720950       2.714370       2.707710       2.700990       2.694210       2.687380       2.680500       2.673590       2.666640       2.659670       2.652690       2.645680       2.638670       2.631650       2.624640       2.617620       2.610620       2.603620       2.596640    
   2.770800       2.766830       2.762900       2.758760       2.754770       2.753240       2.751710       2.743630       2.733880       2.730670       2.723440       2.718630       2.712050       2.705400       2.698690       2.691920       2.685110       2.678260       2.671370       2.664460       2.657520       2.650570       2.643600       2.636630       2.629660       2.622690       2.615730       2.608780       2.601840       2.594920    
   2.766840       2.762900       2.758810       2.754770       2.754010       2.753240       2.745620       2.733880       2.732280       2.724340       2.717440       2.716260       2.709680       2.703040       2.696330       2.689580       2.682790       2.675960       2.669090       2.662210       2.655300       2.648390       2.641460       2.634530       2.627610       2.620690       2.613780       2.606880       2.599990       2.593130    
   2.762900       2.758830       2.754770       2.754390       2.754010       2.746690       2.733880       2.733080       2.724720       2.716850       2.716260       2.712970       2.707400       2.700620       2.693930       2.687190       2.680410       2.673600       2.666760       2.659900       2.653030       2.646150       2.639260       2.632380       2.625500       2.618620       2.611760       2.604920       2.598090       2.591280    
   2.758830       2.754770       2.754580       2.754390       2.747240       2.733880       2.733480       2.724900       2.716560       2.716260       2.714610       2.709310       2.700620       2.697270       2.693910       2.687180       2.680400       2.673590       2.662590       2.657550       2.650710       2.643860       2.637010       2.630170       2.623330       2.616510       2.609700       2.602910       2.596140       2.589390    
   2.754770       2.754670       2.754580       2.747520       2.733880       2.733680       2.724990       2.716410       2.716260       2.715440       2.710200       2.700620       2.698950       2.697270       2.692790       2.687160       2.680390       2.665620       2.656350       2.655150       2.648340       2.641520       2.634710       2.627910       2.621120       2.614340       2.607580       2.600850       2.594130       2.587440    
   2.754720       2.754670       2.747660       2.733880       2.733780       2.725030       2.716330       2.716260       2.715850       2.710630       2.700620       2.699780       2.698950       2.696340       2.692410       2.686780       2.668810       2.655750       2.655150       2.649810       2.645930       2.639150       2.632370       2.625610       2.618860       2.612140       2.605430       2.598750       2.592090       2.585460    
   2.754720       2.747740       2.733880       2.733830       2.725050       2.716300       2.716260       2.716050       2.710840       2.700620       2.700200       2.699780       2.698350       2.695900       2.691840       2.670220       2.655450       2.655150       2.647040       2.643470       2.639420       2.636730       2.629990       2.623270       2.616570       2.609890       2.603230       2.596610       2.590010       2.583440    
   2.747770       2.733880       2.733860       2.725060       2.716280       2.716260       2.716160       2.710940       2.700620       2.700410       2.700200       2.699450       2.698010       2.681920       2.664910       2.647620       2.647620       2.644340       2.640570       2.639750       2.641000       2.634290       2.627590       2.620900       2.614250       2.607610       2.601010       2.594430       2.587890       2.581380    
   2.733880       2.733870       2.725060       2.716270       2.716260       2.716210       2.711000       2.700620       2.700520       2.700410       2.700020       2.699220       2.672470       2.641520       2.641600       2.642310       2.639780       2.640100       2.638840       2.638490       2.638500       2.631820       2.625150       2.618510       2.611890       2.605310       2.598760       2.592240       2.585750       2.579300    
   2.733870       2.725070       2.716260       2.716260       2.716230       2.711020       2.700620       2.700570       2.700520       2.700320       2.676150       2.640540       2.641130       2.641440       2.641440       2.641600       2.640230       2.639460       2.640100       2.637010       2.635980       2.629330       2.622690       2.616090       2.609520       2.602980       2.596480       2.590020       2.583590       2.577200    
   2.725070       2.716260       2.716260       2.716250       2.711030       2.700620       2.700590       2.700570       2.700470       2.671610       2.640540       2.640540       2.640540       2.641010       2.641280       2.641280       2.641600       2.639770       2.638810       2.640100       2.633450       2.626820       2.620220       2.613660       2.607130       2.600640       2.594190       2.587780       2.581410       2.575090    
   2.716260       2.716260       2.716250       2.711040       2.700620       2.700610       2.700590       2.684150       2.664470       2.640530       2.640540       2.640540       2.640540       2.640540       2.640760       2.640960       2.640950       2.641600       2.638550       2.637530       2.630900       2.624300       2.617740       2.611210       2.604730       2.598290       2.591890       2.585540       2.579230       2.572960    
   2.716260       2.716260       2.711040       2.700620       2.700610       2.676140       2.639430       2.637190       2.634960       2.638660       2.640520       2.640540       2.640540       2.640540       2.640540       2.640290       2.640310       2.640310       2.641600       2.634960       2.628360       2.621780       2.615250       2.608760       2.602320       2.595930       2.589580       2.583290       2.577040       2.570830    
   2.716260       2.711050       2.700620       2.700620       2.671240       2.639430       2.639430       2.639430       2.637190       2.634960       2.638630       2.640480       2.640540       2.640540       2.640540       2.640540       2.639340       2.639020       2.639020       2.632400       2.625810       2.619270       2.612770       2.606320       2.599920       2.593570       2.587280       2.581040       2.574850       2.568710    
