iMOD/TUTORIALS/TUT_MetaswapAnalyser/model_MetaSWAP/meteo/Evaporation/Evaporation_20050203_L1.ASC
NCOLS                30
NROWS                30
XLLCORNER     160000.00
YLLCORNER     340000.00
CELLSIZE        1000.00
NODATA_VALUE   -9999.00
  0.4445900      0.4419700      0.4393100      0.4366100      0.4338700      0.4311000      0.4283100      0.4254900      0.4226400      0.4197800      0.4169100      0.4140200      0.4111200      0.4082200      0.4053200      0.4024100      0.3995100      0.3966100      0.3937100      0.3908200      0.3879400      0.3850700      0.3822100      0.3793600      0.3765300      0.3737100      0.3709100      0.3681200      0.3653500      0.3626000    
  0.4424500      0.4398400      0.4371900      0.4345000      0.4317800      0.4290300      0.4262400      0.4234400      0.4206100      0.4177600      0.4149000      0.4120300      0.4091500      0.4062600      0.4033700      0.4004800      0.3975800      0.3947000      0.3918100      0.3889300      0.3860600      0.3832000      0.3803600      0.3775200      0.3747000      0.3718900      0.3690900      0.3663100      0.3635500      0.3608100    
  0.4402600      0.4376700      0.4350300      0.4323600      0.4296500      0.4269100      0.4241400      0.4213500      0.4185400      0.4157100      0.4128600      0.4100100      0.4071400      0.4042600      0.4013900      0.3985100      0.3956300      0.3927500      0.3898800      0.3870100      0.3841500      0.3813100      0.3784700      0.3756400      0.3728300      0.3700300      0.3672400      0.3644800      0.3617200      0.3589900    
  0.4380500      0.4354600      0.4328400      0.4301800      0.4274900      0.4247600      0.4220100      0.4192300      0.4164400      0.4136200      0.4107900      0.4079500      0.4050900      0.4022300      0.3993700      0.3965000      0.3936400      0.3907700      0.3879100      0.3850600      0.3822100      0.3793800      0.3765500      0.3737300      0.3709300      0.3681400      0.3653700      0.3626100      0.3598700      0.3571400    
  0.4358000      0.4332300      0.4306200      0.4279700      0.4252900      0.4225800      0.4198400      0.4170800      0.4143000      0.4115000      0.4086800      0.4058500      0.4030100      0.4001700      0.3973200      0.3944700      0.3916100      0.3887600      0.3859200      0.3830700      0.3802400      0.3774100      0.3746000      0.3718000      0.3690000      0.3662300      0.3634600      0.3607100      0.3579800      0.3552700    
  0.4335200      0.4309600      0.4283700      0.4257300      0.4230600      0.4203700      0.4176400      0.4149000      0.4121300      0.4093400      0.4065400      0.4037300      0.4009000      0.3980700      0.3952300      0.3924000      0.3895600      0.3867200      0.3838900      0.3810600      0.3782400      0.3754200      0.3726200      0.3698300      0.3670500      0.3642800      0.3615300      0.3587900      0.3560700      0.3533700    
  0.4312200      0.4286700      0.4260800      0.4234600      0.4208100      0.4181200      0.4154100      0.4126800      0.4099300      0.4071500      0.4043700      0.4015700      0.3987600      0.3959400      0.3931200      0.3903000      0.3874700      0.3846500      0.3818300      0.3790100      0.3762000      0.3734000      0.3706100      0.3678300      0.3650700      0.3623100      0.3595700      0.3568500      0.3541400      0.3514400    
  0.4288900      0.4263500      0.4237700      0.4211600      0.4185200      0.4158500      0.4131600      0.4104400      0.4077000      0.4049400      0.4021700      0.3993800      0.3965900      0.3937800      0.3909800      0.3881700      0.3853500      0.3825500      0.3797400      0.3769400      0.3741400      0.3713600      0.3685800      0.3658100      0.3630600      0.3603100      0.3575900      0.3548700      0.3521800      0.3494900    
  0.4265300      0.4240000      0.4214400      0.4188400      0.4162100      0.4135500      0.4108700      0.4081700      0.4054400      0.4027000      0.3999400      0.3971700      0.3943900      0.3916000      0.3888000      0.3860100      0.3832100      0.3804100      0.3776200      0.3748300      0.3720500      0.3692800      0.3665200      0.3637600      0.3610200      0.3582900      0.3555800      0.3528800      0.3501900      0.3475200    
  0.4241500      0.4216300      0.4190800      0.4164900      0.4138800      0.4112300      0.4085600      0.4058700      0.4031600      0.4004300      0.3976800      0.3949200      0.3921600      0.3893800      0.3866000      0.3838200      0.3810400      0.3782600      0.3754800      0.3727000      0.3699400      0.3671800      0.3644300      0.3616900      0.3589600      0.3562400      0.3535400      0.3508500      0.3481800      0.3455200    
  0.4241370      0.4216200      0.4178300      0.4141200      0.4115100      0.4088800      0.4062200      0.4035500      0.4008500      0.3981300      0.3954000      0.3926600      0.3899000      0.3871400      0.3843800      0.3816100      0.3788400      0.3760700      0.3733100      0.3705500      0.3678000      0.3650500      0.3623100      0.3595900      0.3568700      0.3541700      0.3514800      0.3488100      0.3461500      0.3435100    
  0.4241240      0.4194270      0.4141200      0.4103720      0.4091300      0.4065100      0.4038700      0.4012000      0.3985100      0.3958100      0.3930900      0.3903600      0.3876200      0.3848800      0.3821300      0.3793700      0.3766200      0.3738700      0.3711200      0.3683700      0.3656300      0.3629000      0.3601800      0.3574700      0.3547700      0.3520800      0.3494000      0.3467400      0.3441000      0.3414700    
  0.4210690      0.4141200      0.4097880      0.4079300      0.4067300      0.4041200      0.4014900      0.3988300      0.3961600      0.3934700      0.3907600      0.3880500      0.3853200      0.3825900      0.3798500      0.3771100      0.3743700      0.3716300      0.3689000      0.3661700      0.3634400      0.3607200      0.3580200      0.3553200      0.3526300      0.3499600      0.3473000      0.3446600      0.3420200      0.3394100    
  0.4141200      0.4094920      0.4073300      0.4067300      0.4041870      0.4017100      0.3990900      0.3964400      0.3937800      0.3911000      0.3884100      0.3857100      0.3830000      0.3802800      0.3775600      0.3748300      0.3721000      0.3693800      0.3666600      0.3639400      0.3612300      0.3585300      0.3558400      0.3531500      0.3504800      0.3478200      0.3451800      0.3425500      0.3399300      0.3373300    
  0.4093430      0.4070300      0.4067300      0.4042090      0.4017100      0.3991570      0.3966700      0.3940300      0.3913900      0.3887200      0.3860400      0.3833500      0.3806500      0.3779500      0.3752400      0.3725300      0.3698100      0.3671000      0.3644000      0.3616900      0.3590000      0.3563100      0.3536300      0.3509600      0.3483100      0.3456600      0.3430300      0.3404200      0.3378200      0.3352300    
  0.4068800      0.4067300      0.4042160      0.4017100      0.3991790      0.3966700      0.3953500      0.3940300      0.3901150      0.3863200      0.3836500      0.3809700      0.3782900      0.3756000      0.3729000      0.3702000      0.3675000      0.3648100      0.3621200      0.3594300      0.3567500      0.3540700      0.3514100      0.3487600      0.3461200      0.3434900      0.3408700      0.3382700      0.3356900      0.3331200    
  0.4067300      0.4042190      0.4017100      0.3991860      0.3966700      0.3960100      0.3953500      0.3914540      0.3863200      0.3849850      0.3811380      0.3785800      0.3759100      0.3732300      0.3705500      0.3678600      0.3651800      0.3624900      0.3598100      0.3571400      0.3544700      0.3518200      0.3491700      0.3465300      0.3439000      0.3412900      0.3386900      0.3361100      0.3335400      0.3309900    
  0.4042200      0.4017100      0.3991890      0.3966700      0.3963400      0.3960100      0.3922830      0.3863200      0.3856520      0.3811980      0.3773750      0.3761700      0.3735100      0.3708400      0.3681700      0.3655000      0.3628300      0.3601600      0.3575000      0.3548400      0.3521800      0.3495400      0.3469100      0.3442900      0.3416800      0.3390800      0.3365000      0.3339300      0.3313700      0.3288400    
  0.4017100      0.3991900      0.3966700      0.3965050      0.3963400      0.3927380      0.3863200      0.3859860      0.3812230      0.3767730      0.3761700      0.3748400      0.3722400      0.3684400      0.3657800      0.3631200      0.3604700      0.3578100      0.3551600      0.3525200      0.3498800      0.3472500      0.3446300      0.3420300      0.3394300      0.3368500      0.3342800      0.3317300      0.3291900      0.3266700    
  0.3991900      0.3966700      0.3965870      0.3965050      0.3929760      0.3863200      0.3861530      0.3812340      0.3764710      0.3761700      0.3755050      0.3729230      0.3684400      0.3671100      0.3657800      0.3631230      0.3604670      0.3578130      0.3527000      0.3501800      0.3475600      0.3449400      0.3423400      0.3397500      0.3371700      0.3346100      0.3320600      0.3295200      0.3270000      0.3245000    
  0.3966700      0.3966290      0.3965870      0.3930970      0.3863200      0.3862370      0.3812400      0.3763210      0.3761700      0.3758380      0.3732590      0.3684400      0.3677750      0.3671100      0.3653380      0.3631230      0.3604680      0.3535630      0.3490050      0.3478300      0.3452200      0.3426200      0.3400300      0.3374600      0.3349000      0.3323500      0.3298100      0.3273000      0.3247900      0.3223100    
  0.3966490      0.3966290      0.3931580      0.3863200      0.3862780      0.3812420      0.3762450      0.3761700      0.3760040      0.3734270      0.3684400      0.3681070      0.3677750      0.3667410      0.3651900      0.3629760      0.3546800      0.3484170      0.3478300      0.3453070      0.3428700      0.3402900      0.3377100      0.3351500      0.3326100      0.3300800      0.3275600      0.3250600      0.3225700      0.3201000    
  0.3966490      0.3931890      0.3863200      0.3862990      0.3812440      0.3762080      0.3761700      0.3760870      0.3735100      0.3684400      0.3682740      0.3681070      0.3675410      0.3665690      0.3649690      0.3543240      0.3481240      0.3478300      0.3426440      0.3405000      0.3389620      0.3379400      0.3353800      0.3328400      0.3303100      0.3277900      0.3252900      0.3228100      0.3203400      0.3178900    
  0.3932050      0.3863200      0.3863100      0.3812440      0.3761890      0.3761700      0.3761280      0.3735520      0.3684400      0.3683570      0.3682740      0.3679740      0.3674060      0.3575520      0.3486610      0.3406470      0.3406500      0.3393110      0.3377280      0.3369400      0.3381300      0.3355800      0.3330400      0.3305100      0.3280000      0.3255000      0.3230200      0.3205500      0.3181000      0.3156700    
  0.3863200      0.3863150      0.3812450      0.3761790      0.3761700      0.3761490      0.3735730      0.3684400      0.3683980      0.3683570      0.3682020      0.3678850      0.3509930      0.3310540      0.3311300      0.3343270      0.3331670      0.3334700      0.3348830      0.3357430      0.3357500      0.3332100      0.3306800      0.3281700      0.3256800      0.3231900      0.3207300      0.3182800      0.3158500      0.3134400    
  0.3863170      0.3812450      0.3761750      0.3761700      0.3761600      0.3735830      0.3684400      0.3684190      0.3683980      0.3683190      0.3514010      0.3262800      0.3293990      0.3309770      0.3309770      0.3311300      0.3323620      0.3328650      0.3334700      0.3333800      0.3333500      0.3308300      0.3283200      0.3258300      0.3233500      0.3208800      0.3184400      0.3160000      0.3135900      0.3112000    
  0.3812450      0.3761720      0.3761700      0.3761650      0.3735880      0.3684400      0.3684300      0.3684190      0.3683790      0.3481360      0.3262800      0.3262800      0.3262800      0.3292860      0.3308250      0.3308250      0.3311300      0.3319820      0.3322600      0.3334700      0.3309500      0.3284500      0.3259500      0.3234700      0.3210100      0.3185600      0.3161300      0.3137200      0.3113300      0.3089500    
  0.3761710      0.3761700      0.3761670      0.3735910      0.3684400      0.3684350      0.3684300      0.3554290      0.3417830      0.3262730      0.3262800      0.3262800      0.3262800      0.3262800      0.3290620      0.3305200      0.3305200      0.3311300      0.3310700      0.3310500      0.3285500      0.3260500      0.3235700      0.3211100      0.3186700      0.3162400      0.3138300      0.3114300      0.3090600      0.3067000    
  0.3761700      0.3761690      0.3735920      0.3684400      0.3684370      0.3476640      0.3165100      0.3165000      0.3164900      0.3229980      0.3262600      0.3262800      0.3262800      0.3262800      0.3262800      0.3286230      0.3299100      0.3299100      0.3311300      0.3286300      0.3261300      0.3236600      0.3211900      0.3187500      0.3163200      0.3139100      0.3115100      0.3091400      0.3067800      0.3044400    
  0.3761690      0.3735930      0.3684400      0.3684390      0.3435080      0.3165050      0.3165050      0.3165100      0.3165000      0.3164900      0.3229640      0.3262190      0.3262800      0.3262800      0.3262800      0.3262800      0.3277840      0.3286900      0.3286900      0.3262000      0.3237200      0.3212500      0.3188100      0.3163800      0.3139600      0.3115700      0.3092000      0.3068400      0.3045000      0.3021800    
