iMOD/TUTORIALS/TUT_MetaswapAnalyser/model_MetaSWAP/meteo/Evaporation/Evaporation_20060308_L1.ASC
NCOLS                30
NROWS                30
XLLCORNER     160000.00
YLLCORNER     340000.00
CELLSIZE        1000.00
NODATA_VALUE   -9999.00
  0.2085300      0.2088400      0.2091600      0.2095000      0.2098400      0.2101900      0.2105500      0.2109200      0.2113000      0.2116900      0.2120900      0.2125000      0.2129200      0.2133500      0.2137900      0.2142400      0.2147000      0.2151700      0.2156500      0.2161500      0.2166500      0.2171600      0.2176800      0.2182200      0.2187600      0.2193100      0.2198700      0.2204400      0.2210300      0.2216200    
  0.2090200      0.2093400      0.2096600      0.2099900      0.2103300      0.2106800      0.2110400      0.2114100      0.2117900      0.2121800      0.2125800      0.2129900      0.2134100      0.2138400      0.2142800      0.2147300      0.2151900      0.2156600      0.2161400      0.2166300      0.2171300      0.2176400      0.2181600      0.2186900      0.2192300      0.2197800      0.2203400      0.2209100      0.2214900      0.2220700    
  0.2095100      0.2098300      0.2101500      0.2104800      0.2108200      0.2111700      0.2115400      0.2119100      0.2122800      0.2126700      0.2130700      0.2134800      0.2139000      0.2143300      0.2147700      0.2152200      0.2156800      0.2161500      0.2166200      0.2171100      0.2176100      0.2181200      0.2186400      0.2191600      0.2197000      0.2202500      0.2208100      0.2213700      0.2219500      0.2225300    
  0.2100000      0.2103200      0.2106400      0.2109800      0.2113200      0.2116700      0.2120300      0.2124000      0.2127800      0.2131700      0.2135700      0.2139800      0.2143900      0.2148200      0.2152600      0.2157100      0.2161600      0.2166300      0.2171100      0.2176000      0.2180900      0.2186000      0.2191100      0.2196400      0.2201700      0.2207200      0.2212700      0.2218300      0.2224100      0.2229900    
  0.2104900      0.2108100      0.2111300      0.2114700      0.2118100      0.2121600      0.2125200      0.2128900      0.2132700      0.2136600      0.2140600      0.2144700      0.2148900      0.2153100      0.2157500      0.2162000      0.2166500      0.2171200      0.2175900      0.2180800      0.2185700      0.2190800      0.2195900      0.2201100      0.2206500      0.2211900      0.2217400      0.2223000      0.2228700      0.2234500    
  0.2109800      0.2113000      0.2116300      0.2119600      0.2123000      0.2126600      0.2130200      0.2133900      0.2137700      0.2141500      0.2145500      0.2149600      0.2153800      0.2158000      0.2162400      0.2166900      0.2171400      0.2176100      0.2180800      0.2185600      0.2190600      0.2195600      0.2200700      0.2205900      0.2211200      0.2216600      0.2222100      0.2227600      0.2233300      0.2239100    
  0.2114700      0.2117900      0.2121200      0.2124500      0.2128000      0.2131500      0.2135100      0.2138800      0.2142600      0.2146500      0.2150500      0.2154500      0.2158700      0.2162900      0.2167300      0.2171700      0.2176300      0.2180900      0.2185600      0.2190500      0.2195400      0.2200400      0.2205500      0.2210600      0.2215900      0.2221300      0.2226700      0.2232300      0.2237900      0.2243600    
  0.2119600      0.2122800      0.2126100      0.2129400      0.2132900      0.2136400      0.2140000      0.2143700      0.2147500      0.2151400      0.2155400      0.2159400      0.2163600      0.2167900      0.2172200      0.2176600      0.2181200      0.2185800      0.2190500      0.2195300      0.2200200      0.2205200      0.2210200      0.2215400      0.2220700      0.2226000      0.2231400      0.2236900      0.2242600      0.2248200    
  0.2124500      0.2127700      0.2131000      0.2134300      0.2137800      0.2141300      0.2144900      0.2148600      0.2152400      0.2156300      0.2160300      0.2164400      0.2168500      0.2172800      0.2177100      0.2181500      0.2186000      0.2190600      0.2195300      0.2200100      0.2205000      0.2210000      0.2215000      0.2220200      0.2225400      0.2230700      0.2236100      0.2241600      0.2247200      0.2252800    
  0.2129400      0.2132600      0.2135900      0.2139200      0.2142700      0.2146200      0.2149800      0.2153600      0.2157400      0.2161200      0.2165200      0.2169300      0.2173400      0.2177700      0.2182000      0.2186400      0.2190900      0.2195500      0.2200200      0.2204900      0.2209800      0.2214800      0.2219800      0.2224900      0.2230100      0.2235400      0.2240800      0.2246300      0.2251800      0.2257400    
  0.2129430      0.2132630      0.2137950      0.2144100      0.2147600      0.2151100      0.2154800      0.2158500      0.2162300      0.2166100      0.2170100      0.2174200      0.2178300      0.2182500      0.2186900      0.2191300      0.2195800      0.2200300      0.2205000      0.2209800      0.2214600      0.2219500      0.2224600      0.2229700      0.2234800      0.2240100      0.2245500      0.2250900      0.2256400      0.2262000    
  0.2129460      0.2136030      0.2144100      0.2150400      0.2152500      0.2156000      0.2159700      0.2163400      0.2167200      0.2171000      0.2175000      0.2179100      0.2183200      0.2187400      0.2191700      0.2196100      0.2200600      0.2205200      0.2209800      0.2214600      0.2219400      0.2224300      0.2229300      0.2234400      0.2239600      0.2244800      0.2250200      0.2255600      0.2261100      0.2266700    
  0.2133980      0.2144100      0.2151710      0.2154950      0.2157400      0.2160900      0.2164500      0.2168300      0.2172100      0.2175900      0.2179900      0.2184000      0.2188100      0.2192300      0.2196600      0.2201000      0.2205500      0.2210000      0.2214700      0.2219400      0.2224200      0.2229100      0.2234100      0.2239200      0.2244300      0.2249500      0.2254800      0.2260200      0.2265700      0.2271300    
  0.2144100      0.2152350      0.2156170      0.2157400      0.2161370      0.2165800      0.2169400      0.2173100      0.2176900      0.2180800      0.2184800      0.2188800      0.2193000      0.2197200      0.2201500      0.2205900      0.2210300      0.2214900      0.2219500      0.2224200      0.2229000      0.2233900      0.2238900      0.2243900      0.2249000      0.2254200      0.2259500      0.2264900      0.2270300      0.2275900    
  0.2152660      0.2156790      0.2157400      0.2161520      0.2165800      0.2169830      0.2174300      0.2178000      0.2181800      0.2185700      0.2189700      0.2193700      0.2197800      0.2202000      0.2206300      0.2210700      0.2215200      0.2219700      0.2224300      0.2229000      0.2233800      0.2238700      0.2243600      0.2248600      0.2253700      0.2258900      0.2264200      0.2269500      0.2275000      0.2280500    
  0.2157090      0.2157400      0.2161570      0.2165800      0.2169980      0.2174300      0.2176150      0.2178030      0.2184030      0.2190600      0.2194500      0.2198600      0.2202700      0.2206900      0.2211200      0.2215600      0.2220000      0.2224500      0.2229100      0.2233800      0.2238600      0.2243400      0.2248400      0.2253400      0.2258500      0.2263600      0.2268900      0.2274200      0.2279600      0.2285100    
  0.2157400      0.2161590      0.2165800      0.2170030      0.2174300      0.2175230      0.2176160      0.2182200      0.2190600      0.2192550      0.2199080      0.2203400      0.2207600      0.2211800      0.2216000      0.2220400      0.2224800      0.2229300      0.2233900      0.2238600      0.2243400      0.2248200      0.2253100      0.2258100      0.2263200      0.2268300      0.2273500      0.2278800      0.2284200      0.2289700    
  0.2161600      0.2165800      0.2170040      0.2174300      0.2174760      0.2175230      0.2181050      0.2190600      0.2191580      0.2199280      0.2205850      0.2208300      0.2212400      0.2216600      0.2220900      0.2225200      0.2229700      0.2234200      0.2238700      0.2243400      0.2248100      0.2253000      0.2257900      0.2262800      0.2267900      0.2273000      0.2278200      0.2283500      0.2288800      0.2294300    
  0.2165800      0.2170050      0.2174300      0.2174530      0.2174760      0.2180410      0.2190600      0.2191090      0.2199370      0.2207070      0.2208300      0.2210350      0.2214670      0.2221400      0.2225700      0.2230000      0.2234500      0.2239000      0.2243500      0.2248200      0.2252900      0.2257700      0.2262600      0.2267600      0.2272600      0.2277700      0.2282900      0.2288100      0.2293400      0.2298800    
  0.2170050      0.2174300      0.2174420      0.2174530      0.2180080      0.2190600      0.2190840      0.2199410      0.2207690      0.2208300      0.2209320      0.2213680      0.2221400      0.2223550      0.2225700      0.2230070      0.2234500      0.2239000      0.2248280      0.2253000      0.2257700      0.2262500      0.2267300      0.2272300      0.2277300      0.2282400      0.2287500      0.2292800      0.2298100      0.2303400    
  0.2174300      0.2174360      0.2174420      0.2179910      0.2190600      0.2190720      0.2199430      0.2207990      0.2208300      0.2208810      0.2213180      0.2221400      0.2222480      0.2223550      0.2226440      0.2230090      0.2234520      0.2246970      0.2255350      0.2257700      0.2262400      0.2267200      0.2272100      0.2277000      0.2282000      0.2287000      0.2292200      0.2297400      0.2302700      0.2308000    
  0.2174330      0.2174360      0.2179820      0.2190600      0.2190660      0.2199440      0.2208150      0.2208300      0.2208560      0.2212920      0.2221400      0.2221940      0.2222480      0.2224150      0.2226690      0.2230350      0.2245160      0.2256530      0.2257700      0.2262430      0.2267200      0.2271900      0.2276800      0.2281700      0.2286600      0.2291700      0.2296800      0.2302000      0.2307300      0.2312600    
  0.2174330      0.2179780      0.2190600      0.2190630      0.2199440      0.2208220      0.2208300      0.2208430      0.2212790      0.2221400      0.2221670      0.2221940      0.2222860      0.2224440      0.2227070      0.2246240      0.2257110      0.2257700      0.2267760      0.2271900      0.2274760      0.2276700      0.2281500      0.2286400      0.2291300      0.2296300      0.2301400      0.2306600      0.2311900      0.2317200    
  0.2179750      0.2190600      0.2190620      0.2199450      0.2208260      0.2208300      0.2208360      0.2212730      0.2221400      0.2221530      0.2221670      0.2222150      0.2223080      0.2241340      0.2257520      0.2271900      0.2271900      0.2274420      0.2277420      0.2279000      0.2276600      0.2281400      0.2286200      0.2291000      0.2296000      0.2301000      0.2306100      0.2311200      0.2316400      0.2321700    
  0.2190600      0.2190610      0.2199450      0.2208280      0.2208300      0.2208330      0.2212700      0.2221400      0.2221470      0.2221530      0.2221790      0.2222300      0.2253800      0.2291140      0.2291000      0.2284490      0.2286690      0.2286100      0.2283140      0.2281370      0.2281400      0.2286100      0.2290900      0.2295700      0.2300600      0.2305600      0.2310700      0.2315800      0.2321000      0.2326300    
  0.2190600      0.2199450      0.2208290      0.2208300      0.2208320      0.2212680      0.2221400      0.2221430      0.2221470      0.2221600      0.2253320      0.2300500      0.2294380      0.2291290      0.2291290      0.2291000      0.2288370      0.2287270      0.2286100      0.2286100      0.2286100      0.2290800      0.2295500      0.2300400      0.2305300      0.2310300      0.2315300      0.2320400      0.2325600      0.2330800    
  0.2199450      0.2208300      0.2208300      0.2208310      0.2212670      0.2221400      0.2221420      0.2221430      0.2221500      0.2259480      0.2300500      0.2300500      0.2300500      0.2294600      0.2291580      0.2291580      0.2291000      0.2289100      0.2288450      0.2286100      0.2290800      0.2295400      0.2300200      0.2305000      0.2309900      0.2314900      0.2319900      0.2325000      0.2330100      0.2335400    
  0.2208300      0.2208300      0.2208300      0.2212670      0.2221400      0.2221410      0.2221420      0.2245890      0.2271480      0.2300510      0.2300500      0.2300500      0.2300500      0.2300500      0.2295020      0.2292150      0.2292150      0.2291000      0.2290850      0.2290800      0.2295400      0.2300100      0.2304900      0.2309700      0.2314600      0.2319500      0.2324500      0.2329600      0.2334700      0.2339900    
  0.2208300      0.2208300      0.2212670      0.2221400      0.2221400      0.2260650      0.2319500      0.2319350      0.2319200      0.2306770      0.2300540      0.2300500      0.2300500      0.2300500      0.2300500      0.2295850      0.2293310      0.2293300      0.2291000      0.2295500      0.2300100      0.2304800      0.2309500      0.2314300      0.2319200      0.2324100      0.2329100      0.2334100      0.2339200      0.2344400    
  0.2208300      0.2212670      0.2221400      0.2221400      0.2268500      0.2319510      0.2319510      0.2319500      0.2319350      0.2319200      0.2306830      0.2300610      0.2300500      0.2300500      0.2300500      0.2300500      0.2297450      0.2295630      0.2295600      0.2300200      0.2304800      0.2309400      0.2314200      0.2318900      0.2323800      0.2328700      0.2333700      0.2338700      0.2343800      0.2348900    
