iMOD/TUTORIALS/TUT_MetaswapAnalyser/model_MetaSWAP/meteo/Evaporation/Evaporation_20060213_L1.ASC
NCOLS                30
NROWS                30
XLLCORNER     160000.00
YLLCORNER     340000.00
CELLSIZE        1000.00
NODATA_VALUE   -9999.00
  0.4110500      0.4140600      0.4171500      0.4203000      0.4235100      0.4267900      0.4301200      0.4335100      0.4369600      0.4404500      0.4440000      0.4475900      0.4512200      0.4548900      0.4586100      0.4623600      0.4661400      0.4699600      0.4738100      0.4777000      0.4816100      0.4855400      0.4895100      0.4934900      0.4975100      0.5015400      0.5056000      0.5096700      0.5137700      0.5178800    
  0.4124900      0.4155000      0.4185800      0.4217200      0.4249300      0.4282000      0.4315300      0.4349100      0.4383400      0.4418300      0.4453600      0.4489400      0.4525700      0.4562300      0.4599300      0.4636700      0.4674500      0.4712600      0.4751000      0.4789700      0.4828700      0.4868000      0.4907500      0.4947300      0.4987300      0.5027600      0.5068000      0.5108700      0.5149600      0.5190600    
  0.4139500      0.4169600      0.4200400      0.4231800      0.4263800      0.4296400      0.4329600      0.4363300      0.4397600      0.4432400      0.4467600      0.4503300      0.4539400      0.4576000      0.4612900      0.4650200      0.4687900      0.4725900      0.4764200      0.4802800      0.4841700      0.4880800      0.4920300      0.4960000      0.4999900      0.5040000      0.5080400      0.5121000      0.5161700      0.5202700    
  0.4154400      0.4184500      0.4215200      0.4246600      0.4278600      0.4311100      0.4344200      0.4377900      0.4412100      0.4446700      0.4481900      0.4517500      0.4553500      0.4589900      0.4626800      0.4664000      0.4701500      0.4739400      0.4777600      0.4816100      0.4854900      0.4894000      0.4933300      0.4972900      0.5012700      0.5052800      0.5093000      0.5133500      0.5174100      0.5215000    
  0.4169600      0.4199600      0.4230300      0.4261600      0.4293600      0.4326000      0.4359100      0.4392700      0.4426800      0.4461300      0.4496400      0.4531900      0.4567800      0.4604200      0.4640900      0.4678000      0.4715400      0.4753200      0.4791300      0.4829700      0.4868400      0.4907400      0.4946600      0.4986100      0.5025800      0.5065700      0.5105900      0.5146200      0.5186800      0.5227500    
  0.4184900      0.4215000      0.4245600      0.4276900      0.4308800      0.4341200      0.4374200      0.4407700      0.4441700      0.4476200      0.4511200      0.4546600      0.4582400      0.4618700      0.4655300      0.4692300      0.4729600      0.4767300      0.4805300      0.4843600      0.4882200      0.4921000      0.4960100      0.4999500      0.5039100      0.5078900      0.5119000      0.5159200      0.5199700      0.5240300    
  0.4200500      0.4230500      0.4261200      0.4292400      0.4324300      0.4356600      0.4389600      0.4423000      0.4456900      0.4491300      0.4526200      0.4561500      0.4597300      0.4633400      0.4669900      0.4706800      0.4744100      0.4781600      0.4819500      0.4857700      0.4896200      0.4934900      0.4973900      0.5013200      0.5052700      0.5092400      0.5132300      0.5172500      0.5212800      0.5253300    
  0.4216200      0.4246300      0.4276900      0.4308100      0.4339900      0.4372300      0.4405100      0.4438500      0.4472400      0.4506700      0.4541500      0.4576700      0.4612400      0.4648400      0.4684800      0.4721600      0.4758700      0.4796200      0.4834000      0.4872100      0.4910400      0.4949100      0.4988000      0.5027100      0.5066500      0.5106100      0.5145900      0.5185900      0.5226200      0.5266600    
  0.4232100      0.4262200      0.4292800      0.4324000      0.4355800      0.4388100      0.4420900      0.4454200      0.4488000      0.4522300      0.4557000      0.4592100      0.4627700      0.4663600      0.4699900      0.4736600      0.4773700      0.4811000      0.4848700      0.4886700      0.4924900      0.4963400      0.5002200      0.5041300      0.5080500      0.5120000      0.5159700      0.5199600      0.5239700      0.5280000    
  0.4248200      0.4278300      0.4308900      0.4340100      0.4371800      0.4404100      0.4436800      0.4470100      0.4503800      0.4538000      0.4572700      0.4607700      0.4643200      0.4679000      0.4715300      0.4751900      0.4788800      0.4826000      0.4863600      0.4901500      0.4939600      0.4978000      0.5016700      0.5055600      0.5094800      0.5134200      0.5173700      0.5213500      0.5253500      0.5293700    
  0.4248400      0.4278470      0.4320900      0.4356300      0.4388100      0.4420300      0.4453000      0.4486200      0.4519900      0.4554000      0.4588500      0.4623500      0.4658900      0.4694700      0.4730800      0.4767300      0.4804100      0.4841300      0.4878700      0.4916500      0.4954500      0.4992800      0.5031400      0.5070200      0.5109200      0.5148500      0.5188000      0.5227600      0.5267500      0.5307600    
  0.4248590      0.4301020      0.4356300      0.4392450      0.4404400      0.4436600      0.4469300      0.4502500      0.4536100      0.4570100      0.4604600      0.4639500      0.4674800      0.4710500      0.4746500      0.4782900      0.4819700      0.4856700      0.4894100      0.4931700      0.4969700      0.5007800      0.5046300      0.5085000      0.5123900      0.5163000      0.5202400      0.5241900      0.5281700      0.5321600    
  0.4281250      0.4356300      0.4395610      0.4412700      0.4421000      0.4453100      0.4485800      0.4518900      0.4552400      0.4586400      0.4620900      0.4655700      0.4690900      0.4726500      0.4762500      0.4798800      0.4835400      0.4872400      0.4909600      0.4947200      0.4985000      0.5023100      0.5061400      0.5100000      0.5138800      0.5177800      0.5217000      0.5256400      0.5296100      0.5335900    
  0.4356300      0.4397440      0.4416850      0.4421000      0.4447970      0.4469800      0.4502400      0.4535500      0.4569000      0.4602900      0.4637300      0.4672000      0.4707200      0.4742700      0.4778600      0.4814800      0.4851300      0.4888200      0.4925300      0.4962800      0.5000500      0.5038400      0.5076700      0.5115100      0.5153800      0.5192700      0.5231800      0.5271100      0.5310600      0.5350300    
  0.4398420      0.4418930      0.4421000      0.4446260      0.4469800      0.4497130      0.4519200      0.4552200      0.4585600      0.4619500      0.4653800      0.4688500      0.4723600      0.4759000      0.4794800      0.4831000      0.4867400      0.4904200      0.4941200      0.4978500      0.5016100      0.5054000      0.5092100      0.5130400      0.5169000      0.5207800      0.5246800      0.5286000      0.5325300      0.5364900    
  0.4419960      0.4421000      0.4445690      0.4469800      0.4495380      0.4519200      0.4535700      0.4552330      0.4598400      0.4636300      0.4670500      0.4705200      0.4740200      0.4775500      0.4811200      0.4847300      0.4883600      0.4920300      0.4957300      0.4994500      0.5032000      0.5069700      0.5107700      0.5146000      0.5184400      0.5223100      0.5261900      0.5301000      0.5340200      0.5379700    
  0.4421000      0.4445500      0.4469800      0.4494790      0.4519200      0.4527450      0.4535740      0.4580680      0.4636300      0.4653400      0.4694580      0.4722000      0.4756900      0.4792200      0.4827800      0.4863800      0.4900000      0.4936600      0.4973500      0.5010600      0.5048000      0.5085600      0.5123500      0.5161600      0.5199900      0.5238500      0.5277200      0.5316200      0.5355300      0.5394600    
  0.4445430      0.4469800      0.4494600      0.4519200      0.4523320      0.4527460      0.4570040      0.4636300      0.4644850      0.4690730      0.4730450      0.4738900      0.4773700      0.4809000      0.4844500      0.4880400      0.4916600      0.4953000      0.4989800      0.5026800      0.5064100      0.5101700      0.5139400      0.5177400      0.5215600      0.5254100      0.5292700      0.5331500      0.5370500      0.5409700    
  0.4469800      0.4494530      0.4519200      0.4521260      0.4523330      0.4564280      0.4636300      0.4640580      0.4689090      0.4734670      0.4738900      0.4756300      0.4786870      0.4825900      0.4861300      0.4897100      0.4933200      0.4969600      0.5006300      0.5043200      0.5080400      0.5117800      0.5155500      0.5193400      0.5231500      0.5269800      0.5308300      0.5347000      0.5385800      0.5424900    
  0.4494510      0.4519200      0.4520230      0.4521260      0.4561290      0.4636300      0.4638440      0.4688330      0.4736790      0.4738900      0.4747600      0.4776990      0.4825900      0.4843600      0.4861430      0.4897200      0.4933300      0.4969700      0.5031040      0.5059700      0.5096800      0.5134200      0.5171700      0.5209500      0.5247500      0.5285600      0.5324000      0.5362600      0.5401300      0.5440200    
  0.4519200      0.4519720      0.4520230      0.4559770      0.4636300      0.4637370      0.4687960      0.4737840      0.4738900      0.4743250      0.4772350      0.4825900      0.4834750      0.4843640      0.4867410      0.4897310      0.4933400      0.5015700      0.5068050      0.5076400      0.5113400      0.5150600      0.5188000      0.5225700      0.5263600      0.5301600      0.5339900      0.5378300      0.5416900      0.5455700    
  0.4519460      0.4519720      0.4559000      0.4636300      0.4636830      0.4687780      0.4738370      0.4738900      0.4741080      0.4770100      0.4825900      0.4830320      0.4834760      0.4848600      0.4869460      0.4899370      0.4999010      0.5072230      0.5076400      0.5106600      0.5130000      0.5167200      0.5204500      0.5242000      0.5279800      0.5317700      0.5355900      0.5394200      0.5432700      0.5471300    
  0.4519460      0.4558620      0.4636300      0.4636570      0.4687690      0.4738640      0.4738900      0.4739990      0.4768990      0.4825900      0.4828110      0.4830330      0.4837900      0.4850940      0.4872480      0.4993900      0.5074310      0.5076400      0.5125500      0.5146850      0.5169060      0.5183800      0.5221100      0.5258500      0.5296100      0.5334000      0.5372000      0.5410100      0.5448500      0.5487000    
  0.4558430      0.4636300      0.4636430      0.4687650      0.4738770      0.4738900      0.4739440      0.4768450      0.4825900      0.4827010      0.4828110      0.4832110      0.4839720      0.4934530      0.5031280      0.5127380      0.5127350      0.5145550      0.5166560      0.5172150      0.5163700      0.5200600      0.5237700      0.5275000      0.5312600      0.5350300      0.5388200      0.5426200      0.5464400      0.5502800    
  0.4636300      0.4636370      0.4687620      0.4738830      0.4738900      0.4739170      0.4768170      0.4825900      0.4826450      0.4827010      0.4829080      0.4833320      0.4992320      0.5177350      0.5176800      0.5166210      0.5180460      0.5178300      0.5180990      0.5180670      0.5180600      0.5217400      0.5254500      0.5291700      0.5329100      0.5366700      0.5404500      0.5442400      0.5480500      0.5518700    
  0.4636330      0.4687610      0.4738870      0.4738900      0.4739040      0.4768040      0.4825900      0.4826180      0.4826450      0.4827510      0.4975320      0.5193600      0.5183220      0.5177890      0.5177890      0.5176800      0.5180240      0.5182630      0.5178300      0.5192850      0.5197700      0.5234400      0.5271300      0.5308400      0.5345700      0.5383200      0.5420800      0.5458700      0.5496600      0.5534700    
  0.4687610      0.4738880      0.4738900      0.4738970      0.4767970      0.4825900      0.4826040      0.4826180      0.4826710      0.5003300      0.5193600      0.5193600      0.5193600      0.5184040      0.5178990      0.5178990      0.5176800      0.5183240      0.5186950      0.5178300      0.5214800      0.5251400      0.5288200      0.5325200      0.5362400      0.5399800      0.5437300      0.5475000      0.5512800      0.5550800    
  0.4738890      0.4738900      0.4738930      0.4767930      0.4825900      0.4825970      0.4826040      0.4931280      0.5051220      0.5193650      0.5193600      0.5193600      0.5193600      0.5193600      0.5185660      0.5181170      0.5181170      0.5176800      0.5190900      0.5195600      0.5232000      0.5268500      0.5305200      0.5342100      0.5379200      0.5416400      0.5453800      0.5491400      0.5529100      0.5567000    
  0.4738900      0.4738920      0.4767920      0.4825900      0.4825930      0.4987070      0.5228700      0.5237450      0.5246200      0.5211260      0.5193740      0.5193600      0.5193600      0.5193600      0.5193600      0.5188880      0.5185550      0.5185550      0.5176800      0.5212900      0.5249200      0.5285600      0.5322300      0.5359100      0.5396000      0.5433200      0.5470500      0.5507900      0.5545500      0.5583200    
  0.4738910      0.4767910      0.4825900      0.4825920      0.5019290      0.5228730      0.5228730      0.5228700      0.5237450      0.5246200      0.5211510      0.5194030      0.5193600      0.5193600      0.5193600      0.5193600      0.5195170      0.5194300      0.5194300      0.5230300      0.5266500      0.5302800      0.5339400      0.5376100      0.5412900      0.5449900      0.5487100      0.5524400      0.5561900      0.5599500    
