iMOD/TUTORIALS/TUT_MetaswapAnalyser/model_MetaSWAP/meteo/Evaporation/Evaporation_20050217_L1.ASC
NCOLS                30
NROWS                30
XLLCORNER     160000.00
YLLCORNER     340000.00
CELLSIZE        1000.00
NODATA_VALUE   -9999.00
  0.3913200      0.3904900      0.3896300      0.3887300      0.3878000      0.3868400      0.3858600      0.3848500      0.3838200      0.3827700      0.3817100      0.3806300      0.3795400      0.3784400      0.3773400      0.3762300      0.3751200      0.3740000      0.3728900      0.3717800      0.3706700      0.3695700      0.3684700      0.3673800      0.3662900      0.3652100      0.3641500      0.3630800      0.3620300      0.3609900    
  0.3898500      0.3890300      0.3881700      0.3872800      0.3863500      0.3854000      0.3844200      0.3834200      0.3823900      0.3813500      0.3803000      0.3792300      0.3781400      0.3770500      0.3759600      0.3748500      0.3737500      0.3726400      0.3715400      0.3704300      0.3693300      0.3682300      0.3671400      0.3660500      0.3649700      0.3639000      0.3628300      0.3617800      0.3607300      0.3597000    
  0.3883600      0.3875400      0.3866900      0.3858000      0.3848800      0.3839300      0.3829600      0.3819600      0.3809500      0.3799100      0.3788600      0.3778000      0.3767200      0.3756400      0.3745500      0.3734500      0.3723500      0.3712500      0.3701500      0.3690600      0.3679600      0.3668700      0.3657800      0.3647000      0.3636300      0.3625600      0.3615000      0.3604500      0.3594100      0.3583800    
  0.3868500      0.3860300      0.3851800      0.3843000      0.3833800      0.3824400      0.3814700      0.3804800      0.3794700      0.3784500      0.3774000      0.3763500      0.3752800      0.3742000      0.3731200      0.3720300      0.3709400      0.3698400      0.3687500      0.3676600      0.3665700      0.3654800      0.3644000      0.3633300      0.3622600      0.3612000      0.3601500      0.3591000      0.3580700      0.3570400    
  0.3853200      0.3845100      0.3836600      0.3827800      0.3818700      0.3809300      0.3799700      0.3789800      0.3779800      0.3769600      0.3759200      0.3748700      0.3738100      0.3727400      0.3716600      0.3705800      0.3695000      0.3684100      0.3673200      0.3662400      0.3651600      0.3640800      0.3630000      0.3619400      0.3608700      0.3598200      0.3587700      0.3577400      0.3567100      0.3556900    
  0.3837800      0.3829600      0.3821100      0.3812400      0.3803300      0.3794000      0.3784400      0.3774600      0.3764600      0.3754500      0.3744200      0.3733700      0.3723200      0.3712600      0.3701900      0.3691100      0.3680400      0.3669600      0.3658800      0.3648000      0.3637200      0.3626500      0.3615800      0.3605200      0.3594700      0.3584200      0.3573800      0.3563500      0.3553300      0.3543200    
  0.3822100      0.3814000      0.3805500      0.3796800      0.3787700      0.3778500      0.3768900      0.3759200      0.3749300      0.3739200      0.3728900      0.3718600      0.3708100      0.3697500      0.3686900      0.3676200      0.3665500      0.3654800      0.3644100      0.3633400      0.3622700      0.3612100      0.3601500      0.3590900      0.3580400      0.3570000      0.3559700      0.3549500      0.3539400      0.3529300    
  0.3806300      0.3798200      0.3789700      0.3781000      0.3772000      0.3762800      0.3753300      0.3743600      0.3733700      0.3723700      0.3713500      0.3703200      0.3692800      0.3682300      0.3671800      0.3661200      0.3650500      0.3639900      0.3629200      0.3618600      0.3608000      0.3597400      0.3586900      0.3576400      0.3566000      0.3555700      0.3545500      0.3535300      0.3525200      0.3515300    
  0.3790400      0.3782200      0.3773800      0.3765100      0.3756100      0.3746900      0.3737500      0.3727800      0.3718000      0.3708000      0.3697900      0.3687700      0.3677300      0.3666900      0.3656400      0.3645900      0.3635300      0.3624700      0.3614200      0.3603600      0.3593100      0.3582600      0.3572100      0.3561700      0.3551400      0.3541200      0.3531000      0.3520900      0.3511000      0.3501100    
  0.3774300      0.3766100      0.3757700      0.3749000      0.3740100      0.3730900      0.3721500      0.3711900      0.3702100      0.3692200      0.3682100      0.3672000      0.3661700      0.3651300      0.3640900      0.3630400      0.3619900      0.3609400      0.3598900      0.3588400      0.3578000      0.3567600      0.3557200      0.3546900      0.3536700      0.3526500      0.3516400      0.3506400      0.3496500      0.3486700    
  0.3774170      0.3766030      0.3751400      0.3732800      0.3723900      0.3714700      0.3705400      0.3695800      0.3686100      0.3676200      0.3666200      0.3656100      0.3645900      0.3635600      0.3625200      0.3614800      0.3604400      0.3594000      0.3583500      0.3573100      0.3562700      0.3552400      0.3542100      0.3531900      0.3521700      0.3511700      0.3501700      0.3491800      0.3482000      0.3472200    
  0.3774070      0.3756100      0.3732800      0.3713870      0.3707600      0.3698500      0.3689100      0.3679600      0.3669900      0.3660100      0.3650100      0.3640100      0.3629900      0.3619700      0.3609400      0.3599000      0.3588700      0.3578300      0.3568000      0.3557600      0.3547300      0.3537100      0.3526900      0.3516700      0.3506700      0.3496700      0.3486800      0.3477000      0.3467200      0.3457600    
  0.3761210      0.3732800      0.3709320      0.3699400      0.3691200      0.3682100      0.3672700      0.3663300      0.3653600      0.3643800      0.3633900      0.3623900      0.3613800      0.3603600      0.3593400      0.3583100      0.3572800      0.3562600      0.3552300      0.3542000      0.3531800      0.3521600      0.3511500      0.3501400      0.3491400      0.3481500      0.3471700      0.3462000      0.3452400      0.3442900    
  0.3732800      0.3707150      0.3695300      0.3691200      0.3679600      0.3665500      0.3656300      0.3646800      0.3637200      0.3627400      0.3617600      0.3607600      0.3597600      0.3587400      0.3577300      0.3567100      0.3556900      0.3546600      0.3536400      0.3526200      0.3516100      0.3506000      0.3496000      0.3486000      0.3476100      0.3466300      0.3456600      0.3446900      0.3437400      0.3428000    
  0.3706100      0.3693250      0.3691200      0.3678770      0.3665500      0.3653830      0.3639700      0.3630200      0.3620700      0.3610900      0.3601100      0.3591200      0.3581200      0.3571100      0.3561000      0.3550900      0.3540700      0.3530600      0.3520500      0.3510400      0.3500300      0.3490300      0.3480300      0.3470400      0.3460600      0.3450900      0.3441300      0.3431700      0.3422300      0.3413000    
  0.3692220      0.3691200      0.3678490      0.3665500      0.3653010      0.3639700      0.3634950      0.3630200      0.3614030      0.3594300      0.3584600      0.3574700      0.3564700      0.3554700      0.3544700      0.3534600      0.3524500      0.3514400      0.3504400      0.3494300      0.3484300      0.3474400      0.3464500      0.3454800      0.3445000      0.3435400      0.3425900      0.3416400      0.3407100      0.3397900    
  0.3691200      0.3678400      0.3665500      0.3652740      0.3639700      0.3637330      0.3634950      0.3618370      0.3594300      0.3589450      0.3570620      0.3558100      0.3548200      0.3538200      0.3528200      0.3518200      0.3508200      0.3498200      0.3488200      0.3478200      0.3468300      0.3458500      0.3448700      0.3439000      0.3429300      0.3419800      0.3410400      0.3401000      0.3391800      0.3382700    
  0.3678370      0.3665500      0.3652650      0.3639700      0.3638510      0.3637330      0.3621240      0.3594300      0.3591870      0.3569100      0.3549750      0.3541400      0.3531500      0.3521600      0.3511700      0.3501700      0.3491700      0.3481800      0.3471900      0.3462000      0.3452200      0.3442400      0.3432700      0.3423100      0.3413500      0.3404100      0.3394800      0.3385500      0.3376400      0.3367400    
  0.3665500      0.3652620      0.3639700      0.3639110      0.3638510      0.3622840      0.3594300      0.3593090      0.3568450      0.3545580      0.3541400      0.3536450      0.3524850      0.3504900      0.3495000      0.3485100      0.3475200      0.3465300      0.3455500      0.3445700      0.3435900      0.3426200      0.3416600      0.3407100      0.3397700      0.3388300      0.3379100      0.3370000      0.3361000      0.3352100    
  0.3652610      0.3639700      0.3639400      0.3639110      0.3623690      0.3594300      0.3593690      0.3568150      0.3543490      0.3541400      0.3538930      0.3526900      0.3504900      0.3499950      0.3495000      0.3485100      0.3475200      0.3465330      0.3441720      0.3429300      0.3419600      0.3410000      0.3400500      0.3391000      0.3381700      0.3372500      0.3363300      0.3354300      0.3345400      0.3336600    
  0.3639700      0.3639550      0.3639400      0.3624120      0.3594300      0.3594000      0.3568000      0.3542440      0.3541400      0.3540160      0.3528030      0.3504900      0.3502420      0.3499950      0.3493350      0.3485100      0.3475210      0.3443220      0.3421050      0.3412800      0.3403200      0.3393700      0.3384200      0.3374900      0.3365700      0.3356500      0.3347500      0.3338600      0.3329800      0.3321100    
  0.3639630      0.3639550      0.3624340      0.3594300      0.3594150      0.3567920      0.3541920      0.3541400      0.3540780      0.3528620      0.3504900      0.3503660      0.3502420      0.3498580      0.3492800      0.3484550      0.3446650      0.3416930      0.3412800      0.3400900      0.3386700      0.3377300      0.3368000      0.3358700      0.3349600      0.3340500      0.3331600      0.3322800      0.3314100      0.3305600    
  0.3639630      0.3624460      0.3594300      0.3594220      0.3567890      0.3541660      0.3541400      0.3541090      0.3528930      0.3504900      0.3504280      0.3503660      0.3501550      0.3497930      0.3491980      0.3440350      0.3414860      0.3412800      0.3382330      0.3370200      0.3364600      0.3360900      0.3351600      0.3342400      0.3333400      0.3324500      0.3315700      0.3307000      0.3298400      0.3290000    
  0.3624510      0.3594300      0.3594260      0.3567870      0.3541530      0.3541400      0.3541250      0.3529080      0.3504900      0.3504590      0.3504280      0.3503170      0.3501050      0.3445070      0.3399710      0.3362890      0.3362900      0.3357510      0.3350900      0.3345400      0.3353700      0.3344400      0.3335200      0.3326200      0.3317200      0.3308400      0.3299700      0.3291100      0.3282600      0.3274300    
  0.3594300      0.3594280      0.3567860      0.3541470      0.3541400      0.3541320      0.3529160      0.3504900      0.3504750      0.3504590      0.3504010      0.3502830      0.3405060      0.3288280      0.3288800      0.3316330      0.3310910      0.3313000      0.3328530      0.3337100      0.3337100      0.3327900      0.3318800      0.3309800      0.3301000      0.3292200      0.3283700      0.3275200      0.3266900      0.3258700    
  0.3594290      0.3567850      0.3541430      0.3541400      0.3541360      0.3529190      0.3504900      0.3504820      0.3504750      0.3504450      0.3401410      0.3247800      0.3274350      0.3287750      0.3287750      0.3288800      0.3302710      0.3308820      0.3313000      0.3318630      0.3320500      0.3311400      0.3302300      0.3293500      0.3284700      0.3276100      0.3267600      0.3259300      0.3251100      0.3243000    
  0.3567850      0.3541420      0.3541400      0.3541380      0.3529210      0.3504900      0.3504860      0.3504820      0.3504670      0.3381240      0.3247800      0.3247800      0.3247800      0.3273570      0.3286700      0.3286700      0.3288800      0.3300220      0.3304650      0.3313000      0.3303900      0.3294800      0.3285900      0.3277100      0.3268400      0.3259900      0.3251600      0.3243300      0.3235200      0.3227300    
  0.3541410      0.3541400      0.3541390      0.3529220      0.3504900      0.3504880      0.3504860      0.3422260      0.3339420      0.3247750      0.3247800      0.3247800      0.3247800      0.3247800      0.3272040      0.3284600      0.3284600      0.3288800      0.3294430      0.3296300      0.3287200      0.3278300      0.3269400      0.3260700      0.3252200      0.3243800      0.3235500      0.3227400      0.3219400      0.3211600    
  0.3541400      0.3541400      0.3529230      0.3504900      0.3504890      0.3370040      0.3167800      0.3171250      0.3174700      0.3223310      0.3247660      0.3247800      0.3247800      0.3247800      0.3247800      0.3269060      0.3280410      0.3280400      0.3288800      0.3279600      0.3270600      0.3261700      0.3253000      0.3244300      0.3235900      0.3227600      0.3219500      0.3211500      0.3203600      0.3196000    
  0.3541400      0.3529230      0.3504900      0.3504890      0.3343060      0.3167770      0.3167770      0.3167800      0.3171250      0.3174700      0.3223080      0.3247390      0.3247800      0.3247800      0.3247800      0.3247800      0.3263420      0.3272030      0.3272000      0.3263000      0.3254000      0.3245200      0.3236500      0.3228000      0.3219600      0.3211500      0.3203400      0.3195600      0.3187900      0.3180300    
