iMOD/TUTORIALS/TUT_MetaswapAnalyser/model_MetaSWAP/meteo/Evaporation/Evaporation_20051107_L1.ASC
NCOLS                30
NROWS                30
XLLCORNER     160000.00
YLLCORNER     340000.00
CELLSIZE        1000.00
NODATA_VALUE   -9999.00
  0.3577500      0.3544100      0.3510700      0.3477300      0.3443900      0.3410700      0.3377400      0.3344200      0.3311100      0.3278100      0.3245100      0.3212200      0.3179500      0.3146800      0.3114200      0.3081700      0.3049300      0.3017100      0.2984900      0.2952900      0.2921000      0.2889300      0.2857700      0.2826200      0.2794800      0.2763600      0.2732600      0.2701700      0.2670900      0.2640300    
  0.3571300      0.3537900      0.3504500      0.3471100      0.3437800      0.3404500      0.3371300      0.3338100      0.3305000      0.3272000      0.3239100      0.3206200      0.3173400      0.3140700      0.3108200      0.3075700      0.3043300      0.3011100      0.2979000      0.2947000      0.2915100      0.2883300      0.2851700      0.2820300      0.2788900      0.2757800      0.2726700      0.2695800      0.2665100      0.2634500    
  0.3564900      0.3531500      0.3498100      0.3464800      0.3431500      0.3398200      0.3365000      0.3331900      0.3298800      0.3265800      0.3232800      0.3200000      0.3167200      0.3134500      0.3102000      0.3069500      0.3037200      0.3004900      0.2972800      0.2940800      0.2909000      0.2877300      0.2845700      0.2814200      0.2782900      0.2751700      0.2720700      0.2689800      0.2659100      0.2628500    
  0.3558400      0.3525000      0.3491600      0.3458300      0.3425000      0.3391800      0.3358600      0.3325400      0.3292300      0.3259300      0.3226400      0.3193600      0.3160800      0.3128200      0.3095600      0.3063200      0.3030900      0.2998600      0.2966500      0.2934600      0.2902700      0.2871000      0.2839400      0.2808000      0.2776700      0.2745600      0.2714600      0.2683700      0.2653000      0.2622500    
  0.3551600      0.3518300      0.3484900      0.3451600      0.3418400      0.3385100      0.3351900      0.3318800      0.3285800      0.3252800      0.3219900      0.3187000      0.3154300      0.3121700      0.3089100      0.3056700      0.3024400      0.2992200      0.2960100      0.2928200      0.2896300      0.2864600      0.2833100      0.2801700      0.2770400      0.2739300      0.2708300      0.2677500      0.2646800      0.2616200    
  0.3544800      0.3511400      0.3478100      0.3444800      0.3411500      0.3378300      0.3345200      0.3312100      0.3279000      0.3246000      0.3213200      0.3180300      0.3147600      0.3115000      0.3082500      0.3050100      0.3017800      0.2985600      0.2953500      0.2921600      0.2889800      0.2858100      0.2826600      0.2795200      0.2763900      0.2732800      0.2701900      0.2671100      0.2640400      0.2609900    
  0.3537700      0.3504400      0.3471100      0.3437800      0.3404600      0.3371400      0.3338200      0.3305100      0.3272100      0.3239200      0.3206300      0.3173500      0.3140800      0.3108200      0.3075700      0.3043300      0.3011000      0.2978900      0.2946800      0.2914900      0.2883100      0.2851500      0.2820000      0.2788600      0.2757400      0.2726300      0.2695300      0.2664600      0.2633900      0.2603500    
  0.3530500      0.3497200      0.3464000      0.3430700      0.3397500      0.3364300      0.3331200      0.3298100      0.3265100      0.3232100      0.3199300      0.3166500      0.3133800      0.3101200      0.3068800      0.3036400      0.3004100      0.2972000      0.2940000      0.2908100      0.2876300      0.2844700      0.2813200      0.2781900      0.2750600      0.2719600      0.2688700      0.2657900      0.2627300      0.2596900    
  0.3523200      0.3489900      0.3456700      0.3423400      0.3390200      0.3357100      0.3324000      0.3290900      0.3257900      0.3225000      0.3192100      0.3159400      0.3126700      0.3094200      0.3061700      0.3029300      0.2997100      0.2965000      0.2933000      0.2901100      0.2869400      0.2837800      0.2806300      0.2775000      0.2743800      0.2712800      0.2681900      0.2651200      0.2620600      0.2590200    
  0.3515800      0.3482500      0.3449200      0.3416000      0.3382800      0.3349700      0.3316600      0.3283600      0.3250600      0.3217700      0.3184900      0.3152100      0.3119500      0.3086900      0.3054500      0.3022200      0.2989900      0.2957800      0.2925900      0.2894000      0.2862300      0.2830700      0.2799300      0.2768000      0.2736900      0.2705900      0.2675000      0.2644300      0.2613800      0.2583400    
  0.3515770      0.3482500      0.3439050      0.3408500      0.3375300      0.3342200      0.3309100      0.3276100      0.3243200      0.3210300      0.3177500      0.3144800      0.3112100      0.3079600      0.3047200      0.3014900      0.2982700      0.2950600      0.2918600      0.2886800      0.2855100      0.2823600      0.2792200      0.2760900      0.2729800      0.2698800      0.2668000      0.2637400      0.2606900      0.2576500    
  0.3515770      0.3461450      0.3408500      0.3377850      0.3367700      0.3334600      0.3301500      0.3268500      0.3235600      0.3202700      0.3169900      0.3137200      0.3104600      0.3072100      0.3039700      0.3007400      0.2975300      0.2943200      0.2911300      0.2879500      0.2847800      0.2816300      0.2784900      0.2753700      0.2722600      0.2691700      0.2660900      0.2630300      0.2599800      0.2569500    
  0.3483690      0.3408500      0.3377510      0.3363800      0.3359900      0.3326800      0.3293800      0.3260800      0.3227900      0.3195100      0.3162300      0.3129600      0.3097000      0.3064500      0.3032200      0.2999900      0.2967800      0.2935700      0.2903800      0.2872100      0.2840400      0.2808900      0.2777600      0.2746400      0.2715300      0.2684400      0.2653700      0.2623100      0.2592700      0.2562400    
  0.3408500      0.3376940      0.3361850      0.3359900      0.3335230      0.3319000      0.3286000      0.3253000      0.3220100      0.3187300      0.3154500      0.3121900      0.3089300      0.3056900      0.3024500      0.2992300      0.2960100      0.2928100      0.2896300      0.2864500      0.2832900      0.2801500      0.2770100      0.2739000      0.2708000      0.2677100      0.2646400      0.2615800      0.2585400      0.2555200    
  0.3376550      0.3360880      0.3359900      0.3338040      0.3319000      0.3294330      0.3278000      0.3245100      0.3212200      0.3179400      0.3146700      0.3114000      0.3081500      0.3049100      0.3016700      0.2984500      0.2952400      0.2920400      0.2888600      0.2856900      0.2825300      0.2793900      0.2762600      0.2731500      0.2700500      0.2669600      0.2639000      0.2608500      0.2578100      0.2547900    
  0.3360390      0.3359900      0.3338980      0.3319000      0.3297110      0.3278000      0.3261550      0.3245100      0.3202020      0.3171400      0.3138700      0.3106100      0.3073600      0.3041200      0.3008800      0.2976600      0.2944600      0.2912600      0.2880800      0.2849100      0.2817600      0.2786200      0.2754900      0.2723800      0.2692900      0.2662100      0.2631500      0.2601000      0.2570700      0.2540600    
  0.3359900      0.3339290      0.3319000      0.3298040      0.3278000      0.3269770      0.3261550      0.3220020      0.3171400      0.3155050      0.3120840      0.3098100      0.3065600      0.3033200      0.3000900      0.2968700      0.2936600      0.2904700      0.2872900      0.2841300      0.2809800      0.2778400      0.2747200      0.2716100      0.2685200      0.2654500      0.2623900      0.2593500      0.2563200      0.2533100    
  0.3339400      0.3319000      0.3298350      0.3278000      0.3273890      0.3269770      0.3230690      0.3171400      0.3163230      0.3126240      0.3094000      0.3089900      0.3057500      0.3025100      0.2992800      0.2960700      0.2928600      0.2896700      0.2865000      0.2833400      0.2801900      0.2770500      0.2739400      0.2708300      0.2677500      0.2646800      0.2616200      0.2585900      0.2555600      0.2525600    
  0.3319000      0.3298450      0.3278000      0.3275940      0.3273890      0.3236440      0.3171400      0.3167310      0.3128540      0.3091950      0.3089900      0.3073700      0.3047350      0.3016900      0.2984700      0.2952500      0.2920500      0.2888700      0.2856900      0.2825300      0.2793900      0.2762600      0.2731500      0.2700500      0.2669700      0.2639000      0.2608500      0.2578200      0.2548000      0.2518000    
  0.3298480      0.3278000      0.3276970      0.3275940      0.3239420      0.3171400      0.3169360      0.3129620      0.3090930      0.3089900      0.3081800      0.3056960      0.3016900      0.3000800      0.2984700      0.2952570      0.2920570      0.2888700      0.2839440      0.2817200      0.2785800      0.2754600      0.2723500      0.2692500      0.2661800      0.2631100      0.2600700      0.2570400      0.2540300      0.2510300    
  0.3278000      0.3277490      0.3276970      0.3240930      0.3171400      0.3170380      0.3130140      0.3090410      0.3089900      0.3085850      0.3061390      0.3016900      0.3008850      0.3000800      0.2979360      0.2952610      0.2920610      0.2854190      0.2813150      0.2809100      0.2777700      0.2746500      0.2715400      0.2684500      0.2653800      0.2623200      0.2592800      0.2562600      0.2532500      0.2502600    
  0.3277740      0.3277490      0.3241700      0.3171400      0.3170890      0.3130390      0.3090160      0.3089900      0.3087870      0.3063510      0.3016900      0.3012880      0.3008850      0.2996340      0.2977590      0.2950860      0.2869530      0.2811120      0.2809100      0.2785430      0.2769500      0.2738300      0.2707300      0.2676400      0.2645700      0.2615200      0.2584900      0.2554700      0.2524700      0.2494800    
  0.3277740      0.3242080      0.3171400      0.3171140      0.3130520      0.3090030      0.3089900      0.3088890      0.3064550      0.3016900      0.3014890      0.3012880      0.3006020      0.2994260      0.2974930      0.2878420      0.2810110      0.2809100      0.2776120      0.2761200      0.2742520      0.2730100      0.2699100      0.2668300      0.2637700      0.2607200      0.2576900      0.2546700      0.2516800      0.2487000    
  0.3242270      0.3171400      0.3171270      0.3130590      0.3089960      0.3089900      0.3089390      0.3065060      0.3016900      0.3015890      0.3014890      0.3011260      0.3004380      0.2937050      0.2862310      0.2783980      0.2784000      0.2768820      0.2751490      0.2748750      0.2752900      0.2721800      0.2690900      0.2660100      0.2629500      0.2599100      0.2568800      0.2538700      0.2508800      0.2479100    
  0.3171400      0.3171340      0.3130620      0.3089930      0.3089900      0.3089650      0.3065310      0.3016900      0.3016400      0.3015890      0.3014010      0.3010180      0.2899580      0.2772730      0.2773000      0.2769290      0.2757820      0.2758900      0.2748500      0.2744530      0.2744600      0.2713500      0.2682600      0.2651900      0.2621300      0.2590900      0.2560700      0.2530700      0.2500800      0.2471200    
  0.3171370      0.3130630      0.3089920      0.3089900      0.3089770      0.3065440      0.3016900      0.3016650      0.3016400      0.3015430      0.2919460      0.2778600      0.2774460      0.2772460      0.2772460      0.2773000      0.2762320      0.2756750      0.2758900      0.2741820      0.2736100      0.2705100      0.2674300      0.2643600      0.2613100      0.2582700      0.2552600      0.2522600      0.2492800      0.2463200    
  0.3130640      0.3089910      0.3089900      0.3089840      0.3065500      0.3016900      0.3016770      0.3016650      0.3016160      0.2901700      0.2778600      0.2778600      0.2778600      0.2774060      0.2771930      0.2771930      0.2773000      0.2760620      0.2754600      0.2758900      0.2727700      0.2696700      0.2665900      0.2635200      0.2604800      0.2574500      0.2544400      0.2514500      0.2484800      0.2455200    
  0.3089900      0.3089900      0.3089870      0.3065540      0.3016900      0.3016840      0.3016770      0.2954120      0.2875770      0.2778580      0.2778600      0.2778600      0.2778600      0.2778600      0.2773250      0.2770850      0.2770850      0.2773000      0.2756000      0.2750300      0.2719200      0.2688200      0.2657500      0.2626900      0.2596500      0.2566200      0.2536200      0.2506400      0.2476700      0.2447200    
  0.3089900      0.3089880      0.3065550      0.3016900      0.3016870      0.2926100      0.2790000      0.2778450      0.2766900      0.2774640      0.2778530      0.2778600      0.2778600      0.2778600      0.2778600      0.2771610      0.2768700      0.2768700      0.2773000      0.2741800      0.2710700      0.2679800      0.2649000      0.2618500      0.2588100      0.2558000      0.2528000      0.2498200      0.2468600      0.2439200    
  0.3089890      0.3065560      0.3016900      0.3016880      0.2907960      0.2789980      0.2789980      0.2790000      0.2778450      0.2766900      0.2774520      0.2778390      0.2778600      0.2778600      0.2778600      0.2778600      0.2768300      0.2764400      0.2764400      0.2733200      0.2702100      0.2671300      0.2640600      0.2610100      0.2579800      0.2549700      0.2519700      0.2490000      0.2460500      0.2431100    
