iMOD/TUTORIALS/TUT_MetaswapAnalyser/model_MetaSWAP/meteo/Evaporation/Evaporation_20050220_L1.ASC
NCOLS                30
NROWS                30
XLLCORNER     160000.00
YLLCORNER     340000.00
CELLSIZE        1000.00
NODATA_VALUE   -9999.00
  0.4965600      0.4942000      0.4918400      0.4894700      0.4870900      0.4847000      0.4823000      0.4799000      0.4774800      0.4750700      0.4726400      0.4702100      0.4677800      0.4653400      0.4629000      0.4604500      0.4580000      0.4555400      0.4530800      0.4506300      0.4481600      0.4457000      0.4432400      0.4407700      0.4383000      0.4358400      0.4333700      0.4309000      0.4284400      0.4259700    
  0.4940300      0.4916700      0.4893100      0.4869300      0.4845500      0.4821500      0.4797500      0.4773500      0.4749400      0.4725200      0.4700900      0.4676600      0.4652300      0.4627900      0.4603500      0.4579000      0.4554500      0.4530000      0.4505400      0.4480900      0.4456300      0.4431700      0.4407100      0.4382500      0.4357800      0.4333200      0.4308600      0.4284000      0.4259400      0.4234800    
  0.4915000      0.4891400      0.4867700      0.4843900      0.4820000      0.4796100      0.4772100      0.4748000      0.4723900      0.4699700      0.4675400      0.4651100      0.4626800      0.4602400      0.4578000      0.4553500      0.4529000      0.4504500      0.4480000      0.4455500      0.4430900      0.4406300      0.4381800      0.4357200      0.4332600      0.4308000      0.4283500      0.4258900      0.4234400      0.4209800    
  0.4889800      0.4866100      0.4842400      0.4818500      0.4794600      0.4770600      0.4746600      0.4722500      0.4698300      0.4674100      0.4649900      0.4625600      0.4601200      0.4576800      0.4552400      0.4528000      0.4503500      0.4479000      0.4454500      0.4430000      0.4405500      0.4380900      0.4356400      0.4331900      0.4307300      0.4282800      0.4258300      0.4233800      0.4209300      0.4184800    
  0.4864500      0.4840800      0.4817000      0.4793100      0.4769200      0.4745200      0.4721100      0.4697000      0.4672800      0.4648600      0.4624300      0.4600000      0.4575700      0.4551300      0.4526900      0.4502400      0.4478000      0.4453500      0.4429000      0.4404500      0.4380000      0.4355500      0.4331000      0.4306600      0.4282100      0.4257600      0.4233100      0.4208700      0.4184200      0.4159800    
  0.4839300      0.4815500      0.4791700      0.4767800      0.4743800      0.4719700      0.4695600      0.4671500      0.4647300      0.4623100      0.4598800      0.4574500      0.4550100      0.4525700      0.4501300      0.4476900      0.4452400      0.4428000      0.4403500      0.4379100      0.4354600      0.4330100      0.4305700      0.4281200      0.4256800      0.4232300      0.4207900      0.4183500      0.4159100      0.4134800    
  0.4814100      0.4790200      0.4766300      0.4742400      0.4718400      0.4694300      0.4670200      0.4646000      0.4621800      0.4597500      0.4573200      0.4548900      0.4524500      0.4500100      0.4475700      0.4451300      0.4426900      0.4402500      0.4378000      0.4353600      0.4329100      0.4304700      0.4280300      0.4255800      0.4231400      0.4207000      0.4182700      0.4158300      0.4134000      0.4109700    
  0.4788800      0.4765000      0.4741000      0.4717000      0.4693000      0.4668800      0.4644700      0.4620500      0.4596200      0.4572000      0.4547700      0.4523300      0.4499000      0.4474600      0.4450200      0.4425800      0.4401300      0.4376900      0.4352500      0.4328100      0.4303600      0.4279200      0.4254800      0.4230500      0.4206100      0.4181700      0.4157400      0.4133100      0.4108900      0.4084600    
  0.4763600      0.4739700      0.4715700      0.4691700      0.4667600      0.4643400      0.4619200      0.4595000      0.4570700      0.4546400      0.4522100      0.4497800      0.4473400      0.4449000      0.4424600      0.4400200      0.4375800      0.4351400      0.4327000      0.4302500      0.4278200      0.4253800      0.4229400      0.4205100      0.4180700      0.4156400      0.4132200      0.4107900      0.4083700      0.4059500    
  0.4738500      0.4714500      0.4690400      0.4666300      0.4642200      0.4618000      0.4593800      0.4569500      0.4545200      0.4520900      0.4496600      0.4472200      0.4447800      0.4423400      0.4399000      0.4374600      0.4350200      0.4325800      0.4301400      0.4277000      0.4252700      0.4228300      0.4204000      0.4179700      0.4155400      0.4131100      0.4106900      0.4082700      0.4058500      0.4034400    
  0.4738470      0.4714470      0.4678050      0.4641000      0.4616800      0.4592600      0.4568400      0.4544100      0.4519700      0.4495400      0.4471000      0.4446700      0.4422300      0.4397900      0.4373500      0.4349100      0.4324700      0.4300300      0.4275900      0.4251500      0.4227200      0.4202900      0.4178600      0.4154300      0.4130000      0.4105800      0.4081600      0.4057500      0.4033400      0.4009300    
  0.4738440      0.4693000      0.4641000      0.4603870      0.4591500      0.4567200      0.4542900      0.4518600      0.4494300      0.4469900      0.4445500      0.4421100      0.4396700      0.4372300      0.4347900      0.4323500      0.4299100      0.4274700      0.4250400      0.4226000      0.4201700      0.4177400      0.4153100      0.4128900      0.4104700      0.4080500      0.4056400      0.4032300      0.4008200      0.3984200    
  0.4708700      0.4641000      0.4597480      0.4578850      0.4566200      0.4541900      0.4517600      0.4493200      0.4468800      0.4444400      0.4420000      0.4395600      0.4371200      0.4346800      0.4322400      0.4298000      0.4273600      0.4249200      0.4224800      0.4200500      0.4176200      0.4151900      0.4127700      0.4103500      0.4079300      0.4055200      0.4031100      0.4007100      0.3983100      0.3959100    
  0.4641000      0.4594300      0.4572530      0.4566200      0.4541570      0.4516600      0.4492200      0.4467800      0.4443400      0.4419000      0.4394600      0.4370100      0.4345700      0.4321300      0.4296800      0.4272400      0.4248100      0.4223700      0.4199300      0.4175000      0.4150800      0.4126500      0.4102300      0.4078100      0.4054000      0.4029900      0.4005900      0.3981900      0.3957900      0.3934000    
  0.4592720      0.4569360      0.4566200      0.4541460      0.4516600      0.4491900      0.4466900      0.4442500      0.4418000      0.4393600      0.4369100      0.4344700      0.4320200      0.4295800      0.4271300      0.4246900      0.4222600      0.4198200      0.4173900      0.4149600      0.4125300      0.4101100      0.4076900      0.4052800      0.4028700      0.4004600      0.3980600      0.3956700      0.3932800      0.3908900    
  0.4567780      0.4566200      0.4541420      0.4516600      0.4491800      0.4466900      0.4454700      0.4442470      0.4405570      0.4368200      0.4343700      0.4319200      0.4294800      0.4270300      0.4245900      0.4221500      0.4197100      0.4172700      0.4148400      0.4124100      0.4099900      0.4075700      0.4051500      0.4027400      0.4003400      0.3979300      0.3955400      0.3931500      0.3907600      0.3883800    
  0.4566200      0.4541410      0.4516600      0.4491770      0.4466900      0.4460800      0.4454690      0.4417740      0.4368200      0.4355950      0.4318680      0.4293800      0.4269400      0.4244900      0.4220400      0.4196000      0.4171600      0.4147300      0.4123000      0.4098700      0.4074500      0.4050300      0.4026200      0.4002100      0.3978100      0.3954100      0.3930200      0.3906300      0.3882500      0.3858800    
  0.4541400      0.4516600      0.4491760      0.4466900      0.4463850      0.4460800      0.4425360      0.4368200      0.4362080      0.4318500      0.4281150      0.4268500      0.4244000      0.4219500      0.4195000      0.4170600      0.4146200      0.4121900      0.4097600      0.4073300      0.4049100      0.4024900      0.4000800      0.3976800      0.3952800      0.3928900      0.3905000      0.3881200      0.3857500      0.3833800    
  0.4516600      0.4491750      0.4466900      0.4465370      0.4463850      0.4429550      0.4368200      0.4365140      0.4318420      0.4274820      0.4268500      0.4256250      0.4231530      0.4194100      0.4169700      0.4145200      0.4120800      0.4096500      0.4072200      0.4047900      0.4023800      0.3999600      0.3975500      0.3951500      0.3927600      0.3903700      0.3879900      0.3856100      0.3832400      0.3808800    
  0.4491750      0.4466900      0.4466140      0.4465370      0.4431740      0.4368200      0.4366670      0.4318380      0.4271660      0.4268500      0.4262370      0.4237590      0.4194100      0.4181900      0.4169670      0.4145230      0.4120830      0.4096500      0.4047300      0.4022600      0.3998400      0.3974300      0.3950300      0.3926300      0.3902400      0.3878500      0.3854700      0.3831000      0.3807400      0.3783800    
  0.4466900      0.4466520      0.4466140      0.4432860      0.4368200      0.4367430      0.4318370      0.4270080      0.4268500      0.4265440      0.4240640      0.4194100      0.4188000      0.4181890      0.4165600      0.4145240      0.4120860      0.4054380      0.4009950      0.3997300      0.3973200      0.3949100      0.3925100      0.3901100      0.3877200      0.3853400      0.3829700      0.3806000      0.3782400      0.3758900    
  0.4466710      0.4466520      0.4433430      0.4368200      0.4367820      0.4318360      0.4269290      0.4268500      0.4266970      0.4242170      0.4194100      0.4191050      0.4188000      0.4178500      0.4164240      0.4143900      0.4064280      0.4003620      0.3997300      0.3972830      0.3948000      0.3923900      0.3899900      0.3875900      0.3852100      0.3828300      0.3804600      0.3781000      0.3757500      0.3734000    
  0.4466710      0.4433710      0.4368200      0.4368010      0.4318350      0.4268900      0.4268500      0.4267730      0.4242930      0.4194100      0.4192570      0.4191050      0.4185850      0.4176910      0.4162210      0.4058990      0.4000460      0.3997300      0.3944530      0.3922850      0.3908380      0.3898700      0.3874700      0.3850800      0.3827000      0.3803300      0.3779600      0.3756100      0.3732600      0.3709200    
  0.4433860      0.4368200      0.4368100      0.4318350      0.4268700      0.4268500      0.4268120      0.4243320      0.4194100      0.4193340      0.4192570      0.4189820      0.4184600      0.4086590      0.3999520      0.3922070      0.3922050      0.3909040      0.3893540      0.3885150      0.3897700      0.3873600      0.3849700      0.3825800      0.3802000      0.3778300      0.3754700      0.3731200      0.3707700      0.3684400    
  0.4368200      0.4368150      0.4318350      0.4268600      0.4268500      0.4268310      0.4243510      0.4194100      0.4193720      0.4193340      0.4191910      0.4189000      0.4020300      0.3820630      0.3821400      0.3855530      0.3843690      0.3846800      0.3863000      0.3872630      0.3872600      0.3848600      0.3824600      0.3800800      0.3777000      0.3753400      0.3729800      0.3706300      0.3683000      0.3659700    
  0.4368180      0.4318350      0.4268550      0.4268500      0.4268400      0.4243600      0.4194100      0.4193910      0.4193720      0.4192990      0.4023610      0.3771900      0.3803750      0.3819860      0.3819860      0.3821400      0.3834970      0.3840580      0.3846800      0.3847420      0.3847600      0.3823600      0.3799700      0.3775900      0.3752100      0.3728500      0.3705000      0.3681600      0.3658200      0.3635000    
  0.4318350      0.4268520      0.4268500      0.4268450      0.4243650      0.4194100      0.4194000      0.4193910      0.4193540      0.3990820      0.3771900      0.3771900      0.3771900      0.3802600      0.3818310      0.3818310      0.3821400      0.3831090      0.3834350      0.3846800      0.3822700      0.3798700      0.3774800      0.3751000      0.3727300      0.3703700      0.3680200      0.3656900      0.3633600      0.3610400    
  0.4268510      0.4268500      0.4268480      0.4243680      0.4194100      0.4194050      0.4194000      0.4064290      0.3927580      0.3771830      0.3771900      0.3771900      0.3771900      0.3771900      0.3800330      0.3815230      0.3815230      0.3821400      0.3821800      0.3821900      0.3797800      0.3773800      0.3750000      0.3726200      0.3702500      0.3679000      0.3655600      0.3632200      0.3609000      0.3585900    
  0.4268500      0.4268490      0.4243690      0.4194100      0.4194080      0.3987100      0.3676700      0.3676200      0.3675700      0.3739650      0.3771700      0.3771900      0.3771900      0.3771900      0.3771900      0.3795900      0.3809050      0.3809050      0.3821400      0.3797100      0.3773100      0.3749100      0.3725200      0.3701500      0.3677900      0.3654300      0.3631000      0.3607700      0.3584500      0.3561400    
  0.4268490      0.4243690      0.4194100      0.4194090      0.3945700      0.3676650      0.3676650      0.3676700      0.3676200      0.3675700      0.3739310      0.3771300      0.3771900      0.3771900      0.3771900      0.3771900      0.3787420      0.3796700      0.3796700      0.3772400      0.3748400      0.3724400      0.3700600      0.3676800      0.3653200      0.3629800      0.3606400      0.3583200      0.3560100      0.3537100    
