iMOD/TUTORIALS/TUT_MetaswapAnalyser/model_MetaSWAP/meteo/Evaporation/Evaporation_20060125_L1.ASC
NCOLS                30
NROWS                30
XLLCORNER     160000.00
YLLCORNER     340000.00
CELLSIZE        1000.00
NODATA_VALUE   -9999.00
  0.2499200      0.2486300      0.2473400      0.2460600      0.2447700      0.2434900      0.2422100      0.2409300      0.2396500      0.2383700      0.2371000      0.2358300      0.2345600      0.2333000      0.2320400      0.2307800      0.2295200      0.2282700      0.2270200      0.2257700      0.2245300      0.2232800      0.2220500      0.2208100      0.2195800      0.2183500      0.2171200      0.2159000      0.2146800      0.2134600    
  0.2497900      0.2485000      0.2472200      0.2459400      0.2446600      0.2433800      0.2421100      0.2408300      0.2395600      0.2382900      0.2370200      0.2357600      0.2345000      0.2332400      0.2319800      0.2307200      0.2294700      0.2282200      0.2269700      0.2257300      0.2244900      0.2232500      0.2220100      0.2207800      0.2195500      0.2183200      0.2171000      0.2158700      0.2146600      0.2134400    
  0.2496500      0.2483800      0.2471000      0.2458300      0.2445500      0.2432800      0.2420100      0.2407400      0.2394800      0.2382100      0.2369500      0.2356900      0.2344300      0.2331700      0.2319200      0.2306700      0.2294200      0.2281700      0.2269300      0.2256900      0.2244500      0.2232100      0.2219800      0.2207500      0.2195200      0.2183000      0.2170700      0.2158500      0.2146300      0.2134200    
  0.2495300      0.2482500      0.2469800      0.2457100      0.2444500      0.2431800      0.2419200      0.2406500      0.2393900      0.2381300      0.2368700      0.2356200      0.2343700      0.2331100      0.2318600      0.2306200      0.2293700      0.2281300      0.2268900      0.2256500      0.2244200      0.2231800      0.2219500      0.2207200      0.2195000      0.2182700      0.2170500      0.2158300      0.2146100      0.2134000    
  0.2494000      0.2481400      0.2468700      0.2456100      0.2443400      0.2430800      0.2418200      0.2405700      0.2393100      0.2380600      0.2368000      0.2355500      0.2343000      0.2330600      0.2318100      0.2305700      0.2293300      0.2280900      0.2268500      0.2256200      0.2243800      0.2231500      0.2219200      0.2207000      0.2194700      0.2182500      0.2170300      0.2158100      0.2146000      0.2133800    
  0.2492800      0.2480200      0.2467600      0.2455000      0.2442500      0.2429900      0.2417400      0.2404800      0.2392300      0.2379800      0.2367300      0.2354900      0.2342400      0.2330000      0.2317600      0.2305200      0.2292800      0.2280500      0.2268100      0.2255800      0.2243500      0.2231200      0.2219000      0.2206700      0.2194500      0.2182300      0.2170100      0.2157900      0.2145800      0.2133700    
  0.2491600      0.2479100      0.2466500      0.2454000      0.2441500      0.2429000      0.2416500      0.2404000      0.2391600      0.2379100      0.2366700      0.2354300      0.2341900      0.2329500      0.2317100      0.2304700      0.2292400      0.2280100      0.2267800      0.2255500      0.2243200      0.2231000      0.2218700      0.2206500      0.2194300      0.2182100      0.2169900      0.2157800      0.2145600      0.2133500    
  0.2490400      0.2478000      0.2465500      0.2453000      0.2440500      0.2428100      0.2415700      0.2403200      0.2390800      0.2378400      0.2366000      0.2353700      0.2341300      0.2329000      0.2316600      0.2304300      0.2292000      0.2279700      0.2267400      0.2255200      0.2242900      0.2230700      0.2218500      0.2206300      0.2194100      0.2181900      0.2169800      0.2157600      0.2145500      0.2133400    
  0.2489300      0.2476900      0.2464500      0.2452000      0.2439600      0.2427200      0.2414800      0.2402500      0.2390100      0.2377700      0.2365400      0.2353100      0.2340800      0.2328400      0.2316200      0.2303900      0.2291600      0.2279300      0.2267100      0.2254900      0.2242700      0.2230400      0.2218200      0.2206100      0.2193900      0.2181700      0.2169600      0.2157500      0.2145300      0.2133200    
  0.2488200      0.2475800      0.2463500      0.2451100      0.2438700      0.2426400      0.2414000      0.2401700      0.2389400      0.2377100      0.2364800      0.2352500      0.2340200      0.2328000      0.2315700      0.2303500      0.2291200      0.2279000      0.2266800      0.2254600      0.2242400      0.2230200      0.2218000      0.2205900      0.2193700      0.2181600      0.2169400      0.2157300      0.2145200      0.2133100    
  0.2488200      0.2475830      0.2460150      0.2450200      0.2437900      0.2425600      0.2413300      0.2401000      0.2388700      0.2376500      0.2364200      0.2352000      0.2339700      0.2327500      0.2315300      0.2303100      0.2290900      0.2278700      0.2266500      0.2254300      0.2242100      0.2230000      0.2217800      0.2205700      0.2193500      0.2181400      0.2169300      0.2157200      0.2145100      0.2133000    
  0.2488210      0.2468600      0.2450200      0.2440330      0.2437000      0.2424700      0.2412500      0.2400300      0.2388100      0.2375800      0.2363600      0.2351400      0.2339200      0.2327000      0.2314900      0.2302700      0.2290500      0.2278300      0.2266200      0.2254000      0.2241900      0.2229800      0.2217600      0.2205500      0.2193400      0.2181300      0.2169200      0.2157100      0.2145000      0.2132900    
  0.2476900      0.2450200      0.2440830      0.2436600      0.2436200      0.2424000      0.2411800      0.2399600      0.2387400      0.2375200      0.2363100      0.2350900      0.2338700      0.2326600      0.2314400      0.2302300      0.2290200      0.2278000      0.2265900      0.2253800      0.2241700      0.2229600      0.2217400      0.2205300      0.2193200      0.2181100      0.2169000      0.2156900      0.2144900      0.2132800    
  0.2450200      0.2440910      0.2436400      0.2436200      0.2427800      0.2423200      0.2411000      0.2398900      0.2386800      0.2374600      0.2362500      0.2350400      0.2338300      0.2326200      0.2314000      0.2301900      0.2289800      0.2277700      0.2265600      0.2253500      0.2241400      0.2229400      0.2217300      0.2205200      0.2193100      0.2181000      0.2168900      0.2156800      0.2144800      0.2132700    
  0.2440900      0.2436300      0.2436200      0.2429070      0.2423200      0.2414830      0.2410300      0.2398200      0.2386100      0.2374100      0.2362000      0.2349900      0.2337800      0.2325700      0.2313700      0.2301600      0.2289500      0.2277400      0.2265400      0.2253300      0.2241200      0.2229200      0.2217100      0.2205000      0.2192900      0.2180900      0.2168800      0.2156700      0.2144700      0.2132600    
  0.2436250      0.2436200      0.2429490      0.2423200      0.2416110      0.2410300      0.2404250      0.2398200      0.2382970      0.2373500      0.2361400      0.2349400      0.2337400      0.2325300      0.2313300      0.2301200      0.2289200      0.2277200      0.2265100      0.2253100      0.2241000      0.2229000      0.2216900      0.2204900      0.2192800      0.2180700      0.2168700      0.2156600      0.2144600      0.2132500    
  0.2436200      0.2429630      0.2423200      0.2416540      0.2410300      0.2407270      0.2404250      0.2389730      0.2373500      0.2367450      0.2356320      0.2348900      0.2336900      0.2324900      0.2312900      0.2300900      0.2288900      0.2276900      0.2264900      0.2252800      0.2240800      0.2228800      0.2216700      0.2204700      0.2192700      0.2180600      0.2168600      0.2156500      0.2144500      0.2132400    
  0.2429680      0.2423200      0.2416680      0.2410300      0.2408790      0.2407270      0.2393690      0.2373500      0.2370470      0.2358860      0.2348650      0.2348400      0.2336500      0.2324500      0.2312500      0.2300600      0.2288600      0.2276600      0.2264600      0.2252600      0.2240600      0.2228600      0.2216600      0.2204600      0.2192500      0.2180500      0.2168500      0.2156400      0.2144400      0.2132300    
  0.2423200      0.2416730      0.2410300      0.2409540      0.2408790      0.2395810      0.2373500      0.2371990      0.2359950      0.2348530      0.2348400      0.2342450      0.2333370      0.2324100      0.2312200      0.2300200      0.2288300      0.2276300      0.2264400      0.2252400      0.2240400      0.2228400      0.2216400      0.2204400      0.2192400      0.2180400      0.2168300      0.2156300      0.2144300      0.2132200    
  0.2416740      0.2410300      0.2409920      0.2409540      0.2396910      0.2373500      0.2372740      0.2360460      0.2348460      0.2348400      0.2345430      0.2337080      0.2324100      0.2318150      0.2312170      0.2300230      0.2288270      0.2276330      0.2259440      0.2252200      0.2240200      0.2228200      0.2216200      0.2204300      0.2192300      0.2180200      0.2168200      0.2156200      0.2144100      0.2132100    
  0.2410300      0.2410110      0.2409920      0.2397470      0.2373500      0.2373120      0.2360710      0.2348430      0.2348400      0.2346910      0.2338750      0.2324100      0.2321120      0.2318140      0.2310180      0.2300220      0.2288280      0.2265600      0.2252050      0.2251900      0.2240000      0.2228000      0.2216100      0.2204100      0.2192100      0.2180100      0.2168100      0.2156100      0.2144000      0.2132000    
  0.2410210      0.2410110      0.2397750      0.2373500      0.2373310      0.2360830      0.2348420      0.2348400      0.2347660      0.2339540      0.2324100      0.2322610      0.2321120      0.2316480      0.2309510      0.2299560      0.2271590      0.2251970      0.2251900      0.2243900      0.2239800      0.2227900      0.2215900      0.2204000      0.2192000      0.2180000      0.2168000      0.2156000      0.2143900      0.2131900    
  0.2410210      0.2397890      0.2373500      0.2373410      0.2360890      0.2348410      0.2348400      0.2348030      0.2339920      0.2324100      0.2323360      0.2322610      0.2320070      0.2315710      0.2308520      0.2276760      0.2251940      0.2251900      0.2243670      0.2239600      0.2232460      0.2227700      0.2215700      0.2203800      0.2191800      0.2179800      0.2167800      0.2155800      0.2143800      0.2131800    
  0.2397960      0.2373500      0.2373450      0.2360920      0.2348400      0.2348400      0.2348210      0.2340110      0.2324100      0.2323730      0.2323360      0.2322010      0.2319460      0.2301500      0.2278050      0.2251200      0.2251200      0.2245630      0.2239360      0.2239300      0.2239400      0.2227500      0.2215600      0.2203600      0.2191700      0.2179700      0.2167700      0.2155700      0.2143700      0.2131600    
  0.2373500      0.2373480      0.2360930      0.2348400      0.2348400      0.2348310      0.2340210      0.2324100      0.2323910      0.2323730      0.2323030      0.2321610      0.2293270      0.2261690      0.2261700      0.2254380      0.2250470      0.2250500      0.2242700      0.2239170      0.2239200      0.2227300      0.2215400      0.2203500      0.2191500      0.2179500      0.2167600      0.2155600      0.2143500      0.2131500    
  0.2373490      0.2360940      0.2348400      0.2348400      0.2348350      0.2340250      0.2324100      0.2324010      0.2323910      0.2323560      0.2302630      0.2272400      0.2265250      0.2261680      0.2261680      0.2261700      0.2254150      0.2250450      0.2250500      0.2241830      0.2238900      0.2227100      0.2215200      0.2203300      0.2191300      0.2179400      0.2167400      0.2155400      0.2143400      0.2131300    
  0.2360950      0.2348400      0.2348400      0.2348380      0.2340280      0.2324100      0.2324050      0.2324010      0.2323830      0.2298980      0.2272400      0.2272400      0.2272400      0.2265230      0.2261660      0.2261660      0.2261700      0.2253930      0.2250400      0.2250500      0.2238700      0.2226900      0.2215000      0.2203100      0.2191200      0.2179200      0.2167200      0.2155200      0.2143200      0.2131200    
  0.2348400      0.2348400      0.2348390      0.2340290      0.2324100      0.2324080      0.2324050      0.2313400      0.2296070      0.2272400      0.2272400      0.2272400      0.2272400      0.2272400      0.2265200      0.2261630      0.2261630      0.2261700      0.2253130      0.2250300      0.2238500      0.2226600      0.2214800      0.2202900      0.2191000      0.2179000      0.2167100      0.2155100      0.2143000      0.2131000    
  0.2348400      0.2348390      0.2340290      0.2324100      0.2324090      0.2311450      0.2292500      0.2287100      0.2281700      0.2275500      0.2272400      0.2272400      0.2272400      0.2272400      0.2272400      0.2265100      0.2261550      0.2261550      0.2261700      0.2250000      0.2238200      0.2226400      0.2214500      0.2202700      0.2190800      0.2178800      0.2166900      0.2154900      0.2142800      0.2130800    
  0.2348400      0.2340300      0.2324100      0.2324090      0.2308930      0.2292500      0.2292500      0.2292500      0.2287100      0.2281700      0.2275490      0.2272390      0.2272400      0.2272400      0.2272400      0.2272400      0.2264810      0.2261400      0.2261400      0.2249700      0.2237900      0.2226100      0.2214300      0.2202400      0.2190500      0.2178600      0.2166600      0.2154600      0.2142600      0.2130600    
