iMOD/TUTORIALS/TUT_MetaswapAnalyser/model_MetaSWAP/meteo/Evaporation/Evaporation_20060624_L1.ASC
NCOLS                30
NROWS                30
XLLCORNER     160000.00
YLLCORNER     340000.00
CELLSIZE        1000.00
NODATA_VALUE   -9999.00
   4.271120       4.278740       4.286260       4.293690       4.301030       4.308280       4.315440       4.322520       4.329510       4.336410       4.343240       4.349980       4.356650       4.363250       4.369770       4.376220       4.382590       4.388900       4.395140       4.401310       4.407420       4.413460       4.419450       4.425370       4.431230       4.437030       4.442770       4.448460       4.454100       4.459680    
   4.280950       4.288610       4.296170       4.303650       4.311030       4.318330       4.325540       4.332660       4.339700       4.346650       4.353530       4.360320       4.367040       4.373670       4.380240       4.386730       4.393140       4.399490       4.405760       4.411970       4.418110       4.424190       4.430200       4.436140       4.442030       4.447850       4.453610       4.459320       4.464970       4.470560    
   4.290860       4.298560       4.306160       4.313680       4.321110       4.328450       4.335700       4.342870       4.349960       4.356960       4.363880       4.370720       4.377480       4.384160       4.390770       4.397300       4.403750       4.410130       4.416450       4.422690       4.428860       4.434960       4.441000       4.446970       4.452880       4.458720       4.464500       4.470230       4.475890       4.481500    
   4.300850       4.308580       4.316230       4.323780       4.331260       4.338640       4.345940       4.353160       4.360290       4.367330       4.374300       4.381180       4.387990       4.394710       4.401360       4.407920       4.414420       4.420840       4.427180       4.433460       4.439660       4.445790       4.451850       4.457850       4.463780       4.469640       4.475440       4.481180       4.486860       4.492470    
   4.310930       4.318690       4.326370       4.333970       4.341480       4.348910       4.356250       4.363510       4.370680       4.377770       4.384780       4.391710       4.398550       4.405320       4.412000       4.418610       4.425140       4.431590       4.437970       4.444280       4.450510       4.456670       4.462760       4.468770       4.474720       4.480610       4.486420       4.492180       4.497870       4.503500    
   4.321080       4.328870       4.336590       4.344220       4.351770       4.359240       4.366620       4.373920       4.381140       4.388270       4.395320       4.402290       4.409180       4.415980       4.422700       4.429350       4.435920       4.442400       4.448810       4.455150       4.461410       4.467590       4.473710       4.479750       4.485720       4.491620       4.497450       4.503220       4.508920       4.514560    
   4.331300       4.339120       4.346870       4.354540       4.362130       4.369640       4.377060       4.384400       4.391660       4.398830       4.405920       4.412930       4.419860       4.426700       4.433460       4.440140       4.446740       4.453260       4.459710       4.466070       4.472360       4.478570       4.484700       4.490770       4.496760       4.502670       4.508520       4.514300       4.520020       4.525660    
   4.341590       4.349450       4.357230       4.364930       4.372550       4.380100       4.387560       4.394940       4.402240       4.409450       4.416580       4.423630       4.430590       4.437470       4.444270       4.450990       4.457620       4.464170       4.470650       4.477040       4.483350       4.489590       4.495750       4.501830       4.507840       4.513770       4.519630       4.525430       4.531150       4.536800    
   4.351950       4.359830       4.367650       4.375380       4.383040       4.390620       4.398120       4.405540       4.412870       4.420130       4.427290       4.434380       4.441380       4.448300       4.455130       4.461880       4.468550       4.475130       4.481630       4.488050       4.494390       4.500650       4.506830       4.512930       4.518960       4.524910       4.530780       4.536590       4.542320       4.547980    
   4.362370       4.370290       4.378130       4.385900       4.393590       4.401200       4.408740       4.416190       4.423570       4.430850       4.438060       4.445180       4.452220       4.459170       4.466040       4.472820       4.479520       4.486130       4.492660       4.499110       4.505470       4.511760       4.517960       4.524080       4.530120       4.536080       4.541970       4.547780       4.553520       4.559190    
   4.362350       4.370260       4.382700       4.396470       4.404200       4.411840       4.419410       4.426900       4.434310       4.441640       4.448880       4.456030       4.463110       4.470090       4.476990       4.483810       4.490540       4.497180       4.503740       4.510210       4.516600       4.522900       4.529120       4.535260       4.541320       4.547290       4.553190       4.559010       4.564760       4.570430    
   4.362330       4.377940       4.396470       4.410270       4.414860       4.422540       4.430140       4.437660       4.445110       4.452470       4.459740       4.466930       4.474040       4.481060       4.487990       4.494840       4.501600       4.508270       4.514850       4.521350       4.527760       4.534080       4.540320       4.546480       4.552550       4.558540       4.564450       4.570270       4.576030       4.581700    
   4.372770       4.396470       4.413130       4.420210       4.425570       4.433280       4.440920       4.448470       4.455950       4.463340       4.470650       4.477880       4.485020       4.492070       4.499030       4.505910       4.512700       4.519400       4.526000       4.532520       4.538960       4.545300       4.551560       4.557730       4.563810       4.569810       4.575730       4.581570       4.587320       4.593000    
   4.396470       4.414520       4.422890       4.425570       4.434310       4.444070       4.451740       4.459330       4.466840       4.474260       4.481610       4.488860       4.496040       4.503120       4.510110       4.517020       4.523830       4.530560       4.537190       4.543740       4.550190       4.556550       4.562820       4.569010       4.575110       4.581120       4.587040       4.592880       4.598650       4.604330    
   4.415200       4.424230       4.425570       4.434650       4.444070       4.452800       4.462600       4.470220       4.477770       4.485230       4.492600       4.499890       4.507090       4.514210       4.521230       4.528170       4.535010       4.541760       4.548410       4.554980       4.561450       4.567830       4.574120       4.580320       4.586430       4.592450       4.598380       4.604230       4.609990       4.615670    
   4.424900       4.425570       4.434760       4.444070       4.453160       4.462600       4.466410       4.470200       4.482360       4.496220       4.503630       4.510950       4.518190       4.525330       4.532380       4.539340       4.546210       4.552990       4.559670       4.566250       4.572750       4.579140       4.585450       4.591660       4.597780       4.603800       4.609740       4.615590       4.621360       4.627040    
   4.425570       4.434800       4.444070       4.453280       4.462600       4.464510       4.466400       4.478800       4.496220       4.499930       4.513210       4.522050       4.529310       4.536490       4.543570       4.550560       4.557450       4.564250       4.570950       4.577560       4.584070       4.590480       4.596800       4.603020       4.609150       4.615180       4.621120       4.626980       4.632740       4.638420    
   4.434810       4.444070       4.453320       4.462600       4.463550       4.464500       4.476480       4.496220       4.498070       4.514030       4.527620       4.533180       4.540470       4.547670       4.554780       4.561790       4.568710       4.575530       4.582260       4.588880       4.595410       4.601840       4.608170       4.614400       4.620540       4.626580       4.632530       4.638380       4.644150       4.649820    
   4.444070       4.453330       4.462600       4.463080       4.463550       4.475190       4.496220       4.497150       4.514380       4.530400       4.533180       4.536830       4.545050       4.558880       4.566020       4.573060       4.580000       4.586850       4.593590       4.600230       4.606780       4.613220       4.619560       4.625810       4.631950       4.637990       4.643940       4.649800       4.655560       4.661240    
   4.453330       4.462600       4.462840       4.463080       4.474510       4.496220       4.496680       4.514540       4.531790       4.533180       4.535000       4.543480       4.558880       4.562450       4.565990       4.573030       4.579970       4.586810       4.603050       4.611610       4.618160       4.624620       4.630970       4.637220       4.643380       4.649420       4.655380       4.661230       4.666990       4.672660    
   4.462600       4.462720       4.462840       4.474160       4.496220       4.496450       4.514620       4.532480       4.533180       4.534090       4.542640       4.558880       4.560670       4.562440       4.567150       4.572990       4.579940       4.602030       4.617300       4.622990       4.629570       4.636040       4.642400       4.648660       4.654810       4.660870       4.666820       4.672670       4.678420       4.684090    
   4.462660       4.462720       4.473980       4.496220       4.496340       4.514660       4.532830       4.533180       4.533640       4.542200       4.558880       4.559770       4.560660       4.563420       4.567530       4.573360       4.599620       4.620140       4.622990       4.631180       4.640980       4.647460       4.653840       4.660100       4.666260       4.672320       4.678270       4.684120       4.689860       4.695520    
   4.462660       4.473900       4.496220       4.496280       4.514680       4.533010       4.533180       4.533410       4.541970       4.558880       4.559330       4.559770       4.561280       4.563870       4.568100       4.603870       4.621570       4.622990       4.644030       4.652410       4.656310       4.658900       4.665280       4.671560       4.677720       4.683770       4.689720       4.695560       4.701310       4.706950    
   4.473850       4.496220       4.496250       4.514690       4.533090       4.533180       4.533290       4.541860       4.558880       4.559100       4.559330       4.560130       4.561640       4.600200       4.631610       4.657250       4.657250       4.661070       4.665750       4.669560       4.663840       4.670350       4.676740       4.683010       4.689180       4.695230       4.701180       4.707010       4.712750       4.718380    
   4.496220       4.496230       4.514700       4.533140       4.533180       4.533240       4.541800       4.558880       4.558990       4.559100       4.559520       4.560360       4.627620       4.707890       4.707530       4.689020       4.692940       4.691510       4.681070       4.675280       4.675280       4.681800       4.688190       4.694470       4.700640       4.706690       4.712630       4.718460       4.724190       4.729810    
   4.496230       4.514700       4.533160       4.533180       4.533210       4.541780       4.558880       4.558940       4.558990       4.559200       4.629650       4.734630       4.717090       4.708240       4.708240       4.707530       4.698370       4.694360       4.691510       4.687920       4.686720       4.693240       4.699650       4.705930       4.712100       4.718140       4.724080       4.729900       4.735620       4.741230    
   4.514700       4.533170       4.533180       4.533190       4.541760       4.558880       4.558910       4.558940       4.559040       4.643420       4.734630       4.734630       4.734630       4.717620       4.708950       4.708950       4.707530       4.700080       4.697220       4.691510       4.698160       4.704690       4.711100       4.717380       4.723550       4.729590       4.735520       4.741330       4.747040       4.752630    
   4.533170       4.533180       4.533190       4.541750       4.558880       4.558890       4.558910       4.615090       4.671760       4.734660       4.734630       4.734630       4.734630       4.734630       4.718660       4.710370       4.710370       4.707530       4.704070       4.702920       4.709590       4.716130       4.722540       4.728830       4.734990       4.741030       4.746950       4.752750       4.758440       4.764020    
   4.533180       4.533180       4.541750       4.558880       4.558890       4.650190       4.787130       4.785310       4.783480       4.751000       4.734720       4.734630       4.734630       4.734630       4.734630       4.720690       4.713220       4.713220       4.707530       4.714330       4.721010       4.727550       4.733970       4.740260       4.746420       4.752450       4.758360       4.764150       4.769830       4.775390    
   4.533180       4.541750       4.558880       4.558880       4.668460       4.787150       4.787150       4.787130       4.785310       4.783480       4.751160       4.734910       4.734630       4.734630       4.734630       4.734630       4.724530       4.718900       4.718910       4.725730       4.732410       4.738970       4.745390       4.751670       4.757830       4.763850       4.769750       4.775530       4.781190       4.786730    
