iMOD/TUTORIALS/TUT_MetaswapAnalyser/model_MetaSWAP/meteo/Evaporation/Evaporation_20060408_L1.ASC
NCOLS                30
NROWS                30
XLLCORNER     160000.00
YLLCORNER     340000.00
CELLSIZE        1000.00
NODATA_VALUE   -9999.00
   1.074650       1.074590       1.074590       1.074650       1.074770       1.074930       1.075140       1.075390       1.075670       1.075970       1.076300       1.076660       1.077020       1.077400       1.077780       1.078170       1.078560       1.078950       1.079330       1.079710       1.080070       1.080420       1.080760       1.081080       1.081380       1.081660       1.081920       1.082160       1.082370       1.082560    
   1.077900       1.077850       1.077870       1.077940       1.078060       1.078230       1.078440       1.078690       1.078980       1.079290       1.079620       1.079980       1.080340       1.080720       1.081110       1.081500       1.081890       1.082270       1.082650       1.083020       1.083380       1.083730       1.084060       1.084370       1.084670       1.084940       1.085190       1.085420       1.085620       1.085800    
   1.081240       1.081200       1.081230       1.081310       1.081440       1.081610       1.081830       1.082090       1.082380       1.082690       1.083030       1.083380       1.083750       1.084130       1.084520       1.084900       1.085290       1.085670       1.086050       1.086420       1.086770       1.087110       1.087440       1.087740       1.088030       1.088290       1.088540       1.088750       1.088940       1.089110    
   1.084670       1.084640       1.084670       1.084760       1.084900       1.085080       1.085310       1.085570       1.085860       1.086170       1.086510       1.086870       1.087240       1.087620       1.088000       1.088390       1.088780       1.089160       1.089530       1.089890       1.090240       1.090570       1.090890       1.091190       1.091470       1.091720       1.091950       1.092150       1.092330       1.092480    
   1.088170       1.088160       1.088200       1.088300       1.088440       1.088630       1.088860       1.089130       1.089420       1.089740       1.090080       1.090440       1.090810       1.091190       1.091570       1.091950       1.092340       1.092710       1.093080       1.093440       1.093780       1.094110       1.094420       1.094700       1.094970       1.095210       1.095430       1.095620       1.095780       1.095920    
   1.091750       1.091750       1.091800       1.091910       1.092060       1.092260       1.092490       1.092760       1.093060       1.093380       1.093730       1.094080       1.094450       1.094830       1.095210       1.095590       1.095970       1.096340       1.096710       1.097060       1.097390       1.097710       1.098010       1.098280       1.098540       1.098770       1.098970       1.099150       1.099300       1.099410    
   1.095410       1.095410       1.095480       1.095590       1.095760       1.095960       1.096200       1.096470       1.096770       1.097100       1.097440       1.097800       1.098170       1.098550       1.098920       1.099300       1.099680       1.100040       1.100400       1.100740       1.101070       1.101380       1.101660       1.101930       1.102170       1.102390       1.102580       1.102740       1.102870       1.102970    
   1.099130       1.099150       1.099220       1.099350       1.099520       1.099730       1.099970       1.100250       1.100560       1.100880       1.101230       1.101590       1.101960       1.102330       1.102710       1.103080       1.103450       1.103810       1.104160       1.104490       1.104810       1.105110       1.105390       1.105640       1.105870       1.106070       1.106240       1.106380       1.106500       1.106580    
   1.102910       1.102950       1.103030       1.103170       1.103340       1.103560       1.103810       1.104100       1.104400       1.104730       1.105080       1.105440       1.105810       1.106180       1.106550       1.106920       1.107290       1.107640       1.107980       1.108310       1.108620       1.108900       1.109170       1.109410       1.109620       1.109810       1.109960       1.110090       1.110180       1.110240    
   1.106760       1.106810       1.106900       1.107050       1.107230       1.107460       1.107720       1.108000       1.108320       1.108650       1.109000       1.109360       1.109720       1.110090       1.110460       1.110830       1.111190       1.111530       1.111870       1.112180       1.112480       1.112760       1.113010       1.113230       1.113430       1.113600       1.113740       1.113840       1.113920       1.113960    
   1.106780       1.106820       1.107940       1.110990       1.111180       1.111410       1.111680       1.111970       1.112290       1.112620       1.112970       1.113330       1.113700       1.114060       1.114430       1.114790       1.115140       1.115480       1.115810       1.116120       1.116400       1.116670       1.116900       1.117110       1.117290       1.117450       1.117560       1.117650       1.117700       1.117720    
   1.106800       1.108130       1.110990       1.114150       1.115180       1.115420       1.115690       1.115990       1.116310       1.116650       1.117000       1.117360       1.117720       1.118090       1.118450       1.118810       1.119160       1.119490       1.119810       1.120100       1.120380       1.120630       1.120850       1.121050       1.121210       1.121340       1.121440       1.121510       1.121540       1.121530    
   1.108180       1.110990       1.115400       1.117210       1.119240       1.119480       1.119760       1.120060       1.120390       1.120730       1.121080       1.121440       1.121810       1.122170       1.122530       1.122880       1.123220       1.123550       1.123850       1.124140       1.124400       1.124640       1.124850       1.125030       1.125170       1.125290       1.125360       1.125410       1.125410       1.125380    
   1.110990       1.115960       1.118230       1.119240       1.120770       1.123590       1.123880       1.124190       1.124510       1.124860       1.125210       1.125570       1.125940       1.126300       1.126660       1.127000       1.127340       1.127650       1.127950       1.128230       1.128480       1.128700       1.128890       1.129050       1.129180       1.129280       1.129330       1.129350       1.129340       1.129280    
   1.116230       1.118730       1.119240       1.121200       1.123590       1.125170       1.128040       1.128350       1.128690       1.129030       1.129390       1.129750       1.130110       1.130470       1.130830       1.131170       1.131500       1.131810       1.132090       1.132360       1.132600       1.132800       1.132980       1.133130       1.133230       1.133310       1.133340       1.133340       1.133300       1.133210    
   1.118990       1.119240       1.121340       1.123590       1.125600       1.128040       1.128200       1.128360       1.129830       1.133250       1.133610       1.133970       1.134330       1.134690       1.135040       1.135380       1.135700       1.136000       1.136280       1.136530       1.136760       1.136950       1.137110       1.137240       1.137330       1.137380       1.137390       1.137360       1.137290       1.137180    
   1.119240       1.121390       1.123590       1.125740       1.128040       1.128120       1.128200       1.129910       1.133250       1.133430       1.136320       1.138230       1.138590       1.138950       1.139300       1.139630       1.139940       1.140240       1.140500       1.140750       1.140960       1.141140       1.141280       1.141390       1.141450       1.141480       1.141470       1.141420       1.141320       1.141190    
   1.121410       1.123590       1.125790       1.128040       1.128080       1.128120       1.129870       1.133250       1.133340       1.137180       1.140370       1.142520       1.142890       1.143240       1.143590       1.143910       1.144220       1.144510       1.144770       1.145000       1.145190       1.145360       1.145480       1.145570       1.145620       1.145620       1.145590       1.145510       1.145380       1.145220    
   1.123590       1.125810       1.128040       1.128060       1.128080       1.129830       1.133250       1.133300       1.137550       1.141450       1.142520       1.142700       1.144060       1.147570       1.147910       1.148230       1.148530       1.148810       1.149060       1.149280       1.149460       1.149610       1.149720       1.149790       1.149810       1.149790       1.149730       1.149630       1.149470       1.149280    
   1.125810       1.128040       1.128050       1.128060       1.129800       1.133250       1.133270       1.137720       1.141980       1.142520       1.142610       1.144210       1.147570       1.147740       1.147900       1.148220       1.148520       1.148800       1.151730       1.153590       1.153760       1.153890       1.153980       1.154030       1.154030       1.153990       1.153900       1.153770       1.153590       1.153360    
   1.128040       1.128040       1.128050       1.129790       1.133250       1.133260       1.137800       1.142250       1.142520       1.142570       1.144230       1.147570       1.147660       1.147740       1.147960       1.148220       1.148520       1.152550       1.155760       1.157930       1.158090       1.158200       1.158270       1.158300       1.158280       1.158220       1.158100       1.157940       1.157730       1.157470    
   1.128040       1.128040       1.129780       1.133250       1.133260       1.137840       1.142390       1.142520       1.142540       1.144220       1.147570       1.147610       1.147650       1.147780       1.147970       1.148230       1.152810       1.156850       1.157930       1.159490       1.162440       1.162530       1.162590       1.162590       1.162550       1.162460       1.162320       1.162130       1.161880       1.161590    
   1.128040       1.129780       1.133250       1.133250       1.137860       1.142450       1.142520       1.142530       1.144210       1.147570       1.147590       1.147610       1.147680       1.147800       1.147990       1.155510       1.157390       1.157930       1.164410       1.166820       1.166860       1.166890       1.166920       1.166910       1.166840       1.166720       1.166550       1.166330       1.166060       1.165730    
   1.129780       1.133250       1.133250       1.137870       1.142490       1.142520       1.142530       1.144210       1.147570       1.147580       1.147590       1.147630       1.147700       1.159140       1.166630       1.171140       1.171130       1.171440       1.171930       1.173390       1.171190       1.171260       1.171270       1.171230       1.171140       1.171000       1.170800       1.170550       1.170240       1.169880    
   1.133250       1.133250       1.137880       1.142500       1.142520       1.142520       1.144210       1.147570       1.147580       1.147580       1.147600       1.147640       1.168220       1.193240       1.193100       1.184240       1.184900       1.184340       1.178600       1.175590       1.175590       1.175640       1.175630       1.175580       1.175460       1.175290       1.175060       1.174780       1.174440       1.174040    
   1.133250       1.137880       1.142510       1.142520       1.142520       1.144200       1.147570       1.147570       1.147580       1.147590       1.171060       1.206240       1.197690       1.193380       1.193380       1.193100       1.187840       1.185450       1.184340       1.181090       1.180000       1.180030       1.180010       1.179930       1.179790       1.179590       1.179330       1.179010       1.178640       1.178210    
   1.137880       1.142520       1.142520       1.142520       1.144200       1.147570       1.147570       1.147570       1.147580       1.175740       1.206240       1.206240       1.206240       1.197890       1.193650       1.193660       1.193100       1.188460       1.186560       1.184340       1.184420       1.184430       1.184390       1.184280       1.184120       1.183890       1.183600       1.183250       1.182840       1.182370    
   1.142520       1.142520       1.142520       1.144200       1.147570       1.147570       1.147570       1.167610       1.186380       1.206250       1.206240       1.206240       1.206240       1.206240       1.198290       1.194210       1.194210       1.193100       1.189860       1.188780       1.188830       1.188830       1.188770       1.188640       1.188450       1.188190       1.187870       1.187490       1.187040       1.186540    
   1.142520       1.142520       1.144200       1.147570       1.147570       1.181210       1.231670       1.229700       1.227730       1.213440       1.206280       1.206240       1.206240       1.206240       1.206240       1.199080       1.195320       1.195320       1.193100       1.193210       1.193250       1.193230       1.193150       1.193000       1.192780       1.192490       1.192140       1.191720       1.191240       1.190700    
   1.142520       1.144200       1.147570       1.147570       1.187940       1.231680       1.231680       1.231670       1.229700       1.227730       1.213500       1.206350       1.206240       1.206240       1.206240       1.206240       1.200530       1.197540       1.197540       1.197630       1.197670       1.197630       1.197520       1.197350       1.197100       1.196790       1.196400       1.195950       1.195430       1.194840    
