iMOD/TUTORIALS/TUT_MetaswapAnalyser/model_MetaSWAP/meteo/Evaporation/Evaporation_20060817_L1.ASC
NCOLS                30
NROWS                30
XLLCORNER     160000.00
YLLCORNER     340000.00
CELLSIZE        1000.00
NODATA_VALUE   -9999.00
   2.533690       2.531530       2.529380       2.527250       2.525130       2.523030       2.520950       2.518880       2.516820       2.514780       2.512760       2.510750       2.508760       2.506780       2.504820       2.502880       2.500950       2.499040       2.497140       2.495260       2.493400       2.491550       2.489720       2.487910       2.486110       2.484330       2.482580       2.480830       2.479110       2.477410    
   2.534300       2.532140       2.529990       2.527860       2.525740       2.523630       2.521550       2.519470       2.517410       2.515370       2.513340       2.511330       2.509330       2.507350       2.505390       2.503440       2.501500       2.499580       2.497680       2.495800       2.493930       2.492070       2.490240       2.488420       2.486620       2.484840       2.483070       2.481320       2.479590       2.477880    
   2.534880       2.532720       2.530570       2.528430       2.526310       2.524210       2.522120       2.520040       2.517980       2.515930       2.513900       2.511880       2.509880       2.507890       2.505920       2.503970       2.502030       2.500110       2.498200       2.496310       2.494430       2.492580       2.490740       2.488910       2.487110       2.485320       2.483550       2.481790       2.480060       2.478340    
   2.535420       2.533260       2.531120       2.528980       2.526860       2.524750       2.522660       2.520580       2.518510       2.516460       2.514430       2.512410       2.510400       2.508410       2.506440       2.504480       2.502540       2.500610       2.498700       2.496800       2.494920       2.493060       2.491210       2.489390       2.487570       2.485780       2.484010       2.482250       2.480510       2.478790    
   2.535940       2.533780       2.531640       2.529500       2.527380       2.525270       2.523170       2.521090       2.519030       2.516970       2.514930       2.512910       2.510900       2.508910       2.506930       2.504970       2.503020       2.501090       2.499170       2.497270       2.495390       2.493520       2.491670       2.489840       2.488020       2.486230       2.484450       2.482680       2.480940       2.479210    
   2.536430       2.534270       2.532130       2.529990       2.527870       2.525760       2.523660       2.521580       2.519510       2.517460       2.515410       2.513390       2.511380       2.509380       2.507400       2.505430       2.503480       2.501540       2.499620       2.497720       2.495830       2.493960       2.492110       2.490270       2.488450       2.486650       2.484870       2.483100       2.481350       2.479620    
   2.536890       2.534730       2.532590       2.530450       2.528330       2.526220       2.524120       2.522040       2.519970       2.517910       2.515870       2.513840       2.511830       2.509830       2.507840       2.505870       2.503920       2.501980       2.500060       2.498150       2.496260       2.494390       2.492530       2.490690       2.488860       2.487060       2.485270       2.483500       2.481750       2.480010    
   2.537320       2.535170       2.533020       2.530890       2.528770       2.526660       2.524560       2.522480       2.520400       2.518350       2.516300       2.514270       2.512250       2.510250       2.508260       2.506290       2.504340       2.502390       2.500470       2.498560       2.496660       2.494790       2.492930       2.491080       2.489260       2.487450       2.485660       2.483880       2.482130       2.480390    
   2.537730       2.535570       2.533430       2.531300       2.529180       2.527070       2.524970       2.522890       2.520810       2.518750       2.516710       2.514680       2.512660       2.510650       2.508670       2.506690       2.504730       2.502790       2.500860       2.498950       2.497050       2.495170       2.493310       2.491460       2.489630       2.487820       2.486020       2.484250       2.482490       2.480750    
   2.538100       2.535950       2.533810       2.531680       2.529560       2.527450       2.525360       2.523270       2.521200       2.519140       2.517090       2.515060       2.513040       2.511030       2.509040       2.507070       2.505110       2.503160       2.501230       2.499310       2.497420       2.495530       2.493670       2.491820       2.489990       2.488170       2.486370       2.484590       2.482830       2.481090    
   2.538100       2.535950       2.533370       2.532040       2.529920       2.527810       2.525710       2.523630       2.521560       2.519500       2.517450       2.515420       2.513400       2.511390       2.509400       2.507420       2.505460       2.503510       2.501580       2.499660       2.497760       2.495880       2.494010       2.492160       2.490320       2.488510       2.486710       2.484920       2.483160       2.481410    
   2.538110       2.534870       2.532040       2.530690       2.530250       2.528140       2.526050       2.523970       2.521900       2.519840       2.517790       2.515750       2.513730       2.511730       2.509730       2.507760       2.505790       2.503840       2.501910       2.499990       2.498090       2.496200       2.494330       2.492480       2.490640       2.488820       2.487020       2.485240       2.483470       2.481720    
   2.536320       2.532040       2.530920       2.530410       2.530560       2.528450       2.526360       2.524280       2.522210       2.520150       2.518100       2.516070       2.514050       2.512040       2.510050       2.508070       2.506100       2.504150       2.502220       2.500300       2.498400       2.496510       2.494640       2.492780       2.490940       2.489120       2.487320       2.485530       2.483760       2.482010    
   2.532040       2.531000       2.530480       2.530560       2.529250       2.528740       2.526650       2.524570       2.522500       2.520440       2.518400       2.516360       2.514340       2.512330       2.510340       2.508360       2.506390       2.504440       2.502510       2.500590       2.498680       2.496790       2.494920       2.493070       2.491230       2.489400       2.487600       2.485810       2.484040       2.482290    
   2.531030       2.530520       2.530560       2.529520       2.528740       2.527430       2.526910       2.524840       2.522770       2.520710       2.518660       2.516630       2.514610       2.512610       2.510610       2.508630       2.506670       2.504720       2.502780       2.500860       2.498950       2.497060       2.495190       2.493330       2.491490       2.489670       2.487860       2.486070       2.484300       2.482550    
   2.530540       2.530560       2.529610       2.528740       2.527690       2.526910       2.525880       2.524840       2.522320       2.520960       2.518910       2.516880       2.514860       2.512860       2.510860       2.508880       2.506920       2.504970       2.503030       2.501110       2.499200       2.497310       2.495440       2.493580       2.491740       2.489920       2.488110       2.486320       2.484550       2.482790    
   2.530560       2.529640       2.528740       2.527780       2.526910       2.526390       2.525880       2.523500       2.520960       2.519940       2.518240       2.517110       2.515090       2.513090       2.511090       2.509120       2.507150       2.505200       2.503260       2.501340       2.499440       2.497550       2.495670       2.493810       2.491970       2.490150       2.488340       2.486550       2.484780       2.483020    
   2.529640       2.528740       2.527810       2.526910       2.526650       2.526390       2.524180       2.520960       2.520450       2.518730       2.517220       2.517320       2.515300       2.513300       2.511310       2.509330       2.507360       2.505410       2.503480       2.501560       2.499650       2.497760       2.495890       2.494030       2.492190       2.490360       2.488550       2.486760       2.484990       2.483230    
   2.528740       2.527820       2.526910       2.526780       2.526650       2.524550       2.520960       2.520700       2.518950       2.517270       2.517320       2.516310       2.514850       2.513490       2.511500       2.509520       2.507560       2.505610       2.503670       2.501750       2.499850       2.497960       2.496080       2.494230       2.492380       2.490560       2.488750       2.486960       2.485190       2.483430    
   2.527820       2.526910       2.526850       2.526780       2.524730       2.520960       2.520830       2.519040       2.517290       2.517320       2.516810       2.515490       2.513490       2.512500       2.511500       2.509530       2.507560       2.505610       2.503010       2.501930       2.500030       2.498140       2.496260       2.494410       2.492570       2.490740       2.488930       2.487140       2.485370       2.483610    
   2.526910       2.526880       2.526850       2.524830       2.520960       2.520900       2.519090       2.517310       2.517320       2.517070       2.515780       2.513490       2.512990       2.512500       2.511170       2.509530       2.507570       2.504060       2.502010       2.502090       2.500190       2.498300       2.496430       2.494570       2.492730       2.490910       2.489100       2.487310       2.485540       2.483780    
   2.526890       2.526880       2.524880       2.520960       2.520930       2.519120       2.517310       2.517320       2.517190       2.515910       2.513490       2.513240       2.512990       2.512220       2.511070       2.509420       2.505060       2.502050       2.502090       2.500870       2.500330       2.498450       2.496570       2.494720       2.492880       2.491060       2.489250       2.487460       2.485690       2.483930    
   2.526890       2.524900       2.520960       2.520940       2.519130       2.517320       2.517320       2.517260       2.515980       2.513490       2.513370       2.513240       2.512820       2.512090       2.510900       2.506000       2.502070       2.502090       2.501010       2.500450       2.499320       2.498580       2.496710       2.494850       2.493010       2.491190       2.489390       2.487600       2.485820       2.484070    
   2.524910       2.520960       2.520950       2.519130       2.517320       2.517320       2.517290       2.516010       2.513490       2.513430       2.513370       2.513140       2.512720       2.510130       2.506560       2.502390       2.502400       2.501540       2.500580       2.500620       2.500570       2.498690       2.496820       2.494970       2.493130       2.491310       2.489510       2.487720       2.485950       2.484190    
   2.520960       2.520960       2.519140       2.517320       2.517320       2.517300       2.516030       2.513490       2.513460       2.513430       2.513310       2.513080       2.509070       2.504690       2.504690       2.503290       2.502720       2.502710       2.501310       2.500660       2.500670       2.498790       2.496920       2.495070       2.493230       2.491410       2.489610       2.487830       2.486060       2.484300    
   2.520960       2.519140       2.517320       2.517320       2.517310       2.516040       2.513490       2.513470       2.513460       2.513400       2.510600       2.506600       2.505330       2.504690       2.504690       2.504690       2.503370       2.502720       2.502710       2.501240       2.500750       2.498870       2.497000       2.495150       2.493320       2.491500       2.489700       2.487920       2.486150       2.484400    
   2.519140       2.517320       2.517320       2.517320       2.516040       2.513490       2.513480       2.513470       2.513440       2.510130       2.506600       2.506600       2.506600       2.505330       2.504690       2.504690       2.504690       2.503340       2.502730       2.502710       2.500810       2.498940       2.497070       2.495230       2.493390       2.491580       2.489780       2.488000       2.486230       2.484480    
   2.517320       2.517320       2.517320       2.516040       2.513490       2.513490       2.513480       2.512160       2.509840       2.506600       2.506600       2.506600       2.506600       2.506600       2.505330       2.504690       2.504690       2.504690       2.503230       2.502750       2.500860       2.498990       2.497130       2.495280       2.493450       2.491640       2.489840       2.488060       2.486300       2.484550    
   2.517320       2.517320       2.516040       2.513490       2.513490       2.512100       2.510030       2.509120       2.508220       2.507140       2.506600       2.506600       2.506600       2.506600       2.506600       2.505320       2.504690       2.504690       2.504690       2.502790       2.500900       2.499030       2.497170       2.495320       2.493500       2.491690       2.489890       2.488110       2.486350       2.484610    
   2.517320       2.516040       2.513490       2.513490       2.511830       2.510030       2.510030       2.510030       2.509120       2.508220       2.507140       2.506600       2.506600       2.506600       2.506600       2.506600       2.505290       2.504700       2.504700       2.502800       2.500920       2.499050       2.497190       2.495350       2.493530       2.491720       2.489930       2.488150       2.486390       2.484650    
