iMOD/TUTORIALS/TUT_MetaswapAnalyser/model_MetaSWAP/meteo/Evaporation/Evaporation_20060721_L1.ASC
NCOLS                30
NROWS                30
XLLCORNER     160000.00
YLLCORNER     340000.00
CELLSIZE        1000.00
NODATA_VALUE   -9999.00
   5.146870       5.146830       5.146820       5.146830       5.146860       5.146910       5.146980       5.147060       5.147170       5.147290       5.147430       5.147580       5.147740       5.147920       5.148110       5.148310       5.148530       5.148750       5.148980       5.149220       5.149470       5.149730       5.149990       5.150260       5.150540       5.150820       5.151110       5.151400       5.151700       5.152000    
   5.148740       5.148700       5.148680       5.148690       5.148720       5.148770       5.148840       5.148920       5.149020       5.149140       5.149280       5.149430       5.149590       5.149760       5.149950       5.150150       5.150360       5.150580       5.150810       5.151050       5.151300       5.151550       5.151810       5.152080       5.152360       5.152640       5.152920       5.153210       5.153510       5.153810    
   5.150610       5.150570       5.150560       5.150570       5.150590       5.150640       5.150710       5.150790       5.150890       5.151010       5.151140       5.151280       5.151440       5.151620       5.151800       5.152000       5.152210       5.152420       5.152650       5.152890       5.153130       5.153380       5.153640       5.153910       5.154180       5.154460       5.154750       5.155040       5.155330       5.155630    
   5.152500       5.152460       5.152440       5.152450       5.152480       5.152520       5.152580       5.152670       5.152760       5.152880       5.153010       5.153150       5.153310       5.153480       5.153660       5.153860       5.154060       5.154280       5.154500       5.154740       5.154980       5.155230       5.155490       5.155750       5.156020       5.156300       5.156580       5.156870       5.157160       5.157460    
   5.154390       5.154350       5.154340       5.154340       5.154370       5.154410       5.154470       5.154550       5.154650       5.154760       5.154890       5.155030       5.155180       5.155350       5.155530       5.155720       5.155930       5.156140       5.156360       5.156590       5.156830       5.157080       5.157340       5.157600       5.157870       5.158140       5.158420       5.158710       5.159000       5.159300    
   5.156290       5.156250       5.156240       5.156240       5.156270       5.156310       5.156370       5.156450       5.156540       5.156650       5.156780       5.156910       5.157070       5.157230       5.157410       5.157600       5.157800       5.158010       5.158230       5.158460       5.158700       5.158940       5.159190       5.159450       5.159720       5.160000       5.160270       5.160560       5.160850       5.161140    
   5.158190       5.158160       5.158140       5.158150       5.158170       5.158210       5.158270       5.158350       5.158440       5.158550       5.158670       5.158810       5.158960       5.159120       5.159300       5.159480       5.159680       5.159890       5.160100       5.160330       5.160570       5.160810       5.161060       5.161320       5.161580       5.161860       5.162130       5.162420       5.162700       5.163000    
   5.160110       5.160070       5.160060       5.160060       5.160090       5.160130       5.160180       5.160260       5.160350       5.160450       5.160580       5.160710       5.160860       5.161020       5.161190       5.161370       5.161570       5.161770       5.161990       5.162210       5.162450       5.162690       5.162940       5.163190       5.163450       5.163720       5.164000       5.164280       5.164560       5.164860    
   5.162030       5.161990       5.161980       5.161980       5.162010       5.162050       5.162100       5.162180       5.162260       5.162370       5.162490       5.162620       5.162760       5.162920       5.163090       5.163270       5.163470       5.163670       5.163880       5.164100       5.164330       5.164570       5.164820       5.165070       5.165330       5.165600       5.165870       5.166150       5.166430       5.166720    
   5.163950       5.163920       5.163910       5.163910       5.163930       5.163970       5.164030       5.164100       5.164190       5.164290       5.164410       5.164540       5.164680       5.164840       5.165000       5.165180       5.165370       5.165570       5.165780       5.166000       5.166230       5.166460       5.166710       5.166960       5.167220       5.167480       5.167750       5.168030       5.168310       5.168600    
   5.163960       5.163930       5.164400       5.165850       5.165870       5.165910       5.165960       5.166030       5.166120       5.166220       5.166330       5.166460       5.166600       5.166750       5.166920       5.167100       5.167280       5.167480       5.167690       5.167910       5.168130       5.168360       5.168610       5.168850       5.169110       5.169370       5.169640       5.169910       5.170190       5.170480    
   5.163960       5.164530       5.165850       5.167320       5.167810       5.167850       5.167900       5.167970       5.168050       5.168150       5.168260       5.168390       5.168530       5.168680       5.168840       5.169020       5.169200       5.169400       5.169600       5.169820       5.170040       5.170270       5.170510       5.170760       5.171010       5.171270       5.171530       5.171810       5.172080       5.172360    
   5.164590       5.165850       5.167930       5.168780       5.169750       5.169790       5.169840       5.169910       5.170000       5.170090       5.170200       5.170330       5.170470       5.170610       5.170780       5.170950       5.171130       5.171320       5.171530       5.171740       5.171960       5.172190       5.172420       5.172660       5.172920       5.173170       5.173440       5.173700       5.173980       5.174260    
   5.165850       5.168200       5.169270       5.169750       5.170430       5.171740       5.171790       5.171860       5.171940       5.172040       5.172150       5.172270       5.172410       5.172550       5.172710       5.172880       5.173060       5.173250       5.173450       5.173660       5.173880       5.174110       5.174340       5.174580       5.174830       5.175080       5.175340       5.175610       5.175880       5.176160    
   5.168330       5.169510       5.169750       5.170640       5.171740       5.172430       5.173750       5.173820       5.173900       5.173990       5.174100       5.174220       5.174350       5.174500       5.174660       5.174820       5.175000       5.175190       5.175390       5.175590       5.175810       5.176030       5.176260       5.176500       5.176750       5.177000       5.177260       5.177520       5.177790       5.178070    
   5.169630       5.169750       5.170710       5.171740       5.172640       5.173750       5.173790       5.173820       5.174420       5.175950       5.176060       5.176180       5.176310       5.176450       5.176610       5.176770       5.176950       5.177130       5.177330       5.177530       5.177740       5.177970       5.178190       5.178430       5.178670       5.178920       5.179180       5.179440       5.179710       5.179980    
   5.169750       5.170730       5.171740       5.172710       5.173750       5.173770       5.173790       5.174490       5.175950       5.176010       5.177290       5.178140       5.178270       5.178410       5.178560       5.178720       5.178900       5.179080       5.179270       5.179480       5.179690       5.179900       5.180130       5.180360       5.180600       5.180850       5.181100       5.181360       5.181630       5.181900    
   5.170740       5.171740       5.172730       5.173750       5.173760       5.173770       5.174500       5.175950       5.175980       5.177690       5.179120       5.180100       5.180230       5.180370       5.180520       5.180680       5.180850       5.181040       5.181230       5.181430       5.181630       5.181850       5.182070       5.182300       5.182540       5.182790       5.183040       5.183290       5.183550       5.183820    
   5.171740       5.172740       5.173750       5.173750       5.173760       5.174490       5.175950       5.175960       5.177870       5.179610       5.180100       5.180170       5.180760       5.182340       5.182490       5.182650       5.182820       5.183000       5.183180       5.183380       5.183590       5.183800       5.184020       5.184250       5.184480       5.184730       5.184970       5.185230       5.185490       5.185750    
   5.172740       5.173750       5.173750       5.173750       5.174490       5.175950       5.175960       5.177950       5.179860       5.180100       5.180130       5.180840       5.182340       5.182420       5.182490       5.182650       5.182820       5.183000       5.184440       5.185340       5.185540       5.185760       5.185970       5.186200       5.186430       5.186670       5.186920       5.187170       5.187420       5.187690    
   5.173750       5.173750       5.173750       5.174490       5.175950       5.175950       5.177990       5.179980       5.180100       5.180120       5.180850       5.182340       5.182380       5.182420       5.182520       5.182660       5.182830       5.184780       5.186330       5.187310       5.187510       5.187720       5.187930       5.188160       5.188390       5.188620       5.188870       5.189110       5.189370       5.189630    
   5.173750       5.173750       5.174480       5.175950       5.175950       5.178010       5.180040       5.180100       5.180110       5.180850       5.182340       5.182360       5.182380       5.182440       5.182530       5.182670       5.184880       5.186820       5.187310       5.188100       5.189480       5.189680       5.189900       5.190120       5.190340       5.190580       5.190820       5.191060       5.191320       5.191570    
   5.173750       5.174480       5.175950       5.175950       5.178020       5.180070       5.180100       5.180100       5.180850       5.182340       5.182350       5.182360       5.182390       5.182450       5.182550       5.186080       5.187060       5.187310       5.190320       5.191450       5.191570       5.191650       5.191860       5.192080       5.192310       5.192540       5.192780       5.193020       5.193270       5.193520    
   5.174480       5.175950       5.175950       5.178020       5.180080       5.180100       5.180100       5.180850       5.182340       5.182340       5.182350       5.182370       5.182400       5.187600       5.191080       5.193260       5.193260       5.193460       5.193760       5.194420       5.193430       5.193630       5.193840       5.194050       5.194280       5.194510       5.194740       5.194980       5.195230       5.195480    
   5.175950       5.175950       5.178020       5.180090       5.180100       5.180100       5.180850       5.182340       5.182340       5.182340       5.182350       5.182370       5.191710       5.203070       5.203010       5.199110       5.199450       5.199200       5.196720       5.195410       5.195410       5.195610       5.195820       5.196030       5.196250       5.196480       5.196710       5.196950       5.197190       5.197440    
   5.175950       5.178020       5.180100       5.180100       5.180100       5.180850       5.182340       5.182340       5.182340       5.182350       5.192960       5.208870       5.205060       5.203140       5.203140       5.203010       5.200730       5.199700       5.199200       5.197840       5.197390       5.197590       5.197800       5.198010       5.198230       5.198450       5.198680       5.198920       5.199160       5.199400    
   5.178020       5.180100       5.180100       5.180100       5.180850       5.182340       5.182340       5.182340       5.182340       5.195080       5.208870       5.208870       5.208870       5.205150       5.203260       5.203260       5.203010       5.201010       5.200200       5.199200       5.199380       5.199580       5.199780       5.199990       5.200210       5.200430       5.200660       5.200890       5.201130       5.201370    
   5.180100       5.180100       5.180100       5.180850       5.182340       5.182340       5.182340       5.191460       5.199940       5.208880       5.208870       5.208870       5.208870       5.208870       5.205330       5.203510       5.203510       5.203010       5.201650       5.201190       5.201380       5.201570       5.201770       5.201980       5.202190       5.202410       5.202640       5.202870       5.203100       5.203340    
   5.180100       5.180100       5.180850       5.182340       5.182340       5.197690       5.220700       5.219760       5.218820       5.212200       5.208890       5.208870       5.208870       5.208870       5.208870       5.205690       5.204010       5.204010       5.203010       5.203190       5.203380       5.203570       5.203770       5.203970       5.204180       5.204400       5.204620       5.204850       5.205080       5.205320    
   5.180100       5.180850       5.182340       5.182340       5.200760       5.220700       5.220700       5.220700       5.219760       5.218820       5.212230       5.208920       5.208870       5.208870       5.208870       5.208870       5.206350       5.205020       5.205020       5.205190       5.205380       5.205570       5.205760       5.205960       5.206170       5.206390       5.206610       5.206830       5.207060       5.207300    
