iMOD/TUTORIALS/TUT_MetaswapAnalyser/model_MetaSWAP/meteo/Evaporation/Evaporation_20050430_L1.ASC
NCOLS                30
NROWS                30
XLLCORNER     160000.00
YLLCORNER     340000.00
CELLSIZE        1000.00
NODATA_VALUE   -9999.00
   2.117130       2.115000       2.112960       2.110990       2.109100       2.107290       2.105550       2.103880       2.102280       2.100750       2.099290       2.097890       2.096550       2.095270       2.094050       2.092890       2.091780       2.090720       2.089720       2.088770       2.087870       2.087020       2.086220       2.085460       2.084750       2.084090       2.083470       2.082880       2.082350       2.081850    
   2.128650       2.126550       2.124520       2.122580       2.120710       2.118910       2.117180       2.115530       2.113940       2.112420       2.110960       2.109560       2.108230       2.106950       2.105730       2.104570       2.103460       2.102400       2.101390       2.100430       2.099530       2.098660       2.097850       2.097080       2.096350       2.095670       2.095030       2.094430       2.093870       2.093350    
   2.140190       2.138120       2.136110       2.134190       2.132330       2.130550       2.128840       2.127200       2.125620       2.124110       2.122660       2.121260       2.119930       2.118660       2.117440       2.116270       2.115160       2.114100       2.113090       2.112120       2.111210       2.110330       2.109510       2.108720       2.107980       2.107280       2.106620       2.106000       2.105420       2.104870    
   2.151760       2.149700       2.147730       2.145820       2.143990       2.142220       2.140520       2.138890       2.137330       2.135820       2.134380       2.132990       2.131670       2.130400       2.129180       2.128010       2.126900       2.125830       2.124810       2.123840       2.122910       2.122030       2.121190       2.120390       2.119630       2.118920       2.118240       2.117600       2.116990       2.116430    
   2.163340       2.161310       2.159360       2.157470       2.155660       2.153910       2.152230       2.150610       2.149060       2.147560       2.146130       2.144750       2.143430       2.142160       2.140940       2.139770       2.138660       2.137580       2.136560       2.135580       2.134650       2.133750       2.132900       2.132090       2.131310       2.130580       2.129880       2.129220       2.128600       2.128010    
   2.174940       2.172940       2.171010       2.169140       2.167350       2.165620       2.163950       2.162350       2.160810       2.159320       2.157890       2.156520       2.155200       2.153940       2.152720       2.151560       2.150440       2.149360       2.148330       2.147350       2.146400       2.145500       2.144630       2.143810       2.143020       2.142270       2.141550       2.140870       2.140220       2.139610    
   2.186550       2.184580       2.182670       2.180830       2.179060       2.177340       2.175690       2.174110       2.172570       2.171100       2.169680       2.168320       2.167000       2.165740       2.164530       2.163360       2.162240       2.161160       2.160130       2.159130       2.158180       2.157260       2.156390       2.155550       2.154740       2.153970       2.153240       2.152540       2.151870       2.151230    
   2.198170       2.196230       2.194350       2.192530       2.190780       2.189080       2.187450       2.185880       2.184360       2.182900       2.181490       2.180130       2.178820       2.177560       2.176350       2.175180       2.174060       2.172980       2.171940       2.170940       2.169980       2.169050       2.168160       2.167310       2.166490       2.165700       2.164950       2.164220       2.163530       2.162870    
   2.209810       2.207890       2.206030       2.204240       2.202510       2.200830       2.199220       2.197660       2.196160       2.194700       2.193300       2.191960       2.190650       2.189400       2.188190       2.187020       2.185900       2.184820       2.183770       2.182760       2.181790       2.180860       2.179950       2.179090       2.178250       2.177450       2.176670       2.175930       2.175210       2.174530    
   2.221450       2.219560       2.217730       2.215960       2.214250       2.212590       2.211000       2.209450       2.207960       2.206520       2.205140       2.203790       2.202500       2.201250       2.200040       2.198880       2.197750       2.196660       2.195610       2.194600       2.193620       2.192680       2.191760       2.190880       2.190030       2.189210       2.188410       2.187650       2.186910       2.186200    
   2.221470       2.219580       2.220230       2.227680       2.225990       2.224360       2.222780       2.221260       2.219780       2.218350       2.216980       2.215640       2.214360       2.213110       2.211910       2.210740       2.209620       2.208530       2.207470       2.206450       2.205460       2.204510       2.203580       2.202690       2.201820       2.200980       2.200170       2.199380       2.198620       2.197890    
   2.221490       2.222240       2.227680       2.235230       2.237750       2.236130       2.234570       2.233060       2.231600       2.230190       2.228820       2.227500       2.226220       2.224980       2.223780       2.222620       2.221490       2.220400       2.219340       2.218320       2.217320       2.216350       2.215420       2.214510       2.213620       2.212770       2.211940       2.211130       2.210350       2.209590    
   2.223710       2.227680       2.239010       2.243630       2.249500       2.247910       2.246370       2.244880       2.243430       2.242030       2.240680       2.239360       2.238090       2.236860       2.235660       2.234500       2.233380       2.232280       2.231220       2.230190       2.229180       2.228210       2.227260       2.226340       2.225440       2.224560       2.223710       2.222890       2.222080       2.221300    
   2.227680       2.240690       2.246560       2.249500       2.252370       2.259690       2.258170       2.256690       2.255260       2.253880       2.252540       2.251230       2.249970       2.248740       2.247550       2.246390       2.245270       2.244170       2.243100       2.242070       2.241060       2.240070       2.239110       2.238170       2.237260       2.236370       2.235500       2.234650       2.233820       2.233020    
   2.241470       2.248030       2.249500       2.253850       2.259690       2.262610       2.269960       2.268510       2.267090       2.265720       2.264390       2.263100       2.261850       2.260630       2.259440       2.258280       2.257160       2.256060       2.254990       2.253950       2.252930       2.251940       2.250970       2.250020       2.249090       2.248180       2.247290       2.246420       2.245570       2.244740    
   2.248770       2.249500       2.254350       2.259690       2.264090       2.269960       2.269240       2.268520       2.269720       2.277570       2.276250       2.274970       2.273730       2.272510       2.271330       2.270180       2.269060       2.267960       2.266890       2.265840       2.264810       2.263810       2.262830       2.261860       2.260920       2.259990       2.259080       2.258200       2.257320       2.256470    
   2.249500       2.254510       2.259690       2.264580       2.269960       2.269600       2.269240       2.271260       2.277570       2.276910       2.282870       2.286840       2.285600       2.284400       2.283220       2.282070       2.280950       2.279850       2.278780       2.277730       2.276700       2.275680       2.274690       2.273710       2.272750       2.271810       2.270880       2.269970       2.269080       2.268200    
   2.254570       2.259690       2.264740       2.269960       2.269780       2.269600       2.271920       2.277570       2.277240       2.285760       2.292770       2.298700       2.297480       2.296280       2.295110       2.293970       2.292850       2.291750       2.290670       2.289620       2.288580       2.287560       2.286550       2.285560       2.284590       2.283630       2.282680       2.281750       2.280830       2.279930    
   2.259690       2.264800       2.269960       2.269870       2.269780       2.272220       2.277570       2.277400       2.287000       2.295730       2.298700       2.298090       2.300160       2.308160       2.306990       2.305850       2.304740       2.303640       2.302560       2.301500       2.300460       2.299430       2.298410       2.297410       2.296420       2.295440       2.294480       2.293520       2.292580       2.291660    
   2.264820       2.269960       2.269910       2.269870       2.272360       2.277570       2.277490       2.287580       2.297220       2.298700       2.298400       2.301280       2.308160       2.307570       2.307000       2.305860       2.304740       2.303650       2.309270       2.313380       2.312330       2.311290       2.310270       2.309250       2.308250       2.307250       2.306270       2.305290       2.304330       2.303380    
   2.269960       2.269940       2.269910       2.272430       2.277570       2.277530       2.287860       2.297960       2.298700       2.298550       2.301630       2.308160       2.307870       2.307580       2.306810       2.305870       2.304750       2.312440       2.319310       2.325250       2.324200       2.323150       2.322120       2.321090       2.320070       2.319060       2.318050       2.317060       2.316070       2.315100    
   2.269950       2.269940       2.272460       2.277570       2.277550       2.288000       2.298330       2.298700       2.298620       2.301760       2.308160       2.308010       2.307870       2.307420       2.306750       2.305810       2.314120       2.322280       2.325250       2.328500       2.336060       2.335000       2.333960       2.332920       2.331880       2.330850       2.329830       2.328820       2.327810       2.326800    
   2.269950       2.272480       2.277570       2.277560       2.288070       2.298510       2.298700       2.298660       2.301810       2.308160       2.308090       2.308010       2.307770       2.307350       2.306660       2.322240       2.323770       2.325250       2.341830       2.347900       2.347260       2.346840       2.345790       2.344740       2.343690       2.342640       2.341600       2.340560       2.339530       2.338500    
   2.272490       2.277570       2.277570       2.288100       2.298610       2.298700       2.298680       2.301830       2.308160       2.308120       2.308090       2.307960       2.307710       2.335650       2.352350       2.360740       2.360740       2.361000       2.361700       2.365650       2.359740       2.358670       2.357610       2.356540       2.355480       2.354420       2.353360       2.352300       2.351240       2.350190    
   2.277570       2.277570       2.288120       2.298650       2.298700       2.298690       2.301840       2.308160       2.308140       2.308120       2.308060       2.307920       2.358810       2.421180       2.420810       2.396300       2.397700       2.396230       2.380000       2.371550       2.371560       2.370490       2.369410       2.368330       2.367260       2.366180       2.365100       2.364020       2.362940       2.361860    
   2.277570       2.288130       2.298680       2.298700       2.298700       2.301850       2.308160       2.308150       2.308140       2.308110       2.367590       2.456920       2.433390       2.421540       2.421540       2.420810       2.405950       2.399170       2.396230       2.386570       2.383360       2.382280       2.381200       2.380110       2.379020       2.377920       2.376820       2.375720       2.374620       2.373510    
   2.288130       2.298690       2.298700       2.298700       2.301850       2.308160       2.308160       2.308150       2.308130       2.379540       2.456920       2.456920       2.456920       2.433930       2.422270       2.422280       2.420810       2.407590       2.402110       2.396230       2.395150       2.394060       2.392970       2.391860       2.390760       2.389650       2.388530       2.387400       2.386280       2.385150    
   2.298690       2.298700       2.298700       2.301850       2.308160       2.308160       2.308160       2.359990       2.407470       2.456950       2.456920       2.456920       2.456920       2.456920       2.435000       2.423740       2.423740       2.420810       2.411190       2.407990       2.406910       2.405810       2.404710       2.403600       2.402480       2.401350       2.400210       2.399060       2.397910       2.396760    
   2.298700       2.298700       2.301850       2.308160       2.308160       2.396040       2.527840       2.521680       2.515520       2.476540       2.457020       2.456920       2.456920       2.456920       2.456920       2.437050       2.426670       2.426670       2.420810       2.419730       2.418650       2.417550       2.416440       2.415310       2.414180       2.413030       2.411870       2.410700       2.409530       2.408340    
   2.298700       2.301850       2.308160       2.308160       2.413620       2.527860       2.527860       2.527840       2.521680       2.515520       2.476700       2.457210       2.456920       2.456920       2.456920       2.456920       2.440870       2.432520       2.432530       2.431450       2.430360       2.429250       2.428130       2.427000       2.425850       2.424680       2.423500       2.422310       2.421110       2.419900    
