iMOD/TUTORIALS/TUT_MetaswapAnalyser/model_MetaSWAP/meteo/Evaporation/Evaporation_20050426_L1.ASC
NCOLS                30
NROWS                30
XLLCORNER     160000.00
YLLCORNER     340000.00
CELLSIZE        1000.00
NODATA_VALUE   -9999.00
   1.732950       1.733530       1.734200       1.734960       1.735790       1.736700       1.737680       1.738730       1.739850       1.741020       1.742250       1.743530       1.744860       1.746240       1.747650       1.749110       1.750600       1.752120       1.753680       1.755260       1.756860       1.758490       1.760130       1.761800       1.763470       1.765160       1.766870       1.768580       1.770300       1.772020    
   1.741200       1.741780       1.742440       1.743190       1.744010       1.744910       1.745880       1.746920       1.748010       1.749170       1.750380       1.751640       1.752940       1.754300       1.755690       1.757120       1.758580       1.760080       1.761600       1.763150       1.764720       1.766320       1.767930       1.769560       1.771200       1.772850       1.774520       1.776190       1.777870       1.779550    
   1.749480       1.750060       1.750720       1.751460       1.752280       1.753170       1.754120       1.755140       1.756220       1.757360       1.758550       1.759790       1.761070       1.762400       1.763770       1.765180       1.766610       1.768080       1.769570       1.771090       1.772630       1.774200       1.775770       1.777370       1.778970       1.780590       1.782220       1.783850       1.785490       1.787130    
   1.757800       1.758380       1.759040       1.759770       1.760580       1.761460       1.762400       1.763410       1.764480       1.765600       1.766770       1.767990       1.769250       1.770560       1.771900       1.773280       1.774690       1.776130       1.777600       1.779080       1.780590       1.782120       1.783670       1.785230       1.786800       1.788380       1.789960       1.791560       1.793160       1.794760    
   1.766150       1.766730       1.767390       1.768120       1.768920       1.769790       1.770720       1.771720       1.772770       1.773870       1.775030       1.776230       1.777470       1.778750       1.780070       1.781430       1.782810       1.784220       1.785660       1.787120       1.788600       1.790100       1.791610       1.793130       1.794660       1.796210       1.797760       1.799310       1.800870       1.802440    
   1.774530       1.775110       1.775770       1.776500       1.777290       1.778150       1.779080       1.780060       1.781100       1.782180       1.783320       1.784500       1.785730       1.786990       1.788290       1.789620       1.790980       1.792360       1.793770       1.795200       1.796650       1.798110       1.799590       1.801080       1.802580       1.804080       1.805590       1.807110       1.808630       1.810150    
   1.782930       1.783520       1.784170       1.784900       1.785690       1.786550       1.787460       1.788430       1.789460       1.790530       1.791650       1.792820       1.794020       1.795260       1.796540       1.797850       1.799180       1.800540       1.801920       1.803320       1.804740       1.806170       1.807610       1.809070       1.810530       1.812000       1.813470       1.814950       1.816430       1.817910    
   1.791360       1.791950       1.792600       1.793330       1.794120       1.794970       1.795870       1.796830       1.797850       1.798910       1.800020       1.801160       1.802350       1.803570       1.804830       1.806110       1.807420       1.808750       1.810100       1.811470       1.812860       1.814260       1.815670       1.817090       1.818520       1.819950       1.821390       1.822830       1.824260       1.825700    
   1.799800       1.800400       1.801060       1.801780       1.802570       1.803410       1.804310       1.805260       1.806270       1.807320       1.808410       1.809540       1.810710       1.811910       1.813140       1.814410       1.815690       1.817000       1.818320       1.819670       1.821020       1.822390       1.823770       1.825150       1.826550       1.827940       1.829340       1.830740       1.832140       1.833530    
   1.808270       1.808860       1.809530       1.810250       1.811030       1.811880       1.812770       1.813720       1.814710       1.815750       1.816830       1.817940       1.819100       1.820280       1.821490       1.822730       1.823990       1.825270       1.826570       1.827890       1.829210       1.830550       1.831900       1.833250       1.834600       1.835960       1.837320       1.838680       1.840040       1.841400    
   1.808290       1.808890       1.811850       1.818740       1.819520       1.820360       1.821250       1.822190       1.823170       1.824200       1.825270       1.826370       1.827510       1.828670       1.829870       1.831080       1.832320       1.833580       1.834850       1.836140       1.837440       1.838740       1.840060       1.841370       1.842690       1.844020       1.845340       1.846660       1.847980       1.849290    
   1.808310       1.811940       1.818740       1.825710       1.828020       1.828860       1.829740       1.830680       1.831650       1.832670       1.833730       1.834820       1.835940       1.837090       1.838260       1.839460       1.840680       1.841910       1.843160       1.844420       1.845690       1.846960       1.848240       1.849530       1.850810       1.852100       1.853380       1.854660       1.855940       1.857210    
   1.811690       1.818740       1.828320       1.832280       1.836540       1.837370       1.838250       1.839180       1.840150       1.841160       1.842210       1.843280       1.844390       1.845520       1.846680       1.847860       1.849050       1.850260       1.851490       1.852720       1.853960       1.855210       1.856460       1.857710       1.858960       1.860210       1.861450       1.862690       1.863930       1.865160    
   1.818740       1.829500       1.834410       1.836540       1.839930       1.845890       1.846770       1.847700       1.848660       1.849660       1.850700       1.851770       1.852860       1.853980       1.855120       1.856280       1.857450       1.858640       1.859840       1.861040       1.862260       1.863470       1.864690       1.865910       1.867120       1.868340       1.869540       1.870750       1.871940       1.873130    
   1.830060       1.835470       1.836540       1.840790       1.845890       1.849320       1.855300       1.856220       1.857180       1.858180       1.859200       1.860260       1.861340       1.862450       1.863570       1.864710       1.865860       1.867030       1.868200       1.869390       1.870570       1.871760       1.872940       1.874130       1.875310       1.876490       1.877660       1.878820       1.879980       1.881130    
   1.836010       1.836540       1.841070       1.845890       1.850170       1.855300       1.855760       1.856230       1.859570       1.866700       1.867720       1.868770       1.869830       1.870930       1.872030       1.873160       1.874290       1.875440       1.876590       1.877740       1.878900       1.880060       1.881220       1.882370       1.883520       1.884660       1.885790       1.886920       1.888030       1.889140    
   1.836540       1.841170       1.845890       1.850450       1.855300       1.855530       1.855760       1.859570       1.866700       1.867210       1.873250       1.877280       1.878340       1.879410       1.880510       1.881610       1.882730       1.883860       1.884980       1.886120       1.887250       1.888380       1.889500       1.890620       1.891740       1.892840       1.893940       1.895020       1.896100       1.897160    
   1.841200       1.845890       1.850550       1.855300       1.855410       1.855530       1.859390       1.866700       1.866960       1.874900       1.881540       1.885790       1.886840       1.887910       1.888990       1.890080       1.891180       1.892280       1.893390       1.894500       1.895600       1.896710       1.897800       1.898890       1.899970       1.901040       1.902100       1.903150       1.904180       1.905200    
   1.845890       1.850580       1.855300       1.855360       1.855420       1.859260       1.866700       1.866830       1.875600       1.883660       1.885790       1.886310       1.889240       1.896410       1.897480       1.898550       1.899630       1.900720       1.901810       1.902890       1.903970       1.905040       1.906110       1.907170       1.908210       1.909250       1.910270       1.911280       1.912270       1.913250    
   1.850590       1.855300       1.855330       1.855360       1.859180       1.866700       1.866760       1.875930       1.884730       1.885790       1.886050       1.889440       1.896410       1.896940       1.897480       1.898550       1.899630       1.900720       1.907280       1.911290       1.912340       1.913390       1.914430       1.915450       1.916470       1.917460       1.918450       1.919420       1.920370       1.921310    
   1.855300       1.855310       1.855330       1.859140       1.866700       1.866730       1.876090       1.885260       1.885790       1.885920       1.889420       1.896410       1.896680       1.896940       1.897660       1.898560       1.899640       1.908560       1.915490       1.919690       1.920720       1.921740       1.922750       1.923740       1.924720       1.925690       1.926630       1.927560       1.928480       1.929370    
   1.855310       1.855310       1.859120       1.866700       1.866720       1.876170       1.885520       1.885790       1.885860       1.889390       1.896410       1.896540       1.896680       1.897090       1.897720       1.898620       1.908810       1.917590       1.919690       1.923170       1.929090       1.930090       1.931070       1.932030       1.932980       1.933910       1.934820       1.935710       1.936580       1.937440    
   1.855310       1.859110       1.866700       1.866710       1.876210       1.885660       1.885790       1.885820       1.889360       1.896410       1.896480       1.896540       1.896770       1.897160       1.897810       1.913720       1.918640       1.919690       1.932590       1.937460       1.938050       1.938440       1.939390       1.940320       1.941240       1.942130       1.943010       1.943860       1.944690       1.945500    
   1.859110       1.866700       1.866700       1.876230       1.885720       1.885790       1.885810       1.889350       1.896410       1.896440       1.896480       1.896600       1.896830       1.919380       1.934800       1.944840       1.944840       1.945830       1.947230       1.950020       1.945840       1.946780       1.947710       1.948610       1.949490       1.950350       1.951190       1.952000       1.952800       1.953570    
   1.866700       1.866700       1.876240       1.885760       1.885790       1.885800       1.889340       1.896410       1.896430       1.896440       1.896510       1.896630       1.937020       1.986030       1.985770       1.969500       1.971030       1.969990       1.959650       1.954200       1.954200       1.955120       1.956020       1.956890       1.957740       1.958570       1.959370       1.960140       1.960890       1.961620    
   1.866700       1.876240       1.885770       1.885790       1.885790       1.889330       1.896410       1.896420       1.896430       1.896460       1.941820       2.009760       1.994150       1.986290       1.986290       1.985770       1.976340       1.972080       1.969990       1.964410       1.962550       1.963450       1.964320       1.965160       1.965980       1.966770       1.967540       1.968270       1.968980       1.969670    
   1.876240       1.885780       1.885790       1.885790       1.889330       1.896410       1.896410       1.896420       1.896430       1.950850       2.009760       2.009760       2.009760       1.994540       1.986810       1.986810       1.985770       1.977530       1.974160       1.969990       1.970890       1.971760       1.972610       1.973420       1.974210       1.974970       1.975690       1.976390       1.977060       1.977700    
   1.885790       1.885790       1.885790       1.889330       1.896410       1.896410       1.896410       1.934720       1.971030       2.009780       2.009760       2.009760       2.009760       2.009760       1.995290       1.987850       1.987850       1.985770       1.980190       1.978340       1.979220       1.980070       1.980880       1.981670       1.982430       1.983150       1.983840       1.984500       1.985120       1.985720    
   1.885790       1.885790       1.889330       1.896410       1.896410       1.960530       2.056690       2.053160       2.049620       2.023110       2.009830       2.009760       2.009760       2.009760       2.009760       1.996760       1.989930       1.989930       1.985770       1.986660       1.987520       1.988350       1.989140       1.989900       1.990620       1.991310       1.991960       1.992580       1.993170       1.993720    
   1.885790       1.889330       1.896410       1.896410       1.973360       2.056710       2.056710       2.056690       2.053160       2.049620       2.023220       2.009960       2.009760       2.009760       2.009760       2.009760       1.999500       1.994080       1.994090       1.994960       1.995800       1.996610       1.997380       1.998110       1.998800       1.999450       2.000070       2.000650       2.001190       2.001700    
