iMOD/TUTORIALS/TUT_MetaswapAnalyser/model_MetaSWAP/meteo/Evaporation/Evaporation_20060801_L1.ASC
NCOLS                30
NROWS                30
XLLCORNER     160000.00
YLLCORNER     340000.00
CELLSIZE        1000.00
NODATA_VALUE   -9999.00
   1.661220       1.657360       1.653530       1.649730       1.645960       1.642230       1.638530       1.634870       1.631250       1.627660       1.624120       1.620610       1.617150       1.613730       1.610360       1.607020       1.603740       1.600490       1.597290       1.594140       1.591030       1.587960       1.584940       1.581960       1.579020       1.576130       1.573280       1.570470       1.567690       1.564960    
   1.665180       1.661360       1.657560       1.653800       1.650070       1.646370       1.642700       1.639070       1.635480       1.631920       1.628400       1.624930       1.621490       1.618090       1.614730       1.611410       1.608140       1.604910       1.601720       1.598570       1.595460       1.592400       1.589380       1.586390       1.583450       1.580550       1.577690       1.574860       1.572080       1.569330    
   1.669190       1.665400       1.661640       1.657910       1.654210       1.650550       1.646920       1.643320       1.639750       1.636220       1.632730       1.629280       1.625860       1.622480       1.619140       1.615840       1.612580       1.609360       1.606180       1.603040       1.599930       1.596870       1.593850       1.590860       1.587920       1.585010       1.582140       1.579300       1.576500       1.573740    
   1.673240       1.669490       1.665760       1.662070       1.658400       1.654770       1.651170       1.647600       1.644060       1.640560       1.637100       1.633670       1.630270       1.626910       1.623590       1.620300       1.617060       1.613850       1.610680       1.607540       1.604440       1.601380       1.598360       1.595370       1.592420       1.589500       1.586620       1.583770       1.580960       1.578180    
   1.677330       1.673620       1.669920       1.666260       1.662630       1.659030       1.655460       1.651920       1.648410       1.644940       1.641500       1.638090       1.634720       1.631380       1.628070       1.624800       1.621570       1.618370       1.615210       1.612080       1.608980       1.605920       1.602900       1.599910       1.596950       1.594030       1.591140       1.588280       1.585450       1.582660    
   1.681470       1.677780       1.674130       1.670500       1.666900       1.663330       1.659790       1.656280       1.652800       1.649350       1.645930       1.642550       1.639200       1.635880       1.632590       1.629330       1.626110       1.622930       1.619770       1.616650       1.613560       1.610500       1.607480       1.604480       1.601520       1.598590       1.595690       1.592820       1.589980       1.587170    
   1.685640       1.681990       1.678360       1.674770       1.671200       1.667660       1.664150       1.660670       1.657220       1.653790       1.650400       1.647040       1.643710       1.640410       1.637140       1.633900       1.630690       1.627510       1.624360       1.621250       1.618160       1.615110       1.612080       1.609080       1.606120       1.603180       1.600270       1.597390       1.594530       1.591710    
   1.689850       1.686230       1.682640       1.679070       1.675540       1.672030       1.668540       1.665090       1.661670       1.658270       1.654900       1.651560       1.648250       1.644970       1.641710       1.638490       1.635290       1.632130       1.628990       1.625880       1.622800       1.619740       1.616720       1.613720       1.610740       1.607800       1.604880       1.601990       1.599120       1.596280    
   1.694090       1.690510       1.686940       1.683410       1.679900       1.676420       1.672970       1.669540       1.666150       1.662770       1.659430       1.656110       1.652820       1.649560       1.646320       1.643110       1.639930       1.636770       1.633640       1.630540       1.627460       1.624410       1.621380       1.618380       1.615400       1.612450       1.609520       1.606610       1.603730       1.600870    
   1.698370       1.694810       1.691280       1.687780       1.684300       1.680850       1.677430       1.674030       1.670650       1.667310       1.663990       1.660690       1.657420       1.654170       1.650950       1.647760       1.644590       1.641440       1.638320       1.635220       1.632150       1.629090       1.626070       1.623060       1.620080       1.617120       1.614180       1.611260       1.608370       1.605500    
   1.698380       1.694820       1.691510       1.692170       1.688730       1.685310       1.681910       1.678540       1.675190       1.671870       1.668570       1.665300       1.662040       1.658820       1.655610       1.652430       1.649270       1.646140       1.643020       1.639930       1.636860       1.633810       1.630780       1.627770       1.624780       1.621810       1.618870       1.615940       1.613030       1.610140    
   1.698390       1.694220       1.692170       1.692930       1.693180       1.689790       1.686420       1.683070       1.679750       1.676450       1.673180       1.669920       1.666690       1.663480       1.660290       1.657130       1.653980       1.650850       1.647750       1.644660       1.641590       1.638540       1.635510       1.632500       1.629510       1.626530       1.623580       1.620640       1.617710       1.614810    
   1.696690       1.692170       1.694550       1.695420       1.697660       1.694290       1.690950       1.687630       1.684330       1.681060       1.677810       1.674570       1.671360       1.668170       1.665000       1.661850       1.658710       1.655590       1.652490       1.649410       1.646350       1.643300       1.640270       1.637250       1.634260       1.631270       1.628300       1.625350       1.622420       1.619500    
   1.692170       1.695230       1.696540       1.697660       1.696920       1.698820       1.695500       1.692210       1.688940       1.685690       1.682460       1.679250       1.676050       1.672880       1.669720       1.666580       1.663460       1.660350       1.657260       1.654180       1.651120       1.648080       1.645040       1.642030       1.639020       1.636030       1.633050       1.630090       1.627140       1.624210    
   1.695540       1.697100       1.697660       1.697800       1.698820       1.698130       1.700080       1.696810       1.693560       1.690340       1.687130       1.683940       1.680760       1.677610       1.674460       1.671340       1.668230       1.665130       1.662050       1.658970       1.655920       1.652870       1.649840       1.646810       1.643800       1.640800       1.637820       1.634840       1.631880       1.628930    
   1.697380       1.697660       1.698090       1.698820       1.699010       1.700080       1.698450       1.696820       1.693930       1.695000       1.691810       1.688640       1.685490       1.682350       1.679220       1.676110       1.673010       1.669920       1.666850       1.663780       1.660730       1.657680       1.654640       1.651620       1.648600       1.645600       1.642600       1.639610       1.636630       1.633670    
   1.697660       1.698190       1.698820       1.699300       1.700080       1.699260       1.698450       1.696050       1.695000       1.693410       1.693380       1.693370       1.690230       1.687110       1.684000       1.680900       1.677810       1.674730       1.671660       1.668600       1.665550       1.662500       1.659470       1.656440       1.653410       1.650400       1.647390       1.644390       1.641400       1.638420    
   1.698220       1.698820       1.699400       1.700080       1.699670       1.699260       1.697190       1.695000       1.694200       1.695120       1.695730       1.698100       1.694980       1.691880       1.688780       1.685700       1.682620       1.679550       1.676490       1.673430       1.670380       1.667340       1.664300       1.661270       1.658240       1.655220       1.652200       1.649180       1.646180       1.643180    
   1.698820       1.699430       1.700080       1.699880       1.699670       1.697780       1.695000       1.694600       1.695870       1.696920       1.698100       1.696540       1.695410       1.696660       1.693580       1.690510       1.687440       1.684380       1.681330       1.678280       1.675230       1.672190       1.669150       1.666110       1.663070       1.660040       1.657010       1.653990       1.650960       1.647950    
   1.699440       1.700080       1.699980       1.699880       1.698080       1.695000       1.694800       1.696220       1.697510       1.698100       1.697320       1.696680       1.696660       1.695120       1.693580       1.690510       1.687440       1.684380       1.683020       1.683130       1.680080       1.677040       1.674000       1.670960       1.667920       1.664870       1.661830       1.658800       1.655760       1.652720    
   1.700080       1.700030       1.699980       1.698230       1.695000       1.694900       1.696380       1.697800       1.698100       1.697710       1.697190       1.696660       1.695890       1.695120       1.693070       1.690510       1.687450       1.685680       1.685560       1.687990       1.684950       1.681900       1.678860       1.675810       1.672760       1.669710       1.666660       1.663610       1.660560       1.657510    
   1.700050       1.700030       1.698310       1.695000       1.694950       1.696470       1.697950       1.698100       1.697910       1.697410       1.696660       1.696270       1.695890       1.694690       1.692900       1.690340       1.687680       1.686770       1.687990       1.687580       1.689810       1.686770       1.683720       1.680670       1.677620       1.674560       1.671500       1.668430       1.665360       1.662290    
   1.700050       1.698350       1.695000       1.694980       1.696510       1.698030       1.698100       1.698000       1.697520       1.696660       1.696470       1.696280       1.695620       1.694500       1.692650       1.692180       1.687380       1.687990       1.693060       1.694680       1.692860       1.691640       1.688590       1.685540       1.682470       1.679400       1.676330       1.673250       1.670160       1.667080    
   1.698370       1.695000       1.694990       1.696530       1.698060       1.698100       1.698050       1.697570       1.696660       1.696560       1.696470       1.696120       1.695460       1.703160       1.704970       1.702580       1.702580       1.701460       1.700360       1.701990       1.699550       1.696510       1.693460       1.690400       1.687330       1.684250       1.681160       1.678070       1.674970       1.671860    
   1.695000       1.694990       1.696540       1.698080       1.698100       1.698080       1.697600       1.696660       1.696610       1.696560       1.696380       1.696020       1.710990       1.730020       1.729870       1.718070       1.717790       1.717180       1.708710       1.704420       1.704420       1.701380       1.698330       1.695260       1.692180       1.689090       1.685990       1.682890       1.679770       1.676640    
   1.695000       1.696540       1.698090       1.698100       1.698090       1.697610       1.696660       1.696640       1.696610       1.696520       1.716690       1.747240       1.735880       1.730170       1.730170       1.729870       1.722030       1.718390       1.717180       1.711260       1.709290       1.706250       1.703190       1.700120       1.697030       1.693930       1.690820       1.687700       1.684560       1.681420    
   1.696550       1.698100       1.698100       1.698090       1.697610       1.696660       1.696650       1.696640       1.696590       1.720860       1.747240       1.747240       1.747240       1.736110       1.730470       1.730470       1.729870       1.722660       1.719600       1.717180       1.714150       1.711110       1.708050       1.704970       1.701880       1.698770       1.695640       1.692500       1.689350       1.686180    
   1.698100       1.698100       1.698100       1.697620       1.696660       1.696650       1.696650       1.715870       1.731830       1.747250       1.747240       1.747240       1.747240       1.747240       1.736540       1.731070       1.731080       1.729870       1.723990       1.722030       1.719000       1.715960       1.712900       1.709820       1.706710       1.703590       1.700450       1.697300       1.694130       1.690940    
   1.698100       1.698100       1.697620       1.696660       1.696660       1.730390       1.780990       1.777290       1.773600       1.756060       1.747280       1.747240       1.747240       1.747240       1.747240       1.737380       1.732280       1.732280       1.729870       1.726870       1.723850       1.720800       1.717740       1.714650       1.711540       1.708410       1.705250       1.702080       1.698890       1.695690    
   1.698100       1.697620       1.696660       1.696660       1.737140       1.781000       1.781000       1.780990       1.777300       1.773600       1.756130       1.747360       1.747240       1.747240       1.747240       1.747240       1.738910       1.734690       1.734690       1.731700       1.728680       1.725640       1.722570       1.719470       1.716350       1.713210       1.710040       1.706850       1.703640       1.700410    
