iMOD/TUTORIALS/TUT_MetaswapAnalyser/model_MetaSWAP/meteo/Evaporation/Evaporation_20061223_L1.ASC
NCOLS                30
NROWS                30
XLLCORNER     160000.00
YLLCORNER     340000.00
CELLSIZE        1000.00
NODATA_VALUE   -9999.00
  0.1057000      0.1052700      0.1048400      0.1044200      0.1039900      0.1035700      0.1031500      0.1027400      0.1023200      0.1019100      0.1015000      0.1011000      0.1007000      0.1003000      0.9991000E-01  0.9952000E-01  0.9914000E-01  0.9876000E-01  0.9839000E-01  0.9803000E-01  0.9767000E-01  0.9731000E-01  0.9696000E-01  0.9662000E-01  0.9628000E-01  0.9595000E-01  0.9562000E-01  0.9530000E-01  0.9499000E-01  0.9468000E-01
  0.1057200      0.1053000      0.1048700      0.1044500      0.1040200      0.1036000      0.1031800      0.1027700      0.1023500      0.1019400      0.1015300      0.1011300      0.1007300      0.1003300      0.9994000E-01  0.9956000E-01  0.9917000E-01  0.9880000E-01  0.9843000E-01  0.9806000E-01  0.9770000E-01  0.9734000E-01  0.9699000E-01  0.9665000E-01  0.9631000E-01  0.9598000E-01  0.9565000E-01  0.9533000E-01  0.9502000E-01  0.9471000E-01
  0.1057500      0.1053200      0.1049000      0.1044700      0.1040500      0.1036300      0.1032100      0.1027900      0.1023800      0.1019700      0.1015600      0.1011600      0.1007600      0.1003600      0.9997000E-01  0.9959000E-01  0.9920000E-01  0.9883000E-01  0.9846000E-01  0.9809000E-01  0.9773000E-01  0.9737000E-01  0.9702000E-01  0.9668000E-01  0.9634000E-01  0.9601000E-01  0.9568000E-01  0.9536000E-01  0.9505000E-01  0.9474000E-01
  0.1057700      0.1053400      0.1049200      0.1044900      0.1040700      0.1036500      0.1032300      0.1028200      0.1024000      0.1019900      0.1015900      0.1011800      0.1007800      0.1003900      0.1000000      0.9961000E-01  0.9923000E-01  0.9885000E-01  0.9848000E-01  0.9811000E-01  0.9775000E-01  0.9740000E-01  0.9705000E-01  0.9671000E-01  0.9637000E-01  0.9604000E-01  0.9571000E-01  0.9539000E-01  0.9508000E-01  0.9477000E-01
  0.1057800      0.1053600      0.1049300      0.1045100      0.1040900      0.1036700      0.1032500      0.1028400      0.1024200      0.1020100      0.1016100      0.1012000      0.1008000      0.1004100      0.1000200      0.9963000E-01  0.9925000E-01  0.9887000E-01  0.9850000E-01  0.9814000E-01  0.9778000E-01  0.9742000E-01  0.9707000E-01  0.9673000E-01  0.9639000E-01  0.9606000E-01  0.9573000E-01  0.9541000E-01  0.9510000E-01  0.9479000E-01
  0.1058000      0.1053700      0.1049500      0.1045300      0.1041000      0.1036800      0.1032700      0.1028500      0.1024400      0.1020300      0.1016200      0.1012200      0.1008200      0.1004300      0.1000400      0.9965000E-01  0.9927000E-01  0.9889000E-01  0.9852000E-01  0.9816000E-01  0.9780000E-01  0.9744000E-01  0.9709000E-01  0.9675000E-01  0.9641000E-01  0.9608000E-01  0.9575000E-01  0.9543000E-01  0.9512000E-01  0.9481000E-01
  0.1058100      0.1053800      0.1049600      0.1045400      0.1041100      0.1037000      0.1032800      0.1028600      0.1024500      0.1020400      0.1016400      0.1012300      0.1008400      0.1004400      0.1000500      0.9967000E-01  0.9929000E-01  0.9891000E-01  0.9854000E-01  0.9817000E-01  0.9781000E-01  0.9746000E-01  0.9711000E-01  0.9677000E-01  0.9643000E-01  0.9610000E-01  0.9577000E-01  0.9545000E-01  0.9514000E-01  0.9483000E-01
  0.1058100      0.1053900      0.1049700      0.1045400      0.1041200      0.1037000      0.1032900      0.1028700      0.1024600      0.1020500      0.1016500      0.1012500      0.1008500      0.1004500      0.1000600      0.9968000E-01  0.9930000E-01  0.9892000E-01  0.9855000E-01  0.9819000E-01  0.9783000E-01  0.9747000E-01  0.9712000E-01  0.9678000E-01  0.9644000E-01  0.9611000E-01  0.9579000E-01  0.9547000E-01  0.9515000E-01  0.9485000E-01
  0.1058200      0.1053900      0.1049700      0.1045500      0.1041300      0.1037100      0.1032900      0.1028800      0.1024700      0.1020600      0.1016500      0.1012500      0.1008500      0.1004600      0.1000700      0.9969000E-01  0.9931000E-01  0.9893000E-01  0.9856000E-01  0.9820000E-01  0.9784000E-01  0.9748000E-01  0.9713000E-01  0.9679000E-01  0.9646000E-01  0.9612000E-01  0.9580000E-01  0.9548000E-01  0.9517000E-01  0.9486000E-01
  0.1058200      0.1053900      0.1049700      0.1045500      0.1041300      0.1037100      0.1033000      0.1028800      0.1024700      0.1020600      0.1016600      0.1012600      0.1008600      0.1004700      0.1000800      0.9969000E-01  0.9931000E-01  0.9894000E-01  0.9857000E-01  0.9820000E-01  0.9784000E-01  0.9749000E-01  0.9714000E-01  0.9680000E-01  0.9646000E-01  0.9613000E-01  0.9581000E-01  0.9549000E-01  0.9518000E-01  0.9487000E-01
  0.1058170      0.1053930      0.1048650      0.1045500      0.1041300      0.1037100      0.1033000      0.1028800      0.1024700      0.1020600      0.1016600      0.1012600      0.1008600      0.1004700      0.1000800      0.9970000E-01  0.9932000E-01  0.9894000E-01  0.9857000E-01  0.9821000E-01  0.9785000E-01  0.9750000E-01  0.9715000E-01  0.9681000E-01  0.9647000E-01  0.9614000E-01  0.9582000E-01  0.9550000E-01  0.9519000E-01  0.9488000E-01
  0.1058180      0.1051560      0.1045500      0.1042320      0.1041300      0.1037100      0.1032900      0.1028800      0.1024700      0.1020600      0.1016600      0.1012600      0.1008600      0.1004700      0.1000800      0.9970000E-01  0.9932000E-01  0.9894000E-01  0.9857000E-01  0.9821000E-01  0.9785000E-01  0.9750000E-01  0.9715000E-01  0.9681000E-01  0.9648000E-01  0.9615000E-01  0.9582000E-01  0.9550000E-01  0.9519000E-01  0.9489000E-01
  0.1054420      0.1045500      0.1042570      0.1041250      0.1041200      0.1037000      0.1032900      0.1028800      0.1024700      0.1020600      0.1016500      0.1012500      0.1008600      0.1004700      0.1000800      0.9970000E-01  0.9932000E-01  0.9894000E-01  0.9857000E-01  0.9821000E-01  0.9785000E-01  0.9750000E-01  0.9715000E-01  0.9681000E-01  0.9648000E-01  0.9615000E-01  0.9583000E-01  0.9551000E-01  0.9520000E-01  0.9489000E-01
  0.1045500      0.1042620      0.1041230      0.1041200      0.1038400      0.1037000      0.1032800      0.1028700      0.1024600      0.1020500      0.1016500      0.1012500      0.1008500      0.1004600      0.1000700      0.9969000E-01  0.9931000E-01  0.9894000E-01  0.9857000E-01  0.9821000E-01  0.9785000E-01  0.9750000E-01  0.9715000E-01  0.9681000E-01  0.9648000E-01  0.9615000E-01  0.9583000E-01  0.9551000E-01  0.9520000E-01  0.9489000E-01
  0.1042630      0.1041210      0.1041200      0.1038870      0.1037000      0.1034170      0.1032700      0.1028600      0.1024500      0.1020400      0.1016400      0.1012400      0.1008500      0.1004500      0.1000700      0.9968000E-01  0.9931000E-01  0.9893000E-01  0.9857000E-01  0.9820000E-01  0.9785000E-01  0.9750000E-01  0.9715000E-01  0.9681000E-01  0.9648000E-01  0.9615000E-01  0.9583000E-01  0.9551000E-01  0.9520000E-01  0.9490000E-01
  0.1041210      0.1041200      0.1039020      0.1037000      0.1034620      0.1032700      0.1030650      0.1028600      0.1023450      0.1020300      0.1016300      0.1012300      0.1008400      0.1004400      0.1000600      0.9968000E-01  0.9930000E-01  0.9893000E-01  0.9856000E-01  0.9820000E-01  0.9784000E-01  0.9749000E-01  0.9714000E-01  0.9681000E-01  0.9647000E-01  0.9614000E-01  0.9582000E-01  0.9551000E-01  0.9520000E-01  0.9490000E-01
  0.1041200      0.1039070      0.1037000      0.1034770      0.1032700      0.1031680      0.1030650      0.1025750      0.1020300      0.1018300      0.1014640      0.1012200      0.1008200      0.1004300      0.1000500      0.9967000E-01  0.9929000E-01  0.9892000E-01  0.9855000E-01  0.9819000E-01  0.9783000E-01  0.9748000E-01  0.9714000E-01  0.9680000E-01  0.9647000E-01  0.9614000E-01  0.9582000E-01  0.9550000E-01  0.9520000E-01  0.9489000E-01
  0.1039090      0.1037000      0.1034820      0.1032700      0.1032190      0.1031680      0.1027090      0.1020300      0.1019300      0.1015500      0.1012150      0.1012100      0.1008100      0.1004200      0.1000300      0.9965000E-01  0.9928000E-01  0.9890000E-01  0.9854000E-01  0.9818000E-01  0.9782000E-01  0.9747000E-01  0.9713000E-01  0.9679000E-01  0.9646000E-01  0.9613000E-01  0.9581000E-01  0.9550000E-01  0.9519000E-01  0.9489000E-01
  0.1037000      0.1034840      0.1032700      0.1032440      0.1032190      0.1027810      0.1020300      0.1019800      0.1015860      0.1012130      0.1012100      0.1010100      0.1007130      0.1004100      0.1000200      0.9964000E-01  0.9926000E-01  0.9889000E-01  0.9853000E-01  0.9817000E-01  0.9781000E-01  0.9746000E-01  0.9712000E-01  0.9678000E-01  0.9645000E-01  0.9612000E-01  0.9581000E-01  0.9549000E-01  0.9519000E-01  0.9489000E-01
  0.1034850      0.1032700      0.1032570      0.1032440      0.1028190      0.1020300      0.1020050      0.1016040      0.1012110      0.1012100      0.1011100      0.1008360      0.1004100      0.1002150      0.1000230      0.9964000E-01  0.9926330E-01  0.9889330E-01  0.9837600E-01  0.9815000E-01  0.9780000E-01  0.9745000E-01  0.9711000E-01  0.9677000E-01  0.9644000E-01  0.9612000E-01  0.9580000E-01  0.9549000E-01  0.9518000E-01  0.9488000E-01
  0.1032700      0.1032640      0.1032570      0.1028380      0.1020300      0.1020180      0.1016120      0.1012110      0.1012100      0.1011600      0.1008910      0.1004100      0.1003130      0.1002160      0.9995940E-01  0.9964220E-01  0.9926560E-01  0.9856350E-01  0.9814500E-01  0.9814000E-01  0.9778000E-01  0.9744000E-01  0.9709000E-01  0.9676000E-01  0.9643000E-01  0.9610000E-01  0.9579000E-01  0.9548000E-01  0.9517000E-01  0.9487000E-01
  0.1032670      0.1032640      0.1028470      0.1020300      0.1020240      0.1016160      0.1012100      0.1012100      0.1011850      0.1009180      0.1004100      0.1003610      0.1003130      0.1001630      0.9993930E-01  0.9962240E-01  0.9875080E-01  0.9814250E-01  0.9814000E-01  0.9789670E-01  0.9777000E-01  0.9742000E-01  0.9708000E-01  0.9674000E-01  0.9642000E-01  0.9609000E-01  0.9578000E-01  0.9547000E-01  0.9516000E-01  0.9487000E-01
  0.1032670      0.1028520      0.1020300      0.1020270      0.1016180      0.1012100      0.1012100      0.1011970      0.1009310      0.1004100      0.1003860      0.1003610      0.1002790      0.1001380      0.9990810E-01  0.9890770E-01  0.9814130E-01  0.9814000E-01  0.9787670E-01  0.9775000E-01  0.9754200E-01  0.9740000E-01  0.9706000E-01  0.9673000E-01  0.9640000E-01  0.9608000E-01  0.9576000E-01  0.9546000E-01  0.9515000E-01  0.9486000E-01
  0.1028540      0.1020300      0.1020280      0.1016190      0.1012100      0.1012100      0.1012040      0.1009370      0.1004100      0.1003980      0.1003860      0.1003420      0.1002600      0.9966630E-01  0.9892070E-01  0.9808460E-01  0.9808500E-01  0.9791710E-01  0.9772780E-01  0.9772000E-01  0.9773000E-01  0.9739000E-01  0.9705000E-01  0.9671000E-01  0.9639000E-01  0.9607000E-01  0.9575000E-01  0.9544000E-01  0.9514000E-01  0.9485000E-01
  0.1020300      0.1020290      0.1016190      0.1012100      0.1012100      0.1012070      0.1009400      0.1004100      0.1004040      0.1003980      0.1003750      0.1003290      0.9938920E-01  0.9833940E-01  0.9834000E-01  0.9814540E-01  0.9802750E-01  0.9803000E-01  0.9781080E-01  0.9771330E-01  0.9771000E-01  0.9737000E-01  0.9703000E-01  0.9670000E-01  0.9637000E-01  0.9605000E-01  0.9574000E-01  0.9543000E-01  0.9513000E-01  0.9484000E-01
  0.1020300      0.1016200      0.1012100      0.1012100      0.1012080      0.1009420      0.1004100      0.1004070      0.1004040      0.1003920      0.9967640E-01  0.9864000E-01  0.9843900E-01  0.9833880E-01  0.9833880E-01  0.9834000E-01  0.9812890E-01  0.9802500E-01  0.9803000E-01  0.9778000E-01  0.9770000E-01  0.9735000E-01  0.9701000E-01  0.9668000E-01  0.9636000E-01  0.9604000E-01  0.9573000E-01  0.9542000E-01  0.9512000E-01  0.9483000E-01
  0.1016200      0.1012100      0.1012100      0.1012090      0.1009430      0.1004100      0.1004080      0.1004070      0.1004010      0.9955050E-01  0.9864000E-01  0.9864000E-01  0.9864000E-01  0.9843800E-01  0.9833750E-01  0.9833750E-01  0.9834000E-01  0.9812060E-01  0.9802000E-01  0.9803000E-01  0.9768000E-01  0.9733000E-01  0.9700000E-01  0.9666000E-01  0.9634000E-01  0.9602000E-01  0.9571000E-01  0.9541000E-01  0.9511000E-01  0.9482000E-01
  0.1012100      0.1012100      0.1012100      0.1009430      0.1004100      0.1004090      0.1004080      0.1000340      0.9944200E-01  0.9864000E-01  0.9864000E-01  0.9864000E-01  0.9864000E-01  0.9864000E-01  0.9843590E-01  0.9833500E-01  0.9833500E-01  0.9834000E-01  0.9809250E-01  0.9801000E-01  0.9766000E-01  0.9731000E-01  0.9698000E-01  0.9665000E-01  0.9632000E-01  0.9601000E-01  0.9570000E-01  0.9539000E-01  0.9510000E-01  0.9481000E-01
  0.1012100      0.1012100      0.1009430      0.1004100      0.1004100      0.9995750E-01  0.9928000E-01  0.9910000E-01  0.9892000E-01  0.9873320E-01  0.9863990E-01  0.9864000E-01  0.9864000E-01  0.9864000E-01  0.9864000E-01  0.9843090E-01  0.9833000E-01  0.9833000E-01  0.9834000E-01  0.9799000E-01  0.9764000E-01  0.9729000E-01  0.9696000E-01  0.9663000E-01  0.9631000E-01  0.9599000E-01  0.9568000E-01  0.9538000E-01  0.9509000E-01  0.9480000E-01
  0.1012100      0.1009430      0.1004100      0.1004100      0.9986740E-01  0.9928000E-01  0.9928000E-01  0.9928000E-01  0.9910000E-01  0.9892000E-01  0.9873300E-01  0.9863960E-01  0.9864000E-01  0.9864000E-01  0.9864000E-01  0.9864000E-01  0.9841870E-01  0.9832000E-01  0.9832000E-01  0.9796000E-01  0.9762000E-01  0.9727000E-01  0.9694000E-01  0.9661000E-01  0.9629000E-01  0.9598000E-01  0.9567000E-01  0.9537000E-01  0.9508000E-01  0.9479000E-01
