iMOD/TUTORIALS/TUT_MetaswapAnalyser/model_MetaSWAP/meteo/Evaporation/Evaporation_20060129_L1.ASC
NCOLS                30
NROWS                30
XLLCORNER     160000.00
YLLCORNER     340000.00
CELLSIZE        1000.00
NODATA_VALUE   -9999.00
  0.6544300      0.6540100      0.6536000      0.6532200      0.6528500      0.6525000      0.6521700      0.6518600      0.6515600      0.6512900      0.6510300      0.6507900      0.6505600      0.6503500      0.6501600      0.6499900      0.6498300      0.6496900      0.6495700      0.6494600      0.6493700      0.6492900      0.6492300      0.6491900      0.6491600      0.6491400      0.6491400      0.6491500      0.6491800      0.6492200    
  0.6544200      0.6539900      0.6535900      0.6532000      0.6528300      0.6524700      0.6521400      0.6518200      0.6515200      0.6512400      0.6509800      0.6507300      0.6505000      0.6502900      0.6501000      0.6499200      0.6497600      0.6496200      0.6494900      0.6493800      0.6492900      0.6492100      0.6491500      0.6491000      0.6490700      0.6490500      0.6490500      0.6490600      0.6490900      0.6491200    
  0.6544100      0.6539800      0.6535700      0.6531800      0.6528000      0.6524500      0.6521100      0.6517900      0.6514800      0.6512000      0.6509300      0.6506800      0.6504500      0.6502300      0.6500400      0.6498600      0.6496900      0.6495500      0.6494200      0.6493100      0.6492100      0.6491300      0.6490700      0.6490200      0.6489800      0.6489600      0.6489600      0.6489700      0.6489900      0.6490300    
  0.6544100      0.6539800      0.6535700      0.6531700      0.6527900      0.6524300      0.6520800      0.6517600      0.6514500      0.6511600      0.6508900      0.6506400      0.6504000      0.6501800      0.6499800      0.6498000      0.6496300      0.6494800      0.6493500      0.6492400      0.6491400      0.6490500      0.6489900      0.6489400      0.6489000      0.6488800      0.6488700      0.6488800      0.6489100      0.6489400    
  0.6544200      0.6539800      0.6535600      0.6531600      0.6527800      0.6524100      0.6520600      0.6517300      0.6514200      0.6511300      0.6508500      0.6506000      0.6503600      0.6501300      0.6499300      0.6497400      0.6495700      0.6494200      0.6492900      0.6491700      0.6490700      0.6489800      0.6489100      0.6488600      0.6488200      0.6488000      0.6487900      0.6488000      0.6488200      0.6488500    
  0.6544300      0.6539900      0.6535700      0.6531600      0.6527700      0.6524000      0.6520500      0.6517100      0.6514000      0.6511000      0.6508200      0.6505600      0.6503100      0.6500900      0.6498800      0.6496900      0.6495200      0.6493600      0.6492200      0.6491000      0.6490000      0.6489100      0.6488400      0.6487900      0.6487500      0.6487200      0.6487100      0.6487200      0.6487400      0.6487700    
  0.6544500      0.6540000      0.6535700      0.6531600      0.6527700      0.6523900      0.6520400      0.6517000      0.6513800      0.6510800      0.6507900      0.6505300      0.6502800      0.6500500      0.6498400      0.6496400      0.6494700      0.6493100      0.6491700      0.6490400      0.6489400      0.6488500      0.6487700      0.6487200      0.6486700      0.6486500      0.6486400      0.6486400      0.6486600      0.6486900    
  0.6544700      0.6540200      0.6535900      0.6531700      0.6527700      0.6523900      0.6520300      0.6516900      0.6513600      0.6510600      0.6507700      0.6505000      0.6502500      0.6500100      0.6498000      0.6496000      0.6494200      0.6492600      0.6491100      0.6489900      0.6488800      0.6487900      0.6487100      0.6486500      0.6486100      0.6485800      0.6485700      0.6485700      0.6485900      0.6486200    
  0.6545000      0.6540500      0.6536100      0.6531900      0.6527800      0.6524000      0.6520300      0.6516900      0.6513600      0.6510400      0.6507500      0.6504800      0.6502200      0.6499800      0.6497600      0.6495600      0.6493800      0.6492100      0.6490700      0.6489400      0.6488200      0.6487300      0.6486500      0.6485900      0.6485400      0.6485100      0.6485000      0.6485000      0.6485200      0.6485500    
  0.6545400      0.6540800      0.6536300      0.6532100      0.6528000      0.6524100      0.6520400      0.6516900      0.6513500      0.6510400      0.6507400      0.6504600      0.6502000      0.6499600      0.6497300      0.6495300      0.6493400      0.6491700      0.6490200      0.6488900      0.6487700      0.6486800      0.6485900      0.6485300      0.6484800      0.6484500      0.6484400      0.6484400      0.6484500      0.6484800    
  0.6545470      0.6540830      0.6535380      0.6532300      0.6528200      0.6524300      0.6520500      0.6516900      0.6513500      0.6510300      0.6507300      0.6504500      0.6501800      0.6499400      0.6497100      0.6495000      0.6493100      0.6491400      0.6489800      0.6488500      0.6487300      0.6486300      0.6485400      0.6484800      0.6484300      0.6484000      0.6483800      0.6483800      0.6483900      0.6484200    
  0.6545510      0.6538490      0.6532300      0.6529450      0.6528500      0.6524500      0.6520700      0.6517100      0.6513600      0.6510400      0.6507300      0.6504400      0.6501700      0.6499200      0.6496900      0.6494800      0.6492800      0.6491100      0.6489500      0.6488100      0.6486900      0.6485900      0.6485000      0.6484300      0.6483800      0.6483400      0.6483300      0.6483200      0.6483400      0.6483700    
  0.6541650      0.6532300      0.6529800      0.6528650      0.6528800      0.6524800      0.6520900      0.6517300      0.6513800      0.6510500      0.6507400      0.6504400      0.6501700      0.6499100      0.6496800      0.6494600      0.6492600      0.6490800      0.6489200      0.6487800      0.6486500      0.6485500      0.6484600      0.6483900      0.6483300      0.6483000      0.6482800      0.6482700      0.6482900      0.6483100    
  0.6532300      0.6529910      0.6528730      0.6528800      0.6526230      0.6525100      0.6521200      0.6517500      0.6514000      0.6510600      0.6507500      0.6504500      0.6501700      0.6499100      0.6496700      0.6494500      0.6492500      0.6490600      0.6489000      0.6487500      0.6486200      0.6485200      0.6484200      0.6483500      0.6483000      0.6482600      0.6482400      0.6482300      0.6482400      0.6482700    
  0.6529940      0.6528760      0.6528800      0.6526710      0.6525100      0.6522630      0.6521600      0.6517800      0.6514200      0.6510800      0.6507600      0.6504600      0.6501800      0.6499100      0.6496700      0.6494400      0.6492400      0.6490500      0.6488800      0.6487300      0.6486000      0.6484900      0.6484000      0.6483200      0.6482600      0.6482200      0.6482000      0.6481900      0.6482000      0.6482300    
  0.6528780      0.6528800      0.6526870      0.6525100      0.6523110      0.6521600      0.6519700      0.6517870      0.6513480      0.6511100      0.6507900      0.6504800      0.6501900      0.6499200      0.6496700      0.6494400      0.6492300      0.6490400      0.6488700      0.6487200      0.6485800      0.6484700      0.6483700      0.6482900      0.6482300      0.6481900      0.6481700      0.6481600      0.6481700      0.6481900    
  0.6528800      0.6526920      0.6525100      0.6523270      0.6521600      0.6520650      0.6519720      0.6515540      0.6511100      0.6509500      0.6506840      0.6505000      0.6502100      0.6499400      0.6496800      0.6494500      0.6492400      0.6490400      0.6488600      0.6487100      0.6485700      0.6484500      0.6483600      0.6482700      0.6482100      0.6481700      0.6481400      0.6481300      0.6481400      0.6481700    
  0.6526940      0.6525100      0.6523320      0.6521600      0.6521120      0.6520660      0.6516750      0.6511100      0.6510300      0.6507610      0.6505200      0.6505400      0.6502400      0.6499600      0.6497000      0.6494600      0.6492400      0.6490500      0.6488700      0.6487100      0.6485700      0.6484500      0.6483400      0.6482600      0.6482000      0.6481500      0.6481200      0.6481100      0.6481200      0.6481400    
  0.6525100      0.6523340      0.6521600      0.6521360      0.6521130      0.6517410      0.6511100      0.6510700      0.6507940      0.6505300      0.6505400      0.6503900      0.6501820      0.6499900      0.6497300      0.6494800      0.6492600      0.6490600      0.6488700      0.6487100      0.6485700      0.6484400      0.6483400      0.6482600      0.6481900      0.6481400      0.6481100      0.6481000      0.6481100      0.6481300    
  0.6523350      0.6521600      0.6521480      0.6521360      0.6517750      0.6511100      0.6510900      0.6508100      0.6505350      0.6505400      0.6504650      0.6502760      0.6499900      0.6498600      0.6497330      0.6494900      0.6492670      0.6490630      0.6488200      0.6487200      0.6485800      0.6484500      0.6483400      0.6482600      0.6481900      0.6481400      0.6481100      0.6481000      0.6481000      0.6481200    
  0.6521600      0.6521540      0.6521480      0.6517920      0.6511100      0.6511000      0.6508170      0.6505370      0.6505400      0.6505030      0.6503180      0.6499900      0.6499250      0.6498610      0.6496940      0.6494970      0.6492730      0.6489240      0.6487300      0.6487400      0.6485900      0.6484600      0.6483500      0.6482600      0.6481900      0.6481400      0.6481100      0.6481000      0.6481000      0.6481200    
  0.6521570      0.6521540      0.6518010      0.6511100      0.6511050      0.6508210      0.6505390      0.6505400      0.6505210      0.6503380      0.6499900      0.6499580      0.6499250      0.6498270      0.6496840      0.6494880      0.6490340      0.6487350      0.6487400      0.6486470      0.6486100      0.6484800      0.6483700      0.6482800      0.6482100      0.6481500      0.6481200      0.6481100      0.6481100      0.6481300    
  0.6521570      0.6518060      0.6511100      0.6511080      0.6508230      0.6505390      0.6505400      0.6505310      0.6503470      0.6499900      0.6499740      0.6499580      0.6499030      0.6498120      0.6496660      0.6491650      0.6487380      0.6487400      0.6486840      0.6486450      0.6485640      0.6485100      0.6483900      0.6483000      0.6482300      0.6481700      0.6481400      0.6481200      0.6481300      0.6481500    
  0.6518080      0.6511100      0.6511090      0.6508240      0.6505400      0.6505400      0.6505350      0.6503520      0.6499900      0.6499820      0.6499740      0.6499450      0.6498910      0.6496930      0.6493380      0.6488830      0.6488800      0.6487930      0.6486930      0.6487050      0.6486800      0.6485400      0.6484300      0.6483300      0.6482500      0.6482000      0.6481600      0.6481500      0.6481500      0.6481700    
  0.6511100      0.6511090      0.6508250      0.6505400      0.6505400      0.6505380      0.6503540      0.6499900      0.6499860      0.6499820      0.6499670      0.6499370      0.6496640      0.6493930      0.6493900      0.6491130      0.6490300      0.6490200      0.6488250      0.6487300      0.6487300      0.6485900      0.6484700      0.6483700      0.6482900      0.6482300      0.6482000      0.6481800      0.6481800      0.6482000    
  0.6511100      0.6508250      0.6505400      0.6505400      0.6505390      0.6503560      0.6499900      0.6499880      0.6499860      0.6499780      0.6499610      0.6499600      0.6495850      0.6493960      0.6493960      0.6493900      0.6491530      0.6490400      0.6490200      0.6488450      0.6487800      0.6486400      0.6485200      0.6484200      0.6483400      0.6482800      0.6482400      0.6482200      0.6482200      0.6482400    
  0.6508250      0.6505400      0.6505400      0.6505390      0.6503560      0.6499900      0.6499890      0.6499880      0.6499840      0.6499690      0.6499600      0.6499600      0.6499600      0.6495890      0.6494030      0.6494020      0.6493900      0.6491610      0.6490600      0.6490200      0.6488500      0.6487000      0.6485800      0.6484700      0.6483900      0.6483300      0.6482900      0.6482800      0.6482800      0.6483000    
  0.6505400      0.6505400      0.6505400      0.6503560      0.6499900      0.6499890      0.6499890      0.6502600      0.6502190      0.6499600      0.6499600      0.6499600      0.6499600      0.6499600      0.6495980      0.6494150      0.6494150      0.6493900      0.6491720      0.6491000      0.6489200      0.6487700      0.6486500      0.6485400      0.6484600      0.6484000      0.6483600      0.6483400      0.6483400      0.6483600    
  0.6505400      0.6505400      0.6503570      0.6499900      0.6499900      0.6506420      0.6516200      0.6513500      0.6510800      0.6503350      0.6499610      0.6499600      0.6499600      0.6499600      0.6499600      0.6496160      0.6494410      0.6494400      0.6493900      0.6491800      0.6490100      0.6488500      0.6487200      0.6486200      0.6485300      0.6484700      0.6484300      0.6484100      0.6484100      0.6484300    
  0.6505400      0.6503570      0.6499900      0.6499900      0.6507730      0.6516200      0.6516200      0.6516200      0.6513500      0.6510800      0.6503370      0.6499640      0.6499600      0.6499600      0.6499600      0.6499600      0.6496460      0.6494930      0.6494900      0.6492800      0.6491000      0.6489400      0.6488100      0.6487000      0.6486200      0.6485500      0.6485100      0.6484900      0.6484900      0.6485100    
