iMOD/TUTORIALS/TUT_MetaswapAnalyser/model_MetaSWAP/meteo/Evaporation/Evaporation_20050801_L1.ASC
NCOLS                30
NROWS                30
XLLCORNER     160000.00
YLLCORNER     340000.00
CELLSIZE        1000.00
NODATA_VALUE   -9999.00
   2.406410       2.409500       2.412590       2.415680       2.418760       2.421830       2.424890       2.427930       2.430950       2.433940       2.436910       2.439840       2.442750       2.445610       2.448440       2.451220       2.453960       2.456660       2.459300       2.461900       2.464440       2.466930       2.469370       2.471750       2.474070       2.476340       2.478550       2.480700       2.482790       2.484830    
   2.405460       2.408630       2.411800       2.414960       2.418110       2.421250       2.424370       2.427480       2.430560       2.433620       2.436650       2.439640       2.442600       2.445520       2.448400       2.451240       2.454030       2.456780       2.459470       2.462120       2.464710       2.467240       2.469720       2.472150       2.474510       2.476820       2.479060       2.481250       2.483380       2.485440    
   2.404560       2.407810       2.411050       2.414290       2.417510       2.420720       2.423910       2.427080       2.430230       2.433340       2.436430       2.439490       2.442500       2.445480       2.448420       2.451310       2.454150       2.456940       2.459690       2.462380       2.465010       2.467590       2.470110       2.472580       2.474980       2.477330       2.479610       2.481830       2.483990       2.486090    
   2.403710       2.407040       2.410360       2.413660       2.416960       2.420230       2.423490       2.426730       2.429930       2.433110       2.436260       2.439370       2.442450       2.445480       2.448470       2.451410       2.454300       2.457150       2.459940       2.462670       2.465350       2.467970       2.470540       2.473040       2.475480       2.477860       2.480180       2.482440       2.484630       2.486750    
   2.402900       2.406310       2.409700       2.413080       2.416440       2.419790       2.423110       2.426410       2.429680       2.432920       2.436130       2.439300       2.442430       2.445510       2.448560       2.451550       2.454490       2.457380       2.460220       2.463000       2.465720       2.468390       2.470990       2.473530       2.476010       2.478430       2.480780       2.483070       2.485290       2.487440    
   2.402130       2.405610       2.409080       2.412540       2.415970       2.419380       2.422770       2.426140       2.429470       2.432770       2.436040       2.439260       2.442450       2.445590       2.448680       2.451730       2.454720       2.457660       2.460540       2.463360       2.466130       2.468830       2.471480       2.474050       2.476570       2.479020       2.481400       2.483720       2.485970       2.488150    
   2.401400       2.404960       2.408500       2.412030       2.415530       2.419010       2.422470       2.425900       2.429290       2.432660       2.435980       2.439260       2.442500       2.445700       2.448840       2.451930       2.454980       2.457960       2.460890       2.463750       2.466560       2.469310       2.471990       2.474600       2.477150       2.479630       2.482050       2.484390       2.486670       2.488880    
   2.400700       2.404340       2.407950       2.411550       2.415130       2.418680       2.422200       2.425690       2.429150       2.432570       2.435950       2.439290       2.442590       2.445830       2.449030       2.452170       2.455260       2.458290       2.461260       2.464170       2.467020       2.469800       2.472520       2.475170       2.477750       2.480270       2.482710       2.485090       2.487390       2.489630    
   2.400030       2.403740       2.407440       2.411110       2.414750       2.418370       2.421960       2.425520       2.429040       2.432520       2.435960       2.439350       2.442700       2.446000       2.449250       2.452440       2.455580       2.458650       2.461670       2.464620       2.467510       2.470330       2.473080       2.475770       2.478380       2.480930       2.483400       2.485800       2.488130       2.490390    
   2.399390       2.403180       2.406950       2.410690       2.414410       2.418100       2.421750       2.425370       2.428950       2.432490       2.435990       2.439440       2.442850       2.446200       2.449490       2.452730       2.455920       2.459040       2.462100       2.465090       2.468010       2.470870       2.473660       2.476380       2.479030       2.481600       2.484100       2.486530       2.488890       2.491170    
   2.399380       2.403170       2.407780       2.410300       2.414090       2.417840       2.421560       2.425250       2.428890       2.432490       2.436050       2.439550       2.443010       2.446420       2.449760       2.453050       2.456280       2.459440       2.462540       2.465580       2.468540       2.471440       2.474260       2.477010       2.479690       2.482290       2.484820       2.487270       2.489650       2.491960    
   2.399380       2.405160       2.410300       2.412920       2.413790       2.417610       2.421400       2.425150       2.428850       2.432510       2.436130       2.439690       2.443200       2.446650       2.450050       2.453390       2.456660       2.459870       2.463010       2.466090       2.469090       2.472020       2.474880       2.477660       2.480370       2.483000       2.485550       2.488030       2.490430       2.492760    
   2.402600       2.410300       2.412600       2.413650       2.413510       2.417400       2.421260       2.425070       2.428830       2.432550       2.436220       2.439840       2.443410       2.446910       2.450360       2.453740       2.457060       2.460320       2.463500       2.466610       2.469650       2.472620       2.475510       2.478320       2.481060       2.483720       2.486300       2.488800       2.491220       2.493560    
   2.410300       2.412500       2.413580       2.413510       2.416040       2.417210       2.421130       2.425000       2.428830       2.432610       2.436340       2.440010       2.443630       2.447190       2.450680       2.454120       2.457480       2.460780       2.464000       2.467150       2.470230       2.473230       2.476150       2.478990       2.481760       2.484440       2.487050       2.489570       2.492010       2.494380    
   2.412460       2.413550       2.413510       2.415590       2.417210       2.419790       2.421020       2.424950       2.428840       2.432680       2.436470       2.440200       2.443870       2.447480       2.451020       2.454500       2.457910       2.461250       2.464510       2.467700       2.470820       2.473850       2.476800       2.479680       2.482470       2.485180       2.487810       2.490350       2.492820       2.495200    
   2.413530       2.413510       2.415440       2.417210       2.419340       2.421020       2.422990       2.424940       2.429810       2.432770       2.436610       2.440390       2.444120       2.447780       2.451370       2.454900       2.458350       2.461730       2.465040       2.468270       2.471410       2.474480       2.477470       2.480370       2.483190       2.485920       2.488570       2.491140       2.493620       2.496020    
   2.413510       2.415390       2.417210       2.419190       2.421020       2.422000       2.422980       2.427630       2.432770       2.434690       2.438240       2.440600       2.444380       2.448090       2.451730       2.455310       2.458800       2.462230       2.465570       2.468840       2.472020       2.475120       2.478140       2.481070       2.483910       2.486670       2.489340       2.491930       2.494420       2.496840    
   2.415370       2.417210       2.419140       2.421020       2.421510       2.422000       2.426340       2.432770       2.433730       2.437440       2.440700       2.440810       2.444640       2.448410       2.452100       2.455720       2.459260       2.462730       2.466110       2.469410       2.472630       2.475760       2.478810       2.481770       2.484640       2.487420       2.490110       2.492710       2.495230       2.497660    
   2.417210       2.419120       2.421020       2.421270       2.421510       2.425660       2.432770       2.433250       2.437100       2.440760       2.440810       2.442720       2.445650       2.448730       2.452470       2.456130       2.459720       2.463230       2.466650       2.469990       2.473240       2.476410       2.479480       2.482470       2.485360       2.488160       2.490880       2.493500       2.496030       2.498470    
   2.419120       2.421020       2.421140       2.421270       2.425300       2.432770       2.433010       2.436940       2.440780       2.440810       2.441770       2.444480       2.448730       2.450600       2.452440       2.456110       2.459690       2.463200       2.468320       2.470570       2.473860       2.477050       2.480160       2.483170       2.486080       2.488910       2.491640       2.494280       2.496820       2.499280    
   2.421020       2.421080       2.421140       2.425120       2.432770       2.432890       2.436870       2.440800       2.440810       2.441290       2.443950       2.448730       2.449670       2.450590       2.453050       2.456080       2.459670       2.466640       2.470860       2.471150       2.474470       2.477690       2.480820       2.483860       2.486800       2.489650       2.492400       2.495050       2.497610       2.500070    
   2.421050       2.421080       2.425030       2.432770       2.432830       2.436830       2.440800       2.440810       2.441050       2.443690       2.448730       2.449200       2.449660       2.451100       2.453240       2.456270       2.464910       2.471000       2.471150       2.473560       2.475070       2.478330       2.481490       2.484550       2.487510       2.490380       2.493150       2.495810       2.498390       2.500860    
   2.421050       2.424980       2.432770       2.432800       2.436810       2.440810       2.440810       2.440930       2.443570       2.448730       2.448960       2.449200       2.449990       2.451330       2.453540       2.463660       2.471080       2.471150       2.474230       2.475670       2.477640       2.478960       2.482150       2.485230       2.488220       2.491100       2.493880       2.496570       2.499150       2.501630    
   2.424960       2.432770       2.432790       2.436800       2.440810       2.440810       2.440870       2.443510       2.448730       2.448850       2.448960       2.449380       2.450170       2.456640       2.464360       2.472790       2.472790       2.474460       2.476350       2.476550       2.476260       2.479580       2.482790       2.485900       2.488910       2.491810       2.494610       2.497300       2.499900       2.502390    
   2.432770       2.432780       2.436790       2.440810       2.440810       2.440840       2.443480       2.448730       2.448790       2.448850       2.449060       2.449510       2.459920       2.471700       2.471690       2.473140       2.474490       2.474430       2.476120       2.476830       2.476840       2.480180       2.483420       2.486560       2.489580       2.492500       2.495310       2.498020       2.500630       2.503130    
   2.432770       2.436790       2.440810       2.440810       2.440820       2.443460       2.448730       2.448760       2.448790       2.448900       2.457040       2.468880       2.470770       2.471710       2.471710       2.471690       2.473600       2.474550       2.474430       2.476650       2.477400       2.480770       2.484040       2.487200       2.490240       2.493180       2.496000       2.498720       2.501330       2.503840    
   2.436790       2.440810       2.440810       2.440820       2.443460       2.448730       2.448740       2.448760       2.448820       2.458500       2.468880       2.468880       2.468880       2.470790       2.471740       2.471740       2.471690       2.473730       2.474680       2.474430       2.477940       2.481350       2.484640       2.487810       2.490880       2.493830       2.496670       2.499400       2.502020       2.504530    
   2.440810       2.440810       2.440810       2.443450       2.448730       2.448740       2.448740       2.452940       2.459690       2.468880       2.468880       2.468880       2.468880       2.468880       2.470830       2.471790       2.471790       2.471690       2.474100       2.474920       2.478460       2.481900       2.485210       2.488410       2.491490       2.494460       2.497310       2.500050       2.502670       2.505190    
   2.440810       2.440810       2.443450       2.448730       2.448730       2.453630       2.460960       2.463210       2.465460       2.467740       2.468880       2.468880       2.468880       2.468880       2.468880       2.470920       2.471890       2.471890       2.471690       2.475380       2.478960       2.482420       2.485760       2.488980       2.492080       2.495060       2.497920       2.500670       2.503300       2.505820    
   2.440810       2.443450       2.448730       2.448730       2.454600       2.460960       2.460960       2.460960       2.463210       2.465460       2.467740       2.468880       2.468880       2.468880       2.468880       2.468880       2.471100       2.472080       2.472090       2.475820       2.479430       2.482920       2.486290       2.489530       2.492640       2.495640       2.498510       2.501260       2.503900       2.506420    
