iMOD/TUTORIALS/TUT_MetaswapAnalyser/model_MetaSWAP/meteo/Evaporation/Evaporation_20060805_L1.ASC
NCOLS                30
NROWS                30
XLLCORNER     160000.00
YLLCORNER     340000.00
CELLSIZE        1000.00
NODATA_VALUE   -9999.00
   3.216290       3.215390       3.214350       3.213180       3.211900       3.210520       3.209060       3.207510       3.205890       3.204220       3.202500       3.200740       3.198950       3.197140       3.195310       3.193490       3.191660       3.189840       3.188040       3.186260       3.184500       3.182770       3.181070       3.179410       3.177800       3.176220       3.174690       3.173210       3.171780       3.170400    
   3.212190       3.211390       3.210470       3.209420       3.208260       3.207000       3.205650       3.204220       3.202720       3.201160       3.199550       3.197890       3.196210       3.194500       3.192770       3.191030       3.189290       3.187560       3.185840       3.184130       3.182440       3.180780       3.179140       3.177540       3.175980       3.174450       3.172970       3.171530       3.170140       3.168790    
   3.208060       3.207370       3.206560       3.205630       3.204590       3.203440       3.202210       3.200890       3.199500       3.198050       3.196550       3.195000       3.193420       3.191810       3.190180       3.188530       3.186880       3.185230       3.183590       3.181950       3.180340       3.178740       3.177170       3.175630       3.174120       3.172640       3.171210       3.169810       3.168460       3.167150    
   3.203900       3.203330       3.202630       3.201810       3.200880       3.199850       3.198730       3.197520       3.196250       3.194910       3.193510       3.192070       3.190580       3.189070       3.187540       3.185980       3.184420       3.182850       3.181290       3.179730       3.178190       3.176660       3.175150       3.173670       3.172220       3.170790       3.169400       3.168050       3.166740       3.165470    
   3.199720       3.199250       3.198660       3.197960       3.197140       3.196220       3.195210       3.194120       3.192950       3.191720       3.190430       3.189090       3.187710       3.186290       3.184850       3.183390       3.181910       3.180430       3.178950       3.177470       3.175990       3.174530       3.173090       3.171670       3.170270       3.168900       3.167560       3.166250       3.164980       3.163750    
   3.195520       3.195160       3.194670       3.194080       3.193370       3.192560       3.191660       3.190680       3.189620       3.188490       3.187310       3.186070       3.184790       3.183470       3.182120       3.180750       3.179360       3.177960       3.176560       3.175150       3.173750       3.172360       3.170980       3.169620       3.168280       3.166960       3.165670       3.164410       3.163180       3.161990    
   3.191290       3.191040       3.190660       3.190170       3.189570       3.188870       3.188080       3.187200       3.186250       3.185230       3.184140       3.183010       3.181820       3.180600       3.179350       3.178070       3.176760       3.175450       3.174120       3.172800       3.171470       3.170140       3.168830       3.167530       3.166250       3.164990       3.163750       3.162530       3.161350       3.160190    
   3.187050       3.186890       3.186620       3.186230       3.185740       3.185150       3.184460       3.183690       3.182840       3.181920       3.180940       3.179910       3.178820       3.177690       3.176530       3.175340       3.174120       3.172890       3.171650       3.170390       3.169140       3.167880       3.166640       3.165400       3.164170       3.162960       3.161780       3.160610       3.159470       3.158350    
   3.182780       3.182730       3.182560       3.182270       3.181880       3.181390       3.180810       3.180140       3.179400       3.178580       3.177700       3.176770       3.175780       3.174740       3.173670       3.172570       3.171440       3.170290       3.169130       3.167950       3.166770       3.165580       3.164400       3.163220       3.162050       3.160900       3.159760       3.158640       3.157550       3.156470    
   3.178500       3.178550       3.178470       3.178290       3.178000       3.177610       3.177130       3.176570       3.175930       3.175210       3.174430       3.173590       3.172700       3.171760       3.170780       3.169760       3.168720       3.167650       3.166560       3.165460       3.164350       3.163230       3.162120       3.161000       3.159890       3.158800       3.157710       3.156640       3.155590       3.154560    
   3.178460       3.178510       3.177400       3.174280       3.174090       3.173810       3.173430       3.172960       3.172420       3.171800       3.171120       3.170370       3.169580       3.168730       3.167840       3.166910       3.165950       3.164960       3.163950       3.162930       3.161890       3.160840       3.159790       3.158740       3.157690       3.156650       3.155610       3.154590       3.153590       3.152600    
   3.178420       3.177160       3.174280       3.171180       3.170160       3.169970       3.169690       3.169330       3.168880       3.168360       3.167770       3.167120       3.166420       3.165660       3.164860       3.164020       3.163140       3.162240       3.161310       3.160360       3.159390       3.158410       3.157420       3.156430       3.155440       3.154460       3.153480       3.152500       3.151540       3.150600    
   3.177030       3.174280       3.169960       3.168180       3.166200       3.166110       3.165930       3.165660       3.165310       3.164890       3.164400       3.163840       3.163230       3.162560       3.161840       3.161090       3.160300       3.159470       3.158620       3.157740       3.156850       3.155940       3.155020       3.154090       3.153160       3.152220       3.151300       3.150370       3.149460       3.148560    
   3.174280       3.169410       3.167190       3.166200       3.164850       3.162230       3.162140       3.161970       3.161710       3.161380       3.160980       3.160520       3.160000       3.159420       3.158790       3.158120       3.157410       3.156660       3.155890       3.155090       3.154260       3.153420       3.152560       3.151700       3.150830       3.149950       3.149070       3.148200       3.147330       3.146470    
   3.169150       3.166700       3.166200       3.164430       3.162230       3.160900       3.158320       3.158240       3.158080       3.157850       3.157540       3.157170       3.156730       3.156240       3.155700       3.155110       3.154480       3.153820       3.153120       3.152390       3.151640       3.150860       3.150070       3.149270       3.148450       3.147630       3.146810       3.145990       3.145170       3.144350    
   3.166450       3.166200       3.164290       3.162230       3.160480       3.158320       3.158280       3.158210       3.157110       3.154280       3.154060       3.153780       3.153440       3.153030       3.152580       3.152070       3.151520       3.150930       3.150310       3.149650       3.148970       3.148260       3.147540       3.146800       3.146040       3.145280       3.144500       3.143730       3.142960       3.142180    
   3.166200       3.164240       3.162230       3.160340       3.158320       3.158300       3.158270       3.156970       3.154280       3.154170       3.151880       3.150360       3.150100       3.149780       3.149410       3.148990       3.148520       3.148010       3.147460       3.146880       3.146260       3.145620       3.144960       3.144280       3.143580       3.142880       3.142160       3.141430       3.140710       3.139980    
   3.164220       3.162230       3.160300       3.158320       3.158310       3.158300       3.156960       3.154280       3.154220       3.151170       3.148630       3.146910       3.146740       3.146500       3.146210       3.145870       3.145480       3.145050       3.144570       3.144060       3.143520       3.142940       3.142350       3.141730       3.141090       3.140430       3.139770       3.139090       3.138410       3.137730    
   3.162230       3.160280       3.158320       3.158310       3.158310       3.156960       3.154280       3.154250       3.150870       3.147770       3.146910       3.146820       3.145830       3.143190       3.142980       3.142720       3.142410       3.142050       3.141650       3.141210       3.140730       3.140220       3.139690       3.139130       3.138550       3.137950       3.137340       3.136710       3.136080       3.135440    
   3.160280       3.158320       3.158320       3.158310       3.156970       3.154280       3.154270       3.150730       3.147340       3.146910       3.146870       3.145690       3.143190       3.143090       3.142960       3.142700       3.142390       3.142040       3.139720       3.138310       3.137910       3.137460       3.136990       3.136490       3.135970       3.135430       3.134860       3.134290       3.133700       3.133100    
   3.158320       3.158320       3.158320       3.156970       3.154280       3.154270       3.150660       3.147130       3.146910       3.146890       3.145660       3.143190       3.143140       3.143080       3.142920       3.142690       3.142380       3.139280       3.136850       3.135380       3.135040       3.134660       3.134260       3.133820       3.133350       3.132860       3.132350       3.131820       3.131280       3.130730    
   3.158320       3.158320       3.156970       3.154280       3.154280       3.150630       3.147020       3.146910       3.146900       3.145660       3.143190       3.143160       3.143140       3.143040       3.142890       3.142660       3.139170       3.136110       3.135380       3.134190       3.132140       3.131820       3.131480       3.131100       3.130690       3.130250       3.129790       3.129310       3.128820       3.128310    
   3.158320       3.156970       3.154280       3.154280       3.150610       3.146960       3.146910       3.146900       3.145670       3.143190       3.143180       3.143160       3.143110       3.143020       3.142870       3.137330       3.135750       3.135380       3.130860       3.129170       3.129030       3.128950       3.128660       3.128340       3.127980       3.127600       3.127190       3.126760       3.126310       3.125850    
   3.156970       3.154280       3.154280       3.150600       3.146940       3.146910       3.146910       3.145670       3.143190       3.143180       3.143180       3.143150       3.143100       3.134820       3.129420       3.126170       3.126180       3.125990       3.125680       3.124700       3.126210       3.126030       3.125800       3.125540       3.125240       3.124910       3.124550       3.124170       3.123770       3.123340    
   3.154280       3.154280       3.150600       3.146920       3.146910       3.146910       3.145670       3.143190       3.143190       3.143180       3.143170       3.143140       3.128270       3.110190       3.110290       3.116850       3.116580       3.116980       3.121050       3.123180       3.123190       3.123070       3.122900       3.122700       3.122450       3.122180       3.121870       3.121530       3.121180       3.120800    
   3.154280       3.150600       3.146920       3.146910       3.146910       3.145670       3.143190       3.143190       3.143190       3.143180       3.125760       3.099640       3.106580       3.110080       3.110080       3.110290       3.114330       3.116180       3.116980       3.119330       3.120130       3.120070       3.119960       3.119810       3.119620       3.119400       3.119140       3.118850       3.118540       3.118200    
   3.150600       3.146910       3.146910       3.146910       3.145670       3.143190       3.143190       3.143190       3.143180       3.122280       3.099640       3.099640       3.099640       3.106430       3.109870       3.109870       3.110290       3.113880       3.115380       3.116980       3.117030       3.117030       3.116980       3.116890       3.116760       3.116580       3.116370       3.116130       3.115860       3.115570    
   3.146910       3.146910       3.146910       3.145670       3.143190       3.143190       3.143190       3.127550       3.113700       3.099630       3.099640       3.099640       3.099640       3.099640       3.106120       3.109450       3.109450       3.110290       3.112890       3.113770       3.113890       3.113950       3.113960       3.113920       3.113840       3.113720       3.113560       3.113360       3.113140       3.112880    
   3.146910       3.146910       3.145670       3.143190       3.143190       3.116230       3.075800       3.078220       3.080650       3.093280       3.099610       3.099640       3.099640       3.099640       3.099640       3.105540       3.108610       3.108610       3.110290       3.110530       3.110710       3.110830       3.110900       3.110920       3.110890       3.110820       3.110700       3.110550       3.110370       3.110160    
   3.146910       3.145670       3.143190       3.143190       3.110840       3.075790       3.075790       3.075800       3.078220       3.080650       3.093230       3.099550       3.099640       3.099640       3.099640       3.099640       3.104440       3.106930       3.106940       3.107250       3.107490       3.107670       3.107790       3.107870       3.107890       3.107870       3.107800       3.107700       3.107550       3.107380    
