iMOD/TUTORIALS/TUT_MetaswapAnalyser/model_MetaSWAP/meteo/Evaporation/Evaporation_20060428_L1.ASC
NCOLS                30
NROWS                30
XLLCORNER     160000.00
YLLCORNER     340000.00
CELLSIZE        1000.00
NODATA_VALUE   -9999.00
   2.805390       2.811490       2.817560       2.823600       2.829590       2.835550       2.841470       2.847350       2.853190       2.859000       2.864760       2.870480       2.876170       2.881810       2.887420       2.892990       2.898510       2.904000       2.909450       2.914860       2.920220       2.925550       2.930840       2.936090       2.941310       2.946480       2.951620       2.956710       2.961780       2.966800    
   2.810100       2.816160       2.822190       2.828190       2.834150       2.840080       2.845960       2.851820       2.857630       2.863400       2.869140       2.874840       2.880500       2.886130       2.891710       2.897260       2.902770       2.908240       2.913670       2.919060       2.924420       2.929740       2.935020       2.940260       2.945460       2.950630       2.955760       2.960850       2.965910       2.970930    
   2.814810       2.820830       2.826830       2.832790       2.838710       2.844600       2.850460       2.856280       2.862070       2.867810       2.873530       2.879200       2.884840       2.890440       2.896000       2.901530       2.907020       2.912480       2.917890       2.923270       2.928610       2.933920       2.939190       2.944420       2.949610       2.954770       2.959900       2.964980       2.970040       2.975060    
   2.819520       2.825510       2.831460       2.837380       2.843270       2.849130       2.854960       2.860750       2.866500       2.872220       2.877910       2.883560       2.889170       2.894750       2.900290       2.905800       2.911270       2.916710       2.922110       2.927470       2.932800       2.938100       2.943350       2.948580       2.953760       2.958910       2.964030       2.969110       2.974160       2.979180    
   2.824240       2.830180       2.836100       2.841980       2.847840       2.853660       2.859450       2.865210       2.870940       2.876630       2.882290       2.887920       2.893510       2.899060       2.904580       2.910070       2.915530       2.920940       2.926330       2.931680       2.936990       2.942270       2.947520       2.952730       2.957910       2.963050       2.968160       2.973240       2.978290       2.983300    
   2.828960       2.834860       2.840740       2.846590       2.852410       2.858200       2.863960       2.869680       2.875380       2.881040       2.886680       2.892280       2.897840       2.903380       2.908880       2.914340       2.919780       2.925180       2.930550       2.935880       2.941180       2.946450       2.951680       2.956890       2.962050       2.967190       2.972300       2.977370       2.982410       2.987410    
   2.833690       2.839550       2.845390       2.851200       2.856980       2.862730       2.868460       2.874160       2.879820       2.885460       2.891060       2.896640       2.902180       2.907690       2.913170       2.918620       2.924030       2.929410       2.934760       2.940080       2.945370       2.950630       2.955850       2.961040       2.966200       2.971330       2.976430       2.981490       2.986530       2.991530    
   2.838420       2.844240       2.850040       2.855810       2.861560       2.867280       2.872970       2.878630       2.884270       2.889880       2.895450       2.901000       2.906520       2.912010       2.917460       2.922890       2.928280       2.933650       2.938980       2.944290       2.949560       2.954800       2.960010       2.965200       2.970350       2.975470       2.980560       2.985620       2.990650       2.995650    
   2.843160       2.848940       2.854700       2.860430       2.866140       2.871830       2.877490       2.883120       2.888720       2.894300       2.899850       2.905370       2.910860       2.916330       2.921760       2.927170       2.932540       2.937890       2.943210       2.948490       2.953750       2.958980       2.964180       2.969350       2.974490       2.979600       2.984690       2.989740       2.994760       2.999760    
   2.847910       2.853650       2.859360       2.865060       2.870730       2.876380       2.882010       2.887610       2.893180       2.898730       2.904250       2.909750       2.915210       2.920650       2.926060       2.931450       2.936800       2.942130       2.947430       2.952700       2.957950       2.963160       2.968350       2.973510       2.978640       2.983740       2.988820       2.993870       2.998880       3.003880    
   2.847900       2.853640       2.861940       2.869690       2.875330       2.880940       2.886530       2.892100       2.897650       2.903160       2.908660       2.914120       2.919570       2.924980       2.930370       2.935730       2.941070       2.946380       2.951660       2.956920       2.962150       2.967350       2.972520       2.977670       2.982790       2.987890       2.992950       2.997990       3.003010       3.007990    
   2.847900       2.858290       2.869690       2.877380       2.879930       2.885510       2.891070       2.896600       2.902120       2.907610       2.913070       2.918510       2.923930       2.929320       2.934680       2.940030       2.945340       2.950630       2.955900       2.961140       2.966350       2.971540       2.976700       2.981840       2.986950       2.992030       2.997090       3.002120       3.007130       3.012110    
   2.854510       2.869690       2.878460       2.882240       2.884550       2.890090       2.895610       2.901120       2.906600       2.912050       2.917490       2.922900       2.928290       2.933660       2.939000       2.944320       2.949620       2.954890       2.960140       2.965360       2.970560       2.975730       2.980880       2.986000       2.991100       2.996180       3.001230       3.006260       3.011260       3.016240    
   2.869690       2.879020       2.883400       2.884550       2.889770       2.894680       2.900160       2.905630       2.911080       2.916510       2.921920       2.927300       2.932670       2.938010       2.943330       2.948630       2.953900       2.959150       2.964380       2.969590       2.974770       2.979930       2.985070       2.990180       2.995270       3.000330       3.005380       3.010400       3.015390       3.020360    
   2.879310       2.883970       2.884550       2.889670       2.894680       2.899860       2.904730       2.910160       2.915580       2.920980       2.926360       2.931710       2.937050       2.942370       2.947660       2.952940       2.958190       2.963420       2.968630       2.973820       2.978990       2.984130       2.989260       2.994360       2.999440       3.004490       3.009530       3.014540       3.019530       3.024500    
   2.884260       2.884550       2.889630       2.894680       2.899760       2.904730       2.907440       2.910160       2.918040       2.925450       2.930800       2.936130       2.941440       2.946730       2.952000       2.957260       2.962490       2.967700       2.972890       2.978060       2.983220       2.988350       2.993450       2.998540       3.003610       3.008660       3.013680       3.018690       3.023670       3.028630    
   2.884550       2.889620       2.894680       2.899720       2.904730       2.906090       2.907440       2.915270       2.925450       2.928120       2.935590       2.940560       2.945840       2.951110       2.956360       2.961590       2.966800       2.971990       2.977160       2.982310       2.987450       2.992560       2.997660       3.002740       3.007790       3.012830       3.017850       3.022840       3.027820       3.032780    
   2.889620       2.894680       2.899710       2.904730       2.905410       2.906090       2.913560       2.925450       2.926790       2.935390       2.942780       2.945000       2.950250       2.955490       2.960720       2.965920       2.971110       2.976280       2.981440       2.986570       2.991690       2.996790       3.001870       3.006940       3.011980       3.017010       3.022020       3.027010       3.031970       3.036920    
   2.894680       2.899710       2.904730       2.905070       2.905410       2.912630       2.925450       2.926120       2.935300       2.943890       2.945000       2.947620       2.952660       2.959890       2.965090       2.970270       2.975440       2.980590       2.985720       2.990840       2.995940       3.001030       3.006090       3.011150       3.016180       3.021200       3.026190       3.031180       3.036140       3.041080    
   2.899710       2.904730       2.904900       2.905070       2.912140       2.925450       2.925780       2.935260       2.944450       2.945000       2.946310       2.951290       2.959890       2.962490       2.965080       2.970270       2.975430       2.980580       2.990330       2.995120       3.000200       3.005270       3.010320       3.015360       3.020390       3.025390       3.030380       3.035350       3.040310       3.045250    
   2.904730       2.904810       2.904900       2.911890       2.925450       2.925620       2.935240       2.944720       2.945000       2.945660       2.950620       2.959890       2.961190       2.962490       2.965950       2.970260       2.975430       2.988600       2.997260       2.999400       3.004470       3.009530       3.014570       3.019590       3.024600       3.029600       3.034580       3.039540       3.044490       3.049420    
   2.904770       2.904810       2.911760       2.925450       2.925530       2.935230       2.944860       2.945000       2.945330       2.950290       2.959890       2.960540       2.961190       2.963210       2.966230       2.970550       2.986400       2.998330       2.999400       3.004210       3.008750       3.013790       3.018820       3.023830       3.028830       3.033810       3.038780       3.043740       3.048680       3.053600    
   2.904770       2.911700       2.925450       2.925490       2.935230       2.944930       2.945000       2.945160       2.950130       2.959890       2.960210       2.960540       2.961650       2.963540       2.966660       2.986890       2.998870       2.999400       3.009040       3.013050       3.016060       3.018070       3.023080       3.028080       3.033060       3.038040       3.043000       3.047940       3.052880       3.057800    
   2.911670       2.925450       2.925470       2.935230       2.944970       2.945000       2.945080       2.950050       2.959890       2.960050       2.960210       2.960800       2.961910       2.980270       2.997070       3.012390       3.012390       3.015000       3.018080       3.019510       3.017350       3.022360       3.027350       3.032340       3.037310       3.042270       3.047220       3.052160       3.057090       3.062000    
   2.925450       2.925460       2.935230       2.944980       2.945000       2.945040       2.950000       2.959890       2.959970       2.960050       2.960360       2.960970       2.992370       3.029360       3.029220       3.023700       3.025930       3.025380       3.023100       3.021670       3.021670       3.026660       3.031640       3.036610       3.041570       3.046520       3.051460       3.056390       3.061310       3.066220    
   2.925460       2.935230       2.944990       2.945000       2.945020       2.949980       2.959890       2.959930       2.959970       2.960130       2.991350       3.037690       3.032250       3.029500       3.029500       3.029220       3.027260       3.026470       3.025380       3.025850       3.026000       3.030970       3.035940       3.040890       3.045840       3.050780       3.055720       3.060640       3.065550       3.070450    
   2.935230       2.945000       2.945000       2.945010       2.949970       2.959890       2.959910       2.959930       2.960010       2.997370       3.037690       3.037690       3.037690       3.032460       3.029770       3.029770       3.029220       3.027950       3.027570       3.025380       3.030340       3.035300       3.040250       3.045190       3.050130       3.055060       3.059980       3.064890       3.069800       3.074690    
   2.945000       2.945000       2.945000       2.949970       2.959890       2.959900       2.959910       2.983880       3.009060       3.037700       3.037690       3.037690       3.037690       3.037690       3.032860       3.030330       3.030330       3.029220       3.029630       3.029760       3.034700       3.039640       3.044570       3.049500       3.054430       3.059350       3.064260       3.069160       3.074060       3.078950    
   2.945000       2.945000       2.949970       2.959890       2.959890       2.998170       3.055580       3.055620       3.055660       3.043710       3.037730       3.037690       3.037690       3.037690       3.037690       3.033660       3.031440       3.031440       3.029220       3.034150       3.039070       3.044000       3.048920       3.053830       3.058740       3.063650       3.068550       3.073450       3.078340       3.083220    
   2.945000       2.949960       2.959890       2.959890       3.005830       3.055590       3.055590       3.055580       3.055620       3.055660       3.043780       3.037800       3.037690       3.037690       3.037690       3.037690       3.035190       3.033650       3.033650       3.038560       3.043460       3.048370       3.053270       3.058180       3.063070       3.067970       3.072860       3.077750       3.082630       3.087510    
