iMOD/TUTORIALS/TUT_MetaswapAnalyser/model_MetaSWAP/meteo/Evaporation/Evaporation_20050525_L1.ASC
NCOLS                30
NROWS                30
XLLCORNER     160000.00
YLLCORNER     340000.00
CELLSIZE        1000.00
NODATA_VALUE   -9999.00
   4.150690       4.154490       4.158460       4.162590       4.166880       4.171320       4.175900       4.180610       4.185440       4.190400       4.195460       4.200630       4.205900       4.211260       4.216710       4.222230       4.227840       4.233510       4.239250       4.245050       4.250910       4.256820       4.262780       4.268790       4.274850       4.280940       4.287080       4.293240       4.299440       4.305680    
   4.157270       4.161080       4.165050       4.169170       4.173450       4.177880       4.182440       4.187140       4.191960       4.196890       4.201940       4.207090       4.212340       4.217680       4.223100       4.228610       4.234200       4.239850       4.245570       4.251350       4.257190       4.263090       4.269030       4.275020       4.281060       4.287140       4.293250       4.299400       4.305590       4.311800    
   4.163930       4.167740       4.171700       4.175830       4.180100       4.184510       4.189060       4.193740       4.198550       4.203460       4.208490       4.213630       4.218860       4.224180       4.229580       4.235070       4.240630       4.246270       4.251970       4.257730       4.263550       4.269430       4.275350       4.281330       4.287340       4.293400       4.299500       4.305630       4.311790       4.317990    
   4.170650       4.174460       4.178430       4.182550       4.186820       4.191220       4.195760       4.200420       4.205210       4.210110       4.215120       4.220240       4.225450       4.230750       4.236140       4.241600       4.247150       4.252760       4.258440       4.264180       4.269990       4.275840       4.281750       4.287700       4.293700       4.299730       4.305810       4.311920       4.318070       4.324240    
   4.177430       4.181250       4.185220       4.189340       4.193600       4.197990       4.202520       4.207180       4.211950       4.216830       4.221830       4.226920       4.232110       4.237400       4.242760       4.248210       4.253730       4.259330       4.264990       4.270710       4.276490       4.282320       4.288210       4.294140       4.300120       4.306130       4.312190       4.318280       4.324400       4.330560    
   4.184270       4.188100       4.192070       4.196190       4.200440       4.204830       4.209350       4.213990       4.218750       4.223620       4.228600       4.233680       4.238850       4.244110       4.249460       4.254890       4.260390       4.265960       4.271600       4.277300       4.283060       4.288870       4.294740       4.300650       4.306600       4.312600       4.318630       4.324700       4.330800       4.336940    
   4.191160       4.195000       4.198980       4.203090       4.207350       4.211730       4.216240       4.220870       4.225620       4.230470       4.235430       4.240500       4.245650       4.250890       4.256220       4.261630       4.267110       4.272660       4.278280       4.283960       4.289700       4.295490       4.301330       4.307220       4.313150       4.319120       4.325130       4.331180       4.337260       4.343370    
   4.198110       4.201950       4.205930       4.210050       4.214300       4.218680       4.223190       4.227810       4.232540       4.237390       4.242330       4.247380       4.252510       4.257740       4.263050       4.268440       4.273900       4.279430       4.285020       4.290680       4.296400       4.302160       4.307980       4.313850       4.319760       4.325710       4.331700       4.337720       4.343780       4.349860    
   4.205100       4.208950       4.212940       4.217060       4.221310       4.225690       4.230190       4.234800       4.239520       4.244350       4.249290       4.254320       4.259440       4.264640       4.269930       4.275300       4.280740       4.286250       4.291830       4.297460       4.303160       4.308900       4.314700       4.320540       4.326430       4.332350       4.338320       4.344320       4.350350       4.356410    
   4.212130       4.216000       4.220000       4.224120       4.228370       4.232750       4.237240       4.241840       4.246560       4.251380       4.256300       4.261310       4.266410       4.271600       4.276880       4.282220       4.287650       4.293140       4.298690       4.304300       4.309970       4.315700       4.321470       4.327290       4.333150       4.339050       4.344990       4.350970       4.356980       4.363010    
   4.212180       4.216040       4.222840       4.231220       4.235480       4.239850       4.244340       4.248930       4.253640       4.258450       4.263360       4.268360       4.273440       4.278620       4.283870       4.289200       4.294600       4.300070       4.305600       4.311200       4.316840       4.322540       4.328290       4.334090       4.339930       4.345810       4.351720       4.357670       4.363650       4.369670    
   4.212220       4.220570       4.231220       4.239780       4.242620       4.246990       4.251480       4.256070       4.260770       4.265570       4.270460       4.275450       4.280530       4.285680       4.290920       4.296230       4.301610       4.307060       4.312570       4.318140       4.323770       4.329450       4.335170       4.340940       4.346760       4.352610       4.358500       4.364430       4.370380       4.376370    
   4.218130       4.231220       4.241760       4.246210       4.249810       4.254180       4.258660       4.263250       4.267940       4.272730       4.277620       4.282590       4.287650       4.292800       4.298020       4.303310       4.308670       4.314100       4.319590       4.325140       4.330740       4.336400       4.342100       4.347850       4.353640       4.359460       4.365330       4.371230       4.377160       4.383120    
   4.231220       4.242700       4.248010       4.249810       4.255130       4.261400       4.265890       4.270470       4.275160       4.279940       4.284810       4.289780       4.294820       4.299950       4.305160       4.310430       4.315780       4.321190       4.326660       4.332180       4.337770       4.343400       4.349080       4.354800       4.360560       4.366370       4.372200       4.378080       4.383980       4.389920    
   4.243160       4.248910       4.249810       4.255450       4.261400       4.266810       4.273140       4.277730       4.282410       4.287180       4.292050       4.297000       4.302040       4.307150       4.312340       4.317600       4.322930       4.328320       4.333770       4.339270       4.344830       4.350440       4.356100       4.361800       4.367530       4.373310       4.379120       4.384970       4.390850       4.396750    
   4.249360       4.249810       4.255550       4.261400       4.267120       4.273140       4.275430       4.277760       4.285450       4.294460       4.299320       4.304270       4.309290       4.314390       4.319560       4.324810       4.330120       4.335490       4.340920       4.346410       4.351940       4.357530       4.363160       4.368830       4.374550       4.380300       4.386090       4.391910       4.397760       4.403640    
   4.249810       4.255590       4.261400       4.267220       4.273140       4.274290       4.275440       4.283280       4.294460       4.296890       4.305700       4.311560       4.316580       4.321670       4.326830       4.332050       4.337350       4.342700       4.348110       4.353580       4.359090       4.364660       4.370260       4.375920       4.381600       4.387330       4.393090       4.398880       4.404710       4.410560    
   4.255600       4.261400       4.267250       4.273140       4.273710       4.274290       4.281870       4.294460       4.295680       4.306240       4.315230       4.318900       4.323900       4.328980       4.334120       4.339340       4.344610       4.349950       4.355340       4.360790       4.366280       4.371820       4.377410       4.383030       4.388700       4.394400       4.400130       4.405900       4.411690       4.417510    
   4.261400       4.267260       4.273140       4.273430       4.273710       4.281080       4.294460       4.295070       4.306470       4.317070       4.318900       4.321400       4.327020       4.336320       4.341450       4.346650       4.351910       4.357230       4.362610       4.368030       4.373510       4.379020       4.384590       4.390190       4.395830       4.401500       4.407210       4.412950       4.418720       4.424510    
   4.267270       4.273140       4.273280       4.273430       4.280670       4.294460       4.294760       4.306580       4.317980       4.318900       4.320150       4.325910       4.336320       4.338890       4.341470       4.346670       4.351930       4.357250       4.369160       4.375310       4.380760       4.386260       4.391800       4.397380       4.402990       4.408640       4.414320       4.420030       4.425770       4.431540    
   4.273140       4.273210       4.273280       4.280460       4.294460       4.294610       4.306630       4.318440       4.318900       4.319530       4.325320       4.336320       4.337600       4.338890       4.342340       4.346690       4.351950       4.367990       4.378960       4.382620       4.388050       4.393530       4.399040       4.404600       4.410190       4.415810       4.421470       4.427150       4.432860       4.438600    
   4.273180       4.273210       4.280350       4.294460       4.294540       4.306650       4.318670       4.318900       4.319210       4.325020       4.336320       4.336960       4.337600       4.339610       4.342640       4.346990       4.366010       4.380790       4.382620       4.388680       4.395370       4.400820       4.406320       4.411850       4.417420       4.423010       4.428640       4.434300       4.439980       4.445680    
   4.273180       4.280300       4.294460       4.294500       4.306670       4.318790       4.318900       4.319060       4.324860       4.336320       4.336640       4.336960       4.338060       4.339950       4.343080       4.368430       4.381710       4.382620       4.396950       4.402730       4.405980       4.408150       4.413620       4.419130       4.424670       4.430240       4.435840       4.441470       4.447120       4.452800    
   4.280270       4.294460       4.294480       4.306670       4.318840       4.318900       4.318980       4.324780       4.336320       4.336480       4.336640       4.337220       4.338330       4.364440       4.386350       4.404810       4.404810       4.407760       4.411330       4.413770       4.410080       4.415500       4.420950       4.426430       4.431950       4.437500       4.443070       4.448670       4.454290       4.459940    
   4.294460       4.294470       4.306680       4.318870       4.318900       4.318940       4.324750       4.336320       4.336400       4.336480       4.336780       4.337400       4.382810       4.436900       4.436670       4.425150       4.427920       4.426990       4.420920       4.417480       4.417470       4.422870       4.428300       4.433760       4.439250       4.444770       4.450320       4.455890       4.461490       4.467110    
   4.294460       4.306680       4.318890       4.318900       4.318920       4.324730       4.336320       4.336360       4.336400       4.336550       4.383730       4.454000       4.442800       4.437140       4.437140       4.436670       4.431220       4.428850       4.426990       4.425420       4.424890       4.430260       4.435670       4.441110       4.446580       4.452070       4.457590       4.463140       4.468700       4.474290    
   4.306680       4.318890       4.318900       4.318910       4.324720       4.336320       4.336340       4.336360       4.336440       4.392940       4.454000       4.454000       4.454000       4.443140       4.437610       4.437610       4.436670       4.432350       4.430720       4.426990       4.432320       4.437670       4.443060       4.448480       4.453920       4.459390       4.464880       4.470400       4.475940       4.481500    
   4.318900       4.318900       4.318900       4.324710       4.336320       4.336330       4.336340       4.373910       4.411860       4.454020       4.454000       4.454000       4.454000       4.454000       4.443830       4.438550       4.438550       4.436670       4.435010       4.434450       4.439760       4.445100       4.450470       4.455860       4.461280       4.466720       4.472190       4.477680       4.483190       4.488720    
   4.318900       4.318900       4.324710       4.336320       4.336320       4.397360       4.488890       4.487690       4.486490       4.464890       4.454060       4.454000       4.454000       4.454000       4.454000       4.445170       4.440420       4.440420       4.436670       4.441930       4.447220       4.452540       4.457890       4.463260       4.468660       4.474070       4.479520       4.484980       4.490460       4.495960    
   4.318900       4.324710       4.336320       4.336320       4.409570       4.488900       4.488900       4.488890       4.487690       4.486490       4.464990       4.454190       4.454000       4.454000       4.454000       4.454000       4.447710       4.444170       4.444170       4.449420       4.454690       4.459990       4.465320       4.470670       4.476040       4.481440       4.486850       4.492280       4.497740       4.503210    
