iMOD/TUTORIALS/TUT_MetaswapAnalyser/model_MetaSWAP/meteo/Evaporation/Evaporation_20050506_L1.ASC
NCOLS                30
NROWS                30
XLLCORNER     160000.00
YLLCORNER     340000.00
CELLSIZE        1000.00
NODATA_VALUE   -9999.00
   2.089430       2.086550       2.083750       2.081020       2.078340       2.075710       2.073120       2.070540       2.067960       2.065390       2.062800       2.060190       2.057540       2.054850       2.052100       2.049300       2.046430       2.043490       2.040470       2.037370       2.034180       2.030900       2.027530       2.024050       2.020480       2.016810       2.013030       2.009150       2.005170       2.001080    
   2.084200       2.081230       2.078330       2.075510       2.072740       2.070010       2.067320       2.064650       2.061990       2.059330       2.056660       2.053970       2.051250       2.048490       2.045690       2.042830       2.039910       2.036920       2.033860       2.030720       2.027500       2.024190       2.020790       2.017300       2.013710       2.010030       2.006250       2.002370       1.998390       1.994300    
   2.079030       2.075960       2.072980       2.070060       2.067190       2.064380       2.061590       2.058840       2.056090       2.053350       2.050600       2.047830       2.045040       2.042210       2.039340       2.036430       2.033450       2.030410       2.027310       2.024130       2.020870       2.017530       2.014110       2.010600       2.007000       2.003300       1.999510       1.995630       1.991650       1.987570    
   2.073920       2.070760       2.067680       2.064670       2.061710       2.058810       2.055930       2.053090       2.050260       2.047430       2.044600       2.041760       2.038900       2.036000       2.033070       2.030090       2.027060       2.023970       2.020820       2.017600       2.014310       2.010940       2.007490       2.003950       2.000330       1.996630       1.992830       1.988940       1.984960       1.980880    
   2.068860       2.065620       2.062450       2.059340       2.056300       2.053300       2.050340       2.047410       2.044490       2.041580       2.038680       2.035760       2.032820       2.029860       2.026860       2.023820       2.020740       2.017600       2.014400       2.011140       2.007810       2.004400       2.000920       1.997370       1.993730       1.990000       1.986190       1.982290       1.978310       1.974230    
   2.063860       2.060530       2.057270       2.054080       2.050940       2.047860       2.044810       2.041790       2.038790       2.035800       2.032810       2.029820       2.026810       2.023780       2.020720       2.017620       2.014480       2.011290       2.008040       2.004730       2.001370       1.997930       1.994420       1.990830       1.987170       1.983430       1.979610       1.975700       1.971710       1.967630    
   2.058910       2.055490       2.052140       2.048870       2.045640       2.042470       2.039340       2.036230       2.033150       2.030080       2.027020       2.023950       2.020870       2.017770       2.014640       2.011480       2.008280       2.005040       2.001740       1.998390       1.994980       1.991510       1.987970       1.984360       1.980670       1.976910       1.973070       1.969150       1.965150       1.961070    
   2.054010       2.050510       2.047080       2.043710       2.040400       2.037140       2.033930       2.030740       2.027570       2.024420       2.021280       2.018140       2.014990       2.011820       2.008630       2.005410       2.002150       1.998850       1.995510       1.992110       1.988660       1.985150       1.981580       1.977940       1.974230       1.970450       1.966590       1.962660       1.958650       1.954560    
   2.049160       2.045570       2.042060       2.038610       2.035220       2.031870       2.028570       2.025300       2.022060       2.018830       2.015610       2.012390       2.009170       2.005930       2.002680       1.999390       1.996080       1.992730       1.989340       1.985890       1.982400       1.978850       1.975250       1.971580       1.967840       1.964030       1.960160       1.956210       1.952190       1.948090    
   2.044360       2.040690       2.037100       2.033560       2.030090       2.026660       2.023270       2.019920       2.016600       2.013290       2.010000       2.006710       2.003410       2.000110       1.996790       1.993440       1.990070       1.986670       1.983220       1.979730       1.976200       1.972610       1.968970       1.965270       1.961500       1.957680       1.953780       1.949820       1.945780       1.941670    
   2.044390       2.040720       2.034980       2.028560       2.025010       2.021500       2.018030       2.014600       2.011200       2.007810       2.004440       2.001080       1.997710       1.994340       1.990960       1.987550       1.984120       1.980660       1.977170       1.973630       1.970050       1.966430       1.962750       1.959010       1.955220       1.951370       1.947450       1.943470       1.939420       1.935300    
   2.044410       2.037160       2.028560       2.022140       2.019980       2.016390       2.012840       2.009330       2.005850       2.002390       1.998950       1.995510       1.992070       1.988640       1.985190       1.981720       1.978230       1.974720       1.971170       1.967590       1.963970       1.960300       1.956580       1.952820       1.949000       1.945120       1.941180       1.937180       1.933110       1.928980    
   2.039580       2.028560       2.020800       2.017490       2.015000       2.011330       2.007710       2.004120       2.000560       1.997020       1.993510       1.990000       1.986490       1.982990       1.979470       1.975950       1.972400       1.968830       1.965240       1.961610       1.957940       1.954230       1.950480       1.946670       1.942820       1.938920       1.934950       1.930930       1.926850       1.922700    
   2.028560       2.020150       2.016240       2.015000       2.010880       2.006320       2.002620       1.998960       1.995320       1.991710       1.988120       1.984540       1.980970       1.977400       1.973820       1.970230       1.966630       1.963010       1.959360       1.955680       1.951960       1.948210       1.944420       1.940590       1.936700       1.932770       1.928780       1.924740       1.920640       1.916480    
   2.019830       2.015620       2.015000       2.010730       2.006320       2.002180       1.997590       1.993850       1.990140       1.986450       1.982790       1.979140       1.975500       1.971860       1.968220       1.964570       1.960910       1.957230       1.953530       1.949810       1.946050       1.942250       1.938420       1.934550       1.930640       1.926670       1.922660       1.918590       1.914470       1.910300    
   2.015310       2.015000       2.010680       2.006320       2.002030       1.997590       1.995720       1.993860       1.987920       1.981250       1.977510       1.973790       1.970090       1.966380       1.962680       1.958970       1.955250       1.951520       1.947770       1.943990       1.940190       1.936350       1.932480       1.928570       1.924620       1.920630       1.916590       1.912500       1.908360       1.904170    
   2.015000       2.010670       2.006320       2.001980       1.997590       1.996650       1.995720       1.989690       1.981250       1.979380       1.972860       1.968500       1.964720       1.960960       1.957190       1.953420       1.949650       1.945860       1.942050       1.938230       1.934380       1.930500       1.926590       1.922650       1.918660       1.914640       1.910570       1.906460       1.902300       1.898090    
   2.010660       2.006320       2.001960       1.997590       1.997120       1.996660       1.990830       1.981250       1.980310       1.972530       1.965880       1.963260       1.959420       1.955580       1.951760       1.947930       1.944090       1.940250       1.936390       1.932520       1.928620       1.924700       1.920750       1.916770       1.912760       1.908700       1.904610       1.900470       1.896290       1.892060    
   2.006320       2.001960       1.997590       1.997360       1.997120       1.991460       1.981250       1.980780       1.972380       1.964570       1.963260       1.961340       1.957130       1.950260       1.946370       1.942490       1.938600       1.934700       1.930790       1.926870       1.922920       1.918960       1.914970       1.910950       1.906900       1.902820       1.898690       1.894530       1.890320       1.886070    
   2.001960       1.997590       1.997470       1.997360       1.991800       1.981250       1.981020       1.972320       1.963920       1.963260       1.962300       1.958000       1.950260       1.948320       1.946370       1.942490       1.938600       1.934700       1.925870       1.921270       1.917280       1.913270       1.909240       1.905180       1.901100       1.896980       1.892830       1.888640       1.884410       1.880140    
   1.997590       1.997530       1.997470       1.991970       1.981250       1.981130       1.972290       1.963590       1.963260       1.962780       1.958450       1.950260       1.949290       1.948320       1.945720       1.942490       1.938590       1.926680       1.918490       1.915720       1.911680       1.907630       1.903560       1.899470       1.895350       1.891200       1.887010       1.882800       1.878550       1.874250    
   1.997560       1.997530       1.992060       1.981250       1.981190       1.972270       1.963420       1.963260       1.963020       1.958690       1.950260       1.949770       1.949290       1.947780       1.945510       1.942270       1.928120       1.917110       1.915720       1.911180       1.906140       1.902050       1.897930       1.893800       1.889650       1.885460       1.881250       1.877010       1.872730       1.868420    
   1.997560       1.992100       1.981250       1.981220       1.972260       1.963340       1.963260       1.963140       1.958810       1.950260       1.950020       1.949770       1.948950       1.947520       1.945180       1.926380       1.916410       1.915720       1.905020       1.900680       1.898190       1.896510       1.892360       1.888190       1.884000       1.879780       1.875540       1.871270       1.866970       1.862630    
   1.992120       1.981250       1.981240       1.972260       1.963300       1.963260       1.963200       1.958870       1.950260       1.950140       1.950020       1.949580       1.948750       1.929810       1.913590       1.899630       1.899620       1.897220       1.894340       1.892510       1.895210       1.891030       1.886840       1.882630       1.878400       1.874150       1.869880       1.865580       1.861250       1.856890    
   1.981250       1.981240       1.972260       1.963280       1.963260       1.963230       1.958900       1.950260       1.950200       1.950140       1.949910       1.949450       1.916560       1.877420       1.877580       1.885220       1.882860       1.883510       1.887530       1.889840       1.889820       1.885600       1.881360       1.877110       1.872850       1.868570       1.864270       1.859940       1.855590       1.851200    
   1.981250       1.972260       1.963270       1.963260       1.963250       1.958910       1.950260       1.950230       1.950200       1.950080       1.916760       1.867150       1.873870       1.877260       1.877260       1.877580       1.880830       1.882210       1.883510       1.884250       1.884480       1.880210       1.875940       1.871650       1.867350       1.863040       1.858700       1.854350       1.849970       1.845560    
   1.972260       1.963270       1.963260       1.963250       1.958920       1.950260       1.950240       1.950230       1.950170       1.910270       1.867150       1.867150       1.867150       1.873630       1.876950       1.876950       1.877580       1.880040       1.880910       1.883510       1.879200       1.874880       1.870570       1.866240       1.861910       1.857560       1.853190       1.848810       1.844400       1.839970    
   1.963260       1.963260       1.963260       1.958920       1.950260       1.950250       1.950240       1.924710       1.897800       1.867140       1.867150       1.867150       1.867150       1.867150       1.873170       1.876320       1.876320       1.877580       1.878140       1.878310       1.873960       1.869600       1.865240       1.860880       1.856510       1.852130       1.847730       1.843320       1.838890       1.834430    
   1.963260       1.963260       1.958920       1.950260       1.950260       1.909570       1.848560       1.848380       1.848210       1.860800       1.867110       1.867150       1.867150       1.867150       1.867150       1.872270       1.875060       1.875060       1.877580       1.873170       1.868770       1.864370       1.859970       1.855570       1.851160       1.846740       1.842320       1.837880       1.833420       1.828940    
   1.963260       1.958930       1.950260       1.950260       1.901440       1.848550       1.848550       1.848560       1.848380       1.848210       1.860730       1.867030       1.867150       1.867150       1.867150       1.867150       1.870550       1.872550       1.872530       1.868080       1.863630       1.859190       1.854750       1.850310       1.845860       1.841410       1.836960       1.832490       1.828000       1.823500    
