iMOD/TUTORIALS/TUT_MetaswapAnalyser/model_MetaSWAP/meteo/Evaporation/Evaporation_20050304_L1.ASC
NCOLS                30
NROWS                30
XLLCORNER     160000.00
YLLCORNER     340000.00
CELLSIZE        1000.00
NODATA_VALUE   -9999.00
  0.7480500      0.7511000      0.7541700      0.7572500      0.7603500      0.7634700      0.7665900      0.7697300      0.7728800      0.7760300      0.7791900      0.7823600      0.7855300      0.7887100      0.7918900      0.7950700      0.7982500      0.8014300      0.8046100      0.8077900      0.8109600      0.8141400      0.8173100      0.8204800      0.8236400      0.8268000      0.8299500      0.8331000      0.8362400      0.8393800    
  0.7500500      0.7530900      0.7561600      0.7592400      0.7623300      0.7654400      0.7685600      0.7716900      0.7748300      0.7779800      0.7811400      0.7843000      0.7874700      0.7906400      0.7938100      0.7969900      0.8001700      0.8033400      0.8065200      0.8096900      0.8128600      0.8160300      0.8192000      0.8223600      0.8255200      0.8286800      0.8318300      0.8349700      0.8381100      0.8412500    
  0.7520500      0.7550900      0.7581500      0.7612300      0.7643200      0.7674200      0.7705400      0.7736700      0.7768000      0.7799500      0.7831000      0.7862500      0.7894200      0.7925800      0.7957500      0.7989200      0.8020900      0.8052700      0.8084400      0.8116100      0.8147800      0.8179400      0.8211000      0.8242600      0.8274200      0.8305700      0.8337200      0.8368600      0.8400000      0.8431300    
  0.7540700      0.7571100      0.7601600      0.7632300      0.7663200      0.7694200      0.7725300      0.7756500      0.7787800      0.7819200      0.7850700      0.7882200      0.7913800      0.7945400      0.7977000      0.8008700      0.8040300      0.8072000      0.8103700      0.8135300      0.8167000      0.8198600      0.8230200      0.8261700      0.8293300      0.8324700      0.8356200      0.8387600      0.8418900      0.8450200    
  0.7560900      0.7591300      0.7621800      0.7652500      0.7683300      0.7714200      0.7745300      0.7776500      0.7807700      0.7839100      0.7870500      0.7901900      0.7933500      0.7965000      0.7996600      0.8028200      0.8059800      0.8091500      0.8123100      0.8154700      0.8186300      0.8217900      0.8249400      0.8280900      0.8312400      0.8343900      0.8375300      0.8406600      0.8437900      0.8469200    
  0.7581200      0.7611600      0.7642100      0.7672700      0.7703500      0.7734400      0.7765400      0.7796500      0.7827700      0.7859000      0.7890400      0.7921800      0.7953300      0.7984800      0.8016300      0.8047900      0.8079500      0.8111000      0.8142600      0.8174200      0.8205700      0.8237300      0.8268800      0.8300200      0.8331700      0.8363100      0.8394400      0.8425700      0.8457000      0.8488200    
  0.7601600      0.7632000      0.7662400      0.7693000      0.7723800      0.7754600      0.7785600      0.7816700      0.7847800      0.7879100      0.7910400      0.7941800      0.7973200      0.8004600      0.8036100      0.8067600      0.8099200      0.8130700      0.8162200      0.8193700      0.8225300      0.8256700      0.8288200      0.8319600      0.8351000      0.8382400      0.8413700      0.8445000      0.8476200      0.8507400    
  0.7622100      0.7652400      0.7682900      0.7713400      0.7744100      0.7775000      0.7805900      0.7836900      0.7868000      0.7899200      0.7930500      0.7961800      0.7993200      0.8024600      0.8056000      0.8087500      0.8119000      0.8150400      0.8181900      0.8213400      0.8244900      0.8276300      0.8307700      0.8339100      0.8370500      0.8401800      0.8433000      0.8464300      0.8495500      0.8526600    
  0.7642700      0.7673000      0.7703400      0.7733900      0.7764600      0.7795400      0.7826300      0.7857200      0.7888300      0.7919500      0.7950700      0.7981900      0.8013300      0.8044600      0.8076000      0.8107400      0.8138900      0.8170300      0.8201700      0.8233200      0.8264600      0.8296000      0.8327300      0.8358700      0.8390000      0.8421300      0.8452500      0.8483700      0.8514800      0.8545900    
  0.7663300      0.7693600      0.7724000      0.7754500      0.7785100      0.7815900      0.7846700      0.7877600      0.7908700      0.7939800      0.7970900      0.8002200      0.8033400      0.8064800      0.8096100      0.8127500      0.8158800      0.8190200      0.8221600      0.8253000      0.8284400      0.8315700      0.8347000      0.8378300      0.8409600      0.8440800      0.8472000      0.8503100      0.8534200      0.8565300    
  0.7663400      0.7693630      0.7736800      0.7775100      0.7805700      0.7836400      0.7867200      0.7898100      0.7929100      0.7960200      0.7991300      0.8022500      0.8053700      0.8085000      0.8116300      0.8147600      0.8178900      0.8210300      0.8241600      0.8272900      0.8304200      0.8335500      0.8366800      0.8398100      0.8429300      0.8460400      0.8491600      0.8522700      0.8553700      0.8584700    
  0.7663440      0.7717230      0.7775100      0.7813570      0.7826400      0.7857000      0.7887800      0.7918700      0.7949600      0.7980600      0.8011700      0.8042900      0.8074000      0.8105300      0.8136500      0.8167800      0.8199100      0.8230300      0.8261600      0.8292900      0.8324200      0.8355400      0.8386700      0.8417900      0.8449000      0.8480200      0.8511200      0.8542300      0.8573300      0.8604200    
  0.7697280      0.7775100      0.7818130      0.7836750      0.7847100      0.7877700      0.7908500      0.7939300      0.7970200      0.8001200      0.8032200      0.8063300      0.8094400      0.8125600      0.8156800      0.8188000      0.8219300      0.8250500      0.8281800      0.8313000      0.8344200      0.8375400      0.8406600      0.8437700      0.8468900      0.8499900      0.8531000      0.8562000      0.8592900      0.8623800    
  0.7775100      0.7820560      0.7841920      0.7847100      0.7874430      0.7898500      0.7929200      0.7960000      0.7990800      0.8021800      0.8052800      0.8083800      0.8114900      0.8146000      0.8177200      0.8208400      0.8239600      0.8270800      0.8302000      0.8333100      0.8364300      0.8395500      0.8426600      0.8457700      0.8488700      0.8519800      0.8550800      0.8581700      0.8612600      0.8643400    
  0.7821820      0.7844510      0.7847100      0.7873340      0.7898500      0.7925870      0.7949900      0.7980700      0.8011500      0.8042400      0.8073400      0.8104400      0.8135500      0.8166500      0.8197600      0.8228800      0.8259900      0.8291100      0.8322200      0.8353300      0.8384500      0.8415600      0.8446600      0.8477700      0.8508700      0.8539700      0.8570600      0.8601500      0.8632400      0.8663100    
  0.7845810      0.7847100      0.7872980      0.7898500      0.7924760      0.7949900      0.7965300      0.7980700      0.8024420      0.8063100      0.8094100      0.8125000      0.8156000      0.8187100      0.8218200      0.8249200      0.8280300      0.8311400      0.8342500      0.8373600      0.8404700      0.8435700      0.8466800      0.8497800      0.8528700      0.8559700      0.8590500      0.8621400      0.8652200      0.8682900    
  0.7847100      0.7872860      0.7898500      0.7924390      0.7949900      0.7957600      0.7965300      0.8008380      0.8063100      0.8078600      0.8118860      0.8145700      0.8176700      0.8207700      0.8238700      0.8269800      0.8300800      0.8331900      0.8362900      0.8394000      0.8425000      0.8456000      0.8487000      0.8517900      0.8548800      0.8579700      0.8610500      0.8641300      0.8672000      0.8702700    
  0.7872820      0.7898500      0.7924260      0.7949900      0.7953750      0.7957600      0.7998600      0.8063100      0.8070850      0.8116600      0.8156050      0.8166400      0.8197400      0.8228300      0.8259300      0.8290300      0.8321300      0.8352300      0.8383300      0.8414300      0.8445300      0.8476300      0.8507200      0.8538100      0.8568900      0.8599800      0.8630500      0.8661300      0.8691900      0.8722600    
  0.7898500      0.7924220      0.7949900      0.7951820      0.7953750      0.7993260      0.8063100      0.8066970      0.8115640      0.8161230      0.8166400      0.8181900      0.8210280      0.8249000      0.8280000      0.8310900      0.8341900      0.8372900      0.8403800      0.8434800      0.8465700      0.8496600      0.8527500      0.8558300      0.8589100      0.8619900      0.8650600      0.8681300      0.8711900      0.8742500    
  0.7924210      0.7949900      0.7950860      0.7951820      0.7990480      0.8063100      0.8065040      0.8115180      0.8163810      0.8166400      0.8174150      0.8201890      0.8249000      0.8264500      0.8279970      0.8310930      0.8341900      0.8372870      0.8428520      0.8455300      0.8486100      0.8517000      0.8547800      0.8578600      0.8609300      0.8640100      0.8670700      0.8701300      0.8731900      0.8762400    
  0.7949900      0.7950380      0.7950860      0.7989070      0.8063100      0.8064070      0.8114970      0.8165110      0.8166400      0.8170280      0.8197860      0.8249000      0.8256750      0.8264490      0.8285130      0.8310930      0.8341900      0.8416930      0.8465550      0.8475800      0.8506600      0.8537400      0.8568200      0.8598900      0.8629600      0.8660300      0.8690900      0.8721400      0.8752000      0.8782400    
  0.7950140      0.7950380      0.7988350      0.8063100      0.8063580      0.8114860      0.8165750      0.8166400      0.8168340      0.8195880      0.8249000      0.8252870      0.8256750      0.8268790      0.8286850      0.8312660      0.8403250      0.8470670      0.8475800      0.8503170      0.8527100      0.8557900      0.8588600      0.8619300      0.8649900      0.8680500      0.8711100      0.8741600      0.8772000      0.8802400    
  0.7950140      0.7987990      0.8063100      0.8063340      0.8114800      0.8166080      0.8166400      0.8167370      0.8194910      0.8249000      0.8250940      0.8252870      0.8259470      0.8270800      0.8289430      0.8402740      0.8473240      0.8475800      0.8526320      0.8547700      0.8566120      0.8578400      0.8609100      0.8639700      0.8670300      0.8700800      0.8731300      0.8761800      0.8792200      0.8822500    
  0.7987810      0.8063100      0.8063220      0.8114780      0.8166240      0.8166400      0.8166880      0.8194420      0.8249000      0.8249970      0.8250940      0.8254430      0.8261050      0.8357550      0.8450050      0.8537710      0.8537700      0.8553400      0.8571730      0.8578600      0.8568300      0.8598900      0.8629500      0.8660100      0.8690600      0.8721100      0.8751600      0.8782000      0.8812300      0.8842600    
  0.8063100      0.8063160      0.8114760      0.8166320      0.8166400      0.8166640      0.8194180      0.8249000      0.8249480      0.8249970      0.8251780      0.8255470      0.8419190      0.8611150      0.8610500      0.8589120      0.8602190      0.8599600      0.8593530      0.8588900      0.8588900      0.8619500      0.8650000      0.8680600      0.8711100      0.8741500      0.8771900      0.8802200      0.8832500      0.8862700    
  0.8063130      0.8114760      0.8166360      0.8166400      0.8166520      0.8194050      0.8249000      0.8249240      0.8249480      0.8250410      0.8408400      0.8642400      0.8622110      0.8611800      0.8611800      0.8610500      0.8606090      0.8604780      0.8599600      0.8607030      0.8609500      0.8640100      0.8670600      0.8701000      0.8731500      0.8761900      0.8792200      0.8822500      0.8852700      0.8882800    
  0.8114750      0.8166380      0.8166400      0.8166460      0.8193990      0.8249000      0.8249120      0.8249240      0.8249710      0.8438620      0.8642400      0.8642400      0.8642400      0.8623070      0.8613100      0.8613100      0.8610500      0.8609470      0.8609950      0.8599600      0.8630100      0.8660700      0.8691100      0.8721600      0.8751900      0.8782200      0.8812500      0.8842700      0.8872900      0.8903000    
  0.8166390      0.8166400      0.8166430      0.8193960      0.8249000      0.8249060      0.8249120      0.8365940      0.8493790      0.8642460      0.8642400      0.8642400      0.8642400      0.8642400      0.8624990      0.8615700      0.8615700      0.8610500      0.8617850      0.8620300      0.8650800      0.8681300      0.8711700      0.8742100      0.8772400      0.8802600      0.8832900      0.8863000      0.8893100      0.8923100    
  0.8166400      0.8166420      0.8193950      0.8249000      0.8249030      0.8431840      0.8706000      0.8710850      0.8715700      0.8666990      0.8642570      0.8642400      0.8642400      0.8642400      0.8642400      0.8628760      0.8620890      0.8620900      0.8610500      0.8641000      0.8671500      0.8701900      0.8732300      0.8762600      0.8792900      0.8823100      0.8853200      0.8883300      0.8913300      0.8943300    
  0.8166410      0.8193940      0.8249000      0.8249010      0.8468410      0.8706040      0.8706040      0.8706000      0.8710850      0.8715700      0.8667280      0.8642910      0.8642400      0.8642400      0.8642400      0.8642400      0.8636050      0.8631270      0.8631300      0.8661700      0.8692200      0.8722500      0.8752900      0.8783100      0.8813300      0.8843500      0.8873600      0.8903600      0.8933600      0.8963500    
