iMOD/TUTORIALS/TUT_MetaswapAnalyser/model_MetaSWAP/meteo/Evaporation/Evaporation_20060914_L1.ASC
NCOLS                30
NROWS                30
XLLCORNER     160000.00
YLLCORNER     340000.00
CELLSIZE        1000.00
NODATA_VALUE   -9999.00
   2.108500       2.114840       2.121220       2.127640       2.134090       2.140580       2.147090       2.153630       2.160180       2.166750       2.173340       2.179930       2.186530       2.193120       2.199720       2.206320       2.212910       2.219490       2.226060       2.232620       2.239160       2.245690       2.252210       2.258700       2.265180       2.271640       2.278070       2.284490       2.290880       2.297250    
   2.105760       2.112100       2.118490       2.124910       2.131370       2.137850       2.144370       2.150910       2.157460       2.164030       2.170620       2.177210       2.183810       2.190410       2.197010       2.203600       2.210190       2.216780       2.223350       2.229920       2.236470       2.243000       2.249520       2.256020       2.262500       2.268960       2.275400       2.281820       2.288220       2.294590    
   2.103060       2.109410       2.115810       2.122230       2.128690       2.135180       2.141700       2.148240       2.154790       2.161370       2.167950       2.174540       2.181140       2.187740       2.194340       2.200940       2.207530       2.214120       2.220700       2.227260       2.233820       2.240350       2.246880       2.253380       2.259870       2.266330       2.272780       2.279200       2.285600       2.291980    
   2.100420       2.106780       2.113180       2.119610       2.126070       2.132560       2.139080       2.145620       2.152180       2.158750       2.165340       2.171930       2.178530       2.185130       2.191730       2.198330       2.204920       2.211510       2.218090       2.224660       2.231210       2.237750       2.244280       2.250790       2.257270       2.263740       2.270190       2.276620       2.283030       2.289410    
   2.097820       2.104190       2.110590       2.117030       2.123500       2.129990       2.136510       2.143060       2.149610       2.156190       2.162770       2.169370       2.175960       2.182570       2.189170       2.195770       2.202360       2.208950       2.215530       2.222100       2.228660       2.235200       2.241730       2.248240       2.254730       2.261200       2.267650       2.274080       2.280490       2.286870    
   2.095260       2.101640       2.108050       2.114500       2.120970       2.127470       2.133990       2.140540       2.147100       2.153670       2.160260       2.166850       2.173450       2.180050       2.186650       2.193250       2.199850       2.206440       2.213020       2.219590       2.226150       2.232690       2.239220       2.245730       2.252220       2.258700       2.265150       2.271580       2.277990       2.284380    
   2.092750       2.099140       2.105560       2.112010       2.118490       2.124990       2.131520       2.138060       2.144620       2.151200       2.157790       2.164380       2.170980       2.177580       2.184190       2.190790       2.197380       2.203970       2.210550       2.217120       2.223680       2.230220       2.236750       2.243260       2.249760       2.256230       2.262690       2.269120       2.275530       2.281920    
   2.090270       2.096670       2.103100       2.109560       2.116050       2.122550       2.129080       2.135630       2.142200       2.148770       2.155360       2.161950       2.168550       2.175160       2.181760       2.188360       2.194960       2.201550       2.208130       2.214700       2.221250       2.227800       2.234330       2.240840       2.247330       2.253810       2.260260       2.266690       2.273110       2.279490    
   2.087840       2.094250       2.100690       2.107150       2.113640       2.120160       2.126690       2.133240       2.139810       2.146390       2.152970       2.159570       2.166170       2.172770       2.179380       2.185980       2.192570       2.199160       2.205740       2.212310       2.218870       2.225410       2.231940       2.238450       2.244940       2.251420       2.257870       2.264310       2.270720       2.277110    
   2.085440       2.091860       2.098310       2.104780       2.111280       2.117800       2.124340       2.130890       2.137460       2.144040       2.150630       2.157230       2.163830       2.170430       2.177030       2.183630       2.190230       2.196820       2.203400       2.209960       2.216520       2.223060       2.229590       2.236100       2.242590       2.249070       2.255520       2.261950       2.268360       2.274750    
   2.085450       2.091870       2.099350       2.102450       2.108950       2.115470       2.122020       2.128570       2.135150       2.141730       2.148320       2.154920       2.161520       2.168120       2.174730       2.181330       2.187920       2.194510       2.201090       2.207660       2.214210       2.220750       2.227280       2.233790       2.240280       2.246750       2.253200       2.259630       2.266040       2.272430    
   2.085460       2.094780       2.102450       2.105610       2.106650       2.113180       2.119730       2.126290       2.132870       2.139460       2.146050       2.152650       2.159250       2.165860       2.172460       2.179060       2.185650       2.192240       2.198820       2.205380       2.211940       2.218480       2.225000       2.231510       2.238000       2.244470       2.250920       2.257350       2.263750       2.270140    
   2.090440       2.102450       2.104490       2.105520       2.104390       2.110930       2.117480       2.124050       2.130630       2.137220       2.143810       2.150410       2.157020       2.163620       2.170220       2.176820       2.183420       2.190000       2.196580       2.203150       2.209700       2.216240       2.222760       2.229260       2.235750       2.242220       2.248670       2.255090       2.261500       2.267880    
   2.102450       2.104070       2.104950       2.104390       2.108010       2.108700       2.115260       2.121830       2.128420       2.135010       2.141610       2.148210       2.154810       2.161420       2.168020       2.174620       2.181220       2.187800       2.194380       2.200940       2.207490       2.214030       2.220550       2.227050       2.233530       2.240000       2.246440       2.252870       2.259270       2.265640    
   2.103900       2.104670       2.104390       2.107030       2.108700       2.112340       2.113070       2.119650       2.126230       2.132830       2.139430       2.146040       2.152640       2.159250       2.165850       2.172450       2.179050       2.185630       2.192200       2.198770       2.205320       2.211850       2.218370       2.224870       2.231350       2.237810       2.244250       2.250670       2.257070       2.263440    
   2.104530       2.104390       2.106710       2.108700       2.111370       2.113070       2.116360       2.119650       2.127350       2.130680       2.137280       2.143890       2.150500       2.157110       2.163710       2.170310       2.176910       2.183490       2.190060       2.196620       2.203170       2.209700       2.216220       2.222710       2.229190       2.235650       2.242090       2.248500       2.254890       2.261260    
   2.104390       2.106600       2.108700       2.111050       2.113070       2.114720       2.116360       2.123510       2.130680       2.133980       2.138660       2.141780       2.148390       2.155000       2.161600       2.168200       2.174790       2.181380       2.187950       2.194510       2.201050       2.207580       2.214090       2.220590       2.227060       2.233510       2.239950       2.246360       2.252750       2.259110    
   2.106560       2.108700       2.110940       2.113070       2.113890       2.114720       2.121320       2.130680       2.132330       2.136750       2.140730       2.139690       2.146300       2.152910       2.159520       2.166120       2.172710       2.179290       2.185860       2.192420       2.198960       2.205490       2.212000       2.218490       2.224960       2.231410       2.237840       2.244240       2.250620       2.256990    
   2.108700       2.110900       2.113070       2.113480       2.113890       2.120150       2.130680       2.131510       2.135930       2.140210       2.139690       2.142990       2.147440       2.150850       2.157460       2.164060       2.170650       2.177230       2.183800       2.190360       2.196900       2.203420       2.209930       2.216410       2.222880       2.229320       2.235750       2.242150       2.248530       2.254880    
   2.110890       2.113070       2.113280       2.113480       2.119550       2.130680       2.131090       2.135550       2.139950       2.139690       2.141340       2.145240       2.150850       2.154160       2.157460       2.164060       2.170650       2.177230       2.185200       2.188320       2.194850       2.201380       2.207880       2.214360       2.220820       2.227260       2.233680       2.240080       2.246450       2.252800    
   2.113070       2.113170       2.113280       2.119250       2.130680       2.130890       2.135370       2.139820       2.139690       2.140520       2.144280       2.150850       2.152500       2.154150       2.158560       2.164050       2.170640       2.181340       2.187310       2.186300       2.192840       2.199350       2.205850       2.212330       2.218790       2.225220       2.231640       2.238030       2.244390       2.250740    
   2.113120       2.113170       2.119090       2.130680       2.130780       2.135280       2.139760       2.139690       2.140100       2.143830       2.150850       2.151680       2.152500       2.155070       2.158920       2.164420       2.177830       2.186810       2.186300       2.189990       2.190840       2.197350       2.203850       2.210320       2.216780       2.223210       2.229610       2.236000       2.242360       2.248690    
   2.113120       2.119020       2.130680       2.130730       2.135230       2.139720       2.139690       2.139900       2.143620       2.150850       2.151260       2.151680       2.153080       2.155500       2.159470       2.173630       2.186550       2.186300       2.187770       2.188870       2.192770       2.195370       2.201860       2.208330       2.214780       2.221210       2.227610       2.233990       2.240340       2.246670    
   2.118980       2.130680       2.130710       2.135210       2.139710       2.139690       2.139790       2.143510       2.150850       2.151060       2.151260       2.152010       2.153420       2.158080       2.167630       2.180450       2.180450       2.183370       2.186590       2.185930       2.186900       2.193410       2.199900       2.206360       2.212810       2.219230       2.225620       2.231990       2.238340       2.244660    
   2.130680       2.130690       2.135200       2.139700       2.139690       2.139740       2.143460       2.150850       2.150950       2.151060       2.151440       2.152230       2.158370       2.164200       2.164260       2.172500       2.174350       2.174590       2.181600       2.184960       2.184960       2.191460       2.197950       2.204410       2.210850       2.217260       2.223650       2.230010       2.236350       2.242660    
   2.130690       2.135190       2.139690       2.139690       2.139720       2.143440       2.150850       2.150900       2.150950       2.151150       2.151780       2.152080       2.160110       2.164140       2.164140       2.164260       2.170930       2.174120       2.174590       2.180920       2.183030       2.189530       2.196010       2.202470       2.208900       2.215310       2.221690       2.228050       2.234380       2.240680    
   2.135190       2.139690       2.139690       2.139700       2.143420       2.150850       2.150880       2.150900       2.151000       2.151610       2.152080       2.152080       2.152080       2.160030       2.164030       2.164020       2.164260       2.170770       2.173640       2.174590       2.181120       2.187620       2.194090       2.200550       2.206970       2.213370       2.219750       2.226100       2.232420       2.238720    
   2.139690       2.139690       2.139700       2.143420       2.150850       2.150860       2.150880       2.147230       2.148080       2.152080       2.152080       2.152080       2.152080       2.152080       2.159860       2.163790       2.163790       2.164260       2.170580       2.172690       2.179210       2.185710       2.192190       2.198630       2.205060       2.211450       2.217820       2.224160       2.230470       2.236760    
   2.139690       2.139690       2.143410       2.150850       2.150860       2.141570       2.127640       2.131900       2.136160       2.146760       2.152060       2.152080       2.152080       2.152080       2.152080       2.159560       2.163320       2.163320       2.164260       2.170800       2.177320       2.183820       2.190290       2.196730       2.203150       2.209540       2.215900       2.222230       2.228530       2.234810    
   2.139690       2.143410       2.150850       2.150850       2.139710       2.127640       2.127640       2.127640       2.131900       2.136160       2.146730       2.152030       2.152080       2.152080       2.152080       2.152080       2.159050       2.162380       2.162380       2.168920       2.175440       2.181940       2.188400       2.194840       2.201250       2.207630       2.213980       2.220310       2.226600       2.232870    
