iMOD/TUTORIALS/TUT_MetaswapAnalyser/model_MetaSWAP/meteo/Evaporation/Evaporation_20060301_L1.ASC
NCOLS                30
NROWS                30
XLLCORNER     160000.00
YLLCORNER     340000.00
CELLSIZE        1000.00
NODATA_VALUE   -9999.00
  0.7113000      0.7086700      0.7060200      0.7033700      0.7007100      0.6980500      0.6953700      0.6927000      0.6900200      0.6873500      0.6846700      0.6820000      0.6793300      0.6766700      0.6740100      0.6713600      0.6687200      0.6660900      0.6634700      0.6608600      0.6582600      0.6556800      0.6531000      0.6505500      0.6480000      0.6454700      0.6429600      0.6404600      0.6379800      0.6355100    
  0.7121500      0.7095100      0.7068700      0.7042100      0.7015500      0.6988800      0.6962100      0.6935300      0.6908500      0.6881700      0.6854900      0.6828200      0.6801500      0.6774800      0.6748200      0.6721700      0.6695300      0.6668900      0.6642700      0.6616500      0.6590500      0.6564600      0.6538800      0.6513200      0.6487700      0.6462400      0.6437200      0.6412200      0.6387300      0.6362600    
  0.7129800      0.7103400      0.7076900      0.7050400      0.7023700      0.6997000      0.6970200      0.6943400      0.6916600      0.6889800      0.6863000      0.6836300      0.6809500      0.6782800      0.6756200      0.6729700      0.6703200      0.6676800      0.6650500      0.6624400      0.6598300      0.6572400      0.6546600      0.6520900      0.6495400      0.6470000      0.6444700      0.6419600      0.6394700      0.6369900    
  0.7138000      0.7111600      0.7085100      0.7058500      0.7031800      0.7005000      0.6978300      0.6951400      0.6924600      0.6897800      0.6871000      0.6844200      0.6817400      0.6790700      0.6764100      0.6737500      0.6711000      0.6684600      0.6658300      0.6632100      0.6606000      0.6580000      0.6554200      0.6528400      0.6502900      0.6477400      0.6452200      0.6427000      0.6402100      0.6377200    
  0.7146100      0.7119700      0.7093100      0.7066400      0.7039700      0.7013000      0.6986200      0.6959300      0.6932500      0.6905600      0.6878800      0.6852000      0.6825200      0.6798500      0.6771800      0.6745200      0.6718700      0.6692200      0.6665900      0.6639700      0.6613500      0.6587500      0.6561600      0.6535900      0.6510300      0.6484800      0.6459500      0.6434300      0.6409300      0.6384400    
  0.7154100      0.7127600      0.7101000      0.7074300      0.7047600      0.7020800      0.6993900      0.6967100      0.6940200      0.6913300      0.6886500      0.6859700      0.6832900      0.6806100      0.6779400      0.6752800      0.6726200      0.6699800      0.6673400      0.6647100      0.6621000      0.6595000      0.6569000      0.6543300      0.6517600      0.6492100      0.6466700      0.6441500      0.6416500      0.6391600    
  0.7161900      0.7135400      0.7108800      0.7082000      0.7055300      0.7028500      0.7001600      0.6974700      0.6947800      0.6920900      0.6894100      0.6867200      0.6840400      0.6813600      0.6786900      0.6760300      0.6733700      0.6707200      0.6680800      0.6654500      0.6628300      0.6602300      0.6576300      0.6550500      0.6524800      0.6499300      0.6473900      0.6448700      0.6423600      0.6398600    
  0.7169700      0.7143100      0.7116400      0.7089700      0.7062900      0.7036000      0.7009100      0.6982200      0.6955300      0.6928400      0.6901500      0.6874700      0.6847800      0.6821000      0.6794300      0.6767600      0.6741000      0.6714500      0.6688100      0.6661800      0.6635600      0.6609500      0.6583500      0.6557700      0.6532000      0.6506400      0.6481000      0.6455700      0.6430600      0.6405600    
  0.7177300      0.7150700      0.7124000      0.7097200      0.7070400      0.7043500      0.7016600      0.6989700      0.6962700      0.6935800      0.6908900      0.6882000      0.6855100      0.6828300      0.6801600      0.6774900      0.6748300      0.6721700      0.6695300      0.6669000      0.6642700      0.6616600      0.6590600      0.6564800      0.6539000      0.6513400      0.6488000      0.6462700      0.6437500      0.6412500    
  0.7184800      0.7158200      0.7131400      0.7104600      0.7077700      0.7050800      0.7023900      0.6997000      0.6970000      0.6943100      0.6916100      0.6889200      0.6862300      0.6835500      0.6808700      0.6782000      0.6755400      0.6728800      0.6702400      0.6676000      0.6649800      0.6623600      0.6597600      0.6571700      0.6546000      0.6520400      0.6494900      0.6469500      0.6444300      0.6419300    
  0.7184830      0.7158130      0.7126530      0.7111900      0.7085000      0.7058100      0.7031100      0.7004200      0.6977200      0.6950200      0.6923300      0.6896300      0.6869400      0.6842600      0.6815800      0.6789100      0.6762400      0.6735900      0.6709400      0.6683000      0.6656700      0.6630600      0.6604500      0.6578600      0.6552900      0.6527200      0.6501700      0.6476300      0.6451100      0.6426100    
  0.7184800      0.7145350      0.7111900      0.7097100      0.7092200      0.7065300      0.7038300      0.7011300      0.6984300      0.6957300      0.6930300      0.6903400      0.6876400      0.6849600      0.6822800      0.6796000      0.6769400      0.6742800      0.6716300      0.6689900      0.6663600      0.6637400      0.6611400      0.6585400      0.6559600      0.6534000      0.6508400      0.6483100      0.6457800      0.6432700    
  0.7163360      0.7111900      0.7101010      0.7095750      0.7099300      0.7072300      0.7045300      0.7018300      0.6991300      0.6964300      0.6937300      0.6910300      0.6883400      0.6856500      0.6829700      0.6802900      0.6776200      0.6749600      0.6723100      0.6696700      0.6670400      0.6644200      0.6618100      0.6592200      0.6566300      0.6540700      0.6515100      0.6489700      0.6464500      0.6439300    
  0.7111900      0.7102430      0.7097530      0.7099300      0.7083630      0.7079300      0.7052300      0.7025200      0.6998200      0.6971100      0.6944100      0.6917100      0.6890200      0.6863300      0.6836400      0.6809700      0.6783000      0.6756400      0.6729800      0.6703400      0.6677100      0.6650900      0.6624800      0.6598800      0.6573000      0.6547300      0.6521700      0.6496300      0.6471000      0.6445900    
  0.7103010      0.7098410      0.7099300      0.7087410      0.7079300      0.7063570      0.7059100      0.7032100      0.7005000      0.6977900      0.6950900      0.6923900      0.6896900      0.6870000      0.6843200      0.6816400      0.6789600      0.6763000      0.6736500      0.6710000      0.6683700      0.6657500      0.6631400      0.6605400      0.6579500      0.6553800      0.6528200      0.6502800      0.6477500      0.6452400    
  0.7098860      0.7099300      0.7088670      0.7079300      0.7067320      0.7059100      0.7045600      0.7032070      0.6999930      0.6984700      0.6957600      0.6930600      0.6903600      0.6876700      0.6849800      0.6823000      0.6796200      0.6769600      0.6743000      0.6716600      0.6690200      0.6664000      0.6637900      0.6611900      0.6586000      0.6560300      0.6534700      0.6509200      0.6483900      0.6458800    
  0.7099300      0.7089090      0.7079300      0.7068570      0.7059100      0.7052350      0.7045590      0.7015570      0.6984700      0.6971150      0.6950760      0.6937200      0.6910200      0.6883200      0.6856300      0.6829500      0.6802800      0.6776100      0.6749500      0.6723100      0.6696700      0.6670500      0.6644300      0.6618300      0.6592400      0.6566700      0.6541100      0.6515600      0.6490300      0.6465100    
  0.7089230      0.7079300      0.7068990      0.7059100      0.7055720      0.7052350      0.7024550      0.6984700      0.6977930      0.6958150      0.6940450      0.6943700      0.6916700      0.6889700      0.6862800      0.6836000      0.6809200      0.6782500      0.6755900      0.6729500      0.6703100      0.6676800      0.6650700      0.6624700      0.6598800      0.6573000      0.6547400      0.6521900      0.6496600      0.6471400    
  0.7079300      0.7069130      0.7059100      0.7057410      0.7055720      0.7029330      0.6984700      0.6981310      0.6961310      0.6942070      0.6943700      0.6930200      0.6911550      0.6896100      0.6869200      0.6842300      0.6815600      0.6788900      0.6762300      0.6735800      0.6709400      0.6683100      0.6657000      0.6631000      0.6605100      0.6579300      0.6553700      0.6528200      0.6502900      0.6477700    
  0.7069180      0.7059100      0.7058260      0.7057410      0.7031790      0.6984700      0.6983010      0.6962780      0.6942890      0.6943700      0.6936950      0.6920390      0.6896100      0.6882650      0.6869200      0.6842370      0.6815600      0.6788930      0.6755480      0.6742100      0.6715700      0.6689400      0.6663200      0.6637200      0.6611300      0.6585500      0.6559900      0.6534400      0.6509100      0.6483900    
  0.7059100      0.7058680      0.7058260      0.7033040      0.6984700      0.6983850      0.6963500      0.6943290      0.6943700      0.6940320      0.6924280      0.6896100      0.6889370      0.6882650      0.6864740      0.6842390      0.6815630      0.6770700      0.6745200      0.6748300      0.6721900      0.6695600      0.6669400      0.6643400      0.6617500      0.6591700      0.6566000      0.6540600      0.6515200      0.6490000    
  0.7058890      0.7058680      0.7033670      0.6984700      0.6984280      0.6963850      0.6943500      0.6943700      0.6942010      0.6926100      0.6896100      0.6892740      0.6889370      0.6878920      0.6863260      0.6840920      0.6784750      0.6746750      0.6748300      0.6732730      0.6728000      0.6701700      0.6675500      0.6649500      0.6623600      0.6597800      0.6572200      0.6546700      0.6521300      0.6496100    
  0.7058890      0.7033980      0.6984700      0.6984490      0.6964020      0.6943600      0.6943700      0.6942860      0.6926980      0.6896100      0.6894420      0.6892740      0.6887010      0.6877190      0.6861030      0.6800560      0.6747520      0.6748300      0.6739550      0.6734050      0.6718280      0.6707800      0.6681600      0.6655600      0.6629600      0.6603900      0.6578200      0.6552700      0.6527400      0.6502100    
  0.7034140      0.6984700      0.6984590      0.6964110      0.6943650      0.6943700      0.6943280      0.6927410      0.6896100      0.6895260      0.6894420      0.6891390      0.6885640      0.6861980      0.6820140      0.6766340      0.6766350      0.6754350      0.6741080      0.6743100      0.6740100      0.6713800      0.6687600      0.6661600      0.6635700      0.6609900      0.6584200      0.6558700      0.6533400      0.6508200    
  0.6984700      0.6984650      0.6964160      0.6943670      0.6943700      0.6943490      0.6927620      0.6896100      0.6895680      0.6895260      0.6893690      0.6890480      0.6856990      0.6822880      0.6822700      0.6793000      0.6785140      0.6784400      0.6758440      0.6746100      0.6746100      0.6719800      0.6693600      0.6667500      0.6641600      0.6615800      0.6590200      0.6564700      0.6539300      0.6514100    
  0.6984670      0.6964180      0.6943690      0.6943700      0.6943590      0.6927730      0.6896100      0.6895890      0.6895680      0.6894880      0.6882610      0.6866800      0.6837670      0.6823060      0.6823060      0.6822700      0.6797800      0.6785870      0.6784400      0.6760150      0.6752100      0.6725700      0.6699500      0.6673500      0.6647500      0.6621800      0.6596100      0.6570600      0.6545300      0.6520100    
  0.6964190      0.6943690      0.6943700      0.6943650      0.6927780      0.6896100      0.6896000      0.6895890      0.6895480      0.6881350      0.6866800      0.6866800      0.6866800      0.6837930      0.6823430      0.6823430      0.6822700      0.6798210      0.6787350      0.6784400      0.6758000      0.6731600      0.6705400      0.6679400      0.6653400      0.6627700      0.6602000      0.6576500      0.6551200      0.6526000    
  0.6943700      0.6943700      0.6943670      0.6927810      0.6896100      0.6896050      0.6896000      0.6902490      0.6891260      0.6866820      0.6866800      0.6866800      0.6866800      0.6866800      0.6838430      0.6824150      0.6824150      0.6822700      0.6798370      0.6790300      0.6763800      0.6737500      0.6711300      0.6685200      0.6659300      0.6633500      0.6607900      0.6582400      0.6557000      0.6531900    
  0.6943700      0.6943690      0.6927820      0.6896100      0.6896070      0.6919790      0.6955400      0.6939000      0.6922600      0.6885440      0.6866850      0.6866800      0.6866800      0.6866800      0.6866800      0.6839350      0.6825600      0.6825600      0.6822700      0.6796100      0.6769700      0.6743300      0.6717100      0.6691000      0.6665100      0.6639300      0.6613700      0.6588200      0.6562900      0.6537700    
  0.6943690      0.6927830      0.6896100      0.6896090      0.6924560      0.6955410      0.6955410      0.6955400      0.6939000      0.6922600      0.6885530      0.6866940      0.6866800      0.6866800      0.6866800      0.6866800      0.6840830      0.6828500      0.6828500      0.6801900      0.6775500      0.6749100      0.6722900      0.6696800      0.6670900      0.6645100      0.6619500      0.6594000      0.6568700      0.6543500    
