iMOD/TUTORIALS/TUT_MetaswapAnalyser/model_MetaSWAP/meteo/Evaporation/Evaporation_20051119_L1.ASC
NCOLS                30
NROWS                30
XLLCORNER     160000.00
YLLCORNER     340000.00
CELLSIZE        1000.00
NODATA_VALUE   -9999.00
  0.3129000      0.3101100      0.3073500      0.3046200      0.3019300      0.2992700      0.2966500      0.2940500      0.2914900      0.2889600      0.2864700      0.2840000      0.2815700      0.2791600      0.2767900      0.2744400      0.2721300      0.2698400      0.2675800      0.2653500      0.2631500      0.2609800      0.2588300      0.2567000      0.2546000      0.2525300      0.2504700      0.2484400      0.2464300      0.2444400    
  0.3118500      0.3090600      0.3062900      0.3035700      0.3008700      0.2982100      0.2955800      0.2929800      0.2904100      0.2878800      0.2853700      0.2829000      0.2804600      0.2780500      0.2756700      0.2733200      0.2709900      0.2687000      0.2664400      0.2642000      0.2619900      0.2598000      0.2576400      0.2555100      0.2534000      0.2513200      0.2492600      0.2472200      0.2452000      0.2432000    
  0.3108100      0.3080200      0.3052500      0.3025200      0.2998200      0.2971600      0.2945200      0.2919200      0.2893500      0.2868100      0.2843000      0.2818200      0.2793700      0.2769500      0.2745600      0.2722100      0.2698800      0.2675800      0.2653000      0.2630600      0.2608400      0.2586500      0.2564800      0.2543400      0.2522200      0.2501300      0.2480600      0.2460100      0.2439800      0.2419800    
  0.3097800      0.3069900      0.3042200      0.3014900      0.2987900      0.2961200      0.2934800      0.2908700      0.2882900      0.2857500      0.2832300      0.2807500      0.2782900      0.2758700      0.2734800      0.2711100      0.2687700      0.2664700      0.2641800      0.2619300      0.2597100      0.2575000      0.2553300      0.2531800      0.2510600      0.2489500      0.2468800      0.2448200      0.2427800      0.2407700    
  0.3087700      0.3059700      0.3032100      0.3004700      0.2977700      0.2950900      0.2924500      0.2898400      0.2872600      0.2847000      0.2821800      0.2796900      0.2772300      0.2748000      0.2724000      0.2700300      0.2676900      0.2653700      0.2630800      0.2608200      0.2585900      0.2563800      0.2542000      0.2520400      0.2499100      0.2478000      0.2457100      0.2436400      0.2416000      0.2395800    
  0.3077700      0.3049700      0.3022000      0.2994700      0.2967600      0.2940800      0.2914300      0.2888200      0.2862300      0.2836700      0.2811500      0.2786500      0.2761900      0.2737500      0.2713400      0.2689600      0.2666100      0.2642900      0.2619900      0.2597300      0.2574800      0.2552700      0.2530800      0.2509100      0.2487700      0.2466500      0.2445600      0.2424800      0.2404300      0.2384000    
  0.3067800      0.3039800      0.3012100      0.2984700      0.2957600      0.2930800      0.2904300      0.2878100      0.2852200      0.2826600      0.2801300      0.2776200      0.2751500      0.2727100      0.2703000      0.2679100      0.2655500      0.2632200      0.2609200      0.2586400      0.2564000      0.2541700      0.2519700      0.2498000      0.2476500      0.2455200      0.2434200      0.2413400      0.2392800      0.2372400    
  0.3057900      0.3030000      0.3002300      0.2974900      0.2947700      0.2920900      0.2894400      0.2868100      0.2842200      0.2816500      0.2791200      0.2766100      0.2741300      0.2716800      0.2692600      0.2668700      0.2645100      0.2621700      0.2598600      0.2575800      0.2553200      0.2530900      0.2508800      0.2487000      0.2465500      0.2444100      0.2423000      0.2402100      0.2381400      0.2361000    
  0.3048200      0.3020200      0.2992500      0.2965100      0.2938000      0.2911100      0.2884500      0.2858300      0.2832300      0.2806600      0.2781200      0.2756100      0.2731200      0.2706700      0.2682400      0.2658400      0.2634700      0.2611300      0.2588100      0.2565200      0.2542600      0.2520200      0.2498100      0.2476200      0.2454500      0.2433100      0.2411900      0.2391000      0.2370200      0.2349700    
  0.3038600      0.3010600      0.2982900      0.2955500      0.2928300      0.2901400      0.2874800      0.2848500      0.2822500      0.2796800      0.2771300      0.2746100      0.2721200      0.2696600      0.2672300      0.2648300      0.2624500      0.2601000      0.2577800      0.2554800      0.2532100      0.2509600      0.2487400      0.2465500      0.2443800      0.2422300      0.2401000      0.2380000      0.2359200      0.2338500    
  0.3038670      0.3010700      0.2973720      0.2945900      0.2918800      0.2891900      0.2865200      0.2838900      0.2812800      0.2787000      0.2761500      0.2736300      0.2711400      0.2686700      0.2662400      0.2638200      0.2614400      0.2590900      0.2567600      0.2544500      0.2521700      0.2499200      0.2476900      0.2454900      0.2433100      0.2411600      0.2390200      0.2369100      0.2348200      0.2327500    
  0.3038760      0.2992250      0.2945900      0.2918470      0.2909300      0.2882400      0.2855700      0.2829300      0.2803200      0.2777400      0.2751900      0.2726600      0.2701600      0.2676900      0.2652500      0.2628300      0.2604400      0.2580800      0.2557500      0.2534400      0.2511500      0.2488900      0.2466600      0.2444500      0.2422600      0.2401000      0.2379600      0.2358400      0.2337400      0.2316700    
  0.3010970      0.2945900      0.2917220      0.2904600      0.2899900      0.2873000      0.2846300      0.2819900      0.2793800      0.2767900      0.2742300      0.2717000      0.2692000      0.2667200      0.2642700      0.2618500      0.2594600      0.2570900      0.2547500      0.2524300      0.2501400      0.2478700      0.2456300      0.2434200      0.2412200      0.2390500      0.2369100      0.2347800      0.2326800      0.2305900    
  0.2945900      0.2916320      0.2902250      0.2899900      0.2878870      0.2863700      0.2837000      0.2810600      0.2784400      0.2758500      0.2732900      0.2707500      0.2682500      0.2657600      0.2633100      0.2608800      0.2584800      0.2561100      0.2537600      0.2514400      0.2491400      0.2468700      0.2446200      0.2424000      0.2402000      0.2380200      0.2358700      0.2337400      0.2316300      0.2295400    
  0.2915800      0.2901070      0.2899900      0.2880820      0.2863700      0.2842830      0.2827800      0.2801300      0.2775100      0.2749200      0.2723500      0.2698100      0.2673000      0.2648200      0.2623600      0.2599200      0.2575200      0.2551400      0.2527800      0.2504600      0.2481500      0.2458700      0.2436200      0.2413900      0.2391800      0.2370000      0.2348400      0.2327000      0.2305900      0.2284900    
  0.2900490      0.2899900      0.2881470      0.2863700      0.2844780      0.2827800      0.2814550      0.2801400      0.2766400      0.2740000      0.2714300      0.2688800      0.2663700      0.2638800      0.2614100      0.2589800      0.2565600      0.2541800      0.2518200      0.2494900      0.2471800      0.2448900      0.2426300      0.2404000      0.2381800      0.2359900      0.2338300      0.2316800      0.2295600      0.2274600    
  0.2899900      0.2881690      0.2863700      0.2845430      0.2827800      0.2821170      0.2814580      0.2780590      0.2740000      0.2727150      0.2698640      0.2679600      0.2654400      0.2629500      0.2604800      0.2580400      0.2556200      0.2532300      0.2508700      0.2485300      0.2462100      0.2439200      0.2416500      0.2394100      0.2371900      0.2350000      0.2328300      0.2306700      0.2285400      0.2264400    
  0.2881760      0.2863700      0.2845640      0.2827800      0.2824490      0.2821190      0.2789090      0.2740000      0.2733570      0.2702270      0.2675050      0.2670500      0.2645300      0.2620300      0.2595600      0.2571100      0.2546900      0.2522900      0.2499200      0.2475800      0.2452600      0.2429600      0.2406900      0.2384400      0.2362200      0.2340100      0.2318300      0.2296800      0.2275400      0.2254300    
  0.2863700      0.2845710      0.2827800      0.2826140      0.2824490      0.2793690      0.2740000      0.2736790      0.2703820      0.2672770      0.2670500      0.2657900      0.2636820      0.2611200      0.2586400      0.2561900      0.2537600      0.2513600      0.2489900      0.2466400      0.2443100      0.2420100      0.2397300      0.2374800      0.2352500      0.2330400      0.2308600      0.2286900      0.2265500      0.2244300    
  0.2845740      0.2827800      0.2826970      0.2826140      0.2796080      0.2740000      0.2738390      0.2704550      0.2671640      0.2670500      0.2664200      0.2644110      0.2611200      0.2598800      0.2586500      0.2561970      0.2537700      0.2513700      0.2474980      0.2457100      0.2433800      0.2410700      0.2387900      0.2365300      0.2342900      0.2320800      0.2298900      0.2277200      0.2255700      0.2234500    
  0.2827800      0.2827390      0.2826970      0.2797300      0.2740000      0.2739200      0.2704900      0.2671070      0.2670500      0.2667350      0.2647500      0.2611200      0.2605000      0.2598830      0.2582420      0.2562060      0.2537790      0.2485360      0.2452500      0.2447900      0.2424500      0.2401400      0.2378500      0.2355900      0.2333500      0.2311300      0.2289300      0.2267600      0.2246100      0.2224800    
  0.2827590      0.2827390      0.2797910      0.2740000      0.2739600      0.2705080      0.2670780      0.2670500      0.2668920      0.2649140      0.2611200      0.2608100      0.2605010      0.2595420      0.2581100      0.2560760      0.2496660      0.2450200      0.2447900      0.2429270      0.2415400      0.2392200      0.2369300      0.2346600      0.2324100      0.2301900      0.2279900      0.2258100      0.2236500      0.2215200    
  0.2827590      0.2798220      0.2740000      0.2739800      0.2705160      0.2670640      0.2670500      0.2669710      0.2649940      0.2611200      0.2609650      0.2608100      0.2602840      0.2593840      0.2579090      0.2501770      0.2449050      0.2447900      0.2419130      0.2406400      0.2392440      0.2383100      0.2360100      0.2337400      0.2314900      0.2292600      0.2270500      0.2248700      0.2227100      0.2205700    
  0.2798380      0.2740000      0.2739900      0.2705210      0.2670570      0.2670500      0.2670110      0.2650340      0.2611200      0.2610420      0.2609650      0.2606870      0.2601600      0.2544370      0.2483480      0.2421330      0.2421300      0.2409530      0.2395970      0.2392950      0.2397400      0.2374100      0.2351100      0.2328300      0.2305700      0.2283400      0.2261300      0.2239400      0.2217700      0.2196300    
  0.2740000      0.2739950      0.2705230      0.2670540      0.2670500      0.2670300      0.2650540      0.2611200      0.2610810      0.2610430      0.2608980      0.2606040      0.2511090      0.2401440      0.2401700      0.2403110      0.2393640      0.2394700      0.2389940      0.2388570      0.2388500      0.2365200      0.2342200      0.2319300      0.2296700      0.2274300      0.2252200      0.2230200      0.2208500      0.2187000    
  0.2739970      0.2705240      0.2670520      0.2670500      0.2670400      0.2650630      0.2611200      0.2611010      0.2610810      0.2610070      0.2525650      0.2401400      0.2401210      0.2401180      0.2401180      0.2401700      0.2395800      0.2392570      0.2394700      0.2383530      0.2379800      0.2356400      0.2333300      0.2310400      0.2287800      0.2265400      0.2243200      0.2221200      0.2199400      0.2177900    
  0.2705240      0.2670510      0.2670500      0.2670450      0.2650680      0.2611200      0.2611100      0.2611010      0.2610630      0.2509870      0.2401400      0.2401400      0.2401400      0.2400820      0.2400660      0.2400660      0.2401700      0.2394240      0.2390450      0.2394700      0.2371100      0.2347700      0.2324600      0.2301600      0.2278900      0.2256500      0.2234200      0.2212200      0.2190400      0.2168800    
  0.2670500      0.2670500      0.2670480      0.2650710      0.2611200      0.2611150      0.2611100      0.2554910      0.2486050      0.2401380      0.2401400      0.2401400      0.2401400      0.2401400      0.2400050      0.2399630      0.2399630      0.2401700      0.2390100      0.2386200      0.2362500      0.2339100      0.2315900      0.2292900      0.2270200      0.2247700      0.2225400      0.2203400      0.2181500      0.2159900    
  0.2670500      0.2670490      0.2650720      0.2611200      0.2611180      0.2528450      0.2404400      0.2395650      0.2386900      0.2396510      0.2401340      0.2401400      0.2401400      0.2401400      0.2401400      0.2398500      0.2397560      0.2397550      0.2401700      0.2377800      0.2354100      0.2330600      0.2307400      0.2284400      0.2261600      0.2239000      0.2216700      0.2194600      0.2172700      0.2151100    
  0.2670490      0.2650730      0.2611200      0.2611190      0.2511910      0.2404390      0.2404390      0.2404400      0.2395650      0.2386900      0.2396400      0.2401210      0.2401400      0.2401400      0.2401400      0.2401400      0.2395410      0.2393430      0.2393400      0.2369400      0.2345700      0.2322200      0.2298900      0.2275900      0.2253000      0.2230500      0.2208100      0.2186000      0.2164100      0.2142400    
