iMOD/TUTORIALS/TUT_MetaswapAnalyser/model_MetaSWAP/meteo/Evaporation/Evaporation_20060221_L1.ASC
NCOLS                30
NROWS                30
XLLCORNER     160000.00
YLLCORNER     340000.00
CELLSIZE        1000.00
NODATA_VALUE   -9999.00
  0.1442800      0.1439500      0.1436300      0.1433400      0.1430500      0.1427900      0.1425400      0.1423100      0.1420900      0.1418900      0.1417000      0.1415300      0.1413700      0.1412200      0.1410900      0.1409700      0.1408700      0.1407700      0.1406900      0.1406300      0.1405700      0.1405200      0.1404900      0.1404700      0.1404500      0.1404500      0.1404600      0.1404700      0.1405000      0.1405300    
  0.1440600      0.1437300      0.1434100      0.1431200      0.1428300      0.1425700      0.1423200      0.1420800      0.1418600      0.1416600      0.1414700      0.1412900      0.1411300      0.1409800      0.1408500      0.1407300      0.1406200      0.1405300      0.1404400      0.1403700      0.1403100      0.1402600      0.1402200      0.1402000      0.1401800      0.1401700      0.1401700      0.1401800      0.1402000      0.1402300    
  0.1438600      0.1435200      0.1432100      0.1429100      0.1426200      0.1423500      0.1421000      0.1418700      0.1416400      0.1414400      0.1412500      0.1410700      0.1409100      0.1407600      0.1406200      0.1404900      0.1403800      0.1402900      0.1402000      0.1401200      0.1400600      0.1400100      0.1399700      0.1399400      0.1399100      0.1399000      0.1399000      0.1399100      0.1399200      0.1399500    
  0.1436600      0.1433200      0.1430100      0.1427000      0.1424200      0.1421500      0.1419000      0.1416600      0.1414400      0.1412300      0.1410300      0.1408500      0.1406900      0.1405400      0.1404000      0.1402700      0.1401600      0.1400600      0.1399700      0.1398900      0.1398200      0.1397600      0.1397200      0.1396800      0.1396600      0.1396400      0.1396400      0.1396400      0.1396500      0.1396700    
  0.1434700      0.1431300      0.1428100      0.1425100      0.1422300      0.1419600      0.1417000      0.1414600      0.1412400      0.1410300      0.1408300      0.1406500      0.1404800      0.1403300      0.1401800      0.1400600      0.1399400      0.1398300      0.1397400      0.1396600      0.1395900      0.1395300      0.1394800      0.1394400      0.1394100      0.1393900      0.1393800      0.1393800      0.1393900      0.1394000    
  0.1432900      0.1429500      0.1426300      0.1423300      0.1420400      0.1417700      0.1415200      0.1412700      0.1410500      0.1408400      0.1406400      0.1404500      0.1402800      0.1401300      0.1399800      0.1398500      0.1397300      0.1396200      0.1395200      0.1394400      0.1393700      0.1393000      0.1392500      0.1392100      0.1391700      0.1391500      0.1391300      0.1391300      0.1391300      0.1391400    
  0.1431200      0.1427800      0.1424600      0.1421600      0.1418700      0.1416000      0.1413400      0.1411000      0.1408700      0.1406500      0.1404500      0.1402700      0.1400900      0.1399300      0.1397900      0.1396500      0.1395300      0.1394200      0.1393200      0.1392300      0.1391500      0.1390800      0.1390300      0.1389800      0.1389400      0.1389100      0.1389000      0.1388800      0.1388800      0.1388900    
  0.1429500      0.1426200      0.1423000      0.1419900      0.1417000      0.1414300      0.1411700      0.1409300      0.1406900      0.1404800      0.1402800      0.1400900      0.1399100      0.1397500      0.1396000      0.1394600      0.1393400      0.1392200      0.1391200      0.1390300      0.1389400      0.1388700      0.1388100      0.1387600      0.1387200      0.1386900      0.1386600      0.1386500      0.1386400      0.1386400    
  0.1428000      0.1424600      0.1421400      0.1418300      0.1415400      0.1412700      0.1410100      0.1407600      0.1405300      0.1403100      0.1401100      0.1399200      0.1397400      0.1395700      0.1394200      0.1392800      0.1391500      0.1390300      0.1389300      0.1388300      0.1387500      0.1386700      0.1386100      0.1385500      0.1385100      0.1384700      0.1384400      0.1384200      0.1384100      0.1384100    
  0.1426500      0.1423100      0.1419900      0.1416900      0.1413900      0.1411200      0.1408600      0.1406100      0.1403700      0.1401500      0.1399500      0.1397500      0.1395700      0.1394100      0.1392500      0.1391100      0.1389700      0.1388500      0.1387400      0.1386400      0.1385600      0.1384800      0.1384100      0.1383500      0.1383000      0.1382600      0.1382300      0.1382000      0.1381900      0.1381800    
  0.1426530      0.1423170      0.1418830      0.1415400      0.1412500      0.1409700      0.1407100      0.1404600      0.1402200      0.1400000      0.1397900      0.1396000      0.1394200      0.1392400      0.1390900      0.1389400      0.1388000      0.1386800      0.1385700      0.1384600      0.1383700      0.1382900      0.1382200      0.1381500      0.1381000      0.1380500      0.1380200      0.1379900      0.1379700      0.1379600    
  0.1426590      0.1420980      0.1415400      0.1412230      0.1411100      0.1408400      0.1405700      0.1403200      0.1400800      0.1398600      0.1396500      0.1394500      0.1392600      0.1390900      0.1389300      0.1387800      0.1386400      0.1385100      0.1384000      0.1382900      0.1382000      0.1381100      0.1380300      0.1379700      0.1379100      0.1378600      0.1378200      0.1377800      0.1377600      0.1377400    
  0.1423270      0.1415400      0.1412010      0.1410500      0.1409900      0.1407100      0.1404400      0.1401900      0.1399500      0.1397200      0.1395100      0.1393100      0.1391200      0.1389400      0.1387800      0.1386300      0.1384900      0.1383600      0.1382400      0.1381300      0.1380300      0.1379400      0.1378600      0.1377800      0.1377200      0.1376700      0.1376200      0.1375800      0.1375500      0.1375300    
  0.1415400      0.1411880      0.1410200      0.1409900      0.1407600      0.1405800      0.1403100      0.1400600      0.1398200      0.1395900      0.1393800      0.1391700      0.1389800      0.1388000      0.1386400      0.1384800      0.1383400      0.1382000      0.1380800      0.1379700      0.1378600      0.1377700      0.1376900      0.1376100      0.1375400      0.1374800      0.1374300      0.1373900      0.1373600      0.1373300    
  0.1411810      0.1410050      0.1409900      0.1407770      0.1405800      0.1403630      0.1402000      0.1399400      0.1397000      0.1394700      0.1392500      0.1390500      0.1388500      0.1386700      0.1385000      0.1383400      0.1382000      0.1380600      0.1379300      0.1378100      0.1377100      0.1376100      0.1375200      0.1374400      0.1373700      0.1373100      0.1372500      0.1372100      0.1371700      0.1371300    
  0.1409970      0.1409900      0.1407820      0.1405800      0.1403810      0.1402000      0.1400700      0.1399470      0.1396150      0.1393500      0.1391300      0.1389200      0.1387300      0.1385400      0.1383700      0.1382100      0.1380600      0.1379200      0.1377900      0.1376700      0.1375600      0.1374600      0.1373600      0.1372800      0.1372000      0.1371400      0.1370800      0.1370300      0.1369800      0.1369400    
  0.1409900      0.1407840      0.1405800      0.1403870      0.1402000      0.1401350      0.1400720      0.1397450      0.1393500      0.1392400      0.1389820      0.1388100      0.1386100      0.1384200      0.1382500      0.1380800      0.1379300      0.1377900      0.1376500      0.1375300      0.1374100      0.1373100      0.1372100      0.1371200      0.1370400      0.1369700      0.1369100      0.1368500      0.1368000      0.1367600    
  0.1407850      0.1405800      0.1403890      0.1402000      0.1401680      0.1401360      0.1398260      0.1393500      0.1392950      0.1390050      0.1387550      0.1387000      0.1385000      0.1383100      0.1381300      0.1379600      0.1378000      0.1376600      0.1375200      0.1373900      0.1372800      0.1371700      0.1370700      0.1369700      0.1368900      0.1368100      0.1367400      0.1366800      0.1366300      0.1365800    
  0.1405800      0.1403900      0.1402000      0.1401840      0.1401680      0.1398700      0.1393500      0.1393220      0.1390160      0.1387270      0.1387000      0.1386000      0.1384270      0.1382000      0.1380200      0.1378500      0.1376900      0.1375400      0.1374000      0.1372600      0.1371400      0.1370300      0.1369300      0.1368300      0.1367400      0.1366600      0.1365900      0.1365200      0.1364600      0.1364100    
  0.1403900      0.1402000      0.1401920      0.1401840      0.1398930      0.1393500      0.1393360      0.1390200      0.1387140      0.1387000      0.1386500      0.1384820      0.1382000      0.1381100      0.1380230      0.1378530      0.1376930      0.1375430      0.1372720      0.1371400      0.1370200      0.1369000      0.1367900      0.1366900      0.1366000      0.1365100      0.1364300      0.1363600      0.1363000      0.1362400    
  0.1402000      0.1401960      0.1401920      0.1399050      0.1393500      0.1393430      0.1390230      0.1387070      0.1387000      0.1386750      0.1385080      0.1382000      0.1381550      0.1381110      0.1379960      0.1378570      0.1376970      0.1373220      0.1370800      0.1370200      0.1368900      0.1367700      0.1366600      0.1365600      0.1364600      0.1363700      0.1362900      0.1362100      0.1361400      0.1360800    
  0.1401980      0.1401960      0.1399110      0.1393500      0.1393470      0.1390240      0.1387030      0.1387000      0.1386870      0.1385210      0.1382000      0.1381770      0.1381550      0.1380870      0.1379880      0.1378500      0.1373890      0.1370500      0.1370200      0.1368970      0.1367800      0.1366500      0.1365400      0.1364300      0.1363300      0.1362300      0.1361400      0.1360700      0.1359900      0.1359300    
  0.1401980      0.1399140      0.1393500      0.1393480      0.1390240      0.1387020      0.1387000      0.1386940      0.1385270      0.1382000      0.1381890      0.1381780      0.1381400      0.1380770      0.1379750      0.1373950      0.1370350      0.1370200      0.1367730      0.1366700      0.1365900      0.1365400      0.1364100      0.1363000      0.1362000      0.1361000      0.1360100      0.1359200      0.1358400      0.1357700    
  0.1399150      0.1393500      0.1393490      0.1390250      0.1387010      0.1387000      0.1386970      0.1385300      0.1382000      0.1381940      0.1381890      0.1381690      0.1381310      0.1376480      0.1371730      0.1367160      0.1367150      0.1366360      0.1365430      0.1365050      0.1365600      0.1364200      0.1363000      0.1361800      0.1360700      0.1359700      0.1358700      0.1357800      0.1357000      0.1356300    
  0.1393500      0.1393500      0.1390250      0.1387000      0.1387000      0.1386980      0.1385320      0.1382000      0.1381970      0.1381940      0.1381840      0.1381630      0.1373480      0.1363980      0.1364000      0.1364770      0.1363990      0.1364100      0.1364340      0.1364530      0.1364500      0.1363200      0.1361900      0.1360700      0.1359500      0.1358500      0.1357500      0.1356500      0.1355600      0.1354800    
  0.1393500      0.1390250      0.1387000      0.1387000      0.1386990      0.1385330      0.1382000      0.1381990      0.1381970      0.1381920      0.1374480      0.1363500      0.1363800      0.1363950      0.1363950      0.1364000      0.1363940      0.1363870      0.1364100      0.1363670      0.1363500      0.1362100      0.1360800      0.1359500      0.1358400      0.1357300      0.1356200      0.1355200      0.1354300      0.1353400    
  0.1390250      0.1387000      0.1387000      0.1387000      0.1385330      0.1382000      0.1381990      0.1381990      0.1381960      0.1373070      0.1363500      0.1363500      0.1363500      0.1363760      0.1363900      0.1363900      0.1364000      0.1363790      0.1363650      0.1364100      0.1362600      0.1361100      0.1359800      0.1358500      0.1357200      0.1356100      0.1355000      0.1354000      0.1353000      0.1352100    
  0.1387000      0.1387000      0.1387000      0.1385330      0.1382000      0.1382000      0.1381990      0.1377030      0.1370960      0.1363500      0.1363500      0.1363500      0.1363500      0.1363500      0.1363680      0.1363800      0.1363800      0.1364000      0.1363400      0.1363200      0.1361600      0.1360200      0.1358800      0.1357400      0.1356200      0.1355000      0.1353800      0.1352700      0.1351700      0.1350800    
  0.1387000      0.1387000      0.1385330      0.1382000      0.1382000      0.1374680      0.1363700      0.1362950      0.1362200      0.1363060      0.1363490      0.1363500      0.1363500      0.1363500      0.1363500      0.1363540      0.1363600      0.1363600      0.1364000      0.1362300      0.1360700      0.1359200      0.1357800      0.1356400      0.1355100      0.1353900      0.1352700      0.1351600      0.1350500      0.1349500    
  0.1387000      0.1385330      0.1382000      0.1382000      0.1373210      0.1363700      0.1363700      0.1363700      0.1362950      0.1362200      0.1363050      0.1363480      0.1363500      0.1363500      0.1363500      0.1363500      0.1363250      0.1363200      0.1363200      0.1361500      0.1359900      0.1358300      0.1356900      0.1355400      0.1354100      0.1352800      0.1351600      0.1350400      0.1349300      0.1348200    
