iMOD/TUTORIALS/TUT_MetaswapAnalyser/model_MetaSWAP/meteo/Evaporation/Evaporation_20051123_L1.ASC
NCOLS                30
NROWS                30
XLLCORNER     160000.00
YLLCORNER     340000.00
CELLSIZE        1000.00
NODATA_VALUE   -9999.00
  0.3194800      0.3198800      0.3202500      0.3205800      0.3208900      0.3211600      0.3214100      0.3216400      0.3218400      0.3220200      0.3221700      0.3223100      0.3224400      0.3225400      0.3226300      0.3227100      0.3227700      0.3228200      0.3228600      0.3228900      0.3229100      0.3229300      0.3229300      0.3229300      0.3229200      0.3229000      0.3228800      0.3228600      0.3228300      0.3228000    
  0.3203600      0.3207600      0.3211300      0.3214600      0.3217700      0.3220500      0.3223000      0.3225300      0.3227400      0.3229200      0.3230800      0.3232300      0.3233500      0.3234600      0.3235600      0.3236400      0.3237100      0.3237600      0.3238100      0.3238400      0.3238700      0.3238800      0.3238900      0.3238900      0.3238900      0.3238800      0.3238600      0.3238400      0.3238100      0.3237800    
  0.3212100      0.3216100      0.3219800      0.3223200      0.3226300      0.3229200      0.3231700      0.3234100      0.3236200      0.3238000      0.3239700      0.3241200      0.3242500      0.3243700      0.3244600      0.3245500      0.3246200      0.3246800      0.3247300      0.3247700      0.3248000      0.3248200      0.3248300      0.3248400      0.3248300      0.3248300      0.3248100      0.3248000      0.3247700      0.3247500    
  0.3220400      0.3224500      0.3228200      0.3231600      0.3234800      0.3237600      0.3240200      0.3242600      0.3244700      0.3246700      0.3248400      0.3249900      0.3251300      0.3252500      0.3253500      0.3254400      0.3255200      0.3255800      0.3256300      0.3256800      0.3257100      0.3257400      0.3257500      0.3257600      0.3257600      0.3257600      0.3257500      0.3257400      0.3257200      0.3257000    
  0.3228600      0.3232600      0.3236400      0.3239800      0.3243000      0.3245900      0.3248500      0.3250900      0.3253100      0.3255100      0.3256900      0.3258400      0.3259800      0.3261100      0.3262200      0.3263100      0.3263900      0.3264600      0.3265200      0.3265700      0.3266000      0.3266300      0.3266500      0.3266700      0.3266800      0.3266800      0.3266700      0.3266600      0.3266500      0.3266300    
  0.3236600      0.3240600      0.3244400      0.3247800      0.3251000      0.3254000      0.3256600      0.3259100      0.3261300      0.3263300      0.3265100      0.3266800      0.3268200      0.3269500      0.3270600      0.3271600      0.3272500      0.3273200      0.3273900      0.3274400      0.3274800      0.3275100      0.3275400      0.3275600      0.3275700      0.3275800      0.3275800      0.3275700      0.3275600      0.3275500    
  0.3244400      0.3248500      0.3252200      0.3255700      0.3258900      0.3261900      0.3264600      0.3267100      0.3269300      0.3271400      0.3273200      0.3274900      0.3276400      0.3277700      0.3278900      0.3280000      0.3280900      0.3281700      0.3282300      0.3282900      0.3283400      0.3283800      0.3284100      0.3284300      0.3284500      0.3284600      0.3284600      0.3284600      0.3284600      0.3284500    
  0.3252100      0.3256100      0.3259900      0.3263400      0.3266600      0.3269600      0.3272400      0.3274900      0.3277200      0.3279300      0.3281200      0.3282900      0.3284400      0.3285800      0.3287000      0.3288100      0.3289100      0.3289900      0.3290600      0.3291300      0.3291800      0.3292200      0.3292600      0.3292900      0.3293100      0.3293200      0.3293300      0.3293400      0.3293400      0.3293300    
  0.3259600      0.3263600      0.3267400      0.3270900      0.3274200      0.3277200      0.3280000      0.3282500      0.3284900      0.3287000      0.3288900      0.3290700      0.3292300      0.3293700      0.3295000      0.3296100      0.3297100      0.3298000      0.3298800      0.3299500      0.3300000      0.3300500      0.3300900      0.3301300      0.3301500      0.3301700      0.3301900      0.3302000      0.3302000      0.3302000    
  0.3267000      0.3271000      0.3274800      0.3278300      0.3281600      0.3284600      0.3287400      0.3290000      0.3292400      0.3294500      0.3296500      0.3298300      0.3300000      0.3301400      0.3302800      0.3303900      0.3305000      0.3305900      0.3306800      0.3307500      0.3308100      0.3308600      0.3309100      0.3309500      0.3309800      0.3310100      0.3310300      0.3310400      0.3310500      0.3310600    
  0.3266870      0.3270930      0.3277420      0.3285600      0.3288900      0.3291900      0.3294700      0.3297300      0.3299700      0.3302000      0.3304000      0.3305800      0.3307500      0.3309000      0.3310400      0.3311600      0.3312700      0.3313700      0.3314600      0.3315400      0.3316000      0.3316600      0.3317100      0.3317600      0.3318000      0.3318300      0.3318500      0.3318700      0.3318900      0.3319000    
  0.3266780      0.3275210      0.3285600      0.3293380      0.3296000      0.3299100      0.3301900      0.3304500      0.3307000      0.3309200      0.3311300      0.3313200      0.3314900      0.3316400      0.3317900      0.3319100      0.3320300      0.3321300      0.3322300      0.3323100      0.3323800      0.3324500      0.3325000      0.3325500      0.3326000      0.3326300      0.3326600      0.3326900      0.3327100      0.3327300    
  0.3272500      0.3285600      0.3295370      0.3299500      0.3303000      0.3306100      0.3309000      0.3311600      0.3314100      0.3316400      0.3318400      0.3320400      0.3322100      0.3323700      0.3325200      0.3326500      0.3327700      0.3328800      0.3329800      0.3330700      0.3331500      0.3332200      0.3332800      0.3333300      0.3333800      0.3334200      0.3334600      0.3334900      0.3335200      0.3335400    
  0.3285600      0.3296300      0.3301250      0.3303000      0.3307370      0.3313000      0.3315900      0.3318600      0.3321100      0.3323400      0.3325500      0.3327400      0.3329200      0.3330900      0.3332400      0.3333800      0.3335000      0.3336200      0.3337200      0.3338100      0.3339000      0.3339700      0.3340400      0.3341000      0.3341500      0.3342000      0.3342400      0.3342800      0.3343200      0.3343500    
  0.3296760      0.3302130      0.3303000      0.3307790      0.3313000      0.3317200      0.3322700      0.3325400      0.3327900      0.3330200      0.3332400      0.3334400      0.3336200      0.3337900      0.3339500      0.3340900      0.3342200      0.3343400      0.3344500      0.3345400      0.3346300      0.3347100      0.3347900      0.3348500      0.3349100      0.3349700      0.3350200      0.3350600      0.3351000      0.3351300    
  0.3302560      0.3303000      0.3307930      0.3313000      0.3317630      0.3322700      0.3324050      0.3325330      0.3330120      0.3337000      0.3339200      0.3341200      0.3343100      0.3344800      0.3346400      0.3347900      0.3349200      0.3350500      0.3351600      0.3352600      0.3353600      0.3354400      0.3355200      0.3355900      0.3356600      0.3357200      0.3357800      0.3358300      0.3358700      0.3359100    
  0.3303000      0.3307980      0.3313000      0.3317780      0.3322700      0.3323370      0.3324030      0.3329130      0.3337000      0.3338100      0.3343980      0.3347900      0.3349900      0.3351600      0.3353300      0.3354800      0.3356200      0.3357400      0.3358600      0.3359700      0.3360700      0.3361600      0.3362500      0.3363200      0.3364000      0.3364600      0.3365200      0.3365800      0.3366300      0.3366800    
  0.3307990      0.3313000      0.3317830      0.3322700      0.3323040      0.3323370      0.3328380      0.3337000      0.3337550      0.3344990      0.3351250      0.3354600      0.3356500      0.3358300      0.3360000      0.3361500      0.3363000      0.3364300      0.3365500      0.3366700      0.3367700      0.3368700      0.3369600      0.3370400      0.3371200      0.3371900      0.3372600      0.3373200      0.3373800      0.3374300    
  0.3313000      0.3317840      0.3322700      0.3322870      0.3323030      0.3327950      0.3337000      0.3337280      0.3345410      0.3352930      0.3354600      0.3355550      0.3358580      0.3364900      0.3366600      0.3368200      0.3369700      0.3371000      0.3372300      0.3373500      0.3374600      0.3375600      0.3376600      0.3377500      0.3378300      0.3379100      0.3379800      0.3380500      0.3381200      0.3381800    
  0.3317850      0.3322700      0.3322780      0.3322870      0.3327710      0.3337000      0.3337140      0.3345610      0.3353760      0.3354600      0.3355080      0.3358410      0.3364900      0.3365750      0.3366570      0.3368170      0.3369630      0.3371000      0.3376800      0.3380300      0.3381400      0.3382500      0.3383500      0.3384500      0.3385400      0.3386200      0.3387000      0.3387700      0.3388500      0.3389100    
  0.3322700      0.3322740      0.3322780      0.3327590      0.3337000      0.3337070      0.3345710      0.3354180      0.3354600      0.3354840      0.3358250      0.3364900      0.3365330      0.3365740      0.3366830      0.3368120      0.3369600      0.3377590      0.3383600      0.3386900      0.3388100      0.3389200      0.3390300      0.3391300      0.3392300      0.3393200      0.3394000      0.3394900      0.3395600      0.3396400    
  0.3322720      0.3322740      0.3327530      0.3337000      0.3337030      0.3345750      0.3354390      0.3354600      0.3354720      0.3358150      0.3364900      0.3365110      0.3365320      0.3365960      0.3366900      0.3368180      0.3377490      0.3385250      0.3386900      0.3389900      0.3394700      0.3395900      0.3397000      0.3398100      0.3399100      0.3400100      0.3401000      0.3401900      0.3402700      0.3403500    
  0.3322720      0.3327500      0.3337000      0.3337020      0.3345780      0.3354500      0.3354600      0.3354660      0.3358090      0.3364900      0.3365010      0.3365110      0.3365470      0.3366060      0.3367010      0.3380930      0.3386070      0.3386900      0.3397210      0.3401200      0.3401960      0.3402500      0.3403700      0.3404800      0.3405900      0.3406900      0.3407900      0.3408800      0.3409700      0.3410600    
  0.3327480      0.3337000      0.3337010      0.3345790      0.3354550      0.3354600      0.3354630      0.3358060      0.3364900      0.3364950      0.3365010      0.3365190      0.3365550      0.3383540      0.3396630      0.3405980      0.3406000      0.3407150      0.3408680      0.3410850      0.3407700      0.3409000      0.3410200      0.3411400      0.3412500      0.3413600      0.3414700      0.3415700      0.3416700      0.3417600    
  0.3337000      0.3337000      0.3345790      0.3354570      0.3354600      0.3354610      0.3358050      0.3364900      0.3364930      0.3364950      0.3365050      0.3365250      0.3397210      0.3435790      0.3435600      0.3424220      0.3425860      0.3425100      0.3417860      0.3414000      0.3414000      0.3415400      0.3416700      0.3417900      0.3419100      0.3420300      0.3421400      0.3422500      0.3423500      0.3424500    
  0.3337000      0.3345800      0.3354590      0.3354600      0.3354610      0.3358040      0.3364900      0.3364910      0.3364930      0.3364980      0.3399690      0.3451600      0.3441210      0.3435970      0.3435980      0.3435600      0.3429400      0.3426630      0.3425100      0.3421500      0.3420300      0.3421700      0.3423100      0.3424400      0.3425600      0.3426900      0.3428000      0.3429200      0.3430300      0.3431400    
  0.3345800      0.3354590      0.3354600      0.3354600      0.3358040      0.3364900      0.3364910      0.3364910      0.3364940      0.3406560      0.3451600      0.3451600      0.3451600      0.3441490      0.3436350      0.3436350      0.3435600      0.3430280      0.3428150      0.3425100      0.3426600      0.3428000      0.3429400      0.3430800      0.3432100      0.3433400      0.3434600      0.3435800      0.3437000      0.3438200    
  0.3354600      0.3354600      0.3354600      0.3358040      0.3364900      0.3364900      0.3364910      0.3393340      0.3421210      0.3451620      0.3451600      0.3451600      0.3451600      0.3451600      0.3442030      0.3437100      0.3437100      0.3435600      0.3432280      0.3431200      0.3432700      0.3434200      0.3435700      0.3437100      0.3438500      0.3439800      0.3441100      0.3442400      0.3443700      0.3444900    
  0.3354600      0.3354600      0.3358030      0.3364900      0.3364900      0.3411900      0.3482400      0.3480500      0.3478600      0.3460640      0.3451650      0.3451600      0.3451600      0.3451600      0.3451600      0.3443090      0.3438590      0.3438600      0.3435600      0.3437200      0.3438800      0.3440400      0.3441900      0.3443400      0.3444800      0.3446200      0.3447600      0.3448900      0.3450300      0.3451600    
  0.3354600      0.3358030      0.3364900      0.3364900      0.3421310      0.3482410      0.3482410      0.3482400      0.3480500      0.3478600      0.3460730      0.3451740      0.3451600      0.3451600      0.3451600      0.3451600      0.3445070      0.3441570      0.3441600      0.3443300      0.3444900      0.3446500      0.3448100      0.3449600      0.3451100      0.3452600      0.3454000      0.3455400      0.3456800      0.3458200    
