iMOD/TUTORIALS/TUT_MetaswapAnalyser/model_MetaSWAP/meteo/Evaporation/Evaporation_20060920_L1.ASC
NCOLS                30
NROWS                30
XLLCORNER     160000.00
YLLCORNER     340000.00
CELLSIZE        1000.00
NODATA_VALUE   -9999.00
   2.570730       2.570110       2.569510       2.568950       2.568410       2.567900       2.567420       2.566960       2.566530       2.566130       2.565750       2.565400       2.565070       2.564770       2.564500       2.564240       2.564020       2.563810       2.563630       2.563470       2.563330       2.563220       2.563120       2.563050       2.563000       2.562970       2.562960       2.562960       2.562990       2.563030    
   2.572180       2.571560       2.570970       2.570410       2.569880       2.569370       2.568890       2.568430       2.568010       2.567610       2.567230       2.566880       2.566550       2.566250       2.565970       2.565720       2.565490       2.565280       2.565100       2.564940       2.564800       2.564680       2.564580       2.564510       2.564450       2.564410       2.564400       2.564400       2.564420       2.564450    
   2.573640       2.573020       2.572440       2.571880       2.571350       2.570850       2.570370       2.569920       2.569500       2.569100       2.568720       2.568370       2.568040       2.567740       2.567470       2.567210       2.566980       2.566770       2.566590       2.566420       2.566280       2.566160       2.566060       2.565980       2.565920       2.565870       2.565850       2.565850       2.565860       2.565890    
   2.575110       2.574500       2.573920       2.573370       2.572840       2.572340       2.571870       2.571420       2.571000       2.570600       2.570220       2.569880       2.569550       2.569250       2.568970       2.568720       2.568480       2.568270       2.568080       2.567920       2.567770       2.567650       2.567540       2.567460       2.567390       2.567350       2.567320       2.567310       2.567310       2.567340    
   2.576600       2.576000       2.575420       2.574870       2.574350       2.573850       2.573380       2.572930       2.572510       2.572110       2.571740       2.571390       2.571070       2.570770       2.570490       2.570230       2.570000       2.569790       2.569600       2.569430       2.569280       2.569150       2.569040       2.568950       2.568880       2.568830       2.568800       2.568780       2.568780       2.568800    
   2.578100       2.577500       2.576930       2.576390       2.575870       2.575370       2.574900       2.574460       2.574040       2.573640       2.573270       2.572920       2.572600       2.572300       2.572020       2.571760       2.571530       2.571310       2.571120       2.570950       2.570790       2.570660       2.570550       2.570460       2.570380       2.570320       2.570290       2.570260       2.570260       2.570270    
   2.579610       2.579020       2.578450       2.577910       2.577400       2.576910       2.576440       2.576000       2.575580       2.575180       2.574810       2.574470       2.574140       2.573840       2.573560       2.573300       2.573060       2.572850       2.572650       2.572480       2.572320       2.572190       2.572070       2.571970       2.571890       2.571830       2.571790       2.571760       2.571750       2.571750    
   2.581140       2.580550       2.579990       2.579450       2.578940       2.578450       2.577980       2.577540       2.577130       2.576740       2.576370       2.576020       2.575690       2.575390       2.575110       2.574850       2.574610       2.574400       2.574200       2.574020       2.573860       2.573720       2.573600       2.573500       2.573420       2.573350       2.573300       2.573270       2.573250       2.573250    
   2.582670       2.582090       2.581530       2.581000       2.580490       2.580000       2.579540       2.579100       2.578690       2.578300       2.577930       2.577580       2.577260       2.576960       2.576670       2.576410       2.576170       2.575950       2.575760       2.575570       2.575410       2.575270       2.575150       2.575040       2.574950       2.574880       2.574820       2.574780       2.574760       2.574750    
   2.584220       2.583640       2.583090       2.582560       2.582050       2.581570       2.581110       2.580670       2.580260       2.579870       2.579500       2.579160       2.578830       2.578530       2.578250       2.577990       2.577750       2.577520       2.577320       2.577140       2.576970       2.576830       2.576700       2.576590       2.576490       2.576420       2.576360       2.576310       2.576280       2.576270    
   2.584230       2.583650       2.583350       2.584120       2.583620       2.583140       2.582690       2.582250       2.581840       2.581450       2.581090       2.580740       2.580420       2.580110       2.579830       2.579570       2.579330       2.579100       2.578900       2.578710       2.578540       2.578390       2.578260       2.578150       2.578050       2.577970       2.577900       2.577850       2.577810       2.577790    
   2.584240       2.583840       2.584120       2.584930       2.585200       2.584730       2.584270       2.583840       2.583430       2.583050       2.582680       2.582330       2.582010       2.581710       2.581420       2.581160       2.580920       2.580690       2.580480       2.580290       2.580120       2.579970       2.579830       2.579710       2.579610       2.579520       2.579450       2.579390       2.579350       2.579320    
   2.584260       2.584120       2.585460       2.586000       2.586790       2.586320       2.585870       2.585440       2.585030       2.584650       2.584280       2.583940       2.583610       2.583310       2.583030       2.582760       2.582510       2.582290       2.582080       2.581890       2.581710       2.581560       2.581410       2.581290       2.581180       2.581090       2.581010       2.580950       2.580900       2.580870    
   2.584120       2.585690       2.586390       2.586790       2.587010       2.587920       2.587470       2.587040       2.586640       2.586250       2.585890       2.585550       2.585220       2.584920       2.584640       2.584370       2.584120       2.583890       2.583680       2.583490       2.583310       2.583150       2.583000       2.582880       2.582760       2.582660       2.582580       2.582510       2.582460       2.582420    
   2.585800       2.586590       2.586790       2.587240       2.587920       2.588160       2.589080       2.588660       2.588250       2.587870       2.587510       2.587170       2.586840       2.586540       2.586250       2.585990       2.585740       2.585510       2.585290       2.585090       2.584910       2.584750       2.584600       2.584470       2.584350       2.584250       2.584160       2.584080       2.584020       2.583970    
   2.586690       2.586790       2.587320       2.587920       2.588390       2.589080       2.588870       2.588660       2.588570       2.589500       2.589130       2.588790       2.588470       2.588160       2.587880       2.587610       2.587360       2.587130       2.586910       2.586710       2.586530       2.586360       2.586210       2.586070       2.585950       2.585840       2.585740       2.585660       2.585590       2.585540    
   2.586790       2.587340       2.587920       2.588460       2.589080       2.588970       2.588870       2.588900       2.589500       2.589310       2.589980       2.590420       2.590100       2.589800       2.589510       2.589240       2.588990       2.588750       2.588540       2.588330       2.588150       2.587980       2.587820       2.587680       2.587550       2.587440       2.587340       2.587250       2.587180       2.587110    
   2.587350       2.587920       2.588490       2.589080       2.589030       2.588980       2.589060       2.589500       2.589410       2.590420       2.591240       2.592060       2.591740       2.591440       2.591150       2.590880       2.590630       2.590390       2.590170       2.589960       2.589770       2.589600       2.589440       2.589290       2.589160       2.589040       2.588930       2.588840       2.588760       2.588690    
   2.587920       2.588500       2.589080       2.589050       2.589030       2.589140       2.589500       2.589450       2.590610       2.591650       2.592060       2.591900       2.592080       2.593080       2.592790       2.592520       2.592270       2.592030       2.591810       2.591600       2.591410       2.591230       2.591060       2.590910       2.590780       2.590650       2.590540       2.590440       2.590360       2.590280    
   2.588500       2.589080       2.589070       2.589050       2.589180       2.589500       2.589480       2.590700       2.591860       2.592060       2.591980       2.592280       2.593080       2.592940       2.592800       2.592530       2.592270       2.592040       2.592710       2.593240       2.593040       2.592860       2.592690       2.592540       2.592400       2.592270       2.592150       2.592050       2.591950       2.591870    
   2.589080       2.589070       2.589070       2.589200       2.589500       2.589490       2.590740       2.591960       2.592060       2.592020       2.592350       2.593080       2.593010       2.592940       2.592750       2.592530       2.592280       2.593200       2.594070       2.594890       2.594690       2.594500       2.594330       2.594170       2.594030       2.593890       2.593770       2.593660       2.593560       2.593470    
   2.589080       2.589070       2.589210       2.589500       2.589490       2.590760       2.592010       2.592060       2.592040       2.592380       2.593080       2.593040       2.593010       2.592900       2.592740       2.592520       2.593470       2.594480       2.594890       2.595310       2.596340       2.596150       2.595970       2.595810       2.595660       2.595520       2.595390       2.595270       2.595170       2.595080    
   2.589080       2.589220       2.589500       2.589500       2.590770       2.592030       2.592060       2.592050       2.592390       2.593080       2.593060       2.593040       2.592980       2.592880       2.592720       2.594660       2.594680       2.594890       2.597170       2.597990       2.597880       2.597800       2.597620       2.597450       2.597300       2.597150       2.597020       2.596900       2.596780       2.596680    
   2.589220       2.589500       2.589500       2.590770       2.592050       2.592060       2.592060       2.592390       2.593080       2.593070       2.593060       2.593030       2.592970       2.596760       2.598920       2.599880       2.599870       2.599870       2.599930       2.600480       2.599650       2.599460       2.599270       2.599100       2.598940       2.598790       2.598650       2.598520       2.598400       2.598300    
   2.589500       2.589500       2.590780       2.592050       2.592060       2.592060       2.592400       2.593080       2.593080       2.593070       2.593050       2.593020       2.599960       2.608500       2.608450       2.604920       2.605070       2.604860       2.602530       2.601310       2.601310       2.601110       2.600930       2.600750       2.600580       2.600430       2.600280       2.600150       2.600030       2.599910    
   2.589500       2.590780       2.592060       2.592060       2.592060       2.592400       2.593080       2.593080       2.593080       2.593070       2.601320       2.613730       2.610290       2.608550       2.608550       2.608450       2.606270       2.605280       2.604860       2.603450       2.602980       2.602780       2.602580       2.602400       2.602230       2.602070       2.601920       2.601780       2.601650       2.601530    
   2.590780       2.592060       2.592060       2.592060       2.592400       2.593080       2.593080       2.593080       2.593070       2.602980       2.613730       2.613730       2.613730       2.610370       2.608660       2.608660       2.608450       2.606510       2.605700       2.604860       2.604650       2.604440       2.604250       2.604060       2.603890       2.603720       2.603570       2.603420       2.603280       2.603160    
   2.592060       2.592060       2.592060       2.592400       2.593080       2.593080       2.593080       2.600410       2.606980       2.613730       2.613730       2.613730       2.613730       2.613730       2.610520       2.608870       2.608870       2.608450       2.607020       2.606540       2.606320       2.606110       2.605910       2.605720       2.605540       2.605370       2.605210       2.605060       2.604910       2.604780    
   2.592060       2.592060       2.592400       2.593080       2.593080       2.605580       2.624340       2.623370       2.622400       2.616630       2.613740       2.613730       2.613730       2.613730       2.613730       2.610810       2.609290       2.609290       2.608450       2.608210       2.607990       2.607780       2.607580       2.607380       2.607200       2.607020       2.606860       2.606700       2.606550       2.606410    
   2.592060       2.592400       2.593080       2.593080       2.608090       2.624340       2.624340       2.624340       2.623370       2.622400       2.616660       2.613770       2.613730       2.613730       2.613730       2.613730       2.611360       2.610130       2.610130       2.609890       2.609670       2.609450       2.609250       2.609050       2.608860       2.608680       2.608510       2.608340       2.608190       2.608040    
