iMOD/TUTORIALS/TUT_MetaswapAnalyser/model_MetaSWAP/meteo/Evaporation/Evaporation_20050925_L1.ASC
NCOLS                30
NROWS                30
XLLCORNER     160000.00
YLLCORNER     340000.00
CELLSIZE        1000.00
NODATA_VALUE   -9999.00
   1.874660       1.873080       1.871340       1.869440       1.867400       1.865220       1.862910       1.860470       1.857900       1.855220       1.852430       1.849530       1.846530       1.843440       1.840260       1.836990       1.833640       1.830220       1.826720       1.823150       1.819510       1.815800       1.812040       1.808220       1.804340       1.800410       1.796430       1.792400       1.788320       1.784200    
   1.875540       1.873940       1.872200       1.870300       1.868260       1.866080       1.863770       1.861330       1.858770       1.856100       1.853310       1.850420       1.847430       1.844350       1.841180       1.837920       1.834580       1.831160       1.827670       1.824110       1.820480       1.816790       1.813040       1.809230       1.805360       1.801450       1.797480       1.793460       1.789390       1.785290    
   1.876340       1.874740       1.872980       1.871080       1.869040       1.866860       1.864550       1.862120       1.859560       1.856900       1.854120       1.851240       1.848260       1.845180       1.842020       1.838770       1.835440       1.832040       1.828560       1.825010       1.821390       1.817710       1.813970       1.810170       1.806320       1.802410       1.798460       1.794450       1.790400       1.786310    
   1.877080       1.875460       1.873700       1.871790       1.869750       1.867570       1.865260       1.862830       1.860280       1.857620       1.854850       1.851980       1.849010       1.845940       1.842790       1.839550       1.836240       1.832840       1.829370       1.825830       1.822230       1.818560       1.814840       1.811050       1.807210       1.803320       1.799380       1.795390       1.791350       1.787270    
   1.877750       1.876120       1.874350       1.872440       1.870390       1.868210       1.865900       1.863480       1.860930       1.858280       1.855510       1.852650       1.849690       1.846630       1.843490       1.840270       1.836960       1.833570       1.830120       1.826590       1.823000       1.819350       1.815630       1.811860       1.808040       1.804160       1.800230       1.796260       1.792240       1.788180    
   1.878370       1.876720       1.874940       1.873020       1.870970       1.868790       1.866480       1.864060       1.861520       1.858870       1.856110       1.853250       1.850300       1.847260       1.844130       1.840910       1.837610       1.834240       1.830800       1.827290       1.823710       1.820070       1.816370       1.812610       1.808800       1.804940       1.801030       1.797070       1.793070       1.789030    
   1.878920       1.877270       1.875470       1.873540       1.871490       1.869300       1.867000       1.864570       1.862040       1.859390       1.856640       1.853800       1.850850       1.847820       1.844700       1.841490       1.838210       1.834850       1.831420       1.827920       1.824360       1.820730       1.817050       1.813310       1.809510       1.805670       1.801770       1.797830       1.793850       1.789820    
   1.879430       1.877750       1.875950       1.874010       1.871950       1.869760       1.867450       1.865030       1.862500       1.859860       1.857120       1.854280       1.851340       1.848320       1.845200       1.842010       1.838740       1.835390       1.831980       1.828490       1.824940       1.821330       1.817660       1.813940       1.810160       1.806330       1.802460       1.798530       1.794570       1.790560    
   1.879880       1.878190       1.876370       1.874430       1.872360       1.870170       1.867860       1.865440       1.862910       1.860270       1.857530       1.854700       1.851770       1.848760       1.845650       1.842470       1.839210       1.835880       1.832480       1.829010       1.825470       1.821880       1.818220       1.814520       1.810760       1.806950       1.803090       1.799180       1.795240       1.791250    
   1.880280       1.878580       1.876750       1.874790       1.872720       1.870520       1.868210       1.865790       1.863260       1.860630       1.857890       1.855070       1.852150       1.849140       1.846050       1.842880       1.839630       1.836310       1.832920       1.829470       1.825950       1.822370       1.818730       1.815040       1.811300       1.807510       1.803670       1.799780       1.795860       1.791890    
   1.880240       1.878540       1.876310       1.875110       1.873030       1.870830       1.868510       1.866090       1.863560       1.860930       1.858210       1.855380       1.852470       1.849470       1.846390       1.843230       1.840000       1.836690       1.833310       1.829870       1.826370       1.822810       1.819190       1.815510       1.811790       1.808020       1.804200       1.800330       1.796420       1.792480    
   1.880200       1.877550       1.875110       1.873740       1.873290       1.871090       1.868770       1.866350       1.863820       1.861190       1.858470       1.855650       1.852750       1.849760       1.846680       1.843540       1.840310       1.837020       1.833660       1.830230       1.826740       1.823190       1.819590       1.815940       1.812230       1.808480       1.804680       1.800830       1.796950       1.793020    
   1.878660       1.875110       1.873940       1.873400       1.873520       1.871310       1.868980       1.866560       1.864030       1.861410       1.858680       1.855870       1.852980       1.849990       1.846930       1.843790       1.840580       1.837300       1.833950       1.830540       1.827060       1.823530       1.819950       1.816310       1.812630       1.808890       1.805110       1.801290       1.797420       1.793520    
   1.875110       1.874010       1.873460       1.873520       1.872100       1.871480       1.869160       1.866730       1.864200       1.861580       1.858860       1.856050       1.853160       1.850180       1.847130       1.844000       1.840800       1.837530       1.834200       1.830800       1.827340       1.823830       1.820260       1.816640       1.812980       1.809260       1.805500       1.801700       1.797860       1.793980    
   1.874030       1.873490       1.873520       1.872370       1.871480       1.869980       1.869290       1.866860       1.864330       1.861710       1.858990       1.856190       1.853300       1.850330       1.847290       1.844170       1.840980       1.837720       1.834400       1.831020       1.827580       1.824080       1.820530       1.816930       1.813280       1.809590       1.805850       1.802070       1.798250       1.794390    
   1.873510       1.873520       1.872460       1.871480       1.870250       1.869290       1.868080       1.866830       1.863670       1.861800       1.859090       1.856290       1.853410       1.850440       1.847410       1.844300       1.841120       1.837870       1.834570       1.831200       1.827770       1.824290       1.820760       1.817180       1.813550       1.809880       1.806160       1.802400       1.798600       1.794770    
   1.873520       1.872490       1.871480       1.870340       1.869290       1.868680       1.868060       1.865090       1.861800       1.860450       1.857980       1.856350       1.853470       1.850520       1.847490       1.844390       1.841220       1.837990       1.834690       1.831340       1.827930       1.824460       1.820950       1.817390       1.813780       1.810120       1.806430       1.802690       1.798920       1.795110    
   1.872500       1.871480       1.870370       1.869290       1.868990       1.868680       1.865910       1.861800       1.861120       1.858590       1.856360       1.856380       1.853510       1.850560       1.847530       1.844440       1.841280       1.838060       1.834780       1.831440       1.828040       1.824600       1.821100       1.817560       1.813970       1.810340       1.806660       1.802950       1.799200       1.795410    
   1.871480       1.870380       1.869290       1.869140       1.868990       1.866340       1.861800       1.861460       1.858850       1.856370       1.856380       1.854940       1.852750       1.850560       1.847550       1.844460       1.841310       1.838100       1.834830       1.831510       1.828130       1.824700       1.821220       1.817690       1.814120       1.810510       1.806860       1.803170       1.799440       1.795680    
   1.870380       1.869290       1.869210       1.869140       1.866570       1.861800       1.861630       1.858970       1.856380       1.856380       1.855660       1.853660       1.850560       1.849060       1.847520       1.844440       1.841290       1.838080       1.833510       1.831540       1.828180       1.824760       1.821300       1.817800       1.814250       1.810660       1.807030       1.803360       1.799660       1.795920    
   1.869290       1.869250       1.869210       1.866680       1.861800       1.861720       1.859030       1.856380       1.856380       1.856020       1.854070       1.850560       1.849810       1.849050       1.847010       1.844420       1.841270       1.835190       1.831540       1.831550       1.828200       1.824800       1.821360       1.817870       1.814340       1.810770       1.807160       1.803520       1.799840       1.796130    
   1.869270       1.869250       1.866740       1.861800       1.861760       1.859060       1.856380       1.856380       1.856200       1.854260       1.850560       1.850180       1.849800       1.848620       1.846820       1.844230       1.836800       1.831550       1.831550       1.829310       1.828190       1.824810       1.821380       1.817910       1.814400       1.810860       1.807270       1.803650       1.800000       1.796310    
   1.869270       1.866760       1.861800       1.861780       1.859080       1.856380       1.856380       1.856290       1.854350       1.850560       1.850370       1.850180       1.849540       1.848420       1.846560       1.838140       1.831550       1.831550       1.829270       1.828150       1.826130       1.824790       1.821380       1.817930       1.814440       1.810910       1.807350       1.803760       1.800130       1.796460    
   1.866780       1.861800       1.861790       1.859080       1.856380       1.856380       1.856340       1.854390       1.850560       1.850470       1.850370       1.850030       1.849380       1.844620       1.838410       1.831300       1.831310       1.829780       1.828070       1.828060       1.828100       1.824750       1.821360       1.817920       1.814450       1.810950       1.807410       1.803840       1.800230       1.796590    
   1.861800       1.861790       1.859090       1.856380       1.856380       1.856360       1.854420       1.850560       1.850510       1.850470       1.850290       1.849930       1.842390       1.833960       1.833970       1.832080       1.831050       1.831070       1.828960       1.828010       1.828020       1.824680       1.821310       1.817890       1.814450       1.810960       1.807440       1.803890       1.800310       1.796700    
   1.861800       1.859090       1.856380       1.856380       1.856370       1.854430       1.850560       1.850540       1.850510       1.850420       1.844760       1.836550       1.834820       1.833960       1.833960       1.833970       1.832000       1.831030       1.831070       1.828700       1.827920       1.824600       1.821240       1.817840       1.814420       1.810950       1.807460       1.803930       1.800380       1.796790    
   1.859090       1.856380       1.856380       1.856370       1.854430       1.850560       1.850550       1.850540       1.850490       1.843760       1.836550       1.836550       1.836550       1.834810       1.833950       1.833950       1.833970       1.831930       1.830990       1.831070       1.827800       1.824500       1.821150       1.817780       1.814370       1.810930       1.807450       1.803950       1.800420       1.796870    
   1.856380       1.856380       1.856380       1.854440       1.850560       1.850550       1.850550       1.847560       1.842870       1.836550       1.836550       1.836550       1.836550       1.836550       1.834790       1.833920       1.833930       1.833970       1.831680       1.830920       1.827670       1.824380       1.821050       1.817690       1.814300       1.810880       1.807440       1.803960       1.800450       1.796920    
   1.856380       1.856380       1.854440       1.850560       1.850560       1.846950       1.841540       1.840100       1.838660       1.837250       1.836550       1.836550       1.836550       1.836550       1.836550       1.834750       1.833880       1.833880       1.833970       1.830760       1.827520       1.824240       1.820940       1.817590       1.814220       1.810830       1.807400       1.803950       1.800470       1.796970    
   1.856380       1.854440       1.850560       1.850560       1.846230       1.841540       1.841540       1.841540       1.840100       1.838660       1.837250       1.836550       1.836550       1.836550       1.836550       1.836550       1.834640       1.833790       1.833790       1.830600       1.827360       1.824100       1.820810       1.817480       1.814130       1.810760       1.807360       1.803930       1.800480       1.797000    
