iMOD/TUTORIALS/TUT_MetaswapAnalyser/model_MetaSWAP/meteo/Evaporation/Evaporation_20060410_L1.ASC
NCOLS                30
NROWS                30
XLLCORNER     160000.00
YLLCORNER     340000.00
CELLSIZE        1000.00
NODATA_VALUE   -9999.00
   1.655770       1.655140       1.654590       1.654120       1.653720       1.653380       1.653090       1.652860       1.652660       1.652500       1.652370       1.652260       1.652170       1.652090       1.652030       1.651960       1.651900       1.651830       1.651760       1.651670       1.651580       1.651470       1.651340       1.651190       1.651020       1.650830       1.650620       1.650380       1.650120       1.649830    
   1.653860       1.653210       1.652640       1.652150       1.651720       1.651350       1.651040       1.650780       1.650550       1.650370       1.650210       1.650080       1.649970       1.649870       1.649780       1.649700       1.649620       1.649540       1.649450       1.649360       1.649250       1.649130       1.649000       1.648840       1.648670       1.648480       1.648260       1.648020       1.647760       1.647470    
   1.652010       1.651340       1.650750       1.650230       1.649780       1.649380       1.649050       1.648760       1.648510       1.648300       1.648120       1.647960       1.647830       1.647710       1.647600       1.647500       1.647410       1.647310       1.647210       1.647100       1.646980       1.646850       1.646710       1.646550       1.646370       1.646170       1.645950       1.645710       1.645450       1.645160    
   1.650210       1.649530       1.648910       1.648370       1.647890       1.647480       1.647110       1.646800       1.646520       1.646290       1.646080       1.645900       1.645750       1.645610       1.645480       1.645360       1.645250       1.645130       1.645020       1.644900       1.644770       1.644630       1.644480       1.644310       1.644120       1.643920       1.643690       1.643450       1.643180       1.642890    
   1.648470       1.647760       1.647130       1.646570       1.646070       1.645620       1.645240       1.644900       1.644600       1.644340       1.644110       1.643910       1.643730       1.643570       1.643420       1.643280       1.643150       1.643020       1.642890       1.642750       1.642610       1.642460       1.642290       1.642110       1.641920       1.641710       1.641480       1.641230       1.640960       1.640660    
   1.646780       1.646050       1.645400       1.644820       1.644290       1.643830       1.643410       1.643050       1.642730       1.642440       1.642190       1.641960       1.641760       1.641580       1.641410       1.641250       1.641100       1.640950       1.640810       1.640660       1.640500       1.640340       1.640160       1.639970       1.639770       1.639550       1.639310       1.639060       1.638780       1.638480    
   1.645130       1.644390       1.643720       1.643110       1.642570       1.642080       1.641640       1.641260       1.640910       1.640600       1.640320       1.640080       1.639850       1.639650       1.639460       1.639280       1.639110       1.638940       1.638780       1.638610       1.638440       1.638260       1.638080       1.637880       1.637660       1.637440       1.637190       1.636930       1.636640       1.636340    
   1.643530       1.642770       1.642080       1.641460       1.640890       1.640380       1.639930       1.639510       1.639140       1.638810       1.638510       1.638240       1.637990       1.637770       1.637560       1.637360       1.637170       1.636990       1.636800       1.636620       1.636440       1.636240       1.636040       1.635830       1.635610       1.635370       1.635110       1.634840       1.634550       1.634240    
   1.641980       1.641200       1.640490       1.639850       1.639260       1.638730       1.638250       1.637820       1.637430       1.637070       1.636750       1.636460       1.636190       1.635940       1.635710       1.635490       1.635280       1.635080       1.634880       1.634680       1.634480       1.634270       1.634060       1.633830       1.633590       1.633350       1.633080       1.632800       1.632500       1.632190    
   1.640460       1.639670       1.638950       1.638290       1.637680       1.637130       1.636630       1.636170       1.635760       1.635380       1.635030       1.634720       1.634430       1.634160       1.633910       1.633670       1.633440       1.633220       1.633000       1.632780       1.632570       1.632340       1.632110       1.631880       1.631630       1.631370       1.631090       1.630800       1.630490       1.630170    
   1.640480       1.639690       1.638420       1.636760       1.636140       1.635570       1.635040       1.634570       1.634130       1.633730       1.633370       1.633030       1.632720       1.632420       1.632150       1.631890       1.631640       1.631400       1.631170       1.630930       1.630700       1.630460       1.630220       1.629960       1.629700       1.629430       1.629140       1.628840       1.628520       1.628190    
   1.640510       1.638840       1.636760       1.635180       1.634640       1.634050       1.633500       1.633010       1.632550       1.632130       1.631740       1.631380       1.631050       1.630740       1.630440       1.630160       1.629900       1.629640       1.629380       1.629130       1.628880       1.628620       1.628360       1.628100       1.627820       1.627530       1.627240       1.626920       1.626590       1.626250    
   1.639370       1.636760       1.634750       1.633900       1.633170       1.632570       1.632000       1.631490       1.631010       1.630570       1.630160       1.629780       1.629420       1.629090       1.628780       1.628480       1.628190       1.627910       1.627640       1.627370       1.627100       1.626830       1.626550       1.626270       1.625980       1.625680       1.625370       1.625040       1.624700       1.624350    
   1.636760       1.634560       1.633540       1.633170       1.632290       1.631120       1.630540       1.630000       1.629510       1.629040       1.628620       1.628210       1.627840       1.627490       1.627150       1.626830       1.626530       1.626230       1.625940       1.625650       1.625360       1.625070       1.624780       1.624480       1.624180       1.623860       1.623540       1.623200       1.622850       1.622480    
   1.634460       1.633350       1.633170       1.632190       1.631120       1.630260       1.629120       1.628560       1.628040       1.627560       1.627110       1.626690       1.626300       1.625920       1.625570       1.625230       1.624900       1.624590       1.624280       1.623970       1.623660       1.623360       1.623050       1.622740       1.622420       1.622090       1.621750       1.621400       1.621030       1.620650    
   1.633260       1.633170       1.632160       1.631120       1.630170       1.629120       1.628840       1.628570       1.627570       1.626110       1.625650       1.625200       1.624790       1.624400       1.624020       1.623660       1.623320       1.622980       1.622650       1.622330       1.622010       1.621680       1.621360       1.621030       1.620690       1.620350       1.619990       1.619630       1.619250       1.618860    
   1.633170       1.632150       1.631120       1.630140       1.629120       1.628980       1.628840       1.627770       1.626110       1.625880       1.624610       1.623750       1.623320       1.622910       1.622510       1.622140       1.621770       1.621420       1.621070       1.620730       1.620390       1.620040       1.619700       1.619360       1.619000       1.618640       1.618270       1.617890       1.617500       1.617100    
   1.632150       1.631120       1.630130       1.629120       1.629050       1.628980       1.627930       1.626110       1.625990       1.624400       1.623040       1.622340       1.621890       1.621450       1.621040       1.620640       1.620260       1.619890       1.619520       1.619160       1.618800       1.618440       1.618080       1.617720       1.617350       1.616980       1.616590       1.616200       1.615790       1.615370    
   1.631120       1.630120       1.629120       1.629090       1.629050       1.628020       1.626110       1.626050       1.624310       1.622690       1.622340       1.622110       1.621430       1.620030       1.619600       1.619190       1.618780       1.618390       1.618010       1.617630       1.617250       1.616880       1.616500       1.616120       1.615730       1.615340       1.614940       1.614530       1.614110       1.613680    
   1.630120       1.629120       1.629100       1.629090       1.628070       1.626110       1.626080       1.624270       1.622520       1.622340       1.622230       1.621480       1.620030       1.619820       1.619610       1.619190       1.618790       1.618390       1.616960       1.616130       1.615730       1.615340       1.614950       1.614550       1.614150       1.613740       1.613320       1.612890       1.612460       1.612010    
   1.629120       1.629110       1.629100       1.628090       1.626110       1.626100       1.624240       1.622430       1.622340       1.622280       1.621520       1.620030       1.619920       1.619820       1.619540       1.619190       1.618790       1.616840       1.615400       1.614660       1.614250       1.613840       1.613430       1.613010       1.612590       1.612170       1.611730       1.611290       1.610840       1.610380    
   1.629120       1.629110       1.628100       1.626110       1.626100       1.624230       1.622380       1.622340       1.622310       1.621540       1.620030       1.619980       1.619920       1.619760       1.619520       1.619170       1.616900       1.615030       1.614660       1.613900       1.612800       1.612370       1.611940       1.611500       1.611070       1.610630       1.610180       1.609720       1.609250       1.608770    
   1.629120       1.628110       1.626110       1.626110       1.624230       1.622360       1.622340       1.622330       1.621560       1.620030       1.620000       1.619980       1.619890       1.619730       1.619480       1.616200       1.614840       1.614660       1.612310       1.611390       1.611120       1.610930       1.610480       1.610030       1.609570       1.609110       1.608650       1.608170       1.607690       1.607190    
   1.628110       1.626110       1.626110       1.624230       1.622350       1.622340       1.622330       1.621560       1.620030       1.620020       1.620000       1.619960       1.619870       1.615900       1.612870       1.610570       1.610560       1.610220       1.609770       1.609300       1.609980       1.609510       1.609050       1.608580       1.608110       1.607630       1.607150       1.606650       1.606150       1.605640    
   1.626110       1.626110       1.624230       1.622350       1.622340       1.622340       1.621570       1.620030       1.620020       1.620020       1.619990       1.619940       1.612920       1.604450       1.604490       1.606750       1.606310       1.606470       1.607860       1.608620       1.608610       1.608130       1.607640       1.607160       1.606670       1.606170       1.605670       1.605160       1.604640       1.604120    
   1.626110       1.624230       1.622340       1.622340       1.622340       1.621570       1.620030       1.620030       1.620020       1.620010       1.612590       1.601490       1.603430       1.604410       1.604410       1.604490       1.605640       1.606150       1.606470       1.607070       1.607270       1.606770       1.606260       1.605760       1.605250       1.604740       1.604220       1.603700       1.603160       1.602610    
   1.624230       1.622340       1.622340       1.622340       1.621570       1.620030       1.620030       1.620030       1.620020       1.611120       1.601490       1.601490       1.601490       1.603380       1.604340       1.604340       1.604490       1.605450       1.605830       1.606470       1.605950       1.605430       1.604910       1.604390       1.603860       1.603330       1.602800       1.602250       1.601700       1.601140    
   1.622340       1.622340       1.622340       1.621570       1.620030       1.620030       1.620030       1.614150       1.608170       1.601490       1.601490       1.601490       1.601490       1.601490       1.603270       1.604190       1.604190       1.604490       1.605020       1.605190       1.604650       1.604120       1.603580       1.603040       1.602500       1.601950       1.601400       1.600830       1.600260       1.599680    
   1.622340       1.622340       1.621570       1.620030       1.620030       1.610480       1.596160       1.596350       1.596540       1.599830       1.601480       1.601490       1.601490       1.601490       1.601490       1.603050       1.603880       1.603880       1.604490       1.603930       1.603380       1.602830       1.602270       1.601720       1.601160       1.600590       1.600020       1.599430       1.598850       1.598250    
   1.622340       1.621570       1.620030       1.620030       1.608570       1.596160       1.596160       1.596160       1.596350       1.596540       1.599820       1.601460       1.601490       1.601490       1.601490       1.601490       1.602640       1.603280       1.603270       1.602700       1.602130       1.601560       1.600990       1.600410       1.599830       1.599250       1.598660       1.598060       1.597450       1.596830    
