iMOD/TUTORIALS/TUT_MetaswapAnalyser/model_MetaSWAP/meteo/Evaporation/Evaporation_20050930_L1.ASC
NCOLS                30
NROWS                30
XLLCORNER     160000.00
YLLCORNER     340000.00
CELLSIZE        1000.00
NODATA_VALUE   -9999.00
  0.8755200      0.8779700      0.8804000      0.8828200      0.8852200      0.8876000      0.8899700      0.8923100      0.8946400      0.8969500      0.8992400      0.9015100      0.9037600      0.9059900      0.9082100      0.9104100      0.9125800      0.9147400      0.9168800      0.9190100      0.9211100      0.9232000      0.9252700      0.9273200      0.9293500      0.9313700      0.9333800      0.9353600      0.9373300      0.9392900    
  0.8784600      0.8809200      0.8833600      0.8857900      0.8882000      0.8905900      0.8929600      0.8953100      0.8976500      0.8999700      0.9022700      0.9045500      0.9068100      0.9090500      0.9112800      0.9134800      0.9156700      0.9178400      0.9199900      0.9221200      0.9242300      0.9263300      0.9284100      0.9304700      0.9325100      0.9345400      0.9365500      0.9385500      0.9405300      0.9424900    
  0.8814000      0.8838700      0.8863200      0.8887600      0.8911700      0.8935700      0.8959600      0.8983200      0.9006600      0.9029900      0.9053000      0.9075900      0.9098600      0.9121100      0.9143500      0.9165600      0.9187600      0.9209300      0.9230900      0.9252300      0.9273600      0.9294600      0.9315500      0.9336200      0.9356700      0.9377100      0.9397300      0.9417300      0.9437200      0.9456900    
  0.8843400      0.8868200      0.8892800      0.8917300      0.8941500      0.8965600      0.8989500      0.9013200      0.9036800      0.9060100      0.9083300      0.9106300      0.9129100      0.9151700      0.9174100      0.9196400      0.9218400      0.9240300      0.9262000      0.9283500      0.9304800      0.9325900      0.9346900      0.9367700      0.9388300      0.9408700      0.9429000      0.9449100      0.9469100      0.9488900    
  0.8872900      0.8897700      0.8922400      0.8947000      0.8971300      0.8995500      0.9019500      0.9043300      0.9066900      0.9090400      0.9113600      0.9136700      0.9159600      0.9182300      0.9204800      0.9227100      0.9249300      0.9271200      0.9293000      0.9314600      0.9336000      0.9357200      0.9378300      0.9399100      0.9419800      0.9440400      0.9460700      0.9480900      0.9501000      0.9520900    
  0.8902300      0.8927300      0.8952100      0.8976700      0.9001100      0.9025400      0.9049500      0.9073400      0.9097100      0.9120600      0.9144000      0.9167100      0.9190100      0.9212900      0.9235500      0.9257900      0.9280200      0.9302200      0.9324000      0.9345700      0.9367200      0.9388500      0.9409600      0.9430600      0.9451400      0.9472000      0.9492400      0.9512700      0.9532800      0.9552800    
  0.8931800      0.8956800      0.8981700      0.9006400      0.9030900      0.9055300      0.9079500      0.9103400      0.9127300      0.9150900      0.9174300      0.9197600      0.9220600      0.9243500      0.9266200      0.9288700      0.9311000      0.9333100      0.9355100      0.9376800      0.9398400      0.9419800      0.9441000      0.9462000      0.9482900      0.9503600      0.9524100      0.9544500      0.9564700      0.9584700    
  0.8961200      0.8986400      0.9011300      0.9036100      0.9060700      0.9085200      0.9109400      0.9133500      0.9157400      0.9181100      0.9204700      0.9228000      0.9251100      0.9274100      0.9296900      0.9319500      0.9341900      0.9364100      0.9386100      0.9408000      0.9429600      0.9451100      0.9472400      0.9493500      0.9514400      0.9535200      0.9555800      0.9576200      0.9596500      0.9616600    
  0.8990700      0.9015900      0.9041000      0.9065900      0.9090600      0.9115100      0.9139400      0.9163600      0.9187600      0.9211400      0.9235000      0.9258400      0.9281700      0.9304700      0.9327600      0.9350200      0.9372700      0.9395000      0.9417100      0.9439100      0.9460800      0.9482300      0.9503700      0.9524900      0.9545900      0.9566800      0.9587400      0.9607900      0.9628300      0.9648500    
  0.9020200      0.9045500      0.9070600      0.9095600      0.9120400      0.9145000      0.9169400      0.9193700      0.9217700      0.9241600      0.9265300      0.9288800      0.9312200      0.9335300      0.9358300      0.9381000      0.9403600      0.9426000      0.9448200      0.9470200      0.9492000      0.9513600      0.9535100      0.9556300      0.9577400      0.9598300      0.9619100      0.9639600      0.9660100      0.9680300    
  0.9020130      0.9045430      0.9084250      0.9125300      0.9150200      0.9174900      0.9199400      0.9223800      0.9247900      0.9271900      0.9295700      0.9319300      0.9342700      0.9365900      0.9388900      0.9411800      0.9434400      0.9456900      0.9479200      0.9501200      0.9523100      0.9544800      0.9566400      0.9587700      0.9608900      0.9629900      0.9650700      0.9671300      0.9691800      0.9712100    
  0.9020080      0.9068780      0.9125300      0.9166320      0.9180000      0.9204800      0.9229400      0.9253800      0.9278100      0.9302100      0.9326000      0.9349700      0.9373200      0.9396500      0.9419600      0.9442500      0.9465300      0.9487800      0.9510200      0.9532300      0.9554300      0.9576100      0.9597700      0.9619100      0.9640300      0.9661400      0.9682300      0.9703000      0.9723500      0.9743900    
  0.9052190      0.9125300      0.9174080      0.9194900      0.9209800      0.9234700      0.9259400      0.9283900      0.9308200      0.9332400      0.9356300      0.9380100      0.9403700      0.9427100      0.9450300      0.9473300      0.9496100      0.9518700      0.9541100      0.9563400      0.9585400      0.9607300      0.9629000      0.9650400      0.9671800      0.9692900      0.9713800      0.9734600      0.9755200      0.9775700    
  0.9125300      0.9177880      0.9202350      0.9209800      0.9236370      0.9264600      0.9289400      0.9313900      0.9338400      0.9362600      0.9386600      0.9410500      0.9434200      0.9457600      0.9480900      0.9504000      0.9526900      0.9549600      0.9572100      0.9594400      0.9616500      0.9638500      0.9660200      0.9681800      0.9703200      0.9724400      0.9745400      0.9766200      0.9786900      0.9807400    
  0.9179760      0.9206070      0.9209800      0.9236920      0.9264600      0.9291100      0.9319300      0.9344000      0.9368500      0.9392800      0.9416900      0.9440900      0.9464600      0.9488200      0.9511500      0.9534700      0.9557700      0.9580500      0.9603000      0.9625400      0.9647600      0.9669600      0.9691500      0.9713100      0.9734500      0.9755800      0.9776900      0.9797800      0.9818500      0.9839100    
  0.9207940      0.9209800      0.9237110      0.9264600      0.9291670      0.9319300      0.9331650      0.9343930      0.9382080      0.9423000      0.9447200      0.9471200      0.9495100      0.9518700      0.9542200      0.9565400      0.9588500      0.9611300      0.9634000      0.9656400      0.9678700      0.9700800      0.9722700      0.9744400      0.9765900      0.9787200      0.9808400      0.9829300      0.9850100      0.9870800    
  0.9209800      0.9237170      0.9264600      0.9291860      0.9319300      0.9325480      0.9331630      0.9370160      0.9423000      0.9435100      0.9474980      0.9501600      0.9525500      0.9549200      0.9572700      0.9596100      0.9619200      0.9642100      0.9664900      0.9687400      0.9709800      0.9731900      0.9753900      0.9775700      0.9797200      0.9818600      0.9839800      0.9860900      0.9881700      0.9902400    
  0.9237190      0.9264600      0.9291920      0.9319300      0.9322390      0.9325470      0.9362570      0.9423000      0.9429050      0.9476350      0.9516750      0.9531900      0.9555900      0.9579700      0.9603300      0.9626700      0.9649900      0.9673000      0.9695800      0.9718400      0.9740800      0.9763000      0.9785100      0.9806900      0.9828500      0.9850000      0.9871300      0.9892300      0.9913200      0.9934000    
  0.9264600      0.9291940      0.9319300      0.9320840      0.9322390      0.9358360      0.9423000      0.9426030      0.9476920      0.9524330      0.9531900      0.9543900      0.9569420      0.9610200      0.9633900      0.9657400      0.9680700      0.9703700      0.9726600      0.9749300      0.9771800      0.9794100      0.9816200      0.9838100      0.9859800      0.9881300      0.9902600      0.9923800      0.9944700      0.9965500    
  0.9291950      0.9319300      0.9320070      0.9320840      0.9356150      0.9423000      0.9424510      0.9477190      0.9528110      0.9531900      0.9537900      0.9563860      0.9610200      0.9622050      0.9633830      0.9657330      0.9680600      0.9703670      0.9754180      0.9780200      0.9802800      0.9825100      0.9847300      0.9869300      0.9891000      0.9912600      0.9934000      0.9955200      0.9976200      0.9997000    
  0.9319300      0.9319690      0.9320070      0.9355020      0.9423000      0.9423760      0.9477320      0.9530010      0.9531900      0.9534900      0.9560960      0.9610200      0.9616120      0.9622030      0.9637740      0.9657260      0.9680530      0.9749040      0.9795650      0.9811100      0.9833700      0.9856200      0.9878400      0.9900400      0.9922200      0.9943900      0.9965300      0.9986600       1.000760       1.002850    
  0.9319490      0.9319690      0.9354440      0.9423000      0.9423380      0.9477390      0.9530950      0.9531900      0.9533400      0.9559490      0.9610200      0.9613160      0.9616120      0.9625300      0.9639010      0.9658510      0.9740260      0.9803380      0.9811100      0.9836470      0.9864600      0.9887100      0.9909400      0.9931500      0.9953400      0.9975100      0.9996600       1.001790       1.003900       1.005990    
  0.9319490      0.9354160      0.9423000      0.9423190      0.9477420      0.9531430      0.9531900      0.9532650      0.9558750      0.9610200      0.9611680      0.9613160      0.9618190      0.9626810      0.9640940      0.9749670      0.9807240      0.9811100      0.9871180      0.9895450      0.9909020      0.9918100      0.9940400      0.9962600      0.9984500       1.000630       1.002780       1.004920       1.007030       1.009130    
  0.9354010      0.9423000      0.9423090      0.9477430      0.9531660      0.9531900      0.9532280      0.9558370      0.9610200      0.9610940      0.9611680      0.9614340      0.9619390      0.9729810      0.9823520      0.9903340      0.9903350      0.9916070      0.9931420      0.9941700      0.9926300      0.9949000      0.9971400      0.9993600       1.001560       1.003740       1.005900       1.008040       1.010160       1.012260    
  0.9423000      0.9423050      0.9477440      0.9531780      0.9531900      0.9532090      0.9558190      0.9610200      0.9610570      0.9610940      0.9612320      0.9615140      0.9806600       1.003430       1.003330      0.9987090      0.9999420      0.9995600      0.9971050      0.9957100      0.9957100      0.9979800       1.000230       1.002460       1.004660       1.006850       1.009010       1.011160       1.013280       1.015390    
  0.9423020      0.9477450      0.9531840      0.9531900      0.9531990      0.9558090      0.9610200      0.9610380      0.9610570      0.9611280      0.9807920       1.010060       1.005720       1.003520       1.003520       1.003330       1.001230       1.000320      0.9995600      0.9989800      0.9987900       1.001060       1.003320       1.005550       1.007760       1.009950       1.012120       1.014270       1.016400       1.018510    
  0.9477450      0.9531870      0.9531900      0.9531950      0.9558050      0.9610200      0.9610290      0.9610380      0.9610740      0.9846190       1.010060       1.010060       1.010060       1.005860       1.003710       1.003710       1.003330       1.001690       1.001090      0.9995600       1.001860       1.004140       1.006400       1.008640       1.010850       1.013050       1.015220       1.017380       1.019510       1.021630    
  0.9531890      0.9531900      0.9531920      0.9558020      0.9610200      0.9610250      0.9610290      0.9764380      0.9922790       1.010070       1.010060       1.010060       1.010060       1.010060       1.006130       1.004090       1.004090       1.003330       1.002790       1.002620       1.004930       1.007210       1.009480       1.011720       1.013940       1.016140       1.018320       1.020480       1.022620       1.024730    
  0.9531900      0.9531910      0.9558010      0.9610200      0.9610220      0.9858560       1.023100       1.022860       1.022610       1.014270       1.010080       1.010060       1.010060       1.010060       1.010060       1.006680       1.004850       1.004850       1.003330       1.005670       1.007990       1.010280       1.012550       1.014800       1.017020       1.019230       1.021410       1.023570       1.025710       1.027840    
  0.9531910      0.9558010      0.9610200      0.9610210      0.9908240       1.023110       1.023110       1.023100       1.022860       1.022610       1.014310       1.010130       1.010060       1.010060       1.010060       1.010060       1.007710       1.006370       1.006370       1.008720       1.011040       1.013340       1.015610       1.017870       1.020100       1.022310       1.024490       1.026660       1.028810       1.030930    
