iMOD/TUTORIALS/TUT_MetaswapAnalyser/model_MetaSWAP/meteo/Evaporation/Evaporation_20060311_L1.ASC
NCOLS                30
NROWS                30
XLLCORNER     160000.00
YLLCORNER     340000.00
CELLSIZE        1000.00
NODATA_VALUE   -9999.00
  0.2794300      0.2774600      0.2755300      0.2736400      0.2717700      0.2699400      0.2681300      0.2663500      0.2646000      0.2628800      0.2611800      0.2595000      0.2578400      0.2562100      0.2545900      0.2529900      0.2514100      0.2498500      0.2483000      0.2467600      0.2452400      0.2437300      0.2422300      0.2407500      0.2392700      0.2378000      0.2363400      0.2349000      0.2334500      0.2320200    
  0.2782200      0.2762500      0.2743200      0.2724100      0.2705400      0.2687000      0.2668800      0.2651000      0.2633400      0.2616000      0.2598900      0.2582100      0.2565400      0.2548900      0.2532700      0.2516600      0.2500600      0.2484900      0.2469300      0.2453800      0.2438500      0.2423300      0.2408200      0.2393200      0.2378300      0.2363500      0.2348800      0.2334200      0.2319700      0.2305200    
  0.2770400      0.2750600      0.2731200      0.2712100      0.2693300      0.2674800      0.2656600      0.2638600      0.2620900      0.2603500      0.2586300      0.2569300      0.2552600      0.2536000      0.2519600      0.2503400      0.2487400      0.2471500      0.2455800      0.2440200      0.2424800      0.2409500      0.2394300      0.2379100      0.2364100      0.2349200      0.2334400      0.2319700      0.2305000      0.2290400    
  0.2758800      0.2739000      0.2719500      0.2700300      0.2681400      0.2662800      0.2644500      0.2626500      0.2608700      0.2591200      0.2573900      0.2556800      0.2540000      0.2523300      0.2506800      0.2490500      0.2474400      0.2458400      0.2442600      0.2426900      0.2411300      0.2395900      0.2380500      0.2365300      0.2350200      0.2335200      0.2320200      0.2305300      0.2290500      0.2275800    
  0.2747400      0.2727500      0.2707900      0.2688600      0.2669700      0.2651000      0.2632700      0.2614600      0.2596700      0.2579100      0.2561700      0.2544500      0.2527600      0.2510800      0.2494200      0.2477800      0.2461600      0.2445500      0.2429600      0.2413700      0.2398100      0.2382500      0.2367000      0.2351700      0.2336400      0.2321300      0.2306200      0.2291200      0.2276300      0.2261400    
  0.2736100      0.2716200      0.2696500      0.2677200      0.2658200      0.2639500      0.2621000      0.2602800      0.2584900      0.2567200      0.2549700      0.2532400      0.2515400      0.2498500      0.2481800      0.2465300      0.2449000      0.2432800      0.2416700      0.2400800      0.2385000      0.2369300      0.2353800      0.2338300      0.2322900      0.2307600      0.2292400      0.2277300      0.2262200      0.2247200    
  0.2725000      0.2705000      0.2685300      0.2666000      0.2646900      0.2628100      0.2609600      0.2591300      0.2573300      0.2555500      0.2537900      0.2520500      0.2503400      0.2486400      0.2469600      0.2453000      0.2436600      0.2420300      0.2404100      0.2388100      0.2372200      0.2356400      0.2340700      0.2325100      0.2309600      0.2294100      0.2278800      0.2263500      0.2248300      0.2233200    
  0.2714100      0.2694100      0.2674300      0.2654900      0.2635700      0.2616900      0.2598300      0.2579900      0.2561800      0.2543900      0.2526300      0.2508800      0.2491600      0.2474500      0.2457600      0.2440900      0.2424400      0.2407900      0.2391700      0.2375500      0.2359500      0.2343600      0.2327700      0.2312000      0.2296400      0.2280900      0.2265400      0.2250000      0.2234600      0.2219400    
  0.2703300      0.2683200      0.2663500      0.2644000      0.2624800      0.2605800      0.2587100      0.2568700      0.2550500      0.2532600      0.2514800      0.2497300      0.2480000      0.2462800      0.2445800      0.2429000      0.2412300      0.2395800      0.2379400      0.2363100      0.2347000      0.2331000      0.2315000      0.2299200      0.2283400      0.2267700      0.2252100      0.2236600      0.2221100      0.2205700    
  0.2692700      0.2672600      0.2652700      0.2633200      0.2613900      0.2594900      0.2576200      0.2557700      0.2539400      0.2521400      0.2503500      0.2485900      0.2468500      0.2451200      0.2434200      0.2417200      0.2400500      0.2383800      0.2367300      0.2350900      0.2334700      0.2318500      0.2302500      0.2286500      0.2270600      0.2254800      0.2239100      0.2223400      0.2207800      0.2192200    
  0.2692830      0.2672670      0.2645270      0.2622600      0.2603200      0.2584200      0.2565400      0.2546800      0.2528400      0.2510300      0.2492400      0.2474700      0.2457200      0.2439800      0.2422700      0.2405600      0.2388800      0.2372000      0.2355400      0.2338900      0.2322500      0.2306300      0.2290100      0.2274000      0.2258000      0.2242000      0.2226200      0.2210400      0.2194600      0.2178900    
  0.2692920      0.2658340      0.2622600      0.2600180      0.2592700      0.2573600      0.2554700      0.2536000      0.2517600      0.2499400      0.2481400      0.2463600      0.2446000      0.2428600      0.2411300      0.2394200      0.2377200      0.2360400      0.2343600      0.2327000      0.2310500      0.2294100      0.2277800      0.2261600      0.2245500      0.2229400      0.2213400      0.2197500      0.2181600      0.2165800    
  0.2671810      0.2622600      0.2598110      0.2587450      0.2582200      0.2563100      0.2544100      0.2525400      0.2506900      0.2488700      0.2470600      0.2452700      0.2435000      0.2417500      0.2400100      0.2382900      0.2365800      0.2348900      0.2332000      0.2315300      0.2298700      0.2282200      0.2265800      0.2249400      0.2233100      0.2216900      0.2200800      0.2184700      0.2168700      0.2152700    
  0.2622600      0.2596930      0.2584830      0.2582200      0.2566000      0.2552700      0.2533700      0.2514900      0.2496400      0.2478000      0.2459900      0.2441900      0.2424100      0.2406500      0.2389000      0.2371700      0.2354500      0.2337500      0.2320600      0.2303700      0.2287000      0.2270400      0.2253800      0.2237300      0.2220900      0.2204600      0.2188300      0.2172100      0.2156000      0.2139900    
  0.2596310      0.2583510      0.2582200      0.2566970      0.2552700      0.2536600      0.2523400      0.2504500      0.2485900      0.2467500      0.2449300      0.2431200      0.2413400      0.2395700      0.2378100      0.2360700      0.2343400      0.2326300      0.2309200      0.2292300      0.2275400      0.2258700      0.2242000      0.2225400      0.2208900      0.2192400      0.2176000      0.2159700      0.2143400      0.2127100    
  0.2582860      0.2582200      0.2567290      0.2552700      0.2537570      0.2523400      0.2513950      0.2504600      0.2478750      0.2457100      0.2438800      0.2420700      0.2402700      0.2384900      0.2367300      0.2349800      0.2332400      0.2315200      0.2298000      0.2281000      0.2264000      0.2247100      0.2230300      0.2213600      0.2197000      0.2180400      0.2163800      0.2147300      0.2130900      0.2114500    
  0.2582200      0.2567400      0.2552700      0.2537890      0.2523400      0.2518670      0.2513980      0.2488600      0.2457100      0.2447950      0.2425340      0.2410200      0.2392200      0.2374300      0.2356600      0.2339000      0.2321500      0.2304200      0.2286900      0.2269700      0.2252700      0.2235700      0.2218800      0.2201900      0.2185100      0.2168400      0.2151800      0.2135100      0.2118500      0.2102000    
  0.2567430      0.2552700      0.2538000      0.2523400      0.2521040      0.2518690      0.2494590      0.2457100      0.2452520      0.2427070      0.2405050      0.2399900      0.2381800      0.2363800      0.2346000      0.2328300      0.2310700      0.2293300      0.2275900      0.2258700      0.2241500      0.2224400      0.2207300      0.2190400      0.2173500      0.2156600      0.2139800      0.2123000      0.2106300      0.2089600    
  0.2552700      0.2538030      0.2523400      0.2522220      0.2521040      0.2497850      0.2457100      0.2454810      0.2427810      0.2402470      0.2399900      0.2390850      0.2374730      0.2353400      0.2335500      0.2317700      0.2300000      0.2282500      0.2265000      0.2247700      0.2230400      0.2213100      0.2196000      0.2178900      0.2161900      0.2144900      0.2127900      0.2111000      0.2094200      0.2077300    
  0.2538040      0.2523400      0.2522810      0.2522220      0.2499550      0.2457100      0.2455960      0.2428160      0.2401190      0.2399900      0.2395370      0.2379720      0.2353400      0.2344450      0.2335530      0.2317730      0.2300070      0.2282500      0.2251580      0.2236800      0.2219400      0.2202000      0.2184800      0.2167500      0.2150400      0.2133200      0.2116200      0.2099100      0.2082100      0.2065100    
  0.2523400      0.2523100      0.2522810      0.2500420      0.2457100      0.2456530      0.2428330      0.2400540      0.2399900      0.2397640      0.2382100      0.2353400      0.2348930      0.2344460      0.2332570      0.2317780      0.2300100      0.2258280      0.2231350      0.2225900      0.2208400      0.2191000      0.2173600      0.2156300      0.2139000      0.2121700      0.2104500      0.2087300      0.2070200      0.2053000    
  0.2523250      0.2523100      0.2500860      0.2457100      0.2456810      0.2428420      0.2400220      0.2399900      0.2398770      0.2383260      0.2353400      0.2351160      0.2348930      0.2341990      0.2331600      0.2316820      0.2266140      0.2228620      0.2225900      0.2210630      0.2197600      0.2180000      0.2162500      0.2145100      0.2127600      0.2110300      0.2092900      0.2075600      0.2058300      0.2041000    
  0.2523250      0.2501080      0.2457100      0.2456960      0.2428460      0.2400060      0.2399900      0.2399330      0.2383830      0.2353400      0.2352280      0.2351160      0.2347360      0.2340840      0.2330140      0.2267200      0.2227260      0.2225900      0.2198550      0.2186850      0.2176240      0.2169200      0.2151500      0.2134000      0.2116400      0.2098900      0.2081400      0.2063900      0.2046500      0.2029100    
  0.2501190      0.2457100      0.2457030      0.2428480      0.2399980      0.2399900      0.2399620      0.2384120      0.2353400      0.2352840      0.2352280      0.2350270      0.2346450      0.2294580      0.2243550      0.2194220      0.2194200      0.2185050      0.2174380      0.2170800      0.2176100      0.2158300      0.2140600      0.2122900      0.2105200      0.2087600      0.2070000      0.2052400      0.2034800      0.2017200    
  0.2457100      0.2457060      0.2428490      0.2399940      0.2399900      0.2399760      0.2384260      0.2353400      0.2353120      0.2352840      0.2351800      0.2349670      0.2262070      0.2159680      0.2160000      0.2168900      0.2161190      0.2162500      0.2163900      0.2165500      0.2165500      0.2147600      0.2129700      0.2111900      0.2094100      0.2076300      0.2058600      0.2040800      0.2023100      0.2005400    
  0.2457080      0.2428490      0.2399920      0.2399900      0.2399830      0.2384330      0.2353400      0.2353260      0.2353120      0.2352590      0.2269940      0.2147700      0.2155420      0.2159360      0.2159360      0.2160000      0.2160200      0.2159880      0.2162500      0.2156800      0.2154900      0.2136900      0.2118900      0.2101000      0.2083000      0.2065100      0.2047200      0.2029300      0.2011500      0.1993600    
  0.2428500      0.2399910      0.2399900      0.2399860      0.2384360      0.2353400      0.2353330      0.2353260      0.2352990      0.2254210      0.2147700      0.2147700      0.2147700      0.2154940      0.2158710      0.2158710      0.2160000      0.2158440      0.2157250      0.2162500      0.2144300      0.2126200      0.2108100      0.2090100      0.2072000      0.2054000      0.2035900      0.2017900      0.1999900      0.1981900    
  0.2399910      0.2399900      0.2399880      0.2384380      0.2353400      0.2353370      0.2353330      0.2293590      0.2226600      0.2147670      0.2147700      0.2147700      0.2147700      0.2147700      0.2153980      0.2157420      0.2157420      0.2160000      0.2154020      0.2152000      0.2133800      0.2115600      0.2097400      0.2079200      0.2061000      0.2042800      0.2024700      0.2006500      0.1988300      0.1970200    
  0.2399900      0.2399890      0.2384390      0.2353400      0.2353380      0.2261330      0.2123300      0.2119050      0.2114800      0.2136660      0.2147620      0.2147700      0.2147700      0.2147700      0.2147700      0.2152090      0.2154840      0.2154850      0.2160000      0.2141600      0.2123300      0.2105000      0.2086700      0.2068400      0.2050100      0.2031800      0.2013400      0.1995100      0.1976800      0.1958500    
  0.2399900      0.2384400      0.2353400      0.2353390      0.2242930      0.2123280      0.2123280      0.2123300      0.2119050      0.2114800      0.2136510      0.2147450      0.2147700      0.2147700      0.2147700      0.2147700      0.2148410      0.2149670      0.2149700      0.2131200      0.2112800      0.2094400      0.2076000      0.2057500      0.2039100      0.2020700      0.2002200      0.1983800      0.1965300      0.1946800    
