iMOD/TUTORIALS/TUT_MetaswapAnalyser/model_MetaSWAP/meteo/Evaporation/Evaporation_20050429_L1.ASC
NCOLS                30
NROWS                30
XLLCORNER     160000.00
YLLCORNER     340000.00
CELLSIZE        1000.00
NODATA_VALUE   -9999.00
   1.033990       1.026610       1.019320       1.012110       1.004980      0.9979100      0.9909000      0.9839400      0.9770200      0.9701300      0.9632800      0.9564400      0.9496200      0.9428000      0.9359900      0.9291700      0.9223500      0.9155200      0.9086700      0.9018000      0.8949100      0.8880000      0.8810600      0.8741000      0.8671000      0.8600800      0.8530200      0.8459300      0.8388100      0.8316600    
   1.027420       1.020060       1.012780       1.005580      0.9984600      0.9914000      0.9844000      0.9774500      0.9705400      0.9636700      0.9568200      0.9499900      0.9431800      0.9363800      0.9295800      0.9227700      0.9159700      0.9091500      0.9023200      0.8954700      0.8886000      0.8817100      0.8747900      0.8678400      0.8608700      0.8538700      0.8468300      0.8397700      0.8326700      0.8255400    
   1.020940       1.013590       1.006330      0.9991500      0.9920300      0.9849900      0.9780000      0.9710500      0.9641500      0.9572900      0.9504500      0.9436300      0.9368300      0.9300400      0.9232500      0.9164600      0.9096600      0.9028600      0.8960400      0.8892100      0.8823600      0.8754800      0.8685800      0.8616600      0.8547100      0.8477200      0.8407100      0.8336600      0.8265900      0.8194800    
   1.014530       1.007210      0.9999600      0.9927900      0.9856900      0.9786500      0.9716700      0.9647400      0.9578500      0.9509900      0.9441600      0.9373500      0.9305600      0.9237800      0.9170000      0.9102200      0.9034400      0.8966500      0.8898500      0.8830300      0.8761900      0.8693300      0.8624500      0.8555400      0.8486000      0.8416400      0.8346400      0.8276200      0.8205600      0.8134700    
   1.008210       1.000900      0.9936700      0.9865200      0.9794300      0.9724000      0.9654300      0.9585100      0.9516200      0.9447700      0.9379500      0.9311500      0.9243700      0.9176000      0.9108300      0.9040600      0.8972900      0.8905100      0.8837200      0.8769200      0.8700900      0.8632500      0.8563800      0.8494900      0.8425700      0.8356200      0.8286400      0.8216300      0.8145900      0.8075200    
   1.001960      0.9946700      0.9874600      0.9803200      0.9732400      0.9662300      0.9592700      0.9523500      0.9454800      0.9386300      0.9318200      0.9250300      0.9182600      0.9114900      0.9047300      0.8979800      0.8912200      0.8844500      0.8776700      0.8708800      0.8640600      0.8572300      0.8503800      0.8435000      0.8365900      0.8296600      0.8226900      0.8157000      0.8086700      0.8016100    
  0.9957800      0.9885100      0.9813200      0.9741900      0.9671300      0.9601300      0.9531700      0.9462700      0.9394000      0.9325700      0.9257700      0.9189800      0.9122200      0.9054600      0.8987100      0.8919600      0.8852100      0.8784500      0.8716900      0.8649000      0.8581000      0.8512800      0.8444400      0.8375700      0.8306700      0.8237500      0.8168000      0.8098200      0.8028000      0.7957600    
  0.9896700      0.9824200      0.9752400      0.9681300      0.9610800      0.9540900      0.9471500      0.9402600      0.9334000      0.9265800      0.9197800      0.9130100      0.9062500      0.8995000      0.8927600      0.8860200      0.8792800      0.8725300      0.8657700      0.8589900      0.8522000      0.8453900      0.8385600      0.8317000      0.8248200      0.8179000      0.8109600      0.8039900      0.7969900      0.7899500    
  0.9836300      0.9764000      0.9692300      0.9621400      0.9551100      0.9481300      0.9412000      0.9343100      0.9274700      0.9206500      0.9138600      0.9071000      0.9003400      0.8936000      0.8868700      0.8801400      0.8734000      0.8666600      0.8599100      0.8531500      0.8463600      0.8395600      0.8327400      0.8258900      0.8190100      0.8121100      0.8051800      0.7982200      0.7912200      0.7842000    
  0.9776400      0.9704300      0.9632900      0.9562100      0.9491900      0.9422200      0.9353100      0.9284300      0.9215900      0.9147900      0.9080100      0.9012500      0.8945100      0.8877700      0.8810500      0.8743200      0.8676000      0.8608600      0.8541200      0.8473600      0.8405800      0.8337900      0.8269700      0.8201300      0.8132600      0.8063700      0.7994500      0.7924900      0.7855100      0.7784900    
  0.9776670      0.9704530      0.9600680      0.9503400      0.9433300      0.9363800      0.9294800      0.9226100      0.9157800      0.9089900      0.9022200      0.8954700      0.8887300      0.8820100      0.8752900      0.8685700      0.8618500      0.8551200      0.8483800      0.8416300      0.8348600      0.8280700      0.8212600      0.8144300      0.8075700      0.8006800      0.7937600      0.7868200      0.7798400      0.7728300    
  0.9776910      0.9646320      0.9503400      0.9407470      0.9375300      0.9306000      0.9237000      0.9168500      0.9100300      0.9032500      0.8964800      0.8897400      0.8830100      0.8762900      0.8695800      0.8628700      0.8561600      0.8494400      0.8427000      0.8359600      0.8292000      0.8224100      0.8156100      0.8087800      0.8019200      0.7950400      0.7881300      0.7811900      0.7742100      0.7672100    
  0.9694110      0.9503400      0.9393840      0.9346600      0.9317900      0.9248600      0.9179800      0.9111400      0.9043400      0.8975600      0.8908000      0.8840700      0.8773500      0.8706400      0.8639300      0.8572300      0.8505200      0.8438100      0.8370800      0.8303400      0.8235800      0.8168000      0.8100000      0.8031800      0.7963300      0.7894500      0.7825400      0.7756000      0.7686300      0.7616300    
  0.9503400      0.9386850      0.9332250      0.9317900      0.9252770      0.9191800      0.9123100      0.9054900      0.8986900      0.8919200      0.8851800      0.8784500      0.8717400      0.8650400      0.8583400      0.8516400      0.8449400      0.8382300      0.8315100      0.8247700      0.8180200      0.8112400      0.8044500      0.7976300      0.7907800      0.7839000      0.7770000      0.7700600      0.7630900      0.7560900    
  0.9383310      0.9325080      0.9317900      0.9254160      0.9191800      0.9127300      0.9067000      0.8998800      0.8930900      0.8863400      0.8796000      0.8728900      0.8661800      0.8594900      0.8527900      0.8461000      0.8394000      0.8327000      0.8259800      0.8192500      0.8125000      0.8057300      0.7989400      0.7921200      0.7852700      0.7784000      0.7714900      0.7645600      0.7575900      0.7505900    
  0.9321490      0.9317900      0.9254620      0.9191800      0.9128700      0.9067000      0.9032900      0.8998900      0.8900280      0.8808000      0.8740700      0.8673700      0.8606700      0.8539800      0.8472900      0.8406100      0.8339200      0.8272200      0.8205000      0.8137800      0.8070300      0.8002600      0.7934700      0.7866600      0.7798100      0.7729400      0.7660300      0.7591000      0.7521300      0.7451300    
  0.9317900      0.9254770      0.9191800      0.9129170      0.9067000      0.9049950      0.9032930      0.8935020      0.8808000      0.8774350      0.8681160      0.8618900      0.8552000      0.8485200      0.8418400      0.8351600      0.8284700      0.8217800      0.8150700      0.8083500      0.8016000      0.7948400      0.7880500      0.7812300      0.7743900      0.7675100      0.7606100      0.7536700      0.7467000      0.7397000    
  0.9254820      0.9191800      0.9129320      0.9067000      0.9058480      0.9049960      0.8956480      0.8808000      0.8791170      0.8683940      0.8591700      0.8564500      0.8497700      0.8431000      0.8364300      0.8297600      0.8230700      0.8163800      0.8096800      0.8029600      0.7962200      0.7894500      0.7826600      0.7758500      0.7690000      0.7621300      0.7552200      0.7482800      0.7413100      0.7343100    
  0.9191800      0.9129370      0.9067000      0.9062740      0.9058480      0.8968230      0.8808000      0.8799590      0.8685140      0.8578100      0.8564500      0.8531100      0.8467600      0.8377200      0.8310600      0.8243900      0.8177100      0.8110300      0.8043300      0.7976100      0.7908700      0.7841100      0.7773200      0.7705000      0.7636600      0.7567800      0.7498700      0.7429300      0.7359500      0.7289400    
  0.9129390      0.9067000      0.9064870      0.9062740      0.8974360      0.8808000      0.8803790      0.8685710      0.8571300      0.8564500      0.8547800      0.8485100      0.8377200      0.8343900      0.8310570      0.8243870      0.8177100      0.8110230      0.7984540      0.7922900      0.7855600      0.7787900      0.7720100      0.7651900      0.7583400      0.7514600      0.7445500      0.7376000      0.7306200      0.7236100    
  0.9067000      0.9065930      0.9064870      0.8977490      0.8808000      0.8805900      0.8685980      0.8567900      0.8564500      0.8556150      0.8493650      0.8377200      0.8360550      0.8343890      0.8299440      0.8243840      0.8177070      0.8007690      0.7896500      0.7870100      0.7802800      0.7735200      0.7667300      0.7599100      0.7530600      0.7461700      0.7392600      0.7323100      0.7253200      0.7183000    
  0.9066470      0.9065930      0.8979070      0.8808000      0.8806950      0.8686120      0.8566200      0.8564500      0.8560320      0.8497870      0.8377200      0.8368870      0.8360550      0.8334630      0.8295730      0.8240120      0.8036400      0.7883300      0.7870100      0.7807730      0.7750300      0.7682700      0.7614800      0.7546600      0.7478000      0.7409200      0.7339900      0.7270400      0.7200400      0.7130200    
  0.9066470      0.8979870      0.8808000      0.8807470      0.8686180      0.8565350      0.8564500      0.8562410      0.8499980      0.8377200      0.8373040      0.8368870      0.8354680      0.8330300      0.8290160      0.8032700      0.7876700      0.7870100      0.7749110      0.7698250      0.7657640      0.7630500      0.7562600      0.7494300      0.7425800      0.7356800      0.7287600      0.7217900      0.7147900      0.7077600    
  0.8980270      0.8808000      0.8807740      0.8686220      0.8564930      0.8564500      0.8563460      0.8501020      0.8377200      0.8375120      0.8373040      0.8365530      0.8351290      0.8124740      0.7912400      0.7714620      0.7714550      0.7679230      0.7637720      0.7620350      0.7646200      0.7578500      0.7510600      0.7442300      0.7373700      0.7304700      0.7235400      0.7165700      0.7095600      0.7025100    
  0.8808000      0.8807870      0.8686230      0.8564710      0.8564500      0.8563980      0.8501540      0.8377200      0.8376160      0.8375120      0.8371230      0.8363280      0.7976870      0.7522210      0.7523800      0.7582810      0.7552610      0.7559000      0.7580240      0.7594570      0.7594500      0.7526800      0.7458900      0.7390600      0.7321900      0.7252900      0.7183400      0.7113600      0.7043500      0.6972900    
  0.8807930      0.8686240      0.8564610      0.8564500      0.8564240      0.8501810      0.8377200      0.8376680      0.8376160      0.8374170      0.7996970      0.7437600      0.7492680      0.7520610      0.7520610      0.7523800      0.7540260      0.7546230      0.7559000      0.7547050      0.7543000      0.7475300      0.7407400      0.7339000      0.7270300      0.7201200      0.7131700      0.7061800      0.6991500      0.6920800    
  0.8686250      0.8564550      0.8564500      0.8564370      0.8501940      0.8377200      0.8376940      0.8376680      0.8375670      0.7924500      0.7437600      0.7437600      0.7437600      0.7490310      0.7517430      0.7517420      0.7523800      0.7532030      0.7533450      0.7559000      0.7491700      0.7424000      0.7356000      0.7287600      0.7218800      0.7149600      0.7080000      0.7010100      0.6939700      0.6868900    
  0.8564530      0.8564500      0.8564440      0.8502000      0.8377200      0.8377070      0.8376940      0.8094320      0.7789390      0.7437460      0.7437600      0.7437600      0.7437600      0.7437600      0.7485620      0.7511050      0.7511050      0.7523800      0.7511880      0.7507900      0.7440500      0.7372900      0.7304800      0.7236400      0.7167500      0.7098200      0.7028600      0.6958500      0.6887900      0.6817000    
  0.8564500      0.8564470      0.8502030      0.8377200      0.8377130      0.7930860      0.7261600      0.7254800      0.7248000      0.7374020      0.7437180      0.7437600      0.7437600      0.7437600      0.7437600      0.7476400      0.7498310      0.7498300      0.7523800      0.7456800      0.7389500      0.7321800      0.7253700      0.7185200      0.7116300      0.7047000      0.6977200      0.6906900      0.6836300      0.6765200    
  0.8564480      0.8502050      0.8377200      0.8377170      0.7841600      0.7261500      0.7261500      0.7261600      0.7254790      0.7248000      0.7373300      0.7436340      0.7437600      0.7437600      0.7437600      0.7437600      0.7458650      0.7472830      0.7472800      0.7405900      0.7338600      0.7270900      0.7202800      0.7134200      0.7065200      0.6995700      0.6925800      0.6855500      0.6784700      0.6713500    
