iMOD/TUTORIALS/TUT_MetaswapAnalyser/model_MetaSWAP/meteo/Evaporation/Evaporation_20060407_L1.ASC
NCOLS                30
NROWS                30
XLLCORNER     160000.00
YLLCORNER     340000.00
CELLSIZE        1000.00
NODATA_VALUE   -9999.00
   1.584530       1.584780       1.585020       1.585270       1.585520       1.585770       1.586010       1.586260       1.586500       1.586730       1.586970       1.587200       1.587420       1.587640       1.587850       1.588050       1.588250       1.588430       1.588610       1.588780       1.588940       1.589090       1.589220       1.589350       1.589460       1.589560       1.589640       1.589710       1.589760       1.589800    
   1.588800       1.589100       1.589400       1.589700       1.590000       1.590290       1.590590       1.590880       1.591160       1.591440       1.591720       1.591980       1.592240       1.592500       1.592740       1.592970       1.593200       1.593410       1.593610       1.593800       1.593980       1.594140       1.594290       1.594420       1.594540       1.594640       1.594730       1.594800       1.594850       1.594880    
   1.593150       1.593500       1.593850       1.594200       1.594540       1.594890       1.595230       1.595560       1.595890       1.596210       1.596530       1.596830       1.597130       1.597420       1.597690       1.597960       1.598210       1.598440       1.598670       1.598880       1.599070       1.599250       1.599410       1.599550       1.599680       1.599780       1.599870       1.599940       1.599990       1.600010    
   1.597560       1.597960       1.598360       1.598760       1.599150       1.599540       1.599930       1.600310       1.600680       1.601040       1.601400       1.601740       1.602080       1.602400       1.602700       1.603000       1.603270       1.603540       1.603780       1.604010       1.604220       1.604410       1.604580       1.604730       1.604860       1.604970       1.605060       1.605130       1.605170       1.605200    
   1.602050       1.602490       1.602940       1.603390       1.603830       1.604260       1.604690       1.605120       1.605530       1.605940       1.606330       1.606710       1.607080       1.607430       1.607770       1.608090       1.608400       1.608680       1.608950       1.609190       1.609420       1.609620       1.609810       1.609970       1.610100       1.610220       1.610300       1.610370       1.610410       1.610420    
   1.606590       1.607080       1.607580       1.608070       1.608560       1.609040       1.609520       1.609980       1.610440       1.610880       1.611320       1.611730       1.612140       1.612520       1.612890       1.613240       1.613570       1.613880       1.614160       1.614430       1.614670       1.614890       1.615080       1.615250       1.615390       1.615500       1.615590       1.615650       1.615690       1.615700    
   1.611190       1.611740       1.612280       1.612820       1.613350       1.613880       1.614400       1.614910       1.615400       1.615890       1.616360       1.616810       1.617250       1.617660       1.618060       1.618440       1.618790       1.619120       1.619430       1.619710       1.619970       1.620200       1.620400       1.620570       1.620720       1.620840       1.620920       1.620980       1.621010       1.621010    
   1.615850       1.616440       1.617030       1.617610       1.618190       1.618770       1.619330       1.619880       1.620420       1.620940       1.621450       1.621930       1.622400       1.622850       1.623280       1.623680       1.624060       1.624420       1.624740       1.625040       1.625310       1.625550       1.625760       1.625940       1.626090       1.626210       1.626300       1.626350       1.626380       1.626370    
   1.620560       1.621200       1.621830       1.622460       1.623090       1.623700       1.624310       1.624900       1.625480       1.626040       1.626580       1.627110       1.627610       1.628090       1.628540       1.628970       1.629380       1.629750       1.630100       1.630410       1.630700       1.630950       1.631170       1.631350       1.631510       1.631630       1.631710       1.631760       1.631780       1.631760    
   1.625320       1.626000       1.626680       1.627360       1.628030       1.628690       1.629330       1.629970       1.630580       1.631180       1.631760       1.632320       1.632860       1.633370       1.633850       1.634310       1.634730       1.635130       1.635490       1.635820       1.636120       1.636380       1.636610       1.636800       1.636960       1.637080       1.637160       1.637200       1.637210       1.637180    
   1.625320       1.626000       1.628090       1.632300       1.633010       1.633710       1.634400       1.635080       1.635730       1.636370       1.636980       1.637580       1.638140       1.638690       1.639200       1.639680       1.640130       1.640550       1.640930       1.641270       1.641580       1.641860       1.642090       1.642290       1.642440       1.642560       1.642640       1.642680       1.642680       1.642640    
   1.625320       1.627930       1.632300       1.636610       1.638040       1.638780       1.639510       1.640220       1.640920       1.641590       1.642250       1.642870       1.643470       1.644040       1.644580       1.645090       1.645560       1.646000       1.646400       1.646760       1.647080       1.647360       1.647600       1.647800       1.647960       1.648080       1.648150       1.648180       1.648180       1.648120    
   1.627550       1.632300       1.638150       1.640570       1.643100       1.643880       1.644660       1.645410       1.646140       1.646850       1.647540       1.648200       1.648830       1.649430       1.650000       1.650530       1.651020       1.651480       1.651900       1.652270       1.652610       1.652900       1.653150       1.653350       1.653510       1.653620       1.653690       1.653720       1.653700       1.653640    
   1.632300       1.638850       1.641830       1.643100       1.645330       1.649020       1.649830       1.650630       1.651400       1.652150       1.652870       1.653560       1.654220       1.654850       1.655450       1.656000       1.656520       1.657000       1.657430       1.657820       1.658170       1.658470       1.658720       1.658930       1.659080       1.659200       1.659260       1.659280       1.659250       1.659170    
   1.639180       1.642470       1.643100       1.645820       1.649020       1.651300       1.655040       1.655870       1.656680       1.657470       1.658220       1.658950       1.659640       1.660300       1.660920       1.661500       1.662040       1.662540       1.662990       1.663390       1.663750       1.664060       1.664320       1.664520       1.664680       1.664790       1.664850       1.664860       1.664820       1.664730    
   1.642780       1.643100       1.645980       1.649020       1.651790       1.655040       1.655450       1.655860       1.658210       1.662810       1.663610       1.664360       1.665090       1.665780       1.666420       1.667030       1.667590       1.668100       1.668570       1.668990       1.669350       1.669670       1.669930       1.670140       1.670300       1.670410       1.670460       1.670460       1.670400       1.670300    
   1.643100       1.646030       1.649020       1.651950       1.655040       1.655250       1.655450       1.658080       1.662810       1.663210       1.667170       1.669800       1.670560       1.671270       1.671950       1.672570       1.673160       1.673690       1.674170       1.674600       1.674980       1.675300       1.675570       1.675780       1.675940       1.676040       1.676080       1.676070       1.676010       1.675890    
   1.646050       1.649020       1.652000       1.655040       1.655140       1.655250       1.657900       1.662810       1.663010       1.668200       1.672530       1.675260       1.676040       1.676790       1.677490       1.678140       1.678740       1.679300       1.679790       1.680240       1.680630       1.680960       1.681230       1.681440       1.681590       1.681690       1.681720       1.681700       1.681620       1.681490    
   1.649020       1.652020       1.655040       1.655090       1.655140       1.657770       1.662810       1.662910       1.668630       1.673890       1.675260       1.675650       1.677600       1.682320       1.683040       1.683720       1.684340       1.684920       1.685430       1.685890       1.686280       1.686620       1.686900       1.687110       1.687260       1.687350       1.687370       1.687340       1.687250       1.687090    
   1.652030       1.655040       1.655070       1.655090       1.657710       1.662810       1.662860       1.668840       1.674580       1.675260       1.675450       1.677710       1.682320       1.682680       1.683030       1.683700       1.684330       1.684900       1.689000       1.691550       1.691950       1.692300       1.692570       1.692790       1.692930       1.693020       1.693030       1.692990       1.692880       1.692710    
   1.655040       1.655050       1.655070       1.657670       1.662810       1.662830       1.668940       1.674920       1.675260       1.675360       1.677690       1.682320       1.682500       1.682680       1.683140       1.683680       1.684310       1.689960       1.694380       1.697210       1.697630       1.697980       1.698260       1.698470       1.698620       1.698690       1.698700       1.698640       1.698510       1.698320    
   1.655050       1.655050       1.657650       1.662810       1.662820       1.668990       1.675090       1.675260       1.675310       1.677660       1.682320       1.682410       1.682500       1.682770       1.683170       1.683710       1.690190       1.695800       1.697210       1.699380       1.703310       1.703670       1.703950       1.704160       1.704300       1.704370       1.704360       1.704290       1.704150       1.703940    
   1.655050       1.657640       1.662810       1.662820       1.669010       1.675170       1.675260       1.675280       1.677640       1.682320       1.682360       1.682410       1.682560       1.682810       1.683210       1.693560       1.696500       1.697210       1.705780       1.708990       1.709210       1.709360       1.709640       1.709850       1.709980       1.710040       1.710030       1.709940       1.709780       1.709550    
   1.657630       1.662810       1.662810       1.669020       1.675220       1.675260       1.675270       1.677630       1.682320       1.682340       1.682360       1.682440       1.682590       1.697610       1.707760       1.714210       1.714210       1.714780       1.715620       1.717510       1.714680       1.715040       1.715330       1.715530       1.715660       1.715710       1.715680       1.715580       1.715400       1.715150    
   1.662810       1.662810       1.669030       1.675240       1.675260       1.675270       1.677620       1.682320       1.682330       1.682340       1.682380       1.682470       1.709380       1.742040       1.741870       1.730870       1.731910       1.731210       1.724100       1.720350       1.720350       1.720720       1.721010       1.721210       1.721340       1.721370       1.721330       1.721210       1.721010       1.720740    
   1.662810       1.669030       1.675250       1.675260       1.675260       1.677620       1.682320       1.682330       1.682330       1.682350       1.712540       1.757760       1.747430       1.742220       1.742220       1.741870       1.735500       1.732620       1.731210       1.727310       1.726020       1.726400       1.726680       1.726880       1.727000       1.727030       1.726970       1.726830       1.726610       1.726320    
   1.669030       1.675250       1.675260       1.675260       1.677610       1.682320       1.682320       1.682330       1.682340       1.718550       1.757760       1.757760       1.757760       1.747680       1.742570       1.742570       1.741870       1.736300       1.734030       1.731210       1.731680       1.732050       1.732340       1.732540       1.732640       1.732660       1.732590       1.732430       1.732190       1.731870    
   1.675260       1.675260       1.675260       1.677610       1.682320       1.682320       1.682320       1.707630       1.731820       1.757770       1.757760       1.757760       1.757760       1.757760       1.748190       1.743260       1.743260       1.741870       1.738090       1.736840       1.737310       1.737700       1.737980       1.738180       1.738270       1.738280       1.738190       1.738010       1.737750       1.737400    
   1.675260       1.675260       1.677610       1.682320       1.682320       1.724430       1.787580       1.785560       1.783540       1.766390       1.757800       1.757760       1.757760       1.757760       1.757760       1.749170       1.744650       1.744660       1.741870       1.742450       1.742930       1.743320       1.743600       1.743790       1.743880       1.743870       1.743770       1.743570       1.743280       1.742910    
   1.675260       1.677610       1.682320       1.682320       1.732850       1.787590       1.787590       1.787580       1.785560       1.783540       1.766470       1.757890       1.757760       1.757760       1.757760       1.757760       1.751000       1.747430       1.747440       1.748030       1.748520       1.748910       1.749200       1.749380       1.749460       1.749430       1.749310       1.749090       1.748780       1.748380    
