iMOD/TUTORIALS/TUT_MetaswapAnalyser/model_MetaSWAP/meteo/Evaporation/Evaporation_20050915_L1.ASC
NCOLS                30
NROWS                30
XLLCORNER     160000.00
YLLCORNER     340000.00
CELLSIZE        1000.00
NODATA_VALUE   -9999.00
  0.8559500      0.8567500      0.8575300      0.8583000      0.8590500      0.8597900      0.8605200      0.8612400      0.8619500      0.8626600      0.8633700      0.8640800      0.8647800      0.8654900      0.8662000      0.8669200      0.8676400      0.8683600      0.8690900      0.8698300      0.8705800      0.8713300      0.8721000      0.8728700      0.8736500      0.8744400      0.8752400      0.8760500      0.8768700      0.8777000    
  0.8587300      0.8595500      0.8603400      0.8611200      0.8618900      0.8626400      0.8633900      0.8641200      0.8648500      0.8655700      0.8662900      0.8670100      0.8677200      0.8684400      0.8691500      0.8698800      0.8706000      0.8713300      0.8720600      0.8728000      0.8735500      0.8743000      0.8750700      0.8758300      0.8766100      0.8774000      0.8781900      0.8789900      0.8798000      0.8806200    
  0.8615100      0.8623400      0.8631500      0.8639400      0.8647300      0.8654900      0.8662500      0.8670000      0.8677400      0.8684700      0.8692000      0.8699300      0.8706500      0.8713800      0.8721000      0.8728300      0.8735600      0.8742900      0.8750300      0.8757700      0.8765200      0.8772700      0.8780300      0.8788000      0.8795700      0.8803500      0.8811300      0.8819300      0.8827300      0.8835400    
  0.8642800      0.8651200      0.8659500      0.8667600      0.8675500      0.8683400      0.8691100      0.8698700      0.8706200      0.8713700      0.8721100      0.8728400      0.8735800      0.8743100      0.8750400      0.8757800      0.8765100      0.8772500      0.8779900      0.8787300      0.8794800      0.8802300      0.8809900      0.8817500      0.8825200      0.8833000      0.8840800      0.8848700      0.8856600      0.8864600    
  0.8670500      0.8679000      0.8687400      0.8695700      0.8703800      0.8711700      0.8719600      0.8727300      0.8735000      0.8742500      0.8750100      0.8757500      0.8765000      0.8772400      0.8779800      0.8787200      0.8794600      0.8802000      0.8809400      0.8816900      0.8824400      0.8831900      0.8839500      0.8847100      0.8854700      0.8862400      0.8870200      0.8878000      0.8885900      0.8893800    
  0.8698100      0.8706800      0.8715300      0.8723700      0.8731900      0.8740000      0.8748000      0.8755900      0.8763600      0.8771300      0.8779000      0.8786600      0.8794100      0.8801600      0.8809100      0.8816500      0.8824000      0.8831400      0.8838900      0.8846400      0.8853900      0.8861400      0.8869000      0.8876600      0.8884200      0.8891900      0.8899600      0.8907300      0.8915100      0.8923000    
  0.8725600      0.8734400      0.8743100      0.8751600      0.8760000      0.8768200      0.8776300      0.8784300      0.8792300      0.8800100      0.8807800      0.8815500      0.8823100      0.8830700      0.8838300      0.8845800      0.8853300      0.8860800      0.8868300      0.8875800      0.8883400      0.8890900      0.8898500      0.8906000      0.8913600      0.8921300      0.8928900      0.8936600      0.8944400      0.8952200    
  0.8753100      0.8762000      0.8770800      0.8779500      0.8788000      0.8796400      0.8804600      0.8812800      0.8820800      0.8828700      0.8836600      0.8844400      0.8852100      0.8859800      0.8867400      0.8875000      0.8882600      0.8890200      0.8897700      0.8905200      0.8912800      0.8920300      0.8927900      0.8935400      0.8943000      0.8950600      0.8958200      0.8965900      0.8973600      0.8981300    
  0.8780500      0.8789600      0.8798500      0.8807300      0.8816000      0.8824500      0.8832800      0.8841100      0.8849300      0.8857300      0.8865300      0.8873200      0.8881000      0.8888800      0.8896500      0.8904200      0.8911800      0.8919400      0.8927000      0.8934600      0.8942100      0.8949700      0.8957200      0.8964800      0.8972400      0.8979900      0.8987500      0.8995100      0.9002700      0.9010400    
  0.8807800      0.8817100      0.8826100      0.8835100      0.8843800      0.8852500      0.8861000      0.8869400      0.8877600      0.8885800      0.8893900      0.8901900      0.8909800      0.8917700      0.8925500      0.8933200      0.8940900      0.8948600      0.8956200      0.8963800      0.8971400      0.8979000      0.8986500      0.8994100      0.9001600      0.9009200      0.9016700      0.9024300      0.9031900      0.9039400    
  0.8807770      0.8817000      0.8835250      0.8862700      0.8871600      0.8880400      0.8889000      0.8897600      0.8906000      0.8914200      0.8922400      0.8930500      0.8938600      0.8946500      0.8954400      0.8962200      0.8970000      0.8977700      0.8985400      0.8993000      0.9000600      0.9008200      0.9015800      0.9023300      0.9030800      0.9038400      0.9045900      0.9053400      0.9060900      0.9068500    
  0.8807700      0.8830680      0.8862700      0.8890180      0.8899400      0.8908300      0.8917000      0.8925700      0.8934200      0.8942600      0.8950900      0.8959100      0.8967200      0.8975300      0.8983200      0.8991100      0.8999000      0.9006700      0.9014400      0.9022100      0.9029800      0.9037400      0.9044900      0.9052500      0.9060000      0.9067500      0.9075000      0.9082500      0.9089900      0.9097400    
  0.8824840      0.8862700      0.8898270      0.8913200      0.8927000      0.8936000      0.8944900      0.8953700      0.8962300      0.8970900      0.8979300      0.8987600      0.8995800      0.9003900      0.9012000      0.9019900      0.9027800      0.9035700      0.9043400      0.9051200      0.9058800      0.9066500      0.9074000      0.9081600      0.9089100      0.9096600      0.9104000      0.9111500      0.9118900      0.9126300    
  0.8862700      0.8902020      0.8920100      0.8927000      0.8942230      0.8963700      0.8972800      0.8981600      0.8990400      0.8999000      0.9007600      0.9016000      0.9024300      0.9032500      0.9040600      0.9048700      0.9056700      0.9064500      0.9072400      0.9080100      0.9087800      0.9095500      0.9103100      0.9110600      0.9118100      0.9125600      0.9133000      0.9140400      0.9147800      0.9155200    
  0.8903820      0.8923550      0.8927000      0.8944310      0.8963700      0.8979000      0.9000500      0.9009500      0.9018400      0.9027100      0.9035800      0.9044300      0.9052700      0.9061000      0.9069200      0.9077300      0.9085400      0.9093300      0.9101200      0.9109000      0.9116700      0.9124400      0.9132000      0.9139500      0.9147000      0.9154500      0.9161900      0.9169300      0.9176600      0.9183900    
  0.8925270      0.8927000      0.8945000      0.8963700      0.8981070      0.9000500      0.9005000      0.9009470      0.9027530      0.9055100      0.9063900      0.9072500      0.9081000      0.9089400      0.9097700      0.9105900      0.9114000      0.9122000      0.9129900      0.9137800      0.9145500      0.9153200      0.9160900      0.9168400      0.9175900      0.9183300      0.9190700      0.9198100      0.9205400      0.9212600    
  0.8927000      0.8945230      0.8963700      0.8981760      0.9000500      0.9002750      0.9004990      0.9024270      0.9055100      0.9059500      0.9084140      0.9100600      0.9109200      0.9117700      0.9126100      0.9134400      0.9142500      0.9150600      0.9158600      0.9166500      0.9174300      0.9182000      0.9189600      0.9197200      0.9204700      0.9212100      0.9219500      0.9226800      0.9234000      0.9241300    
  0.8945310      0.8963700      0.8981980      0.9000500      0.9001620      0.9002750      0.9021780      0.9055100      0.9057300      0.9088390      0.9114600      0.9128600      0.9137300      0.9145900      0.9154400      0.9162800      0.9171000      0.9179100      0.9187200      0.9195100      0.9202900      0.9210700      0.9218300      0.9225900      0.9233400      0.9240800      0.9248100      0.9255400      0.9262600      0.9269800    
  0.8963700      0.8982060      0.9000500      0.9001060      0.9001620      0.9020310      0.9055100      0.9056200      0.9090200      0.9121600      0.9128600      0.9132950      0.9146450      0.9174000      0.9182600      0.9191000      0.9199300      0.9207500      0.9215600      0.9223600      0.9231500      0.9239200      0.9246900      0.9254500      0.9262000      0.9269400      0.9276700      0.9284000      0.9291100      0.9298300    
  0.8982090      0.9000500      0.9000780      0.9001060      0.9019520      0.9055100      0.9055650      0.9091040      0.9125100      0.9128600      0.9130770      0.9145500      0.9174000      0.9178300      0.9182530      0.9190970      0.9199270      0.9207470      0.9235800      0.9252000      0.9259900      0.9267700      0.9275400      0.9283000      0.9290500      0.9297900      0.9305200      0.9312400      0.9319600      0.9326600    
  0.9000500      0.9000640      0.9000780      0.9019120      0.9055100      0.9055370      0.9091450      0.9126850      0.9128600      0.9129690      0.9144720      0.9174000      0.9176150      0.9178280      0.9183930      0.9190920      0.9199230      0.9237800      0.9266150      0.9280300      0.9288200      0.9296100      0.9303800      0.9311400      0.9318900      0.9326300      0.9333500      0.9340700      0.9347900      0.9354900    
  0.9000570      0.9000640      0.9018910      0.9055100      0.9055240      0.9091650      0.9127720      0.9128600      0.9129140      0.9144250      0.9174000      0.9175080      0.9176140      0.9179450      0.9184380      0.9191360      0.9236300      0.9273230      0.9280300      0.9295000      0.9316500      0.9324300      0.9332100      0.9339700      0.9347200      0.9354500      0.9361800      0.9369000      0.9376100      0.9383100    
  0.9000570      0.9018810      0.9055100      0.9055170      0.9091750      0.9128160      0.9128600      0.9128870      0.9144000      0.9174000      0.9174540      0.9175070      0.9176890      0.9179990      0.9185070      0.9250550      0.9276760      0.9280300      0.9326600      0.9344550      0.9349280      0.9352500      0.9360200      0.9367800      0.9375300      0.9382700      0.9390000      0.9397100      0.9404200      0.9411100    
  0.9018750      0.9055100      0.9055130      0.9091800      0.9128380      0.9128600      0.9128740      0.9143870      0.9174000      0.9174270      0.9174540      0.9175500      0.9177320      0.9258960      0.9319550      0.9363920      0.9363950      0.9369720      0.9377180      0.9386550      0.9372600      0.9380500      0.9388300      0.9395900      0.9403400      0.9410800      0.9418000      0.9425100      0.9432100      0.9439000    
  0.9055100      0.9055120      0.9091820      0.9128490      0.9128600      0.9128670      0.9143800      0.9174000      0.9174130      0.9174270      0.9174770      0.9175790      0.9320420      0.9494750      0.9493900      0.9443890      0.9451040      0.9447600      0.9416900      0.9400430      0.9400500      0.9408400      0.9416200      0.9423800      0.9431300      0.9438700      0.9445900      0.9453000      0.9460000      0.9466900    
  0.9055110      0.9091840      0.9128550      0.9128600      0.9128630      0.9143770      0.9174000      0.9174070      0.9174130      0.9174390      0.9331280      0.9565800      0.9519130      0.9495590      0.9495590      0.9493900      0.9466660      0.9454480      0.9447600      0.9433030      0.9428200      0.9436200      0.9444000      0.9451700      0.9459200      0.9466500      0.9473700      0.9480800      0.9487700      0.9494600    
  0.9091840      0.9128570      0.9128600      0.9128620      0.9143750      0.9174000      0.9174030      0.9174070      0.9174200      0.9362280      0.9565800      0.9565800      0.9565800      0.9520380      0.9497280      0.9497290      0.9493900      0.9470650      0.9461350      0.9447600      0.9455800      0.9463800      0.9471700      0.9479300      0.9486800      0.9494200      0.9501400      0.9508400      0.9515300      0.9522100    
  0.9128590      0.9128600      0.9128610      0.9143740      0.9174000      0.9174020      0.9174030      0.9302300      0.9428280      0.9565870      0.9565800      0.9565800      0.9565800      0.9565800      0.9522850      0.9500670      0.9500680      0.9493900      0.9479750      0.9475100      0.9483300      0.9491300      0.9499200      0.9506900      0.9514400      0.9521700      0.9528900      0.9535900      0.9542800      0.9549500    
  0.9128600      0.9128600      0.9143740      0.9174000      0.9174010      0.9385380      0.9702400      0.9694650      0.9686900      0.9606360      0.9566020      0.9565800      0.9565800      0.9565800      0.9565800      0.9527630      0.9507430      0.9507450      0.9493900      0.9502400      0.9510600      0.9518700      0.9526600      0.9534300      0.9541800      0.9549100      0.9556300      0.9563300      0.9570100      0.9576800    
  0.9128600      0.9143740      0.9174000      0.9174000      0.9427680      0.9702450      0.9702450      0.9702400      0.9694650      0.9686900      0.9606730      0.9566450      0.9565800      0.9565800      0.9565800      0.9565800      0.9536630      0.9520930      0.9521000      0.9529500      0.9537800      0.9545900      0.9553800      0.9561500      0.9569000      0.9576300      0.9583500      0.9590400      0.9597200      0.9603900    
