iMOD/TUTORIALS/TUT_MetaswapAnalyser/model_MetaSWAP/meteo/Evaporation/Evaporation_20050411_L1.ASC
NCOLS                30
NROWS                30
XLLCORNER     160000.00
YLLCORNER     340000.00
CELLSIZE        1000.00
NODATA_VALUE   -9999.00
   2.110920       2.098230       2.085590       2.073010       2.060500       2.048040       2.035660       2.023330       2.011070       1.998880       1.986750       1.974690       1.962700       1.950770       1.938910       1.927120       1.915390       1.903730       1.892140       1.880620       1.869160       1.857770       1.846450       1.835190       1.824000       1.812870       1.801810       1.790810       1.779880       1.769000    
   2.103290       2.090630       2.078020       2.065470       2.052970       2.040540       2.028180       2.015870       2.003630       1.991450       1.979340       1.967290       1.955310       1.943400       1.931550       1.919770       1.908050       1.896400       1.884820       1.873310       1.861860       1.850470       1.839160       1.827910       1.816720       1.805600       1.794540       1.783540       1.772610       1.761740    
   2.095660       2.083030       2.070440       2.057920       2.045450       2.033050       2.020700       2.008410       1.996190       1.984030       1.971930       1.959900       1.947940       1.936030       1.924200       1.912430       1.900720       1.889080       1.877510       1.866000       1.854560       1.843190       1.831880       1.820630       1.809450       1.798330       1.787280       1.776290       1.765360       1.754490    
   2.088020       2.075420       2.062870       2.050370       2.037930       2.025550       2.013220       2.000960       1.988750       1.976610       1.964530       1.952510       1.940560       1.928670       1.916850       1.905090       1.893400       1.881770       1.870200       1.858700       1.847270       1.835900       1.824600       1.813360       1.802190       1.791080       1.780030       1.769040       1.758110       1.747250    
   2.080380       2.067810       2.055290       2.042820       2.030410       2.018050       2.005750       1.993500       1.981320       1.969190       1.957130       1.945130       1.933190       1.921320       1.909510       1.897760       1.886080       1.874460       1.862900       1.851410       1.839990       1.828630       1.817330       1.806100       1.794930       1.783830       1.772780       1.761800       1.750880       1.740020    
   2.072740       2.060200       2.047710       2.035270       2.022880       2.010550       1.998270       1.986050       1.973880       1.961780       1.949730       1.937750       1.925820       1.913960       1.902170       1.890430       1.878760       1.867150       1.855610       1.844130       1.832710       1.821360       1.810070       1.798850       1.787690       1.776590       1.765550       1.754570       1.743660       1.732800    
   2.065090       2.052580       2.040130       2.027710       2.015350       2.003040       1.990790       1.978590       1.966440       1.954360       1.942330       1.930360       1.918460       1.906610       1.894830       1.883110       1.871450       1.859850       1.848320       1.836850       1.825440       1.814100       1.802820       1.791600       1.780450       1.769360       1.758320       1.747350       1.736440       1.725590    
   2.057430       2.044960       2.032530       2.020150       2.007820       1.995540       1.983310       1.971130       1.959010       1.946940       1.934930       1.922980       1.911090       1.899260       1.887490       1.875780       1.864140       1.852550       1.841030       1.829570       1.818180       1.806840       1.795570       1.784360       1.773220       1.762130       1.751110       1.740140       1.729240       1.718390    
   2.049760       2.037330       2.024940       2.012590       2.000280       1.988030       1.975820       1.963670       1.951570       1.939520       1.927530       1.915600       1.903730       1.891910       1.880160       1.868460       1.856830       1.845260       1.833750       1.822300       1.810920       1.799590       1.788330       1.777130       1.765990       1.754910       1.743900       1.732940       1.722040       1.711200    
   2.042100       2.029700       2.017340       2.005020       1.992740       1.980510       1.968330       1.956200       1.944130       1.932100       1.920130       1.908220       1.896360       1.884560       1.872820       1.861150       1.849530       1.837970       1.826470       1.815030       1.803660       1.792340       1.781090       1.769900       1.758770       1.747700       1.736690       1.725740       1.714850       1.704020    
   2.042110       2.029710       2.012370       1.997440       1.985200       1.973000       1.960840       1.948740       1.936680       1.924680       1.912730       1.900830       1.889000       1.877220       1.865490       1.853830       1.842220       1.830680       1.819190       1.807770       1.796400       1.785100       1.773860       1.762680       1.751560       1.740490       1.729490       1.718550       1.707670       1.696850    
   2.042120       2.020410       1.997440       1.982590       1.977650       1.965480       1.953350       1.941270       1.929230       1.917250       1.905320       1.893450       1.881630       1.869870       1.858160       1.846510       1.834920       1.823390       1.811920       1.800500       1.789150       1.777860       1.766630       1.755460       1.744350       1.733290       1.722300       1.711370       1.700490       1.689680    
   2.028630       1.997440       1.981000       1.973870       1.970090       1.957950       1.945850       1.933790       1.921780       1.909830       1.897920       1.886060       1.874260       1.862520       1.850830       1.839190       1.827620       1.816100       1.804640       1.793240       1.781900       1.770620       1.759400       1.748240       1.737140       1.726100       1.715120       1.704190       1.693330       1.682520    
   1.997440       1.980130       1.971980       1.970090       1.959490       1.950420       1.938340       1.926310       1.914330       1.902390       1.890510       1.878670       1.866890       1.855160       1.843490       1.831880       1.820320       1.808810       1.797370       1.785980       1.774660       1.763390       1.752180       1.741030       1.729940       1.718910       1.707930       1.697020       1.686160       1.675370    
   1.979670       1.971040       1.970090       1.960000       1.950420       1.939870       1.930840       1.918830       1.906870       1.894960       1.883100       1.871280       1.859520       1.847810       1.836160       1.824560       1.813010       1.801530       1.790100       1.778720       1.767410       1.756160       1.744960       1.733820       1.722740       1.711720       1.700760       1.689850       1.679010       1.668220    
   1.970560       1.970090       1.960170       1.950420       1.940380       1.930840       1.924830       1.918850       1.902050       1.887530       1.875680       1.863890       1.852150       1.840460       1.828820       1.817240       1.805710       1.794240       1.782830       1.771470       1.760170       1.748930       1.737740       1.726620       1.715550       1.704540       1.693590       1.682690       1.671860       1.661080    
   1.970090       1.960230       1.950420       1.940550       1.930840       1.927840       1.924840       1.908310       1.887530       1.881600       1.866540       1.856500       1.844780       1.833100       1.821490       1.809920       1.798410       1.786950       1.775550       1.764210       1.752930       1.741700       1.730530       1.719410       1.708360       1.697360       1.686420       1.675540       1.664710       1.653950    
   1.960250       1.950420       1.940600       1.930840       1.929340       1.927840       1.912130       1.887530       1.884570       1.867510       1.852800       1.849100       1.837400       1.825750       1.814150       1.802600       1.791110       1.779670       1.768280       1.756960       1.745690       1.734470       1.723310       1.712210       1.701170       1.690190       1.679260       1.668390       1.657580       1.646820    
   1.950420       1.940620       1.930840       1.930090       1.929340       1.914210       1.887530       1.886050       1.867930       1.850950       1.849100       1.843250       1.832660       1.818390       1.806810       1.795280       1.783810       1.772380       1.761020       1.749700       1.738450       1.727250       1.716100       1.705020       1.693990       1.683020       1.672100       1.661240       1.650440       1.639700    
   1.940630       1.930840       1.930460       1.930090       1.915290       1.887530       1.886790       1.868130       1.850020       1.849100       1.846170       1.835850       1.818390       1.812600       1.806830       1.795300       1.783820       1.772400       1.752150       1.742450       1.731210       1.720030       1.708900       1.697820       1.686810       1.675850       1.664950       1.654100       1.643310       1.632580    
   1.930840       1.930650       1.930460       1.915840       1.887530       1.887160       1.868220       1.849560       1.849100       1.847640       1.837380       1.818390       1.815500       1.812610       1.804910       1.795320       1.783840       1.756480       1.738830       1.735200       1.723980       1.712810       1.701690       1.690630       1.679630       1.668690       1.657800       1.646970       1.636190       1.625470    
   1.930750       1.930650       1.916120       1.887530       1.887340       1.868270       1.849330       1.849100       1.848370       1.838130       1.818390       1.816940       1.815500       1.811000       1.804280       1.794690       1.761570       1.737010       1.735200       1.725310       1.716740       1.705590       1.694490       1.683450       1.672460       1.661530       1.650660       1.639840       1.629080       1.618370    
   1.930750       1.916260       1.887530       1.887440       1.868290       1.849220       1.849100       1.848730       1.838500       1.818390       1.817670       1.816940       1.814480       1.810260       1.803320       1.762020       1.736110       1.735200       1.717170       1.709510       1.702830       1.698370       1.687290       1.676260       1.665290       1.654380       1.643520       1.632710       1.621960       1.611270    
   1.916330       1.887530       1.887480       1.868300       1.849160       1.849100       1.848920       1.838680       1.818390       1.818030       1.817670       1.816360       1.813890       1.779120       1.745510       1.713470       1.713460       1.707750       1.701080       1.698670       1.702280       1.691160       1.680090       1.669080       1.658130       1.647230       1.636380       1.625590       1.614860       1.604180    
   1.887530       1.887510       1.868310       1.849130       1.849100       1.849010       1.838770       1.818390       1.818210       1.818030       1.817350       1.815970       1.757100       1.688170       1.688400       1.695580       1.690820       1.691730       1.693560       1.695050       1.695050       1.683950       1.672900       1.661900       1.650970       1.640080       1.629250       1.618480       1.607760       1.597100    
   1.887520       1.868310       1.849110       1.849100       1.849050       1.838820       1.818390       1.818300       1.818210       1.817860       1.761390       1.677800       1.684530       1.687950       1.687950       1.688400       1.689620       1.689920       1.691730       1.688800       1.687830       1.676740       1.665710       1.654730       1.643810       1.632940       1.622130       1.611370       1.600670       1.590020    
   1.868310       1.849110       1.849100       1.849080       1.838840       1.818390       1.818340       1.818300       1.818120       1.750610       1.677800       1.677800       1.677800       1.684190       1.687490       1.687490       1.688400       1.688430       1.688110       1.691730       1.680610       1.669540       1.658520       1.647560       1.636660       1.625810       1.615010       1.604270       1.593580       1.582950    
   1.849100       1.849100       1.849090       1.838850       1.818390       1.818370       1.818340       1.776870       1.731150       1.677780       1.677800       1.677800       1.677800       1.677800       1.683520       1.686590       1.686590       1.688400       1.685470       1.684490       1.673390       1.662340       1.651340       1.640400       1.629510       1.618670       1.607900       1.597170       1.586500       1.575880    
   1.849100       1.849090       1.838860       1.818390       1.818380       1.753650       1.656580       1.654640       1.652700       1.669380       1.677740       1.677800       1.677800       1.677800       1.677800       1.682200       1.684780       1.684770       1.688400       1.677260       1.666170       1.655140       1.644160       1.633240       1.622370       1.611550       1.600790       1.590080       1.579430       1.568830    
   1.849100       1.838860       1.818390       1.818380       1.740700       1.656570       1.656570       1.656580       1.654640       1.652700       1.669280       1.677620       1.677800       1.677800       1.677800       1.677800       1.679650       1.681150       1.681150       1.670030       1.658960       1.647950       1.636990       1.626080       1.615230       1.604430       1.593690       1.583000       1.572360       1.561780    
