iMOD/TUTORIALS/TUT_MetaswapAnalyser/model_MetaSWAP/meteo/Evaporation/Evaporation_20060923_L1.ASC
NCOLS                30
NROWS                30
XLLCORNER     160000.00
YLLCORNER     340000.00
CELLSIZE        1000.00
NODATA_VALUE   -9999.00
   1.476740       1.480090       1.483410       1.486710       1.489980       1.493220       1.496450       1.499650       1.502830       1.506000       1.509150       1.512290       1.515420       1.518530       1.521640       1.524740       1.527840       1.530930       1.534010       1.537100       1.540170       1.543250       1.546320       1.549400       1.552470       1.555540       1.558610       1.561680       1.564750       1.567820    
   1.482240       1.485590       1.488910       1.492200       1.495470       1.498710       1.501940       1.505140       1.508320       1.511480       1.514630       1.517770       1.520900       1.524010       1.527120       1.530210       1.533300       1.536390       1.539470       1.542540       1.545610       1.548680       1.551740       1.554810       1.557870       1.560930       1.563990       1.567040       1.570100       1.573160    
   1.487750       1.491100       1.494410       1.497700       1.500970       1.504210       1.507430       1.510630       1.513810       1.516970       1.520120       1.523250       1.526380       1.529490       1.532590       1.535680       1.538770       1.541850       1.544920       1.547990       1.551050       1.554110       1.557170       1.560220       1.563270       1.566320       1.569370       1.572410       1.575460       1.578500    
   1.493270       1.496600       1.499910       1.503200       1.506460       1.509700       1.512920       1.516120       1.519300       1.522460       1.525600       1.528740       1.531860       1.534970       1.538060       1.541150       1.544230       1.547310       1.550370       1.553440       1.556490       1.559540       1.562590       1.565640       1.568680       1.571720       1.574750       1.577790       1.580820       1.583850    
   1.498780       1.502120       1.505420       1.508700       1.511960       1.515200       1.518410       1.521610       1.524780       1.527950       1.531090       1.534220       1.537340       1.540440       1.543540       1.546620       1.549700       1.552770       1.555830       1.558880       1.561930       1.564980       1.568020       1.571050       1.574090       1.577110       1.580140       1.583160       1.586180       1.589200    
   1.504310       1.507630       1.510930       1.514210       1.517460       1.520700       1.523910       1.527100       1.530280       1.533430       1.536580       1.539710       1.542820       1.545920       1.549010       1.552100       1.555170       1.558230       1.561290       1.564340       1.567380       1.570420       1.573450       1.576470       1.579500       1.582520       1.585530       1.588540       1.591550       1.594560    
   1.509830       1.513150       1.516440       1.519720       1.522970       1.526200       1.529410       1.532600       1.535770       1.538930       1.542070       1.545190       1.548300       1.551400       1.554490       1.557570       1.560640       1.563690       1.566740       1.569790       1.572820       1.575850       1.578880       1.581900       1.584910       1.587920       1.590930       1.593930       1.596930       1.599920    
   1.515360       1.518670       1.521960       1.525230       1.528470       1.531700       1.534910       1.538090       1.541260       1.544420       1.547550       1.550680       1.553790       1.556880       1.559970       1.563040       1.566100       1.569160       1.572200       1.575240       1.578270       1.581290       1.584310       1.587320       1.590330       1.593330       1.596320       1.599310       1.602300       1.605290    
   1.520890       1.524200       1.527480       1.530740       1.533980       1.537210       1.540410       1.543590       1.546760       1.549910       1.553050       1.556170       1.559270       1.562360       1.565450       1.568510       1.571570       1.574620       1.577660       1.580690       1.583720       1.586730       1.589740       1.592750       1.595740       1.598740       1.601720       1.604700       1.607680       1.610650    
   1.526430       1.529730       1.533000       1.536260       1.539500       1.542710       1.545910       1.549090       1.552260       1.555400       1.558540       1.561650       1.564760       1.567850       1.570920       1.573990       1.577040       1.580090       1.583120       1.586150       1.589170       1.592180       1.595180       1.598170       1.601160       1.604140       1.607120       1.610090       1.613060       1.616020    
   1.526420       1.529720       1.535190       1.541780       1.545010       1.548220       1.551420       1.554600       1.557760       1.560900       1.564030       1.567140       1.570240       1.573330       1.576400       1.579460       1.582510       1.585550       1.588580       1.591600       1.594620       1.597620       1.600610       1.603600       1.606580       1.609560       1.612520       1.615490       1.618440       1.621400    
   1.526420       1.533280       1.541780       1.548340       1.550530       1.553740       1.556930       1.560100       1.563260       1.566400       1.569520       1.572630       1.575730       1.578810       1.581880       1.584940       1.587990       1.591020       1.594050       1.597060       1.600070       1.603060       1.606050       1.609030       1.612000       1.614970       1.617930       1.620880       1.623830       1.626770    
   1.531140       1.541780       1.549870       1.553290       1.556050       1.559250       1.562440       1.565610       1.568760       1.571900       1.575020       1.578130       1.581220       1.584300       1.587360       1.590420       1.593460       1.596490       1.599510       1.602520       1.605520       1.608510       1.611490       1.614460       1.617420       1.620380       1.623330       1.626280       1.629210       1.632140    
   1.541780       1.550590       1.554670       1.556050       1.560020       1.564770       1.567950       1.571110       1.574260       1.577400       1.580510       1.583620       1.586710       1.589780       1.592840       1.595890       1.598930       1.601960       1.604970       1.607970       1.610970       1.613950       1.616920       1.619890       1.622850       1.625800       1.628740       1.631670       1.634600       1.637520    
   1.550950       1.555360       1.556050       1.560280       1.564770       1.568730       1.573460       1.576620       1.579770       1.582900       1.586010       1.589110       1.592190       1.595270       1.598320       1.601370       1.604400       1.607420       1.610430       1.613430       1.616420       1.619390       1.622360       1.625320       1.628270       1.631210       1.634140       1.637070       1.639990       1.642900    
   1.555700       1.556050       1.560370       1.564770       1.568990       1.573460       1.575040       1.576620       1.581920       1.588400       1.591510       1.594600       1.597680       1.600750       1.603810       1.606850       1.609870       1.612890       1.615890       1.618890       1.621870       1.624840       1.627800       1.630750       1.633690       1.636620       1.639550       1.642470       1.645370       1.648270    
   1.556050       1.560400       1.564770       1.569070       1.573460       1.574250       1.575040       1.580490       1.588400       1.589960       1.596040       1.600100       1.603170       1.606240       1.609290       1.612320       1.615350       1.618360       1.621360       1.624340       1.627320       1.630280       1.633240       1.636180       1.639120       1.642040       1.644960       1.647860       1.650760       1.653650    
   1.560410       1.564770       1.569100       1.573460       1.573850       1.574250       1.579550       1.588400       1.589180       1.596570       1.602840       1.605590       1.608660       1.611720       1.614770       1.617800       1.620820       1.623820       1.626820       1.629800       1.632770       1.635730       1.638670       1.641610       1.644540       1.647450       1.650360       1.653260       1.656150       1.659030    
   1.564770       1.569110       1.573460       1.573660       1.573850       1.579010       1.588400       1.588790       1.596790       1.604220       1.605590       1.607130       1.610790       1.617200       1.620250       1.623270       1.626290       1.629290       1.632280       1.635250       1.638220       1.641170       1.644110       1.647040       1.649960       1.652870       1.655760       1.658650       1.661530       1.664410    
   1.569110       1.573460       1.573560       1.573660       1.578730       1.588400       1.588590       1.596890       1.604900       1.605590       1.606360       1.610180       1.617200       1.618730       1.620240       1.623270       1.626280       1.629290       1.636740       1.640710       1.643670       1.646610       1.649540       1.652470       1.655380       1.658280       1.661170       1.664050       1.666920       1.669780    
   1.573460       1.573510       1.573560       1.578590       1.588400       1.588500       1.596950       1.605250       1.605590       1.605970       1.609830       1.617200       1.617960       1.618720       1.620750       1.623260       1.626280       1.636380       1.643440       1.646160       1.649110       1.652050       1.654980       1.657890       1.660800       1.663690       1.666570       1.669440       1.672300       1.675160    
   1.573480       1.573510       1.578510       1.588400       1.588450       1.596970       1.605420       1.605590       1.605780       1.609650       1.617200       1.617580       1.617960       1.619140       1.620910       1.623430       1.635380       1.644800       1.646160       1.649940       1.654560       1.657490       1.660410       1.663320       1.666210       1.669100       1.671970       1.674830       1.677690       1.680530    
   1.573480       1.578480       1.588400       1.588420       1.596980       1.605500       1.605590       1.605690       1.609560       1.617200       1.617390       1.617580       1.618230       1.619340       1.621160       1.637540       1.645480       1.646160       1.656070       1.660000       1.661760       1.662930       1.665840       1.668740       1.671630       1.674510       1.677370       1.680220       1.683070       1.685900    
   1.578460       1.588400       1.588410       1.596990       1.605550       1.605590       1.605640       1.609510       1.617200       1.617300       1.617390       1.617730       1.618380       1.636370       1.650840       1.662490       1.662500       1.664220       1.666350       1.668160       1.665440       1.668360       1.671270       1.674160       1.677040       1.679910       1.682770       1.685610       1.688440       1.691270    
   1.588400       1.588410       1.596990       1.605570       1.605590       1.605610       1.609480       1.617200       1.617250       1.617300       1.617470       1.617840       1.649310       1.686940       1.686770       1.677740       1.679510       1.678830       1.673700       1.670880       1.670880       1.673790       1.676690       1.679580       1.682450       1.685310       1.688160       1.690990       1.693820       1.696630    
   1.588400       1.596990       1.605580       1.605590       1.605600       1.609470       1.617200       1.617220       1.617250       1.617340       1.650570       1.700120       1.691470       1.687110       1.687110       1.686770       1.682200       1.680190       1.678830       1.676940       1.676310       1.679220       1.682110       1.684990       1.687860       1.690710       1.693550       1.696380       1.699190       1.701990    
   1.596990       1.605580       1.605590       1.605600       1.609470       1.617200       1.617210       1.617220       1.617270       1.657080       1.700120       1.700120       1.700120       1.691720       1.687450       1.687450       1.686770       1.683010       1.681550       1.678830       1.681740       1.684650       1.687530       1.690400       1.693260       1.696100       1.698930       1.701750       1.704560       1.707350    
   1.605590       1.605590       1.605590       1.609460       1.617200       1.617210       1.617210       1.643980       1.670680       1.700130       1.700120       1.700120       1.700120       1.700120       1.692220       1.688130       1.688130       1.686770       1.684890       1.684260       1.687170       1.690070       1.692950       1.695810       1.698660       1.701500       1.704320       1.707120       1.709920       1.712700    
   1.605590       1.605590       1.609460       1.617200       1.617200       1.660980       1.726640       1.725420       1.724200       1.708190       1.700160       1.700120       1.700120       1.700120       1.700120       1.693190       1.689480       1.689480       1.686770       1.689690       1.692600       1.695480       1.698360       1.701210       1.704050       1.706880       1.709690       1.712490       1.715280       1.718050    
   1.605590       1.609460       1.617200       1.617200       1.669740       1.726650       1.726650       1.726640       1.725420       1.724200       1.708260       1.700250       1.700120       1.700120       1.700120       1.700120       1.695010       1.692200       1.692200       1.695110       1.698010       1.700900       1.703760       1.706610       1.709440       1.712260       1.715070       1.717860       1.720630       1.723400    
