iMOD/TUTORIALS/TUT_MetaswapAnalyser/model_MetaSWAP/meteo/Evaporation/Evaporation_20060515_L1.ASC
NCOLS                30
NROWS                30
XLLCORNER     160000.00
YLLCORNER     340000.00
CELLSIZE        1000.00
NODATA_VALUE   -9999.00
   2.920760       2.920770       2.920830       2.920920       2.921060       2.921240       2.921460       2.921710       2.922010       2.922340       2.922720       2.923130       2.923570       2.924050       2.924570       2.925120       2.925710       2.926330       2.926980       2.927660       2.928380       2.929130       2.929910       2.930720       2.931560       2.932430       2.933330       2.934250       2.935210       2.936190    
   2.923850       2.923850       2.923900       2.923980       2.924110       2.924270       2.924480       2.924720       2.925000       2.925330       2.925680       2.926080       2.926510       2.926980       2.927490       2.928030       2.928600       2.929210       2.929850       2.930520       2.931230       2.931960       2.932730       2.933530       2.934360       2.935230       2.936120       2.937040       2.937980       2.938960    
   2.926930       2.926920       2.926960       2.927030       2.927140       2.927300       2.927490       2.927720       2.927990       2.928300       2.928650       2.929030       2.929450       2.929910       2.930400       2.930920       2.931490       2.932080       2.932710       2.933370       2.934070       2.934800       2.935560       2.936350       2.937170       2.938020       2.938900       2.939820       2.940760       2.941730    
   2.930000       2.929980       2.930010       2.930070       2.930170       2.930310       2.930490       2.930710       2.930970       2.931270       2.931600       2.931970       2.932380       2.932820       2.933300       2.933820       2.934370       2.934950       2.935570       2.936220       2.936910       2.937630       2.938380       2.939160       2.939970       2.940820       2.941690       2.942600       2.943530       2.944490    
   2.933060       2.933030       2.933050       2.933100       2.933190       2.933320       2.933490       2.933700       2.933940       2.934230       2.934550       2.934910       2.935300       2.935740       2.936200       2.936710       2.937240       2.937820       2.938430       2.939070       2.939740       2.940450       2.941190       2.941970       2.942770       2.943610       2.944480       2.945370       2.946300       2.947260    
   2.936100       2.936070       2.936080       2.936120       2.936200       2.936320       2.936480       2.936680       2.936910       2.937180       2.937490       2.937840       2.938220       2.938640       2.939100       2.939590       2.940120       2.940680       2.941280       2.941910       2.942580       2.943280       2.944010       2.944770       2.945570       2.946400       2.947260       2.948150       2.949070       2.950020    
   2.939140       2.939100       2.939100       2.939130       2.939200       2.939310       2.939460       2.939650       2.939870       2.940130       2.940430       2.940760       2.941140       2.941540       2.941990       2.942470       2.942990       2.943540       2.944130       2.944750       2.945410       2.946100       2.946820       2.947580       2.948360       2.949190       2.950040       2.950920       2.951840       2.952780    
   2.942170       2.942120       2.942110       2.942130       2.942200       2.942300       2.942430       2.942610       2.942820       2.943070       2.943360       2.943680       2.944040       2.944440       2.944880       2.945350       2.945850       2.946400       2.946970       2.947580       2.948230       2.948910       2.949630       2.950380       2.951160       2.951970       2.952820       2.953700       2.954600       2.955540    
   2.945180       2.945130       2.945110       2.945130       2.945180       2.945270       2.945400       2.945560       2.945770       2.946010       2.946280       2.946600       2.946950       2.947330       2.947760       2.948220       2.948710       2.949250       2.949810       2.950420       2.951060       2.951730       2.952440       2.953180       2.953950       2.954760       2.955600       2.956470       2.957370       2.958300    
   2.948190       2.948130       2.948100       2.948110       2.948160       2.948240       2.948360       2.948510       2.948710       2.948940       2.949200       2.949500       2.949840       2.950220       2.950640       2.951080       2.951570       2.952090       2.952650       2.953250       2.953880       2.954540       2.955240       2.955970       2.956740       2.957540       2.958370       2.959240       2.960140       2.961060    
   2.948200       2.948140       2.948860       2.951090       2.951130       2.951200       2.951310       2.951460       2.951640       2.951860       2.952110       2.952410       2.952740       2.953100       2.953510       2.953950       2.954430       2.954940       2.955490       2.956070       2.956700       2.957350       2.958040       2.958770       2.959530       2.960320       2.961150       2.962010       2.962900       2.963830    
   2.948210       2.949070       2.951090       2.953340       2.954090       2.954160       2.954260       2.954390       2.954570       2.954780       2.955020       2.955310       2.955630       2.955980       2.956380       2.956810       2.957280       2.957780       2.958320       2.958900       2.959510       2.960160       2.960840       2.961560       2.962320       2.963110       2.963930       2.964780       2.965670       2.966590    
   2.949170       2.951090       2.954260       2.955570       2.957050       2.957100       2.957200       2.957320       2.957490       2.957690       2.957920       2.958200       2.958510       2.958860       2.959240       2.959660       2.960120       2.960620       2.961150       2.961720       2.962330       2.962970       2.963640       2.964360       2.965100       2.965890       2.966700       2.967550       2.968440       2.969350    
   2.951090       2.954680       2.956310       2.957050       2.958060       2.960040       2.960130       2.960250       2.960400       2.960600       2.960820       2.961090       2.961390       2.961730       2.962100       2.962520       2.962970       2.963460       2.963980       2.964540       2.965140       2.965770       2.966440       2.967150       2.967890       2.968670       2.969480       2.970320       2.971200       2.972110    
   2.954870       2.956680       2.957050       2.958380       2.960040       2.961080       2.963060       2.963170       2.963320       2.963500       2.963720       2.963970       2.964270       2.964600       2.964960       2.965370       2.965810       2.966290       2.966810       2.967360       2.967950       2.968580       2.969240       2.969940       2.970680       2.971450       2.972260       2.973100       2.973970       2.974880    
   2.956870       2.957050       2.958490       2.960040       2.961390       2.963060       2.963110       2.963180       2.964100       2.966400       2.966610       2.966860       2.967140       2.967460       2.967820       2.968220       2.968650       2.969120       2.969630       2.970180       2.970760       2.971380       2.972040       2.972730       2.973460       2.974230       2.975030       2.975870       2.976740       2.977640    
   2.957050       2.958530       2.960040       2.961500       2.963060       2.963090       2.963120       2.964200       2.966400       2.966510       2.968440       2.969730       2.970010       2.970320       2.970670       2.971060       2.971490       2.971950       2.972450       2.972990       2.973570       2.974180       2.974840       2.975520       2.976250       2.977010       2.977810       2.978640       2.979510       2.980410    
   2.958540       2.960040       2.961530       2.963060       2.963070       2.963090       2.964200       2.966400       2.966450       2.969030       2.971170       2.972610       2.972880       2.973180       2.973530       2.973910       2.974320       2.974780       2.975280       2.975810       2.976380       2.976990       2.977630       2.978320       2.979040       2.979800       2.980590       2.981420       2.982280       2.983180    
   2.960040       2.961540       2.963060       2.963070       2.963070       2.964190       2.966400       2.966430       2.969280       2.971890       2.972610       2.972740       2.973680       2.976040       2.976380       2.976750       2.977160       2.977610       2.978100       2.978620       2.979190       2.979790       2.980430       2.981110       2.981830       2.982580       2.983370       2.984200       2.985060       2.985960    
   2.961550       2.963060       2.963060       2.963070       2.964180       2.966400       2.966410       2.969390       2.972250       2.972610       2.972680       2.973770       2.976040       2.976210       2.976390       2.976760       2.977170       2.977620       2.980000       2.981440       2.982000       2.982590       2.983230       2.983900       2.984620       2.985370       2.986150       2.986980       2.987840       2.988730    
   2.963060       2.963060       2.963060       2.964180       2.966400       2.966410       2.969450       2.972430       2.972610       2.972640       2.973770       2.976040       2.976130       2.976210       2.976450       2.976780       2.977190       2.980380       2.982850       2.984250       2.984810       2.985400       2.986030       2.986700       2.987410       2.988160       2.988940       2.989760       2.990620       2.991510    
   2.963060       2.963060       2.964180       2.966400       2.966400       2.969480       2.972520       2.972610       2.972630       2.973770       2.976040       2.976080       2.976130       2.976260       2.976480       2.976810       2.980430       2.983550       2.984250       2.985560       2.987620       2.988200       2.988830       2.989500       2.990200       2.990950       2.991730       2.992550       2.993400       2.994300    
   2.963060       2.964170       2.966400       2.966400       2.969490       2.972560       2.972610       2.972620       2.973760       2.976040       2.976060       2.976080       2.976160       2.976290       2.976520       2.982070       2.983900       2.984250       2.988730       2.990440       2.990780       2.991010       2.991640       2.992300       2.993000       2.993740       2.994520       2.995340       2.996190       2.997080    
   2.964170       2.966400       2.966400       2.969500       2.972590       2.972610       2.972610       2.973760       2.976040       2.976050       2.976060       2.976100       2.976180       2.983840       2.989160       2.992720       2.992720       2.993140       2.993720       2.994650       2.993250       2.993820       2.994440       2.995100       2.995800       2.996540       2.997320       2.998130       2.998990       2.999880    
   2.966400       2.966400       2.969500       2.972600       2.972610       2.972610       2.973760       2.976040       2.976050       2.976050       2.976070       2.976110       2.989830       3.006480       3.006390       3.000990       3.001540       3.001190       2.997840       2.996060       2.996060       2.996640       2.997250       2.997910       2.998600       2.999340       3.000120       3.000930       3.001790       3.002680    
   2.966400       2.969500       2.972600       2.972610       2.972610       2.973750       2.976040       2.976040       2.976050       2.976060       2.991460       3.014540       3.009240       3.006570       3.006570       3.006390       3.003290       3.001900       3.001190       2.999460       2.998880       2.999450       3.000070       3.000720       3.001410       3.002150       3.002920       3.003740       3.004590       3.005480    
   2.969500       2.972610       2.972610       2.972610       2.973750       2.976040       2.976040       2.976040       2.976050       2.994530       3.014540       3.014540       3.014540       3.009370       3.006750       3.006750       3.006390       3.003700       3.002600       3.001190       3.001710       3.002280       3.002880       3.003540       3.004230       3.004960       3.005730       3.006550       3.007400       3.008290    
   2.972610       2.972610       2.972610       2.973750       2.976040       2.976040       2.976040       2.989210       3.001520       3.014550       3.014540       3.014540       3.014540       3.014540       3.009630       3.007100       3.007100       3.006390       3.004620       3.004020       3.004540       3.005100       3.005710       3.006360       3.007050       3.007780       3.008550       3.009370       3.010220       3.011110    
   2.972610       2.972610       2.973750       2.976040       2.976040       2.998160       3.031340       3.030010       3.028690       3.019280       3.014560       3.014540       3.014540       3.014540       3.014540       3.010130       3.007810       3.007810       3.006390       3.006860       3.007380       3.007930       3.008540       3.009180       3.009870       3.010600       3.011380       3.012190       3.013050       3.013940    
   2.972610       2.973750       2.976040       2.976040       3.002590       3.031350       3.031350       3.031340       3.030020       3.028690       3.019320       3.014610       3.014540       3.014540       3.014540       3.014540       3.011080       3.009240       3.009240       3.009700       3.010220       3.010770       3.011370       3.012020       3.012710       3.013440       3.014210       3.015030       3.015880       3.016780    
