iMOD/TUTORIALS/TUT_MetaswapAnalyser/model_MetaSWAP/meteo/Evaporation/Evaporation_20050406_L1.ASC
NCOLS                30
NROWS                30
XLLCORNER     160000.00
YLLCORNER     340000.00
CELLSIZE        1000.00
NODATA_VALUE   -9999.00
   1.514360       1.516390       1.518450       1.520530       1.522640       1.524780       1.526940       1.529130       1.531340       1.533570       1.535820       1.538090       1.540380       1.542690       1.545010       1.547350       1.549710       1.552080       1.554470       1.556870       1.559290       1.561720       1.564160       1.566610       1.569080       1.571560       1.574050       1.576550       1.579060       1.581590    
   1.517020       1.519040       1.521090       1.523160       1.525270       1.527390       1.529550       1.531720       1.533920       1.536140       1.538380       1.540640       1.542920       1.545220       1.547540       1.549870       1.552220       1.554580       1.556960       1.559360       1.561770       1.564190       1.566630       1.569080       1.571540       1.574010       1.576500       1.579000       1.581510       1.584030    
   1.519670       1.521690       1.523730       1.525800       1.527890       1.530010       1.532150       1.534320       1.536510       1.538720       1.540950       1.543200       1.545470       1.547760       1.550070       1.552390       1.554730       1.557090       1.559460       1.561850       1.564250       1.566670       1.569100       1.571540       1.574000       1.576470       1.578950       1.581450       1.583950       1.586470    
   1.522330       1.524340       1.526370       1.528430       1.530520       1.532630       1.534760       1.536920       1.539100       1.541300       1.543520       1.545760       1.548020       1.550300       1.552600       1.554920       1.557250       1.559600       1.561960       1.564350       1.566740       1.569150       1.571580       1.574020       1.576470       1.578930       1.581410       1.583900       1.586400       1.588910    
   1.524990       1.526990       1.529020       1.531070       1.533150       1.535250       1.537370       1.539520       1.541690       1.543880       1.546090       1.548320       1.550580       1.552850       1.555140       1.557450       1.559770       1.562110       1.564470       1.566850       1.569240       1.571640       1.574060       1.576490       1.578940       1.581400       1.583870       1.586360       1.588850       1.591360    
   1.527650       1.529640       1.531660       1.533710       1.535780       1.537870       1.539980       1.542120       1.544280       1.546470       1.548670       1.550890       1.553140       1.555400       1.557680       1.559980       1.562300       1.564630       1.566980       1.569350       1.571730       1.574130       1.576540       1.578970       1.581410       1.583870       1.586340       1.588820       1.591310       1.593820    
   1.530300       1.532290       1.534310       1.536340       1.538410       1.540490       1.542600       1.544730       1.546880       1.549050       1.551250       1.553460       1.555700       1.557950       1.560220       1.562520       1.564830       1.567150       1.569500       1.571860       1.574230       1.576630       1.579030       1.581460       1.583890       1.586340       1.588810       1.591280       1.593780       1.596280    
   1.532960       1.534940       1.536950       1.538980       1.541040       1.543110       1.545210       1.547330       1.549480       1.551640       1.553830       1.556030       1.558260       1.560510       1.562770       1.565060       1.567360       1.569680       1.572020       1.574370       1.576740       1.579120       1.581530       1.583940       1.586370       1.588820       1.591280       1.593750       1.596240       1.598740    
   1.535610       1.537590       1.539590       1.541620       1.543670       1.545730       1.547830       1.549940       1.552080       1.554230       1.556410       1.558610       1.560830       1.563070       1.565320       1.567600       1.569890       1.572210       1.574540       1.576880       1.579250       1.581630       1.584020       1.586440       1.588860       1.591300       1.593760       1.596230       1.598710       1.601210    
   1.538270       1.540240       1.542240       1.544260       1.546300       1.548360       1.550440       1.552550       1.554680       1.556830       1.559000       1.561190       1.563400       1.565630       1.567880       1.570150       1.572430       1.574740       1.577060       1.579400       1.581760       1.584130       1.586530       1.588930       1.591350       1.593790       1.596240       1.598710       1.601190       1.603680    
   1.538280       1.540250       1.543410       1.546890       1.548930       1.550980       1.553060       1.555160       1.557280       1.559420       1.561580       1.563770       1.565970       1.568190       1.570440       1.572700       1.574980       1.577280       1.579590       1.581930       1.584280       1.586650       1.589030       1.591430       1.593850       1.596280       1.598730       1.601190       1.603670       1.606160    
   1.538280       1.542210       1.546890       1.550390       1.551560       1.553610       1.555680       1.557770       1.559880       1.562020       1.564170       1.566350       1.568540       1.570760       1.572990       1.575250       1.577520       1.579810       1.582120       1.584450       1.586800       1.589160       1.591540       1.593940       1.596350       1.598780       1.601220       1.603680       1.606150       1.608640    
   1.540930       1.546890       1.551090       1.552880       1.554190       1.556230       1.558300       1.560380       1.562490       1.564620       1.566760       1.568930       1.571120       1.573330       1.575560       1.577800       1.580070       1.582360       1.584660       1.586980       1.589320       1.591680       1.594050       1.596440       1.598850       1.601270       1.603710       1.606170       1.608640       1.611120    
   1.546890       1.551420       1.553530       1.554190       1.556430       1.558860       1.560920       1.563000       1.565100       1.567220       1.569360       1.571520       1.573700       1.575900       1.578120       1.580360       1.582620       1.584900       1.587200       1.589510       1.591850       1.594200       1.596570       1.598960       1.601360       1.603780       1.606210       1.608660       1.611130       1.613610    
   1.551590       1.553860       1.554190       1.556490       1.558860       1.561110       1.563540       1.565610       1.567700       1.569820       1.571950       1.574110       1.576280       1.578470       1.580690       1.582920       1.585180       1.587450       1.589740       1.592050       1.594380       1.596720       1.599090       1.601470       1.603870       1.606280       1.608720       1.611160       1.613630       1.616110    
   1.554030       1.554190       1.556510       1.558860       1.561170       1.563540       1.564570       1.565620       1.568890       1.572420       1.574550       1.576700       1.578860       1.581050       1.583260       1.585490       1.587730       1.590000       1.592290       1.594590       1.596910       1.599250       1.601610       1.603990       1.606380       1.608800       1.611220       1.613670       1.616130       1.618600    
   1.554190       1.556520       1.558860       1.561190       1.563540       1.564060       1.564580       1.567870       1.572420       1.573490       1.576970       1.579290       1.581450       1.583630       1.585830       1.588050       1.590290       1.592550       1.594830       1.597130       1.599450       1.601790       1.604140       1.606510       1.608900       1.611310       1.613740       1.616180       1.618640       1.621110    
   1.556520       1.558860       1.561200       1.563540       1.563800       1.564060       1.567230       1.572420       1.572950       1.577070       1.580590       1.581880       1.584040       1.586210       1.588410       1.590620       1.592860       1.595110       1.597390       1.599680       1.601990       1.604320       1.606670       1.609040       1.611430       1.613830       1.616250       1.618690       1.621150       1.623620    
   1.558860       1.561200       1.563540       1.563670       1.563800       1.566880       1.572420       1.572690       1.577110       1.581230       1.581880       1.582960       1.585230       1.588800       1.590980       1.593190       1.595420       1.597670       1.599940       1.602230       1.604540       1.606860       1.609210       1.611570       1.613960       1.616360       1.618770       1.621210       1.623660       1.626130    
   1.561200       1.563540       1.563600       1.563670       1.566690       1.572420       1.572550       1.577130       1.581560       1.581880       1.582420       1.584720       1.588800       1.589890       1.590990       1.593200       1.595430       1.597680       1.602390       1.604780       1.607090       1.609410       1.611750       1.614110       1.616490       1.618880       1.621300       1.623730       1.626180       1.628650    
   1.563540       1.563570       1.563600       1.566600       1.572420       1.572490       1.577140       1.581720       1.581880       1.582150       1.584450       1.588800       1.589340       1.589890       1.591360       1.593200       1.595430       1.601780       1.606060       1.607340       1.609640       1.611960       1.614290       1.616650       1.619020       1.621420       1.623830       1.626260       1.628710       1.631170    
   1.563560       1.563570       1.566550       1.572420       1.572450       1.577150       1.581800       1.581880       1.582020       1.584320       1.588800       1.589070       1.589350       1.590200       1.591490       1.593330       1.600890       1.606700       1.607340       1.609720       1.612190       1.614510       1.616840       1.619190       1.621560       1.623960       1.626360       1.628790       1.631240       1.633700    
   1.563560       1.566520       1.572420       1.572440       1.577150       1.581840       1.581880       1.581950       1.584250       1.588800       1.588940       1.589070       1.589540       1.590340       1.591670       1.601560       1.607020       1.607340       1.612610       1.614750       1.616140       1.617060       1.619390       1.621740       1.624110       1.626500       1.628900       1.631330       1.633770       1.636230    
   1.566510       1.572420       1.572430       1.577150       1.581860       1.581880       1.581910       1.584220       1.588800       1.588870       1.588940       1.589180       1.589650       1.599310       1.607720       1.615060       1.615050       1.616280       1.617750       1.618600       1.617320       1.619620       1.621950       1.624300       1.626660       1.629050       1.631450       1.633870       1.636310       1.638770    
   1.572420       1.572420       1.577150       1.581870       1.581880       1.581900       1.584200       1.588800       1.588830       1.588870       1.589000       1.589260       1.605960       1.625780       1.625700       1.621990       1.623090       1.622770       1.620950       1.619890       1.619890       1.622190       1.624510       1.626850       1.629220       1.631600       1.634000       1.636420       1.638860       1.641320    
   1.572420       1.577150       1.581870       1.581880       1.581890       1.584200       1.588800       1.588820       1.588830       1.588900       1.605950       1.631320       1.627690       1.625860       1.625860       1.625700       1.624090       1.623410       1.622770       1.622540       1.622460       1.624760       1.627080       1.629420       1.631780       1.634160       1.636560       1.638970       1.641410       1.643870    
   1.577150       1.581880       1.581880       1.581880       1.584190       1.588800       1.588810       1.588820       1.588850       1.609270       1.631320       1.631320       1.631320       1.627820       1.626030       1.626020       1.625700       1.624490       1.624060       1.622770       1.625040       1.627330       1.629650       1.631980       1.634340       1.636720       1.639120       1.641530       1.643970       1.646420    
   1.581880       1.581880       1.581880       1.584190       1.588800       1.588800       1.588810       1.602200       1.615940       1.631330       1.631320       1.631320       1.631320       1.631320       1.628050       1.626350       1.626350       1.625700       1.625440       1.625350       1.627620       1.629910       1.632230       1.634560       1.636910       1.639290       1.641680       1.644100       1.646530       1.648990    
   1.581880       1.581880       1.584190       1.588800       1.588800       1.610430       1.642870       1.642610       1.642340       1.635010       1.631340       1.631320       1.631320       1.631320       1.631320       1.628520       1.627000       1.627000       1.625700       1.627950       1.630210       1.632500       1.634810       1.637140       1.639490       1.641860       1.644260       1.646670       1.649100       1.651560    
   1.581880       1.584190       1.588800       1.588800       1.614760       1.642880       1.642880       1.642870       1.642610       1.642340       1.635050       1.631380       1.631320       1.631320       1.631320       1.631320       1.629410       1.628300       1.628300       1.630540       1.632800       1.635090       1.637390       1.639720       1.642070       1.644440       1.646840       1.649250       1.651680       1.654140    
