iMOD/TUTORIALS/TUT_MetaswapAnalyser/model_MetaSWAP/meteo/Evaporation/Evaporation_20051105_L1.ASC
NCOLS                30
NROWS                30
XLLCORNER     160000.00
YLLCORNER     340000.00
CELLSIZE        1000.00
NODATA_VALUE   -9999.00
  0.7580400      0.7560300      0.7540100      0.7519900      0.7499600      0.7479300      0.7458900      0.7438500      0.7418100      0.7397700      0.7377400      0.7357100      0.7336800      0.7316600      0.7296400      0.7276400      0.7256400      0.7236600      0.7216900      0.7197300      0.7177800      0.7158500      0.7139300      0.7120400      0.7101600      0.7082900      0.7064500      0.7046300      0.7028300      0.7010500    
  0.7560200      0.7540000      0.7519600      0.7499200      0.7478800      0.7458300      0.7437800      0.7417300      0.7396800      0.7376300      0.7355800      0.7335400      0.7315000      0.7294700      0.7274500      0.7254400      0.7234400      0.7214500      0.7194800      0.7175100      0.7155700      0.7136400      0.7117200      0.7098200      0.7079500      0.7060900      0.7042500      0.7024300      0.7006400      0.6988700    
  0.7539700      0.7519300      0.7498800      0.7478200      0.7457600      0.7437000      0.7416300      0.7395700      0.7375000      0.7354400      0.7333900      0.7313300      0.7292900      0.7272500      0.7252200      0.7232100      0.7212000      0.7192100      0.7172300      0.7152600      0.7133200      0.7113800      0.7094700      0.7075800      0.7057000      0.7038500      0.7020100      0.7002000      0.6984100      0.6966500    
  0.7518800      0.7498200      0.7477500      0.7456800      0.7436000      0.7415300      0.7394500      0.7373700      0.7352900      0.7332200      0.7311500      0.7290900      0.7270400      0.7249900      0.7229600      0.7209400      0.7189300      0.7169300      0.7149500      0.7129800      0.7110300      0.7091000      0.7071900      0.7052900      0.7034200      0.7015700      0.6997400      0.6979400      0.6961500      0.6944000    
  0.7497600      0.7476800      0.7456000      0.7435100      0.7414100      0.7393200      0.7372300      0.7351400      0.7330500      0.7309700      0.7288900      0.7268200      0.7247600      0.7227000      0.7206600      0.7186300      0.7166200      0.7146200      0.7126300      0.7106600      0.7087100      0.7067800      0.7048700      0.7029800      0.7011100      0.6992600      0.6974400      0.6956400      0.6938600      0.6921100    
  0.7476100      0.7455100      0.7434100      0.7413000      0.7391900      0.7370900      0.7349800      0.7328700      0.7307700      0.7286800      0.7265900      0.7245100      0.7224400      0.7203800      0.7183300      0.7163000      0.7142800      0.7122700      0.7102900      0.7083200      0.7063600      0.7044300      0.7025200      0.7006300      0.6987700      0.6969300      0.6951100      0.6933100      0.6915400      0.6898000    
  0.7454300      0.7433100      0.7411900      0.7390700      0.7369400      0.7348200      0.7327000      0.7305800      0.7284700      0.7263600      0.7242600      0.7221700      0.7200900      0.7180300      0.7159700      0.7139300      0.7119100      0.7099000      0.7079100      0.7059400      0.7039800      0.7020500      0.7001500      0.6982600      0.6964000      0.6945600      0.6927500      0.6909600      0.6892000      0.6874600    
  0.7432200      0.7410800      0.7389400      0.7368000      0.7346600      0.7325300      0.7303900      0.7282600      0.7261300      0.7240200      0.7219100      0.7198100      0.7177200      0.7156400      0.7135800      0.7115400      0.7095100      0.7074900      0.7055000      0.7035300      0.7015800      0.6996500      0.6977400      0.6958600      0.6940000      0.6921600      0.6903600      0.6885700      0.6868200      0.6850900    
  0.7409800      0.7388300      0.7366700      0.7345100      0.7323600      0.7302000      0.7280500      0.7259100      0.7237700      0.7216400      0.7195200      0.7174100      0.7153200      0.7132300      0.7111700      0.7091100      0.7070800      0.7050600      0.7030700      0.7010900      0.6991400      0.6972100      0.6953100      0.6934300      0.6915700      0.6897400      0.6879400      0.6861700      0.6844200      0.6827000    
  0.7387200      0.7365500      0.7343700      0.7322000      0.7300300      0.7278600      0.7256900      0.7235400      0.7213900      0.7192400      0.7171100      0.7149900      0.7128900      0.7108000      0.7087200      0.7066700      0.7046300      0.7026100      0.7006100      0.6986300      0.6966800      0.6947500      0.6928500      0.6909700      0.6891200      0.6873000      0.6855000      0.6837300      0.6819900      0.6802800    
  0.7387230      0.7365470      0.7332450      0.7298600      0.7276700      0.7254900      0.7233100      0.7211400      0.7189800      0.7168200      0.7146800      0.7125500      0.7104400      0.7083400      0.7062600      0.7041900      0.7021500      0.7001300      0.6981300      0.6961500      0.6942000      0.6922700      0.6903700      0.6884900      0.6866500      0.6848300      0.6830400      0.6812800      0.6795400      0.6778400    
  0.7387220      0.7345940      0.7298600      0.7264350      0.7253000      0.7231000      0.7209100      0.7187200      0.7165400      0.7143800      0.7122300      0.7100900      0.7079600      0.7058600      0.7037700      0.7017000      0.6996500      0.6976200      0.6956200      0.6936400      0.6916900      0.6897600      0.6878600      0.6859900      0.6841500      0.6823400      0.6805500      0.6788000      0.6770700      0.6753800    
  0.7360180      0.7298600      0.7258280      0.7241050      0.7229100      0.7206900      0.7184800      0.7162800      0.7140900      0.7119200      0.7097500      0.7076000      0.7054700      0.7033500      0.7012600      0.6991800      0.6971300      0.6951000      0.6931000      0.6911200      0.6891600      0.6872400      0.6853400      0.6834700      0.6816300      0.6798200      0.6780500      0.6763000      0.6745900      0.6729000    
  0.7298600      0.7255260      0.7235080      0.7229100      0.7206200      0.7182600      0.7160400      0.7138300      0.7116200      0.7094300      0.7072600      0.7051000      0.7029600      0.7008300      0.6987300      0.6966500      0.6945900      0.6925600      0.6905500      0.6885700      0.6866100      0.6846900      0.6828000      0.6809300      0.6791000      0.6772900      0.6755200      0.6737800      0.6720800      0.6704000    
  0.7253760      0.7232090      0.7229100      0.7205970      0.7182600      0.7159600      0.7135800      0.7113500      0.7091400      0.7069400      0.7047500      0.7025800      0.7004300      0.6982900      0.6961800      0.6941000      0.6920300      0.6900000      0.6879900      0.6860000      0.6840500      0.6821300      0.6802300      0.6783700      0.6765400      0.6747500      0.6729800      0.6712500      0.6695500      0.6678900    
  0.7230590      0.7229100      0.7205890      0.7182600      0.7159330      0.7135800      0.7124650      0.7113570      0.7079630      0.7044200      0.7022200      0.7000400      0.6978800      0.6957400      0.6936200      0.6915300      0.6894600      0.6874200      0.6854100      0.6834200      0.6814700      0.6795500      0.6776600      0.6758000      0.6739700      0.6721800      0.6704300      0.6687000      0.6670200      0.6653600    
  0.7229100      0.7205860      0.7182600      0.7159240      0.7135800      0.7130230      0.7124670      0.7090510      0.7044200      0.7033200      0.6998200      0.6974900      0.6953200      0.6931700      0.6910500      0.6889500      0.6868700      0.6848300      0.6828100      0.6808300      0.6788700      0.6769500      0.6750600      0.6732100      0.6713900      0.6696100      0.6678600      0.6661400      0.6644600      0.6628200    
  0.7205850      0.7182600      0.7159210      0.7135800      0.7133010      0.7130230      0.7097400      0.7044200      0.7038700      0.6997400      0.6962100      0.6949300      0.6927500      0.6905900      0.6884600      0.6863500      0.6842700      0.6822200      0.6802100      0.6782200      0.6762600      0.6743400      0.6724600      0.6706100      0.6687900      0.6670200      0.6652700      0.6635700      0.6619000      0.6602700    
  0.7182600      0.7159210      0.7135800      0.7134410      0.7133020      0.7101210      0.7044200      0.7041450      0.6997060      0.6955700      0.6949300      0.6938400      0.6915680      0.6880000      0.6858600      0.6837500      0.6816600      0.6796100      0.6775900      0.6756000      0.6736400      0.6717300      0.6698400      0.6680000      0.6661900      0.6644200      0.6626800      0.6609800      0.6593300      0.6577000    
  0.7159200      0.7135800      0.7135100      0.7134410      0.7103210      0.7044200      0.7042820      0.6996900      0.6952500      0.6949300      0.6943850      0.6920840      0.6880000      0.6869300      0.6858700      0.6837570      0.6816730      0.6796200      0.6752200      0.6729700      0.6710100      0.6691000      0.6672200      0.6653700      0.6635700      0.6618100      0.6600800      0.6583900      0.6567400      0.6551300    
  0.7135800      0.7135450      0.7135100      0.7104230      0.7044200      0.7043510      0.6996830      0.6950900      0.6949300      0.6946580      0.6923500      0.6880000      0.6874650      0.6869330      0.6855190      0.6837670      0.6816830      0.6756990      0.6716500      0.6703300      0.6683800      0.6664600      0.6645800      0.6627400      0.6609500      0.6591900      0.6574700      0.6557900      0.6541500      0.6525500    
  0.7135630      0.7135450      0.7104750      0.7044200      0.7043860      0.6996790      0.6950100      0.6949300      0.6947940      0.6924840      0.6880000      0.6877330      0.6874660      0.6866390      0.6854060      0.6836560      0.6764940      0.6709900      0.6703300      0.6681470      0.6657300      0.6638200      0.6619400      0.6601100      0.6583200      0.6565600      0.6548500      0.6531900      0.6515600      0.6499700    
  0.7135630      0.7105010      0.7044200      0.7044030      0.6996770      0.6949700      0.6949300      0.6948620      0.6925520      0.6880000      0.6878660      0.6877330      0.6872790      0.6865040      0.6852340      0.6757200      0.6706600      0.6703300      0.6651650      0.6630800      0.6619340      0.6611700      0.6593000      0.6574700      0.6556800      0.6539400      0.6522400      0.6505800      0.6489600      0.6473900    
  0.7105140      0.7044200      0.7044110      0.6996760      0.6949500      0.6949300      0.6948960      0.6925860      0.6880000      0.6879330      0.6878660      0.6876260      0.6871720      0.6775470      0.6693630      0.6623850      0.6623850      0.6612990      0.6599880      0.6591050      0.6604300      0.6585200      0.6566500      0.6548200      0.6530400      0.6513100      0.6496100      0.6479700      0.6463600      0.6448000    
  0.7044200      0.7044160      0.6996750      0.6949400      0.6949300      0.6949130      0.6926030      0.6880000      0.6879670      0.6879330      0.6878090      0.6875550      0.6708880      0.6510880      0.6511700      0.6551650      0.6541100      0.6544400      0.6565710      0.6577800      0.6577800      0.6558700      0.6540000      0.6521800      0.6504000      0.6486800      0.6469900      0.6453500      0.6437600      0.6422100    
  0.7044180      0.6996750      0.6949350      0.6949300      0.6949210      0.6926120      0.6880000      0.6879830      0.6879670      0.6879030      0.6708230      0.6454100      0.6491280      0.6510060      0.6510060      0.6511700      0.6529960      0.6537800      0.6544400      0.6549580      0.6551300      0.6532200      0.6513500      0.6495400      0.6477700      0.6460500      0.6443700      0.6427500      0.6411600      0.6396300    
  0.6996750      0.6949320      0.6949300      0.6949260      0.6926160      0.6880000      0.6879920      0.6879830      0.6879510      0.6675030      0.6454100      0.6454100      0.6454100      0.6490060      0.6508430      0.6508430      0.6511700      0.6525930      0.6531200      0.6544400      0.6524800      0.6505700      0.6487100      0.6469000      0.6451300      0.6434200      0.6417600      0.6401400      0.6385700      0.6370500    
  0.6949310      0.6949300      0.6949280      0.6926180      0.6880000      0.6879960      0.6879920      0.6747140      0.6609450      0.6454030      0.6454100      0.6454100      0.6454100      0.6454100      0.6487660      0.6505150      0.6505150      0.6511700      0.6516430      0.6518000      0.6498400      0.6479300      0.6460700      0.6442600      0.6425000      0.6408000      0.6391400      0.6375400      0.6359900      0.6344800    
  0.6949300      0.6949290      0.6926190      0.6880000      0.6879980      0.6666970      0.6347500      0.6348400      0.6349300      0.6418980      0.6453890      0.6454100      0.6454100      0.6454100      0.6454100      0.6482980      0.6498600      0.6498600      0.6511700      0.6491600      0.6472000      0.6452900      0.6434300      0.6416300      0.6398800      0.6381900      0.6365400      0.6349500      0.6334100      0.6319100    
  0.6949290      0.6926200      0.6880000      0.6879990      0.6624350      0.6347450      0.6347450      0.6347500      0.6348400      0.6349300      0.6418620      0.6453470      0.6454100      0.6454100      0.6454100      0.6454100      0.6474070      0.6485500      0.6485500      0.6465300      0.6445700      0.6426600      0.6408100      0.6390100      0.6372700      0.6355800      0.6339500      0.6323700      0.6308400      0.6293600    
