iMOD/TUTORIALS/TUT_MetaswapAnalyser/model_MetaSWAP/meteo/Evaporation/Evaporation_20050107_L1.ASC
NCOLS                30
NROWS                30
XLLCORNER     160000.00
YLLCORNER     340000.00
CELLSIZE        1000.00
NODATA_VALUE   -9999.00
  0.2161700      0.2157900      0.2154100      0.2150200      0.2146100      0.2142000      0.2137900      0.2133600      0.2129300      0.2124900      0.2120400      0.2115800      0.2111200      0.2106500      0.2101700      0.2096900      0.2092000      0.2087000      0.2082000      0.2076900      0.2071700      0.2066500      0.2061300      0.2056000      0.2050600      0.2045200      0.2039800      0.2034300      0.2028800      0.2023200    
  0.2163800      0.2160000      0.2156100      0.2152200      0.2148100      0.2144000      0.2139800      0.2135500      0.2131200      0.2126800      0.2122300      0.2117700      0.2113000      0.2108300      0.2103600      0.2098700      0.2093800      0.2088900      0.2083800      0.2078800      0.2073600      0.2068400      0.2063200      0.2057900      0.2052600      0.2047200      0.2041800      0.2036300      0.2030800      0.2025300    
  0.2165900      0.2162000      0.2158100      0.2154100      0.2150100      0.2145900      0.2141700      0.2137400      0.2133000      0.2128600      0.2124100      0.2119500      0.2114800      0.2110100      0.2105300      0.2100500      0.2095600      0.2090600      0.2085600      0.2080500      0.2075400      0.2070300      0.2065000      0.2059800      0.2054400      0.2049100      0.2043700      0.2038300      0.2032800      0.2027300    
  0.2167800      0.2164000      0.2160000      0.2156000      0.2151900      0.2147700      0.2143500      0.2139200      0.2134800      0.2130300      0.2125800      0.2121200      0.2116600      0.2111800      0.2107000      0.2102200      0.2097300      0.2092300      0.2087300      0.2082300      0.2077200      0.2072000      0.2066800      0.2061500      0.2056300      0.2050900      0.2045600      0.2040100      0.2034700      0.2029200    
  0.2169800      0.2165800      0.2161900      0.2157800      0.2153700      0.2149500      0.2145200      0.2140900      0.2136500      0.2132000      0.2127500      0.2122900      0.2118200      0.2113500      0.2108700      0.2103800      0.2098900      0.2094000      0.2089000      0.2083900      0.2078800      0.2073700      0.2068500      0.2063300      0.2058000      0.2052700      0.2047300      0.2042000      0.2036600      0.2031100    
  0.2171600      0.2167700      0.2163600      0.2159600      0.2155400      0.2151200      0.2146900      0.2142500      0.2138100      0.2133600      0.2129100      0.2124500      0.2119800      0.2115100      0.2110300      0.2105400      0.2100500      0.2095600      0.2090600      0.2085500      0.2080400      0.2075300      0.2070100      0.2064900      0.2059700      0.2054400      0.2049100      0.2043700      0.2038300      0.2032900    
  0.2173400      0.2169400      0.2165400      0.2161300      0.2157100      0.2152800      0.2148500      0.2144100      0.2139700      0.2135200      0.2130600      0.2126000      0.2121300      0.2116600      0.2111800      0.2106900      0.2102000      0.2097100      0.2092100      0.2087100      0.2082000      0.2076900      0.2071700      0.2066500      0.2061300      0.2056000      0.2050700      0.2045400      0.2040100      0.2034700    
  0.2175100      0.2171100      0.2167000      0.2162900      0.2158700      0.2154400      0.2150100      0.2145700      0.2141200      0.2136700      0.2132100      0.2127500      0.2122800      0.2118000      0.2113200      0.2108400      0.2103500      0.2098600      0.2093600      0.2088500      0.2083500      0.2078400      0.2073200      0.2068100      0.2062900      0.2057600      0.2052400      0.2047100      0.2041700      0.2036400    
  0.2176800      0.2172700      0.2168600      0.2164500      0.2160200      0.2155900      0.2151600      0.2147200      0.2142700      0.2138100      0.2133500      0.2128900      0.2124200      0.2119400      0.2114600      0.2109800      0.2104900      0.2100000      0.2095000      0.2090000      0.2084900      0.2079800      0.2074700      0.2069500      0.2064400      0.2059100      0.2053900      0.2048600      0.2043400      0.2038100    
  0.2178400      0.2174300      0.2170200      0.2166000      0.2161700      0.2157400      0.2153000      0.2148600      0.2144100      0.2139500      0.2134900      0.2130300      0.2125600      0.2120800      0.2116000      0.2111100      0.2106300      0.2101300      0.2096400      0.2091300      0.2086300      0.2081200      0.2076100      0.2071000      0.2065800      0.2060600      0.2055400      0.2050200      0.2044900      0.2039700    
  0.2178370      0.2174300      0.2169500      0.2167500      0.2163200      0.2158800      0.2154400      0.2150000      0.2145500      0.2140900      0.2136300      0.2131600      0.2126900      0.2122100      0.2117300      0.2112500      0.2107600      0.2102600      0.2097700      0.2092700      0.2087600      0.2082600      0.2077500      0.2072400      0.2067200      0.2062100      0.2056900      0.2051700      0.2046400      0.2041200    
  0.2178340      0.2172420      0.2167500      0.2165320      0.2164600      0.2160200      0.2155800      0.2151300      0.2146800      0.2142200      0.2137600      0.2132900      0.2128100      0.2123400      0.2118600      0.2113700      0.2108800      0.2103900      0.2098900      0.2093900      0.2088900      0.2083900      0.2078800      0.2073700      0.2068600      0.2063500      0.2058300      0.2053100      0.2047900      0.2042700    
  0.2175150      0.2167500      0.2166030      0.2165300      0.2166000      0.2161600      0.2157100      0.2152600      0.2148100      0.2143500      0.2138800      0.2134100      0.2129400      0.2124600      0.2119800      0.2114900      0.2110000      0.2105100      0.2100200      0.2095200      0.2090200      0.2085100      0.2080100      0.2075000      0.2069900      0.2064800      0.2059700      0.2054500      0.2049400      0.2044200    
  0.2167500      0.2166300      0.2165650      0.2166000      0.2163500      0.2162900      0.2158400      0.2153900      0.2149300      0.2144700      0.2140000      0.2135300      0.2130600      0.2125800      0.2121000      0.2116100      0.2111200      0.2106300      0.2101400      0.2096400      0.2091400      0.2086400      0.2081300      0.2076300      0.2071200      0.2066100      0.2061000      0.2055900      0.2050700      0.2045600    
  0.2166410      0.2165830      0.2166000      0.2164130      0.2162900      0.2160300      0.2159600      0.2155100      0.2150500      0.2145900      0.2141200      0.2136500      0.2131700      0.2126900      0.2122100      0.2117200      0.2112400      0.2107400      0.2102500      0.2097500      0.2092600      0.2087600      0.2082500      0.2077500      0.2072400      0.2067400      0.2062300      0.2057200      0.2052100      0.2047000    
  0.2165910      0.2166000      0.2164340      0.2162900      0.2160930      0.2159600      0.2157350      0.2155070      0.2149620      0.2147000      0.2142300      0.2137600      0.2132800      0.2128000      0.2123200      0.2118400      0.2113500      0.2108600      0.2103600      0.2098700      0.2093700      0.2088700      0.2083700      0.2078700      0.2073600      0.2068600      0.2063500      0.2058500      0.2053400      0.2048300    
  0.2166000      0.2164410      0.2162900      0.2161140      0.2159600      0.2158470      0.2157340      0.2152260      0.2147000      0.2144650      0.2141080      0.2138700      0.2133900      0.2129100      0.2124300      0.2119400      0.2114500      0.2109600      0.2104700      0.2099800      0.2094800      0.2089800      0.2084800      0.2079800      0.2074800      0.2069800      0.2064800      0.2059700      0.2054700      0.2049700    
  0.2164440      0.2162900      0.2161210      0.2159600      0.2159040      0.2158470      0.2153770      0.2147000      0.2145830      0.2142360      0.2139250      0.2139800      0.2135000      0.2130200      0.2125300      0.2120500      0.2115600      0.2110700      0.2105800      0.2100800      0.2095900      0.2090900      0.2085900      0.2081000      0.2076000      0.2071000      0.2066000      0.2061000      0.2056000      0.2051000    
  0.2162900      0.2161240      0.2159600      0.2159320      0.2159040      0.2154570      0.2147000      0.2146410      0.2142900      0.2139530      0.2139800      0.2137400      0.2134050      0.2131200      0.2126400      0.2121500      0.2116600      0.2111700      0.2106800      0.2101900      0.2096900      0.2092000      0.2087000      0.2082100      0.2077100      0.2072100      0.2067100      0.2062200      0.2057200      0.2052200    
  0.2161250      0.2159600      0.2159460      0.2159320      0.2154980      0.2147000      0.2146710      0.2143160      0.2139660      0.2139800      0.2138600      0.2135610      0.2131200      0.2128800      0.2126370      0.2121500      0.2116600      0.2111700      0.2105440      0.2102900      0.2097900      0.2093000      0.2088100      0.2083100      0.2078200      0.2073200      0.2068300      0.2063300      0.2058400      0.2053500    
  0.2159600      0.2159530      0.2159460      0.2155190      0.2147000      0.2146850      0.2143280      0.2139730      0.2139800      0.2139200      0.2136300      0.2131200      0.2130000      0.2128790      0.2125560      0.2121490      0.2116600      0.2108210      0.2103400      0.2103900      0.2099000      0.2094000      0.2089100      0.2084200      0.2079300      0.2074300      0.2069400      0.2064500      0.2059600      0.2054700    
  0.2159560      0.2159530      0.2155290      0.2147000      0.2146930      0.2143340      0.2139770      0.2139800      0.2139500      0.2136630      0.2131200      0.2130600      0.2130000      0.2128110      0.2125280      0.2121210      0.2110770      0.2103650      0.2103900      0.2100930      0.2099900      0.2095000      0.2090100      0.2085200      0.2080300      0.2075400      0.2070500      0.2065600      0.2060800      0.2055900    
  0.2159560      0.2155350      0.2147000      0.2146960      0.2143370      0.2139780      0.2139800      0.2139650      0.2136780      0.2131200      0.2130900      0.2130600      0.2129570      0.2127800      0.2124870      0.2113560      0.2103770      0.2103900      0.2102020      0.2100900      0.2097960      0.2096000      0.2091100      0.2086200      0.2081400      0.2076500      0.2071600      0.2066800      0.2061900      0.2057100    
  0.2155370      0.2147000      0.2146980      0.2143380      0.2139790      0.2139800      0.2139730      0.2136860      0.2131200      0.2131050      0.2130900      0.2130360      0.2129320      0.2124630      0.2116740      0.2106750      0.2106750      0.2104510      0.2102030      0.2102350      0.2101900      0.2097000      0.2092100      0.2087200      0.2082400      0.2077500      0.2072700      0.2067900      0.2063100      0.2058300    
  0.2147000      0.2146990      0.2143390      0.2139800      0.2139800      0.2139760      0.2136900      0.2131200      0.2131130      0.2131050      0.2130770      0.2130190      0.2123400      0.2116330      0.2116300      0.2111170      0.2109710      0.2109600      0.2105000      0.2102830      0.2102800      0.2097900      0.2093100      0.2088200      0.2083400      0.2078600      0.2073800      0.2069000      0.2064200      0.2059400    
  0.2147000      0.2143400      0.2139800      0.2139800      0.2139780      0.2136910      0.2131200      0.2131160      0.2131120      0.2130980      0.2128000      0.2124000      0.2118910      0.2116360      0.2116360      0.2116300      0.2111930      0.2109830      0.2109600      0.2105230      0.2103800      0.2098900      0.2094100      0.2089200      0.2084400      0.2079600      0.2074800      0.2070100      0.2065300      0.2060600    
  0.2143400      0.2139800      0.2139800      0.2139790      0.2136920      0.2131200      0.2131180      0.2131160      0.2131090      0.2127620      0.2124000      0.2124000      0.2124000      0.2118950      0.2116410      0.2116410      0.2116300      0.2111970      0.2110050      0.2109600      0.2104700      0.2099900      0.2095000      0.2090200      0.2085400      0.2080700      0.2075900      0.2071200      0.2066400      0.2061800    
  0.2139800      0.2139800      0.2139800      0.2136930      0.2131200      0.2131190      0.2131180      0.2131910      0.2129250      0.2124000      0.2124000      0.2124000      0.2124000      0.2124000      0.2119030      0.2116530      0.2116530      0.2116300      0.2111950      0.2110500      0.2105600      0.2100800      0.2096000      0.2091200      0.2086400      0.2081700      0.2077000      0.2072300      0.2067600      0.2062900    
  0.2139800      0.2139800      0.2136930      0.2131200      0.2131200      0.2134830      0.2140300      0.2137250      0.2134200      0.2127410      0.2124010      0.2124000      0.2124000      0.2124000      0.2124000      0.2119170      0.2116760      0.2116750      0.2116300      0.2111400      0.2106600      0.2101800      0.2097000      0.2092200      0.2087400      0.2082700      0.2078000      0.2073400      0.2068700      0.2064100    
  0.2139800      0.2136930      0.2131200      0.2131200      0.2135570      0.2140300      0.2140300      0.2140300      0.2137250      0.2134200      0.2127420      0.2124030      0.2124000      0.2124000      0.2124000      0.2124000      0.2119410      0.2117230      0.2117200      0.2112400      0.2107500      0.2102700      0.2097900      0.2093200      0.2088500      0.2083800      0.2079100      0.2074500      0.2069800      0.2065300    
