iMOD/TUTORIALS/TUT_MetaswapAnalyser/model_MetaSWAP/meteo/Evaporation/Evaporation_20060504_L1.ASC
NCOLS                30
NROWS                30
XLLCORNER     160000.00
YLLCORNER     340000.00
CELLSIZE        1000.00
NODATA_VALUE   -9999.00
   3.764290       3.768210       3.772180       3.776200       3.780280       3.784400       3.788580       3.792800       3.797060       3.801370       3.805730       3.810120       3.814550       3.819020       3.823520       3.828060       3.832640       3.837250       3.841890       3.846550       3.851250       3.855980       3.860730       3.865510       3.870310       3.875130       3.879970       3.884840       3.889720       3.894630    
   3.764630       3.768540       3.772510       3.776530       3.780590       3.784710       3.788880       3.793090       3.797340       3.801640       3.805980       3.810360       3.814780       3.819240       3.823730       3.828260       3.832820       3.837410       3.842040       3.846690       3.851380       3.856090       3.860820       3.865580       3.870370       3.875170       3.880000       3.884850       3.889720       3.894610    
   3.765000       3.768910       3.772870       3.776880       3.780940       3.785050       3.789200       3.793400       3.797650       3.801940       3.806260       3.810630       3.815040       3.819480       3.823960       3.828480       3.833030       3.837610       3.842220       3.846860       3.851530       3.856220       3.860940       3.865690       3.870460       3.875250       3.880060       3.884890       3.889740       3.894610    
   3.765400       3.769300       3.773250       3.777260       3.781310       3.785410       3.789550       3.793740       3.797980       3.802260       3.806570       3.810930       3.815330       3.819760       3.824230       3.828730       3.833260       3.837830       3.842420       3.847050       3.851700       3.856380       3.861090       3.865820       3.870570       3.875340       3.880140       3.884950       3.889790       3.894640    
   3.765820       3.769710       3.773660       3.777660       3.781700       3.785790       3.789930       3.794110       3.798340       3.802600       3.806910       3.811260       3.815640       3.820060       3.824510       3.829000       3.833520       3.838080       3.842660       3.847270       3.851910       3.856570       3.861260       3.865970       3.870710       3.875470       3.880240       3.885040       3.889860       3.894690    
   3.766260       3.770150       3.774090       3.778080       3.782120       3.786200       3.790330       3.794510       3.798720       3.802980       3.807270       3.811610       3.815980       3.820380       3.824830       3.829300       3.833810       3.838350       3.842910       3.847510       3.852130       3.856780       3.861450       3.866150       3.870870       3.875610       3.880370       3.885150       3.889950       3.894770    
   3.766720       3.770610       3.774550       3.778530       3.782560       3.786640       3.790760       3.794920       3.799130       3.803370       3.807660       3.811980       3.816340       3.820730       3.825160       3.829620       3.834120       3.838640       3.843200       3.847780       3.852380       3.857020       3.861670       3.866360       3.871060       3.875780       3.880530       3.885290       3.890070       3.894870    
   3.767210       3.771090       3.775020       3.779000       3.783020       3.787090       3.791200       3.795360       3.799550       3.803790       3.808060       3.812380       3.816720       3.821110       3.825520       3.829970       3.834450       3.838960       3.843500       3.848070       3.852660       3.857280       3.861920       3.866580       3.871270       3.875980       3.880700       3.885450       3.890210       3.894990    
   3.767710       3.771590       3.775520       3.779490       3.783510       3.787570       3.791670       3.795820       3.800000       3.804230       3.808490       3.812790       3.817130       3.821500       3.825900       3.830340       3.834810       3.839300       3.843830       3.848380       3.852950       3.857560       3.862180       3.866830       3.871500       3.876190       3.880900       3.885630       3.890370       3.895130    
   3.768240       3.772110       3.776030       3.780000       3.784010       3.788060       3.792160       3.796300       3.800470       3.804690       3.808940       3.813230       3.817560       3.821910       3.826310       3.830730       3.835180       3.839660       3.844170       3.848710       3.853270       3.857860       3.862470       3.867100       3.871750       3.876430       3.881120       3.885830       3.890560       3.895300    
   3.768250       3.772130       3.777170       3.780530       3.784530       3.788580       3.792670       3.796790       3.800960       3.805170       3.809410       3.813690       3.818000       3.822350       3.826730       3.831140       3.835580       3.840040       3.844540       3.849060       3.853610       3.858180       3.862770       3.867390       3.872030       3.876680       3.881360       3.886050       3.890760       3.895480    
   3.768270       3.774520       3.780530       3.783940       3.785070       3.789110       3.793190       3.797310       3.801470       3.805660       3.809900       3.814170       3.818470       3.822800       3.827170       3.831570       3.835990       3.840450       3.844930       3.849440       3.853970       3.858520       3.863100       3.867700       3.872320       3.876960       3.881620       3.886290       3.890980       3.895690    
   3.771940       3.780530       3.783860       3.785350       3.785630       3.789660       3.793730       3.797840       3.801990       3.806180       3.810400       3.814660       3.818950       3.823270       3.827630       3.832010       3.836430       3.840870       3.845330       3.849830       3.854340       3.858880       3.863440       3.868030       3.872630       3.877250       3.881890       3.886550       3.891220       3.895910    
   3.780530       3.783880       3.785490       3.785630       3.788500       3.790220       3.794290       3.798390       3.802530       3.806710       3.810920       3.815170       3.819450       3.823760       3.828110       3.832480       3.836880       3.841300       3.845760       3.850240       3.854740       3.859260       3.863810       3.868370       3.872960       3.877570       3.882190       3.886830       3.891480       3.896160    
   3.783900       3.785560       3.785630       3.788120       3.790220       3.793120       3.794860       3.798960       3.803090       3.807260       3.811460       3.815700       3.819970       3.824270       3.828600       3.832960       3.837350       3.841760       3.846200       3.850660       3.855150       3.859660       3.864190       3.868740       3.873310       3.877900       3.882500       3.887120       3.891760       3.896410    
   3.785590       3.785630       3.787990       3.790220       3.792730       3.794860       3.796910       3.798970       3.804280       3.807820       3.812010       3.816240       3.820500       3.824790       3.829110       3.833460       3.837830       3.842230       3.846660       3.851100       3.855580       3.860070       3.864590       3.869120       3.873670       3.878240       3.882830       3.887440       3.892060       3.896690    
   3.785630       3.787950       3.790220       3.792600       3.794860       3.795880       3.796910       3.802000       3.807820       3.809920       3.814050       3.816800       3.821050       3.825320       3.829630       3.833970       3.838330       3.842720       3.847130       3.851560       3.856020       3.860500       3.865000       3.869520       3.874050       3.878610       3.883180       3.887760       3.892370       3.896980    
   3.787930       3.790220       3.792560       3.794860       3.795370       3.795890       3.800650       3.807820       3.808870       3.813250       3.817090       3.817370       3.821610       3.825870       3.830170       3.834490       3.838840       3.843220       3.847620       3.852040       3.856480       3.860940       3.865430       3.869930       3.874450       3.878980       3.883540       3.888110       3.892690       3.897290    
   3.790220       3.792550       3.794860       3.795120       3.795370       3.799930       3.807820       3.808340       3.812910       3.817230       3.817370       3.819490       3.822820       3.826440       3.830720       3.835030       3.839370       3.843730       3.848120       3.852520       3.856950       3.861400       3.865870       3.870350       3.874860       3.879380       3.883910       3.888460       3.893030       3.897610    
   3.792540       3.794860       3.794990       3.795120       3.799560       3.807820       3.808080       3.812750       3.817300       3.817370       3.818430       3.821530       3.826440       3.828580       3.830730       3.835040       3.839380       3.843740       3.850190       3.853020       3.857440       3.861870       3.866320       3.870790       3.875280       3.879780       3.884300       3.888840       3.893380       3.897940    
   3.794860       3.794920       3.794990       3.799370       3.807820       3.807950       3.812670       3.817330       3.817370       3.817900       3.820940       3.826440       3.827510       3.828580       3.831450       3.835050       3.839390       3.848020       3.853280       3.853540       3.857930       3.862350       3.866790       3.871240       3.875720       3.880200       3.884700       3.889220       3.893750       3.898290    
   3.794890       3.794920       3.799280       3.807820       3.807890       3.812630       3.817350       3.817370       3.817640       3.820660       3.826440       3.826970       3.827510       3.829180       3.831690       3.835290       3.845880       3.853410       3.853540       3.856640       3.858440       3.862850       3.867270       3.871710       3.876160       3.880630       3.885120       3.889620       3.894130       3.898650    
   3.794890       3.799230       3.807820       3.807850       3.812610       3.817360       3.817370       3.817500       3.820530       3.826440       3.826710       3.826980       3.827890       3.829460       3.832060       3.844310       3.853480       3.853540       3.857230       3.858970       3.861600       3.863350       3.867760       3.872180       3.876620       3.881080       3.885540       3.890020       3.894520       3.899020    
   3.799200       3.807820       3.807840       3.812600       3.817370       3.817370       3.817440       3.820460       3.826440       3.826570       3.826710       3.827190       3.828110       3.835780       3.845020       3.855180       3.855180       3.857250       3.859590       3.859770       3.859500       3.863870       3.868260       3.872670       3.877090       3.881530       3.885980       3.890440       3.894920       3.899400    
   3.807820       3.807830       3.812600       3.817370       3.817370       3.817400       3.820430       3.826440       3.826510       3.826570       3.826820       3.827340       3.839710       3.853730       3.853710       3.855420       3.856890       3.856820       3.859070       3.860040       3.860040       3.864400       3.868770       3.873160       3.877570       3.881990       3.886420       3.890870       3.895330       3.899790    
   3.807820       3.812600       3.817370       3.817370       3.817390       3.820410       3.826440       3.826470       3.826510       3.826630       3.836660       3.851290       3.852930       3.853750       3.853750       3.853710       3.855880       3.856970       3.856820       3.859640       3.860580       3.864930       3.869290       3.873670       3.878060       3.882460       3.886880       3.891310       3.895740       3.900200    
   3.812600       3.817370       3.817370       3.817380       3.820400       3.826440       3.826460       3.826470       3.826540       3.838480       3.851290       3.851290       3.851290       3.852960       3.853780       3.853780       3.853710       3.856030       3.857110       3.856820       3.861140       3.865470       3.869820       3.874180       3.878560       3.882940       3.887340       3.891750       3.896170       3.900600    
   3.817370       3.817370       3.817370       3.820400       3.826440       3.826450       3.826460       3.832420       3.840660       3.851290       3.851290       3.851290       3.851290       3.851290       3.853020       3.853860       3.853860       3.853710       3.856480       3.857400       3.861700       3.866020       3.870360       3.874700       3.879060       3.883430       3.887810       3.892200       3.896610       3.901020    
   3.817370       3.817370       3.820400       3.826440       3.826440       3.834550       3.846700       3.848460       3.850220       3.850940       3.851290       3.851290       3.851290       3.851290       3.851290       3.853140       3.854010       3.854000       3.853710       3.857980       3.862270       3.866580       3.870900       3.875230       3.879570       3.883920       3.888290       3.892660       3.897050       3.901440    
   3.817370       3.820390       3.826440       3.826440       3.836170       3.846700       3.846700       3.846700       3.848460       3.850220       3.850950       3.851310       3.851290       3.851290       3.851290       3.851290       3.853400       3.854310       3.854300       3.858570       3.862850       3.867140       3.871440       3.875760       3.880090       3.884420       3.888770       3.893130       3.897490       3.901870    
