iMOD/TUTORIALS/TUT_MetaswapAnalyser/model_MetaSWAP/meteo/Evaporation/Evaporation_20060306_L1.ASC
NCOLS                30
NROWS                30
XLLCORNER     160000.00
YLLCORNER     340000.00
CELLSIZE        1000.00
NODATA_VALUE   -9999.00
  0.9123700      0.9106000      0.9088300      0.9070600      0.9052900      0.9035300      0.9017800      0.9000300      0.8983000      0.8965700      0.8948700      0.8931700      0.8915000      0.8898400      0.8882000      0.8865900      0.8849900      0.8834200      0.8818700      0.8803500      0.8788500      0.8773700      0.8759300      0.8745000      0.8731100      0.8717400      0.8704000      0.8690800      0.8677900      0.8665300    
  0.9097300      0.9079500      0.9061700      0.9043900      0.9026200      0.9008500      0.8990900      0.8973400      0.8956000      0.8938700      0.8921600      0.8904700      0.8887900      0.8871300      0.8854800      0.8838600      0.8822700      0.8806900      0.8791400      0.8776100      0.8761100      0.8746300      0.8731800      0.8717500      0.8703500      0.8689800      0.8676400      0.8663200      0.8650300      0.8637600    
  0.9071000      0.9053100      0.9035200      0.9017300      0.8999500      0.8981700      0.8964100      0.8946500      0.8929100      0.8911800      0.8894600      0.8877600      0.8860700      0.8844100      0.8827600      0.8811400      0.8795400      0.8779600      0.8764000      0.8748700      0.8733700      0.8718900      0.8704300      0.8690000      0.8676000      0.8662200      0.8648800      0.8635500      0.8622600      0.8609900    
  0.9044700      0.9026700      0.9008700      0.8990700      0.8972800      0.8955000      0.8937300      0.8919600      0.8902100      0.8884800      0.8867500      0.8850500      0.8833600      0.8816900      0.8800400      0.8784200      0.8768100      0.8752300      0.8736700      0.8721300      0.8706200      0.8691400      0.8676800      0.8662500      0.8648400      0.8634700      0.8621200      0.8607900      0.8594900      0.8582200    
  0.9018500      0.9000300      0.8982200      0.8964200      0.8946200      0.8928300      0.8910500      0.8892800      0.8875200      0.8857800      0.8840500      0.8823400      0.8806500      0.8789800      0.8773200      0.8756900      0.8740800      0.8724900      0.8709300      0.8693900      0.8678800      0.8663900      0.8649300      0.8635000      0.8620900      0.8607100      0.8593600      0.8580300      0.8567300      0.8554600    
  0.8992300      0.8974000      0.8955800      0.8937700      0.8919600      0.8901600      0.8883700      0.8866000      0.8848400      0.8830900      0.8813500      0.8796400      0.8779400      0.8762600      0.8746000      0.8729700      0.8713500      0.8697600      0.8682000      0.8666600      0.8651400      0.8636500      0.8621800      0.8607500      0.8593400      0.8579500      0.8566000      0.8552700      0.8539700      0.8526900    
  0.8966200      0.8947800      0.8929500      0.8911200      0.8893100      0.8875000      0.8857100      0.8839200      0.8821500      0.8804000      0.8786600      0.8769400      0.8752300      0.8735500      0.8718900      0.8702500      0.8686300      0.8670300      0.8654600      0.8639200      0.8624000      0.8609000      0.8594400      0.8580000      0.8565800      0.8552000      0.8538400      0.8525100      0.8512000      0.8499300    
  0.8940200      0.8921700      0.8903200      0.8884900      0.8866600      0.8848500      0.8830400      0.8812500      0.8794700      0.8777100      0.8759700      0.8742400      0.8725300      0.8708400      0.8691700      0.8675300      0.8659000      0.8643100      0.8627300      0.8611800      0.8596600      0.8581600      0.8566900      0.8552500      0.8538300      0.8524400      0.8510800      0.8497500      0.8484400      0.8471600    
  0.8914300      0.8895600      0.8877100      0.8858600      0.8840200      0.8822000      0.8803800      0.8785800      0.8768000      0.8750300      0.8732800      0.8715400      0.8698300      0.8681300      0.8664600      0.8648100      0.8631800      0.8615800      0.8600000      0.8584500      0.8569200      0.8554200      0.8539500      0.8525000      0.8510800      0.8496900      0.8483300      0.8469900      0.8456900      0.8444100    
  0.8888400      0.8869600      0.8851000      0.8832400      0.8813900      0.8795500      0.8777300      0.8759200      0.8741300      0.8723500      0.8705900      0.8688500      0.8671300      0.8654300      0.8637500      0.8621000      0.8604700      0.8588600      0.8572800      0.8557200      0.8541900      0.8526800      0.8512100      0.8497600      0.8483400      0.8469400      0.8455800      0.8442400      0.8429300      0.8416500    
  0.8888430      0.8869670      0.8839800      0.8806200      0.8787700      0.8769200      0.8750900      0.8732700      0.8714700      0.8696800      0.8679200      0.8661700      0.8644400      0.8627400      0.8610500      0.8593900      0.8577500      0.8561400      0.8545500      0.8529900      0.8514600      0.8499500      0.8484700      0.8470200      0.8456000      0.8442000      0.8428300      0.8414900      0.8401800      0.8389000    
  0.8888470      0.8851030      0.8806200      0.8772700      0.8761500      0.8742900      0.8724500      0.8706200      0.8688100      0.8670200      0.8652500      0.8634900      0.8617600      0.8600400      0.8583500      0.8566900      0.8550400      0.8534300      0.8518300      0.8502700      0.8487300      0.8472200      0.8457400      0.8442800      0.8428600      0.8414600      0.8400900      0.8387500      0.8374400      0.8361500    
  0.8863250      0.8806200      0.8765690      0.8748450      0.8735400      0.8716800      0.8698200      0.8679900      0.8661700      0.8643600      0.8625800      0.8608200      0.8590800      0.8573600      0.8556600      0.8539900      0.8523400      0.8507200      0.8491200      0.8475500      0.8460100      0.8445000      0.8430100      0.8415500      0.8401200      0.8387200      0.8373500      0.8360100      0.8347000      0.8334100    
  0.8806200      0.8762300      0.8741920      0.8735400      0.8714300      0.8690700      0.8672000      0.8653600      0.8635300      0.8617200      0.8599200      0.8581500      0.8564000      0.8546800      0.8529700      0.8513000      0.8496400      0.8480100      0.8464100      0.8448400      0.8432900      0.8417700      0.8402900      0.8388300      0.8373900      0.8359900      0.8346200      0.8332800      0.8319600      0.8306700    
  0.8760640      0.8738660      0.8735400      0.8713470      0.8690700      0.8669530      0.8645900      0.8627400      0.8609000      0.8590800      0.8572800      0.8555000      0.8537400      0.8520100      0.8503000      0.8486100      0.8469500      0.8453200      0.8437100      0.8421300      0.8405800      0.8390600      0.8375700      0.8361000      0.8346700      0.8332700      0.8318900      0.8305500      0.8292300      0.8279400    
  0.8737030      0.8735400      0.8713190      0.8690700      0.8668710      0.8645900      0.8636650      0.8627430      0.8597920      0.8564500      0.8546400      0.8528500      0.8510800      0.8493400      0.8476200      0.8459300      0.8442700      0.8426300      0.8410200      0.8394300      0.8378800      0.8363500      0.8348600      0.8333900      0.8319500      0.8305500      0.8291700      0.8278200      0.8265100      0.8252200    
  0.8735400      0.8713100      0.8690700      0.8668440      0.8645900      0.8641280      0.8636660      0.8606630      0.8564500      0.8555450      0.8523460      0.8502100      0.8484400      0.8466900      0.8449600      0.8432600      0.8415900      0.8399400      0.8383300      0.8367400      0.8351800      0.8336500      0.8321500      0.8306800      0.8292400      0.8278400      0.8264600      0.8251100      0.8237900      0.8225000    
  0.8713070      0.8690700      0.8668350      0.8645900      0.8643590      0.8641280      0.8612270      0.8564500      0.8559980      0.8521630      0.8488950      0.8475800      0.8458000      0.8440400      0.8423100      0.8406000      0.8389200      0.8372700      0.8356500      0.8340600      0.8324900      0.8309600      0.8294600      0.8279800      0.8265400      0.8251300      0.8237500      0.8224000      0.8210800      0.8198000    
  0.8690700      0.8668320      0.8645900      0.8644740      0.8643590      0.8615410      0.8564500      0.8562240      0.8520860      0.8482380      0.8475800      0.8466900      0.8447050      0.8414000      0.8396600      0.8379500      0.8362600      0.8346100      0.8329800      0.8313800      0.8298100      0.8282700      0.8267700      0.8252900      0.8238500      0.8224400      0.8210500      0.8197000      0.8183900      0.8171000    
  0.8668310      0.8645900      0.8645320      0.8644740      0.8617060      0.8564500      0.8563370      0.8520500      0.8479090      0.8475800      0.8471350      0.8450940      0.8414000      0.8405300      0.8396700      0.8379570      0.8362730      0.8346170      0.8307460      0.8287100      0.8271400      0.8256000      0.8240900      0.8226100      0.8211600      0.8197500      0.8183700      0.8170200      0.8157000      0.8144100    
  0.8645900      0.8645610      0.8645320      0.8617910      0.8564500      0.8563930      0.8520320      0.8477440      0.8475800      0.8473580      0.8453020      0.8414000      0.8409650      0.8405330      0.8393860      0.8379670      0.8362820      0.8310130      0.8273800      0.8260500      0.8244800      0.8229300      0.8214200      0.8199400      0.8184900      0.8170700      0.8156900      0.8143400      0.8130100      0.8117300    
  0.8645760      0.8645610      0.8618340      0.8564500      0.8564220      0.8520240      0.8476620      0.8475800      0.8474690      0.8454100      0.8414000      0.8411830      0.8409660      0.8402950      0.8392950      0.8378780      0.8316050      0.8267150      0.8260500      0.8241170      0.8218200      0.8202700      0.8187600      0.8172700      0.8158200      0.8144000      0.8130200      0.8116700      0.8103500      0.8090600    
  0.8645760      0.8618550      0.8564500      0.8564360      0.8520190      0.8476210      0.8475800      0.8475240      0.8454650      0.8414000      0.8412910      0.8411830      0.8408140      0.8401850      0.8391560      0.8306720      0.8263830      0.8260500      0.8211520      0.8191900      0.8182560      0.8176300      0.8161100      0.8146200      0.8131700      0.8117500      0.8103600      0.8090100      0.8076900      0.8064000    
  0.8618660      0.8564500      0.8564430      0.8520170      0.8476010      0.8475800      0.8475520      0.8454920      0.8414000      0.8413460      0.8412910      0.8410960      0.8407280      0.8317610      0.8243500      0.8182040      0.8182000      0.8172680      0.8161280      0.8152500      0.8165600      0.8150000      0.8134700      0.8119800      0.8105200      0.8091000      0.8077100      0.8063600      0.8050400      0.8037500    
  0.8564500      0.8564470      0.8520160      0.8475900      0.8475800      0.8475660      0.8455060      0.8414000      0.8413730      0.8413460      0.8412440      0.8410380      0.8254260      0.8068110      0.8068900      0.8109940      0.8100300      0.8103500      0.8126580      0.8139430      0.8139400      0.8123700      0.8108500      0.8093500      0.8078900      0.8064700      0.8050800      0.8037300      0.8024100      0.8011200    
  0.8564480      0.8520160      0.8475850      0.8475800      0.8475730      0.8455130      0.8414000      0.8413860      0.8413730      0.8413210      0.8251580      0.8010800      0.8048350      0.8067320      0.8067320      0.8068900      0.8088550      0.8097100      0.8103500      0.8110900      0.8113300      0.8097700      0.8082300      0.8067400      0.8052800      0.8038500      0.8024600      0.8011100      0.7997900      0.7985000    
  0.8520150      0.8475830      0.8475800      0.8475760      0.8455170      0.8414000      0.8413930      0.8413860      0.8413600      0.8220020      0.8010800      0.8010800      0.8010800      0.8047180      0.8065740      0.8065740      0.8068900      0.8084690      0.8090700      0.8103500      0.8087400      0.8071700      0.8056300      0.8041300      0.8026700      0.8012400      0.7998500      0.7985000      0.7971800      0.7958900    
  0.8475810      0.8475800      0.8475780      0.8455180      0.8414000      0.8413970      0.8413930      0.8287300      0.8157050      0.8010730      0.8010800      0.8010800      0.8010800      0.8010800      0.8044870      0.8062580      0.8062570      0.8068900      0.8075650      0.8077900      0.8061700      0.8045900      0.8030500      0.8015500      0.8000800      0.7986500      0.7972600      0.7959100      0.7945900      0.7933000    
  0.8475800      0.8475790      0.8455190      0.8414000      0.8413980      0.8209610      0.7903100      0.7905450      0.7907800      0.7976290      0.8010600      0.8010800      0.8010800      0.8010800      0.8010800      0.8040370      0.8056270      0.8056250      0.8068900      0.8052300      0.8036100      0.8020300      0.8004800      0.7989800      0.7975100      0.7960800      0.7946900      0.7933300      0.7920100      0.7907300    
  0.8475800      0.8455200      0.8414000      0.8413990      0.8168720      0.7903060      0.7903060      0.7903100      0.7905450      0.7907800      0.7975940      0.8010200      0.8010800      0.8010800      0.8010800      0.8010800      0.8031840      0.8043670      0.8043600      0.8026900      0.8010700      0.7994800      0.7979300      0.7964200      0.7949500      0.7935200      0.7921300      0.7907700      0.7894500      0.7881700    
