iMOD/TUTORIALS/TUT_MetaswapAnalyser/model_MetaSWAP/meteo/Evaporation/Evaporation_20051023_L1.ASC
NCOLS                30
NROWS                30
XLLCORNER     160000.00
YLLCORNER     340000.00
CELLSIZE        1000.00
NODATA_VALUE   -9999.00
  0.7737600      0.7729500      0.7721300      0.7713200      0.7705100      0.7697100      0.7689100      0.7681300      0.7673500      0.7665800      0.7658300      0.7650900      0.7643700      0.7636600      0.7629600      0.7622900      0.7616300      0.7609900      0.7603700      0.7597600      0.7591800      0.7586100      0.7580700      0.7575400      0.7570300      0.7565400      0.7560700      0.7556100      0.7551800      0.7547600    
  0.7771800      0.7763700      0.7755700      0.7747600      0.7739600      0.7731700      0.7723800      0.7716000      0.7708300      0.7700700      0.7693300      0.7685900      0.7678700      0.7671600      0.7664700      0.7658000      0.7651400      0.7645000      0.7638700      0.7632700      0.7626800      0.7621100      0.7615500      0.7610200      0.7605000      0.7600000      0.7595200      0.7590500      0.7586000      0.7581600    
  0.7806200      0.7798200      0.7790200      0.7782200      0.7774300      0.7766400      0.7758700      0.7750900      0.7743300      0.7735800      0.7728400      0.7721100      0.7713900      0.7706800      0.7700000      0.7693200      0.7686600      0.7680200      0.7673900      0.7667800      0.7661900      0.7656100      0.7650500      0.7645100      0.7639800      0.7634700      0.7629800      0.7625000      0.7620400      0.7615900    
  0.7840800      0.7832800      0.7824900      0.7817000      0.7809100      0.7801400      0.7793600      0.7786000      0.7778400      0.7771000      0.7763600      0.7756300      0.7749200      0.7742200      0.7735300      0.7728600      0.7722000      0.7715600      0.7709300      0.7703100      0.7697200      0.7691300      0.7685700      0.7680200      0.7674800      0.7669600      0.7664600      0.7659700      0.7654900      0.7650300    
  0.7875500      0.7867600      0.7859700      0.7851900      0.7844100      0.7836400      0.7828800      0.7821200      0.7813700      0.7806300      0.7799000      0.7791800      0.7784700      0.7777700      0.7770800      0.7764100      0.7757500      0.7751100      0.7744700      0.7738600      0.7732600      0.7726700      0.7720900      0.7715400      0.7709900      0.7704600      0.7699500      0.7694500      0.7689600      0.7684800    
  0.7910400      0.7902500      0.7894700      0.7887000      0.7879300      0.7871600      0.7864000      0.7856500      0.7849100      0.7841700      0.7834500      0.7827300      0.7820200      0.7813300      0.7806400      0.7799700      0.7793100      0.7786700      0.7780300      0.7774100      0.7768100      0.7762200      0.7756400      0.7750700      0.7745200      0.7739800      0.7734500      0.7729400      0.7724400      0.7719500    
  0.7945400      0.7937600      0.7929900      0.7922200      0.7914600      0.7907000      0.7899500      0.7892000      0.7884600      0.7877300      0.7870100      0.7863000      0.7855900      0.7849000      0.7842200      0.7835500      0.7828900      0.7822400      0.7816100      0.7809800      0.7803700      0.7797800      0.7791900      0.7786200      0.7780600      0.7775100      0.7769700      0.7764500      0.7759400      0.7754400    
  0.7980600      0.7972900      0.7965200      0.7957600      0.7950000      0.7942500      0.7935000      0.7927600      0.7920300      0.7913000      0.7905800      0.7898800      0.7891800      0.7884900      0.7878100      0.7871400      0.7864800      0.7858300      0.7851900      0.7845600      0.7839500      0.7833500      0.7827600      0.7821800      0.7816100      0.7810500      0.7805000      0.7799700      0.7794500      0.7789400    
  0.8015900      0.8008200      0.8000600      0.7993000      0.7985500      0.7978100      0.7970700      0.7963300      0.7956000      0.7948800      0.7941700      0.7934700      0.7927700      0.7920800      0.7914000      0.7907300      0.7900700      0.7894200      0.7887900      0.7881600      0.7875400      0.7869300      0.7863300      0.7857500      0.7851700      0.7846000      0.7840500      0.7835000      0.7829700      0.7824400    
  0.8051400      0.8043700      0.8036200      0.8028700      0.8021200      0.8013800      0.8006400      0.7999100      0.7991900      0.7984800      0.7977700      0.7970700      0.7963700      0.7956900      0.7950100      0.7943400      0.7936800      0.7930300      0.7923900      0.7917600      0.7911400      0.7905200      0.7899200      0.7893300      0.7887400      0.7881700      0.7876000      0.7870500      0.7865000      0.7859600    
  0.8051370      0.8043770      0.8043250      0.8064400      0.8057000      0.8049600      0.8042300      0.8035100      0.8027900      0.8020800      0.8013800      0.8006800      0.7999900      0.7993000      0.7986300      0.7979600      0.7973000      0.7966500      0.7960100      0.7953700      0.7947400      0.7941300      0.7935200      0.7929200      0.7923300      0.7917400      0.7911700      0.7906000      0.7900400      0.7895000    
  0.8051400      0.8050700      0.8064400      0.8085800      0.8092900      0.8085600      0.8078300      0.8071100      0.8064000      0.8056900      0.8049900      0.8043000      0.8036100      0.8029300      0.8022500      0.8015900      0.8009300      0.8002700      0.7996300      0.7989900      0.7983600      0.7977400      0.7971200      0.7965200      0.7959200      0.7953300      0.7947400      0.7941700      0.7936000      0.7930400    
  0.8056390      0.8064400      0.8097500      0.8110900      0.8128900      0.8121600      0.8114400      0.8107300      0.8100200      0.8093200      0.8086200      0.8079300      0.8072400      0.8065600      0.8058900      0.8052200      0.8045600      0.8039100      0.8032600      0.8026200      0.8019900      0.8013600      0.8007400      0.8001300      0.7995200      0.7989200      0.7983300      0.7977400      0.7971600      0.7965900    
  0.8064400      0.8102680      0.8119900      0.8128900      0.8136100      0.8157800      0.8150600      0.8143500      0.8136500      0.8129500      0.8122500      0.8115700      0.8108800      0.8102100      0.8095300      0.8088700      0.8082100      0.8075500      0.8069000      0.8062600      0.8056200      0.8049900      0.8043600      0.8037400      0.8031300      0.8025200      0.8019200      0.8013200      0.8007300      0.8001500    
  0.8105090      0.8124400      0.8128900      0.8140930      0.8157800      0.8165100      0.8186900      0.8179800      0.8172800      0.8165900      0.8159000      0.8152100      0.8145300      0.8138500      0.8131800      0.8125200      0.8118600      0.8112000      0.8105500      0.8099000      0.8092600      0.8086300      0.8079900      0.8073700      0.8067500      0.8061300      0.8055200      0.8049100      0.8043100      0.8037100    
  0.8126650      0.8128900      0.8142540      0.8157800      0.8169930      0.8186900      0.8183350      0.8179830      0.8180200      0.8202300      0.8195500      0.8188600      0.8181900      0.8175100      0.8168400      0.8161800      0.8155200      0.8148600      0.8142000      0.8135600      0.8129100      0.8122700      0.8116300      0.8110000      0.8103700      0.8097400      0.8091200      0.8085100      0.8078900      0.8072900    
  0.8128900      0.8143080      0.8157800      0.8171540      0.8186900      0.8185120      0.8183360      0.8186420      0.8202300      0.8198900      0.8214700      0.8225200      0.8218500      0.8211700      0.8205100      0.8198400      0.8191800      0.8185200      0.8178700      0.8172100      0.8165600      0.8159200      0.8152800      0.8146400      0.8140000      0.8133700      0.8127400      0.8121100      0.8114900      0.8108700    
  0.8143260      0.8157800      0.8172080      0.8186900      0.8186010      0.8185130      0.8189300      0.8202300      0.8200600      0.8224270      0.8243550      0.8261900      0.8255100      0.8248400      0.8241700      0.8235100      0.8228500      0.8221900      0.8215300      0.8208800      0.8202200      0.8195700      0.8189200      0.8182800      0.8176300      0.8169900      0.8163500      0.8157200      0.8150800      0.8144500    
  0.8157800      0.8172260      0.8186900      0.8186460      0.8186010      0.8190690      0.8202300      0.8201450      0.8228360      0.8252730      0.8261900      0.8258500      0.8262620      0.8285100      0.8278500      0.8271800      0.8265200      0.8258600      0.8252000      0.8245400      0.8238900      0.8232300      0.8225800      0.8219300      0.8212700      0.8206200      0.8199800      0.8193300      0.8186900      0.8180400    
  0.8172320      0.8186900      0.8186680      0.8186460      0.8191360      0.8202300      0.8201880      0.8230260      0.8257310      0.8261900      0.8260200      0.8267030      0.8285100      0.8281800      0.8278470      0.8271830      0.8265200      0.8258600      0.8271420      0.8282200      0.8275600      0.8269000      0.8262400      0.8255800      0.8249200      0.8242600      0.8236000      0.8229500      0.8222900      0.8216400    
  0.8186900      0.8186790      0.8186680      0.8191700      0.8202300      0.8202090      0.8231190      0.8259610      0.8261900      0.8261050      0.8268560      0.8285100      0.8283450      0.8281790      0.8277370      0.8271830      0.8265210      0.8282930      0.8300550      0.8318900      0.8312300      0.8305600      0.8299000      0.8292300      0.8285700      0.8279000      0.8272300      0.8265700      0.8259000      0.8252300    
  0.8186840      0.8186790      0.8191870      0.8202300      0.8202190      0.8231650      0.8260750      0.8261900      0.8261470      0.8269150      0.8285100      0.8284270      0.8283450      0.8280870      0.8277000      0.8271470      0.8289720      0.8309720      0.8318900      0.8326730      0.8349000      0.8342300      0.8335600      0.8328900      0.8322200      0.8315400      0.8308600      0.8301900      0.8295100      0.8288300    
  0.8186840      0.8191950      0.8202300      0.8202250      0.8231870      0.8261330      0.8261900      0.8261690      0.8269410      0.8285100      0.8284690      0.8284270      0.8282860      0.8280440      0.8276450      0.8316360      0.8314310      0.8318900      0.8368070      0.8385750      0.8381720      0.8379000      0.8372300      0.8365500      0.8358700      0.8351800      0.8345000      0.8338100      0.8331200      0.8324300    
  0.8191990      0.8202300      0.8202270      0.8231990      0.8261610      0.8261900      0.8261790      0.8269520      0.8285100      0.8284890      0.8284690      0.8283940      0.8282520      0.8364940      0.8410620      0.8429300      0.8429300      0.8428410      0.8428650      0.8440900      0.8422500      0.8415800      0.8408900      0.8402100      0.8395200      0.8388300      0.8381300      0.8374400      0.8367400      0.8360300    
  0.8202300      0.8202290      0.8232040      0.8261760      0.8261900      0.8261850      0.8269580      0.8285100      0.8285000      0.8284890      0.8284510      0.8283720      0.8434970      0.8621150      0.8620000      0.8541200      0.8544290      0.8539700      0.8486720      0.8459300      0.8459300      0.8452500      0.8445600      0.8438700      0.8431700      0.8424700      0.8417700      0.8410600      0.8403500      0.8396400    
  0.8202290      0.8232070      0.8261830      0.8261900      0.8261870      0.8269610      0.8285100      0.8285050      0.8285000      0.8284800      0.8465300      0.8736700      0.8660610      0.8622290      0.8622290      0.8620000      0.8571210      0.8548870      0.8539700      0.8506980      0.8496100      0.8489200      0.8482300      0.8475300      0.8468200      0.8461100      0.8454000      0.8446800      0.8439600      0.8432400    
  0.8232090      0.8261860      0.8261900      0.8261890      0.8269620      0.8285100      0.8285070      0.8285050      0.8284950      0.8501700      0.8736700      0.8736700      0.8736700      0.8662300      0.8624590      0.8624590      0.8620000      0.8576260      0.8558050      0.8539700      0.8532800      0.8525900      0.8518900      0.8511800      0.8504700      0.8497600      0.8490300      0.8483000      0.8475700      0.8468300    
  0.8261880      0.8261900      0.8261890      0.8269630      0.8285100      0.8285090      0.8285070      0.8444970      0.8588830      0.8736800      0.8736700      0.8736700      0.8736700      0.8736700      0.8665630      0.8629170      0.8629170      0.8620000      0.8587300      0.8576400      0.8569500      0.8562600      0.8555500      0.8548400      0.8541200      0.8533900      0.8526600      0.8519200      0.8511800      0.8504300    
  0.8261900      0.8261900      0.8269630      0.8285100      0.8285090      0.8557950      0.8967200      0.8946000      0.8924800      0.8799670      0.8737000      0.8736700      0.8736700      0.8736700      0.8736700      0.8672040      0.8638340      0.8638350      0.8620000      0.8613100      0.8606200      0.8599200      0.8592100      0.8584900      0.8577600      0.8570300      0.8562900      0.8555400      0.8547800      0.8540200    
  0.8261900      0.8269630      0.8285100      0.8285100      0.8612560      0.8967270      0.8967270      0.8967200      0.8946000      0.8924800      0.8800190      0.8737600      0.8736700      0.8736700      0.8736700      0.8736700      0.8683970      0.8656670      0.8656700      0.8649800      0.8642900      0.8635800      0.8628600      0.8621400      0.8614000      0.8606600      0.8599100      0.8591500      0.8583800      0.8576000    
