iMOD/TUTORIALS/TUT_MetaswapAnalyser/model_MetaSWAP/meteo/Evaporation/Evaporation_20051018_L1.ASC
NCOLS                30
NROWS                30
XLLCORNER     160000.00
YLLCORNER     340000.00
CELLSIZE        1000.00
NODATA_VALUE   -9999.00
   1.452630       1.454010       1.455390       1.456770       1.458150       1.459510       1.460880       1.462240       1.463590       1.464940       1.466290       1.467630       1.468960       1.470290       1.471620       1.472940       1.474260       1.475570       1.476870       1.478170       1.479460       1.480750       1.482030       1.483310       1.484580       1.485840       1.487100       1.488350       1.489600       1.490830    
   1.453110       1.454500       1.455880       1.457270       1.458640       1.460020       1.461390       1.462750       1.464110       1.465470       1.466820       1.468160       1.469500       1.470830       1.472160       1.473490       1.474810       1.476120       1.477430       1.478730       1.480030       1.481320       1.482600       1.483880       1.485150       1.486420       1.487680       1.488930       1.490180       1.491420    
   1.453590       1.454990       1.456380       1.457770       1.459150       1.460530       1.461900       1.463270       1.464640       1.465990       1.467350       1.468700       1.470040       1.471380       1.472710       1.474040       1.475360       1.476680       1.477990       1.479290       1.480590       1.481890       1.483170       1.484450       1.485730       1.487000       1.488260       1.489510       1.490760       1.492000    
   1.454090       1.455490       1.456880       1.458280       1.459660       1.461050       1.462420       1.463800       1.465170       1.466530       1.467890       1.469240       1.470590       1.471930       1.473270       1.474600       1.475920       1.477240       1.478560       1.479860       1.481170       1.482460       1.483750       1.485030       1.486310       1.487580       1.488840       1.490100       1.491350       1.492590    
   1.454590       1.455990       1.457390       1.458790       1.460180       1.461570       1.462950       1.464330       1.465700       1.467070       1.468430       1.469790       1.471140       1.472480       1.473830       1.475160       1.476490       1.477810       1.479130       1.480440       1.481740       1.483040       1.484330       1.485620       1.486900       1.488170       1.489440       1.490690       1.491940       1.493190    
   1.455090       1.456500       1.457910       1.459310       1.460700       1.462100       1.463480       1.464870       1.466240       1.467610       1.468980       1.470340       1.471700       1.473050       1.474390       1.475730       1.477060       1.478390       1.479710       1.481020       1.482330       1.483630       1.484920       1.486210       1.487490       1.488760       1.490030       1.491290       1.492540       1.493790    
   1.455600       1.457020       1.458430       1.459830       1.461230       1.462630       1.464020       1.465410       1.466790       1.468160       1.469530       1.470900       1.472260       1.473610       1.474960       1.476300       1.477630       1.478960       1.480290       1.481600       1.482910       1.484220       1.485510       1.486800       1.488080       1.489360       1.490630       1.491890       1.493140       1.494390    
   1.456120       1.457540       1.458950       1.460360       1.461770       1.463170       1.464560       1.465950       1.467340       1.468720       1.470090       1.471460       1.472820       1.474180       1.475530       1.476880       1.478210       1.479550       1.480870       1.482190       1.483500       1.484810       1.486110       1.487400       1.488680       1.489960       1.491230       1.492490       1.493750       1.495000    
   1.456640       1.458060       1.459480       1.460900       1.462310       1.463710       1.465110       1.466510       1.467900       1.469280       1.470660       1.472030       1.473400       1.474760       1.476110       1.477460       1.478800       1.480130       1.481460       1.482780       1.484100       1.485410       1.486710       1.488000       1.489290       1.490570       1.491840       1.493100       1.494360       1.495610    
   1.457170       1.458600       1.460020       1.461440       1.462850       1.464260       1.465670       1.467060       1.468460       1.469840       1.471230       1.472600       1.473970       1.475330       1.476690       1.478040       1.479390       1.480720       1.482060       1.483380       1.484700       1.486010       1.487310       1.488600       1.489890       1.491170       1.492450       1.493710       1.494970       1.496220    
   1.457170       1.458600       1.460510       1.461980       1.463400       1.464820       1.466220       1.467630       1.469020       1.470410       1.471800       1.473180       1.474550       1.475920       1.477280       1.478630       1.479980       1.481320       1.482650       1.483980       1.485300       1.486610       1.487920       1.489210       1.490500       1.491790       1.493060       1.494330       1.495590       1.496840    
   1.457170       1.459560       1.461980       1.463460       1.463960       1.465370       1.466780       1.468190       1.469590       1.470990       1.472380       1.473760       1.475130       1.476500       1.477870       1.479230       1.480580       1.481920       1.483250       1.484580       1.485910       1.487220       1.488530       1.489830       1.491120       1.492400       1.493680       1.494940       1.496200       1.497460    
   1.458610       1.461980       1.463550       1.464240       1.464510       1.465930       1.467350       1.468760       1.470160       1.471560       1.472960       1.474340       1.475720       1.477100       1.478460       1.479820       1.481180       1.482520       1.483860       1.485190       1.486510       1.487830       1.489140       1.490440       1.491730       1.493020       1.494300       1.495560       1.496830       1.498080    
   1.461980       1.463600       1.464370       1.464510       1.465650       1.466500       1.467920       1.469330       1.470740       1.472140       1.473540       1.474930       1.476310       1.477690       1.479060       1.480420       1.481780       1.483130       1.484470       1.485800       1.487130       1.488450       1.489760       1.491060       1.492350       1.493640       1.494920       1.496190       1.497450       1.498700    
   1.463630       1.464440       1.464510       1.465550       1.466500       1.467640       1.468490       1.469910       1.471320       1.472730       1.474130       1.475520       1.476910       1.478290       1.479660       1.481030       1.482380       1.483740       1.485080       1.486410       1.487740       1.489060       1.490380       1.491680       1.492980       1.494260       1.495540       1.496810       1.498080       1.499330    
   1.464480       1.464510       1.465520       1.466500       1.467540       1.468490       1.469200       1.469910       1.471820       1.473320       1.474720       1.476120       1.477500       1.478890       1.480260       1.481630       1.482990       1.484350       1.485690       1.487030       1.488360       1.489680       1.491000       1.492300       1.493600       1.494890       1.496170       1.497440       1.498710       1.499960    
   1.464510       1.465510       1.466500       1.467510       1.468490       1.468850       1.469200       1.471060       1.473320       1.474020       1.475640       1.476710       1.478110       1.479490       1.480870       1.482240       1.483610       1.484960       1.486310       1.487650       1.488980       1.490310       1.491620       1.492930       1.494230       1.495520       1.496800       1.498070       1.499340       1.500590    
   1.465510       1.466500       1.467500       1.468490       1.468670       1.468840       1.470610       1.473320       1.473670       1.475460       1.477010       1.477310       1.478710       1.480100       1.481480       1.482850       1.484220       1.485580       1.486930       1.488270       1.489610       1.490930       1.492250       1.493560       1.494860       1.496150       1.497430       1.498700       1.499970       1.501230    
   1.466500       1.467500       1.468490       1.468580       1.468670       1.470360       1.473320       1.473500       1.475380       1.477160       1.477310       1.478010       1.479210       1.480710       1.482090       1.483470       1.484840       1.486200       1.487550       1.488900       1.490230       1.491560       1.492880       1.494190       1.495490       1.496780       1.498060       1.499340       1.500600       1.501860    
   1.467500       1.468490       1.468530       1.468580       1.470230       1.473320       1.473410       1.475350       1.477230       1.477310       1.477660       1.478810       1.480710       1.481400       1.482090       1.483470       1.484840       1.486200       1.488460       1.489520       1.490860       1.492190       1.493510       1.494820       1.496120       1.497420       1.498700       1.499970       1.501240       1.502500    
   1.468490       1.468510       1.468530       1.470170       1.473320       1.473360       1.475330       1.477270       1.477310       1.477480       1.478620       1.480710       1.481060       1.481400       1.482320       1.483460       1.484830       1.487900       1.489840       1.490150       1.491490       1.492820       1.494140       1.495450       1.496760       1.498050       1.499340       1.500610       1.501880       1.503140    
   1.468500       1.468510       1.470130       1.473320       1.473340       1.475320       1.477290       1.477310       1.477400       1.478530       1.480710       1.480880       1.481060       1.481590       1.482390       1.483540       1.487270       1.489990       1.490150       1.491250       1.492120       1.493450       1.494780       1.496090       1.497390       1.498690       1.499970       1.501250       1.502520       1.503780    
   1.468500       1.470120       1.473320       1.473330       1.475320       1.477300       1.477310       1.477350       1.478490       1.480710       1.480800       1.480880       1.481180       1.481680       1.482510       1.487060       1.490070       1.490150       1.491970       1.492750       1.493550       1.494090       1.495410       1.496730       1.498030       1.499330       1.500610       1.501890       1.503160       1.504420    
   1.470110       1.473320       1.473330       1.475320       1.477310       1.477310       1.477330       1.478470       1.480710       1.480750       1.480800       1.480950       1.481250       1.484800       1.488440       1.492050       1.492040       1.492720       1.493490       1.493710       1.493390       1.494720       1.496050       1.497360       1.498670       1.499970       1.501250       1.502530       1.503800       1.505060    
   1.473320       1.473320       1.475320       1.477310       1.477310       1.477320       1.478450       1.480710       1.480730       1.480750       1.480830       1.481000       1.486950       1.493870       1.493850       1.493480       1.494020       1.493940       1.494040       1.494020       1.494020       1.495360       1.496690       1.498000       1.499310       1.500610       1.501890       1.503170       1.504440       1.505700    
   1.473320       1.475320       1.477310       1.477310       1.477320       1.478450       1.480710       1.480720       1.480730       1.480770       1.486260       1.494360       1.494050       1.493890       1.493890       1.493850       1.494000       1.494100       1.493940       1.494480       1.494660       1.496000       1.497320       1.498640       1.499950       1.501250       1.502540       1.503810       1.505080       1.506340    
   1.475320       1.477310       1.477310       1.477310       1.478450       1.480710       1.480720       1.480720       1.480740       1.487300       1.494360       1.494360       1.494360       1.494080       1.493930       1.493930       1.493850       1.494110       1.494260       1.493940       1.495290       1.496630       1.497960       1.499280       1.500590       1.501890       1.503180       1.504450       1.505720       1.506980    
   1.477310       1.477310       1.477310       1.478440       1.480710       1.480710       1.480720       1.484560       1.489020       1.494360       1.494360       1.494360       1.494360       1.494360       1.494140       1.494010       1.494010       1.493850       1.494400       1.494580       1.495930       1.497270       1.498600       1.499920       1.501230       1.502530       1.503820       1.505100       1.506360       1.507620    
   1.477310       1.477310       1.478440       1.480710       1.480710       1.486540       1.495270       1.495680       1.496080       1.494940       1.494370       1.494360       1.494360       1.494360       1.494360       1.494250       1.494160       1.494160       1.493850       1.495210       1.496570       1.497910       1.499240       1.500560       1.501870       1.503170       1.504460       1.505740       1.507000       1.508260    
   1.477310       1.478440       1.480710       1.480710       1.487700       1.495270       1.495270       1.495270       1.495680       1.496080       1.494950       1.494380       1.494360       1.494360       1.494360       1.494360       1.494480       1.494480       1.494480       1.495850       1.497200       1.498550       1.499880       1.501200       1.502510       1.503810       1.505100       1.506380       1.507640       1.508900    
