iMOD/TUTORIALS/TUT_MetaswapAnalyser/model_MetaSWAP/meteo/Evaporation/Evaporation_20050809_L1.ASC
NCOLS                30
NROWS                30
XLLCORNER     160000.00
YLLCORNER     340000.00
CELLSIZE        1000.00
NODATA_VALUE   -9999.00
   3.082950       3.078840       3.074610       3.070260       3.065780       3.061180       3.056460       3.051620       3.046660       3.041580       3.036380       3.031070       3.025650       3.020110       3.014470       3.008710       3.002850       2.996880       2.990810       2.984640       2.978370       2.972010       2.965550       2.959010       2.952380       2.945660       2.938860       2.931990       2.925050       2.918030    
   3.083410       3.079260       3.075000       3.070610       3.066110       3.061490       3.056740       3.051880       3.046910       3.041820       3.036610       3.031300       3.025870       3.020330       3.014690       3.008940       3.003080       2.997130       2.991080       2.984920       2.978680       2.972340       2.965920       2.959400       2.952810       2.946130       2.939380       2.932550       2.925650       2.918690    
   3.083780       3.079600       3.075300       3.070890       3.066350       3.061710       3.056940       3.052060       3.047070       3.041970       3.036760       3.031430       3.026000       3.020460       3.014820       3.009080       3.003240       2.997290       2.991260       2.985130       2.978900       2.972590       2.966200       2.959720       2.953160       2.946520       2.939810       2.933030       2.926180       2.919260    
   3.084060       3.079850       3.075520       3.071080       3.066520       3.061850       3.057060       3.052160       3.047160       3.042040       3.036820       3.031490       3.026050       3.020520       3.014880       3.009140       3.003310       2.997380       2.991360       2.985250       2.979050       2.972760       2.966400       2.959950       2.953430       2.946830       2.940160       2.933420       2.926620       2.919750    
   3.084280       3.080030       3.075660       3.071190       3.066600       3.061910       3.057100       3.052190       3.047160       3.042040       3.036800       3.031470       3.026030       3.020490       3.014860       3.009130       3.003300       2.997390       2.991380       2.985290       2.979120       2.972860       2.966520       2.960110       2.953620       2.947060       2.940430       2.933740       2.926980       2.920160    
   3.084410       3.080130       3.075740       3.071230       3.066620       3.061900       3.057070       3.052140       3.047100       3.041960       3.036720       3.031370       3.025930       3.020390       3.014760       3.009040       3.003230       2.997320       2.991340       2.985260       2.979110       2.972880       2.966570       2.960190       2.953740       2.947220       2.940630       2.933980       2.927270       2.920500    
   3.084490       3.080170       3.075740       3.071210       3.066570       3.061820       3.056970       3.052020       3.046970       3.041810       3.036560       3.031210       3.025770       3.020230       3.014600       3.008880       3.003080       2.997190       2.991220       2.985170       2.979040       2.972830       2.966550       2.960200       2.953790       2.947310       2.940760       2.934150       2.927490       2.920770    
   3.084490       3.080140       3.075680       3.071120       3.066450       3.061680       3.056810       3.051840       3.046770       3.041600       3.036340       3.030980       3.025540       3.020000       3.014370       3.008660       3.002870       2.996990       2.991030       2.985000       2.978900       2.972720       2.966470       2.960150       2.953770       2.947330       2.940820       2.934260       2.927640       2.920970    
   3.084440       3.080050       3.075560       3.070960       3.066270       3.061480       3.056580       3.051590       3.046510       3.041330       3.036060       3.030690       3.025240       3.019700       3.014080       3.008380       3.002590       2.996730       2.990790       2.984780       2.978690       2.972540       2.966320       2.960030       2.953690       2.947280       2.940820       2.934300       2.927730       2.921110    
   3.084330       3.079900       3.075380       3.070760       3.066030       3.061220       3.056300       3.051290       3.046190       3.041000       3.035720       3.030350       3.024890       3.019350       3.013730       3.008030       3.002260       2.996410       2.990480       2.984490       2.978430       2.972300       2.966110       2.959860       2.953550       2.947180       2.940760       2.934280       2.927760       2.921190    
   3.084290       3.079870       3.074140       3.070500       3.065750       3.060900       3.055970       3.050940       3.045820       3.040620       3.035320       3.029950       3.024490       3.018950       3.013330       3.007640       3.001870       2.996030       2.990120       2.984150       2.978110       2.972010       2.965840       2.959620       2.953350       2.947020       2.940640       2.934210       2.927730       2.921210    
   3.084260       3.077200       3.070500       3.066670       3.065410       3.060540       3.055580       3.050540       3.045400       3.040180       3.034880       3.029500       3.024030       3.018490       3.012880       3.007190       3.001430       2.995600       2.989710       2.983750       2.977730       2.971660       2.965520       2.959340       2.953100       2.946800       2.940460       2.934080       2.927650       2.921170    
   3.080140       3.070500       3.066860       3.065220       3.065030       3.060130       3.055150       3.050090       3.044940       3.039700       3.034390       3.029000       3.023530       3.017990       3.012370       3.006690       3.000940       2.995120       2.989250       2.983310       2.977310       2.971260       2.965160       2.959000       2.952790       2.946540       2.940240       2.933900       2.927510       2.921090    
   3.070500       3.066880       3.065120       3.065030       3.061610       3.059680       3.054680       3.049590       3.044430       3.039180       3.033860       3.028450       3.022980       3.017440       3.011820       3.006150       3.000400       2.994600       2.988740       2.982820       2.976840       2.970820       2.964740       2.958610       2.952440       2.946230       2.939970       2.933670       2.927330       2.920950    
   3.066870       3.065080       3.065030       3.062110       3.059680       3.056180       3.054170       3.049060       3.043880       3.038620       3.033280       3.027870       3.022390       3.016850       3.011240       3.005560       2.999830       2.994030       2.988190       2.982280       2.976330       2.970330       2.964280       2.958190       2.952050       2.945870       2.939650       2.933400       2.927100       2.920780    
   3.065050       3.065030       3.062270       3.059680       3.056680       3.054170       3.051610       3.049040       3.042400       3.038020       3.032670       3.027250       3.021770       3.016220       3.010610       3.004940       2.999210       2.993430       2.987600       2.981710       2.975780       2.969800       2.963780       2.957720       2.951620       2.945470       2.939300       2.933080       2.926840       2.920560    
   3.065030       3.062330       3.059680       3.056840       3.054170       3.052890       3.051610       3.045270       3.038020       3.035350       3.030090       3.026600       3.021110       3.015560       3.009950       3.004280       2.998560       2.992790       2.986970       2.981100       2.975190       2.969240       2.963240       2.957210       2.951140       2.945040       2.938900       2.932730       2.926530       2.920300    
   3.062350       3.059680       3.056900       3.054170       3.053530       3.052890       3.046950       3.038020       3.036680       3.031130       3.026260       3.025920       3.020430       3.014870       3.009260       3.003600       2.997880       2.992120       2.986310       2.980460       2.974570       2.968640       2.962670       2.956670       2.950640       2.944570       2.938480       2.932350       2.926200       2.920020    
   3.059680       3.056920       3.054170       3.053850       3.053530       3.047850       3.038020       3.037350       3.031570       3.026090       3.025920       3.023180       3.018840       3.014150       3.008540       3.002880       2.997170       2.991420       2.985620       2.979790       2.973920       2.968010       2.962070       2.956100       2.950100       2.944070       2.938020       2.931940       2.925830       2.919700    
   3.056920       3.054170       3.054010       3.053850       3.048310       3.038020       3.037690       3.031770       3.026000       3.025920       3.024550       3.020520       3.014150       3.011340       3.008520       3.002860       2.997160       2.991400       2.982860       2.979090       2.973240       2.967360       2.961450       2.955510       2.949540       2.943550       2.937530       2.931490       2.925430       2.919350    
   3.054170       3.054090       3.054010       3.048550       3.038020       3.037850       3.031870       3.025960       3.025920       3.025230       3.021280       3.014150       3.012750       3.011340       3.007580       3.002850       2.997140       2.985700       2.978730       2.978370       2.972540       2.966680       2.960800       2.954890       2.948950       2.943000       2.937020       2.931030       2.925010       2.918980    
   3.054130       3.054090       3.048670       3.038020       3.037940       3.031920       3.025940       3.025920       3.025580       3.021650       3.014150       3.013450       3.012750       3.010550       3.007250       3.002520       2.988520       2.978550       2.978370       2.974240       2.971820       2.965980       2.960120       2.954240       2.948340       2.942430       2.936490       2.930540       2.924570       2.918590    
   3.054130       3.048730       3.038020       3.037980       3.031950       3.025930       3.025920       3.025750       3.021820       3.014150       3.013800       3.013450       3.012250       3.010190       3.006780       2.990560       2.978460       2.978370       2.973410       2.971080       2.967590       2.965270       2.959440       2.953580       2.947720       2.941840       2.935940       2.930040       2.924110       2.918180    
   3.048760       3.038020       3.038000       3.031960       3.025930       3.025920       3.025830       3.021910       3.014150       3.013970       3.013800       3.013170       3.011960       3.001780       2.989520       2.976060       2.976060       2.973310       2.970200       2.969950       2.970330       2.964540       2.958730       2.952910       2.947080       2.941240       2.935380       2.929520       2.923640       2.917760    
   3.038020       3.038010       3.031960       3.025920       3.025920       3.025880       3.021950       3.014150       3.014060       3.013970       3.013650       3.012980       2.996530       2.977880       2.977900       2.975660       2.973660       2.973760       2.970830       2.969570       2.969570       2.963800       2.958020       2.952230       2.946430       2.940620       2.934810       2.928990       2.923160       2.917330    
   3.038010       3.031970       3.025920       3.025920       3.025900       3.021980       3.014150       3.014110       3.014060       3.013890       3.000630       2.981280       2.978990       2.977850       2.977850       2.977900       2.975010       2.973570       2.973760       2.970050       2.968810       2.963060       2.957300       2.951540       2.945770       2.940010       2.934230       2.928460       2.922680       2.916890    
   3.031970       3.025920       3.025920       3.025910       3.021990       3.014150       3.014130       3.014110       3.014020       2.998230       2.981280       2.981280       2.981280       2.978950       2.977800       2.977800       2.977900       2.974810       2.973370       2.973760       2.968040       2.962310       2.956580       2.950850       2.945120       2.939380       2.933650       2.927920       2.922190       2.916450    
   3.025920       3.025920       3.025910       3.021990       3.014150       3.014140       3.014130       3.006480       2.995560       2.981280       2.981280       2.981280       2.981280       2.981280       2.978880       2.977710       2.977710       2.977900       2.974210       2.972980       2.967270       2.961560       2.955860       2.950160       2.944460       2.938760       2.933070       2.927380       2.921700       2.916010    
   3.025920       3.025920       3.021990       3.014150       3.014140       3.004030       2.988870       2.986270       2.983670       2.982070       2.981270       2.981280       2.981280       2.981280       2.981280       2.978720       2.977510       2.977510       2.977900       2.972200       2.966510       2.960820       2.955140       2.949470       2.943800       2.938150       2.932500       2.926850       2.921220       2.915580    
   3.025920       3.022000       3.014150       3.014150       3.002010       2.988870       2.988870       2.988870       2.986270       2.983670       2.982060       2.981260       2.981280       2.981280       2.981280       2.981280       2.978380       2.977120       2.977120       2.971430       2.965760       2.960090       2.954430       2.948790       2.943160       2.937540       2.931930       2.926330       2.920740       2.915160    
