iMOD/TUTORIALS/TUT_MetaswapAnalyser/model_MetaSWAP/meteo/Evaporation/Evaporation_20050104_L1.ASC
NCOLS                30
NROWS                30
XLLCORNER     160000.00
YLLCORNER     340000.00
CELLSIZE        1000.00
NODATA_VALUE   -9999.00
  0.2538000      0.2548100      0.2558000      0.2567800      0.2577400      0.2586800      0.2596200      0.2605400      0.2614400      0.2623300      0.2632100      0.2640700      0.2649200      0.2657600      0.2665800      0.2673900      0.2681900      0.2689800      0.2697500      0.2705000      0.2712500      0.2719800      0.2727000      0.2734000      0.2740900      0.2747700      0.2754300      0.2760900      0.2767300      0.2773500    
  0.2573400      0.2583600      0.2593600      0.2603500      0.2613300      0.2622900      0.2632400      0.2641700      0.2650900      0.2660000      0.2668900      0.2677600      0.2686200      0.2694700      0.2703000      0.2711200      0.2719300      0.2727200      0.2735000      0.2742600      0.2750100      0.2757400      0.2764600      0.2771700      0.2778600      0.2785400      0.2792000      0.2798500      0.2804900      0.2811100    
  0.2608800      0.2619100      0.2629400      0.2639400      0.2649300      0.2659100      0.2668700      0.2678200      0.2687500      0.2696700      0.2705700      0.2714600      0.2723300      0.2731900      0.2740300      0.2748600      0.2756700      0.2764700      0.2772600      0.2780200      0.2787800      0.2795100      0.2802400      0.2809500      0.2816400      0.2823200      0.2829800      0.2836300      0.2842600      0.2848800    
  0.2644300      0.2654800      0.2665200      0.2675400      0.2685500      0.2695400      0.2705200      0.2714800      0.2724200      0.2733500      0.2742700      0.2751700      0.2760500      0.2769200      0.2777700      0.2786100      0.2794300      0.2802300      0.2810200      0.2818000      0.2825500      0.2833000      0.2840200      0.2847300      0.2854300      0.2861000      0.2867700      0.2874100      0.2880500      0.2886600    
  0.2680000      0.2690600      0.2701100      0.2711500      0.2721700      0.2731800      0.2741700      0.2751500      0.2761000      0.2770500      0.2779700      0.2788800      0.2797800      0.2806600      0.2815200      0.2823600      0.2831900      0.2840000      0.2848000      0.2855800      0.2863400      0.2870900      0.2878100      0.2885300      0.2892200      0.2899000      0.2905600      0.2912100      0.2918400      0.2924500    
  0.2715700      0.2726500      0.2737200      0.2747700      0.2758100      0.2768300      0.2778300      0.2788200      0.2797900      0.2807500      0.2816900      0.2826100      0.2835100      0.2844000      0.2852700      0.2861300      0.2869600      0.2877800      0.2885800      0.2893700      0.2901300      0.2908800      0.2916100      0.2923300      0.2930200      0.2937000      0.2943600      0.2950100      0.2956300      0.2962500    
  0.2751500      0.2762500      0.2773300      0.2784000      0.2794500      0.2804800      0.2815000      0.2825000      0.2834900      0.2844600      0.2854100      0.2863400      0.2872600      0.2881600      0.2890400      0.2899000      0.2907400      0.2915700      0.2923800      0.2931600      0.2939300      0.2946900      0.2954200      0.2961400      0.2968300      0.2975100      0.2981700      0.2988100      0.2994400      0.3000500    
  0.2787400      0.2798500      0.2809500      0.2820300      0.2830900      0.2841400      0.2851800      0.2861900      0.2871900      0.2881700      0.2891300      0.2900800      0.2910100      0.2919100      0.2928000      0.2936700      0.2945300      0.2953600      0.2961700      0.2969700      0.2977400      0.2985000      0.2992300      0.2999500      0.3006500      0.3013300      0.3019800      0.3026300      0.3032500      0.3038500    
  0.2823300      0.2834600      0.2845700      0.2856700      0.2867500      0.2878100      0.2888600      0.2898900      0.2909000      0.2918900      0.2928700      0.2938200      0.2947600      0.2956800      0.2965800      0.2974600      0.2983200      0.2991600      0.2999800      0.3007700      0.3015500      0.3023100      0.3030500      0.3037700      0.3044700      0.3051400      0.3058000      0.3064400      0.3070600      0.3076600    
  0.2859400      0.2870800      0.2882000      0.2893100      0.2904100      0.2914800      0.2925400      0.2935900      0.2946100      0.2956200      0.2966000      0.2975700      0.2985200      0.2994500      0.3003600      0.3012400      0.3021100      0.3029600      0.3037800      0.3045900      0.3053700      0.3061300      0.3068700      0.3075900      0.3082900      0.3089700      0.3096300      0.3102600      0.3108800      0.3114700    
  0.2859330      0.2870730      0.2893870      0.2929600      0.2940700      0.2951600      0.2962300      0.2972900      0.2983300      0.2993400      0.3003400      0.3013200      0.3022800      0.3032200      0.3041400      0.3050300      0.3059100      0.3067600      0.3075900      0.3084000      0.3091900      0.3099600      0.3107000      0.3114200      0.3121200      0.3128000      0.3134500      0.3140900      0.3147000      0.3152900    
  0.2859280      0.2888390      0.2929600      0.2965420      0.2977400      0.2988400      0.2999300      0.3010000      0.3020500      0.3030800      0.3040900      0.3050800      0.3060500      0.3070000      0.3079200      0.3088300      0.3097100      0.3105700      0.3114100      0.3122200      0.3130100      0.3137800      0.3145300      0.3152500      0.3159500      0.3166300      0.3172800      0.3179100      0.3185200      0.3191100    
  0.2881250      0.2929600      0.2976180      0.2995700      0.3014000      0.3025200      0.3036200      0.3047100      0.3057700      0.3068100      0.3078300      0.3088400      0.3098200      0.3107700      0.3117100      0.3126200      0.3135100      0.3143800      0.3152200      0.3160400      0.3168400      0.3176100      0.3183600      0.3190800      0.3197800      0.3204600      0.3211100      0.3217400      0.3223500      0.3229300    
  0.2929600      0.2981160      0.3004850      0.3014000      0.3033770      0.3062100      0.3073200      0.3084200      0.3094900      0.3105500      0.3115800      0.3126000      0.3135900      0.3145500      0.3155000      0.3164200      0.3173200      0.3181900      0.3190400      0.3198700      0.3206600      0.3214400      0.3221900      0.3229100      0.3236100      0.3242900      0.3249400      0.3255700      0.3261700      0.3267500    
  0.2983550      0.3009430      0.3014000      0.3036620      0.3062100      0.3081830      0.3110200      0.3121300      0.3132200      0.3142900      0.3153300      0.3163600      0.3173600      0.3183400      0.3192900      0.3202200      0.3211200      0.3220000      0.3228600      0.3236900      0.3244900      0.3252700      0.3260200      0.3267500      0.3274500      0.3281200      0.3287700      0.3293900      0.3299900      0.3305700    
  0.3011710      0.3014000      0.3037570      0.3062100      0.3084710      0.3110200      0.3115750      0.3121230      0.3144150      0.3180200      0.3190800      0.3201200      0.3211300      0.3221200      0.3230800      0.3240200      0.3249300      0.3258200      0.3266800      0.3275100      0.3283200      0.3291000      0.3298500      0.3305800      0.3312800      0.3319500      0.3326000      0.3332200      0.3338200      0.3343900    
  0.3014000      0.3037890      0.3062100      0.3085670      0.3110200      0.3112970      0.3115730      0.3140330      0.3180200      0.3185500      0.3217440      0.3238700      0.3249000      0.3258900      0.3268700      0.3278100      0.3287300      0.3296300      0.3304900      0.3313300      0.3321400      0.3329300      0.3336800      0.3344100      0.3351100      0.3357800      0.3364300      0.3370400      0.3376400      0.3382000    
  0.3038000      0.3062100      0.3085990      0.3110200      0.3111590      0.3112970      0.3137310      0.3180200      0.3182850      0.3223390      0.3257500      0.3276300      0.3286600      0.3296700      0.3306500      0.3316100      0.3325400      0.3334400      0.3343100      0.3351500      0.3359700      0.3367500      0.3375100      0.3382400      0.3389400      0.3396100      0.3402500      0.3408700      0.3414500      0.3420200    
  0.3062100      0.3086100      0.3110200      0.3110890      0.3111580      0.3135520      0.3180200      0.3181520      0.3225930      0.3266900      0.3276300      0.3281450      0.3298530      0.3334500      0.3344400      0.3354000      0.3363400      0.3372400      0.3381200      0.3389700      0.3397900      0.3405800      0.3413400      0.3420600      0.3427600      0.3434300      0.3440700      0.3446800      0.3452700      0.3458200    
  0.3086130      0.3110200      0.3110550      0.3110890      0.3134550      0.3180200      0.3180860      0.3227110      0.3271600      0.3276300      0.3278880      0.3297690      0.3334500      0.3339450      0.3344300      0.3353930      0.3363270      0.3372330      0.3407400      0.3427800      0.3436000      0.3444000      0.3451600      0.3458800      0.3465800      0.3472500      0.3478900      0.3485000      0.3490800      0.3496300    
  0.3110200      0.3110370      0.3110550      0.3134050      0.3180200      0.3180530      0.3227680      0.3273950      0.3276300      0.3277590      0.3296840      0.3334500      0.3336970      0.3339420      0.3345890      0.3353830      0.3363180      0.3411150      0.3446850      0.3465900      0.3474200      0.3482100      0.3489700      0.3497000      0.3504000      0.3510600      0.3517000      0.3523000      0.3528800      0.3534200    
  0.3110290      0.3110370      0.3133790      0.3180200      0.3180370      0.3227970      0.3275130      0.3276300      0.3276940      0.3296310      0.3334500      0.3335740      0.3336960      0.3340760      0.3346380      0.3354300      0.3410090      0.3456380      0.3465900      0.3484100      0.3512200      0.3520200      0.3527800      0.3535100      0.3542100      0.3548700      0.3555000      0.3561000      0.3566700      0.3572100    
  0.3110290      0.3133660      0.3180200      0.3180280      0.3228110      0.3275710      0.3276300      0.3276620      0.3296010      0.3334500      0.3335120      0.3335730      0.3337820      0.3341370      0.3347150      0.3430240      0.3461140      0.3465900      0.3526790      0.3550150      0.3554960      0.3558200      0.3565800      0.3573100      0.3580100      0.3586700      0.3593000      0.3598900      0.3604600      0.3609900    
  0.3133600      0.3180200      0.3180240      0.3228180      0.3276010      0.3276300      0.3276460      0.3295860      0.3334500      0.3334810      0.3335120      0.3336220      0.3338310      0.3446210      0.3524200      0.3579280      0.3579300      0.3585770      0.3594340      0.3607000      0.3588100      0.3596100      0.3603800      0.3611100      0.3618000      0.3624600      0.3630900      0.3636800      0.3642400      0.3647600    
  0.3180200      0.3180220      0.3228210      0.3276150      0.3276300      0.3276380      0.3295780      0.3334500      0.3334650      0.3334810      0.3335380      0.3336550      0.3528240      0.3759660      0.3758500      0.3688690      0.3697390      0.3692700      0.3649100      0.3625870      0.3625900      0.3634000      0.3641600      0.3648900      0.3655800      0.3662400      0.3668600      0.3674500      0.3680000      0.3685200    
  0.3180210      0.3228230      0.3276230      0.3276300      0.3276340      0.3295740      0.3334500      0.3334580      0.3334650      0.3334950      0.3545230      0.3859700      0.3793960      0.3760820      0.3760820      0.3758500      0.3719560      0.3702070      0.3692700      0.3670850      0.3663600      0.3671700      0.3679400      0.3686700      0.3693600      0.3700100      0.3706300      0.3712100      0.3717600      0.3722700    
  0.3228240      0.3276260      0.3276300      0.3276320      0.3295720      0.3334500      0.3334540      0.3334580      0.3334730      0.3586850      0.3859700      0.3859700      0.3859700      0.3795680      0.3763140      0.3763140      0.3758500      0.3724970      0.3711450      0.3692700      0.3701200      0.3709300      0.3717000      0.3724300      0.3731200      0.3737700      0.3743800      0.3749600      0.3755000      0.3760000    
  0.3276280      0.3276300      0.3276310      0.3295710      0.3334500      0.3334520      0.3334540      0.3508240      0.3676910      0.3859800      0.3859700      0.3859700      0.3859700      0.3859700      0.3799050      0.3767770      0.3767770      0.3758500      0.3737220      0.3730200      0.3738700      0.3746800      0.3754500      0.3761800      0.3768700      0.3775100      0.3781200      0.3786900      0.3792300      0.3797200    
  0.3276300      0.3276310      0.3295710      0.3334500      0.3334510      0.3621930      0.4053000      0.4041050      0.4029100      0.3916440      0.3860000      0.3859700      0.3859700      0.3859700      0.3859700      0.3805600      0.3777030      0.3777050      0.3758500      0.3767500      0.3776000      0.3784200      0.3791900      0.3799100      0.3806000      0.3812400      0.3818500      0.3824100      0.3829400      0.3834300    
  0.3276300      0.3295700      0.3334500      0.3334500      0.3679440      0.4053070      0.4053070      0.4053000      0.4041050      0.4029100      0.3916950      0.3860590      0.3859700      0.3859700      0.3859700      0.3859700      0.3817880      0.3795530      0.3795600      0.3804600      0.3813200      0.3821400      0.3829100      0.3836300      0.3843200      0.3849600      0.3855600      0.3861100      0.3866300      0.3871100    
