iMOD/TUTORIALS/TUT_MetaswapAnalyser/model_MetaSWAP/meteo/Evaporation/Evaporation_20061017_L1.ASC
NCOLS                30
NROWS                30
XLLCORNER     160000.00
YLLCORNER     340000.00
CELLSIZE        1000.00
NODATA_VALUE   -9999.00
   1.504450       1.505270       1.506100       1.506940       1.507780       1.508630       1.509490       1.510350       1.511220       1.512100       1.512980       1.513870       1.514760       1.515660       1.516570       1.517480       1.518400       1.519320       1.520250       1.521180       1.522120       1.523050       1.524000       1.524940       1.525890       1.526850       1.527800       1.528760       1.529720       1.530680    
   1.506030       1.506860       1.507700       1.508540       1.509390       1.510250       1.511110       1.511980       1.512860       1.513740       1.514620       1.515520       1.516420       1.517320       1.518230       1.519150       1.520060       1.520990       1.521920       1.522850       1.523780       1.524720       1.525670       1.526610       1.527560       1.528510       1.529460       1.530420       1.531370       1.532330    
   1.507630       1.508460       1.509310       1.510160       1.511010       1.511880       1.512750       1.513620       1.514500       1.515390       1.516280       1.517180       1.518080       1.518990       1.519900       1.520820       1.521740       1.522670       1.523600       1.524530       1.525470       1.526400       1.527350       1.528290       1.529240       1.530190       1.531140       1.532090       1.533040       1.533990    
   1.509240       1.510080       1.510930       1.511790       1.512650       1.513520       1.514400       1.515280       1.516160       1.517060       1.517950       1.518850       1.519760       1.520670       1.521590       1.522510       1.523430       1.524360       1.525290       1.526220       1.527160       1.528100       1.529040       1.529980       1.530930       1.531870       1.532820       1.533770       1.534720       1.535660    
   1.510860       1.511710       1.512570       1.513430       1.514300       1.515180       1.516060       1.516940       1.517840       1.518730       1.519630       1.520540       1.521450       1.522370       1.523280       1.524210       1.525130       1.526060       1.526990       1.527930       1.528860       1.529800       1.530740       1.531680       1.532620       1.533570       1.534510       1.535460       1.536400       1.537350    
   1.512490       1.513350       1.514210       1.515080       1.515960       1.516840       1.517730       1.518620       1.519520       1.520420       1.521330       1.522240       1.523150       1.524070       1.524990       1.525920       1.526840       1.527770       1.528700       1.529640       1.530580       1.531510       1.532450       1.533390       1.534330       1.535270       1.536220       1.537160       1.538100       1.539040    
   1.514130       1.515000       1.515870       1.516750       1.517630       1.518520       1.519410       1.520310       1.521210       1.522120       1.523030       1.523940       1.524860       1.525780       1.526710       1.527630       1.528560       1.529490       1.530430       1.531360       1.532300       1.533240       1.534170       1.535110       1.536050       1.536990       1.537930       1.538870       1.539810       1.540740    
   1.515790       1.516660       1.517540       1.518420       1.519310       1.520210       1.521110       1.522010       1.522920       1.523830       1.524740       1.525660       1.526580       1.527510       1.528430       1.529360       1.530290       1.531230       1.532160       1.533100       1.534030       1.534970       1.535910       1.536840       1.537780       1.538720       1.539650       1.540590       1.541520       1.542460    
   1.517450       1.518330       1.519220       1.520110       1.521000       1.521900       1.522810       1.523720       1.524630       1.525550       1.526460       1.527390       1.528310       1.529240       1.530170       1.531100       1.532030       1.532970       1.533900       1.534840       1.535770       1.536710       1.537650       1.538580       1.539520       1.540450       1.541380       1.542320       1.543250       1.544180    
   1.519130       1.520010       1.520910       1.521800       1.522700       1.523610       1.524520       1.525430       1.526350       1.527270       1.528200       1.529120       1.530050       1.530980       1.531910       1.532850       1.533780       1.534720       1.535650       1.536590       1.537520       1.538460       1.539400       1.540330       1.541260       1.542190       1.543120       1.544050       1.544980       1.545900    
   1.519130       1.520020       1.521550       1.523500       1.524410       1.525320       1.526240       1.527160       1.528080       1.529010       1.529940       1.530870       1.531800       1.532730       1.533670       1.534600       1.535540       1.536480       1.537410       1.538350       1.539280       1.540220       1.541150       1.542080       1.543010       1.543940       1.544870       1.545800       1.546720       1.547640    
   1.519130       1.521050       1.523500       1.525470       1.526130       1.527050       1.527970       1.528890       1.529820       1.530750       1.531680       1.532620       1.533550       1.534490       1.535430       1.536360       1.537300       1.538240       1.539180       1.540110       1.541050       1.541980       1.542920       1.543850       1.544770       1.545700       1.546620       1.547550       1.548460       1.549380    
   1.520480       1.523500       1.525950       1.526990       1.527850       1.528780       1.529700       1.530630       1.531570       1.532500       1.533440       1.534370       1.535310       1.536250       1.537190       1.538130       1.539070       1.540010       1.540950       1.541890       1.542820       1.543760       1.544690       1.545620       1.546540       1.547470       1.548390       1.549300       1.550220       1.551130    
   1.523500       1.526180       1.527420       1.527850       1.529050       1.530510       1.531450       1.532380       1.533320       1.534260       1.535200       1.536140       1.537080       1.538020       1.538970       1.539910       1.540850       1.541790       1.542730       1.543670       1.544600       1.545530       1.546460       1.547390       1.548310       1.549240       1.550150       1.551070       1.551980       1.552880    
   1.526290       1.527640       1.527850       1.529140       1.530510       1.531720       1.533190       1.534130       1.535080       1.536020       1.536960       1.537910       1.538860       1.539800       1.540750       1.541690       1.542630       1.543580       1.544520       1.545450       1.546390       1.547320       1.548250       1.549170       1.550090       1.551010       1.551930       1.552840       1.553740       1.554640    
   1.527740       1.527850       1.529170       1.530510       1.531810       1.533190       1.533660       1.534130       1.535750       1.537790       1.538740       1.539690       1.540640       1.541580       1.542530       1.543480       1.544420       1.545370       1.546310       1.547240       1.548180       1.549110       1.550040       1.550960       1.551880       1.552790       1.553700       1.554610       1.555510       1.556410    
   1.527850       1.529180       1.530510       1.531840       1.533190       1.533420       1.533660       1.535330       1.537790       1.538260       1.540190       1.541470       1.542420       1.543370       1.544320       1.545270       1.546220       1.547160       1.548100       1.549040       1.549970       1.550900       1.551830       1.552750       1.553670       1.554580       1.555490       1.556390       1.557290       1.558180    
   1.529180       1.530510       1.531850       1.533190       1.533310       1.533430       1.535050       1.537790       1.538030       1.540370       1.542360       1.543250       1.544210       1.545160       1.546120       1.547070       1.548020       1.548960       1.549900       1.550840       1.551770       1.552700       1.553630       1.554550       1.555460       1.556370       1.557270       1.558170       1.559060       1.559950    
   1.530510       1.531850       1.533190       1.533250       1.533310       1.534890       1.537790       1.537910       1.540450       1.542800       1.543250       1.543730       1.544890       1.546960       1.547920       1.548870       1.549820       1.550760       1.551710       1.552640       1.553580       1.554510       1.555430       1.556340       1.557260       1.558160       1.559060       1.559960       1.560850       1.561730    
   1.531850       1.533190       1.533220       1.533250       1.534810       1.537790       1.537850       1.540480       1.543030       1.543250       1.543490       1.544710       1.546960       1.547440       1.547920       1.548870       1.549820       1.550760       1.553160       1.554450       1.555380       1.556310       1.557230       1.558150       1.559060       1.559960       1.560860       1.561750       1.562630       1.563510    
   1.533190       1.533200       1.533220       1.534770       1.537790       1.537820       1.540500       1.543140       1.543250       1.543370       1.544600       1.546960       1.547200       1.547440       1.548080       1.548870       1.549820       1.553070       1.555360       1.556260       1.557190       1.558120       1.559040       1.559950       1.560860       1.561760       1.562650       1.563540       1.564420       1.565290    
   1.533200       1.533200       1.534750       1.537790       1.537800       1.540510       1.543190       1.543250       1.543310       1.544550       1.546960       1.547080       1.547200       1.547570       1.548130       1.548920       1.552760       1.555810       1.556260       1.557490       1.559010       1.559930       1.560850       1.561760       1.562660       1.563560       1.564450       1.565330       1.566210       1.567070    
   1.533200       1.534730       1.537790       1.537800       1.540520       1.543220       1.543250       1.543280       1.544520       1.546960       1.547020       1.547080       1.547280       1.547630       1.548210       1.553510       1.556030       1.556260       1.559530       1.560820       1.561380       1.561740       1.562660       1.563570       1.564470       1.565360       1.566250       1.567130       1.568000       1.568860    
   1.534730       1.537790       1.537790       1.540520       1.543240       1.543250       1.543260       1.544500       1.546960       1.546990       1.547020       1.547130       1.547330       1.553240       1.557950       1.561710       1.561700       1.562260       1.562940       1.563540       1.562640       1.563560       1.564470       1.565380       1.566280       1.567170       1.568050       1.568920       1.569790       1.570640    
   1.537790       1.537790       1.540520       1.543240       1.543250       1.543260       1.544490       1.546960       1.546970       1.546990       1.547050       1.547160       1.557510       1.569900       1.569840       1.566800       1.567380       1.567150       1.565410       1.564450       1.564450       1.565370       1.566290       1.567190       1.568090       1.568970       1.569850       1.570720       1.571580       1.572430    
   1.537790       1.540520       1.543250       1.543250       1.543250       1.544490       1.546960       1.546970       1.546970       1.547000       1.557960       1.574300       1.571410       1.569950       1.569950       1.569840       1.568290       1.567610       1.567150       1.566490       1.566270       1.567190       1.568100       1.569000       1.569890       1.570780       1.571650       1.572510       1.573370       1.574210    
   1.540520       1.543250       1.543250       1.543250       1.544490       1.546960       1.546960       1.546970       1.546980       1.560110       1.574300       1.574300       1.574300       1.571490       1.570070       1.570070       1.569840       1.568560       1.568060       1.567150       1.568080       1.569000       1.569910       1.570810       1.571700       1.572580       1.573450       1.574310       1.575150       1.575990    
   1.543250       1.543250       1.543250       1.544490       1.546960       1.546960       1.546960       1.555780       1.564590       1.574300       1.574300       1.574300       1.574300       1.574300       1.571660       1.570290       1.570290       1.569840       1.569190       1.568970       1.569890       1.570810       1.571720       1.572620       1.573500       1.574380       1.575240       1.576100       1.576940       1.577770    
   1.543250       1.543250       1.544490       1.546960       1.546960       1.561370       1.582970       1.582600       1.582220       1.576950       1.574310       1.574300       1.574300       1.574300       1.574300       1.571980       1.570740       1.570740       1.569840       1.570780       1.571710       1.572620       1.573530       1.574420       1.575310       1.576180       1.577040       1.577890       1.578720       1.579550    
   1.543250       1.544490       1.546960       1.546960       1.564250       1.582970       1.582970       1.582970       1.582600       1.582220       1.576980       1.574340       1.574300       1.574300       1.574300       1.574300       1.572590       1.571650       1.571650       1.572590       1.573510       1.574430       1.575340       1.576230       1.577110       1.577970       1.578830       1.579670       1.580500       1.581330    
