iMOD/TUTORIALS/TUT_MetaswapAnalyser/model_MetaSWAP/meteo/Evaporation/Evaporation_20050625_L1.ASC
NCOLS                30
NROWS                30
XLLCORNER     160000.00
YLLCORNER     340000.00
CELLSIZE        1000.00
NODATA_VALUE   -9999.00
   2.148080       2.136740       2.125240       2.113600       2.101810       2.089880       2.077840       2.065680       2.053420       2.041070       2.028630       2.016110       2.003530       1.990880       1.978190       1.965440       1.952650       1.939830       1.926980       1.914110       1.901210       1.888300       1.875380       1.862450       1.849510       1.836580       1.823640       1.810710       1.797790       1.784870    
   2.151230       2.139860       2.128330       2.116660       2.104850       2.092900       2.080840       2.068670       2.056400       2.044030       2.031580       2.019050       2.006450       1.993790       1.981080       1.968320       1.955510       1.942670       1.929800       1.916910       1.903990       1.891060       1.878110       1.865160       1.852200       1.839240       1.826280       1.813320       1.800370       1.787420    
   2.154310       2.142890       2.131330       2.119630       2.107790       2.095830       2.083750       2.071570       2.059280       2.046900       2.034430       2.021890       2.009280       1.996600       1.983880       1.971100       1.958280       1.945420       1.932540       1.919620       1.906690       1.893740       1.880770       1.867790       1.854810       1.841820       1.828840       1.815850       1.802880       1.789910    
   2.157300       2.145850       2.134250       2.122520       2.110660       2.098670       2.086580       2.074370       2.062070       2.049670       2.037190       2.024640       2.012010       1.999330       1.986590       1.973800       1.960960       1.948090       1.935190       1.922260       1.909300       1.896330       1.883350       1.870350       1.857340       1.844340       1.831330       1.818320       1.805320       1.792320    
   2.160220       2.148720       2.137090       2.125330       2.113440       2.101430       2.089320       2.077090       2.064770       2.052360       2.039870       2.027300       2.014660       2.001970       1.989210       1.976410       1.963560       1.950670       1.937760       1.924810       1.911840       1.898850       1.885850       1.872830       1.859810       1.846780       1.833750       1.820720       1.807700       1.794680    
   2.163070       2.151530       2.139860       2.128060       2.116150       2.104120       2.091980       2.079740       2.067400       2.054970       2.042470       2.029880       2.017230       2.004520       1.991750       1.978940       1.966080       1.953180       1.940250       1.927280       1.914300       1.901290       1.888270       1.875240       1.862200       1.849150       1.836100       1.823060       1.810010       1.796970    
   2.165850       2.154270       2.142560       2.130730       2.118780       2.106730       2.094570       2.082300       2.069950       2.057510       2.044980       2.032390       2.019730       2.007000       1.994220       1.981390       1.968520       1.955600       1.942660       1.929680       1.916680       1.903660       1.890630       1.877580       1.864520       1.851460       1.838390       1.825320       1.812260       1.799200    
   2.168560       2.156940       2.145190       2.133330       2.121350       2.109270       2.097080       2.084800       2.072430       2.059970       2.047430       2.034820       2.022140       2.009400       1.996610       1.983770       1.970880       1.957960       1.945000       1.932010       1.919000       1.905960       1.892910       1.879850       1.866780       1.853700       1.840610       1.827530       1.814450       1.801370    
   2.171220       2.159550       2.147760       2.135860       2.123860       2.111740       2.099530       2.087230       2.074830       2.062360       2.049800       2.037180       2.024490       2.011740       1.998930       1.986080       1.973180       1.960240       1.947270       1.934270       1.921240       1.908200       1.895130       1.882060       1.868970       1.855870       1.842770       1.829680       1.816580       1.803480    
   2.173820       2.162100       2.150270       2.138340       2.126300       2.114160       2.101920       2.089590       2.077180       2.064680       2.052110       2.039470       2.026760       2.014000       2.001180       1.988320       1.975400       1.962460       1.949470       1.936460       1.923420       1.910360       1.897290       1.884200       1.871090       1.857990       1.844870       1.831760       1.818650       1.805540    
   2.173780       2.162060       2.147870       2.140760       2.128680       2.116510       2.104250       2.091890       2.079460       2.066940       2.054350       2.041700       2.028980       2.016200       2.003370       1.990490       1.977570       1.964600       1.951610       1.938590       1.925540       1.912460       1.899380       1.886270       1.873160       1.860040       1.846910       1.833790       1.820660       1.807540    
   2.173740       2.156120       2.140760       2.133440       2.131010       2.118810       2.106520       2.094140       2.081680       2.069150       2.056540       2.043860       2.031130       2.018340       2.005490       1.992600       1.979660       1.966690       1.953680       1.940650       1.927590       1.914510       1.901410       1.888290       1.875170       1.862030       1.848900       1.835760       1.822620       1.809480    
   2.163990       2.140760       2.134910       2.132150       2.133290       2.121050       2.108730       2.096330       2.083850       2.071290       2.058660       2.045970       2.033220       2.020410       2.007550       1.994650       1.981700       1.968720       1.955700       1.942650       1.929580       1.916490       1.903380       1.890250       1.877120       1.863970       1.850820       1.837670       1.824520       1.811370    
   2.140760       2.135420       2.132720       2.133290       2.125860       2.123250       2.110900       2.098470       2.085960       2.073380       2.060740       2.048030       2.035260       2.022430       2.009560       1.996640       1.983680       1.970690       1.957660       1.944600       1.931520       1.918410       1.905290       1.892160       1.879010       1.865850       1.852690       1.839530       1.826370       1.813210    
   2.135620       2.133010       2.133290       2.127470       2.123250       2.115720       2.113010       2.100560       2.088020       2.075420       2.062760       2.050030       2.037240       2.024400       2.011510       1.998580       1.985610       1.972600       1.959560       1.946490       1.933400       1.920280       1.907150       1.894010       1.880850       1.867680       1.854510       1.841340       1.828170       1.815000    
   2.133150       2.133290       2.128000       2.123250       2.117330       2.113010       2.106780       2.100530       2.085350       2.077410       2.064720       2.051980       2.039170       2.026320       2.013410       2.000470       1.987480       1.974460       1.961410       1.948330       1.935220       1.922100       1.908960       1.895800       1.882640       1.869460       1.856280       1.843100       1.829920       1.816740    
   2.133290       2.128180       2.123250       2.117860       2.113010       2.109900       2.106770       2.092520       2.077410       2.071060       2.060750       2.053880       2.041060       2.028180       2.015260       2.002300       1.989300       1.976270       1.963210       1.950120       1.937000       1.923870       1.910720       1.897550       1.884380       1.871190       1.858000       1.844810       1.831620       1.818430    
   2.128240       2.123250       2.118040       2.113010       2.111450       2.109890       2.096650       2.077410       2.074240       2.063950       2.054810       2.055740       2.042890       2.030000       2.017070       2.004090       1.991080       1.978030       1.964960       1.951860       1.938730       1.925590       1.912430       1.899250       1.886070       1.872880       1.859680       1.846480       1.833280       1.820080    
   2.123250       2.118100       2.113010       2.112230       2.111450       2.098850       2.077410       2.075820       2.065320       2.055270       2.055740       2.049310       2.040100       2.031780       2.018830       2.005840       1.992810       1.979750       1.966660       1.953550       1.940410       1.927260       1.914090       1.900910       1.887710       1.874510       1.861310       1.848100       1.834890       1.821690    
   2.118120       2.113010       2.112620       2.112230       2.099990       2.077410       2.076620       2.065960       2.055510       2.055740       2.052530       2.044230       2.031780       2.025310       2.018820       2.005830       1.992800       1.979740       1.962390       1.955200       1.942050       1.928890       1.915710       1.902520       1.889310       1.876110       1.862890       1.849680       1.836460       1.823250    
   2.113010       2.112820       2.112620       2.100560       2.077410       2.077010       2.066270       2.055620       2.055740       2.054130       2.046070       2.031780       2.028540       2.025300       2.016650       2.005810       1.992790       1.969550       1.956000       1.956800       1.943650       1.930470       1.917280       1.904080       1.890870       1.877660       1.864440       1.851210       1.837990       1.824770    
   2.112910       2.112820       2.100850       2.077410       2.077210       2.066420       2.055680       2.055740       2.054940       2.046930       2.031780       2.030160       2.028540       2.023500       2.015920       2.005080       1.976270       1.956400       1.956800       1.948550       1.945200       1.932020       1.918820       1.905610       1.892390       1.879170       1.865940       1.852710       1.839480       1.826260    
   2.112910       2.101000       2.077410       2.077310       2.066500       2.055710       2.055740       2.055340       2.047350       2.031780       2.030970       2.030160       2.027400       2.022650       2.014830       1.983020       1.956600       1.956800       1.950240       1.946700       1.938790       1.933520       1.920310       1.907100       1.893870       1.880640       1.867410       1.854170       1.840940       1.827700    
   2.101070       2.077410       2.077360       2.066540       2.055730       2.055740       2.055540       2.047550       2.031780       2.031380       2.030970       2.029510       2.026740       2.011620       1.988880       1.961220       1.961230       1.955170       1.948420       1.948920       1.948200       1.934990       1.921770       1.908550       1.895320       1.882080       1.868840       1.855600       1.842360       1.829120    
   2.077410       2.077390       2.066560       2.055730       2.055740       2.055640       2.047650       2.031780       2.031580       2.031380       2.030620       2.029070       2.006230       1.981630       1.981590       1.969930       1.965830       1.965660       1.954730       1.949630       1.949640       1.936430       1.923200       1.909960       1.896720       1.883480       1.870230       1.856980       1.843740       1.830500    
   2.077400       2.066570       2.055740       2.055740       2.055690       2.047700       2.031780       2.031680       2.031580       2.031190       2.017720       1.998770       1.987380       1.981670       1.981670       1.981590       1.971080       1.966000       1.965660       1.954690       1.951050       1.937830       1.924590       1.911350       1.898100       1.884850       1.871590       1.858340       1.845090       1.831840    
   2.066570       2.055740       2.055740       2.055720       2.047730       2.031780       2.031730       2.031680       2.031480       2.015610       1.998770       1.998770       1.998770       1.987440       1.981760       1.981760       1.981590       1.971060       1.966340       1.965660       1.952430       1.939200       1.925950       1.912700       1.899440       1.886180       1.872930       1.859670       1.846410       1.833160    
   2.055740       2.055740       2.055730       2.047740       2.031780       2.031750       2.031730       2.028310       2.016860       1.998770       1.998770       1.998770       1.998770       1.998770       1.987540       1.981920       1.981920       1.981590       1.970650       1.967020       1.953780       1.940530       1.927280       1.914020       1.900760       1.887490       1.874230       1.860960       1.847700       1.834450    
   2.055740       2.055730       2.047750       2.031780       2.031770       2.032230       2.032930       2.025630       2.018330       2.005300       1.998780       1.998770       1.998770       1.998770       1.998770       1.987720       1.982250       1.982250       1.981590       1.968350       1.955100       1.941850       1.928580       1.915310       1.902040       1.888770       1.875500       1.862230       1.848970       1.835710    
   2.055740       2.047750       2.031780       2.031770       2.032330       2.032930       2.032930       2.032930       2.025630       2.018330       2.005320       1.998800       1.998770       1.998770       1.998770       1.998770       1.987950       1.982910       1.982920       1.969660       1.956400       1.943130       1.929860       1.916580       1.903300       1.890020       1.876750       1.863480       1.850210       1.836940    
