iMOD/TUTORIALS/TUT_MetaswapAnalyser/model_MetaSWAP/meteo/Evaporation/Evaporation_20060604_L1.ASC
NCOLS                30
NROWS                30
XLLCORNER     160000.00
YLLCORNER     340000.00
CELLSIZE        1000.00
NODATA_VALUE   -9999.00
   3.557810       3.562810       3.567730       3.572580       3.577370       3.582070       3.586710       3.591260       3.595740       3.600150       3.604470       3.608720       3.612880       3.616970       3.620970       3.624890       3.628730       3.632490       3.636170       3.639760       3.643270       3.646690       3.650040       3.653300       3.656470       3.659570       3.662580       3.665510       3.668350       3.671120    
   3.556930       3.561980       3.566950       3.571860       3.576680       3.581440       3.586120       3.590720       3.595250       3.599700       3.604060       3.608350       3.612560       3.616690       3.620740       3.624700       3.628580       3.632380       3.636090       3.639720       3.643260       3.646720       3.650100       3.653390       3.656600       3.659730       3.662770       3.665730       3.668610       3.671400    
   3.556070       3.561160       3.566180       3.571130       3.576010       3.580810       3.585540       3.590190       3.594760       3.599250       3.603660       3.608000       3.612250       3.616420       3.620500       3.624510       3.628430       3.632260       3.636010       3.639680       3.643260       3.646760       3.650170       3.653490       3.656740       3.659890       3.662960       3.665950       3.668860       3.671680    
   3.555210       3.560350       3.565420       3.570420       3.575340       3.580190       3.584960       3.589660       3.594270       3.598810       3.603270       3.607640       3.611940       3.616150       3.620280       3.624320       3.628280       3.632150       3.635940       3.639640       3.643260       3.646790       3.650240       3.653590       3.656870       3.660060       3.663160       3.666180       3.669110       3.671960    
   3.554360       3.559550       3.564670       3.569710       3.574680       3.579580       3.584390       3.589130       3.593800       3.598380       3.602880       3.607300       3.611630       3.615880       3.620050       3.624140       3.628130       3.632040       3.635870       3.639610       3.643260       3.646830       3.650300       3.653690       3.657000       3.660220       3.663350       3.666400       3.669360       3.672240    
   3.553520       3.558750       3.563920       3.569010       3.574020       3.578960       3.583830       3.588610       3.593320       3.597950       3.602490       3.606950       3.611330       3.615620       3.619830       3.623950       3.627990       3.631940       3.635800       3.639580       3.643260       3.646860       3.650370       3.653790       3.657130       3.660380       3.663540       3.666610       3.669600       3.672510    
   3.552680       3.557960       3.563170       3.568310       3.573370       3.578360       3.583270       3.588100       3.592850       3.597520       3.602100       3.606610       3.611030       3.615360       3.619610       3.623770       3.627850       3.631830       3.635730       3.639540       3.643260       3.646900       3.650440       3.653890       3.657260       3.660540       3.663730       3.666830       3.669840       3.672770    
   3.551840       3.557170       3.562430       3.567610       3.572720       3.577750       3.582710       3.587580       3.592380       3.597090       3.601720       3.606270       3.610730       3.615100       3.619390       3.623590       3.627700       3.631730       3.635660       3.639510       3.643260       3.646930       3.650500       3.653990       3.657380       3.660690       3.663910       3.667040       3.670080       3.673040    
   3.551010       3.556390       3.561690       3.566920       3.572080       3.577150       3.582150       3.587070       3.591910       3.596660       3.601340       3.605930       3.610430       3.614840       3.619170       3.623410       3.627560       3.631620       3.635590       3.639470       3.643260       3.646960       3.650570       3.654080       3.657510       3.660840       3.664090       3.667240       3.670310       3.673290    
   3.550190       3.555610       3.560960       3.566230       3.571430       3.576550       3.581600       3.586560       3.591440       3.596240       3.600960       3.605580       3.610130       3.614580       3.618950       3.623230       3.627420       3.631510       3.635520       3.639430       3.643260       3.646990       3.650620       3.654170       3.657630       3.660990       3.664260       3.667440       3.670540       3.673540    
   3.550160       3.555590       3.562090       3.565540       3.570780       3.575950       3.581040       3.586050       3.590970       3.595810       3.600570       3.605240       3.609830       3.614320       3.618730       3.623040       3.627270       3.631400       3.635440       3.639390       3.643250       3.647010       3.650680       3.654260       3.657740       3.661130       3.664430       3.667640       3.670750       3.673780    
   3.550140       3.558340       3.565540       3.568990       3.570140       3.575350       3.580480       3.585530       3.590500       3.595390       3.600190       3.604900       3.609520       3.614060       3.618500       3.622860       3.627120       3.631290       3.635360       3.639350       3.643240       3.647030       3.650730       3.654340       3.657850       3.661260       3.664590       3.667820       3.670960       3.674010    
   3.554670       3.565540       3.568460       3.569810       3.569490       3.574750       3.579920       3.585020       3.590030       3.594960       3.599800       3.604550       3.609220       3.613790       3.618270       3.622670       3.626970       3.631170       3.635280       3.639300       3.643220       3.647040       3.650770       3.654410       3.657950       3.661390       3.664740       3.668000       3.671160       3.674240    
   3.565540       3.568290       3.569650       3.569490       3.572790       3.574140       3.579360       3.584500       3.589550       3.594520       3.599410       3.604200       3.608900       3.613520       3.618040       3.622470       3.626810       3.631050       3.635190       3.639240       3.643190       3.647050       3.650810       3.654470       3.658040       3.661510       3.664890       3.668170       3.671350       3.674450    
   3.568220       3.569570       3.569490       3.572140       3.574140       3.577430       3.578790       3.583970       3.589070       3.594080       3.599010       3.603840       3.608590       3.613240       3.617800       3.622270       3.626640       3.630920       3.635100       3.639180       3.643160       3.647050       3.650840       3.654530       3.658120       3.661620       3.665020       3.668320       3.671530       3.674650    
   3.569530       3.569490       3.571920       3.574140       3.576790       3.578790       3.581380       3.583940       3.590190       3.593640       3.598600       3.603480       3.608260       3.612960       3.617560       3.622060       3.626470       3.630780       3.634990       3.639110       3.643120       3.647040       3.650860       3.654580       3.658200       3.661720       3.665140       3.668470       3.671700       3.674840    
   3.569490       3.571850       3.574140       3.576570       3.578790       3.580080       3.581370       3.587290       3.593640       3.596120       3.600310       3.603110       3.607930       3.612670       3.617300       3.621840       3.626290       3.630630       3.634880       3.639030       3.643070       3.647020       3.650870       3.654610       3.658260       3.661810       3.665250       3.668600       3.671850       3.675010    
   3.571830       3.574140       3.576500       3.578790       3.579440       3.580080       3.585600       3.593640       3.594880       3.599140       3.602920       3.602730       3.607590       3.612360       3.617040       3.621620       3.626100       3.630480       3.634760       3.638940       3.643010       3.646990       3.650870       3.654640       3.658310       3.661880       3.665350       3.668720       3.671990       3.675170    
   3.574140       3.576480       3.578790       3.579110       3.579440       3.584690       3.593640       3.594260       3.598640       3.602830       3.602730       3.605160       3.608680       3.612050       3.616760       3.621380       3.625900       3.630310       3.634620       3.638830       3.642940       3.646950       3.650850       3.654650       3.658350       3.661940       3.665430       3.668820       3.672120       3.675310    
   3.576470       3.578790       3.578950       3.579110       3.584220       3.593640       3.593950       3.598410       3.602780       3.602730       3.603950       3.607160       3.612050       3.614410       3.616730       3.621350       3.625860       3.630280       3.636210       3.638720       3.642860       3.646890       3.650820       3.654650       3.658370       3.661990       3.665500       3.668910       3.672220       3.675440    
   3.578790       3.578870       3.578950       3.583980       3.593640       3.593800       3.598300       3.602750       3.602730       3.603340       3.606470       3.612050       3.613230       3.614400       3.617490       3.621310       3.625830       3.633920       3.638660       3.638590       3.642760       3.646820       3.650780       3.654630       3.658380       3.662020       3.665550       3.668980       3.672310       3.675540    
   3.578830       3.578870       3.583860       3.593640       3.593720       3.598240       3.602740       3.602730       3.603030       3.606150       3.612050       3.612640       3.613220       3.615040       3.617730       3.621550       3.631650       3.638620       3.638590       3.641330       3.642650       3.646740       3.650720       3.654600       3.658360       3.662030       3.665580       3.669030       3.672380       3.675630    
   3.578830       3.583800       3.593640       3.593680       3.598210       3.602740       3.602730       3.602880       3.605990       3.612050       3.612340       3.612640       3.613630       3.615330       3.618110       3.629510       3.638610       3.638590       3.641180       3.642510       3.644980       3.646630       3.650640       3.654540       3.658340       3.662020       3.665590       3.669060       3.672430       3.675690    
   3.583770       3.593640       3.593660       3.598200       3.602730       3.602730       3.602810       3.605910       3.612050       3.612200       3.612340       3.612870       3.613870       3.619860       3.628200       3.638010       3.638020       3.640050       3.642330       3.642280       3.642370       3.646510       3.650550       3.654470       3.658290       3.661990       3.665580       3.669070       3.672450       3.675730    
   3.593640       3.593650       3.598190       3.602730       3.602730       3.602770       3.605870       3.612050       3.612120       3.612200       3.612470       3.613030       3.622260       3.632360       3.632370       3.635890       3.637420       3.637450       3.640700       3.642190       3.642200       3.646370       3.650430       3.654380       3.658220       3.661940       3.665550       3.669060       3.672450       3.675750    
   3.593650       3.598190       3.602730       3.602730       3.602750       3.605860       3.612050       3.612090       3.612120       3.612260       3.618130       3.626470       3.630390       3.632350       3.632350       3.632370       3.635740       3.637380       3.637450       3.640860       3.642010       3.646210       3.650290       3.654260       3.658120       3.661860       3.665500       3.669020       3.672430       3.675730    
   3.598190       3.602730       3.602730       3.602740       3.605850       3.612050       3.612070       3.612090       3.612160       3.619090       3.626470       3.626470       3.626470       3.630370       3.632320       3.632320       3.632370       3.635780       3.637320       3.637450       3.641790       3.646020       3.650130       3.654120       3.658000       3.661760       3.665410       3.668950       3.672380       3.675690    
   3.602730       3.602730       3.602730       3.605840       3.612050       3.612060       3.612070       3.613730       3.618710       3.626470       3.626470       3.626470       3.626470       3.626470       3.630340       3.632280       3.632280       3.632370       3.635970       3.637180       3.641550       3.645810       3.649940       3.653960       3.657860       3.661640       3.665300       3.668850       3.672290       3.675620    
   3.602730       3.602730       3.605840       3.612050       3.612050       3.612290       3.612640       3.615620       3.618590       3.623840       3.626470       3.626470       3.626470       3.626470       3.626470       3.630300       3.632190       3.632190       3.632370       3.636890       3.641290       3.645570       3.649730       3.653770       3.657680       3.661480       3.665160       3.668730       3.672180       3.675520    
   3.602730       3.605840       3.612050       3.612050       3.612330       3.612640       3.612640       3.612640       3.615620       3.618590       3.623830       3.626460       3.626470       3.626470       3.626470       3.626470       3.630250       3.632000       3.632010       3.636560       3.640990       3.645300       3.649480       3.653540       3.657480       3.661290       3.664990       3.668570       3.672030       3.675380    
