iMOD/TUTORIALS/TUT_MetaswapAnalyser/model_MetaSWAP/meteo/Evaporation/Evaporation_20060508_L1.ASC
NCOLS                30
NROWS                30
XLLCORNER     160000.00
YLLCORNER     340000.00
CELLSIZE        1000.00
NODATA_VALUE   -9999.00
   3.441910       3.448510       3.455030       3.461470       3.467830       3.474120       3.480330       3.486470       3.492530       3.498520       3.504450       3.510300       3.516090       3.521820       3.527480       3.533080       3.538620       3.544100       3.549520       3.554890       3.560200       3.565460       3.570670       3.575820       3.580930       3.585990       3.591010       3.595980       3.600910       3.605790    
   3.435420       3.442010       3.448530       3.454960       3.461320       3.467610       3.473820       3.479960       3.486030       3.492030       3.497960       3.503820       3.509620       3.515350       3.521030       3.526640       3.532190       3.537690       3.543130       3.548510       3.553840       3.559120       3.564350       3.569530       3.574660       3.579740       3.584780       3.589780       3.594730       3.599640    
   3.428880       3.435470       3.441980       3.448410       3.454770       3.461060       3.467270       3.473410       3.479480       3.485490       3.491420       3.497290       3.503100       3.508850       3.514530       3.520160       3.525720       3.531230       3.536690       3.542090       3.547440       3.552730       3.557980       3.563180       3.568330       3.573440       3.578510       3.583530       3.588510       3.593450    
   3.422300       3.428880       3.435390       3.441820       3.448180       3.454460       3.460680       3.466820       3.472890       3.478900       3.484850       3.490720       3.496540       3.502300       3.507990       3.513630       3.519210       3.524730       3.530200       3.535620       3.540990       3.546300       3.551570       3.556790       3.561970       3.567100       3.572190       3.577230       3.582240       3.587210    
   3.415690       3.422270       3.428770       3.435190       3.441550       3.447830       3.454040       3.460190       3.466270       3.472280       3.478230       3.484120       3.489940       3.495700       3.501410       3.507060       3.512650       3.518190       3.523680       3.529110       3.534490       3.539830       3.545120       3.550360       3.555560       3.560710       3.565830       3.570900       3.575930       3.580920    
   3.409050       3.415610       3.422110       3.428530       3.434880       3.441160       3.447380       3.453520       3.459600       3.465620       3.471580       3.477470       3.483300       3.489070       3.494790       3.500450       3.506060       3.511610       3.517110       3.522560       3.527960       3.533320       3.538630       3.543890       3.549110       3.554290       3.559420       3.564520       3.569580       3.574600    
   3.402380       3.408930       3.415420       3.421830       3.428180       3.434460       3.440680       3.446820       3.452910       3.458930       3.464890       3.470780       3.476620       3.482410       3.488130       3.493800       3.499420       3.504990       3.510510       3.515970       3.521390       3.526770       3.532090       3.537380       3.542620       3.547820       3.552980       3.558100       3.563190       3.568240    
   3.395670       3.402220       3.408700       3.415110       3.421450       3.427730       3.433940       3.440090       3.446180       3.452200       3.458160       3.464070       3.469910       3.475710       3.481440       3.487120       3.492760       3.498340       3.503870       3.509350       3.514790       3.520180       3.525530       3.530830       3.536100       3.541320       3.546500       3.551650       3.556760       3.561840    
   3.388940       3.395480       3.401950       3.408350       3.414690       3.420970       3.427180       3.433330       3.439410       3.445440       3.451410       3.457320       3.463170       3.468970       3.474720       3.480410       3.486050       3.491650       3.497190       3.502690       3.508150       3.513560       3.518920       3.524250       3.529540       3.534780       3.539990       3.545160       3.550300       3.555400    
   3.382180       3.388710       3.395180       3.401580       3.407910       3.414180       3.420390       3.426540       3.432620       3.438650       3.444620       3.450540       3.456400       3.462210       3.467960       3.473670       3.479320       3.484930       3.490490       3.496000       3.501470       3.506900       3.512290       3.517630       3.522940       3.528210       3.533440       3.538640       3.543800       3.548930    
   3.382160       3.388690       3.395060       3.394770       3.401100       3.407370       3.413570       3.419720       3.425810       3.431840       3.437810       3.443730       3.449600       3.455410       3.461180       3.466890       3.472560       3.478180       3.483750       3.489280       3.494770       3.500210       3.505620       3.510990       3.516320       3.521610       3.526860       3.532080       3.537270       3.542420    
   3.382140       3.390170       3.394770       3.394390       3.394270       3.400530       3.406730       3.412880       3.418970       3.425000       3.430980       3.436900       3.442770       3.448590       3.454370       3.460090       3.465770       3.471400       3.476990       3.482530       3.488030       3.493500       3.498920       3.504310       3.509660       3.514970       3.520250       3.525500       3.530710       3.535890    
   3.385660       3.394770       3.391850       3.390840       3.387410       3.393670       3.399870       3.406020       3.412100       3.418140       3.424120       3.430040       3.435920       3.441750       3.447530       3.453260       3.458950       3.464590       3.470190       3.475750       3.481270       3.486750       3.492200       3.497600       3.502970       3.508310       3.513610       3.518880       3.524120       3.529330    
   3.394770       3.390790       3.389120       3.387410       3.389290       3.386790       3.392990       3.399130       3.405220       3.411250       3.417230       3.423170       3.429050       3.434880       3.440670       3.446410       3.452110       3.457760       3.463380       3.468950       3.474490       3.479980       3.485450       3.490870       3.496260       3.501620       3.506950       3.512240       3.517500       3.522740    
   3.390310       3.388270       3.387410       3.387830       3.386790       3.388620       3.386090       3.392230       3.398320       3.404350       3.410330       3.416270       3.422150       3.427990       3.433790       3.439540       3.445240       3.450910       3.456540       3.462130       3.467680       3.473190       3.478670       3.484120       3.489530       3.494910       3.500260       3.505570       3.510860       3.516120    
   3.387840       3.387410       3.387340       3.386790       3.387170       3.386090       3.389160       3.392210       3.398080       3.397430       3.403410       3.409350       3.415240       3.421080       3.426880       3.432640       3.438360       3.444040       3.449680       3.455280       3.460840       3.466370       3.471870       3.477340       3.482770       3.488170       3.493540       3.498880       3.504200       3.509480    
   3.387410       3.387180       3.386790       3.386680       3.386090       3.387630       3.389150       3.394220       3.397430       3.400420       3.401610       3.402410       3.408310       3.414160       3.419960       3.425730       3.431460       3.437140       3.442790       3.448410       3.453990       3.459540       3.465050       3.470540       3.475990       3.481410       3.486800       3.492170       3.497510       3.502820    
   3.387130       3.386790       3.386520       3.386090       3.386860       3.387620       3.392110       3.397430       3.398920       3.398770       3.398930       3.395460       3.401360       3.407210       3.413030       3.418800       3.424530       3.430230       3.435890       3.441520       3.447120       3.452680       3.458210       3.463710       3.469190       3.474630       3.480050       3.485440       3.490800       3.496140    
   3.386790       3.386470       3.386090       3.386470       3.386860       3.391000       3.397430       3.398180       3.397560       3.397200       3.395460       3.398410       3.401070       3.400260       3.406080       3.411850       3.417600       3.423300       3.428980       3.434620       3.440230       3.445810       3.451360       3.456880       3.462370       3.467830       3.473270       3.478690       3.484070       3.489440    
   3.386450       3.386090       3.386280       3.386470       3.390440       3.397430       3.397800       3.396990       3.396330       3.395460       3.396930       3.398800       3.400260       3.403170       3.406060       3.411840       3.417580       3.423290       3.427070       3.427700       3.433320       3.438920       3.444480       3.450020       3.455530       3.461020       3.466480       3.471920       3.477330       3.482720    
   3.386090       3.386190       3.386280       3.390160       3.397430       3.397620       3.396720       3.395890       3.395460       3.396200       3.397860       3.400260       3.401720       3.403160       3.407030       3.411830       3.417570       3.422590       3.424230       3.420770       3.426400       3.432010       3.437600       3.443150       3.448680       3.454190       3.459670       3.465130       3.470570       3.475980    
   3.386140       3.386190       3.390010       3.397430       3.397520       3.396580       3.395680       3.395460       3.395830       3.397450       3.400260       3.400990       3.401710       3.403970       3.407340       3.412140       3.419050       3.422500       3.420770       3.422210       3.419470       3.425100       3.430700       3.436270       3.441820       3.447350       3.452850       3.458340       3.463800       3.469240    
   3.386140       3.389940       3.397430       3.397480       3.396510       3.395570       3.395460       3.395640       3.397250       3.400260       3.400620       3.400990       3.402220       3.404340       3.407820       3.412010       3.421640       3.420770       3.414400       3.412530       3.415910       3.418170       3.423780       3.429380       3.434950       3.440490       3.446020       3.451530       3.457010       3.462480    
   3.389910       3.397430       3.397450       3.396480       3.395510       3.395460       3.395550       3.397150       3.400260       3.400440       3.400620       3.401280       3.402520       3.393420       3.393430       3.399880       3.399880       3.402130       3.404420       3.402100       3.405580       3.411240       3.416860       3.422470       3.428060       3.433630       3.439180       3.444710       3.450220       3.455710    
   3.397430       3.397440       3.396460       3.395490       3.395460       3.395510       3.397110       3.400260       3.400350       3.400440       3.400780       3.401470       3.383030       3.359080       3.359300       3.377210       3.378120       3.378990       3.392050       3.398630       3.398630       3.404290       3.409940       3.415560       3.421170       3.426760       3.432330       3.437880       3.443410       3.448930    
   3.397440       3.396450       3.395470       3.395460       3.395480       3.397080       3.400260       3.400310       3.400350       3.400520       3.373580       3.332600       3.350080       3.358860       3.358860       3.359300       3.371550       3.377250       3.378990       3.388500       3.391670       3.397340       3.403000       3.408650       3.414270       3.419880       3.425470       3.431050       3.436600       3.442140    
   3.396450       3.395470       3.395460       3.395470       3.397070       3.400260       3.400280       3.400310       3.400390       3.367930       3.332600       3.332600       3.332600       3.349750       3.358430       3.358430       3.359300       3.370660       3.375500       3.378990       3.384700       3.390390       3.396070       3.401730       3.407370       3.413000       3.418610       3.424210       3.429790       3.435360    
   3.395460       3.395460       3.395470       3.397070       3.400260       3.400270       3.400280       3.373280       3.352060       3.332580       3.332600       3.332600       3.332600       3.332600       3.349130       3.357550       3.357550       3.359300       3.368840       3.372020       3.377740       3.383440       3.389130       3.394800       3.400460       3.406110       3.411750       3.417370       3.422970       3.428560    
   3.395460       3.395460       3.397060       3.400260       3.400270       3.351940       3.279450       3.285780       3.292120       3.319050       3.332540       3.332600       3.332600       3.332600       3.332600       3.347920       3.355810       3.355810       3.359300       3.365040       3.370770       3.376490       3.382190       3.387880       3.393560       3.399230       3.404880       3.410530       3.416160       3.421770    
   3.395460       3.397060       3.400260       3.400260       3.342260       3.279440       3.279440       3.279450       3.285780       3.292120       3.318960       3.332430       3.332600       3.332600       3.332600       3.332600       3.345720       3.352320       3.352320       3.358070       3.363810       3.369530       3.375250       3.380960       3.386660       3.392340       3.398020       3.403690       3.409340       3.414980    
