iMOD/TUTORIALS/TUT_MetaswapAnalyser/model_MetaSWAP/meteo/Evaporation/Evaporation_20061115_L1.ASC
NCOLS                30
NROWS                30
XLLCORNER     160000.00
YLLCORNER     340000.00
CELLSIZE        1000.00
NODATA_VALUE   -9999.00
  0.5140700      0.5129500      0.5118300      0.5107100      0.5095900      0.5084700      0.5073500      0.5062300      0.5051100      0.5039900      0.5028700      0.5017600      0.5006400      0.4995200      0.4984100      0.4973000      0.4961800      0.4950700      0.4939700      0.4928600      0.4917600      0.4906600      0.4895600      0.4884700      0.4873800      0.4862900      0.4852100      0.4841300      0.4830500      0.4819800    
  0.5160800      0.5149700      0.5138600      0.5127400      0.5116300      0.5105200      0.5094100      0.5082900      0.5071800      0.5060700      0.5049500      0.5038400      0.5027300      0.5016200      0.5005100      0.4994000      0.4983000      0.4971900      0.4960900      0.4949900      0.4938900      0.4927900      0.4917000      0.4906100      0.4895200      0.4884300      0.4873500      0.4862700      0.4852000      0.4841300    
  0.5180900      0.5169900      0.5158800      0.5147800      0.5136700      0.5125600      0.5114600      0.5103500      0.5092400      0.5081400      0.5070300      0.5059300      0.5048200      0.5037200      0.5026100      0.5015100      0.5004100      0.4993100      0.4982100      0.4971100      0.4960200      0.4949200      0.4938300      0.4927500      0.4916600      0.4905800      0.4895000      0.4884200      0.4873400      0.4862700    
  0.5201000      0.5190000      0.5179100      0.5168100      0.5157100      0.5146100      0.5135100      0.5124100      0.5113100      0.5102100      0.5091100      0.5080100      0.5069100      0.5058100      0.5047100      0.5036200      0.5025200      0.5014200      0.5003300      0.4992400      0.4981500      0.4970600      0.4959700      0.4948800      0.4938000      0.4927200      0.4916400      0.4905600      0.4894900      0.4884200    
  0.5221100      0.5210200      0.5199300      0.5188400      0.5177500      0.5166600      0.5155600      0.5144700      0.5133800      0.5122800      0.5111900      0.5100900      0.5090000      0.5079100      0.5068100      0.5057200      0.5046300      0.5035400      0.5024500      0.5013600      0.5002700      0.4991900      0.4981000      0.4970200      0.4959400      0.4948600      0.4937800      0.4927100      0.4916400      0.4905700    
  0.5241200      0.5230400      0.5219600      0.5208700      0.5197900      0.5187000      0.5176200      0.5165300      0.5154400      0.5143500      0.5132700      0.5121800      0.5110900      0.5100000      0.5089200      0.5078300      0.5067400      0.5056500      0.5045700      0.5034800      0.5024000      0.5013200      0.5002400      0.4991600      0.4980800      0.4970000      0.4959200      0.4948500      0.4937800      0.4927100    
  0.5261400      0.5250600      0.5239800      0.5229000      0.5218300      0.5207500      0.5196700      0.5185900      0.5175100      0.5164300      0.5153400      0.5142600      0.5131800      0.5121000      0.5110200      0.5099300      0.5088500      0.5077700      0.5066900      0.5056100      0.5045300      0.5034500      0.5023700      0.5012900      0.5002100      0.4991400      0.4980700      0.4969900      0.4959300      0.4948600    
  0.5281500      0.5270800      0.5260100      0.5249400      0.5238700      0.5227900      0.5217200      0.5206500      0.5195700      0.5185000      0.5174200      0.5163500      0.5152700      0.5141900      0.5131200      0.5120400      0.5109600      0.5098800      0.5088100      0.5077300      0.5066500      0.5055800      0.5045000      0.5034200      0.5023500      0.5012800      0.5002100      0.4991400      0.4980700      0.4970000    
  0.5301600      0.5291000      0.5280300      0.5269700      0.5259100      0.5248400      0.5237700      0.5227100      0.5216400      0.5205700      0.5195000      0.5184300      0.5173600      0.5162900      0.5152100      0.5141400      0.5130700      0.5120000      0.5109200      0.5098500      0.5087800      0.5077000      0.5066300      0.5055600      0.5044900      0.5034200      0.5023500      0.5012800      0.5002100      0.4991400    
  0.5321700      0.5311200      0.5300600      0.5290000      0.5279400      0.5268900      0.5258300      0.5247600      0.5237000      0.5226400      0.5215800      0.5205100      0.5194500      0.5183800      0.5173100      0.5162500      0.5151800      0.5141100      0.5130400      0.5119700      0.5109000      0.5098300      0.5087600      0.5076900      0.5066200      0.5055500      0.5044800      0.5034200      0.5023500      0.5012800    
  0.5321730      0.5311170      0.5303050      0.5310400      0.5299800      0.5289300      0.5278800      0.5268200      0.5257700      0.5247100      0.5236500      0.5225900      0.5215300      0.5204700      0.5194100      0.5183500      0.5172800      0.5162200      0.5151500      0.5140900      0.5130200      0.5119500      0.5108900      0.5098200      0.5087500      0.5076900      0.5066200      0.5055500      0.5044900      0.5034200    
  0.5321730      0.5311590      0.5310400      0.5317750      0.5320200      0.5309700      0.5299300      0.5288800      0.5278300      0.5267800      0.5257300      0.5246700      0.5236200      0.5225600      0.5215100      0.5204500      0.5193900      0.5183300      0.5172700      0.5162000      0.5151400      0.5140800      0.5130100      0.5119500      0.5108800      0.5098200      0.5087500      0.5076900      0.5066200      0.5055600    
  0.5319010      0.5310400      0.5324790      0.5330400      0.5340600      0.5330200      0.5319800      0.5309300      0.5298900      0.5288500      0.5278000      0.5267500      0.5257000      0.5246500      0.5236000      0.5225500      0.5214900      0.5204400      0.5193800      0.5183200      0.5172600      0.5162000      0.5151400      0.5140800      0.5130100      0.5119500      0.5108900      0.5098200      0.5087600      0.5076900    
  0.5310400      0.5327820      0.5335500      0.5340600      0.5340470      0.5350600      0.5340300      0.5329900      0.5319500      0.5309100      0.5298700      0.5288300      0.5277900      0.5267400      0.5256900      0.5246400      0.5235900      0.5225400      0.5214900      0.5204300      0.5193800      0.5183200      0.5172600      0.5162000      0.5151400      0.5140800      0.5130200      0.5119500      0.5108900      0.5098300    
  0.5329220      0.5338050      0.5340600      0.5343890      0.5350600      0.5350530      0.5360700      0.5350400      0.5340100      0.5329800      0.5319400      0.5309100      0.5298700      0.5288300      0.5277800      0.5267400      0.5256900      0.5246500      0.5236000      0.5225500      0.5214900      0.5204400      0.5193800      0.5183200      0.5172600      0.5162000      0.5151400      0.5140800      0.5130200      0.5119600    
  0.5339330      0.5340600      0.5345030      0.5350600      0.5353940      0.5360700      0.5355550      0.5350400      0.5342680      0.5350400      0.5340100      0.5329800      0.5319500      0.5309100      0.5298700      0.5288300      0.5277900      0.5267500      0.5257000      0.5246600      0.5236100      0.5225500      0.5215000      0.5204400      0.5193900      0.5183300      0.5172700      0.5162100      0.5151500      0.5140800    
  0.5340600      0.5345410      0.5350600      0.5355080      0.5360700      0.5358120      0.5355550      0.5349760      0.5350400      0.5345250      0.5348400      0.5350500      0.5340200      0.5329900      0.5319600      0.5309300      0.5298900      0.5288500      0.5278100      0.5267600      0.5257200      0.5246700      0.5236200      0.5225600      0.5215100      0.5204500      0.5193900      0.5183300      0.5172700      0.5162100    
  0.5345540      0.5350600      0.5355460      0.5360700      0.5359410      0.5358120      0.5353460      0.5350400      0.5347830      0.5355220      0.5360850      0.5371200      0.5361000      0.5350700      0.5340500      0.5330200      0.5319800      0.5309500      0.5299100      0.5288700      0.5278200      0.5267800      0.5257300      0.5246800      0.5236200      0.5225700      0.5215100      0.5204500      0.5193900      0.5183300    
  0.5350600      0.5355590      0.5360700      0.5360060      0.5359410      0.5355350      0.5350400      0.5349110      0.5358130      0.5366020      0.5371200      0.5366100      0.5363600      0.5371500      0.5361300      0.5351000      0.5340700      0.5330400      0.5320100      0.5309700      0.5299300      0.5288900      0.5278400      0.5267900      0.5257400      0.5246800      0.5236300      0.5225700      0.5215100      0.5204500    
  0.5355630      0.5360700      0.5360380      0.5360060      0.5356300      0.5350400      0.5349760      0.5359490      0.5368610      0.5371200      0.5368650      0.5368100      0.5371500      0.5366400      0.5361270      0.5351000      0.5340700      0.5330400      0.5328520      0.5330700      0.5320300      0.5309900      0.5299500      0.5289000      0.5278500      0.5268000      0.5257400      0.5246800      0.5236300      0.5225600    
  0.5360700      0.5360540      0.5360380      0.5356790      0.5350400      0.5350080      0.5360150      0.5369910      0.5371200      0.5369920      0.5369860      0.5371500      0.5368950      0.5366390      0.5359560      0.5350990      0.5340700      0.5338500      0.5341200      0.5351700      0.5341300      0.5330900      0.5320500      0.5310100      0.5299600      0.5289100      0.5278500      0.5268000      0.5257400      0.5246800    
  0.5360620      0.5360540      0.5357030      0.5350400      0.5350240      0.5360480      0.5370550      0.5371200      0.5370560      0.5370620      0.5371500      0.5370230      0.5368950      0.5364970      0.5358980      0.5350420      0.5345670      0.5346450      0.5351700      0.5351770      0.5362300      0.5351900      0.5341500      0.5331100      0.5320600      0.5310100      0.5299600      0.5289000      0.5278400      0.5267800    
  0.5360620      0.5357150      0.5350400      0.5350320      0.5360640      0.5370880      0.5371200      0.5370880      0.5370970      0.5371500      0.5370860      0.5370220      0.5368050      0.5364300      0.5358120      0.5363660      0.5349080      0.5351700      0.5375290      0.5383200      0.5377000      0.5372900      0.5362500      0.5352100      0.5341600      0.5331100      0.5320600      0.5310100      0.5299500      0.5288800    
  0.5357210      0.5350400      0.5350360      0.5360720      0.5371040      0.5371200      0.5371040      0.5371140      0.5371500      0.5371180      0.5370860      0.5369710      0.5367520      0.5404620      0.5417940      0.5414140      0.5414150      0.5410700      0.5407530      0.5414500      0.5404100      0.5393800      0.5383400      0.5373000      0.5362600      0.5352100      0.5341600      0.5331000      0.5320400      0.5309800    
  0.5350400      0.5350380      0.5360760      0.5371120      0.5371200      0.5371120      0.5371220      0.5371500      0.5371340      0.5371180      0.5370580      0.5369370      0.5439950      0.5528640      0.5528000      0.5479430      0.5479190      0.5476600      0.5442360      0.5424900      0.5424900      0.5414600      0.5404300      0.5393900      0.5383500      0.5373000      0.5362500      0.5352000      0.5341400      0.5330800    
  0.5350390      0.5360780      0.5371160      0.5371200      0.5371160      0.5371260      0.5371500      0.5371420      0.5371340      0.5371040      0.5461910      0.5599200      0.5552690      0.5529280      0.5529280      0.5528000      0.5496370      0.5481770      0.5476600      0.5453430      0.5445700      0.5435500      0.5425200      0.5414800      0.5404400      0.5393900      0.5383400      0.5372900      0.5362300      0.5351700    
  0.5360790      0.5371180      0.5371200      0.5371180      0.5371280      0.5371500      0.5371460      0.5371420      0.5371270      0.5480540      0.5599200      0.5599200      0.5599200      0.5553630      0.5530560      0.5530560      0.5528000      0.5499130      0.5486950      0.5476600      0.5466500      0.5456200      0.5445900      0.5435600      0.5425200      0.5414800      0.5404300      0.5393700      0.5383100      0.5372500    
  0.5371190      0.5371200      0.5371190      0.5371290      0.5371500      0.5371480      0.5371460      0.5455910      0.5528020      0.5599260      0.5599200      0.5599200      0.5599200      0.5599200      0.5555480      0.5533130      0.5533130      0.5528000      0.5504950      0.5497300      0.5487200      0.5477000      0.5466700      0.5456400      0.5446000      0.5435500      0.5425000      0.5414500      0.5403900      0.5393300    
  0.5371200      0.5371200      0.5371300      0.5371500      0.5371490      0.5518420      0.5738800      0.5724150      0.5709500      0.5636120      0.5599370      0.5599200      0.5599200      0.5599200      0.5599200      0.5559050      0.5538250      0.5538250      0.5528000      0.5517900      0.5507800      0.5497600      0.5487400      0.5477100      0.5466700      0.5456300      0.5445800      0.5435200      0.5424600      0.5414000    
  0.5371200      0.5371300      0.5371500      0.5371500      0.5547830      0.5738840      0.5738840      0.5738800      0.5724150      0.5709500      0.5636400      0.5599700      0.5599200      0.5599200      0.5599200      0.5599200      0.5565620      0.5548500      0.5548500      0.5538500      0.5528400      0.5518200      0.5508000      0.5497700      0.5487400      0.5476900      0.5466400      0.5455900      0.5445300      0.5434600    
