iMOD/TUTORIALS/TUT_MetaswapAnalyser/model_MetaSWAP/meteo/Evaporation/Evaporation_20060518_L1.ASC
NCOLS                30
NROWS                30
XLLCORNER     160000.00
YLLCORNER     340000.00
CELLSIZE        1000.00
NODATA_VALUE   -9999.00
   2.561560       2.562010       2.562420       2.562800       2.563140       2.563440       2.563710       2.563940       2.564130       2.564280       2.564390       2.564460       2.564490       2.564480       2.564430       2.564340       2.564200       2.564030       2.563800       2.563540       2.563230       2.562870       2.562470       2.562010       2.561520       2.560970       2.560370       2.559730       2.559040       2.558290    
   2.562940       2.563390       2.563810       2.564190       2.564540       2.564860       2.565130       2.565360       2.565560       2.565720       2.565840       2.565910       2.565950       2.565940       2.565890       2.565800       2.565670       2.565480       2.565260       2.564990       2.564670       2.564300       2.563890       2.563430       2.562920       2.562360       2.561750       2.561090       2.560380       2.559610    
   2.564330       2.564790       2.565210       2.565600       2.565960       2.566280       2.566560       2.566800       2.567010       2.567170       2.567290       2.567380       2.567420       2.567410       2.567360       2.567270       2.567140       2.566950       2.566720       2.566450       2.566120       2.565750       2.565320       2.564850       2.564330       2.563750       2.563130       2.562450       2.561720       2.560940    
   2.565740       2.566200       2.566630       2.567030       2.567390       2.567720       2.568010       2.568260       2.568470       2.568640       2.568760       2.568850       2.568890       2.568890       2.568840       2.568750       2.568610       2.568430       2.568200       2.567910       2.567580       2.567200       2.566770       2.566280       2.565750       2.565160       2.564520       2.563820       2.563080       2.562280    
   2.567170       2.567640       2.568070       2.568470       2.568840       2.569170       2.569460       2.569720       2.569930       2.570110       2.570240       2.570330       2.570380       2.570380       2.570330       2.570240       2.570100       2.569910       2.569670       2.569390       2.569050       2.568660       2.568210       2.567720       2.567170       2.566570       2.565910       2.565200       2.564440       2.563620    
   2.568620       2.569080       2.569520       2.569920       2.570290       2.570630       2.570930       2.571190       2.571410       2.571590       2.571730       2.571820       2.571870       2.571870       2.571830       2.571740       2.571590       2.571400       2.571160       2.570870       2.570520       2.570120       2.569670       2.569160       2.568600       2.567980       2.567310       2.566580       2.565800       2.564960    
   2.570080       2.570550       2.570980       2.571390       2.571770       2.572110       2.572410       2.572680       2.572900       2.573090       2.573230       2.573320       2.573370       2.573380       2.573330       2.573240       2.573090       2.572900       2.572650       2.572350       2.572000       2.571590       2.571130       2.570610       2.570030       2.569400       2.568720       2.567970       2.567170       2.566310    
   2.571560       2.572020       2.572460       2.572870       2.573250       2.573590       2.573900       2.574170       2.574400       2.574590       2.574730       2.574830       2.574880       2.574890       2.574840       2.574750       2.574600       2.574400       2.574150       2.573840       2.573480       2.573060       2.572590       2.572060       2.571470       2.570830       2.570120       2.569360       2.568540       2.567660    
   2.573050       2.573520       2.573950       2.574370       2.574750       2.575090       2.575400       2.575680       2.575910       2.576100       2.576240       2.576340       2.576400       2.576400       2.576360       2.576260       2.576110       2.575910       2.575650       2.575340       2.574970       2.574540       2.574060       2.573520       2.572910       2.572250       2.571530       2.570750       2.569910       2.569010    
   2.574560       2.575020       2.575460       2.575870       2.576250       2.576600       2.576910       2.577190       2.577420       2.577620       2.577760       2.577870       2.577920       2.577920       2.577880       2.577780       2.577630       2.577420       2.577160       2.576840       2.576460       2.576020       2.575530       2.574970       2.574360       2.573680       2.572940       2.572150       2.571290       2.570370    
   2.574550       2.575010       2.575930       2.577380       2.577770       2.578120       2.578430       2.578710       2.578950       2.579140       2.579290       2.579390       2.579450       2.579450       2.579400       2.579300       2.579150       2.578940       2.578670       2.578340       2.577950       2.577510       2.577000       2.576430       2.575800       2.575110       2.574360       2.573540       2.572660       2.571720    
   2.574540       2.575720       2.577380       2.578810       2.579290       2.579640       2.579960       2.580240       2.580480       2.580670       2.580820       2.580930       2.580980       2.580980       2.580930       2.580830       2.580670       2.580460       2.580180       2.579850       2.579450       2.578990       2.578470       2.577890       2.577250       2.576540       2.575770       2.574930       2.574030       2.573070    
   2.575430       2.577380       2.579270       2.580050       2.580820       2.581170       2.581490       2.581770       2.582010       2.582210       2.582360       2.582460       2.582520       2.582520       2.582470       2.582360       2.582200       2.581980       2.581690       2.581350       2.580950       2.580480       2.579950       2.579350       2.578690       2.577970       2.577180       2.576320       2.575400       2.574420    
   2.577380       2.579480       2.580440       2.580820       2.581570       2.582710       2.583030       2.583310       2.583550       2.583750       2.583900       2.584000       2.584060       2.584060       2.584000       2.583890       2.583720       2.583500       2.583210       2.582860       2.582440       2.581960       2.581420       2.580810       2.580140       2.579390       2.578590       2.577710       2.576770       2.575760    
   2.579580       2.580630       2.580820       2.581700       2.582710       2.583440       2.584570       2.584850       2.585090       2.585290       2.585440       2.585540       2.585590       2.585590       2.585540       2.585420       2.585250       2.585020       2.584720       2.584360       2.583940       2.583450       2.582890       2.582270       2.581580       2.580820       2.579990       2.579090       2.578130       2.577100    
   2.580720       2.580820       2.581740       2.582710       2.583570       2.584570       2.584710       2.584840       2.585520       2.586830       2.586980       2.587080       2.587130       2.587130       2.587070       2.586960       2.586780       2.586540       2.586240       2.585870       2.585430       2.584930       2.584360       2.583720       2.583010       2.582240       2.581390       2.580470       2.579490       2.578430    
   2.580820       2.581760       2.582710       2.583620       2.584570       2.584640       2.584710       2.585470       2.586830       2.586910       2.587930       2.588620       2.588670       2.588670       2.588610       2.588480       2.588300       2.588060       2.587740       2.587370       2.586920       2.586410       2.585820       2.585170       2.584440       2.583650       2.582780       2.581840       2.580830       2.579760    
   2.581760       2.582710       2.583630       2.584570       2.584600       2.584640       2.585410       2.586830       2.586870       2.588240       2.589390       2.590160       2.590210       2.590200       2.590140       2.590010       2.589820       2.589570       2.589250       2.588860       2.588410       2.587880       2.587280       2.586610       2.585870       2.585060       2.584170       2.583210       2.582170       2.581070    
   2.582710       2.583640       2.584570       2.584590       2.584600       2.585370       2.586830       2.586850       2.588380       2.589770       2.590160       2.590180       2.590570       2.591730       2.591660       2.591530       2.591340       2.591080       2.590750       2.590350       2.589890       2.589350       2.588730       2.588050       2.587290       2.586450       2.585540       2.584560       2.583500       2.582380    
   2.583640       2.584570       2.584580       2.584590       2.585350       2.586830       2.586840       2.588440       2.589970       2.590160       2.590170       2.590660       2.591730       2.591700       2.591640       2.591510       2.591320       2.591060       2.591470       2.591840       2.591360       2.590800       2.590180       2.589470       2.588700       2.587840       2.586910       2.585900       2.584820       2.583670    
   2.584570       2.584570       2.584580       2.585340       2.586830       2.586830       2.588470       2.590060       2.590160       2.590170       2.590680       2.591730       2.591710       2.591690       2.591610       2.591490       2.591290       2.591940       2.592580       2.593310       2.592820       2.592250       2.591610       2.590890       2.590090       2.589220       2.588270       2.587240       2.586130       2.584950    
   2.584570       2.584570       2.585330       2.586830       2.586830       2.588480       2.590110       2.590160       2.590160       2.590680       2.591730       2.591720       2.591710       2.591670       2.591600       2.591470       2.592200       2.592940       2.593310       2.593470       2.594270       2.593690       2.593030       2.592300       2.591480       2.590580       2.589610       2.588550       2.587420       2.586210    
   2.584570       2.585330       2.586830       2.586830       2.588490       2.590140       2.590160       2.590160       2.590680       2.591730       2.591730       2.591720       2.591700       2.591660       2.591580       2.593200       2.593130       2.593310       2.595080       2.595710       2.595350       2.595120       2.594440       2.593690       2.592850       2.591930       2.590930       2.589850       2.588690       2.587460    
   2.585320       2.586830       2.586830       2.588490       2.590150       2.590160       2.590160       2.590680       2.591730       2.591730       2.591730       2.591720       2.591690       2.595000       2.596840       2.597590       2.597600       2.597460       2.597360       2.597840       2.597140       2.596530       2.595840       2.595060       2.594210       2.593260       2.592240       2.591140       2.589950       2.588680    
   2.586830       2.586830       2.588490       2.590150       2.590160       2.590160       2.590680       2.591730       2.591730       2.591730       2.591720       2.591710       2.597740       2.605120       2.605080       2.601960       2.602050       2.601880       2.599670       2.598540       2.598540       2.597920       2.597210       2.596420       2.595540       2.594580       2.593530       2.592400       2.591190       2.589890    
   2.586830       2.588490       2.590160       2.590160       2.590160       2.590680       2.591730       2.591730       2.591730       2.591730       2.598790       2.609400       2.606580       2.605160       2.605160       2.605080       2.603120       2.602220       2.601880       2.600420       2.599940       2.599300       2.598570       2.597760       2.596860       2.595880       2.594800       2.593640       2.592400       2.591070    
   2.588490       2.590160       2.590160       2.590160       2.590680       2.591730       2.591730       2.591730       2.591730       2.600210       2.609400       2.609400       2.609400       2.606640       2.605240       2.605250       2.605080       2.603300       2.602560       2.601880       2.601310       2.600650       2.599910       2.599080       2.598160       2.597150       2.596050       2.594860       2.593590       2.592230    
   2.590160       2.590160       2.590160       2.590680       2.591730       2.591730       2.591730       2.597670       2.603340       2.609400       2.609400       2.609400       2.609400       2.609400       2.606760       2.605410       2.605410       2.605080       2.603690       2.603240       2.602660       2.601990       2.601230       2.600380       2.599430       2.598400       2.597270       2.596050       2.594750       2.593360    
   2.590160       2.590160       2.590680       2.591730       2.591730       2.601750       2.616770       2.616140       2.615500       2.611440       2.609410       2.609400       2.609400       2.609400       2.609400       2.606990       2.605740       2.605740       2.605080       2.604580       2.603980       2.603300       2.602520       2.601650       2.600680       2.599620       2.598460       2.597220       2.595880       2.594460    
   2.590160       2.590680       2.591730       2.591730       2.603750       2.616770       2.616770       2.616770       2.616140       2.615500       2.611460       2.609430       2.609400       2.609400       2.609400       2.609400       2.607410       2.606390       2.606400       2.605890       2.605280       2.604580       2.603780       2.602890       2.601900       2.600810       2.599630       2.598350       2.596990       2.595530    
