iMOD/TUTORIALS/TUT_MetaswapAnalyser/model_MetaSWAP/meteo/Evaporation/Evaporation_20060824_L1.ASC
NCOLS                30
NROWS                30
XLLCORNER     160000.00
YLLCORNER     340000.00
CELLSIZE        1000.00
NODATA_VALUE   -9999.00
   1.734950       1.738160       1.741480       1.744900       1.748410       1.751990       1.755640       1.759350       1.763110       1.766900       1.770720       1.774560       1.778410       1.782260       1.786110       1.789940       1.793760       1.797550       1.801310       1.805040       1.808720       1.812360       1.815950       1.819480       1.822970       1.826390       1.829750       1.833050       1.836280       1.839450    
   1.740270       1.743400       1.746650       1.749980       1.753410       1.756910       1.760480       1.764110       1.767780       1.771490       1.775230       1.779000       1.782770       1.786550       1.790330       1.794090       1.797840       1.801570       1.805270       1.808930       1.812560       1.816140       1.819680       1.823170       1.826610       1.829980       1.833300       1.836560       1.839760       1.842890    
   1.745670       1.748730       1.751890       1.755150       1.758500       1.761920       1.765410       1.768950       1.772540       1.776180       1.779840       1.783530       1.787230       1.790930       1.794640       1.798340       1.802020       1.805680       1.809320       1.812920       1.816490       1.820020       1.823510       1.826950       1.830330       1.833670       1.836940       1.840160       1.843310       1.846400    
   1.751140       1.754130       1.757220       1.760400       1.763670       1.767010       1.770420       1.773880       1.777400       1.780950       1.784540       1.788150       1.791770       1.795410       1.799040       1.802670       1.806290       1.809890       1.813460       1.817010       1.820520       1.823990       1.827420       1.830810       1.834150       1.837430       1.840660       1.843840       1.846950       1.850000    
   1.756690       1.759600       1.762620       1.765730       1.768920       1.772180       1.775510       1.778900       1.782340       1.785820       1.789330       1.792860       1.796410       1.799970       1.803540       1.807100       1.810650       1.814180       1.817690       1.821180       1.824630       1.828050       1.831420       1.834760       1.838040       1.841280       1.844470       1.847590       1.850670       1.853680    
   1.762300       1.765150       1.768090       1.771130       1.774240       1.777430       1.780690       1.784000       1.787360       1.790760       1.794200       1.797660       1.801130       1.804620       1.808120       1.811610       1.815090       1.818560       1.822010       1.825430       1.828830       1.832190       1.835510       1.838790       1.842030       1.845210       1.848350       1.851430       1.854460       1.857430    
   1.767980       1.770760       1.773640       1.776600       1.779640       1.782760       1.785940       1.789170       1.792460       1.795780       1.799150       1.802530       1.805940       1.809360       1.812780       1.816200       1.819620       1.823020       1.826410       1.829770       1.833110       1.836410       1.839680       1.842900       1.846090       1.849220       1.852310       1.855350       1.858330       1.861260    
   1.773720       1.776440       1.779240       1.782140       1.785110       1.788150       1.791260       1.794420       1.797630       1.800880       1.804170       1.807490       1.810820       1.814170       1.817530       1.820880       1.824230       1.827570       1.830890       1.834190       1.837470       1.840710       1.843920       1.847090       1.850220       1.853310       1.856350       1.859340       1.862280       1.865160    
   1.779520       1.782170       1.784910       1.787730       1.790640       1.793610       1.796640       1.799740       1.802880       1.806060       1.809270       1.812520       1.815780       1.819060       1.822350       1.825630       1.828920       1.832190       1.835450       1.838690       1.841910       1.845090       1.848240       1.851360       1.854440       1.857470       1.860460       1.863400       1.866290       1.869130    
   1.785370       1.787960       1.790640       1.793390       1.796230       1.799130       1.802100       1.805120       1.808190       1.811300       1.814440       1.817620       1.820810       1.824020       1.827240       1.830460       1.833680       1.836890       1.840090       1.843260       1.846420       1.849550       1.852640       1.855700       1.858730       1.861710       1.864650       1.867540       1.870380       1.873170    
   1.785400       1.787990       1.792780       1.799110       1.801880       1.804710       1.807610       1.810560       1.813560       1.816600       1.819680       1.822790       1.825910       1.829050       1.832210       1.835360       1.838510       1.841660       1.844790       1.847910       1.851000       1.854070       1.857110       1.860120       1.863090       1.866020       1.868900       1.871740       1.874540       1.877280    
   1.785440       1.791320       1.799110       1.805480       1.807580       1.810350       1.813180       1.816070       1.819000       1.821970       1.824980       1.828020       1.831080       1.834150       1.837240       1.840330       1.843420       1.846500       1.849570       1.852630       1.855660       1.858670       1.861650       1.864600       1.867520       1.870390       1.873230       1.876020       1.878760       1.881460    
   1.789700       1.799110       1.807100       1.810460       1.813340       1.816040       1.818810       1.821630       1.824490       1.827400       1.830340       1.833310       1.836310       1.839320       1.842340       1.845360       1.848390       1.851410       1.854420       1.857410       1.860380       1.863340       1.866260       1.869150       1.872010       1.874830       1.877620       1.880360       1.883050       1.885700    
   1.799110       1.807860       1.811900       1.813340       1.817060       1.821790       1.824490       1.827240       1.830040       1.832890       1.835760       1.838670       1.841600       1.844540       1.847500       1.850460       1.853420       1.856380       1.859320       1.862260       1.865170       1.868060       1.870930       1.873770       1.876570       1.879340       1.882070       1.884760       1.887400       1.890000    
   1.808230       1.812620       1.813340       1.817400       1.821790       1.825500       1.830220       1.832910       1.835650       1.838420       1.841240       1.844080       1.846940       1.849820       1.852710       1.855610       1.858510       1.861410       1.864290       1.867170       1.870020       1.872860       1.875670       1.878450       1.881200       1.883910       1.886580       1.889220       1.891820       1.894370    
   1.812980       1.813340       1.817510       1.821790       1.825840       1.830220       1.831560       1.832930       1.837750       1.844010       1.846760       1.849540       1.852340       1.855160       1.857990       1.860830       1.863660       1.866500       1.869320       1.872140       1.874930       1.877710       1.880460       1.883180       1.885880       1.888540       1.891160       1.893740       1.896290       1.898790    
   1.813340       1.817550       1.821790       1.825950       1.830220       1.830890       1.831570       1.836560       1.844010       1.845390       1.851200       1.855050       1.857790       1.860550       1.863320       1.866090       1.868870       1.871640       1.874410       1.877160       1.879900       1.882620       1.885310       1.887980       1.890620       1.893220       1.895790       1.898320       1.900810       1.903260    
   1.817560       1.821790       1.825990       1.830220       1.830560       1.830890       1.835760       1.844010       1.844700       1.851810       1.857840       1.860620       1.863290       1.865990       1.868700       1.871410       1.874130       1.876840       1.879550       1.882240       1.884920       1.887580       1.890220       1.892830       1.895410       1.897960       1.900480       1.902960       1.905400       1.907790    
   1.821790       1.826000       1.830220       1.830390       1.830560       1.835300       1.844010       1.844350       1.852070       1.859230       1.860620       1.861950       1.865350       1.871480       1.874120       1.876780       1.879440       1.882090       1.884740       1.887380       1.890000       1.892600       1.895180       1.897740       1.900260       1.902760       1.905220       1.907640       1.910030       1.912380    
   1.826000       1.830220       1.830300       1.830390       1.835060       1.844010       1.844180       1.852200       1.859920       1.860620       1.861290       1.864850       1.871480       1.872800       1.874130       1.876780       1.879440       1.882090       1.888910       1.892560       1.895120       1.897670       1.900190       1.902690       1.905160       1.907600       1.910010       1.912380       1.914710       1.917010    
   1.830220       1.830260       1.830300       1.834940       1.844010       1.844100       1.852260       1.860270       1.860620       1.860950       1.864560       1.871480       1.872140       1.872800       1.874570       1.876780       1.879440       1.888680       1.895170       1.897790       1.900300       1.902780       1.905250       1.907700       1.910110       1.912500       1.914850       1.917160       1.919450       1.921690    
   1.830240       1.830260       1.834880       1.844010       1.844050       1.852290       1.860450       1.860620       1.860790       1.864400       1.871480       1.871810       1.872140       1.873170       1.874720       1.876930       1.887830       1.896480       1.897790       1.901200       1.905510       1.907950       1.910360       1.912740       1.915100       1.917430       1.919730       1.922000       1.924220       1.926410    
   1.830240       1.834850       1.844010       1.844030       1.852300       1.860530       1.860620       1.860700       1.864320       1.871480       1.871640       1.871810       1.872370       1.873340       1.874940       1.890100       1.897140       1.897790       1.907130       1.910790       1.912210       1.913150       1.915510       1.917840       1.920140       1.922420       1.924660       1.926870       1.929040       1.931180    
   1.834830       1.844010       1.844020       1.852310       1.860580       1.860620       1.860660       1.864280       1.871480       1.871560       1.871650       1.871940       1.872510       1.889890       1.903420       1.913910       1.913900       1.915270       1.916980       1.918740       1.916070       1.918390       1.920690       1.922970       1.925220       1.927440       1.929630       1.931790       1.933910       1.935990    
   1.844010       1.844020       1.852310       1.860600       1.860620       1.860640       1.864260       1.871480       1.871520       1.871560       1.871720       1.872030       1.902540       1.939080       1.938910       1.929300       1.930700       1.930010       1.924440       1.921420       1.921410       1.923680       1.925920       1.928140       1.930340       1.932500       1.934640       1.936740       1.938810       1.940840    
   1.844010       1.852310       1.860610       1.860620       1.860630       1.864250       1.871480       1.871500       1.871520       1.871600       1.904570       1.953780       1.944130       1.939260       1.939260       1.938910       1.933700       1.931380       1.930010       1.927600       1.926780       1.928990       1.931190       1.933350       1.935490       1.937600       1.939680       1.941730       1.943750       1.945720    
   1.852310       1.860610       1.860620       1.860630       1.864250       1.871480       1.871490       1.871500       1.871540       1.911050       1.953780       1.953780       1.953780       1.944390       1.939610       1.939610       1.938910       1.934510       1.932750       1.930010       1.932180       1.934340       1.936480       1.938600       1.940680       1.942740       1.944760       1.946760       1.948720       1.950640    
   1.860620       1.860620       1.860620       1.864240       1.871480       1.871490       1.871490       1.898780       1.925200       1.953800       1.953780       1.953780       1.953780       1.953780       1.944900       1.940310       1.940310       1.938910       1.936350       1.935490       1.937620       1.939730       1.941810       1.943870       1.945900       1.947900       1.949880       1.951810       1.953720       1.955590    
   1.860620       1.860620       1.864240       1.871480       1.871480       1.916730       1.984600       1.982590       1.980570       1.962750       1.953830       1.953780       1.953780       1.953780       1.953780       1.945890       1.941710       1.941700       1.938910       1.941010       1.943080       1.945140       1.947170       1.949170       1.951150       1.953100       1.955020       1.956900       1.958750       1.960570    
   1.860620       1.864240       1.871480       1.871480       1.925790       1.984610       1.984610       1.984600       1.982590       1.980570       1.962830       1.953920       1.953780       1.953780       1.953780       1.953780       1.947760       1.944510       1.944500       1.946540       1.948570       1.950570       1.952550       1.954500       1.956430       1.958320       1.960180       1.962010       1.963810       1.965570    
