iMOD/TUTORIALS/TUT_MetaswapAnalyser/model_MetaSWAP/meteo/Evaporation/Evaporation_20050709_L1.ASC
NCOLS                30
NROWS                30
XLLCORNER     160000.00
YLLCORNER     340000.00
CELLSIZE        1000.00
NODATA_VALUE   -9999.00
   4.114630       4.112480       4.110240       4.107920       4.105490       4.102970       4.100340       4.097620       4.094780       4.091840       4.088780       4.085610       4.082330       4.078920       4.075400       4.071760       4.068000       4.064110       4.060110       4.055970       4.051720       4.047330       4.042830       4.038200       4.033440       4.028570       4.023560       4.018440       4.013200       4.007830    
   4.119880       4.117700       4.115430       4.113070       4.110610       4.108060       4.105400       4.102650       4.099790       4.096820       4.093740       4.090550       4.087250       4.083830       4.080290       4.076640       4.072860       4.068970       4.064950       4.060810       4.056550       4.052170       4.047670       4.043040       4.038290       4.033420       4.028430       4.023320       4.018090       4.012740    
   4.125100       4.122890       4.120590       4.118200       4.115710       4.113130       4.110450       4.107670       4.104780       4.101790       4.098690       4.095480       4.092160       4.088720       4.085170       4.081500       4.077720       4.073810       4.069790       4.065650       4.061380       4.057000       4.052500       4.047870       4.043130       4.038270       4.033280       4.028180       4.022960       4.017630    
   4.130310       4.128070       4.125740       4.123320       4.120800       4.118190       4.115480       4.112680       4.109760       4.106750       4.103630       4.100390       4.097050       4.093600       4.090040       4.086350       4.082560       4.078650       4.074620       4.070470       4.066200       4.061820       4.057320       4.052700       4.047960       4.043100       4.038130       4.033040       4.027830       4.022510    
   4.135500       4.133230       4.130870       4.128420       4.125870       4.123240       4.120500       4.117670       4.114730       4.111690       4.108550       4.105300       4.101940       4.098470       4.094890       4.091200       4.087390       4.083470       4.079430       4.075280       4.071010       4.066630       4.062130       4.057510       4.052780       4.047920       4.042960       4.037880       4.032680       4.027380    
   4.140670       4.138370       4.135980       4.133500       4.130930       4.128260       4.125500       4.122650       4.119690       4.116630       4.113460       4.110190       4.106820       4.103330       4.099740       4.096030       4.092220       4.088290       4.084240       4.080090       4.075820       4.071430       4.066930       4.062310       4.057580       4.052740       4.047780       4.042710       4.037530       4.032230    
   4.145820       4.143490       4.141070       4.138570       4.135970       4.133280       4.130490       4.127610       4.124630       4.121550       4.118370       4.115080       4.111680       4.108180       4.104580       4.100860       4.097030       4.093090       4.089040       4.084880       4.080610       4.076220       4.071720       4.067110       4.062380       4.057550       4.052600       4.047540       4.042360       4.037080    
   4.150950       4.148590       4.146150       4.143620       4.141000       4.138280       4.135470       4.132570       4.129560       4.126460       4.123260       4.119950       4.116540       4.113030       4.109400       4.105680       4.101840       4.097890       4.093840       4.089670       4.085390       4.081000       4.076510       4.071900       4.067180       4.062340       4.057400       4.052350       4.047190       4.041920    
   4.156060       4.153680       4.151210       4.148650       4.146010       4.143270       4.140430       4.137510       4.134480       4.131360       4.128140       4.124810       4.121390       4.117860       4.114220       4.110480       4.106640       4.102680       4.098620       4.094450       4.090170       4.085780       4.081280       4.076670       4.071960       4.067130       4.062200       4.057160       4.052010       4.046750    
   4.161160       4.158750       4.156260       4.153680       4.151000       4.148240       4.145380       4.142440       4.139390       4.136250       4.133010       4.129670       4.126220       4.122680       4.119030       4.115280       4.111430       4.107460       4.103400       4.099220       4.094940       4.090550       4.086050       4.081450       4.076730       4.071910       4.066990       4.061950       4.056810       4.051570    
   4.161130       4.158720       4.156840       4.158680       4.155990       4.153200       4.150320       4.147350       4.144290       4.141130       4.137870       4.134510       4.131050       4.127500       4.123840       4.120070       4.116210       4.112240       4.108160       4.103980       4.099700       4.095310       4.090810       4.086210       4.081500       4.076690       4.071770       4.066740       4.061610       4.056380    
   4.161110       4.158840       4.158680       4.160390       4.160960       4.158150       4.155250       4.152260       4.149170       4.145990       4.142720       4.139340       4.135870       4.132300       4.128630       4.124860       4.120980       4.117010       4.112930       4.108740       4.104450       4.100060       4.095570       4.090970       4.086260       4.081450       4.076540       4.071520       4.066400       4.061180    
   4.160520       4.158680       4.162100       4.163430       4.165910       4.163080       4.160160       4.157150       4.154050       4.150850       4.147560       4.144170       4.140680       4.137100       4.133420       4.129630       4.125750       4.121760       4.117680       4.113490       4.109200       4.104810       4.100310       4.095710       4.091010       4.086210       4.081300       4.076300       4.071190       4.065980    
   4.158680       4.162840       4.164670       4.165910       4.165660       4.168000       4.165060       4.162030       4.158910       4.155700       4.152390       4.148980       4.145480       4.141890       4.138190       4.134400       4.130510       4.126520       4.122430       4.118230       4.113940       4.109550       4.105050       4.100460       4.095760       4.090960       4.086060       4.081060       4.075970       4.070770    
   4.163180       4.165290       4.165910       4.166520       4.168000       4.167670       4.169960       4.166910       4.163770       4.160530       4.157210       4.153790       4.150280       4.146670       4.142960       4.139160       4.135260       4.131260       4.127170       4.122970       4.118680       4.114280       4.109790       4.105190       4.100500       4.095710       4.090820       4.085820       4.080740       4.075550    
   4.165600       4.165910       4.166810       4.168000       4.168540       4.169960       4.168440       4.166880       4.164140       4.165360       4.162020       4.158590       4.155060       4.151440       4.147730       4.143910       4.140010       4.136000       4.131900       4.127700       4.123400       4.119010       4.114520       4.109920       4.105230       4.100450       4.095560       4.090580       4.085500       4.080320    
   4.165910       4.166910       4.168000       4.168840       4.169960       4.169200       4.168430       4.166200       4.165360       4.163690       4.163500       4.163380       4.159840       4.156210       4.152480       4.148660       4.144750       4.140730       4.136630       4.132430       4.128130       4.123730       4.119240       4.114650       4.109960       4.105180       4.100300       4.095330       4.090260       4.085090    
   4.166940       4.168000       4.168930       4.169960       4.169580       4.169190       4.167300       4.165360       4.164530       4.165300       4.165770       4.168160       4.164610       4.160970       4.157230       4.153400       4.149480       4.145460       4.141350       4.137140       4.132840       4.128450       4.123950       4.119370       4.114680       4.109910       4.105030       4.100070       4.095010       4.089850    
   4.168000       4.168960       4.169960       4.169770       4.169580       4.167860       4.165360       4.164940       4.166060       4.166970       4.168160       4.166380       4.164870       4.165720       4.161970       4.158130       4.154200       4.150180       4.146070       4.141860       4.137550       4.133160       4.128660       4.124080       4.119400       4.114630       4.109760       4.104800       4.099750       4.094610    
   4.168970       4.169960       4.169860       4.169770       4.168140       4.165360       4.165150       4.166420       4.167560       4.168160       4.167270       4.166280       4.165720       4.163850       4.161940       4.158100       4.154170       4.150150       4.147190       4.146560       4.142260       4.137860       4.133370       4.128790       4.124110       4.119350       4.114490       4.109540       4.104490       4.099360    
   4.169960       4.169910       4.169860       4.168280       4.165360       4.165260       4.166590       4.167860       4.168160       4.167720       4.166860       4.165720       4.164780       4.163840       4.161290       4.158070       4.154140       4.150340       4.148920       4.151270       4.146960       4.142560       4.138070       4.133490       4.128820       4.124060       4.119210       4.114260       4.109230       4.104100    
   4.169940       4.169910       4.168350       4.165360       4.165310       4.166680       4.168010       4.168160       4.167940       4.167110       4.165720       4.165250       4.164780       4.163300       4.161070       4.157840       4.152780       4.150090       4.151270       4.149960       4.151650       4.147260       4.142770       4.138190       4.133520       4.128770       4.123920       4.118980       4.113960       4.108840    
   4.169940       4.168390       4.165360       4.165330       4.166720       4.168090       4.168160       4.168050       4.167230       4.165720       4.165490       4.165250       4.164440       4.163050       4.160740       4.157540       4.150680       4.151270       4.155240       4.156340       4.153700       4.151950       4.147460       4.142890       4.138220       4.133470       4.128630       4.123700       4.118680       4.113580    
   4.168410       4.165360       4.165350       4.166740       4.168120       4.168160       4.168100       4.167290       4.165720       4.165600       4.165490       4.165060       4.164250       4.170300       4.170050       4.165330       4.165330       4.163600       4.161810       4.163370       4.161030       4.156630       4.152150       4.147580       4.142920       4.138170       4.133330       4.128410       4.123400       4.118310    
   4.165360       4.165350       4.166750       4.168140       4.168160       4.168130       4.167320       4.165720       4.165660       4.165600       4.165380       4.164930       4.177200       4.193120       4.192970       4.180690       4.179970       4.179390       4.170280       4.165720       4.165720       4.161320       4.156830       4.152260       4.147610       4.142860       4.138040       4.133120       4.128120       4.123040    
   4.165360       4.166750       4.168150       4.168160       4.168150       4.167330       4.165720       4.165690       4.165660       4.165550       4.183640       4.211130       4.199240       4.193260       4.193260       4.192970       4.184500       4.180560       4.179390       4.172650       4.170400       4.166000       4.161510       4.156950       4.152290       4.147560       4.142730       4.137830       4.132840       4.127760    
   4.166760       4.168160       4.168160       4.168150       4.167340       4.165720       4.165710       4.165690       4.165630       4.187420       4.211130       4.211130       4.211130       4.199460       4.193550       4.193550       4.192970       4.185090       4.181730       4.179390       4.175070       4.170670       4.166190       4.161630       4.156980       4.152240       4.147430       4.142530       4.137550       4.132480    
   4.168160       4.168160       4.168160       4.167340       4.165720       4.165710       4.165710       4.183900       4.198130       4.211140       4.211130       4.211130       4.211130       4.211130       4.199870       4.194140       4.194140       4.192970       4.186290       4.184060       4.179740       4.175350       4.170870       4.166300       4.161660       4.156930       4.152120       4.147230       4.142250       4.137200    
   4.168160       4.168160       4.167350       4.165720       4.165720       4.198330       4.247260       4.242910       4.238560       4.220310       4.211170       4.211130       4.211130       4.211130       4.211130       4.200680       4.195300       4.195300       4.192970       4.188730       4.184410       4.180020       4.175540       4.170980       4.166340       4.161610       4.156810       4.151930       4.146960       4.141910    
   4.168160       4.167350       4.165720       4.165720       4.204860       4.247270       4.247270       4.247260       4.242910       4.238560       4.220380       4.211250       4.211130       4.211130       4.211130       4.211130       4.202150       4.197640       4.197640       4.193400       4.189080       4.184680       4.180210       4.175650       4.171010       4.166290       4.161500       4.156620       4.151660       4.146630    
