iMOD/TUTORIALS/TUT_MetaswapAnalyser/model_MetaSWAP/meteo/Evaporation/Evaporation_20050422_L1.ASC
NCOLS                30
NROWS                30
XLLCORNER     160000.00
YLLCORNER     340000.00
CELLSIZE        1000.00
NODATA_VALUE   -9999.00
   3.326370       3.326560       3.326770       3.326980       3.327210       3.327440       3.327690       3.327940       3.328210       3.328480       3.328770       3.329070       3.329380       3.329700       3.330030       3.330370       3.330730       3.331100       3.331480       3.331870       3.332270       3.332690       3.333120       3.333560       3.334010       3.334480       3.334950       3.335440       3.335940       3.336450    
   3.328100       3.328300       3.328500       3.328710       3.328930       3.329160       3.329400       3.329660       3.329920       3.330190       3.330470       3.330770       3.331070       3.331390       3.331720       3.332060       3.332410       3.332770       3.333150       3.333540       3.333940       3.334350       3.334780       3.335210       3.335660       3.336120       3.336590       3.337070       3.337570       3.338070    
   3.329850       3.330040       3.330240       3.330440       3.330660       3.330890       3.331130       3.331370       3.331630       3.331900       3.332180       3.332470       3.332770       3.333090       3.333410       3.333750       3.334100       3.334460       3.334830       3.335210       3.335610       3.336020       3.336440       3.336870       3.337310       3.337770       3.338230       3.338710       3.339200       3.339700    
   3.331600       3.331780       3.331980       3.332180       3.332390       3.332620       3.332850       3.333090       3.333350       3.333610       3.333890       3.334180       3.334480       3.334790       3.335110       3.335440       3.335780       3.336140       3.336510       3.336890       3.337280       3.337680       3.338100       3.338530       3.338970       3.339420       3.339880       3.340350       3.340830       3.341330    
   3.333360       3.333540       3.333720       3.333920       3.334130       3.334350       3.334580       3.334820       3.335070       3.335330       3.335610       3.335890       3.336180       3.336490       3.336810       3.337140       3.337480       3.337830       3.338190       3.338570       3.338960       3.339360       3.339770       3.340190       3.340620       3.341070       3.341530       3.341990       3.342470       3.342960    
   3.335120       3.335290       3.335480       3.335670       3.335880       3.336090       3.336320       3.336550       3.336800       3.337060       3.337330       3.337610       3.337900       3.338200       3.338510       3.338840       3.339180       3.339520       3.339880       3.340250       3.340640       3.341030       3.341440       3.341860       3.342290       3.342730       3.343180       3.343640       3.344110       3.344600    
   3.336890       3.337060       3.337240       3.337430       3.337630       3.337840       3.338060       3.338290       3.338530       3.338790       3.339050       3.339330       3.339610       3.339910       3.340220       3.340540       3.340880       3.341220       3.341580       3.341940       3.342320       3.342710       3.343110       3.343530       3.343950       3.344390       3.344830       3.345290       3.345760       3.346240    
   3.338660       3.338830       3.339000       3.339190       3.339380       3.339590       3.339800       3.340030       3.340270       3.340520       3.340780       3.341050       3.341340       3.341630       3.341940       3.342250       3.342580       3.342920       3.343270       3.343640       3.344010       3.344400       3.344790       3.345200       3.345620       3.346050       3.346490       3.346950       3.347410       3.347880    
   3.340440       3.340600       3.340770       3.340950       3.341140       3.341340       3.341550       3.341780       3.342010       3.342260       3.342510       3.342780       3.343060       3.343350       3.343650       3.343960       3.344290       3.344620       3.344970       3.345330       3.345700       3.346080       3.346470       3.346880       3.347290       3.347720       3.348160       3.348600       3.349060       3.349530    
   3.342230       3.342380       3.342550       3.342720       3.342910       3.343100       3.343310       3.343530       3.343760       3.344000       3.344250       3.344520       3.344790       3.345080       3.345370       3.345680       3.346000       3.346330       3.346680       3.347030       3.347400       3.347770       3.348160       3.348560       3.348970       3.349390       3.349820       3.350270       3.350720       3.351180    
   3.342230       3.342390       3.343040       3.344500       3.344680       3.344870       3.345070       3.345290       3.345510       3.345750       3.346000       3.346250       3.346520       3.346810       3.347100       3.347400       3.347720       3.348050       3.348380       3.348730       3.349090       3.349470       3.349850       3.350240       3.350650       3.351070       3.351490       3.351930       3.352380       3.352840    
   3.342240       3.343040       3.344500       3.345960       3.346450       3.346640       3.346840       3.347050       3.347270       3.347500       3.347740       3.348000       3.348260       3.348540       3.348830       3.349130       3.349440       3.349760       3.350100       3.350440       3.350800       3.351160       3.351540       3.351930       3.352330       3.352740       3.353170       3.353600       3.354040       3.354500    
   3.342970       3.344500       3.346510       3.347340       3.348230       3.348410       3.348610       3.348810       3.349030       3.349260       3.349490       3.349740       3.350010       3.350280       3.350560       3.350860       3.351160       3.351480       3.351810       3.352150       3.352500       3.352870       3.353240       3.353620       3.354020       3.354430       3.354840       3.355270       3.355710       3.356160    
   3.344500       3.346760       3.347780       3.348230       3.348950       3.350200       3.350380       3.350580       3.350790       3.351020       3.351250       3.351500       3.351750       3.352020       3.352300       3.352590       3.352890       3.353210       3.353530       3.353870       3.354210       3.354570       3.354940       3.355320       3.355710       3.356110       3.356530       3.356950       3.357380       3.357830    
   3.346870       3.348010       3.348230       3.349130       3.350200       3.350910       3.352160       3.352360       3.352560       3.352780       3.353010       3.353250       3.353500       3.353770       3.354040       3.354330       3.354630       3.354930       3.355250       3.355590       3.355930       3.356280       3.356650       3.357020       3.357410       3.357800       3.358210       3.358630       3.359060       3.359500    
   3.348120       3.348230       3.349180       3.350200       3.351090       3.352160       3.352260       3.352360       3.353060       3.354550       3.354780       3.355010       3.355260       3.355520       3.355790       3.356070       3.356360       3.356670       3.356980       3.357310       3.357650       3.357990       3.358350       3.358720       3.359110       3.359500       3.359900       3.360310       3.360740       3.361170    
   3.348230       3.349210       3.350200       3.351150       3.352160       3.352210       3.352260       3.353060       3.354550       3.354660       3.355930       3.356780       3.357020       3.357270       3.357540       3.357820       3.358100       3.358400       3.358710       3.359030       3.359370       3.359710       3.360070       3.360430       3.360810       3.361190       3.361590       3.362000       3.362420       3.362850    
   3.349210       3.350200       3.351170       3.352160       3.352190       3.352210       3.353020       3.354550       3.354610       3.356270       3.357670       3.358550       3.358780       3.359030       3.359290       3.359570       3.359850       3.360140       3.360450       3.360770       3.361090       3.361430       3.361780       3.362140       3.362510       3.362900       3.363290       3.363690       3.364100       3.364530    
   3.350200       3.351180       3.352160       3.352170       3.352190       3.352990       3.354550       3.354580       3.356420       3.358110       3.358550       3.358660       3.359290       3.360800       3.361050       3.361320       3.361600       3.361890       3.362190       3.362500       3.362820       3.363160       3.363500       3.363860       3.364220       3.364600       3.364990       3.365390       3.365790       3.366210    
   3.351180       3.352160       3.352170       3.352170       3.352970       3.354550       3.354560       3.356480       3.358330       3.358550       3.358610       3.359330       3.360800       3.360920       3.361060       3.361320       3.361600       3.361890       3.363360       3.364240       3.364560       3.364880       3.365220       3.365580       3.365940       3.366310       3.366690       3.367080       3.367490       3.367900    
   3.352160       3.352160       3.352170       3.352970       3.354550       3.354560       3.356520       3.358440       3.358550       3.358580       3.359320       3.360800       3.360860       3.360930       3.361100       3.361330       3.361610       3.363590       3.365110       3.365980       3.366290       3.366620       3.366950       3.367300       3.367650       3.368020       3.368400       3.368790       3.369180       3.369590    
   3.352160       3.352160       3.352960       3.354550       3.354550       3.356530       3.358490       3.358550       3.358560       3.359310       3.360800       3.360830       3.360860       3.360960       3.361120       3.361350       3.363610       3.365540       3.365980       3.366770       3.368030       3.368350       3.368680       3.369020       3.369380       3.369740       3.370110       3.370490       3.370880       3.371290    
   3.352160       3.352960       3.354550       3.354550       3.356540       3.358520       3.358550       3.358560       3.359310       3.360800       3.360820       3.360830       3.360890       3.360980       3.361140       3.364620       3.365760       3.365980       3.368730       3.369780       3.369970       3.370090       3.370420       3.370750       3.371100       3.371460       3.371820       3.372200       3.372590       3.372990    
   3.352960       3.354550       3.354550       3.356550       3.358540       3.358550       3.358550       3.359300       3.360800       3.360810       3.360820       3.360840       3.360900       3.365700       3.369030       3.371250       3.371240       3.371490       3.371820       3.372410       3.371530       3.371840       3.372160       3.372490       3.372830       3.373180       3.373540       3.373910       3.374300       3.374690    
   3.354550       3.354550       3.356550       3.358540       3.358550       3.358550       3.359300       3.360800       3.360800       3.360810       3.360820       3.360850       3.369440       3.379850       3.379790       3.376400       3.376730       3.376510       3.374400       3.373280       3.373280       3.373580       3.373900       3.374220       3.374560       3.374910       3.375260       3.375630       3.376010       3.376400    
   3.354550       3.356550       3.358550       3.358550       3.358550       3.359300       3.360800       3.360800       3.360800       3.360810       3.370460       3.384920       3.381580       3.379900       3.379900       3.379790       3.377840       3.376950       3.376510       3.375410       3.375040       3.375330       3.375640       3.375960       3.376300       3.376640       3.376990       3.377350       3.377720       3.378110    
   3.356550       3.358550       3.358550       3.358550       3.359300       3.360800       3.360800       3.360800       3.360810       3.372380       3.384920       3.384920       3.384920       3.381670       3.380010       3.380010       3.379790       3.378090       3.377390       3.376510       3.376800       3.377090       3.377390       3.377710       3.378040       3.378370       3.378720       3.379080       3.379440       3.379820    
   3.358550       3.358550       3.358550       3.359300       3.360800       3.360800       3.360800       3.369040       3.376760       3.384920       3.384920       3.384920       3.384920       3.384920       3.381830       3.380240       3.380240       3.379790       3.378660       3.378280       3.378560       3.378850       3.379150       3.379460       3.379780       3.380110       3.380450       3.380800       3.381170       3.381540    
   3.358550       3.358550       3.359300       3.360800       3.360800       3.374640       3.395390       3.394570       3.393750       3.387880       3.384930       3.384920       3.384920       3.384920       3.384920       3.382140       3.380680       3.380690       3.379790       3.380050       3.380330       3.380610       3.380900       3.381210       3.381520       3.381850       3.382190       3.382530       3.382890       3.383260    
   3.358550       3.359300       3.360800       3.360800       3.377410       3.395390       3.395390       3.395390       3.394570       3.393750       3.387900       3.384960       3.384920       3.384920       3.384920       3.384920       3.382730       3.381580       3.381580       3.381830       3.382100       3.382380       3.382660       3.382960       3.383280       3.383600       3.383930       3.384270       3.384620       3.384980    
