iMOD/TUTORIALS/TUT_MetaswapAnalyser/model_MetaSWAP/meteo/Evaporation/Evaporation_20050526_L1.ASC
NCOLS                30
NROWS                30
XLLCORNER     160000.00
YLLCORNER     340000.00
CELLSIZE        1000.00
NODATA_VALUE   -9999.00
   4.664110       4.668570       4.673050       4.677540       4.682040       4.686560       4.691090       4.695630       4.700180       4.704740       4.709320       4.713910       4.718510       4.723120       4.727740       4.732370       4.737010       4.741670       4.746330       4.751010       4.755700       4.760390       4.765100       4.769820       4.774540       4.779280       4.784030       4.788780       4.793550       4.798330    
   4.666530       4.670990       4.675470       4.679960       4.684460       4.688970       4.693500       4.698030       4.702590       4.707150       4.711720       4.716310       4.720910       4.725520       4.730140       4.734770       4.739410       4.744070       4.748730       4.753400       4.758090       4.762790       4.767490       4.772210       4.776940       4.781680       4.786420       4.791180       4.795950       4.800730    
   4.668960       4.673410       4.677890       4.682370       4.686870       4.691380       4.695910       4.700450       4.704990       4.709560       4.714130       4.718710       4.723310       4.727920       4.732540       4.737170       4.741810       4.746460       4.751130       4.755800       4.760490       4.765180       4.769890       4.774610       4.779340       4.784070       4.788820       4.793580       4.798350       4.803130    
   4.671380       4.675840       4.680310       4.684790       4.689290       4.693800       4.698320       4.702860       4.707410       4.711960       4.716540       4.721120       4.725710       4.730320       4.734940       4.739570       4.744210       4.748860       4.753530       4.758200       4.762880       4.767580       4.772290       4.777010       4.781730       4.786470       4.791220       4.795980       4.800750       4.805530    
   4.673810       4.678260       4.682730       4.687220       4.691710       4.696220       4.700740       4.705270       4.709820       4.714380       4.718950       4.723530       4.728120       4.732730       4.737340       4.741970       4.746610       4.751260       4.755930       4.760600       4.765280       4.769980       4.774690       4.779400       4.784130       4.788870       4.793620       4.798380       4.803150       4.807930    
   4.676240       4.680690       4.685160       4.689640       4.694140       4.698640       4.703160       4.707690       4.712240       4.716790       4.721360       4.725940       4.730530       4.735130       4.739750       4.744380       4.749020       4.753670       4.758330       4.763000       4.767690       4.772380       4.777090       4.781810       4.786530       4.791270       4.796020       4.800790       4.805560       4.810340    
   4.678670       4.683120       4.687590       4.692070       4.696560       4.701060       4.705580       4.710110       4.714650       4.719210       4.723770       4.728350       4.732940       4.737540       4.742160       4.746780       4.751420       4.756070       4.760730       4.765410       4.770090       4.774780       4.779490       4.784210       4.788940       4.793680       4.798430       4.803190       4.807960       4.812740    
   4.681100       4.685560       4.690020       4.694500       4.698990       4.703490       4.708010       4.712530       4.717070       4.721630       4.726190       4.730770       4.735360       4.739960       4.744570       4.749190       4.753830       4.758480       4.763140       4.767810       4.772490       4.777190       4.781900       4.786610       4.791340       4.796080       4.800830       4.805590       4.810370       4.815150    
   4.683540       4.687990       4.692450       4.696930       4.701420       4.705920       4.710430       4.714960       4.719500       4.724050       4.728610       4.733180       4.737770       4.742370       4.746980       4.751610       4.756240       4.760890       4.765550       4.770220       4.774900       4.779600       4.784300       4.789020       4.793750       4.798490       4.803240       4.808000       4.812770       4.817560    
   4.685980       4.690430       4.694890       4.699360       4.703850       4.708350       4.712860       4.717390       4.721920       4.726470       4.731030       4.735600       4.740190       4.744790       4.749400       4.754020       4.758650       4.763300       4.767960       4.772630       4.777310       4.782000       4.786710       4.791430       4.796160       4.800900       4.805650       4.810410       4.815180       4.819970    
   4.685980       4.690430       4.696620       4.701800       4.706290       4.710780       4.715290       4.719810       4.724350       4.728900       4.733450       4.738030       4.742610       4.747210       4.751810       4.756440       4.761070       4.765710       4.770370       4.775040       4.779720       4.784420       4.789120       4.793840       4.798570       4.803310       4.808060       4.812820       4.817600       4.822380    
   4.685990       4.693710       4.701800       4.706990       4.708720       4.713220       4.717730       4.722250       4.726780       4.731320       4.735880       4.740450       4.745030       4.749630       4.754230       4.758850       4.763490       4.768130       4.772790       4.777460       4.782140       4.786830       4.791530       4.796250       4.800980       4.805720       4.810470       4.815230       4.820010       4.824790    
   4.690760       4.701800       4.707470       4.709940       4.711160       4.715660       4.720160       4.724680       4.729210       4.733760       4.738310       4.742880       4.747460       4.752050       4.756660       4.761280       4.765910       4.770550       4.775200       4.779870       4.784550       4.789240       4.793950       4.798660       4.803390       4.808130       4.812880       4.817650       4.822420       4.827210    
   4.701800       4.707750       4.710550       4.711160       4.714970       4.718100       4.722600       4.727120       4.731650       4.736190       4.740740       4.745310       4.749890       4.754480       4.759080       4.763700       4.768330       4.772970       4.777620       4.782290       4.786970       4.791660       4.796370       4.801080       4.805810       4.810550       4.815300       4.820060       4.824840       4.829630    
   4.707890       4.710860       4.711160       4.714740       4.718100       4.721920       4.725050       4.729560       4.734090       4.738630       4.743180       4.747740       4.752320       4.756910       4.761510       4.766130       4.770750       4.775390       4.780050       4.784710       4.789390       4.794080       4.798780       4.803500       4.808230       4.812970       4.817720       4.822480       4.827260       4.832050    
   4.711010       4.711160       4.714670       4.718100       4.721690       4.725050       4.727300       4.729570       4.735840       4.741070       4.745620       4.750180       4.754750       4.759340       4.763940       4.768550       4.773180       4.777820       4.782470       4.787140       4.791810       4.796500       4.801210       4.805920       4.810650       4.815390       4.820140       4.824910       4.829680       4.834470    
   4.711160       4.714640       4.718100       4.721610       4.725050       4.726180       4.727310       4.733440       4.741070       4.743340       4.748910       4.752620       4.757190       4.761780       4.766370       4.770990       4.775610       4.780250       4.784900       4.789560       4.794240       4.798930       4.803630       4.808350       4.813070       4.817810       4.822570       4.827330       4.832110       4.836900    
   4.714630       4.718100       4.721590       4.725050       4.725610       4.726180       4.732000       4.741070       4.742210       4.748450       4.753840       4.755060       4.759630       4.764210       4.768810       4.773420       4.778050       4.782680       4.787330       4.791990       4.796670       4.801360       4.806060       4.810770       4.815500       4.820240       4.824990       4.829760       4.834530       4.839320    
   4.718100       4.721580       4.725050       4.725330       4.725610       4.731220       4.741070       4.741640       4.748250       4.754450       4.755060       4.757350       4.761390       4.766660       4.771250       4.775860       4.780480       4.785120       4.789760       4.794430       4.799100       4.803790       4.808490       4.813200       4.817930       4.822670       4.827420       4.832190       4.836970       4.841760    
   4.721580       4.725050       4.725190       4.725330       4.730810       4.741070       4.741350       4.748150       4.754760       4.755060       4.756200       4.760110       4.766660       4.768960       4.771260       4.775860       4.780490       4.785120       4.793090       4.796860       4.801540       4.806220       4.810920       4.815640       4.820360       4.825100       4.829860       4.834620       4.839400       4.844190    
   4.725050       4.725120       4.725190       4.730600       4.741070       4.741210       4.748110       4.754910       4.755060       4.755630       4.759510       4.766660       4.767810       4.768960       4.772030       4.775870       4.780490       4.791220       4.798080       4.799300       4.803980       4.808660       4.813360       4.818070       4.822800       4.827540       4.832290       4.837060       4.841840       4.846630    
   4.725090       4.725120       4.730500       4.741070       4.741140       4.748090       4.754980       4.755060       4.755350       4.759220       4.766660       4.767230       4.767810       4.769600       4.772280       4.776130       4.789110       4.798690       4.799300       4.803230       4.806420       4.811100       4.815800       4.820510       4.825240       4.829980       4.834730       4.839500       4.844280       4.849070    
   4.725090       4.730440       4.741070       4.741110       4.748080       4.755020       4.755060       4.755200       4.759070       4.766660       4.766950       4.767230       4.768210       4.769900       4.772670       4.788640       4.799000       4.799300       4.805980       4.808860       4.811680       4.813550       4.818250       4.822960       4.827680       4.832420       4.837180       4.841940       4.846720       4.851510    
   4.730420       4.741070       4.741090       4.748070       4.755040       4.755060       4.755130       4.759000       4.766660       4.766800       4.766950       4.767460       4.768450       4.781270       4.794100       4.806660       4.806660       4.809000       4.811720       4.812530       4.811310       4.816000       4.820690       4.825410       4.830130       4.834870       4.839620       4.844390       4.849170       4.853960    
   4.741070       4.741080       4.748070       4.755050       4.755060       4.755100       4.758960       4.766660       4.766730       4.766800       4.767070       4.767620       4.789210       4.814390       4.814310       4.812440       4.814330       4.814020       4.814000       4.813760       4.813760       4.818450       4.823150       4.827860       4.832580       4.837320       4.842080       4.846840       4.851620       4.856410    
   4.741070       4.748070       4.755060       4.755060       4.755080       4.758940       4.766660       4.766700       4.766730       4.766870       4.787150       4.817130       4.815370       4.814460       4.814460       4.814310       4.814460       4.814640       4.814020       4.815670       4.816220       4.820900       4.825600       4.830310       4.835040       4.839780       4.844530       4.849300       4.854080       4.858870    
   4.748070       4.755060       4.755060       4.755070       4.758940       4.766660       4.766680       4.766700       4.766770       4.791000       4.817130       4.817130       4.817130       4.815480       4.814620       4.814620       4.814310       4.814880       4.815250       4.814020       4.818680       4.823360       4.828060       4.832770       4.837500       4.842240       4.846990       4.851760       4.856540       4.861330    
   4.755060       4.755060       4.755060       4.758930       4.766660       4.766670       4.766680       4.781300       4.797740       4.817140       4.817130       4.817130       4.817130       4.817130       4.815710       4.814930       4.814930       4.814310       4.815940       4.816480       4.821150       4.825830       4.830530       4.835240       4.839960       4.844700       4.849460       4.854220       4.859000       4.863800    
   4.755060       4.755060       4.758930       4.766660       4.766660       4.789210       4.823020       4.824050       4.825070       4.819800       4.817150       4.817130       4.817130       4.817130       4.817130       4.816160       4.815550       4.815550       4.814310       4.818960       4.823620       4.828300       4.833000       4.837700       4.842430       4.847170       4.851920       4.856690       4.861480       4.866270    
   4.755060       4.758930       4.766660       4.766660       4.793720       4.823020       4.823020       4.823020       4.824050       4.825070       4.819830       4.817190       4.817130       4.817130       4.817130       4.817130       4.817050       4.816790       4.816780       4.821430       4.826100       4.830770       4.835470       4.840180       4.844900       4.849640       4.854400       4.859170       4.863950       4.868750    
