iMOD/TUTORIALS/TUT_MetaswapAnalyser/model_MetaSWAP/meteo/Evaporation/Evaporation_20060827_L1.ASC
NCOLS                30
NROWS                30
XLLCORNER     160000.00
YLLCORNER     340000.00
CELLSIZE        1000.00
NODATA_VALUE   -9999.00
   2.042910       2.033360       2.023840       2.014360       2.004910       1.995520       1.986160       1.976860       1.967620       1.958420       1.949290       1.940220       1.931220       1.922280       1.913410       1.904610       1.895890       1.887240       1.878670       1.870180       1.861760       1.853420       1.845170       1.836990       1.828900       1.820890       1.812960       1.805110       1.797350       1.789660    
   2.044880       2.035370       2.025880       2.016430       2.007030       1.997660       1.988340       1.979070       1.969850       1.960680       1.951570       1.942530       1.933540       1.924630       1.915770       1.906990       1.898280       1.889650       1.881080       1.872600       1.864190       1.855850       1.847600       1.839420       1.831330       1.823310       1.815380       1.807520       1.799740       1.792050    
   2.046850       2.037370       2.027920       2.018510       2.009130       1.999790       1.990500       1.981260       1.972070       1.962930       1.953850       1.944820       1.935860       1.926960       1.918130       1.909360       1.900670       1.892040       1.883490       1.875010       1.866600       1.858270       1.850020       1.841850       1.833750       1.825730       1.817790       1.809920       1.802140       1.794430    
   2.048820       2.039370       2.029950       2.020570       2.011220       2.001920       1.992660       1.983440       1.974280       1.965170       1.956110       1.947110       1.938170       1.929290       1.920470       1.911720       1.903040       1.894420       1.885880       1.877410       1.869010       1.860690       1.852440       1.844260       1.836160       1.828140       1.820190       1.812320       1.804520       1.796800    
   2.050780       2.041360       2.031970       2.022620       2.013310       2.004040       1.994800       1.985620       1.976480       1.967390       1.958360       1.949380       1.940460       1.931600       1.922800       1.914070       1.905400       1.896800       1.888270       1.879800       1.871410       1.863090       1.854840       1.846670       1.838570       1.830540       1.822590       1.814710       1.806900       1.799170    
   2.052730       2.043340       2.033990       2.024670       2.015390       2.006140       1.996940       1.987780       1.978670       1.969610       1.960600       1.951650       1.942750       1.933910       1.925130       1.916410       1.907750       1.899160       1.890640       1.882190       1.873800       1.865480       1.857240       1.849060       1.840960       1.832930       1.824980       1.817090       1.809280       1.801540    
   2.054670       2.045320       2.036000       2.026710       2.017460       2.008240       1.999070       1.989940       1.980860       1.971820       1.962830       1.953900       1.945020       1.936200       1.927440       1.918730       1.910090       1.901520       1.893000       1.884560       1.876180       1.867870       1.859630       1.851450       1.843350       1.835320       1.827360       1.819470       1.811650       1.803900    
   2.056610       2.047290       2.038000       2.028740       2.019520       2.010330       2.001190       1.992090       1.983030       1.974020       1.965050       1.956140       1.947280       1.938480       1.929740       1.921050       1.912420       1.903860       1.895360       1.886920       1.878550       1.870240       1.862000       1.853830       1.845730       1.837700       1.829730       1.821830       1.814010       1.806250    
   2.058540       2.049250       2.039990       2.030760       2.021570       2.012410       2.003300       1.994220       1.985190       1.976200       1.967260       1.958370       1.949540       1.940750       1.932030       1.923360       1.914740       1.906190       1.897700       1.889270       1.880910       1.872610       1.864370       1.856200       1.848100       1.840060       1.832100       1.824190       1.816360       1.808600    
   2.060460       2.051200       2.041970       2.032780       2.023610       2.014490       2.005400       1.996350       1.987340       1.978380       1.969460       1.960600       1.951780       1.943010       1.934300       1.925650       1.917050       1.908510       1.900030       1.891610       1.883260       1.874960       1.866730       1.858560       1.850460       1.842420       1.834450       1.826550       1.818710       1.810930    
   2.060470       2.051210       2.040180       2.034780       2.025650       2.016550       2.007490       1.998460       1.989480       1.980540       1.971650       1.962800       1.954010       1.945260       1.936570       1.927930       1.919350       1.910820       1.902350       1.893940       1.885590       1.877300       1.869080       1.860910       1.852810       1.844770       1.836800       1.828890       1.821040       1.813260    
   2.060480       2.046660       2.034780       2.029450       2.027670       2.018600       2.009560       2.000570       1.991610       1.982700       1.973830       1.965000       1.956230       1.947500       1.938820       1.930200       1.921630       1.913120       1.904660       1.896260       1.887920       1.879630       1.871410       1.863250       1.855150       1.847110       1.839130       1.831220       1.823370       1.815580    
   2.052920       2.034780       2.030650       2.028680       2.029690       2.020640       2.011630       2.002660       1.993730       1.984840       1.975990       1.967190       1.958430       1.949730       1.941070       1.932460       1.923900       1.915400       1.906960       1.898560       1.890230       1.881950       1.873740       1.865580       1.857480       1.849440       1.841460       1.833540       1.825690       1.817900    
   2.034780       2.031080       2.029180       2.029690       2.024340       2.022680       2.013690       2.004750       1.995840       1.986970       1.978150       1.969360       1.960630       1.951940       1.943300       1.934710       1.926160       1.917680       1.909240       1.900860       1.892530       1.884260       1.876050       1.867890       1.859790       1.851760       1.843780       1.835860       1.828000       1.820200    
   2.031250       2.029440       2.029690       2.025570       2.022680       2.017370       2.015740       2.006820       1.997940       1.989090       1.980290       1.971530       1.962810       1.954140       1.945520       1.936940       1.928410       1.919940       1.911510       1.903140       1.894820       1.886560       1.878350       1.870200       1.862100       1.854060       1.846080       1.838160       1.830290       1.822490    
   2.029560       2.029690       2.025980       2.022680       2.018600       2.015740       2.011280       2.006830       1.996260       1.991200       1.982420       1.973680       1.964980       1.956330       1.947720       1.939160       1.930650       1.922180       1.913770       1.905410       1.897100       1.888840       1.880640       1.872490       1.864390       1.856360       1.848370       1.840450       1.832580       1.824770    
   2.029690       2.026120       2.022680       2.019010       2.015740       2.013510       2.011280       2.001390       1.991200       1.986810       1.980210       1.975820       1.967140       1.958510       1.949920       1.941370       1.932870       1.924420       1.916020       1.907670       1.899360       1.891110       1.882910       1.874770       1.866680       1.858640       1.850660       1.842730       1.834850       1.827040    
   2.026160       2.022680       2.019140       2.015740       2.014630       2.013510       2.004350       1.991200       1.989000       1.982610       1.976880       1.977940       1.969290       1.960670       1.952100       1.943570       1.935080       1.926640       1.918250       1.909910       1.901620       1.893370       1.885180       1.877040       1.868950       1.860910       1.852920       1.844990       1.837120       1.829300    
   2.022680       2.019190       2.015740       2.015180       2.014630       2.005920       1.991200       1.990100       1.983630       1.977410       1.977940       1.973610       1.967680       1.962820       1.954260       1.945750       1.937280       1.928850       1.920470       1.912140       1.903850       1.895620       1.887430       1.879290       1.871200       1.863170       1.855180       1.847250       1.839370       1.831540    
   2.019200       2.015740       2.015460       2.015180       2.006730       1.991200       1.990650       1.984110       1.977670       1.977940       1.975780       1.970510       1.962820       1.958540       1.954280       1.945760       1.937290       1.928870       1.918480       1.914360       1.906080       1.897850       1.889670       1.881530       1.873450       1.865410       1.857430       1.849490       1.841610       1.833780    
   2.015740       2.015600       2.015460       2.007140       1.991200       1.990930       1.984340       1.977810       1.977940       1.976860       1.971760       1.962820       1.960680       1.958550       1.952860       1.945780       1.937310       1.923330       1.915460       1.916560       1.908290       1.900070       1.891890       1.883760       1.875680       1.867640       1.859660       1.851720       1.843830       1.836000    
   2.015670       2.015600       2.007350       1.991200       1.991060       1.984460       1.977870       1.977940       1.977400       1.972350       1.962820       1.961750       1.960680       1.957360       1.952390       1.945320       1.927800       1.916010       1.916560       1.911780       1.910490       1.902270       1.894100       1.885970       1.877890       1.869860       1.861870       1.853940       1.846050       1.838210    
   2.015670       2.007460       1.991200       1.991130       1.984510       1.977910       1.977940       1.977670       1.972630       1.962820       1.962290       1.961750       1.959930       1.956810       1.951690       1.932960       1.916290       1.916560       1.914230       1.912670       1.907740       1.904460       1.896300       1.888170       1.880100       1.872060       1.864080       1.856140       1.848250       1.840400    
   2.007510       1.991200       1.991170       1.984540       1.977920       1.977940       1.977800       1.972760       1.962820       1.962550       1.962290       1.961320       1.959500       1.952580       1.939750       1.923020       1.923020       1.919300       1.915190       1.915920       1.914840       1.906640       1.898480       1.890360       1.882290       1.874260       1.866270       1.858330       1.850430       1.842580    
   1.991200       1.991180       1.984560       1.977930       1.977940       1.977870       1.972830       1.962820       1.962690       1.962550       1.962050       1.961040       1.951480       1.941960       1.941900       1.932130       1.929740       1.929480       1.921030       1.916990       1.917000       1.908800       1.900650       1.892530       1.884460       1.876430       1.868440       1.860500       1.852600       1.844750    
   1.991190       1.984560       1.977940       1.977940       1.977910       1.972870       1.962820       1.962750       1.962690       1.962430       1.959630       1.956260       1.946780       1.942030       1.942030       1.941900       1.933850       1.930000       1.929480       1.921720       1.919140       1.910950       1.902800       1.894690       1.886620       1.878590       1.870610       1.862660       1.854760       1.846910    
   1.984570       1.977940       1.977940       1.977920       1.972880       1.962820       1.962790       1.962750       1.962620       1.959450       1.956260       1.956260       1.956260       1.946870       1.942160       1.942160       1.941900       1.934020       1.930530       1.929480       1.921260       1.913080       1.904930       1.896830       1.888760       1.880740       1.872750       1.864810       1.856900       1.849040    
   1.977940       1.977940       1.977930       1.972890       1.962820       1.962800       1.962790       1.965600       1.962940       1.956270       1.956260       1.956260       1.956260       1.956260       1.947050       1.942410       1.942410       1.941900       1.934150       1.931580       1.923370       1.915190       1.907060       1.898960       1.890890       1.882870       1.874880       1.866940       1.859030       1.851170    
   1.977940       1.977940       1.972900       1.962820       1.962810       1.971420       1.984350       1.979300       1.974250       1.962270       1.956280       1.956260       1.956260       1.956260       1.956260       1.947380       1.942930       1.942930       1.941900       1.933660       1.925460       1.917290       1.909160       1.901060       1.893000       1.884980       1.877000       1.869050       1.861140       1.853270    
   1.977940       1.972900       1.962820       1.962820       1.973150       1.984350       1.984350       1.984350       1.979300       1.974250       1.962300       1.956310       1.956260       1.956260       1.956260       1.956260       1.947930       1.943950       1.943960       1.935730       1.927540       1.919380       1.911250       1.903160       1.895100       1.887080       1.879090       1.871150       1.863240       1.855360    
