iMOD/TUTORIALS/TUT_MetaswapAnalyser/model_MetaSWAP/meteo/Evaporation/Evaporation_20050720_L1.ASC
NCOLS                30
NROWS                30
XLLCORNER     160000.00
YLLCORNER     340000.00
CELLSIZE        1000.00
NODATA_VALUE   -9999.00
   2.733020       2.729070       2.725110       2.721150       2.717190       2.713220       2.709240       2.705250       2.701260       2.697250       2.693240       2.689210       2.685170       2.681110       2.677040       2.672960       2.668860       2.664740       2.660610       2.656470       2.652300       2.648130       2.643930       2.639720       2.635500       2.631260       2.627000       2.622730       2.618450       2.614160    
   2.741630       2.737670       2.733700       2.729730       2.725760       2.721780       2.717800       2.713810       2.709810       2.705800       2.701770       2.697740       2.693690       2.689630       2.685550       2.681460       2.677350       2.673230       2.669090       2.664940       2.660770       2.656580       2.652370       2.648150       2.643920       2.639670       2.635400       2.631120       2.626830       2.622520    
   2.750270       2.746300       2.742320       2.738340       2.734360       2.730380       2.726390       2.722390       2.718380       2.714360       2.710330       2.706290       2.702230       2.698170       2.694080       2.689980       2.685870       2.681740       2.677590       2.673430       2.669250       2.665050       2.660840       2.656610       2.652360       2.648100       2.643820       2.639520       2.635220       2.630890    
   2.758940       2.754950       2.750970       2.746980       2.742990       2.738990       2.735000       2.730990       2.726970       2.722950       2.718910       2.714860       2.710800       2.706730       2.702640       2.698530       2.694410       2.690270       2.686110       2.681940       2.677750       2.673540       2.669320       2.665080       2.660820       2.656540       2.652250       2.647940       2.643620       2.639280    
   2.767640       2.763630       2.759640       2.755640       2.751640       2.747640       2.743630       2.739620       2.735590       2.731560       2.727520       2.723460       2.719390       2.715310       2.711210       2.707100       2.702970       2.698820       2.694660       2.690470       2.686270       2.682060       2.677820       2.673570       2.669290       2.665010       2.660700       2.656380       2.652040       2.647690    
   2.776360       2.772340       2.768330       2.764320       2.760310       2.756300       2.752290       2.748260       2.744230       2.740190       2.736140       2.732080       2.728000       2.723910       2.719810       2.715680       2.711540       2.707390       2.703220       2.699020       2.694810       2.690580       2.686340       2.682070       2.677790       2.673490       2.669170       2.664830       2.660480       2.656110    
   2.785100       2.781070       2.777050       2.773030       2.769010       2.764990       2.760960       2.756930       2.752890       2.748850       2.744790       2.740720       2.736630       2.732530       2.728420       2.724290       2.720140       2.715980       2.711790       2.707590       2.703370       2.699130       2.694870       2.690590       2.686300       2.681980       2.677650       2.673300       2.668930       2.664540    
   2.793860       2.789820       2.785790       2.781760       2.777730       2.773700       2.769660       2.765620       2.761580       2.757520       2.753450       2.749370       2.745280       2.741170       2.737050       2.732910       2.728760       2.724580       2.720390       2.716180       2.711940       2.707690       2.703420       2.699130       2.694820       2.690490       2.686140       2.681780       2.677390       2.672990    
   2.802640       2.798590       2.794550       2.790510       2.786470       2.782430       2.778380       2.774330       2.770280       2.766210       2.762140       2.758050       2.753950       2.749830       2.745700       2.741550       2.737390       2.733200       2.729000       2.724780       2.720530       2.716270       2.711990       2.707680       2.703360       2.699010       2.694650       2.690270       2.685860       2.681450    
   2.811450       2.807380       2.803330       2.799270       2.795220       2.791170       2.787120       2.783060       2.779000       2.774920       2.770840       2.766740       2.762630       2.758510       2.754370       2.750210       2.746040       2.741840       2.737630       2.733390       2.729140       2.724860       2.720560       2.716250       2.711910       2.707550       2.703170       2.698770       2.694350       2.689910    
   2.811450       2.807390       2.804510       2.808060       2.804000       2.799940       2.795870       2.791800       2.787730       2.783650       2.779560       2.775450       2.771330       2.767200       2.763050       2.758880       2.754700       2.750490       2.746270       2.742020       2.737750       2.733470       2.729160       2.724820       2.720470       2.716100       2.711700       2.707280       2.702850       2.698390    
   2.811450       2.807850       2.808060       2.811610       2.812780       2.808710       2.804640       2.800560       2.796480       2.792390       2.788290       2.784180       2.780050       2.775900       2.771750       2.767570       2.763370       2.759160       2.754920       2.750660       2.746380       2.742080       2.737760       2.733410       2.729040       2.724650       2.720240       2.715810       2.711350       2.706880    
   2.810720       2.808060       2.814610       2.817180       2.821590       2.817510       2.813420       2.809340       2.805250       2.801150       2.797040       2.792910       2.788780       2.784620       2.780460       2.776270       2.772060       2.767840       2.763590       2.759320       2.755030       2.750710       2.746370       2.742010       2.737630       2.733220       2.728790       2.724340       2.719860       2.715370    
   2.808060       2.815910       2.819390       2.821590       2.821800       2.826310       2.822220       2.818120       2.814020       2.809910       2.805790       2.801660       2.797520       2.793350       2.789180       2.784980       2.780760       2.776520       2.772270       2.767980       2.763680       2.759350       2.755000       2.750620       2.746220       2.741790       2.737350       2.732880       2.728380       2.723870    
   2.816510       2.820490       2.821590       2.823230       2.826310       2.826520       2.831030       2.826920       2.822810       2.818690       2.814560       2.810420       2.806270       2.802100       2.797910       2.793700       2.789470       2.785220       2.780950       2.776660       2.772340       2.768000       2.763630       2.759240       2.754820       2.750380       2.745910       2.741420       2.736910       2.732370    
   2.821040       2.821590       2.823710       2.826310       2.827950       2.831030       2.828970       2.826920       2.823980       2.827480       2.823340       2.819190       2.815030       2.810850       2.806650       2.802430       2.798190       2.793930       2.789650       2.785340       2.781010       2.776650       2.772270       2.767860       2.763430       2.758970       2.754480       2.749970       2.745440       2.740880    
   2.821590       2.823870       2.826310       2.828430       2.831030       2.830000       2.828970       2.826840       2.827480       2.825410       2.826950       2.827970       2.823790       2.819600       2.815400       2.811170       2.806920       2.802650       2.798350       2.794030       2.789680       2.785310       2.780910       2.776490       2.772040       2.767560       2.763060       2.758520       2.753970       2.749390    
   2.823920       2.826310       2.828590       2.831030       2.830520       2.830000       2.828320       2.827480       2.826450       2.829790       2.832360       2.836750       2.832570       2.828370       2.824150       2.819910       2.815650       2.811370       2.807060       2.802730       2.798370       2.793980       2.789560       2.785120       2.780650       2.776160       2.771630       2.767080       2.762510       2.757900    
   2.826310       2.828640       2.831030       2.830770       2.830520       2.829080       2.827480       2.826960       2.831000       2.834560       2.836750       2.834660       2.833710       2.837140       2.832910       2.828660       2.824390       2.820090       2.815770       2.811420       2.807050       2.802650       2.798220       2.793760       2.789270       2.784760       2.780210       2.775640       2.771040       2.766420    
   2.828660       2.831030       2.830900       2.830770       2.829460       2.827480       2.827220       2.831570       2.835650       2.836750       2.835710       2.835560       2.837140       2.835030       2.832900       2.828650       2.824380       2.820080       2.819250       2.820130       2.815740       2.811320       2.806870       2.802400       2.797890       2.793360       2.788790       2.784200       2.779580       2.774930    
   2.831030       2.830970       2.830900       2.829650       2.827480       2.827350       2.831840       2.836200       2.836750       2.836230       2.836290       2.837140       2.836080       2.835020       2.832190       2.828650       2.824370       2.823400       2.824480       2.828830       2.824430       2.819990       2.815530       2.811040       2.806510       2.801950       2.797370       2.792750       2.788110       2.783440    
   2.831000       2.830970       2.829750       2.827480       2.827420       2.831980       2.836480       2.836750       2.836490       2.836600       2.837140       2.836610       2.836080       2.834430       2.831950       2.828400       2.826380       2.826650       2.828830       2.828790       2.833120       2.828670       2.824190       2.819670       2.815130       2.810550       2.805940       2.801310       2.796640       2.791940    
   2.831000       2.829800       2.827480       2.827450       2.832050       2.836610       2.836750       2.836620       2.836750       2.837140       2.836880       2.836610       2.835710       2.834160       2.831600       2.833880       2.827740       2.828830       2.838560       2.841800       2.839120       2.837340       2.832840       2.828310       2.823740       2.819150       2.814520       2.809850       2.805160       2.800440    
   2.829820       2.827480       2.827460       2.832080       2.836680       2.836750       2.836680       2.836810       2.837140       2.837010       2.836880       2.836400       2.835490       2.851060       2.856600       2.854900       2.854910       2.853360       2.851930       2.854820       2.850480       2.846000       2.841490       2.836940       2.832350       2.827730       2.823080       2.818400       2.813680       2.808930    
   2.827480       2.827470       2.832100       2.836720       2.836750       2.836720       2.836850       2.837140       2.837070       2.837010       2.836760       2.836260       2.865870       2.903060       2.902790       2.882280       2.882060       2.880980       2.866520       2.859160       2.859160       2.854660       2.850130       2.845560       2.840960       2.836320       2.831640       2.826930       2.822190       2.817410    
   2.827480       2.832110       2.836730       2.836750       2.836730       2.836860       2.837140       2.837110       2.837070       2.836950       2.875270       2.933160       2.913320       2.903330       2.903330       2.902790       2.889360       2.883150       2.880980       2.871110       2.867830       2.863320       2.858760       2.854180       2.849550       2.844890       2.840190       2.835450       2.830690       2.825890    
   2.832110       2.836740       2.836750       2.836740       2.836870       2.837140       2.837120       2.837110       2.837040       2.883120       2.933160       2.933160       2.933160       2.913710       2.903870       2.903870       2.902790       2.890500       2.885310       2.880980       2.876490       2.871960       2.867390       2.862780       2.858140       2.853450       2.848730       2.843970       2.839170       2.834340    
   2.836750       2.836750       2.836750       2.836880       2.837140       2.837130       2.837120       2.872910       2.903300       2.933180       2.933160       2.933160       2.933160       2.933160       2.914490       2.904950       2.904950       2.902790       2.892930       2.889650       2.885140       2.880590       2.876000       2.871380       2.866710       2.862000       2.857250       2.852470       2.847640       2.842790    
   2.836750       2.836750       2.836880       2.837140       2.837140       2.899580       2.993240       2.986800       2.980360       2.948960       2.933230       2.933160       2.933160       2.933160       2.933160       2.916000       2.907110       2.907110       2.902790       2.898300       2.893780       2.889210       2.884610       2.879960       2.875270       2.870530       2.865760       2.860950       2.856100       2.851220    
   2.836750       2.836880       2.837140       2.837140       2.912080       2.993260       2.993260       2.993240       2.986800       2.980360       2.949080       2.933370       2.933160       2.933160       2.933160       2.933160       2.918760       2.911430       2.911440       2.906940       2.902400       2.897820       2.893190       2.888520       2.883810       2.879050       2.874250       2.869420       2.864540       2.859620    
