iMOD/TUTORIALS/TUT_MetaswapAnalyser/model_MetaSWAP/meteo/Evaporation/Evaporation_20050912_L1.ASC
NCOLS                30
NROWS                30
XLLCORNER     160000.00
YLLCORNER     340000.00
CELLSIZE        1000.00
NODATA_VALUE   -9999.00
  0.9075600      0.9040600      0.9006800      0.8974200      0.8942700      0.8912300      0.8882900      0.8854500      0.8827000      0.8800400      0.8774600      0.8749600      0.8725400      0.8701800      0.8679000      0.8656700      0.8635000      0.8614000      0.8593400      0.8573300      0.8553800      0.8534600      0.8515900      0.8497700      0.8479700      0.8462200      0.8445000      0.8428100      0.8411600      0.8395300    
  0.9003700      0.8968900      0.8935300      0.8902800      0.8871400      0.8841100      0.8811700      0.8783400      0.8755900      0.8729300      0.8703500      0.8678500      0.8654300      0.8630700      0.8607800      0.8585600      0.8563900      0.8542800      0.8522200      0.8502100      0.8482500      0.8463300      0.8444600      0.8426200      0.8408300      0.8390700      0.8373400      0.8356400      0.8339800      0.8323500    
  0.8932600      0.8898000      0.8864500      0.8832100      0.8800800      0.8770600      0.8741300      0.8712900      0.8685500      0.8658900      0.8633200      0.8608200      0.8583900      0.8560400      0.8537400      0.8515200      0.8493500      0.8472300      0.8451700      0.8431500      0.8411900      0.8392700      0.8373900      0.8355500      0.8337400      0.8319800      0.8302400      0.8285400      0.8268700      0.8252200    
  0.8862200      0.8827700      0.8794400      0.8762100      0.8730900      0.8700800      0.8671500      0.8643200      0.8615800      0.8589300      0.8563500      0.8538600      0.8514300      0.8490700      0.8467800      0.8445500      0.8423700      0.8402500      0.8381900      0.8361700      0.8342000      0.8322700      0.8303800      0.8285400      0.8267200      0.8249500      0.8232100      0.8214900      0.8198100      0.8181600    
  0.8792400      0.8758100      0.8724900      0.8692800      0.8661700      0.8631600      0.8602500      0.8574200      0.8546900      0.8520300      0.8494600      0.8469600      0.8445300      0.8421700      0.8398800      0.8376400      0.8354700      0.8333400      0.8312700      0.8292500      0.8272700      0.8253400      0.8234400      0.8215900      0.8197700      0.8179800      0.8162300      0.8145100      0.8128200      0.8111500    
  0.8723200      0.8689100      0.8656100      0.8624100      0.8593100      0.8563100      0.8534100      0.8505900      0.8478600      0.8452000      0.8426300      0.8401300      0.8377100      0.8353400      0.8330500      0.8308100      0.8286300      0.8265000      0.8244200      0.8223900      0.8204100      0.8184700      0.8165600      0.8147000      0.8128700      0.8110800      0.8093100      0.8075800      0.8058800      0.8042000    
  0.8654600      0.8620700      0.8587900      0.8556000      0.8525200      0.8495300      0.8466300      0.8438100      0.8410900      0.8384400      0.8358700      0.8333700      0.8309400      0.8285800      0.8262800      0.8240300      0.8218500      0.8197200      0.8176300      0.8156000      0.8136100      0.8116600      0.8097500      0.8078700      0.8060300      0.8042300      0.8024500      0.8007100      0.7989900      0.7973000    
  0.8586500      0.8552800      0.8520200      0.8488500      0.8457800      0.8428000      0.8399000      0.8371000      0.8343700      0.8317300      0.8291600      0.8266600      0.8242300      0.8218700      0.8195700      0.8173200      0.8151300      0.8129900      0.8109000      0.8088600      0.8068600      0.8049000      0.8029800      0.8011000      0.7992500      0.7974300      0.7956500      0.7938900      0.7921600      0.7904600    
  0.8519000      0.8485500      0.8453000      0.8421500      0.8390900      0.8361200      0.8332400      0.8304400      0.8277200      0.8250800      0.8225100      0.8200100      0.8175900      0.8152200      0.8129100      0.8106600      0.8084700      0.8063300      0.8042300      0.8021800      0.8001700      0.7982100      0.7962800      0.7943800      0.7925200      0.7906900      0.7889000      0.7871300      0.7853800      0.7836600    
  0.8451900      0.8418700      0.8386400      0.8355000      0.8324500      0.8294900      0.8266200      0.8238300      0.8211200      0.8184800      0.8159200      0.8134200      0.8109900      0.8086200      0.8063100      0.8040600      0.8018600      0.7997100      0.7976100      0.7955500      0.7935400      0.7915600      0.7896200      0.7877200      0.7858500      0.7840100      0.7821900      0.7804100      0.7786500      0.7769200    
  0.8452230      0.8419000      0.8362270      0.8289000      0.8258600      0.8229200      0.8200500      0.8172700      0.8145600      0.8119300      0.8093700      0.8068800      0.8044500      0.8020800      0.7997700      0.7975100      0.7953100      0.7931500      0.7910400      0.7889800      0.7869600      0.7849700      0.7830200      0.7811000      0.7792200      0.7773700      0.7755400      0.7737400      0.7719700      0.7702200    
  0.8452560      0.8380630      0.8289000      0.8217250      0.8193200      0.8163900      0.8135300      0.8107600      0.8080600      0.8054300      0.8028700      0.8003800      0.7979500      0.7955800      0.7932700      0.7910100      0.7888000      0.7866400      0.7845300      0.7824500      0.7804200      0.7784300      0.7764700      0.7745400      0.7726400      0.7707800      0.7689400      0.7671200      0.7653300      0.7635700    
  0.8402240      0.8289000      0.8198790      0.8160700      0.8128200      0.8099000      0.8070600      0.8042900      0.8016000      0.7989800      0.7964200      0.7939300      0.7915100      0.7891400      0.7868200      0.7845600      0.7823500      0.7801800      0.7780600      0.7759800      0.7739300      0.7719300      0.7699600      0.7680200      0.7661100      0.7642300      0.7623800      0.7605500      0.7587400      0.7569600    
  0.8289000      0.8190110      0.8144450      0.8128200      0.8087230      0.8034500      0.8006200      0.7978700      0.7951800      0.7925700      0.7900200      0.7875300      0.7851000      0.7827300      0.7804100      0.7781500      0.7759300      0.7737600      0.7716300      0.7695400      0.7674900      0.7654800      0.7634900      0.7615400      0.7596200      0.7577300      0.7558600      0.7540100      0.7521900      0.7503900    
  0.8185910      0.8136320      0.8128200      0.8083310      0.8034500      0.7994330      0.7942300      0.7914800      0.7888000      0.7861900      0.7836500      0.7811600      0.7787400      0.7763700      0.7740500      0.7717800      0.7695600      0.7673800      0.7652500      0.7631500      0.7610900      0.7590700      0.7570700      0.7551100      0.7531700      0.7512700      0.7493800      0.7475200      0.7456800      0.7438700    
  0.8132260      0.8128200      0.8082000      0.8034500      0.7990380      0.7942300      0.7928550      0.7915030      0.7865820      0.7798600      0.7773200      0.7748400      0.7724100      0.7700400      0.7677200      0.7654500      0.7632300      0.7610500      0.7589100      0.7568000      0.7547300      0.7527000      0.7506900      0.7487200      0.7467700      0.7448400      0.7429400      0.7410700      0.7392100      0.7373800    
  0.8128200      0.8081570      0.8034500      0.7989060      0.7942300      0.7935430      0.7928630      0.7877000      0.7798600      0.7785900      0.7725720      0.7685500      0.7661200      0.7637600      0.7614400      0.7591600      0.7569400      0.7547500      0.7526000      0.7504900      0.7484100      0.7463600      0.7443500      0.7423600      0.7404000      0.7384600      0.7365400      0.7346500      0.7327800      0.7309200    
  0.8081420      0.8034500      0.7988620      0.7942300      0.7938860      0.7935450      0.7884910      0.7798600      0.7792250      0.7717460      0.7654200      0.7622900      0.7598700      0.7575000      0.7551800      0.7529100      0.7506800      0.7484800      0.7463300      0.7442100      0.7421200      0.7400700      0.7380400      0.7360400      0.7340600      0.7321100      0.7301800      0.7282700      0.7263800      0.7245000    
  0.8034500      0.7988470      0.7942300      0.7940580      0.7938870      0.7889460      0.7798600      0.7795430      0.7713950      0.7638550      0.7622900      0.7610800      0.7577350      0.7512800      0.7489600      0.7466900      0.7444500      0.7422500      0.7400900      0.7379700      0.7358700      0.7338100      0.7317700      0.7297500      0.7277600      0.7257900      0.7238500      0.7219200      0.7200100      0.7181100    
  0.7988420      0.7942300      0.7941440      0.7940580      0.7891880      0.7798600      0.7797010      0.7712320      0.7630720      0.7622900      0.7616850      0.7580960      0.7512800      0.7501200      0.7489770      0.7467000      0.7444630      0.7422630      0.7355280      0.7317600      0.7296500      0.7275700      0.7255200      0.7235000      0.7214900      0.7195100      0.7175400      0.7156000      0.7136700      0.7117600    
  0.7942300      0.7941870      0.7941440      0.7893130      0.7798600      0.7797810      0.7711530      0.7626810      0.7622900      0.7619880      0.7583380      0.7512800      0.7507000      0.7501260      0.7485990      0.7467130      0.7444760      0.7352980      0.7286650      0.7255700      0.7234600      0.7213700      0.7193100      0.7172700      0.7152500      0.7132500      0.7112700      0.7093100      0.7073600      0.7054200    
  0.7942090      0.7941870      0.7893760      0.7798600      0.7798200      0.7711140      0.7624860      0.7622900      0.7621390      0.7584740      0.7512800      0.7509900      0.7507020      0.7498080      0.7484790      0.7465960      0.7358350      0.7271180      0.7255700      0.7221070      0.7172900      0.7152000      0.7131200      0.7110700      0.7090400      0.7070200      0.7050200      0.7030400      0.7010700      0.6991200    
  0.7942090      0.7894080      0.7798600      0.7798400      0.7710940      0.7623880      0.7622900      0.7622140      0.7585460      0.7512800      0.7511350      0.7509910      0.7505000      0.7496630      0.7482940      0.7329040      0.7263440      0.7255700      0.7152080      0.7111650      0.7099000      0.7090500      0.7069600      0.7049000      0.7028500      0.7008200      0.6988000      0.6968000      0.6948100      0.6928400    
  0.7894240      0.7798600      0.7798500      0.7710850      0.7623390      0.7622900      0.7622520      0.7585820      0.7512800      0.7512070      0.7511350      0.7508750      0.7503850      0.7318820      0.7178420      0.7072710      0.7072650      0.7058440      0.7040340      0.7019900      0.7050400      0.7029200      0.7008200      0.6987500      0.6966800      0.6946400      0.6926000      0.6905800      0.6885700      0.6865800    
  0.7798600      0.7798550      0.7710800      0.7623140      0.7622900      0.7622710      0.7586010      0.7512800      0.7512440      0.7512080      0.7510730      0.7507980      0.7181440      0.6788820      0.6790700      0.6898510      0.6882050      0.6889600      0.6954470      0.6989470      0.6989400      0.6968100      0.6947100      0.6926100      0.6905400      0.6884700      0.6864200      0.6843800      0.6823600      0.6803400    
  0.7798580      0.7710770      0.7623020      0.7622900      0.7622810      0.7586110      0.7512800      0.7512620      0.7512440      0.7511750      0.7159160      0.6632500      0.6735160      0.6786940      0.6786940      0.6790700      0.6848660      0.6874500      0.6889600      0.6918900      0.6928600      0.6907300      0.6886100      0.6865000      0.6844100      0.6823300      0.6802600      0.6782000      0.6761600      0.6741200    
  0.7710760      0.7622960      0.7622900      0.7622850      0.7586150      0.7512800      0.7512710      0.7512620      0.7512270      0.7089670      0.6632500      0.6632500      0.6632500      0.6732380      0.6783190      0.6783190      0.6790700      0.6839820      0.6859400      0.6889600      0.6868000      0.6846600      0.6825300      0.6804100      0.6783000      0.6762000      0.6741200      0.6720400      0.6699700      0.6679100    
  0.7622930      0.7622900      0.7622880      0.7586180      0.7512800      0.7512750      0.7512710      0.7222820      0.6939950      0.6632340      0.6632500      0.6632500      0.6632500      0.6632500      0.6726900      0.6775670      0.6775670      0.6790700      0.6819600      0.6829200      0.6807500      0.6786000      0.6764600      0.6743300      0.6722000      0.6700900      0.6679900      0.6658900      0.6638000      0.6617200    
  0.7622900      0.7622890      0.7586190      0.7512800      0.7512780      0.7033750      0.6315300      0.6334500      0.6353700      0.6539120      0.6632010      0.6632500      0.6632500      0.6632500      0.6632500      0.6716250      0.6760650      0.6760650      0.6790700      0.6768900      0.6747100      0.6725500      0.6704000      0.6682600      0.6661200      0.6639900      0.6618700      0.6597500      0.6576400      0.6555300    
  0.7622890      0.7586190      0.7512800      0.7512790      0.6937890      0.6315180      0.6315180      0.6315300      0.6334490      0.6353700      0.6538270      0.6631020      0.6632500      0.6632500      0.6632500      0.6632500      0.6696190      0.6730600      0.6730600      0.6708700      0.6686900      0.6665200      0.6643500      0.6622000      0.6600400      0.6579000      0.6557500      0.6536200      0.6514800      0.6493600    
