iMOD/TUTORIALS/TUT_MetaswapAnalyser/model_MetaSWAP/meteo/Evaporation/Evaporation_20061021_L1.ASC
NCOLS                30
NROWS                30
XLLCORNER     160000.00
YLLCORNER     340000.00
CELLSIZE        1000.00
NODATA_VALUE   -9999.00
   1.048760       1.050740       1.052740       1.054750       1.056760       1.058780       1.060800       1.062830       1.064870       1.066910       1.068950       1.070990       1.073030       1.075070       1.077110       1.079150       1.081180       1.083220       1.085240       1.087270       1.089290       1.091300       1.093310       1.095320       1.097320       1.099310       1.101290       1.103270       1.105250       1.107210    
   1.050570       1.052550       1.054540       1.056540       1.058550       1.060570       1.062590       1.064610       1.066640       1.068670       1.070710       1.072750       1.074780       1.076820       1.078850       1.080890       1.082920       1.084950       1.086980       1.089000       1.091020       1.093030       1.095040       1.097040       1.099040       1.101030       1.103020       1.105000       1.106970       1.108930    
   1.052380       1.054360       1.056350       1.058340       1.060350       1.062360       1.064370       1.066390       1.068420       1.070450       1.072480       1.074510       1.076540       1.078570       1.080600       1.082640       1.084660       1.086690       1.088710       1.090730       1.092750       1.094760       1.096770       1.098770       1.100770       1.102760       1.104740       1.106720       1.108690       1.110660    
   1.054200       1.056170       1.058160       1.060150       1.062150       1.064150       1.066160       1.068180       1.070200       1.072220       1.074250       1.076270       1.078300       1.080330       1.082360       1.084380       1.086410       1.088430       1.090450       1.092470       1.094480       1.096490       1.098500       1.100500       1.102500       1.104490       1.106470       1.108450       1.110420       1.112390    
   1.056020       1.057990       1.059970       1.061960       1.063950       1.065950       1.067960       1.069970       1.071980       1.074000       1.076020       1.078040       1.080070       1.082090       1.084120       1.086140       1.088160       1.090180       1.092200       1.094210       1.096220       1.098230       1.100240       1.102230       1.104230       1.106220       1.108200       1.110180       1.112150       1.114120    
   1.057840       1.059810       1.061780       1.063770       1.065750       1.067750       1.069750       1.071760       1.073770       1.075780       1.077800       1.079820       1.081840       1.083860       1.085880       1.087900       1.089920       1.091930       1.093950       1.095960       1.097970       1.099970       1.101980       1.103970       1.105970       1.107950       1.109940       1.111910       1.113890       1.115850    
   1.059660       1.061630       1.063600       1.065580       1.067560       1.069550       1.071550       1.073550       1.075560       1.077570       1.079580       1.081590       1.083610       1.085630       1.087640       1.089660       1.091670       1.093690       1.095700       1.097710       1.099720       1.101720       1.103720       1.105710       1.107710       1.109690       1.111670       1.113650       1.115620       1.117590    
   1.061490       1.063450       1.065420       1.067390       1.069370       1.071360       1.073350       1.075350       1.077350       1.079360       1.081370       1.083380       1.085390       1.087400       1.089410       1.091420       1.093440       1.095450       1.097460       1.099460       1.101470       1.103470       1.105460       1.107460       1.109450       1.111430       1.113420       1.115390       1.117360       1.119330    
   1.063310       1.065270       1.067240       1.069210       1.071190       1.073170       1.075160       1.077150       1.079150       1.081150       1.083150       1.085160       1.087170       1.089180       1.091180       1.093190       1.095200       1.097210       1.099210       1.101220       1.103220       1.105220       1.107210       1.109210       1.111200       1.113180       1.115160       1.117140       1.119110       1.121070    
   1.065140       1.067100       1.069060       1.071030       1.073000       1.074980       1.076970       1.078950       1.080950       1.082940       1.084940       1.086950       1.088950       1.090950       1.092960       1.094970       1.096970       1.098970       1.100980       1.102980       1.104980       1.106970       1.108970       1.110960       1.112950       1.114930       1.116910       1.118880       1.120850       1.122820    
   1.065140       1.067100       1.070010       1.072850       1.074820       1.076790       1.078770       1.080760       1.082750       1.084740       1.086740       1.088740       1.090740       1.092740       1.094740       1.096740       1.098740       1.100740       1.102740       1.104740       1.106740       1.108730       1.110720       1.112710       1.114700       1.116680       1.118660       1.120630       1.122600       1.124570    
   1.065150       1.068780       1.072850       1.075690       1.076640       1.078610       1.080590       1.082570       1.084550       1.086540       1.088530       1.090530       1.092530       1.094520       1.096520       1.098520       1.100520       1.102520       1.104510       1.106510       1.108500       1.110500       1.112480       1.114470       1.116460       1.118440       1.120410       1.122390       1.124350       1.126320    
   1.067490       1.072850       1.076140       1.077550       1.078460       1.080430       1.082400       1.084380       1.086360       1.088350       1.090330       1.092320       1.094320       1.096310       1.098310       1.100300       1.102300       1.104290       1.106290       1.108280       1.110270       1.112260       1.114250       1.116230       1.118220       1.120190       1.122170       1.124140       1.126110       1.128070    
   1.072850       1.076360       1.078000       1.078460       1.080380       1.082250       1.084220       1.086190       1.088170       1.090150       1.092140       1.094120       1.096110       1.098100       1.100090       1.102090       1.104080       1.106070       1.108060       1.110050       1.112040       1.114030       1.116010       1.118000       1.119980       1.121960       1.123930       1.125900       1.127870       1.129830    
   1.076480       1.078230       1.078460       1.080360       1.082250       1.084170       1.086030       1.088010       1.089980       1.091960       1.093940       1.095920       1.097910       1.099900       1.101880       1.103870       1.105860       1.107850       1.109840       1.111830       1.113820       1.115800       1.117780       1.119760       1.121740       1.123720       1.125690       1.127660       1.129630       1.131590    
   1.078350       1.078460       1.080360       1.082250       1.084150       1.086030       1.087020       1.088010       1.090930       1.093770       1.095750       1.097730       1.099710       1.101690       1.103680       1.105660       1.107650       1.109640       1.111620       1.113610       1.115590       1.117580       1.119560       1.121540       1.123510       1.125490       1.127460       1.129430       1.131390       1.133350    
   1.078460       1.080360       1.082250       1.084140       1.086030       1.086520       1.087020       1.089930       1.093770       1.094760       1.097620       1.099530       1.101510       1.103490       1.105470       1.107460       1.109440       1.111420       1.113410       1.115390       1.117370       1.119350       1.121330       1.123310       1.125280       1.127260       1.129230       1.131190       1.133160       1.135120    
   1.080360       1.082250       1.084140       1.086030       1.086280       1.086520       1.089310       1.093770       1.094260       1.097590       1.100440       1.101340       1.103320       1.105290       1.107270       1.109250       1.111230       1.113210       1.115190       1.117180       1.119150       1.121130       1.123110       1.125090       1.127060       1.129030       1.131000       1.132970       1.134930       1.136890    
   1.082250       1.084140       1.086030       1.086150       1.086280       1.088970       1.093770       1.094020       1.097570       1.100890       1.101340       1.102330       1.104260       1.107100       1.109070       1.111050       1.113030       1.115010       1.116990       1.118960       1.120940       1.122920       1.124890       1.126860       1.128840       1.130810       1.132770       1.134740       1.136700       1.138660    
   1.084140       1.086030       1.086090       1.086150       1.088790       1.093770       1.093890       1.097560       1.101110       1.101340       1.101840       1.103760       1.107100       1.108080       1.109070       1.111050       1.113030       1.115010       1.118850       1.120750       1.122730       1.124700       1.126680       1.128650       1.130620       1.132590       1.134550       1.136520       1.138480       1.140440    
   1.086030       1.086060       1.086090       1.088700       1.093770       1.093830       1.097560       1.101230       1.101340       1.101590       1.103510       1.107100       1.107590       1.108090       1.109400       1.111050       1.113030       1.118220       1.121650       1.122550       1.124520       1.126490       1.128460       1.130430       1.132400       1.134370       1.136330       1.138290       1.140260       1.142210    
   1.086050       1.086060       1.088660       1.093770       1.093800       1.097560       1.101280       1.101340       1.101460       1.103380       1.107100       1.107350       1.107590       1.108360       1.109510       1.111160       1.117390       1.122100       1.122550       1.124460       1.126310       1.128280       1.130250       1.132220       1.134190       1.136150       1.138120       1.140080       1.142040       1.143990    
   1.086050       1.088630       1.093770       1.093790       1.097560       1.101310       1.101340       1.101400       1.103320       1.107100       1.107220       1.107350       1.107770       1.108490       1.109680       1.117670       1.122320       1.122550       1.126480       1.128110       1.129290       1.130080       1.132040       1.134010       1.135980       1.137940       1.139900       1.141860       1.143820       1.145780    
   1.088620       1.093770       1.093780       1.097560       1.101330       1.101340       1.101370       1.103290       1.107100       1.107160       1.107220       1.107450       1.107870       1.115240       1.121920       1.127960       1.127950       1.128990       1.130210       1.130810       1.129910       1.131870       1.133840       1.135800       1.137770       1.139730       1.141690       1.143650       1.145610       1.147560    
   1.093770       1.093770       1.097560       1.101330       1.101340       1.101360       1.103280       1.107100       1.107130       1.107160       1.107280       1.107510       1.120160       1.135090       1.135030       1.132680       1.133590       1.133360       1.132340       1.131710       1.131710       1.133670       1.135640       1.137600       1.139560       1.141520       1.143480       1.145440       1.147400       1.149350    
   1.093770       1.097560       1.101340       1.101340       1.101350       1.103270       1.107100       1.107120       1.107130       1.107190       1.119810       1.138550       1.136290       1.135140       1.135140       1.135030       1.134160       1.133810       1.133360       1.133480       1.133510       1.135480       1.137440       1.139400       1.141360       1.143320       1.145280       1.147230       1.149190       1.151140    
   1.097560       1.101340       1.101340       1.101340       1.103260       1.107100       1.107110       1.107120       1.107150       1.122250       1.138550       1.138550       1.138550       1.136370       1.135260       1.135260       1.135030       1.134450       1.134260       1.133360       1.135320       1.137280       1.139240       1.141200       1.143160       1.145120       1.147070       1.149030       1.150980       1.152940    
   1.101340       1.101340       1.101340       1.103260       1.107100       1.107100       1.107110       1.116780       1.126970       1.138560       1.138550       1.138550       1.138550       1.138550       1.136540       1.135490       1.135490       1.135030       1.135140       1.135170       1.137130       1.139090       1.141050       1.143000       1.144960       1.146920       1.148870       1.150830       1.152780       1.154730    
   1.101340       1.101340       1.103260       1.107100       1.107100       1.122530       1.145680       1.145730       1.145770       1.140970       1.138570       1.138550       1.138550       1.138550       1.138550       1.136870       1.135940       1.135940       1.135030       1.136990       1.138940       1.140900       1.142850       1.144810       1.146770       1.148720       1.150680       1.152630       1.154580       1.156530    
   1.101340       1.103260       1.107100       1.107100       1.125620       1.145680       1.145680       1.145680       1.145730       1.145770       1.141000       1.138600       1.138550       1.138550       1.138550       1.138550       1.137500       1.136850       1.136850       1.138800       1.140760       1.142710       1.144670       1.146620       1.148570       1.150530       1.152480       1.154430       1.156390       1.158340    
