iMOD/TUTORIALS/TUT_MetaswapAnalyser/model_MetaSWAP/meteo/Evaporation/Evaporation_20060116_L1.ASC
NCOLS                30
NROWS                30
XLLCORNER     160000.00
YLLCORNER     340000.00
CELLSIZE        1000.00
NODATA_VALUE   -9999.00
  0.4836300      0.4840800      0.4845300      0.4849800      0.4854400      0.4858900      0.4863500      0.4868100      0.4872700      0.4877400      0.4882000      0.4886700      0.4891400      0.4896100      0.4900900      0.4905600      0.4910400      0.4915200      0.4920000      0.4924800      0.4929600      0.4934500      0.4939300      0.4944200      0.4949100      0.4954100      0.4959000      0.4963900      0.4968900      0.4973900    
  0.4841500      0.4846000      0.4850500      0.4855100      0.4859600      0.4864200      0.4868700      0.4873300      0.4877900      0.4882600      0.4887200      0.4891900      0.4896600      0.4901300      0.4906000      0.4910700      0.4915500      0.4920200      0.4925000      0.4929800      0.4934700      0.4939500      0.4944400      0.4949200      0.4954100      0.4959000      0.4964000      0.4968900      0.4973900      0.4978800    
  0.4846700      0.4851200      0.4855700      0.4860200      0.4864800      0.4869300      0.4873900      0.4878500      0.4883100      0.4887700      0.4892300      0.4897000      0.4901700      0.4906300      0.4911100      0.4915800      0.4920500      0.4925300      0.4930100      0.4934900      0.4939700      0.4944500      0.4949300      0.4954200      0.4959100      0.4964000      0.4968900      0.4973800      0.4978800      0.4983700    
  0.4851800      0.4856300      0.4860800      0.4865300      0.4869900      0.4874400      0.4879000      0.4883600      0.4888100      0.4892800      0.4897400      0.4902000      0.4906700      0.4911400      0.4916100      0.4920800      0.4925500      0.4930300      0.4935000      0.4939800      0.4944600      0.4949400      0.4954300      0.4959100      0.4964000      0.4968900      0.4973800      0.4978700      0.4983700      0.4988600    
  0.4856900      0.4861300      0.4865900      0.4870400      0.4874900      0.4879500      0.4884000      0.4888600      0.4893200      0.4897800      0.4902400      0.4907000      0.4911700      0.4916400      0.4921100      0.4925800      0.4930500      0.4935200      0.4940000      0.4944800      0.4949500      0.4954400      0.4959200      0.4964000      0.4968900      0.4973800      0.4978700      0.4983600      0.4988500      0.4993400    
  0.4861800      0.4866300      0.4870800      0.4875400      0.4879900      0.4884400      0.4889000      0.4893600      0.4898100      0.4902700      0.4907400      0.4912000      0.4916600      0.4921300      0.4926000      0.4930700      0.4935400      0.4940100      0.4944900      0.4949600      0.4954400      0.4959200      0.4964000      0.4968900      0.4973700      0.4978600      0.4983500      0.4988400      0.4993300      0.4998200    
  0.4866800      0.4871300      0.4875800      0.4880300      0.4884800      0.4889400      0.4893900      0.4898500      0.4903100      0.4907700      0.4912300      0.4916900      0.4921500      0.4926200      0.4930900      0.4935600      0.4940300      0.4945000      0.4949700      0.4954500      0.4959300      0.4964100      0.4968900      0.4973700      0.4978500      0.4983400      0.4988300      0.4993200      0.4998100      0.5003000    
  0.4871600      0.4876100      0.4880600      0.4885200      0.4889700      0.4894200      0.4898800      0.4903400      0.4907900      0.4912500      0.4917100      0.4921800      0.4926400      0.4931000      0.4935700      0.4940400      0.4945100      0.4949800      0.4954500      0.4959300      0.4964100      0.4968900      0.4973700      0.4978500      0.4983300      0.4988200      0.4993000      0.4997900      0.5002800      0.5007800    
  0.4876400      0.4880900      0.4885400      0.4890000      0.4894500      0.4899100      0.4903600      0.4908200      0.4912700      0.4917300      0.4921900      0.4926600      0.4931200      0.4935800      0.4940500      0.4945200      0.4949900      0.4954600      0.4959300      0.4964100      0.4968800      0.4973600      0.4978400      0.4983200      0.4988000      0.4992900      0.4997800      0.5002600      0.5007500      0.5012500    
  0.4881200      0.4885700      0.4890200      0.4894700      0.4899300      0.4903800      0.4908400      0.4912900      0.4917500      0.4922100      0.4926700      0.4931300      0.4935900      0.4940600      0.4945300      0.4949900      0.4954600      0.4959300      0.4964000      0.4968800      0.4973500      0.4978300      0.4983100      0.4987900      0.4992700      0.4997600      0.5002400      0.5007300      0.5012200      0.5017100    
  0.4881170      0.4885700      0.4892500      0.4899400      0.4904000      0.4908500      0.4913100      0.4917700      0.4922200      0.4926800      0.4931400      0.4936000      0.4940700      0.4945300      0.4950000      0.4954600      0.4959300      0.4964000      0.4968700      0.4973500      0.4978200      0.4983000      0.4987800      0.4992600      0.4997400      0.5002200      0.5007100      0.5012000      0.5016900      0.5021800    
  0.4881170      0.4889690      0.4899400      0.4906350      0.4908700      0.4913200      0.4917800      0.4922300      0.4926900      0.4931500      0.4936100      0.4940700      0.4945300      0.4950000      0.4954600      0.4959300      0.4964000      0.4968700      0.4973400      0.4978100      0.4982900      0.4987600      0.4992400      0.4997200      0.5002000      0.5006900      0.5011700      0.5016600      0.5021500      0.5026400    
  0.4886720      0.4899400      0.4907510      0.4911000      0.4913300      0.4917800      0.4922400      0.4927000      0.4931500      0.4936100      0.4940700      0.4945300      0.4950000      0.4954600      0.4959200      0.4963900      0.4968600      0.4973300      0.4978000      0.4982700      0.4987500      0.4992200      0.4997000      0.5001800      0.5006600      0.5011500      0.5016300      0.5021200      0.5026000      0.5031000    
  0.4899400      0.4908090      0.4912150      0.4913300      0.4917830      0.4922400      0.4927000      0.4931500      0.4936100      0.4940700      0.4945300      0.4949900      0.4954500      0.4959200      0.4963800      0.4968500      0.4973200      0.4977900      0.4982600      0.4987300      0.4992000      0.4996800      0.5001600      0.5006400      0.5011200      0.5016000      0.5020900      0.5025700      0.5030600      0.5035500    
  0.4908380      0.4912730      0.4913300      0.4917840      0.4922400      0.4926970      0.4931500      0.4936100      0.4940600      0.4945200      0.4949800      0.4954400      0.4959100      0.4963700      0.4968400      0.4973000      0.4977700      0.4982400      0.4987100      0.4991800      0.4996600      0.5001300      0.5006100      0.5010900      0.5015700      0.5020500      0.5025400      0.5030200      0.5035100      0.5040000    
  0.4913010      0.4913300      0.4917850      0.4922400      0.4926960      0.4931500      0.4933800      0.4936070      0.4942900      0.4949700      0.4954300      0.4958900      0.4963600      0.4968200      0.4972800      0.4977500      0.4982200      0.4986900      0.4991600      0.4996300      0.5001100      0.5005800      0.5010600      0.5015400      0.5020200      0.5025000      0.5029900      0.5034700      0.5039600      0.5044500    
  0.4913300      0.4917850      0.4922400      0.4926950      0.4931500      0.4932650      0.4933790      0.4940620      0.4949700      0.4952000      0.4958820      0.4963400      0.4968000      0.4972700      0.4977300      0.4982000      0.4986600      0.4991300      0.4996000      0.5000800      0.5005500      0.5010300      0.5015000      0.5019800      0.5024600      0.5029500      0.5034300      0.5039200      0.5044100      0.5049000    
  0.4917850      0.4922400      0.4926950      0.4931500      0.4932080      0.4932650      0.4939190      0.4949700      0.4950850      0.4958780      0.4965600      0.4967800      0.4972400      0.4977100      0.4981700      0.4986400      0.4991100      0.4995800      0.5000500      0.5005200      0.5009900      0.5014700      0.5019500      0.5024300      0.5029100      0.5033900      0.5038700      0.5043600      0.5048500      0.5053400    
  0.4922400      0.4926950      0.4931500      0.4931790      0.4932070      0.4938400      0.4949700      0.4950270      0.4958770      0.4966700      0.4967800      0.4970100      0.4974700      0.4981500      0.4986100      0.4990800      0.4995500      0.5000100      0.5004900      0.5009600      0.5014300      0.5019100      0.5023900      0.5028700      0.5033500      0.5038300      0.5043100      0.5048000      0.5052900      0.5057800    
  0.4926950      0.4931500      0.4931640      0.4931790      0.4937990      0.4949700      0.4949990      0.4958760      0.4967250      0.4967800      0.4968950      0.4973520      0.4981500      0.4983800      0.4986130      0.4990800      0.4995470      0.5000170      0.5009360      0.5013900      0.5018700      0.5023400      0.5028200      0.5033000      0.5037800      0.5042700      0.5047500      0.5052400      0.5057300      0.5062200    
  0.4931500      0.4931570      0.4931640      0.4937780      0.4949700      0.4949840      0.4958750      0.4967530      0.4967800      0.4968370      0.4972940      0.4981500      0.4982650      0.4983810      0.4986910      0.4990800      0.4995480      0.5007880      0.5016100      0.5018300      0.5023000      0.5027800      0.5032500      0.5037300      0.5042200      0.5047000      0.5051800      0.5056700      0.5061600      0.5066500    
  0.4931540      0.4931570      0.4937670      0.4949700      0.4949770      0.4958750      0.4967660      0.4967800      0.4968090      0.4972650      0.4981500      0.4982080      0.4982650      0.4984460      0.4987170      0.4991060      0.5005930      0.5017200      0.5018300      0.5022870      0.5027300      0.5032100      0.5036800      0.5041600      0.5046500      0.5051300      0.5056200      0.5061000      0.5065900      0.5070800    
  0.4931540      0.4937620      0.4949700      0.4949740      0.4958750      0.4967730      0.4967800      0.4967940      0.4972510      0.4981500      0.4981790      0.4982080      0.4983060      0.4984760      0.4987560      0.5006570      0.5017750      0.5018300      0.5027650      0.5031550      0.5034420      0.5036300      0.5041100      0.5045900      0.5050700      0.5055600      0.5060400      0.5065300      0.5070200      0.5075100    
  0.4937590      0.4949700      0.4949720      0.4958750      0.4967770      0.4967800      0.4967870      0.4972440      0.4981500      0.4981640      0.4981790      0.4982310      0.4983300      0.5000600      0.5016450      0.5030940      0.5030950      0.5033480      0.5036480      0.5037900      0.5035800      0.5040600      0.5045400      0.5050200      0.5055000      0.5059800      0.5064700      0.5069600      0.5074500      0.5079400    
  0.4949700      0.4949710      0.4958750      0.4967780      0.4967800      0.4967840      0.4972400      0.4981500      0.4981570      0.4981640      0.4981910      0.4982470      0.5012120      0.5047130      0.5047000      0.5041840      0.5044110      0.5043600      0.5041380      0.5040000      0.5040000      0.5044800      0.5049600      0.5054400      0.5059200      0.5064100      0.5068900      0.5073800      0.5078700      0.5083600    
  0.4949700      0.4958750      0.4967790      0.4967800      0.4967820      0.4972380      0.4981500      0.4981540      0.4981570      0.4981710      0.5010960      0.5054400      0.5049660      0.5047260      0.5047260      0.5047000      0.5045290      0.5044620      0.5043600      0.5044030      0.5044200      0.5049000      0.5053800      0.5058600      0.5063400      0.5068300      0.5073100      0.5078000      0.5082900      0.5087900    
  0.4958750      0.4967800      0.4967800      0.4967810      0.4972380      0.4981500      0.4981520      0.4981540      0.4981610      0.5016610      0.5054400      0.5054400      0.5054400      0.5049850      0.5047510      0.5047510      0.5047000      0.5045940      0.5045650      0.5043600      0.5048300      0.5053100      0.5057900      0.5062700      0.5067600      0.5072400      0.5077300      0.5082200      0.5087100      0.5092100    
  0.4967800      0.4967800      0.4967800      0.4972370      0.4981500      0.4981510      0.4981520      0.5003490      0.5027140      0.5054410      0.5054400      0.5054400      0.5054400      0.5054400      0.5050220      0.5048020      0.5048020      0.5047000      0.5047530      0.5047700      0.5052400      0.5057200      0.5062000      0.5066900      0.5071700      0.5076600      0.5081500      0.5086400      0.5091300      0.5096200    
  0.4967800      0.4967800      0.4972370      0.4981500      0.4981500      0.5016310      0.5068500      0.5068900      0.5069300      0.5059400      0.5054430      0.5054400      0.5054400      0.5054400      0.5054400      0.5050960      0.5049040      0.5049050      0.5047000      0.5051800      0.5056500      0.5061300      0.5066200      0.5071000      0.5075800      0.5080700      0.5085600      0.5090500      0.5095400      0.5100400    
  0.4967800      0.4972370      0.4981500      0.4981500      0.5023270      0.5068510      0.5068510      0.5068500      0.5068900      0.5069300      0.5059450      0.5054500      0.5054400      0.5054400      0.5054400      0.5054400      0.5052360      0.5051070      0.5051100      0.5055800      0.5060600      0.5065400      0.5070200      0.5075100      0.5079900      0.5084800      0.5089700      0.5094600      0.5099600      0.5104500    
