iMOD/TUTORIALS/TUT_MetaswapAnalyser/model_MetaSWAP/meteo/Evaporation/Evaporation_20050718_L1.ASC
NCOLS                30
NROWS                30
XLLCORNER     160000.00
YLLCORNER     340000.00
CELLSIZE        1000.00
NODATA_VALUE   -9999.00
   3.194580       3.206860       3.219330       3.231960       3.244760       3.257710       3.270810       3.284040       3.297400       3.310870       3.324450       3.338120       3.351890       3.365740       3.379670       3.393660       3.407710       3.421820       3.435980       3.450170       3.464410       3.478670       3.492960       3.507270       3.521600       3.535930       3.550280       3.564620       3.578970       3.593310    
   3.204220       3.216510       3.228990       3.241630       3.254430       3.267380       3.280470       3.293690       3.307040       3.320500       3.334070       3.347730       3.361480       3.375320       3.389220       3.403200       3.417230       3.431310       3.445440       3.459620       3.473820       3.488060       3.502320       3.516600       3.530890       3.545190       3.559500       3.573800       3.588110       3.602410    
   3.214020       3.226330       3.238810       3.251460       3.264260       3.277210       3.290290       3.303510       3.316850       3.330300       3.343850       3.357500       3.371240       3.385060       3.398940       3.412900       3.426900       3.440970       3.455070       3.469220       3.483390       3.497600       3.511830       3.526070       3.540330       3.554590       3.568860       3.583130       3.597390       3.611650    
   3.223980       3.236300       3.248790       3.261440       3.274250       3.287200       3.300280       3.313490       3.326820       3.340260       3.353800       3.367440       3.381160       3.394950       3.408820       3.422750       3.436740       3.450770       3.464850       3.478970       3.493120       3.507290       3.521480       3.535690       3.549910       3.564140       3.578360       3.592590       3.606810       3.621020    
   3.234090       3.246430       3.258930       3.271580       3.284390       3.297340       3.310420       3.323620       3.336940       3.350370       3.363900       3.377520       3.391220       3.405000       3.418850       3.432760       3.446720       3.460730       3.474780       3.488860       3.502980       3.517120       3.531280       3.545450       3.559630       3.573820       3.588000       3.602190       3.616360       3.630530    
   3.244340       3.256690       3.269200       3.281870       3.294680       3.307620       3.320700       3.333900       3.347210       3.360630       3.374150       3.387750       3.401440       3.415200       3.429020       3.442910       3.456840       3.470830       3.484850       3.498900       3.512990       3.527090       3.541210       3.555350       3.569490       3.583630       3.597770       3.611910       3.626040       3.640160    
   3.254730       3.267090       3.279610       3.292290       3.305100       3.318050       3.331120       3.344320       3.357620       3.371030       3.384530       3.398120       3.411790       3.425530       3.439330       3.453200       3.467110       3.481060       3.495050       3.509080       3.523130       3.537190       3.551280       3.565370       3.579470       3.593570       3.607670       3.621760       3.635840       3.649910    
   3.265240       3.277620       3.290160       3.302840       3.315650       3.328600       3.341680       3.354870       3.368160       3.381560       3.395050       3.408630       3.422280       3.436000       3.449780       3.463620       3.477500       3.491430       3.505390       3.519380       3.533390       3.547430       3.561470       3.575520       3.589580       3.603640       3.617690       3.631730       3.645760       3.659780    
   3.275880       3.288270       3.300820       3.313510       3.326330       3.339280       3.352360       3.365540       3.378830       3.392220       3.405700       3.419260       3.432890       3.446590       3.460350       3.474170       3.488020       3.501920       3.515850       3.529810       3.543790       3.557780       3.571790       3.585800       3.599810       3.613820       3.627830       3.641820       3.655800       3.669760    
   3.286630       3.299040       3.311600       3.324300       3.337130       3.350080       3.363150       3.376340       3.389620       3.403000       3.416460       3.430010       3.443630       3.457310       3.471050       3.484840       3.498670       3.512540       3.526430       3.540360       3.554300       3.568260       3.582220       3.596190       3.610160       3.624120       3.638080       3.652020       3.665950       3.679860    
   3.286680       3.299090       3.317530       3.335200       3.348030       3.360990       3.374060       3.387240       3.400520       3.413890       3.427350       3.440880       3.454480       3.468140       3.481860       3.495620       3.509430       3.523270       3.537130       3.551020       3.564930       3.578840       3.592770       3.606690       3.620620       3.634530       3.648440       3.662330       3.676200       3.690050    
   3.286730       3.309630       3.335200       3.353110       3.359040       3.372010       3.385080       3.398260       3.411530       3.424890       3.438340       3.451850       3.465440       3.479080       3.492780       3.506520       3.520300       3.534100       3.547940       3.561800       3.575660       3.589540       3.603420       3.617300       3.631180       3.645040       3.658900       3.672730       3.686550       3.700350    
   3.301510       3.335200       3.355760       3.364590       3.370150       3.383120       3.396190       3.409370       3.422640       3.436000       3.449430       3.462930       3.476500       3.490130       3.503800       3.517520       3.531270       3.545050       3.558850       3.572670       3.586500       3.600340       3.614180       3.628010       3.641840       3.655660       3.669460       3.683240       3.697000       3.710740    
   3.335200       3.357120       3.367370       3.370150       3.382530       3.394320       3.407400       3.420580       3.433840       3.447190       3.460620       3.474110       3.487660       3.501270       3.514920       3.528620       3.542340       3.556090       3.569860       3.583650       3.597440       3.611240       3.625030       3.638820       3.652600       3.666370       3.680110       3.693840       3.707550       3.721230    
   3.357810       3.368760       3.370150       3.382330       3.394320       3.406810       3.418700       3.431870       3.445140       3.458480       3.471900       3.485380       3.498920       3.512510       3.526140       3.539810       3.553510       3.567230       3.580970       3.594720       3.608470       3.622230       3.635980       3.649720       3.663450       3.677170       3.690860       3.704530       3.718180       3.731790    
   3.369460       3.370150       3.382270       3.394320       3.406610       3.418700       3.425280       3.431900       3.451330       3.469850       3.483260       3.496730       3.510260       3.523830       3.537440       3.551090       3.564760       3.578450       3.592160       3.605870       3.619590       3.633310       3.647010       3.660710       3.674390       3.688050       3.701690       3.715300       3.728890       3.742440    
   3.370150       3.382250       3.394320       3.406540       3.418700       3.421990       3.425300       3.444590       3.469850       3.476550       3.495530       3.508160       3.521670       3.535230       3.548820       3.562450       3.576090       3.589760       3.603430       3.617110       3.630790       3.644470       3.658130       3.671780       3.685410       3.699020       3.712600       3.726150       3.739680       3.753170    
   3.382240       3.394320       3.406520       3.418700       3.420350       3.422000       3.440430       3.469850       3.473200       3.495100       3.513920       3.519670       3.533170       3.546710       3.560280       3.573880       3.587510       3.601140       3.614790       3.628430       3.642070       3.655700       3.669320       3.682920       3.696500       3.710060       3.723580       3.737080       3.750540       3.763970    
   3.394320       3.406510       3.418700       3.419520       3.420350       3.438160       3.469850       3.471530       3.494920       3.516790       3.519670       3.526420       3.539450       3.558250       3.571810       3.585390       3.598990       3.612600       3.626210       3.639820       3.653420       3.667010       3.680590       3.694140       3.707670       3.721160       3.734630       3.748070       3.761470       3.774840    
   3.406510       3.418700       3.419110       3.419520       3.436970       3.469850       3.470690       3.494840       3.518230       3.519670       3.523050       3.535950       3.558250       3.565030       3.571820       3.585400       3.598990       3.612600       3.638540       3.651270       3.664840       3.678390       3.691920       3.705420       3.718900       3.732340       3.745750       3.759130       3.772460       3.785760    
   3.418700       3.418910       3.419110       3.436360       3.469850       3.470270       3.494800       3.518950       3.519670       3.521360       3.534230       3.558250       3.561640       3.565030       3.574080       3.585400       3.599000       3.633990       3.657030       3.662790       3.676320       3.689820       3.703310       3.716760       3.730190       3.743580       3.756930       3.770240       3.783510       3.796740    
   3.418800       3.418910       3.436060       3.469850       3.470060       3.494780       3.519310       3.519670       3.520510       3.533380       3.558250       3.559950       3.561640       3.566920       3.574840       3.586160       3.628220       3.659910       3.662790       3.675650       3.687850       3.701320       3.714760       3.728160       3.741530       3.754860       3.768160       3.781410       3.794610       3.807780    
   3.418800       3.435900       3.469850       3.469950       3.494770       3.519490       3.519670       3.520090       3.532950       3.558250       3.559100       3.559950       3.562830       3.567800       3.575970       3.629680       3.661350       3.662790       3.688700       3.699460       3.707510       3.712860       3.726250       3.739610       3.752930       3.766200       3.779430       3.792620       3.805760       3.818850    
   3.435830       3.469850       3.469900       3.494770       3.519580       3.519670       3.519880       3.532740       3.558250       3.558670       3.559100       3.560630       3.563530       3.612440       3.657120       3.697840       3.697820       3.704810       3.713040       3.716900       3.711070       3.724450       3.737800       3.751100       3.764370       3.777580       3.790750       3.803880       3.816950       3.829970    
   3.469850       3.469880       3.494760       3.519630       3.519670       3.519780       3.532640       3.558250       3.558460       3.558670       3.559470       3.561080       3.644800       3.743530       3.743160       3.728300       3.734330       3.732860       3.726640       3.722750       3.722730       3.736080       3.749380       3.762630       3.775840       3.789000       3.802110       3.815170       3.828170       3.841130    
   3.469860       3.494760       3.519650       3.519670       3.519720       3.532580       3.558250       3.558360       3.558460       3.558870       3.642000       3.765400       3.751130       3.743900       3.743900       3.743160       3.737900       3.735810       3.732860       3.734050       3.734440       3.747740       3.760990       3.774200       3.787350       3.800460       3.813500       3.826490       3.839430       3.852310    
   3.494760       3.519660       3.519670       3.519700       3.532560       3.558250       3.558300       3.558360       3.558560       3.658030       3.765400       3.765400       3.765400       3.751680       3.744640       3.744640       3.743160       3.739760       3.738750       3.732860       3.746170       3.759430       3.772640       3.785790       3.798890       3.811930       3.824920       3.837840       3.850710       3.863510    
   3.519660       3.519670       3.519680       3.532540       3.558250       3.558280       3.558300       3.621560       3.688680       3.765430       3.765400       3.765400       3.765400       3.765400       3.752760       3.746120       3.746120       3.743160       3.744280       3.744640       3.757920       3.771140       3.784300       3.797410       3.810450       3.823430       3.836350       3.849210       3.862000       3.874730    
   3.519670       3.519680       3.532540       3.558250       3.558260       3.658700       3.809320       3.810170       3.811010       3.780690       3.765500       3.765400       3.765400       3.765400       3.765400       3.754900       3.749080       3.749080       3.743160       3.756450       3.769680       3.782860       3.795980       3.809040       3.822020       3.834950       3.847800       3.860590       3.873310       3.885960    
   3.519670       3.532530       3.558250       3.558260       3.678790       3.809340       3.809340       3.809320       3.810170       3.811010       3.780860       3.765690       3.765400       3.765400       3.765400       3.765400       3.758990       3.755000       3.755000       3.768250       3.781460       3.794600       3.807670       3.820680       3.833610       3.846470       3.859260       3.871970       3.884620       3.897200    
