iMOD/TUTORIALS/TUT_MetaswapAnalyser/model_MetaSWAP/meteo/Evaporation/Evaporation_20061031_L1.ASC
NCOLS                30
NROWS                30
XLLCORNER     160000.00
YLLCORNER     340000.00
CELLSIZE        1000.00
NODATA_VALUE   -9999.00
  0.3946300      0.3923100      0.3899600      0.3876000      0.3852200      0.3828300      0.3804200      0.3779900      0.3755600      0.3731100      0.3706600      0.3682000      0.3657300      0.3632600      0.3607900      0.3583100      0.3558300      0.3533500      0.3508700      0.3483900      0.3459200      0.3434400      0.3409700      0.3384900      0.3360300      0.3335600      0.3311000      0.3286500      0.3262000      0.3237600    
  0.3940100      0.3916800      0.3893300      0.3869700      0.3845800      0.3821800      0.3797700      0.3773400      0.3749000      0.3724600      0.3700000      0.3675400      0.3650700      0.3626000      0.3601200      0.3576400      0.3551600      0.3526700      0.3501900      0.3477100      0.3452300      0.3427500      0.3402700      0.3378000      0.3353300      0.3328600      0.3304000      0.3279400      0.3254900      0.3230400    
  0.3933800      0.3910500      0.3886900      0.3863200      0.3839300      0.3815200      0.3791100      0.3766800      0.3742400      0.3717900      0.3693300      0.3668600      0.3643900      0.3619200      0.3594400      0.3569500      0.3544700      0.3519800      0.3495000      0.3470100      0.3445300      0.3420400      0.3395600      0.3370900      0.3346100      0.3321400      0.3296800      0.3272200      0.3247600      0.3223100    
  0.3927400      0.3904000      0.3880300      0.3856600      0.3832600      0.3808500      0.3784300      0.3760000      0.3735600      0.3711000      0.3686400      0.3661700      0.3637000      0.3612200      0.3587400      0.3562500      0.3537700      0.3512800      0.3487900      0.3463000      0.3438100      0.3413300      0.3388500      0.3363700      0.3338900      0.3314200      0.3289500      0.3264900      0.3240300      0.3215700    
  0.3920800      0.3897300      0.3873700      0.3849800      0.3825800      0.3801700      0.3777500      0.3753100      0.3728600      0.3704100      0.3679400      0.3654700      0.3629900      0.3605100      0.3580300      0.3555400      0.3530500      0.3505600      0.3480700      0.3455800      0.3430900      0.3406000      0.3381200      0.3356400      0.3331600      0.3306800      0.3282100      0.3257400      0.3232800      0.3208300    
  0.3914200      0.3890600      0.3866900      0.3843000      0.3818900      0.3794800      0.3770500      0.3746100      0.3721600      0.3697000      0.3672300      0.3647600      0.3622800      0.3597900      0.3573100      0.3548200      0.3523200      0.3498300      0.3473400      0.3448500      0.3423500      0.3398600      0.3373800      0.3348900      0.3324100      0.3299300      0.3274600      0.3249900      0.3225300      0.3200700    
  0.3907500      0.3883800      0.3860000      0.3836000      0.3811900      0.3787700      0.3763400      0.3738900      0.3714400      0.3689800      0.3665100      0.3640300      0.3615500      0.3590600      0.3565700      0.3540800      0.3515900      0.3490900      0.3466000      0.3441000      0.3416100      0.3391200      0.3366300      0.3341400      0.3316600      0.3291800      0.3267000      0.3242300      0.3217700      0.3193100    
  0.3900600      0.3876900      0.3853000      0.3829000      0.3804800      0.3780600      0.3756200      0.3731700      0.3707100      0.3682500      0.3657700      0.3633000      0.3608100      0.3583200      0.3558300      0.3533400      0.3508400      0.3483400      0.3458400      0.3433500      0.3408500      0.3383600      0.3358700      0.3333800      0.3308900      0.3284100      0.3259400      0.3234600      0.3210000      0.3185300    
  0.3893700      0.3869900      0.3845900      0.3821900      0.3797700      0.3773300      0.3748900      0.3724400      0.3699800      0.3675100      0.3650300      0.3625500      0.3600600      0.3575700      0.3550800      0.3525800      0.3500800      0.3475800      0.3450800      0.3425800      0.3400900      0.3375900      0.3351000      0.3326100      0.3301200      0.3276400      0.3251600      0.3226900      0.3202200      0.3177500    
  0.3886700      0.3862800      0.3838800      0.3814700      0.3790400      0.3766000      0.3741500      0.3717000      0.3692300      0.3667600      0.3642800      0.3617900      0.3593000      0.3568100      0.3543100      0.3518100      0.3493100      0.3468100      0.3443100      0.3418100      0.3393100      0.3368100      0.3343200      0.3318300      0.3293400      0.3268500      0.3243800      0.3219000      0.3194300      0.3169700    
  0.3886670      0.3862770      0.3830920      0.3807400      0.3783000      0.3758600      0.3734100      0.3709500      0.3684800      0.3660000      0.3635200      0.3610300      0.3585400      0.3560400      0.3535400      0.3510400      0.3485300      0.3460300      0.3435300      0.3410300      0.3385300      0.3360300      0.3335300      0.3310400      0.3285500      0.3260600      0.3235800      0.3211100      0.3186400      0.3161700    
  0.3886620      0.3846940      0.3807400      0.3783520      0.3775600      0.3751100      0.3726600      0.3701900      0.3677100      0.3652300      0.3627500      0.3602600      0.3577600      0.3552600      0.3527600      0.3502500      0.3477500      0.3452400      0.3427400      0.3402300      0.3377300      0.3352300      0.3327300      0.3302400      0.3277500      0.3252600      0.3227800      0.3203000      0.3178300      0.3153700    
  0.3862840      0.3807400      0.3782720      0.3771850      0.3768100      0.3743600      0.3718900      0.3694200      0.3669500      0.3644600      0.3619700      0.3594800      0.3569800      0.3544700      0.3519700      0.3494600      0.3469600      0.3444500      0.3419400      0.3394400      0.3369300      0.3344300      0.3319300      0.3294400      0.3269400      0.3244600      0.3219700      0.3195000      0.3170200      0.3145600    
  0.3807400      0.3782050      0.3769980      0.3768100      0.3749230      0.3736000      0.3711300      0.3686500      0.3661700      0.3636800      0.3611900      0.3586900      0.3561900      0.3536800      0.3511700      0.3486600      0.3461500      0.3436400      0.3411400      0.3386300      0.3361200      0.3336200      0.3311200      0.3286200      0.3261300      0.3236400      0.3211600      0.3186800      0.3162100      0.3137400    
  0.3781650      0.3769040      0.3768100      0.3751110      0.3736000      0.3716970      0.3703600      0.3678700      0.3653900      0.3628900      0.3604000      0.3578900      0.3553900      0.3528800      0.3503700      0.3478600      0.3453500      0.3428300      0.3403200      0.3378100      0.3353100      0.3328000      0.3303000      0.3278100      0.3253100      0.3228200      0.3203400      0.3178600      0.3153900      0.3129200    
  0.3768570      0.3768100      0.3751740      0.3736000      0.3718860      0.3703600      0.3691150      0.3678730      0.3645630      0.3621000      0.3596000      0.3570900      0.3545800      0.3520700      0.3495600      0.3470500      0.3445300      0.3420200      0.3395100      0.3369900      0.3344900      0.3319800      0.3294800      0.3269800      0.3244900      0.3220000      0.3195100      0.3170300      0.3145600      0.3120900    
  0.3768100      0.3751950      0.3736000      0.3719490      0.3703600      0.3697380      0.3691160      0.3659130      0.3621000      0.3608500      0.3581120      0.3562900      0.3537700      0.3512600      0.3487400      0.3462300      0.3437100      0.3411900      0.3386800      0.3361700      0.3336600      0.3311500      0.3286500      0.3261500      0.3236500      0.3211600      0.3186800      0.3162000      0.3137300      0.3112600    
  0.3752020      0.3736000      0.3719690      0.3703600      0.3700490      0.3697380      0.3667170      0.3621000      0.3614750      0.3584850      0.3558850      0.3554800      0.3529600      0.3504400      0.3479200      0.3454000      0.3428800      0.3403700      0.3378500      0.3353400      0.3328200      0.3303200      0.3278100      0.3253100      0.3228200      0.3203300      0.3178400      0.3153600      0.3128900      0.3104200    
  0.3736000      0.3719760      0.3703600      0.3702040      0.3700490      0.3671510      0.3621000      0.3617870      0.3586450      0.3556820      0.3554800      0.3542200      0.3521250      0.3496200      0.3471000      0.3445700      0.3420500      0.3395300      0.3370100      0.3345000      0.3319900      0.3294800      0.3269700      0.3244700      0.3219800      0.3194800      0.3170000      0.3145200      0.3120500      0.3095800    
  0.3719790      0.3703600      0.3702820      0.3702040      0.3673760      0.3621000      0.3619440      0.3587190      0.3555810      0.3554800      0.3548500      0.3528610      0.3496200      0.3483600      0.3470970      0.3445730      0.3420500      0.3395300      0.3355020      0.3336600      0.3311400      0.3286300      0.3261300      0.3236200      0.3211300      0.3186400      0.3161500      0.3136700      0.3112000      0.3087300    
  0.3703600      0.3703210      0.3702820      0.3674910      0.3621000      0.3620220      0.3587550      0.3555310      0.3554800      0.3551650      0.3532030      0.3496200      0.3489900      0.3483590      0.3466770      0.3445730      0.3420510      0.3366250      0.3332350      0.3328100      0.3302900      0.3277800      0.3252800      0.3227700      0.3202800      0.3177900      0.3153000      0.3128200      0.3103500      0.3078800    
  0.3703410      0.3703210      0.3675480      0.3621000      0.3620610      0.3587720      0.3555050      0.3554800      0.3553220      0.3533670      0.3496200      0.3493050      0.3489900      0.3480090      0.3465360      0.3444340      0.3378160      0.3330230      0.3328100      0.3308470      0.3294400      0.3269300      0.3244200      0.3219200      0.3194200      0.3169300      0.3144500      0.3119700      0.3094900      0.3070300    
  0.3703410      0.3675780      0.3621000      0.3620800      0.3587810      0.3554930      0.3554800      0.3554010      0.3534470      0.3496200      0.3494630      0.3493050      0.3487680      0.3478450      0.3463260      0.3383890      0.3329160      0.3328100      0.3298850      0.3285850      0.3270780      0.3260700      0.3235700      0.3210600      0.3185600      0.3160700      0.3135900      0.3111100      0.3086400      0.3061700    
  0.3675920      0.3621000      0.3620900      0.3587860      0.3554860      0.3554800      0.3554410      0.3534870      0.3496200      0.3495410      0.3494620      0.3491780      0.3486390      0.3428550      0.3366340      0.3302400      0.3302400      0.3290030      0.3275850      0.3273000      0.3277300      0.3252200      0.3227100      0.3202000      0.3177000      0.3152100      0.3127300      0.3102500      0.3077800      0.3053100    
  0.3621000      0.3620950      0.3587880      0.3554830      0.3554800      0.3554600      0.3535070      0.3496200      0.3495810      0.3495410      0.3493940      0.3490930      0.3395100      0.3284530      0.3284800      0.3285240      0.3275630      0.3276700      0.3270660      0.3268700      0.3268700      0.3243500      0.3218400      0.3193400      0.3168400      0.3143500      0.3118600      0.3093900      0.3069200      0.3044500    
  0.3620980      0.3587890      0.3554820      0.3554800      0.3554700      0.3535170      0.3496200      0.3496000      0.3495810      0.3495050      0.3409820      0.3284400      0.3284260      0.3284260      0.3284260      0.3284800      0.3278150      0.3274550      0.3276700      0.3264230      0.3260100      0.3234900      0.3209800      0.3184700      0.3159700      0.3134800      0.3110000      0.3085200      0.3060500      0.3035900    
  0.3587890      0.3554810      0.3554800      0.3554750      0.3535220      0.3496200      0.3496100      0.3496000      0.3495620      0.3393900      0.3284400      0.3284400      0.3284400      0.3283850      0.3283710      0.3283710      0.3284800      0.3276540      0.3272400      0.3276700      0.3251400      0.3226200      0.3201100      0.3176100      0.3151100      0.3126200      0.3101300      0.3076600      0.3051900      0.3027300    
  0.3554800      0.3554800      0.3554780      0.3535240      0.3496200      0.3496150      0.3496100      0.3438830      0.3369370      0.3284380      0.3284400      0.3284400      0.3284400      0.3284400      0.3283040      0.3282630      0.3282630      0.3284800      0.3272250      0.3268100      0.3242800      0.3217600      0.3192400      0.3167400      0.3142400      0.3117500      0.3092600      0.3067900      0.3043200      0.3018600    
  0.3554800      0.3554790      0.3535250      0.3496200      0.3496180      0.3411730      0.3285100      0.3276350      0.3267600      0.3278740      0.3284330      0.3284400      0.3284400      0.3284400      0.3284400      0.3281420      0.3280460      0.3280450      0.3284800      0.3259400      0.3234100      0.3208900      0.3183800      0.3158700      0.3133700      0.3108800      0.3084000      0.3059200      0.3034600      0.3010000    
  0.3554790      0.3535260      0.3496200      0.3496190      0.3394850      0.3285080      0.3285080      0.3285100      0.3276350      0.3267600      0.3278620      0.3284190      0.3284400      0.3284400      0.3284400      0.3284400      0.3278180      0.3276130      0.3276100      0.3250800      0.3225500      0.3200200      0.3175100      0.3150000      0.3125000      0.3100100      0.3075300      0.3050500      0.3025900      0.3001300    
