iMOD/TUTORIALS/TUT_MetaswapAnalyser/model_MetaSWAP/meteo/Evaporation/Evaporation_20060310_L1.ASC
NCOLS                30
NROWS                30
XLLCORNER     160000.00
YLLCORNER     340000.00
CELLSIZE        1000.00
NODATA_VALUE   -9999.00
  0.4977200      0.4980300      0.4983500      0.4986800      0.4990100      0.4993500      0.4997000      0.5000500      0.5004100      0.5007700      0.5011300      0.5014900      0.5018500      0.5022200      0.5025800      0.5029400      0.5033100      0.5036700      0.5040300      0.5043800      0.5047400      0.5050900      0.5054300      0.5057800      0.5061200      0.5064600      0.5067900      0.5071200      0.5074500      0.5077700    
  0.4980500      0.4983600      0.4986800      0.4990100      0.4993400      0.4996800      0.5000300      0.5003800      0.5007300      0.5010900      0.5014500      0.5018100      0.5021800      0.5025400      0.5029000      0.5032600      0.5036300      0.5039900      0.5043500      0.5047000      0.5050600      0.5054100      0.5057600      0.5061000      0.5064500      0.5067800      0.5071200      0.5074500      0.5077800      0.5081100    
  0.4983900      0.4987000      0.4990100      0.4993400      0.4996700      0.5000100      0.5003600      0.5007000      0.5010600      0.5014100      0.5017700      0.5021300      0.5025000      0.5028600      0.5032200      0.5035800      0.5039400      0.5043100      0.5046600      0.5050200      0.5053800      0.5057300      0.5060800      0.5064200      0.5067700      0.5071100      0.5074500      0.5077800      0.5081100      0.5084400    
  0.4987200      0.4990200      0.4993400      0.4996700      0.5000000      0.5003400      0.5006800      0.5010300      0.5013800      0.5017300      0.5020900      0.5024500      0.5028100      0.5031800      0.5035400      0.5039000      0.5042600      0.5046200      0.5049800      0.5053400      0.5056900      0.5060500      0.5064000      0.5067400      0.5070900      0.5074300      0.5077700      0.5081000      0.5084300      0.5087600    
  0.4990400      0.4993500      0.4996700      0.4999900      0.5003200      0.5006600      0.5010000      0.5013500      0.5017000      0.5020500      0.5024100      0.5027700      0.5031300      0.5034900      0.5038500      0.5042100      0.5045800      0.5049400      0.5052900      0.5056500      0.5060100      0.5063600      0.5067100      0.5070600      0.5074000      0.5077500      0.5080900      0.5084200      0.5087600      0.5090900    
  0.4993700      0.4996800      0.4999900      0.5003200      0.5006500      0.5009800      0.5013200      0.5016700      0.5020200      0.5023700      0.5027300      0.5030900      0.5034500      0.5038100      0.5041700      0.5045300      0.5048900      0.5052500      0.5056100      0.5059600      0.5063200      0.5066700      0.5070200      0.5073700      0.5077200      0.5080600      0.5084000      0.5087400      0.5090700      0.5094100    
  0.4996900      0.5000000      0.5003100      0.5006400      0.5009700      0.5013000      0.5016400      0.5019900      0.5023400      0.5026900      0.5030400      0.5034000      0.5037600      0.5041200      0.5044800      0.5048400      0.5052000      0.5055600      0.5059200      0.5062700      0.5066300      0.5069800      0.5073300      0.5076800      0.5080300      0.5083700      0.5087200      0.5090500      0.5093900      0.5097200    
  0.5000100      0.5003200      0.5006300      0.5009600      0.5012900      0.5016200      0.5019600      0.5023000      0.5026500      0.5030000      0.5033600      0.5037100      0.5040700      0.5044300      0.5047900      0.5051500      0.5055100      0.5058700      0.5062300      0.5065800      0.5069400      0.5072900      0.5076400      0.5079900      0.5083400      0.5086800      0.5090300      0.5093600      0.5097000      0.5100300    
  0.5003300      0.5006400      0.5009500      0.5012700      0.5016000      0.5019400      0.5022700      0.5026200      0.5029600      0.5033100      0.5036700      0.5040200      0.5043800      0.5047400      0.5051000      0.5054600      0.5058100      0.5061700      0.5065300      0.5068900      0.5072400      0.5076000      0.5079500      0.5083000      0.5086500      0.5089900      0.5093300      0.5096700      0.5100100      0.5103400    
  0.5006400      0.5009500      0.5012700      0.5015900      0.5019200      0.5022500      0.5025900      0.5029300      0.5032800      0.5036200      0.5039800      0.5043300      0.5046900      0.5050400      0.5054000      0.5057600      0.5061200      0.5064800      0.5068400      0.5071900      0.5075500      0.5079000      0.5082500      0.5086000      0.5089500      0.5093000      0.5096400      0.5099800      0.5103200      0.5106500    
  0.5006430      0.5009530      0.5014280      0.5019000      0.5022300      0.5025600      0.5029000      0.5032400      0.5035900      0.5039300      0.5042800      0.5046400      0.5049900      0.5053500      0.5057100      0.5060700      0.5064200      0.5067800      0.5071400      0.5075000      0.5078500      0.5082000      0.5085600      0.5089100      0.5092500      0.5096000      0.5099400      0.5102800      0.5106200      0.5109600    
  0.5006470      0.5012310      0.5019000      0.5023800      0.5025400      0.5028700      0.5032100      0.5035500      0.5038900      0.5042400      0.5045900      0.5049400      0.5053000      0.5056500      0.5060100      0.5063700      0.5067300      0.5070800      0.5074400      0.5078000      0.5081500      0.5085000      0.5088600      0.5092100      0.5095500      0.5099000      0.5102400      0.5105800      0.5109200      0.5112600    
  0.5010310      0.5019000      0.5024560      0.5026950      0.5028500      0.5031800      0.5035200      0.5038600      0.5042000      0.5045500      0.5049000      0.5052500      0.5056000      0.5059600      0.5063100      0.5066700      0.5070300      0.5073800      0.5077400      0.5080900      0.5084500      0.5088000      0.5091500      0.5095000      0.5098500      0.5102000      0.5105400      0.5108800      0.5112200      0.5115600    
  0.5019000      0.5024950      0.5027720      0.5028500      0.5031730      0.5034900      0.5038200      0.5041600      0.5045000      0.5048500      0.5052000      0.5055500      0.5059000      0.5062600      0.5066100      0.5069700      0.5073200      0.5076800      0.5080400      0.5083900      0.5087500      0.5091000      0.5094500      0.5098000      0.5101500      0.5104900      0.5108400      0.5111800      0.5115200      0.5118500    
  0.5025140      0.5028110      0.5028500      0.5031710      0.5034900      0.5038100      0.5041200      0.5044600      0.5048100      0.5051500      0.5055000      0.5058500      0.5062000      0.5065600      0.5069100      0.5072700      0.5076200      0.5079800      0.5083300      0.5086900      0.5090400      0.5093900      0.5097400      0.5100900      0.5104400      0.5107900      0.5111300      0.5114700      0.5118100      0.5121500    
  0.5028310      0.5028500      0.5031700      0.5034900      0.5038070      0.5041200      0.5042900      0.5044630      0.5049680      0.5054500      0.5058000      0.5061500      0.5065000      0.5068500      0.5072100      0.5075600      0.5079200      0.5082700      0.5086300      0.5089800      0.5093300      0.5096800      0.5100400      0.5103900      0.5107300      0.5110800      0.5114200      0.5117600      0.5121000      0.5124400    
  0.5028500      0.5031700      0.5034900      0.5038060      0.5041200      0.5042050      0.5042910      0.5047930      0.5054500      0.5056250      0.5061160      0.5064400      0.5067900      0.5071500      0.5075000      0.5078500      0.5082100      0.5085600      0.5089200      0.5092700      0.5096200      0.5099800      0.5103300      0.5106700      0.5110200      0.5113700      0.5117100      0.5120500      0.5123900      0.5127300    
  0.5031700      0.5034900      0.5038050      0.5041200      0.5041620      0.5042050      0.5046850      0.5054500      0.5055380      0.5061040      0.5065900      0.5067400      0.5070900      0.5074400      0.5077900      0.5081500      0.5085000      0.5088500      0.5092100      0.5095600      0.5099100      0.5102600      0.5106100      0.5109600      0.5113100      0.5116600      0.5120000      0.5123400      0.5126800      0.5130100    
  0.5034900      0.5038050      0.5041200      0.5041410      0.5041630      0.5046260      0.5054500      0.5054940      0.5060990      0.5066650      0.5067400      0.5069150      0.5072500      0.5077300      0.5080800      0.5084400      0.5087900      0.5091400      0.5095000      0.5098500      0.5102000      0.5105500      0.5109000      0.5112500      0.5116000      0.5119400      0.5122800      0.5126200      0.5129600      0.5133000    
  0.5038050      0.5041200      0.5041310      0.5041410      0.5045950      0.5054500      0.5054720      0.5060970      0.5067020      0.5067400      0.5068270      0.5071590      0.5077300      0.5079050      0.5080830      0.5084370      0.5087900      0.5091430      0.5098080      0.5101300      0.5104900      0.5108400      0.5111900      0.5115300      0.5118800      0.5122200      0.5125700      0.5129100      0.5132500      0.5135800    
  0.5041200      0.5041250      0.5041310      0.5045790      0.5054500      0.5054610      0.5060960      0.5067210      0.5067400      0.5067840      0.5071140      0.5077300      0.5078180      0.5079060      0.5081420      0.5084370      0.5087900      0.5096870      0.5102750      0.5104200      0.5107700      0.5111200      0.5114700      0.5118200      0.5121600      0.5125000      0.5128500      0.5131900      0.5135300      0.5138600    
  0.5041230      0.5041250      0.5045710      0.5054500      0.5054550      0.5060960      0.5067310      0.5067400      0.5067620      0.5070920      0.5077300      0.5077740      0.5078180      0.5079550      0.5081610      0.5084560      0.5095360      0.5103470      0.5104200      0.5107470      0.5110500      0.5114000      0.5117500      0.5121000      0.5124400      0.5127800      0.5131300      0.5134700      0.5138000      0.5141400    
  0.5041230      0.5045670      0.5054500      0.5054530      0.5060950      0.5067350      0.5067400      0.5067510      0.5070810      0.5077300      0.5077520      0.5077740      0.5078490      0.5079780      0.5081910      0.5095590      0.5103840      0.5104200      0.5110620      0.5113300      0.5115400      0.5116800      0.5120300      0.5123700      0.5127200      0.5130600      0.5134000      0.5137400      0.5140800      0.5144100    
  0.5045650      0.5054500      0.5054510      0.5060950      0.5067380      0.5067400      0.5067450      0.5070750      0.5077300      0.5077410      0.5077520      0.5077920      0.5078670      0.5090750      0.5102040      0.5112540      0.5112550      0.5114390      0.5116560      0.5117500      0.5116100      0.5119600      0.5123000      0.5126500      0.5129900      0.5133400      0.5136800      0.5140200      0.5143500      0.5146900    
  0.5054500      0.5054510      0.5060950      0.5067390      0.5067400      0.5067430      0.5070730      0.5077300      0.5077350      0.5077410      0.5077610      0.5078030      0.5098640      0.5122880      0.5122800      0.5119620      0.5121240      0.5120900      0.5119670      0.5118870      0.5118900      0.5122300      0.5125800      0.5129200      0.5132700      0.5136100      0.5139500      0.5142900      0.5146200      0.5149600    
  0.5054500      0.5060950      0.5067390      0.5067400      0.5067410      0.5070710      0.5077300      0.5077330      0.5077350      0.5077460      0.5097570      0.5127400      0.5124460      0.5122970      0.5122970      0.5122800      0.5121900      0.5121580      0.5120900      0.5121430      0.5121600      0.5125100      0.5128500      0.5132000      0.5135400      0.5138800      0.5142200      0.5145600      0.5148900      0.5152300    
  0.5060950      0.5067400      0.5067400      0.5067410      0.5070710      0.5077300      0.5077310      0.5077330      0.5077380      0.5101440      0.5127400      0.5127400      0.5127400      0.5124590      0.5123140      0.5123140      0.5122800      0.5122340      0.5122250      0.5120900      0.5124300      0.5127800      0.5131300      0.5134700      0.5138100      0.5141500      0.5144900      0.5148300      0.5151600      0.5154900    
  0.5067400      0.5067400      0.5067400      0.5070700      0.5077300      0.5077310      0.5077310      0.5092260      0.5108530      0.5127410      0.5127400      0.5127400      0.5127400      0.5127400      0.5124830      0.5123470      0.5123470      0.5122800      0.5123400      0.5123600      0.5127100      0.5130500      0.5133900      0.5137400      0.5140800      0.5144200      0.5147600      0.5150900      0.5154300      0.5157600    
  0.5067400      0.5067400      0.5070700      0.5077300      0.5077300      0.5100830      0.5136100      0.5136550      0.5137000      0.5130620      0.5127420      0.5127400      0.5127400      0.5127400      0.5127400      0.5125320      0.5124150      0.5124150      0.5122800      0.5126300      0.5129800      0.5133200      0.5136600      0.5140000      0.5143500      0.5146800      0.5150200      0.5153600      0.5156900      0.5160200    
  0.5067400      0.5070700      0.5077300      0.5077300      0.5105530      0.5136100      0.5136100      0.5136100      0.5136550      0.5137000      0.5130660      0.5127470      0.5127400      0.5127400      0.5127400      0.5127400      0.5126260      0.5125500      0.5125500      0.5129000      0.5132400      0.5135900      0.5139300      0.5142700      0.5146100      0.5149500      0.5152800      0.5156200      0.5159500      0.5162800    
