iMOD/TUTORIALS/TUT_MetaswapAnalyser/model_MetaSWAP/meteo/Evaporation/Evaporation_20060404_L1.ASC
NCOLS                30
NROWS                30
XLLCORNER     160000.00
YLLCORNER     340000.00
CELLSIZE        1000.00
NODATA_VALUE   -9999.00
   1.899920       1.898480       1.896940       1.895280       1.893510       1.891650       1.889690       1.887640       1.885500       1.883280       1.880990       1.878620       1.876190       1.873680       1.871120       1.868500       1.865830       1.863110       1.860340       1.857520       1.854670       1.851770       1.848840       1.845880       1.842890       1.839870       1.836830       1.833760       1.830670       1.827570    
   1.899530       1.898110       1.896580       1.894950       1.893210       1.891380       1.889450       1.887430       1.885320       1.883130       1.880870       1.878530       1.876120       1.873650       1.871120       1.868530       1.865880       1.863190       1.860450       1.857660       1.854830       1.851960       1.849060       1.846120       1.843160       1.840160       1.837140       1.834100       1.831030       1.827950    
   1.899080       1.897690       1.896180       1.894570       1.892860       1.891050       1.889150       1.887150       1.885080       1.882920       1.880680       1.878370       1.876000       1.873560       1.871050       1.868490       1.865880       1.863210       1.860500       1.857740       1.854940       1.852100       1.849220       1.846310       1.843370       1.840400       1.837400       1.834380       1.831340       1.828280    
   1.898590       1.897210       1.895730       1.894140       1.892450       1.890670       1.888790       1.886830       1.884780       1.882650       1.880440       1.878160       1.875820       1.873410       1.870930       1.868400       1.865810       1.863180       1.860490       1.857760       1.854990       1.852170       1.849320       1.846440       1.843530       1.840580       1.837610       1.834620       1.831600       1.828560    
   1.898050       1.896690       1.895220       1.893660       1.891990       1.890230       1.888380       1.886450       1.884430       1.882330       1.880150       1.877900       1.875580       1.873200       1.870760       1.868250       1.865700       1.863090       1.860430       1.857730       1.854980       1.852200       1.849380       1.846520       1.843630       1.840710       1.837770       1.834800       1.831810       1.828790    
   1.897460       1.896120       1.894670       1.893130       1.891490       1.889750       1.887930       1.886020       1.884020       1.881950       1.879800       1.877580       1.875300       1.872940       1.870530       1.868060       1.865530       1.862950       1.860320       1.857640       1.854930       1.852170       1.849380       1.846550       1.843690       1.840790       1.837870       1.834930       1.831960       1.828970    
   1.896830       1.895500       1.894080       1.892550       1.890930       1.889220       1.887420       1.885540       1.883570       1.881530       1.879410       1.877220       1.874960       1.872630       1.870250       1.867800       1.865310       1.862760       1.860160       1.857510       1.854820       1.852090       1.849330       1.846520       1.843690       1.840820       1.837930       1.835010       1.832070       1.829110    
   1.896160       1.894850       1.893440       1.891940       1.890340       1.888650       1.886880       1.885020       1.883080       1.881060       1.878970       1.876800       1.874570       1.872280       1.869920       1.867510       1.865040       1.862510       1.859940       1.857330       1.854670       1.851970       1.849230       1.846450       1.843640       1.840810       1.837940       1.835050       1.832130       1.829190    
   1.895450       1.894160       1.892760       1.891280       1.889700       1.888040       1.886280       1.884450       1.882540       1.880540       1.878480       1.876340       1.874140       1.871870       1.869550       1.867160       1.864720       1.862230       1.859680       1.857100       1.854460       1.851790       1.849080       1.846330       1.843550       1.840740       1.837900       1.835040       1.832150       1.829230    
   1.894700       1.893420       1.892050       1.890580       1.889020       1.887380       1.885650       1.883840       1.881950       1.879990       1.877950       1.875840       1.873660       1.871420       1.869120       1.866770       1.864350       1.861890       1.859380       1.856820       1.854210       1.851570       1.848890       1.846170       1.843420       1.840630       1.837820       1.834980       1.832120       1.829230    
   1.894670       1.893390       1.891470       1.889850       1.888310       1.886690       1.884980       1.883190       1.881330       1.879390       1.877370       1.875290       1.873140       1.870930       1.868660       1.866330       1.863950       1.861510       1.859030       1.856490       1.853920       1.851300       1.848650       1.845960       1.843230       1.840480       1.837690       1.834880       1.832040       1.829180    
   1.894640       1.892350       1.889850       1.888120       1.887560       1.885950       1.884270       1.882500       1.880660       1.878750       1.876760       1.874700       1.872580       1.870400       1.868150       1.865850       1.863500       1.861090       1.858630       1.856130       1.853580       1.850990       1.848370       1.845700       1.843010       1.840280       1.837520       1.834730       1.831920       1.829090    
   1.893160       1.889850       1.887980       1.887170       1.886770       1.885190       1.883520       1.881780       1.879960       1.878070       1.876110       1.874080       1.871980       1.869820       1.867610       1.865330       1.863000       1.860620       1.858200       1.855720       1.853200       1.850640       1.848040       1.845410       1.842740       1.840040       1.837310       1.834550       1.831760       1.828950    
   1.889850       1.887890       1.886970       1.886770       1.885450       1.884390       1.882740       1.881020       1.879220       1.877360       1.875420       1.873410       1.871340       1.869210       1.867020       1.864770       1.862470       1.860120       1.857720       1.855270       1.852780       1.850250       1.847680       1.845070       1.842430       1.839750       1.837050       1.834320       1.831560       1.828780    
   1.887840       1.886870       1.886770       1.885540       1.884390       1.883020       1.881930       1.880230       1.878450       1.876610       1.874690       1.872710       1.870670       1.868560       1.866400       1.864180       1.861900       1.859580       1.857200       1.854780       1.852320       1.849820       1.847270       1.844690       1.842080       1.839430       1.836760       1.834050       1.831320       1.828560    
   1.886820       1.886770       1.885570       1.884390       1.883110       1.881930       1.881080       1.880200       1.877780       1.875830       1.873930       1.871980       1.869960       1.867880       1.865740       1.863540       1.861300       1.859000       1.856650       1.854260       1.851820       1.849350       1.846830       1.844280       1.841690       1.839070       1.836420       1.833740       1.831040       1.828310    
   1.886770       1.885580       1.884390       1.883140       1.881930       1.881510       1.881070       1.878720       1.875830       1.874880       1.872670       1.871210       1.869210       1.867160       1.865040       1.862870       1.860650       1.858380       1.856060       1.853700       1.851290       1.848840       1.846350       1.843820       1.841260       1.838670       1.836050       1.833400       1.830720       1.828020    
   1.885580       1.884390       1.883150       1.881930       1.881720       1.881500       1.879280       1.875830       1.875360       1.872920       1.870810       1.870410       1.868440       1.866400       1.864320       1.862170       1.859980       1.857730       1.855440       1.853100       1.850720       1.848290       1.845830       1.843340       1.840800       1.838240       1.835640       1.833020       1.830370       1.827690    
   1.884390       1.883160       1.881930       1.881820       1.881720       1.879580       1.875830       1.875590       1.873030       1.870610       1.870410       1.869430       1.867720       1.865620       1.863560       1.861440       1.859270       1.857050       1.854780       1.852470       1.850110       1.847720       1.845280       1.842810       1.840310       1.837770       1.835200       1.832600       1.829980       1.827330    
   1.883160       1.881930       1.881880       1.881820       1.879740       1.875830       1.875710       1.873070       1.870510       1.870410       1.869920       1.868290       1.865620       1.864590       1.863540       1.861420       1.859250       1.857030       1.853440       1.851800       1.849470       1.847100       1.844700       1.842250       1.839770       1.837260       1.834720       1.832150       1.829560       1.826930    
   1.881930       1.881900       1.881880       1.879820       1.875830       1.875770       1.873100       1.870460       1.870410       1.870160       1.868560       1.865620       1.865100       1.864580       1.863180       1.861410       1.859240       1.854460       1.851450       1.851110       1.848800       1.846460       1.844080       1.841660       1.839210       1.836730       1.834210       1.831670       1.829100       1.826500    
   1.881920       1.881900       1.879860       1.875830       1.875800       1.873110       1.870430       1.870410       1.870290       1.868690       1.865620       1.865360       1.865100       1.864290       1.863060       1.861280       1.855500       1.851280       1.851110       1.849340       1.848100       1.845790       1.843430       1.841040       1.838620       1.836160       1.833670       1.831150       1.828610       1.826040    
   1.881920       1.879880       1.875830       1.875820       1.873110       1.870420       1.870410       1.870350       1.868750       1.865620       1.865490       1.865360       1.864920       1.864150       1.862870       1.855950       1.851200       1.851110       1.848510       1.847360       1.845990       1.845080       1.842750       1.840390       1.837990       1.835560       1.833100       1.830610       1.828090       1.825550    
   1.879890       1.875830       1.875820       1.873120       1.870420       1.870410       1.870380       1.868780       1.865620       1.865560       1.865490       1.865260       1.864810       1.859640       1.854210       1.848720       1.848720       1.847670       1.846470       1.846230       1.846620       1.844350       1.842050       1.839710       1.837330       1.834930       1.832490       1.830030       1.827540       1.825020    
   1.875830       1.875830       1.873120       1.870410       1.870410       1.870390       1.868800       1.865620       1.865590       1.865560       1.865430       1.865190       1.856570       1.846580       1.846610       1.846970       1.846230       1.846340       1.845930       1.845820       1.845830       1.843590       1.841310       1.839000       1.836650       1.834270       1.831860       1.829420       1.826960       1.824470    
   1.875830       1.873120       1.870410       1.870410       1.870400       1.868810       1.865620       1.865600       1.865590       1.865530       1.857500       1.845660       1.846250       1.846550       1.846550       1.846610       1.846300       1.846120       1.846340       1.845340       1.845020       1.842800       1.840550       1.838260       1.835940       1.833580       1.831200       1.828790       1.826350       1.823890    
   1.873120       1.870410       1.870410       1.870410       1.868810       1.865620       1.865610       1.865600       1.865570       1.855990       1.845660       1.845660       1.845660       1.846200       1.846490       1.846490       1.846610       1.846140       1.845900       1.846340       1.844180       1.841990       1.839760       1.837490       1.835200       1.832870       1.830510       1.828130       1.825720       1.823280    
   1.870410       1.870410       1.870410       1.868810       1.865620       1.865620       1.865610       1.859740       1.853250       1.845660       1.845660       1.845660       1.845660       1.845660       1.846120       1.846370       1.846370       1.846610       1.845730       1.845450       1.843320       1.841150       1.838940       1.836710       1.834430       1.832130       1.829800       1.827440       1.825050       1.822640    
   1.870410       1.870410       1.868810       1.865620       1.865620       1.856510       1.842840       1.842510       1.842190       1.844500       1.845650       1.845660       1.845660       1.845660       1.845660       1.845940       1.846130       1.846130       1.846610       1.844540       1.842430       1.840290       1.838110       1.835890       1.833650       1.831370       1.829060       1.826730       1.824370       1.821980    
   1.870410       1.868810       1.865620       1.865620       1.854680       1.842840       1.842840       1.842840       1.842510       1.842190       1.844480       1.845630       1.845660       1.845660       1.845660       1.845660       1.845590       1.845650       1.845660       1.843610       1.841530       1.839400       1.837250       1.835060       1.832830       1.830580       1.828300       1.825990       1.823660       1.821290    
