iMOD/TUTORIALS/TUT_MetaswapAnalyser/model_MetaSWAP/meteo/Evaporation/Evaporation_20060715_L1.ASC
NCOLS                30
NROWS                30
XLLCORNER     160000.00
YLLCORNER     340000.00
CELLSIZE        1000.00
NODATA_VALUE   -9999.00
   5.139560       5.138380       5.137240       5.136150       5.135110       5.134110       5.133160       5.132250       5.131400       5.130590       5.129840       5.129130       5.128480       5.127880       5.127330       5.126830       5.126380       5.125990       5.125650       5.125360       5.125120       5.124940       5.124810       5.124730       5.124700       5.124730       5.124800       5.124920       5.125100       5.125320    
   5.141550       5.140390       5.139270       5.138200       5.137170       5.136180       5.135240       5.134350       5.133510       5.132720       5.131970       5.131270       5.130630       5.130030       5.129490       5.129000       5.128560       5.128170       5.127830       5.127540       5.127310       5.127120       5.126990       5.126910       5.126880       5.126900       5.126960       5.127080       5.127250       5.127460    
   5.143560       5.142410       5.141310       5.140250       5.139240       5.138270       5.137340       5.136460       5.135630       5.134850       5.134110       5.133430       5.132790       5.132200       5.131670       5.131180       5.130740       5.130350       5.130020       5.129730       5.129500       5.129310       5.129180       5.129100       5.129060       5.129070       5.129140       5.129250       5.129410       5.129610    
   5.145570       5.144450       5.143360       5.142320       5.141320       5.140360       5.139450       5.138590       5.137770       5.136990       5.136270       5.135590       5.134960       5.134380       5.133850       5.133370       5.132940       5.132550       5.132220       5.131940       5.131700       5.131520       5.131380       5.131290       5.131250       5.131260       5.131320       5.131430       5.131580       5.131770    
   5.147600       5.146490       5.145420       5.144400       5.143410       5.142470       5.141570       5.140720       5.139910       5.139150       5.138430       5.137760       5.137140       5.136570       5.136050       5.135570       5.135140       5.134760       5.134430       5.134150       5.133910       5.133730       5.133590       5.133500       5.133460       5.133460       5.133520       5.133620       5.133760       5.133950    
   5.149640       5.148550       5.147500       5.146480       5.145510       5.144590       5.143700       5.142860       5.142060       5.141310       5.140610       5.139950       5.139330       5.138770       5.138250       5.137780       5.137350       5.136980       5.136650       5.136370       5.136130       5.135950       5.135810       5.135720       5.135670       5.135670       5.135720       5.135810       5.135950       5.136130    
   5.151690       5.150620       5.149580       5.148580       5.147630       5.146710       5.145840       5.145010       5.144230       5.143490       5.142790       5.142140       5.141530       5.140980       5.140460       5.140000       5.139580       5.139200       5.138880       5.138600       5.138360       5.138180       5.138040       5.137940       5.137900       5.137890       5.137940       5.138020       5.138150       5.138330    
   5.153750       5.152690       5.151670       5.150690       5.149750       5.148850       5.147990       5.147170       5.146400       5.145670       5.144980       5.144340       5.143740       5.143190       5.142680       5.142220       5.141810       5.141440       5.141110       5.140830       5.140600       5.140420       5.140270       5.140180       5.140130       5.140120       5.140160       5.140240       5.140360       5.140530    
   5.155820       5.154780       5.153770       5.152800       5.151880       5.150990       5.150140       5.149340       5.148580       5.147860       5.147180       5.146550       5.145960       5.145410       5.144910       5.144460       5.144040       5.143680       5.143360       5.143080       5.142850       5.142660       5.142520       5.142420       5.142370       5.142360       5.142390       5.142460       5.142580       5.142740    
   5.157900       5.156870       5.155880       5.154930       5.154010       5.153140       5.152310       5.151510       5.150760       5.150050       5.149390       5.148760       5.148180       5.147640       5.147150       5.146700       5.146290       5.145930       5.145610       5.145330       5.145100       5.144910       5.144770       5.144670       5.144610       5.144600       5.144630       5.144700       5.144810       5.144960    
   5.157910       5.156880       5.156190       5.157060       5.156160       5.155300       5.154480       5.153700       5.152960       5.152260       5.151600       5.150980       5.150410       5.149880       5.149390       5.148940       5.148540       5.148180       5.147860       5.147590       5.147360       5.147170       5.147030       5.146930       5.146870       5.146850       5.146870       5.146940       5.147040       5.147190    
   5.157930       5.157010       5.157060       5.158000       5.158310       5.157460       5.156650       5.155880       5.155160       5.154470       5.153820       5.153210       5.152640       5.152120       5.151640       5.151200       5.150800       5.150440       5.150130       5.149860       5.149630       5.149440       5.149290       5.149190       5.149130       5.149100       5.149120       5.149190       5.149290       5.149430    
   5.157750       5.157060       5.158730       5.159390       5.160470       5.159630       5.158840       5.158080       5.157360       5.156680       5.156040       5.155440       5.154890       5.154370       5.153890       5.153460       5.153060       5.152710       5.152400       5.152130       5.151900       5.151710       5.151560       5.151460       5.151390       5.151370       5.151380       5.151440       5.151530       5.151670    
   5.157060       5.159050       5.159930       5.160470       5.160640       5.161810       5.161030       5.160280       5.159570       5.158900       5.158270       5.157680       5.157130       5.156620       5.156150       5.155720       5.155330       5.154980       5.154670       5.154400       5.154180       5.153990       5.153840       5.153730       5.153660       5.153640       5.153650       5.153700       5.153790       5.153920    
   5.159190       5.160200       5.160470       5.160970       5.161810       5.162020       5.163220       5.162490       5.161790       5.161130       5.160510       5.159930       5.159380       5.158880       5.158410       5.157990       5.157600       5.157260       5.156950       5.156680       5.156460       5.156270       5.156120       5.156010       5.155940       5.155910       5.155920       5.155960       5.156050       5.156170    
   5.160340       5.160470       5.161080       5.161810       5.162350       5.163220       5.162860       5.162500       5.162190       5.163360       5.162750       5.162170       5.161640       5.161140       5.160680       5.160260       5.159880       5.159540       5.159240       5.158970       5.158740       5.158560       5.158410       5.158300       5.158220       5.158190       5.158190       5.158240       5.158310       5.158430    
   5.160470       5.161120       5.161810       5.162460       5.163220       5.163040       5.162860       5.162730       5.163360       5.163050       5.163880       5.164430       5.163900       5.163410       5.162960       5.162540       5.162160       5.161830       5.161520       5.161260       5.161040       5.160850       5.160700       5.160590       5.160510       5.160470       5.160470       5.160510       5.160580       5.160690    
   5.161130       5.161810       5.162500       5.163220       5.163130       5.163040       5.163000       5.163360       5.163210       5.164510       5.165560       5.166680       5.166160       5.165680       5.165230       5.164820       5.164450       5.164110       5.163820       5.163560       5.163330       5.163140       5.162990       5.162880       5.162800       5.162760       5.162760       5.162790       5.162860       5.162960    
   5.161810       5.162510       5.163220       5.163170       5.163130       5.163130       5.163360       5.163280       5.164770       5.166120       5.166680       5.166420       5.166620       5.167950       5.167510       5.167110       5.166740       5.166410       5.166110       5.165850       5.165630       5.165440       5.165290       5.165180       5.165100       5.165050       5.165050       5.165070       5.165140       5.165240    
   5.162510       5.163220       5.163200       5.163170       5.163200       5.163360       5.163320       5.164900       5.166400       5.166680       5.166550       5.166920       5.167950       5.167730       5.167520       5.167120       5.166750       5.166420       5.167400       5.168150       5.167930       5.167740       5.167590       5.167480       5.167400       5.167350       5.167340       5.167360       5.167420       5.167510    
   5.163220       5.163210       5.163200       5.163230       5.163360       5.163340       5.164960       5.166540       5.166680       5.166610       5.167020       5.167950       5.167840       5.167730       5.167460       5.167130       5.166760       5.168070       5.169300       5.170460       5.170230       5.170050       5.169900       5.169780       5.169700       5.169650       5.169630       5.169650       5.169700       5.169790    
   5.163210       5.163210       5.163250       5.163360       5.163350       5.164990       5.166610       5.166680       5.166650       5.167070       5.167950       5.167900       5.167840       5.167680       5.167440       5.167120       5.168460       5.169880       5.170460       5.171080       5.172540       5.172360       5.172200       5.172090       5.172000       5.171950       5.171930       5.171950       5.171990       5.172070    
   5.163210       5.163260       5.163360       5.163360       5.165010       5.166650       5.166680       5.166660       5.167090       5.167950       5.167920       5.167900       5.167800       5.167650       5.167410       5.170120       5.170170       5.170460       5.173680       5.174850       5.174740       5.174660       5.174510       5.174390       5.174310       5.174250       5.174230       5.174240       5.174280       5.174360    
   5.163260       5.163360       5.163360       5.165010       5.166660       5.166680       5.166670       5.167090       5.167950       5.167940       5.167920       5.167870       5.167780       5.173010       5.176010       5.177390       5.177390       5.177420       5.177550       5.178320       5.177160       5.176970       5.176820       5.176700       5.176610       5.176560       5.176530       5.176540       5.176580       5.176650    
   5.163360       5.163360       5.165020       5.166670       5.166680       5.166680       5.167100       5.167950       5.167940       5.167940       5.167910       5.167860       5.177440       5.189230       5.189160       5.184340       5.184600       5.184310       5.181130       5.179470       5.179470       5.179290       5.179130       5.179010       5.178920       5.178860       5.178830       5.178840       5.178870       5.178940    
   5.163360       5.165020       5.166680       5.166680       5.166680       5.167100       5.167950       5.167950       5.167940       5.167930       5.179270       5.196330       5.191660       5.189300       5.189300       5.189160       5.186230       5.184890       5.184310       5.182410       5.181780       5.181600       5.181450       5.181320       5.181230       5.181170       5.181140       5.181140       5.181170       5.181230    
   5.165020       5.166680       5.166680       5.166680       5.167100       5.167950       5.167950       5.167950       5.167940       5.181560       5.196330       5.196330       5.196330       5.191760       5.189450       5.189450       5.189160       5.186550       5.185460       5.184310       5.184090       5.183910       5.183760       5.183630       5.183540       5.183480       5.183440       5.183440       5.183460       5.183520    
   5.166680       5.166680       5.166680       5.167100       5.167950       5.167950       5.167950       5.177970       5.187010       5.196340       5.196330       5.196330       5.196330       5.196330       5.191970       5.189740       5.189740       5.189160       5.187250       5.186620       5.186410       5.186220       5.186070       5.185950       5.185850       5.185780       5.185750       5.185740       5.185760       5.185810    
   5.166680       5.166680       5.167100       5.167950       5.167950       5.185010       5.210600       5.209320       5.208050       5.200250       5.196350       5.196330       5.196330       5.196330       5.196330       5.192380       5.190320       5.190320       5.189160       5.188930       5.188720       5.188540       5.188380       5.188260       5.188160       5.188090       5.188050       5.188040       5.188050       5.188100    
   5.166680       5.167100       5.167950       5.167950       5.188430       5.210600       5.210600       5.210600       5.209320       5.208050       5.200290       5.196390       5.196330       5.196330       5.196330       5.196330       5.193130       5.191470       5.191470       5.191240       5.191030       5.190850       5.190690       5.190570       5.190470       5.190400       5.190350       5.190340       5.190350       5.190390    
