iMOD/TUTORIALS/TUT_MetaswapAnalyser/model_MetaSWAP/meteo/Evaporation/Evaporation_20060307_L1.ASC
NCOLS                30
NROWS                30
XLLCORNER     160000.00
YLLCORNER     340000.00
CELLSIZE        1000.00
NODATA_VALUE   -9999.00
   1.166960       1.166000       1.165000       1.163960       1.162890       1.161800       1.160680       1.159540       1.158380       1.157210       1.156040       1.154860       1.153680       1.152500       1.151330       1.150160       1.149010       1.147870       1.146750       1.145650       1.144570       1.143510       1.142480       1.141470       1.140490       1.139540       1.138630       1.137740       1.136890       1.136080    
   1.166880       1.165930       1.164940       1.163920       1.162870       1.161790       1.160680       1.159560       1.158420       1.157270       1.156110       1.154950       1.153790       1.152620       1.151470       1.150320       1.149180       1.148050       1.146950       1.145860       1.144790       1.143740       1.142720       1.141720       1.140750       1.139810       1.138910       1.138030       1.137190       1.136380    
   1.166760       1.165820       1.164850       1.163840       1.162800       1.161740       1.160650       1.159540       1.158420       1.157290       1.156140       1.155000       1.153850       1.152700       1.151560       1.150430       1.149300       1.148190       1.147100       1.146020       1.144960       1.143930       1.142920       1.141930       1.140970       1.140050       1.139150       1.138280       1.137450       1.136650    
   1.166610       1.165680       1.164720       1.163720       1.162700       1.161650       1.160570       1.159480       1.158380       1.157260       1.156130       1.155000       1.153870       1.152740       1.151610       1.150490       1.149380       1.148290       1.147200       1.146140       1.145100       1.144070       1.143080       1.142100       1.141160       1.140240       1.139350       1.138490       1.137670       1.136880    
   1.166420       1.165500       1.164550       1.163560       1.162550       1.161520       1.160460       1.159380       1.158290       1.157190       1.156080       1.154960       1.153850       1.152730       1.151620       1.150520       1.149420       1.148340       1.147270       1.146220       1.145190       1.144180       1.143200       1.142230       1.141300       1.140390       1.139520       1.138670       1.137850       1.137070    
   1.166190       1.165280       1.164340       1.163370       1.162370       1.161350       1.160310       1.159240       1.158170       1.157080       1.155990       1.154890       1.153790       1.152690       1.151590       1.150500       1.149420       1.148350       1.147300       1.146270       1.145250       1.144250       1.143280       1.142330       1.141410       1.140510       1.139640       1.138810       1.138000       1.137230    
   1.165930       1.165030       1.164100       1.163140       1.162160       1.161150       1.160120       1.159070       1.158010       1.156940       1.155860       1.154770       1.153690       1.152600       1.151520       1.150450       1.149380       1.148330       1.147290       1.146270       1.145270       1.144280       1.143320       1.142390       1.141480       1.140590       1.139740       1.138910       1.138120       1.137360    
   1.165640       1.164750       1.163830       1.162880       1.161910       1.160910       1.159890       1.158860       1.157810       1.156760       1.155690       1.154620       1.153550       1.152480       1.151420       1.150360       1.149310       1.148270       1.147250       1.146240       1.145250       1.144280       1.143330       1.142410       1.141510       1.140640       1.139800       1.138980       1.138200       1.137450    
   1.165330       1.164440       1.163530       1.162590       1.161630       1.160640       1.159640       1.158620       1.157590       1.156540       1.155490       1.154440       1.153380       1.152330       1.151280       1.150230       1.149200       1.148170       1.147160       1.146170       1.145200       1.144240       1.143310       1.142400       1.141510       1.140650       1.139820       1.139020       1.138250       1.137510    
   1.164980       1.164100       1.163200       1.162270       1.161320       1.160340       1.159350       1.158350       1.157330       1.156300       1.155260       1.154220       1.153180       1.152140       1.151100       1.150070       1.149050       1.148040       1.147050       1.146070       1.145110       1.144170       1.143250       1.142350       1.141480       1.140630       1.139810       1.139030       1.138270       1.137540    
   1.164970       1.164090       1.162870       1.161920       1.160980       1.160020       1.159040       1.158040       1.157040       1.156020       1.155000       1.153970       1.152940       1.151920       1.150900       1.149880       1.148880       1.147880       1.146900       1.145940       1.144990       1.144060       1.143150       1.142270       1.141410       1.140580       1.139780       1.139000       1.138250       1.137540    
   1.164960       1.163460       1.161920       1.160940       1.160620       1.159660       1.158690       1.157710       1.156720       1.155710       1.154700       1.153690       1.152680       1.151670       1.150660       1.149660       1.148670       1.147690       1.146720       1.145770       1.144840       1.143920       1.143030       1.142160       1.141320       1.140500       1.139710       1.138940       1.138210       1.137510    
   1.164040       1.161920       1.160880       1.160420       1.160230       1.159280       1.158320       1.157350       1.156370       1.155380       1.154380       1.153380       1.152380       1.151390       1.150390       1.149410       1.148430       1.147460       1.146510       1.145570       1.144660       1.143760       1.142880       1.142020       1.141190       1.140390       1.139610       1.138860       1.138140       1.137450    
   1.161920       1.160840       1.160330       1.160230       1.159460       1.158880       1.157930       1.156970       1.156000       1.155020       1.154040       1.153050       1.152060       1.151080       1.150100       1.149130       1.148160       1.147210       1.146270       1.145350       1.144450       1.143560       1.142700       1.141860       1.141040       1.140250       1.139480       1.138750       1.138040       1.137360    
   1.160820       1.160280       1.160230       1.159520       1.158880       1.158110       1.157510       1.156560       1.155600       1.154640       1.153660       1.152690       1.151710       1.150740       1.149780       1.148820       1.147870       1.146930       1.146010       1.145100       1.144210       1.143340       1.142490       1.141660       1.140860       1.140080       1.139330       1.138610       1.137910       1.137250    
   1.160250       1.160230       1.159540       1.158880       1.158170       1.157510       1.157030       1.156560       1.155260       1.154230       1.153270       1.152300       1.151340       1.150380       1.149430       1.148480       1.147550       1.146620       1.145710       1.144820       1.143940       1.143090       1.142250       1.141440       1.140650       1.139890       1.139150       1.138440       1.137760       1.137110    
   1.160230       1.159550       1.158880       1.158190       1.157510       1.157270       1.157030       1.155770       1.154230       1.153750       1.152630       1.151900       1.150950       1.150000       1.149060       1.148130       1.147200       1.146290       1.145400       1.144520       1.143650       1.142810       1.141990       1.141190       1.140420       1.139670       1.138950       1.138250       1.137590       1.136950    
   1.159550       1.158880       1.158190       1.157510       1.157390       1.157270       1.156080       1.154230       1.153990       1.152750       1.151680       1.151470       1.150530       1.149590       1.148660       1.147740       1.146830       1.145940       1.145050       1.144190       1.143340       1.142510       1.141700       1.140920       1.140160       1.139430       1.138720       1.138040       1.137390       1.136770    
   1.158880       1.158190       1.157510       1.157450       1.157390       1.156240       1.154230       1.154110       1.152800       1.151580       1.151470       1.151000       1.150190       1.149170       1.148250       1.147340       1.146440       1.145560       1.144690       1.143840       1.143000       1.142190       1.141390       1.140620       1.139880       1.139160       1.138470       1.137800       1.137170       1.136560    
   1.158190       1.157510       1.157480       1.157450       1.156330       1.154230       1.154170       1.152830       1.151520       1.151470       1.151230       1.150460       1.149170       1.148710       1.148250       1.147340       1.146450       1.145560       1.144120       1.143460       1.142640       1.141840       1.141060       1.140310       1.139580       1.138870       1.138200       1.137550       1.136920       1.136330    
   1.157510       1.157500       1.157480       1.156370       1.154230       1.154200       1.152840       1.151500       1.151470       1.151350       1.150580       1.149170       1.148940       1.148710       1.148100       1.147350       1.146450       1.144490       1.143270       1.143070       1.142260       1.141480       1.140710       1.139970       1.139260       1.138570       1.137900       1.137270       1.136660       1.136080    
   1.157500       1.157500       1.156390       1.154230       1.154220       1.152840       1.151480       1.151470       1.151410       1.150640       1.149170       1.149060       1.148940       1.148580       1.148050       1.147300       1.144910       1.143170       1.143070       1.142400       1.141870       1.141090       1.140340       1.139620       1.138910       1.138240       1.137590       1.136970       1.136380       1.135820    
   1.157500       1.156410       1.154230       1.154220       1.152850       1.151480       1.151470       1.151440       1.150670       1.149170       1.149110       1.149060       1.148860       1.148530       1.147980       1.145020       1.143120       1.143070       1.141930       1.141450       1.140990       1.140690       1.139950       1.139240       1.138550       1.137890       1.137260       1.136660       1.136080       1.135530    
   1.156410       1.154230       1.154230       1.152850       1.151470       1.151470       1.151460       1.150690       1.149170       1.149140       1.149110       1.149010       1.148810       1.146360       1.143980       1.141710       1.141720       1.141350       1.140940       1.140790       1.141020       1.140270       1.139550       1.138850       1.138180       1.137530       1.136910       1.136320       1.135760       1.135230    
   1.154230       1.154230       1.152850       1.151470       1.151470       1.151460       1.150700       1.149170       1.149160       1.149140       1.149090       1.148980       1.144860       1.140060       1.140080       1.140570       1.140300       1.140360       1.140470       1.140570       1.140570       1.139840       1.139130       1.138440       1.137790       1.137150       1.136550       1.135980       1.135430       1.134920    
   1.154230       1.152850       1.151470       1.151470       1.151470       1.150700       1.149170       1.149160       1.149160       1.149130       1.145120       1.139190       1.139760       1.140050       1.140050       1.140080       1.140200       1.140230       1.140360       1.140170       1.140110       1.139390       1.138690       1.138020       1.137380       1.136760       1.136170       1.135620       1.135090       1.134590    
   1.152850       1.151470       1.151470       1.151470       1.150700       1.149170       1.149170       1.149160       1.149150       1.144360       1.139190       1.139190       1.139190       1.139730       1.140010       1.140010       1.140080       1.140120       1.140110       1.140360       1.139630       1.138920       1.138240       1.137590       1.136960       1.136360       1.135780       1.135240       1.134730       1.134240    
   1.151470       1.151470       1.151470       1.150700       1.149170       1.149170       1.149170       1.146150       1.142910       1.139190       1.139190       1.139190       1.139190       1.139190       1.139680       1.139950       1.139950       1.140080       1.139910       1.139860       1.139140       1.138450       1.137780       1.137140       1.136520       1.135940       1.135380       1.134860       1.134360       1.133890    
   1.151470       1.151470       1.150700       1.149170       1.149170       1.144410       1.137280       1.137190       1.137110       1.138490       1.139190       1.139190       1.139190       1.139190       1.139190       1.139590       1.139810       1.139810       1.140080       1.139350       1.138650       1.137960       1.137310       1.136680       1.136080       1.135510       1.134970       1.134460       1.133980       1.133530    
   1.151470       1.150700       1.149170       1.149170       1.143460       1.137280       1.137280       1.137280       1.137190       1.137110       1.138480       1.139180       1.139190       1.139190       1.139190       1.139190       1.139400       1.139550       1.139550       1.138830       1.138140       1.137470       1.136830       1.136210       1.135630       1.135070       1.134550       1.134050       1.133590       1.133150    
