iMOD/TUTORIALS/TUT_MetaswapAnalyser/model_MetaSWAP/meteo/Evaporation/Evaporation_20050205_L1.ASC
NCOLS                30
NROWS                30
XLLCORNER     160000.00
YLLCORNER     340000.00
CELLSIZE        1000.00
NODATA_VALUE   -9999.00
  0.7383800      0.7399500      0.7415000      0.7430300      0.7445500      0.7460400      0.7475200      0.7489700      0.7504000      0.7518100      0.7532000      0.7545700      0.7559100      0.7572300      0.7585300      0.7598100      0.7610600      0.7622900      0.7635000      0.7646900      0.7658500      0.7669900      0.7681100      0.7692000      0.7702700      0.7713200      0.7723500      0.7733500      0.7743400      0.7753000    
  0.7380700      0.7396500      0.7412100      0.7427400      0.7442600      0.7457600      0.7472300      0.7486900      0.7501300      0.7515400      0.7529300      0.7543000      0.7556500      0.7569800      0.7582800      0.7595600      0.7608200      0.7620600      0.7632700      0.7644600      0.7656300      0.7667800      0.7679000      0.7690000      0.7700800      0.7711300      0.7721700      0.7731800      0.7741700      0.7751400    
  0.7377700      0.7393400      0.7409000      0.7424500      0.7439700      0.7454700      0.7469500      0.7484100      0.7498500      0.7512700      0.7526600      0.7540400      0.7553900      0.7567200      0.7580300      0.7593200      0.7605800      0.7618200      0.7630400      0.7642400      0.7654100      0.7665600      0.7676900      0.7688000      0.7698800      0.7709400      0.7719800      0.7730000      0.7740000      0.7749800    
  0.7374500      0.7390400      0.7406000      0.7421400      0.7436700      0.7451700      0.7466600      0.7481200      0.7495600      0.7509900      0.7523900      0.7537700      0.7551200      0.7564600      0.7577700      0.7590600      0.7603300      0.7615800      0.7628000      0.7640100      0.7651900      0.7663400      0.7674800      0.7685900      0.7696800      0.7707500      0.7718000      0.7728200      0.7738300      0.7748100    
  0.7371400      0.7387200      0.7402900      0.7418400      0.7433700      0.7448800      0.7463600      0.7478300      0.7492800      0.7507000      0.7521100      0.7534900      0.7548500      0.7561900      0.7575100      0.7588100      0.7600800      0.7613300      0.7625600      0.7637700      0.7649600      0.7661200      0.7672600      0.7683800      0.7694700      0.7705500      0.7716000      0.7726400      0.7736500      0.7746400    
  0.7368200      0.7384100      0.7399800      0.7415300      0.7430600      0.7445700      0.7460700      0.7475400      0.7489900      0.7504200      0.7518300      0.7532100      0.7545800      0.7559300      0.7572500      0.7585500      0.7598300      0.7610800      0.7623200      0.7635300      0.7647200      0.7658900      0.7670400      0.7681600      0.7692600      0.7703500      0.7714100      0.7724400      0.7734600      0.7744600    
  0.7364900      0.7380900      0.7396600      0.7412200      0.7427500      0.7442700      0.7457600      0.7472400      0.7486900      0.7501300      0.7515400      0.7529300      0.7543000      0.7556500      0.7569800      0.7582900      0.7595700      0.7608300      0.7620700      0.7632900      0.7644900      0.7656600      0.7668100      0.7679400      0.7690500      0.7701400      0.7712100      0.7722500      0.7732700      0.7742800    
  0.7361700      0.7377600      0.7393400      0.7409000      0.7424400      0.7439600      0.7454600      0.7469400      0.7484000      0.7498400      0.7512500      0.7526500      0.7540200      0.7553800      0.7567100      0.7580200      0.7593100      0.7605800      0.7618200      0.7630400      0.7642500      0.7654200      0.7665800      0.7677200      0.7688300      0.7699300      0.7710000      0.7720500      0.7730800      0.7740900    
  0.7358300      0.7374400      0.7390200      0.7405800      0.7421200      0.7436500      0.7451500      0.7466300      0.7481000      0.7495400      0.7509600      0.7523600      0.7537400      0.7551000      0.7564300      0.7577500      0.7590400      0.7603200      0.7615700      0.7627900      0.7640000      0.7651900      0.7663500      0.7674900      0.7686100      0.7697100      0.7707900      0.7718500      0.7728900      0.7739000    
  0.7355000      0.7371000      0.7386900      0.7402600      0.7418000      0.7433300      0.7448400      0.7463200      0.7477900      0.7492400      0.7506600      0.7520700      0.7534500      0.7548200      0.7561600      0.7574800      0.7587700      0.7600500      0.7613100      0.7625400      0.7637500      0.7649400      0.7661100      0.7672600      0.7683900      0.7694900      0.7705800      0.7716400      0.7726800      0.7737100    
  0.7354900      0.7370970      0.7389950      0.7399300      0.7414800      0.7430100      0.7445200      0.7460100      0.7474800      0.7489300      0.7503600      0.7517700      0.7531600      0.7545300      0.7558700      0.7572000      0.7585000      0.7597800      0.7610500      0.7622800      0.7635000      0.7647000      0.7658700      0.7670300      0.7681600      0.7692700      0.7703600      0.7714300      0.7724800      0.7735100    
  0.7354840      0.7378780      0.7399300      0.7408450      0.7411500      0.7426900      0.7442000      0.7457000      0.7471700      0.7486300      0.7500600      0.7514700      0.7528700      0.7542400      0.7555900      0.7569200      0.7582300      0.7595100      0.7607800      0.7620200      0.7632500      0.7644500      0.7656300      0.7667900      0.7679300      0.7690400      0.7701400      0.7712200      0.7722700      0.7733100    
  0.7367880      0.7399300      0.7406450      0.7409850      0.7408200      0.7423600      0.7438800      0.7453800      0.7468600      0.7483200      0.7497500      0.7511700      0.7525700      0.7539500      0.7553000      0.7566400      0.7579500      0.7592400      0.7605100      0.7617600      0.7629900      0.7642000      0.7653800      0.7665500      0.7676900      0.7688100      0.7699200      0.7710000      0.7720600      0.7731000    
  0.7399300      0.7405740      0.7409030      0.7408200      0.7417370      0.7420300      0.7435500      0.7450500      0.7465400      0.7480000      0.7494400      0.7508700      0.7522700      0.7536500      0.7550100      0.7563500      0.7576700      0.7589600      0.7602400      0.7614900      0.7627300      0.7639400      0.7651300      0.7663000      0.7674500      0.7685800      0.7696900      0.7707700      0.7718400      0.7728900    
  0.7405460      0.7408610      0.7408200      0.7415290      0.7420300      0.7429330      0.7432200      0.7447300      0.7462200      0.7476800      0.7491300      0.7505600      0.7519600      0.7533500      0.7547100      0.7560600      0.7573800      0.7586800      0.7599600      0.7612200      0.7624600      0.7636800      0.7648800      0.7660500      0.7672100      0.7683400      0.7694500      0.7705500      0.7716200      0.7726700    
  0.7408410      0.7408200      0.7414600      0.7420300      0.7427280      0.7432200      0.7439750      0.7447230      0.7464980      0.7473600      0.7488100      0.7502500      0.7516600      0.7530500      0.7544200      0.7557600      0.7570900      0.7584000      0.7596800      0.7609500      0.7621900      0.7634200      0.7646200      0.7658000      0.7669600      0.7681000      0.7692200      0.7703200      0.7714000      0.7724500    
  0.7408200      0.7414370      0.7420300      0.7426590      0.7432200      0.7435980      0.7439730      0.7456390      0.7473600      0.7480850      0.7491920      0.7499300      0.7513500      0.7527400      0.7541100      0.7554700      0.7568000      0.7581100      0.7594000      0.7606700      0.7619200      0.7631500      0.7643600      0.7655400      0.7667100      0.7678500      0.7689800      0.7700800      0.7711700      0.7722300    
  0.7414290      0.7420300      0.7426360      0.7432200      0.7434090      0.7435970      0.7451420      0.7473600      0.7477230      0.7488030      0.7497700      0.7496100      0.7510300      0.7524300      0.7538100      0.7551700      0.7565000      0.7578200      0.7591200      0.7603900      0.7616400      0.7628800      0.7640900      0.7652800      0.7664500      0.7676000      0.7687300      0.7698400      0.7709300      0.7720000    
  0.7420300      0.7426290      0.7432200      0.7433140      0.7434090      0.7448770      0.7473600      0.7475410      0.7486370      0.7496900      0.7496100      0.7503200      0.7512980      0.7521200      0.7535000      0.7548600      0.7562100      0.7575300      0.7588300      0.7601100      0.7613700      0.7626000      0.7638200      0.7650200      0.7661900      0.7673500      0.7684900      0.7696000      0.7707000      0.7717700    
  0.7426260      0.7432200      0.7432670      0.7433140      0.7447400      0.7473600      0.7474510      0.7485600      0.7496500      0.7496100      0.7499650      0.7508370      0.7521200      0.7528100      0.7534930      0.7548570      0.7562000      0.7575230      0.7591640      0.7598200      0.7610800      0.7623300      0.7635500      0.7647500      0.7659300      0.7670900      0.7682300      0.7693600      0.7704600      0.7715400    
  0.7432200      0.7432440      0.7432670      0.7446700      0.7473600      0.7474050      0.7485220      0.7496300      0.7496100      0.7497880      0.7506330      0.7521200      0.7524650      0.7528080      0.7537200      0.7548500      0.7561930      0.7584190      0.7596750      0.7595300      0.7608000      0.7620500      0.7632700      0.7644800      0.7656700      0.7668300      0.7679800      0.7691100      0.7702100      0.7713000    
  0.7432320      0.7432440      0.7446350      0.7473600      0.7473830      0.7485030      0.7496200      0.7496100      0.7496990      0.7505380      0.7521200      0.7522930      0.7524640      0.7529980      0.7537930      0.7549210      0.7577190      0.7596030      0.7595300      0.7602800      0.7605100      0.7617600      0.7629900      0.7642100      0.7654000      0.7665700      0.7677200      0.7688500      0.7699600      0.7710600    
  0.7432320      0.7446180      0.7473600      0.7473710      0.7484940      0.7496150      0.7496100      0.7496540      0.7504920      0.7521200      0.7522060      0.7522920      0.7525850      0.7530850      0.7539040      0.7569240      0.7595660      0.7595300      0.7599490      0.7602150      0.7609680      0.7614700      0.7627100      0.7639300      0.7651200      0.7663000      0.7674600      0.7685900      0.7697100      0.7708100    
  0.7446090      0.7473600      0.7473660      0.7484900      0.7496120      0.7496100      0.7496320      0.7504690      0.7521200      0.7521630      0.7522060      0.7523610      0.7526540      0.7538310      0.7559250      0.7586190      0.7586200      0.7592120      0.7598680      0.7597700      0.7599200      0.7611800      0.7624200      0.7636500      0.7648500      0.7660300      0.7671900      0.7683300      0.7694500      0.7705600    
  0.7473600      0.7473630      0.7484870      0.7496110      0.7496100      0.7496210      0.7504580      0.7521200      0.7521420      0.7521630      0.7522440      0.7524070      0.7540630      0.7557400      0.7557500      0.7572660      0.7576710      0.7577100      0.7590040      0.7596200      0.7596200      0.7608900      0.7621300      0.7633600      0.7645700      0.7657500      0.7669200      0.7680700      0.7691900      0.7703000    
  0.7473610      0.7484860      0.7496110      0.7496100      0.7496160      0.7504520      0.7521200      0.7521310      0.7521420      0.7521830      0.7527190      0.7533900      0.7549480      0.7557290      0.7557290      0.7557500      0.7570230      0.7576320      0.7577100      0.7589150      0.7593200      0.7605900      0.7618400      0.7630700      0.7642800      0.7654800      0.7666500      0.7678000      0.7689300      0.7700400    
  0.7484860      0.7496100      0.7496100      0.7496130      0.7504490      0.7521200      0.7521250      0.7521310      0.7521520      0.7527650      0.7533900      0.7533900      0.7533900      0.7549330      0.7557090      0.7557090      0.7557500      0.7570000      0.7575550      0.7577100      0.7590100      0.7602900      0.7615400      0.7627800      0.7640000      0.7651900      0.7663700      0.7675200      0.7686600      0.7697800    
  0.7496100      0.7496100      0.7496110      0.7504480      0.7521200      0.7521230      0.7521250      0.7516600      0.7521670      0.7533890      0.7533900      0.7533900      0.7533900      0.7533900      0.7549050      0.7556680      0.7556680      0.7557500      0.7569850      0.7574000      0.7587000      0.7599800      0.7612400      0.7624800      0.7637000      0.7649100      0.7660900      0.7672500      0.7683900      0.7695100    
  0.7496100      0.7496110      0.7504470      0.7521200      0.7521210      0.7506450      0.7484300      0.7493300      0.7502300      0.7523340      0.7533870      0.7533900      0.7533900      0.7533900      0.7533900      0.7548520      0.7555850      0.7555850      0.7557500      0.7570800      0.7583800      0.7596700      0.7609400      0.7621800      0.7634100      0.7646100      0.7658000      0.7669700      0.7681100      0.7692400    
  0.7496100      0.7504470      0.7521200      0.7521210      0.7503490      0.7484290      0.7484290      0.7484300      0.7493300      0.7502300      0.7523290      0.7533810      0.7533900      0.7533900      0.7533900      0.7533900      0.7547650      0.7554200      0.7554200      0.7567500      0.7580700      0.7593600      0.7606300      0.7618800      0.7631100      0.7643200      0.7655100      0.7666800      0.7678300      0.7689600    
