iMOD/TUTORIALS/TUT_MetaswapAnalyser/model_MetaSWAP/meteo/Evaporation/Evaporation_20051013_L1.ASC
NCOLS                30
NROWS                30
XLLCORNER     160000.00
YLLCORNER     340000.00
CELLSIZE        1000.00
NODATA_VALUE   -9999.00
   1.672990       1.674020       1.675060       1.676110       1.677170       1.678240       1.679320       1.680410       1.681500       1.682600       1.683720       1.684830       1.685960       1.687090       1.688230       1.689380       1.690530       1.691680       1.692840       1.694010       1.695180       1.696350       1.697530       1.698710       1.699900       1.701080       1.702280       1.703470       1.704670       1.705870    
   1.673550       1.674570       1.675610       1.676660       1.677710       1.678780       1.679850       1.680940       1.682030       1.683130       1.684240       1.685350       1.686480       1.687610       1.688740       1.689880       1.691030       1.692180       1.693340       1.694500       1.695670       1.696840       1.698020       1.699200       1.700380       1.701570       1.702760       1.703950       1.705150       1.706340    
   1.674110       1.675130       1.676160       1.677210       1.678260       1.679320       1.680400       1.681480       1.682560       1.683660       1.684770       1.685880       1.687000       1.688120       1.689260       1.690400       1.691540       1.692690       1.693850       1.695010       1.696170       1.697340       1.698510       1.699690       1.700870       1.702060       1.703240       1.704440       1.705630       1.706820    
   1.674670       1.675690       1.676720       1.677760       1.678810       1.679870       1.680940       1.682020       1.683100       1.684200       1.685300       1.686410       1.687530       1.688650       1.689780       1.690910       1.692060       1.693200       1.694360       1.695510       1.696680       1.697840       1.699010       1.700190       1.701370       1.702550       1.703740       1.704930       1.706120       1.707310    
   1.675240       1.676260       1.677280       1.678320       1.679370       1.680430       1.681490       1.682570       1.683650       1.684740       1.685840       1.686950       1.688060       1.689180       1.690310       1.691440       1.692580       1.693720       1.694870       1.696030       1.697190       1.698350       1.699520       1.700690       1.701870       1.703050       1.704230       1.705420       1.706610       1.707800    
   1.675810       1.676830       1.677850       1.678890       1.679930       1.680990       1.682050       1.683120       1.684200       1.685290       1.686380       1.687490       1.688600       1.689710       1.690840       1.691970       1.693100       1.694240       1.695390       1.696540       1.697700       1.698860       1.700030       1.701200       1.702380       1.703550       1.704740       1.705920       1.707110       1.708300    
   1.676390       1.677400       1.678430       1.679460       1.680500       1.681550       1.682610       1.683680       1.684760       1.685840       1.686930       1.688030       1.689140       1.690250       1.691370       1.692500       1.693630       1.694770       1.695920       1.697070       1.698220       1.699380       1.700550       1.701710       1.702890       1.704060       1.705240       1.706430       1.707610       1.708800    
   1.676970       1.677980       1.679000       1.680030       1.681070       1.682120       1.683180       1.684240       1.685320       1.686400       1.687490       1.688580       1.689690       1.690800       1.691920       1.693040       1.694170       1.695310       1.696450       1.697600       1.698750       1.699910       1.701070       1.702230       1.703400       1.704580       1.705760       1.706940       1.708120       1.709310    
   1.677560       1.678570       1.679590       1.680610       1.681650       1.682690       1.683750       1.684810       1.685880       1.686960       1.688050       1.689140       1.690240       1.691350       1.692460       1.693590       1.694710       1.695850       1.696990       1.698130       1.699280       1.700430       1.701590       1.702760       1.703920       1.705100       1.706270       1.707450       1.708630       1.709820    
   1.678150       1.679160       1.680170       1.681200       1.682230       1.683270       1.684320       1.685380       1.686450       1.687530       1.688610       1.689700       1.690800       1.691910       1.693020       1.694140       1.695260       1.696390       1.697530       1.698670       1.699820       1.700970       1.702120       1.703290       1.704450       1.705620       1.706790       1.707970       1.709150       1.710340    
   1.678150       1.679160       1.680580       1.681780       1.682820       1.683860       1.684900       1.685960       1.687030       1.688100       1.689180       1.690270       1.691360       1.692460       1.693570       1.694690       1.695810       1.696940       1.698070       1.699210       1.700360       1.701510       1.702660       1.703820       1.704980       1.706150       1.707320       1.708500       1.709680       1.710860    
   1.678160       1.679920       1.681780       1.683000       1.683410       1.684440       1.685490       1.686540       1.687610       1.688680       1.689750       1.690840       1.691930       1.693030       1.694140       1.695250       1.696370       1.697490       1.698620       1.699760       1.700900       1.702050       1.703200       1.704360       1.705520       1.706680       1.707850       1.709030       1.710200       1.711380    
   1.679250       1.681780       1.683120       1.683710       1.684000       1.685030       1.686080       1.687130       1.688190       1.689260       1.690330       1.691410       1.692500       1.693600       1.694700       1.695810       1.696930       1.698050       1.699180       1.700310       1.701450       1.702600       1.703750       1.704900       1.706060       1.707220       1.708390       1.709560       1.710740       1.711920    
   1.681780       1.683190       1.683850       1.684000       1.684890       1.685630       1.686670       1.687720       1.688780       1.689840       1.690910       1.691990       1.693080       1.694170       1.695270       1.696380       1.697490       1.698610       1.699740       1.700870       1.702010       1.703150       1.704300       1.705450       1.706600       1.707770       1.708930       1.710100       1.711270       1.712450    
   1.683220       1.683930       1.684000       1.684840       1.685630       1.686520       1.687270       1.688310       1.689370       1.690430       1.691500       1.692580       1.693660       1.694750       1.695850       1.696950       1.698060       1.699180       1.700300       1.701430       1.702570       1.703710       1.704850       1.706000       1.707160       1.708310       1.709480       1.710650       1.711820       1.712990    
   1.683960       1.684000       1.684820       1.685630       1.686470       1.687270       1.687790       1.688320       1.689780       1.691020       1.692090       1.693160       1.694240       1.695330       1.696430       1.697530       1.698640       1.699750       1.700870       1.702000       1.703130       1.704270       1.705410       1.706560       1.707710       1.708870       1.710030       1.711190       1.712360       1.713540    
   1.684000       1.684820       1.685630       1.686460       1.687270       1.687530       1.687790       1.689230       1.691020       1.691560       1.692880       1.693760       1.694830       1.695920       1.697010       1.698110       1.699220       1.700330       1.701450       1.702570       1.703700       1.704830       1.705970       1.707120       1.708270       1.709420       1.710580       1.711750       1.712910       1.714090    
   1.684820       1.685630       1.686450       1.687270       1.687400       1.687530       1.688890       1.691020       1.691290       1.692770       1.694060       1.694350       1.695430       1.696510       1.697600       1.698700       1.699800       1.700910       1.702020       1.703140       1.704270       1.705400       1.706540       1.707680       1.708830       1.709990       1.711140       1.712300       1.713470       1.714640    
   1.685630       1.686450       1.687270       1.687340       1.687400       1.688710       1.691020       1.691150       1.692730       1.694200       1.694350       1.694890       1.695850       1.697100       1.698190       1.699290       1.700390       1.701490       1.702600       1.703720       1.704850       1.705980       1.707110       1.708260       1.709400       1.710550       1.711710       1.712870       1.714030       1.715200    
   1.686450       1.687270       1.687300       1.687340       1.688620       1.691020       1.691090       1.692710       1.694280       1.694350       1.694620       1.695550       1.697100       1.697640       1.698190       1.699290       1.700390       1.701490       1.703400       1.704310       1.705430       1.706560       1.707690       1.708830       1.709970       1.711120       1.712280       1.713430       1.714600       1.715760    
   1.687270       1.687290       1.687300       1.688570       1.691020       1.691050       1.692700       1.694310       1.694350       1.694480       1.695400       1.697100       1.697370       1.697650       1.698380       1.699290       1.700390       1.702960       1.704610       1.704900       1.706020       1.707140       1.708270       1.709410       1.710550       1.711700       1.712850       1.714000       1.715170       1.716330    
   1.687280       1.687290       1.688540       1.691020       1.691040       1.692690       1.694330       1.694350       1.694420       1.695330       1.697100       1.697240       1.697370       1.697800       1.698440       1.699350       1.702460       1.704750       1.704900       1.705840       1.706600       1.707730       1.708860       1.709990       1.711130       1.712280       1.713430       1.714580       1.715740       1.716900    
   1.687280       1.688530       1.691020       1.691030       1.692690       1.694340       1.694350       1.694380       1.695300       1.697100       1.697170       1.697240       1.697470       1.697870       1.698530       1.702360       1.704830       1.704900       1.706510       1.707200       1.707870       1.708320       1.709450       1.710580       1.711720       1.712860       1.714010       1.715160       1.716320       1.717480    
   1.688530       1.691020       1.691020       1.692690       1.694350       1.694350       1.694370       1.695280       1.697100       1.697130       1.697170       1.697290       1.697530       1.700630       1.703710       1.706710       1.706710       1.707260       1.707900       1.708100       1.707800       1.708920       1.710040       1.711170       1.712310       1.713450       1.714590       1.715740       1.716900       1.718060    
   1.691020       1.691020       1.692690       1.694350       1.694350       1.694360       1.695280       1.697100       1.697120       1.697130       1.697200       1.697330       1.702560       1.708670       1.708650       1.708150       1.708590       1.708510       1.708470       1.708400       1.708400       1.709520       1.710640       1.711770       1.712900       1.714040       1.715180       1.716330       1.717490       1.718650    
   1.691020       1.692690       1.694350       1.694350       1.694350       1.695270       1.697100       1.697110       1.697120       1.697150       1.702120       1.709460       1.708950       1.708690       1.708690       1.708650       1.708640       1.708670       1.708510       1.708880       1.709010       1.710120       1.711240       1.712370       1.713500       1.714640       1.715780       1.716930       1.718080       1.719240    
   1.692690       1.694350       1.694350       1.694350       1.695270       1.697100       1.697100       1.697110       1.697130       1.703060       1.709460       1.709460       1.709460       1.708980       1.708730       1.708730       1.708650       1.708750       1.708820       1.708510       1.709620       1.710730       1.711850       1.712970       1.714100       1.715240       1.716380       1.717520       1.718670       1.719830    
   1.694350       1.694350       1.694350       1.695270       1.697100       1.697100       1.697100       1.700740       1.704760       1.709460       1.709460       1.709460       1.709460       1.709460       1.709040       1.708810       1.708810       1.708650       1.709010       1.709130       1.710230       1.711340       1.712460       1.713580       1.714710       1.715840       1.716980       1.718130       1.719270       1.720430    
   1.694350       1.694350       1.695270       1.697100       1.697100       1.702760       1.711250       1.711440       1.711640       1.710190       1.709470       1.709460       1.709460       1.709460       1.709460       1.709150       1.708970       1.708970       1.708650       1.709750       1.710850       1.711960       1.713070       1.714190       1.715320       1.716450       1.717590       1.718730       1.719880       1.721030    
   1.694350       1.695270       1.697100       1.697100       1.703890       1.711250       1.711250       1.711250       1.711450       1.711640       1.710200       1.709480       1.709460       1.709460       1.709460       1.709460       1.709380       1.709280       1.709280       1.710370       1.711470       1.712580       1.713690       1.714810       1.715930       1.717060       1.718200       1.719340       1.720490       1.721640    
