iMOD/TUTORIALS/TUT_MetaswapAnalyser/model_MetaSWAP/meteo/Evaporation/Evaporation_20060512_L1.ASC
NCOLS                30
NROWS                30
XLLCORNER     160000.00
YLLCORNER     340000.00
CELLSIZE        1000.00
NODATA_VALUE   -9999.00
   3.773480       3.773060       3.772750       3.772560       3.772470       3.772480       3.772580       3.772760       3.773020       3.773350       3.773730       3.774180       3.774670       3.775210       3.775780       3.776390       3.777020       3.777680       3.778360       3.779050       3.779760       3.780470       3.781190       3.781910       3.782620       3.783340       3.784050       3.784750       3.785450       3.786130    
   3.777960       3.777550       3.777260       3.777080       3.777000       3.777020       3.777120       3.777300       3.777560       3.777890       3.778280       3.778720       3.779210       3.779740       3.780310       3.780920       3.781550       3.782200       3.782870       3.783550       3.784250       3.784950       3.785660       3.786370       3.787080       3.787780       3.788480       3.789170       3.789850       3.790520    
   3.782530       3.782140       3.781870       3.781700       3.781630       3.781650       3.781760       3.781950       3.782210       3.782540       3.782930       3.783370       3.783850       3.784380       3.784950       3.785550       3.786170       3.786820       3.787480       3.788160       3.788840       3.789540       3.790230       3.790930       3.791630       3.792320       3.793000       3.793670       3.794330       3.794980    
   3.787190       3.786820       3.786570       3.786410       3.786360       3.786390       3.786500       3.786690       3.786960       3.787290       3.787670       3.788110       3.788600       3.789120       3.789680       3.790270       3.790890       3.791530       3.792180       3.792850       3.793530       3.794210       3.794900       3.795580       3.796260       3.796940       3.797600       3.798260       3.798900       3.799540    
   3.791940       3.791590       3.791360       3.791220       3.791170       3.791210       3.791330       3.791530       3.791800       3.792130       3.792510       3.792950       3.793430       3.793950       3.794510       3.795090       3.795700       3.796330       3.796980       3.797640       3.798300       3.798970       3.799640       3.800320       3.800980       3.801640       3.802290       3.802930       3.803560       3.804170    
   3.796760       3.796450       3.796230       3.796100       3.796070       3.796120       3.796250       3.796450       3.796720       3.797050       3.797440       3.797880       3.798360       3.798870       3.799420       3.800000       3.800610       3.801230       3.801860       3.802510       3.803160       3.803820       3.804480       3.805130       3.805780       3.806420       3.807060       3.807680       3.808280       3.808870    
   3.801670       3.801370       3.801180       3.801070       3.801050       3.801110       3.801250       3.801460       3.801730       3.802070       3.802450       3.802890       3.803370       3.803880       3.804420       3.805000       3.805590       3.806200       3.806830       3.807470       3.808110       3.808750       3.809390       3.810030       3.810660       3.811290       3.811900       3.812500       3.813090       3.813650    
   3.806650       3.806380       3.806200       3.806110       3.806100       3.806180       3.806330       3.806540       3.806820       3.807160       3.807550       3.807980       3.808460       3.808970       3.809510       3.810070       3.810660       3.811260       3.811880       3.812500       3.813130       3.813760       3.814390       3.815010       3.815620       3.816230       3.816820       3.817400       3.817960       3.818510    
   3.811690       3.811440       3.811290       3.811220       3.811230       3.811320       3.811470       3.811700       3.811980       3.812320       3.812710       3.813150       3.813620       3.814130       3.814660       3.815220       3.815800       3.816400       3.817000       3.817610       3.818230       3.818840       3.819450       3.820060       3.820650       3.821240       3.821810       3.822360       3.822900       3.823420    
   3.816800       3.816580       3.816440       3.816390       3.816420       3.816520       3.816690       3.816920       3.817210       3.817560       3.817950       3.818390       3.818860       3.819360       3.819890       3.820450       3.821020       3.821600       3.822200       3.822790       3.823400       3.823990       3.824590       3.825170       3.825750       3.826310       3.826860       3.827400       3.827910       3.828410    
   3.816830       3.816610       3.817760       3.821630       3.821670       3.821790       3.821970       3.822210       3.822510       3.822860       3.823260       3.823690       3.824160       3.824660       3.825190       3.825740       3.826300       3.826880       3.827460       3.828040       3.828630       3.829210       3.829790       3.830360       3.830920       3.831460       3.831980       3.832490       3.832980       3.833450    
   3.816860       3.818210       3.821630       3.825650       3.826980       3.827110       3.827310       3.827560       3.827870       3.828220       3.828620       3.829060       3.829530       3.830030       3.830550       3.831090       3.831650       3.832220       3.832790       3.833360       3.833930       3.834500       3.835060       3.835610       3.836140       3.836660       3.837160       3.837650       3.838110       3.838550    
   3.818470       3.821630       3.827320       3.829660       3.832340       3.832490       3.832700       3.832960       3.833280       3.833640       3.834050       3.834490       3.834960       3.835450       3.835970       3.836510       3.837060       3.837610       3.838170       3.838740       3.839290       3.839840       3.840380       3.840910       3.841430       3.841920       3.842400       3.842860       3.843300       3.843710    
   3.821630       3.828070       3.831000       3.832340       3.834250       3.837920       3.838140       3.838420       3.838740       3.839110       3.839520       3.839970       3.840440       3.840930       3.841450       3.841980       3.842520       3.843070       3.843620       3.844170       3.844710       3.845240       3.845770       3.846280       3.846770       3.847240       3.847700       3.848130       3.848530       3.848920    
   3.828430       3.831670       3.832340       3.834840       3.837920       3.839900       3.843630       3.843920       3.844250       3.844630       3.845050       3.845500       3.845970       3.846470       3.846980       3.847510       3.848040       3.848580       3.849120       3.849650       3.850180       3.850700       3.851200       3.851690       3.852160       3.852610       3.853040       3.853440       3.853820       3.854170    
   3.832010       3.832340       3.835030       3.837920       3.840480       3.843630       3.843780       3.843930       3.845750       3.850200       3.850620       3.851070       3.851550       3.852040       3.852560       3.853080       3.853610       3.854140       3.854670       3.855190       3.855700       3.856200       3.856690       3.857160       3.857600       3.858030       3.858430       3.858800       3.859150       3.859480    
   3.832340       3.835100       3.837920       3.840680       3.843630       3.843700       3.843780       3.845910       3.850200       3.850410       3.854180       3.856690       3.857170       3.857670       3.858180       3.858700       3.859220       3.859740       3.860260       3.860770       3.861270       3.861750       3.862220       3.862660       3.863090       3.863490       3.863860       3.864210       3.864530       3.864820    
   3.835120       3.837920       3.840740       3.843630       3.843670       3.843700       3.845900       3.850200       3.850310       3.855330       3.859510       3.862340       3.862830       3.863330       3.863840       3.864350       3.864870       3.865380       3.865890       3.866390       3.866870       3.867340       3.867790       3.868210       3.868620       3.868990       3.869340       3.869660       3.869940       3.870200    
   3.837920       3.840760       3.843630       3.843650       3.843670       3.845870       3.850200       3.850250       3.855820       3.860930       3.862340       3.862590       3.864380       3.869020       3.869530       3.870050       3.870560       3.871070       3.871560       3.872050       3.872520       3.872970       3.873400       3.873800       3.874180       3.874530       3.874850       3.875140       3.875390       3.875620    
   3.840770       3.843630       3.843640       3.843650       3.845850       3.850200       3.850230       3.856050       3.861630       3.862340       3.862460       3.864580       3.869020       3.869280       3.869530       3.870050       3.870560       3.871060       3.875180       3.877740       3.878200       3.878630       3.879040       3.879420       3.879780       3.880100       3.880390       3.880650       3.880880       3.881070    
   3.843630       3.843630       3.843640       3.845830       3.850200       3.850210       3.856160       3.861990       3.862340       3.862400       3.864600       3.869020       3.869150       3.869280       3.869620       3.870050       3.870560       3.876180       3.880600       3.883470       3.883910       3.884330       3.884720       3.885080       3.885410       3.885700       3.885970       3.886190       3.886390       3.886540    
   3.843630       3.843630       3.845830       3.850200       3.850210       3.856220       3.862160       3.862340       3.862370       3.864590       3.869020       3.869080       3.869150       3.869350       3.869650       3.870070       3.876460       3.882040       3.883470       3.885680       3.889650       3.890050       3.890420       3.890760       3.891060       3.891330       3.891560       3.891760       3.891920       3.892040    
   3.843630       3.845820       3.850200       3.850200       3.856240       3.862250       3.862340       3.862360       3.864580       3.869020       3.869050       3.869080       3.869190       3.869380       3.869690       3.879960       3.882750       3.883470       3.892160       3.895420       3.895650       3.895790       3.896140       3.896460       3.896740       3.896980       3.897190       3.897350       3.897470       3.897560    
   3.845820       3.850200       3.850200       3.856260       3.862300       3.862340       3.862350       3.864570       3.869020       3.869040       3.869050       3.869110       3.869220       3.884440       3.894570       3.900860       3.900860       3.901380       3.902160       3.904090       3.901190       3.901560       3.901890       3.902180       3.902440       3.902650       3.902830       3.902960       3.903050       3.903100    
   3.850200       3.850200       3.856260       3.862320       3.862340       3.862340       3.864570       3.869020       3.869030       3.869040       3.869070       3.869130       3.896460       3.929680       3.929500       3.918020       3.918970       3.918240       3.910870       3.906990       3.906980       3.907340       3.907650       3.907920       3.908150       3.908340       3.908480       3.908580       3.908630       3.908640    
   3.850200       3.856270       3.862330       3.862340       3.862340       3.864570       3.869020       3.869020       3.869030       3.869040       3.900050       3.946520       3.935450       3.929860       3.929860       3.929500       3.922750       3.919700       3.918240       3.914150       3.912790       3.913130       3.913420       3.913670       3.913880       3.914030       3.914140       3.914210       3.914230       3.914200    
   3.856270       3.862330       3.862340       3.862340       3.864570       3.869020       3.869020       3.869020       3.869030       3.906230       3.946520       3.946520       3.946520       3.935710       3.930230       3.930230       3.929500       3.923580       3.921150       3.918240       3.918600       3.918920       3.919200       3.919430       3.919610       3.919740       3.919810       3.919840       3.919830       3.919760    
   3.862340       3.862340       3.862340       3.864570       3.869020       3.869020       3.869020       3.895410       3.920220       3.946540       3.946520       3.946520       3.946520       3.946520       3.936240       3.930960       3.930960       3.929500       3.925430       3.924070       3.924420       3.924730       3.924980       3.925190       3.925340       3.925440       3.925490       3.925480       3.925430       3.925320    
   3.862340       3.862340       3.864570       3.869020       3.869020       3.913230       3.979550       3.977060       3.974570       3.955910       3.946570       3.946520       3.946520       3.946520       3.946520       3.937270       3.932410       3.932420       3.929500       3.929890       3.930240       3.930530       3.930760       3.930950       3.931070       3.931140       3.931160       3.931120       3.931020       3.930880    
   3.862340       3.864570       3.869020       3.869020       3.922080       3.979560       3.979560       3.979550       3.977060       3.974570       3.955990       3.946660       3.946520       3.946520       3.946520       3.946520       3.939190       3.935330       3.935330       3.935710       3.936050       3.936320       3.936540       3.936700       3.936800       3.936840       3.936820       3.936740       3.936610       3.936420    
