iMOD/TUTORIALS/TUT_MetaswapAnalyser/model_MetaSWAP/meteo/Evaporation/Evaporation_20061227_L1.ASC
NCOLS                30
NROWS                30
XLLCORNER     160000.00
YLLCORNER     340000.00
CELLSIZE        1000.00
NODATA_VALUE   -9999.00
  0.1999000E-01  0.1995000E-01  0.1991000E-01  0.1987000E-01  0.1984000E-01  0.1980000E-01  0.1977000E-01  0.1974000E-01  0.1971000E-01  0.1968000E-01  0.1965000E-01  0.1963000E-01  0.1961000E-01  0.1958000E-01  0.1956000E-01  0.1954000E-01  0.1952000E-01  0.1950000E-01  0.1949000E-01  0.1947000E-01  0.1946000E-01  0.1945000E-01  0.1944000E-01  0.1942000E-01  0.1942000E-01  0.1941000E-01  0.1940000E-01  0.1940000E-01  0.1939000E-01  0.1939000E-01
  0.1998000E-01  0.1994000E-01  0.1991000E-01  0.1987000E-01  0.1983000E-01  0.1980000E-01  0.1977000E-01  0.1974000E-01  0.1971000E-01  0.1968000E-01  0.1965000E-01  0.1963000E-01  0.1960000E-01  0.1958000E-01  0.1956000E-01  0.1954000E-01  0.1952000E-01  0.1950000E-01  0.1948000E-01  0.1947000E-01  0.1945000E-01  0.1944000E-01  0.1943000E-01  0.1942000E-01  0.1941000E-01  0.1940000E-01  0.1939000E-01  0.1939000E-01  0.1938000E-01  0.1938000E-01
  0.1998000E-01  0.1994000E-01  0.1991000E-01  0.1987000E-01  0.1983000E-01  0.1980000E-01  0.1976000E-01  0.1973000E-01  0.1970000E-01  0.1967000E-01  0.1965000E-01  0.1962000E-01  0.1960000E-01  0.1957000E-01  0.1955000E-01  0.1953000E-01  0.1951000E-01  0.1949000E-01  0.1948000E-01  0.1946000E-01  0.1945000E-01  0.1943000E-01  0.1942000E-01  0.1941000E-01  0.1940000E-01  0.1939000E-01  0.1938000E-01  0.1938000E-01  0.1937000E-01  0.1937000E-01
  0.1998000E-01  0.1994000E-01  0.1990000E-01  0.1987000E-01  0.1983000E-01  0.1980000E-01  0.1976000E-01  0.1973000E-01  0.1970000E-01  0.1967000E-01  0.1965000E-01  0.1962000E-01  0.1959000E-01  0.1957000E-01  0.1955000E-01  0.1953000E-01  0.1951000E-01  0.1949000E-01  0.1947000E-01  0.1946000E-01  0.1944000E-01  0.1943000E-01  0.1942000E-01  0.1940000E-01  0.1939000E-01  0.1939000E-01  0.1938000E-01  0.1937000E-01  0.1937000E-01  0.1936000E-01
  0.1999000E-01  0.1994000E-01  0.1991000E-01  0.1987000E-01  0.1983000E-01  0.1980000E-01  0.1976000E-01  0.1973000E-01  0.1970000E-01  0.1967000E-01  0.1964000E-01  0.1962000E-01  0.1959000E-01  0.1957000E-01  0.1955000E-01  0.1952000E-01  0.1950000E-01  0.1949000E-01  0.1947000E-01  0.1945000E-01  0.1944000E-01  0.1942000E-01  0.1941000E-01  0.1940000E-01  0.1939000E-01  0.1938000E-01  0.1937000E-01  0.1936000E-01  0.1936000E-01  0.1935000E-01
  0.1999000E-01  0.1995000E-01  0.1991000E-01  0.1987000E-01  0.1983000E-01  0.1980000E-01  0.1976000E-01  0.1973000E-01  0.1970000E-01  0.1967000E-01  0.1964000E-01  0.1962000E-01  0.1959000E-01  0.1957000E-01  0.1954000E-01  0.1952000E-01  0.1950000E-01  0.1948000E-01  0.1947000E-01  0.1945000E-01  0.1943000E-01  0.1942000E-01  0.1941000E-01  0.1939000E-01  0.1938000E-01  0.1937000E-01  0.1937000E-01  0.1936000E-01  0.1935000E-01  0.1935000E-01
  0.1999000E-01  0.1995000E-01  0.1991000E-01  0.1987000E-01  0.1983000E-01  0.1980000E-01  0.1976000E-01  0.1973000E-01  0.1970000E-01  0.1967000E-01  0.1964000E-01  0.1962000E-01  0.1959000E-01  0.1957000E-01  0.1954000E-01  0.1952000E-01  0.1950000E-01  0.1948000E-01  0.1946000E-01  0.1945000E-01  0.1943000E-01  0.1942000E-01  0.1940000E-01  0.1939000E-01  0.1938000E-01  0.1937000E-01  0.1936000E-01  0.1935000E-01  0.1935000E-01  0.1934000E-01
  0.1999000E-01  0.1995000E-01  0.1991000E-01  0.1987000E-01  0.1984000E-01  0.1980000E-01  0.1977000E-01  0.1973000E-01  0.1970000E-01  0.1967000E-01  0.1964000E-01  0.1962000E-01  0.1959000E-01  0.1957000E-01  0.1954000E-01  0.1952000E-01  0.1950000E-01  0.1948000E-01  0.1946000E-01  0.1944000E-01  0.1943000E-01  0.1941000E-01  0.1940000E-01  0.1939000E-01  0.1938000E-01  0.1937000E-01  0.1936000E-01  0.1935000E-01  0.1934000E-01  0.1933000E-01
  0.2000000E-01  0.1996000E-01  0.1992000E-01  0.1988000E-01  0.1984000E-01  0.1980000E-01  0.1977000E-01  0.1974000E-01  0.1971000E-01  0.1967000E-01  0.1965000E-01  0.1962000E-01  0.1959000E-01  0.1957000E-01  0.1954000E-01  0.1952000E-01  0.1950000E-01  0.1948000E-01  0.1946000E-01  0.1944000E-01  0.1943000E-01  0.1941000E-01  0.1940000E-01  0.1938000E-01  0.1937000E-01  0.1936000E-01  0.1935000E-01  0.1934000E-01  0.1934000E-01  0.1933000E-01
  0.2000000E-01  0.1996000E-01  0.1992000E-01  0.1988000E-01  0.1984000E-01  0.1981000E-01  0.1977000E-01  0.1974000E-01  0.1971000E-01  0.1968000E-01  0.1965000E-01  0.1962000E-01  0.1959000E-01  0.1957000E-01  0.1954000E-01  0.1952000E-01  0.1950000E-01  0.1948000E-01  0.1946000E-01  0.1944000E-01  0.1943000E-01  0.1941000E-01  0.1940000E-01  0.1938000E-01  0.1937000E-01  0.1936000E-01  0.1935000E-01  0.1934000E-01  0.1933000E-01  0.1932000E-01
  0.2000330E-01  0.1996000E-01  0.1991250E-01  0.1989000E-01  0.1985000E-01  0.1981000E-01  0.1978000E-01  0.1974000E-01  0.1971000E-01  0.1968000E-01  0.1965000E-01  0.1962000E-01  0.1960000E-01  0.1957000E-01  0.1955000E-01  0.1952000E-01  0.1950000E-01  0.1948000E-01  0.1946000E-01  0.1944000E-01  0.1943000E-01  0.1941000E-01  0.1940000E-01  0.1938000E-01  0.1937000E-01  0.1936000E-01  0.1935000E-01  0.1934000E-01  0.1933000E-01  0.1932000E-01
  0.2000330E-01  0.1994150E-01  0.1989000E-01  0.1986250E-01  0.1985000E-01  0.1982000E-01  0.1978000E-01  0.1975000E-01  0.1972000E-01  0.1968000E-01  0.1966000E-01  0.1963000E-01  0.1960000E-01  0.1957000E-01  0.1955000E-01  0.1953000E-01  0.1950000E-01  0.1948000E-01  0.1946000E-01  0.1944000E-01  0.1943000E-01  0.1941000E-01  0.1939000E-01  0.1938000E-01  0.1937000E-01  0.1936000E-01  0.1934000E-01  0.1933000E-01  0.1933000E-01  0.1932000E-01
  0.1997060E-01  0.1989000E-01  0.1986690E-01  0.1985500E-01  0.1986000E-01  0.1982000E-01  0.1979000E-01  0.1975000E-01  0.1972000E-01  0.1969000E-01  0.1966000E-01  0.1963000E-01  0.1960000E-01  0.1958000E-01  0.1955000E-01  0.1953000E-01  0.1951000E-01  0.1948000E-01  0.1946000E-01  0.1945000E-01  0.1943000E-01  0.1941000E-01  0.1940000E-01  0.1938000E-01  0.1937000E-01  0.1935000E-01  0.1934000E-01  0.1933000E-01  0.1932000E-01  0.1932000E-01
  0.1989000E-01  0.1986860E-01  0.1985750E-01  0.1986000E-01  0.1983670E-01  0.1983000E-01  0.1979000E-01  0.1976000E-01  0.1973000E-01  0.1969000E-01  0.1966000E-01  0.1964000E-01  0.1961000E-01  0.1958000E-01  0.1956000E-01  0.1953000E-01  0.1951000E-01  0.1949000E-01  0.1947000E-01  0.1945000E-01  0.1943000E-01  0.1941000E-01  0.1940000E-01  0.1938000E-01  0.1937000E-01  0.1935000E-01  0.1934000E-01  0.1933000E-01  0.1932000E-01  0.1931000E-01
  0.1986930E-01  0.1985870E-01  0.1986000E-01  0.1984220E-01  0.1983000E-01  0.1980670E-01  0.1980000E-01  0.1977000E-01  0.1973000E-01  0.1970000E-01  0.1967000E-01  0.1964000E-01  0.1961000E-01  0.1959000E-01  0.1956000E-01  0.1954000E-01  0.1951000E-01  0.1949000E-01  0.1947000E-01  0.1945000E-01  0.1943000E-01  0.1941000E-01  0.1940000E-01  0.1938000E-01  0.1937000E-01  0.1935000E-01  0.1934000E-01  0.1933000E-01  0.1932000E-01  0.1931000E-01
  0.1985940E-01  0.1986000E-01  0.1984410E-01  0.1983000E-01  0.1981220E-01  0.1980000E-01  0.1978500E-01  0.1976670E-01  0.1972750E-01  0.1971000E-01  0.1968000E-01  0.1965000E-01  0.1962000E-01  0.1959000E-01  0.1957000E-01  0.1954000E-01  0.1952000E-01  0.1949000E-01  0.1947000E-01  0.1945000E-01  0.1943000E-01  0.1942000E-01  0.1940000E-01  0.1938000E-01  0.1937000E-01  0.1936000E-01  0.1934000E-01  0.1933000E-01  0.1932000E-01  0.1931000E-01
  0.1986000E-01  0.1984470E-01  0.1983000E-01  0.1981410E-01  0.1980000E-01  0.1979250E-01  0.1978390E-01  0.1974730E-01  0.1971000E-01  0.1969500E-01  0.1967000E-01  0.1965000E-01  0.1962000E-01  0.1960000E-01  0.1957000E-01  0.1955000E-01  0.1952000E-01  0.1950000E-01  0.1948000E-01  0.1946000E-01  0.1944000E-01  0.1942000E-01  0.1940000E-01  0.1939000E-01  0.1937000E-01  0.1936000E-01  0.1934000E-01  0.1933000E-01  0.1932000E-01  0.1931000E-01
  0.1984490E-01  0.1983000E-01  0.1981470E-01  0.1980000E-01  0.1979630E-01  0.1979210E-01  0.1975840E-01  0.1971000E-01  0.1970250E-01  0.1967800E-01  0.1965500E-01  0.1966000E-01  0.1963000E-01  0.1960000E-01  0.1958000E-01  0.1955000E-01  0.1953000E-01  0.1950000E-01  0.1948000E-01  0.1946000E-01  0.1944000E-01  0.1942000E-01  0.1940000E-01  0.1939000E-01  0.1937000E-01  0.1936000E-01  0.1934000E-01  0.1933000E-01  0.1932000E-01  0.1931000E-01
  0.1983000E-01  0.1981490E-01  0.1980000E-01  0.1979810E-01  0.1979610E-01  0.1976420E-01  0.1971000E-01  0.1970630E-01  0.1968160E-01  0.1965750E-01  0.1966000E-01  0.1964500E-01  0.1962500E-01  0.1961000E-01  0.1958000E-01  0.1956000E-01  0.1953000E-01  0.1951000E-01  0.1949000E-01  0.1947000E-01  0.1945000E-01  0.1943000E-01  0.1941000E-01  0.1939000E-01  0.1938000E-01  0.1936000E-01  0.1935000E-01  0.1933000E-01  0.1932000E-01  0.1931000E-01
  0.1981500E-01  0.1980000E-01  0.1979910E-01  0.1979810E-01  0.1976710E-01  0.1971000E-01  0.1970810E-01  0.1968330E-01  0.1965870E-01  0.1966000E-01  0.1965250E-01  0.1963500E-01  0.1961000E-01  0.1959500E-01  0.1958330E-01  0.1955670E-01  0.1953330E-01  0.1951000E-01  0.1948400E-01  0.1947000E-01  0.1945000E-01  0.1943000E-01  0.1941000E-01  0.1940000E-01  0.1938000E-01  0.1936000E-01  0.1935000E-01  0.1934000E-01  0.1932000E-01  0.1931000E-01
  0.1980000E-01  0.1979950E-01  0.1979900E-01  0.1976860E-01  0.1971000E-01  0.1970910E-01  0.1968420E-01  0.1965940E-01  0.1966000E-01  0.1965630E-01  0.1963940E-01  0.1961000E-01  0.1960250E-01  0.1959610E-01  0.1957830E-01  0.1955780E-01  0.1953330E-01  0.1949650E-01  0.1947500E-01  0.1948000E-01  0.1946000E-01  0.1944000E-01  0.1942000E-01  0.1940000E-01  0.1938000E-01  0.1937000E-01  0.1935000E-01  0.1934000E-01  0.1932000E-01  0.1931000E-01
  0.1979980E-01  0.1979950E-01  0.1976930E-01  0.1971000E-01  0.1970950E-01  0.1968460E-01  0.1965970E-01  0.1966000E-01  0.1965810E-01  0.1964140E-01  0.1961000E-01  0.1960630E-01  0.1960290E-01  0.1959230E-01  0.1957740E-01  0.1955650E-01  0.1950900E-01  0.1947750E-01  0.1948000E-01  0.1946670E-01  0.1946000E-01  0.1944000E-01  0.1942000E-01  0.1940000E-01  0.1939000E-01  0.1937000E-01  0.1935000E-01  0.1934000E-01  0.1933000E-01  0.1931000E-01
  0.1979980E-01  0.1976960E-01  0.1971000E-01  0.1970980E-01  0.1968480E-01  0.1965980E-01  0.1966000E-01  0.1965910E-01  0.1964240E-01  0.1961000E-01  0.1960810E-01  0.1960640E-01  0.1960050E-01  0.1959090E-01  0.1957540E-01  0.1952430E-01  0.1947870E-01  0.1948000E-01  0.1947170E-01  0.1946500E-01  0.1945400E-01  0.1945000E-01  0.1943000E-01  0.1941000E-01  0.1939000E-01  0.1937000E-01  0.1936000E-01  0.1934000E-01  0.1933000E-01  0.1932000E-01
  0.1976980E-01  0.1971000E-01  0.1970990E-01  0.1968490E-01  0.1965990E-01  0.1966000E-01  0.1965950E-01  0.1964290E-01  0.1961000E-01  0.1960910E-01  0.1960820E-01  0.1960500E-01  0.1959920E-01  0.1958170E-01  0.1954660E-01  0.1950000E-01  0.1950000E-01  0.1948760E-01  0.1947330E-01  0.1947500E-01  0.1947000E-01  0.1945000E-01  0.1943000E-01  0.1941000E-01  0.1940000E-01  0.1938000E-01  0.1936000E-01  0.1935000E-01  0.1933000E-01  0.1932000E-01
  0.1971000E-01  0.1970990E-01  0.1968490E-01  0.1966000E-01  0.1966000E-01  0.1965980E-01  0.1964310E-01  0.1961000E-01  0.1960950E-01  0.1960910E-01  0.1960740E-01  0.1960410E-01  0.1958140E-01  0.1956030E-01  0.1956000E-01  0.1952890E-01  0.1952120E-01  0.1952000E-01  0.1949310E-01  0.1948000E-01  0.1948000E-01  0.1946000E-01  0.1944000E-01  0.1942000E-01  0.1940000E-01  0.1938000E-01  0.1937000E-01  0.1935000E-01  0.1934000E-01  0.1932000E-01
  0.1971000E-01  0.1968500E-01  0.1966000E-01  0.1966000E-01  0.1965990E-01  0.1964320E-01  0.1961000E-01  0.1960980E-01  0.1960950E-01  0.1960870E-01  0.1961210E-01  0.1962000E-01  0.1958050E-01  0.1956060E-01  0.1956060E-01  0.1956000E-01  0.1953450E-01  0.1952250E-01  0.1952000E-01  0.1949750E-01  0.1949000E-01  0.1947000E-01  0.1945000E-01  0.1943000E-01  0.1941000E-01  0.1939000E-01  0.1937000E-01  0.1936000E-01  0.1934000E-01  0.1933000E-01
  0.1968500E-01  0.1966000E-01  0.1966000E-01  0.1965990E-01  0.1964330E-01  0.1961000E-01  0.1960990E-01  0.1960980E-01  0.1960930E-01  0.1961410E-01  0.1962000E-01  0.1962000E-01  0.1962000E-01  0.1958090E-01  0.1956120E-01  0.1956120E-01  0.1956000E-01  0.1953560E-01  0.1952500E-01  0.1952000E-01  0.1950000E-01  0.1947000E-01  0.1945000E-01  0.1943000E-01  0.1941000E-01  0.1939000E-01  0.1938000E-01  0.1936000E-01  0.1934000E-01  0.1933000E-01
  0.1966000E-01  0.1966000E-01  0.1966000E-01  0.1964330E-01  0.1961000E-01  0.1960990E-01  0.1960990E-01  0.1963220E-01  0.1963330E-01  0.1962000E-01  0.1962000E-01  0.1962000E-01  0.1962000E-01  0.1962000E-01  0.1958180E-01  0.1956250E-01  0.1956250E-01  0.1956000E-01  0.1953750E-01  0.1953000E-01  0.1950000E-01  0.1948000E-01  0.1946000E-01  0.1944000E-01  0.1942000E-01  0.1940000E-01  0.1938000E-01  0.1937000E-01  0.1935000E-01  0.1933000E-01
  0.1966000E-01  0.1966000E-01  0.1964330E-01  0.1961000E-01  0.1961000E-01  0.1966600E-01  0.1975000E-01  0.1972500E-01  0.1970000E-01  0.1964670E-01  0.1962010E-01  0.1962000E-01  0.1962000E-01  0.1962000E-01  0.1962000E-01  0.1958340E-01  0.1956500E-01  0.1956500E-01  0.1956000E-01  0.1954000E-01  0.1951000E-01  0.1949000E-01  0.1947000E-01  0.1945000E-01  0.1943000E-01  0.1941000E-01  0.1939000E-01  0.1937000E-01  0.1935000E-01  0.1934000E-01
  0.1966000E-01  0.1964330E-01  0.1961000E-01  0.1961000E-01  0.1967720E-01  0.1975000E-01  0.1975000E-01  0.1975000E-01  0.1972500E-01  0.1970000E-01  0.1964690E-01  0.1962020E-01  0.1962000E-01  0.1962000E-01  0.1962000E-01  0.1962000E-01  0.1958630E-01  0.1957000E-01  0.1957000E-01  0.1955000E-01  0.1952000E-01  0.1950000E-01  0.1948000E-01  0.1945000E-01  0.1943000E-01  0.1941000E-01  0.1939000E-01  0.1938000E-01  0.1936000E-01  0.1934000E-01
