iMOD/TUTORIALS/TUT_MetaswapAnalyser/model_MetaSWAP/meteo/Evaporation/Evaporation_20050731_L1.ASC
NCOLS                30
NROWS                30
XLLCORNER     160000.00
YLLCORNER     340000.00
CELLSIZE        1000.00
NODATA_VALUE   -9999.00
   1.495670       1.498160       1.500690       1.503240       1.505820       1.508420       1.511040       1.513670       1.516320       1.518980       1.521650       1.524310       1.526980       1.529650       1.532320       1.534980       1.537630       1.540280       1.542910       1.545540       1.548150       1.550750       1.553330       1.555900       1.558450       1.560990       1.563520       1.566030       1.568520       1.571000    
   1.500140       1.502590       1.505080       1.507590       1.510130       1.512700       1.515280       1.517880       1.520490       1.523110       1.525740       1.528370       1.531010       1.533650       1.536280       1.538920       1.541540       1.544160       1.546770       1.549370       1.551960       1.554540       1.557110       1.559660       1.562200       1.564720       1.567240       1.569730       1.572210       1.574680    
   1.504610       1.507030       1.509480       1.511950       1.514450       1.516980       1.519520       1.522080       1.524660       1.527240       1.529840       1.532440       1.535040       1.537650       1.540260       1.542860       1.545460       1.548050       1.550640       1.553220       1.555780       1.558340       1.560890       1.563430       1.565950       1.568460       1.570960       1.573440       1.575910       1.578370    
   1.509090       1.511470       1.513880       1.516310       1.518780       1.521260       1.523770       1.526300       1.528830       1.531380       1.533940       1.536510       1.539080       1.541660       1.544230       1.546810       1.549380       1.551950       1.554510       1.557070       1.559610       1.562150       1.564680       1.567200       1.569700       1.572200       1.574680       1.577160       1.579620       1.582060    
   1.513560       1.515900       1.518280       1.520680       1.523100       1.525550       1.528020       1.530510       1.533010       1.535530       1.538060       1.540590       1.543130       1.545670       1.548220       1.550770       1.553310       1.555850       1.558390       1.560920       1.563450       1.565970       1.568480       1.570980       1.573470       1.575950       1.578420       1.580870       1.583320       1.585760    
   1.518030       1.520340       1.522680       1.525040       1.527430       1.529850       1.532280       1.534730       1.537200       1.539680       1.542170       1.544680       1.547180       1.549700       1.552210       1.554730       1.557250       1.559770       1.562280       1.564790       1.567290       1.569790       1.572280       1.574760       1.577230       1.579700       1.582150       1.584600       1.587030       1.589460    
   1.522500       1.524780       1.527080       1.529410       1.531760       1.534140       1.536540       1.538960       1.541390       1.543840       1.546300       1.548770       1.551240       1.553730       1.556210       1.558700       1.561190       1.563680       1.566170       1.568660       1.571140       1.573610       1.576080       1.578550       1.581010       1.583450       1.585890       1.588330       1.590750       1.593160    
   1.526980       1.529220       1.531480       1.533780       1.536100       1.538440       1.540800       1.543190       1.545590       1.548000       1.550430       1.552860       1.555310       1.557760       1.560220       1.562680       1.565140       1.567610       1.570070       1.572530       1.574990       1.577450       1.579900       1.582340       1.584780       1.587220       1.589640       1.592060       1.594470       1.596870    
   1.531450       1.533650       1.535890       1.538150       1.540430       1.542740       1.545070       1.547420       1.549790       1.552170       1.554560       1.556970       1.559380       1.561800       1.564230       1.566670       1.569100       1.571540       1.573980       1.576420       1.578860       1.581290       1.583720       1.586150       1.588570       1.590980       1.593390       1.595800       1.598190       1.600580    
   1.535920       1.538090       1.540290       1.542520       1.544770       1.547040       1.549340       1.551660       1.553990       1.556340       1.558700       1.561070       1.563460       1.565850       1.568250       1.570660       1.573070       1.575480       1.577890       1.580310       1.582720       1.585140       1.587550       1.589960       1.592360       1.594760       1.597150       1.599540       1.601930       1.604300    
   1.535930       1.538100       1.541950       1.546890       1.549110       1.551350       1.553610       1.555900       1.558200       1.560510       1.562840       1.565180       1.567540       1.569900       1.572270       1.574650       1.577040       1.579420       1.581810       1.584210       1.586600       1.588990       1.591380       1.593770       1.596160       1.598540       1.600920       1.603290       1.605660       1.608030    
   1.535940       1.540720       1.546890       1.551810       1.553450       1.555660       1.557890       1.560140       1.562410       1.564690       1.566990       1.569300       1.571630       1.573960       1.576300       1.578660       1.581010       1.583380       1.585740       1.588110       1.590480       1.592850       1.595220       1.597590       1.599960       1.602320       1.604690       1.607050       1.609400       1.611760    
   1.539340       1.546890       1.553030       1.555620       1.557790       1.559970       1.562170       1.564380       1.566620       1.568870       1.571140       1.573420       1.575720       1.578030       1.580340       1.582660       1.585000       1.587330       1.589670       1.592020       1.594370       1.596720       1.599070       1.601420       1.603770       1.606120       1.608460       1.610810       1.613150       1.615490    
   1.546890       1.553600       1.556700       1.557790       1.560680       1.564280       1.566450       1.568630       1.570840       1.573060       1.575300       1.577550       1.579820       1.582090       1.584380       1.586680       1.588980       1.591300       1.593610       1.595940       1.598260       1.600590       1.602920       1.605250       1.607580       1.609920       1.612250       1.614580       1.616910       1.619230    
   1.553880       1.557250       1.557790       1.560920       1.564280       1.567150       1.570730       1.572880       1.575060       1.577250       1.579460       1.581680       1.583920       1.586170       1.588430       1.590700       1.592980       1.595270       1.597560       1.599860       1.602160       1.604470       1.606780       1.609090       1.611410       1.613720       1.616040       1.618350       1.620670       1.622980    
   1.557520       1.557790       1.561000       1.564280       1.567390       1.570730       1.571810       1.572890       1.576660       1.581450       1.583620       1.585820       1.588030       1.590250       1.592480       1.594730       1.596980       1.599240       1.601510       1.603790       1.606070       1.608360       1.610650       1.612940       1.615240       1.617530       1.619830       1.622130       1.624430       1.626730    
   1.557790       1.561020       1.564280       1.567470       1.570730       1.571270       1.571810       1.575700       1.581450       1.582540       1.586990       1.589960       1.592140       1.594330       1.596540       1.598760       1.600990       1.603220       1.605470       1.607720       1.609980       1.612250       1.614520       1.616790       1.619070       1.621350       1.623640       1.625920       1.628200       1.630490    
   1.561030       1.564280       1.567490       1.570730       1.571000       1.571270       1.575060       1.581450       1.581990       1.587420       1.592040       1.594110       1.596260       1.598420       1.600600       1.602800       1.605000       1.607210       1.609430       1.611670       1.613900       1.616150       1.618400       1.620650       1.622910       1.625180       1.627440       1.629710       1.631980       1.634260    
   1.564280       1.567500       1.570730       1.570860       1.571000       1.574690       1.581450       1.581720       1.587610       1.593070       1.594110       1.595190       1.597830       1.602520       1.604670       1.606840       1.609020       1.611210       1.613410       1.615610       1.617830       1.620050       1.622290       1.624520       1.626760       1.629010       1.631260       1.633510       1.635770       1.638030    
   1.567500       1.570730       1.570800       1.570860       1.574500       1.581450       1.581590       1.587700       1.593590       1.594110       1.594650       1.597410       1.602520       1.603600       1.604680       1.606840       1.609020       1.611210       1.616670       1.619570       1.621760       1.623970       1.626180       1.628400       1.630620       1.632850       1.635080       1.637320       1.639560       1.641810    
   1.570730       1.570760       1.570800       1.574400       1.581450       1.581520       1.587740       1.593850       1.594110       1.594380       1.597170       1.602520       1.603060       1.603600       1.605040       1.606850       1.609030       1.616400       1.621550       1.623530       1.625700       1.627890       1.630080       1.632280       1.634480       1.636700       1.638910       1.641140       1.643360       1.645590    
   1.570750       1.570760       1.574350       1.581450       1.581480       1.587760       1.593980       1.594110       1.594240       1.597050       1.602520       1.602790       1.603060       1.603900       1.605160       1.606970       1.615670       1.622540       1.623530       1.626290       1.629650       1.631810       1.633980       1.636170       1.638350       1.640550       1.642750       1.644960       1.647170       1.649390    
   1.570750       1.574330       1.581450       1.581470       1.587770       1.594050       1.594110       1.594180       1.596980       1.602520       1.602650       1.602790       1.603250       1.604040       1.605340       1.617260       1.623030       1.623530       1.630740       1.633610       1.634890       1.635750       1.637900       1.640060       1.642230       1.644410       1.646600       1.648790       1.650990       1.653190    
   1.574320       1.581450       1.581460       1.587770       1.594080       1.594110       1.594140       1.596950       1.602520       1.602590       1.602650       1.602900       1.603360       1.616530       1.627060       1.635490       1.635480       1.636710       1.638230       1.639540       1.637560       1.639690       1.641820       1.643960       1.646120       1.648280       1.650450       1.652620       1.654810       1.657000    
   1.581450       1.581450       1.587780       1.594090       1.594110       1.594130       1.596930       1.602520       1.602550       1.602590       1.602710       1.602970       1.626020       1.653610       1.653480       1.646720       1.647940       1.647440       1.643630       1.641530       1.641530       1.643630       1.645750       1.647870       1.650010       1.652150       1.654310       1.656470       1.658640       1.660820    
   1.581450       1.587780       1.594100       1.594110       1.594120       1.596920       1.602520       1.602540       1.602550       1.602620       1.627150       1.663730       1.657090       1.653730       1.653730       1.653480       1.649990       1.648440       1.647440       1.645990       1.645510       1.647590       1.649680       1.651790       1.653910       1.656040       1.658180       1.660320       1.662480       1.664640    
   1.587780       1.594110       1.594110       1.594110       1.596920       1.602520       1.602530       1.602540       1.602570       1.631960       1.663730       1.663730       1.663730       1.657270       1.653990       1.653990       1.653480       1.650580       1.649450       1.647440       1.649490       1.651550       1.653630       1.655720       1.657820       1.659930       1.662050       1.664180       1.666330       1.668470    
   1.594110       1.594110       1.594110       1.596920       1.602520       1.602520       1.602530       1.622530       1.642220       1.663740       1.663730       1.663730       1.663730       1.663730       1.657640       1.654490       1.654490       1.653480       1.651960       1.651450       1.653480       1.655520       1.657580       1.659650       1.661730       1.663830       1.665940       1.668050       1.670180       1.672320    
   1.594110       1.594110       1.596910       1.602520       1.602520       1.635480       1.684920       1.683710       1.682500       1.670020       1.663760       1.663730       1.663730       1.663730       1.663730       1.658360       1.655500       1.655500       1.653480       1.655470       1.657470       1.659500       1.661540       1.663590       1.665660       1.667740       1.669830       1.671930       1.674050       1.676170    
   1.594110       1.596910       1.602520       1.602520       1.642080       1.684930       1.684930       1.684920       1.683710       1.682500       1.670080       1.663830       1.663730       1.663730       1.663730       1.663730       1.659720       1.657530       1.657520       1.659490       1.661480       1.663480       1.665500       1.667540       1.669590       1.671650       1.673730       1.675820       1.677920       1.680030    
