iMOD/TUTORIALS/TUT_MetaswapAnalyser/model_MetaSWAP/meteo/Evaporation/Evaporation_20050514_L1.ASC
NCOLS                30
NROWS                30
XLLCORNER     160000.00
YLLCORNER     340000.00
CELLSIZE        1000.00
NODATA_VALUE   -9999.00
   2.568820       2.560840       2.552840       2.544840       2.536820       2.528800       2.520780       2.512760       2.504740       2.496740       2.488740       2.480760       2.472790       2.464840       2.456920       2.449020       2.441140       2.433300       2.425480       2.417700       2.409950       2.402240       2.394560       2.386920       2.379330       2.371770       2.364260       2.356780       2.349360       2.341970    
   2.555890       2.547950       2.539990       2.532010       2.524030       2.516050       2.508060       2.500070       2.492090       2.484120       2.476160       2.468210       2.460280       2.452370       2.444470       2.436610       2.428770       2.420950       2.413170       2.405420       2.397700       2.390020       2.382370       2.374770       2.367200       2.359670       2.352190       2.344740       2.337340       2.329990    
   2.542950       2.535030       2.527100       2.519170       2.511220       2.503270       2.495320       2.487370       2.479420       2.471480       2.463550       2.455640       2.447740       2.439860       2.432000       2.424170       2.416360       2.408580       2.400830       2.393110       2.385420       2.377770       2.370150       2.362580       2.355040       2.347540       2.340090       2.332670       2.325300       2.317980    
   2.529980       2.522100       2.514200       2.506300       2.498380       2.490470       2.482550       2.474630       2.466720       2.458820       2.450920       2.443040       2.435180       2.427330       2.419500       2.411700       2.403930       2.396180       2.388460       2.380770       2.373110       2.365490       2.357910       2.350360       2.342860       2.335390       2.327960       2.320580       2.313240       2.305940    
   2.516990       2.509140       2.501280       2.493410       2.485530       2.477640       2.469760       2.461880       2.454000       2.446130       2.438270       2.430420       2.422590       2.414770       2.406980       2.399210       2.391470       2.383750       2.376060       2.368410       2.360780       2.353190       2.345640       2.338130       2.330650       2.323210       2.315820       2.308460       2.301150       2.293880    
   2.503980       2.496160       2.488340       2.480500       2.472650       2.464800       2.456950       2.449100       2.441250       2.433410       2.425590       2.417770       2.409970       2.402190       2.394430       2.386690       2.378980       2.371300       2.363640       2.356020       2.348420       2.340870       2.333350       2.325860       2.318410       2.311010       2.303640       2.296320       2.289030       2.281790    
   2.490960       2.483170       2.475380       2.467570       2.459750       2.451940       2.444120       2.436300       2.428490       2.420680       2.412890       2.405100       2.397340       2.389590       2.381860       2.374150       2.366470       2.358820       2.351200       2.343600       2.336040       2.328520       2.321030       2.313570       2.306160       2.298780       2.291440       2.284150       2.276900       2.269690    
   2.477920       2.470160       2.462400       2.454620       2.446840       2.439050       2.431270       2.423480       2.415700       2.407930       2.400160       2.392410       2.384680       2.376960       2.369270       2.361590       2.353940       2.346320       2.338730       2.331170       2.323640       2.316140       2.308680       2.301260       2.293880       2.286530       2.279220       2.271960       2.264740       2.257560    
   2.464860       2.457140       2.449410       2.441660       2.433910       2.426150       2.418400       2.410640       2.402900       2.395150       2.387420       2.379700       2.372000       2.364320       2.356650       2.349010       2.341390       2.333800       2.326240       2.318710       2.311210       2.303750       2.296320       2.288930       2.281570       2.274260       2.266980       2.259750       2.252560       2.245410    
   2.451800       2.444100       2.436400       2.428690       2.420960       2.413240       2.405520       2.397790       2.390070       2.382360       2.374660       2.366980       2.359300       2.351650       2.344020       2.336410       2.328820       2.321260       2.313730       2.306230       2.298770       2.291330       2.283940       2.276570       2.269250       2.261970       2.254720       2.247520       2.240360       2.233240    
   2.451790       2.444100       2.431220       2.415700       2.408010       2.400310       2.392620       2.384920       2.377240       2.369560       2.361890       2.354230       2.346590       2.338970       2.331370       2.323790       2.316230       2.308700       2.301200       2.293740       2.286300       2.278900       2.271530       2.264200       2.256910       2.249660       2.242440       2.235270       2.228140       2.221050    
   2.451790       2.435700       2.415700       2.400200       2.395030       2.387370       2.379700       2.372040       2.364380       2.356740       2.349100       2.341470       2.333860       2.326270       2.318700       2.311150       2.303620       2.296130       2.288660       2.281220       2.273820       2.266440       2.259110       2.251810       2.244550       2.237330       2.230140       2.223000       2.215900       2.208840    
   2.440660       2.415700       2.396620       2.388540       2.382050       2.374420       2.366780       2.359150       2.351520       2.343900       2.336290       2.328690       2.321110       2.313550       2.306010       2.298490       2.291000       2.283530       2.276090       2.268690       2.261310       2.253970       2.246670       2.239400       2.232170       2.224980       2.217830       2.210720       2.203650       2.196620    
   2.415700       2.394920       2.385290       2.382050       2.372640       2.361450       2.353840       2.346240       2.338640       2.331050       2.323470       2.315910       2.308360       2.300820       2.293310       2.285820       2.278360       2.270920       2.263520       2.256140       2.248800       2.241490       2.234210       2.226980       2.219780       2.212620       2.205490       2.198420       2.191380       2.184380    
   2.394080       2.383670       2.382050       2.372050       2.361450       2.352060       2.340900       2.333320       2.325750       2.318190       2.310640       2.303100       2.295580       2.288080       2.280600       2.273140       2.265710       2.258300       2.250920       2.243580       2.236260       2.228980       2.221740       2.214530       2.207370       2.200240       2.193150       2.186100       2.179090       2.172130    
   2.382860       2.382050       2.371850       2.361450       2.351470       2.340900       2.337110       2.333320       2.320650       2.305320       2.297800       2.290290       2.282800       2.275330       2.267870       2.260440       2.253040       2.245660       2.238310       2.231000       2.223720       2.216470       2.209260       2.202080       2.194940       2.187840       2.180790       2.173770       2.166790       2.159860    
   2.382050       2.371780       2.361450       2.351270       2.340900       2.339000       2.337110       2.324100       2.305320       2.301560       2.287100       2.277470       2.270010       2.262560       2.255140       2.247740       2.240360       2.233010       2.225700       2.218410       2.211160       2.203940       2.196760       2.189610       2.182510       2.175440       2.168410       2.161430       2.154480       2.147580    
   2.371760       2.361450       2.351210       2.340900       2.339950       2.339010       2.326380       2.305320       2.303440       2.285940       2.271060       2.264640       2.257200       2.249790       2.242390       2.235020       2.227670       2.220350       2.213070       2.205810       2.198590       2.191400       2.184250       2.177130       2.170060       2.163020       2.156030       2.149070       2.142160       2.135290    
   2.361450       2.351190       2.340900       2.340430       2.339950       2.327670       2.305320       2.304380       2.285440       2.267850       2.264640       2.260920       2.252160       2.237010       2.229640       2.222290       2.214970       2.207690       2.200430       2.193200       2.186010       2.178850       2.171730       2.164640       2.157600       2.150600       2.143630       2.136710       2.129830       2.122990    
   2.351180       2.340900       2.340660       2.340430       2.328340       2.305320       2.304850       2.285200       2.266240       2.264640       2.262780       2.253680       2.237010       2.233330       2.229650       2.222300       2.214980       2.207700       2.189970       2.180580       2.173420       2.166290       2.159200       2.152150       2.145130       2.138160       2.131230       2.124340       2.117490       2.110680    
   2.340900       2.340780       2.340660       2.328690       2.305320       2.305090       2.285090       2.265440       2.264640       2.263710       2.254530       2.237010       2.235170       2.233330       2.228420       2.222310       2.214990       2.190970       2.174260       2.167950       2.160820       2.153720       2.146660       2.139640       2.132660       2.125720       2.118820       2.111960       2.105140       2.098370    
   2.340840       2.340780       2.328860       2.305320       2.305200       2.285040       2.265040       2.264640       2.264170       2.254970       2.237010       2.236090       2.235170       2.232310       2.228020       2.221910       2.193470       2.171110       2.167950       2.159000       2.148220       2.141150       2.134120       2.127130       2.120180       2.113270       2.106400       2.099570       2.092790       2.086050    
   2.340840       2.328950       2.305320       2.305260       2.285010       2.264840       2.264640       2.264410       2.255200       2.237010       2.236550       2.236090       2.234520       2.231830       2.227410       2.188590       2.169530       2.167950       2.144810       2.135610       2.131390       2.128570       2.121570       2.114610       2.107690       2.100810       2.093980       2.087180       2.080430       2.073720    
   2.329000       2.305320       2.305290       2.284990       2.264740       2.264640       2.264520       2.255310       2.237010       2.236780       2.236550       2.235720       2.234150       2.191890       2.157720       2.130030       2.130030       2.125930       2.120900       2.116690       2.123000       2.115990       2.109020       2.102090       2.095200       2.088350       2.081550       2.074790       2.068070       2.061390    
   2.305320       2.305310       2.284990       2.264690       2.264640       2.264580       2.255370       2.237010       2.236890       2.236780       2.236350       2.235470       2.161630       2.073400       2.073800       2.094680       2.090540       2.092120       2.103890       2.110390       2.110390       2.103410       2.096460       2.089560       2.082710       2.075890       2.069120       2.062390       2.055700       2.049060    
   2.305310       2.284980       2.264670       2.264640       2.264610       2.255400       2.237010       2.236950       2.236890       2.236670       2.158830       2.042780       2.062870       2.073010       2.073010       2.073800       2.084330       2.088960       2.092120       2.096360       2.097770       2.090820       2.083910       2.077040       2.070210       2.063430       2.056690       2.049990       2.043340       2.036730    
   2.284980       2.264650       2.264640       2.264630       2.255420       2.237010       2.236980       2.236950       2.236840       2.143590       2.042780       2.042780       2.042780       2.062280       2.072220       2.072220       2.073800       2.082450       2.085800       2.092120       2.085160       2.078240       2.071350       2.064510       2.057720       2.050970       2.044260       2.037600       2.030980       2.024400    
   2.264650       2.264640       2.264630       2.255420       2.237010       2.237000       2.236980       2.174330       2.111770       2.042750       2.042780       2.042780       2.042780       2.042780       2.061130       2.070640       2.070640       2.073800       2.078060       2.079490       2.072550       2.065650       2.058800       2.051990       2.045230       2.038510       2.031830       2.025200       2.018610       2.012070    
   2.264640       2.264640       2.255430       2.237010       2.237000       2.134530       1.980850       1.983700       1.986550       2.023940       2.042680       2.042780       2.042780       2.042780       2.042780       2.058880       2.067480       2.067480       2.073800       2.066850       2.059940       2.053080       2.046250       2.039470       2.032740       2.026050       2.019410       2.012810       2.006260       1.999750    
   2.264640       2.255430       2.237010       2.237010       2.114030       1.980830       1.980830       1.980850       1.983700       1.986550       2.023760       2.042470       2.042780       2.042780       2.042780       2.042780       2.054620       2.061150       2.061150       2.054220       2.047340       2.040500       2.033710       2.026960       2.020260       2.013600       2.006990       2.000420       1.993910       1.987430    
