iMOD/TUTORIALS/TUT_MetaswapAnalyser/model_MetaSWAP/meteo/Evaporation/Evaporation_20050427_L1.ASC
NCOLS                30
NROWS                30
XLLCORNER     160000.00
YLLCORNER     340000.00
CELLSIZE        1000.00
NODATA_VALUE   -9999.00
   2.626040       2.619810       2.613560       2.607300       2.601040       2.594770       2.588510       2.582260       2.576030       2.569810       2.563610       2.557450       2.551310       2.545200       2.539130       2.533100       2.527110       2.521170       2.515270       2.509420       2.503610       2.497860       2.492160       2.486510       2.480910       2.475370       2.469870       2.464430       2.459040       2.453710    
   2.627560       2.621360       2.615140       2.608910       2.602680       2.596440       2.590210       2.584000       2.577790       2.571600       2.565430       2.559290       2.553170       2.547090       2.541040       2.535030       2.529060       2.523130       2.517240       2.511400       2.505600       2.499860       2.494160       2.488510       2.482910       2.477370       2.471870       2.466420       2.461030       2.455680    
   2.629090       2.622910       2.616710       2.610520       2.604310       2.598110       2.591910       2.585720       2.579550       2.573380       2.567240       2.561130       2.555030       2.548970       2.542940       2.536950       2.531000       2.525080       2.519210       2.513370       2.507590       2.501850       2.496150       2.490510       2.484910       2.479360       2.473860       2.468410       2.463010       2.457660    
   2.630620       2.624460       2.618300       2.612130       2.605950       2.599780       2.593610       2.587450       2.581300       2.575160       2.569050       2.562960       2.556890       2.550850       2.544840       2.538860       2.532930       2.527020       2.521160       2.515340       2.509560       2.503830       2.498140       2.492500       2.486900       2.481350       2.475850       2.470400       2.464990       2.459630    
   2.632150       2.626020       2.619880       2.613740       2.607590       2.601440       2.595300       2.589170       2.583050       2.576940       2.570850       2.564780       2.558730       2.552720       2.546730       2.540770       2.534850       2.528960       2.523110       2.517300       2.511530       2.505810       2.500120       2.494490       2.488890       2.483340       2.477840       2.472380       2.466960       2.461600    
   2.633690       2.627580       2.621470       2.615350       2.609230       2.603110       2.597000       2.590890       2.584790       2.578710       2.572640       2.566600       2.560580       2.554580       2.548610       2.542670       2.536760       2.530890       2.525060       2.519260       2.513500       2.507780       2.502100       2.496460       2.490870       2.485320       2.479820       2.474360       2.468940       2.463560    
   2.635230       2.629150       2.623060       2.616970       2.610870       2.604780       2.598690       2.592610       2.586540       2.580480       2.574440       2.568410       2.562410       2.556440       2.550490       2.544560       2.538670       2.532810       2.526990       2.521200       2.515450       2.509740       2.504070       2.498440       2.492850       2.487300       2.481790       2.476330       2.470910       2.465530    
   2.636790       2.630720       2.624660       2.618590       2.612520       2.606450       2.600380       2.594320       2.588280       2.582240       2.576220       2.570220       2.564240       2.558290       2.552360       2.546450       2.540580       2.534730       2.528920       2.523140       2.517400       2.511700       2.506030       2.500410       2.494820       2.489270       2.483760       2.478300       2.472870       2.467490    
   2.638340       2.632300       2.626260       2.620210       2.614160       2.608120       2.602070       2.596040       2.590020       2.584010       2.578010       2.572030       2.566070       2.560130       2.554220       2.548330       2.542470       2.536640       2.530840       2.525080       2.519350       2.513650       2.507990       2.502370       2.496780       2.491240       2.485730       2.480260       2.474830       2.469440    
   2.639910       2.633880       2.627860       2.621830       2.615810       2.609790       2.603770       2.597760       2.591760       2.585770       2.579790       2.573830       2.567890       2.561980       2.556080       2.550210       2.544360       2.538550       2.532760       2.527010       2.521280       2.515600       2.509940       2.504320       2.498740       2.493200       2.487690       2.482220       2.476790       2.471390    
   2.639900       2.633880       2.626760       2.623460       2.617460       2.611460       2.605460       2.599470       2.593490       2.587530       2.581570       2.575630       2.569710       2.563810       2.557930       2.552080       2.546250       2.540450       2.534670       2.528930       2.523220       2.517540       2.511890       2.506270       2.500700       2.495150       2.489640       2.484170       2.478740       2.473340    
   2.639900       2.631000       2.623460       2.620200       2.619110       2.613130       2.607160       2.601190       2.595230       2.589280       2.583350       2.577430       2.571530       2.565650       2.559780       2.553950       2.548130       2.542340       2.536580       2.530850       2.525140       2.519470       2.513830       2.508220       2.502640       2.497100       2.491590       2.486120       2.480680       2.475280    
   2.635070       2.623460       2.621090       2.619940       2.620770       2.614810       2.608850       2.602910       2.596970       2.591040       2.585130       2.579230       2.573340       2.567480       2.561630       2.555810       2.550010       2.544230       2.538480       2.532760       2.527060       2.521400       2.515760       2.510160       2.504580       2.499040       2.493540       2.488070       2.482630       2.477220    
   2.623460       2.621420       2.620360       2.620770       2.617360       2.616490       2.610550       2.604620       2.598700       2.592800       2.586900       2.581020       2.575150       2.569300       2.563470       2.557670       2.551880       2.546110       2.540380       2.534660       2.528980       2.523320       2.517690       2.512090       2.506520       2.500980       2.495480       2.490000       2.484560       2.479150    
   2.621550       2.620560       2.620770       2.618210       2.616490       2.613100       2.612250       2.606340       2.600440       2.594550       2.588670       2.582810       2.576960       2.571130       2.565310       2.559520       2.553740       2.547990       2.542270       2.536560       2.530890       2.525230       2.519610       2.514020       2.508450       2.502920       2.497410       2.491940       2.486490       2.481080    
   2.620670       2.620770       2.618490       2.616490       2.613950       2.612250       2.609290       2.606340       2.599410       2.596300       2.590440       2.584600       2.578760       2.572950       2.567150       2.561370       2.555610       2.549870       2.544150       2.538460       2.532790       2.527150       2.521530       2.515940       2.510380       2.504840       2.499340       2.493860       2.488420       2.483000    
   2.620770       2.618580       2.616490       2.614230       2.612250       2.610770       2.609300       2.602840       2.596300       2.593370       2.589180       2.586380       2.580570       2.574760       2.568980       2.563210       2.557460       2.551740       2.546030       2.540350       2.534690       2.529050       2.523440       2.517850       2.512300       2.506760       2.501260       2.495790       2.490340       2.484920    
   2.618610       2.616490       2.614320       2.612250       2.611510       2.610770       2.604800       2.596300       2.594830       2.590860       2.587280       2.588170       2.582360       2.576580       2.570810       2.565050       2.559320       2.553600       2.547910       2.542230       2.536580       2.530950       2.525350       2.519760       2.514210       2.508680       2.503180       2.497700       2.492250       2.486830    
   2.616490       2.614350       2.612250       2.611880       2.611510       2.605850       2.596300       2.595570       2.591580       2.587720       2.588170       2.585270       2.581380       2.578390       2.572630       2.566890       2.561170       2.555460       2.549780       2.544110       2.538470       2.532850       2.527250       2.521670       2.516120       2.510590       2.505090       2.499610       2.494160       2.488740    
   2.614360       2.612250       2.612070       2.611880       2.606380       2.596300       2.595930       2.591910       2.587950       2.588170       2.586720       2.583300       2.578390       2.575510       2.572640       2.566900       2.561170       2.555470       2.548640       2.545990       2.540350       2.534730       2.529140       2.523570       2.518020       2.512490       2.506990       2.501520       2.496070       2.490640    
   2.612250       2.612160       2.612070       2.606660       2.596300       2.596120       2.592070       2.588060       2.588170       2.587440       2.584140       2.578390       2.576950       2.575510       2.571680       2.566900       2.561180       2.552010       2.546930       2.547860       2.542230       2.536620       2.531030       2.525460       2.519920       2.514390       2.508890       2.503420       2.497960       2.492530    
   2.612200       2.612160       2.606800       2.596300       2.596210       2.592160       2.588110       2.588170       2.587810       2.584540       2.578390       2.577670       2.576950       2.574710       2.571370       2.566590       2.555070       2.547390       2.547860       2.544730       2.544100       2.538500       2.532910       2.527350       2.521810       2.516280       2.510780       2.505310       2.499850       2.494420    
   2.612200       2.606860       2.596300       2.596250       2.592200       2.588140       2.588170       2.587990       2.584730       2.578390       2.578030       2.577670       2.576450       2.574340       2.570890       2.558810       2.547630       2.547860       2.546830       2.545970       2.542610       2.540370       2.534790       2.529230       2.523690       2.518170       2.512670       2.507190       2.501740       2.496310    
   2.606900       2.596300       2.596280       2.592220       2.588160       2.588170       2.588080       2.584820       2.578390       2.578210       2.578030       2.577380       2.576150       2.572470       2.564400       2.553410       2.553410       2.550900       2.548130       2.548760       2.547830       2.542240       2.536660       2.531110       2.525570       2.520050       2.514550       2.509070       2.503620       2.498180    
   2.596300       2.596290       2.592230       2.588160       2.588170       2.588120       2.584860       2.578390       2.578300       2.578210       2.577870       2.577190       2.572520       2.568270       2.568210       2.560770       2.559190       2.558960       2.552700       2.549680       2.549680       2.544100       2.538530       2.532970       2.527440       2.521920       2.516420       2.510950       2.505490       2.500050    
   2.596290       2.592230       2.588170       2.588170       2.588150       2.584890       2.578390       2.578340       2.578300       2.578130       2.578340       2.579210       2.571960       2.568320       2.568320       2.568210       2.562250       2.559420       2.558960       2.553390       2.551530       2.545950       2.540390       2.534840       2.529300       2.523790       2.518290       2.512810       2.507350       2.501910    
   2.592230       2.588170       2.588170       2.588160       2.584900       2.578390       2.578370       2.578340       2.578260       2.578640       2.579210       2.579210       2.579210       2.572040       2.568440       2.568440       2.568210       2.562420       2.559880       2.558960       2.553380       2.547800       2.542240       2.536690       2.531160       2.525650       2.520150       2.514670       2.509210       2.503770    
   2.588170       2.588170       2.588160       2.584900       2.578390       2.578380       2.578370       2.582140       2.582010       2.579210       2.579210       2.579210       2.579210       2.579210       2.572200       2.568660       2.568660       2.568210       2.562650       2.560800       2.555210       2.549640       2.544090       2.538540       2.533020       2.527500       2.522000       2.516520       2.511060       2.505610    
   2.588170       2.588170       2.584910       2.578390       2.578380       2.587380       2.600890       2.597250       2.593610       2.584020       2.579220       2.579210       2.579210       2.579210       2.579210       2.572500       2.569110       2.569110       2.568210       2.562620       2.557040       2.551480       2.545930       2.540390       2.534860       2.529350       2.523850       2.518370       2.512900       2.507450    
   2.588170       2.584910       2.578390       2.578390       2.589190       2.600890       2.600890       2.600890       2.597250       2.593610       2.584050       2.579250       2.579210       2.579210       2.579210       2.579210       2.573000       2.570020       2.570020       2.564440       2.558870       2.553310       2.547760       2.542220       2.536700       2.531190       2.525690       2.520200       2.514740       2.509280    
