iMOD/TUTORIALS/TUT_MetaswapAnalyser/model_MetaSWAP/meteo/Evaporation/Evaporation_20051015_L1.ASC
NCOLS                30
NROWS                30
XLLCORNER     160000.00
YLLCORNER     340000.00
CELLSIZE        1000.00
NODATA_VALUE   -9999.00
   1.651670       1.651670       1.651660       1.651640       1.651610       1.651560       1.651500       1.651430       1.651350       1.651260       1.651160       1.651060       1.650940       1.650810       1.650680       1.650540       1.650390       1.650240       1.650080       1.649910       1.649740       1.649560       1.649380       1.649190       1.648990       1.648790       1.648590       1.648380       1.648160       1.647940    
   1.652330       1.652330       1.652310       1.652280       1.652240       1.652190       1.652120       1.652040       1.651960       1.651860       1.651760       1.651640       1.651520       1.651390       1.651250       1.651110       1.650960       1.650800       1.650640       1.650470       1.650290       1.650110       1.649920       1.649730       1.649540       1.649340       1.649130       1.648920       1.648700       1.648480    
   1.653000       1.652980       1.652950       1.652920       1.652860       1.652800       1.652730       1.652650       1.652550       1.652450       1.652340       1.652220       1.652090       1.651960       1.651820       1.651670       1.651510       1.651350       1.651190       1.651010       1.650840       1.650650       1.650460       1.650270       1.650070       1.649870       1.649670       1.649450       1.649240       1.649020    
   1.653650       1.653630       1.653590       1.653540       1.653480       1.653410       1.653330       1.653240       1.653140       1.653040       1.652920       1.652790       1.652660       1.652520       1.652380       1.652220       1.652060       1.651900       1.651730       1.651550       1.651370       1.651190       1.651000       1.650800       1.650600       1.650400       1.650190       1.649980       1.649770       1.649550    
   1.654310       1.654270       1.654220       1.654170       1.654100       1.654020       1.653930       1.653830       1.653730       1.653610       1.653490       1.653360       1.653220       1.653080       1.652930       1.652770       1.652610       1.652440       1.652260       1.652090       1.651900       1.651720       1.651520       1.651330       1.651130       1.650920       1.650720       1.650500       1.650290       1.650070    
   1.654960       1.654910       1.654850       1.654780       1.654710       1.654620       1.654520       1.654420       1.654310       1.654180       1.654060       1.653920       1.653780       1.653630       1.653470       1.653310       1.653140       1.652970       1.652790       1.652610       1.652430       1.652240       1.652040       1.651850       1.651640       1.651440       1.651230       1.651020       1.650800       1.650580    
   1.655600       1.655540       1.655480       1.655400       1.655310       1.655220       1.655110       1.655000       1.654880       1.654750       1.654620       1.654470       1.654320       1.654170       1.654010       1.653840       1.653670       1.653500       1.653320       1.653130       1.652950       1.652750       1.652560       1.652360       1.652160       1.651950       1.651740       1.651530       1.651310       1.651100    
   1.656250       1.656180       1.656100       1.656010       1.655910       1.655810       1.655700       1.655580       1.655450       1.655310       1.655170       1.655020       1.654870       1.654710       1.654540       1.654370       1.654200       1.654020       1.653840       1.653650       1.653460       1.653260       1.653070       1.652870       1.652660       1.652460       1.652250       1.652030       1.651820       1.651600    
   1.656890       1.656810       1.656720       1.656620       1.656510       1.656400       1.656280       1.656150       1.656020       1.655870       1.655720       1.655570       1.655410       1.655240       1.655070       1.654900       1.654720       1.654540       1.654350       1.654160       1.653970       1.653770       1.653570       1.653370       1.653160       1.652960       1.652750       1.652530       1.652320       1.652100    
   1.657530       1.657430       1.657330       1.657230       1.657110       1.656990       1.656860       1.656720       1.656580       1.656430       1.656270       1.656110       1.655950       1.655780       1.655600       1.655420       1.655240       1.655050       1.654860       1.654670       1.654470       1.654270       1.654070       1.653870       1.653660       1.653450       1.653240       1.653030       1.652820       1.652600    
   1.657520       1.657430       1.657450       1.657830       1.657710       1.657570       1.657440       1.657290       1.657140       1.656980       1.656820       1.656650       1.656480       1.656300       1.656120       1.655940       1.655750       1.655560       1.655370       1.655170       1.654970       1.654770       1.654570       1.654360       1.654160       1.653950       1.653740       1.653520       1.653310       1.653090    
   1.657520       1.657560       1.657830       1.658180       1.658300       1.658160       1.658010       1.657860       1.657700       1.657530       1.657360       1.657190       1.657010       1.656830       1.656640       1.656450       1.656260       1.656070       1.655870       1.655670       1.655470       1.655270       1.655060       1.654850       1.654650       1.654440       1.654220       1.654010       1.653800       1.653580    
   1.657630       1.657830       1.658370       1.658600       1.658890       1.658740       1.658590       1.658420       1.658260       1.658080       1.657910       1.657730       1.657540       1.657350       1.657160       1.656970       1.656770       1.656570       1.656370       1.656170       1.655960       1.655760       1.655550       1.655340       1.655130       1.654920       1.654710       1.654500       1.654280       1.654070    
   1.657830       1.658460       1.658740       1.658890       1.658990       1.659330       1.659160       1.658990       1.658810       1.658630       1.658450       1.658260       1.658070       1.657880       1.657680       1.657480       1.657280       1.657080       1.656870       1.656660       1.656460       1.656250       1.656040       1.655830       1.655620       1.655410       1.655200       1.654980       1.654770       1.654550    
   1.658500       1.658820       1.658890       1.659070       1.659330       1.659410       1.659730       1.659550       1.659370       1.659180       1.658990       1.658800       1.658600       1.658400       1.658190       1.657990       1.657780       1.657580       1.657370       1.657160       1.656950       1.656740       1.656530       1.656310       1.656100       1.655890       1.655680       1.655460       1.655250       1.655040    
   1.658850       1.658890       1.659100       1.659330       1.659490       1.659730       1.659640       1.659550       1.659460       1.659730       1.659530       1.659330       1.659120       1.658920       1.658710       1.658500       1.658290       1.658080       1.657860       1.657650       1.657440       1.657220       1.657010       1.656800       1.656580       1.656370       1.656160       1.655950       1.655730       1.655520    
   1.658890       1.659110       1.659330       1.659520       1.659730       1.659680       1.659640       1.659590       1.659730       1.659630       1.659770       1.659860       1.659650       1.659440       1.659220       1.659010       1.658790       1.658580       1.658360       1.658140       1.657930       1.657710       1.657500       1.657280       1.657070       1.656850       1.656640       1.656430       1.656210       1.656000    
   1.659110       1.659330       1.659530       1.659730       1.659710       1.659680       1.659660       1.659730       1.659680       1.659930       1.660130       1.660400       1.660180       1.659960       1.659740       1.659520       1.659300       1.659080       1.658860       1.658640       1.658420       1.658200       1.657980       1.657760       1.657550       1.657330       1.657120       1.656910       1.656700       1.656480    
   1.659330       1.659530       1.659730       1.659720       1.659710       1.659700       1.659730       1.659700       1.660000       1.660260       1.660400       1.660290       1.660250       1.660480       1.660260       1.660030       1.659800       1.659580       1.659350       1.659130       1.658910       1.658680       1.658460       1.658250       1.658030       1.657810       1.657600       1.657390       1.657180       1.656970    
   1.659530       1.659730       1.659720       1.659720       1.659710       1.659730       1.659720       1.660030       1.660330       1.660400       1.660350       1.660360       1.660480       1.660370       1.660260       1.660030       1.659800       1.659580       1.659560       1.659620       1.659400       1.659170       1.658950       1.658730       1.658510       1.658300       1.658080       1.657870       1.657660       1.657450    
   1.659730       1.659730       1.659720       1.659720       1.659730       1.659720       1.660050       1.660370       1.660400       1.660370       1.660400       1.660480       1.660420       1.660370       1.660220       1.660030       1.659800       1.659790       1.659870       1.660120       1.659890       1.659660       1.659440       1.659210       1.658990       1.658780       1.658560       1.658350       1.658140       1.657930    
   1.659730       1.659730       1.659730       1.659730       1.659730       1.660060       1.660380       1.660400       1.660390       1.660410       1.660480       1.660450       1.660420       1.660340       1.660210       1.660020       1.659950       1.660000       1.660120       1.660130       1.660380       1.660150       1.659920       1.659700       1.659480       1.659260       1.659050       1.658840       1.658630       1.658420    
   1.659730       1.659730       1.659730       1.659730       1.660060       1.660390       1.660400       1.660390       1.660420       1.660480       1.660470       1.660450       1.660400       1.660320       1.660190       1.660370       1.660060       1.660120       1.660690       1.660880       1.660740       1.660640       1.660420       1.660190       1.659970       1.659750       1.659530       1.659320       1.659110       1.658910    
   1.659730       1.659730       1.659730       1.660060       1.660400       1.660400       1.660400       1.660420       1.660480       1.660470       1.660470       1.660440       1.660390       1.661340       1.661700       1.661640       1.661630       1.661550       1.661460       1.661630       1.661380       1.661140       1.660910       1.660680       1.660460       1.660240       1.660020       1.659810       1.659600       1.659400    
   1.659730       1.659730       1.660060       1.660400       1.660400       1.660400       1.660420       1.660480       1.660480       1.660470       1.660460       1.660430       1.662230       1.664480       1.664460       1.663240       1.663210       1.663150       1.662310       1.661880       1.661880       1.661640       1.661410       1.661180       1.660950       1.660730       1.660520       1.660300       1.660100       1.659890    
   1.659730       1.660060       1.660400       1.660400       1.660400       1.660430       1.660480       1.660480       1.660480       1.660470       1.662830       1.666390       1.665130       1.664490       1.664490       1.664460       1.663650       1.663280       1.663150       1.662580       1.662390       1.662140       1.661910       1.661680       1.661450       1.661230       1.661010       1.660800       1.660590       1.660390    
   1.660060       1.660400       1.660400       1.660400       1.660430       1.660480       1.660480       1.660480       1.660470       1.663310       1.666390       1.666390       1.666390       1.665150       1.664530       1.664530       1.664460       1.663720       1.663410       1.663150       1.662900       1.662650       1.662410       1.662180       1.661950       1.661730       1.661510       1.661300       1.661100       1.660890    
   1.660400       1.660400       1.660400       1.660430       1.660480       1.660480       1.660480       1.662770       1.664630       1.666390       1.666390       1.666390       1.666390       1.666390       1.665200       1.664590       1.664590       1.664460       1.663870       1.663670       1.663410       1.663160       1.662920       1.662690       1.662460       1.662240       1.662020       1.661810       1.661600       1.661400    
   1.660400       1.660400       1.660430       1.660480       1.660480       1.664540       1.670640       1.670150       1.669660       1.667480       1.666390       1.666390       1.666390       1.666390       1.666390       1.665300       1.664730       1.664730       1.664460       1.664190       1.663930       1.663680       1.663440       1.663200       1.662970       1.662750       1.662530       1.662320       1.662120       1.661920    
   1.660400       1.660430       1.660480       1.660480       1.665360       1.670640       1.670640       1.670640       1.670150       1.669660       1.667490       1.666400       1.666390       1.666390       1.666390       1.666390       1.665470       1.665000       1.665000       1.664730       1.664460       1.664210       1.663960       1.663720       1.663490       1.663270       1.663050       1.662840       1.662640       1.662440    
