iMOD/TUTORIALS/TUT_MetaswapAnalyser/model_MetaSWAP/meteo/Evaporation/Evaporation_20060607_L1.ASC
NCOLS                30
NROWS                30
XLLCORNER     160000.00
YLLCORNER     340000.00
CELLSIZE        1000.00
NODATA_VALUE   -9999.00
   3.579850       3.577870       3.576010       3.574280       3.572670       3.571170       3.569780       3.568500       3.567310       3.566220       3.565220       3.564290       3.563450       3.562670       3.561970       3.561330       3.560740       3.560220       3.559750       3.559320       3.558950       3.558610       3.558320       3.558060       3.557840       3.557650       3.557480       3.557350       3.557240       3.557160    
   3.583540       3.581570       3.579730       3.578020       3.576420       3.574930       3.573550       3.572270       3.571090       3.570000       3.568990       3.568070       3.567220       3.566440       3.565730       3.565080       3.564500       3.563960       3.563480       3.563050       3.562660       3.562310       3.562010       3.561740       3.561500       3.561290       3.561110       3.560960       3.560830       3.560730    
   3.587290       3.585350       3.583530       3.581830       3.580240       3.578760       3.577390       3.576120       3.574940       3.573850       3.572840       3.571910       3.571060       3.570280       3.569570       3.568910       3.568320       3.567780       3.567290       3.566840       3.566440       3.566080       3.565760       3.565480       3.565220       3.565000       3.564810       3.564640       3.564490       3.564360    
   3.591090       3.589180       3.587380       3.585700       3.584120       3.582660       3.581290       3.580030       3.578850       3.577760       3.576760       3.575830       3.574980       3.574190       3.573470       3.572810       3.572210       3.571660       3.571160       3.570700       3.570290       3.569920       3.569590       3.569280       3.569020       3.568780       3.568560       3.568370       3.568200       3.568060    
   3.594960       3.593070       3.591290       3.589630       3.588070       3.586610       3.585260       3.584000       3.582830       3.581740       3.580740       3.579810       3.578950       3.578160       3.577440       3.576770       3.576160       3.575600       3.575090       3.574630       3.574210       3.573820       3.573470       3.573150       3.572870       3.572610       3.572380       3.572170       3.571980       3.571810    
   3.598880       3.597010       3.595260       3.593610       3.592070       3.590630       3.589280       3.588030       3.586860       3.585780       3.584780       3.583850       3.582990       3.582200       3.581470       3.580800       3.580180       3.579610       3.579090       3.578620       3.578180       3.577780       3.577420       3.577080       3.576780       3.576500       3.576250       3.576020       3.575810       3.575620    
   3.602840       3.601000       3.599270       3.597650       3.596120       3.594700       3.593360       3.592120       3.590960       3.589880       3.588880       3.587950       3.587090       3.586300       3.585560       3.584880       3.584260       3.583680       3.583150       3.582660       3.582210       3.581800       3.581420       3.581070       3.580750       3.580450       3.580180       3.579930       3.579700       3.579480    
   3.606850       3.605040       3.603340       3.601730       3.600220       3.598810       3.597490       3.596250       3.595100       3.594030       3.593030       3.592100       3.591240       3.590450       3.589710       3.589020       3.588390       3.587800       3.587260       3.586760       3.586300       3.585870       3.585470       3.585110       3.584770       3.584450       3.584160       3.583890       3.583630       3.583390    
   3.610900       3.609120       3.607440       3.605860       3.604370       3.602970       3.601660       3.600440       3.599300       3.598230       3.597230       3.596310       3.595450       3.594650       3.593900       3.593210       3.592570       3.591980       3.591430       3.590910       3.590440       3.589990       3.589580       3.589200       3.588840       3.588500       3.588190       3.587900       3.587620       3.587360    
   3.615000       3.613240       3.611590       3.610030       3.608560       3.607180       3.605880       3.604670       3.603530       3.602470       3.601480       3.600560       3.599700       3.598900       3.598150       3.597450       3.596800       3.596200       3.595640       3.595120       3.594630       3.594170       3.593740       3.593340       3.592960       3.592600       3.592270       3.591950       3.591650       3.591360    
   3.615030       3.613280       3.612270       3.614230       3.612780       3.611420       3.610140       3.608940       3.607810       3.606760       3.605770       3.604850       3.603990       3.603190       3.602440       3.601740       3.601080       3.600470       3.599900       3.599360       3.598860       3.598390       3.597940       3.597520       3.597130       3.596750       3.596390       3.596050       3.595730       3.595410    
   3.615060       3.613700       3.614230       3.616350       3.617050       3.615700       3.614430       3.613250       3.612130       3.611080       3.610100       3.609190       3.608330       3.607520       3.606770       3.606070       3.605400       3.604780       3.604200       3.603660       3.603140       3.602650       3.602190       3.601750       3.601340       3.600940       3.600560       3.600200       3.599840       3.599510    
   3.614980       3.614230       3.617780       3.619190       3.621340       3.620010       3.618760       3.617590       3.616480       3.615440       3.614470       3.613560       3.612700       3.611900       3.611140       3.610430       3.609770       3.609140       3.608550       3.607990       3.607460       3.606960       3.606480       3.606020       3.605590       3.605170       3.604770       3.604380       3.604000       3.603640    
   3.614230       3.618400       3.620270       3.621340       3.621900       3.624350       3.623120       3.621960       3.620870       3.619840       3.618870       3.617960       3.617110       3.616310       3.615550       3.614840       3.614160       3.613530       3.612930       3.612360       3.611820       3.611300       3.610800       3.610330       3.609870       3.609430       3.609010       3.608600       3.608200       3.607800    
   3.618690       3.620800       3.621340       3.622530       3.624350       3.624990       3.627510       3.626360       3.625280       3.624260       3.623300       3.622400       3.621550       3.620750       3.619990       3.619270       3.618600       3.617950       3.617340       3.616760       3.616210       3.615680       3.615160       3.614670       3.614200       3.613740       3.613290       3.612850       3.612420       3.612010    
   3.621070       3.621340       3.622740       3.624350       3.625620       3.627510       3.626940       3.626380       3.626150       3.628710       3.627760       3.626860       3.626020       3.625220       3.624460       3.623740       3.623060       3.622410       3.621790       3.621200       3.620630       3.620090       3.619560       3.619050       3.618550       3.618070       3.617600       3.617140       3.616680       3.616240    
   3.621340       3.622810       3.624350       3.625830       3.627510       3.627220       3.626940       3.627050       3.628710       3.628230       3.630110       3.631350       3.630510       3.629710       3.628960       3.628240       3.627550       3.626900       3.626270       3.625670       3.625090       3.624520       3.623980       3.623450       3.622940       3.622430       3.621940       3.621450       3.620970       3.620500    
   3.622830       3.624350       3.625900       3.627510       3.627370       3.627230       3.627480       3.628710       3.628470       3.631300       3.633610       3.635860       3.635030       3.634230       3.633480       3.632760       3.632070       3.631410       3.630770       3.630160       3.629570       3.628990       3.628430       3.627890       3.627350       3.626820       3.626310       3.625790       3.625290       3.624790    
   3.624350       3.625920       3.627510       3.627440       3.627370       3.627700       3.628710       3.628590       3.631820       3.634730       3.635860       3.635450       3.635970       3.638770       3.638020       3.637300       3.636600       3.635940       3.635300       3.634670       3.634070       3.633480       3.632910       3.632340       3.631790       3.631240       3.630700       3.630160       3.629630       3.629100    
   3.625930       3.627510       3.627470       3.627440       3.627800       3.628710       3.628650       3.632050       3.635300       3.635860       3.635650       3.636510       3.638770       3.638400       3.638030       3.637310       3.636610       3.635950       3.637780       3.639210       3.638600       3.637990       3.637400       3.636820       3.636250       3.635680       3.635110       3.634550       3.633990       3.633430    
   3.627510       3.627490       3.627470       3.627860       3.628710       3.628680       3.632170       3.635580       3.635860       3.635760       3.636700       3.638770       3.638580       3.638400       3.637910       3.637320       3.636620       3.639120       3.641490       3.643770       3.643140       3.642530       3.641920       3.641320       3.640720       3.640130       3.639540       3.638950       3.638370       3.637780    
   3.627500       3.627490       3.627880       3.628710       3.628700       3.632230       3.635720       3.635860       3.635810       3.636770       3.638770       3.638680       3.638580       3.638300       3.637880       3.637280       3.639890       3.642630       3.643770       3.644870       3.647700       3.647070       3.646450       3.645830       3.645220       3.644600       3.643990       3.643380       3.642760       3.642140    
   3.627500       3.627900       3.628710       3.628700       3.632260       3.635790       3.635860       3.635830       3.636800       3.638770       3.638720       3.638680       3.638520       3.638250       3.637820       3.643160       3.643200       3.643770       3.650020       3.652280       3.651890       3.651630       3.651000       3.650360       3.649730       3.649090       3.648450       3.647810       3.647170       3.646520    
   3.627900       3.628710       3.628710       3.632270       3.635820       3.635860       3.635850       3.636820       3.638770       3.638750       3.638720       3.638640       3.638480       3.648950       3.654910       3.657550       3.657550       3.657510       3.657630       3.659150       3.656860       3.656200       3.655550       3.654900       3.654240       3.653590       3.652920       3.652260       3.651590       3.650910    
   3.628710       3.628710       3.632280       3.635840       3.635860       3.635850       3.636820       3.638770       3.638760       3.638750       3.638700       3.638620       3.657790       3.681360       3.681220       3.671470       3.671910       3.671330       3.664820       3.661450       3.661450       3.660780       3.660120       3.659450       3.658770       3.658090       3.657400       3.656710       3.656010       3.655310    
   3.628710       3.632280       3.635850       3.635860       3.635860       3.636830       3.638770       3.638760       3.638760       3.638740       3.661470       3.695650       3.686240       3.681510       3.681510       3.681220       3.675220       3.672480       3.671330       3.667370       3.666040       3.665370       3.664680       3.664000       3.663300       3.662600       3.661890       3.661170       3.660440       3.659700    
   3.632280       3.635860       3.635860       3.635860       3.636830       3.638770       3.638770       3.638760       3.638750       3.666050       3.695650       3.695650       3.695650       3.686460       3.681790       3.681790       3.681220       3.675860       3.673630       3.671330       3.670640       3.669950       3.669260       3.668550       3.667840       3.667110       3.666380       3.665630       3.664870       3.664100    
   3.635860       3.635860       3.635860       3.636830       3.638770       3.638770       3.638770       3.658760       3.676900       3.695660       3.695650       3.695650       3.695650       3.695650       3.686870       3.682370       3.682370       3.681220       3.677250       3.675930       3.675240       3.674540       3.673830       3.673100       3.672370       3.671620       3.670860       3.670090       3.669300       3.668500    
   3.635860       3.635860       3.636830       3.638770       3.638770       3.672770       3.723760       3.721270       3.718770       3.703390       3.695690       3.695650       3.695650       3.695650       3.695650       3.687680       3.683520       3.683520       3.681220       3.680530       3.679830       3.679120       3.678390       3.677650       3.676900       3.676130       3.675340       3.674540       3.673730       3.672900    
   3.635860       3.636830       3.638770       3.638770       3.679570       3.723770       3.723770       3.723760       3.721270       3.718770       3.703450       3.695760       3.695650       3.695650       3.695650       3.695650       3.689170       3.685810       3.685810       3.685120       3.684410       3.683690       3.682950       3.682200       3.681420       3.680630       3.679820       3.678990       3.678140       3.677280    
