iMOD/TUTORIALS/TUT_MetaswapAnalyser/model_MetaSWAP/meteo/Evaporation/Evaporation_20050907_L1.ASC
NCOLS                30
NROWS                30
XLLCORNER     160000.00
YLLCORNER     340000.00
CELLSIZE        1000.00
NODATA_VALUE   -9999.00
   2.953250       2.952620       2.952030       2.951480       2.950960       2.950480       2.950040       2.949650       2.949290       2.948970       2.948700       2.948470       2.948290       2.948140       2.948050       2.948000       2.947990       2.948030       2.948110       2.948240       2.948420       2.948640       2.948900       2.949210       2.949570       2.949970       2.950410       2.950890       2.951420       2.951990    
   2.958020       2.957390       2.956800       2.956250       2.955740       2.955260       2.954820       2.954430       2.954070       2.953760       2.953480       2.953250       2.953060       2.952920       2.952820       2.952770       2.952750       2.952790       2.952870       2.952990       2.953160       2.953370       2.953620       2.953920       2.954270       2.954650       2.955080       2.955560       2.956070       2.956620    
   2.962800       2.962170       2.961590       2.961040       2.960530       2.960050       2.959620       2.959220       2.958870       2.958550       2.958280       2.958050       2.957860       2.957710       2.957610       2.957550       2.957530       2.957560       2.957630       2.957750       2.957910       2.958110       2.958360       2.958650       2.958980       2.959350       2.959770       2.960230       2.960730       2.961270    
   2.967590       2.966970       2.966390       2.965840       2.965330       2.964860       2.964420       2.964030       2.963670       2.963360       2.963080       2.962850       2.962660       2.962510       2.962410       2.962340       2.962320       2.962340       2.962410       2.962520       2.962670       2.962860       2.963100       2.963380       2.963700       2.964070       2.964470       2.964920       2.965400       2.965930    
   2.972400       2.971790       2.971200       2.970660       2.970150       2.969680       2.969240       2.968850       2.968490       2.968180       2.967900       2.967670       2.967480       2.967320       2.967220       2.967150       2.967120       2.967140       2.967200       2.967300       2.967440       2.967630       2.967860       2.968130       2.968440       2.968790       2.969180       2.969620       2.970090       2.970600    
   2.977230       2.976610       2.976030       2.975490       2.974980       2.974510       2.974080       2.973680       2.973330       2.973010       2.972730       2.972500       2.972300       2.972150       2.972040       2.971960       2.971930       2.971950       2.972000       2.972090       2.972230       2.972410       2.972630       2.972890       2.973190       2.973530       2.973910       2.974330       2.974790       2.975290    
   2.982070       2.981450       2.980870       2.980330       2.979820       2.979350       2.978920       2.978530       2.978170       2.977850       2.977580       2.977340       2.977140       2.976990       2.976870       2.976790       2.976760       2.976760       2.976810       2.976900       2.977030       2.977200       2.977410       2.977660       2.977950       2.978280       2.978640       2.979050       2.979500       2.979980    
   2.986920       2.986310       2.985730       2.985180       2.984680       2.984210       2.983780       2.983380       2.983030       2.982710       2.982430       2.982190       2.981990       2.981830       2.981710       2.981630       2.981590       2.981590       2.981630       2.981710       2.981830       2.982000       2.982200       2.982440       2.982720       2.983040       2.983390       2.983790       2.984220       2.984690    
   2.991790       2.991170       2.990590       2.990050       2.989550       2.989080       2.988650       2.988250       2.987890       2.987580       2.987300       2.987060       2.986850       2.986690       2.986570       2.986480       2.986440       2.986430       2.986470       2.986540       2.986650       2.986810       2.987000       2.987230       2.987500       2.987800       2.988150       2.988530       2.988950       2.989410    
   2.996660       2.996050       2.995470       2.994930       2.994430       2.993960       2.993520       2.993130       2.992770       2.992450       2.992170       2.991930       2.991720       2.991560       2.991430       2.991340       2.991290       2.991280       2.991310       2.991370       2.991480       2.991620       2.991810       2.992030       2.992290       2.992580       2.992920       2.993290       2.993700       2.994140    
   2.996670       2.996060       2.996570       2.999820       2.999320       2.998850       2.998410       2.998020       2.997660       2.997340       2.997060       2.996810       2.996600       2.996430       2.996300       2.996210       2.996150       2.996140       2.996160       2.996220       2.996320       2.996450       2.996630       2.996840       2.997090       2.997370       2.997700       2.998060       2.998450       2.998880    
   2.996690       2.997280       2.999820       3.003120       3.004220       3.003750       3.003320       3.002920       3.002560       3.002240       3.001950       3.001700       3.001490       3.001320       3.001190       3.001090       3.001030       3.001010       3.001020       3.001070       3.001160       3.001290       3.001460       3.001660       3.001900       3.002170       3.002480       3.002830       3.003220       3.003630    
   2.997780       2.999820       3.004690       3.006680       3.009130       3.008660       3.008220       3.007830       3.007470       3.007140       3.006860       3.006610       3.006390       3.006220       3.006080       3.005970       3.005910       3.005880       3.005890       3.005940       3.006020       3.006140       3.006300       3.006490       3.006720       3.006980       3.007280       3.007620       3.007990       3.008390    
   2.999820       3.005380       3.007900       3.009130       3.010460       3.013580       3.013140       3.012750       3.012380       3.012060       3.011770       3.011520       3.011300       3.011120       3.010980       3.010870       3.010800       3.010770       3.010770       3.010810       3.010880       3.011000       3.011140       3.011330       3.011540       3.011800       3.012090       3.012410       3.012770       3.013160    
   3.005710       3.008520       3.009130       3.011060       3.013580       3.014930       3.018070       3.017670       3.017310       3.016980       3.016690       3.016440       3.016220       3.016030       3.015880       3.015770       3.015700       3.015660       3.015660       3.015690       3.015760       3.015860       3.016000       3.016170       3.016380       3.016620       3.016900       3.017210       3.017560       3.017940    
   3.008820       3.009130       3.011260       3.013580       3.015530       3.018070       3.017870       3.017680       3.018470       3.021910       3.021620       3.021360       3.021140       3.020950       3.020800       3.020680       3.020600       3.020560       3.020550       3.020570       3.020640       3.020730       3.020860       3.021020       3.021220       3.021460       3.021720       3.022020       3.022360       3.022720    
   3.009130       3.011320       3.013580       3.015730       3.018070       3.017970       3.017870       3.018980       3.021910       3.021760       3.024490       3.026300       3.026070       3.025880       3.025720       3.025600       3.025520       3.025470       3.025450       3.025470       3.025520       3.025610       3.025730       3.025890       3.026080       3.026300       3.026550       3.026840       3.027160       3.027520    
   3.011340       3.013580       3.015790       3.018070       3.018020       3.017970       3.019180       3.021910       3.021840       3.025630       3.028770       3.031240       3.031010       3.030810       3.030650       3.030530       3.030440       3.030380       3.030360       3.030370       3.030420       3.030500       3.030610       3.030750       3.030930       3.031150       3.031390       3.031670       3.031980       3.032320    
   3.013580       3.015810       3.018070       3.018040       3.018020       3.019270       3.021910       3.021870       3.026130       3.030000       3.031240       3.031130       3.032210       3.035760       3.035590       3.035460       3.035360       3.035300       3.035270       3.035280       3.035320       3.035390       3.035490       3.035630       3.035800       3.036000       3.036230       3.036500       3.036800       3.037130    
   3.015820       3.018070       3.018060       3.018050       3.019310       3.021910       3.021890       3.026350       3.030620       3.031240       3.031180       3.032580       3.035760       3.035680       3.035600       3.035470       3.035370       3.035310       3.038230       3.040190       3.040220       3.040290       3.040380       3.040510       3.040670       3.040860       3.041080       3.041340       3.041620       3.041940    
   3.018070       3.018060       3.018060       3.019330       3.021910       3.021900       3.026470       3.030930       3.031240       3.031210       3.032690       3.035760       3.035720       3.035680       3.035580       3.035480       3.035380       3.039330       3.042650       3.045110       3.045140       3.045190       3.045280       3.045400       3.045550       3.045730       3.045940       3.046180       3.046460       3.046760    
   3.018070       3.018060       3.019340       3.021910       3.021910       3.026520       3.031090       3.031240       3.031230       3.032730       3.035760       3.035740       3.035720       3.035660       3.035580       3.035480       3.039840       3.043880       3.045110       3.046770       3.050060       3.050100       3.050180       3.050290       3.050430       3.050600       3.050800       3.051040       3.051300       3.051590    
   3.018070       3.019350       3.021910       3.021910       3.026550       3.031160       3.031240       3.031230       3.032740       3.035760       3.035750       3.035740       3.035710       3.035650       3.035570       3.043060       3.044500       3.045110       3.052310       3.054990       3.055010       3.055020       3.055090       3.055190       3.055320       3.055480       3.055670       3.055890       3.056140       3.056420    
   3.019350       3.021910       3.021910       3.026560       3.031200       3.031240       3.031240       3.032740       3.035760       3.035750       3.035750       3.035730       3.035700       3.047910       3.055600       3.059930       3.059930       3.060230       3.060730       3.062380       3.059910       3.059940       3.060000       3.060090       3.060210       3.060360       3.060540       3.060750       3.060990       3.061260    
   3.021910       3.021910       3.026570       3.031220       3.031240       3.031240       3.032740       3.035760       3.035760       3.035750       3.035750       3.035730       3.057850       3.084870       3.084710       3.074680       3.075360       3.074740       3.068240       3.064840       3.064840       3.064860       3.064920       3.065000       3.065110       3.065250       3.065420       3.065620       3.065850       3.066100    
   3.021910       3.026570       3.031230       3.031240       3.031240       3.032750       3.035760       3.035760       3.035760       3.035750       3.061330       3.099710       3.089940       3.085020       3.085020       3.084710       3.078710       3.075980       3.074740       3.071020       3.069780       3.069790       3.069840       3.069910       3.070010       3.070140       3.070300       3.070490       3.070710       3.070950    
   3.026570       3.031240       3.031240       3.031240       3.032750       3.035760       3.035760       3.035760       3.035760       3.066450       3.099710       3.099710       3.099710       3.090170       3.085330       3.085330       3.084710       3.079400       3.077210       3.074740       3.074720       3.074730       3.074760       3.074830       3.074920       3.075040       3.075190       3.075370       3.075570       3.075800    
   3.031240       3.031240       3.031240       3.032750       3.035760       3.035760       3.035760       3.058000       3.078420       3.099720       3.099710       3.099710       3.099710       3.099710       3.090620       3.085950       3.085950       3.084710       3.080950       3.079690       3.079660       3.079660       3.079690       3.079750       3.079830       3.079940       3.080080       3.080240       3.080440       3.080660    
   3.031240       3.031240       3.032750       3.035760       3.035760       3.073420       3.129900       3.127320       3.124740       3.108090       3.099750       3.099710       3.099710       3.099710       3.099710       3.091490       3.087190       3.087190       3.084710       3.084640       3.084610       3.084600       3.084620       3.084670       3.084740       3.084840       3.084970       3.085120       3.085310       3.085510    
   3.031240       3.032750       3.035760       3.035760       3.080960       3.129910       3.129910       3.129900       3.127320       3.124740       3.108160       3.099830       3.099710       3.099710       3.099710       3.099710       3.093120       3.089670       3.089670       3.089600       3.089560       3.089540       3.089560       3.089590       3.089660       3.089750       3.089870       3.090010       3.090180       3.090370    
