iMOD/TUTORIALS/TUT_MetaswapAnalyser/model_MetaSWAP/meteo/Evaporation/Evaporation_20060922_L1.ASC
NCOLS                30
NROWS                30
XLLCORNER     160000.00
YLLCORNER     340000.00
CELLSIZE        1000.00
NODATA_VALUE   -9999.00
   2.162420       2.168260       2.174060       2.179830       2.185550       2.191230       2.196860       2.202450       2.208000       2.213500       2.218950       2.224350       2.229710       2.235020       2.240270       2.245480       2.250630       2.255740       2.260790       2.265800       2.270750       2.275650       2.280500       2.285300       2.290040       2.294740       2.299390       2.303990       2.308540       2.313040    
   2.159070       2.164900       2.170680       2.176430       2.182130       2.187800       2.193420       2.199000       2.204530       2.210020       2.215460       2.220860       2.226210       2.231510       2.236760       2.241970       2.247120       2.252220       2.257280       2.262280       2.267230       2.272140       2.276990       2.281800       2.286550       2.291260       2.295910       2.300520       2.305080       2.309590    
   2.155730       2.161530       2.167300       2.173030       2.178720       2.184370       2.189980       2.195550       2.201070       2.206550       2.211990       2.217370       2.222710       2.228010       2.233260       2.238460       2.243610       2.248710       2.253760       2.258770       2.263720       2.268630       2.273490       2.278300       2.283060       2.287770       2.292430       2.297050       2.301620       2.306140    
   2.152390       2.158180       2.163930       2.169640       2.175320       2.180960       2.186550       2.192110       2.197620       2.203090       2.208510       2.213890       2.219220       2.224510       2.229750       2.234950       2.240100       2.245200       2.250250       2.255260       2.260210       2.265120       2.269980       2.274800       2.279560       2.284280       2.288950       2.293580       2.298160       2.302690    
   2.149060       2.154830       2.160560       2.166260       2.171920       2.177540       2.183130       2.188670       2.194170       2.199630       2.205040       2.210410       2.215740       2.221020       2.226260       2.231450       2.236590       2.241690       2.246740       2.251750       2.256710       2.261620       2.266480       2.271300       2.276070       2.280800       2.285480       2.290110       2.294700       2.299240    
   2.145740       2.151490       2.157200       2.162890       2.168530       2.174140       2.179710       2.185240       2.190720       2.196170       2.201580       2.206940       2.212260       2.217530       2.222760       2.227950       2.233090       2.238190       2.243240       2.248240       2.253200       2.258120       2.262980       2.267810       2.272580       2.277310       2.282000       2.286640       2.291240       2.295790    
   2.142420       2.148150       2.153850       2.159520       2.165150       2.170740       2.176290       2.181810       2.187290       2.192720       2.198120       2.203470       2.208780       2.214050       2.219280       2.224460       2.229600       2.234690       2.239740       2.244740       2.249700       2.254620       2.259490       2.264310       2.269090       2.273830       2.278520       2.283170       2.287780       2.292340    
   2.139110       2.144820       2.150500       2.156150       2.161770       2.167350       2.172890       2.178390       2.183850       2.189280       2.194660       2.200010       2.205310       2.210570       2.215790       2.220970       2.226100       2.231190       2.236240       2.241250       2.246210       2.251120       2.255990       2.260820       2.265610       2.270350       2.275050       2.279700       2.284320       2.288890    
   2.135800       2.141500       2.147170       2.152800       2.158400       2.163960       2.169490       2.174980       2.180430       2.185840       2.191220       2.196550       2.201850       2.207100       2.212320       2.217490       2.222620       2.227710       2.232750       2.237750       2.242710       2.247630       2.252510       2.257340       2.262130       2.266870       2.271580       2.276240       2.280860       2.285440    
   2.132500       2.138180       2.143830       2.149450       2.155030       2.160580       2.166090       2.171570       2.177010       2.182410       2.187780       2.193100       2.198390       2.203640       2.208850       2.214010       2.219140       2.224220       2.229260       2.234270       2.239230       2.244140       2.249020       2.253860       2.258650       2.263400       2.268110       2.272780       2.277400       2.281990    
   2.132490       2.138170       2.144390       2.146110       2.151680       2.157210       2.162710       2.168170       2.173600       2.178990       2.184350       2.189660       2.194940       2.200180       2.205380       2.210540       2.215660       2.220740       2.225780       2.230780       2.235740       2.240660       2.245540       2.250380       2.255170       2.259930       2.264640       2.269320       2.273950       2.278550    
   2.132480       2.140290       2.146110       2.147780       2.148330       2.153850       2.159330       2.164780       2.170200       2.175580       2.180920       2.186230       2.191500       2.196730       2.201920       2.207080       2.212190       2.217270       2.222310       2.227310       2.232270       2.237190       2.242060       2.246900       2.251700       2.256460       2.261180       2.265860       2.270500       2.275100    
   2.136410       2.146110       2.146380       2.146660       2.144990       2.150490       2.155960       2.161400       2.166800       2.172170       2.177500       2.182800       2.188060       2.193290       2.198470       2.203620       2.208730       2.213810       2.218840       2.223840       2.228800       2.233710       2.238590       2.243430       2.248240       2.253000       2.257720       2.262410       2.267060       2.271670    
   2.146110       2.145830       2.145820       2.144990       2.147540       2.147140       2.152600       2.158020       2.163410       2.168770       2.174090       2.179380       2.184630       2.189850       2.195030       2.200170       2.205280       2.210350       2.215380       2.220370       2.225330       2.230250       2.235130       2.239970       2.244780       2.249540       2.254270       2.258960       2.263610       2.268230    
   2.145580       2.145410       2.144990       2.146560       2.147140       2.149660       2.149250       2.154660       2.160030       2.165380       2.170690       2.175970       2.181210       2.186420       2.191590       2.196730       2.201830       2.206900       2.211920       2.216920       2.221870       2.226790       2.231670       2.236510       2.241320       2.246090       2.250820       2.255520       2.260180       2.264800    
   2.145200       2.144990       2.146230       2.147140       2.148680       2.149250       2.151960       2.154650       2.160520       2.162000       2.167300       2.172570       2.177800       2.183000       2.188160       2.193300       2.198390       2.203450       2.208480       2.213460       2.218420       2.223330       2.228220       2.233060       2.237870       2.242640       2.247380       2.252080       2.256740       2.261370    
   2.144990       2.146120       2.147140       2.148360       2.149250       2.150600       2.151950       2.157280       2.162000       2.164650       2.167360       2.169170       2.174400       2.179590       2.184740       2.189870       2.194960       2.200010       2.205030       2.210020       2.214970       2.219890       2.224770       2.229620       2.234430       2.239200       2.243940       2.248650       2.253320       2.257950    
   2.146080       2.147140       2.148250       2.149250       2.149930       2.150600       2.155460       2.162000       2.163320       2.165450       2.167470       2.165780       2.171000       2.176180       2.181330       2.186450       2.191530       2.196580       2.201600       2.206580       2.211530       2.216450       2.221330       2.226180       2.230990       2.235770       2.240510       2.245220       2.249890       2.254530    
   2.147140       2.148210       2.149250       2.149590       2.149930       2.154500       2.162000       2.162660       2.164640       2.166630       2.165780       2.168390       2.171440       2.172790       2.177930       2.183040       2.188120       2.193160       2.198180       2.203160       2.208100       2.213020       2.217900       2.222740       2.227560       2.232340       2.237080       2.241800       2.246480       2.251120    
   2.148200       2.149250       2.149420       2.149590       2.154000       2.162000       2.162330       2.164260       2.166200       2.165780       2.167090       2.169600       2.172790       2.175360       2.177920       2.183030       2.188110       2.193150       2.198110       2.199740       2.204680       2.209590       2.214470       2.219320       2.224130       2.228920       2.233670       2.238380       2.243070       2.247720    
   2.149250       2.149330       2.149420       2.153750       2.162000       2.162170       2.164070       2.165990       2.165780       2.166430       2.168810       2.172790       2.174080       2.175360       2.178770       2.183020       2.188100       2.194740       2.198030       2.196320       2.201260       2.206180       2.211050       2.215900       2.220720       2.225500       2.230250       2.234970       2.239660       2.244320    
   2.149290       2.149330       2.153630       2.162000       2.162080       2.163980       2.165890       2.165780       2.166110       2.168450       2.172790       2.173430       2.174070       2.176070       2.179050       2.183300       2.191870       2.197180       2.196320       2.198480       2.197860       2.202770       2.207640       2.212490       2.217310       2.222090       2.226850       2.231570       2.236260       2.240920    
   2.149290       2.153560       2.162000       2.162040       2.163940       2.165830       2.165780       2.165940       2.168280       2.172790       2.173110       2.173430       2.174520       2.176400       2.179470       2.187430       2.196750       2.196320       2.194660       2.194470       2.197410       2.199370       2.204240       2.209090       2.213910       2.218700       2.223450       2.228180       2.232870       2.237540    
   2.153530       2.162000       2.162020       2.163910       2.165810       2.165780       2.165860       2.168200       2.172790       2.172950       2.173110       2.173690       2.174780       2.173700       2.178070       2.186180       2.186180       2.188280       2.190510       2.189380       2.191070       2.195980       2.200850       2.205700       2.210520       2.215300       2.220060       2.224790       2.229490       2.234160    
   2.162000       2.162010       2.163900       2.165790       2.165780       2.165820       2.168160       2.172790       2.172870       2.172950       2.173250       2.173860       2.170140       2.164320       2.164420       2.174490       2.175620       2.176040       2.183840       2.187690       2.187690       2.192590       2.197470       2.202310       2.207130       2.211920       2.216680       2.221410       2.226120       2.230790    
   2.162000       2.163900       2.165790       2.165780       2.165800       2.168140       2.172790       2.172830       2.172870       2.173020       2.163830       2.149550       2.159310       2.164210       2.164210       2.164420       2.171760       2.175200       2.176040       2.182250       2.184320       2.189220       2.194090       2.198940       2.203760       2.208550       2.213310       2.218050       2.222750       2.227430    
   2.163890       2.165780       2.165780       2.165790       2.168130       2.172790       2.172810       2.172830       2.172910       2.161770       2.149550       2.149550       2.149550       2.159160       2.164010       2.164000       2.164420       2.171360       2.174370       2.176040       2.180960       2.185860       2.190730       2.195570       2.200390       2.205180       2.209950       2.214680       2.219400       2.224080    
   2.165780       2.165780       2.165790       2.168120       2.172790       2.172800       2.172810       2.161730       2.154650       2.149540       2.149550       2.149550       2.149550       2.149550       2.158860       2.163590       2.163590       2.164420       2.170630       2.172690       2.177610       2.182510       2.187370       2.192220       2.197040       2.201830       2.206590       2.211330       2.216050       2.220730    
   2.165780       2.165780       2.168120       2.172790       2.172800       2.151770       2.120230       2.124300       2.128370       2.142470       2.149520       2.149550       2.149550       2.149550       2.149550       2.158300       2.162760       2.162760       2.164420       2.169360       2.174270       2.179160       2.184030       2.188870       2.193690       2.198480       2.203250       2.207990       2.212710       2.217400    
   2.165780       2.168120       2.172790       2.172790       2.147560       2.120220       2.120220       2.120230       2.124300       2.128370       2.142420       2.149470       2.149550       2.149550       2.149550       2.149550       2.157290       2.161100       2.161100       2.166030       2.170940       2.175830       2.180700       2.185540       2.190350       2.195150       2.199920       2.204660       2.209380       2.214080    
