iMOD/TUTORIALS/TUT_MetaswapAnalyser/model_MetaSWAP/meteo/Evaporation/Evaporation_20050602_L1.ASC
NCOLS                30
NROWS                30
XLLCORNER     160000.00
YLLCORNER     340000.00
CELLSIZE        1000.00
NODATA_VALUE   -9999.00
   2.111060       2.109210       2.107400       2.105640       2.103920       2.102240       2.100580       2.098960       2.097360       2.095780       2.094210       2.092660       2.091120       2.089590       2.088060       2.086530       2.085000       2.083470       2.081920       2.080370       2.078810       2.077240       2.075650       2.074040       2.072410       2.070770       2.069100       2.067410       2.065700       2.063960    
   2.123260       2.121410       2.119590       2.117820       2.116090       2.114390       2.112730       2.111090       2.109470       2.107870       2.106290       2.104720       2.103160       2.101610       2.100060       2.098510       2.096950       2.095390       2.093830       2.092250       2.090660       2.089060       2.087440       2.085810       2.084150       2.082470       2.080780       2.079060       2.077310       2.075540    
   2.135500       2.133630       2.131810       2.130030       2.128290       2.126580       2.124900       2.123240       2.121610       2.120000       2.118400       2.116810       2.115230       2.113660       2.112080       2.110510       2.108940       2.107350       2.105760       2.104160       2.102550       2.100920       2.099270       2.097610       2.095920       2.094220       2.092490       2.090730       2.088960       2.087150    
   2.147750       2.145880       2.144050       2.142260       2.140510       2.138790       2.137100       2.135430       2.133780       2.132150       2.130530       2.128930       2.127330       2.125740       2.124140       2.122550       2.120950       2.119340       2.117730       2.116100       2.114460       2.112810       2.111130       2.109440       2.107720       2.105990       2.104230       2.102440       2.100630       2.098790    
   2.160020       2.158150       2.156310       2.154520       2.152750       2.151020       2.149320       2.147640       2.145970       2.144330       2.142700       2.141070       2.139460       2.137840       2.136230       2.134610       2.132990       2.131360       2.129720       2.128070       2.126410       2.124720       2.123020       2.121300       2.119550       2.117780       2.115990       2.114170       2.112330       2.110460    
   2.172310       2.170430       2.168590       2.166790       2.165020       2.163280       2.161560       2.159870       2.158190       2.156530       2.154880       2.153240       2.151610       2.149980       2.148340       2.146700       2.145060       2.143410       2.141750       2.140070       2.138380       2.136660       2.134930       2.133180       2.131410       2.129610       2.127790       2.125940       2.124060       2.122150    
   2.184620       2.182730       2.180890       2.179080       2.177300       2.175550       2.173820       2.172120       2.170430       2.168750       2.167090       2.165430       2.163780       2.162130       2.160480       2.158820       2.157150       2.155480       2.153790       2.152090       2.150370       2.148630       2.146870       2.145090       2.143290       2.141460       2.139600       2.137720       2.135810       2.133870    
   2.196940       2.195050       2.193200       2.191390       2.189600       2.187840       2.186100       2.184390       2.182680       2.181000       2.179320       2.177650       2.175980       2.174310       2.172630       2.170960       2.169270       2.167570       2.165860       2.164130       2.162390       2.160620       2.158840       2.157030       2.155190       2.153330       2.151440       2.149530       2.147580       2.145610    
   2.209260       2.207380       2.205520       2.203700       2.201910       2.200140       2.198400       2.196670       2.194960       2.193260       2.191560       2.189880       2.188190       2.186500       2.184810       2.183110       2.181400       2.179680       2.177950       2.176200       2.174430       2.172630       2.170820       2.168980       2.167120       2.165220       2.163300       2.161350       2.159370       2.157360    
   2.221600       2.219710       2.217860       2.216030       2.214230       2.212460       2.210700       2.208970       2.207240       2.205530       2.203820       2.202120       2.200420       2.198710       2.197000       2.195290       2.193560       2.191820       2.190060       2.188280       2.186480       2.184660       2.182820       2.180950       2.179060       2.177130       2.175180       2.173200       2.171180       2.169140    
   2.221610       2.219720       2.220490       2.228370       2.226560       2.224780       2.223020       2.221270       2.219540       2.217820       2.216100       2.214380       2.212660       2.210940       2.209210       2.207480       2.205730       2.203960       2.202180       2.200380       2.198560       2.196710       2.194840       2.192940       2.191020       2.189060       2.187080       2.185060       2.183010       2.180930    
   2.221630       2.222550       2.228370       2.236270       2.238900       2.237120       2.235350       2.233590       2.231850       2.230110       2.228380       2.226650       2.224920       2.223180       2.221430       2.219680       2.217910       2.216120       2.214320       2.212490       2.210650       2.208770       2.206880       2.204950       2.202990       2.201000       2.198990       2.196930       2.194850       2.192730    
   2.224020       2.228370       2.240240       2.245070       2.251250       2.249450       2.247680       2.245910       2.244160       2.242410       2.240670       2.238930       2.237180       2.235430       2.233670       2.231890       2.230100       2.228300       2.226470       2.224620       2.222750       2.220850       2.218920       2.216970       2.214980       2.212960       2.210910       2.208820       2.206700       2.204550    
   2.228370       2.242010       2.248160       2.251250       2.254160       2.261790       2.260010       2.258240       2.256480       2.254720       2.252970       2.251210       2.249450       2.247680       2.245910       2.244110       2.242310       2.240480       2.238630       2.236760       2.234860       2.232930       2.230980       2.228990       2.226980       2.224930       2.222840       2.220720       2.218560       2.216370    
   2.242830       2.249710       2.251250       2.255730       2.261790       2.264720       2.272350       2.270570       2.268800       2.267030       2.265270       2.263500       2.261730       2.259950       2.258150       2.256340       2.254520       2.252670       2.250800       2.248900       2.246980       2.245030       2.243050       2.241030       2.238980       2.236900       2.234780       2.232630       2.230440       2.228210    
   2.250480       2.251250       2.256260       2.261790       2.266290       2.272350       2.271460       2.270570       2.271440       2.279350       2.277570       2.275790       2.274010       2.272210       2.270400       2.268580       2.266730       2.264860       2.262970       2.261050       2.259110       2.257130       2.255120       2.253070       2.251000       2.248880       2.246730       2.244540       2.242310       2.240050    
   2.251250       2.256430       2.261790       2.266810       2.272350       2.271900       2.271460       2.273210       2.279350       2.278460       2.284240       2.288090       2.286290       2.284480       2.282660       2.280810       2.278950       2.277060       2.275150       2.273210       2.271240       2.269230       2.267200       2.265120       2.263010       2.260870       2.258680       2.256460       2.254190       2.251890    
   2.256490       2.261790       2.266980       2.272350       2.272130       2.271910       2.273980       2.279350       2.278900       2.287330       2.294230       2.300380       2.298570       2.296740       2.294910       2.293050       2.291170       2.289260       2.287330       2.285370       2.283370       2.281340       2.279280       2.277170       2.275030       2.272850       2.270630       2.268380       2.266070       2.263730    
   2.261790       2.267040       2.272350       2.272240       2.272130       2.274340       2.279350       2.279130       2.288660       2.297310       2.300380       2.299470       2.301180       2.309010       2.307160       2.305280       2.303380       2.301460       2.299510       2.297520       2.295500       2.293450       2.291360       2.289220       2.287050       2.284840       2.282590       2.280290       2.277960       2.275580    
   2.267060       2.272350       2.272290       2.272240       2.274510       2.279350       2.279240       2.289270       2.298840       2.300380       2.299930       2.302510       2.309010       2.308080       2.307150       2.305270       2.303370       2.301450       2.306000       2.309680       2.307630       2.305550       2.303430       2.301270       2.299070       2.296830       2.294540       2.292210       2.289840       2.287420    
   2.272350       2.272320       2.272290       2.274600       2.279350       2.279290       2.289570       2.299610       2.300380       2.300150       2.302960       2.309010       2.308550       2.308080       2.306840       2.305270       2.303370       2.309680       2.315750       2.321820       2.319760       2.317650       2.315510       2.313320       2.311090       2.308810       2.306490       2.304120       2.301710       2.299250    
   2.272340       2.272320       2.274640       2.279350       2.279320       2.289720       2.300000       2.300380       2.300270       2.303130       2.309010       2.308780       2.308550       2.307820       2.306730       2.305160       2.311780       2.318790       2.321820       2.324490       2.331880       2.329750       2.327570       2.325360       2.323090       2.320780       2.318430       2.316030       2.313580       2.311080    
   2.272340       2.274660       2.279350       2.279340       2.289790       2.300190       2.300380       2.300320       2.303200       2.309010       2.308890       2.308780       2.308380       2.307700       2.306570       2.320420       2.320300       2.321820       2.338100       2.343980       2.342690       2.341830       2.339630       2.337390       2.335090       2.332750       2.330360       2.327920       2.325430       2.322900    
   2.274670       2.279350       2.279340       2.289830       2.300280       2.300380       2.300350       2.303230       2.309010       2.308950       2.308890       2.308690       2.308290       2.335840       2.351410       2.358150       2.358150       2.357930       2.358090       2.362120       2.356080       2.353900       2.351680       2.349400       2.347080       2.344700       2.342280       2.339800       2.337280       2.334700    
   2.279350       2.279350       2.289850       2.300330       2.300380       2.300370       2.303240       2.309010       2.308980       2.308950       2.308840       2.308620       2.359080       2.421100       2.420720       2.394910       2.395990       2.394480       2.377140       2.368160       2.368170       2.365960       2.363710       2.361410       2.359050       2.356640       2.354180       2.351670       2.349110       2.346490    
   2.279350       2.289860       2.300360       2.300380       2.300370       2.303250       2.309010       2.309000       2.308980       2.308930       2.368810       2.458820       2.433980       2.421470       2.421470       2.420720       2.404780       2.397490       2.394480       2.383790       2.380230       2.378010       2.375730       2.373390       2.371010       2.368570       2.366070       2.363520       2.360920       2.358270    
   2.289860       2.300370       2.300380       2.300380       2.303250       2.309010       2.309000       2.309000       2.308970       2.380870       2.458820       2.458820       2.458820       2.434530       2.422220       2.422220       2.420720       2.406440       2.400500       2.394480       2.392280       2.390030       2.387720       2.385360       2.382950       2.380470       2.377940       2.375350       2.372710       2.370020    
   2.300370       2.300380       2.300380       2.303250       2.309010       2.309010       2.309000       2.361760       2.409510       2.458850       2.458820       2.458820       2.458820       2.458820       2.435620       2.423720       2.423720       2.420720       2.410060       2.406520       2.404300       2.402030       2.399700       2.397310       2.394860       2.392350       2.389790       2.387160       2.384480       2.381750    
   2.300380       2.300380       2.303260       2.309010       2.309010       2.398930       2.533800       2.526930       2.520060       2.479320       2.458920       2.458820       2.458820       2.458820       2.458820       2.437720       2.426720       2.426720       2.420720       2.418540       2.416300       2.414010       2.411650       2.409230       2.406750       2.404210       2.401610       2.398950       2.396230       2.393450    
   2.300380       2.303260       2.309010       2.309010       2.416930       2.533820       2.533820       2.533800       2.526930       2.520060       2.479490       2.459110       2.458820       2.458820       2.458820       2.458820       2.441620       2.432720       2.432730       2.430530       2.428280       2.425960       2.423580       2.421130       2.418620       2.416040       2.413400       2.410700       2.407940       2.405120    
