iMOD/TUTORIALS/TUT_MetaswapAnalyser/model_MetaSWAP/meteo/Evaporation/Evaporation_20050521_L1.ASC
NCOLS                30
NROWS                30
XLLCORNER     160000.00
YLLCORNER     340000.00
CELLSIZE        1000.00
NODATA_VALUE   -9999.00
   3.448860       3.447530       3.446170       3.444770       3.443340       3.441870       3.440390       3.438870       3.437340       3.435790       3.434220       3.432650       3.431060       3.429460       3.427860       3.426250       3.424640       3.423030       3.421430       3.419830       3.418240       3.416650       3.415080       3.413520       3.411970       3.410440       3.408920       3.407420       3.405940       3.404480    
   3.447610       3.446290       3.444920       3.443530       3.442100       3.440640       3.439160       3.437660       3.436130       3.434590       3.433030       3.431460       3.429880       3.428290       3.426700       3.425100       3.423500       3.421910       3.420320       3.418730       3.417150       3.415580       3.414020       3.412470       3.410940       3.409420       3.407920       3.406440       3.404970       3.403530    
   3.446310       3.444990       3.443640       3.442240       3.440820       3.439370       3.437890       3.436400       3.434880       3.433340       3.431790       3.430230       3.428660       3.427080       3.425500       3.423910       3.422320       3.420740       3.419160       3.417590       3.416020       3.414470       3.412920       3.411390       3.409870       3.408370       3.406880       3.405420       3.403970       3.402540    
   3.444980       3.443660       3.442310       3.440920       3.439500       3.438060       3.436590       3.435100       3.433580       3.432060       3.430510       3.428960       3.427400       3.425830       3.424260       3.422680       3.421110       3.419540       3.417970       3.416410       3.414860       3.413310       3.411780       3.410270       3.408770       3.407280       3.405810       3.404360       3.402930       3.401520    
   3.443600       3.442290       3.440940       3.439560       3.438150       3.436710       3.435240       3.433760       3.432250       3.430730       3.429200       3.427650       3.426100       3.424540       3.422980       3.421410       3.419850       3.418290       3.416740       3.415190       3.413650       3.412120       3.410610       3.409110       3.407620       3.406150       3.404700       3.403270       3.401860       3.400470    
   3.442190       3.440880       3.439540       3.438160       3.436750       3.435320       3.433860       3.432380       3.430880       3.429370       3.427840       3.426310       3.424760       3.423210       3.421660       3.420110       3.418560       3.417010       3.415470       3.413940       3.412410       3.410900       3.409400       3.407910       3.406450       3.404990       3.403560       3.402140       3.400750       3.399380    
   3.440750       3.439440       3.438100       3.436720       3.435320       3.433890       3.432440       3.430970       3.429480       3.427970       3.426450       3.424930       3.423390       3.421850       3.420310       3.418770       3.417230       3.415700       3.414170       3.412650       3.411140       3.409640       3.408160       3.406690       3.405230       3.403800       3.402380       3.400990       3.399610       3.398260    
   3.439270       3.437960       3.436620       3.435250       3.433850       3.432430       3.430980       3.429520       3.428040       3.426540       3.425030       3.423510       3.421980       3.420460       3.418930       3.417400       3.415870       3.414350       3.412830       3.411320       3.409830       3.408350       3.406880       3.405430       3.403990       3.402570       3.401170       3.399800       3.398440       3.397110    
   3.437750       3.436450       3.435120       3.433750       3.432360       3.430940       3.429500       3.428040       3.426560       3.425070       3.423570       3.422060       3.420550       3.419030       3.417510       3.415990       3.414470       3.412960       3.411460       3.409970       3.408490       3.407020       3.405570       3.404130       3.402710       3.401310       3.399940       3.398580       3.397240       3.395930    
   3.436210       3.434910       3.433580       3.432220       3.430830       3.429420       3.427980       3.426530       3.425060       3.423580       3.422080       3.420580       3.419080       3.417570       3.416060       3.414550       3.413050       3.411550       3.410060       3.408580       3.407120       3.405670       3.404230       3.402810       3.401410       3.400030       3.398670       3.397330       3.396010       3.394720    
   3.436200       3.434900       3.432840       3.430660       3.429270       3.427870       3.426440       3.424990       3.423530       3.422050       3.420570       3.419070       3.417580       3.416080       3.414580       3.413080       3.411590       3.410110       3.408630       3.407170       3.405720       3.404280       3.402860       3.401460       3.400080       3.398710       3.397370       3.396050       3.394760       3.393480    
   3.436190       3.433650       3.430660       3.428430       3.427690       3.426290       3.424860       3.423420       3.421970       3.420500       3.419020       3.417540       3.416050       3.414560       3.413070       3.411590       3.410110       3.408640       3.407170       3.405720       3.404290       3.402870       3.401460       3.400080       3.398710       3.397370       3.396050       3.394750       3.393470       3.392220    
   3.434490       3.430660       3.428010       3.426890       3.426080       3.424680       3.423270       3.421830       3.420380       3.418920       3.417450       3.415970       3.414490       3.413010       3.411540       3.410060       3.408600       3.407140       3.405690       3.404250       3.402830       3.401430       3.400040       3.398670       3.397330       3.396000       3.394700       3.393420       3.392160       3.390940    
   3.430660       3.427810       3.426480       3.426080       3.424610       3.423060       3.421640       3.420210       3.418770       3.417320       3.415850       3.414380       3.412920       3.411440       3.409980       3.408510       3.407060       3.405610       3.404180       3.402760       3.401350       3.399960       3.398590       3.397240       3.395920       3.394610       3.393330       3.392070       3.390830       3.389630    
   3.427710       3.426280       3.426080       3.424580       3.423060       3.421570       3.420000       3.418570       3.417140       3.415690       3.414230       3.412770       3.411310       3.409850       3.408390       3.406940       3.405500       3.404070       3.402640       3.401240       3.399850       3.398480       3.397120       3.395790       3.394480       3.393190       3.391930       3.390690       3.389480       3.388300    
   3.426180       3.426080       3.424570       3.423060       3.421540       3.420000       3.419290       3.418570       3.416360       3.414040       3.412590       3.411140       3.409690       3.408240       3.406790       3.405350       3.403920       3.402500       3.401090       3.399700       3.398320       3.396970       3.395630       3.394320       3.393020       3.391760       3.390520       3.389300       3.388110       3.386950    
   3.426080       3.424570       3.423060       3.421530       3.420000       3.419640       3.419290       3.417060       3.414040       3.413320       3.411020       3.409490       3.408050       3.406600       3.405170       3.403740       3.402320       3.400910       3.399510       3.398130       3.396780       3.395440       3.394120       3.392820       3.391550       3.390300       3.389080       3.387880       3.386720       3.385580    
   3.424570       3.423060       3.421530       3.420000       3.419820       3.419640       3.417510       3.414040       3.413680       3.410970       3.408660       3.407820       3.406380       3.404950       3.403520       3.402100       3.400690       3.399300       3.397920       3.396550       3.395210       3.393890       3.392580       3.391310       3.390050       3.388830       3.387630       3.386450       3.385310       3.384190    
   3.423060       3.421530       3.420000       3.419910       3.419820       3.417750       3.414040       3.413860       3.410950       3.408240       3.407820       3.407100       3.405610       3.403280       3.401860       3.400450       3.399060       3.397670       3.396300       3.394950       3.393630       3.392320       3.391030       3.389770       3.388540       3.387330       3.386160       3.385000       3.383880       3.382790    
   3.421530       3.420000       3.419960       3.419910       3.417880       3.414040       3.413950       3.410940       3.408030       3.407820       3.407460       3.405950       3.403280       3.402570       3.401860       3.400460       3.399060       3.397680       3.394790       3.393340       3.392030       3.390740       3.389470       3.388230       3.387010       3.385830       3.384670       3.383540       3.382440       3.381370    
   3.420000       3.419980       3.419960       3.417950       3.414040       3.413990       3.410930       3.407920       3.407820       3.407640       3.406130       3.403280       3.402930       3.402570       3.401630       3.400460       3.399060       3.395150       3.392530       3.391710       3.390410       3.389140       3.387890       3.386670       3.385470       3.384310       3.383170       3.382070       3.380990       3.379950    
   3.419990       3.419980       3.417980       3.414040       3.414020       3.410930       3.407870       3.407820       3.407730       3.406220       3.403280       3.403100       3.402930       3.402380       3.401550       3.400380       3.395700       3.392120       3.391710       3.390300       3.388790       3.387530       3.386300       3.385090       3.383920       3.382770       3.381660       3.380580       3.379530       3.378510    
   3.419990       3.418000       3.414040       3.414030       3.410930       3.407850       3.407820       3.407770       3.406260       3.403280       3.403190       3.403100       3.402800       3.402280       3.401440       3.395260       3.391910       3.391710       3.388460       3.387150       3.386400       3.385910       3.384690       3.383510       3.382350       3.381230       3.380140       3.379080       3.378050       3.377060    
   3.418000       3.414040       3.414030       3.410930       3.407830       3.407820       3.407800       3.406280       3.403280       3.403240       3.403190       3.403030       3.402730       3.396530       3.391240       3.386720       3.386720       3.386040       3.385220       3.384680       3.385500       3.384280       3.383080       3.381920       3.380780       3.379680       3.378610       3.377580       3.376570       3.375600    
   3.414040       3.414040       3.410930       3.407830       3.407820       3.407810       3.406300       3.403280       3.403260       3.403240       3.403150       3.402980       3.392260       3.379540       3.379590       3.382160       3.381530       3.381740       3.383080       3.383850       3.383850       3.382640       3.381460       3.380320       3.379200       3.378120       3.377080       3.376060       3.375090       3.374140    
   3.414040       3.410930       3.407820       3.407820       3.407810       3.406300       3.403280       3.403270       3.403260       3.403220       3.392180       3.375760       3.378230       3.379490       3.379490       3.379590       3.380800       3.381320       3.381740       3.382080       3.382190       3.381000       3.379840       3.378710       3.377620       3.376560       3.375540       3.374550       3.373600       3.372680    
   3.410930       3.407820       3.407820       3.407820       3.406300       3.403280       3.403270       3.403270       3.403250       3.390030       3.375760       3.375760       3.375760       3.378160       3.379380       3.379380       3.379590       3.380540       3.380900       3.381740       3.380530       3.379350       3.378210       3.377100       3.376030       3.374990       3.373990       3.373030       3.372100       3.371210    
   3.407820       3.407820       3.407820       3.406310       3.403280       3.403280       3.403270       3.394640       3.385750       3.375760       3.375760       3.375760       3.375760       3.375760       3.378000       3.379170       3.379170       3.379590       3.379940       3.380060       3.378860       3.377700       3.376580       3.375490       3.374440       3.373420       3.372450       3.371510       3.370610       3.369750    
   3.407820       3.407820       3.406310       3.403280       3.403280       3.389340       3.368440       3.368600       3.368770       3.373420       3.375750       3.375760       3.375760       3.375760       3.375760       3.377700       3.378750       3.378750       3.379590       3.378380       3.377200       3.376060       3.374950       3.373880       3.372850       3.371860       3.370910       3.369990       3.369120       3.368280    
   3.407820       3.406310       3.403280       3.403280       3.386550       3.368440       3.368440       3.368440       3.368600       3.368770       3.373390       3.375720       3.375760       3.375760       3.375760       3.375760       3.377130       3.377910       3.377910       3.376700       3.375540       3.374410       3.373320       3.372270       3.371260       3.370290       3.369370       3.368480       3.367630       3.366820    
