iMOD/TUTORIALS/TUT_MetaswapAnalyser/model_MetaSWAP/meteo/Evaporation/Evaporation_20050216_L1.ASC
NCOLS                30
NROWS                30
XLLCORNER     160000.00
YLLCORNER     340000.00
CELLSIZE        1000.00
NODATA_VALUE   -9999.00
  0.6977100      0.6963600      0.6949700      0.6935500      0.6921000      0.6906200      0.6891100      0.6875900      0.6860500      0.6844900      0.6829200      0.6813400      0.6797600      0.6781800      0.6765900      0.6750000      0.6734200      0.6718400      0.6702800      0.6687200      0.6671700      0.6656400      0.6641200      0.6626100      0.6611300      0.6596600      0.6582100      0.6567800      0.6553700      0.6539800    
  0.6951100      0.6937400      0.6923300      0.6909000      0.6894300      0.6879400      0.6864200      0.6848800      0.6833300      0.6817600      0.6801900      0.6786000      0.6770100      0.6754200      0.6738300      0.6722400      0.6706500      0.6690700      0.6675000      0.6659400      0.6643900      0.6628600      0.6613400      0.6598400      0.6583600      0.6568900      0.6554500      0.6540300      0.6526200      0.6512400    
  0.6924700      0.6910800      0.6896600      0.6882000      0.6867200      0.6852100      0.6836800      0.6821300      0.6805700      0.6789900      0.6774100      0.6758200      0.6742200      0.6726200      0.6710200      0.6694300      0.6678400      0.6662600      0.6646900      0.6631300      0.6615800      0.6600500      0.6585300      0.6570300      0.6555500      0.6540900      0.6526600      0.6512400      0.6498500      0.6484700    
  0.6897900      0.6883800      0.6869400      0.6854700      0.6839700      0.6824500      0.6809100      0.6793500      0.6777700      0.6761900      0.6745900      0.6729900      0.6713900      0.6697800      0.6681800      0.6665800      0.6649900      0.6634000      0.6618300      0.6602700      0.6587200      0.6571900      0.6556800      0.6541900      0.6527100      0.6512600      0.6498300      0.6484200      0.6470300      0.6456700    
  0.6870800      0.6856500      0.6841900      0.6827000      0.6811800      0.6796500      0.6780900      0.6765200      0.6749300      0.6733400      0.6717300      0.6701300      0.6685100      0.6669000      0.6653000      0.6636900      0.6621000      0.6605100      0.6589400      0.6573800      0.6558300      0.6543100      0.6528000      0.6513100      0.6498400      0.6483900      0.6469600      0.6455600      0.6441900      0.6428400    
  0.6843300      0.6828800      0.6814000      0.6798900      0.6783600      0.6768100      0.6752400      0.6736600      0.6720600      0.6704600      0.6688400      0.6672300      0.6656100      0.6639900      0.6623800      0.6607700      0.6591700      0.6575900      0.6560100      0.6544500      0.6529100      0.6513800      0.6498800      0.6483900      0.6469300      0.6454900      0.6440700      0.6426800      0.6413100      0.6399700    
  0.6815500      0.6800800      0.6785800      0.6770600      0.6755100      0.6739500      0.6723600      0.6707600      0.6691600      0.6675400      0.6659200      0.6642900      0.6626700      0.6610400      0.6594300      0.6578200      0.6562200      0.6546300      0.6530500      0.6514900      0.6499500      0.6484300      0.6469300      0.6454500      0.6439900      0.6425600      0.6411500      0.6397600      0.6384100      0.6370800    
  0.6787500      0.6772500      0.6757400      0.6741900      0.6726300      0.6710500      0.6694500      0.6678400      0.6662200      0.6645900      0.6629600      0.6613300      0.6596900      0.6580700      0.6564400      0.6548300      0.6532300      0.6516400      0.6500600      0.6485000      0.6469600      0.6454400      0.6439500      0.6424700      0.6410200      0.6395900      0.6381900      0.6368200      0.6354700      0.6341600    
  0.6759100      0.6744000      0.6728600      0.6713000      0.6697200      0.6681200      0.6665100      0.6648900      0.6632500      0.6616200      0.6599700      0.6583300      0.6566900      0.6550600      0.6534300      0.6518100      0.6502100      0.6486200      0.6470400      0.6454800      0.6439500      0.6424300      0.6409400      0.6394700      0.6380200      0.6366100      0.6352200      0.6338500      0.6325200      0.6312100    
  0.6730500      0.6715200      0.6699600      0.6683800      0.6667800      0.6651700      0.6635400      0.6619100      0.6602600      0.6586100      0.6569600      0.6553100      0.6536600      0.6520200      0.6503900      0.6487700      0.6471600      0.6455700      0.6439900      0.6424400      0.6409000      0.6393900      0.6379000      0.6364400      0.6350000      0.6335900      0.6322100      0.6308600      0.6295400      0.6282400    
  0.6730430      0.6715100      0.6688250      0.6654400      0.6638300      0.6622000      0.6605500      0.6589000      0.6572500      0.6555800      0.6539200      0.6522600      0.6506100      0.6489600      0.6473300      0.6457000      0.6440900      0.6425000      0.6409200      0.6393700      0.6378300      0.6363300      0.6348400      0.6333900      0.6319600      0.6305500      0.6291800      0.6278400      0.6265300      0.6252500    
  0.6730340      0.6697050      0.6654400      0.6619920      0.6608500      0.6592000      0.6575400      0.6558800      0.6542100      0.6525400      0.6508600      0.6492000      0.6475300      0.6458800      0.6442400      0.6426100      0.6410000      0.6394000      0.6378300      0.6362700      0.6347400      0.6332400      0.6317600      0.6303100      0.6288900      0.6275000      0.6261300      0.6248000      0.6235100      0.6222400    
  0.6706800      0.6654400      0.6611580      0.6593500      0.6578500      0.6561900      0.6545100      0.6528300      0.6511500      0.6494700      0.6477800      0.6461100      0.6444400      0.6427800      0.6411300      0.6395000      0.6378800      0.6362800      0.6347100      0.6331600      0.6316300      0.6301300      0.6286600      0.6272100      0.6258000      0.6244200      0.6230700      0.6217500      0.6204600      0.6192100    
  0.6654400      0.6607620      0.6586000      0.6578500      0.6557300      0.6531500      0.6514700      0.6497700      0.6480800      0.6463800      0.6446900      0.6430000      0.6413200      0.6396500      0.6380000      0.6363600      0.6347400      0.6331500      0.6315700      0.6300200      0.6285000      0.6270000      0.6255300      0.6241000      0.6226900      0.6213200      0.6199800      0.6186800      0.6174000      0.6161700    
  0.6605690      0.6582250      0.6578500      0.6555770      0.6531500      0.6510070      0.6484000      0.6467000      0.6449900      0.6432800      0.6415700      0.6398800      0.6381900      0.6365100      0.6348500      0.6332100      0.6315900      0.6299900      0.6284200      0.6268700      0.6253500      0.6238500      0.6223900      0.6209600      0.6195700      0.6182100      0.6168800      0.6155900      0.6143300      0.6131100    
  0.6580380      0.6578500      0.6555260      0.6531500      0.6508520      0.6484000      0.6475500      0.6466970      0.6437820      0.6401600      0.6384500      0.6367400      0.6350400      0.6333600      0.6316900      0.6300500      0.6284200      0.6268200      0.6252500      0.6237000      0.6221800      0.6206900      0.6192400      0.6178200      0.6164300      0.6150800      0.6137600      0.6124800      0.6112400      0.6100300    
  0.6578500      0.6555090      0.6531500      0.6508010      0.6484000      0.6479750      0.6475490      0.6445470      0.6401600      0.6393050      0.6358740      0.6335900      0.6318800      0.6301900      0.6285200      0.6268700      0.6252400      0.6236400      0.6220600      0.6205200      0.6190000      0.6175200      0.6160700      0.6146600      0.6132800      0.6119400      0.6106400      0.6093700      0.6081400      0.6069500    
  0.6555030      0.6531500      0.6507840      0.6484000      0.6481880      0.6479750      0.6450580      0.6401600      0.6397320      0.6355560      0.6320100      0.6304300      0.6287200      0.6270200      0.6253400      0.6236800      0.6220500      0.6204500      0.6188700      0.6173300      0.6158100      0.6143400      0.6128900      0.6114900      0.6101200      0.6087900      0.6075000      0.6062500      0.6050300      0.6038600    
  0.6531500      0.6507780      0.6484000      0.6482940      0.6481870      0.6453450      0.6401600      0.6399460      0.6354200      0.6312200      0.6304300      0.6295750      0.6275000      0.6238300      0.6221500      0.6204900      0.6188500      0.6172500      0.6156700      0.6141300      0.6126200      0.6111400      0.6097100      0.6083100      0.6069500      0.6056300      0.6043500      0.6031200      0.6019200      0.6007600    
  0.6507760      0.6484000      0.6483470      0.6482940      0.6454970      0.6401600      0.6400530      0.6353560      0.6308250      0.6304300      0.6300020      0.6278340      0.6238300      0.6229900      0.6221570      0.6204970      0.6188630      0.6172570      0.6131340      0.6109200      0.6094100      0.6079400      0.6065100      0.6051200      0.6037800      0.6024700      0.6012000      0.5999800      0.5988000      0.5976600    
  0.6484000      0.6483730      0.6483470      0.6455740      0.6401600      0.6401070      0.6353250      0.6306280      0.6304300      0.6302160      0.6280240      0.6238300      0.6234100      0.6229920      0.6218810      0.6205060      0.6188720      0.6132530      0.6093100      0.6077000      0.6062000      0.6047400      0.6033100      0.6019300      0.6006000      0.5993000      0.5980500      0.5968400      0.5956800      0.5945600    
  0.6483870      0.6483730      0.6456140      0.6401600      0.6401330      0.6353100      0.6305290      0.6304300      0.6303230      0.6281250      0.6238300      0.6236200      0.6234110      0.6227610      0.6217930      0.6204200      0.6137670      0.6085050      0.6077000      0.6056300      0.6029900      0.6015300      0.6001100      0.5987400      0.5974100      0.5961300      0.5948900      0.5937000      0.5925600      0.5914500    
  0.6483870      0.6456330      0.6401600      0.6401470      0.6353030      0.6304790      0.6304300      0.6303770      0.6281770      0.6238300      0.6237250      0.6236200      0.6232640      0.6226550      0.6216580      0.6124320      0.6081030      0.6077000      0.6020160      0.5997750      0.5989040      0.5983200      0.5969100      0.5955500      0.5942300      0.5929600      0.5917400      0.5905600      0.5894300      0.5883500    
  0.6456430      0.6401600      0.6401530      0.6352990      0.6304550      0.6304300      0.6304030      0.6282030      0.6238300      0.6237780      0.6237250      0.6235360      0.6231800      0.6128070      0.6045890      0.5980810      0.5980800      0.5971670      0.5960320      0.5949600      0.5965600      0.5951200      0.5937100      0.5923600      0.5910500      0.5898000      0.5885900      0.5874300      0.5863200      0.5852500    
  0.6401600      0.6401570      0.6352970      0.6304420      0.6304300      0.6304170      0.6282170      0.6238300      0.6238040      0.6237780      0.6236800      0.6234800      0.6053050      0.5835520      0.5836500      0.5890560      0.5880610      0.5884600      0.5916290      0.5933600      0.5933600      0.5919100      0.5905200      0.5891700      0.5878800      0.5866300      0.5854400      0.5843000      0.5832100      0.5821600    
  0.6401580      0.6352960      0.6304360      0.6304300      0.6304230      0.6282230      0.6238300      0.6238170      0.6238040      0.6237540      0.6045360      0.5758700      0.5809100      0.5834530      0.5834530      0.5836500      0.5864340      0.5876630      0.5884600      0.5897380      0.5901600      0.5887200      0.5873300      0.5859900      0.5847100      0.5834800      0.5823000      0.5811800      0.5801000      0.5790800    
  0.6352950      0.6304330      0.6304300      0.6304270      0.6282270      0.6238300      0.6238230      0.6238170      0.6237910      0.6007670      0.5758700      0.5758700      0.5758700      0.5807640      0.5832560      0.5832560      0.5836500      0.5859620      0.5868650      0.5884600      0.5869700      0.5855300      0.5841500      0.5828200      0.5815500      0.5803300      0.5791700      0.5780700      0.5770100      0.5760100    
  0.6304320      0.6304300      0.6304280      0.6282280      0.6238300      0.6238270      0.6238230      0.6084980      0.5930350      0.5758620      0.5758700      0.5758700      0.5758700      0.5758700      0.5804770      0.5828630      0.5828620      0.5836500      0.5848720      0.5852700      0.5837900      0.5823600      0.5809800      0.5796600      0.5784000      0.5772000      0.5760600      0.5749700      0.5739300      0.5729500    
  0.6304300      0.6304290      0.6282290      0.6238300      0.6238280      0.5988910      0.5614900      0.5620250      0.5625600      0.5714110      0.5758450      0.5758700      0.5758700      0.5758700      0.5758700      0.5799180      0.5820770      0.5820750      0.5836500      0.5821100      0.5806200      0.5791900      0.5778300      0.5765200      0.5752700      0.5740800      0.5729600      0.5718900      0.5708700      0.5699200    
  0.6304300      0.6282300      0.6238300      0.6238290      0.5939020      0.5614850      0.5614840      0.5614900      0.5620250      0.5625600      0.5713680      0.5757950      0.5758700      0.5758700      0.5758700      0.5758700      0.5788630      0.5805070      0.5805000      0.5789600      0.5774700      0.5760500      0.5746900      0.5733900      0.5721600      0.5709800      0.5698700      0.5688200      0.5678300      0.5669000    
