iMOD/TUTORIALS/TUT_MetaswapAnalyser/model_MetaSWAP/meteo/Evaporation/Evaporation_20060912_L1.ASC
NCOLS                30
NROWS                30
XLLCORNER     160000.00
YLLCORNER     340000.00
CELLSIZE        1000.00
NODATA_VALUE   -9999.00
   3.161650       3.161780       3.161910       3.162060       3.162210       3.162370       3.162550       3.162730       3.162920       3.163120       3.163320       3.163540       3.163770       3.164000       3.164240       3.164490       3.164750       3.165020       3.165290       3.165570       3.165860       3.166160       3.166460       3.166770       3.167080       3.167400       3.167730       3.168060       3.168400       3.168740    
   3.163870       3.164000       3.164140       3.164300       3.164460       3.164620       3.164800       3.164990       3.165180       3.165390       3.165600       3.165820       3.166040       3.166280       3.166520       3.166780       3.167040       3.167300       3.167580       3.167860       3.168140       3.168440       3.168740       3.169040       3.169360       3.169670       3.170000       3.170320       3.170660       3.170990    
   3.166090       3.166230       3.166380       3.166540       3.166710       3.166880       3.167060       3.167260       3.167450       3.167660       3.167880       3.168100       3.168330       3.168570       3.168810       3.169070       3.169330       3.169590       3.169870       3.170150       3.170430       3.170730       3.171020       3.171330       3.171640       3.171950       3.172270       3.172590       3.172920       3.173260    
   3.168320       3.168470       3.168630       3.168790       3.168960       3.169140       3.169330       3.169530       3.169730       3.169940       3.170160       3.170390       3.170620       3.170860       3.171110       3.171360       3.171620       3.171890       3.172160       3.172440       3.172730       3.173020       3.173320       3.173620       3.173920       3.174240       3.174550       3.174870       3.175200       3.175520    
   3.170560       3.170710       3.170880       3.171050       3.171230       3.171410       3.171610       3.171810       3.172020       3.172230       3.172450       3.172680       3.172920       3.173160       3.173410       3.173660       3.173930       3.174190       3.174470       3.174750       3.175030       3.175320       3.175620       3.175920       3.176220       3.176530       3.176840       3.177160       3.177480       3.177800    
   3.172800       3.172960       3.173130       3.173310       3.173490       3.173690       3.173880       3.174090       3.174300       3.174520       3.174750       3.174980       3.175220       3.175460       3.175720       3.175970       3.176240       3.176500       3.176780       3.177060       3.177340       3.177630       3.177920       3.178220       3.178520       3.178830       3.179140       3.179450       3.179760       3.180080    
   3.175040       3.175210       3.175390       3.175570       3.175770       3.175960       3.176170       3.176380       3.176600       3.176820       3.177050       3.177280       3.177530       3.177770       3.178030       3.178280       3.178550       3.178820       3.179090       3.179370       3.179650       3.179940       3.180230       3.180530       3.180830       3.181130       3.181440       3.181740       3.182060       3.182370    
   3.177290       3.177470       3.177650       3.177840       3.178040       3.178240       3.178450       3.178670       3.178890       3.179120       3.179350       3.179590       3.179840       3.180090       3.180340       3.180600       3.180870       3.181140       3.181410       3.181690       3.181970       3.182260       3.182550       3.182840       3.183140       3.183440       3.183740       3.184050       3.184350       3.184660    
   3.179540       3.179720       3.179920       3.180120       3.180320       3.180530       3.180740       3.180970       3.181190       3.181420       3.181660       3.181900       3.182150       3.182400       3.182660       3.182920       3.183190       3.183460       3.183730       3.184010       3.184290       3.184580       3.184870       3.185160       3.185450       3.185750       3.186050       3.186350       3.186660       3.186960    
   3.181790       3.181980       3.182180       3.182390       3.182600       3.182820       3.183040       3.183260       3.183500       3.183730       3.183970       3.184220       3.184470       3.184730       3.184990       3.185250       3.185520       3.185790       3.186060       3.186340       3.186620       3.186910       3.187190       3.187480       3.187770       3.188070       3.188370       3.188660       3.188960       3.189270    
   3.181790       3.181980       3.182810       3.184670       3.184880       3.185110       3.185330       3.185560       3.185800       3.186040       3.186290       3.186540       3.186790       3.187050       3.187310       3.187580       3.187850       3.188120       3.188390       3.188670       3.188950       3.189240       3.189520       3.189810       3.190100       3.190390       3.190680       3.190980       3.191280       3.191570    
   3.181790       3.182810       3.184670       3.186540       3.187170       3.187400       3.187630       3.187870       3.188110       3.188360       3.188610       3.188860       3.189120       3.189380       3.189640       3.189910       3.190180       3.190450       3.190730       3.191010       3.191290       3.191570       3.191850       3.192140       3.192430       3.192720       3.193010       3.193300       3.193590       3.193880    
   3.182720       3.184670       3.187250       3.188310       3.189460       3.189690       3.189930       3.190170       3.190420       3.190670       3.190920       3.191180       3.191440       3.191710       3.191970       3.192240       3.192510       3.192790       3.193070       3.193340       3.193620       3.193910       3.194190       3.194470       3.194760       3.195040       3.195330       3.195620       3.195910       3.196200    
   3.184670       3.187570       3.188890       3.189460       3.190380       3.191990       3.192230       3.192480       3.192730       3.192990       3.193250       3.193510       3.193770       3.194040       3.194310       3.194580       3.194850       3.195130       3.195400       3.195680       3.195960       3.196240       3.196530       3.196810       3.197090       3.197380       3.197660       3.197950       3.198230       3.198520    
   3.187720       3.189170       3.189460       3.190610       3.191990       3.192920       3.194530       3.194790       3.195040       3.195300       3.195570       3.195830       3.196100       3.196370       3.196640       3.196920       3.197190       3.197470       3.197750       3.198020       3.198300       3.198580       3.198870       3.199150       3.199430       3.199710       3.199990       3.200270       3.200560       3.200840    
   3.189320       3.189460       3.190690       3.191990       3.193150       3.194530       3.194660       3.194790       3.195690       3.197620       3.197890       3.198160       3.198430       3.198700       3.198980       3.199250       3.199530       3.199810       3.200090       3.200370       3.200650       3.200930       3.201210       3.201490       3.201770       3.202050       3.202320       3.202600       3.202880       3.203160    
   3.189460       3.190710       3.191990       3.193220       3.194530       3.194590       3.194660       3.195690       3.197620       3.197750       3.199390       3.200490       3.200760       3.201040       3.201320       3.201590       3.201870       3.202150       3.202430       3.202710       3.202990       3.203270       3.203550       3.203830       3.204110       3.204380       3.204660       3.204930       3.205210       3.205480    
   3.190720       3.191990       3.193250       3.194530       3.194560       3.194590       3.195640       3.197620       3.197690       3.199850       3.201650       3.202810       3.203090       3.203370       3.203650       3.203930       3.204220       3.204500       3.204780       3.205060       3.205340       3.205620       3.205890       3.206170       3.206450       3.206720       3.206990       3.207270       3.207540       3.207810    
   3.191990       3.193260       3.194530       3.194550       3.194560       3.195600       3.197620       3.197650       3.200040       3.202230       3.202810       3.202950       3.203740       3.205710       3.205990       3.206270       3.206560       3.206840       3.207120       3.207400       3.207680       3.207960       3.208240       3.208510       3.208790       3.209060       3.209330       3.209600       3.209870       3.210130    
   3.193260       3.194530       3.194540       3.194550       3.195580       3.197620       3.197640       3.200130       3.202520       3.202810       3.202880       3.203800       3.205710       3.205850       3.205990       3.206270       3.206560       3.206840       3.208640       3.209750       3.210030       3.210310       3.210580       3.210860       3.211130       3.211400       3.211670       3.211930       3.212200       3.212460    
   3.194530       3.194530       3.194540       3.195570       3.197620       3.197630       3.200170       3.202660       3.202810       3.202850       3.203800       3.205710       3.205780       3.205850       3.206040       3.206270       3.206560       3.209010       3.210920       3.212090       3.212370       3.212650       3.212930       3.213200       3.213470       3.213740       3.214000       3.214260       3.214530       3.214780    
   3.194530       3.194530       3.195570       3.197620       3.197620       3.200190       3.202740       3.202810       3.202830       3.203790       3.205710       3.205740       3.205780       3.205890       3.206050       3.206290       3.209090       3.211500       3.212090       3.213060       3.214720       3.215000       3.215270       3.215540       3.215810       3.216080       3.216340       3.216600       3.216850       3.217110    
   3.194530       3.195560       3.197620       3.197620       3.200200       3.202770       3.202810       3.202820       3.203780       3.205710       3.205730       3.205740       3.205800       3.205910       3.206080       3.210470       3.211800       3.212090       3.215690       3.217060       3.217230       3.217340       3.217610       3.217880       3.218150       3.218410       3.218670       3.218930       3.219180       3.219430    
   3.195560       3.197620       3.197620       3.200210       3.202790       3.202810       3.202810       3.203780       3.205710       3.205720       3.205730       3.205760       3.205820       3.212070       3.216340       3.219110       3.219110       3.219390       3.219790       3.220570       3.219400       3.219680       3.219950       3.220220       3.220490       3.220750       3.221010       3.221260       3.221510       3.221750    
   3.197620       3.197620       3.200210       3.202800       3.202810       3.202810       3.203780       3.205710       3.205710       3.205720       3.205740       3.205770       3.216970       3.230560       3.230490       3.225980       3.226420       3.226130       3.223260       3.221740       3.221740       3.222020       3.222290       3.222560       3.222820       3.223080       3.223340       3.223590       3.223830       3.224070    
   3.197620       3.200210       3.202810       3.202810       3.202810       3.203780       3.205710       3.205710       3.205710       3.205720       3.218300       3.237130       3.232810       3.230640       3.230640       3.230490       3.227890       3.226710       3.226130       3.224590       3.224080       3.224360       3.224630       3.224890       3.225160       3.225410       3.225660       3.225910       3.226150       3.226390    
   3.200210       3.202810       3.202810       3.202810       3.203780       3.205710       3.205710       3.205710       3.205720       3.220800       3.237130       3.237130       3.237130       3.232920       3.230780       3.230780       3.230490       3.228220       3.227290       3.226130       3.226410       3.226690       3.226960       3.227230       3.227490       3.227740       3.227990       3.228230       3.228470       3.228710    
   3.202810       3.202810       3.202810       3.203780       3.205710       3.205710       3.205710       3.216340       3.226400       3.237140       3.237130       3.237130       3.237130       3.237130       3.233130       3.231070       3.231070       3.230490       3.228970       3.228460       3.228740       3.229020       3.229290       3.229560       3.229810       3.230070       3.230310       3.230550       3.230790       3.231020    
   3.202810       3.202810       3.203780       3.205710       3.205710       3.223480       3.250130       3.249180       3.248220       3.240840       3.237150       3.237130       3.237130       3.237130       3.237130       3.233540       3.231650       3.231650       3.230490       3.230780       3.231070       3.231350       3.231620       3.231880       3.232140       3.232390       3.232630       3.232870       3.233100       3.233330    
   3.202810       3.203780       3.205710       3.205710       3.227040       3.250130       3.250130       3.250130       3.249180       3.248220       3.240880       3.237190       3.237130       3.237130       3.237130       3.237130       3.234300       3.232810       3.232810       3.233100       3.233390       3.233670       3.233940       3.234200       3.234460       3.234700       3.234950       3.235180       3.235410       3.235630    
