iMOD/TUTORIALS/TUT_MetaswapAnalyser/model_MetaSWAP/meteo/Evaporation/Evaporation_20060930_L1.ASC
NCOLS                30
NROWS                30
XLLCORNER     160000.00
YLLCORNER     340000.00
CELLSIZE        1000.00
NODATA_VALUE   -9999.00
   2.000930       1.997520       1.994110       1.990700       1.987320       1.983950       1.980600       1.977280       1.973990       1.970740       1.967520       1.964340       1.961200       1.958110       1.955060       1.952070       1.949130       1.946240       1.943410       1.940640       1.937920       1.935270       1.932670       1.930140       1.927670       1.925260       1.922910       1.920620       1.918400       1.916230    
   2.000880       1.997490       1.994100       1.990730       1.987370       1.984020       1.980700       1.977400       1.974140       1.970900       1.967700       1.964540       1.961420       1.958340       1.955310       1.952330       1.949410       1.946530       1.943710       1.940940       1.938240       1.935590       1.933000       1.930470       1.928000       1.925590       1.923240       1.920950       1.918720       1.916550    
   2.000800       1.997440       1.994080       1.990730       1.987390       1.984070       1.980770       1.977500       1.974250       1.971040       1.967860       1.964720       1.961620       1.958560       1.955540       1.952580       1.949660       1.946800       1.943990       1.941230       1.938530       1.935890       1.933300       1.930770       1.928310       1.925900       1.923550       1.921260       1.919030       1.916860    
   2.000710       1.997370       1.994030       1.990710       1.987390       1.984100       1.980820       1.977570       1.974350       1.971150       1.967990       1.964870       1.961790       1.958750       1.955750       1.952800       1.949890       1.947040       1.944240       1.941490       1.938800       1.936160       1.933590       1.931060       1.928600       1.926190       1.923850       1.921560       1.919330       1.917150    
   2.000590       1.997270       1.993960       1.990660       1.987370       1.984100       1.980850       1.977620       1.974420       1.971250       1.968110       1.965000       1.961940       1.958910       1.955930       1.952990       1.950100       1.947260       1.944470       1.941740       1.939050       1.936420       1.933850       1.931330       1.928870       1.926470       1.924130       1.921840       1.919610       1.917440    
   2.000450       1.997160       1.993870       1.990590       1.987330       1.984080       1.980850       1.977650       1.974470       1.971320       1.968200       1.965110       1.962060       1.959050       1.956090       1.953170       1.950290       1.947460       1.944690       1.941960       1.939280       1.936660       1.934100       1.931590       1.929130       1.926730       1.924390       1.922100       1.919870       1.917700    
   2.000290       1.997030       1.993760       1.990510       1.987270       1.984040       1.980840       1.977650       1.974490       1.971360       1.968260       1.965200       1.962170       1.959180       1.956230       1.953320       1.950460       1.947640       1.944880       1.942160       1.939500       1.936880       1.934330       1.931820       1.929370       1.926980       1.924640       1.922350       1.920130       1.917960    
   2.000120       1.996870       1.993630       1.990400       1.987190       1.983980       1.980800       1.977640       1.974500       1.971390       1.968310       1.965260       1.962250       1.959280       1.956340       1.953450       1.950600       1.947800       1.945050       1.942340       1.939690       1.937090       1.934540       1.932040       1.929590       1.927200       1.924870       1.922590       1.920370       1.918200    
   1.999930       1.996700       1.993490       1.990280       1.987080       1.983900       1.980740       1.977600       1.974490       1.971400       1.968340       1.965310       1.962310       1.959360       1.956440       1.953560       1.950730       1.947940       1.945200       1.942510       1.939860       1.937270       1.934730       1.932240       1.929800       1.927420       1.925090       1.922810       1.920590       1.918420    
   1.999720       1.996520       1.993320       1.990140       1.986960       1.983810       1.980670       1.977550       1.974450       1.971380       1.968340       1.965330       1.962360       1.959420       1.956520       1.953660       1.950840       1.948060       1.945330       1.942650       1.940020       1.937440       1.934900       1.932420       1.929990       1.927610       1.925290       1.923020       1.920800       1.918640    
   1.999720       1.996520       1.992490       1.989980       1.986830       1.983690       1.980570       1.977480       1.974400       1.971350       1.968330       1.965340       1.962380       1.959460       1.956580       1.953730       1.950930       1.948170       1.945450       1.942780       1.940160       1.937580       1.935060       1.932590       1.930160       1.927790       1.925480       1.923210       1.921000       1.918840    
   1.999720       1.994680       1.989980       1.987500       1.986670       1.983560       1.980460       1.977390       1.974330       1.971300       1.968300       1.965330       1.962390       1.959480       1.956610       1.953780       1.951000       1.948250       1.945550       1.942890       1.940280       1.937720       1.935200       1.932740       1.930320       1.927960       1.925650       1.923390       1.921180       1.919020    
   1.996820       1.989980       1.987640       1.986590       1.986510       1.983410       1.980340       1.977280       1.974240       1.971240       1.968250       1.965300       1.962380       1.959490       1.956640       1.953820       1.951050       1.948320       1.945630       1.942980       1.940380       1.937830       1.935330       1.932870       1.930470       1.928110       1.925810       1.923550       1.921350       1.919200    
   1.989980       1.987670       1.986550       1.986510       1.984390       1.983250       1.980190       1.977160       1.974140       1.971150       1.968190       1.965250       1.962350       1.959480       1.956640       1.953840       1.951080       1.948370       1.945690       1.943060       1.940470       1.937930       1.935440       1.932990       1.930590       1.928250       1.925950       1.923700       1.921510       1.919360    
   1.987670       1.986530       1.986510       1.984720       1.983250       1.981160       1.980040       1.977020       1.974020       1.971050       1.968110       1.965190       1.962300       1.959450       1.956630       1.953850       1.951100       1.948400       1.945740       1.943120       1.940540       1.938010       1.935530       1.933100       1.930710       1.928370       1.926080       1.923840       1.921650       1.919510    
   1.986520       1.986510       1.984830       1.983250       1.981480       1.980040       1.978530       1.977030       1.973260       1.970940       1.968010       1.965110       1.962240       1.959410       1.956600       1.953840       1.951110       1.948420       1.945770       1.943160       1.940600       1.938080       1.935610       1.933190       1.930810       1.928480       1.926200       1.923970       1.921790       1.919650    
   1.986510       1.984860       1.983250       1.981590       1.980040       1.979290       1.978530       1.974940       1.970940       1.969480       1.966800       1.965020       1.962170       1.959350       1.956560       1.953810       1.951100       1.948420       1.945790       1.943190       1.940640       1.938140       1.935680       1.933260       1.930900       1.928580       1.926310       1.924080       1.921910       1.919780    
   1.984870       1.983250       1.981630       1.980040       1.979660       1.979290       1.975920       1.970940       1.970210       1.967420       1.964970       1.964920       1.962080       1.959280       1.956510       1.953770       1.951070       1.948410       1.945790       1.943210       1.940670       1.938180       1.935730       1.933330       1.930970       1.928660       1.926400       1.924180       1.922020       1.919900    
   1.983250       1.981640       1.980040       1.979850       1.979660       1.976450       1.970940       1.970570       1.967690       1.964950       1.964920       1.963500       1.961370       1.959190       1.956440       1.953720       1.951030       1.948390       1.945780       1.943210       1.940690       1.938210       1.935770       1.933380       1.931030       1.928730       1.926480       1.924280       1.922120       1.920010    
   1.981640       1.980040       1.979950       1.979850       1.976730       1.970940       1.970760       1.967810       1.964930       1.964920       1.964210       1.962240       1.959190       1.957810       1.956450       1.953730       1.951050       1.948400       1.944750       1.943200       1.940690       1.938220       1.935800       1.933420       1.931080       1.928790       1.926550       1.924360       1.922210       1.920110    
   1.980040       1.979990       1.979950       1.976870       1.970940       1.970850       1.967870       1.964930       1.964920       1.964570       1.962640       1.959190       1.958500       1.957820       1.956000       1.953740       1.951060       1.946110       1.943190       1.943180       1.940680       1.938230       1.935810       1.933450       1.931120       1.928840       1.926610       1.924430       1.922290       1.920200    
   1.980020       1.979990       1.976940       1.970940       1.970890       1.967900       1.964920       1.964920       1.964740       1.962830       1.959190       1.958850       1.958500       1.957440       1.955850       1.953600       1.947460       1.943180       1.943180       1.941510       1.940660       1.938220       1.935820       1.933460       1.931150       1.928880       1.926660       1.924490       1.922360       1.920280    
   1.980020       1.976970       1.970940       1.970920       1.967920       1.964920       1.964920       1.964830       1.962920       1.959190       1.959020       1.958850       1.958260       1.957270       1.955630       1.948620       1.943180       1.943180       1.941470       1.940620       1.939170       1.938200       1.935810       1.933470       1.931170       1.928910       1.926700       1.924540       1.922420       1.920350    
   1.976990       1.970940       1.970930       1.967920       1.964920       1.964920       1.964880       1.962970       1.959190       1.959100       1.959020       1.958710       1.958130       1.954060       1.948870       1.943000       1.943000       1.941860       1.940580       1.940560       1.940590       1.938170       1.935800       1.933470       1.931180       1.928930       1.926740       1.924580       1.922470       1.920410    
   1.970940       1.970930       1.967930       1.964920       1.964920       1.964900       1.962990       1.959190       1.959150       1.959100       1.958940       1.958620       1.952210       1.945080       1.945080       1.943620       1.942820       1.942830       1.941250       1.940540       1.940540       1.938140       1.935770       1.933450       1.931180       1.928950       1.926760       1.924620       1.922520       1.920470    
   1.970940       1.967930       1.964920       1.964920       1.964910       1.963000       1.959190       1.959170       1.959150       1.959070       1.954200       1.947160       1.945770       1.945070       1.945070       1.945080       1.943560       1.942810       1.942830       1.941060       1.940480       1.938090       1.935740       1.933430       1.931170       1.928950       1.926780       1.924650       1.922560       1.920520    
   1.967930       1.964920       1.964920       1.964910       1.963000       1.959190       1.959180       1.959170       1.959130       1.953350       1.947160       1.947160       1.947160       1.945760       1.945070       1.945070       1.945080       1.943510       1.942790       1.942830       1.940410       1.938040       1.935700       1.933410       1.931160       1.928950       1.926790       1.924670       1.922590       1.920560    
   1.964920       1.964920       1.964920       1.963010       1.959190       1.959180       1.959180       1.956590       1.952570       1.947160       1.947160       1.947160       1.947160       1.947160       1.945750       1.945050       1.945050       1.945080       1.943330       1.942750       1.940340       1.937980       1.935650       1.933370       1.931130       1.928940       1.926790       1.924680       1.922620       1.920600    
   1.964920       1.964920       1.963010       1.959190       1.959190       1.955970       1.951150       1.950010       1.948870       1.947730       1.947160       1.947160       1.947160       1.947160       1.947160       1.945720       1.945020       1.945020       1.945080       1.942650       1.940260       1.937910       1.935600       1.933330       1.931110       1.928930       1.926790       1.924690       1.922640       1.920640    
   1.964920       1.963010       1.959190       1.959190       1.955330       1.951150       1.951150       1.951150       1.950010       1.948870       1.947730       1.947160       1.947160       1.947160       1.947160       1.947160       1.945640       1.944970       1.944970       1.942550       1.940170       1.937840       1.935540       1.933290       1.931070       1.928910       1.926780       1.924700       1.922660       1.920670    
