iMOD/TUTORIALS/TUT_MetaswapAnalyser/model_MetaSWAP/meteo/Evaporation/Evaporation_20050830_L1.ASC
NCOLS                30
NROWS                30
XLLCORNER     160000.00
YLLCORNER     340000.00
CELLSIZE        1000.00
NODATA_VALUE   -9999.00
   3.605750       3.606490       3.607280       3.608120       3.609000       3.609930       3.610890       3.611900       3.612950       3.614030       3.615160       3.616310       3.617500       3.618730       3.619980       3.621270       3.622590       3.623940       3.625310       3.626710       3.628140       3.629590       3.631070       3.632580       3.634100       3.635650       3.637220       3.638810       3.640430       3.642060    
   3.608390       3.609130       3.609930       3.610760       3.611640       3.612570       3.613540       3.614540       3.615590       3.616670       3.617790       3.618950       3.620140       3.621360       3.622620       3.623900       3.625220       3.626570       3.627940       3.629340       3.630770       3.632220       3.633690       3.635200       3.636720       3.638270       3.639840       3.641430       3.643040       3.644670    
   3.611060       3.611810       3.612600       3.613440       3.614320       3.615250       3.616210       3.617220       3.618260       3.619350       3.620470       3.621620       3.622810       3.624030       3.625280       3.626570       3.627880       3.629230       3.630600       3.632000       3.633420       3.634870       3.636350       3.637840       3.639370       3.640910       3.642480       3.644060       3.645670       3.647300    
   3.613770       3.614520       3.615310       3.616150       3.617030       3.617960       3.618920       3.619930       3.620970       3.622050       3.623170       3.624320       3.625510       3.626730       3.627980       3.629260       3.630580       3.631920       3.633290       3.634680       3.636100       3.637550       3.639020       3.640520       3.642040       3.643580       3.645150       3.646730       3.648340       3.649960    
   3.616510       3.617260       3.618060       3.618900       3.619780       3.620700       3.621660       3.622670       3.623710       3.624790       3.625910       3.627060       3.628240       3.629460       3.630710       3.631990       3.633300       3.634640       3.636000       3.637400       3.638820       3.640260       3.641730       3.643220       3.644740       3.646280       3.647840       3.649420       3.651020       3.652640    
   3.619290       3.620040       3.620830       3.621670       3.622550       3.623470       3.624440       3.625440       3.626480       3.627560       3.628670       3.629820       3.631000       3.632220       3.633460       3.634740       3.636050       3.637380       3.638750       3.640140       3.641560       3.643000       3.644460       3.645950       3.647470       3.649000       3.650560       3.652140       3.653740       3.655350    
   3.622090       3.622840       3.623640       3.624470       3.625360       3.626280       3.627240       3.628240       3.629280       3.630360       3.631470       3.632610       3.633790       3.635010       3.636250       3.637520       3.638830       3.640160       3.641520       3.642910       3.644320       3.645760       3.647220       3.648710       3.650220       3.651750       3.653300       3.654880       3.656470       3.658090    
   3.624920       3.625670       3.626470       3.627310       3.628190       3.629110       3.630070       3.631070       3.632110       3.633180       3.634290       3.635430       3.636610       3.637820       3.639060       3.640330       3.641640       3.642960       3.644320       3.645710       3.647120       3.648550       3.650010       3.651490       3.653000       3.654520       3.656070       3.657640       3.659230       3.660840    
   3.627780       3.628530       3.629330       3.630170       3.631050       3.631970       3.632930       3.633930       3.634960       3.636040       3.637140       3.638280       3.639460       3.640660       3.641900       3.643170       3.644470       3.645800       3.647150       3.648530       3.649930       3.651370       3.652820       3.654300       3.655800       3.657320       3.658870       3.660430       3.662020       3.663620    
   3.630670       3.631420       3.632220       3.633060       3.633940       3.634860       3.635820       3.636810       3.637850       3.638920       3.640020       3.641160       3.642330       3.643530       3.644770       3.646030       3.647330       3.648650       3.650000       3.651380       3.652780       3.654210       3.655660       3.657130       3.658630       3.660150       3.661680       3.663240       3.664820       3.666420    
   3.630680       3.631440       3.633170       3.635970       3.636850       3.637770       3.638730       3.639720       3.640760       3.641820       3.642920       3.644060       3.645230       3.646430       3.647660       3.648920       3.650210       3.651530       3.652880       3.654250       3.655650       3.657070       3.658520       3.659990       3.661480       3.662990       3.664530       3.666080       3.667660       3.669250    
   3.630700       3.632810       3.635970       3.638840       3.639790       3.640710       3.641670       3.642660       3.643690       3.644750       3.645850       3.646990       3.648150       3.649350       3.650580       3.651840       3.653120       3.654440       3.655780       3.657150       3.658540       3.659960       3.661400       3.662860       3.664350       3.665860       3.667390       3.668940       3.670510       3.672100    
   3.632370       3.635970       3.639710       3.641270       3.642760       3.643670       3.644630       3.645620       3.646650       3.647710       3.648810       3.649940       3.651100       3.652300       3.653520       3.654770       3.656060       3.657370       3.658700       3.660070       3.661460       3.662870       3.664310       3.665760       3.667250       3.668750       3.670270       3.671820       3.673380       3.674960    
   3.635970       3.640110       3.642020       3.642760       3.644360       3.646660       3.647610       3.648600       3.649630       3.650690       3.651790       3.652910       3.654070       3.655260       3.656480       3.657740       3.659010       3.660320       3.661650       3.663010       3.664400       3.665800       3.667230       3.668690       3.670160       3.671660       3.673180       3.674720       3.676280       3.677850    
   3.640310       3.642390       3.642760       3.644590       3.646660       3.648300       3.650620       3.651610       3.652640       3.653690       3.654790       3.655910       3.657070       3.658260       3.659470       3.660720       3.661990       3.663290       3.664620       3.665980       3.667360       3.668760       3.670180       3.671630       3.673100       3.674600       3.676110       3.677640       3.679190       3.680760    
   3.642570       3.642760       3.644670       3.646660       3.648530       3.650620       3.651110       3.651620       3.653670       3.656720       3.657810       3.658930       3.660080       3.661270       3.662480       3.663720       3.664990       3.666290       3.667620       3.668960       3.670340       3.671740       3.673160       3.674600       3.676060       3.677550       3.679060       3.680580       3.682130       3.683690    
   3.642760       3.644700       3.646660       3.648600       3.650620       3.650870       3.651120       3.653280       3.656720       3.657260       3.660090       3.661970       3.663120       3.664300       3.665510       3.666750       3.668020       3.669310       3.670630       3.671970       3.673340       3.674730       3.676150       3.677590       3.679040       3.680520       3.682020       3.683540       3.685080       3.686640    
   3.644710       3.646660       3.648630       3.650620       3.650740       3.650870       3.653000       3.656720       3.656990       3.660520       3.663500       3.665030       3.666180       3.667360       3.668560       3.669800       3.671060       3.672350       3.673660       3.675000       3.676360       3.677750       3.679160       3.680590       3.682040       3.683520       3.685010       3.686530       3.688060       3.689610    
   3.646660       3.648640       3.650620       3.650680       3.650740       3.652830       3.656720       3.656860       3.660710       3.664260       3.665030       3.665610       3.667250       3.670430       3.671630       3.672860       3.674120       3.675410       3.676720       3.678050       3.679410       3.680790       3.682190       3.683620       3.685060       3.686530       3.688020       3.689530       3.691050       3.692590    
   3.648640       3.650620       3.650650       3.650680       3.652740       3.656720       3.656790       3.660790       3.664650       3.665030       3.665320       3.667080       3.670430       3.671030       3.671640       3.672870       3.674130       3.675420       3.679100       3.681120       3.682470       3.683840       3.685240       3.686660       3.688100       3.689560       3.691040       3.692540       3.694060       3.695600    
   3.650620       3.650640       3.650650       3.652700       3.656720       3.656750       3.660830       3.664840       3.665030       3.665170       3.666960       3.670430       3.670730       3.671030       3.671850       3.672880       3.674140       3.679100       3.682660       3.684200       3.685550       3.686920       3.688310       3.689730       3.691160       3.692610       3.694090       3.695580       3.697090       3.698620    
   3.650630       3.650640       3.652680       3.656720       3.656740       3.660850       3.664930       3.665030       3.665100       3.666900       3.670430       3.670580       3.670730       3.671200       3.671920       3.672960       3.678750       3.683430       3.684200       3.686130       3.688650       3.690010       3.691400       3.692810       3.694230       3.695680       3.697150       3.698630       3.700140       3.701660    
   3.650630       3.652660       3.656720       3.656730       3.660860       3.664980       3.665030       3.665070       3.666870       3.670430       3.670510       3.670580       3.670840       3.671280       3.672030       3.680220       3.683820       3.684200       3.689650       3.691770       3.692590       3.693120       3.694500       3.695900       3.697320       3.698770       3.700220       3.701700       3.703200       3.704710    
   3.652660       3.656720       3.656720       3.660870       3.665010       3.665030       3.665050       3.666850       3.670430       3.670470       3.670510       3.670640       3.670900       3.680590       3.688000       3.693640       3.693630       3.694430       3.695430       3.696480       3.694900       3.696250       3.697620       3.699020       3.700430       3.701870       3.703320       3.704790       3.706280       3.707790    
   3.656720       3.656720       3.660870       3.665020       3.665030       3.665040       3.666840       3.670430       3.670450       3.670470       3.670540       3.670680       3.687770       3.708300       3.708200       3.702630       3.703470       3.703070       3.699820       3.698050       3.698050       3.699390       3.700760       3.702150       3.703560       3.704980       3.706430       3.707890       3.709370       3.710870    
   3.656720       3.660870       3.665020       3.665030       3.665030       3.666830       3.670430       3.670440       3.670450       3.670480       3.689010       3.716690       3.711180       3.708400       3.708400       3.708200       3.705200       3.703870       3.703070       3.701680       3.701210       3.702550       3.703910       3.705290       3.706690       3.708110       3.709550       3.711010       3.712480       3.713970    
   3.660870       3.665030       3.665030       3.665030       3.666830       3.670430       3.670430       3.670440       3.670460       3.692670       3.716690       3.716690       3.716690       3.711330       3.708600       3.708600       3.708200       3.705670       3.704670       3.703070       3.704390       3.705720       3.707080       3.708450       3.709850       3.711260       3.712690       3.714140       3.715610       3.717090    
   3.665030       3.665030       3.665030       3.666830       3.670430       3.670430       3.670430       3.685820       3.700660       3.716700       3.716690       3.716690       3.716690       3.716690       3.711630       3.709010       3.709010       3.708200       3.706760       3.706270       3.707580       3.708910       3.710260       3.711630       3.713020       3.714420       3.715840       3.717290       3.718740       3.720220    
   3.665030       3.665030       3.666830       3.670430       3.670430       3.695890       3.734070       3.733000       3.731930       3.721790       3.716720       3.716690       3.716690       3.716690       3.716690       3.712200       3.709820       3.709820       3.708200       3.709490       3.710790       3.712110       3.713460       3.714820       3.716200       3.717600       3.719010       3.720440       3.721890       3.723360    
   3.665030       3.666830       3.670430       3.670430       3.700980       3.734080       3.734080       3.734070       3.733000       3.731930       3.721840       3.716770       3.716690       3.716690       3.716690       3.716690       3.713280       3.711440       3.711430       3.712710       3.714010       3.715330       3.716660       3.718020       3.719390       3.720780       3.722190       3.723620       3.725060       3.726520    
