iMOD/TUTORIALS/TUT_MetaswapAnalyser/model_MetaSWAP/meteo/Evaporation/Evaporation_20051203_L1.ASC
NCOLS                30
NROWS                30
XLLCORNER     160000.00
YLLCORNER     340000.00
CELLSIZE        1000.00
NODATA_VALUE   -9999.00
  0.2126300      0.2130900      0.2135500      0.2140200      0.2145000      0.2149800      0.2154700      0.2159600      0.2164500      0.2169500      0.2174500      0.2179500      0.2184600      0.2189700      0.2194800      0.2200000      0.2205100      0.2210300      0.2215500      0.2220700      0.2226000      0.2231200      0.2236500      0.2241700      0.2247000      0.2252300      0.2257600      0.2262900      0.2268200      0.2273500    
  0.2133900      0.2138500      0.2143100      0.2147800      0.2152500      0.2157300      0.2162200      0.2167000      0.2171900      0.2176900      0.2181900      0.2186900      0.2192000      0.2197000      0.2202100      0.2207200      0.2212400      0.2217600      0.2222700      0.2227900      0.2233100      0.2238300      0.2243600      0.2248800      0.2254100      0.2259300      0.2264600      0.2269900      0.2275200      0.2280500    
  0.2141600      0.2146100      0.2150700      0.2155400      0.2160100      0.2164900      0.2169700      0.2174500      0.2179400      0.2184300      0.2189300      0.2194300      0.2199300      0.2204400      0.2209400      0.2214500      0.2219700      0.2224800      0.2230000      0.2235100      0.2240300      0.2245500      0.2250700      0.2255900      0.2261200      0.2266400      0.2271700      0.2276900      0.2282200      0.2287500    
  0.2149300      0.2153800      0.2158400      0.2163000      0.2167700      0.2172400      0.2177200      0.2182000      0.2186900      0.2191800      0.2196700      0.2201700      0.2206700      0.2211700      0.2216800      0.2221900      0.2226900      0.2232100      0.2237200      0.2242300      0.2247500      0.2252700      0.2257900      0.2263100      0.2268300      0.2273500      0.2278700      0.2284000      0.2289200      0.2294500    
  0.2157000      0.2161500      0.2166000      0.2170600      0.2175300      0.2180000      0.2184800      0.2189600      0.2194400      0.2199300      0.2204200      0.2209100      0.2214100      0.2219100      0.2224100      0.2229200      0.2234300      0.2239300      0.2244500      0.2249600      0.2254700      0.2259900      0.2265000      0.2270200      0.2275400      0.2280600      0.2285800      0.2291000      0.2296200      0.2301500    
  0.2164700      0.2169200      0.2173700      0.2178300      0.2182900      0.2187600      0.2192300      0.2197100      0.2201900      0.2206800      0.2211700      0.2216600      0.2221500      0.2226500      0.2231500      0.2236500      0.2241600      0.2246600      0.2251700      0.2256800      0.2261900      0.2267100      0.2272200      0.2277400      0.2282500      0.2287700      0.2292900      0.2298100      0.2303300      0.2308500    
  0.2172400      0.2176900      0.2181400      0.2185900      0.2190600      0.2195200      0.2199900      0.2204700      0.2209500      0.2214300      0.2219100      0.2224000      0.2229000      0.2233900      0.2238900      0.2243900      0.2248900      0.2254000      0.2259000      0.2264100      0.2269200      0.2274300      0.2279400      0.2284500      0.2289700      0.2294800      0.2300000      0.2305200      0.2310300      0.2315500    
  0.2180200      0.2184600      0.2189100      0.2193600      0.2198200      0.2202800      0.2207500      0.2212200      0.2217000      0.2221800      0.2226600      0.2231500      0.2236400      0.2241300      0.2246300      0.2251300      0.2256300      0.2261300      0.2266300      0.2271400      0.2276400      0.2281500      0.2286600      0.2291700      0.2296800      0.2302000      0.2307100      0.2312200      0.2317400      0.2322600    
  0.2188000      0.2192400      0.2196800      0.2201300      0.2205900      0.2210500      0.2215100      0.2219800      0.2224600      0.2229400      0.2234200      0.2239000      0.2243900      0.2248800      0.2253700      0.2258700      0.2263600      0.2268600      0.2273600      0.2278700      0.2283700      0.2288800      0.2293800      0.2298900      0.2304000      0.2309100      0.2314200      0.2319300      0.2324500      0.2329600    
  0.2195800      0.2200100      0.2204600      0.2209000      0.2213600      0.2218200      0.2222800      0.2227500      0.2232200      0.2236900      0.2241700      0.2246500      0.2251400      0.2256200      0.2261200      0.2266100      0.2271000      0.2276000      0.2281000      0.2286000      0.2291000      0.2296000      0.2301100      0.2306100      0.2311200      0.2316300      0.2321400      0.2326500      0.2331600      0.2336700    
  0.2195770      0.2200170      0.2207620      0.2216800      0.2221300      0.2225800      0.2230400      0.2235100      0.2239800      0.2244500      0.2249300      0.2254000      0.2258900      0.2263700      0.2268600      0.2273500      0.2278400      0.2283400      0.2288300      0.2293300      0.2298300      0.2303300      0.2308300      0.2313400      0.2318400      0.2323500      0.2328500      0.2333600      0.2338700      0.2343700    
  0.2195800      0.2205090      0.2216800      0.2225950      0.2229000      0.2233500      0.2238100      0.2242700      0.2247400      0.2252100      0.2256800      0.2261600      0.2266400      0.2271200      0.2276100      0.2280900      0.2285800      0.2290800      0.2295700      0.2300600      0.2305600      0.2310600      0.2315600      0.2320600      0.2325600      0.2330600      0.2335700      0.2340700      0.2345800      0.2350800    
  0.2202290      0.2216800      0.2228070      0.2232850      0.2236700      0.2241200      0.2245800      0.2250400      0.2255000      0.2259700      0.2264400      0.2269100      0.2273900      0.2278700      0.2283500      0.2288400      0.2293300      0.2298200      0.2303100      0.2308000      0.2312900      0.2317900      0.2322900      0.2327800      0.2332800      0.2337800      0.2342800      0.2347800      0.2352900      0.2357900    
  0.2216800      0.2229090      0.2234780      0.2236700      0.2242270      0.2248900      0.2253500      0.2258000      0.2262700      0.2267300      0.2272000      0.2276700      0.2281500      0.2286200      0.2291000      0.2295900      0.2300700      0.2305600      0.2310400      0.2315300      0.2320300      0.2325200      0.2330100      0.2335100      0.2340100      0.2345000      0.2350000      0.2355000      0.2360000      0.2365000    
  0.2229580      0.2235740      0.2236700      0.2242620      0.2248900      0.2254530      0.2261200      0.2265700      0.2270300      0.2274900      0.2279600      0.2284300      0.2289000      0.2293800      0.2298500      0.2303300      0.2308100      0.2313000      0.2317800      0.2322700      0.2327600      0.2332500      0.2337400      0.2342400      0.2347300      0.2352200      0.2357200      0.2362100      0.2367100      0.2372100    
  0.2236220      0.2236700      0.2242740      0.2248900      0.2254880      0.2261200      0.2263450      0.2265730      0.2273370      0.2282600      0.2287200      0.2291900      0.2296600      0.2301300      0.2306000      0.2310800      0.2315600      0.2320400      0.2325300      0.2330100      0.2335000      0.2339800      0.2344700      0.2349600      0.2354500      0.2359400      0.2364400      0.2369300      0.2374200      0.2379200    
  0.2236700      0.2242780      0.2248900      0.2254990      0.2261200      0.2262320      0.2263460      0.2271290      0.2282600      0.2284900      0.2293660      0.2299500      0.2304100      0.2308800      0.2313600      0.2318300      0.2323100      0.2327900      0.2332700      0.2337500      0.2342300      0.2347200      0.2352000      0.2356900      0.2361800      0.2366700      0.2371600      0.2376500      0.2381400      0.2386300    
  0.2242790      0.2248900      0.2255030      0.2261200      0.2261760      0.2262330      0.2269920      0.2282600      0.2283750      0.2294310      0.2303300      0.2307100      0.2311700      0.2316400      0.2321100      0.2325800      0.2330500      0.2335300      0.2340100      0.2344900      0.2349700      0.2354500      0.2359300      0.2364200      0.2369000      0.2373900      0.2378800      0.2383700      0.2388500      0.2393400    
  0.2248900      0.2255040      0.2261200      0.2261480      0.2261760      0.2269150      0.2282600      0.2283170      0.2294590      0.2305200      0.2307100      0.2309400      0.2314770      0.2323900      0.2328600      0.2333300      0.2338000      0.2342800      0.2347500      0.2352300      0.2357100      0.2361900      0.2366700      0.2371500      0.2376300      0.2381100      0.2386000      0.2390800      0.2395700      0.2400500    
  0.2255050      0.2261200      0.2261340      0.2261480      0.2268750      0.2282600      0.2282890      0.2294720      0.2306150      0.2307100      0.2308250      0.2313790      0.2323900      0.2326250      0.2328600      0.2333300      0.2338030      0.2342770      0.2353880      0.2359700      0.2364500      0.2369200      0.2374000      0.2378800      0.2383600      0.2388400      0.2393200      0.2398000      0.2402800      0.2407700    
  0.2261200      0.2261270      0.2261340      0.2268540      0.2282600      0.2282740      0.2294790      0.2306620      0.2307100      0.2307680      0.2313260      0.2323900      0.2325070      0.2326250      0.2329380      0.2333310      0.2338030      0.2353040      0.2363400      0.2367100      0.2371800      0.2376600      0.2381300      0.2386100      0.2390900      0.2395600      0.2400400      0.2405200      0.2410000      0.2414800    
  0.2261240      0.2261270      0.2268440      0.2282600      0.2282670      0.2294820      0.2306860      0.2307100      0.2307390      0.2312980      0.2323900      0.2324490      0.2325070      0.2326900      0.2329650      0.2333580      0.2351350      0.2365250      0.2367100      0.2372700      0.2379200      0.2384000      0.2388700      0.2393400      0.2398100      0.2402900      0.2407600      0.2412400      0.2417200      0.2421900    
  0.2261240      0.2268390      0.2282600      0.2282640      0.2294830      0.2306980      0.2307100      0.2307240      0.2312840      0.2323900      0.2324190      0.2324490      0.2325490      0.2327210      0.2330040      0.2354030      0.2366180      0.2367100      0.2381020      0.2386600      0.2389440      0.2391300      0.2396000      0.2400700      0.2405400      0.2410100      0.2414900      0.2419600      0.2424300      0.2429100    
  0.2268360      0.2282600      0.2282620      0.2294840      0.2307040      0.2307100      0.2307170      0.2312770      0.2323900      0.2324050      0.2324190      0.2324720      0.2325730      0.2351210      0.2372140      0.2389400      0.2389400      0.2392030      0.2395240      0.2397700      0.2394000      0.2398700      0.2403400      0.2408000      0.2412700      0.2417400      0.2422100      0.2426800      0.2431500      0.2436200    
  0.2282600      0.2282610      0.2294850      0.2307070      0.2307100      0.2307140      0.2312740      0.2323900      0.2323970      0.2324050      0.2324320      0.2324880      0.2369310      0.2422330      0.2422100      0.2410070      0.2412620      0.2411700      0.2405100      0.2401430      0.2401400      0.2406100      0.2410700      0.2415400      0.2420000      0.2424700      0.2429300      0.2434000      0.2438700      0.2443300    
  0.2282600      0.2294850      0.2307090      0.2307100      0.2307120      0.2312720      0.2323900      0.2323940      0.2323970      0.2324110      0.2370650      0.2440000      0.2428410      0.2422560      0.2422560      0.2422100      0.2416150      0.2413550      0.2411700      0.2409570      0.2408900      0.2413500      0.2418100      0.2422700      0.2427300      0.2431900      0.2436600      0.2441200      0.2445800      0.2450500    
  0.2294850      0.2307090      0.2307100      0.2307110      0.2312710      0.2323900      0.2323920      0.2323940      0.2324010      0.2379750      0.2440000      0.2440000      0.2440000      0.2428760      0.2423030      0.2423030      0.2422100      0.2417270      0.2415400      0.2411700      0.2416300      0.2420800      0.2425400      0.2430000      0.2434600      0.2439200      0.2443800      0.2448400      0.2453000      0.2457600    
  0.2307100      0.2307100      0.2307100      0.2312700      0.2323900      0.2323910      0.2323920      0.2361220      0.2398630      0.2440020      0.2440000      0.2440000      0.2440000      0.2440000      0.2429430      0.2423950      0.2423950      0.2422100      0.2419870      0.2419100      0.2423700      0.2428200      0.2432800      0.2437300      0.2441900      0.2446400      0.2451000      0.2455600      0.2460200      0.2464700    
  0.2307100      0.2307100      0.2312700      0.2323900      0.2323900      0.2384830      0.2476200      0.2474600      0.2473000      0.2451060      0.2440060      0.2440000      0.2440000      0.2440000      0.2440000      0.2430760      0.2425810      0.2425800      0.2422100      0.2426600      0.2431100      0.2435600      0.2440100      0.2444600      0.2449200      0.2453700      0.2458200      0.2462800      0.2467300      0.2471900    
  0.2307100      0.2312700      0.2323900      0.2323900      0.2397020      0.2476210      0.2476210      0.2476200      0.2474600      0.2473000      0.2451160      0.2440180      0.2440000      0.2440000      0.2440000      0.2440000      0.2433260      0.2429530      0.2429500      0.2434000      0.2438500      0.2443000      0.2447500      0.2452000      0.2456500      0.2461000      0.2465500      0.2470000      0.2474500      0.2479000    
