iMOD/TUTORIALS/TUT_MetaswapAnalyser/model_MetaSWAP/meteo/Evaporation/Evaporation_20060617_L1.ASC
NCOLS                30
NROWS                30
XLLCORNER     160000.00
YLLCORNER     340000.00
CELLSIZE        1000.00
NODATA_VALUE   -9999.00
   4.863130       4.860150       4.857150       4.854120       4.851070       4.847990       4.844870       4.841730       4.838560       4.835360       4.832120       4.828850       4.825550       4.822210       4.818840       4.815430       4.811980       4.808500       4.804980       4.801420       4.797820       4.794180       4.790500       4.786780       4.783020       4.779220       4.775380       4.771500       4.767580       4.763620    
   4.861920       4.858940       4.855930       4.852900       4.849840       4.846750       4.843640       4.840490       4.837320       4.834110       4.830870       4.827600       4.824290       4.820950       4.817580       4.814170       4.810720       4.807240       4.803720       4.800160       4.796560       4.792920       4.789240       4.785530       4.781770       4.777980       4.774140       4.770270       4.766350       4.762400    
   4.860730       4.857740       4.854730       4.851690       4.848620       4.845530       4.842410       4.839260       4.836080       4.832870       4.829630       4.826360       4.823050       4.819710       4.816330       4.812920       4.809470       4.805990       4.802470       4.798910       4.795310       4.791680       4.788000       4.784290       4.780540       4.776750       4.772920       4.769050       4.765140       4.761190    
   4.859540       4.856550       4.853530       4.850490       4.847420       4.844320       4.841200       4.838050       4.834860       4.831650       4.828400       4.825130       4.821820       4.818470       4.815100       4.811680       4.808230       4.804750       4.801230       4.797670       4.794080       4.790440       4.786770       4.783060       4.779310       4.775530       4.771700       4.767830       4.763930       4.759980    
   4.858370       4.855370       4.852350       4.849300       4.846230       4.843130       4.840000       4.836840       4.833650       4.830440       4.827190       4.823910       4.820600       4.817250       4.813870       4.810460       4.807010       4.803520       4.800000       4.796450       4.792850       4.789220       4.785550       4.781840       4.778100       4.774310       4.770490       4.766630       4.762730       4.758790    
   4.857200       4.854200       4.851170       4.848120       4.845040       4.841940       4.838810       4.835650       4.832460       4.829240       4.825980       4.822700       4.819390       4.816040       4.812660       4.809240       4.805790       4.802310       4.798790       4.795230       4.791640       4.788010       4.784340       4.780640       4.776890       4.773110       4.769300       4.765440       4.761540       4.757610    
   4.856050       4.853040       4.850010       4.846950       4.843870       4.840760       4.837630       4.834460       4.831270       4.828040       4.824790       4.821500       4.818190       4.814840       4.811460       4.808040       4.804590       4.801100       4.797580       4.794030       4.790440       4.786810       4.783140       4.779440       4.775700       4.771920       4.768110       4.764260       4.760360       4.756440    
   4.854900       4.851890       4.848860       4.845800       4.842710       4.839600       4.836460       4.833290       4.830090       4.826860       4.823610       4.820320       4.817000       4.813650       4.810260       4.806850       4.803400       4.799910       4.796390       4.792840       4.789240       4.785620       4.781950       4.778250       4.774520       4.770740       4.766930       4.763080       4.759200       4.755270    
   4.853770       4.850750       4.847710       4.844650       4.841560       4.838440       4.835300       4.832130       4.828920       4.825700       4.822440       4.819150       4.815820       4.812470       4.809080       4.805670       4.802210       4.798730       4.795210       4.791650       4.788060       4.784440       4.780780       4.777080       4.773340       4.769570       4.765760       4.761920       4.758040       4.754120    
   4.852640       4.849620       4.846580       4.843510       4.840420       4.837300       4.834150       4.830970       4.827770       4.824540       4.821270       4.817980       4.814660       4.811300       4.807920       4.804500       4.801040       4.797560       4.794040       4.790480       4.786890       4.783270       4.779610       4.775910       4.772180       4.768410       4.764610       4.760770       4.756890       4.752970    
   4.852630       4.849610       4.845520       4.842380       4.839280       4.836160       4.833010       4.829830       4.826620       4.823390       4.820120       4.816830       4.813500       4.810140       4.806760       4.803330       4.799880       4.796390       4.792870       4.789320       4.785730       4.782110       4.778450       4.774760       4.771030       4.767260       4.763460       4.759620       4.755750       4.751840    
   4.852630       4.847540       4.842380       4.839220       4.838160       4.835030       4.831880       4.828700       4.825490       4.822250       4.818980       4.815680       4.812360       4.809000       4.805610       4.802180       4.798730       4.795240       4.791720       4.788170       4.784580       4.780960       4.777300       4.773610       4.769880       4.766120       4.762320       4.758490       4.754620       4.750710    
   4.849540       4.842380       4.839060       4.837600       4.837050       4.833920       4.830760       4.827570       4.824360       4.821120       4.817850       4.814550       4.811220       4.807860       4.804470       4.801040       4.797590       4.794100       4.790580       4.787030       4.783440       4.779820       4.776160       4.772470       4.768750       4.764990       4.761190       4.757360       4.753500       4.749590    
   4.842380       4.838950       4.837330       4.837050       4.834590       4.832810       4.829650       4.826460       4.823240       4.820000       4.816720       4.813420       4.810090       4.806730       4.803340       4.799910       4.796460       4.792970       4.789450       4.785900       4.782310       4.778690       4.775030       4.771340       4.767620       4.763860       4.760070       4.756240       4.752380       4.748480    
   4.838890       4.837190       4.837050       4.834820       4.832810       4.830330       4.828540       4.825350       4.822130       4.818890       4.815610       4.812310       4.808970       4.805610       4.802220       4.798790       4.795330       4.791850       4.788330       4.784770       4.781190       4.777570       4.773910       4.770230       4.766510       4.762750       4.758960       4.755140       4.751280       4.747380    
   4.837120       4.837050       4.834890       4.832810       4.830560       4.828540       4.826940       4.825340       4.821040       4.817780       4.814510       4.811200       4.807860       4.804500       4.801100       4.797680       4.794220       4.790730       4.787210       4.783660       4.780070       4.776460       4.772800       4.769120       4.765400       4.761650       4.757860       4.754040       4.750180       4.746290    
   4.837050       4.834920       4.832810       4.830640       4.828540       4.827740       4.826940       4.822780       4.817780       4.816140       4.812520       4.810100       4.806760       4.803400       4.800000       4.796580       4.793120       4.789630       4.786110       4.782560       4.778970       4.775350       4.771700       4.768020       4.764300       4.760550       4.756770       4.752950       4.749100       4.745210    
   4.834930       4.832810       4.830660       4.828540       4.828140       4.827740       4.823810       4.817780       4.816960       4.813000       4.809560       4.809010       4.805670       4.802310       4.798910       4.795480       4.792020       4.788530       4.785010       4.781460       4.777880       4.774260       4.770610       4.766930       4.763210       4.759460       4.755680       4.751870       4.748020       4.744130    
   4.832810       4.830670       4.828540       4.828340       4.828140       4.824370       4.817780       4.817370       4.813210       4.809280       4.809010       4.807340       4.804550       4.801220       4.797820       4.794390       4.790940       4.787450       4.783920       4.780370       4.776790       4.773170       4.769520       4.765840       4.762130       4.758380       4.754600       4.750790       4.746950       4.743070    
   4.830670       4.828540       4.828440       4.828340       4.824660       4.817780       4.817580       4.813300       4.809150       4.809010       4.808180       4.805530       4.801220       4.799520       4.797810       4.794380       4.790930       4.787440       4.781850       4.779290       4.775710       4.772100       4.768450       4.764770       4.761060       4.757310       4.753540       4.749730       4.745880       4.742010    
   4.828540       4.828490       4.828440       4.824800       4.817780       4.817680       4.813350       4.809080       4.809010       4.808590       4.805980       4.801220       4.800370       4.799520       4.797240       4.794370       4.790920       4.783440       4.778760       4.778220       4.774640       4.771030       4.767380       4.763700       4.759990       4.756250       4.752480       4.748670       4.744830       4.740960    
   4.828520       4.828490       4.824880       4.817780       4.817730       4.813370       4.809040       4.809010       4.808800       4.806200       4.801220       4.800800       4.800370       4.799040       4.797040       4.794180       4.785090       4.778490       4.778220       4.775480       4.773580       4.769970       4.766320       4.762640       4.758940       4.755200       4.751420       4.747620       4.743780       4.739910    
   4.828520       4.824920       4.817780       4.817750       4.813380       4.809030       4.809010       4.808910       4.806310       4.801220       4.801010       4.800790       4.800070       4.798820       4.796750       4.785950       4.778350       4.778220       4.774300       4.772530       4.770360       4.768910       4.765270       4.761590       4.757890       4.754150       4.750380       4.746580       4.742740       4.738870    
   4.824930       4.817780       4.817770       4.813390       4.809020       4.809010       4.808960       4.806360       4.801220       4.801110       4.801010       4.800620       4.799890       4.792280       4.783880       4.775100       4.775090       4.773330       4.771310       4.770960       4.771480       4.767870       4.764230       4.760550       4.756850       4.753110       4.749340       4.745540       4.741710       4.737850    
   4.817780       4.817770       4.813390       4.809010       4.809010       4.808980       4.806390       4.801220       4.801170       4.801110       4.800910       4.800510       4.787940       4.773460       4.773490       4.773190       4.771840       4.771970       4.770860       4.770440       4.770440       4.766830       4.763190       4.759520       4.755810       4.752080       4.748310       4.744510       4.740680       4.736820    
   4.817780       4.813390       4.809010       4.809010       4.809000       4.806400       4.801220       4.801190       4.801170       4.801060       4.790120       4.774020       4.773620       4.773430       4.773430       4.773490       4.772330       4.771710       4.771970       4.770050       4.769410       4.765800       4.762160       4.758490       4.754790       4.751050       4.747290       4.743490       4.739670       4.735810    
   4.813390       4.809010       4.809010       4.809000       4.806410       4.801220       4.801210       4.801190       4.801140       4.788080       4.774020       4.774020       4.774020       4.773570       4.773370       4.773370       4.773490       4.772130       4.771460       4.771970       4.768390       4.764780       4.761140       4.757470       4.753770       4.750040       4.746270       4.742480       4.738650       4.734800    
   4.809010       4.809010       4.809010       4.806410       4.801220       4.801210       4.801210       4.794050       4.785110       4.774020       4.774020       4.774020       4.774020       4.774020       4.773480       4.773240       4.773240       4.773490       4.771590       4.770950       4.767370       4.763760       4.760120       4.756460       4.752760       4.749020       4.745260       4.741470       4.737650       4.733800    
   4.809010       4.809010       4.806410       4.801220       4.801220       4.790790       4.775150       4.773900       4.772650       4.773560       4.774010       4.774020       4.774020       4.774020       4.774020       4.773290       4.772990       4.772990       4.773490       4.769940       4.766360       4.762760       4.759120       4.755450       4.751750       4.748020       4.744260       4.740470       4.736650       4.732800    
   4.809010       4.806410       4.801220       4.801220       4.788700       4.775150       4.775150       4.775150       4.773900       4.772650       4.773540       4.774000       4.774020       4.774020       4.774020       4.774020       4.772910       4.772490       4.772490       4.768940       4.765360       4.761750       4.758120       4.754450       4.750750       4.747020       4.743270       4.739480       4.735660       4.731810    
