iMOD/TUTORIALS/TUT_MetaswapAnalyser/model_MetaSWAP/meteo/Evaporation/Evaporation_20051221_L1.ASC
NCOLS                30
NROWS                30
XLLCORNER     160000.00
YLLCORNER     340000.00
CELLSIZE        1000.00
NODATA_VALUE   -9999.00
  0.1751400      0.1748000      0.1744600      0.1741100      0.1737500      0.1733900      0.1730200      0.1726400      0.1722600      0.1718700      0.1714800      0.1710800      0.1706800      0.1702700      0.1698600      0.1694500      0.1690300      0.1686100      0.1681800      0.1677500      0.1673200      0.1668900      0.1664500      0.1660100      0.1655700      0.1651200      0.1646700      0.1642300      0.1637800      0.1633300    
  0.1752400      0.1749000      0.1745600      0.1742100      0.1738500      0.1734800      0.1731100      0.1727400      0.1723500      0.1719700      0.1715700      0.1711700      0.1707700      0.1703700      0.1699500      0.1695400      0.1691200      0.1687000      0.1682700      0.1678400      0.1674100      0.1669800      0.1665400      0.1661000      0.1656600      0.1652200      0.1647700      0.1643200      0.1638800      0.1634300    
  0.1753400      0.1750000      0.1746500      0.1743000      0.1739400      0.1735700      0.1732000      0.1728200      0.1724400      0.1720500      0.1716600      0.1712600      0.1708600      0.1704500      0.1700400      0.1696200      0.1692100      0.1687800      0.1683600      0.1679300      0.1675000      0.1670600      0.1666300      0.1661900      0.1657500      0.1653100      0.1648600      0.1644200      0.1639700      0.1635200    
  0.1754300      0.1750900      0.1747400      0.1743800      0.1740200      0.1736600      0.1732800      0.1729000      0.1725200      0.1721300      0.1717400      0.1713400      0.1709400      0.1705300      0.1701200      0.1697000      0.1692800      0.1688600      0.1684400      0.1680100      0.1675800      0.1671500      0.1667100      0.1662700      0.1658300      0.1653900      0.1649500      0.1645000      0.1640600      0.1636100    
  0.1755100      0.1751700      0.1748200      0.1744600      0.1741000      0.1737300      0.1733600      0.1729800      0.1726000      0.1722100      0.1718100      0.1714100      0.1710100      0.1706000      0.1701900      0.1697800      0.1693600      0.1689400      0.1685100      0.1680800      0.1676500      0.1672200      0.1667900      0.1663500      0.1659100      0.1654700      0.1650300      0.1645800      0.1641400      0.1636900    
  0.1755900      0.1752400      0.1748900      0.1745400      0.1741700      0.1738000      0.1734300      0.1730500      0.1726600      0.1722700      0.1718800      0.1714800      0.1710800      0.1706700      0.1702600      0.1698400      0.1694200      0.1690000      0.1685800      0.1681500      0.1677200      0.1672900      0.1668600      0.1664200      0.1659800      0.1655400      0.1651000      0.1646600      0.1642100      0.1637700    
  0.1756600      0.1753200      0.1749600      0.1746100      0.1742400      0.1738700      0.1734900      0.1731100      0.1727300      0.1723400      0.1719400      0.1715400      0.1711400      0.1707300      0.1703200      0.1699000      0.1694900      0.1690700      0.1686400      0.1682100      0.1677900      0.1673500      0.1669200      0.1664900      0.1660500      0.1656100      0.1651700      0.1647300      0.1642900      0.1638400    
  0.1757300      0.1753800      0.1750300      0.1746700      0.1743000      0.1739300      0.1735500      0.1731700      0.1727900      0.1723900      0.1720000      0.1716000      0.1711900      0.1707900      0.1703800      0.1699600      0.1695400      0.1691200      0.1687000      0.1682700      0.1678400      0.1674100      0.1669800      0.1665500      0.1661100      0.1656700      0.1652300      0.1647900      0.1643500      0.1639100    
  0.1757900      0.1754400      0.1750900      0.1747300      0.1743600      0.1739900      0.1736100      0.1732300      0.1728400      0.1724500      0.1720500      0.1716500      0.1712500      0.1708400      0.1704300      0.1700100      0.1695900      0.1691700      0.1687500      0.1683300      0.1679000      0.1674700      0.1670400      0.1666000      0.1661700      0.1657300      0.1652900      0.1648600      0.1644200      0.1639800    
  0.1758500      0.1755000      0.1751400      0.1747800      0.1744100      0.1740400      0.1736600      0.1732800      0.1728900      0.1724900      0.1721000      0.1717000      0.1712900      0.1708800      0.1704700      0.1700600      0.1696400      0.1692200      0.1688000      0.1683700      0.1679500      0.1675200      0.1670900      0.1666500      0.1662200      0.1657800      0.1653500      0.1649100      0.1644700      0.1640300    
  0.1758470      0.1754970      0.1750630      0.1748300      0.1744600      0.1740800      0.1737000      0.1733200      0.1729300      0.1725400      0.1721400      0.1717400      0.1713300      0.1709300      0.1705100      0.1701000      0.1696800      0.1692600      0.1688400      0.1684200      0.1679900      0.1675600      0.1671300      0.1667000      0.1662700      0.1658300      0.1654000      0.1649600      0.1645300      0.1640900    
  0.1758440      0.1753090      0.1748300      0.1745820      0.1745000      0.1741300      0.1737400      0.1733600      0.1729700      0.1725800      0.1721800      0.1717800      0.1713700      0.1709600      0.1705500      0.1701400      0.1697200      0.1693000      0.1688800      0.1684600      0.1680300      0.1676000      0.1671700      0.1667400      0.1663100      0.1658800      0.1654500      0.1650100      0.1645800      0.1641400    
  0.1755430      0.1748300      0.1746180      0.1745200      0.1745400      0.1741600      0.1737800      0.1734000      0.1730100      0.1726100      0.1722100      0.1718100      0.1714100      0.1710000      0.1705900      0.1701700      0.1697500      0.1693300      0.1689100      0.1684900      0.1680700      0.1676400      0.1672100      0.1667800      0.1663500      0.1659200      0.1654900      0.1650500      0.1646200      0.1641900    
  0.1748300      0.1746300      0.1745300      0.1745400      0.1743000      0.1742000      0.1738100      0.1734300      0.1730400      0.1726400      0.1722400      0.1718400      0.1714300      0.1710300      0.1706100      0.1702000      0.1697800      0.1693600      0.1689400      0.1685200      0.1681000      0.1676700      0.1672400      0.1668200      0.1663900      0.1659600      0.1655300      0.1650900      0.1646600      0.1642300    
  0.1746340      0.1745350      0.1745400      0.1743470      0.1742000      0.1739500      0.1738400      0.1734600      0.1730600      0.1726700      0.1722700      0.1718700      0.1714600      0.1710500      0.1706400      0.1702300      0.1698100      0.1693900      0.1689700      0.1685500      0.1681200      0.1677000      0.1672700      0.1668500      0.1664200      0.1659900      0.1655600      0.1651300      0.1647000      0.1642700    
  0.1745380      0.1745400      0.1743620      0.1742000      0.1739970      0.1738400      0.1736500      0.1734530      0.1729700      0.1726900      0.1722900      0.1718900      0.1714800      0.1710700      0.1706600      0.1702500      0.1698300      0.1694100      0.1689900      0.1685700      0.1681500      0.1677200      0.1673000      0.1668700      0.1664500      0.1660200      0.1655900      0.1651600      0.1647300      0.1643000    
  0.1745400      0.1743670      0.1742000      0.1740120      0.1738400      0.1737450      0.1736480      0.1731910      0.1726900      0.1724900      0.1721400      0.1719100      0.1715000      0.1710900      0.1706800      0.1702700      0.1698500      0.1694300      0.1690100      0.1685900      0.1681700      0.1677500      0.1673200      0.1669000      0.1664700      0.1660400      0.1656200      0.1651900      0.1647600      0.1643400    
  0.1743690      0.1742000      0.1740170      0.1738400      0.1737930      0.1737440      0.1733180      0.1726900      0.1725900      0.1722310      0.1719150      0.1719200      0.1715200      0.1711100      0.1706900      0.1702800      0.1698600      0.1694500      0.1690300      0.1686100      0.1681900      0.1677600      0.1673400      0.1669200      0.1664900      0.1660700      0.1656400      0.1652200      0.1647900      0.1643700    
  0.1742000      0.1740190      0.1738400      0.1738160      0.1737920      0.1733860      0.1726900      0.1726400      0.1722700      0.1719170      0.1719200      0.1717200      0.1714180      0.1711200      0.1707100      0.1702900      0.1698800      0.1694600      0.1690400      0.1686200      0.1682000      0.1677800      0.1673600      0.1669300      0.1665100      0.1660900      0.1656600      0.1652400      0.1648200      0.1643900    
  0.1740200      0.1738400      0.1738280      0.1738160      0.1734210      0.1726900      0.1726650      0.1722880      0.1719190      0.1719200      0.1718200      0.1715440      0.1711200      0.1709150      0.1707070      0.1702930      0.1698770      0.1694600      0.1688780      0.1686300      0.1682100      0.1677900      0.1673700      0.1669500      0.1665300      0.1661000      0.1656800      0.1652600      0.1648400      0.1644200    
  0.1738400      0.1738340      0.1738280      0.1734390      0.1726900      0.1726780      0.1722960      0.1719190      0.1719200      0.1718700      0.1716010      0.1711200      0.1710170      0.1709140      0.1706380      0.1702920      0.1698770      0.1690980      0.1686350      0.1686400      0.1682200      0.1678000      0.1673800      0.1669600      0.1665400      0.1661200      0.1657000      0.1652800      0.1648600      0.1644400    
  0.1738370      0.1738340      0.1734480      0.1726900      0.1726840      0.1723010      0.1719200      0.1719200      0.1718950      0.1716280      0.1711200      0.1710690      0.1710170      0.1708570      0.1706150      0.1702690      0.1693090      0.1686380      0.1686400      0.1683630      0.1682300      0.1678100      0.1673900      0.1669700      0.1665500      0.1661300      0.1657100      0.1652900      0.1648800      0.1644600    
  0.1738370      0.1734520      0.1726900      0.1726870      0.1723030      0.1719200      0.1719200      0.1719070      0.1716410      0.1711200      0.1710940      0.1710690      0.1709810      0.1708300      0.1705800      0.1694940      0.1686390      0.1686400      0.1683660      0.1682300      0.1679800      0.1678100      0.1673900      0.1669800      0.1665600      0.1661400      0.1657200      0.1653100      0.1648900      0.1644700    
  0.1734540      0.1726900      0.1726880      0.1723040      0.1719200      0.1719200      0.1719140      0.1716470      0.1711200      0.1711070      0.1710940      0.1710480      0.1709600      0.1703600      0.1695620      0.1686400      0.1686400      0.1684470      0.1682300      0.1682300      0.1682300      0.1678200      0.1674000      0.1669800      0.1665600      0.1661500      0.1657300      0.1653200      0.1649000      0.1644900    
  0.1726900      0.1726890      0.1723040      0.1719200      0.1719200      0.1719170      0.1716500      0.1711200      0.1711140      0.1711070      0.1710830      0.1710340      0.1700930      0.1690500      0.1690500      0.1687760      0.1686400      0.1686400      0.1683580      0.1682300      0.1682300      0.1678200      0.1674000      0.1669800      0.1665700      0.1661500      0.1657400      0.1653300      0.1649100      0.1645000    
  0.1726900      0.1723050      0.1719200      0.1719200      0.1719180      0.1716520      0.1711200      0.1711170      0.1711140      0.1711010      0.1704210      0.1694400      0.1691790      0.1690490      0.1690490      0.1690500      0.1687740      0.1686400      0.1686400      0.1683330      0.1682300      0.1678200      0.1674000      0.1669900      0.1665700      0.1661600      0.1657500      0.1653300      0.1649200      0.1645100    
  0.1723050      0.1719200      0.1719200      0.1719190      0.1716530      0.1711200      0.1711180      0.1711170      0.1711110      0.1703030      0.1694400      0.1694400      0.1694400      0.1691790      0.1690490      0.1690490      0.1690500      0.1687670      0.1686400      0.1686400      0.1682300      0.1678100      0.1674000      0.1669900      0.1665700      0.1661600      0.1657500      0.1653400      0.1649300      0.1645200    
  0.1719200      0.1719200      0.1719200      0.1716530      0.1711200      0.1711190      0.1711180      0.1707940      0.1702280      0.1694400      0.1694400      0.1694400      0.1694400      0.1694400      0.1691780      0.1690480      0.1690480      0.1690500      0.1687400      0.1686400      0.1682200      0.1678100      0.1674000      0.1669800      0.1665700      0.1661600      0.1657500      0.1653500      0.1649400      0.1645300    
  0.1719200      0.1719200      0.1716530      0.1711200      0.1711200      0.1707720      0.1702500      0.1700400      0.1698300      0.1695700      0.1694400      0.1694400      0.1694400      0.1694400      0.1694400      0.1691740      0.1690450      0.1690450      0.1690500      0.1686300      0.1682200      0.1678100      0.1673900      0.1669800      0.1665700      0.1661600      0.1657600      0.1653500      0.1649500      0.1645400    
  0.1719200      0.1716530      0.1711200      0.1711200      0.1707020      0.1702500      0.1702500      0.1702500      0.1700400      0.1698300      0.1695700      0.1694400      0.1694400      0.1694400      0.1694400      0.1694400      0.1691650      0.1690400      0.1690400      0.1686300      0.1682100      0.1678000      0.1673900      0.1669800      0.1665700      0.1661600      0.1657600      0.1653600      0.1649500      0.1645500    
