iMOD/TUTORIALS/TUT_MetaswapAnalyser/model_MetaSWAP/meteo/Evaporation/Evaporation_20051128_L1.ASC
NCOLS                30
NROWS                30
XLLCORNER     160000.00
YLLCORNER     340000.00
CELLSIZE        1000.00
NODATA_VALUE   -9999.00
  0.1653000      0.1636900      0.1620900      0.1604900      0.1589000      0.1573100      0.1557300      0.1541600      0.1526000      0.1510400      0.1494900      0.1479600      0.1464300      0.1449100      0.1434100      0.1419100      0.1404300      0.1389600      0.1375000      0.1360600      0.1346300      0.1332100      0.1318000      0.1304100      0.1290400      0.1276800      0.1263300      0.1250000      0.1236800      0.1223800    
  0.1641100      0.1625100      0.1609200      0.1593300      0.1577500      0.1561800      0.1546100      0.1530400      0.1514900      0.1499400      0.1484000      0.1468700      0.1453500      0.1438400      0.1423500      0.1408600      0.1393800      0.1379200      0.1364700      0.1350300      0.1336100      0.1322000      0.1308000      0.1294200      0.1280500      0.1266900      0.1253500      0.1240200      0.1227100      0.1214100    
  0.1629200      0.1613300      0.1597500      0.1581800      0.1566000      0.1550400      0.1534800      0.1519200      0.1503800      0.1488400      0.1473100      0.1457900      0.1442800      0.1427800      0.1412900      0.1398100      0.1383400      0.1368800      0.1354400      0.1340100      0.1325900      0.1311900      0.1297900      0.1284200      0.1270500      0.1257000      0.1243700      0.1230400      0.1217300      0.1204400    
  0.1617300      0.1601500      0.1585800      0.1570100      0.1554500      0.1539000      0.1523400      0.1508000      0.1492600      0.1477300      0.1462100      0.1447000      0.1432000      0.1417100      0.1402200      0.1387500      0.1372900      0.1358400      0.1344100      0.1329800      0.1315700      0.1301700      0.1287900      0.1274100      0.1260600      0.1247100      0.1233800      0.1220600      0.1207600      0.1194700    
  0.1605300      0.1589700      0.1574100      0.1558500      0.1543000      0.1527500      0.1512100      0.1496800      0.1481500      0.1466300      0.1451200      0.1436100      0.1421200      0.1406300      0.1391600      0.1377000      0.1362400      0.1348000      0.1333700      0.1319500      0.1305500      0.1291600      0.1277800      0.1264100      0.1250600      0.1237200      0.1223900      0.1210800      0.1197800      0.1185000    
  0.1593400      0.1577900      0.1562400      0.1546900      0.1531500      0.1516100      0.1500800      0.1485500      0.1470300      0.1455200      0.1440200      0.1425200      0.1410400      0.1395600      0.1380900      0.1366400      0.1351900      0.1337600      0.1323300      0.1309200      0.1295300      0.1281400      0.1267700      0.1254100      0.1240600      0.1227200      0.1214000      0.1201000      0.1188000      0.1175200    
  0.1581500      0.1566000      0.1550600      0.1535300      0.1519900      0.1504700      0.1489400      0.1474300      0.1459200      0.1444100      0.1429200      0.1414300      0.1399500      0.1384800      0.1370200      0.1355800      0.1341400      0.1327100      0.1313000      0.1298900      0.1285000      0.1271200      0.1257500      0.1244000      0.1230600      0.1217300      0.1204100      0.1191100      0.1178200      0.1165500    
  0.1569500      0.1554200      0.1538900      0.1523600      0.1508400      0.1493200      0.1478100      0.1463000      0.1448000      0.1433000      0.1418200      0.1403400      0.1388700      0.1374100      0.1359600      0.1345100      0.1330800      0.1316600      0.1302600      0.1288600      0.1274700      0.1261000      0.1247400      0.1233900      0.1220500      0.1207300      0.1194200      0.1181200      0.1168400      0.1155700    
  0.1557500      0.1542300      0.1527100      0.1511900      0.1496800      0.1481700      0.1466700      0.1451700      0.1436800      0.1421900      0.1407100      0.1392400      0.1377800      0.1363300      0.1348800      0.1334500      0.1320300      0.1306100      0.1292100      0.1278200      0.1264400      0.1250800      0.1237200      0.1223800      0.1210500      0.1197300      0.1184300      0.1171400      0.1158600      0.1145900    
  0.1545600      0.1530400      0.1515300      0.1500300      0.1485200      0.1470200      0.1455300      0.1440400      0.1425500      0.1410800      0.1396100      0.1381500      0.1366900      0.1352500      0.1338100      0.1323800      0.1309700      0.1295600      0.1281700      0.1267800      0.1254100      0.1240500      0.1227000      0.1213700      0.1200400      0.1187300      0.1174300      0.1161500      0.1148700      0.1136100    
  0.1545570      0.1530430      0.1508650      0.1488600      0.1473600      0.1458700      0.1443900      0.1429100      0.1414300      0.1399600      0.1385000      0.1370500      0.1356000      0.1341600      0.1327400      0.1313200      0.1299100      0.1285100      0.1271200      0.1257500      0.1243800      0.1230300      0.1216800      0.1203500      0.1190300      0.1177300      0.1164400      0.1151500      0.1138900      0.1126300    
  0.1545570      0.1518310      0.1488600      0.1468650      0.1462000      0.1447200      0.1432500      0.1417700      0.1403100      0.1388500      0.1373900      0.1359500      0.1345100      0.1330800      0.1316600      0.1302500      0.1288500      0.1274600      0.1260800      0.1247000      0.1233500      0.1220000      0.1206600      0.1193400      0.1180300      0.1167200      0.1154400      0.1141600      0.1129000      0.1116500    
  0.1528290      0.1488600      0.1465960      0.1456200      0.1450400      0.1435700      0.1421000      0.1406400      0.1391800      0.1377300      0.1362800      0.1348500      0.1334200      0.1320000      0.1305800      0.1291800      0.1277800      0.1264000      0.1250300      0.1236600      0.1223100      0.1209700      0.1196400      0.1183200      0.1170100      0.1157200      0.1144400      0.1131700      0.1119100      0.1106600    
  0.1488600      0.1464570      0.1453300      0.1450400      0.1436770      0.1424200      0.1409600      0.1395000      0.1380500      0.1366100      0.1351700      0.1337500      0.1323200      0.1309100      0.1295000      0.1281100      0.1267200      0.1253400      0.1239800      0.1226200      0.1212700      0.1199400      0.1186100      0.1173000      0.1160000      0.1147100      0.1134400      0.1121700      0.1109200      0.1096800    
  0.1463850      0.1451850      0.1450400      0.1437120      0.1424200      0.1410630      0.1398100      0.1383700      0.1369300      0.1354900      0.1340600      0.1326400      0.1312300      0.1298200      0.1284200      0.1270300      0.1256500      0.1242800      0.1229200      0.1215700      0.1202300      0.1189000      0.1175900      0.1162800      0.1149900      0.1137000      0.1124300      0.1111700      0.1099300      0.1086900    
  0.1451130      0.1450400      0.1437240      0.1424200      0.1410980      0.1398100      0.1390900      0.1383700      0.1362900      0.1343700      0.1329500      0.1315400      0.1301300      0.1287300      0.1273400      0.1259600      0.1245900      0.1232200      0.1218700      0.1205300      0.1191900      0.1178700      0.1165600      0.1152600      0.1139700      0.1126900      0.1114300      0.1101800      0.1089300      0.1077100    
  0.1450400      0.1437280      0.1424200      0.1411090      0.1398100      0.1394500      0.1390900      0.1370300      0.1343700      0.1336600      0.1317240      0.1304300      0.1290300      0.1276400      0.1262600      0.1248800      0.1235200      0.1221600      0.1208100      0.1194800      0.1181500      0.1168400      0.1155300      0.1142400      0.1129500      0.1116800      0.1104200      0.1091800      0.1079400      0.1067200    
  0.1437290      0.1424200      0.1411130      0.1398100      0.1396300      0.1394500      0.1374850      0.1343700      0.1340150      0.1317930      0.1298800      0.1293300      0.1279300      0.1265500      0.1251700      0.1238100      0.1224500      0.1211000      0.1197600      0.1184300      0.1171100      0.1158000      0.1145000      0.1132100      0.1119400      0.1106700      0.1094200      0.1081800      0.1069400      0.1057300    
  0.1424200      0.1411140      0.1398100      0.1397200      0.1396300      0.1377340      0.1343700      0.1341920      0.1318230      0.1296050      0.1293300      0.1286300      0.1273180      0.1254600      0.1240900      0.1227300      0.1213800      0.1200300      0.1187000      0.1173800      0.1160600      0.1147600      0.1134700      0.1121900      0.1109200      0.1096600      0.1084100      0.1071700      0.1059500      0.1047400    
  0.1411150      0.1398100      0.1397650      0.1397200      0.1378630      0.1343700      0.1342810      0.1318370      0.1294670      0.1293300      0.1289800      0.1276840      0.1254600      0.1247750      0.1240930      0.1227330      0.1213800      0.1200370      0.1175420      0.1163300      0.1150200      0.1137200      0.1124400      0.1111600      0.1099000      0.1086400      0.1074000      0.1061700      0.1049500      0.1037400    
  0.1398100      0.1397870      0.1397650      0.1379300      0.1343700      0.1343260      0.1318430      0.1293990      0.1293300      0.1291550      0.1278640      0.1254600      0.1251170      0.1247760      0.1238670      0.1227360      0.1213830      0.1180060      0.1158000      0.1152700      0.1139700      0.1126800      0.1114000      0.1101300      0.1088800      0.1076300      0.1063900      0.1051700      0.1039500      0.1027500    
  0.1397990      0.1397870      0.1379630      0.1343700      0.1343480      0.1318470      0.1293640      0.1293300      0.1292420      0.1279520      0.1254600      0.1252890      0.1251180      0.1245870      0.1237930      0.1226620      0.1185860      0.1155350      0.1152700      0.1140570      0.1129300      0.1116400      0.1103700      0.1091100      0.1078500      0.1066100      0.1053800      0.1041600      0.1029500      0.1017600    
  0.1397990      0.1379800      0.1343700      0.1343590      0.1318480      0.1293470      0.1293300      0.1292860      0.1279960      0.1254600      0.1253740      0.1252890      0.1249980      0.1244990      0.1236810      0.1185110      0.1154030      0.1152700      0.1128780      0.1118800      0.1111120      0.1106000      0.1093300      0.1080800      0.1068300      0.1056000      0.1043700      0.1031600      0.1019600      0.1007600    
  0.1379880      0.1343700      0.1343640      0.1318490      0.1293390      0.1293300      0.1293080      0.1280180      0.1254600      0.1254170      0.1253740      0.1252200      0.1249290      0.1203170      0.1160460      0.1121100      0.1121100      0.1114420      0.1106550      0.1103050      0.1108300      0.1095600      0.1083000      0.1070500      0.1058100      0.1045800      0.1033600      0.1021500      0.1009600      0.9977000E-01
  0.1343700      0.1343670      0.1318500      0.1293340      0.1293300      0.1293190      0.1280290      0.1254600      0.1254390      0.1254170      0.1253370      0.1251740      0.1173090      0.1080570      0.1080900      0.1093840      0.1088180      0.1089500      0.1094550      0.1097800      0.1097800      0.1085200      0.1072600      0.1060200      0.1047800      0.1035600      0.1023500      0.1011500      0.9996000E-01  0.9878000E-01
  0.1343690      0.1318500      0.1293320      0.1293300      0.1293250      0.1280350      0.1254600      0.1254490      0.1254390      0.1253980      0.1176500      0.1061600      0.1073970      0.1080240      0.1080240      0.1080900      0.1085190      0.1086850      0.1089500      0.1087850      0.1087300      0.1074700      0.1062300      0.1049900      0.1037600      0.1025400      0.1013400      0.1001400      0.9896000E-01  0.9778000E-01
  0.1318500      0.1293310      0.1293300      0.1293270      0.1280370      0.1254600      0.1254550      0.1254490      0.1254290      0.1161610      0.1061600      0.1061600      0.1061600      0.1073480      0.1079570      0.1079570      0.1080900      0.1083500      0.1084200      0.1089500      0.1076800      0.1064300      0.1051900      0.1039600      0.1027400      0.1015200      0.1003200      0.9913000E-01  0.9795000E-01  0.9679000E-01
  0.1293310      0.1293300      0.1293290      0.1280390      0.1254600      0.1254570      0.1254550      0.1196030      0.1133450      0.1061570      0.1061600      0.1061600      0.1061600      0.1061600      0.1072500      0.1078250      0.1078250      0.1080900      0.1079400      0.1078900      0.1066300      0.1053900      0.1041500      0.1029300      0.1017100      0.1005100      0.9931000E-01  0.9813000E-01  0.9695000E-01  0.9579000E-01
  0.1293300      0.1293290      0.1280390      0.1254600      0.1254590      0.1161740      0.1022500      0.1021650      0.1020800      0.1047920      0.1061510      0.1061600      0.1061600      0.1061600      0.1061600      0.1070590      0.1075600      0.1075600      0.1080900      0.1068300      0.1055900      0.1043500      0.1031200      0.1019000      0.1006900      0.9949000E-01  0.9830000E-01  0.9712000E-01  0.9595000E-01  0.9480000E-01
  0.1293300      0.1280400      0.1254600      0.1254590      0.1143170      0.1022480      0.1022480      0.1022500      0.1021650      0.1020800      0.1047770      0.1061340      0.1061600      0.1061600      0.1061600      0.1061600      0.1066920      0.1070300      0.1070300      0.1057800      0.1045400      0.1033000      0.1020800      0.1008700      0.9966000E-01  0.9847000E-01  0.9729000E-01  0.9611000E-01  0.9495000E-01  0.9380000E-01
