iMOD/TUTORIALS/TUT_MetaswapAnalyser/model_MetaSWAP/meteo/Evaporation/Evaporation_20050323_L1.ASC
NCOLS                30
NROWS                30
XLLCORNER     160000.00
YLLCORNER     340000.00
CELLSIZE        1000.00
NODATA_VALUE   -9999.00
   2.321070       2.321790       2.322500       2.323200       2.323880       2.324560       2.325230       2.325880       2.326520       2.327160       2.327770       2.328380       2.328980       2.329560       2.330130       2.330690       2.331240       2.331780       2.332300       2.332820       2.333320       2.333810       2.334290       2.334760       2.335210       2.335660       2.336090       2.336520       2.336930       2.337330    
   2.321430       2.322140       2.322830       2.323520       2.324200       2.324860       2.325520       2.326160       2.326800       2.327420       2.328030       2.328630       2.329220       2.329800       2.330360       2.330920       2.331460       2.332000       2.332520       2.333030       2.333530       2.334020       2.334500       2.334960       2.335420       2.335870       2.336300       2.336730       2.337140       2.337540    
   2.321800       2.322490       2.323170       2.323850       2.324510       2.325170       2.325810       2.326450       2.327070       2.327680       2.328290       2.328880       2.329460       2.330040       2.330600       2.331150       2.331690       2.332220       2.332730       2.333240       2.333740       2.334230       2.334700       2.335170       2.335630       2.336070       2.336510       2.336930       2.337350       2.337750    
   2.322180       2.322850       2.323520       2.324180       2.324830       2.325480       2.326110       2.326730       2.327350       2.327950       2.328550       2.329130       2.329710       2.330270       2.330830       2.331380       2.331910       2.332430       2.332950       2.333450       2.333950       2.334430       2.334910       2.335370       2.335830       2.336270       2.336710       2.337140       2.337550       2.337960    
   2.322560       2.323220       2.323870       2.324520       2.325160       2.325790       2.326410       2.327030       2.327630       2.328230       2.328810       2.329390       2.329960       2.330520       2.331070       2.331610       2.332140       2.332660       2.333170       2.333670       2.334160       2.334640       2.335120       2.335580       2.336030       2.336480       2.336910       2.337340       2.337760       2.338170    
   2.322950       2.323590       2.324230       2.324870       2.325490       2.326110       2.326720       2.327320       2.327920       2.328500       2.329080       2.329650       2.330210       2.330760       2.331300       2.331840       2.332360       2.332880       2.333380       2.333880       2.334370       2.334850       2.335320       2.335780       2.336240       2.336680       2.337120       2.337540       2.337960       2.338370    
   2.323350       2.323980       2.324600       2.325220       2.325830       2.326440       2.327040       2.327630       2.328210       2.328790       2.329350       2.329910       2.330470       2.331010       2.331550       2.332070       2.332590       2.333100       2.333610       2.334100       2.334580       2.335060       2.335530       2.335990       2.336440       2.336890       2.337320       2.337750       2.338170       2.338580    
   2.323750       2.324360       2.324970       2.325580       2.326180       2.326770       2.327350       2.327930       2.328510       2.329070       2.329630       2.330180       2.330730       2.331260       2.331790       2.332310       2.332830       2.333330       2.333830       2.334320       2.334800       2.335270       2.335740       2.336200       2.336650       2.337090       2.337520       2.337950       2.338370       2.338780    
   2.324160       2.324760       2.325350       2.325940       2.326530       2.327110       2.327680       2.328250       2.328810       2.329370       2.329910       2.330460       2.330990       2.331520       2.332040       2.332560       2.333060       2.333560       2.334050       2.334540       2.335020       2.335490       2.335950       2.336410       2.336860       2.337300       2.337730       2.338160       2.338570       2.338990    
   2.324580       2.325160       2.325740       2.326320       2.326890       2.327450       2.328010       2.328570       2.329120       2.329660       2.330200       2.330740       2.331260       2.331780       2.332300       2.332800       2.333300       2.333800       2.334280       2.334760       2.335240       2.335700       2.336160       2.336620       2.337060       2.337500       2.337940       2.338360       2.338780       2.339190    
   2.324580       2.325160       2.325980       2.326700       2.327250       2.327800       2.328350       2.328900       2.329430       2.329970       2.330500       2.331020       2.331540       2.332050       2.332550       2.333050       2.333550       2.334030       2.334520       2.334990       2.335460       2.335920       2.336380       2.336830       2.337280       2.337710       2.338150       2.338570       2.338990       2.339400    
   2.324580       2.325600       2.326700       2.327400       2.327630       2.328160       2.328700       2.329230       2.329760       2.330280       2.330800       2.331310       2.331820       2.332320       2.332820       2.333310       2.333800       2.334280       2.334750       2.335220       2.335690       2.336150       2.336600       2.337050       2.337490       2.337930       2.338360       2.338780       2.339200       2.339610    
   2.325220       2.326700       2.327480       2.327820       2.328010       2.328530       2.329050       2.329570       2.330090       2.330600       2.331100       2.331610       2.332100       2.332600       2.333090       2.333570       2.334050       2.334530       2.335000       2.335460       2.335920       2.336380       2.336830       2.337270       2.337710       2.338140       2.338570       2.338990       2.339410       2.339820    
   2.326700       2.327530       2.327920       2.328010       2.328480       2.328910       2.329420       2.329920       2.330420       2.330920       2.331420       2.331910       2.332400       2.332880       2.333360       2.333840       2.334310       2.334780       2.335240       2.335700       2.336160       2.336610       2.337050       2.337490       2.337930       2.338360       2.338790       2.339210       2.339630       2.340040    
   2.327550       2.327960       2.328010       2.328470       2.328910       2.329370       2.329790       2.330280       2.330770       2.331250       2.331740       2.332220       2.332700       2.333170       2.333640       2.334110       2.334580       2.335040       2.335490       2.335950       2.336400       2.336840       2.337290       2.337720       2.338160       2.338580       2.339010       2.339430       2.339840       2.340250    
   2.327990       2.328010       2.328460       2.328910       2.329360       2.329790       2.330040       2.330280       2.330970       2.331590       2.332070       2.332540       2.333000       2.333470       2.333930       2.334390       2.334850       2.335300       2.335750       2.336200       2.336640       2.337080       2.337520       2.337960       2.338390       2.338810       2.339230       2.339650       2.340070       2.340470    
   2.328010       2.328460       2.328910       2.329350       2.329790       2.329910       2.330040       2.330720       2.331590       2.331830       2.332450       2.332860       2.333320       2.333770       2.334230       2.334680       2.335130       2.335570       2.336020       2.336460       2.336900       2.337330       2.337760       2.338190       2.338620       2.339040       2.339460       2.339880       2.340290       2.340700    
   2.328460       2.328910       2.329350       2.329790       2.329850       2.329910       2.330560       2.331590       2.331710       2.332420       2.333020       2.333190       2.333640       2.334090       2.334530       2.334970       2.335410       2.335850       2.336290       2.336720       2.337150       2.337580       2.338010       2.338440       2.338860       2.339280       2.339700       2.340110       2.340520       2.340930    
   2.328910       2.329350       2.329790       2.329820       2.329850       2.330480       2.331590       2.331650       2.332400       2.333110       2.333190       2.333420       2.333830       2.334400       2.334840       2.335270       2.335700       2.336130       2.336560       2.336990       2.337420       2.337840       2.338270       2.338690       2.339110       2.339520       2.339940       2.340350       2.340760       2.341160    
   2.329350       2.329790       2.329810       2.329820       2.330440       2.331590       2.331620       2.332400       2.333150       2.333190       2.333300       2.333710       2.334400       2.334620       2.334840       2.335270       2.335700       2.336130       2.336900       2.337270       2.337690       2.338110       2.338530       2.338940       2.339360       2.339770       2.340180       2.340590       2.341000       2.341400    
   2.329790       2.329800       2.329810       2.330410       2.331590       2.331600       2.332390       2.333170       2.333190       2.333250       2.333650       2.334400       2.334510       2.334620       2.334910       2.335270       2.335700       2.336740       2.337410       2.337550       2.337970       2.338380       2.338790       2.339200       2.339620       2.340030       2.340430       2.340840       2.341250       2.341650    
   2.329790       2.329800       2.330400       2.331590       2.331600       2.332390       2.333180       2.333190       2.333220       2.333620       2.334400       2.334460       2.334510       2.334680       2.334930       2.335290       2.336550       2.337480       2.337550       2.337920       2.338250       2.338660       2.339070       2.339470       2.339880       2.340290       2.340690       2.341100       2.341500       2.341900    
   2.329790       2.330400       2.331590       2.331590       2.332390       2.333180       2.333190       2.333200       2.333610       2.334400       2.334430       2.334450       2.334550       2.334710       2.334970       2.336560       2.337510       2.337550       2.338250       2.338540       2.338790       2.338940       2.339350       2.339750       2.340150       2.340550       2.340960       2.341360       2.341760       2.342160    
   2.330390       2.331590       2.331590       2.332390       2.333190       2.333190       2.333200       2.333600       2.334400       2.334410       2.334430       2.334480       2.334570       2.336000       2.337300       2.338490       2.338490       2.338680       2.338900       2.338990       2.338840       2.339240       2.339640       2.340030       2.340430       2.340830       2.341230       2.341630       2.342030       2.342420    
   2.331590       2.331590       2.332390       2.333190       2.333190       2.333190       2.333600       2.334400       2.334410       2.334410       2.334440       2.334490       2.336920       2.339780       2.339770       2.339330       2.339470       2.339430       2.339260       2.339150       2.339150       2.339540       2.339930       2.340320       2.340720       2.341110       2.341510       2.341900       2.342300       2.342700    
   2.331590       2.332390       2.333190       2.333190       2.333190       2.333600       2.334400       2.334400       2.334410       2.334420       2.336910       2.340610       2.340070       2.339790       2.339790       2.339770       2.339590       2.339520       2.339430       2.339460       2.339470       2.339850       2.340240       2.340620       2.341010       2.341400       2.341800       2.342190       2.342580       2.342980    
   2.332390       2.333190       2.333190       2.333190       2.333590       2.334400       2.334400       2.334400       2.334410       2.337390       2.340610       2.340610       2.340610       2.340090       2.339820       2.339820       2.339770       2.339640       2.339600       2.339430       2.339800       2.340170       2.340550       2.340930       2.341320       2.341700       2.342090       2.342480       2.342870       2.343270    
   2.333190       2.333190       2.333190       2.333590       2.334400       2.334400       2.334400       2.336450       2.338440       2.340610       2.340610       2.340610       2.340610       2.340610       2.340120       2.339870       2.339870       2.339770       2.339780       2.339770       2.340130       2.340500       2.340870       2.341250       2.341630       2.342010       2.342400       2.342780       2.343170       2.343560    
   2.333190       2.333190       2.333590       2.334400       2.334400       2.337770       2.342830       2.342700       2.342570       2.341270       2.340610       2.340610       2.340610       2.340610       2.340610       2.340190       2.339960       2.339960       2.339770       2.340130       2.340480       2.340840       2.341210       2.341580       2.341950       2.342330       2.342710       2.343100       2.343480       2.343870    
   2.333190       2.333590       2.334400       2.334400       2.338450       2.342830       2.342830       2.342830       2.342700       2.342570       2.341270       2.340620       2.340610       2.340610       2.340610       2.340610       2.340320       2.340150       2.340150       2.340490       2.340840       2.341190       2.341550       2.341910       2.342280       2.342660       2.343040       2.343420       2.343800       2.344190    
