iMOD/TUTORIALS/TUT_MetaswapAnalyser/model_MetaSWAP/meteo/Evaporation/Evaporation_20061106_L1.ASC
NCOLS                30
NROWS                30
XLLCORNER     160000.00
YLLCORNER     340000.00
CELLSIZE        1000.00
NODATA_VALUE   -9999.00
  0.3909100      0.3890300      0.3871600      0.3853000      0.3834400      0.3815900      0.3797500      0.3779100      0.3760900      0.3742700      0.3724600      0.3706600      0.3688600      0.3670800      0.3653000      0.3635400      0.3617800      0.3600400      0.3583000      0.3565700      0.3548600      0.3531500      0.3514500      0.3497600      0.3480900      0.3464200      0.3447600      0.3431100      0.3414800      0.3398500    
  0.3903600      0.3884800      0.3866000      0.3847300      0.3828700      0.3810100      0.3791600      0.3773200      0.3754900      0.3736700      0.3718600      0.3700500      0.3682500      0.3664700      0.3646900      0.3629200      0.3611600      0.3594100      0.3576700      0.3559400      0.3542200      0.3525100      0.3508100      0.3491200      0.3474400      0.3457800      0.3441200      0.3424700      0.3408300      0.3392000    
  0.3898100      0.3879200      0.3860400      0.3841600      0.3822900      0.3804300      0.3785800      0.3767400      0.3749000      0.3730700      0.3712600      0.3694500      0.3676500      0.3658500      0.3640700      0.3623000      0.3605400      0.3587900      0.3570400      0.3553100      0.3535900      0.3518800      0.3501800      0.3484800      0.3468000      0.3451300      0.3434700      0.3418200      0.3401800      0.3385500    
  0.3892600      0.3873700      0.3854800      0.3836000      0.3817200      0.3798600      0.3780000      0.3761500      0.3743100      0.3724800      0.3706600      0.3688400      0.3670400      0.3652400      0.3634600      0.3616800      0.3599200      0.3581600      0.3564200      0.3546800      0.3529600      0.3512400      0.3495400      0.3478500      0.3461600      0.3444900      0.3428300      0.3411800      0.3395400      0.3379100    
  0.3887100      0.3868100      0.3849200      0.3830300      0.3811500      0.3792800      0.3774200      0.3755700      0.3737200      0.3718800      0.3700600      0.3682400      0.3664300      0.3646300      0.3628400      0.3610600      0.3593000      0.3575400      0.3557900      0.3540500      0.3523300      0.3506100      0.3489000      0.3472100      0.3455200      0.3438500      0.3421900      0.3405300      0.3388900      0.3372600    
  0.3881700      0.3862600      0.3843600      0.3824700      0.3805800      0.3787100      0.3768400      0.3749800      0.3731300      0.3712900      0.3694600      0.3676400      0.3658300      0.3640200      0.3622300      0.3604500      0.3586800      0.3569100      0.3551600      0.3534200      0.3516900      0.3499800      0.3482700      0.3465700      0.3448900      0.3432100      0.3415500      0.3398900      0.3382500      0.3366200    
  0.3876200      0.3857100      0.3838000      0.3819100      0.3800200      0.3781300      0.3762600      0.3744000      0.3725400      0.3707000      0.3688600      0.3670400      0.3652200      0.3634100      0.3616200      0.3598300      0.3580600      0.3562900      0.3545400      0.3528000      0.3510600      0.3493400      0.3476300      0.3459400      0.3442500      0.3425700      0.3409100      0.3392500      0.3376100      0.3359800    
  0.3870800      0.3851600      0.3832500      0.3813400      0.3794500      0.3775600      0.3756900      0.3738200      0.3719600      0.3701100      0.3682700      0.3664400      0.3646200      0.3628100      0.3610100      0.3592200      0.3574400      0.3556700      0.3539200      0.3521700      0.3504400      0.3487100      0.3470000      0.3453000      0.3436100      0.3419300      0.3402700      0.3386100      0.3369700      0.3353300    
  0.3865400      0.3846100      0.3827000      0.3807900      0.3788900      0.3769900      0.3751100      0.3732400      0.3713700      0.3695200      0.3676700      0.3658400      0.3640100      0.3622000      0.3604000      0.3586100      0.3568200      0.3550500      0.3532900      0.3515500      0.3498100      0.3480800      0.3463700      0.3446700      0.3429800      0.3413000      0.3396300      0.3379700      0.3363300      0.3346900    
  0.3860000      0.3840700      0.3821400      0.3802300      0.3783200      0.3764300      0.3745400      0.3726600      0.3707900      0.3689300      0.3670800      0.3652400      0.3634100      0.3616000      0.3597900      0.3579900      0.3562100      0.3544400      0.3526700      0.3509200      0.3491800      0.3474600      0.3457400      0.3440400      0.3423400      0.3406600      0.3390000      0.3373400      0.3356900      0.3340600    
  0.3860030      0.3840700      0.3815300      0.3796800      0.3777600      0.3758600      0.3739700      0.3720800      0.3702100      0.3683500      0.3664900      0.3646500      0.3628200      0.3609900      0.3591800      0.3573800      0.3556000      0.3538200      0.3520600      0.3503000      0.3485600      0.3468300      0.3451100      0.3434100      0.3417100      0.3400300      0.3383600      0.3367000      0.3350600      0.3334200    
  0.3860060      0.3828210      0.3796800      0.3778250      0.3772100      0.3753000      0.3734000      0.3715100      0.3696300      0.3677600      0.3659000      0.3640600      0.3622200      0.3603900      0.3585800      0.3567800      0.3549900      0.3532100      0.3514400      0.3496800      0.3479400      0.3462100      0.3444900      0.3427800      0.3410800      0.3394000      0.3377300      0.3360700      0.3344200      0.3327900    
  0.3841130      0.3796800      0.3777710      0.3769300      0.3766500      0.3747400      0.3728300      0.3709400      0.3690600      0.3671800      0.3653200      0.3634700      0.3616300      0.3598000      0.3579800      0.3561700      0.3543800      0.3526000      0.3508200      0.3490700      0.3473200      0.3455900      0.3438600      0.3421600      0.3404600      0.3387700      0.3371000      0.3354400      0.3338000      0.3321600    
  0.3796800      0.3777230      0.3767900      0.3766500      0.3751900      0.3741800      0.3722700      0.3703700      0.3684800      0.3666100      0.3647400      0.3628800      0.3610400      0.3592000      0.3573800      0.3555700      0.3537700      0.3519900      0.3502100      0.3484500      0.3467000      0.3449700      0.3432400      0.3415300      0.3398300      0.3381500      0.3364800      0.3348200      0.3331700      0.3315300    
  0.3776930      0.3767200      0.3766500      0.3753400      0.3741800      0.3727200      0.3717100      0.3698100      0.3679100      0.3660300      0.3641600      0.3623000      0.3604500      0.3586100      0.3567800      0.3549700      0.3531700      0.3513800      0.3496000      0.3478400      0.3460900      0.3443500      0.3426300      0.3409100      0.3392100      0.3375300      0.3358500      0.3341900      0.3325400      0.3309100    
  0.3766850      0.3766500      0.3753900      0.3741800      0.3728700      0.3717100      0.3707600      0.3698100      0.3673030      0.3654600      0.3635800      0.3617200      0.3598600      0.3580200      0.3561900      0.3543700      0.3525700      0.3507800      0.3490000      0.3472300      0.3454800      0.3437400      0.3420100      0.3403000      0.3386000      0.3369100      0.3352300      0.3335700      0.3319200      0.3302900    
  0.3766500      0.3754070      0.3741800      0.3729200      0.3717100      0.3712350      0.3707600      0.3683330      0.3654600      0.3645200      0.3624920      0.3611400      0.3592800      0.3574300      0.3556000      0.3537800      0.3519700      0.3501800      0.3483900      0.3466300      0.3448700      0.3431300      0.3414000      0.3396800      0.3379800      0.3362900      0.3346200      0.3329500      0.3313000      0.3296700    
  0.3754120      0.3741800      0.3729370      0.3717100      0.3714730      0.3712350      0.3689470      0.3654600      0.3649900      0.3627760      0.3608500      0.3605600      0.3587000      0.3568500      0.3550100      0.3531900      0.3513800      0.3495800      0.3477900      0.3460200      0.3442600      0.3425200      0.3407900      0.3390700      0.3373700      0.3356800      0.3340000      0.3323400      0.3306900      0.3290500    
  0.3741800      0.3729420      0.3717100      0.3715910      0.3714730      0.3692790      0.3654600      0.3652250      0.3628980      0.3607050      0.3605600      0.3596300      0.3580950      0.3562700      0.3544300      0.3526000      0.3507900      0.3489900      0.3472000      0.3454200      0.3436600      0.3419200      0.3401800      0.3384700      0.3367600      0.3350700      0.3333900      0.3317300      0.3300800      0.3284400    
  0.3729440      0.3717100      0.3716510      0.3715910      0.3694510      0.3654600      0.3653420      0.3629550      0.3606330      0.3605600      0.3600950      0.3586390      0.3562700      0.3553500      0.3544330      0.3526070      0.3507930      0.3489930      0.3461360      0.3448300      0.3430700      0.3413200      0.3395800      0.3378600      0.3361600      0.3344600      0.3327900      0.3311200      0.3294700      0.3278400    
  0.3717100      0.3716800      0.3716510      0.3695380      0.3654600      0.3654010      0.3629830      0.3605960      0.3605600      0.3603270      0.3588910      0.3562700      0.3558100      0.3553510      0.3541300      0.3526110      0.3507980      0.3469400      0.3445350      0.3442400      0.3424700      0.3407200      0.3389900      0.3372600      0.3355600      0.3338600      0.3321900      0.3305200      0.3288700      0.3272400    
  0.3716950      0.3716800      0.3695820      0.3654600      0.3654310      0.3629960      0.3605780      0.3605600      0.3604440      0.3590120      0.3562700      0.3560400      0.3558100      0.3550970      0.3540310      0.3525130      0.3477950      0.3443880      0.3442400      0.3428630      0.3418800      0.3401300      0.3383900      0.3366700      0.3349600      0.3332700      0.3315900      0.3299200      0.3282700      0.3266400    
  0.3716950      0.3696040      0.3654600      0.3654450      0.3630030      0.3605690      0.3605600      0.3605020      0.3590710      0.3562700      0.3561550      0.3560400      0.3556490      0.3549790      0.3538800      0.3482340      0.3443140      0.3442400      0.3422080      0.3413000      0.3402460      0.3395400      0.3378000      0.3360800      0.3343700      0.3326800      0.3310000      0.3293300      0.3276800      0.3260500    
  0.3696160      0.3654600      0.3654530      0.3630070      0.3605650      0.3605600      0.3605310      0.3591010      0.3562700      0.3562120      0.3561550      0.3559480      0.3555560      0.3515000      0.3470860      0.3425160      0.3425150      0.3416350      0.3406240      0.3404300      0.3407200      0.3389600      0.3372200      0.3354900      0.3337800      0.3320900      0.3304100      0.3287400      0.3270900      0.3254600    
  0.3654600      0.3654560      0.3630080      0.3605620      0.3605600      0.3605450      0.3591150      0.3562700      0.3562410      0.3562120      0.3561050      0.3558860      0.3491870      0.3414730      0.3414900      0.3414170      0.3407200      0.3407900      0.3403100      0.3401430      0.3401400      0.3383800      0.3366400      0.3349100      0.3332000      0.3315100      0.3298300      0.3281600      0.3265100      0.3248800    
  0.3654580      0.3630090      0.3605610      0.3605600      0.3605530      0.3591230      0.3562700      0.3562560      0.3562410      0.3561860      0.3503290      0.3417200      0.3415410      0.3414560      0.3414560      0.3414900      0.3409410      0.3406500      0.3407900      0.3398770      0.3395700      0.3378100      0.3360700      0.3343400      0.3326300      0.3309300      0.3292500      0.3275900      0.3259400      0.3243000    
  0.3630100      0.3605610      0.3605600      0.3605560      0.3591260      0.3562700      0.3562630      0.3562560      0.3562280      0.3492390      0.3417200      0.3417200      0.3417200      0.3415160      0.3414220      0.3414220      0.3414900      0.3408340      0.3405100      0.3407900      0.3390100      0.3372500      0.3355000      0.3337700      0.3320600      0.3303600      0.3286800      0.3270200      0.3253700      0.3237300    
  0.3605600      0.3605600      0.3605580      0.3591280      0.3562700      0.3562660      0.3562630      0.3524620      0.3476750      0.3417190      0.3417200      0.3417200      0.3417200      0.3417200      0.3414650      0.3413550      0.3413550      0.3414900      0.3405480      0.3402300      0.3384500      0.3366900      0.3349400      0.3332100      0.3314900      0.3298000      0.3281200      0.3264500      0.3248000      0.3231700    
  0.3605600      0.3605590      0.3591290      0.3562700      0.3562680      0.3507720      0.3425300      0.3418150      0.3411000      0.3415100      0.3417160      0.3417200      0.3417200      0.3417200      0.3417200      0.3413630      0.3412200      0.3412200      0.3414900      0.3396800      0.3379000      0.3361300      0.3343800      0.3326500      0.3309400      0.3292400      0.3275600      0.3258900      0.3242500      0.3226100    
  0.3605600      0.3591300      0.3562700      0.3562690      0.3496730      0.3425290      0.3425290      0.3425300      0.3418150      0.3411000      0.3415030      0.3417080      0.3417200      0.3417200      0.3417200      0.3417200      0.3411580      0.3409500      0.3409500      0.3391400      0.3373500      0.3355900      0.3338300      0.3321000      0.3303900      0.3286900      0.3270100      0.3253400      0.3237000      0.3220700    
