iMOD/TUTORIALS/TUT_MetaswapAnalyser/model_MetaSWAP/meteo/Evaporation/Evaporation_20050917_L1.ASC
NCOLS                30
NROWS                30
XLLCORNER     160000.00
YLLCORNER     340000.00
CELLSIZE        1000.00
NODATA_VALUE   -9999.00
   2.155040       2.155420       2.155680       2.155820       2.155870       2.155820       2.155670       2.155430       2.155110       2.154710       2.154240       2.153700       2.153100       2.152430       2.151710       2.150940       2.150120       2.149260       2.148360       2.147420       2.146440       2.145440       2.144410       2.143350       2.142270       2.141170       2.140050       2.138920       2.137770       2.136620    
   2.155550       2.155940       2.156220       2.156400       2.156470       2.156450       2.156330       2.156120       2.155840       2.155470       2.155030       2.154520       2.153950       2.153320       2.152630       2.151890       2.151110       2.150280       2.149400       2.148490       2.147550       2.146570       2.145570       2.144540       2.143490       2.142410       2.141320       2.140220       2.139100       2.137960    
   2.156000       2.156410       2.156720       2.156920       2.157020       2.157020       2.156940       2.156760       2.156510       2.156170       2.155770       2.155290       2.154750       2.154150       2.153500       2.152790       2.152040       2.151240       2.150390       2.149510       2.148600       2.147650       2.146680       2.145680       2.144650       2.143610       2.142540       2.141460       2.140370       2.139260    
   2.156410       2.156850       2.157170       2.157400       2.157520       2.157550       2.157490       2.157350       2.157130       2.156820       2.156450       2.156010       2.155500       2.154930       2.154310       2.153630       2.152910       2.152140       2.151330       2.150480       2.149600       2.148680       2.147730       2.146760       2.145760       2.144740       2.143710       2.142650       2.141580       2.140500    
   2.156790       2.157230       2.157580       2.157830       2.157980       2.158040       2.158010       2.157890       2.157690       2.157420       2.157080       2.156670       2.156190       2.155660       2.155070       2.154420       2.153730       2.152990       2.152210       2.151390       2.150540       2.149650       2.148730       2.147790       2.146820       2.145830       2.144820       2.143790       2.142750       2.141700    
   2.157120       2.157580       2.157950       2.158220       2.158390       2.158480       2.158470       2.158380       2.158220       2.157980       2.157660       2.157280       2.156840       2.156330       2.155770       2.155160       2.154500       2.153790       2.153040       2.152250       2.151430       2.150570       2.149690       2.148770       2.147830       2.146870       2.145890       2.144890       2.143870       2.142840    
   2.157420       2.157900       2.158280       2.158570       2.158770       2.158870       2.158890       2.158830       2.158700       2.158480       2.158200       2.157850       2.157430       2.156960       2.156430       2.155850       2.155220       2.154540       2.153820       2.153070       2.152270       2.151450       2.150590       2.149700       2.148790       2.147860       2.146900       2.145930       2.144940       2.143940    
   2.157680       2.158170       2.158580       2.158880       2.159100       2.159230       2.159280       2.159240       2.159130       2.158950       2.158690       2.158370       2.157990       2.157540       2.157040       2.156490       2.155890       2.155250       2.154560       2.153830       2.153070       2.152270       2.151440       2.150580       2.149700       2.148800       2.147870       2.146920       2.145960       2.144990    
   2.157910       2.158420       2.158840       2.159160       2.159400       2.159550       2.159620       2.159610       2.159530       2.159370       2.159140       2.158850       2.158490       2.158080       2.157610       2.157090       2.156520       2.155900       2.155250       2.154550       2.153820       2.153050       2.152250       2.151420       2.150570       2.149690       2.148790       2.147880       2.146940       2.145990    
   2.158110       2.158630       2.159060       2.159410       2.159660       2.159840       2.159930       2.159940       2.159880       2.159750       2.159550       2.159290       2.158960       2.158580       2.158140       2.157650       2.157110       2.156520       2.155890       2.155220       2.154520       2.153780       2.153010       2.152210       2.151390       2.150540       2.149670       2.148780       2.147870       2.146950    
   2.158080       2.158600       2.159180       2.159620       2.159900       2.160090       2.160200       2.160240       2.160210       2.160100       2.159930       2.159690       2.159390       2.159030       2.158620       2.158160       2.157650       2.157090       2.156490       2.155860       2.155180       2.154470       2.153730       2.152960       2.152170       2.151350       2.150500       2.149640       2.148760       2.147870    
   2.158050       2.158870       2.159620       2.159970       2.160100       2.160310       2.160450       2.160510       2.160490       2.160410       2.160260       2.160050       2.159780       2.159450       2.159070       2.158630       2.158150       2.157620       2.157060       2.156450       2.155800       2.155120       2.154410       2.153670       2.152900       2.152110       2.151300       2.150460       2.149610       2.148740    
   2.158490       2.159620       2.160010       2.160180       2.160270       2.160500       2.160660       2.160740       2.160750       2.160690       2.160570       2.160380       2.160140       2.159830       2.159480       2.159070       2.158620       2.158120       2.157580       2.157000       2.156380       2.155730       2.155050       2.154340       2.153600       2.152830       2.152050       2.151240       2.150420       2.149580    
   2.159620       2.160030       2.160230       2.160270       2.160480       2.160660       2.160840       2.160940       2.160970       2.160940       2.160840       2.160680       2.160460       2.160180       2.159850       2.159470       2.159050       2.158580       2.158060       2.157510       2.156920       2.156300       2.155650       2.154960       2.154250       2.153520       2.152760       2.151980       2.151190       2.150370    
   2.160040       2.160250       2.160270       2.160470       2.160660       2.160830       2.160990       2.161110       2.161170       2.161150       2.161080       2.160940       2.160740       2.160490       2.160190       2.159840       2.159440       2.159000       2.158510       2.157990       2.157430       2.156830       2.156210       2.155550       2.154870       2.154170       2.153440       2.152690       2.151920       2.151130    
   2.160260       2.160270       2.160470       2.160660       2.160830       2.160990       2.161050       2.161090       2.161190       2.161340       2.161290       2.161170       2.161000       2.160780       2.160500       2.160170       2.159800       2.159380       2.158930       2.158430       2.157900       2.157330       2.156740       2.156110       2.155450       2.154780       2.154070       2.153350       2.152610       2.151850    
   2.160270       2.160470       2.160660       2.160830       2.160990       2.161020       2.161040       2.161170       2.161340       2.161310       2.161350       2.161380       2.161230       2.161030       2.160780       2.160480       2.160130       2.159740       2.159310       2.158840       2.158340       2.157800       2.157230       2.156630       2.156000       2.155350       2.154680       2.153980       2.153270       2.152540    
   2.160470       2.160660       2.160830       2.160990       2.161010       2.161020       2.161140       2.161340       2.161330       2.161410       2.161470       2.161560       2.161430       2.161250       2.161030       2.160750       2.160430       2.160060       2.159660       2.159220       2.158740       2.158230       2.157690       2.157110       2.156520       2.155890       2.155250       2.154580       2.153890       2.153190    
   2.160660       2.160830       2.160990       2.161000       2.161000       2.161130       2.161340       2.161330       2.161430       2.161510       2.161560       2.161490       2.161420       2.161450       2.161250       2.160990       2.160700       2.160360       2.159980       2.159560       2.159110       2.158630       2.158110       2.157570       2.157000       2.156400       2.155780       2.155140       2.154480       2.153800    
   2.160830       2.160990       2.160990       2.161000       2.161120       2.161340       2.161340       2.161440       2.161540       2.161560       2.161530       2.161480       2.161450       2.161350       2.161230       2.160980       2.160680       2.160350       2.159990       2.159880       2.159460       2.159000       2.158510       2.157990       2.157450       2.156880       2.156290       2.155670       2.155040       2.154390    
   2.160990       2.160990       2.160990       2.161110       2.161340       2.161340       2.161450       2.161550       2.161560       2.161540       2.161500       2.161450       2.161400       2.161340       2.161190       2.160960       2.160670       2.160240       2.160030       2.160170       2.159770       2.159340       2.158880       2.158380       2.157870       2.157330       2.156760       2.156170       2.155570       2.154950    
   2.160990       2.160990       2.161110       2.161340       2.161340       2.161450       2.161550       2.161560       2.161550       2.161510       2.161450       2.161420       2.161400       2.161310       2.161160       2.160940       2.160430       2.160100       2.160170       2.160000       2.160060       2.159650       2.159220       2.158750       2.158260       2.157740       2.157210       2.156650       2.156070       2.155470    
   2.160990       2.161110       2.161340       2.161340       2.161450       2.161560       2.161560       2.161560       2.161520       2.161450       2.161440       2.161420       2.161380       2.161290       2.161140       2.160690       2.160130       2.160170       2.160290       2.160310       2.160080       2.159940       2.159530       2.159090       2.158630       2.158140       2.157620       2.157090       2.156540       2.155970    
   2.161110       2.161340       2.161340       2.161450       2.161560       2.161560       2.161560       2.161520       2.161450       2.161440       2.161440       2.161410       2.161360       2.161410       2.161190       2.160780       2.160790       2.160680       2.160580       2.160670       2.160560       2.160200       2.159820       2.159400       2.158960       2.158500       2.158020       2.157510       2.156980       2.156440    
   2.161340       2.161340       2.161450       2.161560       2.161560       2.161560       2.161520       2.161450       2.161450       2.161440       2.161430       2.161400       2.161570       2.161830       2.161830       2.161400       2.161420       2.161400       2.160980       2.160770       2.160780       2.160440       2.160080       2.159690       2.159280       2.158840       2.158380       2.157900       2.157400       2.156890    
   2.161340       2.161450       2.161560       2.161560       2.161560       2.161520       2.161450       2.161450       2.161450       2.161440       2.161700       2.162110       2.161930       2.161830       2.161830       2.161830       2.161560       2.161430       2.161400       2.161070       2.160970       2.160660       2.160320       2.159960       2.159570       2.159160       2.158730       2.158270       2.157800       2.157310    
   2.161450       2.161560       2.161560       2.161560       2.161520       2.161450       2.161450       2.161450       2.161450       2.161760       2.162110       2.162110       2.162110       2.161930       2.161840       2.161840       2.161830       2.161570       2.161470       2.161400       2.161140       2.160860       2.160540       2.160200       2.159840       2.159450       2.159050       2.158620       2.158170       2.157710    
   2.161560       2.161560       2.161560       2.161520       2.161450       2.161450       2.161450       2.161610       2.161830       2.162110       2.162110       2.162110       2.162110       2.162110       2.161940       2.161850       2.161850       2.161830       2.161600       2.161530       2.161300       2.161030       2.160740       2.160430       2.160090       2.159730       2.159340       2.158940       2.158520       2.158080    
   2.161560       2.161560       2.161520       2.161450       2.161450       2.161670       2.162010       2.162060       2.162100       2.162110       2.162110       2.162110       2.162110       2.162110       2.162110       2.161950       2.161870       2.161870       2.161830       2.161650       2.161430       2.161190       2.160920       2.160630       2.160320       2.159980       2.159620       2.159250       2.158850       2.158440    
   2.161560       2.161520       2.161450       2.161450       2.161720       2.162010       2.162010       2.162010       2.162060       2.162100       2.162110       2.162110       2.162110       2.162110       2.162110       2.162110       2.161970       2.161900       2.161910       2.161740       2.161550       2.161330       2.161090       2.160820       2.160530       2.160220       2.159880       2.159530       2.159160       2.158770    
