iMOD/TUTORIALS/TUT_MetaswapAnalyser/model_MetaSWAP/meteo/Evaporation/Evaporation_20051028_L1.ASC
NCOLS                30
NROWS                30
XLLCORNER     160000.00
YLLCORNER     340000.00
CELLSIZE        1000.00
NODATA_VALUE   -9999.00
   1.080990       1.085280       1.089560       1.093850       1.098150       1.102440       1.106730       1.111010       1.115300       1.119570       1.123840       1.128110       1.132360       1.136610       1.140840       1.145070       1.149280       1.153480       1.157660       1.161830       1.165980       1.170120       1.174250       1.178360       1.182450       1.186520       1.190580       1.194620       1.198640       1.202650    
   1.082550       1.086820       1.091110       1.095390       1.099680       1.103960       1.108250       1.112530       1.116810       1.121080       1.125340       1.129600       1.133850       1.138090       1.142320       1.146540       1.150750       1.154940       1.159130       1.163290       1.167440       1.171580       1.175700       1.179810       1.183900       1.187970       1.192020       1.196060       1.200080       1.204090    
   1.084110       1.088380       1.092660       1.096940       1.101220       1.105500       1.109780       1.114050       1.118330       1.122590       1.126860       1.131110       1.135350       1.139590       1.143820       1.148030       1.152230       1.156430       1.160600       1.164770       1.168920       1.173050       1.177170       1.181270       1.185360       1.189430       1.193480       1.197510       1.201530       1.205530    
   1.085680       1.089950       1.094220       1.098500       1.102770       1.107050       1.111320       1.115590       1.119860       1.124120       1.128380       1.132630       1.136870       1.141100       1.145320       1.149530       1.153730       1.157920       1.162090       1.166250       1.170400       1.174530       1.178640       1.182740       1.186820       1.190890       1.194940       1.198970       1.202990       1.206990    
   1.087260       1.091530       1.095800       1.100070       1.104340       1.108610       1.112870       1.117140       1.121400       1.125660       1.129910       1.134150       1.138390       1.142620       1.146830       1.151040       1.155230       1.159420       1.163590       1.167740       1.171880       1.176010       1.180120       1.184220       1.188300       1.192360       1.196410       1.200440       1.204460       1.208450    
   1.088860       1.093120       1.097380       1.101640       1.105910       1.110170       1.114440       1.118700       1.122950       1.127200       1.131450       1.135690       1.139920       1.144140       1.148360       1.152560       1.156750       1.160930       1.165090       1.169240       1.173380       1.177510       1.181620       1.185710       1.189790       1.193850       1.197890       1.201920       1.205930       1.209930    
   1.090460       1.094710       1.098970       1.103230       1.107490       1.111750       1.116010       1.120260       1.124510       1.128760       1.133000       1.137240       1.141460       1.145680       1.149890       1.154090       1.158270       1.162450       1.166610       1.170760       1.174890       1.179010       1.183120       1.187210       1.191280       1.195340       1.199380       1.203400       1.207410       1.211400    
   1.092060       1.096310       1.100570       1.104820       1.109080       1.113330       1.117590       1.121840       1.126080       1.130330       1.134560       1.138790       1.143010       1.147230       1.151430       1.155620       1.159800       1.163970       1.168130       1.172280       1.176410       1.180520       1.184620       1.188710       1.192780       1.196840       1.200870       1.204900       1.208900       1.212890    
   1.093680       1.097930       1.102170       1.106430       1.110680       1.114930       1.119170       1.123420       1.127660       1.131900       1.136130       1.140360       1.144570       1.148780       1.152980       1.157170       1.161350       1.165510       1.169660       1.173810       1.177930       1.182040       1.186140       1.190220       1.194290       1.198340       1.202380       1.206400       1.210400       1.214380    
   1.095300       1.099550       1.103790       1.108030       1.112280       1.116530       1.120770       1.125010       1.129250       1.133480       1.137710       1.141930       1.146140       1.150340       1.154540       1.158720       1.162900       1.167060       1.171210       1.175340       1.179460       1.183570       1.187670       1.191740       1.195810       1.199860       1.203890       1.207900       1.211900       1.215880    
   1.095310       1.099550       1.105260       1.109650       1.113890       1.118130       1.122370       1.126610       1.130840       1.135070       1.139290       1.143510       1.147720       1.151910       1.156100       1.160280       1.164450       1.168610       1.172750       1.176890       1.181000       1.185110       1.189200       1.193270       1.197330       1.201380       1.205400       1.209410       1.213410       1.217390    
   1.095310       1.102440       1.109650       1.114050       1.115510       1.119750       1.123980       1.128220       1.132440       1.136670       1.140880       1.145090       1.149300       1.153490       1.157680       1.161850       1.166020       1.170170       1.174310       1.178440       1.182550       1.186650       1.190740       1.194810       1.198860       1.202900       1.206930       1.210930       1.214930       1.218900    
   1.099620       1.109650       1.114290       1.116330       1.117140       1.121370       1.125600       1.129830       1.134050       1.138270       1.142480       1.146690       1.150890       1.155080       1.159260       1.163430       1.167590       1.171740       1.175870       1.180000       1.184110       1.188200       1.192280       1.196350       1.200400       1.204440       1.208460       1.212460       1.216450       1.220420    
   1.109650       1.114450       1.116730       1.117140       1.120500       1.123000       1.127220       1.131450       1.135660       1.139880       1.144090       1.148290       1.152480       1.156670       1.160850       1.165010       1.169170       1.173310       1.177440       1.181560       1.185670       1.189760       1.193840       1.197900       1.201940       1.205980       1.209990       1.213990       1.217970       1.221940    
   1.114540       1.116940       1.117140       1.120210       1.123000       1.126360       1.128850       1.133070       1.137280       1.141490       1.145700       1.149900       1.154090       1.158270       1.162440       1.166600       1.170750       1.174890       1.179020       1.183130       1.187240       1.191320       1.195390       1.199450       1.203490       1.207520       1.211530       1.215530       1.219510       1.223470    
   1.117040       1.117140       1.120120       1.123000       1.126070       1.128850       1.130960       1.133070       1.138740       1.143120       1.147320       1.151510       1.155690       1.159870       1.164040       1.168200       1.172340       1.176480       1.180600       1.184710       1.188810       1.192890       1.196960       1.201010       1.205050       1.209070       1.213080       1.217070       1.221040       1.225000    
   1.117140       1.120090       1.123000       1.125970       1.128850       1.129900       1.130960       1.136470       1.143120       1.145220       1.149970       1.153130       1.157310       1.161480       1.165640       1.169800       1.173940       1.178070       1.182190       1.186300       1.190390       1.194470       1.198530       1.202580       1.206610       1.210630       1.214630       1.218620       1.222590       1.226540    
   1.120080       1.123000       1.125940       1.128850       1.129380       1.129900       1.135110       1.143120       1.144170       1.149400       1.153940       1.154750       1.158930       1.163100       1.167250       1.171400       1.175540       1.179670       1.183780       1.187880       1.191970       1.196040       1.200100       1.204150       1.208180       1.212190       1.216190       1.220170       1.224130       1.228080    
   1.123000       1.125930       1.128850       1.129110       1.129380       1.134380       1.143120       1.143650       1.149160       1.154350       1.154750       1.156840       1.160370       1.164710       1.168870       1.173010       1.177150       1.181270       1.185380       1.189480       1.193560       1.197630       1.201680       1.205720       1.209750       1.213760       1.217750       1.221720       1.225680       1.229630    
   1.125930       1.128850       1.128980       1.129110       1.134000       1.143120       1.143380       1.149040       1.154550       1.154750       1.155790       1.159170       1.164710       1.166790       1.168860       1.173010       1.177140       1.181270       1.187980       1.191070       1.195150       1.199220       1.203270       1.207300       1.211320       1.215320       1.219310       1.223280       1.227240       1.231180    
   1.128850       1.128920       1.128980       1.133800       1.143120       1.143250       1.148990       1.154650       1.154750       1.155270       1.158610       1.164710       1.165750       1.166790       1.169550       1.173010       1.177140       1.186190       1.191870       1.192680       1.196750       1.200810       1.204860       1.208890       1.212900       1.216900       1.220880       1.224850       1.228800       1.232730    
   1.128880       1.128920       1.133710       1.143120       1.143190       1.148960       1.154700       1.154750       1.155010       1.158330       1.164710       1.165230       1.165750       1.167360       1.169780       1.173230       1.184260       1.192280       1.192680       1.195930       1.198350       1.202410       1.206450       1.210470       1.214480       1.218470       1.222450       1.226410       1.230360       1.234290    
   1.128880       1.133660       1.143120       1.143150       1.148950       1.154720       1.154750       1.154880       1.158200       1.164710       1.164970       1.165230       1.166110       1.167630       1.170130       1.183450       1.192480       1.192680       1.197730       1.199950       1.202390       1.204010       1.208040       1.212060       1.216070       1.220050       1.224030       1.227980       1.231920       1.235850    
   1.133630       1.143120       1.143140       1.148940       1.154740       1.154750       1.154820       1.158140       1.164710       1.164840       1.164970       1.165440       1.166330       1.176350       1.186870       1.197520       1.197520       1.199520       1.201830       1.202360       1.201560       1.205610       1.209640       1.213650       1.217650       1.221640       1.225600       1.229550       1.233490       1.237410    
   1.143120       1.143130       1.148940       1.154740       1.154750       1.154780       1.158100       1.164710       1.164780       1.164840       1.165080       1.165580       1.182270       1.201580       1.201530       1.200980       1.202550       1.202350       1.203010       1.203170       1.203170       1.207210       1.211240       1.215250       1.219240       1.223220       1.227180       1.231130       1.235060       1.238970    
   1.143120       1.148940       1.154750       1.154750       1.154770       1.158090       1.164710       1.164740       1.164780       1.164900       1.180040       1.202340       1.201880       1.201630       1.201630       1.201530       1.202310       1.202750       1.202350       1.204170       1.204780       1.208820       1.212840       1.216840       1.220830       1.224810       1.228760       1.232700       1.236630       1.240530    
   1.148940       1.154750       1.154750       1.154760       1.158080       1.164710       1.164730       1.164740       1.164810       1.182880       1.202340       1.202340       1.202340       1.201950       1.201730       1.201730       1.201530       1.202600       1.203160       1.202350       1.206390       1.210430       1.214440       1.218440       1.222430       1.226390       1.230340       1.234280       1.238200       1.242100    
   1.154750       1.154750       1.154750       1.158070       1.164710       1.164720       1.164730       1.175160       1.187470       1.202340       1.202340       1.202340       1.202340       1.202340       1.202100       1.201940       1.201940       1.201530       1.203360       1.203970       1.208010       1.212040       1.216050       1.220040       1.224020       1.227980       1.231930       1.235850       1.239770       1.243660    
   1.154750       1.154750       1.158070       1.164710       1.164710       1.180390       1.203890       1.205130       1.206360       1.203690       1.202350       1.202340       1.202340       1.202340       1.202340       1.202400       1.202340       1.202340       1.201530       1.205580       1.209620       1.213640       1.217650       1.221640       1.225610       1.229570       1.233510       1.237430       1.241340       1.245220    
   1.154750       1.158070       1.164710       1.164710       1.183520       1.203890       1.203890       1.203890       1.205130       1.206360       1.203710       1.202380       1.202340       1.202340       1.202340       1.202340       1.203000       1.203150       1.203150       1.207200       1.211240       1.215250       1.219260       1.223240       1.227210       1.231160       1.235090       1.239010       1.242910       1.246790    
