iMOD/TUTORIALS/TUT_MetaswapAnalyser/model_MetaSWAP/meteo/Evaporation/Evaporation_20061108_L1.ASC
NCOLS                30
NROWS                30
XLLCORNER     160000.00
YLLCORNER     340000.00
CELLSIZE        1000.00
NODATA_VALUE   -9999.00
  0.4016200      0.4013000      0.4009600      0.4006000      0.4002100      0.3998000      0.3993700      0.3989100      0.3984400      0.3979400      0.3974300      0.3969000      0.3963500      0.3957800      0.3952000      0.3946100      0.3940000      0.3933700      0.3927300      0.3920800      0.3914200      0.3907500      0.3900700      0.3893800      0.3886700      0.3879600      0.3872400      0.3865100      0.3857800      0.3850400    
  0.4020500      0.4017300      0.4013900      0.4010300      0.4006400      0.4002300      0.3997900      0.3993400      0.3988600      0.3983700      0.3978600      0.3973200      0.3967800      0.3962100      0.3956300      0.3950400      0.3944300      0.3938100      0.3931700      0.3925300      0.3918700      0.3912000      0.3905200      0.3898300      0.3891300      0.3884200      0.3877000      0.3869800      0.3862500      0.3855100    
  0.4024600      0.4021500      0.4018000      0.4014400      0.4010500      0.4006300      0.4002000      0.3997400      0.3992700      0.3987800      0.3982600      0.3977400      0.3971900      0.3966300      0.3960500      0.3954600      0.3948500      0.3942300      0.3936000      0.3929500      0.3923000      0.3916300      0.3909500      0.3902700      0.3895700      0.3888600      0.3881500      0.3874300      0.3867000      0.3859700    
  0.4028700      0.4025400      0.4022000      0.4018300      0.4014400      0.4010200      0.4005900      0.4001400      0.3996600      0.3991700      0.3986600      0.3981300      0.3975900      0.3970200      0.3964500      0.3958600      0.3952500      0.3946400      0.3940100      0.3933600      0.3927100      0.3920500      0.3913700      0.3906900      0.3900000      0.3892900      0.3885800      0.3878700      0.3871400      0.3864100    
  0.4032500      0.4029300      0.4025800      0.4022100      0.4018200      0.4014000      0.4009700      0.4005100      0.4000400      0.3995500      0.3990400      0.3985100      0.3979700      0.3974100      0.3968300      0.3962400      0.3956400      0.3950300      0.3944000      0.3937600      0.3931100      0.3924500      0.3917800      0.3911000      0.3904100      0.3897100      0.3890000      0.3882900      0.3875700      0.3868400    
  0.4036300      0.4033000      0.4029500      0.4025700      0.4021800      0.4017700      0.4013300      0.4008800      0.4004000      0.3999100      0.3994000      0.3988800      0.3983300      0.3977800      0.3972000      0.3966200      0.3960200      0.3954000      0.3947800      0.3941400      0.3934900      0.3928400      0.3921700      0.3914900      0.3908000      0.3901100      0.3894100      0.3887000      0.3879800      0.3872600    
  0.4039900      0.4036600      0.4033000      0.4029300      0.4025300      0.4021200      0.4016800      0.4012200      0.4007500      0.4002600      0.3997500      0.3992300      0.3986900      0.3981300      0.3975600      0.3969700      0.3963800      0.3957700      0.3951400      0.3945100      0.3938600      0.3932100      0.3925400      0.3918700      0.3911900      0.3905000      0.3898000      0.3890900      0.3883800      0.3876600    
  0.4043400      0.4040000      0.4036500      0.4032700      0.4028700      0.4024500      0.4020200      0.4015600      0.4010900      0.4006000      0.4000900      0.3995600      0.3990200      0.3984700      0.3979000      0.3973200      0.3967200      0.3961100      0.3955000      0.3948600      0.3942200      0.3935700      0.3929100      0.3922400      0.3915600      0.3908700      0.3901800      0.3894700      0.3887700      0.3880500    
  0.4046800      0.4043400      0.4039800      0.4036000      0.4032000      0.4027800      0.4023400      0.4018800      0.4014100      0.4009200      0.4004100      0.3998900      0.3993500      0.3988000      0.3982300      0.3976500      0.3970600      0.3964500      0.3958300      0.3952100      0.3945700      0.3939200      0.3932600      0.3925900      0.3919200      0.3912300      0.3905400      0.3898400      0.3891400      0.3884300    
  0.4050000      0.4046600      0.4043000      0.4039100      0.4035100      0.4030900      0.4026500      0.4022000      0.4017200      0.4012300      0.4007300      0.4002000      0.3996700      0.3991100      0.3985500      0.3979700      0.3973800      0.3967700      0.3961600      0.3955300      0.3949000      0.3942500      0.3936000      0.3929300      0.3922600      0.3915800      0.3909000      0.3902000      0.3895000      0.3888000    
  0.4049970      0.4046530      0.4042720      0.4042200      0.4038200      0.4034000      0.4029600      0.4025000      0.4020200      0.4015300      0.4010300      0.4005100      0.3999700      0.3994200      0.3988500      0.3982800      0.3976900      0.3970900      0.3964700      0.3958500      0.3952200      0.3945800      0.3939300      0.3932700      0.3926000      0.3919200      0.3912400      0.3905500      0.3898500      0.3891500    
  0.4049900      0.4045360      0.4042200      0.4041370      0.4041100      0.4036900      0.4032500      0.4027900      0.4023100      0.4018200      0.4013200      0.4008000      0.4002600      0.3997100      0.3991500      0.3985700      0.3979900      0.3973900      0.3967800      0.3961600      0.3955300      0.3948900      0.3942400      0.3935800      0.3929200      0.3922500      0.3915700      0.3908800      0.3901900      0.3895000    
  0.4047650      0.4042200      0.4042530      0.4042550      0.4044000      0.4039700      0.4035300      0.4030700      0.4025900      0.4021000      0.4016000      0.4010800      0.4005400      0.3999900      0.3994300      0.3988600      0.3982700      0.3976800      0.3970700      0.3964500      0.3958300      0.3951900      0.3945500      0.3938900      0.3932300      0.3925600      0.3918900      0.3912100      0.3905200      0.3898300    
  0.4042200      0.4043000      0.4043280      0.4044000      0.4042070      0.4042500      0.4038000      0.4033400      0.4028700      0.4023700      0.4018700      0.4013500      0.4008100      0.4002700      0.3997100      0.3991300      0.3985500      0.3979600      0.3973500      0.3967400      0.3961100      0.3954800      0.3948400      0.3941900      0.3935300      0.3928700      0.3922000      0.3915200      0.3908400      0.3901500    
  0.4043210      0.4043640      0.4044000      0.4042860      0.4042500      0.4040400      0.4040700      0.4036000      0.4031300      0.4026300      0.4021300      0.4016100      0.4010800      0.4005300      0.3999700      0.3994000      0.3988200      0.3982300      0.3976200      0.3970100      0.3963900      0.3957600      0.3951200      0.3944800      0.3938300      0.3931700      0.3925000      0.3918300      0.3911500      0.3904700    
  0.4043820      0.4044000      0.4043120      0.4042500      0.4041200      0.4040700      0.4038350      0.4036000      0.4030620      0.4028900      0.4023800      0.4018600      0.4013300      0.4007800      0.4002300      0.3996600      0.3990800      0.3984900      0.3978900      0.3972800      0.3966600      0.3960300      0.3954000      0.3947600      0.3941100      0.3934500      0.3927900      0.3921200      0.3914500      0.3907700    
  0.4044000      0.4043210      0.4042500      0.4041470      0.4040700      0.4039520      0.4038350      0.4033470      0.4028900      0.4026350      0.4023160      0.4021100      0.4015700      0.4010300      0.4004700      0.3999000      0.3993300      0.3987400      0.3981400      0.3975300      0.3969200      0.3963000      0.3956600      0.3950300      0.3943800      0.3937300      0.3930700      0.3924100      0.3917400      0.3910600    
  0.4043240      0.4042500      0.4041560      0.4040700      0.4040110      0.4039520      0.4035060      0.4028900      0.4027620      0.4024810      0.4022250      0.4023400      0.4018100      0.4012700      0.4007100      0.4001400      0.3995700      0.3989800      0.3983900      0.3977800      0.3971700      0.3965500      0.3959200      0.3952900      0.3946500      0.3940000      0.3933400      0.3926900      0.3920200      0.3913500    
  0.4042500      0.4041590      0.4040700      0.4040410      0.4040110      0.4035900      0.4028900      0.4028260      0.4025510      0.4022830      0.4023400      0.4020750      0.4017300      0.4015000      0.4009400      0.4003800      0.3998000      0.3992200      0.3986200      0.3980200      0.3974100      0.3968000      0.3961700      0.3955400      0.3949000      0.3942600      0.3936100      0.3929500      0.3922900      0.3916300    
  0.4041590      0.4040700      0.4040550      0.4040410      0.4036330      0.4028900      0.4028580      0.4025840      0.4023110      0.4023400      0.4022070      0.4019110      0.4015000      0.4012200      0.4009400      0.4003730      0.3998000      0.3992130      0.3985180      0.3982500      0.3976500      0.3970300      0.3964100      0.3957800      0.3951500      0.3945100      0.3938700      0.3932200      0.3925600      0.3919000    
  0.4040700      0.4040630      0.4040550      0.4036550      0.4028900      0.4028740      0.4026000      0.4023260      0.4023400      0.4022740      0.4019900      0.4015000      0.4013600      0.4012200      0.4008440      0.4003710      0.3997960      0.3988750      0.3983650      0.3984800      0.3978800      0.3972600      0.3966500      0.3960200      0.3953900      0.3947600      0.3941100      0.3934700      0.3928200      0.3921600    
  0.4040660      0.4040630      0.4036660      0.4028900      0.4028820      0.4026070      0.4023330      0.4023400      0.4023070      0.4020260      0.4015000      0.4014300      0.4013600      0.4011410      0.4008120      0.4003370      0.3991890      0.3984230      0.3984800      0.3981530      0.3981000      0.3974900      0.3968700      0.3962500      0.3956300      0.3949900      0.3943600      0.3937200      0.3930700      0.3924200    
  0.4040660      0.4036710      0.4028900      0.4028860      0.4026110      0.4023360      0.4023400      0.4023230      0.4020430      0.4015000      0.4014650      0.4014300      0.4013100      0.4011040      0.4007630      0.3995760      0.3984510      0.3984800      0.3983910      0.3983100      0.3979460      0.3977000      0.3970900      0.3964800      0.3958500      0.3952200      0.3945900      0.3939600      0.3933100      0.3926700    
  0.4036740      0.4028900      0.4028880      0.4026130      0.4023380      0.4023400      0.4023320      0.4020520      0.4015000      0.4014820      0.4014650      0.4014020      0.4012820      0.4009570      0.4001760      0.3990880      0.3990900      0.3988320      0.3985500      0.3986200      0.3985200      0.3979200      0.3973100      0.3966900      0.3960700      0.3954500      0.3948200      0.3941900      0.3935500      0.3929100    
  0.4028900      0.4028890      0.4026140      0.4023390      0.4023400      0.4023360      0.4020560      0.4015000      0.4014910      0.4014820      0.4014500      0.4013830      0.4009910      0.4006560      0.4006500      0.3998750      0.3997240      0.3997000      0.3990380      0.3987200      0.3987200      0.3981200      0.3975200      0.3969000      0.3962900      0.3956700      0.3950500      0.3944200      0.3937900      0.3931500    
  0.4028890      0.4026150      0.4023400      0.4023400      0.4023380      0.4020580      0.4015000      0.4014960      0.4014910      0.4014750      0.4015630      0.4017500      0.4010250      0.4006610      0.4006610      0.4006500      0.4000380      0.3997470      0.3997000      0.3991120      0.3989200      0.3983200      0.3977200      0.3971100      0.3965000      0.3958800      0.3952600      0.3946400      0.3940100      0.3933800    
  0.4026150      0.4023400      0.4023400      0.4023390      0.4020590      0.4015000      0.4014980      0.4014960      0.4014870      0.4016060      0.4017500      0.4017500      0.4017500      0.4010330      0.4006720      0.4006720      0.4006500      0.4000560      0.3997950      0.3997000      0.3991100      0.3985200      0.3979200      0.3973100      0.3967100      0.3960900      0.3954800      0.3948600      0.3942400      0.3936100    
  0.4023400      0.4023400      0.4023390      0.4020590      0.4015000      0.4014990      0.4014980      0.4019100      0.4019530      0.4017500      0.4017500      0.4017500      0.4017500      0.4017500      0.4010490      0.4006950      0.4006950      0.4006500      0.4000770      0.3998900      0.3993000      0.3987100      0.3981100      0.3975100      0.3969100      0.3963000      0.3956900      0.3950700      0.3944600      0.3938300    
  0.4023400      0.4023400      0.4020600      0.4015000      0.4014990      0.4024590      0.4039000      0.4035300      0.4031600      0.4022210      0.4017510      0.4017500      0.4017500      0.4017500      0.4017500      0.4010780      0.4007400      0.4007400      0.4006500      0.4000700      0.3994900      0.3989000      0.3983000      0.3977000      0.3971000      0.3965000      0.3958900      0.3952800      0.3946700      0.3940500    
  0.4023400      0.4020600      0.4015000      0.4015000      0.4026520      0.4039000      0.4039000      0.4039000      0.4035300      0.4031600      0.4022240      0.4017540      0.4017500      0.4017500      0.4017500      0.4017500      0.4011280      0.4008300      0.4008300      0.4002500      0.3996700      0.3990800      0.3984900      0.3978900      0.3973000      0.3967000      0.3960900      0.3954900      0.3948800      0.3942700    
