iMOD/TUTORIALS/TUT_MetaswapAnalyser/model_MetaSWAP/meteo/Evaporation/Evaporation_20050424_L1.ASC
NCOLS                30
NROWS                30
XLLCORNER     160000.00
YLLCORNER     340000.00
CELLSIZE        1000.00
NODATA_VALUE   -9999.00
   2.911170       2.908040       2.904930       2.901830       2.898750       2.895690       2.892660       2.889650       2.886670       2.883720       2.880810       2.877930       2.875090       2.872290       2.869530       2.866810       2.864140       2.861510       2.858930       2.856400       2.853920       2.851490       2.849120       2.846790       2.844520       2.842310       2.840140       2.838040       2.835990       2.833990    
   2.910590       2.907460       2.904340       2.901240       2.898170       2.895110       2.892080       2.889070       2.886090       2.883140       2.880230       2.877350       2.874510       2.871710       2.868950       2.866230       2.863560       2.860930       2.858350       2.855810       2.853330       2.850900       2.848510       2.846180       2.843910       2.841680       2.839510       2.837400       2.835340       2.833340    
   2.909980       2.906840       2.903730       2.900630       2.897550       2.894500       2.891460       2.888460       2.885480       2.882540       2.879620       2.876750       2.873910       2.871100       2.868340       2.865620       2.862950       2.860320       2.857730       2.855190       2.852710       2.850270       2.847880       2.845550       2.843260       2.841030       2.838860       2.836740       2.834670       2.832660    
   2.909340       2.906200       2.903080       2.899990       2.896910       2.893850       2.890820       2.887820       2.884840       2.881900       2.878990       2.876110       2.873270       2.870460       2.867700       2.864980       2.862300       2.859670       2.857090       2.854550       2.852050       2.849610       2.847220       2.844880       2.842590       2.840360       2.838170       2.836050       2.833970       2.831950    
   2.908670       2.905530       2.902420       2.899320       2.896240       2.893180       2.890150       2.887150       2.884170       2.881230       2.878320       2.875440       2.872600       2.869800       2.867030       2.864310       2.861630       2.859000       2.856410       2.853870       2.851370       2.848930       2.846530       2.844190       2.841890       2.839650       2.837460       2.835330       2.833250       2.831220    
   2.907980       2.904840       2.901720       2.898620       2.895540       2.892480       2.889450       2.886450       2.883480       2.880530       2.877620       2.874740       2.871900       2.869100       2.866340       2.863620       2.860940       2.858300       2.855710       2.853160       2.850670       2.848220       2.845820       2.843470       2.841170       2.838920       2.836730       2.834590       2.832500       2.830470    
   2.907270       2.904120       2.901000       2.897900       2.894820       2.891760       2.888730       2.885730       2.882750       2.879810       2.876900       2.874020       2.871180       2.868380       2.865610       2.862890       2.860210       2.857570       2.854980       2.852430       2.849930       2.847480       2.845080       2.842720       2.840420       2.838170       2.835970       2.833820       2.831730       2.829690    
   2.906530       2.903380       2.900260       2.897150       2.894070       2.891010       2.887980       2.884980       2.882000       2.879060       2.876150       2.873270       2.870430       2.867630       2.864860       2.862140       2.859460       2.856820       2.854220       2.851670       2.849170       2.846720       2.844310       2.841950       2.839650       2.837390       2.835190       2.833040       2.830940       2.828890    
   2.905770       2.902620       2.899490       2.896390       2.893300       2.890240       2.887210       2.884210       2.881230       2.878290       2.875380       2.872500       2.869660       2.866850       2.864090       2.861360       2.858680       2.856040       2.853440       2.850890       2.848390       2.845930       2.843520       2.841160       2.838850       2.836590       2.834380       2.832230       2.830120       2.828070    
   2.905000       2.901840       2.898710       2.895600       2.892510       2.889450       2.886420       2.883410       2.880440       2.877490       2.874580       2.871700       2.868860       2.866050       2.863290       2.860560       2.857880       2.855240       2.852640       2.850080       2.847580       2.845120       2.842710       2.840340       2.838030       2.835770       2.833550       2.831390       2.829280       2.827230    
   2.905000       2.901850       2.897740       2.894790       2.891700       2.888640       2.885600       2.882600       2.879620       2.876670       2.873760       2.870880       2.868040       2.865230       2.862470       2.859740       2.857050       2.854410       2.851810       2.849250       2.846740       2.844280       2.841870       2.839500       2.837190       2.834920       2.832700       2.830540       2.828420       2.826360    
   2.905010       2.899840       2.894790       2.891840       2.890870       2.887810       2.884770       2.881760       2.878780       2.875830       2.872920       2.870040       2.867200       2.864390       2.861620       2.858890       2.856200       2.853560       2.850960       2.848400       2.845890       2.843430       2.841010       2.838640       2.836320       2.834050       2.831830       2.829660       2.827540       2.825480    
   2.901960       2.894790       2.891770       2.890440       2.890020       2.886950       2.883910       2.880900       2.877920       2.874970       2.872060       2.869180       2.866330       2.863520       2.860750       2.858020       2.855340       2.852690       2.850090       2.847530       2.845010       2.842550       2.840130       2.837760       2.835430       2.833160       2.830940       2.828760       2.826640       2.824570    
   2.894790       2.891700       2.890230       2.890020       2.887680       2.886080       2.883040       2.880030       2.877040       2.874090       2.871180       2.868290       2.865450       2.862640       2.859870       2.857140       2.854450       2.851800       2.849190       2.846630       2.844120       2.841650       2.839230       2.836850       2.834530       2.832250       2.830030       2.827850       2.825720       2.823650    
   2.891660       2.890130       2.890020       2.887930       2.886080       2.883760       2.882150       2.879130       2.876150       2.873200       2.870280       2.867390       2.864540       2.861730       2.858960       2.856230       2.853540       2.850890       2.848280       2.845720       2.843200       2.840730       2.838310       2.835930       2.833600       2.831320       2.829090       2.826910       2.824780       2.822700    
   2.890070       2.890020       2.888010       2.886080       2.884000       2.882150       2.880640       2.879140       2.875190       2.872280       2.869360       2.866470       2.863620       2.860810       2.858040       2.855300       2.852610       2.849960       2.847350       2.844790       2.842270       2.839790       2.837370       2.834990       2.832660       2.830380       2.828140       2.825960       2.823830       2.821750    
   2.890020       2.888040       2.886080       2.884080       2.882150       2.881390       2.880640       2.876810       2.872280       2.870820       2.867650       2.865540       2.862680       2.859870       2.857090       2.854360       2.851660       2.849010       2.846400       2.843830       2.841310       2.838840       2.836410       2.834030       2.831700       2.829410       2.827180       2.824990       2.822860       2.820770    
   2.888050       2.886080       2.884100       2.882150       2.881770       2.881400       2.877780       2.872280       2.871550       2.868080       2.865060       2.864580       2.861730       2.858910       2.856140       2.853400       2.850700       2.848040       2.845430       2.842870       2.840340       2.837870       2.835440       2.833050       2.830720       2.828430       2.826190       2.824000       2.821870       2.819780    
   2.886080       2.884110       2.882150       2.881960       2.881770       2.878310       2.872280       2.871910       2.868260       2.864820       2.864580       2.863150       2.860790       2.857940       2.855160       2.852420       2.849720       2.847060       2.844450       2.841880       2.839360       2.836880       2.834440       2.832060       2.829720       2.827430       2.825190       2.823000       2.820860       2.818770    
   2.884110       2.882150       2.882060       2.881960       2.878580       2.872280       2.872100       2.868350       2.864700       2.864580       2.863870       2.861620       2.857940       2.856550       2.855170       2.852430       2.849730       2.847080       2.842830       2.840880       2.838350       2.835870       2.833440       2.831050       2.828710       2.826420       2.824180       2.821990       2.819840       2.817750    
   2.882150       2.882100       2.882060       2.878720       2.872280       2.872190       2.868390       2.864640       2.864580       2.864220       2.862000       2.857940       2.857240       2.856550       2.854720       2.852450       2.849750       2.843970       2.840370       2.839860       2.837330       2.834850       2.832420       2.830030       2.827690       2.825390       2.823150       2.820950       2.818810       2.816710    
   2.882130       2.882100       2.878790       2.872280       2.872230       2.868410       2.864610       2.864580       2.864400       2.862190       2.857940       2.857590       2.857250       2.856170       2.854570       2.852300       2.845230       2.840120       2.839860       2.837830       2.836300       2.833820       2.831380       2.828990       2.826650       2.824350       2.822110       2.819910       2.817760       2.815660    
   2.882130       2.878820       2.872280       2.872260       2.868420       2.864590       2.864580       2.864490       2.862280       2.857940       2.857770       2.857590       2.857000       2.856000       2.854350       2.845750       2.839990       2.839860       2.836650       2.835250       2.833760       2.832770       2.830330       2.827940       2.825590       2.823300       2.821050       2.818850       2.816700       2.814600    
   2.878840       2.872280       2.872270       2.868420       2.864590       2.864580       2.864540       2.862320       2.857940       2.857850       2.857770       2.857450       2.856860       2.850310       2.843500       2.836680       2.836680       2.835440       2.834010       2.833660       2.834200       2.831710       2.829270       2.826870       2.824530       2.822230       2.819980       2.817780       2.815630       2.813520    
   2.872280       2.872270       2.868430       2.864580       2.864580       2.864560       2.862340       2.857940       2.857900       2.857850       2.857690       2.857360       2.846460       2.833850       2.833890       2.834350       2.833360       2.833500       2.833180       2.833130       2.833130       2.830640       2.828190       2.825800       2.823450       2.821150       2.818900       2.816700       2.814540       2.812440    
   2.872280       2.868430       2.864580       2.864580       2.864570       2.862360       2.857940       2.857920       2.857900       2.857810       2.847850       2.833180       2.833600       2.833820       2.833820       2.833890       2.833470       2.833230       2.833500       2.832410       2.832050       2.829550       2.827110       2.824710       2.822360       2.820060       2.817810       2.815600       2.813450       2.811340    
   2.868430       2.864580       2.864580       2.864570       2.862360       2.857940       2.857930       2.857920       2.857880       2.845980       2.833180       2.833180       2.833180       2.833550       2.833750       2.833750       2.833890       2.833280       2.832950       2.833500       2.830960       2.828460       2.826010       2.823610       2.821260       2.818960       2.816710       2.814500       2.812350       2.810240    
   2.864580       2.864580       2.864580       2.862360       2.857940       2.857930       2.857930       2.850990       2.842900       2.833180       2.833180       2.833180       2.833180       2.833180       2.833440       2.833610       2.833610       2.833890       2.832770       2.832400       2.829850       2.827360       2.824910       2.822510       2.820150       2.817850       2.815600       2.813390       2.811230       2.809130    
   2.864580       2.864580       2.862370       2.857940       2.857940       2.847520       2.831890       2.831070       2.830250       2.832190       2.833170       2.833180       2.833180       2.833180       2.833180       2.833240       2.833330       2.833330       2.833890       2.831290       2.828740       2.826250       2.823790       2.821390       2.819040       2.816730       2.814480       2.812270       2.810110       2.808000    
   2.864580       2.862370       2.857940       2.857940       2.845430       2.831890       2.831890       2.831890       2.831070       2.830250       2.832180       2.833150       2.833180       2.833180       2.833180       2.833180       2.832830       2.832770       2.832770       2.830180       2.827630       2.825130       2.822670       2.820270       2.817910       2.815610       2.813350       2.811140       2.808990       2.806880    
