iMOD/TUTORIALS/TUT_MetaswapAnalyser/model_MetaSWAP/meteo/Evaporation/Evaporation_20050410_L1.ASC
NCOLS                30
NROWS                30
XLLCORNER     160000.00
YLLCORNER     340000.00
CELLSIZE        1000.00
NODATA_VALUE   -9999.00
   1.057560       1.052530       1.047510       1.042490       1.037480       1.032470       1.027460       1.022460       1.017450       1.012460       1.007460       1.002470      0.9974800      0.9924900      0.9875100      0.9825200      0.9775400      0.9725600      0.9675800      0.9626100      0.9576400      0.9526700      0.9477000      0.9427400      0.9377800      0.9328200      0.9278700      0.9229200      0.9179800      0.9130500    
   1.057000       1.051950       1.046910       1.041870       1.036840       1.031820       1.026800       1.021780       1.016770       1.011760       1.006750       1.001750      0.9967400      0.9917400      0.9867500      0.9817500      0.9767600      0.9717700      0.9667800      0.9618000      0.9568200      0.9518400      0.9468600      0.9418900      0.9369200      0.9319600      0.9270000      0.9220400      0.9170900      0.9121400    
   1.056440       1.051380       1.046320       1.041270       1.036220       1.031180       1.026150       1.021120       1.016090       1.011060       1.006040       1.001030      0.9960100      0.9910000      0.9860000      0.9809900      0.9759900      0.9709900      0.9659900      0.9609900      0.9560000      0.9510100      0.9460300      0.9410500      0.9360700      0.9310900      0.9261200      0.9211600      0.9162000      0.9112500    
   1.055890       1.050810       1.045740       1.040670       1.035610       1.030550       1.025500       1.020460       1.015420       1.010380       1.005350       1.000320      0.9952900      0.9902700      0.9852500      0.9802300      0.9752200      0.9702100      0.9652000      0.9601900      0.9551900      0.9501900      0.9452000      0.9402100      0.9352200      0.9302400      0.9252600      0.9202800      0.9153100      0.9103500    
   1.055360       1.050260       1.045160       1.040080       1.035000       1.029930       1.024860       1.019810       1.014750       1.009700       1.004660      0.9996100      0.9945800      0.9895400      0.9845100      0.9794800      0.9744600      0.9694300      0.9644200      0.9594000      0.9543900      0.9493800      0.9443700      0.9393700      0.9343800      0.9293800      0.9243900      0.9194100      0.9144300      0.9094600    
   1.054830       1.049710       1.044600       1.039500       1.034400       1.029320       1.024240       1.019160       1.014090       1.009030       1.003970      0.9989200      0.9938700      0.9888200      0.9837800      0.9787400      0.9737000      0.9686700      0.9636400      0.9586100      0.9535900      0.9485700      0.9435500      0.9385400      0.9335400      0.9285300      0.9235300      0.9185400      0.9135500      0.9085700    
   1.054310       1.049170       1.044040       1.038920       1.033810       1.028710       1.023610       1.018530       1.013440       1.008370       1.003290      0.9982300      0.9931600      0.9881000      0.9830500      0.9780000      0.9729500      0.9679000      0.9628600      0.9578300      0.9527900      0.9477600      0.9427400      0.9377200      0.9327000      0.9276900      0.9226800      0.9176700      0.9126700      0.9076800    
   1.053800       1.048640       1.043500       1.038360       1.033230       1.028110       1.023000       1.017900       1.012800       1.007710       1.002620      0.9975400      0.9924700      0.9873900      0.9823300      0.9772600      0.9722000      0.9671500      0.9621000      0.9570500      0.9520000      0.9469600      0.9419300      0.9369000      0.9318700      0.9268400      0.9218200      0.9168100      0.9118000      0.9068000    
   1.053300       1.048120       1.042960       1.037800       1.032660       1.027520       1.022400       1.017280       1.012160       1.007060       1.001960      0.9968600      0.9917800      0.9866900      0.9816100      0.9765400      0.9714600      0.9664000      0.9613300      0.9562800      0.9512200      0.9461700      0.9411200      0.9360800      0.9310400      0.9260000      0.9209700      0.9159500      0.9109300      0.9059200    
   1.052800       1.047610       1.042420       1.037250       1.032090       1.026940       1.021800       1.016660       1.011540       1.006420       1.001300      0.9961900      0.9910900      0.9859900      0.9809000      0.9758100      0.9707300      0.9656500      0.9605800      0.9555100      0.9504400      0.9453800      0.9403200      0.9352600      0.9302100      0.9251700      0.9201300      0.9150900      0.9100600      0.9050400    
   1.052810       1.047610       1.041000       1.036710       1.031530       1.026360       1.021210       1.016060       1.010910       1.005780       1.000650      0.9955300      0.9904100      0.9853000      0.9802000      0.9751000      0.9700000      0.9649100      0.9598300      0.9547400      0.9496600      0.9445900      0.9395200      0.9344600      0.9293900      0.9243400      0.9192900      0.9142400      0.9092000      0.9041600    
   1.052810       1.044530       1.036710       1.032420       1.030980       1.025800       1.020620       1.015460       1.010300       1.005150       1.000010      0.9948700      0.9897400      0.9846200      0.9795000      0.9743900      0.9692800      0.9641800      0.9590800      0.9539800      0.9488900      0.9438100      0.9387300      0.9336500      0.9285800      0.9235100      0.9184500      0.9133900      0.9083400      0.9032900    
   1.048020       1.036710       1.032570       1.030710       1.030440       1.025240       1.020040       1.014860       1.009690       1.004530      0.9993700      0.9942200      0.9890800      0.9839400      0.9788100      0.9736800      0.9685600      0.9634500      0.9583400      0.9532300      0.9481300      0.9430300      0.9379400      0.9328500      0.9277700      0.9226900      0.9176100      0.9125400      0.9074800      0.9024200    
   1.036710       1.032570       1.030580       1.030440       1.026790       1.024680       1.019470       1.014280       1.009090       1.003910      0.9987400      0.9935700      0.9884200      0.9832700      0.9781200      0.9729800      0.9678500      0.9627200      0.9576000      0.9524800      0.9473700      0.9422600      0.9371500      0.9320500      0.9269600      0.9218700      0.9167800      0.9117000      0.9066200      0.9015500    
   1.032560       1.030510       1.030440       1.027300       1.024680       1.021020       1.018910       1.013700       1.008490       1.003300      0.9981100      0.9929300      0.9877600      0.9826000      0.9774400      0.9722900      0.9671400      0.9620000      0.9568700      0.9517400      0.9466100      0.9414900      0.9363700      0.9312600      0.9261500      0.9210500      0.9159500      0.9108600      0.9057700      0.9006900    
   1.030470       1.030440       1.027470       1.024680       1.021540       1.018910       1.016300       1.013700       1.007050       1.002690      0.9974900      0.9923000      0.9871100      0.9819400      0.9767700      0.9716000      0.9664400      0.9612900      0.9561400      0.9510000      0.9458600      0.9407200      0.9356000      0.9304700      0.9253500      0.9202400      0.9151300      0.9100200      0.9049200      0.8998300    
   1.030440       1.027530       1.024680       1.021710       1.018910       1.017610       1.016300       1.009940       1.002690       1.000090      0.9950400      0.9916700      0.9864700      0.9812800      0.9761000      0.9709200      0.9657400      0.9605800      0.9554200      0.9502600      0.9451100      0.9399600      0.9348200      0.9296900      0.9245500      0.9194300      0.9143100      0.9091900      0.9040800      0.8989700    
   1.027550       1.024680       1.021770       1.018910       1.018260       1.017610       1.011630       1.002690       1.001390      0.9960460      0.9913600      0.9910500      0.9858300      0.9806300      0.9754300      0.9702400      0.9650500      0.9598700      0.9547000      0.9495300      0.9443700      0.9392100      0.9340500      0.9289000      0.9237600      0.9186200      0.9134900      0.9083600      0.9032300      0.8981100    
   1.024680       1.021790       1.018910       1.018580       1.018260       1.012550       1.002690       1.002040      0.9964760      0.9912050      0.9910500      0.9884400      0.9843720      0.9799800      0.9747700      0.9695600      0.9643600      0.9591700      0.9539800      0.9488000      0.9436300      0.9384500      0.9332900      0.9281300      0.9229700      0.9178200      0.9126700      0.9075300      0.9023900      0.8972600    
   1.021790       1.018910       1.018750       1.018580       1.013020       1.002690       1.002360      0.9966770      0.9911270      0.9910500      0.9897450      0.9859610      0.9799800      0.9773750      0.9747700      0.9695630      0.9643630      0.9591700      0.9514780      0.9480800      0.9428900      0.9377000      0.9325200      0.9273500      0.9221800      0.9170200      0.9118600      0.9067000      0.9015500      0.8964100    
   1.018910       1.018830       1.018750       1.013260       1.002690       1.002530      0.9967740      0.9910890      0.9910500      0.9903980      0.9866840      0.9799800      0.9786780      0.9773750      0.9739030      0.9695660      0.9643660      0.9540180      0.9477200      0.9473600      0.9421500      0.9369600      0.9317600      0.9265800      0.9213900      0.9162200      0.9110400      0.9058800      0.9007100      0.8955600    
   1.018870       1.018830       1.013380       1.002690       1.002610      0.9968220      0.9910690      0.9910500      0.9907240      0.9870280      0.9799800      0.9793290      0.9786780      0.9766520      0.9736140      0.9692780      0.9565700      0.9475400      0.9473600      0.9436430      0.9414200      0.9362100      0.9310100      0.9258100      0.9206100      0.9154200      0.9102300      0.9050500      0.8998800      0.8947100    
   1.018870       1.013440       1.002690       1.002650      0.9968460      0.9910600      0.9910500      0.9908870      0.9871950      0.9799800      0.9796540      0.9793290      0.9782190      0.9763150      0.9731810      0.9584270      0.9474500      0.9473600      0.9428270      0.9406950      0.9375600      0.9354700      0.9302500      0.9250400      0.9198300      0.9146300      0.9094300      0.9042300      0.8990400      0.8938600    
   1.013470       1.002690       1.002670      0.9968580      0.9910550      0.9910500      0.9909680      0.9872780      0.9799800      0.9798170      0.9796540      0.9790680      0.9779540      0.9686790      0.9575040      0.9452260      0.9452250      0.9427070      0.9398520      0.9396100      0.9399700      0.9347300      0.9295000      0.9242700      0.9190500      0.9138300      0.9086200      0.9034100      0.8982100      0.8930100    
   1.002690       1.002680      0.9968640      0.9910520      0.9910500      0.9910090      0.9873190      0.9799800      0.9798990      0.9798170      0.9795130      0.9788920      0.9639270      0.9469780      0.9470000      0.9448750      0.9430030      0.9430900      0.9404050      0.9392500      0.9392500      0.9340000      0.9287500      0.9235100      0.9182800      0.9130400      0.9078200      0.9026000      0.8973800      0.8921700    
   1.002680      0.9968670      0.9910510      0.9910500      0.9910300      0.9873400      0.9799800      0.9799390      0.9798990      0.9797430      0.9677600      0.9502900      0.9480640      0.9469570      0.9469570      0.9470000      0.9442740      0.9429150      0.9430900      0.9396700      0.9385300      0.9332600      0.9280000      0.9227500      0.9175000      0.9122600      0.9070100      0.9017800      0.8965500      0.8913200    
  0.9968680      0.9910510      0.9910500      0.9910400      0.9873500      0.9799800      0.9799600      0.9799390      0.9798600      0.9655960      0.9502900      0.9502900      0.9502900      0.9480310      0.9469140      0.9469140      0.9470000      0.9440930      0.9427400      0.9430900      0.9378100      0.9325300      0.9272600      0.9219900      0.9167300      0.9114700      0.9062100      0.9009600      0.8957200      0.8904800    
  0.9910500      0.9910500      0.9910450      0.9873550      0.9799800      0.9799700      0.9799600      0.9730220      0.9631630      0.9502880      0.9502900      0.9502900      0.9502900      0.9502900      0.9479630      0.9468280      0.9468280      0.9470000      0.9435400      0.9423900      0.9370900      0.9318000      0.9265100      0.9212300      0.9159500      0.9106800      0.9054100      0.9001500      0.8948900      0.8896400    
  0.9910500      0.9910470      0.9873570      0.9799800      0.9799750      0.9708260      0.9571100      0.9547200      0.9523300      0.9509650      0.9502840      0.9502900      0.9502900      0.9502900      0.9502900      0.9478210      0.9466550      0.9466550      0.9470000      0.9416800      0.9363700      0.9310700      0.9257700      0.9204700      0.9151800      0.9098900      0.9046100      0.8993300      0.8940600      0.8887900    
  0.9910490      0.9873590      0.9799800      0.9799770      0.9689990      0.9571090      0.9571090      0.9571100      0.9547200      0.9523300      0.9509560      0.9502730      0.9502900      0.9502900      0.9502900      0.9502900      0.9475110      0.9463100      0.9463100      0.9409800      0.9356600      0.9303400      0.9250200      0.9197100      0.9144100      0.9091100      0.9038100      0.8985200      0.8932300      0.8879500    
