iMOD/TUTORIALS/TUT_MetaswapAnalyser/model_MetaSWAP/meteo/Evaporation/Evaporation_20050210_L1.ASC
NCOLS                30
NROWS                30
XLLCORNER     160000.00
YLLCORNER     340000.00
CELLSIZE        1000.00
NODATA_VALUE   -9999.00
  0.1216200      0.1214900      0.1213500      0.1211800      0.1210100      0.1208100      0.1206100      0.1203900      0.1201600      0.1199100      0.1196600      0.1194000      0.1191300      0.1188500      0.1185600      0.1182700      0.1179700      0.1176600      0.1173500      0.1170400      0.1167200      0.1164000      0.1160700      0.1157400      0.1154100      0.1150800      0.1147400      0.1144000      0.1140600      0.1137300    
  0.1216100      0.1214800      0.1213400      0.1211800      0.1210100      0.1208200      0.1206200      0.1204000      0.1201800      0.1199400      0.1196900      0.1194300      0.1191700      0.1188900      0.1186100      0.1183200      0.1180200      0.1177200      0.1174200      0.1171000      0.1167900      0.1164700      0.1161500      0.1158200      0.1154900      0.1151600      0.1148300      0.1144900      0.1141500      0.1138200    
  0.1215900      0.1214600      0.1213300      0.1211700      0.1210000      0.1208200      0.1206200      0.1204100      0.1201900      0.1199600      0.1197100      0.1194600      0.1192000      0.1189200      0.1186500      0.1183600      0.1180700      0.1177700      0.1174700      0.1171600      0.1168500      0.1165300      0.1162100      0.1158900      0.1155600      0.1152300      0.1149000      0.1145700      0.1142300      0.1139000    
  0.1215500      0.1214300      0.1213000      0.1211500      0.1209800      0.1208000      0.1206100      0.1204000      0.1201900      0.1199600      0.1197200      0.1194700      0.1192100      0.1189500      0.1186700      0.1183900      0.1181000      0.1178100      0.1175100      0.1172000      0.1168900      0.1165800      0.1162600      0.1159400      0.1156200      0.1152900      0.1149700      0.1146400      0.1143000      0.1139700    
  0.1215100      0.1214000      0.1212600      0.1211200      0.1209500      0.1207800      0.1205900      0.1203900      0.1201700      0.1199500      0.1197200      0.1194700      0.1192200      0.1189500      0.1186800      0.1184100      0.1181200      0.1178300      0.1175400      0.1172400      0.1169300      0.1166200      0.1163100      0.1159900      0.1156700      0.1153500      0.1150200      0.1146900      0.1143600      0.1140300    
  0.1214600      0.1213500      0.1212200      0.1210700      0.1209100      0.1207400      0.1205600      0.1203600      0.1201500      0.1199300      0.1197000      0.1194600      0.1192100      0.1189500      0.1186900      0.1184100      0.1181300      0.1178500      0.1175600      0.1172600      0.1169600      0.1166500      0.1163400      0.1160300      0.1157100      0.1153900      0.1150700      0.1147400      0.1144100      0.1140900    
  0.1214000      0.1212900      0.1211600      0.1210200      0.1208700      0.1207000      0.1205200      0.1203200      0.1201200      0.1199000      0.1196800      0.1194400      0.1192000      0.1189400      0.1186800      0.1184100      0.1181400      0.1178500      0.1175600      0.1172700      0.1169700      0.1166700      0.1163600      0.1160500      0.1157400      0.1154200      0.1151000      0.1147800      0.1144600      0.1141300    
  0.1213300      0.1212200      0.1211000      0.1209600      0.1208100      0.1206400      0.1204700      0.1202800      0.1200800      0.1198600      0.1196400      0.1194100      0.1191700      0.1189200      0.1186600      0.1184000      0.1181300      0.1178500      0.1175600      0.1172700      0.1169800      0.1166800      0.1163800      0.1160700      0.1157600      0.1154400      0.1151300      0.1148100      0.1144900      0.1141600    
  0.1212500      0.1211500      0.1210300      0.1208900      0.1207400      0.1205800      0.1204100      0.1202200      0.1200200      0.1198200      0.1196000      0.1193700      0.1191300      0.1188900      0.1186400      0.1183800      0.1181100      0.1178300      0.1175500      0.1172700      0.1169800      0.1166800      0.1163800      0.1160800      0.1157700      0.1154600      0.1151400      0.1148300      0.1145100      0.1141900    
  0.1211700      0.1210600      0.1209400      0.1208100      0.1206700      0.1205100      0.1203400      0.1201600      0.1199600      0.1197600      0.1195500      0.1193200      0.1190900      0.1188500      0.1186000      0.1183400      0.1180800      0.1178100      0.1175300      0.1172500      0.1169600      0.1166700      0.1163700      0.1160700      0.1157700      0.1154600      0.1151500      0.1148400      0.1145200      0.1142100    
  0.1211630      0.1210570      0.1208850      0.1207300      0.1205800      0.1204300      0.1202600      0.1200800      0.1199000      0.1197000      0.1194900      0.1192700      0.1190400      0.1188000      0.1185500      0.1183000      0.1180400      0.1177800      0.1175000      0.1172200      0.1169400      0.1166500      0.1163600      0.1160600      0.1157600      0.1154600      0.1151500      0.1148400      0.1145300      0.1142200    
  0.1211590      0.1209590      0.1207300      0.1205500      0.1204900      0.1203400      0.1201800      0.1200000      0.1198200      0.1196200      0.1194200      0.1192000      0.1189800      0.1187400      0.1185000      0.1182500      0.1180000      0.1177300      0.1174600      0.1171900      0.1169100      0.1166300      0.1163400      0.1160400      0.1157500      0.1154500      0.1151400      0.1148400      0.1145300      0.1142100    
  0.1210250      0.1207300      0.1205310      0.1204450      0.1204000      0.1202500      0.1200900      0.1199200      0.1197300      0.1195400      0.1193400      0.1191300      0.1189000      0.1186800      0.1184400      0.1181900      0.1179400      0.1176800      0.1174200      0.1171500      0.1168700      0.1165900      0.1163000      0.1160100      0.1157200      0.1154200      0.1151200      0.1148200      0.1145100      0.1142100    
  0.1207300      0.1205210      0.1204220      0.1204000      0.1202670      0.1201500      0.1199900      0.1198200      0.1196400      0.1194500      0.1192500      0.1190400      0.1188300      0.1186000      0.1183700      0.1181300      0.1178800      0.1176200      0.1173600      0.1171000      0.1168200      0.1165500      0.1162600      0.1159800      0.1156900      0.1153900      0.1151000      0.1148000      0.1144900      0.1141900    
  0.1205160      0.1204110      0.1204000      0.1202720      0.1201500      0.1200070      0.1198800      0.1197200      0.1195400      0.1193600      0.1191600      0.1189500      0.1187400      0.1185200      0.1182900      0.1180500      0.1178100      0.1175600      0.1173000      0.1170400      0.1167700      0.1164900      0.1162200      0.1159300      0.1156500      0.1153600      0.1150600      0.1147700      0.1144700      0.1141700    
  0.1204060      0.1204000      0.1202740      0.1201500      0.1200120      0.1198800      0.1198000      0.1197130      0.1194670      0.1192500      0.1190600      0.1188600      0.1186500      0.1184300      0.1182000      0.1179700      0.1177300      0.1174800      0.1172300      0.1169700      0.1167100      0.1164400      0.1161600      0.1158800      0.1156000      0.1153100      0.1150200      0.1147300      0.1144300      0.1141300    
  0.1204000      0.1202750      0.1201500      0.1200140      0.1198800      0.1198400      0.1197980      0.1195580      0.1192500      0.1191550      0.1189120      0.1187500      0.1185500      0.1183300      0.1181100      0.1178800      0.1176400      0.1174000      0.1171500      0.1169000      0.1166300      0.1163700      0.1161000      0.1158200      0.1155400      0.1152600      0.1149700      0.1146800      0.1143900      0.1140900    
  0.1202750      0.1201500      0.1200150      0.1198800      0.1198600      0.1198390      0.1196110      0.1192500      0.1192030      0.1189300      0.1186950      0.1186400      0.1184400      0.1182300      0.1180100      0.1177900      0.1175500      0.1173100      0.1170700      0.1168100      0.1165600      0.1162900      0.1160300      0.1157500      0.1154800      0.1152000      0.1149200      0.1146300      0.1143400      0.1140500    
  0.1201500      0.1200150      0.1198800      0.1198700      0.1198600      0.1196400      0.1192500      0.1192260      0.1189380      0.1186670      0.1186400      0.1185400      0.1183580      0.1181200      0.1179000      0.1176800      0.1174500      0.1172200      0.1169700      0.1167300      0.1164700      0.1162100      0.1159500      0.1156800      0.1154100      0.1151300      0.1148500      0.1145700      0.1142800      0.1139900    
  0.1200150      0.1198800      0.1198750      0.1198700      0.1196550      0.1192500      0.1192380      0.1189420      0.1186540      0.1186400      0.1185900      0.1184140      0.1181200      0.1180100      0.1179000      0.1176770      0.1174500      0.1172130      0.1168160      0.1166300      0.1163800      0.1161200      0.1158600      0.1156000      0.1153300      0.1150600      0.1147800      0.1145000      0.1142200      0.1139300    
  0.1198800      0.1198780      0.1198750      0.1196620      0.1192500      0.1192440      0.1189430      0.1186470      0.1186400      0.1186150      0.1184410      0.1181200      0.1180650      0.1180100      0.1178620      0.1176760      0.1174470      0.1169180      0.1165800      0.1165300      0.1162800      0.1160300      0.1157700      0.1155100      0.1152500      0.1149800      0.1147000      0.1144300      0.1141500      0.1138700    
  0.1198790      0.1198770      0.1196660      0.1192500      0.1192470      0.1189440      0.1186430      0.1186400      0.1186280      0.1184540      0.1181200      0.1180920      0.1180650      0.1179790      0.1178490      0.1176610      0.1170250      0.1165550      0.1165300      0.1163300      0.1161800      0.1159300      0.1156800      0.1154200      0.1151600      0.1148900      0.1146200      0.1143500      0.1140700      0.1137900    
  0.1198790      0.1196680      0.1192500      0.1192490      0.1189450      0.1186420      0.1186400      0.1186340      0.1184600      0.1181200      0.1181060      0.1180920      0.1180460      0.1179640      0.1178300      0.1170480      0.1165430      0.1165300      0.1162040      0.1160650      0.1159180      0.1158200      0.1155700      0.1153200      0.1150600      0.1148000      0.1145300      0.1142600      0.1139900      0.1137100    
  0.1196690      0.1192500      0.1192490      0.1189450      0.1186410      0.1186400      0.1186370      0.1184640      0.1181200      0.1181130      0.1181060      0.1180810      0.1180340      0.1173900      0.1167620      0.1161580      0.1161600      0.1160520      0.1159270      0.1158900      0.1159500      0.1157100      0.1154600      0.1152100      0.1149600      0.1147000      0.1144300      0.1141700      0.1139000      0.1136300    
  0.1192500      0.1192500      0.1189450      0.1186400      0.1186400      0.1186380      0.1184650      0.1181200      0.1181170      0.1181130      0.1181000      0.1180740      0.1169860      0.1157150      0.1157200      0.1158500      0.1157730      0.1157900      0.1158070      0.1158270      0.1158300      0.1155900      0.1153500      0.1151000      0.1148500      0.1145900      0.1143300      0.1140700      0.1138000      0.1135300    
  0.1192500      0.1189450      0.1186400      0.1186400      0.1186390      0.1184660      0.1181200      0.1181180      0.1181170      0.1181100      0.1170330      0.1154400      0.1156190      0.1157100      0.1157100      0.1157200      0.1157470      0.1157550      0.1157900      0.1157220      0.1157000      0.1154600      0.1152200      0.1149800      0.1147300      0.1144800      0.1142200      0.1139700      0.1137000      0.1134400    
  0.1189450      0.1186400      0.1186400      0.1186400      0.1184660      0.1181200      0.1181190      0.1181180      0.1181150      0.1168280      0.1154400      0.1154400      0.1154400      0.1156120      0.1157000      0.1157000      0.1157200      0.1157240      0.1157200      0.1157900      0.1155700      0.1153300      0.1151000      0.1148600      0.1146100      0.1143600      0.1141100      0.1138600      0.1136000      0.1133300    
  0.1186400      0.1186400      0.1186400      0.1184660      0.1181200      0.1181200      0.1181190      0.1172730      0.1164080      0.1154400      0.1154400      0.1154400      0.1154400      0.1154400      0.1155970      0.1156800      0.1156800      0.1157200      0.1156650      0.1156500      0.1154300      0.1152000      0.1149700      0.1147300      0.1144900      0.1142400      0.1139900      0.1137400      0.1134800      0.1132300    
  0.1186400      0.1186400      0.1184670      0.1181200      0.1181200      0.1167640      0.1147300      0.1147350      0.1147400      0.1152050      0.1154390      0.1154400      0.1154400      0.1154400      0.1154400      0.1155690      0.1156410      0.1156400      0.1157200      0.1155000      0.1152800      0.1150600      0.1148300      0.1145900      0.1143600      0.1141100      0.1138700      0.1136200      0.1133700      0.1131100    
  0.1186400      0.1184670      0.1181200      0.1181200      0.1164920      0.1147300      0.1147300      0.1147300      0.1147350      0.1147400      0.1152030      0.1154360      0.1154400      0.1154400      0.1154400      0.1154400      0.1155140      0.1155630      0.1155600      0.1153500      0.1151300      0.1149100      0.1146900      0.1144600      0.1142200      0.1139800      0.1137400      0.1134900      0.1132500      0.1129900    
