iMOD/TUTORIALS/TUT_MetaswapAnalyser/model_MetaSWAP/meteo/Evaporation/Evaporation_20060925_L1.ASC
NCOLS                30
NROWS                30
XLLCORNER     160000.00
YLLCORNER     340000.00
CELLSIZE        1000.00
NODATA_VALUE   -9999.00
   1.065110       1.065220       1.065330       1.065460       1.065610       1.065780       1.065970       1.066190       1.066430       1.066690       1.066990       1.067320       1.067690       1.068090       1.068520       1.068990       1.069500       1.070050       1.070640       1.071260       1.071930       1.072640       1.073390       1.074170       1.075000       1.075860       1.076770       1.077710       1.078690       1.079710    
   1.063560       1.063700       1.063840       1.064000       1.064180       1.064380       1.064600       1.064840       1.065100       1.065400       1.065720       1.066070       1.066460       1.066880       1.067330       1.067820       1.068340       1.068900       1.069500       1.070140       1.070820       1.071530       1.072280       1.073070       1.073900       1.074770       1.075670       1.076610       1.077590       1.078600    
   1.062030       1.062190       1.062370       1.062560       1.062770       1.062990       1.063240       1.063510       1.063800       1.064120       1.064460       1.064840       1.065240       1.065680       1.066150       1.066660       1.067200       1.067770       1.068380       1.069030       1.069710       1.070430       1.071190       1.071990       1.072820       1.073690       1.074590       1.075530       1.076500       1.077510    
   1.060520       1.060710       1.060920       1.061130       1.061370       1.061620       1.061890       1.062190       1.062510       1.062850       1.063220       1.063620       1.064040       1.064500       1.064990       1.065510       1.066060       1.066650       1.067270       1.067930       1.068630       1.069350       1.070120       1.070920       1.071750       1.072620       1.073520       1.074460       1.075430       1.076440    
   1.059030       1.059250       1.059480       1.059730       1.059990       1.060270       1.060570       1.060890       1.061230       1.061600       1.061990       1.062410       1.062850       1.063330       1.063840       1.064370       1.064940       1.065550       1.066180       1.066850       1.067550       1.068290       1.069060       1.069860       1.070700       1.071570       1.072470       1.073410       1.074380       1.075380    
   1.057550       1.057800       1.058060       1.058330       1.058620       1.058930       1.059250       1.059600       1.059970       1.060360       1.060770       1.061210       1.061680       1.062170       1.062700       1.063250       1.063840       1.064450       1.065100       1.065780       1.066490       1.067230       1.068010       1.068810       1.069660       1.070530       1.071430       1.072370       1.073340       1.074340    
   1.056100       1.056370       1.056660       1.056960       1.057270       1.057610       1.057960       1.058330       1.058720       1.059130       1.059570       1.060030       1.060520       1.061030       1.061570       1.062140       1.062740       1.063370       1.064030       1.064720       1.065440       1.066190       1.066970       1.067780       1.068630       1.069500       1.070410       1.071340       1.072310       1.073300    
   1.054660       1.054960       1.055270       1.055600       1.055940       1.056300       1.056670       1.057070       1.057480       1.057920       1.058380       1.058860       1.059370       1.059900       1.060460       1.061040       1.061660       1.062300       1.062970       1.063670       1.064400       1.065150       1.065940       1.066760       1.067610       1.068490       1.069390       1.070330       1.071290       1.072290    
   1.053230       1.053560       1.053900       1.054250       1.054620       1.055000       1.055400       1.055820       1.056260       1.056720       1.057200       1.057700       1.058230       1.058780       1.059350       1.059950       1.060580       1.061240       1.061920       1.062630       1.063370       1.064130       1.064930       1.065750       1.066600       1.067480       1.068390       1.069330       1.070290       1.071280    
   1.051820       1.052180       1.052540       1.052920       1.053310       1.053720       1.054140       1.054590       1.055050       1.055530       1.056030       1.056550       1.057100       1.057670       1.058260       1.058880       1.059520       1.060190       1.060880       1.061600       1.062350       1.063120       1.063920       1.064750       1.065610       1.066490       1.067400       1.068340       1.069300       1.070290    
   1.051830       1.052180       1.052310       1.051600       1.052020       1.052450       1.052900       1.053360       1.053850       1.054350       1.054870       1.055410       1.055980       1.056570       1.057170       1.057810       1.058460       1.059140       1.059850       1.060580       1.061340       1.062120       1.062930       1.063760       1.064620       1.065510       1.066420       1.067350       1.068320       1.069300    
   1.051830       1.051980       1.051600       1.050960       1.050740       1.051190       1.051670       1.052150       1.052660       1.053180       1.053730       1.054290       1.054870       1.055470       1.056100       1.056750       1.057420       1.058110       1.058830       1.059570       1.060340       1.061130       1.061940       1.062780       1.063640       1.064530       1.065450       1.066380       1.067350       1.068330    
   1.051720       1.051600       1.050530       1.050100       1.049470       1.049950       1.050440       1.050950       1.051480       1.052030       1.052590       1.053170       1.053770       1.054390       1.055040       1.055700       1.056380       1.057090       1.057820       1.058570       1.059350       1.060140       1.060970       1.061810       1.062680       1.063570       1.064480       1.065420       1.066380       1.067370    
   1.051600       1.050350       1.049790       1.049470       1.049380       1.048710       1.049230       1.049760       1.050310       1.050880       1.051460       1.052060       1.052680       1.053320       1.053980       1.054660       1.055360       1.056080       1.056820       1.057580       1.058360       1.059170       1.060000       1.060850       1.061720       1.062610       1.063530       1.064470       1.065430       1.066410    
   1.050260       1.049630       1.049470       1.049190       1.048710       1.048660       1.048030       1.048590       1.049160       1.049740       1.050340       1.050960       1.051600       1.052260       1.052930       1.053620       1.054340       1.055070       1.055820       1.056590       1.057390       1.058200       1.059040       1.059890       1.060770       1.061660       1.062580       1.063520       1.064480       1.065470    
   1.049550       1.049470       1.049120       1.048710       1.048470       1.048030       1.048310       1.048590       1.049020       1.048610       1.049230       1.049870       1.050530       1.051200       1.051890       1.052600       1.053320       1.054070       1.054830       1.055620       1.056420       1.057240       1.058080       1.058940       1.059820       1.060720       1.061640       1.062590       1.063550       1.064530    
   1.049470       1.049100       1.048710       1.048400       1.048030       1.048170       1.048310       1.048630       1.048610       1.048920       1.048840       1.048790       1.049460       1.050150       1.050860       1.051580       1.052320       1.053080       1.053850       1.054640       1.055460       1.056290       1.057130       1.058000       1.058890       1.059790       1.060710       1.061650       1.062620       1.063590    
   1.049090       1.048710       1.048380       1.048030       1.048100       1.048170       1.048430       1.048610       1.048760       1.048470       1.048250       1.047710       1.048400       1.049110       1.049830       1.050570       1.051320       1.052090       1.052880       1.053680       1.054500       1.055340       1.056190       1.057060       1.057950       1.058860       1.059790       1.060730       1.061690       1.062670    
   1.048710       1.048370       1.048030       1.048060       1.048100       1.048330       1.048610       1.048690       1.048310       1.047980       1.047710       1.048050       1.048320       1.048070       1.048810       1.049560       1.050330       1.051110       1.051910       1.052720       1.053550       1.054390       1.055260       1.056130       1.057030       1.057940       1.058870       1.059810       1.060770       1.061750    
   1.048370       1.048030       1.048050       1.048070       1.048280       1.048610       1.048650       1.048230       1.047840       1.047710       1.047880       1.048040       1.048070       1.048440       1.048810       1.049570       1.050330       1.051120       1.051670       1.051770       1.052600       1.053460       1.054330       1.055210       1.056110       1.057020       1.057950       1.058890       1.059860       1.060830    
   1.048030       1.048040       1.048050       1.048250       1.048610       1.048630       1.048200       1.047780       1.047710       1.047800       1.047930       1.048070       1.048250       1.048440       1.048940       1.049570       1.050340       1.051050       1.051300       1.050820       1.051660       1.052520       1.053400       1.054290       1.055190       1.056110       1.057040       1.057980       1.058940       1.059920    
   1.048030       1.048040       1.048240       1.048610       1.048620       1.048180       1.047740       1.047710       1.047750       1.047880       1.048070       1.048160       1.048260       1.048550       1.048980       1.049620       1.050570       1.051060       1.050820       1.051070       1.050730       1.051590       1.052480       1.053370       1.054280       1.055200       1.056130       1.057080       1.058040       1.059010    
   1.048030       1.048230       1.048610       1.048610       1.048170       1.047730       1.047710       1.047730       1.047850       1.048070       1.048120       1.048160       1.048320       1.048590       1.049050       1.049620       1.050940       1.050820       1.050020       1.049790       1.050320       1.050670       1.051560       1.052460       1.053370       1.054290       1.055220       1.056170       1.057130       1.058110    
   1.048230       1.048610       1.048610       1.048160       1.047720       1.047710       1.047720       1.047840       1.048070       1.048090       1.048120       1.048200       1.048360       1.047090       1.047090       1.048000       1.048000       1.048350       1.048710       1.048390       1.048860       1.049740       1.050640       1.051540       1.052460       1.053380       1.054320       1.055270       1.056230       1.057200    
   1.048610       1.048610       1.048160       1.047710       1.047710       1.047720       1.047840       1.048070       1.048080       1.048090       1.048140       1.048230       1.045670       1.042360       1.042390       1.044900       1.045060       1.045180       1.047010       1.047930       1.047930       1.048820       1.049720       1.050630       1.051550       1.052480       1.053420       1.054370       1.055330       1.056300    
   1.048610       1.048160       1.047710       1.047710       1.047710       1.047830       1.048070       1.048080       1.048080       1.048100       1.044330       1.038600       1.041080       1.042330       1.042330       1.042390       1.044130       1.044950       1.045180       1.046550       1.047000       1.047900       1.048810       1.049720       1.050650       1.051580       1.052520       1.053470       1.054430       1.055400    
   1.048160       1.047710       1.047710       1.047710       1.047830       1.048070       1.048070       1.048080       1.048090       1.043540       1.038600       1.038600       1.038600       1.041040       1.042270       1.042270       1.042390       1.044010       1.044710       1.045180       1.046080       1.046980       1.047900       1.048820       1.049740       1.050680       1.051620       1.052570       1.053530       1.054500    
   1.047710       1.047710       1.047710       1.047830       1.048070       1.048070       1.048070       1.044230       1.041270       1.038600       1.038600       1.038600       1.038600       1.038600       1.040950       1.042150       1.042150       1.042390       1.043780       1.044240       1.045150       1.046060       1.046980       1.047910       1.048840       1.049780       1.050720       1.051670       1.052630       1.053600    
   1.047710       1.047710       1.047830       1.048070       1.048070       1.041110       1.030670       1.031680       1.032700       1.036630       1.038590       1.038600       1.038600       1.038600       1.038600       1.040790       1.041910       1.041910       1.042390       1.043300       1.044220       1.045140       1.046070       1.047000       1.047930       1.048870       1.049820       1.050770       1.051730       1.052700    
   1.047710       1.047830       1.048070       1.048070       1.039720       1.030670       1.030670       1.030670       1.031680       1.032700       1.036610       1.038580       1.038600       1.038600       1.038600       1.038600       1.040490       1.041440       1.041440       1.042370       1.043290       1.044220       1.045150       1.046090       1.047030       1.047970       1.048920       1.049870       1.050830       1.051790    
