iMOD/TUTORIALS/TUT_MetaswapAnalyser/model_MetaSWAP/meteo/Evaporation/Evaporation_20051004_L1.ASC
NCOLS                30
NROWS                30
XLLCORNER     160000.00
YLLCORNER     340000.00
CELLSIZE        1000.00
NODATA_VALUE   -9999.00
  0.7287800      0.7233900      0.7180300      0.7127100      0.7074100      0.7021500      0.6969300      0.6917300      0.6865700      0.6814500      0.6763500      0.6712900      0.6662600      0.6612700      0.6563100      0.6513800      0.6464900      0.6416300      0.6368100      0.6320200      0.6272600      0.6225400      0.6178500      0.6132000      0.6085800      0.6040000      0.5994500      0.5949300      0.5904500      0.5860000    
  0.7252200      0.7198500      0.7145100      0.7092000      0.7039200      0.6986800      0.6934700      0.6882900      0.6831400      0.6780300      0.6729500      0.6679100      0.6628900      0.6579100      0.6529600      0.6480500      0.6431600      0.6383100      0.6335000      0.6287100      0.6239600      0.6192500      0.6145600      0.6099100      0.6053000      0.6007100      0.5961600      0.5916400      0.5871600      0.5827100    
  0.7217000      0.7163500      0.7110200      0.7057300      0.7004700      0.6952400      0.6900500      0.6848800      0.6797500      0.6746500      0.6695900      0.6645500      0.6595500      0.6545800      0.6496500      0.6447400      0.6398700      0.6350300      0.6302200      0.6254400      0.6207000      0.6159800      0.6113000      0.6066600      0.6020400      0.5974600      0.5929100      0.5883900      0.5839000      0.5794400    
  0.7182300      0.7128800      0.7075800      0.7023000      0.6970500      0.6918400      0.6866600      0.6815100      0.6764000      0.6713100      0.6662600      0.6612400      0.6562500      0.6512900      0.6463600      0.6414700      0.6366000      0.6317700      0.6269700      0.6222000      0.6174600      0.6127500      0.6080700      0.6034300      0.5988100      0.5942300      0.5896800      0.5851600      0.5806700      0.5762100    
  0.7147900      0.7094600      0.7041700      0.6989100      0.6936800      0.6884800      0.6833100      0.6781800      0.6730800      0.6680100      0.6629600      0.6579600      0.6529800      0.6480300      0.6431100      0.6382300      0.6333700      0.6285400      0.6237500      0.6189800      0.6142500      0.6095400      0.6048700      0.6002300      0.5956100      0.5910300      0.5864800      0.5819500      0.5774600      0.5730000    
  0.7113800      0.7060700      0.7007900      0.6955500      0.6903300      0.6851500      0.6800000      0.6748800      0.6697900      0.6647300      0.6597000      0.6547000      0.6497400      0.6448000      0.6398900      0.6350100      0.6301700      0.6253500      0.6205600      0.6158000      0.6110700      0.6063700      0.6017000      0.5970500      0.5924400      0.5878600      0.5833000      0.5787700      0.5742800      0.5698100    
  0.7080200      0.7027200      0.6974600      0.6922300      0.6870200      0.6818600      0.6767200      0.6716100      0.6665300      0.6614900      0.6564700      0.6514800      0.6465300      0.6416000      0.6367000      0.6318300      0.6269900      0.6221800      0.6174000      0.6126400      0.6079200      0.6032200      0.5985500      0.5939100      0.5892900      0.5847100      0.5801500      0.5756200      0.5711200      0.5666500    
  0.7046900      0.6994000      0.6941500      0.6889400      0.6837500      0.6785900      0.6734700      0.6683700      0.6633100      0.6582800      0.6532700      0.6483000      0.6433500      0.6384300      0.6335400      0.6286800      0.6238500      0.6190400      0.6142600      0.6095100      0.6047900      0.6000900      0.5954200      0.5907800      0.5861700      0.5815800      0.5770200      0.5724900      0.5679900      0.5635100    
  0.7013900      0.6961200      0.6908800      0.6856800      0.6805000      0.6753600      0.6702500      0.6651700      0.6601200      0.6550900      0.6501000      0.6451300      0.6402000      0.6352900      0.6304100      0.6255500      0.6207300      0.6159300      0.6111500      0.6064100      0.6016900      0.5969900      0.5923300      0.5876900      0.5830700      0.5784800      0.5739200      0.5693800      0.5648700      0.5603900    
  0.6981200      0.6928600      0.6876400      0.6824500      0.6772900      0.6721600      0.6670600      0.6619900      0.6569500      0.6519400      0.6469600      0.6420000      0.6370700      0.6321700      0.6273000      0.6224500      0.6176300      0.6128400      0.6080700      0.6033300      0.5986100      0.5939200      0.5892500      0.5846100      0.5800000      0.5754000      0.5708400      0.5663000      0.5617800      0.5572900    
  0.6981300      0.6928730      0.6855500      0.6792500      0.6741000      0.6689900      0.6639000      0.6588400      0.6538100      0.6488100      0.6438400      0.6388900      0.6339700      0.6290800      0.6242200      0.6193800      0.6145600      0.6097700      0.6050100      0.6002700      0.5955600      0.5908700      0.5862000      0.5815600      0.5769400      0.5723500      0.5677800      0.5632300      0.5587100      0.5542200    
  0.6981410      0.6889510      0.6792500      0.6730250      0.6709400      0.6658400      0.6607600      0.6557200      0.6507000      0.6457100      0.6407500      0.6358100      0.6309000      0.6260200      0.6211600      0.6163300      0.6115200      0.6067300      0.6019700      0.5972400      0.5925200      0.5878400      0.5831700      0.5785300      0.5739100      0.5693100      0.5647400      0.5601900      0.5556600      0.5511600    
  0.6924430      0.6792500      0.6723650      0.6693750      0.6678100      0.6627200      0.6576500      0.6526200      0.6476100      0.6426300      0.6376800      0.6327500      0.6278500      0.6229800      0.6181200      0.6133000      0.6084900      0.6037100      0.5989600      0.5942200      0.5895100      0.5848300      0.5801600      0.5755200      0.5709000      0.5663000      0.5617200      0.5571700      0.5526300      0.5481200    
  0.6792500      0.6720040      0.6685930      0.6678100      0.6633830      0.6596200      0.6545700      0.6495400      0.6445500      0.6395800      0.6346400      0.6297200      0.6248200      0.6199600      0.6151100      0.6102900      0.6054900      0.6007200      0.5959600      0.5912300      0.5865200      0.5818400      0.5771700      0.5725300      0.5679000      0.5633000      0.5587200      0.5541600      0.5496200      0.5451000    
  0.6718160      0.6682010      0.6678100      0.6636040      0.6596200      0.6552330      0.6515100      0.6464900      0.6415100      0.6365500      0.6316100      0.6267000      0.6218200      0.6169600      0.6121200      0.6073000      0.6025100      0.5977400      0.5929900      0.5882600      0.5835500      0.5788700      0.5742000      0.5695500      0.5649300      0.5603200      0.5557300      0.5511700      0.5466200      0.5421000    
  0.6680060      0.6678100      0.6636780      0.6596200      0.6554540      0.6515100      0.6490000      0.6465030      0.6395200      0.6335300      0.6286100      0.6237100      0.6188300      0.6139800      0.6091500      0.6043400      0.5995500      0.5947800      0.5900400      0.5853100      0.5806000      0.5759100      0.5712500      0.5666000      0.5619700      0.5573600      0.5527700      0.5481900      0.5436400      0.5391100    
  0.6678100      0.6637030      0.6596200      0.6555280      0.6515100      0.6502550      0.6490040      0.6421380      0.6335300      0.6310700      0.6248720      0.6207300      0.6158700      0.6110200      0.6061900      0.6013900      0.5966100      0.5918400      0.5871000      0.5823700      0.5776700      0.5729800      0.5683100      0.5636600      0.5590300      0.5544100      0.5498100      0.5452300      0.5406700      0.5361300    
  0.6637110      0.6596200      0.6555530      0.6515100      0.6508820      0.6502560      0.6437320      0.6335300      0.6323000      0.6253010      0.6192550      0.6177800      0.6129200      0.6080800      0.6032600      0.5984600      0.5936800      0.5889200      0.5841800      0.5794500      0.5747500      0.5700600      0.5653900      0.5607300      0.5561000      0.5514800      0.5468800      0.5422900      0.5377200      0.5331700    
  0.6596200      0.6555610      0.6515100      0.6511960      0.6508830      0.6446000      0.6335300      0.6329150      0.6254860      0.6185180      0.6177800      0.6153500      0.6109830      0.6051500      0.6003400      0.5955400      0.5907700      0.5860100      0.5812700      0.5765500      0.5718400      0.5671500      0.5624800      0.5578300      0.5531800      0.5485600      0.5439500      0.5393600      0.5347800      0.5302200    
  0.6555640      0.6515100      0.6513530      0.6511960      0.6450520      0.6335300      0.6332230      0.6255720      0.6181490      0.6177800      0.6165650      0.6123160      0.6051500      0.6027450      0.6003430      0.5955500      0.5907730      0.5860170      0.5776540      0.5736600      0.5689500      0.5642600      0.5595900      0.5549300      0.5502800      0.5456500      0.5410400      0.5364400      0.5318500      0.5272800    
  0.6515100      0.6514320      0.6513530      0.6452830      0.6335300      0.6333760      0.6256140      0.6179640      0.6177800      0.6171720      0.6129530      0.6051500      0.6039480      0.6027460      0.5995460      0.5955560      0.5907800      0.5794890      0.5722200      0.5707800      0.5660800      0.5613800      0.5567100      0.5520400      0.5473900      0.5427600      0.5381400      0.5335300      0.5289400      0.5243600    
  0.6514710      0.6514320      0.6453990      0.6335300      0.6334530      0.6256340      0.6178720      0.6177800      0.6174760      0.6132640      0.6051500      0.6045490      0.6039480      0.6020800      0.5992830      0.5952940      0.5816210      0.5715000      0.5707800      0.5666900      0.5632100      0.5585200      0.5538400      0.5491700      0.5445200      0.5398700      0.5352500      0.5306300      0.5260300      0.5214400    
  0.6514710      0.6454580      0.6335300      0.6334920      0.6256450      0.6178260      0.6177800      0.6176280      0.6134180      0.6051500      0.6048490      0.6045490      0.6035260      0.6017700      0.5988850      0.5819170      0.5711400      0.5707800      0.5634800      0.5603600      0.5575420      0.5556600      0.5509800      0.5463100      0.5416500      0.5370000      0.5323600      0.5277400      0.5231300      0.5185300    
  0.6454870      0.6335300      0.6335110      0.6256500      0.6178030      0.6177800      0.6177040      0.6134940      0.6051500      0.6050000      0.6048490      0.6043080      0.6032810      0.5892430      0.5754950      0.5622520      0.5622500      0.5598440      0.5570410      0.5560900      0.5575100      0.5528100      0.5481300      0.5434500      0.5387900      0.5341300      0.5294900      0.5248500      0.5202300      0.5156200    
  0.6335300      0.6335200      0.6256520      0.6177920      0.6177800      0.6177420      0.6135320      0.6051500      0.6050750      0.6050000      0.6047190      0.6041460      0.5804300      0.5527020      0.5527900      0.5553560      0.5533670      0.5537200      0.5541980      0.5546730      0.5546700      0.5499700      0.5452800      0.5406000      0.5359300      0.5312700      0.5266200      0.5219800      0.5173500      0.5127200    
  0.6335250      0.6256540      0.6177860      0.6177800      0.6177610      0.6135510      0.6051500      0.6051120      0.6050750      0.6049310      0.5823930      0.5490500      0.5514120      0.5526140      0.5526140      0.5527900      0.5530180      0.5530150      0.5537200      0.5523100      0.5518400      0.5471400      0.5424500      0.5377600      0.5330900      0.5284200      0.5237600      0.5191000      0.5144600      0.5098300    
  0.6256540      0.6177830      0.6177800      0.6177710      0.6135600      0.6051500      0.6051310      0.6051120      0.6050390      0.5781000      0.5490500      0.5490500      0.5490500      0.5512810      0.5524390      0.5524390      0.5527900      0.5525480      0.5523100      0.5537200      0.5490100      0.5443100      0.5396100      0.5349200      0.5302400      0.5255700      0.5209000      0.5162400      0.5115800      0.5069400    
  0.6177820      0.6177800      0.6177750      0.6135650      0.6051500      0.6051410      0.6051310      0.5887080      0.5704510      0.5490420      0.5490500      0.5490500      0.5490500      0.5490500      0.5510210      0.5520870      0.5520870      0.5527900      0.5513730      0.5509000      0.5461900      0.5414800      0.5367900      0.5320900      0.5274000      0.5227200      0.5180400      0.5133700      0.5087000      0.5040500    
  0.6177800      0.6177780      0.6135680      0.6051500      0.6051450      0.5796270      0.5413600      0.5404550      0.5395500      0.5458620      0.5490270      0.5490500      0.5490500      0.5490500      0.5490500      0.5505080      0.5513840      0.5513850      0.5527900      0.5480800      0.5433700      0.5386600      0.5339600      0.5292600      0.5245600      0.5198700      0.5151900      0.5105000      0.5058300      0.5011600    
  0.6177790      0.6135690      0.6051500      0.6051480      0.5745240      0.5413540      0.5413540      0.5413600      0.5404540      0.5395500      0.5458220      0.5489800      0.5490500      0.5490500      0.5490500      0.5490500      0.5495110      0.5499770      0.5499800      0.5452600      0.5405500      0.5358400      0.5311300      0.5264300      0.5217300      0.5170300      0.5123300      0.5076400      0.5029500      0.4982700    
