iMOD/TUTORIALS/TUT_MetaswapAnalyser/model_MetaSWAP/meteo/Evaporation/Evaporation_20050628_L1.ASC
NCOLS                30
NROWS                30
XLLCORNER     160000.00
YLLCORNER     340000.00
CELLSIZE        1000.00
NODATA_VALUE   -9999.00
   5.105150       5.106820       5.108520       5.110230       5.111960       5.113700       5.115450       5.117210       5.118970       5.120720       5.122470       5.124210       5.125940       5.127650       5.129350       5.131020       5.132680       5.134310       5.135920       5.137500       5.139050       5.140570       5.142060       5.143520       5.144950       5.146350       5.147710       5.149050       5.150340       5.151610    
   5.105010       5.106690       5.108380       5.110100       5.111830       5.113580       5.115330       5.117080       5.118840       5.120590       5.122340       5.124080       5.125810       5.127530       5.129230       5.130910       5.132570       5.134200       5.135820       5.137400       5.138960       5.140490       5.142000       5.143470       5.144910       5.146320       5.147690       5.149040       5.150350       5.151630    
   5.104880       5.106570       5.108270       5.109990       5.111720       5.113460       5.115210       5.116970       5.118730       5.120480       5.122230       5.123970       5.125700       5.127420       5.129120       5.130800       5.132470       5.134110       5.135730       5.137320       5.138890       5.140430       5.141940       5.143420       5.144870       5.146290       5.147680       5.149040       5.150360       5.151650    
   5.104770       5.106460       5.108160       5.109890       5.111620       5.113370       5.115120       5.116870       5.118630       5.120380       5.122130       5.123880       5.125610       5.127330       5.129030       5.130720       5.132390       5.134040       5.135660       5.137260       5.138830       5.140380       5.141900       5.143390       5.144850       5.146280       5.147680       5.149050       5.150390       5.151690    
   5.104670       5.106360       5.108070       5.109800       5.111530       5.113280       5.115030       5.116790       5.118550       5.120300       5.122060       5.123800       5.125530       5.127250       5.128960       5.130650       5.132320       5.133970       5.135600       5.137210       5.138790       5.140340       5.141870       5.143370       5.144840       5.146280       5.147690       5.149070       5.150420       5.151730    
   5.104580       5.106280       5.107990       5.109720       5.111460       5.113210       5.114960       5.116720       5.118480       5.120240       5.121990       5.123740       5.125470       5.127190       5.128900       5.130600       5.132270       5.133930       5.135560       5.137170       5.138760       5.140320       5.141850       5.143360       5.144840       5.146290       5.147710       5.149100       5.150460       5.151790    
   5.104490       5.106200       5.107920       5.109660       5.111400       5.113150       5.114910       5.116670       5.118430       5.120190       5.121940       5.123690       5.125420       5.127150       5.128860       5.130560       5.132240       5.133890       5.135530       5.137150       5.138740       5.140310       5.141850       5.143360       5.144850       5.146310       5.147740       5.149140       5.150510       5.151850    
   5.104420       5.106130       5.107860       5.109600       5.111350       5.113100       5.114860       5.116620       5.118390       5.120150       5.121900       5.123650       5.125390       5.127120       5.128830       5.130530       5.132210       5.133870       5.135520       5.137140       5.138740       5.140310       5.141860       5.143380       5.144870       5.146340       5.147780       5.149190       5.150560       5.151910    
   5.104350       5.106070       5.107810       5.109550       5.111300       5.113060       5.114830       5.116590       5.118360       5.120120       5.121870       5.123620       5.125370       5.127100       5.128810       5.130510       5.132200       5.133870       5.135510       5.137140       5.138740       5.140320       5.141880       5.143400       5.144900       5.146380       5.147830       5.149240       5.150630       5.151990    
   5.104290       5.106020       5.107760       5.109510       5.111270       5.113030       5.114800       5.116570       5.118330       5.120100       5.121860       5.123610       5.125350       5.127090       5.128810       5.130510       5.132200       5.133870       5.135520       5.137150       5.138760       5.140340       5.141900       5.143440       5.144950       5.146430       5.147880       5.149310       5.150710       5.152070    
   5.104290       5.106020       5.108190       5.109480       5.111240       5.113010       5.114780       5.116550       5.118320       5.120090       5.121850       5.123610       5.125350       5.127090       5.128810       5.130520       5.132210       5.133890       5.135540       5.137170       5.138790       5.140380       5.141940       5.143480       5.145000       5.146490       5.147950       5.149380       5.150790       5.152160    
   5.104300       5.107000       5.109480       5.110790       5.111230       5.113000       5.114770       5.116550       5.118320       5.120090       5.121860       5.123620       5.125360       5.127100       5.128830       5.130540       5.132230       5.133910       5.135570       5.137210       5.138830       5.140420       5.141990       5.143540       5.145060       5.146550       5.148020       5.149460       5.150880       5.152260    
   5.105840       5.109480       5.110680       5.111230       5.111220       5.112990       5.114770       5.116550       5.118330       5.120100       5.121870       5.123630       5.125380       5.127120       5.128850       5.130570       5.132260       5.133950       5.135610       5.137250       5.138870       5.140470       5.142050       5.143600       5.145130       5.146630       5.148100       5.149550       5.150970       5.152370    
   5.109480       5.110650       5.111220       5.111220       5.112400       5.112990       5.114780       5.116560       5.118340       5.120120       5.121890       5.123660       5.125410       5.127160       5.128890       5.130600       5.132310       5.133990       5.135660       5.137300       5.138930       5.140530       5.142120       5.143670       5.145200       5.146710       5.148190       5.149650       5.151080       5.152480    
   5.110640       5.111220       5.111220       5.112200       5.112990       5.114190       5.114790       5.116580       5.118370       5.120150       5.121920       5.123690       5.125450       5.127200       5.128930       5.130650       5.132360       5.134040       5.135710       5.137360       5.139000       5.140600       5.142190       5.143750       5.145290       5.146800       5.148290       5.149750       5.151190       5.152590    
   5.111220       5.111220       5.112140       5.112990       5.113990       5.114790       5.115680       5.116580       5.118820       5.120180       5.121960       5.123730       5.125490       5.127240       5.128980       5.130700       5.132410       5.134110       5.135780       5.137430       5.139070       5.140680       5.142270       5.143840       5.145380       5.146900       5.148390       5.149860       5.151300       5.152720    
   5.111220       5.112120       5.112990       5.113920       5.114790       5.115240       5.115680       5.117820       5.120180       5.121070       5.122700       5.123780       5.125540       5.127300       5.129040       5.130770       5.132480       5.134170       5.135850       5.137510       5.139150       5.140770       5.142360       5.143930       5.145480       5.147010       5.148510       5.149980       5.151430       5.152850    
   5.112110       5.112990       5.113900       5.114790       5.115010       5.115240       5.117230       5.120180       5.120630       5.122320       5.123810       5.123830       5.125600       5.127360       5.129100       5.130830       5.132550       5.134250       5.135930       5.137600       5.139240       5.140860       5.142460       5.144040       5.145590       5.147120       5.148620       5.150100       5.151550       5.152980    
   5.112990       5.113890       5.114790       5.114900       5.115010       5.116920       5.120180       5.120400       5.122150       5.123820       5.123830       5.124710       5.126050       5.127420       5.129170       5.130910       5.132630       5.134330       5.136020       5.137690       5.139330       5.140960       5.142560       5.144140       5.145700       5.147240       5.148740       5.150230       5.151690       5.153120    
   5.113890       5.114790       5.114850       5.114900       5.116750       5.120180       5.120290       5.122080       5.123820       5.123830       5.124270       5.125500       5.127420       5.128290       5.129170       5.130900       5.132620       5.134330       5.136740       5.137780       5.139430       5.141060       5.142670       5.144260       5.145820       5.147360       5.148870       5.150360       5.151830       5.153260    
   5.114790       5.114820       5.114850       5.116670       5.120180       5.120240       5.122040       5.123830       5.123830       5.124050       5.125260       5.127420       5.127860       5.128290       5.129460       5.130900       5.132620       5.135880       5.137840       5.137890       5.139540       5.141170       5.142790       5.144380       5.145940       5.147490       5.149010       5.150500       5.151970       5.153410    
   5.114800       5.114820       5.116630       5.120180       5.120210       5.122020       5.123830       5.123830       5.123940       5.125140       5.127420       5.127640       5.127860       5.128540       5.129550       5.130990       5.135030       5.137860       5.137890       5.139030       5.139650       5.141290       5.142910       5.144500       5.146070       5.147620       5.149140       5.150640       5.152120       5.153560    
   5.114800       5.116610       5.120180       5.120190       5.122010       5.123830       5.123830       5.123890       5.125080       5.127420       5.127530       5.127640       5.128010       5.128650       5.129690       5.134340       5.137880       5.137890       5.139160       5.139770       5.140760       5.141410       5.143030       5.144630       5.146210       5.147760       5.149290       5.150790       5.152270       5.153720    
   5.116600       5.120180       5.120190       5.122010       5.123830       5.123830       5.123860       5.125050       5.127420       5.127470       5.127530       5.127730       5.128100       5.130870       5.134350       5.138240       5.138240       5.139030       5.139910       5.139950       5.139890       5.141540       5.143160       5.144760       5.146340       5.147900       5.149430       5.150940       5.152420       5.153880    
   5.120180       5.120180       5.122010       5.123830       5.123830       5.123840       5.125040       5.127420       5.127450       5.127470       5.127580       5.127780       5.132200       5.137140       5.137140       5.138030       5.138610       5.138590       5.139580       5.140010       5.140010       5.141670       5.143290       5.144900       5.146480       5.148040       5.149580       5.151090       5.152580       5.154040    
   5.120180       5.122010       5.123830       5.123830       5.123840       5.125030       5.127420       5.127430       5.127450       5.127500       5.130880       5.135790       5.136700       5.137150       5.137150       5.137140       5.138130       5.138620       5.138590       5.139750       5.140140       5.141800       5.143430       5.145040       5.146630       5.148190       5.149730       5.151250       5.152740       5.154200    
   5.122010       5.123830       5.123830       5.123830       5.125030       5.127420       5.127430       5.127430       5.127460       5.131480       5.135790       5.135790       5.135790       5.136700       5.137160       5.137160       5.137140       5.138180       5.138650       5.138590       5.140270       5.141930       5.143570       5.145180       5.146770       5.148340       5.149890       5.151410       5.152900       5.154370    
   5.123830       5.123830       5.123830       5.125030       5.127420       5.127420       5.127430       5.129230       5.132030       5.135790       5.135790       5.135790       5.135790       5.135790       5.136720       5.137170       5.137170       5.137140       5.138320       5.138720       5.140410       5.142070       5.143710       5.145330       5.146920       5.148500       5.150040       5.151570       5.153060       5.154540    
   5.123830       5.123830       5.125030       5.127420       5.127420       5.129610       5.132890       5.133750       5.134600       5.135390       5.135790       5.135790       5.135790       5.135790       5.135790       5.136750       5.137210       5.137210       5.137140       5.138850       5.140540       5.142210       5.143850       5.145480       5.147080       5.148650       5.150200       5.151730       5.153230       5.154710    
   5.123830       5.125030       5.127420       5.127420       5.130050       5.132890       5.132890       5.132890       5.133750       5.134600       5.135400       5.135790       5.135790       5.135790       5.135790       5.135790       5.136820       5.137270       5.137270       5.138990       5.140680       5.142350       5.144000       5.145630       5.147230       5.148810       5.150360       5.151890       5.153400       5.154880    
