iMOD/TUTORIALS/TUT_MetaswapAnalyser/model_MetaSWAP/meteo/Evaporation/Evaporation_20060913_L1.ASC
NCOLS                30
NROWS                30
XLLCORNER     160000.00
YLLCORNER     340000.00
CELLSIZE        1000.00
NODATA_VALUE   -9999.00
   3.029570       3.030240       3.030890       3.031540       3.032180       3.032800       3.033420       3.034030       3.034640       3.035230       3.035830       3.036410       3.037000       3.037580       3.038160       3.038730       3.039310       3.039880       3.040460       3.041030       3.041610       3.042190       3.042760       3.043340       3.043930       3.044510       3.045100       3.045690       3.046280       3.046880    
   3.030510       3.031180       3.031840       3.032490       3.033130       3.033760       3.034380       3.035000       3.035600       3.036200       3.036800       3.037390       3.037970       3.038560       3.039140       3.039720       3.040300       3.040870       3.041450       3.042030       3.042600       3.043180       3.043760       3.044340       3.044930       3.045510       3.046100       3.046700       3.047290       3.047890    
   3.031450       3.032120       3.032780       3.033430       3.034070       3.034710       3.035330       3.035950       3.036560       3.037160       3.037760       3.038350       3.038940       3.039520       3.040110       3.040690       3.041270       3.041850       3.042430       3.043010       3.043590       3.044170       3.044750       3.045330       3.045920       3.046510       3.047100       3.047690       3.048290       3.048890    
   3.032370       3.033040       3.033710       3.034360       3.035010       3.035640       3.036270       3.036880       3.037500       3.038100       3.038700       3.039300       3.039890       3.040480       3.041070       3.041650       3.042230       3.042810       3.043400       3.043980       3.044560       3.045140       3.045730       3.046310       3.046900       3.047490       3.048080       3.048680       3.049280       3.049880    
   3.033280       3.033960       3.034620       3.035280       3.035920       3.036560       3.037190       3.037810       3.038430       3.039030       3.039640       3.040240       3.040830       3.041420       3.042010       3.042600       3.043180       3.043770       3.044350       3.044940       3.045520       3.046100       3.046690       3.047280       3.047870       3.048460       3.049060       3.049660       3.050260       3.050860    
   3.034180       3.034860       3.035520       3.036180       3.036830       3.037470       3.038100       3.038730       3.039340       3.039960       3.040560       3.041160       3.041760       3.042360       3.042950       3.043540       3.044120       3.044710       3.045300       3.045880       3.046470       3.047060       3.047650       3.048240       3.048830       3.049420       3.050020       3.050620       3.051230       3.051830    
   3.035070       3.035750       3.036420       3.037080       3.037730       3.038370       3.039010       3.039630       3.040250       3.040870       3.041480       3.042080       3.042680       3.043280       3.043870       3.044460       3.045050       3.045640       3.046230       3.046820       3.047410       3.048000       3.048590       3.049190       3.049780       3.050380       3.050980       3.051580       3.052190       3.052800    
   3.035940       3.036630       3.037300       3.037960       3.038620       3.039260       3.039900       3.040530       3.041150       3.041770       3.042380       3.042980       3.043590       3.044190       3.044780       3.045380       3.045970       3.046570       3.047160       3.047750       3.048340       3.048940       3.049530       3.050130       3.050720       3.051320       3.051930       3.052530       3.053140       3.053750    
   3.036810       3.037500       3.038170       3.038840       3.039490       3.040140       3.040780       3.041410       3.042040       3.042660       3.043270       3.043880       3.044490       3.045090       3.045690       3.046290       3.046880       3.047480       3.048070       3.048670       3.049260       3.049860       3.050460       3.051060       3.051660       3.052260       3.052860       3.053470       3.054080       3.054700    
   3.037670       3.038360       3.039040       3.039700       3.040360       3.041010       3.041650       3.042290       3.042910       3.043540       3.044150       3.044770       3.045380       3.045980       3.046580       3.047180       3.047780       3.048380       3.048980       3.049580       3.050180       3.050770       3.051370       3.051980       3.052580       3.053180       3.053790       3.054400       3.055020       3.055630    
   3.037670       3.038360       3.039420       3.040560       3.041220       3.041870       3.042510       3.043150       3.043780       3.044410       3.045030       3.045640       3.046250       3.046860       3.047470       3.048070       3.048670       3.049280       3.049880       3.050480       3.051080       3.051680       3.052280       3.052890       3.053490       3.054100       3.054710       3.055330       3.055940       3.056560    
   3.037670       3.039000       3.040560       3.041690       3.042070       3.042720       3.043370       3.044010       3.044640       3.045270       3.045890       3.046510       3.047120       3.047740       3.048340       3.048950       3.049560       3.050160       3.050770       3.051370       3.051970       3.052580       3.053180       3.053790       3.054400       3.055010       3.055630       3.056240       3.056860       3.057490    
   3.038550       3.040560       3.041910       3.042490       3.042910       3.043570       3.044220       3.044860       3.045490       3.046120       3.046750       3.047370       3.047990       3.048600       3.049210       3.049820       3.050430       3.051040       3.051640       3.052250       3.052860       3.053470       3.054080       3.054690       3.055300       3.055910       3.056530       3.057150       3.057780       3.058400    
   3.040560       3.042020       3.042700       3.042910       3.043630       3.044400       3.045050       3.045700       3.046340       3.046970       3.047600       3.048220       3.048840       3.049460       3.050070       3.050690       3.051300       3.051910       3.052520       3.053130       3.053740       3.054350       3.054960       3.055580       3.056190       3.056810       3.057430       3.058050       3.058680       3.059310    
   3.042070       3.042810       3.042910       3.043650       3.044400       3.045110       3.045880       3.046530       3.047170       3.047810       3.048440       3.049060       3.049690       3.050310       3.050920       3.051540       3.052150       3.052770       3.053380       3.053990       3.054610       3.055220       3.055840       3.056460       3.057070       3.057700       3.058320       3.058950       3.059580       3.060210    
   3.042860       3.042910       3.043650       3.044400       3.045130       3.045880       3.046210       3.046530       3.047540       3.048640       3.049270       3.049900       3.050530       3.051150       3.051770       3.052390       3.053000       3.053620       3.054240       3.054850       3.055470       3.056090       3.056710       3.057330       3.057950       3.058580       3.059200       3.059830       3.060470       3.061100    
   3.042910       3.043650       3.044400       3.045140       3.045880       3.046040       3.046200       3.047230       3.048640       3.048950       3.050020       3.050730       3.051360       3.051980       3.052610       3.053230       3.053850       3.054470       3.055090       3.055710       3.056330       3.056950       3.057570       3.058190       3.058820       3.059450       3.060080       3.060710       3.061350       3.061990    
   3.043650       3.044400       3.045140       3.045880       3.045960       3.046040       3.047030       3.048640       3.048800       3.050060       3.051140       3.051550       3.052180       3.052810       3.053440       3.054060       3.054680       3.055310       3.055930       3.056550       3.057180       3.057800       3.058430       3.059050       3.059680       3.060320       3.060950       3.061590       3.062230       3.062870    
   3.044400       3.045140       3.045880       3.045920       3.045960       3.046920       3.048640       3.048720       3.050080       3.051340       3.051550       3.051870       3.052540       3.053630       3.054260       3.054890       3.055510       3.056140       3.056760       3.057390       3.058020       3.058650       3.059270       3.059910       3.060540       3.061180       3.061810       3.062460       3.063100       3.063750    
   3.045140       3.045880       3.045900       3.045920       3.046860       3.048640       3.048680       3.050090       3.051450       3.051550       3.051710       3.052400       3.053630       3.053950       3.054260       3.054890       3.055510       3.056140       3.057510       3.058220       3.058850       3.059480       3.060120       3.060750       3.061390       3.062030       3.062670       3.063320       3.063970       3.064620    
   3.045880       3.045890       3.045900       3.046830       3.048640       3.048660       3.050090       3.051500       3.051550       3.051630       3.052320       3.053630       3.053790       3.053950       3.054360       3.054890       3.055510       3.057370       3.058630       3.059050       3.059680       3.060320       3.060960       3.061590       3.062230       3.062880       3.063520       3.064170       3.064830       3.065480    
   3.045890       3.045890       3.046820       3.048640       3.048650       3.050090       3.051520       3.051550       3.051590       3.052280       3.053630       3.053710       3.053790       3.054030       3.054400       3.054920       3.057130       3.058840       3.059050       3.059750       3.060510       3.061150       3.061790       3.062430       3.063070       3.063720       3.064370       3.065020       3.065680       3.066340    
   3.045890       3.046810       3.048640       3.048650       3.050090       3.051540       3.051550       3.051570       3.052260       3.053630       3.053670       3.053710       3.053840       3.054070       3.054450       3.057380       3.058950       3.059050       3.060670       3.061330       3.061710       3.061970       3.062610       3.063260       3.063910       3.064560       3.065210       3.065870       3.066530       3.067200    
   3.046800       3.048640       3.048640       3.050090       3.051540       3.051550       3.051560       3.052250       3.053630       3.053650       3.053670       3.053740       3.053870       3.056800       3.059310       3.061480       3.061480       3.061840       3.062270       3.062540       3.062140       3.062790       3.063440       3.064080       3.064740       3.065390       3.066050       3.066710       3.067380       3.068050    
   3.048640       3.048640       3.050090       3.051550       3.051550       3.051550       3.052250       3.053630       3.053640       3.053650       3.053690       3.053760       3.058830       3.064860       3.064840       3.063660       3.064010       3.063910       3.063300       3.062950       3.062950       3.063600       3.064250       3.064910       3.065560       3.066220       3.066880       3.067550       3.068220       3.068890    
   3.048640       3.050090       3.051550       3.051550       3.051550       3.052250       3.053630       3.053640       3.053640       3.053660       3.058830       3.066520       3.065440       3.064890       3.064890       3.064840       3.064330       3.064110       3.063910       3.063800       3.063760       3.064410       3.065070       3.065720       3.066380       3.067050       3.067710       3.068380       3.069060       3.069730    
   3.050090       3.051550       3.051550       3.051550       3.052240       3.053630       3.053630       3.053640       3.053640       3.059830       3.066520       3.066520       3.066520       3.065470       3.064940       3.064940       3.064840       3.064450       3.064300       3.063910       3.064560       3.065220       3.065870       3.066540       3.067200       3.067870       3.068540       3.069210       3.069890       3.070570    
   3.051550       3.051550       3.051550       3.052240       3.053630       3.053630       3.053630       3.057660       3.061830       3.066520       3.066520       3.066520       3.066520       3.066520       3.065540       3.065040       3.065030       3.064840       3.064730       3.064700       3.065360       3.066020       3.066680       3.067340       3.068010       3.068680       3.069360       3.070040       3.070720       3.071410    
   3.051550       3.051550       3.052240       3.053630       3.053630       3.060110       3.069830       3.069780       3.069730       3.067600       3.066530       3.066520       3.066520       3.066520       3.066520       3.065680       3.065230       3.065230       3.064840       3.065490       3.066150       3.066820       3.067480       3.068150       3.068820       3.069500       3.070180       3.070860       3.071550       3.072240    
   3.051550       3.052240       3.053630       3.053630       3.061410       3.069830       3.069830       3.069830       3.069780       3.069730       3.067610       3.066540       3.066520       3.066520       3.066520       3.066520       3.065950       3.065620       3.065620       3.066280       3.066950       3.067610       3.068280       3.068950       3.069630       3.070310       3.070990       3.071680       3.072370       3.073070    
