iMOD/TUTORIALS/TUT_MetaswapAnalyser/model_MetaSWAP/meteo/Evaporation/Evaporation_20051212_L1.ASC
NCOLS                30
NROWS                30
XLLCORNER     160000.00
YLLCORNER     340000.00
CELLSIZE        1000.00
NODATA_VALUE   -9999.00
  0.1851100      0.1841900      0.1832800      0.1823600      0.1814400      0.1805200      0.1795900      0.1786700      0.1777500      0.1768300      0.1759100      0.1749900      0.1740700      0.1731500      0.1722400      0.1713300      0.1704200      0.1695100      0.1686100      0.1677100      0.1668200      0.1659300      0.1650400      0.1641600      0.1632800      0.1624100      0.1615400      0.1606800      0.1598300      0.1589800    
  0.1833000      0.1823900      0.1814700      0.1805500      0.1796300      0.1787100      0.1777900      0.1768700      0.1759500      0.1750300      0.1741100      0.1732000      0.1722800      0.1713700      0.1704500      0.1695500      0.1686400      0.1677400      0.1668400      0.1659400      0.1650500      0.1641600      0.1632800      0.1624000      0.1615300      0.1606600      0.1597900      0.1589400      0.1580800      0.1572400    
  0.1814800      0.1805700      0.1796600      0.1787400      0.1778200      0.1769000      0.1759900      0.1750700      0.1741500      0.1732300      0.1723100      0.1714000      0.1704800      0.1695700      0.1686600      0.1677600      0.1668500      0.1659500      0.1650600      0.1641600      0.1632700      0.1623900      0.1615100      0.1606300      0.1597600      0.1589000      0.1580400      0.1571800      0.1563300      0.1554900    
  0.1796600      0.1787500      0.1778400      0.1769200      0.1760100      0.1750900      0.1741700      0.1732500      0.1723400      0.1714200      0.1705100      0.1695900      0.1686800      0.1677700      0.1668700      0.1659600      0.1650600      0.1641600      0.1632700      0.1623800      0.1614900      0.1606100      0.1597300      0.1588600      0.1579900      0.1571300      0.1562700      0.1554200      0.1545800      0.1537400    
  0.1778300      0.1769200      0.1760100      0.1751000      0.1741800      0.1732700      0.1723500      0.1714400      0.1705200      0.1696100      0.1686900      0.1677800      0.1668700      0.1659700      0.1650600      0.1641600      0.1632600      0.1623700      0.1614700      0.1605900      0.1597000      0.1588200      0.1579500      0.1570800      0.1562200      0.1553600      0.1545100      0.1536600      0.1528200      0.1519800    
  0.1760000      0.1750900      0.1741800      0.1732700      0.1723500      0.1714400      0.1705200      0.1696100      0.1687000      0.1677900      0.1668700      0.1659700      0.1650600      0.1641500      0.1632500      0.1623500      0.1614600      0.1605600      0.1596700      0.1587900      0.1579100      0.1570300      0.1561600      0.1553000      0.1544300      0.1535800      0.1527300      0.1518900      0.1510500      0.1502200    
  0.1741600      0.1732500      0.1723400      0.1714300      0.1705200      0.1696000      0.1686900      0.1677800      0.1668700      0.1659600      0.1650500      0.1641400      0.1632400      0.1623300      0.1614300      0.1605400      0.1596400      0.1587500      0.1578700      0.1569900      0.1561100      0.1552300      0.1543700      0.1535000      0.1526500      0.1517900      0.1509500      0.1501100      0.1492700      0.1484400    
  0.1723100      0.1714000      0.1705000      0.1695900      0.1686800      0.1677700      0.1668500      0.1659400      0.1650300      0.1641300      0.1632200      0.1623100      0.1614100      0.1605100      0.1596100      0.1587200      0.1578300      0.1569400      0.1560500      0.1551800      0.1543000      0.1534300      0.1525700      0.1517100      0.1508500      0.1500000      0.1491600      0.1483200      0.1474900      0.1466700    
  0.1704600      0.1695600      0.1686500      0.1677400      0.1668300      0.1659200      0.1650100      0.1641000      0.1631900      0.1622900      0.1613800      0.1604800      0.1595800      0.1586800      0.1577800      0.1568900      0.1560000      0.1551200      0.1542400      0.1533600      0.1524900      0.1516200      0.1507600      0.1499000      0.1490500      0.1482100      0.1473700      0.1465300      0.1457100      0.1448900    
  0.1686100      0.1677000      0.1668000      0.1658900      0.1649800      0.1640700      0.1631600      0.1622600      0.1613500      0.1604400      0.1595400      0.1586400      0.1577400      0.1568400      0.1559500      0.1550600      0.1541700      0.1532900      0.1524100      0.1515400      0.1506700      0.1498100      0.1489500      0.1481000      0.1472500      0.1464100      0.1455700      0.1447400      0.1439200      0.1431000    
  0.1686070      0.1677030      0.1661050      0.1640300      0.1631200      0.1622200      0.1613100      0.1604100      0.1595000      0.1586000      0.1576900      0.1568000      0.1559000      0.1550000      0.1541100      0.1532300      0.1523400      0.1514600      0.1505900      0.1497200      0.1488500      0.1479900      0.1471300      0.1462800      0.1454400      0.1446000      0.1437700      0.1429400      0.1421200      0.1413100    
  0.1686070      0.1666110      0.1640300      0.1619550      0.1612700      0.1603600      0.1594500      0.1585500      0.1576500      0.1567400      0.1558400      0.1549500      0.1540500      0.1531600      0.1522700      0.1513800      0.1505000      0.1496300      0.1487500      0.1478900      0.1470200      0.1461600      0.1453100      0.1444700      0.1436200      0.1427900      0.1419600      0.1411400      0.1403200      0.1395100    
  0.1671890      0.1640300      0.1614300      0.1603350      0.1594000      0.1585000      0.1575900      0.1566900      0.1557900      0.1548900      0.1539900      0.1530900      0.1522000      0.1513100      0.1504200      0.1495400      0.1486600      0.1477900      0.1469200      0.1460500      0.1451900      0.1443400      0.1434900      0.1426400      0.1418100      0.1409700      0.1401500      0.1393300      0.1385200      0.1377100    
  0.1640300      0.1611820      0.1598670      0.1594000      0.1581770      0.1566300      0.1557300      0.1548300      0.1539300      0.1530300      0.1521300      0.1512400      0.1503500      0.1494600      0.1485700      0.1476900      0.1468200      0.1459400      0.1450800      0.1442100      0.1433600      0.1425000      0.1416600      0.1408200      0.1399800      0.1391600      0.1383300      0.1375200      0.1367100      0.1359100    
  0.1610610      0.1596340      0.1594000      0.1580690      0.1566300      0.1554070      0.1538600      0.1529600      0.1520600      0.1511700      0.1502700      0.1493800      0.1484900      0.1476000      0.1467200      0.1458400      0.1449700      0.1441000      0.1432300      0.1423700      0.1415200      0.1406700      0.1398200      0.1389900      0.1381600      0.1373300      0.1365100      0.1357000      0.1349000      0.1341000    
  0.1595170      0.1594000      0.1580330      0.1566300      0.1552990      0.1538600      0.1534100      0.1529600      0.1513720      0.1493000      0.1484100      0.1475100      0.1466300      0.1457400      0.1448600      0.1439800      0.1431100      0.1422400      0.1413800      0.1405200      0.1396700      0.1388300      0.1379900      0.1371500      0.1363300      0.1355100      0.1346900      0.1338800      0.1330800      0.1322900    
  0.1594000      0.1580210      0.1566300      0.1552630      0.1538600      0.1536350      0.1534100      0.1517610      0.1493000      0.1488550      0.1469300      0.1456500      0.1447600      0.1438800      0.1430000      0.1421300      0.1412600      0.1403900      0.1395300      0.1386800      0.1378300      0.1369800      0.1361500      0.1353200      0.1344900      0.1336800      0.1328700      0.1320600      0.1312700      0.1304800    
  0.1580170      0.1566300      0.1552510      0.1538600      0.1537470      0.1536350      0.1520260      0.1493000      0.1490780      0.1467160      0.1447150      0.1437800      0.1428900      0.1420100      0.1411400      0.1402600      0.1394000      0.1385300      0.1376800      0.1368200      0.1359800      0.1351400      0.1343000      0.1334800      0.1326600      0.1318400      0.1310400      0.1302400      0.1294400      0.1286600    
  0.1566300      0.1552470      0.1538600      0.1538040      0.1537470      0.1521770      0.1493000      0.1491890      0.1466240      0.1442480      0.1437800      0.1433350      0.1422080      0.1401500      0.1392700      0.1384000      0.1375300      0.1366700      0.1358200      0.1349700      0.1341300      0.1332900      0.1324600      0.1316400      0.1308200      0.1300100      0.1292100      0.1284100      0.1276200      0.1268400    
  0.1552460      0.1538600      0.1538320      0.1538040      0.1522570      0.1493000      0.1492440      0.1465810      0.1440140      0.1437800      0.1435570      0.1423680      0.1401500      0.1397100      0.1392730      0.1384000      0.1375330      0.1366730      0.1343640      0.1331100      0.1322700      0.1314400      0.1306100      0.1297900      0.1289800      0.1281700      0.1273700      0.1265800      0.1258000      0.1250200    
  0.1538600      0.1538460      0.1538320      0.1522980      0.1493000      0.1492720      0.1465610      0.1438970      0.1437800      0.1436690      0.1424640      0.1401500      0.1399300      0.1397110      0.1391280      0.1384020      0.1375360      0.1344000      0.1321800      0.1312500      0.1304200      0.1295800      0.1287600      0.1279400      0.1271300      0.1263300      0.1255400      0.1247500      0.1239700      0.1231900    
  0.1538530      0.1538460      0.1523190      0.1493000      0.1492860      0.1465500      0.1438380      0.1437800      0.1437240      0.1425160      0.1401500      0.1400400      0.1399300      0.1395900      0.1390800      0.1383550      0.1346610      0.1317150      0.1312500      0.1300770      0.1285600      0.1277300      0.1269100      0.1260900      0.1252900      0.1244900      0.1237000      0.1229100      0.1221400      0.1213700    
  0.1538530      0.1523290      0.1493000      0.1492930      0.1465450      0.1438090      0.1437800      0.1437520      0.1425430      0.1401500      0.1400950      0.1400400      0.1398530      0.1395330      0.1390080      0.1338480      0.1314820      0.1312500      0.1279840      0.1267000      0.1262040      0.1258700      0.1250600      0.1242400      0.1234400      0.1226500      0.1218600      0.1210800      0.1203100      0.1195400    
  0.1523350      0.1493000      0.1492970      0.1465430      0.1437950      0.1437800      0.1437660      0.1425560      0.1401500      0.1401230      0.1400950      0.1399960      0.1398090      0.1338910      0.1292670      0.1256600      0.1256600      0.1251570      0.1245290      0.1239100      0.1248400      0.1240200      0.1232000      0.1223900      0.1215900      0.1208000      0.1200200      0.1192400      0.1184700      0.1177100    
  0.1493000      0.1492980      0.1465410      0.1437870      0.1437800      0.1437730      0.1425630      0.1401500      0.1401360      0.1401230      0.1400710      0.1399670      0.1295720      0.1171120      0.1171700      0.1203810      0.1198380      0.1200700      0.1219520      0.1229770      0.1229800      0.1221600      0.1213400      0.1205400      0.1197400      0.1189600      0.1181800      0.1174100      0.1166400      0.1158900    
  0.1492990      0.1465410      0.1437840      0.1437800      0.1437770      0.1425670      0.1401500      0.1401430      0.1401360      0.1401100      0.1289960      0.1124100      0.1154960      0.1170530      0.1170530      0.1171700      0.1188570      0.1196050      0.1200700      0.1208530      0.1211100      0.1203000      0.1194900      0.1186900      0.1179000      0.1171100      0.1163400      0.1155700      0.1148100      0.1140600    
  0.1465400      0.1437820      0.1437800      0.1437780      0.1425680      0.1401500      0.1401470      0.1401430      0.1401300      0.1268120      0.1124100      0.1124100      0.1124100      0.1154100      0.1169360      0.1169360      0.1171700      0.1185820      0.1191400      0.1200700      0.1192500      0.1184400      0.1176300      0.1168300      0.1160500      0.1152700      0.1144900      0.1137300      0.1129800      0.1122300    
  0.1437810      0.1437800      0.1437790      0.1425690      0.1401500      0.1401480      0.1401470      0.1310950      0.1221720      0.1124050      0.1124100      0.1124100      0.1124100      0.1124100      0.1152390      0.1167030      0.1167020      0.1171700      0.1179480      0.1182100      0.1173900      0.1165800      0.1157800      0.1149800      0.1142000      0.1134200      0.1126500      0.1118900      0.1111400      0.1104000    
  0.1437800      0.1437800      0.1425700      0.1401500      0.1401490      0.1252720      0.1029600      0.1034600      0.1039600      0.1095790      0.1123950      0.1124100      0.1124100      0.1124100      0.1124100      0.1149080      0.1162360      0.1162350      0.1171700      0.1163400      0.1155300      0.1147200      0.1139200      0.1131300      0.1123500      0.1115700      0.1108100      0.1100600      0.1093100      0.1085700    
  0.1437800      0.1425700      0.1401500      0.1401500      0.1222950      0.1029560      0.1029560      0.1029600      0.1034600      0.1039600      0.1095530      0.1123640      0.1124100      0.1124100      0.1124100      0.1124100      0.1142830      0.1153030      0.1153000      0.1144800      0.1136700      0.1128600      0.1120600      0.1112800      0.1105000      0.1097300      0.1089700      0.1082200      0.1074800      0.1067400    
