iMOD/TUTORIALS/TUT_MetaswapAnalyser/model_MetaSWAP/meteo/Evaporation/Evaporation_20060909_L1.ASC
NCOLS                30
NROWS                30
XLLCORNER     160000.00
YLLCORNER     340000.00
CELLSIZE        1000.00
NODATA_VALUE   -9999.00
   3.169890       3.168150       3.166380       3.164580       3.162750       3.160900       3.159020       3.157130       3.155220       3.153290       3.151350       3.149400       3.147430       3.145460       3.143480       3.141500       3.139510       3.137530       3.135540       3.133540       3.131560       3.129570       3.127580       3.125600       3.123630       3.121660       3.119690       3.117730       3.115780       3.113830    
   3.170970       3.169240       3.167470       3.165680       3.163870       3.162030       3.160160       3.158280       3.156380       3.154470       3.152540       3.150600       3.148640       3.146680       3.144720       3.142740       3.140770       3.138790       3.136810       3.134830       3.132850       3.130870       3.128900       3.126920       3.124960       3.122990       3.121030       3.119080       3.117140       3.115200    
   3.172030       3.170310       3.168560       3.166770       3.164970       3.163140       3.161290       3.159420       3.157530       3.155620       3.153710       3.151780       3.149840       3.147890       3.145930       3.143970       3.142000       3.140040       3.138070       3.136100       3.134120       3.132160       3.130190       3.128230       3.126270       3.124310       3.122360       3.120420       3.118480       3.116550    
   3.173080       3.171370       3.169620       3.167850       3.166050       3.164230       3.162390       3.160530       3.158660       3.156760       3.154860       3.152940       3.151010       3.149070       3.147130       3.145180       3.143220       3.141260       3.139300       3.137340       3.135380       3.133420       3.131470       3.129510       3.127560       3.125610       3.123670       3.121740       3.119810       3.117880    
   3.174120       3.172410       3.170670       3.168910       3.167120       3.165320       3.163490       3.161640       3.159770       3.157890       3.155990       3.154090       3.152170       3.150240       3.148310       3.146370       3.144420       3.142480       3.140530       3.138580       3.136620       3.134680       3.132730       3.130780       3.128840       3.126900       3.124970       3.123040       3.121120       3.119200    
   3.175150       3.173440       3.171720       3.169960       3.168180       3.166380       3.164560       3.162730       3.160870       3.159000       3.157110       3.155220       3.153310       3.151400       3.149470       3.147540       3.145610       3.143670       3.141730       3.139790       3.137850       3.135910       3.133970       3.132040       3.130100       3.128170       3.126250       3.124330       3.122410       3.120510    
   3.176160       3.174470       3.172740       3.171000       3.169230       3.167440       3.165630       3.163800       3.161950       3.160090       3.158220       3.156340       3.154440       3.152530       3.150620       3.148700       3.146780       3.144850       3.142920       3.140990       3.139060       3.137130       3.135200       3.133270       3.131350       3.129430       3.127510       3.125600       3.123700       3.121800    
   3.177170       3.175480       3.173760       3.172020       3.170260       3.168480       3.166680       3.164860       3.163030       3.161180       3.159310       3.157440       3.155550       3.153660       3.151760       3.149850       3.147930       3.146020       3.144100       3.142180       3.140260       3.138330       3.136420       3.134500       3.132580       3.130670       3.128760       3.126860       3.124960       3.123070    
   3.178160       3.176480       3.174770       3.173040       3.171290       3.169510       3.167720       3.165910       3.164090       3.162250       3.160390       3.158530       3.156650       3.154770       3.152880       3.150980       3.149080       3.147170       3.145260       3.143350       3.141440       3.139530       3.137620       3.135710       3.133800       3.131900       3.130000       3.128110       3.126220       3.124340    
   3.179150       3.177470       3.175770       3.174050       3.172300       3.170540       3.168750       3.166950       3.165130       3.163300       3.161460       3.159600       3.157740       3.155860       3.153980       3.152100       3.150200       3.148310       3.146410       3.144510       3.142600       3.140700       3.138800       3.136900       3.135010       3.133120       3.131230       3.129340       3.127460       3.125590    
   3.179140       3.177460       3.175580       3.175040       3.173300       3.171550       3.169770       3.167980       3.166170       3.164350       3.162520       3.160670       3.158810       3.156950       3.155080       3.153200       3.151320       3.149430       3.147540       3.145650       3.143760       3.141870       3.139980       3.138090       3.136200       3.134320       3.132440       3.130560       3.128690       3.126830    
   3.179130       3.176810       3.175040       3.174480       3.174300       3.172550       3.170780       3.169000       3.167200       3.165390       3.163560       3.161720       3.159880       3.158020       3.156160       3.154290       3.152420       3.150540       3.148660       3.146780       3.144900       3.143020       3.141140       3.139260       3.137380       3.135510       3.133640       3.131770       3.129910       3.128050    
   3.177940       3.175040       3.174900       3.174800       3.175290       3.173550       3.171790       3.170010       3.168220       3.166410       3.164600       3.162770       3.160930       3.159090       3.157230       3.155380       3.153510       3.151640       3.149770       3.147900       3.146030       3.144160       3.142290       3.140420       3.138550       3.136690       3.134830       3.132970       3.131120       3.129270    
   3.175040       3.175070       3.175040       3.175290       3.174460       3.174530       3.172780       3.171010       3.169230       3.167430       3.165620       3.163800       3.161980       3.160140       3.158300       3.156450       3.154590       3.152740       3.150880       3.149010       3.147150       3.145290       3.143430       3.141570       3.139710       3.137850       3.136000       3.134150       3.132310       3.130470    
   3.175140       3.175170       3.175290       3.174760       3.174530       3.173690       3.173770       3.172010       3.170230       3.168440       3.166640       3.164830       3.163010       3.161180       3.159350       3.157510       3.155660       3.153820       3.151960       3.150110       3.148260       3.146410       3.144550       3.142700       3.140860       3.139010       3.137170       3.135330       3.133500       3.131670    
   3.175230       3.175290       3.174860       3.174530       3.174000       3.173770       3.172890       3.172000       3.170030       3.169440       3.167650       3.165850       3.164040       3.162220       3.160390       3.158560       3.156730       3.154890       3.153040       3.151200       3.149360       3.147510       3.145670       3.143830       3.141990       3.140160       3.138320       3.136500       3.134670       3.132850    
   3.175290       3.174890       3.174530       3.174100       3.173770       3.173330       3.172890       3.171090       3.169440       3.168550       3.167530       3.166860       3.165060       3.163250       3.161430       3.159610       3.157780       3.155950       3.154120       3.152280       3.150450       3.148610       3.146780       3.144950       3.143120       3.141290       3.139470       3.137650       3.135840       3.134030    
   3.174900       3.174530       3.174130       3.173770       3.173550       3.173330       3.171690       3.169440       3.168990       3.168150       3.167360       3.167860       3.166070       3.164270       3.162460       3.160640       3.158820       3.157000       3.155180       3.153350       3.151530       3.149700       3.147880       3.146060       3.144240       3.142420       3.140610       3.138800       3.137000       3.135200    
   3.174530       3.174140       3.173770       3.173660       3.173550       3.172000       3.169440       3.169220       3.168410       3.167610       3.167860       3.166970       3.165870       3.165280       3.163480       3.161670       3.159860       3.158050       3.156230       3.154420       3.152600       3.150790       3.148970       3.147160       3.145350       3.143540       3.141740       3.139940       3.138140       3.136350    
   3.174150       3.173770       3.173710       3.173660       3.172160       3.169440       3.169330       3.168530       3.167740       3.167860       3.167410       3.166490       3.165280       3.164380       3.163480       3.161670       3.159860       3.158050       3.156140       3.155480       3.153670       3.151860       3.150060       3.148250       3.146450       3.144660       3.142860       3.141070       3.139290       3.137510    
   3.173770       3.173740       3.173710       3.172240       3.169440       3.169380       3.168590       3.167800       3.167860       3.167640       3.166760       3.165280       3.164830       3.164380       3.163180       3.161670       3.159860       3.157320       3.156000       3.156530       3.154730       3.152930       3.151130       3.149340       3.147550       3.145760       3.143980       3.142200       3.140420       3.138650    
   3.173760       3.173740       3.172290       3.169440       3.169410       3.168620       3.167830       3.167860       3.167750       3.166880       3.165280       3.165060       3.164830       3.164130       3.163070       3.161570       3.158330       3.156270       3.156530       3.155680       3.155780       3.153990       3.152200       3.150420       3.148640       3.146860       3.145080       3.143310       3.141550       3.139790    
   3.173760       3.172310       3.169440       3.169430       3.168640       3.167840       3.167860       3.167800       3.166940       3.165280       3.165170       3.165060       3.164670       3.164010       3.162920       3.159800       3.156400       3.156530       3.156860       3.156830       3.155760       3.155050       3.153270       3.151490       3.149720       3.147950       3.146190       3.144430       3.142670       3.140920    
   3.172320       3.169440       3.169430       3.168640       3.167850       3.167860       3.167830       3.166970       3.165280       3.165220       3.165170       3.164960       3.164580       3.164530       3.162690       3.159620       3.159630       3.158860       3.158040       3.158390       3.157870       3.156100       3.154330       3.152560       3.150800       3.149040       3.147280       3.145530       3.143790       3.142050    
   3.169440       3.169440       3.168650       3.167860       3.167860       3.167850       3.166990       3.165280       3.165250       3.165220       3.165120       3.164900       3.165430       3.166530       3.166500       3.163270       3.162850       3.162720       3.160160       3.158910       3.158910       3.157140       3.155380       3.153630       3.151870       3.150120       3.148380       3.146640       3.144900       3.143170    
   3.169440       3.168650       3.167860       3.167860       3.167850       3.166990       3.165280       3.165270       3.165250       3.165200       3.167550       3.171250       3.168130       3.166560       3.166560       3.166500       3.164100       3.162970       3.162720       3.160630       3.159940       3.158190       3.156430       3.154690       3.152940       3.151200       3.149460       3.147730       3.146010       3.144290    
   3.168650       3.167860       3.167860       3.167860       3.167000       3.165280       3.165270       3.165270       3.165240       3.168100       3.171250       3.171250       3.171250       3.168180       3.166630       3.166630       3.166500       3.164220       3.163230       3.162720       3.160970       3.159230       3.157480       3.155740       3.154010       3.152280       3.150550       3.148830       3.147110       3.145400    
   3.167860       3.167860       3.167860       3.167000       3.165280       3.165280       3.165270       3.168450       3.170230       3.171250       3.171250       3.171250       3.171250       3.171250       3.168270       3.166750       3.166750       3.166500       3.164430       3.163740       3.162000       3.160260       3.158530       3.156800       3.155070       3.153350       3.151630       3.149920       3.148210       3.146510    
   3.167860       3.167860       3.167000       3.165280       3.165280       3.171460       3.180730       3.179370       3.178010       3.173510       3.171260       3.171250       3.171250       3.171250       3.171250       3.168440       3.167010       3.167010       3.166500       3.164760       3.163030       3.161300       3.159570       3.157850       3.156130       3.154420       3.152710       3.151010       3.149310       3.147620    
   3.167860       3.167000       3.165280       3.165280       3.172700       3.180730       3.180730       3.180730       3.179370       3.178010       3.173530       3.171280       3.171250       3.171250       3.171250       3.171250       3.168740       3.167510       3.167510       3.165780       3.164050       3.162330       3.160610       3.158900       3.157190       3.155480       3.153790       3.152090       3.150410       3.148730    
