iMOD/TUTORIALS/TUT_MetaswapAnalyser/model_MetaSWAP/meteo/Evaporation/Evaporation_20061103_L1.ASC
NCOLS                30
NROWS                30
XLLCORNER     160000.00
YLLCORNER     340000.00
CELLSIZE        1000.00
NODATA_VALUE   -9999.00
  0.5135200      0.5119000      0.5102700      0.5086400      0.5070000      0.5053500      0.5036900      0.5020300      0.5003600      0.4986800      0.4970000      0.4953100      0.4936100      0.4919000      0.4901900      0.4884700      0.4867400      0.4850100      0.4832600      0.4815200      0.4797600      0.4780000      0.4762300      0.4744500      0.4726700      0.4708800      0.4690800      0.4672800      0.4654700      0.4636500    
  0.5141300      0.5124900      0.5108400      0.5091900      0.5075300      0.5058700      0.5041900      0.5025100      0.5008300      0.4991300      0.4974300      0.4957300      0.4940100      0.4922900      0.4905600      0.4888300      0.4870900      0.4853400      0.4835900      0.4818300      0.4800600      0.4782900      0.4765100      0.4747200      0.4729300      0.4711300      0.4693300      0.4675100      0.4657000      0.4638700    
  0.5147500      0.5130900      0.5114200      0.5097500      0.5080700      0.5063800      0.5046900      0.5030000      0.5012900      0.4995800      0.4978700      0.4961500      0.4944200      0.4926800      0.4909400      0.4891900      0.4874400      0.4856800      0.4839200      0.4821500      0.4803700      0.4785800      0.4767900      0.4750000      0.4732000      0.4713900      0.4695700      0.4677500      0.4659300      0.4640900    
  0.5153600      0.5136800      0.5120000      0.5103000      0.5086100      0.5069000      0.5052000      0.5034800      0.5017600      0.5000400      0.4983000      0.4965700      0.4948200      0.4930800      0.4913200      0.4895600      0.4877900      0.4860200      0.4842500      0.4824600      0.4806700      0.4788800      0.4770800      0.4752700      0.4734600      0.4716400      0.4698200      0.4679900      0.4661600      0.4643200    
  0.5159800      0.5142800      0.5125800      0.5108600      0.5091500      0.5074300      0.5057000      0.5039700      0.5022300      0.5004900      0.4987400      0.4969900      0.4952300      0.4934700      0.4917000      0.4899300      0.4881500      0.4863700      0.4845800      0.4827800      0.4809800      0.4791800      0.4773700      0.4755500      0.4737300      0.4719000      0.4700700      0.4682400      0.4664000      0.4645500    
  0.5166100      0.5148800      0.5131600      0.5114300      0.5096900      0.5079500      0.5062100      0.5044600      0.5027100      0.5009500      0.4991900      0.4974200      0.4956400      0.4938700      0.4920900      0.4903000      0.4885100      0.4867100      0.4849100      0.4831000      0.4812900      0.4794800      0.4776600      0.4758300      0.4740000      0.4721700      0.4703300      0.4684800      0.4666300      0.4647800    
  0.5172300      0.5154900      0.5137400      0.5119900      0.5102400      0.5084800      0.5067200      0.5049500      0.5031800      0.5014100      0.4996300      0.4978500      0.4960600      0.4942700      0.4924700      0.4906700      0.4888700      0.4870600      0.4852400      0.4834300      0.4816000      0.4797800      0.4779500      0.4761100      0.4742700      0.4724300      0.4705800      0.4687300      0.4668700      0.4650100    
  0.5178600      0.5160900      0.5143300      0.5125600      0.5107800      0.5090100      0.5072300      0.5054500      0.5036600      0.5018700      0.5000700      0.4982800      0.4964700      0.4946700      0.4928600      0.4910500      0.4892300      0.4874100      0.4855800      0.4837500      0.4819200      0.4800800      0.4782400      0.4764000      0.4745500      0.4727000      0.4708400      0.4689800      0.4671200      0.4652500    
  0.5184900      0.5167000      0.5149200      0.5131300      0.5113400      0.5095400      0.5077400      0.5059400      0.5041400      0.5023300      0.5005200      0.4987100      0.4968900      0.4950700      0.4932500      0.4914200      0.4895900      0.4877600      0.4859200      0.4840800      0.4822400      0.4803900      0.4785400      0.4766900      0.4748300      0.4729700      0.4711000      0.4692400      0.4673600      0.4654900    
  0.5191200      0.5173200      0.5155100      0.5137000      0.5118900      0.5100800      0.5082600      0.5064500      0.5046200      0.5028000      0.5009800      0.4991500      0.4973200      0.4954800      0.4936400      0.4918000      0.4899600      0.4881200      0.4862700      0.4844100      0.4825600      0.4807000      0.4788400      0.4769800      0.4751100      0.4732400      0.4713700      0.4694900      0.4676100      0.4657300    
  0.5191230      0.5173170      0.5152030      0.5142800      0.5124500      0.5106200      0.5087800      0.5069500      0.5051100      0.5032700      0.5014300      0.4995900      0.4977400      0.4958900      0.4940400      0.4921900      0.4903300      0.4884700      0.4866100      0.4847500      0.4828800      0.4810200      0.4791500      0.4772700      0.4754000      0.4735200      0.4716400      0.4697500      0.4678700      0.4659800    
  0.5191220      0.5164810      0.5142800      0.5133270      0.5130100      0.5111600      0.5093100      0.5074600      0.5056000      0.5037500      0.5018900      0.5000300      0.4981700      0.4963100      0.4944400      0.4925800      0.4907100      0.4888400      0.4869600      0.4850900      0.4832100      0.4813300      0.4794500      0.4775700      0.4756900      0.4738000      0.4719100      0.4700200      0.4681200      0.4662300    
  0.5177020      0.5142800      0.5136170      0.5132900      0.5135700      0.5117100      0.5098400      0.5079700      0.5061000      0.5042300      0.5023500      0.5004800      0.4986000      0.4967300      0.4948500      0.4929700      0.4910900      0.4892000      0.4873200      0.4854300      0.4835400      0.4816600      0.4797600      0.4778700      0.4759800      0.4740800      0.4721900      0.4702900      0.4683900      0.4664800    
  0.5142800      0.5137240      0.5134300      0.5135700      0.5125130      0.5122600      0.5103700      0.5084800      0.5066000      0.5047100      0.5028200      0.5009300      0.4990400      0.4971500      0.4952600      0.4933600      0.4914700      0.4895700      0.4876800      0.4857800      0.4838800      0.4819800      0.4800800      0.4781800      0.4762800      0.4743700      0.4724700      0.4705600      0.4686500      0.4667400    
  0.5137690      0.5135000      0.5135700      0.5127810      0.5122600      0.5111800      0.5109100      0.5090000      0.5071000      0.5052000      0.5032900      0.5013900      0.4994800      0.4975700      0.4956700      0.4937600      0.4918500      0.4899500      0.4880400      0.4861300      0.4842200      0.4823100      0.4804000      0.4784900      0.4765800      0.4746600      0.4727500      0.4708400      0.4689200      0.4670000    
  0.5135350      0.5135700      0.5128700      0.5122600      0.5114500      0.5109100      0.5099550      0.5090030      0.5067470      0.5056900      0.5037700      0.5018500      0.4999300      0.4980100      0.4960900      0.4941600      0.4922400      0.4903200      0.4884000      0.4864800      0.4845600      0.4826400      0.4807200      0.4788000      0.4768800      0.4749600      0.4730400      0.4711200      0.4691900      0.4672700    
  0.5135700      0.5129000      0.5122600      0.5115400      0.5109100      0.5104320      0.5099560      0.5078490      0.5056900      0.5047300      0.5032800      0.5023100      0.5003800      0.4984400      0.4965100      0.4945700      0.4926400      0.4907100      0.4887800      0.4868400      0.4849100      0.4829800      0.4810500      0.4791200      0.4771900      0.4752600      0.4733300      0.4714000      0.4694700      0.4675400    
  0.5129100      0.5122600      0.5115700      0.5109100      0.5106710      0.5104330      0.5084820      0.5056900      0.5052100      0.5038050      0.5025450      0.5027800      0.5008300      0.4988800      0.4969300      0.4949900      0.4930400      0.4910900      0.4891500      0.4872100      0.4852700      0.4833200      0.4813800      0.4794400      0.4775100      0.4755700      0.4736300      0.4716900      0.4697500      0.4678200    
  0.5122600      0.5115800      0.5109100      0.5107910      0.5106710      0.5088190      0.5056900      0.5054500      0.5040300      0.5026630      0.5027800      0.5018050      0.5004550      0.4993300      0.4973600      0.4954000      0.4934400      0.4914900      0.4895300      0.4875800      0.4856200      0.4836700      0.4817200      0.4797700      0.4778300      0.4758800      0.4739300      0.4719900      0.4700400      0.4681000    
  0.5115830      0.5109100      0.5108500      0.5107910      0.5089930      0.5056900      0.5055700      0.5041340      0.5027210      0.5027800      0.5022930      0.5010920      0.4993300      0.4983450      0.4973630      0.4954000      0.4934430      0.4914870      0.4889760      0.4879500      0.4859900      0.4840300      0.4820600      0.4801100      0.4781500      0.4761900      0.4742400      0.4722900      0.4703400      0.4683900    
  0.5109100      0.5108800      0.5108500      0.5090810      0.5056900      0.5056300      0.5041850      0.5027510      0.5027800      0.5025360      0.5013740      0.4993300      0.4988380      0.4983460      0.4970360      0.4954020      0.4934430      0.4900750      0.4881400      0.4883300      0.4863600      0.4843800      0.4824100      0.4804500      0.4784800      0.4765200      0.4745500      0.4725900      0.4706400      0.4686800    
  0.5108950      0.5108800      0.5091250      0.5056900      0.5056600      0.5042100      0.5027650      0.5027800      0.5026580      0.5015050      0.4993300      0.4990840      0.4988380      0.4980730      0.4969280      0.4952940      0.4910970      0.4882350      0.4883300      0.4871400      0.4867300      0.4847500      0.4827700      0.4807900      0.4788200      0.4768400      0.4748700      0.4729100      0.4709400      0.4689800    
  0.5108950      0.5091480      0.5056900      0.5056750      0.5042230      0.5027730      0.5027800      0.5027190      0.5015680      0.4993300      0.4992070      0.4990840      0.4986650      0.4979460      0.4967650      0.4922260      0.4882830      0.4883300      0.4875700      0.4871150      0.4859180      0.4851200      0.4831300      0.4811400      0.4791600      0.4771800      0.4752000      0.4732200      0.4712500      0.4692800    
  0.5091590      0.5056900      0.5056820      0.5042290      0.5027760      0.5027800      0.5027500      0.5015990      0.4993300      0.4992680      0.4992070      0.4989850      0.4985650      0.4967570      0.4935910      0.4895320      0.4895300      0.4886000      0.4875680      0.4876950      0.4875000      0.4854900      0.4834900      0.4815000      0.4795000      0.4775200      0.4755300      0.4735500      0.4715700      0.4695900    
  0.5056900      0.5056860      0.5042320      0.5027780      0.5027800      0.5027650      0.5016150      0.4993300      0.4992990      0.4992680      0.4991540      0.4989190      0.4963300      0.4936640      0.4936500      0.4914270      0.4907820      0.4907300      0.4888050      0.4878930      0.4878900      0.4858700      0.4838600      0.4818600      0.4798600      0.4778600      0.4758700      0.4738800      0.4718900      0.4699100    
  0.5056880      0.5042330      0.5027790      0.5027800      0.5027720      0.5016220      0.4993300      0.4993150      0.4992990      0.4992400      0.4983200      0.4971300      0.4948310      0.4936780      0.4936780      0.4936500      0.4917470      0.4908350      0.4907300      0.4889000      0.4882900      0.4862600      0.4842400      0.4822300      0.4802200      0.4782100      0.4762100      0.4742200      0.4722200      0.4702300    
  0.5042340      0.5027800      0.5027800      0.5027760      0.5016260      0.4993300      0.4993220      0.4993150      0.4992850      0.4982240      0.4971300      0.4971300      0.4971300      0.4948510      0.4937060      0.4937060      0.4936500      0.4917740      0.4909400      0.4907300      0.4886900      0.4866600      0.4846300      0.4826000      0.4805900      0.4785700      0.4765600      0.4745600      0.4725600      0.4705600    
  0.5027800      0.5027800      0.5027780      0.5016280      0.4993300      0.4993260      0.4993220      0.4999380      0.4990810      0.4971310      0.4971300      0.4971300      0.4971300      0.4971300      0.4948900      0.4937620      0.4937620      0.4936500      0.4917770      0.4911500      0.4891000      0.4870600      0.4850200      0.4829900      0.4809600      0.4789400      0.4769200      0.4749100      0.4729000      0.4709000    
  0.5027800      0.5027790      0.5016290      0.4993300      0.4993280      0.5014280      0.5045800      0.5032050      0.5018300      0.4987000      0.4971340      0.4971300      0.4971300      0.4971300      0.4971300      0.4949610      0.4938750      0.4938750      0.4936500      0.4915800      0.4895200      0.4874700      0.4854200      0.4833800      0.4813400      0.4793100      0.4772900      0.4752700      0.4732600      0.4712500    
  0.5027800      0.5016300      0.4993300      0.4993290      0.5018500      0.5045810      0.5045810      0.5045800      0.5032050      0.5018300      0.4987080      0.4971420      0.4971300      0.4971300      0.4971300      0.4971300      0.4950760      0.4941000      0.4941000      0.4920200      0.4899500      0.4878800      0.4858200      0.4837700      0.4817300      0.4796900      0.4776600      0.4756400      0.4736200      0.4716000    
