iMOD/TUTORIALS/TUT_MetaswapAnalyser/model_MetaSWAP/meteo/Evaporation/Evaporation_20061113_L1.ASC
NCOLS                30
NROWS                30
XLLCORNER     160000.00
YLLCORNER     340000.00
CELLSIZE        1000.00
NODATA_VALUE   -9999.00
  0.1605200      0.1590000      0.1574800      0.1559600      0.1544300      0.1528900      0.1513500      0.1498100      0.1482500      0.1467000      0.1451300      0.1435600      0.1419900      0.1404100      0.1388300      0.1372400      0.1356500      0.1340500      0.1324400      0.1308400      0.1292300      0.1276100      0.1259900      0.1243600      0.1227400      0.1211100      0.1194700      0.1178400      0.1162000      0.1145600    
  0.1590900      0.1575800      0.1560700      0.1545500      0.1530200      0.1514900      0.1499500      0.1484100      0.1468600      0.1453000      0.1437400      0.1421800      0.1406100      0.1390400      0.1374600      0.1358700      0.1342800      0.1326900      0.1310900      0.1294900      0.1278800      0.1262700      0.1246500      0.1230300      0.1214100      0.1197800      0.1181600      0.1165200      0.1148900      0.1132500    
  0.1576700      0.1561600      0.1546400      0.1531300      0.1516000      0.1500700      0.1485400      0.1470000      0.1454500      0.1439000      0.1423500      0.1407900      0.1392200      0.1376500      0.1360800      0.1345000      0.1329100      0.1313200      0.1297300      0.1281300      0.1265300      0.1249200      0.1233100      0.1216900      0.1200800      0.1184600      0.1168300      0.1152100      0.1135800      0.1119400    
  0.1562300      0.1547300      0.1532200      0.1517000      0.1501800      0.1486600      0.1471200      0.1455900      0.1440500      0.1425000      0.1409500      0.1393900      0.1378300      0.1362600      0.1346900      0.1331100      0.1315300      0.1299500      0.1283600      0.1267600      0.1251700      0.1235600      0.1219600      0.1203500      0.1187400      0.1171200      0.1155000      0.1138800      0.1122600      0.1106300    
  0.1547900      0.1532900      0.1517800      0.1502700      0.1487500      0.1472300      0.1457000      0.1441700      0.1426300      0.1410900      0.1395400      0.1379900      0.1364300      0.1348700      0.1333000      0.1317300      0.1301500      0.1285700      0.1269800      0.1253900      0.1238000      0.1222000      0.1206000      0.1190000      0.1173900      0.1157800      0.1141600      0.1125500      0.1109300      0.1093100    
  0.1533500      0.1518500      0.1503500      0.1488400      0.1473200      0.1458000      0.1442800      0.1427500      0.1412100      0.1396800      0.1381300      0.1365800      0.1350300      0.1334700      0.1319000      0.1303400      0.1287600      0.1271900      0.1256000      0.1240200      0.1224300      0.1208400      0.1192400      0.1176400      0.1160400      0.1144300      0.1128200      0.1112100      0.1095900      0.1079800    
  0.1519000      0.1504100      0.1489100      0.1474000      0.1458900      0.1443700      0.1428500      0.1413200      0.1397900      0.1382600      0.1367100      0.1351700      0.1336200      0.1320600      0.1305000      0.1289400      0.1273700      0.1258000      0.1242200      0.1226400      0.1210500      0.1194600      0.1178700      0.1162800      0.1146800      0.1130800      0.1114700      0.1098600      0.1082500      0.1066400    
  0.1504500      0.1489600      0.1474600      0.1459600      0.1444500      0.1429300      0.1414200      0.1398900      0.1383600      0.1368300      0.1352900      0.1337500      0.1322000      0.1306500      0.1291000      0.1275400      0.1259700      0.1244000      0.1228300      0.1212500      0.1196700      0.1180900      0.1165000      0.1149100      0.1133100      0.1117200      0.1101200      0.1085100      0.1069100      0.1053000    
  0.1490000      0.1475100      0.1460100      0.1445100      0.1430000      0.1414900      0.1399800      0.1384600      0.1369300      0.1354000      0.1338700      0.1323300      0.1307900      0.1292400      0.1276800      0.1261300      0.1245700      0.1230000      0.1214300      0.1198600      0.1182800      0.1167000      0.1151200      0.1135300      0.1119400      0.1103500      0.1087600      0.1071600      0.1055600      0.1039500    
  0.1475400      0.1460500      0.1445600      0.1430600      0.1415600      0.1400500      0.1385400      0.1370200      0.1355000      0.1339700      0.1324400      0.1309000      0.1293600      0.1278200      0.1262700      0.1247200      0.1231600      0.1216000      0.1200300      0.1184600      0.1168900      0.1153200      0.1137400      0.1121500      0.1105700      0.1089800      0.1073900      0.1058000      0.1042000      0.1026000    
  0.1475370      0.1460500      0.1438170      0.1416000      0.1401000      0.1386000      0.1370900      0.1355800      0.1340600      0.1325300      0.1310000      0.1294700      0.1279400      0.1263900      0.1248500      0.1233000      0.1217500      0.1201900      0.1186300      0.1170600      0.1154900      0.1139200      0.1123500      0.1107700      0.1091900      0.1076000      0.1060200      0.1044300      0.1028400      0.1012400    
  0.1475360      0.1447510      0.1416000      0.1393850      0.1386500      0.1371500      0.1356400      0.1341300      0.1326100      0.1310900      0.1295700      0.1280400      0.1265000      0.1249700      0.1234200      0.1218800      0.1203300      0.1187800      0.1172200      0.1156600      0.1140900      0.1125300      0.1109500      0.1093800      0.1078000      0.1062200      0.1046400      0.1030600      0.1014700      0.9988000E-01
  0.1457260      0.1416000      0.1390240      0.1379200      0.1371900      0.1356900      0.1341900      0.1326800      0.1311600      0.1296500      0.1281300      0.1266000      0.1250700      0.1235400      0.1220000      0.1204500      0.1189100      0.1173600      0.1158000      0.1142500      0.1126900      0.1111200      0.1095600      0.1079900      0.1064100      0.1048400      0.1032600      0.1016800      0.1001000      0.9851000E-01
  0.1416000      0.1388420      0.1375550      0.1371900      0.1357030      0.1342300      0.1327300      0.1312200      0.1297100      0.1282000      0.1266800      0.1251600      0.1236300      0.1221000      0.1205600      0.1190300      0.1174800      0.1159400      0.1143900      0.1128300      0.1112800      0.1097200      0.1081500      0.1065900      0.1050200      0.1034500      0.1018700      0.1003000      0.9872000E-01  0.9714000E-01
  0.1387510      0.1373720      0.1371900      0.1357080      0.1342300      0.1327430      0.1312700      0.1297700      0.1282600      0.1267500      0.1252300      0.1237100      0.1221900      0.1206600      0.1191300      0.1175900      0.1160500      0.1145100      0.1129600      0.1114200      0.1098600      0.1083100      0.1067500      0.1051900      0.1036200      0.1020500      0.1004800      0.9891000E-01  0.9734000E-01  0.9576000E-01
  0.1372810      0.1371900      0.1357090      0.1342300      0.1327480      0.1312700      0.1305200      0.1297670      0.1275180      0.1252900      0.1237800      0.1222600      0.1207400      0.1192200      0.1176900      0.1161600      0.1146200      0.1130800      0.1115400      0.1099900      0.1084400      0.1068900      0.1053400      0.1037800      0.1022200      0.1006600      0.9909000E-01  0.9752000E-01  0.9595000E-01  0.9438000E-01
  0.1371900      0.1357100      0.1342300      0.1327490      0.1312700      0.1308950      0.1305190      0.1282740      0.1252900      0.1245350      0.1223000      0.1208100      0.1192900      0.1177700      0.1162500      0.1147200      0.1131900      0.1116500      0.1101100      0.1085700      0.1070200      0.1054700      0.1039200      0.1023700      0.1008100      0.9925000E-01  0.9769000E-01  0.9613000E-01  0.9456000E-01  0.9299000E-01
  0.1357100      0.1342300      0.1327500      0.1312700      0.1310830      0.1308950      0.1287440      0.1252900      0.1249130      0.1223140      0.1200850      0.1193600      0.1178400      0.1163200      0.1148000      0.1132800      0.1117500      0.1102100      0.1086800      0.1071400      0.1056000      0.1040500      0.1025000      0.1009500      0.9940000E-01  0.9785000E-01  0.9629000E-01  0.9473000E-01  0.9317000E-01  0.9160000E-01
  0.1342300      0.1327500      0.1312700      0.1311760      0.1310820      0.1290030      0.1252900      0.1251010      0.1223200      0.1197230      0.1193600      0.1186000      0.1170970      0.1148700      0.1133500      0.1118300      0.1103000      0.1087700      0.1072400      0.1057100      0.1041700      0.1026300      0.1010800      0.9954000E-01  0.9799000E-01  0.9644000E-01  0.9488000E-01  0.9333000E-01  0.9177000E-01  0.9021000E-01
  0.1327500      0.1312700      0.1312230      0.1311760      0.1291380      0.1252900      0.1251960      0.1223220      0.1195410      0.1193600      0.1189800      0.1174820      0.1148700      0.1141100      0.1133500      0.1118270      0.1103000      0.1087700      0.1057640      0.1042700      0.1027400      0.1012000      0.9966000E-01  0.9812000E-01  0.9657000E-01  0.9502000E-01  0.9347000E-01  0.9192000E-01  0.9037000E-01  0.8881000E-01
  0.1312700      0.1312470      0.1312230      0.1292070      0.1252900      0.1252430      0.1223240      0.1194510      0.1193600      0.1191700      0.1176730      0.1148700      0.1144900      0.1141100      0.1130960      0.1118260      0.1102990      0.1062430      0.1035500      0.1028300      0.1013000      0.9977000E-01  0.9823000E-01  0.9669000E-01  0.9515000E-01  0.9361000E-01  0.9206000E-01  0.9051000E-01  0.8896000E-01  0.8741000E-01
  0.1312580      0.1312470      0.1292420      0.1252900      0.1252660      0.1223240      0.1194050      0.1193600      0.1192650      0.1177680      0.1148700      0.1146800      0.1144900      0.1138990      0.1130100      0.1117400      0.1068770      0.1031900      0.1028300      0.1013300      0.9986000E-01  0.9833000E-01  0.9680000E-01  0.9526000E-01  0.9372000E-01  0.9218000E-01  0.9064000E-01  0.8910000E-01  0.8755000E-01  0.8600000E-01
  0.1312580      0.1292590      0.1252900      0.1252780      0.1223250      0.1193830      0.1193600      0.1193120      0.1178160      0.1148700      0.1147750      0.1146800      0.1143560      0.1138000      0.1128830      0.1066260      0.1030100      0.1028300      0.9970880E-01  0.9842000E-01  0.9750200E-01  0.9689000E-01  0.9536000E-01  0.9383000E-01  0.9230000E-01  0.9076000E-01  0.8922000E-01  0.8768000E-01  0.8614000E-01  0.8460000E-01
  0.1292680      0.1252900      0.1252840      0.1223250      0.1193710      0.1193600      0.1193360      0.1178400      0.1148700      0.1148220      0.1147750      0.1146040      0.1142790      0.1084450      0.1032010      0.9848920E-01  0.9849000E-01  0.9768640E-01  0.9673500E-01  0.9625500E-01  0.9698000E-01  0.9545000E-01  0.9393000E-01  0.9240000E-01  0.9087000E-01  0.8933000E-01  0.8780000E-01  0.8626000E-01  0.8472000E-01  0.8318000E-01
  0.1252900      0.1252870      0.1223250      0.1193660      0.1193600      0.1193480      0.1178510      0.1148700      0.1148460      0.1148220      0.1147340      0.1145520      0.1045340      0.9269440E-01  0.9274000E-01  0.9466990E-01  0.9396750E-01  0.9415000E-01  0.9500810E-01  0.9553000E-01  0.9553000E-01  0.9401000E-01  0.9249000E-01  0.9096000E-01  0.8944000E-01  0.8791000E-01  0.8637000E-01  0.8484000E-01  0.8331000E-01  0.8177000E-01
  0.1252890      0.1223250      0.1193630      0.1193600      0.1193540      0.1178570      0.1148700      0.1148580      0.1148460      0.1148010      0.1047620      0.8985000E-01  0.9170840E-01  0.9264870E-01  0.9264870E-01  0.9274000E-01  0.9348200E-01  0.9378500E-01  0.9415000E-01  0.9409750E-01  0.9408000E-01  0.9257000E-01  0.9105000E-01  0.8952000E-01  0.8800000E-01  0.8647000E-01  0.8495000E-01  0.8342000E-01  0.8189000E-01  0.8035000E-01
  0.1223250      0.1193610      0.1193600      0.1193570      0.1178600      0.1148700      0.1148640      0.1148580      0.1148350      0.1028220      0.8985000E-01  0.8985000E-01  0.8985000E-01  0.9164060E-01  0.9255740E-01  0.9255750E-01  0.9274000E-01  0.9325310E-01  0.9342000E-01  0.9415000E-01  0.9263000E-01  0.9112000E-01  0.8960000E-01  0.8808000E-01  0.8656000E-01  0.8504000E-01  0.8352000E-01  0.8199000E-01  0.8046000E-01  0.7893000E-01
  0.1193610      0.1193600      0.1193590      0.1178620      0.1148700      0.1148670      0.1148640      0.1071340      0.9903720E-01  0.8984600E-01  0.8985000E-01  0.8985000E-01  0.8985000E-01  0.8985000E-01  0.9150640E-01  0.9237460E-01  0.9237500E-01  0.9274000E-01  0.9270250E-01  0.9269000E-01  0.9118000E-01  0.8967000E-01  0.8816000E-01  0.8664000E-01  0.8512000E-01  0.8360000E-01  0.8208000E-01  0.8056000E-01  0.7904000E-01  0.7751000E-01
  0.1193600      0.1193590      0.1178630      0.1148700      0.1148690      0.1025160      0.8399000E-01  0.8398490E-01  0.8398000E-01  0.8788240E-01  0.8983790E-01  0.8985000E-01  0.8985000E-01  0.8985000E-01  0.8985000E-01  0.9124340E-01  0.9200890E-01  0.9201000E-01  0.9274000E-01  0.9123000E-01  0.8973000E-01  0.8822000E-01  0.8671000E-01  0.8519000E-01  0.8368000E-01  0.8216000E-01  0.8065000E-01  0.7913000E-01  0.7761000E-01  0.7609000E-01
  0.1193600      0.1178630      0.1148700      0.1148690      0.1000450      0.8398710E-01  0.8398710E-01  0.8399000E-01  0.8398480E-01  0.8398000E-01  0.8786170E-01  0.8981370E-01  0.8985000E-01  0.8985000E-01  0.8985000E-01  0.8985000E-01  0.9073980E-01  0.9127670E-01  0.9128000E-01  0.8978000E-01  0.8827000E-01  0.8676000E-01  0.8526000E-01  0.8375000E-01  0.8224000E-01  0.8072000E-01  0.7921000E-01  0.7769000E-01  0.7618000E-01  0.7466000E-01
