iMOD/TUTORIALS/TUT_MetaswapAnalyser/model_MetaSWAP/meteo/Evaporation/Evaporation_20050320_L1.ASC
NCOLS                30
NROWS                30
XLLCORNER     160000.00
YLLCORNER     340000.00
CELLSIZE        1000.00
NODATA_VALUE   -9999.00
   1.633880       1.634340       1.634700       1.634940       1.635080       1.635130       1.635090       1.634950       1.634740       1.634440       1.634080       1.633640       1.633140       1.632580       1.631960       1.631290       1.630570       1.629800       1.628990       1.628140       1.627260       1.626340       1.625390       1.624400       1.623400       1.622370       1.621320       1.620240       1.619150       1.618050    
   1.627750       1.628170       1.628490       1.628700       1.628810       1.628830       1.628760       1.628600       1.628370       1.628060       1.627670       1.627220       1.626710       1.626140       1.625510       1.624830       1.624110       1.623340       1.622520       1.621670       1.620790       1.619870       1.618920       1.617950       1.616950       1.615930       1.614890       1.613830       1.612750       1.611660    
   1.621550       1.621930       1.622210       1.622390       1.622470       1.622460       1.622360       1.622190       1.621930       1.621600       1.621200       1.620730       1.620210       1.619630       1.618990       1.618300       1.617570       1.616800       1.615980       1.615130       1.614250       1.613330       1.612390       1.611420       1.610430       1.609420       1.608400       1.607350       1.606290       1.605220    
   1.615300       1.615630       1.615870       1.616010       1.616060       1.616020       1.615900       1.615700       1.615420       1.615070       1.614660       1.614180       1.613640       1.613040       1.612400       1.611710       1.610970       1.610190       1.609370       1.608520       1.607640       1.606730       1.605800       1.604840       1.603860       1.602860       1.601840       1.600810       1.599760       1.598710    
   1.608980       1.609270       1.609470       1.609580       1.609600       1.609530       1.609380       1.609150       1.608850       1.608480       1.608050       1.607550       1.607000       1.606400       1.605740       1.605040       1.604300       1.603520       1.602700       1.601850       1.600980       1.600070       1.599140       1.598190       1.597220       1.596230       1.595230       1.594210       1.593180       1.592140    
   1.602610       1.602860       1.603020       1.603090       1.603070       1.602970       1.602800       1.602550       1.602220       1.601830       1.601380       1.600870       1.600310       1.599690       1.599030       1.598320       1.597570       1.596790       1.595970       1.595120       1.594250       1.593350       1.592420       1.591480       1.590520       1.589540       1.588550       1.587550       1.586540       1.585520    
   1.596190       1.596400       1.596520       1.596550       1.596500       1.596370       1.596160       1.595880       1.595540       1.595130       1.594660       1.594130       1.593560       1.592930       1.592260       1.591540       1.590790       1.590000       1.589180       1.588340       1.587460       1.586570       1.585650       1.584720       1.583770       1.582800       1.581830       1.580840       1.579850       1.578850    
   1.589730       1.589890       1.589960       1.589960       1.589870       1.589710       1.589480       1.589170       1.588810       1.588370       1.587890       1.587340       1.586750       1.586110       1.585430       1.584710       1.583950       1.583160       1.582340       1.581500       1.580630       1.579740       1.578830       1.577900       1.576960       1.576010       1.575050       1.574080       1.573110       1.572130    
   1.583220       1.583340       1.583370       1.583330       1.583200       1.583010       1.582750       1.582420       1.582020       1.581570       1.581060       1.580510       1.579900       1.579250       1.578560       1.577830       1.577060       1.576270       1.575450       1.574610       1.573740       1.572850       1.571950       1.571040       1.570110       1.569170       1.568230       1.567280       1.566320       1.565360    
   1.576680       1.576740       1.576740       1.576650       1.576500       1.576270       1.575970       1.575620       1.575200       1.574720       1.574200       1.573620       1.573000       1.572340       1.571630       1.570900       1.570130       1.569330       1.568510       1.567670       1.566800       1.565930       1.565030       1.564130       1.563210       1.562290       1.561360       1.560420       1.559490       1.558550    
   1.576650       1.576720       1.575020       1.569940       1.569750       1.569490       1.569160       1.568780       1.568330       1.567840       1.567290       1.566690       1.566060       1.565380       1.564670       1.563920       1.563150       1.562350       1.561530       1.560690       1.559830       1.558950       1.558070       1.557170       1.556270       1.555360       1.554440       1.553530       1.552610       1.551690    
   1.576620       1.574580       1.569940       1.564710       1.562970       1.562670       1.562320       1.561900       1.561430       1.560910       1.560340       1.559730       1.559080       1.558390       1.557660       1.556910       1.556130       1.555330       1.554500       1.553660       1.552810       1.551940       1.551060       1.550180       1.549280       1.548390       1.547490       1.546590       1.545700       1.544800    
   1.574400       1.569940       1.562590       1.559570       1.556160       1.555830       1.555440       1.554990       1.554500       1.553950       1.553360       1.552730       1.552060       1.551360       1.550620       1.549860       1.549080       1.548270       1.547440       1.546600       1.545750       1.544890       1.544020       1.543140       1.542260       1.541380       1.540500       1.539620       1.538750       1.537870    
   1.569940       1.561640       1.557860       1.556160       1.553650       1.548960       1.548530       1.548060       1.547540       1.546970       1.546350       1.545700       1.545020       1.544300       1.543550       1.542780       1.541990       1.541180       1.540350       1.539510       1.538660       1.537800       1.536940       1.536080       1.535210       1.534340       1.533480       1.532620       1.531760       1.530910    
   1.561190       1.557010       1.556160       1.552920       1.548960       1.546360       1.541600       1.541100       1.540550       1.539950       1.539320       1.538640       1.537940       1.537210       1.536450       1.535670       1.534870       1.534050       1.533220       1.532380       1.531540       1.530690       1.529830       1.528980       1.528120       1.527270       1.526430       1.525590       1.524750       1.523920    
   1.556590       1.556160       1.552680       1.548960       1.545640       1.541600       1.541350       1.541080       1.538630       1.532910       1.532260       1.531560       1.530840       1.530090       1.529320       1.528530       1.527720       1.526900       1.526070       1.525230       1.524390       1.523540       1.522690       1.521850       1.521010       1.520170       1.519340       1.518520       1.517710       1.516910    
   1.556160       1.552600       1.548960       1.545400       1.541600       1.541480       1.541340       1.538490       1.532910       1.532580       1.527710       1.524460       1.523720       1.522950       1.522170       1.521370       1.520550       1.519720       1.518890       1.518050       1.517210       1.516370       1.515530       1.514700       1.513870       1.513050       1.512240       1.511440       1.510650       1.509870    
   1.552570       1.548960       1.545320       1.541600       1.541540       1.541470       1.538560       1.532910       1.532750       1.526290       1.520900       1.517340       1.516580       1.515800       1.515000       1.514180       1.513360       1.512530       1.511690       1.510850       1.510010       1.509180       1.508350       1.507520       1.506710       1.505900       1.505110       1.504330       1.503560       1.502810    
   1.548960       1.545290       1.541600       1.541570       1.541540       1.538620       1.532910       1.532830       1.525680       1.519120       1.517340       1.516960       1.514590       1.508620       1.507810       1.506980       1.506150       1.505310       1.504470       1.503630       1.502790       1.501960       1.501140       1.500330       1.499530       1.498740       1.497960       1.497200       1.496460       1.495730    
   1.545280       1.541600       1.541580       1.541570       1.538660       1.532910       1.532870       1.525400       1.518230       1.517340       1.517150       1.514380       1.508620       1.508210       1.507800       1.506980       1.506150       1.505310       1.499790       1.496400       1.495560       1.494740       1.493920       1.493120       1.492330       1.491560       1.490800       1.490060       1.489340       1.488640    
   1.541600       1.541590       1.541580       1.538680       1.532910       1.532890       1.525260       1.517780       1.517340       1.517240       1.514370       1.508620       1.508420       1.508210       1.507670       1.506980       1.506150       1.498630       1.492770       1.489150       1.488320       1.487500       1.486690       1.485900       1.485120       1.484370       1.483630       1.482910       1.482210       1.481530    
   1.541600       1.541590       1.538690       1.532910       1.532900       1.525190       1.517560       1.517340       1.517290       1.514390       1.508620       1.508520       1.508420       1.508100       1.507620       1.506930       1.498370       1.490960       1.489150       1.486180       1.481060       1.480250       1.479450       1.478660       1.477900       1.477160       1.476440       1.475750       1.475070       1.474420    
   1.541600       1.538700       1.532910       1.532900       1.525160       1.517450       1.517340       1.517320       1.514410       1.508620       1.508570       1.508520       1.508340       1.508040       1.507550       1.494070       1.490060       1.489150       1.478010       1.473800       1.473310       1.472990       1.472200       1.471430       1.470680       1.469950       1.469260       1.468580       1.467930       1.467300    
   1.538700       1.532910       1.532910       1.525140       1.517400       1.517340       1.517330       1.514420       1.508620       1.508590       1.508570       1.508480       1.508300       1.488980       1.475850       1.467380       1.467380       1.466530       1.465330       1.462910       1.466540       1.465730       1.464940       1.464180       1.463450       1.462740       1.462060       1.461410       1.460780       1.460180    
   1.532910       1.532910       1.525130       1.517370       1.517340       1.517330       1.514430       1.508620       1.508610       1.508590       1.508550       1.508450       1.473820       1.431780       1.432000       1.446050       1.444690       1.445600       1.454550       1.459280       1.459280       1.458470       1.457690       1.456940       1.456220       1.455530       1.454870       1.454240       1.453640       1.453070    
   1.532910       1.525130       1.517350       1.517340       1.517340       1.514430       1.508620       1.508610       1.508610       1.508580       1.469690       1.411420       1.424800       1.431550       1.431550       1.432000       1.440120       1.443790       1.445600       1.450420       1.452020       1.451220       1.450440       1.449710       1.449000       1.448330       1.447680       1.447080       1.446500       1.445960    
   1.525130       1.517350       1.517340       1.517340       1.514430       1.508620       1.508620       1.508610       1.508600       1.461940       1.411420       1.411420       1.411420       1.424470       1.431100       1.431100       1.432000       1.439090       1.441980       1.445600       1.444770       1.443970       1.443200       1.442470       1.441780       1.441130       1.440510       1.439920       1.439370       1.438860    
   1.517340       1.517340       1.517340       1.514430       1.508620       1.508620       1.508620       1.475810       1.444660       1.411400       1.411420       1.411420       1.411420       1.411420       1.423820       1.430200       1.430200       1.432000       1.436770       1.438360       1.437530       1.436730       1.435970       1.435250       1.434580       1.433940       1.433340       1.432780       1.432250       1.431770    
   1.517340       1.517340       1.514430       1.508620       1.508620       1.453850       1.371710       1.374550       1.377400       1.400030       1.411360       1.411420       1.411420       1.411420       1.411420       1.422550       1.428410       1.428410       1.432000       1.431130       1.430300       1.429510       1.428760       1.428050       1.427380       1.426760       1.426180       1.425650       1.425150       1.424700    
   1.517340       1.514430       1.508620       1.508620       1.442890       1.371700       1.371700       1.371710       1.374550       1.377400       1.399930       1.411250       1.411420       1.411420       1.411420       1.411420       1.420180       1.424810       1.424810       1.423930       1.423090       1.422300       1.421560       1.420860       1.420210       1.419610       1.419050       1.418540       1.418070       1.417640    
