iMOD/TUTORIALS/TUT_MetaswapAnalyser/model_MetaSWAP/meteo/Evaporation/Evaporation_20050312_L1.ASC
NCOLS                30
NROWS                30
XLLCORNER     160000.00
YLLCORNER     340000.00
CELLSIZE        1000.00
NODATA_VALUE   -9999.00
  0.8186500      0.8170700      0.8154700      0.8138600      0.8122300      0.8105800      0.8089100      0.8072300      0.8055200      0.8037900      0.8020400      0.8002700      0.7984700      0.7966400      0.7947900      0.7929200      0.7910100      0.7890800      0.7871200      0.7851300      0.7831200      0.7810700      0.7790000      0.7769000      0.7747700      0.7726100      0.7704200      0.7682000      0.7659600      0.7636900    
  0.8189200      0.8172800      0.8156400      0.8139700      0.8123000      0.8106000      0.8088900      0.8071600      0.8054100      0.8036400      0.8018500      0.8000400      0.7982000      0.7963500      0.7944600      0.7925500      0.7906200      0.7886600      0.7866700      0.7846500      0.7826100      0.7805400      0.7784500      0.7763200      0.7741700      0.7720000      0.7697900      0.7675600      0.7653100      0.7630200    
  0.8191900      0.8175000      0.8158000      0.8140900      0.8123600      0.8106200      0.8088700      0.8070900      0.8053000      0.8034900      0.8016600      0.7998100      0.7979400      0.7960400      0.7941300      0.7921800      0.7902200      0.7882300      0.7862100      0.7841700      0.7821100      0.7800100      0.7779000      0.7757500      0.7735800      0.7713900      0.7691700      0.7669200      0.7646500      0.7623500    
  0.8194500      0.8177100      0.8159600      0.8142000      0.8124300      0.8106400      0.8088400      0.8070300      0.8051900      0.8033400      0.8014700      0.7995800      0.7976700      0.7957400      0.7937900      0.7918200      0.7898200      0.7878000      0.7857600      0.7836900      0.7816000      0.7794800      0.7773400      0.7751800      0.7729900      0.7707800      0.7685400      0.7662800      0.7639900      0.7616800    
  0.8197100      0.8179200      0.8161200      0.8143100      0.8124900      0.8106600      0.8088100      0.8069600      0.8050800      0.8031900      0.8012800      0.7993500      0.7974100      0.7954400      0.7934600      0.7914500      0.7894200      0.7873700      0.7853000      0.7832100      0.7810900      0.7789500      0.7767900      0.7746000      0.7724000      0.7701700      0.7679100      0.7656400      0.7633400      0.7610100    
  0.8199700      0.8181300      0.8162800      0.8144200      0.8125500      0.8106800      0.8087900      0.8068800      0.8049700      0.8030400      0.8010900      0.7991200      0.7971400      0.7951400      0.7931200      0.7910800      0.7890200      0.7869500      0.7848500      0.7827300      0.7805800      0.7784200      0.7762400      0.7740300      0.7718000      0.7695600      0.7672900      0.7649900      0.7626800      0.7603400    
  0.8202300      0.8183300      0.8164400      0.8145300      0.8126200      0.8106900      0.8087600      0.8068100      0.8048600      0.8028800      0.8009000      0.7988900      0.7968800      0.7948400      0.7927900      0.7907200      0.7886300      0.7865200      0.7843900      0.7822500      0.7800800      0.7778900      0.7756900      0.7734600      0.7712100      0.7689500      0.7666600      0.7643500      0.7620200      0.7596800    
  0.8204900      0.8185400      0.8165900      0.8146400      0.8126800      0.8107100      0.8087300      0.8067500      0.8047500      0.8027300      0.8007100      0.7986700      0.7966100      0.7945400      0.7924600      0.7903500      0.7882300      0.7861000      0.7839400      0.7817700      0.7795800      0.7773700      0.7751400      0.7728900      0.7706300      0.7683400      0.7660400      0.7637100      0.7613700      0.7590100    
  0.8207400      0.8187500      0.8167500      0.8147500      0.8127500      0.8107300      0.8087100      0.8066800      0.8046400      0.8025800      0.8005200      0.7984400      0.7963500      0.7942500      0.7921300      0.7899900      0.7878400      0.7856800      0.7834900      0.7812900      0.7790800      0.7768400      0.7745900      0.7723300      0.7700400      0.7677400      0.7654200      0.7630800      0.7607200      0.7583500    
  0.8210000      0.8189600      0.8169100      0.8148600      0.8128100      0.8107500      0.8086900      0.8066100      0.8045300      0.8024400      0.8003300      0.7982200      0.7960900      0.7939500      0.7918000      0.7896300      0.7874500      0.7852600      0.7830500      0.7808200      0.7785800      0.7763200      0.7740500      0.7717600      0.7694600      0.7671400      0.7648000      0.7624400      0.7600700      0.7576900    
  0.8210030      0.8189570      0.8164270      0.8149800      0.8128800      0.8107800      0.8086700      0.8065500      0.8044300      0.8022900      0.8001500      0.7980000      0.7958400      0.7936600      0.7914800      0.7892800      0.7870700      0.7848400      0.7826100      0.7803500      0.7780900      0.7758100      0.7735100      0.7712000      0.7688800      0.7665400      0.7641800      0.7618100      0.7594300      0.7570300    
  0.8210020      0.8178420      0.8149800      0.8134600      0.8129500      0.8108000      0.8086500      0.8064900      0.8043300      0.8021600      0.7999700      0.7977900      0.7955900      0.7933800      0.7911600      0.7889300      0.7866900      0.7844300      0.7821700      0.7798900      0.7776000      0.7753000      0.7729800      0.7706500      0.7683000      0.7659500      0.7635800      0.7611900      0.7587900      0.7563800    
  0.8192180      0.8149800      0.8136150      0.8129900      0.8130300      0.8108300      0.8086400      0.8064400      0.8042300      0.8020200      0.7998000      0.7975800      0.7953400      0.7931000      0.7908500      0.7885800      0.7863100      0.7840300      0.7817400      0.7794300      0.7771200      0.7747900      0.7724500      0.7701000      0.7677400      0.7653600      0.7629700      0.7605700      0.7581600      0.7557300    
  0.8149800      0.8136590      0.8130100      0.8130300      0.8115770      0.8108700      0.8086300      0.8063900      0.8041400      0.8018900      0.7996300      0.7973700      0.7951000      0.7928200      0.7905400      0.7882400      0.7859400      0.7836300      0.7813100      0.7789800      0.7766400      0.7742900      0.7719300      0.7695500      0.7671700      0.7647800      0.7623700      0.7599500      0.7575300      0.7550800    
  0.8136720      0.8130200      0.8130300      0.8118260      0.8108700      0.8093730      0.8086200      0.8063400      0.8040500      0.8017600      0.7994700      0.7971700      0.7948600      0.7925500      0.7902300      0.7879100      0.7855800      0.7832400      0.7808900      0.7785300      0.7761700      0.7737900      0.7714100      0.7690200      0.7666100      0.7642000      0.7617800      0.7593500      0.7569000      0.7544500    
  0.8130250      0.8130300      0.8119090      0.8108700      0.8096210      0.8086200      0.8074800      0.8063370      0.8034470      0.8016400      0.7993100      0.7969700      0.7946300      0.7922900      0.7899400      0.7875800      0.7852200      0.7828500      0.7804700      0.7780900      0.7757000      0.7733000      0.7709000      0.7684800      0.7660600      0.7636300      0.7611900      0.7587400      0.7562800      0.7538200    
  0.8130300      0.8119360      0.8108700      0.8097040      0.8086200      0.8080500      0.8074790      0.8047260      0.8016400      0.8004750      0.7982620      0.7967900      0.7944100      0.7920300      0.7896500      0.7872600      0.7848700      0.7824700      0.7800600      0.7776600      0.7752400      0.7728200      0.7703900      0.7679600      0.7655200      0.7630700      0.7606100      0.7581500      0.7556700      0.7531900    
  0.8119450      0.8108700      0.8097310      0.8086200      0.8083350      0.8080500      0.8054740      0.8016400      0.8010570      0.7987340      0.7966950      0.7966000      0.7941900      0.7917800      0.7893600      0.7869400      0.7845200      0.7820900      0.7796600      0.7772300      0.7747900      0.7723400      0.7698900      0.7674400      0.7649800      0.7625100      0.7600400      0.7575600      0.7550700      0.7525800    
  0.8108700      0.8097400      0.8086200      0.8084770      0.8083350      0.8058750      0.8016400      0.8013490      0.7989360      0.7966470      0.7966000      0.7953950      0.7935270      0.7915400      0.7890900      0.7866400      0.7841800      0.7817300      0.7792700      0.7768100      0.7743400      0.7718800      0.7694000      0.7669300      0.7644500      0.7619600      0.7594700      0.7569800      0.7544800      0.7519700    
  0.8097430      0.8086200      0.8085490      0.8084770      0.8060820      0.8016400      0.8014940      0.7990300      0.7966240      0.7966000      0.7959980      0.7942660      0.7915400      0.7903150      0.7890900      0.7866370      0.7841830      0.7817270      0.7780420      0.7764000      0.7739100      0.7714200      0.7689200      0.7664300      0.7639300      0.7614200      0.7589200      0.7564100      0.7538900      0.7513700    
  0.8086200      0.8085840      0.8085490      0.8061870      0.8016400      0.8015670      0.7990750      0.7966120      0.7966000      0.7962990      0.7946010      0.7915400      0.7909280      0.7903150      0.7886810      0.7866370      0.7841820      0.7792300      0.7762000      0.7760000      0.7734800      0.7709700      0.7684500      0.7659300      0.7634200      0.7608900      0.7583700      0.7558500      0.7533200      0.7507800    
  0.8086020      0.8085840      0.8062400      0.8016400      0.8016040      0.7990980      0.7966060      0.7966000      0.7964490      0.7947600      0.7915400      0.7912340      0.7909280      0.7899740      0.7885440      0.7865000      0.7804300      0.7761000      0.7760000      0.7741800      0.7730600      0.7705300      0.7679900      0.7654500      0.7629100      0.7603700      0.7578300      0.7552900      0.7527500      0.7502000    
  0.8086020      0.8062670      0.8016400      0.8016220      0.7991090      0.7966030      0.7966000      0.7965250      0.7948370      0.7915400      0.7913870      0.7912340      0.7907120      0.7898150      0.7883390      0.7812850      0.7760500      0.7760000      0.7737260      0.7726600      0.7711260      0.7701000      0.7675400      0.7649800      0.7624200      0.7598600      0.7573100      0.7547500      0.7521900      0.7496300    
  0.8062800      0.8016400      0.8016310      0.7991140      0.7966010      0.7966000      0.7965620      0.7948760      0.7915400      0.7914630      0.7913870      0.7911110      0.7905870      0.7861870      0.7808280      0.7749030      0.7749000      0.7736360      0.7722010      0.7720650      0.7722600      0.7696800      0.7670900      0.7645200      0.7619400      0.7593700      0.7567900      0.7542200      0.7516500      0.7490700    
  0.8016400      0.8016350      0.7991170      0.7966010      0.7966000      0.7965810      0.7948940      0.7915400      0.7915020      0.7914630      0.7913200      0.7910280      0.7839240      0.7758710      0.7758800      0.7747440      0.7737590      0.7738000      0.7724550      0.7718770      0.7718700      0.7692700      0.7666600      0.7640600      0.7614700      0.7588800      0.7562900      0.7537000      0.7511100      0.7485300    
  0.8016380      0.7991190      0.7966000      0.7966000      0.7965910      0.7949040      0.7915400      0.7915210      0.7915020      0.7914290      0.7859260      0.7779100      0.7765430      0.7758630      0.7758620      0.7758800      0.7744360      0.7737180      0.7738000      0.7720780      0.7715000      0.7688700      0.7662400      0.7636200      0.7610100      0.7584000      0.7558000      0.7531900      0.7505900      0.7479900    
  0.7991190      0.7966000      0.7966000      0.7965950      0.7949090      0.7915400      0.7915300      0.7915210      0.7914840      0.7849350      0.7779100      0.7779100      0.7779100      0.7765300      0.7758450      0.7758450      0.7758800      0.7743480      0.7736350      0.7738000      0.7711400      0.7684800      0.7658400      0.7632000      0.7605600      0.7579400      0.7553200      0.7527000      0.7500800      0.7474700    
  0.7966000      0.7966000      0.7965980      0.7949110      0.7915400      0.7915350      0.7915300      0.7886460      0.7840870      0.7779100      0.7779100      0.7779100      0.7779100      0.7779100      0.7765020      0.7758110      0.7758100      0.7758800      0.7740770      0.7734700      0.7707800      0.7681100      0.7654400      0.7627800      0.7601300      0.7574900      0.7548500      0.7522200      0.7495900      0.7469700    
  0.7966000      0.7965990      0.7949120      0.7915400      0.7915380      0.7881170      0.7829900      0.7815200      0.7800500      0.7786220      0.7779090      0.7779100      0.7779100      0.7779100      0.7779100      0.7764430      0.7757420      0.7757400      0.7758800      0.7731600      0.7704500      0.7677500      0.7650600      0.7623800      0.7597100      0.7570500      0.7544000      0.7517500      0.7491100      0.7464700    
  0.7965990      0.7949130      0.7915400      0.7915390      0.7874350      0.7829900      0.7829900      0.7829900      0.7815200      0.7800500      0.7786200      0.7779060      0.7779100      0.7779100      0.7779100      0.7779100      0.7763110      0.7756070      0.7756000      0.7728600      0.7701200      0.7674000      0.7646900      0.7619900      0.7593100      0.7566300      0.7539600      0.7513000      0.7486400      0.7460000    
