iMOD/TUTORIALS/TUT_MetaswapAnalyser/model_MetaSWAP/meteo/Evaporation/Evaporation_20050927_L1.ASC
NCOLS                30
NROWS                30
XLLCORNER     160000.00
YLLCORNER     340000.00
CELLSIZE        1000.00
NODATA_VALUE   -9999.00
  0.8644500      0.8680600      0.8717100      0.8754000      0.8791100      0.8828500      0.8866100      0.8903900      0.8941900      0.8980000      0.9018300      0.9056600      0.9095100      0.9133500      0.9172000      0.9210500      0.9249000      0.9287400      0.9325800      0.9364100      0.9402300      0.9440300      0.9478300      0.9516100      0.9553800      0.9591300      0.9628700      0.9665900      0.9702800      0.9739600    
  0.8705800      0.8742000      0.8778600      0.8815400      0.8852600      0.8890000      0.8927600      0.8965400      0.9003400      0.9041500      0.9079800      0.9118100      0.9156500      0.9194900      0.9233400      0.9271800      0.9310200      0.9348600      0.9386900      0.9425100      0.9463200      0.9501200      0.9539100      0.9576800      0.9614400      0.9651800      0.9689000      0.9726000      0.9762900      0.9799500    
  0.8767400      0.8803700      0.8840300      0.8877200      0.8914400      0.8951800      0.8989500      0.9027300      0.9065300      0.9103400      0.9141600      0.9179900      0.9218300      0.9256700      0.9295100      0.9333500      0.9371800      0.9410100      0.9448300      0.9486500      0.9524500      0.9562400      0.9600200      0.9637800      0.9675200      0.9712500      0.9749600      0.9786500      0.9823200      0.9859700    
  0.8829400      0.8865800      0.8902500      0.8939400      0.8976600      0.9014100      0.9051700      0.9089600      0.9127500      0.9165600      0.9203800      0.9242100      0.9280400      0.9318800      0.9357100      0.9395500      0.9433800      0.9472000      0.9510100      0.9548200      0.9586100      0.9623900      0.9661600      0.9699100      0.9736500      0.9773600      0.9810600      0.9847400      0.9883900      0.9920300    
  0.8891700      0.8928200      0.8964900      0.9001900      0.9039200      0.9076600      0.9114300      0.9152100      0.9190100      0.9228200      0.9266400      0.9304700      0.9343000      0.9381300      0.9419600      0.9457800      0.9496100      0.9534200      0.9572300      0.9610300      0.9648100      0.9685800      0.9723400      0.9760800      0.9798000      0.9835000      0.9871900      0.9908500      0.9944900      0.9981100    
  0.8954300      0.8990800      0.9027600      0.9064700      0.9102000      0.9139500      0.9177200      0.9215000      0.9253000      0.9291100      0.9329300      0.9367500      0.9405800      0.9444100      0.9482300      0.9520500      0.9558700      0.9596800      0.9634800      0.9672700      0.9710400      0.9748000      0.9785500      0.9822800      0.9859900      0.9896800      0.9933500      0.9970000       1.000620       1.004230    
  0.9017200      0.9053800      0.9090600      0.9127800      0.9165100      0.9202600      0.9240400      0.9278200      0.9316200      0.9354300      0.9392500      0.9430700      0.9468900      0.9507200      0.9545400      0.9583500      0.9621600      0.9659700      0.9697600      0.9735400      0.9773000      0.9810500      0.9847900      0.9885000      0.9922000      0.9958800      0.9995300       1.003170       1.006780       1.010370    
  0.9080300      0.9117000      0.9153900      0.9191100      0.9228500      0.9266100      0.9303800      0.9341700      0.9379700      0.9417800      0.9455900      0.9494100      0.9532300      0.9570500      0.9608700      0.9646800      0.9684900      0.9722800      0.9760600      0.9798400      0.9835900      0.9873300      0.9910600      0.9947600      0.9984400       1.002110       1.005750       1.009370       1.012960       1.016530    
  0.9143600      0.9180400      0.9217400      0.9254700      0.9292100      0.9329700      0.9367500      0.9405400      0.9443400      0.9481500      0.9519700      0.9557800      0.9596000      0.9634200      0.9672300      0.9710400      0.9748400      0.9786200      0.9824000      0.9861600      0.9899100      0.9936400      0.9973500       1.001040       1.004710       1.008360       1.011990       1.015590       1.019170       1.022730    
  0.9207200      0.9244000      0.9281100      0.9318400      0.9355900      0.9393600      0.9431400      0.9469400      0.9507400      0.9545500      0.9583600      0.9621800      0.9660000      0.9698100      0.9736200      0.9774200      0.9812100      0.9849900      0.9887600      0.9925100      0.9962500      0.9999700       1.003670       1.007350       1.011010       1.014640       1.018250       1.021840       1.025400       1.028940    
  0.9207270      0.9244100      0.9306470      0.9382400      0.9420000      0.9457700      0.9495600      0.9533500      0.9571600      0.9609700      0.9647800      0.9686000      0.9724100      0.9762200      0.9800300      0.9838200      0.9876100      0.9913800      0.9951400      0.9988900       1.002620       1.006320       1.010010       1.013680       1.017320       1.020940       1.024540       1.028110       1.031660       1.035180    
  0.9207360      0.9285060      0.9382400      0.9458800      0.9484200      0.9522000      0.9559900      0.9597900      0.9636000      0.9674100      0.9712200      0.9750400      0.9788500      0.9826600      0.9864600      0.9902500      0.9940300      0.9978000       1.001550       1.005290       1.009000       1.012700       1.016380       1.020030       1.023660       1.027270       1.030850       1.034400       1.037930       1.041440    
  0.9261400      0.9382400      0.9476550      0.9516400      0.9548600      0.9586400      0.9624400      0.9662400      0.9700500      0.9738600      0.9776800      0.9814900      0.9853000      0.9891100      0.9929100      0.9966900       1.000470       1.004230       1.007980       1.011700       1.015410       1.019100       1.022760       1.026400       1.030020       1.033610       1.037180       1.040720       1.044230       1.047710    
  0.9382400      0.9485010      0.9532500      0.9548600      0.9595330      0.9651000      0.9689000      0.9727100      0.9765200      0.9803400      0.9841500      0.9879700      0.9917800      0.9955800      0.9993800       1.003160       1.006930       1.010680       1.014420       1.018140       1.021840       1.025510       1.029170       1.032790       1.036400       1.039970       1.043520       1.047040       1.050540       1.054000    
  0.9489140      0.9540550      0.9548600      0.9598310      0.9651000      0.9697930      0.9753800      0.9791900      0.9830100      0.9868300      0.9906400      0.9944600      0.9982700       1.002070       1.005860       1.009640       1.013400       1.017150       1.020880       1.024590       1.028280       1.031950       1.035590       1.039200       1.042790       1.046350       1.049880       1.053390       1.056860       1.060310    
  0.9544570      0.9548600      0.9599300      0.9651000      0.9700910      0.9753800      0.9772850      0.9791930      0.9855900      0.9933300      0.9971500       1.000960       1.004770       1.008570       1.012360       1.016130       1.019890       1.023640       1.027360       1.031060       1.034740       1.038390       1.042020       1.045620       1.049200       1.052740       1.056260       1.059750       1.063200       1.066630    
  0.9548600      0.9599630      0.9651000      0.9701900      0.9753800      0.9763330      0.9772860      0.9838500      0.9933300      0.9952400       1.002580       1.007480       1.011290       1.015080       1.018870       1.022640       1.026400       1.030130       1.033850       1.037540       1.041210       1.044850       1.048470       1.052060       1.055620       1.059150       1.062650       1.066120       1.069560       1.072960    
  0.9599740      0.9651000      0.9702230      0.9753800      0.9758560      0.9763330      0.9827000      0.9933300      0.9942850       1.003180       1.010740       1.014000       1.017810       1.021610       1.025390       1.029160       1.032910       1.036640       1.040350       1.044030       1.047690       1.051330       1.054930       1.058510       1.062050       1.065570       1.069050       1.072500       1.075920       1.079310    
  0.9651000      0.9702340      0.9753800      0.9756180      0.9758560      0.9820550      0.9933300      0.9938070       1.003430       1.012370       1.014000       1.015910       1.020390       1.028140       1.031920       1.035690       1.039430       1.043160       1.046860       1.050540       1.054190       1.057810       1.061400       1.064960       1.068490       1.071990       1.075460       1.078890       1.082290       1.085660    
  0.9702380      0.9753800      0.9754990      0.9756180      0.9817150      0.9933300      0.9935690       1.003550       1.013190       1.014000       1.014950       1.019610       1.028140       1.030030       1.031920       1.035680       1.039430       1.043150       1.052240       1.057050       1.060690       1.064300       1.067880       1.071430       1.074940       1.078430       1.081880       1.085290       1.088670       1.092020    
  0.9753800      0.9754400      0.9754990      0.9815410      0.9933300      0.9934490       1.003610       1.013590       1.014000       1.014480       1.019180       1.028140       1.029080       1.030030       1.032540       1.035670       1.039420       1.051740       1.060310       1.063570       1.067200       1.070800       1.074370       1.077900       1.081400       1.084870       1.088300       1.091690       1.095060       1.098380    
  0.9754100      0.9754400      0.9814520      0.9933300      0.9933900       1.003640       1.013800       1.014000       1.014240       1.018950       1.028140       1.028610       1.029080       1.030550       1.032750       1.035880       1.050470       1.061940       1.063570       1.068160       1.073710       1.077300       1.080860       1.084380       1.087860       1.091310       1.094730       1.098100       1.101440       1.104750    
  0.9754100      0.9814080      0.9933300      0.9933600       1.003650       1.013900       1.014000       1.014120       1.018830       1.028140       1.028380       1.028610       1.029420       1.030790       1.033060       1.053000       1.062750       1.063570       1.075490       1.080220       1.082370       1.083800       1.087350       1.090860       1.094330       1.097760       1.101150       1.104510       1.107830       1.111110    
  0.9813860      0.9933300      0.9933450       1.003660       1.013950       1.014000       1.014060       1.018770       1.028140       1.028260       1.028380       1.028800       1.029610       1.051340       1.068900       1.083130       1.083130       1.085240       1.087820       1.090000       1.086740       1.090310       1.093840       1.097330       1.100790       1.104210       1.107580       1.110920       1.114220       1.117480    
  0.9933300      0.9933370       1.003660       1.013970       1.014000       1.014030       1.018740       1.028140       1.028200       1.028260       1.028480       1.028930       1.066900       1.112280       1.112080       1.101350       1.103500       1.102690       1.096610       1.093250       1.093250       1.096810       1.100330       1.103810       1.107250       1.110650       1.114010       1.117330       1.120610       1.123840    
  0.9933340       1.003660       1.013990       1.014000       1.014010       1.018730       1.028140       1.028170       1.028200       1.028310       1.068280       1.127860       1.117640       1.112490       1.112490       1.112080       1.106690       1.104320       1.102690       1.100490       1.099760       1.103310       1.106820       1.110290       1.113710       1.117090       1.120430       1.123730       1.126990       1.130200    
   1.003660       1.013990       1.014000       1.014010       1.018720       1.028140       1.028150       1.028170       1.028230       1.076100       1.127860       1.127860       1.127860       1.117940       1.112890       1.112890       1.112080       1.107660       1.105940       1.102690       1.106270       1.109810       1.113300       1.116760       1.120160       1.123530       1.126850       1.130130       1.133360       1.136550    
   1.014000       1.014000       1.014000       1.018720       1.028140       1.028150       1.028150       1.060160       1.092290       1.127880       1.127860       1.127860       1.127860       1.127860       1.118540       1.113700       1.113700       1.112080       1.109920       1.109200       1.112770       1.116300       1.119780       1.123220       1.126610       1.129960       1.133260       1.136520       1.139730       1.142900    
   1.014000       1.014000       1.018720       1.028140       1.028140       1.080330       1.158610       1.157350       1.156080       1.137310       1.127910       1.127860       1.127860       1.127860       1.127860       1.119690       1.115320       1.115320       1.112080       1.115690       1.119260       1.122770       1.126250       1.129670       1.133050       1.136380       1.139660       1.142890       1.146080       1.149230    
   1.014000       1.018710       1.028140       1.028140       1.090780       1.158620       1.158620       1.158610       1.157350       1.156080       1.137400       1.128020       1.127860       1.127860       1.127860       1.127860       1.121870       1.118560       1.118570       1.122170       1.125730       1.129240       1.132700       1.136110       1.139470       1.142780       1.146040       1.149260       1.152420       1.155540    
