iMOD/TUTORIALS/TUT_MetaswapAnalyser/model_MetaSWAP/meteo/Evaporation/Evaporation_20061216_L1.ASC
NCOLS                30
NROWS                30
XLLCORNER     160000.00
YLLCORNER     340000.00
CELLSIZE        1000.00
NODATA_VALUE   -9999.00
  0.5234000E-01  0.5208000E-01  0.5182000E-01  0.5155000E-01  0.5128000E-01  0.5101000E-01  0.5074000E-01  0.5046000E-01  0.5018000E-01  0.4989000E-01  0.4961000E-01  0.4932000E-01  0.4903000E-01  0.4873000E-01  0.4843000E-01  0.4813000E-01  0.4783000E-01  0.4752000E-01  0.4721000E-01  0.4689000E-01  0.4658000E-01  0.4626000E-01  0.4594000E-01  0.4561000E-01  0.4528000E-01  0.4495000E-01  0.4462000E-01  0.4428000E-01  0.4394000E-01  0.4360000E-01
  0.5210000E-01  0.5184000E-01  0.5158000E-01  0.5131000E-01  0.5104000E-01  0.5077000E-01  0.5050000E-01  0.5022000E-01  0.4994000E-01  0.4966000E-01  0.4937000E-01  0.4908000E-01  0.4879000E-01  0.4849000E-01  0.4820000E-01  0.4790000E-01  0.4759000E-01  0.4728000E-01  0.4697000E-01  0.4666000E-01  0.4634000E-01  0.4603000E-01  0.4570000E-01  0.4538000E-01  0.4505000E-01  0.4472000E-01  0.4439000E-01  0.4405000E-01  0.4371000E-01  0.4337000E-01
  0.5186000E-01  0.5160000E-01  0.5134000E-01  0.5107000E-01  0.5081000E-01  0.5054000E-01  0.5026000E-01  0.4998000E-01  0.4970000E-01  0.4942000E-01  0.4914000E-01  0.4885000E-01  0.4856000E-01  0.4826000E-01  0.4796000E-01  0.4766000E-01  0.4736000E-01  0.4705000E-01  0.4674000E-01  0.4643000E-01  0.4611000E-01  0.4579000E-01  0.4547000E-01  0.4515000E-01  0.4482000E-01  0.4449000E-01  0.4416000E-01  0.4382000E-01  0.4348000E-01  0.4314000E-01
  0.5163000E-01  0.5137000E-01  0.5110000E-01  0.5084000E-01  0.5057000E-01  0.5030000E-01  0.5003000E-01  0.4975000E-01  0.4947000E-01  0.4919000E-01  0.4890000E-01  0.4861000E-01  0.4832000E-01  0.4803000E-01  0.4773000E-01  0.4743000E-01  0.4713000E-01  0.4682000E-01  0.4651000E-01  0.4620000E-01  0.4588000E-01  0.4556000E-01  0.4524000E-01  0.4492000E-01  0.4459000E-01  0.4426000E-01  0.4393000E-01  0.4359000E-01  0.4325000E-01  0.4291000E-01
  0.5139000E-01  0.5113000E-01  0.5087000E-01  0.5060000E-01  0.5034000E-01  0.5007000E-01  0.4979000E-01  0.4952000E-01  0.4924000E-01  0.4895000E-01  0.4867000E-01  0.4838000E-01  0.4809000E-01  0.4780000E-01  0.4750000E-01  0.4720000E-01  0.4690000E-01  0.4659000E-01  0.4628000E-01  0.4597000E-01  0.4565000E-01  0.4533000E-01  0.4501000E-01  0.4469000E-01  0.4436000E-01  0.4403000E-01  0.4370000E-01  0.4336000E-01  0.4302000E-01  0.4268000E-01
  0.5116000E-01  0.5090000E-01  0.5064000E-01  0.5037000E-01  0.5010000E-01  0.4983000E-01  0.4956000E-01  0.4928000E-01  0.4900000E-01  0.4872000E-01  0.4844000E-01  0.4815000E-01  0.4786000E-01  0.4756000E-01  0.4727000E-01  0.4697000E-01  0.4667000E-01  0.4636000E-01  0.4605000E-01  0.4574000E-01  0.4542000E-01  0.4511000E-01  0.4478000E-01  0.4446000E-01  0.4413000E-01  0.4380000E-01  0.4347000E-01  0.4313000E-01  0.4279000E-01  0.4245000E-01
  0.5093000E-01  0.5067000E-01  0.5041000E-01  0.5014000E-01  0.4987000E-01  0.4960000E-01  0.4933000E-01  0.4905000E-01  0.4877000E-01  0.4849000E-01  0.4821000E-01  0.4792000E-01  0.4763000E-01  0.4733000E-01  0.4704000E-01  0.4674000E-01  0.4644000E-01  0.4613000E-01  0.4582000E-01  0.4551000E-01  0.4520000E-01  0.4488000E-01  0.4456000E-01  0.4423000E-01  0.4391000E-01  0.4357000E-01  0.4324000E-01  0.4291000E-01  0.4257000E-01  0.4222000E-01
  0.5070000E-01  0.5044000E-01  0.5017000E-01  0.4991000E-01  0.4964000E-01  0.4937000E-01  0.4910000E-01  0.4882000E-01  0.4854000E-01  0.4826000E-01  0.4798000E-01  0.4769000E-01  0.4740000E-01  0.4711000E-01  0.4681000E-01  0.4651000E-01  0.4621000E-01  0.4590000E-01  0.4559000E-01  0.4528000E-01  0.4497000E-01  0.4465000E-01  0.4433000E-01  0.4401000E-01  0.4368000E-01  0.4335000E-01  0.4301000E-01  0.4268000E-01  0.4234000E-01  0.4200000E-01
  0.5047000E-01  0.5021000E-01  0.4995000E-01  0.4968000E-01  0.4941000E-01  0.4914000E-01  0.4887000E-01  0.4859000E-01  0.4831000E-01  0.4803000E-01  0.4775000E-01  0.4746000E-01  0.4717000E-01  0.4688000E-01  0.4658000E-01  0.4628000E-01  0.4598000E-01  0.4568000E-01  0.4537000E-01  0.4506000E-01  0.4474000E-01  0.4442000E-01  0.4410000E-01  0.4378000E-01  0.4345000E-01  0.4312000E-01  0.4279000E-01  0.4245000E-01  0.4211000E-01  0.4177000E-01
  0.5024000E-01  0.4998000E-01  0.4972000E-01  0.4945000E-01  0.4918000E-01  0.4891000E-01  0.4864000E-01  0.4836000E-01  0.4809000E-01  0.4780000E-01  0.4752000E-01  0.4723000E-01  0.4694000E-01  0.4665000E-01  0.4636000E-01  0.4606000E-01  0.4575000E-01  0.4545000E-01  0.4514000E-01  0.4483000E-01  0.4451000E-01  0.4420000E-01  0.4388000E-01  0.4355000E-01  0.4323000E-01  0.4290000E-01  0.4256000E-01  0.4223000E-01  0.4189000E-01  0.4154000E-01
  0.5024000E-01  0.4998000E-01  0.4959250E-01  0.4922000E-01  0.4896000E-01  0.4869000E-01  0.4841000E-01  0.4814000E-01  0.4786000E-01  0.4758000E-01  0.4729000E-01  0.4701000E-01  0.4672000E-01  0.4642000E-01  0.4613000E-01  0.4583000E-01  0.4553000E-01  0.4522000E-01  0.4492000E-01  0.4460000E-01  0.4429000E-01  0.4397000E-01  0.4365000E-01  0.4333000E-01  0.4300000E-01  0.4267000E-01  0.4234000E-01  0.4200000E-01  0.4166000E-01  0.4132000E-01
  0.5024000E-01  0.4975810E-01  0.4922000E-01  0.4885250E-01  0.4873000E-01  0.4846000E-01  0.4819000E-01  0.4791000E-01  0.4763000E-01  0.4735000E-01  0.4707000E-01  0.4678000E-01  0.4649000E-01  0.4620000E-01  0.4590000E-01  0.4561000E-01  0.4530000E-01  0.4500000E-01  0.4469000E-01  0.4438000E-01  0.4406000E-01  0.4375000E-01  0.4343000E-01  0.4310000E-01  0.4278000E-01  0.4245000E-01  0.4211000E-01  0.4178000E-01  0.4144000E-01  0.4109000E-01
  0.4992930E-01  0.4922000E-01  0.4879690E-01  0.4861500E-01  0.4850000E-01  0.4823000E-01  0.4796000E-01  0.4769000E-01  0.4741000E-01  0.4713000E-01  0.4684000E-01  0.4656000E-01  0.4627000E-01  0.4597000E-01  0.4568000E-01  0.4538000E-01  0.4508000E-01  0.4477000E-01  0.4447000E-01  0.4416000E-01  0.4384000E-01  0.4352000E-01  0.4320000E-01  0.4288000E-01  0.4255000E-01  0.4222000E-01  0.4189000E-01  0.4155000E-01  0.4121000E-01  0.4087000E-01
  0.4922000E-01  0.4876860E-01  0.4855750E-01  0.4850000E-01  0.4824670E-01  0.4801000E-01  0.4774000E-01  0.4746000E-01  0.4718000E-01  0.4690000E-01  0.4662000E-01  0.4633000E-01  0.4604000E-01  0.4575000E-01  0.4546000E-01  0.4516000E-01  0.4486000E-01  0.4455000E-01  0.4424000E-01  0.4393000E-01  0.4362000E-01  0.4330000E-01  0.4298000E-01  0.4265000E-01  0.4233000E-01  0.4200000E-01  0.4166000E-01  0.4133000E-01  0.4099000E-01  0.4064000E-01
  0.4875430E-01  0.4852880E-01  0.4850000E-01  0.4825220E-01  0.4801000E-01  0.4775330E-01  0.4751000E-01  0.4724000E-01  0.4696000E-01  0.4668000E-01  0.4640000E-01  0.4611000E-01  0.4582000E-01  0.4553000E-01  0.4523000E-01  0.4493000E-01  0.4463000E-01  0.4433000E-01  0.4402000E-01  0.4371000E-01  0.4339000E-01  0.4308000E-01  0.4276000E-01  0.4243000E-01  0.4210000E-01  0.4177000E-01  0.4144000E-01  0.4110000E-01  0.4076000E-01  0.4042000E-01
  0.4851440E-01  0.4850000E-01  0.4825410E-01  0.4801000E-01  0.4775780E-01  0.4751000E-01  0.4737500E-01  0.4723670E-01  0.4683500E-01  0.4646000E-01  0.4617000E-01  0.4589000E-01  0.4560000E-01  0.4530000E-01  0.4501000E-01  0.4471000E-01  0.4441000E-01  0.4410000E-01  0.4380000E-01  0.4349000E-01  0.4317000E-01  0.4285000E-01  0.4253000E-01  0.4221000E-01  0.4188000E-01  0.4155000E-01  0.4122000E-01  0.4088000E-01  0.4054000E-01  0.4019000E-01
  0.4850000E-01  0.4825470E-01  0.4801000E-01  0.4775930E-01  0.4751000E-01  0.4744250E-01  0.4737390E-01  0.4697670E-01  0.4646000E-01  0.4631500E-01  0.4592400E-01  0.4566000E-01  0.4537000E-01  0.4508000E-01  0.4479000E-01  0.4449000E-01  0.4419000E-01  0.4388000E-01  0.4357000E-01  0.4326000E-01  0.4295000E-01  0.4263000E-01  0.4231000E-01  0.4199000E-01  0.4166000E-01  0.4133000E-01  0.4099000E-01  0.4065000E-01  0.4031000E-01  0.3997000E-01
  0.4825490E-01  0.4801000E-01  0.4775980E-01  0.4751000E-01  0.4747630E-01  0.4744210E-01  0.4706330E-01  0.4646000E-01  0.4638750E-01  0.4593780E-01  0.4555000E-01  0.4544000E-01  0.4515000E-01  0.4486000E-01  0.4457000E-01  0.4427000E-01  0.4397000E-01  0.4366000E-01  0.4335000E-01  0.4304000E-01  0.4273000E-01  0.4241000E-01  0.4209000E-01  0.4176000E-01  0.4143000E-01  0.4110000E-01  0.4077000E-01  0.4043000E-01  0.4009000E-01  0.3974000E-01
  0.4801000E-01  0.4775990E-01  0.4751000E-01  0.4749310E-01  0.4747610E-01  0.4711040E-01  0.4646000E-01  0.4642370E-01  0.4594410E-01  0.4549500E-01  0.4544000E-01  0.4529500E-01  0.4502250E-01  0.4464000E-01  0.4434000E-01  0.4405000E-01  0.4374000E-01  0.4344000E-01  0.4313000E-01  0.4282000E-01  0.4251000E-01  0.4219000E-01  0.4187000E-01  0.4154000E-01  0.4121000E-01  0.4088000E-01  0.4055000E-01  0.4021000E-01  0.3987000E-01  0.3952000E-01
  0.4776000E-01  0.4751000E-01  0.4750160E-01  0.4749310E-01  0.4713490E-01  0.4646000E-01  0.4644190E-01  0.4594710E-01  0.4546750E-01  0.4544000E-01  0.4536750E-01  0.4509940E-01  0.4464000E-01  0.4449000E-01  0.4434330E-01  0.4404330E-01  0.4374330E-01  0.4343670E-01  0.4287400E-01  0.4260000E-01  0.4228000E-01  0.4197000E-01  0.4164000E-01  0.4132000E-01  0.4099000E-01  0.4066000E-01  0.4032000E-01  0.3998000E-01  0.3964000E-01  0.3930000E-01
  0.4751000E-01  0.4750580E-01  0.4750150E-01  0.4714740E-01  0.4646000E-01  0.4645090E-01  0.4594850E-01  0.4545370E-01  0.4544000E-01  0.4540370E-01  0.4513670E-01  0.4464000E-01  0.4456500E-01  0.4449110E-01  0.4429220E-01  0.4404330E-01  0.4374110E-01  0.4298480E-01  0.4249000E-01  0.4238000E-01  0.4206000E-01  0.4174000E-01  0.4142000E-01  0.4110000E-01  0.4077000E-01  0.4044000E-01  0.4010000E-01  0.3976000E-01  0.3942000E-01  0.3907000E-01
  0.4750790E-01  0.4750580E-01  0.4715370E-01  0.4646000E-01  0.4645550E-01  0.4594930E-01  0.4544690E-01  0.4544000E-01  0.4542190E-01  0.4515510E-01  0.4464000E-01  0.4460250E-01  0.4456540E-01  0.4444940E-01  0.4427560E-01  0.4402560E-01  0.4311680E-01  0.4243500E-01  0.4238000E-01  0.4209330E-01  0.4184000E-01  0.4152000E-01  0.4120000E-01  0.4087000E-01  0.4055000E-01  0.4021000E-01  0.3988000E-01  0.3954000E-01  0.3919000E-01  0.3885000E-01
  0.4750790E-01  0.4715680E-01  0.4646000E-01  0.4645770E-01  0.4594960E-01  0.4544340E-01  0.4544000E-01  0.4543090E-01  0.4516420E-01  0.4464000E-01  0.4462130E-01  0.4460260E-01  0.4453910E-01  0.4443010E-01  0.4425020E-01  0.4310810E-01  0.4240750E-01  0.4238000E-01  0.4184580E-01  0.4162000E-01  0.4142800E-01  0.4130000E-01  0.4098000E-01  0.4065000E-01  0.4032000E-01  0.3999000E-01  0.3965000E-01  0.3931000E-01  0.3897000E-01  0.3862000E-01
  0.4715840E-01  0.4646000E-01  0.4645890E-01  0.4594980E-01  0.4544170E-01  0.4544000E-01  0.4543550E-01  0.4516880E-01  0.4464000E-01  0.4463060E-01  0.4462130E-01  0.4458770E-01  0.4452400E-01  0.4353490E-01  0.4259700E-01  0.4171500E-01  0.4171500E-01  0.4155300E-01  0.4136330E-01  0.4129000E-01  0.4140000E-01  0.4108000E-01  0.4076000E-01  0.4043000E-01  0.4010000E-01  0.3977000E-01  0.3943000E-01  0.3909000E-01  0.3874000E-01  0.3840000E-01
  0.4646000E-01  0.4645940E-01  0.4594990E-01  0.4544090E-01  0.4544000E-01  0.4543770E-01  0.4517110E-01  0.4464000E-01  0.4463530E-01  0.4463060E-01  0.4461320E-01  0.4457760E-01  0.4289320E-01  0.4091310E-01  0.4092000E-01  0.4115850E-01  0.4102250E-01  0.4105000E-01  0.4112560E-01  0.4118000E-01  0.4118000E-01  0.4086000E-01  0.4054000E-01  0.4021000E-01  0.3988000E-01  0.3954000E-01  0.3921000E-01  0.3886000E-01  0.3852000E-01  0.3817000E-01
  0.4645970E-01  0.4595000E-01  0.4544040E-01  0.4544000E-01  0.4543890E-01  0.4517220E-01  0.4464000E-01  0.4463770E-01  0.4463530E-01  0.4462640E-01  0.4298830E-01  0.4056000E-01  0.4078970E-01  0.4090630E-01  0.4090630E-01  0.4092000E-01  0.4097640E-01  0.4099500E-01  0.4105000E-01  0.4098250E-01  0.4096000E-01  0.4064000E-01  0.4031000E-01  0.3999000E-01  0.3966000E-01  0.3932000E-01  0.3898000E-01  0.3864000E-01  0.3829000E-01  0.3795000E-01
  0.4595000E-01  0.4544020E-01  0.4544000E-01  0.4543940E-01  0.4517280E-01  0.4464000E-01  0.4463880E-01  0.4463770E-01  0.4463310E-01  0.4267400E-01  0.4056000E-01  0.4056000E-01  0.4056000E-01  0.4077950E-01  0.4089250E-01  0.4089250E-01  0.4092000E-01  0.4094060E-01  0.4094000E-01  0.4105000E-01  0.4074000E-01  0.4042000E-01  0.4009000E-01  0.3976000E-01  0.3943000E-01  0.3910000E-01  0.3876000E-01  0.3841000E-01  0.3807000E-01  0.3772000E-01
  0.4544010E-01  0.4544000E-01  0.4543970E-01  0.4517300E-01  0.4464000E-01  0.4463940E-01  0.4463880E-01  0.4341240E-01  0.4208820E-01  0.4055940E-01  0.4056000E-01  0.4056000E-01  0.4056000E-01  0.4056000E-01  0.4075920E-01  0.4086500E-01  0.4086500E-01  0.4092000E-01  0.4085250E-01  0.4083000E-01  0.4051000E-01  0.4019000E-01  0.3987000E-01  0.3954000E-01  0.3921000E-01  0.3887000E-01  0.3853000E-01  0.3819000E-01  0.3784000E-01  0.3749000E-01
  0.4544000E-01  0.4543990E-01  0.4517320E-01  0.4464000E-01  0.4463970E-01  0.4270760E-01  0.3981000E-01  0.3977500E-01  0.3974000E-01  0.4028500E-01  0.4055810E-01  0.4056000E-01  0.4056000E-01  0.4056000E-01  0.4056000E-01  0.4071920E-01  0.4081000E-01  0.4081000E-01  0.4092000E-01  0.4061000E-01  0.4029000E-01  0.3997000E-01  0.3965000E-01  0.3932000E-01  0.3898000E-01  0.3865000E-01  0.3831000E-01  0.3796000E-01  0.3762000E-01  0.3726000E-01
  0.4543990E-01  0.4517330E-01  0.4464000E-01  0.4463990E-01  0.4232110E-01  0.3980960E-01  0.3980960E-01  0.3981000E-01  0.3977500E-01  0.3974000E-01  0.4028180E-01  0.4055440E-01  0.4056000E-01  0.4056000E-01  0.4056000E-01  0.4056000E-01  0.4064190E-01  0.4070000E-01  0.4070000E-01  0.4039000E-01  0.4007000E-01  0.3975000E-01  0.3942000E-01  0.3909000E-01  0.3876000E-01  0.3842000E-01  0.3808000E-01  0.3774000E-01  0.3739000E-01  0.3704000E-01
