iMOD/TUTORIALS/TUT_MetaswapAnalyser/model_MetaSWAP/meteo/Evaporation/Evaporation_20060207_L1.ASC
NCOLS                30
NROWS                30
XLLCORNER     160000.00
YLLCORNER     340000.00
CELLSIZE        1000.00
NODATA_VALUE   -9999.00
  0.2394300      0.2386800      0.2379000      0.2370900      0.2362500      0.2353900      0.2344900      0.2335700      0.2326300      0.2316600      0.2306600      0.2296400      0.2285900      0.2275200      0.2264200      0.2253100      0.2241600      0.2230000      0.2218100      0.2206000      0.2193700      0.2181200      0.2168500      0.2155700      0.2142600      0.2129300      0.2115900      0.2102300      0.2088500      0.2074600    
  0.2385800      0.2378200      0.2370400      0.2362300      0.2353900      0.2345300      0.2336300      0.2327200      0.2317700      0.2308000      0.2298100      0.2287900      0.2277400      0.2266800      0.2255800      0.2244700      0.2233300      0.2221700      0.2209900      0.2197900      0.2185600      0.2173200      0.2160600      0.2147800      0.2134800      0.2121600      0.2108200      0.2094700      0.2081000      0.2067200    
  0.2377100      0.2369500      0.2361700      0.2353600      0.2345200      0.2336500      0.2327600      0.2318400      0.2309000      0.2299300      0.2289400      0.2279200      0.2268800      0.2258200      0.2247300      0.2236200      0.2224900      0.2213300      0.2201500      0.2189600      0.2177400      0.2165000      0.2152500      0.2139700      0.2126800      0.2113700      0.2100400      0.2087000      0.2073400      0.2059700    
  0.2368300      0.2360700      0.2352800      0.2344700      0.2336300      0.2327700      0.2318700      0.2309600      0.2300200      0.2290500      0.2280600      0.2270400      0.2260100      0.2249400      0.2238600      0.2227500      0.2216300      0.2204800      0.2193000      0.2181100      0.2169000      0.2156700      0.2144200      0.2131600      0.2118700      0.2105700      0.2092500      0.2079200      0.2065700      0.2052000    
  0.2359400      0.2351800      0.2343900      0.2335700      0.2327300      0.2318700      0.2309800      0.2300600      0.2291200      0.2281500      0.2271700      0.2261500      0.2251200      0.2240600      0.2229800      0.2218800      0.2207500      0.2196100      0.2184400      0.2172600      0.2160500      0.2148300      0.2135900      0.2123300      0.2110500      0.2097500      0.2084400      0.2071200      0.2057800      0.2044200    
  0.2350300      0.2342700      0.2334800      0.2326600      0.2318200      0.2309500      0.2300600      0.2291500      0.2282100      0.2272500      0.2262600      0.2252500      0.2242200      0.2231600      0.2220800      0.2209900      0.2198700      0.2187300      0.2175700      0.2163900      0.2151900      0.2139700      0.2127400      0.2114800      0.2102100      0.2089300      0.2076200      0.2063100      0.2049700      0.2036300    
  0.2341200      0.2333500      0.2325600      0.2317400      0.2309000      0.2300300      0.2291400      0.2282300      0.2272900      0.2263300      0.2253400      0.2243300      0.2233000      0.2222500      0.2211800      0.2200800      0.2189700      0.2178300      0.2166800      0.2155000      0.2143100      0.2131000      0.2118700      0.2106300      0.2093600      0.2080900      0.2067900      0.2054800      0.2041600      0.2028200    
  0.2331900      0.2324200      0.2316300      0.2308100      0.2299600      0.2291000      0.2282100      0.2272900      0.2263500      0.2253900      0.2244100      0.2234100      0.2223800      0.2213300      0.2202600      0.2191700      0.2180600      0.2169300      0.2157800      0.2146100      0.2134200      0.2122200      0.2110000      0.2097600      0.2085000      0.2072300      0.2059500      0.2046500      0.2033300      0.2020000    
  0.2322500      0.2314800      0.2306800      0.2298600      0.2290200      0.2281500      0.2272600      0.2263500      0.2254100      0.2244500      0.2234700      0.2224700      0.2214400      0.2204000      0.2193300      0.2182400      0.2171400      0.2160100      0.2148700      0.2137000      0.2125200      0.2113300      0.2101100      0.2088800      0.2076300      0.2063700      0.2050900      0.2038000      0.2024900      0.2011700    
  0.2313100      0.2305300      0.2297300      0.2289100      0.2280700      0.2272000      0.2263100      0.2253900      0.2244600      0.2235000      0.2225200      0.2215200      0.2205000      0.2194500      0.2183900      0.2173100      0.2162100      0.2150800      0.2139500      0.2127900      0.2116100      0.2104200      0.2092100      0.2079900      0.2067500      0.2054900      0.2042200      0.2029400      0.2016400      0.2003300    
  0.2313000      0.2305230      0.2292800      0.2279500      0.2271000      0.2262400      0.2253400      0.2244300      0.2235000      0.2225400      0.2215600      0.2205600      0.2195400      0.2185000      0.2174400      0.2163600      0.2152600      0.2141500      0.2130100      0.2118600      0.2106900      0.2095100      0.2083100      0.2070900      0.2058600      0.2046100      0.2033500      0.2020700      0.2007800      0.1994800    
  0.2312910      0.2297630      0.2279500      0.2265820      0.2261300      0.2252600      0.2243700      0.2234600      0.2225200      0.2215700      0.2205900      0.2195900      0.2185800      0.2175400      0.2164800      0.2154100      0.2143100      0.2132000      0.2120700      0.2109300      0.2097600      0.2085800      0.2073900      0.2061800      0.2049500      0.2037100      0.2024600      0.2011900      0.1999100      0.1986200    
  0.2302620      0.2279500      0.2263310      0.2256400      0.2251500      0.2242800      0.2233900      0.2224800      0.2215400      0.2205900      0.2196100      0.2186200      0.2176000      0.2165700      0.2155200      0.2144400      0.2133500      0.2122500      0.2111200      0.2099800      0.2088200      0.2076500      0.2064600      0.2052600      0.2040400      0.2028100      0.2015600      0.2003000      0.1990300      0.1977500    
  0.2279500      0.2262060      0.2253950      0.2251500      0.2242430      0.2233000      0.2224000      0.2214900      0.2205600      0.2196000      0.2186300      0.2176300      0.2166200      0.2155900      0.2145400      0.2134700      0.2123800      0.2112800      0.2101600      0.2090300      0.2078700      0.2067100      0.2055200      0.2043300      0.2031200      0.2018900      0.2006500      0.1994000      0.1981400      0.1968600    
  0.2261450      0.2252730      0.2251500      0.2242310      0.2233000      0.2223700      0.2214100      0.2205000      0.2195600      0.2186100      0.2176400      0.2166400      0.2156300      0.2146000      0.2135600      0.2124900      0.2114100      0.2103100      0.2091900      0.2080600      0.2069200      0.2057600      0.2045800      0.2033900      0.2021900      0.2009700      0.1997400      0.1985000      0.1972400      0.1959700    
  0.2252110      0.2251500      0.2242270      0.2233000      0.2223600      0.2214100      0.2209550      0.2204900      0.2190700      0.2176100      0.2166400      0.2156400      0.2146400      0.2136100      0.2125600      0.2115000      0.2104200      0.2093300      0.2082200      0.2070900      0.2059500      0.2048000      0.2036300      0.2024400      0.2012500      0.2000400      0.1988100      0.1975800      0.1963300      0.1950800    
  0.2251500      0.2242260      0.2233000      0.2223570      0.2214100      0.2211830      0.2209520      0.2195310      0.2176100      0.2171250      0.2156320      0.2146400      0.2136300      0.2126100      0.2115700      0.2105100      0.2094300      0.2083400      0.2072400      0.2061200      0.2049800      0.2038300      0.2026700      0.2014900      0.2003000      0.1991000      0.1978800      0.1966600      0.1954200      0.1941700    
  0.2242250      0.2233000      0.2223560      0.2214100      0.2212960      0.2211810      0.2198190      0.2176100      0.2173680      0.2156260      0.2141350      0.2136300      0.2126200      0.2116000      0.2105600      0.2095100      0.2084300      0.2073500      0.2062500      0.2051300      0.2040000      0.2028600      0.2017000      0.2005300      0.1993500      0.1981500      0.1969400      0.1957200      0.1945000      0.1932500    
  0.2233000      0.2223550      0.2214100      0.2213530      0.2212960      0.2199770      0.2176100      0.2174890      0.2156230      0.2138830      0.2136300      0.2131250      0.2121100      0.2105900      0.2095500      0.2085000      0.2074300      0.2063500      0.2052500      0.2041400      0.2030100      0.2018800      0.2007200      0.1995600      0.1983800      0.1972000      0.1960000      0.1947900      0.1935700      0.1923300    
  0.2223550      0.2214100      0.2213820      0.2213530      0.2200590      0.2176100      0.2175490      0.2156220      0.2137560      0.2136300      0.2133780      0.2123640      0.2105900      0.2100700      0.2095470      0.2084930      0.2074270      0.2063430      0.2042040      0.2031400      0.2020200      0.2008900      0.1997400      0.1985900      0.1974200      0.1962400      0.1950400      0.1938400      0.1926300      0.1914000    
  0.2214100      0.2213960      0.2213820      0.2201010      0.2176100      0.2175800      0.2156210      0.2136930      0.2136300      0.2135040      0.2124900      0.2105900      0.2103300      0.2100690      0.2093700      0.2084890      0.2074210      0.2045510      0.2026400      0.2021400      0.2010200      0.1999000      0.1987600      0.1976100      0.1964400      0.1952700      0.1940900      0.1928900      0.1916900      0.1904700    
  0.2214030      0.2213960      0.2201220      0.2176100      0.2175950      0.2156200      0.2136620      0.2136300      0.2135670      0.2125540      0.2105900      0.2104600      0.2103300      0.2099230      0.2093090      0.2084270      0.2049980      0.2023900      0.2021400      0.2010600      0.2000200      0.1989000      0.1977700      0.1966200      0.1954600      0.1943000      0.1931200      0.1919300      0.1907400      0.1895300    
  0.2214030      0.2201330      0.2176100      0.2176020      0.2156200      0.2136460      0.2136300      0.2135980      0.2125850      0.2105900      0.2105250      0.2104600      0.2102380      0.2098540      0.2092200      0.2048170      0.2022650      0.2021400      0.1999260      0.1990100      0.1983420      0.1979000      0.1967700      0.1956300      0.1944800      0.1933200      0.1921500      0.1909700      0.1897800      0.1885900    
  0.2201380      0.2176100      0.2176060      0.2156200      0.2136380      0.2136300      0.2136140      0.2126010      0.2105900      0.2105580      0.2105250      0.2104070      0.2101840      0.2060880      0.2024020      0.1990840      0.1990850      0.1985100      0.1978310      0.1974950      0.1980000      0.1968900      0.1957700      0.1946300      0.1934900      0.1923400      0.1911800      0.1900100      0.1888200      0.1876400    
  0.2176100      0.2176080      0.2156200      0.2136340      0.2136300      0.2136220      0.2126090      0.2105900      0.2105740      0.2105570      0.2104970      0.2103720      0.2033320      0.1950080      0.1950400      0.1963970      0.1959010      0.1960300      0.1966240      0.1969870      0.1969900      0.1958800      0.1947600      0.1936400      0.1925000      0.1913500      0.1902000      0.1890300      0.1878600      0.1866800    
  0.2176090      0.2156200      0.2136320      0.2136300      0.2136260      0.2126130      0.2105900      0.2105820      0.2105740      0.2105430      0.2034770      0.1929800      0.1943050      0.1949750      0.1949750      0.1950400      0.1955600      0.1957720      0.1960300      0.1959830      0.1959700      0.1948600      0.1937500      0.1926300      0.1915000      0.1903600      0.1892200      0.1880600      0.1869000      0.1857200    
  0.2156200      0.2136310      0.2136300      0.2136280      0.2126150      0.2105900      0.2105860      0.2105820      0.2105660      0.2021110      0.1929800      0.1929800      0.1929800      0.1942570      0.1949100      0.1949100      0.1950400      0.1953990      0.1955150      0.1960300      0.1949400      0.1938500      0.1927400      0.1916300      0.1905000      0.1893700      0.1882300      0.1870800      0.1859300      0.1847600    
  0.2136300      0.2136300      0.2136290      0.2126160      0.2105900      0.2105880      0.2105860      0.2051410      0.1994420      0.1929770      0.1929800      0.1929800      0.1929800      0.1929800      0.1941610      0.1947800      0.1947800      0.1950400      0.1950100      0.1950000      0.1939200      0.1928300      0.1917300      0.1906200      0.1895000      0.1883800      0.1872400      0.1861000      0.1849500      0.1838000    
  0.2136300      0.2136300      0.2126160      0.2105900      0.2105890      0.2018800      0.1888200      0.1888250      0.1888300      0.1915890      0.1929710      0.1929800      0.1929800      0.1929800      0.1929800      0.1939750      0.1945210      0.1945200      0.1950400      0.1939700      0.1928900      0.1918000      0.1907100      0.1896100      0.1885000      0.1873800      0.1862500      0.1851200      0.1839800      0.1828300    
  0.2136300      0.2126160      0.2105900      0.2105890      0.2001380      0.1888180      0.1888180      0.1888200      0.1888250      0.1888300      0.1915740      0.1929540      0.1929800      0.1929800      0.1929800      0.1929800      0.1936180      0.1940030      0.1940000      0.1929400      0.1918600      0.1907800      0.1896900      0.1885900      0.1874900      0.1863800      0.1852600      0.1841300      0.1830000      0.1818600    
