iMOD/TUTORIALS/TUT_MetaswapAnalyser/model_MetaSWAP/meteo/Evaporation/Evaporation_20060625_L1.ASC
NCOLS                30
NROWS                30
XLLCORNER     160000.00
YLLCORNER     340000.00
CELLSIZE        1000.00
NODATA_VALUE   -9999.00
   1.607120       1.618610       1.630220       1.641960       1.653820       1.665780       1.677850       1.690020       1.702280       1.714640       1.727070       1.739590       1.752180       1.764840       1.777560       1.790350       1.803190       1.816090       1.829040       1.842030       1.855070       1.868150       1.881270       1.894430       1.907620       1.920840       1.934100       1.947390       1.960700       1.974040    
   1.612330       1.623820       1.635440       1.647180       1.659030       1.670990       1.683050       1.695210       1.707470       1.719810       1.732240       1.744740       1.757320       1.769970       1.782680       1.795450       1.808270       1.821150       1.834090       1.847060       1.860080       1.873140       1.886240       1.899380       1.912550       1.925750       1.938980       1.952240       1.965530       1.978840    
   1.617600       1.629090       1.640710       1.652450       1.664300       1.676250       1.688310       1.700470       1.712720       1.725050       1.737460       1.749960       1.762520       1.775150       1.787850       1.800600       1.813420       1.826280       1.839190       1.852150       1.865150       1.878190       1.891270       1.904380       1.917530       1.930710       1.943910       1.957150       1.970410       1.983690    
   1.622920       1.634420       1.646040       1.657780       1.669630       1.681580       1.693630       1.705780       1.718020       1.730340       1.742750       1.755230       1.767780       1.780400       1.793080       1.805820       1.818610       1.831460       1.844350       1.857290       1.870270       1.883290       1.896350       1.909440       1.922560       1.935710       1.948890       1.962100       1.975330       1.988590    
   1.628290       1.639800       1.651420       1.663160       1.675010       1.686960       1.699000       1.711140       1.723380       1.735690       1.748080       1.760550       1.773090       1.785690       1.798360       1.811080       1.823860       1.836690       1.849560       1.862480       1.875440       1.888440       1.901470       1.914540       1.927640       1.940760       1.953920       1.967090       1.980300       1.993520    
   1.633720       1.645230       1.656860       1.668590       1.680440       1.692380       1.704430       1.716560       1.728780       1.741090       1.753470       1.765930       1.778450       1.791040       1.803690       1.816400       1.829160       1.841970       1.854820       1.867720       1.880660       1.893640       1.906640       1.919690       1.932760       1.945860       1.958980       1.972130       1.985300       1.998500    
   1.639180       1.650700       1.662330       1.674070       1.685910       1.697860       1.709900       1.722020       1.734240       1.746540       1.758910       1.771350       1.783860       1.796440       1.809070       1.821760       1.834510       1.847300       1.860130       1.873010       1.885930       1.898880       1.911860       1.924880       1.937920       1.950990       1.964090       1.977210       1.990350       2.003510    
   1.644690       1.656220       1.667850       1.679590       1.691440       1.703380       1.715410       1.727530       1.739740       1.752030       1.764390       1.776820       1.789320       1.801880       1.814500       1.827180       1.839900       1.852670       1.865490       1.878340       1.891230       1.904160       1.917120       1.930110       1.943130       1.956170       1.969240       1.982320       1.995430       2.008560    
   1.650240       1.661770       1.673410       1.685150       1.697000       1.708930       1.720970       1.733080       1.745280       1.757560       1.769910       1.782330       1.794820       1.807370       1.819970       1.832630       1.845330       1.858090       1.870880       1.883710       1.896580       1.909490       1.922420       1.935380       1.948370       1.961380       1.974420       1.987480       2.000550       2.013650    
   1.655830       1.667360       1.679010       1.690750       1.702590       1.714530       1.726560       1.738670       1.750860       1.763130       1.775480       1.787890       1.800360       1.812890       1.825480       1.838120       1.850810       1.863540       1.876310       1.889130       1.901970       1.914850       1.927760       1.940690       1.953650       1.966640       1.979640       1.992660       2.005710       2.018760    
   1.655860       1.667400       1.683380       1.696380       1.708230       1.720160       1.732190       1.744300       1.756480       1.768740       1.781080       1.793480       1.805940       1.818460       1.831030       1.843650       1.856320       1.869030       1.881790       1.894570       1.907400       1.920250       1.933130       1.946040       1.958970       1.971920       1.984890       1.997880       2.010890       2.023910    
   1.655900       1.675750       1.696380       1.709520       1.713890       1.725830       1.737850       1.749950       1.762130       1.774390       1.786710       1.799100       1.811550       1.824050       1.836610       1.849220       1.861870       1.874560       1.887290       1.900060       1.912850       1.925680       1.938540       1.951410       1.964320       1.977240       1.990180       2.003130       2.016110       2.029090    
   1.668130       1.696380       1.710560       1.716740       1.719590       1.731520       1.743540       1.755640       1.767820       1.780060       1.792380       1.804750       1.817190       1.829680       1.842220       1.854810       1.867450       1.880120       1.892830       1.905570       1.918350       1.931150       1.943970       1.956820       1.969690       1.982580       1.995490       2.008410       2.021350       2.034300    
   1.696380       1.711170       1.718160       1.719590       1.729450       1.737240       1.749260       1.761350       1.773520       1.785770       1.798070       1.810440       1.822860       1.835340       1.847870       1.860440       1.873060       1.885710       1.898400       1.911120       1.923870       1.936640       1.949440       1.962260       1.975100       1.987960       2.000830       2.013720       2.026620       2.039530    
   1.711510       1.718880       1.719590       1.728760       1.737240       1.747170       1.755000       1.767090       1.779260       1.791490       1.803790       1.816150       1.828560       1.841030       1.853540       1.866100       1.878690       1.891330       1.903990       1.916690       1.929410       1.942160       1.954930       1.967720       1.980530       1.993360       2.006200       2.019050       2.031910       2.044780    
   1.719230       1.719590       1.728530       1.737240       1.746470       1.755000       1.761040       1.767120       1.783770       1.797240       1.809530       1.821880       1.834280       1.846740       1.859230       1.871770       1.884350       1.896970       1.909610       1.922290       1.934990       1.947710       1.960450       1.973210       1.985990       1.998780       2.011580       2.024400       2.037220       2.050060    
   1.719590       1.728450       1.737240       1.746240       1.755000       1.758020       1.761050       1.777290       1.797240       1.803390       1.817940       1.827630       1.840030       1.852470       1.864950       1.877470       1.890040       1.902630       1.915250       1.927900       1.940580       1.953270       1.965990       1.978720       1.991460       2.004220       2.016990       2.029770       2.042560       2.055350    
   1.728430       1.737240       1.746160       1.755000       1.756510       1.758030       1.773400       1.797240       1.800310       1.816500       1.830520       1.833410       1.845790       1.858210       1.870680       1.883190       1.895740       1.908310       1.920920       1.933540       1.946190       1.958860       1.971550       1.984250       1.996960       2.009680       2.022420       2.035160       2.047910       2.060660    
   1.737240       1.746130       1.755000       1.755760       1.756510       1.771290       1.797240       1.798780       1.815890       1.831960       1.833410       1.839600       1.850350       1.863980       1.876440       1.888930       1.901460       1.914010       1.926590       1.939200       1.951820       1.964470       1.977120       1.989790       2.002470       2.015160       2.027860       2.040560       2.053270       2.065990    
   1.746120       1.755000       1.755380       1.755760       1.770200       1.797240       1.798010       1.815600       1.832690       1.833410       1.836510       1.846830       1.863980       1.870210       1.876450       1.888940       1.901470       1.914020       1.935040       1.944870       1.957470       1.970080       1.982710       1.995350       2.008000       2.020650       2.033310       2.045980       2.058650       2.071320    
   1.755000       1.755190       1.755380       1.769640       1.797240       1.797620       1.815460       1.833050       1.833410       1.834960       1.845180       1.863980       1.867090       1.870210       1.878530       1.888950       1.901480       1.929760       1.947710       1.950550       1.963130       1.975720       1.988310       2.000920       2.013540       2.026160       2.038780       2.051410       2.064040       2.076670    
   1.755090       1.755190       1.769360       1.797240       1.797430       1.815390       1.833230       1.833410       1.834180       1.844380       1.863980       1.865540       1.867100       1.871950       1.879230       1.889650       1.923970       1.949130       1.950550       1.960820       1.968790       1.981360       1.993930       2.006500       2.019080       2.031670       2.044250       2.056840       2.069430       2.082020    
   1.755090       1.769220       1.797240       1.797340       1.815360       1.833320       1.833410       1.833800       1.843990       1.863980       1.864760       1.865540       1.868190       1.872760       1.880280       1.922070       1.949840       1.950550       1.967210       1.974470       1.981990       1.987000       1.999540       2.012090       2.024640       2.037190       2.049730       2.062280       2.074830       2.087370    
   1.769150       1.797240       1.797290       1.815340       1.833360       1.833410       1.833600       1.843790       1.863980       1.864370       1.864760       1.866160       1.868830       1.901240       1.934500       1.967650       1.967650       1.973890       1.981100       1.982990       1.980150       1.992660       2.005170       2.017680       2.030190       2.042710       2.055220       2.067730       2.080230       2.092730    
   1.797240       1.797260       1.815330       1.833390       1.833410       1.833510       1.843700       1.863980       1.864170       1.864370       1.865100       1.866580       1.920850       1.983920       1.983740       1.980520       1.985460       1.984750       1.985850       1.985830       1.985830       1.998310       2.010790       2.023270       2.035750       2.048230       2.060700       2.073170       2.085630       2.098090    
   1.797250       1.815330       1.833400       1.833410       1.833460       1.843650       1.863980       1.864080       1.864170       1.864550       1.914570       1.988410       1.985560       1.984100       1.984100       1.983740       1.985220       1.986180       1.984750       1.989820       1.991510       2.003960       2.016420       2.028870       2.041310       2.053750       2.066180       2.078610       2.091030       2.103440    
   1.815330       1.833400       1.833410       1.833430       1.843620       1.863980       1.864030       1.864080       1.864270       1.924020       1.988410       1.988410       1.988410       1.985830       1.984450       1.984450       1.983740       1.986210       1.987600       1.984750       1.997180       2.009610       2.022030       2.034450       2.046860       2.059270       2.071660       2.084040       2.096420       2.108790    
   1.833410       1.833410       1.833420       1.843610       1.863980       1.864000       1.864030       1.899090       1.939740       1.988430       1.988410       1.988410       1.988410       1.988410       1.986360       1.985160       1.985160       1.983740       1.988770       1.990450       2.002850       2.015250       2.027650       2.040030       2.052410       2.064780       2.077130       2.089470       2.101800       2.114130    
   1.833410       1.833420       1.843610       1.863980       1.863990       1.917270       1.997160       2.000580       2.004000       1.993650       1.988460       1.988410       1.988410       1.988410       1.988410       1.987400       1.986580       1.986580       1.983740       1.996130       2.008510       2.020890       2.033250       2.045610       2.057950       2.070270       2.082590       2.094890       2.107170       2.119450    
   1.833410       1.843600       1.863980       1.863990       1.927920       1.997170       1.997170       1.997160       2.000580       2.004000       1.993730       1.988550       1.988410       1.988410       1.988410       1.988410       1.989460       1.989420       1.989430       2.001800       2.014160       2.026510       2.038840       2.051160       2.063470       2.075760       2.088030       2.100290       2.112530       2.124760    
