iMOD/TUTORIALS/TUT_MetaswapAnalyser/model_MetaSWAP/meteo/Evaporation/Evaporation_20050708_L1.ASC
NCOLS                30
NROWS                30
XLLCORNER     160000.00
YLLCORNER     340000.00
CELLSIZE        1000.00
NODATA_VALUE   -9999.00
   1.900010       1.899850       1.899620       1.899320       1.898970       1.898550       1.898080       1.897560       1.896980       1.896360       1.895700       1.894990       1.894250       1.893470       1.892660       1.891820       1.890950       1.890050       1.889140       1.888200       1.887250       1.886280       1.885310       1.884320       1.883320       1.882320       1.881320       1.880320       1.879330       1.878330    
   1.897770       1.897550       1.897260       1.896920       1.896510       1.896050       1.895540       1.894970       1.894360       1.893700       1.893000       1.892260       1.891490       1.890680       1.889850       1.888980       1.888090       1.887180       1.886250       1.885300       1.884340       1.883360       1.882380       1.881390       1.880390       1.879390       1.878390       1.877400       1.876400       1.875420    
   1.895440       1.895160       1.894820       1.894430       1.893970       1.893470       1.892910       1.892300       1.891650       1.890960       1.890220       1.889450       1.888650       1.887820       1.886950       1.886070       1.885160       1.884230       1.883280       1.882320       1.881350       1.880360       1.879370       1.878380       1.877380       1.876380       1.875390       1.874400       1.873410       1.872440    
   1.893040       1.892700       1.892310       1.891860       1.891360       1.890800       1.890200       1.889560       1.888860       1.888130       1.887370       1.886570       1.885730       1.884870       1.883990       1.883080       1.882150       1.881200       1.880240       1.879260       1.878280       1.877290       1.876290       1.875300       1.874300       1.873300       1.872310       1.871330       1.870350       1.869380    
   1.890560       1.890170       1.889720       1.889220       1.888670       1.888070       1.887420       1.886730       1.886010       1.885240       1.884440       1.883600       1.882740       1.881860       1.880940       1.880010       1.879060       1.878100       1.877120       1.876140       1.875150       1.874150       1.873150       1.872150       1.871150       1.870160       1.869170       1.868190       1.867220       1.866260    
   1.888010       1.887560       1.887060       1.886510       1.885910       1.885260       1.884570       1.883840       1.883080       1.882270       1.881440       1.880570       1.879680       1.878770       1.877830       1.876880       1.875910       1.874930       1.873940       1.872940       1.871940       1.870940       1.869930       1.868930       1.867930       1.866940       1.865960       1.864990       1.864030       1.863080    
   1.885400       1.884900       1.884340       1.883740       1.883090       1.882390       1.881660       1.880890       1.880080       1.879240       1.878370       1.877480       1.876560       1.875620       1.874660       1.873680       1.872700       1.871700       1.870700       1.869690       1.868680       1.867660       1.866660       1.865650       1.864650       1.863670       1.862690       1.861720       1.860770       1.859840    
   1.882730       1.882160       1.881550       1.880900       1.880200       1.879460       1.878680       1.877870       1.877020       1.876150       1.875240       1.874320       1.873370       1.872400       1.871420       1.870420       1.869420       1.868400       1.867390       1.866370       1.865350       1.864330       1.863320       1.862310       1.861320       1.860330       1.859360       1.858400       1.857460       1.856540    
   1.880000       1.879380       1.878710       1.878000       1.877260       1.876470       1.875650       1.874790       1.873910       1.873000       1.872060       1.871100       1.870120       1.869130       1.868120       1.867100       1.866080       1.865050       1.864020       1.862990       1.861960       1.860940       1.859920       1.858920       1.857920       1.856940       1.855970       1.855020       1.854090       1.853180    
   1.877210       1.876540       1.875820       1.875060       1.874260       1.873420       1.872560       1.871660       1.870740       1.869790       1.868820       1.867830       1.866820       1.865800       1.864770       1.863730       1.862690       1.861640       1.860600       1.859560       1.858520       1.857490       1.856470       1.855460       1.854470       1.853490       1.852540       1.851590       1.850670       1.849780    
   1.877200       1.876520       1.874870       1.872060       1.871210       1.870330       1.869420       1.868480       1.867520       1.866530       1.865520       1.864500       1.863460       1.862420       1.861360       1.860300       1.859240       1.858180       1.857120       1.856070       1.855030       1.853990       1.852970       1.851960       1.850970       1.850000       1.849050       1.848120       1.847210       1.846320    
   1.877190       1.875160       1.872060       1.869090       1.868120       1.867190       1.866230       1.865250       1.864250       1.863220       1.862180       1.861130       1.860060       1.858990       1.857910       1.856830       1.855750       1.854670       1.853600       1.852540       1.851480       1.850440       1.849420       1.848410       1.847420       1.846460       1.845510       1.844590       1.843690       1.842820    
   1.875560       1.872060       1.868170       1.866550       1.864980       1.864000       1.863000       1.861980       1.860930       1.859870       1.858800       1.857710       1.856620       1.855510       1.854410       1.853310       1.852210       1.851120       1.850030       1.848960       1.847900       1.846850       1.845830       1.844820       1.843830       1.842870       1.841930       1.841020       1.840130       1.839280    
   1.872060       1.867740       1.865760       1.864980       1.863250       1.860780       1.859730       1.858660       1.857580       1.856480       1.855370       1.854250       1.853130       1.852000       1.850870       1.849750       1.848630       1.847520       1.846420       1.845340       1.844270       1.843220       1.842190       1.841180       1.840200       1.839240       1.838310       1.837410       1.836540       1.835690    
   1.867540       1.865370       1.864980       1.863000       1.860780       1.858980       1.856420       1.855320       1.854190       1.853050       1.851910       1.850760       1.849600       1.848440       1.847290       1.846150       1.845010       1.843880       1.842770       1.841670       1.840600       1.839540       1.838510       1.837510       1.836530       1.835580       1.834650       1.833760       1.832900       1.832070    
   1.865180       1.864980       1.862920       1.860780       1.858730       1.856420       1.855870       1.855310       1.853040       1.849590       1.848410       1.847220       1.846040       1.844860       1.843680       1.842510       1.841350       1.840210       1.839080       1.837980       1.836890       1.835840       1.834800       1.833800       1.832820       1.831870       1.830960       1.830080       1.829230       1.828420    
   1.864980       1.862890       1.860780       1.858640       1.856420       1.856150       1.855870       1.853450       1.849590       1.849000       1.845790       1.843660       1.842450       1.841230       1.840030       1.838840       1.837660       1.836500       1.835370       1.834250       1.833160       1.832090       1.831060       1.830050       1.829080       1.828140       1.827240       1.826370       1.825540       1.824740    
   1.862880       1.860780       1.858610       1.856420       1.856280       1.856140       1.853760       1.849590       1.849290       1.845260       1.841870       1.840070       1.838830       1.837590       1.836360       1.835140       1.833950       1.832770       1.831620       1.830490       1.829390       1.828320       1.827280       1.826280       1.825310       1.824380       1.823490       1.822630       1.821810       1.821030    
   1.860780       1.858600       1.856420       1.856350       1.856280       1.853940       1.849590       1.849440       1.845040       1.840970       1.840070       1.839450       1.837600       1.833910       1.832660       1.831420       1.830200       1.829010       1.827840       1.826710       1.825600       1.824520       1.823480       1.822480       1.821520       1.820590       1.819710       1.818860       1.818060       1.817300    
   1.858600       1.856420       1.856390       1.856350       1.854040       1.849590       1.849520       1.844930       1.840520       1.840070       1.839760       1.837760       1.833910       1.833280       1.832660       1.831430       1.830210       1.829020       1.825110       1.822900       1.821780       1.820700       1.819660       1.818660       1.817700       1.816780       1.815910       1.815080       1.814290       1.813540    
   1.856420       1.856400       1.856390       1.854090       1.849590       1.849550       1.844880       1.840290       1.840070       1.839920       1.837870       1.833910       1.833600       1.833290       1.832460       1.831430       1.830220       1.824880       1.820990       1.819070       1.817950       1.816860       1.815820       1.814820       1.813870       1.812960       1.812090       1.811270       1.810500       1.809770    
   1.856410       1.856400       1.854120       1.849590       1.849570       1.844860       1.840180       1.840070       1.839990       1.837940       1.833910       1.833750       1.833600       1.833110       1.832390       1.831370       1.825130       1.820030       1.819070       1.817040       1.814090       1.813010       1.811960       1.810960       1.810010       1.809110       1.808260       1.807450       1.806700       1.805990    
   1.856410       1.854130       1.849590       1.849580       1.844840       1.840130       1.840070       1.840030       1.837980       1.833910       1.833830       1.833750       1.833490       1.833030       1.832290       1.823180       1.819550       1.819070       1.812690       1.810230       1.809570       1.809140       1.808090       1.807090       1.806150       1.805260       1.804410       1.803620       1.802880       1.802190    
   1.854140       1.849590       1.849590       1.844840       1.840100       1.840070       1.840050       1.838000       1.833910       1.833870       1.833830       1.833690       1.833430       1.822060       1.813630       1.807480       1.807480       1.806710       1.805710       1.804420       1.806360       1.805260       1.804210       1.803220       1.802280       1.801390       1.800560       1.799780       1.799060       1.798390    
   1.849590       1.849590       1.844830       1.840080       1.840070       1.840060       1.838010       1.833910       1.833890       1.833870       1.833800       1.833650       1.813530       1.789300       1.789420       1.796380       1.795410       1.795890       1.800180       1.802480       1.802480       1.801370       1.800320       1.799330       1.798400       1.797520       1.796700       1.795940       1.795240       1.794590    
   1.849590       1.844830       1.840080       1.840070       1.840070       1.838010       1.833910       1.833900       1.833890       1.833850       1.812020       1.779380       1.785890       1.789180       1.789180       1.789420       1.793220       1.794920       1.795890       1.797920       1.798590       1.797480       1.796430       1.795440       1.794510       1.793650       1.792840       1.792100       1.791410       1.790780    
   1.844830       1.840070       1.840070       1.840070       1.838010       1.833910       1.833910       1.833900       1.833880       1.807700       1.779380       1.779380       1.779380       1.785720       1.788940       1.788940       1.789420       1.792660       1.793950       1.795890       1.794710       1.793600       1.792540       1.791560       1.790630       1.789780       1.788980       1.788260       1.787590       1.786980    
   1.840070       1.840070       1.840070       1.838020       1.833910       1.833910       1.833910       1.816080       1.798540       1.779370       1.779380       1.779380       1.779380       1.779380       1.785370       1.788460       1.788460       1.789420       1.791370       1.792020       1.790830       1.789710       1.788660       1.787680       1.786760       1.785910       1.785130       1.784420       1.783780       1.783190    
   1.840070       1.840070       1.838020       1.833910       1.833910       1.804680       1.760850       1.761740       1.762630       1.773770       1.779350       1.779380       1.779380       1.779380       1.779380       1.784690       1.787510       1.787510       1.789420       1.788160       1.786960       1.785840       1.784780       1.783800       1.782890       1.782060       1.781290       1.780600       1.779970       1.779410    
   1.840070       1.838020       1.833910       1.833910       1.798840       1.760840       1.760840       1.760850       1.761740       1.762630       1.773720       1.779290       1.779380       1.779380       1.779380       1.779380       1.783420       1.785600       1.785590       1.784320       1.783110       1.781980       1.780920       1.779940       1.779040       1.778220       1.777470       1.776790       1.776190       1.775650    
