iMOD/TUTORIALS/TUT_MetaswapAnalyser/model_MetaSWAP/meteo/Evaporation/Evaporation_20061107_L1.ASC
NCOLS                30
NROWS                30
XLLCORNER     160000.00
YLLCORNER     340000.00
CELLSIZE        1000.00
NODATA_VALUE   -9999.00
  0.5196900      0.5208100      0.5219700      0.5231700      0.5244100      0.5257000      0.5270200      0.5283700      0.5297600      0.5311800      0.5326200      0.5340900      0.5355800      0.5370900      0.5386200      0.5401700      0.5417300      0.5433100      0.5449000      0.5464900      0.5481000      0.5497200      0.5513400      0.5529600      0.5545900      0.5562200      0.5578600      0.5595000      0.5611300      0.5627700    
  0.5249200      0.5260500      0.5272200      0.5284400      0.5297000      0.5309900      0.5323200      0.5336900      0.5350800      0.5365000      0.5379500      0.5394200      0.5409200      0.5424300      0.5439600      0.5455100      0.5470700      0.5486500      0.5502300      0.5518200      0.5534300      0.5550300      0.5566500      0.5582700      0.5598900      0.5615100      0.5631300      0.5647600      0.5663800      0.5680100    
  0.5301600      0.5313100      0.5325100      0.5337400      0.5350100      0.5363100      0.5376600      0.5390300      0.5404300      0.5418600      0.5433100      0.5447900      0.5462900      0.5478000      0.5493300      0.5508800      0.5524400      0.5540100      0.5555900      0.5571800      0.5587800      0.5603800      0.5619900      0.5636000      0.5652100      0.5668200      0.5684400      0.5700500      0.5716600      0.5732700    
  0.5354300      0.5366000      0.5378100      0.5390600      0.5403400      0.5416600      0.5430100      0.5443900      0.5458000      0.5472400      0.5487000      0.5501800      0.5516800      0.5532000      0.5547300      0.5562800      0.5578400      0.5594000      0.5609800      0.5625700      0.5641600      0.5657600      0.5673500      0.5689600      0.5705600      0.5721600      0.5737600      0.5753600      0.5769600      0.5785600    
  0.5407200      0.5419100      0.5431300      0.5444000      0.5457000      0.5470300      0.5483900      0.5497800      0.5512000      0.5526400      0.5541100      0.5555900      0.5571000      0.5586200      0.5601500      0.5617000      0.5632600      0.5648200      0.5664000      0.5679800      0.5695600      0.5711500      0.5727500      0.5743400      0.5759300      0.5775200      0.5791200      0.5807000      0.5822900      0.5838700    
  0.5460200      0.5472300      0.5484800      0.5497600      0.5510700      0.5524100      0.5537900      0.5551900      0.5566200      0.5580700      0.5595400      0.5610300      0.5625400      0.5640600      0.5655900      0.5671400      0.5687000      0.5702600      0.5718400      0.5734100      0.5749900      0.5765800      0.5781600      0.5797500      0.5813300      0.5829100      0.5844900      0.5860700      0.5876400      0.5892000    
  0.5513400      0.5525700      0.5538400      0.5551300      0.5564600      0.5578200      0.5592100      0.5606200      0.5620500      0.5635100      0.5649900      0.5664900      0.5680000      0.5695200      0.5710600      0.5726100      0.5741600      0.5757300      0.5773000      0.5788700      0.5804400      0.5820200      0.5836000      0.5851700      0.5867500      0.5883200      0.5898800      0.5914500      0.5930100      0.5945600    
  0.5566700      0.5579300      0.5592100      0.5605200      0.5618700      0.5632400      0.5646400      0.5660600      0.5675100      0.5689700      0.5704600      0.5719600      0.5734800      0.5750000      0.5765400      0.5780900      0.5796500      0.5812100      0.5827800      0.5843400      0.5859100      0.5874800      0.5890500      0.5906200      0.5921800      0.5937400      0.5953000      0.5968500      0.5983900      0.5999300    
  0.5620200      0.5632900      0.5645900      0.5659300      0.5672900      0.5686800      0.5700900      0.5715200      0.5729800      0.5744500      0.5759500      0.5774500      0.5789700      0.5805100      0.5820500      0.5836000      0.5851500      0.5867100      0.5882700      0.5898400      0.5914000      0.5929700      0.5945300      0.5960900      0.5976400      0.5991900      0.6007300      0.6022700      0.6038000      0.6053200    
  0.5673700      0.5686700      0.5699900      0.5713400      0.5727200      0.5741200      0.5755500      0.5769900      0.5784600      0.5799500      0.5814500      0.5829600      0.5844800      0.5860200      0.5875600      0.5891100      0.5906700      0.5922300      0.5937900      0.5953500      0.5969100      0.5984700      0.6000200      0.6015700      0.6031100      0.6046500      0.6061800      0.6077000      0.6092200      0.6107200    
  0.5673830      0.5686770      0.5716920      0.5767700      0.5781600      0.5795800      0.5810200      0.5824800      0.5839600      0.5854500      0.5869600      0.5884800      0.5900100      0.5915500      0.5931000      0.5946500      0.5962000      0.5977600      0.5993200      0.6008700      0.6024300      0.6039800      0.6055200      0.6070700      0.6086000      0.6101200      0.6116400      0.6131500      0.6146500      0.6161400    
  0.5673930      0.5711310      0.5767700      0.5819000      0.5836100      0.5850400      0.5865000      0.5879700      0.5894600      0.5909600      0.5924800      0.5940100      0.5955400      0.5970900      0.5986400      0.6001900      0.6017500      0.6033000      0.6048600      0.6064100      0.6079600      0.6095100      0.6110400      0.6125800      0.6141000      0.6156100      0.6171200      0.6186100      0.6201000      0.6215700    
  0.5703560      0.5767700      0.5835160      0.5863350      0.5890600      0.5905100      0.5919800      0.5934700      0.5949700      0.5964800      0.5980100      0.5995500      0.6010900      0.6026400      0.6041900      0.6057500      0.6073000      0.6088600      0.6104100      0.6119600      0.6135100      0.6150400      0.6165700      0.6181000      0.6196100      0.6211100      0.6226100      0.6240900      0.6255600      0.6270100    
  0.5767700      0.5842610      0.5876980      0.5890600      0.5918530      0.5959900      0.5974700      0.5989700      0.6004900      0.6020100      0.6035500      0.6050900      0.6066400      0.6082000      0.6097500      0.6113100      0.6128700      0.6144200      0.6159800      0.6175200      0.6190600      0.6205900      0.6221200      0.6236300      0.6251300      0.6266200      0.6281000      0.6295700      0.6310200      0.6324700    
  0.5846170      0.5883790      0.5890600      0.5923010      0.5959900      0.5988100      0.6029700      0.6044800      0.6060100      0.6075500      0.6090900      0.6106400      0.6122000      0.6137600      0.6153200      0.6168800      0.6184400      0.6200000      0.6215500      0.6230900      0.6246200      0.6261500      0.6276600      0.6291700      0.6306600      0.6321400      0.6336100      0.6350600      0.6365000      0.6379200    
  0.5887190      0.5890600      0.5924500      0.5959900      0.5992570      0.6029700      0.6037250      0.6044870      0.6077800      0.6130800      0.6146400      0.6162000      0.6177600      0.6193300      0.6208900      0.6224600      0.6240200      0.6255700      0.6271200      0.6286600      0.6301900      0.6317100      0.6332200      0.6347100      0.6362000      0.6376600      0.6391200      0.6405600      0.6419800      0.6433900    
  0.5890600      0.5925000      0.5959900      0.5994060      0.6029700      0.6033480      0.6037270      0.6072680      0.6130800      0.6138600      0.6185960      0.6217500      0.6233300      0.6249000      0.6264700      0.6280400      0.6296000      0.6311600      0.6327000      0.6342400      0.6357700      0.6372800      0.6387800      0.6402700      0.6417400      0.6431900      0.6446300      0.6460600      0.6474600      0.6488600    
  0.5925170      0.5959900      0.5994550      0.6029700      0.6031590      0.6033480      0.6068560      0.6130800      0.6134700      0.6194750      0.6245300      0.6273100      0.6288900      0.6304700      0.6320500      0.6336200      0.6351800      0.6367400      0.6382800      0.6398200      0.6413400      0.6428500      0.6443400      0.6458200      0.6472800      0.6487200      0.6501500      0.6515600      0.6529500      0.6543300    
  0.5959900      0.5994720      0.6029700      0.6030640      0.6031590      0.6066110      0.6130800      0.6132750      0.6198510      0.6259200      0.6273100      0.6281000      0.6306770      0.6360400      0.6376200      0.6392000      0.6407700      0.6423200      0.6438700      0.6454000      0.6469200      0.6484200      0.6499100      0.6513700      0.6528300      0.6542600      0.6556700      0.6570700      0.6584400      0.6598000    
  0.5994770      0.6029700      0.6030170      0.6030640      0.6064790      0.6130800      0.6131780      0.6200260      0.6266150      0.6273100      0.6277050      0.6305320      0.6360400      0.6368300      0.6376200      0.6391970      0.6407630      0.6423200      0.6478260      0.6509800      0.6524900      0.6539900      0.6554700      0.6569300      0.6583700      0.6597900      0.6611900      0.6625700      0.6639300      0.6652700    
  0.6029700      0.6029940      0.6030170      0.6064100      0.6130800      0.6131290      0.6201110      0.6269620      0.6273100      0.6275070      0.6303970      0.6360400      0.6364350      0.6368300      0.6378820      0.6391930      0.6407600      0.6482480      0.6537700      0.6565600      0.6580700      0.6595600      0.6610300      0.6624800      0.6639100      0.6653200      0.6667100      0.6680700      0.6694100      0.6707400    
  0.6029820      0.6029940      0.6063750      0.6130800      0.6131040      0.6201530      0.6271360      0.6273100      0.6274090      0.6303140      0.6360400      0.6362380      0.6364350      0.6370490      0.6379680      0.6392780      0.6479850      0.6551650      0.6565600      0.6594230      0.6636400      0.6651200      0.6665900      0.6680300      0.6694500      0.6708500      0.6722200      0.6735700      0.6748900      0.6762000    
  0.6029820      0.6063580      0.6130800      0.6130920      0.6201740      0.6272230      0.6273100      0.6273590      0.6302680      0.6360400      0.6361390      0.6362380      0.6365740      0.6371510      0.6380990      0.6508610      0.6558620      0.6565600      0.6656780      0.6692000      0.6700860      0.6706800      0.6721400      0.6735700      0.6749800      0.6763700      0.6777200      0.6790600      0.6803700      0.6816500    
  0.6063490      0.6130800      0.6130860      0.6201850      0.6272670      0.6273100      0.6273350      0.6302440      0.6360400      0.6360890      0.6361390      0.6363170      0.6366540      0.6527880      0.6646430      0.6732070      0.6732100      0.6742810      0.6756770      0.6775300      0.6747600      0.6762300      0.6776800      0.6791100      0.6805100      0.6818800      0.6832200      0.6845400      0.6858300      0.6871000    
  0.6130800      0.6130830      0.6201900      0.6272880      0.6273100      0.6273220      0.6302320      0.6360400      0.6360650      0.6360890      0.6361820      0.6363700      0.6649860      0.6995010      0.6993300      0.6892080      0.6905490      0.6898600      0.6836320      0.6803000      0.6803000      0.6817700      0.6832200      0.6846300      0.6860200      0.6873800      0.6887100      0.6900100      0.6912900      0.6925400    
  0.6130820      0.6201920      0.6272990      0.6273100      0.6273160      0.6302260      0.6360400      0.6360520      0.6360650      0.6361120      0.6673640      0.7140900      0.7045050      0.6996720      0.6996720      0.6993300      0.6937420      0.6912380      0.6898600      0.6868400      0.6858400      0.6873000      0.6887400      0.6901500      0.6915300      0.6928700      0.6941900      0.6954800      0.6967300      0.6979600    
  0.6201940      0.6273050      0.6273100      0.6273130      0.6302230      0.6360400      0.6360460      0.6360520      0.6360760      0.6735440      0.7140900      0.7140900      0.7140900      0.7047580      0.7000130      0.7000140      0.6993300      0.6945400      0.6926150      0.6898600      0.6913600      0.6928200      0.6942500      0.6956500      0.6970200      0.6983500      0.6996500      0.7009200      0.7021600      0.7033700    
  0.6273070      0.6273100      0.6273110      0.6302210      0.6360400      0.6360430      0.6360460      0.6617990      0.6868730      0.7141050      0.7140900      0.7140900      0.7140900      0.7140900      0.7052550      0.7006960      0.7006970      0.6993300      0.6963550      0.6953700      0.6968600      0.6983200      0.6997500      0.7011400      0.7024900      0.7038100      0.7051000      0.7063500      0.7075700      0.7087600    
  0.6273100      0.6273110      0.6302210      0.6360400      0.6360420      0.6786280      0.7425000      0.7407600      0.7390200      0.7224400      0.7141340      0.7140900      0.7140900      0.7140900      0.7140900      0.7062210      0.7020620      0.7020650      0.6993300      0.7008600      0.7023500      0.7038000      0.7052200      0.7066000      0.7079500      0.7092600      0.7105300      0.7117700      0.7129700      0.7141400    
  0.6273100      0.6302200      0.6360400      0.6360410      0.6871500      0.7425100      0.7425100      0.7425000      0.7407610      0.7390200      0.7225150      0.7142220      0.7140900      0.7140900      0.7140900      0.7140900      0.7080360      0.7047900      0.7048000      0.7063200      0.7078100      0.7092700      0.7106800      0.7120500      0.7133900      0.7146800      0.7159400      0.7171600      0.7183400      0.7194900    
