iMOD/TUTORIALS/TUT_MetaswapAnalyser/model_MetaSWAP/meteo/Evaporation/Evaporation_20060124_L1.ASC
NCOLS                30
NROWS                30
XLLCORNER     160000.00
YLLCORNER     340000.00
CELLSIZE        1000.00
NODATA_VALUE   -9999.00
  0.4863500      0.4859000      0.4854600      0.4850300      0.4846100      0.4842000      0.4838000      0.4834100      0.4830400      0.4826700      0.4823100      0.4819600      0.4816300      0.4813000      0.4809800      0.4806700      0.4803700      0.4800800      0.4798000      0.4795200      0.4792500      0.4790000      0.4787400      0.4785000      0.4782700      0.4780400      0.4778200      0.4776000      0.4773900      0.4771900    
  0.4871800      0.4867300      0.4862900      0.4858600      0.4854400      0.4850300      0.4846300      0.4842400      0.4838600      0.4834900      0.4831300      0.4827800      0.4824400      0.4821100      0.4817900      0.4814800      0.4811800      0.4808800      0.4806000      0.4803200      0.4800500      0.4797900      0.4795300      0.4792900      0.4790500      0.4788200      0.4785900      0.4783700      0.4781600      0.4779600    
  0.4880200      0.4875700      0.4871200      0.4866900      0.4862700      0.4858600      0.4854600      0.4850700      0.4846900      0.4843200      0.4839600      0.4836000      0.4832600      0.4829300      0.4826100      0.4822900      0.4819900      0.4816900      0.4814000      0.4811200      0.4808500      0.4805800      0.4803300      0.4800800      0.4798300      0.4796000      0.4793700      0.4791500      0.4789300      0.4787300    
  0.4888600      0.4884100      0.4879600      0.4875300      0.4871100      0.4867000      0.4862900      0.4859000      0.4855200      0.4851500      0.4847800      0.4844300      0.4840900      0.4837500      0.4834300      0.4831100      0.4828000      0.4825000      0.4822100      0.4819300      0.4816500      0.4813800      0.4811200      0.4808700      0.4806300      0.4803900      0.4801600      0.4799300      0.4797100      0.4795000    
  0.4897100      0.4892500      0.4888100      0.4883700      0.4879500      0.4875400      0.4871300      0.4867400      0.4863600      0.4859800      0.4856200      0.4852600      0.4849200      0.4845800      0.4842500      0.4839300      0.4836200      0.4833200      0.4830200      0.4827400      0.4824600      0.4821900      0.4819300      0.4816700      0.4814200      0.4811800      0.4809400      0.4807200      0.4804900      0.4802800    
  0.4905600      0.4901000      0.4896600      0.4892200      0.4888000      0.4883800      0.4879800      0.4875800      0.4872000      0.4868200      0.4864500      0.4861000      0.4857500      0.4854100      0.4850800      0.4847600      0.4844400      0.4841400      0.4838400      0.4835500      0.4832700      0.4830000      0.4827300      0.4824700      0.4822200      0.4819800      0.4817400      0.4815100      0.4812800      0.4810600    
  0.4914100      0.4909600      0.4905100      0.4900700      0.4896500      0.4892300      0.4888300      0.4884300      0.4880400      0.4876600      0.4873000      0.4869400      0.4865900      0.4862500      0.4859100      0.4855900      0.4852700      0.4849700      0.4846700      0.4843700      0.4840900      0.4838100      0.4835400      0.4832800      0.4830300      0.4827800      0.4825400      0.4823000      0.4820700      0.4818500    
  0.4922700      0.4918100      0.4913600      0.4909300      0.4905000      0.4900800      0.4896800      0.4892800      0.4888900      0.4885100      0.4881400      0.4877800      0.4874300      0.4870800      0.4867500      0.4864200      0.4861000      0.4857900      0.4854900      0.4852000      0.4849100      0.4846300      0.4843600      0.4840900      0.4838400      0.4835800      0.4833400      0.4831000      0.4828700      0.4826400    
  0.4931300      0.4926700      0.4922200      0.4917900      0.4913600      0.4909400      0.4905300      0.4901300      0.4897400      0.4893600      0.4889900      0.4886300      0.4882700      0.4879300      0.4875900      0.4872600      0.4869400      0.4866300      0.4863200      0.4860300      0.4857400      0.4854500      0.4851800      0.4849100      0.4846500      0.4843900      0.4841400      0.4839000      0.4836700      0.4834300    
  0.4939900      0.4935300      0.4930900      0.4926500      0.4922200      0.4918000      0.4913900      0.4909900      0.4906000      0.4902100      0.4898400      0.4894800      0.4891200      0.4887700      0.4884300      0.4881000      0.4877800      0.4874600      0.4871600      0.4868600      0.4865600      0.4862800      0.4860000      0.4857300      0.4854600      0.4852100      0.4849500      0.4847100      0.4844700      0.4842300    
  0.4939930      0.4935370      0.4931950      0.4935100      0.4930800      0.4926600      0.4922500      0.4918500      0.4914600      0.4910700      0.4907000      0.4903300      0.4899700      0.4896200      0.4892800      0.4889500      0.4886200      0.4883000      0.4879900      0.4876900      0.4874000      0.4871100      0.4868300      0.4865500      0.4862800      0.4860200      0.4857700      0.4855200      0.4852700      0.4850400    
  0.4939980      0.4935590      0.4935100      0.4938400      0.4939500      0.4935300      0.4931100      0.4927100      0.4923200      0.4919300      0.4915600      0.4911900      0.4908300      0.4904800      0.4901300      0.4898000      0.4894700      0.4891500      0.4888400      0.4885300      0.4882300      0.4879400      0.4876600      0.4873800      0.4871100      0.4868400      0.4865800      0.4863300      0.4860800      0.4858400    
  0.4938830      0.4935100      0.4941390      0.4943850      0.4948200      0.4944000      0.4939800      0.4935800      0.4931800      0.4927900      0.4924200      0.4920500      0.4916800      0.4913300      0.4909900      0.4906500      0.4903200      0.4899900      0.4896800      0.4893700      0.4890700      0.4887800      0.4884900      0.4882100      0.4879300      0.4876700      0.4874000      0.4871500      0.4869000      0.4866500    
  0.4935100      0.4942680      0.4946030      0.4948200      0.4948300      0.4952700      0.4948500      0.4944500      0.4940500      0.4936600      0.4932800      0.4929100      0.4925500      0.4921900      0.4918400      0.4915000      0.4911700      0.4908400      0.4905300      0.4902200      0.4899100      0.4896200      0.4893300      0.4890400      0.4887600      0.4884900      0.4882300      0.4879700      0.4877200      0.4874700    
  0.4943270      0.4947110      0.4948200      0.4949730      0.4952700      0.4952800      0.4957200      0.4953200      0.4949200      0.4945300      0.4941500      0.4937700      0.4934100      0.4930500      0.4927000      0.4923600      0.4920200      0.4917000      0.4913800      0.4910600      0.4907600      0.4904600      0.4901700      0.4898800      0.4896000      0.4893200      0.4890600      0.4887900      0.4885400      0.4882800    
  0.4947660      0.4948200      0.4950210      0.4952700      0.4954230      0.4957200      0.4955200      0.4953200      0.4950430      0.4954000      0.4950200      0.4946400      0.4942700      0.4939100      0.4935600      0.4932200      0.4928800      0.4925500      0.4922300      0.4919100      0.4916100      0.4913000      0.4910100      0.4907200      0.4904300      0.4901600      0.4898900      0.4896200      0.4893600      0.4891000    
  0.4948200      0.4950370      0.4952700      0.4954710      0.4957200      0.4956200      0.4955200      0.4953210      0.4954000      0.4952100      0.4953900      0.4955100      0.4951400      0.4947800      0.4944300      0.4940800      0.4937400      0.4934100      0.4930900      0.4927700      0.4924600      0.4921500      0.4918500      0.4915600      0.4912700      0.4909900      0.4907200      0.4904500      0.4901900      0.4899300    
  0.4950420      0.4952700      0.4954870      0.4957200      0.4956700      0.4956200      0.4954650      0.4954000      0.4953050      0.4956650      0.4959450      0.4963800      0.4960100      0.4956500      0.4952900      0.4949500      0.4946100      0.4942700      0.4939400      0.4936200      0.4933100      0.4930000      0.4927000      0.4924000      0.4921200      0.4918300      0.4915500      0.4912800      0.4910100      0.4907500    
  0.4952700      0.4954920      0.4957200      0.4956950      0.4956700      0.4955390      0.4954000      0.4953530      0.4957820      0.4961630      0.4963800      0.4961950      0.4961400      0.4965200      0.4961600      0.4958100      0.4954700      0.4951300      0.4948000      0.4944800      0.4941600      0.4938500      0.4935500      0.4932500      0.4929600      0.4926700      0.4923900      0.4921200      0.4918500      0.4915800    
  0.4954940      0.4957200      0.4957080      0.4956950      0.4955760      0.4954000      0.4953760      0.4958370      0.4962710      0.4963800      0.4962880      0.4963090      0.4965200      0.4963400      0.4961630      0.4958130      0.4954700      0.4951330      0.4951900      0.4953400      0.4950200      0.4947100      0.4944000      0.4941000      0.4938100      0.4935200      0.4932300      0.4929500      0.4926800      0.4924100    
  0.4957200      0.4957140      0.4957080      0.4955950      0.4954000      0.4953880      0.4958640      0.4963260      0.4963800      0.4963340      0.4963740      0.4965200      0.4964300      0.4963410      0.4961060      0.4958160      0.4954720      0.4955530      0.4957700      0.4962000      0.4958800      0.4955700      0.4952600      0.4949500      0.4946600      0.4943600      0.4940800      0.4937900      0.4935200      0.4932500    
  0.4957170      0.4957140      0.4956040      0.4954000      0.4953940      0.4958770      0.4963530      0.4963800      0.4963570      0.4964020      0.4965200      0.4964750      0.4964300      0.4962920      0.4960870      0.4957980      0.4958050      0.4959850      0.4962000      0.4962770      0.4967500      0.4964300      0.4961100      0.4958100      0.4955100      0.4952100      0.4949200      0.4946400      0.4943600      0.4940800    
  0.4957170      0.4956090      0.4954000      0.4953970      0.4958830      0.4963660      0.4963800      0.4963680      0.4964150      0.4965200      0.4964980      0.4964750      0.4963990      0.4962700      0.4960590      0.4965190      0.4960920      0.4962000      0.4972500      0.4976150      0.4974200      0.4972900      0.4969700      0.4966600      0.4963600      0.4960600      0.4957700      0.4954800      0.4952000      0.4949200    
  0.4956110      0.4954000      0.4953990      0.4958870      0.4963730      0.4963800      0.4963740      0.4964210      0.4965200      0.4965090      0.4964980      0.4964570      0.4963810      0.4980600      0.4987810      0.4988100      0.4988100      0.4987080      0.4986230      0.4989100      0.4984800      0.4981500      0.4978300      0.4975200      0.4972200      0.4969200      0.4966200      0.4963300      0.4960400      0.4957600    
  0.4954000      0.4953990      0.4958880      0.4963770      0.4963800      0.4963770      0.4964240      0.4965200      0.4965140      0.4965090      0.4964880      0.4964450      0.4996000      0.5035380      0.5035100      0.5015190      0.5015290      0.5014200      0.5000460      0.4993430      0.4993400      0.4990200      0.4987000      0.4983800      0.4980700      0.4977700      0.4974700      0.4971800      0.4968900      0.4966000    
  0.4954000      0.4958890      0.4963780      0.4963800      0.4963790      0.4964250      0.4965200      0.4965170      0.4965140      0.4965040      0.5004920      0.5065100      0.5045510      0.5035650      0.5035650      0.5035100      0.5022280      0.5016380      0.5014200      0.5005120      0.5002100      0.4998800      0.4995600      0.4992500      0.4989300      0.4986300      0.4983200      0.4980300      0.4977300      0.4974500    
  0.4958900      0.4963790      0.4963800      0.4963790      0.4964260      0.4965200      0.4965190      0.4965170      0.4965120      0.5013060      0.5065100      0.5065100      0.5065100      0.5045920      0.5036200      0.5036200      0.5035100      0.5023460      0.5018550      0.5014200      0.5010800      0.5007500      0.5004300      0.5001100      0.4997900      0.4994800      0.4991800      0.4988800      0.4985800      0.4982900    
  0.4963800      0.4963800      0.4963800      0.4964260      0.4965200      0.4965190      0.4965190      0.5002120      0.5033770      0.5065120      0.5065100      0.5065100      0.5065100      0.5065100      0.5046710      0.5037300      0.5037300      0.5035100      0.5025980      0.5022900      0.5019600      0.5016200      0.5013000      0.5009700      0.5006600      0.5003400      0.5000400      0.4997300      0.4994300      0.4991400    
  0.4963800      0.4963800      0.4964260      0.4965200      0.4965200      0.5029360      0.5125600      0.5119300      0.5113000      0.5081130      0.5065170      0.5065100      0.5065100      0.5065100      0.5065100      0.5048240      0.5039500      0.5039500      0.5035100      0.5031700      0.5028300      0.5024900      0.5021600      0.5018400      0.5015200      0.5012000      0.5008900      0.5005900      0.5002900      0.4999900    
  0.4963800      0.4964270      0.4965200      0.4965200      0.5042200      0.5125620      0.5125620      0.5125600      0.5119300      0.5113000      0.5081260      0.5065320      0.5065100      0.5065100      0.5065100      0.5065100      0.5051080      0.5043900      0.5043900      0.5040500      0.5037000      0.5033700      0.5030300      0.5027100      0.5023800      0.5020700      0.5017500      0.5014400      0.5011400      0.5008400    
