iMOD/TUTORIALS/TUT_MetaswapAnalyser/model_MetaSWAP/meteo/Evaporation/Evaporation_20050504_L1.ASC
NCOLS                30
NROWS                30
XLLCORNER     160000.00
YLLCORNER     340000.00
CELLSIZE        1000.00
NODATA_VALUE   -9999.00
   1.041410       1.044080       1.046750       1.049450       1.052160       1.054900       1.057650       1.060420       1.063210       1.066020       1.068850       1.071700       1.074570       1.077460       1.080370       1.083300       1.086260       1.089230       1.092230       1.095250       1.098290       1.101350       1.104430       1.107530       1.110660       1.113810       1.116970       1.120160       1.123370       1.126600    
   1.040400       1.043010       1.045640       1.048290       1.050960       1.053650       1.056360       1.059090       1.061840       1.064610       1.067400       1.070210       1.073050       1.075900       1.078780       1.081680       1.084610       1.087550       1.090520       1.093510       1.096520       1.099560       1.102620       1.105700       1.108810       1.111930       1.115080       1.118250       1.121440       1.124660    
   1.039360       1.041920       1.044510       1.047120       1.049740       1.052390       1.055050       1.057740       1.060450       1.063180       1.065940       1.068710       1.071510       1.074330       1.077180       1.080050       1.082940       1.085860       1.088800       1.091760       1.094750       1.097760       1.100800       1.103860       1.106940       1.110050       1.113180       1.116330       1.119500       1.122700    
   1.038310       1.040830       1.043360       1.045920       1.048510       1.051110       1.053730       1.056380       1.059050       1.061740       1.064460       1.067200       1.069960       1.072750       1.075560       1.078400       1.081260       1.084150       1.087060       1.089990       1.092960       1.095940       1.098960       1.101990       1.105060       1.108140       1.111260       1.114390       1.117550       1.120740    
   1.037240       1.039710       1.042200       1.044720       1.047260       1.049820       1.052400       1.055000       1.057630       1.060290       1.062970       1.065670       1.068400       1.071150       1.073930       1.076730       1.079560       1.082420       1.085310       1.088220       1.091150       1.094120       1.097110       1.100120       1.103160       1.106230       1.109330       1.112450       1.115590       1.118760    
   1.036160       1.038590       1.041030       1.043500       1.045990       1.048510       1.051050       1.053620       1.056200       1.058820       1.061460       1.064130       1.066820       1.069540       1.072280       1.075060       1.077860       1.080690       1.083540       1.086430       1.089340       1.092280       1.095240       1.098240       1.101260       1.104310       1.107390       1.110490       1.113620       1.116780    
   1.035080       1.037450       1.039850       1.042270       1.044720       1.047190       1.049690       1.052220       1.054760       1.057340       1.059940       1.062570       1.065230       1.067920       1.070630       1.073370       1.076140       1.078940       1.081770       1.084620       1.087510       1.090430       1.093370       1.096340       1.099350       1.102380       1.105440       1.108520       1.111640       1.114780    
   1.033980       1.036300       1.038660       1.041030       1.043440       1.045870       1.048320       1.050810       1.053320       1.055850       1.058420       1.061010       1.063630       1.066280       1.068960       1.071670       1.074410       1.077180       1.079980       1.082810       1.085680       1.088570       1.091490       1.094440       1.097420       1.100440       1.103480       1.106550       1.109650       1.112780    
   1.032870       1.035150       1.037450       1.039790       1.042150       1.044530       1.046950       1.049390       1.051860       1.054360       1.056880       1.059440       1.062030       1.064640       1.067290       1.069970       1.072680       1.075420       1.078190       1.081000       1.083830       1.086700       1.089600       1.092530       1.095500       1.098490       1.101520       1.104570       1.107660       1.110770    
   1.031760       1.033990       1.036250       1.038530       1.040850       1.043190       1.045560       1.047960       1.050390       1.052850       1.055340       1.057860       1.060410       1.062990       1.065610       1.068260       1.070940       1.073650       1.076390       1.079170       1.081980       1.084830       1.087710       1.090620       1.093560       1.096540       1.099550       1.102590       1.105660       1.108760    
   1.031770       1.034000       1.036510       1.037270       1.039540       1.041840       1.044170       1.046530       1.048920       1.051340       1.053790       1.056280       1.058790       1.061340       1.063920       1.066540       1.069190       1.071870       1.074590       1.077340       1.080130       1.082950       1.085810       1.088700       1.091620       1.094580       1.097570       1.100600       1.103650       1.106740    
   1.031780       1.034890       1.037270       1.037990       1.038240       1.040490       1.042780       1.045100       1.047450       1.049830       1.052240       1.054690       1.057170       1.059680       1.062230       1.064820       1.067430       1.070090       1.072780       1.075510       1.078270       1.081070       1.083900       1.086770       1.089680       1.092620       1.095590       1.098600       1.101650       1.104730    
   1.033380       1.037270       1.037440       1.037590       1.036930       1.039140       1.041380       1.043660       1.045970       1.048310       1.050690       1.053100       1.055540       1.058020       1.060540       1.063090       1.065680       1.068300       1.070970       1.073670       1.076410       1.079180       1.081990       1.084840       1.087730       1.090660       1.093620       1.096610       1.099640       1.102710    
   1.037270       1.037230       1.037260       1.036930       1.037950       1.037780       1.039990       1.042220       1.044490       1.046790       1.049130       1.051500       1.053910       1.056360       1.058840       1.061360       1.063920       1.066520       1.069150       1.071830       1.074540       1.077300       1.080090       1.082920       1.085790       1.088690       1.091640       1.094620       1.097640       1.100690    
   1.037130       1.037090       1.036930       1.037550       1.037780       1.038790       1.038590       1.040780       1.043010       1.045270       1.047570       1.049910       1.052280       1.054700       1.057150       1.059640       1.062160       1.064730       1.067340       1.069990       1.072680       1.075410       1.078180       1.080990       1.083840       1.086730       1.089660       1.092630       1.095630       1.098670    
   1.037010       1.036930       1.037420       1.037780       1.038390       1.038590       1.039690       1.040790       1.043210       1.043760       1.046020       1.048320       1.050660       1.053030       1.055450       1.057910       1.060410       1.062950       1.065530       1.068150       1.070820       1.073520       1.076270       1.079060       1.081890       1.084770       1.087680       1.090640       1.093630       1.096660    
   1.036930       1.037380       1.037780       1.038250       1.038590       1.039140       1.039690       1.041860       1.043760       1.044890       1.045990       1.046730       1.049030       1.051370       1.053760       1.056180       1.058650       1.061160       1.063720       1.066310       1.068960       1.071640       1.074370       1.077140       1.079950       1.082810       1.085710       1.088650       1.091630       1.094650    
   1.037360       1.037780       1.038210       1.038590       1.038860       1.039140       1.041110       1.043760       1.044320       1.045140       1.045940       1.045140       1.047410       1.049720       1.052070       1.054460       1.056900       1.059380       1.061910       1.064480       1.067100       1.069760       1.072470       1.075220       1.078020       1.080860       1.083740       1.086670       1.089640       1.092650    
   1.037780       1.038190       1.038590       1.038730       1.038860       1.040720       1.043760       1.044040       1.044780       1.045540       1.045140       1.046280       1.047590       1.048070       1.050390       1.052750       1.055160       1.057610       1.060110       1.062650       1.065250       1.067890       1.070570       1.073310       1.076090       1.078910       1.081780       1.084690       1.087650       1.090650    
   1.038190       1.038590       1.038660       1.038730       1.040520       1.043760       1.043900       1.044610       1.045340       1.045140       1.045710       1.046770       1.048070       1.049230       1.050400       1.052770       1.055170       1.057630       1.060040       1.060830       1.063400       1.066020       1.068690       1.071400       1.074160       1.076970       1.079830       1.082730       1.085670       1.088660    
   1.038590       1.038620       1.038660       1.040420       1.043760       1.043830       1.044530       1.045240       1.045140       1.045420       1.046420       1.048070       1.048650       1.049230       1.050800       1.052780       1.055190       1.058360       1.059930       1.059020       1.061570       1.064160       1.066810       1.069500       1.072250       1.075040       1.077880       1.080770       1.083710       1.086690    
   1.038610       1.038620       1.040360       1.043760       1.043800       1.044490       1.045190       1.045140       1.045280       1.046260       1.048070       1.048360       1.048650       1.049560       1.050940       1.052920       1.056960       1.059470       1.059020       1.060110       1.059740       1.062310       1.064940       1.067610       1.070340       1.073120       1.075950       1.078820       1.081750       1.084720    
   1.038610       1.040340       1.043760       1.043780       1.044470       1.045160       1.045140       1.045210       1.046190       1.048070       1.048210       1.048360       1.048860       1.049720       1.051140       1.054760       1.059250       1.059020       1.058070       1.057930       1.059460       1.060470       1.063080       1.065730       1.068450       1.071210       1.074020       1.076890       1.079800       1.082770    
   1.040330       1.043760       1.043770       1.044460       1.045150       1.045140       1.045180       1.046150       1.048070       1.048140       1.048220       1.048480       1.048980       1.048100       1.049950       1.053710       1.053700       1.054740       1.055830       1.055230       1.056120       1.058650       1.061230       1.063870       1.066560       1.069310       1.072120       1.074970       1.077880       1.080830    
   1.043760       1.043760       1.044460       1.045150       1.045140       1.045160       1.046130       1.048070       1.048110       1.048140       1.048280       1.048560       1.046160       1.042640       1.042690       1.047710       1.048180       1.048390       1.052370       1.054330       1.054330       1.056830       1.059400       1.062020       1.064700       1.067430       1.070220       1.073070       1.075960       1.078910    
   1.043760       1.044450       1.045140       1.045140       1.045150       1.046130       1.048070       1.048090       1.048110       1.048180       1.043280       1.035700       1.040280       1.042590       1.042590       1.042690       1.046280       1.047960       1.048390       1.051510       1.052550       1.055040       1.057580       1.060190       1.062850       1.065570       1.068350       1.071180       1.074070       1.077010    
   1.044450       1.045140       1.045140       1.045140       1.046120       1.048070       1.048080       1.048090       1.048120       1.042190       1.035700       1.035700       1.035700       1.040210       1.042490       1.042480       1.042690       1.046070       1.047530       1.048390       1.050790       1.053260       1.055780       1.058370       1.061020       1.063720       1.066490       1.069310       1.072190       1.075120    
   1.045140       1.045140       1.045140       1.046120       1.048070       1.048070       1.048080       1.042690       1.038860       1.035700       1.035700       1.035700       1.035700       1.035700       1.040060       1.042280       1.042280       1.042690       1.045690       1.046680       1.049050       1.051500       1.054000       1.056570       1.059200       1.061900       1.064650       1.067470       1.070340       1.073260    
   1.045140       1.045140       1.046120       1.048070       1.048070       1.038180       1.023350       1.024910       1.026460       1.032610       1.035690       1.035700       1.035700       1.035700       1.035700       1.039780       1.041870       1.041870       1.042690       1.044980       1.047340       1.049760       1.052240       1.054790       1.057410       1.060090       1.062840       1.065640       1.068510       1.071430    
   1.045140       1.046120       1.048070       1.048070       1.036200       1.023350       1.023350       1.023350       1.024910       1.026460       1.032590       1.035660       1.035700       1.035700       1.035700       1.035700       1.039280       1.041060       1.041050       1.043310       1.045640       1.048040       1.050510       1.053040       1.055640       1.058310       1.061050       1.063840       1.066700       1.069610    
