iMOD/TUTORIALS/TUT_MetaswapAnalyser/model_MetaSWAP/meteo/Evaporation/Evaporation_20061104_L1.ASC
NCOLS                30
NROWS                30
XLLCORNER     160000.00
YLLCORNER     340000.00
CELLSIZE        1000.00
NODATA_VALUE   -9999.00
  0.7637200      0.7606400      0.7575600      0.7544800      0.7514200      0.7483600      0.7453300      0.7423000      0.7393000      0.7363200      0.7333700      0.7304400      0.7275400      0.7246700      0.7218300      0.7190300      0.7162600      0.7135300      0.7108300      0.7081700      0.7055600      0.7029800      0.7004400      0.6979500      0.6955000      0.6930900      0.6907200      0.6884000      0.6861200      0.6838900    
  0.7648400      0.7617700      0.7586900      0.7556300      0.7525700      0.7495300      0.7465000      0.7434900      0.7405000      0.7375300      0.7345800      0.7316600      0.7287700      0.7259000      0.7230700      0.7202700      0.7175100      0.7147800      0.7120900      0.7094300      0.7068200      0.7042500      0.7017100      0.6992200      0.6967700      0.6943600      0.6920000      0.6896800      0.6874000      0.6851600    
  0.7659400      0.7628700      0.7598100      0.7567600      0.7537100      0.7506700      0.7476500      0.7446500      0.7416700      0.7387000      0.7357700      0.7328500      0.7299700      0.7271100      0.7242800      0.7214900      0.7187300      0.7160100      0.7133200      0.7106700      0.7080600      0.7054900      0.7029600      0.7004700      0.6980200      0.6956200      0.6932500      0.6909300      0.6886500      0.6864200    
  0.7670200      0.7639600      0.7609100      0.7578600      0.7548200      0.7518000      0.7487800      0.7457900      0.7428200      0.7398600      0.7369300      0.7340200      0.7311500      0.7283000      0.7254800      0.7226900      0.7199400      0.7172200      0.7145400      0.7118900      0.7092800      0.7067200      0.7041900      0.7017000      0.6992600      0.6968500      0.6944900      0.6921700      0.6899000      0.6876600    
  0.7680800      0.7650300      0.7619800      0.7589400      0.7559100      0.7529000      0.7498900      0.7469100      0.7439400      0.7410000      0.7380700      0.7351700      0.7323000      0.7294600      0.7266500      0.7238700      0.7211200      0.7184100      0.7157300      0.7130900      0.7104900      0.7079200      0.7054000      0.7029200      0.7004700      0.6980700      0.6957100      0.6933900      0.6911200      0.6888900    
  0.7691200      0.7660800      0.7630400      0.7600100      0.7569900      0.7539800      0.7509800      0.7480100      0.7450500      0.7421100      0.7391900      0.7363000      0.7334400      0.7306000      0.7278000      0.7250200      0.7222800      0.7195700      0.7169000      0.7142700      0.7116700      0.7091100      0.7065900      0.7041100      0.7016700      0.6992700      0.6969200      0.6946000      0.6923300      0.6900900    
  0.7701500      0.7671100      0.7640800      0.7610500      0.7580400      0.7550400      0.7520500      0.7490800      0.7461300      0.7432000      0.7403000      0.7374100      0.7345500      0.7317300      0.7289300      0.7261600      0.7234200      0.7207200      0.7180600      0.7154300      0.7128300      0.7102800      0.7077600      0.7052900      0.7028500      0.7004600      0.6981000      0.6957900      0.6935200      0.6912900    
  0.7711500      0.7681200      0.7651000      0.7620800      0.7590800      0.7560800      0.7531100      0.7501400      0.7472000      0.7442800      0.7413800      0.7385000      0.7356500      0.7328300      0.7300400      0.7272800      0.7245500      0.7218500      0.7191900      0.7165700      0.7139800      0.7114300      0.7089200      0.7064500      0.7040100      0.7016200      0.6992700      0.6969600      0.6946900      0.6924700    
  0.7721400      0.7691200      0.7661000      0.7630900      0.7601000      0.7571100      0.7541400      0.7511900      0.7482500      0.7453400      0.7424400      0.7395700      0.7367300      0.7339200      0.7311300      0.7283800      0.7256500      0.7229600      0.7203100      0.7176900      0.7151100      0.7125600      0.7100500      0.7075900      0.7051600      0.7027700      0.7004300      0.6981200      0.6958600      0.6936300    
  0.7731200      0.7701000      0.7670900      0.7640900      0.7611000      0.7581200      0.7551600      0.7522100      0.7492800      0.7463800      0.7434900      0.7406300      0.7377900      0.7349800      0.7322100      0.7294600      0.7267400      0.7240600      0.7214100      0.7187900      0.7162200      0.7136800      0.7111800      0.7087100      0.7062900      0.7039100      0.7015700      0.6992600      0.6970000      0.6947800    
  0.7731200      0.7701030      0.7665870      0.7650700      0.7620900      0.7591200      0.7561600      0.7532200      0.7503000      0.7474000      0.7445200      0.7416700      0.7388400      0.7360400      0.7332600      0.7305200      0.7278100      0.7251300      0.7224900      0.7198800      0.7173100      0.7147800      0.7122800      0.7098200      0.7074100      0.7050300      0.7026900      0.7003900      0.6981400      0.6959200    
  0.7731210      0.7687200      0.7650700      0.7635600      0.7630600      0.7601000      0.7571500      0.7542200      0.7513000      0.7484100      0.7455400      0.7426900      0.7398700      0.7370700      0.7343100      0.7315700      0.7288700      0.7262000      0.7235600      0.7209600      0.7183900      0.7158600      0.7133700      0.7109200      0.7085100      0.7061300      0.7038000      0.7015100      0.6992600      0.6970500    
  0.7707630      0.7650700      0.7640480      0.7635400      0.7640200      0.7610700      0.7581200      0.7552000      0.7522900      0.7494000      0.7465400      0.7437000      0.7408800      0.7381000      0.7353400      0.7326100      0.7299100      0.7272400      0.7246100      0.7220200      0.7194600      0.7169300      0.7144500      0.7120000      0.7096000      0.7072300      0.7049000      0.7026100      0.7003700      0.6981600    
  0.7650700      0.7642290      0.7637800      0.7640200      0.7623700      0.7620200      0.7590900      0.7561700      0.7532700      0.7503900      0.7475300      0.7446900      0.7418800      0.7391000      0.7363500      0.7336300      0.7309300      0.7282800      0.7256500      0.7230600      0.7205100      0.7179900      0.7155100      0.7130700      0.7106700      0.7083100      0.7059900      0.7037000      0.7014600      0.6992600    
  0.7643050      0.7639000      0.7640200      0.7628030      0.7620200      0.7603830      0.7600400      0.7571200      0.7542300      0.7513600      0.7485000      0.7456800      0.7428700      0.7401000      0.7373500      0.7346300      0.7319500      0.7293000      0.7266800      0.7240900      0.7215500      0.7190300      0.7165600      0.7141300      0.7117300      0.7093800      0.7070600      0.7047800      0.7025500      0.7003500    
  0.7639600      0.7640200      0.7629480      0.7620200      0.7608140      0.7600400      0.7585800      0.7571300      0.7537550      0.7523100      0.7494700      0.7466500      0.7438500      0.7410800      0.7383400      0.7356300      0.7329500      0.7303000      0.7276900      0.7251100      0.7225700      0.7200700      0.7176000      0.7151700      0.7127800      0.7104300      0.7081200      0.7058500      0.7036200      0.7014300    
  0.7640200      0.7629960      0.7620200      0.7609580      0.7600400      0.7593100      0.7585830      0.7554440      0.7523100      0.7508900      0.7489180      0.7476100      0.7448200      0.7420500      0.7393200      0.7366100      0.7339400      0.7313000      0.7286900      0.7261200      0.7235900      0.7210900      0.7186300      0.7162000      0.7138200      0.7114800      0.7091700      0.7069100      0.7046900      0.7025000    
  0.7630120      0.7620200      0.7610060      0.7600400      0.7596750      0.7593110      0.7564120      0.7523100      0.7516000      0.7497500      0.7480800      0.7485500      0.7457700      0.7430100      0.7402800      0.7375800      0.7349200      0.7322800      0.7296800      0.7271200      0.7245900      0.7221000      0.7196400      0.7172300      0.7148500      0.7125100      0.7102200      0.7079600      0.7057400      0.7035600    
  0.7620200      0.7610220      0.7600400      0.7598580      0.7596750      0.7569270      0.7523100      0.7519550      0.7501050      0.7483150      0.7485500      0.7471600      0.7453220      0.7439600      0.7412400      0.7385500      0.7358900      0.7332600      0.7306600      0.7281100      0.7255800      0.7231000      0.7206500      0.7182400      0.7158700      0.7135400      0.7112500      0.7090000      0.7067900      0.7046200    
  0.7610270      0.7600400      0.7599490      0.7598580      0.7571920      0.7523100      0.7521330      0.7502700      0.7484330      0.7485500      0.7478550      0.7462480      0.7439600      0.7426000      0.7412500      0.7385600      0.7359000      0.7332700      0.7302320      0.7290800      0.7265700      0.7240900      0.7216500      0.7192400      0.7168800      0.7145600      0.7122700      0.7100300      0.7078300      0.7056600    
  0.7600400      0.7599940      0.7599490      0.7573270      0.7523100      0.7522210      0.7503510      0.7484910      0.7485500      0.7482020      0.7466530      0.7439600      0.7432800      0.7426030      0.7408030      0.7385700      0.7359100      0.7318030      0.7295650      0.7300500      0.7275400      0.7250700      0.7226400      0.7202400      0.7178800      0.7155700      0.7132900      0.7110600      0.7088600      0.7067000    
  0.7600170      0.7599940      0.7573950      0.7523100      0.7522660      0.7503910      0.7485210      0.7485500      0.7483760      0.7468410      0.7439600      0.7436200      0.7432810      0.7422290      0.7406590      0.7384280      0.7332280      0.7298070      0.7300500      0.7287000      0.7285100      0.7260500      0.7236200      0.7212300      0.7188800      0.7165700      0.7143000      0.7120700      0.7098900      0.7077400    
  0.7600170      0.7574290      0.7523100      0.7522880      0.7504100      0.7485350      0.7485500      0.7484630      0.7469320      0.7439600      0.7437900      0.7436200      0.7430430      0.7420560      0.7404390      0.7350290      0.7299290      0.7300500      0.7297810      0.7294700      0.7279960      0.7270100      0.7245900      0.7222100      0.7198700      0.7175700      0.7153100      0.7130900      0.7109100      0.7087700    
  0.7574460      0.7523100      0.7522990      0.7504200      0.7485430      0.7485500      0.7485070      0.7469760      0.7439600      0.7438750      0.7437900      0.7434850      0.7429070      0.7414150      0.7378490      0.7328980      0.7329000      0.7317940      0.7305850      0.7309050      0.7304300      0.7279800      0.7255600      0.7231900      0.7208600      0.7185600      0.7163100      0.7141000      0.7119200      0.7097900    
  0.7523100      0.7523040      0.7504250      0.7485460      0.7485500      0.7485280      0.7469980      0.7439600      0.7439180      0.7438750      0.7437170      0.7433940      0.7416270      0.7401490      0.7401200      0.7365500      0.7358660      0.7357500      0.7328050      0.7313800      0.7313800      0.7289400      0.7265300      0.7241600      0.7218400      0.7195500      0.7173100      0.7151000      0.7129400      0.7108100    
  0.7523070      0.7504280      0.7485480      0.7485500      0.7485390      0.7470090      0.7439600      0.7439390      0.7439180      0.7438360      0.7443730      0.7454400      0.7419370      0.7401780      0.7401780      0.7401200      0.7373150      0.7359830      0.7357500      0.7331850      0.7323300      0.7298900      0.7274900      0.7251300      0.7228100      0.7205400      0.7183000      0.7161000      0.7139500      0.7118300    
  0.7504290      0.7485490      0.7485500      0.7485450      0.7470150      0.7439600      0.7439490      0.7439390      0.7438980      0.7446010      0.7454400      0.7454400      0.7454400      0.7419790      0.7402360      0.7402360      0.7401200      0.7374070      0.7362150      0.7357500      0.7332800      0.7308400      0.7284500      0.7261000      0.7237900      0.7215200      0.7192900      0.7171000      0.7149600      0.7128500    
  0.7485500      0.7485500      0.7485470      0.7470170      0.7439600      0.7439550      0.7439490      0.7461290      0.7464150      0.7454430      0.7454400      0.7454400      0.7454400      0.7454400      0.7420610      0.7403530      0.7403530      0.7401200      0.7375430      0.7366800      0.7342200      0.7317900      0.7294100      0.7270600      0.7247600      0.7225000      0.7202800      0.7181000      0.7159700      0.7138700    
  0.7485500      0.7485490      0.7470190      0.7439600      0.7439570      0.7488890      0.7562900      0.7545100      0.7527300      0.7478770      0.7454480      0.7454400      0.7454400      0.7454400      0.7454400      0.7422150      0.7405850      0.7405850      0.7401200      0.7376200      0.7351600      0.7327400      0.7303600      0.7280300      0.7257300      0.7234800      0.7212700      0.7191000      0.7169800      0.7148900    
  0.7485490      0.7470190      0.7439600      0.7439590      0.7498790      0.7562920      0.7562920      0.7562900      0.7545100      0.7527300      0.7478910      0.7454630      0.7454400      0.7454400      0.7454400      0.7454400      0.7424810      0.7410500      0.7410500      0.7385600      0.7361000      0.7336900      0.7313200      0.7289900      0.7267000      0.7244600      0.7222600      0.7201000      0.7179900      0.7159100    
