iMOD/TUTORIALS/TUT_MetaswapAnalyser/model_MetaSWAP/meteo/Evaporation/Evaporation_20060818_L1.ASC
NCOLS                30
NROWS                30
XLLCORNER     160000.00
YLLCORNER     340000.00
CELLSIZE        1000.00
NODATA_VALUE   -9999.00
   2.570220       2.567270       2.564270       2.561210       2.558110       2.554950       2.551730       2.548470       2.545160       2.541800       2.538400       2.534950       2.531450       2.527900       2.524320       2.520690       2.517020       2.513300       2.509550       2.505760       2.501930       2.498060       2.494150       2.490210       2.486240       2.482230       2.478190       2.474120       2.470020       2.465890    
   2.570760       2.567810       2.564800       2.561740       2.558620       2.555460       2.552240       2.548980       2.545660       2.542300       2.538900       2.535440       2.531950       2.528400       2.524820       2.521200       2.517530       2.513820       2.510070       2.506290       2.502470       2.498610       2.494720       2.490790       2.486830       2.482830       2.478810       2.474760       2.470670       2.466560    
   2.571260       2.568300       2.565280       2.562210       2.559090       2.555920       2.552700       2.549430       2.546120       2.542750       2.539350       2.535890       2.532400       2.528860       2.525280       2.521660       2.517990       2.514290       2.510550       2.506780       2.502970       2.499120       2.495240       2.491320       2.487370       2.483390       2.479380       2.475350       2.471280       2.467180    
   2.571720       2.568740       2.565720       2.562640       2.559510       2.556340       2.553110       2.549840       2.546520       2.543160       2.539750       2.536300       2.532800       2.529270       2.525690       2.522070       2.518420       2.514720       2.510990       2.507220       2.503420       2.499580       2.495710       2.491810       2.487870       2.483910       2.479920       2.475890       2.471840       2.467770    
   2.572130       2.569140       2.566110       2.563030       2.559890       2.556710       2.553480       2.550210       2.546890       2.543520       2.540110       2.536660       2.533170       2.529630       2.526060       2.522440       2.518790       2.515100       2.511380       2.507620       2.503830       2.500000       2.496140       2.492250       2.488330       2.484380       2.480410       2.476400       2.472370       2.468310    
   2.572500       2.569500       2.566460       2.563370       2.560230       2.557040       2.553810       2.550530       2.547210       2.543840       2.540430       2.536980       2.533490       2.529960       2.526380       2.522780       2.519130       2.515450       2.511730       2.507980       2.504200       2.500380       2.496540       2.492660       2.488750       2.484820       2.480860       2.476870       2.472850       2.468820    
   2.572830       2.569830       2.566770       2.563670       2.560530       2.557340       2.554100       2.550820       2.547490       2.544120       2.540710       2.537260       2.533770       2.530240       2.526670       2.523070       2.519430       2.515750       2.512040       2.508300       2.504530       2.500720       2.496890       2.493030       2.489130       2.485210       2.481270       2.477300       2.473300       2.469280    
   2.573120       2.570110       2.567050       2.563940       2.560790       2.557590       2.554350       2.551060       2.547730       2.544360       2.540950       2.537500       2.534010       2.530490       2.526920       2.523320       2.519690       2.516020       2.512320       2.508580       2.504820       2.501030       2.497210       2.493350       2.489480       2.485570       2.481640       2.477690       2.473710       2.469710    
   2.573380       2.570360       2.567290       2.564170       2.561010       2.557810       2.554560       2.551270       2.547940       2.544570       2.541160       2.537710       2.534220       2.530690       2.527130       2.523540       2.519910       2.516250       2.512560       2.508830       2.505080       2.501300       2.497490       2.493650       2.489780       2.485900       2.481980       2.478050       2.474090       2.470100    
   2.573600       2.570570       2.567490       2.564370       2.561210       2.558000       2.554740       2.551450       2.548120       2.544740       2.541330       2.537880       2.534390       2.530870       2.527310       2.523720       2.520100       2.516440       2.512760       2.509040       2.505300       2.501530       2.497730       2.493910       2.490060       2.486190       2.482290       2.478370       2.474430       2.470460    
   2.573590       2.570550       2.566740       2.564540       2.561370       2.558150       2.554890       2.551600       2.548260       2.544880       2.541470       2.538020       2.534530       2.531010       2.527460       2.523870       2.520250       2.516610       2.512930       2.509220       2.505490       2.501730       2.497940       2.494130       2.490300       2.486440       2.482560       2.478660       2.474740       2.470790    
   2.573570       2.568860       2.564540       2.562250       2.561490       2.558270       2.555010       2.551710       2.548370       2.544990       2.541580       2.538130       2.534640       2.531120       2.527570       2.523990       2.520380       2.516740       2.513070       2.509370       2.505650       2.501900       2.498130       2.494330       2.490510       2.486670       2.482800       2.478920       2.475010       2.471090    
   2.570880       2.564540       2.562480       2.561540       2.561600       2.558370       2.555100       2.551800       2.548450       2.545070       2.541660       2.538210       2.534720       2.531210       2.527660       2.524080       2.520470       2.516840       2.513180       2.509490       2.505780       2.502040       2.498280       2.494490       2.490690       2.486860       2.483020       2.479150       2.475260       2.471360    
   2.564540       2.562550       2.561570       2.561600       2.559470       2.558440       2.555160       2.551850       2.548510       2.545130       2.541710       2.538260       2.534770       2.531260       2.527720       2.524140       2.520540       2.516910       2.513260       2.509580       2.505880       2.502150       2.498400       2.494630       2.490840       2.487030       2.483200       2.479350       2.475480       2.471600    
   2.562570       2.561590       2.561600       2.559840       2.558440       2.556270       2.555200       2.551890       2.548540       2.545150       2.541740       2.538280       2.534800       2.531290       2.527750       2.524180       2.520580       2.516960       2.513310       2.509640       2.505950       2.502240       2.498500       2.494740       2.490970       2.487170       2.483360       2.479530       2.475680       2.471810    
   2.561590       2.561600       2.559960       2.558440       2.556640       2.555200       2.553540       2.551880       2.547690       2.545160       2.541740       2.538290       2.534800       2.531290       2.527760       2.524190       2.520600       2.516980       2.513340       2.509680       2.506000       2.502300       2.498570       2.494830       2.491070       2.487290       2.483490       2.479680       2.475850       2.472010    
   2.561600       2.560000       2.558440       2.556760       2.555200       2.554370       2.553540       2.549570       2.545160       2.543450       2.540340       2.538270       2.534780       2.531280       2.527740       2.524180       2.520590       2.516980       2.513350       2.509700       2.506020       2.502330       2.498620       2.494890       2.491140       2.487380       2.483600       2.479810       2.476000       2.472170    
   2.560010       2.558440       2.556800       2.555200       2.554790       2.554370       2.550660       2.545160       2.544300       2.541090       2.538250       2.538230       2.534740       2.531240       2.527700       2.524140       2.520560       2.516960       2.513340       2.509690       2.506030       2.502350       2.498650       2.494930       2.491200       2.487450       2.483690       2.479910       2.476120       2.472320    
   2.558440       2.556810       2.555200       2.554990       2.554790       2.551240       2.545160       2.544730       2.541400       2.538240       2.538230       2.536480       2.533850       2.531180       2.527650       2.524090       2.520520       2.516920       2.513300       2.509660       2.506010       2.502340       2.498650       2.494950       2.491230       2.487500       2.483760       2.480000       2.476230       2.472440    
   2.556820       2.555200       2.555100       2.554990       2.551550       2.545160       2.544950       2.541550       2.538230       2.538230       2.537360       2.534940       2.531180       2.529420       2.527640       2.524090       2.520510       2.516910       2.511810       2.509620       2.505980       2.502320       2.498640       2.494950       2.491250       2.487540       2.483810       2.480070       2.476320       2.472550    
   2.555200       2.555150       2.555100       2.551700       2.545160       2.545050       2.541620       2.538230       2.538230       2.537790       2.535430       2.531180       2.530300       2.529410       2.527050       2.524080       2.520500       2.513680       2.509590       2.509560       2.505920       2.502270       2.498610       2.494940       2.491250       2.487550       2.483840       2.480120       2.476380       2.472640    
   2.555170       2.555150       2.551780       2.545160       2.545110       2.541660       2.538230       2.538230       2.538010       2.535660       2.531180       2.530740       2.530300       2.528920       2.526850       2.523880       2.515480       2.509580       2.509560       2.507110       2.505850       2.502220       2.498560       2.494900       2.491230       2.487550       2.483860       2.480150       2.476440       2.472720    
   2.555170       2.551810       2.545160       2.545130       2.541680       2.538230       2.538230       2.538120       2.535770       2.531180       2.530960       2.530740       2.529980       2.528690       2.526550       2.517000       2.509570       2.509560       2.507010       2.505760       2.503590       2.502140       2.498500       2.494860       2.491200       2.487530       2.483860       2.480170       2.476480       2.472780    
   2.551830       2.545160       2.545150       2.541690       2.538230       2.538230       2.538180       2.535830       2.531180       2.531070       2.530960       2.530560       2.529800       2.524350       2.517290       2.509230       2.509230       2.507550       2.505650       2.505630       2.505680       2.502060       2.498430       2.494800       2.491160       2.487500       2.483850       2.480180       2.476510       2.472830    
   2.545160       2.545150       2.541690       2.538230       2.538230       2.538200       2.535850       2.531180       2.531120       2.531070       2.530860       2.530440       2.521820       2.512200       2.512200       2.510070       2.508890       2.508910       2.506600       2.505570       2.505570       2.501960       2.498350       2.494730       2.491100       2.487470       2.483830       2.480180       2.476520       2.472860    
   2.545160       2.541690       2.538230       2.538230       2.538220       2.535870       2.531180       2.531150       2.531120       2.531020       2.524590       2.515300       2.513230       2.512190       2.512190       2.512200       2.509970       2.508880       2.508910       2.506310       2.505450       2.501860       2.498260       2.494650       2.491040       2.487420       2.483790       2.480170       2.476530       2.472890    
   2.541690       2.538230       2.538230       2.538220       2.535870       2.531180       2.531170       2.531150       2.531100       2.523470       2.515300       2.515300       2.515300       2.513220       2.512180       2.512180       2.512200       2.509900       2.508840       2.508910       2.505330       2.501750       2.498160       2.494560       2.490960       2.487360       2.483760       2.480150       2.476540       2.472920    
   2.538230       2.538230       2.538230       2.535880       2.531180       2.531170       2.531170       2.527900       2.522580       2.515300       2.515300       2.515300       2.515300       2.515300       2.513200       2.512160       2.512160       2.512200       2.509630       2.508780       2.505200       2.501630       2.498050       2.494470       2.490880       2.487300       2.483710       2.480120       2.476530       2.472940    
   2.538230       2.538230       2.535880       2.531180       2.531180       2.527370       2.521660       2.519930       2.518200       2.516270       2.515300       2.515300       2.515300       2.515300       2.515300       2.513160       2.512130       2.512130       2.512200       2.508640       2.505070       2.501500       2.497940       2.494370       2.490800       2.487230       2.483670       2.480100       2.476520       2.472950    
   2.538230       2.535880       2.531180       2.531180       2.526610       2.521660       2.521660       2.521660       2.519930       2.518200       2.516260       2.515300       2.515300       2.515300       2.515300       2.515300       2.513060       2.512050       2.512050       2.508490       2.504940       2.501380       2.497820       2.494270       2.490720       2.487170       2.483620       2.480070       2.476510       2.472960    
