iMOD/TUTORIALS/TUT_MetaswapAnalyser/model_MetaSWAP/meteo/Evaporation/Evaporation_20061007_L1.ASC
NCOLS                30
NROWS                30
XLLCORNER     160000.00
YLLCORNER     340000.00
CELLSIZE        1000.00
NODATA_VALUE   -9999.00
   1.478390       1.475590       1.472750       1.469880       1.466970       1.464030       1.461060       1.458070       1.455050       1.452010       1.448950       1.445880       1.442790       1.439690       1.436580       1.433460       1.430330       1.427210       1.424080       1.420950       1.417820       1.414690       1.411570       1.408450       1.405340       1.402240       1.399140       1.396050       1.392980       1.389910    
   1.478320       1.475530       1.472710       1.469850       1.466950       1.464030       1.461070       1.458090       1.455090       1.452060       1.449020       1.445960       1.442890       1.439800       1.436700       1.433600       1.430490       1.427380       1.424260       1.421140       1.418030       1.414910       1.411800       1.408690       1.405590       1.402500       1.399410       1.396340       1.393270       1.390210    
   1.478240       1.475470       1.472650       1.469800       1.466920       1.464010       1.461070       1.458100       1.455110       1.452100       1.449070       1.446030       1.442970       1.439890       1.436810       1.433720       1.430630       1.427530       1.424420       1.421320       1.418210       1.415110       1.412010       1.408920       1.405830       1.402740       1.399670       1.396600       1.393540       1.390500    
   1.478150       1.475390       1.472580       1.469740       1.466870       1.463970       1.461050       1.458090       1.455120       1.452120       1.449110       1.446080       1.443030       1.439970       1.436900       1.433830       1.430750       1.427660       1.424570       1.421480       1.418390       1.415290       1.412210       1.409120       1.406040       1.402970       1.399910       1.396850       1.393800       1.390760    
   1.478050       1.475290       1.472500       1.469670       1.466810       1.463920       1.461010       1.458070       1.455110       1.452130       1.449120       1.446110       1.443080       1.440030       1.436980       1.433920       1.430850       1.427770       1.424700       1.421620       1.418540       1.415460       1.412380       1.409310       1.406240       1.403180       1.400130       1.397080       1.394040       1.391010    
   1.477940       1.475190       1.472400       1.469590       1.466740       1.463860       1.460960       1.458030       1.455080       1.452120       1.449130       1.446130       1.443110       1.440080       1.437040       1.433990       1.430930       1.427870       1.424810       1.421740       1.418670       1.415610       1.412540       1.409480       1.406430       1.403380       1.400330       1.397290       1.394260       1.391250    
   1.477820       1.475080       1.472300       1.469490       1.466650       1.463790       1.460900       1.457980       1.455050       1.452090       1.449120       1.446130       1.443120       1.440110       1.437080       1.434050       1.431000       1.427960       1.424900       1.421850       1.418800       1.415740       1.412690       1.409640       1.406590       1.403550       1.400520       1.397490       1.394470       1.391460    
   1.477690       1.474950       1.472190       1.469390       1.466560       1.463700       1.460830       1.457920       1.455000       1.452060       1.449090       1.446120       1.443130       1.440120       1.437110       1.434090       1.431060       1.428020       1.424980       1.421940       1.418900       1.415860       1.412820       1.409780       1.406750       1.403720       1.400690       1.397680       1.394670       1.391670    
   1.477550       1.474820       1.472060       1.469270       1.466450       1.463610       1.460740       1.457850       1.454940       1.452010       1.449060       1.446090       1.443110       1.440120       1.437120       1.434110       1.431100       1.428080       1.425050       1.422020       1.418990       1.415960       1.412930       1.409910       1.406880       1.403860       1.400850       1.397850       1.394850       1.391860    
   1.477410       1.474680       1.471930       1.469150       1.466340       1.463500       1.460650       1.457770       1.454870       1.451950       1.449010       1.446060       1.443090       1.440110       1.437120       1.434130       1.431120       1.428110       1.425100       1.422080       1.419070       1.416050       1.413030       1.410020       1.407010       1.404000       1.401000       1.398000       1.395010       1.392030    
   1.477400       1.474670       1.471190       1.469020       1.466220       1.463390       1.460540       1.457670       1.454780       1.451870       1.448950       1.446010       1.443050       1.440090       1.437110       1.434130       1.431140       1.428140       1.425140       1.422130       1.419130       1.416120       1.413120       1.410110       1.407110       1.404120       1.401130       1.398140       1.395170       1.392200    
   1.477390       1.473070       1.469020       1.466820       1.466090       1.463270       1.460430       1.457570       1.454690       1.451790       1.448880       1.445950       1.443010       1.440050       1.437090       1.434120       1.431140       1.428150       1.425160       1.422170       1.419180       1.416180       1.413190       1.410200       1.407210       1.404220       1.401250       1.398270       1.395300       1.392340    
   1.474890       1.469020       1.466950       1.466020       1.465950       1.463140       1.460310       1.457460       1.454590       1.451700       1.448800       1.445880       1.442950       1.440010       1.437050       1.434090       1.431130       1.428150       1.425180       1.422200       1.419210       1.416230       1.413250       1.410270       1.407290       1.404320       1.401350       1.398390       1.395430       1.392480    
   1.469020       1.466980       1.465990       1.465950       1.464030       1.463000       1.460180       1.457340       1.454480       1.451600       1.448710       1.445800       1.442880       1.439950       1.437010       1.434060       1.431100       1.428140       1.425180       1.422210       1.419240       1.416270       1.413300       1.410330       1.407360       1.404400       1.401440       1.398490       1.395540       1.392600    
   1.466980       1.465970       1.465950       1.464330       1.463000       1.461070       1.460040       1.457210       1.454360       1.451490       1.448610       1.445710       1.442800       1.439880       1.436950       1.434020       1.431070       1.428120       1.425170       1.422210       1.419250       1.416290       1.413330       1.410380       1.407420       1.404470       1.401520       1.398580       1.395650       1.392720    
   1.465960       1.465950       1.464430       1.463000       1.461370       1.460040       1.458620       1.457200       1.453610       1.451380       1.448500       1.445620       1.442720       1.439810       1.436890       1.433960       1.431030       1.428090       1.425150       1.422200       1.419250       1.416310       1.413360       1.410410       1.407470       1.404530       1.401590       1.398660       1.395740       1.392820    
   1.465950       1.464460       1.463000       1.461470       1.460040       1.459330       1.458620       1.455200       1.451380       1.449940       1.447280       1.445510       1.442630       1.439730       1.436820       1.433900       1.430980       1.428050       1.425120       1.422180       1.419250       1.416310       1.413370       1.410440       1.407500       1.404580       1.401650       1.398730       1.395820       1.392910    
   1.464470       1.463000       1.461500       1.460040       1.459690       1.459330       1.456130       1.451380       1.450660       1.447890       1.445460       1.445400       1.442520       1.439630       1.436740       1.433830       1.430920       1.428000       1.425080       1.422150       1.419230       1.416300       1.413380       1.410450       1.407530       1.404610       1.401700       1.398790       1.395890       1.392990    
   1.463000       1.461510       1.460040       1.459860       1.459690       1.456630       1.451380       1.451020       1.448150       1.445430       1.445400       1.443960       1.441770       1.439540       1.436650       1.433750       1.430850       1.427940       1.425030       1.422120       1.419200       1.416290       1.413370       1.410460       1.407550       1.404640       1.401740       1.398840       1.395950       1.393060    
   1.461520       1.460040       1.459950       1.459860       1.456890       1.451380       1.451200       1.448270       1.445410       1.445400       1.444680       1.442670       1.439540       1.438100       1.436650       1.433750       1.430850       1.427940       1.423840       1.422070       1.419170       1.416260       1.413360       1.410460       1.407560       1.404660       1.401770       1.398880       1.396000       1.393120    
   1.460040       1.460000       1.459950       1.457020       1.451380       1.451290       1.448330       1.445410       1.445400       1.445040       1.443070       1.439540       1.438820       1.438090       1.436160       1.433750       1.430850       1.425340       1.422040       1.422020       1.419130       1.416230       1.413340       1.410450       1.407560       1.404670       1.401790       1.398910       1.396040       1.393170    
   1.460020       1.460000       1.457090       1.451380       1.451330       1.448360       1.445400       1.445400       1.445220       1.443260       1.439540       1.439180       1.438820       1.437690       1.436000       1.433590       1.426800       1.422030       1.422020       1.420070       1.419070       1.416190       1.413310       1.410430       1.407550       1.404670       1.401800       1.398930       1.396070       1.393220    
   1.460020       1.457120       1.451380       1.451360       1.448380       1.445400       1.445400       1.445310       1.443360       1.439540       1.439360       1.439180       1.438560       1.437500       1.435760       1.428040       1.422030       1.422020       1.420000       1.419010       1.417290       1.416140       1.413270       1.410400       1.407530       1.404670       1.401800       1.398950       1.396100       1.393250    
   1.457140       1.451380       1.451370       1.448380       1.445400       1.445400       1.445350       1.443400       1.439540       1.439450       1.439360       1.439030       1.438410       1.434010       1.428300       1.421790       1.421790       1.420450       1.418930       1.418920       1.418950       1.416090       1.413230       1.410370       1.407510       1.404650       1.401800       1.398960       1.396120       1.393280    
   1.451380       1.451370       1.448390       1.445400       1.445400       1.445380       1.443420       1.439540       1.439490       1.439450       1.439280       1.438940       1.431970       1.424200       1.424200       1.422490       1.421560       1.421570       1.419720       1.418880       1.418880       1.416030       1.413180       1.410330       1.407480       1.404630       1.401790       1.398960       1.396130       1.393300    
   1.451380       1.448390       1.445400       1.445400       1.445390       1.443440       1.439540       1.439520       1.439490       1.439410       1.434200       1.426660       1.425010       1.424190       1.424190       1.424200       1.422420       1.421550       1.421570       1.419500       1.418810       1.415960       1.413120       1.410280       1.407440       1.404610       1.401780       1.398950       1.396130       1.393320    
   1.448390       1.445400       1.445400       1.445390       1.443440       1.439540       1.439530       1.439520       1.439470       1.433280       1.426660       1.426660       1.426660       1.425010       1.424190       1.424190       1.424200       1.422360       1.421520       1.421570       1.418730       1.415890       1.413060       1.410230       1.407400       1.404580       1.401760       1.398940       1.396130       1.393330    
   1.445400       1.445400       1.445400       1.443440       1.439540       1.439530       1.439530       1.436840       1.432520       1.426660       1.426660       1.426660       1.426660       1.426660       1.425000       1.424170       1.424170       1.424200       1.422160       1.421470       1.418650       1.415820       1.413000       1.410170       1.407360       1.404540       1.401730       1.398930       1.396130       1.393330    
   1.445400       1.445400       1.443450       1.439540       1.439540       1.436310       1.431470       1.430150       1.428830       1.427380       1.426660       1.426660       1.426660       1.426660       1.426660       1.424970       1.424140       1.424140       1.424200       1.421380       1.418560       1.415740       1.412930       1.410110       1.407300       1.404500       1.401700       1.398910       1.396120       1.393330    
   1.445400       1.443450       1.439540       1.439540       1.435670       1.431470       1.431470       1.431470       1.430150       1.428830       1.427380       1.426660       1.426660       1.426660       1.426660       1.426660       1.424890       1.424090       1.424090       1.421280       1.418470       1.415660       1.412850       1.410050       1.407250       1.404460       1.401670       1.398880       1.396100       1.393330    
