iMOD/TUTORIALS/TUT_MetaswapAnalyser/model_MetaSWAP/meteo/Evaporation/Evaporation_20050613_L1.ASC
NCOLS                30
NROWS                30
XLLCORNER     160000.00
YLLCORNER     340000.00
CELLSIZE        1000.00
NODATA_VALUE   -9999.00
   3.358330       3.356830       3.355440       3.354160       3.352980       3.351900       3.350920       3.350010       3.349190       3.348450       3.347770       3.347150       3.346590       3.346090       3.345640       3.345220       3.344850       3.344520       3.344210       3.343930       3.343680       3.343450       3.343230       3.343030       3.342840       3.342660       3.342490       3.342320       3.342150       3.341980    
   3.369710       3.368210       3.366810       3.365530       3.364350       3.363260       3.362260       3.361350       3.360510       3.359750       3.359050       3.358420       3.357840       3.357310       3.356840       3.356400       3.356000       3.355640       3.355300       3.354990       3.354710       3.354440       3.354190       3.353950       3.353720       3.353500       3.353290       3.353070       3.352860       3.352640    
   3.381190       3.379690       3.378300       3.377010       3.375820       3.374720       3.373710       3.372780       3.371930       3.371160       3.370440       3.369790       3.369190       3.368640       3.368140       3.367680       3.367250       3.366860       3.366500       3.366160       3.365840       3.365540       3.365250       3.364970       3.364700       3.364440       3.364180       3.363920       3.363660       3.363400    
   3.392770       3.391270       3.389880       3.388580       3.387390       3.386280       3.385260       3.384320       3.383460       3.382670       3.381930       3.381260       3.380640       3.380070       3.379550       3.379060       3.378610       3.378190       3.377790       3.377420       3.377070       3.376730       3.376400       3.376090       3.375780       3.375470       3.375170       3.374860       3.374550       3.374240    
   3.404450       3.402940       3.401550       3.400250       3.399050       3.397940       3.396910       3.395960       3.395080       3.394270       3.393520       3.392830       3.392190       3.391600       3.391050       3.390540       3.390060       3.389610       3.389180       3.388780       3.388390       3.388010       3.387650       3.387290       3.386940       3.386590       3.386240       3.385890       3.385540       3.385170    
   3.416210       3.414710       3.413310       3.412010       3.410800       3.409680       3.408650       3.407680       3.406790       3.405970       3.405200       3.404490       3.403840       3.403220       3.402650       3.402110       3.401600       3.401120       3.400660       3.400220       3.399800       3.399390       3.398990       3.398590       3.398200       3.397800       3.397410       3.397010       3.396600       3.396190    
   3.428050       3.426550       3.425150       3.423850       3.422640       3.421510       3.420470       3.419500       3.418590       3.417750       3.416970       3.416240       3.415560       3.414930       3.414330       3.413760       3.413230       3.412720       3.412230       3.411760       3.411300       3.410850       3.410410       3.409970       3.409530       3.409090       3.408650       3.408200       3.407750       3.407280    
   3.439960       3.438470       3.437080       3.435770       3.434560       3.433430       3.432370       3.431390       3.430470       3.429620       3.428820       3.428080       3.427380       3.426720       3.426100       3.425510       3.424940       3.424400       3.423880       3.423370       3.422880       3.422390       3.421910       3.421430       3.420950       3.420470       3.419980       3.419480       3.418970       3.418460    
   3.451950       3.450460       3.449070       3.447770       3.446550       3.445410       3.444350       3.443360       3.442430       3.441560       3.440750       3.439990       3.439270       3.438590       3.437940       3.437320       3.436730       3.436160       3.435610       3.435070       3.434540       3.434010       3.433490       3.432970       3.432440       3.431920       3.431380       3.430830       3.430270       3.429700    
   3.464010       3.462520       3.461130       3.459830       3.458610       3.457470       3.456400       3.455400       3.454460       3.453580       3.452750       3.451970       3.451230       3.450530       3.449860       3.449220       3.448600       3.448000       3.447410       3.446840       3.446270       3.445710       3.445150       3.444580       3.444010       3.443440       3.442850       3.442250       3.441640       3.441020    
   3.464040       3.462550       3.463860       3.471960       3.470730       3.469590       3.468510       3.467500       3.466560       3.465660       3.464820       3.464020       3.463270       3.462540       3.461850       3.461180       3.460540       3.459910       3.459290       3.458680       3.458080       3.457470       3.456870       3.456260       3.455650       3.455020       3.454390       3.453740       3.453080       3.452400    
   3.464070       3.465600       3.471960       3.480190       3.482920       3.481770       3.480690       3.479670       3.478720       3.477810       3.476960       3.476140       3.475370       3.474620       3.473910       3.473210       3.472540       3.471880       3.471230       3.470590       3.469950       3.469310       3.468660       3.468010       3.467350       3.466680       3.465990       3.465290       3.464570       3.463840    
   3.466820       3.471960       3.484090       3.489040       3.495160       3.494010       3.492920       3.491900       3.490930       3.490020       3.489150       3.488320       3.487520       3.486760       3.486020       3.485310       3.484600       3.483920       3.483240       3.482560       3.481880       3.481200       3.480510       3.479820       3.479110       3.478390       3.477660       3.476900       3.476130       3.475340    
   3.471960       3.485830       3.492100       3.495160       3.498490       3.506300       3.505210       3.504180       3.503200       3.502280       3.501390       3.500550       3.499740       3.498960       3.498200       3.497460       3.496730       3.496010       3.495300       3.494590       3.493870       3.493150       3.492420       3.491690       3.490930       3.490160       3.489380       3.488570       3.487740       3.486900    
   3.486640       3.493630       3.495160       3.499980       3.506300       3.509680       3.517540       3.516500       3.515520       3.514590       3.513690       3.512830       3.512010       3.511200       3.510420       3.509660       3.508900       3.508160       3.507410       3.506670       3.505920       3.505160       3.504390       3.503610       3.502810       3.501990       3.501150       3.500290       3.499410       3.498500    
   3.494400       3.495160       3.500480       3.506300       3.511170       3.517540       3.517020       3.516520       3.518390       3.526940       3.526030       3.525160       3.524320       3.523500       3.522700       3.521910       3.521130       3.520350       3.519580       3.518800       3.518010       3.517220       3.516400       3.515580       3.514730       3.513860       3.512970       3.512060       3.511120       3.510150    
   3.495160       3.500650       3.506300       3.511670       3.517540       3.517280       3.517030       3.519720       3.526940       3.526480       3.533120       3.537530       3.536680       3.535840       3.535020       3.534200       3.533400       3.532600       3.531790       3.530980       3.530150       3.529320       3.528460       3.527590       3.526700       3.525780       3.524840       3.523870       3.522870       3.521850    
   3.500700       3.506300       3.511840       3.517540       3.517410       3.517280       3.520240       3.526940       3.526710       3.536040       3.543740       3.549940       3.549070       3.548210       3.547370       3.546540       3.545710       3.544880       3.544040       3.543200       3.542340       3.541460       3.540570       3.539650       3.538710       3.537740       3.536750       3.535720       3.534670       3.533580    
   3.506300       3.511890       3.517540       3.517480       3.517410       3.520470       3.526940       3.526830       3.537290       3.546840       3.549940       3.549500       3.551960       3.560630       3.559770       3.558910       3.558060       3.557200       3.556330       3.555450       3.554560       3.553640       3.552710       3.551740       3.550760       3.549740       3.548690       3.547610       3.546500       3.545350    
   3.511910       3.517540       3.517510       3.517480       3.520570       3.526940       3.526880       3.537880       3.548390       3.549940       3.549720       3.553010       3.560630       3.560200       3.559770       3.558910       3.558060       3.557200       3.563360       3.567740       3.566810       3.565860       3.564880       3.563870       3.562840       3.561770       3.560660       3.559530       3.558360       3.557150    
   3.517540       3.517520       3.517510       3.520620       3.526940       3.526910       3.538160       3.549160       3.549940       3.549830       3.553330       3.560630       3.560420       3.560200       3.559630       3.558910       3.558060       3.566510       3.573900       3.580060       3.579100       3.578100       3.577080       3.576030       3.574940       3.573820       3.572670       3.571480       3.570250       3.568980    
   3.517530       3.517520       3.520650       3.526940       3.526930       3.538300       3.549550       3.549940       3.549890       3.553430       3.560630       3.560520       3.560420       3.560080       3.559580       3.558870       3.568100       3.576980       3.580060       3.583520       3.591400       3.590370       3.589310       3.588210       3.587080       3.585910       3.584700       3.583450       3.582160       3.580830    
   3.517530       3.520660       3.526940       3.526930       3.538370       3.549750       3.549940       3.549910       3.553470       3.560630       3.560580       3.560520       3.560340       3.560030       3.559510       3.576450       3.578520       3.580060       3.597390       3.603730       3.603090       3.602660       3.601560       3.600410       3.599230       3.598010       3.596740       3.595430       3.594080       3.592690    
   3.520670       3.526940       3.526940       3.538410       3.549840       3.549940       3.549930       3.553490       3.560630       3.560600       3.560580       3.560480       3.560300       3.590040       3.607990       3.617190       3.617190       3.617440       3.618140       3.622250       3.616070       3.614970       3.613820       3.612630       3.611400       3.610130       3.608800       3.607440       3.606030       3.604570    
   3.526940       3.526940       3.538420       3.549890       3.549940       3.549930       3.553500       3.560630       3.560620       3.560600       3.560550       3.560450       3.614510       3.680670       3.680280       3.654480       3.655870       3.654320       3.637290       3.628430       3.628430       3.627280       3.626100       3.624860       3.623580       3.622250       3.620880       3.619450       3.617980       3.616460    
   3.526940       3.538430       3.549920       3.549940       3.549940       3.553500       3.560630       3.560620       3.560620       3.560590       3.623760       3.718590       3.693630       3.681050       3.681060       3.680280       3.664580       3.657420       3.654320       3.644170       3.640790       3.639610       3.638380       3.637100       3.635770       3.634390       3.632950       3.631470       3.629930       3.628350    
   3.538440       3.549930       3.549940       3.549940       3.553500       3.560630       3.560630       3.560620       3.560610       3.636430       3.718590       3.718590       3.718590       3.694200       3.681830       3.681830       3.680280       3.666310       3.660520       3.654320       3.653150       3.651930       3.650660       3.649340       3.647960       3.646520       3.645030       3.643490       3.641890       3.640240    
   3.549930       3.549940       3.549940       3.553500       3.560630       3.560630       3.560630       3.615710       3.666130       3.718620       3.718590       3.718590       3.718590       3.718590       3.695320       3.683380       3.683380       3.680280       3.670100       3.666720       3.665510       3.664260       3.662940       3.661580       3.660150       3.658660       3.657110       3.655500       3.653840       3.652120    
   3.549940       3.549940       3.553500       3.560630       3.560630       3.654060       3.794190       3.787590       3.780990       3.739480       3.718690       3.718590       3.718590       3.718590       3.718590       3.697500       3.686480       3.686480       3.680280       3.679100       3.677860       3.676570       3.675220       3.673800       3.672320       3.670780       3.669170       3.667510       3.665780       3.663990    
   3.549940       3.553500       3.560630       3.560630       3.672760       3.794210       3.794210       3.794190       3.787590       3.780990       3.739660       3.718890       3.718590       3.718590       3.718590       3.718590       3.701540       3.692670       3.692680       3.691470       3.690200       3.688870       3.687480       3.686020       3.684490       3.682890       3.681230       3.679490       3.677700       3.675850    
