iMOD/TUTORIALS/TUT_MetaswapAnalyser/model_MetaSWAP/meteo/Evaporation/Evaporation_20050224_L1.ASC
NCOLS                30
NROWS                30
XLLCORNER     160000.00
YLLCORNER     340000.00
CELLSIZE        1000.00
NODATA_VALUE   -9999.00
  0.7099600      0.7128900      0.7158100      0.7186900      0.7215500      0.7243900      0.7272000      0.7299800      0.7327300      0.7354600      0.7381500      0.7408200      0.7434500      0.7460600      0.7486300      0.7511700      0.7536700      0.7561500      0.7585900      0.7610000      0.7633800      0.7657200      0.7680300      0.7703000      0.7725400      0.7747500      0.7769200      0.7790600      0.7811700      0.7832400    
  0.7124400      0.7153800      0.7182900      0.7211800      0.7240400      0.7268800      0.7296900      0.7324700      0.7352300      0.7379500      0.7406500      0.7433200      0.7459500      0.7485600      0.7511300      0.7536700      0.7561800      0.7586600      0.7611000      0.7635100      0.7658900      0.7682300      0.7705400      0.7728200      0.7750600      0.7772700      0.7794500      0.7815900      0.7837000      0.7857700    
  0.7149400      0.7178800      0.7207900      0.7236800      0.7265400      0.7293800      0.7321900      0.7349800      0.7377300      0.7404600      0.7431600      0.7458300      0.7484600      0.7510700      0.7536500      0.7561900      0.7587000      0.7611800      0.7636200      0.7660400      0.7684200      0.7707600      0.7730700      0.7753500      0.7775900      0.7798100      0.7819800      0.7841200      0.7862300      0.7883100    
  0.7174500      0.7203900      0.7233000      0.7261900      0.7290500      0.7318900      0.7347100      0.7374900      0.7402500      0.7429800      0.7456800      0.7483500      0.7509900      0.7536000      0.7561700      0.7587200      0.7612300      0.7637100      0.7661600      0.7685700      0.7709500      0.7733000      0.7756100      0.7778900      0.7801400      0.7823500      0.7845300      0.7866700      0.7887800      0.7908600    
  0.7199800      0.7229100      0.7258300      0.7287200      0.7315800      0.7344200      0.7372300      0.7400200      0.7427800      0.7455100      0.7482100      0.7508800      0.7535200      0.7561300      0.7587100      0.7612600      0.7637700      0.7662500      0.7687000      0.7711200      0.7735000      0.7758500      0.7781600      0.7804400      0.7826900      0.7849000      0.7870800      0.7892300      0.7913400      0.7934100    
  0.7225100      0.7254500      0.7283600      0.7312500      0.7341200      0.7369600      0.7397700      0.7425600      0.7453200      0.7480500      0.7507500      0.7534300      0.7560700      0.7586800      0.7612600      0.7638100      0.7663200      0.7688100      0.7712600      0.7736700      0.7760600      0.7784100      0.7807200      0.7830000      0.7852500      0.7874600      0.7896400      0.7917900      0.7939000      0.7959800    
  0.7250600      0.7280000      0.7309100      0.7338000      0.7366700      0.7395100      0.7423200      0.7451100      0.7478700      0.7506100      0.7533100      0.7559800      0.7586300      0.7612400      0.7638200      0.7663700      0.7688900      0.7713700      0.7738200      0.7762400      0.7786300      0.7809800      0.7832900      0.7855700      0.7878200      0.7900400      0.7922200      0.7943600      0.7964700      0.7985500    
  0.7276200      0.7305600      0.7334700      0.7363600      0.7392300      0.7420700      0.7448900      0.7476800      0.7504400      0.7531700      0.7558800      0.7585500      0.7612000      0.7638100      0.7663900      0.7689400      0.7714600      0.7739500      0.7764000      0.7788200      0.7812000      0.7835500      0.7858700      0.7881500      0.7904000      0.7926200      0.7948000      0.7969400      0.7990500      0.8011300    
  0.7301900      0.7331300      0.7360400      0.7389300      0.7418000      0.7446400      0.7474600      0.7502500      0.7530100      0.7557500      0.7584500      0.7611300      0.7637700      0.7663900      0.7689700      0.7715300      0.7740400      0.7765300      0.7789800      0.7814000      0.7837900      0.7861400      0.7884600      0.7907400      0.7929900      0.7952000      0.7973800      0.7995300      0.8016400      0.8037200    
  0.7327700      0.7357100      0.7386200      0.7415100      0.7443800      0.7472200      0.7500400      0.7528300      0.7556000      0.7583300      0.7610400      0.7637200      0.7663600      0.7689800      0.7715600      0.7741200      0.7766400      0.7791200      0.7815800      0.7840000      0.7863800      0.7887400      0.7910500      0.7933400      0.7955900      0.7978000      0.7999800      0.8021200      0.8042400      0.8063100    
  0.7327630      0.7357000      0.7399850      0.7441000      0.7469700      0.7498100      0.7526300      0.7554200      0.7581900      0.7609200      0.7636300      0.7663100      0.7689600      0.7715800      0.7741600      0.7767200      0.7792400      0.7817300      0.7841800      0.7866000      0.7889900      0.7913400      0.7936600      0.7959400      0.7981900      0.8004000      0.8025800      0.8047300      0.8068400      0.8089100    
  0.7327570      0.7381370      0.7441000      0.7482030      0.7495700      0.7524100      0.7552300      0.7580200      0.7607900      0.7635300      0.7662400      0.7689200      0.7715600      0.7741800      0.7767700      0.7793200      0.7818500      0.7843300      0.7867900      0.7892100      0.7916000      0.7939500      0.7962700      0.7985500      0.8008000      0.8030100      0.8051900      0.8073300      0.8094400      0.8115200    
  0.7361980      0.7441000      0.7488360      0.7508700      0.7521700      0.7550200      0.7578400      0.7606300      0.7634000      0.7661400      0.7688500      0.7715300      0.7741800      0.7768000      0.7793800      0.7819400      0.7844600      0.7869500      0.7894100      0.7918300      0.7942200      0.7965700      0.7988900      0.8011700      0.8034200      0.8056300      0.8078100      0.8099500      0.8120600      0.8141300    
  0.7441000      0.7491560      0.7515200      0.7521700      0.7549400      0.7576300      0.7604500      0.7632500      0.7660100      0.7687500      0.7714600      0.7741500      0.7768000      0.7794200      0.7820100      0.7845600      0.7870900      0.7895800      0.7920300      0.7944500      0.7968400      0.7991900      0.8015100      0.8037900      0.8060400      0.8082500      0.8104300      0.8125700      0.8146700      0.8167500    
  0.7493180      0.7518450      0.7521700      0.7549130      0.7576300      0.7603830      0.7630700      0.7658700      0.7686400      0.7713800      0.7740900      0.7767700      0.7794200      0.7820500      0.7846300      0.7871900      0.7897200      0.7922100      0.7946600      0.7970800      0.7994700      0.8018200      0.8041400      0.8064200      0.8086700      0.8108800      0.8130500      0.8151900      0.8173000      0.8193700    
  0.7520070      0.7521700      0.7549040      0.7576300      0.7603610      0.7630700      0.7644700      0.7658600      0.7699750      0.7740100      0.7767200      0.7794000      0.7820600      0.7846800      0.7872700      0.7898300      0.7923500      0.7948400      0.7973000      0.7997200      0.8021100      0.8044600      0.8067700      0.8090500      0.8113000      0.8135100      0.8156800      0.8178200      0.8199200      0.8219900    
  0.7521700      0.7549010      0.7576300      0.7603540      0.7630700      0.7637700      0.7644670      0.7685790      0.7740100      0.7753650      0.7793700      0.7820400      0.7846900      0.7873200      0.7899100      0.7924700      0.7949900      0.7974800      0.7999400      0.8023600      0.8047500      0.8071000      0.8094100      0.8116900      0.8139400      0.8161400      0.8183200      0.8204500      0.8225500      0.8246200    
  0.7549010      0.7576300      0.7603510      0.7630700      0.7634200      0.7637690      0.7677060      0.7740100      0.7746880      0.7793570      0.7833600      0.7846800      0.7873400      0.7899600      0.7925500      0.7951100      0.7976400      0.8001300      0.8025900      0.8050100      0.8073900      0.8097400      0.8120600      0.8143400      0.8165800      0.8187800      0.8209500      0.8230900      0.8251900      0.8272500    
  0.7576300      0.7603500      0.7630700      0.7632450      0.7634200      0.7672260      0.7740100      0.7743490      0.7793510      0.7840200      0.7846800      0.7860100      0.7886480      0.7926100      0.7952000      0.7977600      0.8002900      0.8027800      0.8052400      0.8076600      0.8100400      0.8123900      0.8147100      0.8169800      0.8192200      0.8214300      0.8235900      0.8257300      0.8278200      0.8298800    
  0.7603500      0.7630700      0.7631570      0.7632450      0.7669750      0.7740100      0.7741790      0.7793480      0.7843500      0.7846800      0.7853450      0.7879870      0.7926100      0.7939050      0.7951900      0.7977500      0.8002770      0.8027700      0.8077920      0.8103100      0.8126900      0.8150400      0.8173600      0.8196300      0.8218700      0.8240700      0.8262400      0.8283600      0.8304600      0.8325100    
  0.7630700      0.7631140      0.7631570      0.7668470      0.7740100      0.7740950      0.7793460      0.7845150      0.7846800      0.7850120      0.7876550      0.7926100      0.7932570      0.7939020      0.7956150      0.7977390      0.8002660      0.8070900      0.8116400      0.8129700      0.8153500      0.8177000      0.8200100      0.8222800      0.8245200      0.8267200      0.8288800      0.8310100      0.8331000      0.8351500    
  0.7630920      0.7631140      0.7667820      0.7740100      0.7740520      0.7793460      0.7845980      0.7846800      0.7848460      0.7874890      0.7926100      0.7929340      0.7932560      0.7942580      0.7957520      0.7978730      0.8060740      0.8123050      0.8129700      0.8154430      0.8180100      0.8203500      0.8226600      0.8249300      0.8271700      0.8293700      0.8315300      0.8336500      0.8357300      0.8377800    
  0.7630920      0.7667490      0.7740100      0.7740310      0.7793450      0.7846390      0.7846800      0.7847630      0.7874060      0.7926100      0.7927720      0.7929330      0.7934830      0.7944220      0.7959610      0.8066560      0.8126370      0.8129700      0.8184320      0.8206650      0.8220720      0.8230100      0.8253200      0.8275900      0.8298200      0.8320100      0.8341700      0.8362900      0.8383700      0.8404200    
  0.7667330      0.7740100      0.7740210      0.7793450      0.7846590      0.7846800      0.7847220      0.7873650      0.7926100      0.7926910      0.7927720      0.7930630      0.7936130      0.8039190      0.8129760      0.8209450      0.8209450      0.8222300      0.8237650      0.8246500      0.8233200      0.8256700      0.8279700      0.8302400      0.8324700      0.8346600      0.8368200      0.8389300      0.8410100      0.8430500    
  0.7740100      0.7740150      0.7793450      0.7846700      0.7846800      0.7847010      0.7873440      0.7926100      0.7926500      0.7926910      0.7928420      0.7931490      0.8108930      0.8318930      0.8318100      0.8280620      0.8292510      0.8289200      0.8270650      0.8259800      0.8259800      0.8283300      0.8306300      0.8329000      0.8351200      0.8373100      0.8394600      0.8415700      0.8436500      0.8456800    
  0.7740130      0.7793450      0.7846750      0.7846800      0.7846900      0.7873340      0.7926100      0.7926300      0.7926500      0.7927280      0.8106480      0.8372800      0.8337570      0.8319760      0.8319760      0.8318100      0.8302410      0.8295830      0.8289200      0.8287100      0.8286400      0.8309800      0.8332900      0.8355500      0.8377700      0.8399600      0.8421000      0.8442100      0.8462800      0.8483100    
  0.7793450      0.7846770      0.7846800      0.7846850      0.7873290      0.7926100      0.7926200      0.7926300      0.7926690      0.8141170      0.8372800      0.8372800      0.8372800      0.8338800      0.8321410      0.8321410      0.8318100      0.8306510      0.8302450      0.8289200      0.8313000      0.8336400      0.8359400      0.8382000      0.8404200      0.8426000      0.8447400      0.8468500      0.8489100      0.8509400    
  0.7846790      0.7846800      0.7846830      0.7873260      0.7926100      0.7926150      0.7926200      0.8064350      0.8208890      0.8372870      0.8372800      0.8372800      0.8372800      0.8372800      0.8341230      0.8324720      0.8324730      0.8318100      0.8316300      0.8315700      0.8339500      0.8362900      0.8385900      0.8408500      0.8430600      0.8452400      0.8473800      0.8494800      0.8515400      0.8535600    
  0.7846800      0.7846810      0.7873250      0.7926100      0.7926130      0.8147100      0.8478500      0.8478350      0.8478200      0.8408130      0.8373010      0.8372800      0.8372800      0.8372800      0.8372800      0.8345980      0.8331340      0.8331350      0.8318100      0.8342200      0.8366000      0.8389400      0.8412400      0.8434900      0.8457100      0.8478800      0.8500100      0.8521100      0.8541600      0.8561800    
  0.7846810      0.7873240      0.7926100      0.7926110      0.8191300      0.8478550      0.8478550      0.8478500      0.8478350      0.8478200      0.8408500      0.8373450      0.8372800      0.8372800      0.8372800      0.8372800      0.8355040      0.8344570      0.8344600      0.8368700      0.8392500      0.8415800      0.8438800      0.8461300      0.8483400      0.8505100      0.8526400      0.8547300      0.8567800      0.8587900    
