iMOD/TUTORIALS/TUT_MetaswapAnalyser/model_MetaSWAP/meteo/Evaporation/Evaporation_20061117_L1.ASC
NCOLS                30
NROWS                30
XLLCORNER     160000.00
YLLCORNER     340000.00
CELLSIZE        1000.00
NODATA_VALUE   -9999.00
  0.6584400      0.6561000      0.6537400      0.6513500      0.6489400      0.6465100      0.6440500      0.6415700      0.6390600      0.6365400      0.6340000      0.6314300      0.6288500      0.6262500      0.6236300      0.6209900      0.6183400      0.6156700      0.6129900      0.6102900      0.6075700      0.6048400      0.6021000      0.5993500      0.5965800      0.5938000      0.5910100      0.5882100      0.5854000      0.5825700    
  0.6580700      0.6557400      0.6533800      0.6510000      0.6485900      0.6461600      0.6437100      0.6412300      0.6387400      0.6362200      0.6336800      0.6311200      0.6285400      0.6259500      0.6233400      0.6207100      0.6180600      0.6154000      0.6127200      0.6100200      0.6073200      0.6045900      0.6018600      0.5991100      0.5963500      0.5935800      0.5907900      0.5880000      0.5851900      0.5823700    
  0.6577000      0.6553700      0.6530200      0.6506400      0.6482300      0.6458100      0.6433600      0.6408900      0.6384000      0.6358800      0.6333500      0.6308000      0.6282300      0.6256400      0.6230300      0.6204100      0.6177600      0.6151100      0.6124400      0.6097500      0.6070500      0.6043300      0.6016000      0.5988600      0.5961000      0.5933400      0.5905600      0.5877700      0.5849700      0.5821600    
  0.6573100      0.6549900      0.6526400      0.6502600      0.6478600      0.6454400      0.6430000      0.6405300      0.6380500      0.6355400      0.6330100      0.6304600      0.6279000      0.6253100      0.6227100      0.6200900      0.6174600      0.6148100      0.6121400      0.6094600      0.6067600      0.6040600      0.6013300      0.5986000      0.5958500      0.5930900      0.5903200      0.5875400      0.5847400      0.5819400    
  0.6569200      0.6545900      0.6522500      0.6498800      0.6474800      0.6450600      0.6426300      0.6401600      0.6376800      0.6351800      0.6326600      0.6301200      0.6275600      0.6249800      0.6223800      0.6197700      0.6171400      0.6145000      0.6118400      0.6091600      0.6064700      0.6037700      0.6010500      0.5983200      0.5955800      0.5928300      0.5900600      0.5872900      0.5845000      0.5817100    
  0.6565100      0.6541900      0.6518500      0.6494800      0.6470900      0.6446800      0.6422400      0.6397900      0.6373100      0.6348100      0.6323000      0.6297600      0.6272100      0.6246300      0.6220400      0.6194400      0.6168100      0.6141700      0.6115200      0.6088500      0.6061700      0.6034700      0.6007600      0.5980400      0.5953100      0.5925600      0.5898000      0.5870300      0.5842500      0.5814600    
  0.6560900      0.6537800      0.6514400      0.6490700      0.6466900      0.6442800      0.6418500      0.6394000      0.6369300      0.6344300      0.6319200      0.6293900      0.6268400      0.6242800      0.6216900      0.6190900      0.6164700      0.6138400      0.6111900      0.6085300      0.6058600      0.6031700      0.6004600      0.5977500      0.5950200      0.5922800      0.5895300      0.5867700      0.5839900      0.5812100    
  0.6556700      0.6533500      0.6510200      0.6486600      0.6462700      0.6438700      0.6414400      0.6390000      0.6365300      0.6340400      0.6315400      0.6290100      0.6264700      0.6239100      0.6213300      0.6187400      0.6161300      0.6135000      0.6108600      0.6082000      0.6055300      0.6028500      0.6001500      0.5974400      0.5947200      0.5919900      0.5892400      0.5864900      0.5837200      0.5809500    
  0.6552300      0.6529200      0.6505900      0.6482300      0.6458500      0.6434500      0.6410300      0.6385900      0.6361300      0.6336500      0.6311400      0.6286300      0.6260900      0.6235300      0.6209600      0.6183700      0.6157700      0.6131500      0.6105100      0.6078600      0.6052000      0.6025200      0.5998300      0.5971300      0.5944100      0.5916900      0.5889500      0.5862000      0.5834400      0.5806800    
  0.6547900      0.6524800      0.6501500      0.6478000      0.6454200      0.6430300      0.6406100      0.6381700      0.6357100      0.6332400      0.6307400      0.6282300      0.6257000      0.6231500      0.6205800      0.6180000      0.6154000      0.6127800      0.6101600      0.6075100      0.6048600      0.6021800      0.5995000      0.5968100      0.5941000      0.5913800      0.5886500      0.5859100      0.5831600      0.5803900    
  0.6547800      0.6524730      0.6494450      0.6473500      0.6449800      0.6425900      0.6401800      0.6377500      0.6352900      0.6328200      0.6303300      0.6278200      0.6252900      0.6227500      0.6201900      0.6176100      0.6150200      0.6124100      0.6097900      0.6071500      0.6045000      0.6018400      0.5991600      0.5964700      0.5937700      0.5910600      0.5883400      0.5856000      0.5828600      0.5801000    
  0.6547720      0.6510120      0.6473500      0.6452380      0.6445400      0.6421500      0.6397400      0.6373100      0.6348600      0.6324000      0.6299100      0.6274100      0.6248900      0.6223500      0.6197900      0.6172200      0.6146300      0.6120300      0.6094200      0.6067900      0.6041400      0.6014800      0.5988100      0.5961300      0.5934400      0.5907300      0.5880200      0.5852900      0.5825500      0.5798000    
  0.6525470      0.6473500      0.6452440      0.6443100      0.6440800      0.6417000      0.6392900      0.6368700      0.6344200      0.6319600      0.6294800      0.6269800      0.6244700      0.6219300      0.6193900      0.6168200      0.6142400      0.6116400      0.6090300      0.6064100      0.6037700      0.6011200      0.5984600      0.5957800      0.5930900      0.5904000      0.5876900      0.5849700      0.5822400      0.5795000    
  0.6473500      0.6452170      0.6441950      0.6440800      0.6423400      0.6412400      0.6388400      0.6364200      0.6339800      0.6315200      0.6290500      0.6265500      0.6240400      0.6215100      0.6189700      0.6164100      0.6138400      0.6112500      0.6086400      0.6060200      0.6033900      0.6007500      0.5980900      0.5954200      0.5927400      0.5900500      0.5873500      0.5846400      0.5819100      0.5791800    
  0.6451960      0.6441380      0.6440800      0.6425530      0.6412400      0.6394870      0.6383800      0.6359600      0.6335300      0.6310700      0.6286000      0.6261100      0.6236100      0.6210900      0.6185500      0.6159900      0.6134200      0.6108400      0.6082400      0.6056300      0.6030100      0.6003700      0.5977200      0.5950600      0.5923800      0.5897000      0.5870000      0.5843000      0.5815800      0.5788600    
  0.6441090      0.6440800      0.6426240      0.6412400      0.6397020      0.6383800      0.6371700      0.6359570      0.6327950      0.6306200      0.6281500      0.6256700      0.6231700      0.6206500      0.6181200      0.6155700      0.6130100      0.6104300      0.6078400      0.6052300      0.6026100      0.5999800      0.5973400      0.5946800      0.5920200      0.5893400      0.5866500      0.5839500      0.5812400      0.5785200    
  0.6440800      0.6426480      0.6412400      0.6397740      0.6383800      0.6377750      0.6371690      0.6341350      0.6306200      0.6293850      0.6268800      0.6252100      0.6227200      0.6202100      0.6176800      0.6151400      0.6125800      0.6100100      0.6074200      0.6048200      0.6022100      0.5995900      0.5969500      0.5943000      0.5916400      0.5889700      0.5862900      0.5836000      0.5808900      0.5781800    
  0.6426560      0.6412400      0.6397980      0.6383800      0.6380770      0.6377750      0.6349250      0.6306200      0.6300020      0.6273230      0.6249800      0.6247500      0.6222600      0.6197600      0.6172400      0.6147000      0.6121500      0.6095800      0.6070000      0.6044100      0.6018000      0.5991800      0.5965500      0.5939100      0.5912600      0.5886000      0.5859200      0.5832400      0.5805400      0.5778400    
  0.6412400      0.6398060      0.6383800      0.6382290      0.6380770      0.6353490      0.6306200      0.6303110      0.6275120      0.6248650      0.6247500      0.6235050      0.6215170      0.6193000      0.6167900      0.6142500      0.6117100      0.6091500      0.6065700      0.6039900      0.6013900      0.5987800      0.5961500      0.5935200      0.5908700      0.5882100      0.5855500      0.5828700      0.5801800      0.5774800    
  0.6398090      0.6383800      0.6383040      0.6382290      0.6355690      0.6306200      0.6304660      0.6276000      0.6248070      0.6247500      0.6241280      0.6222680      0.6193000      0.6180450      0.6167800      0.6142500      0.6117030      0.6091430      0.6052780      0.6035600      0.6009700      0.5983600      0.5957400      0.5931100      0.5904700      0.5878200      0.5851600      0.5824900      0.5798100      0.5771200    
  0.6383800      0.6383420      0.6383040      0.6356800      0.6306200      0.6305430      0.6276430      0.6247790      0.6247500      0.6244390      0.6226110      0.6193000      0.6186720      0.6180420      0.6163580      0.6142440      0.6116990      0.6065170      0.6033400      0.6031200      0.6005400      0.5979400      0.5953300      0.5927100      0.5900700      0.5874300      0.5847700      0.5821100      0.5794400      0.5767600    
  0.6383610      0.6383420      0.6357370      0.6306200      0.6305810      0.6276640      0.6247640      0.6247500      0.6245940      0.6227750      0.6193000      0.6189860      0.6186710      0.6176910      0.6162150      0.6141010      0.6077620      0.6032300      0.6031200      0.6012530      0.6001000      0.5975100      0.5949100      0.5922900      0.5896600      0.5870300      0.5843800      0.5817200      0.5790600      0.5763800    
  0.6383610      0.6357650      0.6306200      0.6306010      0.6276750      0.6247570      0.6247500      0.6246720      0.6228550      0.6193000      0.6191430      0.6189860      0.6184490      0.6175260      0.6160020      0.6086030      0.6031750      0.6031200      0.6007570      0.5996600      0.5981100      0.5970800      0.5944800      0.5918700      0.5892500      0.5866200      0.5839800      0.5813300      0.5786700      0.5760000    
  0.6357790      0.6306200      0.6306100      0.6276800      0.6247540      0.6247500      0.6247110      0.6228940      0.6193000      0.6192220      0.6191430      0.6188590      0.6183200      0.6134920      0.6078530      0.6017590      0.6017600      0.6005330      0.5991410      0.5989950      0.5992200      0.5966400      0.5940500      0.5914400      0.5888300      0.5862100      0.5835700      0.5809300      0.5782800      0.5756200    
  0.6306200      0.6306150      0.6276820      0.6247520      0.6247500      0.6247310      0.6229140      0.6193000      0.6192610      0.6192220      0.6190750      0.6187740      0.6109210      0.6019750      0.6019900      0.6012370      0.6003410      0.6004000      0.5992490      0.5987670      0.5987700      0.5961900      0.5936100      0.5910100      0.5884000      0.5857900      0.5831600      0.5805300      0.5778800      0.5752300    
  0.6306180      0.6276840      0.6247510      0.6247500      0.6247400      0.6229240      0.6193000      0.6192800      0.6192610      0.6191860      0.6126260      0.6030300      0.6023140      0.6019590      0.6019590      0.6019900      0.6008560      0.6002820      0.6004000      0.5988320      0.5983100      0.5957400      0.5931600      0.5905700      0.5879700      0.5853600      0.5827400      0.5801200      0.5774800      0.5748300    
  0.6276840      0.6247500      0.6247500      0.6247450      0.6229290      0.6193000      0.6192900      0.6192800      0.6192420      0.6114270      0.6030300      0.6030300      0.6030300      0.6022910      0.6019290      0.6019290      0.6019900      0.6007500      0.6001650      0.6004000      0.5978500      0.5952900      0.5927200      0.5901300      0.5875400      0.5849400      0.5823200      0.5797000      0.5770700      0.5744300    
  0.6247500      0.6247500      0.6247480      0.6229310      0.6193000      0.6192950      0.6192900      0.6151980      0.6098280      0.6030290      0.6030300      0.6030300      0.6030300      0.6030300      0.6022440      0.6018680      0.6018670      0.6019900      0.6004450      0.5999300      0.5973900      0.5948300      0.5922600      0.5896900      0.5871000      0.5845000      0.5819000      0.5792800      0.5766600      0.5740300    
  0.6247500      0.6247490      0.6229320      0.6193000      0.6192980      0.6135490      0.6049300      0.6039550      0.6029800      0.6030100      0.6030260      0.6030300      0.6030300      0.6030300      0.6030300      0.6021480      0.6017460      0.6017450      0.6019900      0.5994600      0.5969200      0.5943700      0.5918100      0.5892300      0.5866500      0.5840600      0.5814700      0.5788600      0.5762400      0.5736200    
  0.6247490      0.6229330      0.6193000      0.6192990      0.6124000      0.6049290      0.6049290      0.6049300      0.6039550      0.6029800      0.6030030      0.6030180      0.6030300      0.6030300      0.6030300      0.6030300      0.6019500      0.6015030      0.6015000      0.5989800      0.5964400      0.5939000      0.5913400      0.5887800      0.5862100      0.5836200      0.5810300      0.5784300      0.5758200      0.5732000    
