iMOD/TUTORIALS/TUT_MetaswapAnalyser/model_MetaSWAP/meteo/Evaporation/Evaporation_20060921_L1.ASC
NCOLS                30
NROWS                30
XLLCORNER     160000.00
YLLCORNER     340000.00
CELLSIZE        1000.00
NODATA_VALUE   -9999.00
   2.880840       2.880530       2.880200       2.879880       2.879550       2.879230       2.878900       2.878570       2.878240       2.877910       2.877580       2.877260       2.876940       2.876620       2.876300       2.875990       2.875690       2.875390       2.875090       2.874800       2.874510       2.874230       2.873960       2.873690       2.873430       2.873170       2.872920       2.872670       2.872440       2.872200    
   2.881880       2.881560       2.881250       2.880930       2.880600       2.880280       2.879950       2.879630       2.879300       2.878970       2.878650       2.878330       2.878010       2.877690       2.877380       2.877070       2.876770       2.876470       2.876170       2.875880       2.875600       2.875320       2.875040       2.874770       2.874510       2.874250       2.874000       2.873760       2.873520       2.873290    
   2.882910       2.882600       2.882290       2.881970       2.881650       2.881330       2.881000       2.880680       2.880360       2.880040       2.879720       2.879400       2.879080       2.878770       2.878460       2.878150       2.877850       2.877550       2.877250       2.876960       2.876680       2.876400       2.876130       2.875860       2.875590       2.875340       2.875090       2.874840       2.874600       2.874370    
   2.883940       2.883640       2.883320       2.883010       2.882690       2.882370       2.882050       2.881730       2.881410       2.881100       2.880780       2.880460       2.880150       2.879840       2.879530       2.879220       2.878920       2.878620       2.878330       2.878040       2.877760       2.877480       2.877210       2.876940       2.876680       2.876420       2.876170       2.875920       2.875680       2.875450    
   2.884970       2.884670       2.884360       2.884050       2.883730       2.883420       2.883100       2.882780       2.882470       2.882150       2.881840       2.881520       2.881210       2.880900       2.880600       2.880290       2.879990       2.879700       2.879410       2.879120       2.878840       2.878560       2.878280       2.878020       2.877750       2.877500       2.877250       2.877000       2.876760       2.876520    
   2.886000       2.885700       2.885390       2.885080       2.884770       2.884460       2.884150       2.883830       2.883520       2.883210       2.882890       2.882580       2.882270       2.881970       2.881660       2.881360       2.881060       2.880770       2.880480       2.880190       2.879910       2.879630       2.879360       2.879090       2.878830       2.878570       2.878320       2.878080       2.877830       2.877600    
   2.887030       2.886730       2.886420       2.886120       2.885810       2.885500       2.885190       2.884880       2.884570       2.884260       2.883950       2.883640       2.883330       2.883030       2.882720       2.882430       2.882130       2.881840       2.881550       2.881260       2.880980       2.880710       2.880440       2.880170       2.879910       2.879650       2.879400       2.879150       2.878910       2.878670    
   2.888050       2.887760       2.887450       2.887150       2.886840       2.886540       2.886230       2.885920       2.885610       2.885310       2.885000       2.884690       2.884390       2.884090       2.883780       2.883490       2.883190       2.882900       2.882620       2.882330       2.882050       2.881780       2.881510       2.881240       2.880980       2.880720       2.880470       2.880220       2.879980       2.879740    
   2.889080       2.888780       2.888480       2.888180       2.887880       2.887570       2.887270       2.886960       2.886660       2.886350       2.886050       2.885740       2.885440       2.885140       2.884840       2.884550       2.884260       2.883970       2.883680       2.883400       2.883120       2.882850       2.882580       2.882310       2.882050       2.881790       2.881540       2.881290       2.881050       2.880820    
   2.890100       2.889800       2.889510       2.889210       2.888910       2.888610       2.888310       2.888000       2.887700       2.887400       2.887090       2.886790       2.886490       2.886200       2.885900       2.885610       2.885320       2.885030       2.884740       2.884460       2.884180       2.883910       2.883640       2.883380       2.883120       2.882860       2.882610       2.882360       2.882120       2.881880    
   2.890100       2.889800       2.889690       2.890240       2.889940       2.889640       2.889340       2.889040       2.888740       2.888440       2.888140       2.887840       2.887540       2.887250       2.886950       2.886660       2.886370       2.886090       2.885800       2.885520       2.885250       2.884980       2.884710       2.884440       2.884180       2.883930       2.883680       2.883430       2.883190       2.882950    
   2.890100       2.889960       2.890240       2.890780       2.890970       2.890670       2.890370       2.890070       2.889780       2.889480       2.889180       2.888880       2.888590       2.888300       2.888000       2.887710       2.887430       2.887140       2.886860       2.886580       2.886310       2.886040       2.885770       2.885510       2.885250       2.884990       2.884740       2.884500       2.884260       2.884020    
   2.890170       2.890240       2.891120       2.891480       2.891990       2.891700       2.891400       2.891110       2.890810       2.890520       2.890220       2.889930       2.889630       2.889340       2.889050       2.888770       2.888480       2.888200       2.887920       2.887640       2.887370       2.887100       2.886830       2.886570       2.886310       2.886060       2.885810       2.885560       2.885320       2.885080    
   2.890240       2.891270       2.891740       2.891990       2.892140       2.892730       2.892430       2.892140       2.891850       2.891550       2.891260       2.890970       2.890680       2.890390       2.890100       2.889810       2.889530       2.889250       2.888970       2.888700       2.888420       2.888160       2.887890       2.887630       2.887370       2.887120       2.886870       2.886620       2.886380       2.886140    
   2.891340       2.891860       2.891990       2.892290       2.892730       2.892870       2.893460       2.893170       2.892880       2.892590       2.892300       2.892010       2.891720       2.891430       2.891150       2.890860       2.890580       2.890300       2.890020       2.889750       2.889480       2.889210       2.888950       2.888690       2.888430       2.888180       2.887930       2.887680       2.887440       2.887210    
   2.891930       2.891990       2.892340       2.892730       2.893020       2.893460       2.893320       2.893170       2.893060       2.893620       2.893330       2.893050       2.892760       2.892470       2.892190       2.891910       2.891630       2.891350       2.891070       2.890800       2.890530       2.890270       2.890000       2.889740       2.889490       2.889240       2.888990       2.888740       2.888500       2.888260    
   2.891990       2.892350       2.892730       2.893070       2.893460       2.893390       2.893320       2.893290       2.893620       2.893480       2.893840       2.894080       2.893800       2.893510       2.893230       2.892950       2.892670       2.892400       2.892120       2.891850       2.891580       2.891320       2.891060       2.890800       2.890540       2.890290       2.890040       2.889800       2.889560       2.889320    
   2.892360       2.892730       2.893090       2.893460       2.893420       2.893390       2.893400       2.893620       2.893550       2.894130       2.894600       2.895120       2.894830       2.894550       2.894270       2.893990       2.893720       2.893440       2.893170       2.892900       2.892630       2.892370       2.892110       2.891850       2.891600       2.891350       2.891100       2.890850       2.890620       2.890380    
   2.892730       2.893090       2.893460       2.893440       2.893420       2.893460       2.893620       2.893580       2.894260       2.894860       2.895120       2.894970       2.895020       2.895590       2.895310       2.895030       2.894760       2.894480       2.894210       2.893950       2.893680       2.893420       2.893160       2.892900       2.892650       2.892400       2.892150       2.891910       2.891670       2.891430    
   2.893090       2.893460       2.893450       2.893440       2.893490       2.893620       2.893600       2.894310       2.894990       2.895120       2.895050       2.895180       2.895590       2.895450       2.895310       2.895030       2.894760       2.894480       2.894730       2.894990       2.894730       2.894460       2.894210       2.893950       2.893700       2.893450       2.893200       2.892960       2.892720       2.892490    
   2.893460       2.893460       2.893450       2.893500       2.893620       2.893610       2.894340       2.895050       2.895120       2.895080       2.895230       2.895590       2.895520       2.895450       2.895260       2.895030       2.894760       2.895100       2.895510       2.896030       2.895770       2.895510       2.895250       2.895000       2.894750       2.894500       2.894250       2.894010       2.893770       2.893540    
   2.893460       2.893460       2.893510       2.893620       2.893620       2.894360       2.895090       2.895120       2.895100       2.895260       2.895590       2.895560       2.895520       2.895410       2.895250       2.895020       2.895340       2.895770       2.896030       2.896200       2.896810       2.896550       2.896300       2.896040       2.895790       2.895550       2.895300       2.895060       2.894820       2.894590    
   2.893460       2.893510       2.893620       2.893620       2.894360       2.895100       2.895120       2.895110       2.895270       2.895590       2.895570       2.895560       2.895500       2.895390       2.895230       2.896130       2.895900       2.896030       2.897370       2.897850       2.897700       2.897600       2.897340       2.897090       2.896840       2.896590       2.896350       2.896110       2.895870       2.895640    
   2.893510       2.893620       2.893620       2.894370       2.895110       2.895120       2.895120       2.895270       2.895590       2.895580       2.895570       2.895540       2.895480       2.897670       2.898800       2.899140       2.899150       2.899090       2.899060       2.899410       2.898890       2.898640       2.898380       2.898130       2.897880       2.897640       2.897400       2.897160       2.896920       2.896690    
   2.893620       2.893620       2.894370       2.895120       2.895120       2.895120       2.895270       2.895590       2.895590       2.895580       2.895570       2.895530       2.899590       2.904610       2.904580       2.902320       2.902390       2.902260       2.900720       2.899930       2.899930       2.899680       2.899420       2.899170       2.898930       2.898680       2.898440       2.898200       2.897970       2.897740    
   2.893620       2.894370       2.895120       2.895120       2.895120       2.895280       2.895590       2.895590       2.895590       2.895580       2.900500       2.907920       2.905740       2.904640       2.904640       2.904580       2.903170       2.902520       2.902260       2.901290       2.900970       2.900710       2.900460       2.900210       2.899970       2.899720       2.899480       2.899250       2.899010       2.898780    
   2.894370       2.895120       2.895120       2.895120       2.895280       2.895590       2.895590       2.895590       2.895580       2.901500       2.907920       2.907920       2.907920       2.905790       2.904710       2.904710       2.904580       2.903310       2.902780       2.902260       2.902000       2.901750       2.901500       2.901250       2.901010       2.900770       2.900530       2.900290       2.900060       2.899820    
   2.895120       2.895120       2.895120       2.895280       2.895590       2.895590       2.895590       2.900010       2.903930       2.907920       2.907920       2.907920       2.907920       2.907920       2.905880       2.904840       2.904840       2.904580       2.903610       2.903290       2.903040       2.902790       2.902540       2.902290       2.902050       2.901810       2.901570       2.901330       2.901100       2.900870    
   2.895120       2.895120       2.895280       2.895590       2.895590       2.903180       2.914560       2.913930       2.913290       2.909720       2.907930       2.907920       2.907920       2.907920       2.907920       2.906060       2.905100       2.905100       2.904580       2.904320       2.904070       2.903820       2.903570       2.903330       2.903080       2.902840       2.902610       2.902370       2.902140       2.901910    
   2.895120       2.895280       2.895590       2.895590       2.904700       2.914560       2.914560       2.914560       2.913930       2.913290       2.909730       2.907950       2.907920       2.907920       2.907920       2.907920       2.906400       2.905610       2.905610       2.905360       2.905100       2.904860       2.904610       2.904360       2.904120       2.903880       2.903650       2.903410       2.903180       2.902950    
