iMOD/TUTORIALS/TUT_MetaswapAnalyser/model_MetaSWAP/meteo/Evaporation/Evaporation_20060823_L1.ASC
NCOLS                30
NROWS                30
XLLCORNER     160000.00
YLLCORNER     340000.00
CELLSIZE        1000.00
NODATA_VALUE   -9999.00
   2.829070       2.830180       2.831090       2.831800       2.832330       2.832680       2.832860       2.832880       2.832750       2.832480       2.832080       2.831560       2.830920       2.830180       2.829340       2.828400       2.827380       2.826290       2.825120       2.823890       2.822590       2.821240       2.819840       2.818390       2.816890       2.815360       2.813800       2.812200       2.810580       2.808930    
   2.819050       2.820090       2.820940       2.821590       2.822060       2.822360       2.822490       2.822470       2.822310       2.822010       2.821580       2.821030       2.820370       2.819610       2.818750       2.817810       2.816780       2.815680       2.814510       2.813280       2.811980       2.810640       2.809250       2.807810       2.806340       2.804830       2.803290       2.801720       2.800120       2.798510    
   2.808900       2.809870       2.810640       2.811230       2.811640       2.811890       2.811980       2.811920       2.811720       2.811380       2.810920       2.810350       2.809670       2.808890       2.808020       2.807060       2.806030       2.804920       2.803750       2.802520       2.801230       2.799900       2.798520       2.797100       2.795640       2.794160       2.792640       2.791100       2.789540       2.787960    
   2.798620       2.799500       2.800210       2.800730       2.801090       2.801290       2.801330       2.801220       2.800980       2.800620       2.800130       2.799530       2.798830       2.798030       2.797140       2.796170       2.795130       2.794020       2.792850       2.791620       2.790340       2.789020       2.787650       2.786250       2.784810       2.783350       2.781860       2.780350       2.778820       2.777280    
   2.788210       2.789020       2.789650       2.790110       2.790410       2.790550       2.790540       2.790400       2.790120       2.789720       2.789200       2.788570       2.787850       2.787030       2.786130       2.785150       2.784100       2.782990       2.781820       2.780590       2.779320       2.778000       2.776650       2.775270       2.773860       2.772420       2.770960       2.769480       2.767990       2.766480    
   2.777690       2.778420       2.778980       2.779370       2.779610       2.779690       2.779640       2.779440       2.779130       2.778690       2.778140       2.777490       2.776740       2.775900       2.774990       2.774000       2.772940       2.771830       2.770650       2.769430       2.768170       2.766870       2.765530       2.764170       2.762780       2.761370       2.759940       2.758490       2.757030       2.755560    
   2.767060       2.767710       2.768190       2.768520       2.768690       2.768720       2.768620       2.768380       2.768020       2.767540       2.766960       2.766280       2.765510       2.764660       2.763730       2.762730       2.761660       2.760540       2.759370       2.758160       2.756900       2.755610       2.754290       2.752950       2.751580       2.750200       2.748800       2.747390       2.745970       2.744540    
   2.756340       2.756900       2.757310       2.757570       2.757680       2.757650       2.757490       2.757200       2.756800       2.756290       2.755680       2.754970       2.754170       2.753300       2.752350       2.751340       2.750270       2.749150       2.747980       2.746770       2.745520       2.744240       2.742940       2.741620       2.740280       2.738920       2.737550       2.736180       2.734800       2.733410    
   2.745520       2.746000       2.746340       2.746520       2.746570       2.746480       2.746260       2.745930       2.745480       2.744930       2.744290       2.743550       2.742730       2.741840       2.740870       2.739850       2.738770       2.737640       2.736480       2.735270       2.734030       2.732770       2.731490       2.730180       2.728870       2.727540       2.726210       2.724870       2.723530       2.722190    
   2.734620       2.735020       2.735270       2.735390       2.735370       2.735220       2.734950       2.734570       2.734070       2.733480       2.732800       2.732030       2.731190       2.730270       2.729290       2.728260       2.727170       2.726040       2.724870       2.723670       2.722450       2.721200       2.719930       2.718650       2.717360       2.716070       2.714770       2.713460       2.712160       2.710870    
   2.734570       2.734970       2.732470       2.724180       2.724090       2.723880       2.723550       2.723120       2.722580       2.721950       2.721230       2.720430       2.719560       2.718620       2.717620       2.716570       2.715480       2.714340       2.713180       2.711980       2.710770       2.709530       2.708280       2.707030       2.705760       2.704500       2.703230       2.701970       2.700710       2.699460    
   2.734520       2.731550       2.724180       2.715580       2.712730       2.712460       2.712080       2.711590       2.711000       2.710330       2.709570       2.708740       2.707840       2.706880       2.705860       2.704800       2.703700       2.702560       2.701400       2.700210       2.699000       2.697780       2.696550       2.695320       2.694080       2.692850       2.691620       2.690400       2.689180       2.687980    
   2.731050       2.724180       2.712030       2.707030       2.701320       2.700980       2.700540       2.699990       2.699360       2.698640       2.697850       2.696980       2.696050       2.695070       2.694030       2.692950       2.691840       2.690700       2.689530       2.688350       2.687150       2.685950       2.684740       2.683520       2.682320       2.681120       2.679920       2.678740       2.677570       2.676420    
   2.724180       2.710420       2.704170       2.701320       2.697250       2.689440       2.688930       2.688340       2.687650       2.686890       2.686050       2.685150       2.684190       2.683180       2.682130       2.681040       2.679910       2.678760       2.677600       2.676420       2.675230       2.674040       2.672850       2.671660       2.670480       2.669310       2.668160       2.667020       2.665900       2.664790    
   2.709670       2.702750       2.701320       2.696000       2.689440       2.685220       2.677280       2.676620       2.675890       2.675080       2.674200       2.673260       2.672270       2.671240       2.670160       2.669050       2.667920       2.666760       2.665600       2.664420       2.663240       2.662070       2.660890       2.659730       2.658580       2.657450       2.656330       2.655230       2.654150       2.653100    
   2.702030       2.701320       2.695590       2.689440       2.683980       2.677280       2.676950       2.676600       2.672700       2.663220       2.662300       2.661320       2.660300       2.659230       2.658140       2.657010       2.655860       2.654700       2.653540       2.652360       2.651190       2.650030       2.648880       2.647740       2.646620       2.645520       2.644440       2.643390       2.642360       2.641350    
   2.701320       2.695450       2.689440       2.683570       2.677280       2.677110       2.676940       2.672370       2.663220       2.662760       2.654700       2.649340       2.648280       2.647180       2.646060       2.644920       2.643760       2.642590       2.641420       2.640250       2.639090       2.637940       2.636810       2.635700       2.634600       2.633540       2.632500       2.631490       2.630510       2.629550    
   2.695400       2.689440       2.683430       2.677280       2.677200       2.677110       2.672410       2.663220       2.662990       2.652260       2.643320       2.637310       2.636220       2.635090       2.633950       2.632780       2.631610       2.630430       2.629260       2.628090       2.626940       2.625810       2.624690       2.623600       2.622540       2.621510       2.620510       2.619550       2.618610       2.617710    
   2.689440       2.683380       2.677280       2.677240       2.677200       2.672490       2.663220       2.663110       2.651220       2.640320       2.637310       2.636770       2.632900       2.622970       2.621800       2.620610       2.619420       2.618240       2.617060       2.615900       2.614750       2.613630       2.612540       2.611470       2.610440       2.609440       2.608490       2.607560       2.606680       2.605840    
   2.683370       2.677280       2.677260       2.677240       2.672530       2.663220       2.663160       2.650730       2.638810       2.637310       2.637040       2.632490       2.622970       2.622390       2.621790       2.620610       2.619420       2.618240       2.609260       2.603670       2.602530       2.601420       2.600340       2.599300       2.598300       2.597340       2.596430       2.595550       2.594720       2.593930    
   2.677280       2.677270       2.677260       2.672560       2.663220       2.663190       2.650500       2.638060       2.637310       2.637170       2.632450       2.622970       2.622680       2.622380       2.621600       2.620610       2.619420       2.607170       2.597540       2.591410       2.590280       2.589180       2.588120       2.587110       2.586140       2.585220       2.584340       2.583510       2.582730       2.582000    
   2.677270       2.677270       2.672580       2.663220       2.663210       2.650380       2.637690       2.637310       2.637240       2.632480       2.622970       2.622820       2.622680       2.622220       2.621530       2.620540       2.606620       2.594470       2.591410       2.586560       2.578000       2.576920       2.575880       2.574890       2.573960       2.573070       2.572240       2.571460       2.570730       2.570050    
   2.677270       2.672590       2.663220       2.663210       2.650320       2.637500       2.637310       2.637280       2.632500       2.622970       2.622900       2.622820       2.622570       2.622140       2.621430       2.599240       2.592940       2.591410       2.572740       2.565720       2.565070       2.564650       2.563630       2.562670       2.561760       2.560910       2.560120       2.559390       2.558710       2.558090    
   2.672590       2.663220       2.663220       2.650290       2.637400       2.637310       2.637290       2.632510       2.622970       2.622930       2.622900       2.622760       2.622510       2.590140       2.568360       2.554550       2.554550       2.553250       2.551380       2.547290       2.553430       2.552370       2.551370       2.550430       2.549550       2.548740       2.548000       2.547310       2.546690       2.546130    
   2.663220       2.663220       2.650280       2.637360       2.637310       2.637300       2.632520       2.622970       2.622950       2.622930       2.622860       2.622720       2.564620       2.494040       2.494420       2.518370       2.516160       2.517690       2.533050       2.541140       2.541140       2.540090       2.539110       2.538190       2.537350       2.536580       2.535870       2.535240       2.534680       2.534180    
   2.663220       2.650270       2.637330       2.637310       2.637310       2.632530       2.622970       2.622960       2.622950       2.622920       2.557470       2.459410       2.482180       2.493660       2.493660       2.494420       2.508330       2.514630       2.517690       2.526070       2.528860       2.527820       2.526850       2.525960       2.525150       2.524420       2.523760       2.523180       2.522670       2.522230    
   2.650270       2.637320       2.637310       2.637310       2.632530       2.622970       2.622970       2.622960       2.622940       2.544430       2.459410       2.459410       2.459410       2.481620       2.492900       2.492900       2.494420       2.506590       2.511570       2.517690       2.516590       2.515560       2.514610       2.513750       2.512970       2.512280       2.511670       2.511140       2.510690       2.510310    
   2.637320       2.637310       2.637310       2.632530       2.622970       2.622970       2.622970       2.567730       2.515330       2.459380       2.459410       2.459410       2.459410       2.459410       2.480520       2.491380       2.491380       2.494420       2.502700       2.505450       2.504340       2.503330       2.502400       2.501560       2.500810       2.500160       2.499590       2.499120       2.498730       2.498420    
   2.637310       2.637310       2.632530       2.622970       2.622970       2.530750       2.392430       2.397250       2.402070       2.440210       2.459310       2.459410       2.459410       2.459410       2.459410       2.478380       2.488340       2.488340       2.494420       2.493230       2.492130       2.491120       2.490210       2.489400       2.488680       2.488070       2.487560       2.487130       2.486800       2.486560    
   2.637310       2.632530       2.622970       2.622970       2.512290       2.392410       2.392410       2.392430       2.397250       2.402070       2.440040       2.459120       2.459410       2.459410       2.459410       2.459410       2.474370       2.482270       2.482260       2.481060       2.479960       2.478950       2.478060       2.477270       2.476590       2.476020       2.475560       2.475190       2.474920       2.474740    
