iMOD/TUTORIALS/TUT_MetaswapAnalyser/model_MetaSWAP/meteo/Evaporation/Evaporation_20051116_L1.ASC
NCOLS                30
NROWS                30
XLLCORNER     160000.00
YLLCORNER     340000.00
CELLSIZE        1000.00
NODATA_VALUE   -9999.00
  0.3576800      0.3561200      0.3545600      0.3530000      0.3514400      0.3498800      0.3483300      0.3467900      0.3452400      0.3437000      0.3421700      0.3406400      0.3391100      0.3375800      0.3360600      0.3345500      0.3330400      0.3315300      0.3300300      0.3285300      0.3270400      0.3255500      0.3240600      0.3225800      0.3211000      0.3196300      0.3181600      0.3166900      0.3152300      0.3137700    
  0.3568600      0.3552900      0.3537300      0.3521700      0.3506100      0.3490500      0.3475000      0.3459500      0.3444000      0.3428600      0.3413200      0.3397800      0.3382500      0.3367300      0.3352000      0.3336800      0.3321700      0.3306600      0.3291600      0.3276600      0.3261600      0.3246700      0.3231800      0.3217000      0.3202200      0.3187400      0.3172700      0.3158000      0.3143400      0.3128700    
  0.3560400      0.3544700      0.3529000      0.3513300      0.3497700      0.3482100      0.3466500      0.3451000      0.3435500      0.3420000      0.3404600      0.3389300      0.3373900      0.3358600      0.3343400      0.3328200      0.3313000      0.3297900      0.3282800      0.3267800      0.3252800      0.3237800      0.3222900      0.3208100      0.3193300      0.3178500      0.3163800      0.3149100      0.3134400      0.3119800    
  0.3552000      0.3536300      0.3520600      0.3504900      0.3489300      0.3473600      0.3458100      0.3442500      0.3427000      0.3411500      0.3396000      0.3380600      0.3365300      0.3349900      0.3334700      0.3319400      0.3304200      0.3289100      0.3274000      0.3258900      0.3243900      0.3229000      0.3214000      0.3199200      0.3184300      0.3169500      0.3154800      0.3140100      0.3125400      0.3110800    
  0.3543700      0.3527900      0.3512200      0.3496500      0.3480800      0.3465100      0.3449500      0.3433900      0.3418400      0.3402900      0.3387400      0.3372000      0.3356600      0.3341200      0.3325900      0.3310700      0.3295400      0.3280300      0.3265100      0.3250100      0.3235000      0.3220100      0.3205100      0.3190200      0.3175400      0.3160600      0.3145800      0.3131100      0.3116400      0.3101800    
  0.3535300      0.3519500      0.3503700      0.3488000      0.3472300      0.3456600      0.3441000      0.3425300      0.3409800      0.3394200      0.3378700      0.3363300      0.3347800      0.3332500      0.3317100      0.3301800      0.3286600      0.3271400      0.3256300      0.3241200      0.3226100      0.3211100      0.3196200      0.3181300      0.3166400      0.3151600      0.3136800      0.3122100      0.3107400      0.3092700    
  0.3526800      0.3511000      0.3495200      0.3479400      0.3463700      0.3448000      0.3432300      0.3416700      0.3401100      0.3385500      0.3370000      0.3354500      0.3339100      0.3323700      0.3308300      0.3293000      0.3277700      0.3262500      0.3247400      0.3232200      0.3217200      0.3202100      0.3187200      0.3172300      0.3157400      0.3142500      0.3127800      0.3113000      0.3098300      0.3083700    
  0.3518300      0.3502400      0.3486600      0.3470900      0.3455100      0.3439400      0.3423700      0.3408000      0.3392400      0.3376800      0.3361200      0.3345700      0.3330300      0.3314800      0.3299400      0.3284100      0.3268800      0.3253600      0.3238400      0.3223300      0.3208200      0.3193200      0.3178200      0.3163200      0.3148300      0.3133500      0.3118700      0.3104000      0.3089300      0.3074600    
  0.3509700      0.3493900      0.3478000      0.3462200      0.3446500      0.3430700      0.3415000      0.3399300      0.3383600      0.3368000      0.3352400      0.3336900      0.3321400      0.3306000      0.3290600      0.3275200      0.3259900      0.3244600      0.3229400      0.3214300      0.3199200      0.3184100      0.3169100      0.3154200      0.3139300      0.3124400      0.3109600      0.3094900      0.3080200      0.3065500    
  0.3501100      0.3485200      0.3469400      0.3453600      0.3437800      0.3422000      0.3406200      0.3390500      0.3374800      0.3359200      0.3343600      0.3328000      0.3312500      0.3297100      0.3281600      0.3266300      0.3250900      0.3235700      0.3220400      0.3205300      0.3190100      0.3175100      0.3160100      0.3145100      0.3130200      0.3115300      0.3100500      0.3085800      0.3071100      0.3056400    
  0.3501100      0.3485230      0.3463280      0.3444900      0.3429000      0.3413200      0.3397500      0.3381700      0.3366000      0.3350400      0.3334700      0.3319200      0.3303600      0.3288100      0.3272700      0.3257300      0.3241900      0.3226600      0.3211400      0.3196200      0.3181100      0.3166000      0.3151000      0.3136000      0.3121100      0.3106200      0.3091400      0.3076600      0.3061900      0.3047300    
  0.3501110      0.3473630      0.3444900      0.3426420      0.3420300      0.3404500      0.3388700      0.3372900      0.3357200      0.3341500      0.3325800      0.3310200      0.3294700      0.3279200      0.3263700      0.3248300      0.3232900      0.3217600      0.3202400      0.3187200      0.3172000      0.3156900      0.3141900      0.3126900      0.3112000      0.3097100      0.3082300      0.3067500      0.3052800      0.3038100    
  0.3484160      0.3444900      0.3424680      0.3415900      0.3411500      0.3395600      0.3379800      0.3364000      0.3348300      0.3332600      0.3316900      0.3301300      0.3285700      0.3270200      0.3254700      0.3239300      0.3223900      0.3208500      0.3193300      0.3178100      0.3162900      0.3147800      0.3132800      0.3117800      0.3102800      0.3087900      0.3073100      0.3058400      0.3043600      0.3029000    
  0.3444900      0.3423700      0.3413700      0.3411500      0.3397970      0.3386800      0.3371000      0.3355200      0.3339400      0.3323700      0.3308000      0.3292300      0.3276700      0.3261200      0.3245700      0.3230200      0.3214800      0.3199500      0.3184200      0.3168900      0.3153800      0.3138700      0.3123600      0.3108600      0.3093700      0.3078800      0.3064000      0.3049200      0.3034500      0.3019800    
  0.3423170      0.3412600      0.3411500      0.3398760      0.3386800      0.3373300      0.3362100      0.3346300      0.3330500      0.3314700      0.3299000      0.3283300      0.3267700      0.3252100      0.3236600      0.3221100      0.3205700      0.3190400      0.3175100      0.3159800      0.3144600      0.3129500      0.3114400      0.3099400      0.3084500      0.3069600      0.3054800      0.3040000      0.3025300      0.3010600    
  0.3412050      0.3411500      0.3399020      0.3386800      0.3374070      0.3362100      0.3354200      0.3346300      0.3324300      0.3305700      0.3290000      0.3274300      0.3258700      0.3243100      0.3227500      0.3212000      0.3196600      0.3181200      0.3165900      0.3150700      0.3135500      0.3120300      0.3105300      0.3090300      0.3075300      0.3060400      0.3045600      0.3030800      0.3016100      0.3001400    
  0.3411500      0.3399110      0.3386800      0.3374320      0.3362100      0.3358150      0.3354200      0.3332630      0.3305700      0.3297850      0.3278300      0.3265300      0.3249600      0.3234000      0.3218400      0.3202900      0.3187500      0.3172100      0.3156800      0.3141500      0.3126300      0.3111200      0.3096100      0.3081100      0.3066100      0.3051200      0.3036400      0.3021600      0.3006900      0.2992300    
  0.3399140      0.3386800      0.3374410      0.3362100      0.3360130      0.3358150      0.3337670      0.3305700      0.3301770      0.3279760      0.3260750      0.3256200      0.3240500      0.3224900      0.3209300      0.3193800      0.3178400      0.3163000      0.3147600      0.3132300      0.3117100      0.3102000      0.3086900      0.3071900      0.3056900      0.3042000      0.3027200      0.3012400      0.2997700      0.2983100    
  0.3386800      0.3374440      0.3362100      0.3361110      0.3360130      0.3340410      0.3305700      0.3303740      0.3280380      0.3258480      0.3256200      0.3248350      0.3234350      0.3215800      0.3200200      0.3184700      0.3169200      0.3153800      0.3138400      0.3123200      0.3107900      0.3092800      0.3077700      0.3062700      0.3047700      0.3032800      0.3018000      0.3003200      0.2988500      0.2973900    
  0.3374450      0.3362100      0.3361610      0.3361110      0.3341840      0.3305700      0.3304720      0.3280670      0.3257340      0.3256200      0.3252270      0.3238670      0.3215800      0.3208000      0.3200230      0.3184700      0.3169230      0.3153800      0.3126840      0.3114000      0.3098700      0.3083600      0.3068500      0.3053500      0.3038500      0.3023600      0.3008800      0.2994000      0.2979300      0.2964700    
  0.3362100      0.3361850      0.3361610      0.3342560      0.3305700      0.3305210      0.3280810      0.3256770      0.3256200      0.3254240      0.3240740      0.3215800      0.3211900      0.3208010      0.3197640      0.3184720      0.3169240      0.3132810      0.3109400      0.3104800      0.3089500      0.3074400      0.3059300      0.3044200      0.3029300      0.3014400      0.2999600      0.2984800      0.2970100      0.2955500    
  0.3361980      0.3361850      0.3342930      0.3305700      0.3305450      0.3280880      0.3256480      0.3256200      0.3255220      0.3241740      0.3215800      0.3213850      0.3211900      0.3205850      0.3196790      0.3183870      0.3139740      0.3107100      0.3104800      0.3091530      0.3080300      0.3065100      0.3050000      0.3035000      0.3020100      0.3005200      0.2990400      0.2975600      0.2961000      0.2946400    
  0.3361980      0.3343120      0.3305700      0.3305580      0.3280920      0.3256340      0.3256200      0.3255710      0.3242240      0.3215800      0.3214820      0.3213850      0.3210540      0.3204850      0.3195500      0.3140710      0.3105950      0.3104800      0.3081180      0.3071100      0.3061980      0.3055900      0.3040800      0.3025800      0.3010900      0.2996000      0.2981200      0.2966400      0.2951800      0.2937200    
  0.3343210      0.3305700      0.3305640      0.3280930      0.3256270      0.3256200      0.3255950      0.3242490      0.3215800      0.3215310      0.3214830      0.3213070      0.3209750      0.3164400      0.3119980      0.3077200      0.3077200      0.3069420      0.3060370      0.3057300      0.3061900      0.3046700      0.3031600      0.3016600      0.3001700      0.2986800      0.2972000      0.2957300      0.2942600      0.2928000    
  0.3305700      0.3305670      0.3280940      0.3256240      0.3256200      0.3256080      0.3242610      0.3215800      0.3215560      0.3215310      0.3214400      0.3212550      0.3135950      0.3046420      0.3046700      0.3054930      0.3048460      0.3049600      0.3051160      0.3052700      0.3052700      0.3037500      0.3022400      0.3007400      0.2992500      0.2977600      0.2962800      0.2948100      0.2933500      0.2918900    
  0.3305680      0.3280950      0.3256220      0.3256200      0.3256140      0.3242670      0.3215800      0.3215680      0.3215560      0.3215090      0.3142410      0.3034900      0.3042340      0.3046130      0.3046130      0.3046700      0.3047370      0.3047330      0.3049600      0.3045020      0.3043500      0.3028300      0.3013200      0.2998200      0.2983300      0.2968400      0.2953600      0.2938900      0.2924300      0.2909800    
  0.3280950      0.3256210      0.3256200      0.3256170      0.3242700      0.3215800      0.3215740      0.3215680      0.3215440      0.3128570      0.3034900      0.3034900      0.3034900      0.3041920      0.3045560      0.3045560      0.3046700      0.3045840      0.3045050      0.3049600      0.3034300      0.3019200      0.3004100      0.2989000      0.2974100      0.2959300      0.2944500      0.2929800      0.2915200      0.2900700    
  0.3256200      0.3256200      0.3256180      0.3242720      0.3215800      0.3215770      0.3215740      0.3163190      0.3104270      0.3034880      0.3034900      0.3034900      0.3034900      0.3034900      0.3041080      0.3044430      0.3044430      0.3046700      0.3042020      0.3040500      0.3025200      0.3010000      0.2994900      0.2979900      0.2965000      0.2950100      0.2935400      0.2920700      0.2906100      0.2891600    
  0.3256200      0.3256190      0.3242730      0.3215800      0.3215780      0.3134620      0.3012900      0.3009400      0.3005900      0.3025170      0.3034830      0.3034900      0.3034900      0.3034900      0.3034900      0.3039420      0.3042150      0.3042150      0.3046700      0.3031300      0.3016000      0.3000800      0.2985800      0.2970700      0.2955800      0.2941000      0.2926300      0.2911600      0.2897000      0.2882500    
  0.3256200      0.3242730      0.3215800      0.3215790      0.3118390      0.3012880      0.3012880      0.3012900      0.3009400      0.3005900      0.3025040      0.3034680      0.3034900      0.3034900      0.3034900      0.3034900      0.3036190      0.3037600      0.3037600      0.3022200      0.3006900      0.2991700      0.2976600      0.2961600      0.2946700      0.2931900      0.2917200      0.2902500      0.2888000      0.2873500    
