iMOD/TUTORIALS/TUT_MetaswapAnalyser/model_MetaSWAP/meteo/Evaporation/Evaporation_20050822_L1.ASC
NCOLS                30
NROWS                30
XLLCORNER     160000.00
YLLCORNER     340000.00
CELLSIZE        1000.00
NODATA_VALUE   -9999.00
   1.878930       1.869070       1.859220       1.849390       1.839590       1.829810       1.820060       1.810330       1.800650       1.791000       1.781390       1.771820       1.762300       1.752820       1.743400       1.734020       1.724700       1.715440       1.706230       1.697070       1.687980       1.678950       1.669980       1.661070       1.652230       1.643440       1.634730       1.626070       1.617480       1.608960    
   1.876420       1.866550       1.856700       1.846870       1.837070       1.827290       1.817540       1.807830       1.798150       1.788500       1.778900       1.769330       1.759820       1.750350       1.740930       1.731560       1.722240       1.712980       1.703780       1.694630       1.685540       1.676520       1.667550       1.658640       1.649800       1.641020       1.632310       1.623660       1.615070       1.606550    
   1.873890       1.864020       1.854170       1.844340       1.834540       1.824760       1.815010       1.805300       1.795620       1.785980       1.776380       1.766830       1.757310       1.747850       1.738430       1.729070       1.719760       1.710500       1.701300       1.692160       1.683080       1.674050       1.665090       1.656190       1.647350       1.638580       1.629870       1.621220       1.612630       1.604120    
   1.871360       1.861480       1.851620       1.841790       1.831990       1.822210       1.812470       1.802760       1.793080       1.783450       1.773850       1.764300       1.754790       1.745330       1.735920       1.726560       1.717250       1.708000       1.698810       1.689670       1.680590       1.671570       1.662610       1.653710       1.644880       1.636110       1.627400       1.618750       1.610170       1.601660    
   1.868820       1.858930       1.849070       1.839240       1.829430       1.819650       1.809910       1.800200       1.790530       1.780890       1.771300       1.761750       1.752250       1.742790       1.733380       1.724030       1.714720       1.705480       1.696290       1.687150       1.678080       1.669060       1.660110       1.651210       1.642380       1.633610       1.624910       1.616270       1.607690       1.599180    
   1.866270       1.856380       1.846510       1.836670       1.826860       1.817080       1.807340       1.797630       1.787960       1.778320       1.768730       1.759190       1.749680       1.740230       1.730830       1.721480       1.712180       1.702930       1.693750       1.684620       1.675540       1.666530       1.657580       1.648690       1.639860       1.631100       1.622400       1.613760       1.605190       1.596680    
   1.863730       1.853820       1.843950       1.834100       1.824290       1.814500       1.804760       1.795050       1.785370       1.775740       1.766150       1.756610       1.747110       1.737660       1.728260       1.718910       1.709610       1.700370       1.691190       1.682060       1.672990       1.663980       1.655040       1.646150       1.637330       1.628570       1.619870       1.611230       1.602660       1.594160    
   1.861180       1.851260       1.841380       1.831530       1.821700       1.811920       1.802170       1.792460       1.782780       1.773150       1.763560       1.754010       1.744520       1.735070       1.725670       1.716320       1.707030       1.697790       1.688610       1.679490       1.670420       1.661420       1.652470       1.643590       1.634770       1.626020       1.617320       1.608690       1.600120       1.591620    
   1.858630       1.848700       1.838810       1.828950       1.819120       1.809330       1.799570       1.789860       1.780180       1.770550       1.760960       1.751410       1.741910       1.732470       1.723070       1.713720       1.704430       1.695200       1.686020       1.676900       1.667840       1.658840       1.649900       1.641020       1.632200       1.623450       1.614760       1.606130       1.597560       1.589060    
   1.856080       1.846140       1.836230       1.826360       1.816530       1.806730       1.796970       1.787250       1.777570       1.767940       1.758340       1.748800       1.739300       1.729850       1.720460       1.711110       1.701820       1.692590       1.683410       1.674300       1.665240       1.656240       1.647300       1.638430       1.629610       1.620860       1.612180       1.603550       1.594990       1.586500    
   1.856090       1.846150       1.833130       1.823780       1.813940       1.804130       1.794370       1.784640       1.774960       1.765320       1.755730       1.746180       1.736680       1.727230       1.717830       1.708490       1.699200       1.689970       1.680800       1.671680       1.662620       1.653630       1.644690       1.635820       1.627010       1.618270       1.609580       1.600960       1.592400       1.583910    
   1.856100       1.839790       1.823780       1.814460       1.811350       1.801540       1.791760       1.782030       1.772340       1.762700       1.753100       1.743550       1.734050       1.724600       1.715200       1.705860       1.696570       1.687340       1.678170       1.669050       1.660000       1.651010       1.642080       1.633210       1.624400       1.615660       1.606980       1.598360       1.589810       1.581320    
   1.846430       1.823780       1.814260       1.810060       1.808760       1.798940       1.789160       1.779420       1.769720       1.760080       1.750470       1.740920       1.731420       1.721970       1.712570       1.703220       1.693940       1.684700       1.675530       1.666420       1.657370       1.648370       1.639450       1.630580       1.621770       1.613030       1.604360       1.595740       1.587200       1.578710    
   1.823780       1.814050       1.809410       1.808760       1.801350       1.796340       1.786550       1.776810       1.767110       1.757450       1.747840       1.738290       1.728780       1.719330       1.709930       1.700580       1.691290       1.682060       1.672890       1.663780       1.654720       1.645730       1.636810       1.627940       1.619140       1.610400       1.601730       1.593120       1.584580       1.576090    
   1.813920       1.809080       1.808760       1.802150       1.796340       1.788950       1.783950       1.774200       1.764490       1.754830       1.745210       1.735650       1.726140       1.716680       1.707280       1.697930       1.688640       1.679410       1.670240       1.661130       1.652070       1.643090       1.634160       1.625300       1.616500       1.607770       1.599100       1.590490       1.581950       1.573470    
   1.808920       1.808760       1.802420       1.796340       1.789750       1.783950       1.779070       1.774210       1.761430       1.752200       1.742580       1.733020       1.723500       1.714040       1.704630       1.695280       1.685990       1.676760       1.667580       1.658470       1.649420       1.640430       1.631510       1.622650       1.613850       1.605120       1.596450       1.587850       1.579310       1.570840    
   1.808760       1.802510       1.796340       1.790010       1.783950       1.781510       1.779080       1.766730       1.752200       1.747390       1.737190       1.730380       1.720860       1.711400       1.701980       1.692630       1.683340       1.674100       1.664930       1.655810       1.646760       1.637780       1.628850       1.619990       1.611200       1.602470       1.593810       1.585210       1.576670       1.568200    
   1.802540       1.796340       1.790100       1.783950       1.782730       1.781510       1.769880       1.752200       1.749790       1.738720       1.729060       1.727750       1.718220       1.708750       1.699340       1.689980       1.680680       1.671440       1.662270       1.653150       1.644100       1.635110       1.626190       1.617340       1.608540       1.599820       1.591160       1.582560       1.574030       1.565560    
   1.796340       1.790130       1.783950       1.783340       1.782730       1.771580       1.752200       1.751000       1.739370       1.728410       1.727750       1.722990       1.715210       1.706110       1.696690       1.687330       1.678030       1.668790       1.659610       1.650490       1.641440       1.632450       1.623530       1.614680       1.605890       1.597160       1.588500       1.579910       1.571380       1.562920    
   1.790140       1.783950       1.783650       1.783340       1.772460       1.752200       1.751600       1.739680       1.728080       1.727750       1.725370       1.718010       1.706110       1.701400       1.696710       1.687350       1.678050       1.668810       1.654380       1.647830       1.638780       1.629790       1.620870       1.612010       1.603230       1.594500       1.585850       1.577260       1.568740       1.560280    
   1.783950       1.783800       1.783650       1.772910       1.752200       1.751900       1.739830       1.727910       1.727750       1.726560       1.719310       1.706110       1.703760       1.701410       1.695150       1.687370       1.678070       1.658580       1.646500       1.645170       1.636120       1.627130       1.618210       1.609360       1.600570       1.591850       1.583200       1.574610       1.566090       1.557640    
   1.783870       1.783800       1.773140       1.752200       1.752050       1.739900       1.727830       1.727750       1.727150       1.719930       1.706110       1.704930       1.703760       1.700110       1.694640       1.686860       1.663010       1.645830       1.645170       1.638250       1.633460       1.624470       1.615550       1.606700       1.597910       1.589200       1.580550       1.571960       1.563450       1.555000    
   1.783870       1.773250       1.752200       1.752120       1.739940       1.727790       1.727750       1.727450       1.720240       1.706110       1.705520       1.704930       1.702930       1.699500       1.693870       1.665460       1.645500       1.645170       1.635270       1.630820       1.625420       1.621820       1.612900       1.604050       1.595260       1.586550       1.577900       1.569320       1.560810       1.552360    
   1.773310       1.752200       1.752160       1.739960       1.727770       1.727750       1.727600       1.720390       1.706110       1.705820       1.705520       1.704460       1.702460       1.682410       1.660320       1.637270       1.637260       1.632820       1.627730       1.626850       1.628170       1.619180       1.610250       1.601400       1.592620       1.583900       1.575260       1.566680       1.558170       1.549730    
   1.752200       1.752180       1.739970       1.727760       1.727750       1.727680       1.720460       1.706110       1.705960       1.705820       1.705270       1.704150       1.671150       1.633260       1.633340       1.632490       1.629030       1.629360       1.626570       1.625540       1.625530       1.616540       1.607610       1.598760       1.589980       1.581260       1.572620       1.564050       1.555550       1.547110    
   1.752190       1.739970       1.727760       1.727750       1.727710       1.720500       1.706110       1.706040       1.705960       1.705680       1.677030       1.634960       1.633760       1.633180       1.633180       1.633340       1.630300       1.628710       1.629360       1.624520       1.622910       1.613910       1.604980       1.596130       1.587350       1.578630       1.570000       1.561430       1.552930       1.544490    
   1.739970       1.727750       1.727750       1.727730       1.720520       1.706110       1.706070       1.706040       1.705890       1.671720       1.634960       1.634960       1.634960       1.633640       1.633020       1.633020       1.633340       1.629790       1.628060       1.629360       1.620290       1.611290       1.602360       1.593510       1.584720       1.576020       1.567380       1.558810       1.550320       1.541890    
   1.727750       1.727750       1.727740       1.720530       1.706110       1.706090       1.706070       1.687540       1.664130       1.634950       1.634960       1.634960       1.634960       1.634960       1.633400       1.632700       1.632700       1.633340       1.628410       1.626760       1.617690       1.608680       1.599750       1.590900       1.582110       1.573410       1.564770       1.556210       1.547720       1.539300    
   1.727750       1.727750       1.720530       1.706110       1.706100       1.679390       1.639330       1.635750       1.632170       1.634010       1.634940       1.634960       1.634960       1.634960       1.634960       1.632910       1.632060       1.632060       1.633340       1.624180       1.615100       1.606090       1.597160       1.588300       1.579520       1.570810       1.562180       1.553620       1.545130       1.536720    
   1.727750       1.720530       1.706110       1.706110       1.674050       1.639330       1.639330       1.639330       1.635750       1.632170       1.633980       1.634900       1.634960       1.634960       1.634960       1.634960       1.631930       1.630780       1.630770       1.621610       1.612520       1.603510       1.594580       1.585720       1.576940       1.568230       1.559600       1.551050       1.542560       1.534150    
