iMOD/TUTORIALS/TUT_MetaswapAnalyser/model_MetaSWAP/meteo/Evaporation/Evaporation_20060828_L1.ASC
NCOLS                30
NROWS                30
XLLCORNER     160000.00
YLLCORNER     340000.00
CELLSIZE        1000.00
NODATA_VALUE   -9999.00
   1.145840       1.139650       1.133430       1.127200       1.120950       1.114690       1.108430       1.102170       1.095920       1.089670       1.083440       1.077230       1.071040       1.064870       1.058730       1.052620       1.046540       1.040500       1.034500       1.028530       1.022610       1.016740       1.010910       1.005120      0.9993900      0.9937000      0.9880600      0.9824800      0.9769400      0.9714500    
   1.141850       1.135680       1.129480       1.123270       1.117050       1.110820       1.104580       1.098350       1.092120       1.085900       1.079700       1.073510       1.067340       1.061190       1.055080       1.048990       1.042930       1.036910       1.030930       1.024990       1.019090       1.013230       1.007420       1.001650      0.9959300      0.9902600      0.9846400      0.9790600      0.9735400      0.9680700    
   1.137840       1.131690       1.125510       1.119320       1.113120       1.106920       1.100710       1.094500       1.088300       1.082100       1.075920       1.069760       1.063610       1.057490       1.051400       1.045330       1.039300       1.033300       1.027340       1.021410       1.015530       1.009690       1.003900      0.9981500      0.9924400      0.9867900      0.9811800      0.9756200      0.9701100      0.9646500    
   1.133810       1.127670       1.121520       1.115350       1.109180       1.102990       1.096810       1.090620       1.084440       1.078270       1.072120       1.065980       1.059860       1.053760       1.047690       1.041640       1.035630       1.029650       1.023710       1.017810       1.011950       1.006130       1.000350      0.9946200      0.9889300      0.9832900      0.9777000      0.9721500      0.9666600      0.9612100    
   1.129760       1.123640       1.117510       1.111360       1.105210       1.099040       1.092880       1.086720       1.080570       1.074420       1.068290       1.062170       1.056070       1.050000       1.043950       1.037930       1.031940       1.025980       1.020060       1.014180       1.008330       1.002530      0.9967700      0.9910600      0.9853900      0.9797700      0.9741900      0.9686600      0.9631800      0.9577500    
   1.125690       1.119590       1.113480       1.107350       1.101220       1.095080       1.088940       1.082800       1.076660       1.070540       1.064430       1.058340       1.052260       1.046210       1.040180       1.034180       1.028210       1.022280       1.016380       1.010520       1.004690      0.9989100      0.9931700      0.9874700      0.9818200      0.9762200      0.9706600      0.9651500      0.9596800      0.9542700    
   1.121610       1.115530       1.109430       1.103320       1.097210       1.091090       1.084970       1.078850       1.072740       1.066640       1.060550       1.054480       1.048430       1.042400       1.036390       1.030420       1.024470       1.018550       1.012670       1.006830       1.001030      0.9952600      0.9895400      0.9838600      0.9782300      0.9726400      0.9671000      0.9616100      0.9561600      0.9507600    
   1.117520       1.111450       1.105370       1.099280       1.093180       1.087080       1.080990       1.074890       1.068800       1.062720       1.056650       1.050600       1.044570       1.038560       1.032580       1.026620       1.020700       1.014800       1.008940       1.003120      0.9973400      0.9915900      0.9858900      0.9802300      0.9746200      0.9690500      0.9635200      0.9580400      0.9526100      0.9472300    
   1.113410       1.107360       1.101300       1.095220       1.089140       1.083060       1.076980       1.070910       1.064840       1.058780       1.052740       1.046710       1.040700       1.034710       1.028750       1.022810       1.016900       1.011030       1.005190      0.9993900      0.9936200      0.9879000      0.9822200      0.9765800      0.9709800      0.9654300      0.9599200      0.9544600      0.9490500      0.9436800    
   1.109300       1.103260       1.097210       1.091150       1.085090       1.079030       1.072970       1.066910       1.060860       1.054820       1.048800       1.042790       1.036800       1.030830       1.024890       1.018980       1.013090       1.007240       1.001420      0.9956400      0.9898900      0.9841900      0.9785200      0.9729000      0.9673200      0.9617900      0.9563000      0.9508600      0.9454600      0.9401100    
   1.109300       1.103260       1.094670       1.087070       1.081030       1.074980       1.068940       1.062900       1.056870       1.050850       1.044850       1.038860       1.032890       1.026940       1.021020       1.015120       1.009260       1.003430      0.9976300      0.9918600      0.9861400      0.9804500      0.9748100      0.9692000      0.9636400      0.9581300      0.9526600      0.9472300      0.9418600      0.9365300    
   1.109290       1.098570       1.087070       1.079480       1.076950       1.070930       1.064900       1.058880       1.052870       1.046870       1.040880       1.034910       1.028960       1.023030       1.017130       1.011250       1.005410      0.9995900      0.9938200      0.9880700      0.9823700      0.9767000      0.9710700      0.9654900      0.9599500      0.9544500      0.9490000      0.9435900      0.9382300      0.9329200    
   1.102560       1.087070       1.078580       1.074910       1.072870       1.066860       1.060850       1.054840       1.048850       1.042870       1.036900       1.030950       1.025020       1.019110       1.013220       1.007370       1.001540      0.9957500      0.9899900      0.9842600      0.9785800      0.9729300      0.9673200      0.9617600      0.9562400      0.9507600      0.9453300      0.9399400      0.9346000      0.9293000    
   1.087070       1.078100       1.073890       1.072870       1.067500       1.062780       1.056790       1.050800       1.044820       1.038860       1.032910       1.026970       1.021060       1.015170       1.009300       1.003470      0.9976600      0.9918800      0.9861400      0.9804400      0.9747700      0.9691400      0.9635600      0.9580100      0.9525100      0.9470500      0.9416300      0.9362700      0.9309400      0.9256700    
   1.077860       1.073380       1.072870       1.067720       1.062780       1.057430       1.052720       1.046750       1.040790       1.034840       1.028900       1.022990       1.017090       1.011220       1.005370      0.9995500      0.9937600      0.9880100      0.9822900      0.9766000      0.9709500      0.9653400      0.9597700      0.9542500      0.9487600      0.9433200      0.9379300      0.9325800      0.9272800      0.9220200    
   1.073130       1.072870       1.067790       1.062780       1.057640       1.052720       1.049730       1.046750       1.038300       1.030810       1.024890       1.018990       1.013110       1.007260       1.001430      0.9956300      0.9898600      0.9841200      0.9784200      0.9727500      0.9671200      0.9615300      0.9559800      0.9504700      0.9450100      0.9395900      0.9342100      0.9288800      0.9236000      0.9183600    
   1.072870       1.067810       1.062780       1.057710       1.052720       1.051230       1.049740       1.041400       1.030810       1.027850       1.020130       1.014990       1.009130       1.003290      0.9974800      0.9916900      0.9859400      0.9802200      0.9745300      0.9688900      0.9632700      0.9577000      0.9521700      0.9466800      0.9412400      0.9358400      0.9304800      0.9251700      0.9199100      0.9146900    
   1.067820       1.062780       1.057740       1.052720       1.051970       1.051230       1.043290       1.030810       1.029330       1.020550       1.012980       1.010980       1.005130      0.9993100      0.9935200      0.9877500      0.9820100      0.9763100      0.9706400      0.9650100      0.9594200      0.9538700      0.9483600      0.9428900      0.9374600      0.9320800      0.9267400      0.9214500      0.9162000      0.9110100    
   1.062780       1.057750       1.052720       1.052350       1.051970       1.044330       1.030810       1.030070       1.020730       1.011980       1.010980       1.008050       1.002690      0.9953300      0.9895500      0.9838000      0.9780800      0.9723900      0.9667400      0.9611300      0.9555600      0.9500200      0.9445300      0.9390800      0.9336700      0.9283100      0.9229900      0.9177200      0.9125000      0.9073200    
   1.057750       1.052720       1.052530       1.052350       1.044860       1.030810       1.030440       1.020810       1.011480       1.010980       1.009520       1.004260      0.9953300      0.9924400      0.9895600      0.9838100      0.9780900      0.9724030      0.9621700      0.9572400      0.9516800      0.9461700      0.9406900      0.9352600      0.9298800      0.9245300      0.9192400      0.9139800      0.9087800      0.9036200    
   1.052720       1.052630       1.052530       1.045140       1.030810       1.030630       1.020860       1.011230       1.010980       1.010250       1.005020      0.9953300      0.9938850      0.9924430      0.9886030      0.9838200      0.9781010      0.9642620      0.9552950      0.9533500      0.9478100      0.9423100      0.9368500      0.9314400      0.9260700      0.9207500      0.9154700      0.9102400      0.9050500      0.8999100    
   1.052670       1.052630       1.045280       1.030810       1.030720       1.020880       1.011110       1.010980       1.010610       1.005400      0.9953300      0.9946070      0.9938860      0.9916440      0.9882890      0.9835080      0.9667710      0.9543220      0.9533500      0.9483600      0.9439200      0.9384400      0.9330100      0.9276100      0.9222600      0.9169600      0.9117000      0.9064900      0.9013300      0.8962100    
   1.052670       1.045350       1.030810       1.030760       1.020890       1.011040       1.010980       1.010800       1.005580      0.9953300      0.9949690      0.9946080      0.9933790      0.9912730      0.9878140      0.9668090      0.9538360      0.9533500      0.9439870      0.9400350      0.9367580      0.9345800      0.9291600      0.9237800      0.9184500      0.9131700      0.9079300      0.9027400      0.8975900      0.8924900    
   1.045380       1.030810       1.030790       1.020890       1.011010       1.010980       1.010890       1.005670      0.9953300      0.9951490      0.9949690      0.9943190      0.9930870      0.9750140      0.9578240      0.9416400      0.9416400      0.9388110      0.9355000      0.9342050      0.9361500      0.9307000      0.9253000      0.9199500      0.9146400      0.9093700      0.9041500      0.8989800      0.8938600      0.8887800    
   1.030810       1.030800       1.020890       1.011000       1.010980       1.010930       1.005720      0.9953300      0.9952400      0.9951490      0.9948120      0.9941250      0.9634470      0.9274680      0.9275900      0.9318220      0.9294420      0.9299300      0.9312890      0.9322600      0.9322600      0.9268300      0.9214500      0.9161100      0.9108200      0.9055800      0.9003800      0.8952300      0.8901200      0.8850700    
   1.030800       1.020890       1.010990       1.010980       1.010960       1.005740      0.9953300      0.9952850      0.9952400      0.9950670      0.9653730      0.9213900      0.9253410      0.9273470      0.9273470      0.9275900      0.9286140      0.9289550      0.9299300      0.9287620      0.9283700      0.9229600      0.9176000      0.9122800      0.9070000      0.9017800      0.8966000      0.8914700      0.8863900      0.8813500    
   1.020890       1.010980       1.010980       1.010970       1.005750      0.9953300      0.9953070      0.9952850      0.9951970      0.9596920      0.9213900      0.9213900      0.9213900      0.9251610      0.9271040      0.9271040      0.9275900      0.9279810      0.9279800      0.9299300      0.9244900      0.9190900      0.9137500      0.9084400      0.9031900      0.8979800      0.8928300      0.8877200      0.8826600      0.8776400    
   1.010980       1.010980       1.010970       1.005760      0.9953300      0.9953190      0.9953070      0.9733620      0.9493330      0.9213790      0.9213900      0.9213900      0.9213900      0.9213900      0.9248020      0.9266180      0.9266180      0.9275900      0.9264220      0.9260300      0.9206100      0.9152300      0.9099000      0.9046100      0.8993800      0.8941900      0.8890600      0.8839700      0.8789300      0.8739400    
   1.010980       1.010980       1.005760      0.9953300      0.9953240      0.9609420      0.9093800      0.9085200      0.9076600      0.9167850      0.9213580      0.9213900      0.9213900      0.9213900      0.9213900      0.9240970      0.9256450      0.9256450      0.9275900      0.9221400      0.9167300      0.9113700      0.9060500      0.9007900      0.8955700      0.8904100      0.8852900      0.8802200      0.8752100      0.8702400    
   1.010980       1.005760      0.9953300      0.9953270      0.9540650      0.9093730      0.9093730      0.9093800      0.9085190      0.9076600      0.9167310      0.9212950      0.9213900      0.9213900      0.9213900      0.9213900      0.9227360      0.9237000      0.9237000      0.9182600      0.9128600      0.9075200      0.9022200      0.8969700      0.8917700      0.8866300      0.8815300      0.8764900      0.8714900      0.8665400    
