iMOD/TUTORIALS/TUT_MetaswapAnalyser/model_MetaSWAP/meteo/Evaporation/Evaporation_20061130_L1.ASC
NCOLS                30
NROWS                30
XLLCORNER     160000.00
YLLCORNER     340000.00
CELLSIZE        1000.00
NODATA_VALUE   -9999.00
  0.3625600      0.3633200      0.3640900      0.3648900      0.3657100      0.3665500      0.3674100      0.3682900      0.3691800      0.3700900      0.3710100      0.3719500      0.3728900      0.3738500      0.3748200      0.3758000      0.3767900      0.3777800      0.3787800      0.3797900      0.3808000      0.3818100      0.3828300      0.3838500      0.3848800      0.3859000      0.3869300      0.3879500      0.3889800      0.3900100    
  0.3656800      0.3664400      0.3672300      0.3680400      0.3688700      0.3697300      0.3705900      0.3714800      0.3723800      0.3733000      0.3742300      0.3751700      0.3761200      0.3770800      0.3780600      0.3790400      0.3800300      0.3810200      0.3820200      0.3830300      0.3840400      0.3850500      0.3860700      0.3870900      0.3881100      0.3891300      0.3901500      0.3911700      0.3921900      0.3932100    
  0.3688100      0.3695900      0.3703900      0.3712100      0.3720600      0.3729200      0.3737900      0.3746900      0.3756000      0.3765200      0.3774600      0.3784100      0.3793600      0.3803300      0.3813100      0.3822900      0.3832800      0.3842800      0.3852800      0.3862900      0.3873000      0.3883100      0.3893300      0.3903400      0.3913600      0.3923800      0.3933900      0.3944100      0.3954200      0.3964300    
  0.3719600      0.3727500      0.3735700      0.3744000      0.3752600      0.3761300      0.3770100      0.3779200      0.3788400      0.3797700      0.3807100      0.3816600      0.3826300      0.3836000      0.3845800      0.3855700      0.3865600      0.3875600      0.3885600      0.3895700      0.3905800      0.3915900      0.3926000      0.3936100      0.3946300      0.3956400      0.3966500      0.3976600      0.3986700      0.3996700    
  0.3751300      0.3759300      0.3767600      0.3776100      0.3784700      0.3793500      0.3802500      0.3811600      0.3820900      0.3830300      0.3839800      0.3849400      0.3859100      0.3868800      0.3878700      0.3888600      0.3898500      0.3908500      0.3918600      0.3928600      0.3938700      0.3948800      0.3958900      0.3969000      0.3979100      0.3989200      0.3999200      0.4009300      0.4019300      0.4029200    
  0.3783100      0.3791300      0.3799700      0.3808300      0.3817000      0.3825900      0.3835000      0.3844200      0.3853600      0.3863000      0.3872600      0.3882300      0.3892000      0.3901800      0.3911700      0.3921600      0.3931600      0.3941600      0.3951700      0.3961700      0.3971800      0.3981900      0.3992000      0.4002000      0.4012100      0.4022100      0.4032100      0.4042100      0.4052000      0.4061900    
  0.3815000      0.3823400      0.3831900      0.3840600      0.3849500      0.3858500      0.3867700      0.3877000      0.3886400      0.3895900      0.3905600      0.3915300      0.3925100      0.3935000      0.3944900      0.3954900      0.3964900      0.3974900      0.3984900      0.3995000      0.4005100      0.4015100      0.4025200      0.4035200      0.4045200      0.4055200      0.4065100      0.4075000      0.4084900      0.4094700    
  0.3847100      0.3855600      0.3864200      0.3873100      0.3882000      0.3891200      0.3900500      0.3909900      0.3919400      0.3929000      0.3938700      0.3948500      0.3958300      0.3968200      0.3978200      0.3988200      0.3998200      0.4008300      0.4018300      0.4028400      0.4038400      0.4048500      0.4058500      0.4068500      0.4078400      0.4088400      0.4098300      0.4108100      0.4117900      0.4127600    
  0.3879300      0.3887900      0.3896700      0.3905600      0.3914700      0.3924000      0.3933400      0.3942900      0.3952500      0.3962200      0.3971900      0.3981800      0.3991700      0.4001600      0.4011600      0.4021700      0.4031700      0.4041800      0.4051800      0.4061900      0.4071900      0.4082000      0.4092000      0.4101900      0.4111800      0.4121700      0.4131500      0.4141300      0.4151000      0.4160700    
  0.3911600      0.3920300      0.3929200      0.3938300      0.3947500      0.3956900      0.3966400      0.3976000      0.3985700      0.3995400      0.4005300      0.4015200      0.4025200      0.4035200      0.4045200      0.4055300      0.4065300      0.4075400      0.4085500      0.4095500      0.4105600      0.4115600      0.4125500      0.4135400      0.4145300      0.4155100      0.4164900      0.4174600      0.4184200      0.4193800    
  0.3911630      0.3920370      0.3939720      0.3971100      0.3980400      0.3989900      0.3999500      0.4009200      0.4019000      0.4028800      0.4038700      0.4048700      0.4058700      0.4068800      0.4078900      0.4089000      0.4099100      0.4109100      0.4119200      0.4129300      0.4139300      0.4149300      0.4159200      0.4169100      0.4178900      0.4188700      0.4198400      0.4208000      0.4217600      0.4227100    
  0.3911690      0.3935710      0.3971100      0.4002850      0.4013400      0.4023000      0.4032700      0.4042500      0.4052300      0.4062300      0.4072300      0.4082300      0.4092400      0.4102500      0.4112600      0.4122800      0.4132900      0.4143000      0.4153100      0.4163100      0.4173100      0.4183100      0.4193000      0.4202800      0.4212600      0.4222300      0.4231900      0.4241500      0.4251000      0.4260400    
  0.3930400      0.3971100      0.4012600      0.4029950      0.4046500      0.4056200      0.4066000      0.4075800      0.4085800      0.4095800      0.4105900      0.4116000      0.4126100      0.4136300      0.4146500      0.4156600      0.4166800      0.4176900      0.4187000      0.4197000      0.4207000      0.4216900      0.4226800      0.4236600      0.4246400      0.4256000      0.4265600      0.4275100      0.4284500      0.4293800    
  0.3971100      0.4017110      0.4038220      0.4046500      0.4064030      0.4089400      0.4099300      0.4109300      0.4119300      0.4129400      0.4139600      0.4149800      0.4160000      0.4170200      0.4180400      0.4190600      0.4200700      0.4210900      0.4221000      0.4231000      0.4241000      0.4250900      0.4260800      0.4270500      0.4280200      0.4289800      0.4299300      0.4308700      0.4318000      0.4327200    
  0.4019270      0.4042360      0.4046500      0.4066640      0.4089400      0.4107130      0.4132700      0.4142800      0.4152900      0.4163100      0.4173300      0.4183600      0.4193800      0.4204100      0.4214400      0.4224600      0.4234800      0.4244900      0.4255000      0.4265100      0.4275000      0.4284900      0.4294700      0.4304500      0.4314100      0.4323600      0.4333100      0.4342400      0.4351600      0.4360800    
  0.4044430      0.4046500      0.4067510      0.4089400      0.4109740      0.4132700      0.4137750      0.4142800      0.4163900      0.4196800      0.4207100      0.4217400      0.4227800      0.4238100      0.4248400      0.4258700      0.4268900      0.4279000      0.4289200      0.4299200      0.4309100      0.4319000      0.4328800      0.4338500      0.4348100      0.4357500      0.4366900      0.4376200      0.4385300      0.4394300    
  0.4046500      0.4067800      0.4089400      0.4110610      0.4132700      0.4135220      0.4137750      0.4160310      0.4196800      0.4201950      0.4231580      0.4251300      0.4261700      0.4272100      0.4282500      0.4292800      0.4303000      0.4313200      0.4323300      0.4333300      0.4343300      0.4353100      0.4362900      0.4372500      0.4382100      0.4391500      0.4400800      0.4409900      0.4419000      0.4427900    
  0.4067900      0.4089400      0.4110900      0.4132700      0.4133960      0.4135220      0.4157520      0.4196800      0.4199370      0.4236790      0.4268300      0.4285300      0.4295700      0.4306200      0.4316500      0.4326900      0.4337200      0.4347400      0.4357500      0.4367500      0.4377500      0.4387300      0.4397000      0.4406600      0.4416100      0.4425400      0.4434700      0.4443800      0.4452700      0.4461600    
  0.4089400      0.4111000      0.4132700      0.4133330      0.4133960      0.4155880      0.4196800      0.4198090      0.4239010      0.4276800      0.4285300      0.4290500      0.4306850      0.4340200      0.4350700      0.4361000      0.4371400      0.4381600      0.4391700      0.4401800      0.4411700      0.4421500      0.4431200      0.4440700      0.4450100      0.4459400      0.4468600      0.4477600      0.4486500      0.4495200    
  0.4111030      0.4132700      0.4133020      0.4133330      0.4154990      0.4196800      0.4197440      0.4240050      0.4281050      0.4285300      0.4287900      0.4305710      0.4340200      0.4345450      0.4350630      0.4361030      0.4371330      0.4381570      0.4416260      0.4436000      0.4445900      0.4455700      0.4465300      0.4474800      0.4484200      0.4493400      0.4502500      0.4511400      0.4520200      0.4528900    
  0.4132700      0.4132860      0.4133020      0.4154530      0.4196800      0.4197120      0.4240550      0.4283170      0.4285300      0.4286600      0.4304780      0.4340200      0.4342830      0.4345430      0.4352370      0.4361000      0.4371310      0.4418490      0.4453100      0.4470200      0.4480100      0.4489900      0.4499500      0.4509000      0.4518300      0.4527400      0.4536400      0.4545300      0.4554000      0.4562500    
  0.4132780      0.4132860      0.4154300      0.4196800      0.4196960      0.4240800      0.4284240      0.4285300      0.4285950      0.4304220      0.4340200      0.4341510      0.4342820      0.4346870      0.4352930      0.4361560      0.4416530      0.4461650      0.4470200      0.4488200      0.4514300      0.4524100      0.4533600      0.4543100      0.4552300      0.4561400      0.4570300      0.4579100      0.4587700      0.4596100    
  0.4132780      0.4154180      0.4196800      0.4196880      0.4240930      0.4284770      0.4285300      0.4285630      0.4303920      0.4340200      0.4340860      0.4341510      0.4343730      0.4347540      0.4353790      0.4433900      0.4465930      0.4470200      0.4526660      0.4548500      0.4554340      0.4558200      0.4567800      0.4577200      0.4586400      0.4595400      0.4604200      0.4612900      0.4621400      0.4629700    
  0.4154130      0.4196800      0.4196840      0.4240990      0.4285030      0.4285300      0.4285460      0.4303760      0.4340200      0.4340530      0.4340860      0.4342030      0.4344260      0.4444390      0.4518490      0.4572540      0.4572550      0.4579430      0.4588340      0.4599750      0.4582700      0.4592400      0.4601900      0.4611200      0.4620400      0.4629300      0.4638100      0.4646600      0.4655000      0.4663300    
  0.4196800      0.4196820      0.4241020      0.4285170      0.4285300      0.4285380      0.4303680      0.4340200      0.4340360      0.4340530      0.4341140      0.4342380      0.4519770      0.4733550      0.4732500      0.4670690      0.4679140      0.4674900      0.4637060      0.4616770      0.4616800      0.4626400      0.4635900      0.4645200      0.4654300      0.4663200      0.4671900      0.4680400      0.4688600      0.4696700    
  0.4196810      0.4241030      0.4285230      0.4285300      0.4285340      0.4303640      0.4340200      0.4340280      0.4340360      0.4340680      0.4533890      0.4822700      0.4764140      0.4734610      0.4734610      0.4732500      0.4698570      0.4683370      0.4674900      0.4656830      0.4650800      0.4660500      0.4669900      0.4679200      0.4688200      0.4697000      0.4705600      0.4714000      0.4722200      0.4730200    
  0.4241040      0.4285270      0.4285300      0.4285320      0.4303620      0.4340200      0.4340240      0.4340280      0.4340440      0.4572070      0.4822700      0.4822700      0.4822700      0.4765690      0.4736710      0.4736710      0.4732500      0.4703490      0.4691850      0.4674900      0.4684800      0.4694400      0.4703800      0.4713000      0.4722000      0.4730700      0.4739300      0.4747500      0.4755600      0.4763500    
  0.4285280      0.4285300      0.4285310      0.4303610      0.4340200      0.4340220      0.4340240      0.4499170      0.4654200      0.4822790      0.4822700      0.4822700      0.4822700      0.4822700      0.4768760      0.4740920      0.4740920      0.4732500      0.4714700      0.4708800      0.4718700      0.4728300      0.4737700      0.4746800      0.4755700      0.4764400      0.4772800      0.4781000      0.4789000      0.4796700    
  0.4285300      0.4285310      0.4303610      0.4340200      0.4340210      0.4602660      0.4996300      0.4986000      0.4975700      0.4873950      0.4822970      0.4822700      0.4822700      0.4822700      0.4822700      0.4774710      0.4749330      0.4749350      0.4732500      0.4742600      0.4752500      0.4762100      0.4771400      0.4780500      0.4789400      0.4798000      0.4806300      0.4814400      0.4822200      0.4829900    
  0.4285300      0.4303600      0.4340200      0.4340210      0.4655180      0.4996360      0.4996360      0.4996300      0.4986000      0.4975700      0.4874410      0.4823510      0.4822700      0.4822700      0.4822700      0.4822700      0.4785900      0.4766130      0.4766200      0.4776300      0.4786200      0.4795700      0.4805100      0.4814100      0.4822900      0.4831400      0.4839600      0.4847600      0.4855400      0.4862900    
