iMOD/TUTORIALS/TUT_MetaswapAnalyser/model_MetaSWAP/meteo/Evaporation/Evaporation_20051223_L1.ASC
NCOLS                30
NROWS                30
XLLCORNER     160000.00
YLLCORNER     340000.00
CELLSIZE        1000.00
NODATA_VALUE   -9999.00
  0.1097600      0.1103200      0.1108700      0.1114200      0.1119700      0.1125100      0.1130400      0.1135800      0.1141000      0.1146200      0.1151300      0.1156400      0.1161300      0.1166200      0.1171000      0.1175700      0.1180300      0.1184800      0.1189200      0.1193500      0.1197700      0.1201800      0.1205800      0.1209700      0.1213500      0.1217100      0.1220700      0.1224200      0.1227500      0.1230800    
  0.1091300      0.1096800      0.1102200      0.1107700      0.1113100      0.1118500      0.1123800      0.1129100      0.1134300      0.1139400      0.1144500      0.1149500      0.1154400      0.1159300      0.1164000      0.1168700      0.1173300      0.1177800      0.1182200      0.1186500      0.1190700      0.1194800      0.1198800      0.1202600      0.1206400      0.1210100      0.1213700      0.1217100      0.1220500      0.1223700    
  0.1084900      0.1090300      0.1095800      0.1101200      0.1106500      0.1111900      0.1117100      0.1122400      0.1127500      0.1132700      0.1137700      0.1142700      0.1147600      0.1152400      0.1157100      0.1161800      0.1166300      0.1170800      0.1175200      0.1179500      0.1183600      0.1187700      0.1191700      0.1195600      0.1199400      0.1203000      0.1206600      0.1210100      0.1213400      0.1216700    
  0.1078500      0.1084000      0.1089300      0.1094700      0.1100000      0.1105300      0.1110500      0.1115700      0.1120800      0.1125900      0.1130900      0.1135900      0.1140700      0.1145500      0.1150200      0.1154900      0.1159400      0.1163800      0.1168200      0.1172500      0.1176600      0.1180700      0.1184700      0.1188500      0.1192300      0.1196000      0.1199600      0.1203000      0.1206400      0.1209700    
  0.1072200      0.1077600      0.1082900      0.1088200      0.1093500      0.1098700      0.1103900      0.1109100      0.1114200      0.1119200      0.1124200      0.1129100      0.1133900      0.1138700      0.1143300      0.1147900      0.1152500      0.1156900      0.1161200      0.1165500      0.1169600      0.1173700      0.1177700      0.1181500      0.1185300      0.1189000      0.1192500      0.1196000      0.1199400      0.1202600    
  0.1065900      0.1071200      0.1076500      0.1081800      0.1087000      0.1092200      0.1097300      0.1102400      0.1107500      0.1112500      0.1117400      0.1122300      0.1127100      0.1131800      0.1136500      0.1141000      0.1145500      0.1149900      0.1154300      0.1158500      0.1162600      0.1166700      0.1170600      0.1174500      0.1178300      0.1181900      0.1185500      0.1189000      0.1192400      0.1195600    
  0.1059600      0.1064800      0.1070100      0.1075300      0.1080500      0.1085700      0.1090800      0.1095800      0.1100800      0.1105800      0.1110700      0.1115500      0.1120300      0.1125000      0.1129600      0.1134200      0.1138600      0.1143000      0.1147300      0.1151500      0.1155700      0.1159700      0.1163600      0.1167500      0.1171300      0.1174900      0.1178500      0.1182000      0.1185300      0.1188600    
  0.1053300      0.1058500      0.1063700      0.1068900      0.1074000      0.1079100      0.1084200      0.1089200      0.1094200      0.1099100      0.1104000      0.1108800      0.1113500      0.1118200      0.1122800      0.1127300      0.1131800      0.1136100      0.1140400      0.1144600      0.1148700      0.1152700      0.1156700      0.1160500      0.1164300      0.1167900      0.1171500      0.1175000      0.1178300      0.1181600    
  0.1047000      0.1052200      0.1057300      0.1062500      0.1067600      0.1072600      0.1077700      0.1082700      0.1087600      0.1092500      0.1097300      0.1102100      0.1106800      0.1111400      0.1116000      0.1120500      0.1124900      0.1129200      0.1133500      0.1137700      0.1141800      0.1145800      0.1149700      0.1153500      0.1157300      0.1160900      0.1164500      0.1168000      0.1171300      0.1174600    
  0.1040700      0.1045900      0.1051000      0.1056100      0.1061100      0.1066200      0.1071100      0.1076100      0.1081000      0.1085800      0.1090600      0.1095400      0.1100000      0.1104600      0.1109200      0.1113600      0.1118000      0.1122400      0.1126600      0.1130800      0.1134800      0.1138800      0.1142700      0.1146600      0.1150300      0.1153900      0.1157500      0.1161000      0.1164300      0.1167600    
  0.1040730      0.1045870      0.1050670      0.1049700      0.1054700      0.1059700      0.1064600      0.1069500      0.1074400      0.1079200      0.1084000      0.1088700      0.1093300      0.1097900      0.1102400      0.1106800      0.1111200      0.1115500      0.1119700      0.1123900      0.1127900      0.1131900      0.1135800      0.1139600      0.1143300      0.1147000      0.1150500      0.1154000      0.1157400      0.1160600    
  0.1040720      0.1046740      0.1049700      0.1048650      0.1048300      0.1053200      0.1058100      0.1063000      0.1067800      0.1072600      0.1077300      0.1082000      0.1086600      0.1091100      0.1095600      0.1100000      0.1104400      0.1108700      0.1112900      0.1117000      0.1121000      0.1125000      0.1128900      0.1132700      0.1136400      0.1140000      0.1143600      0.1147000      0.1150400      0.1153700    
  0.1043180      0.1049700      0.1046340      0.1045100      0.1041900      0.1046800      0.1051700      0.1056500      0.1061300      0.1066000      0.1070700      0.1075300      0.1079900      0.1084400      0.1088900      0.1093300      0.1097600      0.1101800      0.1106000      0.1110100      0.1114100      0.1118100      0.1121900      0.1125700      0.1129400      0.1133100      0.1136600      0.1140100      0.1143400      0.1146700    
  0.1049700      0.1045360      0.1043500      0.1041900      0.1043030      0.1040400      0.1045200      0.1050000      0.1054700      0.1059400      0.1064100      0.1068700      0.1073200      0.1077700      0.1082100      0.1086500      0.1090800      0.1095000      0.1099200      0.1103300      0.1107300      0.1111200      0.1115000      0.1118800      0.1122500      0.1126100      0.1129700      0.1133100      0.1136500      0.1139800    
  0.1044910      0.1042700      0.1041900      0.1041780      0.1040400      0.1041430      0.1038700      0.1043500      0.1048200      0.1052900      0.1057500      0.1062000      0.1066600      0.1071000      0.1075400      0.1079700      0.1084000      0.1088200      0.1092400      0.1096400      0.1100400      0.1104300      0.1108200      0.1111900      0.1115600      0.1119200      0.1122700      0.1126200      0.1129500      0.1132800    
  0.1042300      0.1041900      0.1041360      0.1040400      0.1040180      0.1038700      0.1041100      0.1043470      0.1047730      0.1046300      0.1050900      0.1055400      0.1059900      0.1064300      0.1068700      0.1073000      0.1077300      0.1081400      0.1085500      0.1089600      0.1093600      0.1097500      0.1101300      0.1105000      0.1108700      0.1112300      0.1115800      0.1119200      0.1122600      0.1125900    
  0.1041900      0.1041220      0.1040400      0.1039760      0.1038700      0.1039900      0.1041090      0.1044650      0.1046300      0.1048600      0.1048720      0.1048800      0.1053300      0.1057700      0.1062000      0.1066300      0.1070500      0.1074700      0.1078800      0.1082800      0.1086700      0.1090600      0.1094400      0.1098100      0.1101800      0.1105400      0.1108900      0.1112300      0.1115700      0.1118900    
  0.1041170      0.1040400      0.1039620      0.1038700      0.1039300      0.1039900      0.1042980      0.1046300      0.1047450      0.1046260      0.1045500      0.1042200      0.1046700      0.1051000      0.1055300      0.1059600      0.1063800      0.1067900      0.1072000      0.1076000      0.1079900      0.1083800      0.1087600      0.1091300      0.1094900      0.1098500      0.1102000      0.1105400      0.1108800      0.1112000    
  0.1040400      0.1039570      0.1038700      0.1039000      0.1039300      0.1042120      0.1046300      0.1046870      0.1045210      0.1043850      0.1042200      0.1044450      0.1046080      0.1044400      0.1048700      0.1052900      0.1057100      0.1061200      0.1065200      0.1069200      0.1073100      0.1077000      0.1080700      0.1084400      0.1088100      0.1091600      0.1095100      0.1098500      0.1101900      0.1105100    
  0.1039560      0.1038700      0.1038850      0.1039000      0.1041680      0.1046300      0.1046590      0.1044720      0.1043030      0.1042200      0.1043330      0.1044280      0.1044400      0.1046550      0.1048670      0.1052900      0.1057070      0.1061170      0.1062740      0.1062400      0.1066300      0.1070100      0.1073900      0.1077600      0.1081200      0.1084800      0.1088200      0.1091600      0.1095000      0.1098200    
  0.1038700      0.1038770      0.1038850      0.1041460      0.1046300      0.1046440      0.1044480      0.1042610      0.1042200      0.1042760      0.1043550      0.1044400      0.1045480      0.1046540      0.1049370      0.1052880      0.1057040      0.1059140      0.1059050      0.1055700      0.1059500      0.1063400      0.1067100      0.1070800      0.1074400      0.1077900      0.1081400      0.1084800      0.1088100      0.1091300    
  0.1038740      0.1038770      0.1041350      0.1046300      0.1046370      0.1044370      0.1042410      0.1042200      0.1042480      0.1043230      0.1044400      0.1044940      0.1045470      0.1047130      0.1049600      0.1053100      0.1056430      0.1057370      0.1055700      0.1056000      0.1052800      0.1056600      0.1060300      0.1064000      0.1067500      0.1071100      0.1074500      0.1077900      0.1081200      0.1084400    
  0.1038740      0.1041290      0.1046300      0.1046340      0.1044310      0.1042300      0.1042200      0.1042340      0.1043080      0.1044400      0.1044670      0.1044940      0.1045850      0.1047400      0.1049940      0.1050240      0.1056540      0.1055700      0.1048420      0.1046050      0.1048320      0.1049800      0.1053500      0.1057200      0.1060700      0.1064200      0.1067700      0.1071000      0.1074400      0.1077600    
  0.1041260      0.1046300      0.1046320      0.1044280      0.1042250      0.1042200      0.1042270      0.1043000      0.1044400      0.1044530      0.1044670      0.1045150      0.1046060      0.1035370      0.1032630      0.1035550      0.1035550      0.1036910      0.1038200      0.1035950      0.1039300      0.1043100      0.1046700      0.1050400      0.1053900      0.1057400      0.1060800      0.1064200      0.1067500      0.1070700    
  0.1046300      0.1046310      0.1044260      0.1042230      0.1042200      0.1042240      0.1042970      0.1044400      0.1044470      0.1044530      0.1044780      0.1045290      0.1024510      0.9980940E-01  0.9983000E-01  0.1014320      0.1014570      0.1015400      0.1026810      0.1032600      0.1032600      0.1036300      0.1040000      0.1043600      0.1047100      0.1050600      0.1054000      0.1057400      0.1060700      0.1063900    
  0.1046300      0.1044260      0.1042210      0.1042200      0.1042220      0.1042950      0.1044400      0.1044430      0.1044470      0.1044600      0.1016840      0.9748000E-01  0.9901590E-01  0.9978880E-01  0.9978880E-01  0.9983000E-01  0.1008860      0.1013750      0.1015400      0.1023280      0.1025900      0.1029600      0.1033200      0.1036800      0.1040400      0.1043800      0.1047200      0.1050600      0.1053800      0.1057000    
  0.1044250      0.1042210      0.1042200      0.1042210      0.1042940      0.1044400      0.1044420      0.1044430      0.1044500      0.1011100      0.9748000E-01  0.9748000E-01  0.9748000E-01  0.9898560E-01  0.9974750E-01  0.9974750E-01  0.9983000E-01  0.1007990      0.1012100      0.1015400      0.1019200      0.1022900      0.1026500      0.1030100      0.1033600      0.1037000      0.1040400      0.1043800      0.1047000      0.1050200    
  0.1042200      0.1042200      0.1042200      0.1042940      0.1044400      0.1044410      0.1044420      0.1017940      0.9959720E-01  0.9747820E-01  0.9748000E-01  0.9748000E-01  0.9748000E-01  0.9748000E-01  0.9892600E-01  0.9966500E-01  0.9966500E-01  0.9983000E-01  0.1006150      0.1008800      0.1012500      0.1016200      0.1019800      0.1023300      0.1026800      0.1030300      0.1033600      0.1037000      0.1040200      0.1043400    
  0.1042200      0.1042200      0.1042940      0.1044400      0.1044400      0.9979230E-01  0.9282000E-01  0.9333000E-01  0.9384000E-01  0.9626180E-01  0.9747460E-01  0.9748000E-01  0.9748000E-01  0.9748000E-01  0.9748000E-01  0.9881140E-01  0.9950000E-01  0.9950000E-01  0.9983000E-01  0.1002100      0.1005800      0.1009500      0.1013100      0.1016600      0.1020100      0.1023500      0.1026900      0.1030200      0.1033400      0.1036600    
  0.1042200      0.1042930      0.1044400      0.1044400      0.9886150E-01  0.9281880E-01  0.9281880E-01  0.9282000E-01  0.9333000E-01  0.9384000E-01  0.9625240E-01  0.9746380E-01  0.9748000E-01  0.9748000E-01  0.9748000E-01  0.9748000E-01  0.9860060E-01  0.9917000E-01  0.9917000E-01  0.9955000E-01  0.9991000E-01  0.1002800      0.1006400      0.1009900      0.1013400      0.1016800      0.1020100      0.1023400      0.1026600      0.1029800    
