iMOD/TUTORIALS/TUT_MetaswapAnalyser/model_MetaSWAP/meteo/Evaporation/Evaporation_20060902_L1.ASC
NCOLS                30
NROWS                30
XLLCORNER     160000.00
YLLCORNER     340000.00
CELLSIZE        1000.00
NODATA_VALUE   -9999.00
   1.732900       1.738450       1.744010       1.749580       1.755150       1.760730       1.766300       1.771870       1.777430       1.782980       1.788510       1.794030       1.799530       1.805000       1.810460       1.815880       1.821280       1.826650       1.831990       1.837290       1.842570       1.847810       1.853010       1.858180       1.863320       1.868420       1.873490       1.878520       1.883520       1.888480    
   1.739190       1.744750       1.750310       1.755890       1.761460       1.767040       1.772620       1.778190       1.783750       1.789300       1.794840       1.800360       1.805860       1.811330       1.816780       1.822210       1.827610       1.832980       1.838320       1.843630       1.848900       1.854140       1.859340       1.864520       1.869650       1.874750       1.879820       1.884850       1.889840       1.894800    
   1.745500       1.751070       1.756640       1.762220       1.767800       1.773380       1.778960       1.784540       1.790100       1.795650       1.801190       1.806710       1.812210       1.817690       1.823140       1.828570       1.833970       1.839340       1.844680       1.849980       1.855260       1.860490       1.865700       1.870870       1.876000       1.881100       1.886160       1.891190       1.896180       1.901140    
   1.751840       1.757410       1.762990       1.768570       1.774160       1.779750       1.785330       1.790910       1.796470       1.802030       1.807570       1.813090       1.818590       1.824070       1.829520       1.834950       1.840350       1.845720       1.851060       1.856360       1.861640       1.866870       1.872080       1.877240       1.882380       1.887470       1.892530       1.897560       1.902540       1.907500    
   1.758190       1.763770       1.769360       1.774950       1.780540       1.786130       1.791720       1.797300       1.802870       1.808420       1.813960       1.819490       1.824990       1.830470       1.835920       1.841350       1.846750       1.852120       1.857460       1.862760       1.868040       1.873270       1.878470       1.883640       1.888770       1.893860       1.898920       1.903940       1.908920       1.913870    
   1.764570       1.770150       1.775750       1.781340       1.786940       1.792540       1.798130       1.803710       1.809280       1.814840       1.820380       1.825910       1.831410       1.836890       1.842350       1.847780       1.853180       1.858550       1.863880       1.869190       1.874460       1.879690       1.884890       1.890050       1.895180       1.900270       1.905320       1.910330       1.915310       1.920250    
   1.770950       1.776550       1.782150       1.787760       1.793360       1.798960       1.804560       1.810140       1.815720       1.821280       1.826820       1.832350       1.837860       1.843340       1.848790       1.854220       1.859620       1.864990       1.870330       1.875630       1.880900       1.886130       1.891320       1.896480       1.901600       1.906690       1.911740       1.916750       1.921720       1.926650    
   1.777350       1.782960       1.788570       1.794180       1.799790       1.805400       1.811000       1.816590       1.822170       1.827730       1.833280       1.838810       1.844320       1.849800       1.855260       1.860680       1.866080       1.871450       1.876790       1.882090       1.887350       1.892580       1.897770       1.902930       1.908050       1.913130       1.918170       1.923170       1.928140       1.933070    
   1.783770       1.789380       1.795000       1.800620       1.806240       1.811850       1.817460       1.823050       1.828630       1.834200       1.839750       1.845280       1.850790       1.856280       1.861730       1.867160       1.872560       1.877930       1.883260       1.888560       1.893820       1.899050       1.904240       1.909390       1.914500       1.919580       1.924610       1.929610       1.934570       1.939490    
   1.790190       1.795820       1.801440       1.807070       1.812700       1.818310       1.823930       1.829530       1.835110       1.840690       1.846240       1.851770       1.857280       1.862770       1.868230       1.873660       1.879060       1.884420       1.889750       1.895050       1.900310       1.905530       1.910720       1.915870       1.920970       1.926040       1.931070       1.936060       1.941010       1.945920    
   1.790190       1.795820       1.804470       1.813530       1.819160       1.824790       1.830410       1.836010       1.841610       1.847180       1.852740       1.858280       1.863790       1.869280       1.874730       1.880160       1.885560       1.890930       1.896260       1.901550       1.906810       1.912030       1.917210       1.922350       1.927450       1.932520       1.937540       1.942520       1.947460       1.952360    
   1.790190       1.801000       1.813530       1.822610       1.825640       1.831270       1.836900       1.842510       1.848110       1.853690       1.859250       1.864790       1.870300       1.875790       1.881250       1.886680       1.892080       1.897440       1.902770       1.908070       1.913320       1.918540       1.923710       1.928850       1.933940       1.939000       1.944010       1.948990       1.953920       1.958810    
   1.797330       1.813530       1.824290       1.828880       1.832120       1.837760       1.843390       1.849010       1.854620       1.860200       1.865770       1.871310       1.876830       1.882320       1.887780       1.893210       1.898610       1.903970       1.909300       1.914590       1.919840       1.925050       1.930220       1.935350       1.940440       1.945490       1.950500       1.955460       1.960390       1.965270    
   1.813530       1.825110       1.830500       1.832120       1.838050       1.844260       1.849900       1.855520       1.861130       1.866720       1.872290       1.877840       1.883360       1.888850       1.894320       1.899750       1.905140       1.910510       1.915830       1.921120       1.926370       1.931580       1.936740       1.941870       1.946950       1.951990       1.956990       1.961940       1.966860       1.971730    
   1.825520       1.831310       1.832120       1.838140       1.844260       1.850190       1.856400       1.862030       1.867650       1.873250       1.878820       1.884370       1.889900       1.895390       1.900860       1.906290       1.911690       1.917050       1.922370       1.927660       1.932900       1.938110       1.943270       1.948390       1.953460       1.958490       1.963480       1.968430       1.973330       1.978190    
   1.831710       1.832120       1.838170       1.844260       1.850280       1.856400       1.859220       1.862030       1.870680       1.879770       1.885350       1.890910       1.896440       1.901940       1.907400       1.912840       1.918240       1.923600       1.928920       1.934200       1.939440       1.944640       1.949800       1.954910       1.959980       1.965000       1.969980       1.974920       1.979810       1.984660    
   1.832120       1.838180       1.844260       1.850310       1.856400       1.857810       1.859210       1.867920       1.879770       1.882560       1.891490       1.897450       1.902980       1.908480       1.913950       1.919390       1.924790       1.930150       1.935470       1.940750       1.945990       1.951180       1.956330       1.961440       1.966500       1.971510       1.976480       1.981410       1.986290       1.991130    
   1.838190       1.844260       1.850320       1.856400       1.857100       1.857810       1.866180       1.879770       1.881170       1.891710       1.900720       1.903990       1.909520       1.915030       1.920500       1.925940       1.931340       1.936700       1.942020       1.947300       1.952530       1.957720       1.962860       1.967960       1.973020       1.978020       1.982980       1.987900       1.992770       1.997590    
   1.844260       1.850330       1.856400       1.856750       1.857100       1.865210       1.879770       1.880470       1.891800       1.902350       1.903990       1.906750       1.912530       1.921580       1.927050       1.932490       1.937890       1.943250       1.948570       1.953840       1.959070       1.964260       1.969400       1.974490       1.979530       1.984530       1.989480       1.994380       1.999240       2.004050    
   1.850330       1.856400       1.856580       1.856750       1.864710       1.879770       1.880120       1.891840       1.903170       1.903990       1.905370       1.911210       1.921580       1.924310       1.927040       1.932480       1.937880       1.943240       1.954600       1.960390       1.965620       1.970800       1.975930       1.981010       1.986050       1.991040       1.995980       2.000870       2.005710       2.010510    
   1.856400       1.856490       1.856580       1.864450       1.879770       1.879940       1.891860       1.903580       1.903990       1.904680       1.910540       1.921580       1.922950       1.924310       1.927940       1.932460       1.937860       1.953260       1.963660       1.966930       1.972160       1.977330       1.982460       1.987540       1.992560       1.997540       2.002470       2.007350       2.012180       2.016960    
   1.856440       1.856490       1.864320       1.879770       1.879860       1.891870       1.903790       1.903990       1.904340       1.910200       1.921580       1.922260       1.922950       1.925070       1.928240       1.932760       1.951160       1.965300       1.966930       1.972590       1.978690       1.983860       1.988980       1.994050       1.999070       2.004040       2.008950       2.013820       2.018630       2.023400    
   1.856440       1.864260       1.879770       1.879810       1.891880       1.903890       1.903990       1.904160       1.910030       1.921580       1.921920       1.922260       1.923430       1.925420       1.928690       1.952950       1.966110       1.966930       1.979930       1.985210       1.988310       1.990380       1.995500       2.000560       2.005570       2.010520       2.015430       2.020280       2.025080       2.029840    
   1.864220       1.879770       1.879790       1.891880       1.903940       1.903990       1.904080       1.909940       1.921580       1.921750       1.921920       1.922540       1.923700       1.947800       1.968550       1.986470       1.986470       1.989350       1.992820       1.994990       1.991740       1.996900       2.002000       2.007060       2.012060       2.017000       2.021890       2.026730       2.031520       2.036260    
   1.879770       1.879780       1.891880       1.903960       1.903990       1.904030       1.909900       1.921580       1.921670       1.921750       1.922070       1.922720       1.964400       2.013870       2.013670       2.004100       2.006820       2.006010       2.001070       1.998240       1.998240       2.003400       2.008500       2.013540       2.018530       2.023470       2.028350       2.033170       2.037940       2.042660    
   1.879780       1.891880       1.903980       1.903990       1.904010       1.909870       1.921580       1.921620       1.921670       1.921830       1.964330       2.027550       2.018600       2.014070       2.014070       2.013670       2.009430       2.007630       2.006010       2.005050       2.004740       2.009890       2.014980       2.020020       2.025000       2.029920       2.034790       2.039600       2.044350       2.049060    
   1.891880       1.903980       1.903990       1.904000       1.909860       1.921580       1.921600       1.921620       1.921710       1.972580       2.027550       2.027550       2.027550       2.018890       2.014470       2.014470       2.013670       2.010420       2.009240       2.006010       2.011220       2.016360       2.021450       2.026480       2.031450       2.036360       2.041210       2.046010       2.050750       2.055430    
   1.903990       1.903990       1.904000       1.909860       1.921580       1.921590       1.921600       1.954600       1.988870       2.027570       2.027550       2.027550       2.027550       2.027550       2.019480       2.015270       2.015280       2.013670       2.012770       2.012480       2.017680       2.022820       2.027900       2.032920       2.037880       2.042780       2.047610       2.052390       2.057120       2.061790    
   1.903990       1.903990       1.909860       1.921580       1.921590       1.974610       2.054130       2.053810       2.053480       2.036240       2.027600       2.027550       2.027550       2.027550       2.027550       2.020630       2.016880       2.016880       2.013670       2.018920       2.024120       2.029260       2.034330       2.039340       2.044290       2.049180       2.054000       2.058760       2.063470       2.068120    
   1.903990       1.909850       1.921580       1.921580       1.985220       2.054140       2.054140       2.054130       2.053810       2.053480       2.036330       2.027710       2.027550       2.027550       2.027550       2.027550       2.022820       2.020080       2.020090       2.025350       2.030540       2.035680       2.040740       2.045740       2.050680       2.055550       2.060360       2.065110       2.069800       2.074430    
