iMOD/TUTORIALS/TUT_MetaswapAnalyser/model_MetaSWAP/meteo/Evaporation/Evaporation_20051010_L1.ASC
NCOLS                30
NROWS                30
XLLCORNER     160000.00
YLLCORNER     340000.00
CELLSIZE        1000.00
NODATA_VALUE   -9999.00
   1.902910       1.902750       1.902620       1.902500       1.902400       1.902330       1.902270       1.902230       1.902200       1.902200       1.902210       1.902230       1.902270       1.902330       1.902400       1.902490       1.902590       1.902700       1.902820       1.902960       1.903100       1.903260       1.903430       1.903610       1.903800       1.904000       1.904210       1.904420       1.904640       1.904870    
   1.904680       1.904520       1.904380       1.904250       1.904150       1.904070       1.904000       1.903960       1.903930       1.903920       1.903920       1.903940       1.903970       1.904020       1.904090       1.904170       1.904260       1.904360       1.904480       1.904610       1.904750       1.904900       1.905060       1.905230       1.905420       1.905610       1.905810       1.906010       1.906230       1.906450    
   1.906460       1.906290       1.906150       1.906020       1.905910       1.905820       1.905750       1.905700       1.905660       1.905640       1.905640       1.905660       1.905680       1.905730       1.905790       1.905860       1.905940       1.906040       1.906150       1.906270       1.906410       1.906550       1.906700       1.906870       1.907040       1.907230       1.907420       1.907620       1.907830       1.908040    
   1.908250       1.908080       1.907930       1.907800       1.907680       1.907590       1.907510       1.907450       1.907410       1.907390       1.907380       1.907380       1.907410       1.907440       1.907490       1.907560       1.907640       1.907730       1.907830       1.907950       1.908070       1.908210       1.908360       1.908520       1.908680       1.908860       1.909040       1.909240       1.909440       1.909650    
   1.910050       1.909880       1.909720       1.909580       1.909460       1.909360       1.909280       1.909220       1.909170       1.909140       1.909120       1.909120       1.909140       1.909170       1.909210       1.909270       1.909340       1.909430       1.909520       1.909630       1.909750       1.909880       1.910020       1.910170       1.910330       1.910500       1.910680       1.910870       1.911060       1.911260    
   1.911860       1.911680       1.911520       1.911380       1.911250       1.911150       1.911060       1.910990       1.910940       1.910900       1.910880       1.910870       1.910880       1.910910       1.910950       1.911000       1.911060       1.911140       1.911230       1.911330       1.911440       1.911560       1.911700       1.911840       1.911990       1.912160       1.912330       1.912510       1.912690       1.912880    
   1.913680       1.913500       1.913330       1.913180       1.913060       1.912940       1.912850       1.912780       1.912720       1.912670       1.912650       1.912630       1.912640       1.912650       1.912690       1.912730       1.912790       1.912860       1.912940       1.913040       1.913140       1.913260       1.913380       1.913520       1.913670       1.913820       1.913980       1.914150       1.914330       1.914520    
   1.915510       1.915320       1.915150       1.915000       1.914870       1.914750       1.914650       1.914570       1.914500       1.914460       1.914420       1.914400       1.914400       1.914410       1.914440       1.914480       1.914530       1.914590       1.914670       1.914750       1.914850       1.914960       1.915080       1.915210       1.915350       1.915490       1.915650       1.915810       1.915990       1.916160    
   1.917350       1.917160       1.916980       1.916820       1.916690       1.916560       1.916460       1.916370       1.916300       1.916250       1.916210       1.916180       1.916170       1.916180       1.916200       1.916230       1.916270       1.916330       1.916400       1.916480       1.916570       1.916670       1.916790       1.916910       1.917040       1.917180       1.917330       1.917480       1.917650       1.917820    
   1.919200       1.919000       1.918820       1.918660       1.918510       1.918390       1.918280       1.918190       1.918110       1.918050       1.918000       1.917970       1.917960       1.917960       1.917970       1.917990       1.918030       1.918080       1.918140       1.918220       1.918300       1.918400       1.918500       1.918620       1.918740       1.918870       1.919010       1.919160       1.919320       1.919480    
   1.919210       1.919010       1.919250       1.920500       1.920350       1.920220       1.920100       1.920010       1.919920       1.919860       1.919810       1.919770       1.919750       1.919740       1.919750       1.919770       1.919800       1.919840       1.919900       1.919960       1.920040       1.920130       1.920230       1.920330       1.920450       1.920580       1.920710       1.920850       1.921000       1.921160    
   1.919210       1.919490       1.920500       1.921770       1.922200       1.922060       1.921940       1.921840       1.921750       1.921680       1.921620       1.921580       1.921550       1.921540       1.921540       1.921550       1.921570       1.921610       1.921660       1.921720       1.921790       1.921870       1.921960       1.922060       1.922170       1.922290       1.922410       1.922550       1.922690       1.922840    
   1.919660       1.920500       1.922360       1.923130       1.924050       1.923910       1.923780       1.923670       1.923580       1.923500       1.923440       1.923390       1.923360       1.923340       1.923330       1.923340       1.923360       1.923390       1.923430       1.923480       1.923540       1.923620       1.923700       1.923800       1.923900       1.924010       1.924130       1.924260       1.924390       1.924530    
   1.920500       1.922630       1.923590       1.924050       1.924570       1.925760       1.925630       1.925520       1.925420       1.925340       1.925270       1.925220       1.925180       1.925150       1.925140       1.925140       1.925150       1.925170       1.925210       1.925250       1.925310       1.925380       1.925450       1.925540       1.925630       1.925740       1.925850       1.925970       1.926100       1.926230    
   1.922750       1.923820       1.924050       1.924790       1.925760       1.926290       1.927490       1.927370       1.927270       1.927180       1.927100       1.927050       1.927000       1.926970       1.926950       1.926940       1.926950       1.926960       1.926990       1.927030       1.927080       1.927140       1.927210       1.927290       1.927380       1.927480       1.927580       1.927690       1.927810       1.927940    
   1.923930       1.924050       1.924870       1.925760       1.926510       1.927490       1.927430       1.927380       1.927710       1.929030       1.928950       1.928880       1.928830       1.928790       1.928770       1.928760       1.928760       1.928770       1.928790       1.928820       1.928860       1.928920       1.928980       1.929050       1.929130       1.929220       1.929320       1.929430       1.929540       1.929660    
   1.924050       1.924890       1.925760       1.926590       1.927490       1.927460       1.927430       1.927890       1.929030       1.928990       1.930030       1.930730       1.930670       1.930630       1.930600       1.930580       1.930570       1.930570       1.930590       1.930620       1.930650       1.930700       1.930760       1.930820       1.930890       1.930980       1.931070       1.931160       1.931270       1.931380    
   1.924900       1.925760       1.926610       1.927490       1.927470       1.927460       1.927950       1.929030       1.929010       1.930460       1.931650       1.932580       1.932520       1.932470       1.932430       1.932410       1.932390       1.932390       1.932400       1.932420       1.932450       1.932490       1.932540       1.932600       1.932660       1.932740       1.932820       1.932910       1.933010       1.933120    
   1.925760       1.926620       1.927490       1.927480       1.927480       1.927980       1.929030       1.929020       1.930640       1.932120       1.932580       1.932550       1.932970       1.934310       1.934270       1.934240       1.934220       1.934210       1.934220       1.934230       1.934250       1.934290       1.934330       1.934380       1.934440       1.934510       1.934580       1.934670       1.934760       1.934860    
   1.926620       1.927490       1.927490       1.927480       1.927990       1.929030       1.929020       1.930720       1.932350       1.932580       1.932560       1.933100       1.934310       1.934290       1.934270       1.934240       1.934220       1.934220       1.935320       1.936050       1.936060       1.936090       1.936120       1.936170       1.936220       1.936280       1.936350       1.936430       1.936510       1.936600    
   1.927490       1.927490       1.927490       1.928000       1.929030       1.929030       1.930760       1.932460       1.932580       1.932570       1.933140       1.934310       1.934300       1.934290       1.934270       1.934250       1.934230       1.935720       1.936960       1.937870       1.937880       1.937900       1.937930       1.937960       1.938010       1.938060       1.938130       1.938200       1.938270       1.938360    
   1.927490       1.927490       1.928000       1.929030       1.929030       1.930780       1.932520       1.932580       1.932580       1.933150       1.934310       1.934300       1.934300       1.934290       1.934270       1.934250       1.935900       1.937420       1.937870       1.938480       1.939700       1.939720       1.939740       1.939770       1.939810       1.939850       1.939910       1.939970       1.940040       1.940120    
   1.927490       1.928000       1.929030       1.929030       1.930790       1.932550       1.932580       1.932580       1.933150       1.934310       1.934310       1.934310       1.934300       1.934290       1.934270       1.937090       1.937640       1.937870       1.940540       1.941530       1.941540       1.941540       1.941550       1.941580       1.941610       1.941650       1.941700       1.941750       1.941810       1.941880    
   1.928000       1.929030       1.929030       1.930800       1.932570       1.932580       1.932580       1.933160       1.934310       1.934310       1.934310       1.934300       1.934300       1.938890       1.941780       1.943400       1.943400       1.943500       1.943680       1.944290       1.943370       1.943370       1.943380       1.943390       1.943420       1.943450       1.943490       1.943540       1.943600       1.943660    
   1.929030       1.929030       1.930800       1.932570       1.932580       1.932580       1.933160       1.934310       1.934310       1.934310       1.934310       1.934300       1.942610       1.952760       1.952700       1.948920       1.949160       1.948930       1.946490       1.945210       1.945210       1.945200       1.945200       1.945210       1.945230       1.945260       1.945290       1.945330       1.945380       1.945440    
   1.929030       1.930800       1.932580       1.932580       1.932580       1.933160       1.934310       1.934310       1.934310       1.934310       1.943950       1.958410       1.954690       1.952820       1.952820       1.952700       1.950430       1.949400       1.948930       1.947520       1.947050       1.947040       1.947040       1.947040       1.947050       1.947070       1.947100       1.947130       1.947170       1.947220    
   1.930800       1.932580       1.932580       1.932580       1.933160       1.934310       1.934310       1.934310       1.934310       1.945880       1.958410       1.958410       1.958410       1.954780       1.952930       1.952930       1.952700       1.950690       1.949860       1.948930       1.948900       1.948880       1.948870       1.948870       1.948880       1.948890       1.948910       1.948940       1.948970       1.949010    
   1.932580       1.932580       1.932580       1.933160       1.934310       1.934310       1.934310       1.942730       1.950420       1.958420       1.958410       1.958410       1.958410       1.958410       1.954950       1.953170       1.953170       1.952700       1.951270       1.950790       1.950760       1.950730       1.950720       1.950710       1.950710       1.950710       1.950730       1.950750       1.950770       1.950810    
   1.932580       1.932580       1.933160       1.934310       1.934310       1.948600       1.970030       1.969020       1.968000       1.961620       1.958430       1.958410       1.958410       1.958410       1.958410       1.955280       1.953640       1.953640       1.952700       1.952660       1.952620       1.952590       1.952560       1.952550       1.952540       1.952540       1.952550       1.952560       1.952580       1.952610    
   1.932580       1.933160       1.934310       1.934310       1.951460       1.970030       1.970030       1.970030       1.969020       1.968000       1.961650       1.958460       1.958410       1.958410       1.958410       1.958410       1.955890       1.954580       1.954580       1.954530       1.954480       1.954440       1.954420       1.954390       1.954380       1.954370       1.954370       1.954380       1.954390       1.954410    
