iMOD/TUTORIALS/TUT_MetaswapAnalyser/model_MetaSWAP/meteo/Evaporation/Evaporation_20061121_L1.ASC
NCOLS                30
NROWS                30
XLLCORNER     160000.00
YLLCORNER     340000.00
CELLSIZE        1000.00
NODATA_VALUE   -9999.00
  0.4607300      0.4600300      0.4593300      0.4586200      0.4579100      0.4571900      0.4564600      0.4557300      0.4549900      0.4542500      0.4535100      0.4527600      0.4520000      0.4512400      0.4504800      0.4497100      0.4489400      0.4481600      0.4473800      0.4465900      0.4458000      0.4450100      0.4442200      0.4434200      0.4426200      0.4418200      0.4410100      0.4402000      0.4393900      0.4385800    
  0.4615000      0.4608000      0.4600900      0.4593700      0.4586500      0.4579200      0.4571900      0.4564500      0.4557100      0.4549700      0.4542200      0.4534600      0.4527000      0.4519300      0.4511700      0.4503900      0.4496100      0.4488300      0.4480500      0.4472600      0.4464700      0.4456700      0.4448700      0.4440700      0.4432700      0.4424700      0.4416600      0.4408500      0.4400400      0.4392300    
  0.4622600      0.4615500      0.4608300      0.4601100      0.4593800      0.4586500      0.4579100      0.4571700      0.4564200      0.4556700      0.4549100      0.4541500      0.4533900      0.4526200      0.4518400      0.4510600      0.4502800      0.4495000      0.4487100      0.4479200      0.4471200      0.4463200      0.4455200      0.4447200      0.4439100      0.4431100      0.4423000      0.4414800      0.4406700      0.4398600    
  0.4630100      0.4622900      0.4615600      0.4608300      0.4601000      0.4593600      0.4586200      0.4578700      0.4571200      0.4563600      0.4556000      0.4548300      0.4540600      0.4532900      0.4525100      0.4517300      0.4509400      0.4501500      0.4493600      0.4485600      0.4477700      0.4469700      0.4461600      0.4453600      0.4445500      0.4437400      0.4429300      0.4421100      0.4413000      0.4404800    
  0.4637400      0.4630100      0.4622800      0.4615500      0.4608100      0.4600600      0.4593100      0.4585600      0.4578000      0.4570400      0.4562700      0.4555000      0.4547300      0.4539500      0.4531700      0.4523800      0.4515900      0.4508000      0.4500000      0.4492000      0.4484000      0.4476000      0.4467900      0.4459800      0.4451700      0.4443600      0.4435500      0.4427300      0.4419100      0.4411000    
  0.4644600      0.4637300      0.4629900      0.4622500      0.4615100      0.4607600      0.4600000      0.4592400      0.4584800      0.4577100      0.4569400      0.4561600      0.4553800      0.4546000      0.4538100      0.4530200      0.4522300      0.4514300      0.4506300      0.4498300      0.4490300      0.4482200      0.4474100      0.4466000      0.4457900      0.4449700      0.4441600      0.4433400      0.4425200      0.4417000    
  0.4651800      0.4644400      0.4637000      0.4629500      0.4622000      0.4614400      0.4606800      0.4599100      0.4591400      0.4583700      0.4576000      0.4568100      0.4560300      0.4552400      0.4544500      0.4536600      0.4528600      0.4520600      0.4512600      0.4504500      0.4496500      0.4488400      0.4480200      0.4472100      0.4464000      0.4455800      0.4447600      0.4439400      0.4431200      0.4423000    
  0.4658800      0.4651400      0.4643900      0.4636300      0.4628700      0.4621100      0.4613500      0.4605800      0.4598000      0.4590200      0.4582400      0.4574600      0.4566700      0.4558800      0.4550800      0.4542800      0.4534800      0.4526800      0.4518700      0.4510600      0.4502500      0.4494400      0.4486300      0.4478100      0.4469900      0.4461800      0.4453600      0.4445400      0.4437200      0.4428900    
  0.4665800      0.4658200      0.4650700      0.4643100      0.4635400      0.4627800      0.4620000      0.4612300      0.4604500      0.4596700      0.4588800      0.4580900      0.4573000      0.4565000      0.4557000      0.4549000      0.4541000      0.4532900      0.4524800      0.4516700      0.4508500      0.4500400      0.4492200      0.4484000      0.4475900      0.4467700      0.4459400      0.4451200      0.4443000      0.4434800    
  0.4672600      0.4665000      0.4657400      0.4649700      0.4642000      0.4634300      0.4626500      0.4618700      0.4610900      0.4603000      0.4595100      0.4587100      0.4579200      0.4571200      0.4563100      0.4555100      0.4547000      0.4538900      0.4530800      0.4522600      0.4514500      0.4506300      0.4498100      0.4489900      0.4481700      0.4473500      0.4465200      0.4457000      0.4448800      0.4440500    
  0.4672570      0.4665000      0.4657100      0.4656300      0.4648500      0.4640800      0.4632900      0.4625100      0.4617200      0.4609200      0.4601300      0.4593300      0.4585300      0.4577200      0.4569200      0.4561100      0.4553000      0.4544800      0.4536700      0.4528500      0.4520300      0.4512100      0.4503900      0.4495700      0.4487400      0.4479200      0.4471000      0.4462700      0.4454500      0.4446200    
  0.4672560      0.4662740      0.4656300      0.4655280      0.4655000      0.4647100      0.4639200      0.4631300      0.4623400      0.4615400      0.4607400      0.4599400      0.4591300      0.4583200      0.4575100      0.4567000      0.4558900      0.4550700      0.4542500      0.4534300      0.4526100      0.4517900      0.4509600      0.4501400      0.4493100      0.4484900      0.4476600      0.4468300      0.4460100      0.4451800    
  0.4667920      0.4656300      0.4657760      0.4658150      0.4661300      0.4653400      0.4645500      0.4637500      0.4629500      0.4621500      0.4613500      0.4605400      0.4597300      0.4589200      0.4581000      0.4572800      0.4564700      0.4556500      0.4548200      0.4540000      0.4531800      0.4523500      0.4515300      0.4507000      0.4498700      0.4490500      0.4482200      0.4473900      0.4465600      0.4457400    
  0.4656300      0.4658770      0.4659720      0.4661300      0.4658100      0.4659600      0.4651600      0.4643600      0.4635600      0.4627500      0.4619400      0.4611300      0.4603200      0.4595000      0.4586800      0.4578600      0.4570400      0.4562200      0.4553900      0.4545700      0.4537400      0.4529100      0.4520800      0.4512600      0.4504300      0.4496000      0.4487700      0.4479400      0.4471100      0.4462800    
  0.4659220      0.4660510      0.4661300      0.4659670      0.4659600      0.4656300      0.4657700      0.4649700      0.4641600      0.4633500      0.4625300      0.4617200      0.4609000      0.4600800      0.4592600      0.4584300      0.4576100      0.4567800      0.4559500      0.4551200      0.4543000      0.4534700      0.4526400      0.4518100      0.4509700      0.4501400      0.4493100      0.4484800      0.4476500      0.4468200    
  0.4660910      0.4661300      0.4660190      0.4659600      0.4657870      0.4657700      0.4653700      0.4649670      0.4641030      0.4639300      0.4631200      0.4622900      0.4614700      0.4606500      0.4598200      0.4590000      0.4581700      0.4573400      0.4565100      0.4556800      0.4548400      0.4540100      0.4531800      0.4523500      0.4515200      0.4506800      0.4498500      0.4490200      0.4481900      0.4473600    
  0.4661300      0.4660360      0.4659600      0.4658390      0.4657700      0.4655700      0.4653690      0.4645920      0.4639300      0.4635250      0.4631280      0.4628700      0.4620400      0.4612100      0.4603800      0.4595500      0.4587200      0.4578900      0.4570500      0.4562200      0.4553900      0.4545500      0.4537200      0.4528800      0.4520500      0.4512200      0.4503800      0.4495500      0.4487200      0.4478900    
  0.4660420      0.4659600      0.4658560      0.4657700      0.4656700      0.4655700      0.4648650      0.4639300      0.4637280      0.4634330      0.4631500      0.4634300      0.4626000      0.4617700      0.4609400      0.4601000      0.4592700      0.4584300      0.4576000      0.4567600      0.4559200      0.4550900      0.4542500      0.4534100      0.4525800      0.4517400      0.4509100      0.4500800      0.4492400      0.4484100    
  0.4659600      0.4658620      0.4657700      0.4657200      0.4656700      0.4650090      0.4639300      0.4638290      0.4635620      0.4632900      0.4634300      0.4630150      0.4625300      0.4623200      0.4614800      0.4606500      0.4598100      0.4589700      0.4581300      0.4572900      0.4564500      0.4556200      0.4547800      0.4539400      0.4531000      0.4522700      0.4514300      0.4506000      0.4497600      0.4489300    
  0.4658640      0.4657700      0.4657450      0.4657200      0.4650820      0.4639300      0.4638790      0.4636220      0.4633600      0.4634300      0.4632230      0.4628240      0.4623200      0.4619000      0.4614830      0.4606470      0.4598100      0.4589700      0.4581100      0.4578200      0.4569800      0.4561400      0.4553000      0.4544600      0.4536200      0.4527800      0.4519400      0.4511100      0.4502700      0.4494400    
  0.4657700      0.4657570      0.4657450      0.4651190      0.4639300      0.4639050      0.4636510      0.4633950      0.4634300      0.4633260      0.4629490      0.4623200      0.4621100      0.4619010      0.4613430      0.4606470      0.4598090      0.4586620      0.4580800      0.4583400      0.4575000      0.4566500      0.4558100      0.4549700      0.4541300      0.4532900      0.4524500      0.4516200      0.4507800      0.4499500    
  0.4657640      0.4657570      0.4651380      0.4639300      0.4639170      0.4636660      0.4634120      0.4634300      0.4633780      0.4630060      0.4623200      0.4622150      0.4621100      0.4617850      0.4612970      0.4606000      0.4591340      0.4582100      0.4583400      0.4579500      0.4580100      0.4571700      0.4563200      0.4554800      0.4546400      0.4538000      0.4529600      0.4521200      0.4512900      0.4504500    
  0.4657640      0.4651470      0.4639300      0.4639240      0.4636730      0.4634210      0.4634300      0.4634040      0.4630340      0.4623200      0.4622680      0.4622150      0.4620370      0.4617310      0.4612270      0.4598320      0.4582750      0.4583400      0.4585190      0.4585150      0.4580100      0.4576700      0.4568300      0.4559800      0.4551400      0.4543000      0.4534600      0.4526200      0.4517800      0.4509500    
  0.4651520      0.4639300      0.4639270      0.4636760      0.4634260      0.4634300      0.4634170      0.4630470      0.4623200      0.4622940      0.4622680      0.4621730      0.4619940      0.4620510      0.4612480      0.4598540      0.4598550      0.4594920      0.4591020      0.4592700      0.4590200      0.4581800      0.4573300      0.4564800      0.4556400      0.4548000      0.4539500      0.4531200      0.4522800      0.4514400    
  0.4639300      0.4639280      0.4636780      0.4634280      0.4634300      0.4634230      0.4630530      0.4623200      0.4623070      0.4622940      0.4622450      0.4621450      0.4625370      0.4632250      0.4632100      0.4616350      0.4614310      0.4613700      0.4601290      0.4595200      0.4595200      0.4586700      0.4578200      0.4569800      0.4561300      0.4552900      0.4544500      0.4536100      0.4527700      0.4519300    
  0.4639290      0.4636790      0.4634290      0.4634300      0.4634270      0.4630570      0.4623200      0.4623130      0.4623070      0.4622820      0.4635490      0.4655300      0.4640060      0.4632400      0.4632400      0.4632100      0.4620420      0.4614920      0.4613700      0.4603550      0.4600200      0.4591700      0.4583200      0.4574700      0.4566200      0.4557800      0.4549300      0.4540900      0.4532500      0.4524200    
  0.4636800      0.4634290      0.4634300      0.4634280      0.4630580      0.4623200      0.4623170      0.4623130      0.4623010      0.4638400      0.4655300      0.4655300      0.4655300      0.4640280      0.4632700      0.4632700      0.4632100      0.4620970      0.4616150      0.4613700      0.4605100      0.4596600      0.4588000      0.4579500      0.4571100      0.4562600      0.4554200      0.4545800      0.4537400      0.4529000    
  0.4634300      0.4634300      0.4634290      0.4630590      0.4623200      0.4623180      0.4623170      0.4639330      0.4649010      0.4655310      0.4655300      0.4655300      0.4655300      0.4655300      0.4640710      0.4633300      0.4633300      0.4632100      0.4621950      0.4618600      0.4610000      0.4601400      0.4592900      0.4584400      0.4575900      0.4567400      0.4559000      0.4550500      0.4542200      0.4533800    
  0.4634300      0.4634300      0.4630600      0.4623200      0.4623190      0.4654630      0.4701800      0.4694900      0.4688000      0.4666240      0.4655340      0.4655300      0.4655300      0.4655300      0.4655300      0.4641520      0.4634510      0.4634500      0.4632100      0.4623400      0.4614800      0.4606200      0.4597700      0.4589200      0.4580600      0.4572200      0.4563700      0.4555300      0.4546900      0.4538500    
  0.4634300      0.4630600      0.4623200      0.4623200      0.4660930      0.4701810      0.4701810      0.4701800      0.4694900      0.4688000      0.4666300      0.4655420      0.4655300      0.4655300      0.4655300      0.4655300      0.4642970      0.4636930      0.4636900      0.4628300      0.4619600      0.4611000      0.4602500      0.4593900      0.4585400      0.4576900      0.4568500      0.4560000      0.4551600      0.4543300    
