iMOD/TUTORIALS/TUT_MetaswapAnalyser/model_MetaSWAP/meteo/Evaporation/Evaporation_20060401_L1.ASC
NCOLS                30
NROWS                30
XLLCORNER     160000.00
YLLCORNER     340000.00
CELLSIZE        1000.00
NODATA_VALUE   -9999.00
   1.485070       1.478480       1.471920       1.465370       1.458850       1.452360       1.445890       1.439450       1.433050       1.426670       1.420330       1.414020       1.407740       1.401500       1.395300       1.389140       1.383010       1.376920       1.370880       1.364870       1.358900       1.352970       1.347070       1.341220       1.335410       1.329630       1.323890       1.318190       1.312520       1.306890    
   1.481560       1.474990       1.468440       1.461910       1.455400       1.448930       1.442470       1.436050       1.429660       1.423290       1.416960       1.410670       1.404400       1.398180       1.391990       1.385830       1.379720       1.373640       1.367600       1.361590       1.355630       1.349710       1.343820       1.337970       1.332160       1.326390       1.320650       1.314950       1.309280       1.303650    
   1.478050       1.471500       1.464960       1.458450       1.451960       1.445500       1.439060       1.432650       1.426270       1.419920       1.413600       1.407320       1.401070       1.394850       1.388670       1.382530       1.376420       1.370350       1.364320       1.358320       1.352360       1.346450       1.340560       1.334720       1.328910       1.323140       1.317410       1.311710       1.306050       1.300420    
   1.474550       1.468010       1.461490       1.454990       1.448520       1.442070       1.435650       1.429250       1.422880       1.416550       1.410240       1.403970       1.397730       1.391530       1.385360       1.379220       1.373120       1.367060       1.361040       1.355050       1.349100       1.343190       1.337310       1.331470       1.325670       1.319900       1.314170       1.308470       1.302810       1.297190    
   1.471060       1.464530       1.458020       1.451540       1.445080       1.438640       1.432240       1.425850       1.419500       1.413180       1.406890       1.400620       1.394400       1.388200       1.382040       1.375920       1.369830       1.363780       1.357760       1.351780       1.345830       1.339930       1.334060       1.328220       1.322420       1.316660       1.310930       1.305240       1.299580       1.293960    
   1.467570       1.461060       1.454560       1.448090       1.441650       1.435220       1.428830       1.422460       1.416120       1.409810       1.403530       1.397280       1.391060       1.384880       1.378730       1.372610       1.366530       1.360490       1.354480       1.348510       1.342570       1.336670       1.330800       1.324970       1.319180       1.313420       1.307700       1.302010       1.296350       1.290730    
   1.464090       1.457590       1.451110       1.444650       1.438220       1.431810       1.425430       1.419070       1.412740       1.406440       1.400180       1.393940       1.387730       1.381560       1.375420       1.369310       1.363240       1.357200       1.351200       1.345240       1.339300       1.333410       1.327550       1.321730       1.315940       1.310180       1.304460       1.298780       1.293120       1.287510    
   1.460610       1.454120       1.447660       1.441210       1.434790       1.428400       1.422030       1.415680       1.409370       1.403080       1.396820       1.390600       1.384400       1.378240       1.372110       1.366010       1.359950       1.353920       1.347930       1.341970       1.336040       1.330150       1.324300       1.318480       1.312700       1.306950       1.301230       1.295550       1.289900       1.284280    
   1.457140       1.450670       1.444210       1.437780       1.431370       1.424990       1.418630       1.412300       1.406000       1.399720       1.393480       1.387260       1.381070       1.374920       1.368800       1.362710       1.356660       1.350640       1.344650       1.338700       1.332780       1.326900       1.321050       1.315240       1.309460       1.303710       1.298000       1.292320       1.286680       1.281060    
   1.453680       1.447220       1.440780       1.434360       1.427960       1.421590       1.415240       1.408920       1.402630       1.396370       1.390130       1.383920       1.377750       1.371610       1.365490       1.359420       1.353370       1.347360       1.341380       1.335430       1.329520       1.323650       1.317800       1.311990       1.306220       1.300480       1.294770       1.289100       1.283460       1.277850    
   1.453690       1.447230       1.438330       1.430940       1.424550       1.418190       1.411860       1.405550       1.399270       1.393010       1.386790       1.380590       1.374430       1.368290       1.362190       1.356120       1.350080       1.344080       1.338110       1.332170       1.326260       1.320390       1.314560       1.308760       1.302990       1.297250       1.291550       1.285880       1.280240       1.274630    
   1.453700       1.442550       1.430940       1.423600       1.421150       1.414800       1.408480       1.402180       1.395910       1.389670       1.383450       1.377270       1.371110       1.364990       1.358890       1.352830       1.346800       1.340800       1.334840       1.328910       1.323010       1.317150       1.311320       1.305520       1.299750       1.294020       1.288330       1.282660       1.277030       1.271420    
   1.446840       1.430940       1.422940       1.419460       1.417760       1.411420       1.405110       1.398820       1.392560       1.386330       1.380120       1.373940       1.367800       1.361680       1.355600       1.349540       1.343520       1.337530       1.331570       1.325650       1.319760       1.313900       1.308080       1.302280       1.296530       1.290800       1.285110       1.279450       1.273820       1.268220    
   1.430940       1.422560       1.418610       1.417760       1.412410       1.408040       1.401740       1.395460       1.389210       1.382990       1.376790       1.370620       1.364490       1.358380       1.352300       1.346260       1.340240       1.334260       1.328310       1.322390       1.316510       1.310660       1.304840       1.299050       1.293300       1.287580       1.281890       1.276230       1.270610       1.265010    
   1.422360       1.418180       1.417760       1.412740       1.408040       1.402720       1.398380       1.392110       1.385870       1.379660       1.373470       1.367310       1.361180       1.355080       1.349010       1.342980       1.336970       1.330990       1.325050       1.319140       1.313260       1.307420       1.301610       1.295830       1.290080       1.284360       1.278680       1.273030       1.267410       1.261810    
   1.417970       1.417760       1.412850       1.408040       1.403050       1.398380       1.395250       1.392120       1.383490       1.376330       1.370150       1.364000       1.357880       1.351790       1.345730       1.339700       1.333700       1.327730       1.321800       1.315890       1.310020       1.304180       1.298380       1.292600       1.286860       1.281150       1.275470       1.269820       1.264210       1.258620    
   1.417760       1.412880       1.408040       1.403160       1.398380       1.396810       1.395250       1.386800       1.376330       1.373240       1.365720       1.360700       1.354590       1.348500       1.342450       1.336430       1.330440       1.324480       1.318550       1.312650       1.306780       1.300950       1.295150       1.289380       1.283640       1.277940       1.272270       1.266620       1.261010       1.255430    
   1.412890       1.408040       1.403190       1.398380       1.397600       1.396810       1.388800       1.376330       1.374780       1.366350       1.359050       1.357400       1.351300       1.345220       1.339180       1.333160       1.327180       1.321220       1.315300       1.309410       1.303550       1.297720       1.291930       1.286170       1.280430       1.274740       1.269070       1.263430       1.257820       1.252250    
   1.408040       1.403200       1.398380       1.397990       1.397600       1.389880       1.376330       1.375560       1.366620       1.358220       1.357400       1.354350       1.348970       1.341950       1.335910       1.329900       1.323920       1.317980       1.312060       1.306180       1.300320       1.294500       1.288710       1.282960       1.277230       1.271540       1.265870       1.260240       1.254640       1.249070    
   1.403210       1.398380       1.398180       1.397990       1.390450       1.376330       1.375940       1.366740       1.357810       1.357400       1.355880       1.350670       1.341950       1.338930       1.335920       1.329910       1.323930       1.317990       1.307780       1.302950       1.297100       1.291280       1.285500       1.279750       1.274030       1.268340       1.262680       1.257060       1.251460       1.245890    
   1.398380       1.398280       1.398180       1.390740       1.376330       1.376140       1.366800       1.357610       1.357400       1.356640       1.351470       1.341950       1.340440       1.338930       1.334920       1.329920       1.323940       1.310150       1.301340       1.299720       1.293880       1.288070       1.282290       1.276550       1.270830       1.265150       1.259500       1.253880       1.248280       1.242720    
   1.398330       1.398280       1.390880       1.376330       1.376230       1.366830       1.357500       1.357400       1.357020       1.351870       1.341950       1.341200       1.340440       1.338100       1.334590       1.329590       1.312850       1.300530       1.299720       1.294760       1.290670       1.284870       1.279090       1.273350       1.267650       1.261970       1.256320       1.250700       1.245120       1.239560    
   1.398330       1.390960       1.376330       1.376280       1.366850       1.357450       1.357400       1.357210       1.352060       1.341950       1.341570       1.341200       1.339910       1.337710       1.334090       1.313460       1.300120       1.299720       1.291150       1.287470       1.283990       1.281670       1.275900       1.270170       1.264460       1.258790       1.253150       1.247540       1.241960       1.236400    
   1.390990       1.376330       1.376310       1.366860       1.357430       1.357400       1.357300       1.352150       1.341950       1.341760       1.341570       1.340890       1.339610       1.322930       1.306320       1.290120       1.290120       1.287170       1.283730       1.282670       1.284260       1.278470       1.272710       1.266980       1.261290       1.255620       1.249980       1.244380       1.238800       1.233250    
   1.376330       1.376320       1.366860       1.357410       1.357400       1.357350       1.352200       1.341950       1.341860       1.341760       1.341410       1.340690       1.312630       1.279900       1.280000       1.282540       1.280120       1.280520       1.280700       1.281070       1.281070       1.275290       1.269530       1.263810       1.258120       1.252450       1.246820       1.241220       1.235650       1.230110    
   1.376320       1.366860       1.357410       1.357400       1.357380       1.352230       1.341950       1.341900       1.341860       1.341680       1.315330       1.276390       1.278650       1.279800       1.279800       1.280000       1.279900       1.279720       1.280520       1.278550       1.277890       1.272110       1.266360       1.260640       1.254950       1.249300       1.243670       1.238080       1.232510       1.226980    
   1.366860       1.357400       1.357400       1.357390       1.352240       1.341950       1.341930       1.341900       1.341810       1.310330       1.276390       1.276390       1.276390       1.278500       1.279610       1.279600       1.280000       1.279360       1.278930       1.280520       1.274710       1.268930       1.263190       1.257480       1.251800       1.246150       1.240530       1.234940       1.229380       1.223850    
   1.357400       1.357400       1.357390       1.352240       1.341950       1.341940       1.341930       1.323080       1.301710       1.276380       1.276390       1.276390       1.276390       1.276390       1.278210       1.279210       1.279210       1.280000       1.278010       1.277340       1.271540       1.265770       1.260030       1.254330       1.248650       1.243010       1.237390       1.231810       1.226260       1.220730    
   1.357400       1.357400       1.352250       1.341950       1.341940       1.312960       1.269500       1.268090       1.266690       1.273130       1.276360       1.276390       1.276390       1.276390       1.276390       1.277630       1.278420       1.278420       1.280000       1.274180       1.268380       1.262620       1.256880       1.251180       1.245510       1.239880       1.234270       1.228690       1.223140       1.217620    
   1.357400       1.352250       1.341950       1.341950       1.307170       1.269490       1.269490       1.269500       1.268090       1.266690       1.273090       1.276310       1.276390       1.276390       1.276390       1.276390       1.276510       1.276840       1.276840       1.271020       1.265230       1.259470       1.253740       1.248050       1.242380       1.236750       1.231150       1.225580       1.220040       1.214530    
