iMOD/TUTORIALS/TUT_MetaswapAnalyser/model_MetaSWAP/meteo/Evaporation/Evaporation_20060520_L1.ASC
NCOLS                30
NROWS                30
XLLCORNER     160000.00
YLLCORNER     340000.00
CELLSIZE        1000.00
NODATA_VALUE   -9999.00
   1.349200       1.345550       1.341890       1.338230       1.334570       1.330890       1.327200       1.323490       1.319770       1.316020       1.312250       1.308450       1.304630       1.300770       1.296880       1.292960       1.289000       1.285000       1.280970       1.276890       1.272770       1.268610       1.264400       1.260150       1.255860       1.251510       1.247130       1.242690       1.238210       1.233680    
   1.349800       1.346150       1.342500       1.338850       1.335180       1.331510       1.327820       1.324120       1.320400       1.316650       1.312890       1.309090       1.305270       1.301420       1.297530       1.293610       1.289660       1.285660       1.281630       1.277550       1.273430       1.269270       1.265070       1.260820       1.256520       1.252180       1.247790       1.243350       1.238870       1.234330    
   1.350440       1.346790       1.343140       1.339490       1.335830       1.332160       1.328480       1.324780       1.321060       1.317320       1.313560       1.309760       1.305950       1.302100       1.298210       1.294290       1.290340       1.286350       1.282310       1.278240       1.274120       1.269960       1.265760       1.261500       1.257210       1.252860       1.248470       1.244030       1.239550       1.235010    
   1.351110       1.347470       1.343820       1.340170       1.336510       1.332850       1.329170       1.325470       1.321750       1.318020       1.314260       1.310470       1.306650       1.302800       1.298920       1.295010       1.291050       1.287060       1.283030       1.278950       1.274840       1.270680       1.266470       1.262220       1.257920       1.253570       1.249180       1.244740       1.240250       1.235710    
   1.351820       1.348180       1.344530       1.340880       1.337230       1.333560       1.329890       1.326190       1.322480       1.318740       1.314990       1.311200       1.307390       1.303540       1.299660       1.295740       1.291790       1.287800       1.283770       1.279690       1.275580       1.271420       1.267210       1.262950       1.258650       1.254310       1.249910       1.245460       1.240970       1.236430    
   1.352560       1.348910       1.345270       1.341630       1.337980       1.334310       1.330640       1.326950       1.323230       1.319500       1.315740       1.311960       1.308150       1.304300       1.300420       1.296510       1.292560       1.288570       1.284540       1.280460       1.276340       1.272180       1.267970       1.263720       1.259410       1.255060       1.250660       1.246210       1.241710       1.237170    
   1.353320       1.349680       1.346040       1.342400       1.338750       1.335090       1.331420       1.327730       1.324020       1.320290       1.316530       1.312750       1.308940       1.305090       1.301220       1.297300       1.293350       1.289360       1.285330       1.281250       1.277130       1.272970       1.268760       1.264500       1.260190       1.255840       1.251430       1.246980       1.242470       1.237920    
   1.354120       1.350480       1.346840       1.343200       1.339550       1.335890       1.332220       1.328530       1.324830       1.321100       1.317340       1.313560       1.309750       1.305910       1.302030       1.298120       1.294170       1.290180       1.286140       1.282070       1.277940       1.273780       1.269560       1.265300       1.260990       1.256630       1.252220       1.247760       1.243250       1.238690    
   1.354940       1.351300       1.347670       1.344030       1.340380       1.336720       1.333050       1.329370       1.325660       1.321940       1.318180       1.314400       1.310590       1.306750       1.302870       1.298960       1.295010       1.291020       1.286980       1.282900       1.278780       1.274610       1.270390       1.266120       1.261810       1.257440       1.253030       1.248560       1.244050       1.239480    
   1.355790       1.352150       1.348520       1.344880       1.341240       1.337580       1.333910       1.330230       1.326520       1.322800       1.319050       1.315270       1.311460       1.307620       1.303740       1.299820       1.295870       1.291880       1.287840       1.283760       1.279630       1.275460       1.271240       1.266970       1.262650       1.258280       1.253850       1.249380       1.244860       1.240280    
   1.355790       1.352150       1.347830       1.345760       1.342110       1.338460       1.334790       1.331110       1.327410       1.323680       1.319930       1.316150       1.312340       1.308500       1.304620       1.300710       1.296760       1.292760       1.288720       1.284640       1.280510       1.276330       1.272100       1.267830       1.263500       1.259120       1.254700       1.250220       1.245680       1.241100    
   1.355790       1.350380       1.345760       1.343700       1.343010       1.339360       1.335690       1.332010       1.328310       1.324590       1.320840       1.317060       1.313250       1.309410       1.305530       1.301610       1.297660       1.293660       1.289620       1.285530       1.281400       1.277220       1.272990       1.268700       1.264370       1.259990       1.255550       1.251060       1.246520       1.241930    
   1.352840       1.345760       1.344220       1.343470       1.343930       1.340280       1.336610       1.332930       1.329230       1.325510       1.321760       1.317980       1.314180       1.310330       1.306460       1.302540       1.298580       1.294580       1.290540       1.286450       1.282310       1.278120       1.273880       1.269600       1.265260       1.260870       1.256420       1.251930       1.247380       1.242770    
   1.345760       1.344400       1.343700       1.343930       1.341810       1.341220       1.337550       1.333870       1.330180       1.326450       1.322700       1.318930       1.315120       1.311280       1.307400       1.303480       1.299520       1.295520       1.291470       1.287380       1.283230       1.279040       1.274800       1.270510       1.266160       1.261760       1.257310       1.252800       1.248240       1.243630    
   1.344480       1.343810       1.343930       1.342320       1.341220       1.339090       1.338510       1.334830       1.331130       1.327410       1.323660       1.319890       1.316080       1.312240       1.308360       1.304440       1.300480       1.296470       1.292420       1.288320       1.284170       1.279980       1.275730       1.271430       1.267070       1.262660       1.258200       1.253690       1.249110       1.244490    
   1.343870       1.343930       1.342490       1.341220       1.339610       1.338510       1.336670       1.334820       1.330440       1.328390       1.324640       1.320860       1.317050       1.313210       1.309330       1.305410       1.301440       1.297440       1.293380       1.289280       1.285130       1.280920       1.276670       1.272360       1.268000       1.263580       1.259110       1.254580       1.250000       1.245360    
   1.343930       1.342550       1.341220       1.339780       1.338510       1.337590       1.336670       1.332580       1.328390       1.326510       1.323720       1.321850       1.318040       1.314200       1.310320       1.306390       1.302430       1.298420       1.294360       1.290250       1.286090       1.281880       1.277620       1.273300       1.268930       1.264500       1.260020       1.255480       1.250890       1.246240    
   1.342570       1.341220       1.339840       1.338510       1.338050       1.337590       1.333810       1.328390       1.327450       1.324760       1.322350       1.322850       1.319040       1.315200       1.311310       1.307390       1.303420       1.299410       1.295340       1.291230       1.287070       1.282850       1.278580       1.274260       1.269880       1.265440       1.260940       1.256390       1.251790       1.247120    
   1.341220       1.339860       1.338510       1.338280       1.338050       1.334460       1.328390       1.327920       1.325210       1.322600       1.322850       1.320950       1.318330       1.316210       1.312320       1.308400       1.304420       1.300410       1.296340       1.292220       1.288050       1.283830       1.279550       1.275220       1.270830       1.266380       1.261870       1.257310       1.252690       1.248010    
   1.339860       1.338510       1.338390       1.338280       1.334790       1.328390       1.328160       1.325420       1.322730       1.322850       1.321900       1.319580       1.316210       1.314270       1.312310       1.308380       1.304410       1.300390       1.295280       1.293220       1.289050       1.284820       1.280530       1.276190       1.271780       1.267330       1.262810       1.258230       1.253600       1.248900    
   1.338510       1.338450       1.338390       1.334960       1.328390       1.328270       1.325520       1.322790       1.322850       1.322370       1.320130       1.316210       1.315240       1.314260       1.311650       1.308370       1.304390       1.297610       1.293730       1.294230       1.290040       1.285810       1.281510       1.277160       1.272750       1.268280       1.263740       1.259150       1.254510       1.249800    
   1.338480       1.338450       1.335050       1.328390       1.328330       1.325570       1.322820       1.322850       1.322610       1.320390       1.316210       1.315720       1.315240       1.313720       1.311430       1.308140       1.299720       1.293980       1.294230       1.291770       1.291050       1.286800       1.282500       1.278130       1.273710       1.269230       1.264680       1.260080       1.255420       1.250690    
   1.338480       1.335090       1.328390       1.328360       1.325600       1.322830       1.322850       1.322730       1.320520       1.316210       1.315970       1.315720       1.314890       1.313460       1.311090       1.302130       1.294100       1.294230       1.292910       1.292050       1.289500       1.287800       1.283490       1.279110       1.274680       1.270180       1.265620       1.261000       1.256320       1.251580    
   1.335120       1.328390       1.328380       1.325610       1.322840       1.322850       1.322790       1.320580       1.316210       1.316090       1.315970       1.315530       1.314690       1.311480       1.305340       1.297260       1.297260       1.295350       1.293230       1.293570       1.293060       1.288800       1.284470       1.280090       1.275640       1.271130       1.266560       1.261930       1.257230       1.252470    
   1.328390       1.328380       1.325610       1.322850       1.322850       1.322820       1.320610       1.316210       1.316150       1.316090       1.315860       1.315400       1.310940       1.306490       1.306460       1.301650       1.300420       1.300290       1.296070       1.294070       1.294070       1.289800       1.285460       1.281070       1.276610       1.272080       1.267500       1.262840       1.258130       1.253350    
   1.328390       1.325620       1.322850       1.322850       1.322840       1.320620       1.316210       1.316180       1.316150       1.316030       1.314860       1.313490       1.308850       1.306520       1.306520       1.306460       1.302450       1.300540       1.300290       1.296380       1.295070       1.290790       1.286450       1.282040       1.277570       1.273030       1.268420       1.263760       1.259020       1.254230    
   1.325620       1.322850       1.322850       1.322840       1.320630       1.316210       1.316190       1.316180       1.316120       1.314810       1.313490       1.313490       1.313490       1.308890       1.306580       1.306580       1.306460       1.302530       1.300790       1.300290       1.296070       1.291780       1.287430       1.283010       1.278520       1.273970       1.269350       1.264660       1.259910       1.255100    
   1.322850       1.322850       1.322850       1.320630       1.316210       1.316200       1.316190       1.317620       1.316490       1.313490       1.313490       1.313490       1.313490       1.313490       1.308980       1.306700       1.306700       1.306460       1.302580       1.301290       1.297060       1.292760       1.288400       1.283970       1.279470       1.274900       1.270260       1.265560       1.260790       1.255950    
   1.322850       1.322850       1.320630       1.316210       1.316210       1.320440       1.326790       1.324390       1.322000       1.316330       1.313500       1.313490       1.313490       1.313490       1.313490       1.309130       1.306950       1.306950       1.306460       1.302280       1.298040       1.293740       1.289360       1.284920       1.280400       1.275820       1.271160       1.266440       1.261650       1.256790    
   1.322850       1.320640       1.316210       1.316210       1.321290       1.326790       1.326790       1.326790       1.324390       1.322000       1.316350       1.313510       1.313490       1.313490       1.313490       1.313490       1.309390       1.307440       1.307440       1.303260       1.299020       1.294700       1.290320       1.285860       1.281330       1.276730       1.272050       1.267310       1.262500       1.257620    
