iMOD/TUTORIALS/TUT_MetaswapAnalyser/model_MetaSWAP/meteo/Evaporation/Evaporation_20050214_L1.ASC
NCOLS                30
NROWS                30
XLLCORNER     160000.00
YLLCORNER     340000.00
CELLSIZE        1000.00
NODATA_VALUE   -9999.00
  0.5016800      0.4999000      0.4981200      0.4963200      0.4945200      0.4927000      0.4908800      0.4890500      0.4872200      0.4853800      0.4835300      0.4816700      0.4798100      0.4779400      0.4760700      0.4741900      0.4723100      0.4704300      0.4685400      0.4666400      0.4647400      0.4628400      0.4609400      0.4590300      0.4571200      0.4552100      0.4533000      0.4513800      0.4494600      0.4475500    
  0.5018300      0.5000400      0.4982500      0.4964500      0.4946400      0.4928200      0.4909900      0.4891600      0.4873200      0.4854700      0.4836200      0.4817600      0.4798900      0.4780200      0.4761500      0.4742700      0.4723800      0.4704900      0.4686000      0.4667100      0.4648100      0.4629000      0.4610000      0.4590900      0.4571800      0.4552700      0.4533500      0.4514400      0.4495200      0.4476100    
  0.5019800      0.5001800      0.4983800      0.4965700      0.4947500      0.4929300      0.4911000      0.4892600      0.4874100      0.4855600      0.4837000      0.4818400      0.4799700      0.4781000      0.4762200      0.4743300      0.4724500      0.4705600      0.4686600      0.4667600      0.4648600      0.4629600      0.4610500      0.4591400      0.4572300      0.4553200      0.4534100      0.4514900      0.4495800      0.4476600    
  0.5021200      0.5003200      0.4985100      0.4966900      0.4948600      0.4930300      0.4911900      0.4893500      0.4875000      0.4856400      0.4837800      0.4819100      0.4800400      0.4781600      0.4762800      0.4744000      0.4725100      0.4706100      0.4687200      0.4668200      0.4649100      0.4630100      0.4611000      0.4591900      0.4572800      0.4553700      0.4534500      0.4515400      0.4496200      0.4477100    
  0.5022600      0.5004400      0.4986300      0.4968000      0.4949700      0.4931300      0.4912900      0.4894400      0.4875800      0.4857200      0.4838500      0.4819800      0.4801100      0.4782300      0.4763400      0.4744500      0.4725600      0.4706600      0.4687600      0.4668600      0.4649600      0.4630500      0.4611400      0.4592300      0.4573200      0.4554100      0.4534900      0.4515800      0.4496600      0.4477500    
  0.5023900      0.5005700      0.4987500      0.4969100      0.4950700      0.4932300      0.4913800      0.4895200      0.4876600      0.4858000      0.4839200      0.4820500      0.4801700      0.4782800      0.4763900      0.4745000      0.4726100      0.4707100      0.4688100      0.4669000      0.4650000      0.4630900      0.4611800      0.4592700      0.4573600      0.4554500      0.4535300      0.4516200      0.4497000      0.4477800    
  0.5025200      0.5007000      0.4988600      0.4970200      0.4951700      0.4933200      0.4914700      0.4896000      0.4877400      0.4858700      0.4839900      0.4821100      0.4802200      0.4783400      0.4764400      0.4745500      0.4726500      0.4707500      0.4688500      0.4669400      0.4650300      0.4631300      0.4612100      0.4593000      0.4573900      0.4554800      0.4535600      0.4516500      0.4497300      0.4478200    
  0.5026500      0.5008200      0.4989700      0.4971300      0.4952700      0.4934100      0.4915500      0.4896800      0.4878100      0.4859300      0.4840500      0.4821700      0.4802800      0.4783900      0.4764900      0.4745900      0.4726900      0.4707900      0.4688800      0.4669700      0.4650700      0.4631600      0.4612400      0.4593300      0.4574200      0.4555000      0.4535900      0.4516700      0.4497600      0.4478400    
  0.5027800      0.5009400      0.4990800      0.4972300      0.4953700      0.4935000      0.4916300      0.4897600      0.4878800      0.4860000      0.4841100      0.4822200      0.4803300      0.4784300      0.4765300      0.4746300      0.4727300      0.4708200      0.4689100      0.4670000      0.4650900      0.4631800      0.4612700      0.4593600      0.4574400      0.4555300      0.4536100      0.4517000      0.4497800      0.4478700    
  0.5029100      0.5010500      0.4991900      0.4973300      0.4954600      0.4935900      0.4917100      0.4898300      0.4879500      0.4860600      0.4841700      0.4822700      0.4803800      0.4784700      0.4765700      0.4746700      0.4727600      0.4708500      0.4689400      0.4670300      0.4651200      0.4632000      0.4612900      0.4593800      0.4574600      0.4555500      0.4536300      0.4517200      0.4498000      0.4478900    
  0.5029070      0.5010500      0.4987500      0.4974300      0.4955500      0.4936700      0.4917900      0.4899000      0.4880100      0.4861200      0.4842200      0.4823200      0.4804200      0.4785200      0.4766100      0.4747000      0.4727900      0.4708800      0.4689700      0.4670500      0.4651400      0.4632200      0.4613100      0.4593900      0.4574800      0.4555600      0.4536500      0.4517300      0.4498200      0.4479000    
  0.5029060      0.5000340      0.4974300      0.4960870      0.4956400      0.4937600      0.4918600      0.4899700      0.4880700      0.4861800      0.4842700      0.4823700      0.4804600      0.4785500      0.4766400      0.4747300      0.4728200      0.4709000      0.4689900      0.4670700      0.4651600      0.4632400      0.4613200      0.4594100      0.4574900      0.4555700      0.4536600      0.4517400      0.4498300      0.4479200    
  0.5012820      0.4974300      0.4962330      0.4956850      0.4957300      0.4938400      0.4919400      0.4900400      0.4881400      0.4862300      0.4843200      0.4824100      0.4805000      0.4785900      0.4766800      0.4747600      0.4728400      0.4709300      0.4690100      0.4670900      0.4651700      0.4632500      0.4613400      0.4594200      0.4575000      0.4555800      0.4536700      0.4517500      0.4498400      0.4479300    
  0.4974300      0.4962750      0.4957080      0.4957300      0.4944970      0.4939200      0.4920100      0.4901100      0.4882000      0.4862900      0.4843700      0.4824600      0.4805400      0.4786200      0.4767100      0.4747900      0.4728700      0.4709500      0.4690300      0.4671100      0.4651800      0.4632600      0.4613500      0.4594300      0.4575100      0.4555900      0.4536800      0.4517600      0.4498500      0.4479400    
  0.4962880      0.4957190      0.4957300      0.4947160      0.4939200      0.4926730      0.4920900      0.4901700      0.4882600      0.4863400      0.4844200      0.4825000      0.4805800      0.4786600      0.4767400      0.4748100      0.4728900      0.4709700      0.4690400      0.4671200      0.4652000      0.4632700      0.4613500      0.4594300      0.4575100      0.4556000      0.4536800      0.4517700      0.4498500      0.4479400    
  0.4957240      0.4957300      0.4947890      0.4939200      0.4928940      0.4920900      0.4911300      0.4901730      0.4877900      0.4863900      0.4844700      0.4825400      0.4806200      0.4786900      0.4767600      0.4748400      0.4729100      0.4709800      0.4690600      0.4671300      0.4652100      0.4632800      0.4613600      0.4594400      0.4575200      0.4556000      0.4536800      0.4517700      0.4498600      0.4479500    
  0.4957300      0.4948130      0.4939200      0.4929680      0.4920900      0.4916100      0.4911310      0.4888710      0.4863900      0.4854300      0.4837240      0.4825900      0.4806600      0.4787200      0.4767900      0.4748600      0.4729300      0.4710000      0.4690700      0.4671400      0.4652200      0.4632900      0.4613700      0.4594400      0.4575200      0.4556000      0.4536900      0.4517700      0.4498600      0.4479500    
  0.4948210      0.4939200      0.4929930      0.4920900      0.4918500      0.4916100      0.4895000      0.4863900      0.4859100      0.4841570      0.4826100      0.4826300      0.4806900      0.4787600      0.4768200      0.4748800      0.4729500      0.4710200      0.4690800      0.4671500      0.4652200      0.4633000      0.4613700      0.4594500      0.4575200      0.4556100      0.4536900      0.4517700      0.4498600      0.4479500    
  0.4939200      0.4930010      0.4920900      0.4919700      0.4918500      0.4898380      0.4863900      0.4861500      0.4843410      0.4826200      0.4826300      0.4816600      0.4802180      0.4787900      0.4768500      0.4749100      0.4729700      0.4710300      0.4691000      0.4671600      0.4652300      0.4633000      0.4613700      0.4594500      0.4575300      0.4556100      0.4536900      0.4517700      0.4498600      0.4479500    
  0.4930040      0.4920900      0.4920300      0.4919700      0.4900120      0.4863900      0.4862700      0.4844270      0.4826250      0.4826300      0.4821450      0.4808240      0.4787900      0.4778200      0.4768500      0.4749100      0.4729700      0.4710330      0.4683280      0.4671700      0.4652400      0.4633100      0.4613800      0.4594500      0.4575300      0.4556100      0.4536900      0.4517700      0.4498600      0.4479500    
  0.4920900      0.4920600      0.4920300      0.4901010      0.4863900      0.4863300      0.4844690      0.4826280      0.4826300      0.4823880      0.4810970      0.4787900      0.4783050      0.4778200      0.4765270      0.4749100      0.4729710      0.4693370      0.4671750      0.4671800      0.4652500      0.4633100      0.4613800      0.4594500      0.4575300      0.4556100      0.4536900      0.4517700      0.4498600      0.4479500    
  0.4920750      0.4920600      0.4901450      0.4863900      0.4863600      0.4844900      0.4826290      0.4826300      0.4825090      0.4812260      0.4787900      0.4785470      0.4783050      0.4775510      0.4764190      0.4748030      0.4703150      0.4671780      0.4671800      0.4658930      0.4652500      0.4633200      0.4613900      0.4594600      0.4575300      0.4556100      0.4536900      0.4517700      0.4498600      0.4479500    
  0.4920750      0.4901680      0.4863900      0.4863750      0.4845000      0.4826290      0.4826300      0.4825690      0.4812890      0.4787900      0.4786690      0.4785470      0.4781340      0.4774250      0.4762570      0.4711880      0.4671790      0.4671800      0.4659030      0.4652600      0.4641000      0.4633300      0.4613900      0.4594600      0.4575300      0.4556100      0.4536900      0.4517700      0.4498600      0.4479500    
  0.4901790      0.4863900      0.4863820      0.4845050      0.4826300      0.4826300      0.4826000      0.4813200      0.4787900      0.4787290      0.4786690      0.4784500      0.4780360      0.4752740      0.4715510      0.4672250      0.4672250      0.4663070      0.4652760      0.4652800      0.4652700      0.4633300      0.4614000      0.4594600      0.4575400      0.4556100      0.4536900      0.4517800      0.4498600      0.4479600    
  0.4863900      0.4863860      0.4845070      0.4826300      0.4826300      0.4826150      0.4813350      0.4787900      0.4787600      0.4787290      0.4786160      0.4783850      0.4740650      0.4692810      0.4692800      0.4679270      0.4672720      0.4672700      0.4659070      0.4652870      0.4652900      0.4633400      0.4614000      0.4594700      0.4575400      0.4556100      0.4536900      0.4517800      0.4498700      0.4479600    
  0.4863880      0.4845090      0.4826300      0.4826300      0.4826220      0.4813420      0.4787900      0.4787750      0.4787600      0.4787020      0.4756940      0.4713700      0.4699780      0.4692820      0.4692820      0.4692800      0.4679320      0.4672750      0.4672700      0.4657930      0.4653000      0.4633500      0.4614100      0.4594800      0.4575500      0.4556200      0.4537000      0.4517800      0.4498700      0.4479600    
  0.4845090      0.4826300      0.4826300      0.4826260      0.4813460      0.4787900      0.4787820      0.4787750      0.4787450      0.4751790      0.4713700      0.4713700      0.4713700      0.4699790      0.4692840      0.4692840      0.4692800      0.4679040      0.4672800      0.4672700      0.4653100      0.4633700      0.4614200      0.4594900      0.4575500      0.4556300      0.4537100      0.4517900      0.4498800      0.4479700    
  0.4826300      0.4826300      0.4826280      0.4813480      0.4787900      0.4787860      0.4787820      0.4774930      0.4749790      0.4713700      0.4713700      0.4713700      0.4713700      0.4713700      0.4699800      0.4692880      0.4692880      0.4692800      0.4677880      0.4672900      0.4653300      0.4633800      0.4614400      0.4595000      0.4575600      0.4556400      0.4537100      0.4518000      0.4498900      0.4479800    
  0.4826300      0.4826290      0.4813490      0.4787900      0.4787880      0.4775880      0.4757900      0.4747300      0.4736700      0.4721370      0.4713700      0.4713700      0.4713700      0.4713700      0.4713700      0.4699770      0.4692950      0.4692950      0.4692800      0.4673100      0.4653500      0.4634000      0.4614500      0.4595100      0.4575800      0.4556500      0.4537300      0.4518100      0.4499000      0.4479900    
  0.4826300      0.4813500      0.4787900      0.4787890      0.4773490      0.4757900      0.4757900      0.4757900      0.4747300      0.4736700      0.4721380      0.4713710      0.4713700      0.4713700      0.4713700      0.4713700      0.4699560      0.4693100      0.4693100      0.4673400      0.4653800      0.4634200      0.4614700      0.4595300      0.4575900      0.4556600      0.4537400      0.4518200      0.4499100      0.4480100    
