iMOD/TUTORIALS/TUT_MetaswapAnalyser/model_MetaSWAP/meteo/Evaporation/Evaporation_20060806_L1.ASC
NCOLS                30
NROWS                30
XLLCORNER     160000.00
YLLCORNER     340000.00
CELLSIZE        1000.00
NODATA_VALUE   -9999.00
   3.149310       3.139960       3.130610       3.121250       3.111900       3.102540       3.093190       3.083850       3.074520       3.065220       3.055930       3.046670       3.037440       3.028240       3.019080       3.009950       3.000870       2.991840       2.982850       2.973920       2.965040       2.956220       2.947460       2.938760       2.930120       2.921560       2.913060       2.904640       2.896290       2.888020    
   3.140700       3.131400       3.122100       3.112780       3.103470       3.094160       3.084860       3.075560       3.066280       3.057020       3.047780       3.038570       3.029380       3.020230       3.011110       3.002030       2.992990       2.984000       2.975060       2.966170       2.957330       2.948550       2.939830       2.931170       2.922580       2.914050       2.905590       2.897200       2.888890       2.880650    
   3.132060       3.122810       3.113550       3.104280       3.095010       3.085750       3.076490       3.067240       3.058010       3.048790       3.039600       3.030430       3.021290       3.012180       3.003110       2.994070       2.985080       2.976130       2.967230       2.958380       2.949580       2.940840       2.932160       2.923540       2.914990       2.906500       2.898080       2.889720       2.881450       2.873240    
   3.123400       3.114190       3.104970       3.095750       3.086530       3.077310       3.068090       3.058890       3.049700       3.040530       3.031380       3.022260       3.013160       3.004090       2.995060       2.986070       2.977120       2.968220       2.959360       2.950550       2.941790       2.933100       2.924450       2.915870       2.907360       2.898900       2.890520       2.882200       2.873960       2.865790    
   3.114710       3.105540       3.096370       3.087190       3.078010       3.068830       3.059660       3.050500       3.041360       3.032230       3.023130       3.014050       3.005000       2.995970       2.986990       2.978040       2.969130       2.960270       2.951450       2.942680       2.933970       2.925310       2.916710       2.908170       2.899690       2.891270       2.882930       2.874650       2.866440       2.858300    
   3.106000       3.096870       3.087740       3.078600       3.069460       3.060330       3.051200       3.042090       3.032990       3.023910       3.014840       3.005810       2.996800       2.987820       2.978880       2.969970       2.961100       2.952280       2.943510       2.934780       2.926110       2.917490       2.908930       2.900420       2.891980       2.883600       2.875290       2.867050       2.858880       2.850780    
   3.097260       3.088170       3.079080       3.069980       3.060890       3.051800       3.042720       3.033640       3.024590       3.015550       3.006530       2.997530       2.988570       2.979630       2.970730       2.961870       2.953040       2.944260       2.935530       2.926840       2.918210       2.909630       2.901110       2.892640       2.884240       2.875900       2.867620       2.859420       2.851280       2.843210    
   3.088500       3.079450       3.070400       3.061350       3.052290       3.043240       3.034200       3.025170       3.016160       3.007160       2.998180       2.989230       2.980310       2.971410       2.962550       2.953730       2.944950       2.936210       2.927510       2.918870       2.910280       2.901740       2.893250       2.884830       2.876460       2.868160       2.859920       2.851750       2.843650       2.835610    
   3.079720       3.070710       3.061700       3.052680       3.043670       3.034660       3.025660       3.016670       3.007700       2.998740       2.989810       2.980900       2.972010       2.963160       2.954340       2.945560       2.936820       2.928120       2.919470       2.910860       2.902310       2.893810       2.885360       2.876980       2.868650       2.860380       2.852180       2.844050       2.835980       2.827980    
   3.070920       3.061950       3.052970       3.044000       3.035030       3.026060       3.017100       3.008150       2.999220       2.990300       2.981410       2.972540       2.963700       2.954880       2.946110       2.937370       2.928660       2.920010       2.911390       2.902830       2.894310       2.885850       2.877440       2.869090       2.860800       2.852570       2.844410       2.836310       2.828280       2.820310    
   3.070920       3.061950       3.048550       3.035290       3.026360       3.017430       3.008510       2.999600       2.990710       2.981830       2.972980       2.964150       2.955350       2.946580       2.937840       2.929140       2.920480       2.911860       2.903280       2.894760       2.886280       2.877860       2.869490       2.861180       2.852920       2.844730       2.836600       2.828540       2.820540       2.812610    
   3.070910       3.054180       3.035290       3.022070       3.017670       3.008780       2.999900       2.991030       2.982180       2.973340       2.964530       2.955740       2.946980       2.938240       2.929550       2.920890       2.912260       2.903680       2.895150       2.886660       2.878220       2.869840       2.861510       2.853230       2.845020       2.836860       2.828770       2.820740       2.812780       2.804880    
   3.060060       3.035290       3.019910       3.013320       3.008970       3.000120       2.991270       2.982440       2.973630       2.964830       2.956050       2.947300       2.938580       2.929890       2.921230       2.912610       2.904020       2.895480       2.886980       2.878540       2.870140       2.861790       2.853490       2.845260       2.837080       2.828960       2.820900       2.812910       2.804980       2.797120    
   3.035290       3.018830       3.011150       3.008970       3.000170       2.991430       2.982620       2.973830       2.965050       2.956290       2.947560       2.938840       2.930160       2.921500       2.912880       2.904300       2.895760       2.887250       2.878790       2.870380       2.862020       2.853710       2.845450       2.837250       2.829110       2.821030       2.813010       2.805050       2.797160       2.789330    
   3.018290       3.010060       3.008970       3.000190       2.991430       2.982670       2.973960       2.965200       2.956460       2.947740       2.939040       2.930360       2.921720       2.913100       2.904520       2.895970       2.887460       2.879000       2.870580       2.862200       2.853880       2.845610       2.837390       2.829220       2.821120       2.813070       2.805090       2.797160       2.789300       2.781510    
   3.009510       3.008970       3.000200       2.991430       2.982690       2.973960       2.969580       2.965210       2.952140       2.939160       2.930500       2.921860       2.913250       2.904670       2.896130       2.887620       2.879150       2.870720       2.862340       2.854000       2.845710       2.837480       2.829290       2.821170       2.813100       2.805090       2.797140       2.789250       2.781430       2.773670    
   3.008970       3.000200       2.991430       2.982690       2.973960       2.971770       2.969580       2.956520       2.939160       2.934830       2.921930       2.913340       2.904770       2.896230       2.887720       2.879250       2.870810       2.862420       2.854070       2.845770       2.837520       2.829320       2.821180       2.813090       2.805050       2.797080       2.789160       2.781310       2.773520       2.765800    
   3.000200       2.991430       2.982690       2.973960       2.972860       2.971770       2.959260       2.939160       2.937000       2.921960       2.909080       2.904810       2.896270       2.887760       2.879290       2.870850       2.862460       2.854100       2.845790       2.837530       2.829310       2.821150       2.813040       2.804980       2.796980       2.789040       2.781170       2.773350       2.765590       2.757900    
   2.991430       2.982690       2.973960       2.973410       2.972870       2.960760       2.939160       2.938080       2.921970       2.906940       2.904810       2.900540       2.892030       2.879280       2.870840       2.862440       2.854080       2.845760       2.837480       2.829260       2.821080       2.812950       2.804880       2.796860       2.788890       2.780990       2.773150       2.765360       2.757640       2.749990    
   2.982690       2.973960       2.973690       2.973410       2.961550       2.939160       2.938620       2.921980       2.905880       2.904810       2.902670       2.894170       2.879280       2.875060       2.870850       2.862450       2.854090       2.845770       2.829230       2.820970       2.812820       2.804730       2.796690       2.788710       2.780780       2.772910       2.765100       2.757360       2.749670       2.742050    
   2.973960       2.973820       2.973690       2.961950       2.939160       2.938890       2.921980       2.905340       2.904810       2.903740       2.895230       2.879280       2.877170       2.875060       2.869460       2.862470       2.854110       2.831710       2.816810       2.812660       2.804550       2.796490       2.788490       2.780540       2.772650       2.764820       2.757040       2.749330       2.741680       2.734090    
   2.973890       2.973820       2.962160       2.939160       2.939020       2.921980       2.905080       2.904810       2.904280       2.895770       2.879280       2.878230       2.877170       2.873900       2.869000       2.862010       2.835140       2.814740       2.812660       2.804490       2.796260       2.788240       2.780270       2.772350       2.764500       2.756700       2.748960       2.741280       2.733660       2.726110    
   2.973890       2.962260       2.939160       2.939090       2.921980       2.904940       2.904810       2.904540       2.896030       2.879280       2.878750       2.878230       2.876430       2.873350       2.868300       2.833480       2.813700       2.812660       2.795140       2.787950       2.783160       2.779970       2.772030       2.764150       2.756330       2.748560       2.740860       2.733220       2.725630       2.718120    
   2.962310       2.939160       2.939130       2.921980       2.904880       2.904810       2.904680       2.896170       2.879280       2.879020       2.878750       2.877800       2.876000       2.842920       2.813590       2.787580       2.787580       2.783310       2.778230       2.775470       2.779630       2.771680       2.763780       2.755930       2.748140       2.740410       2.732740       2.725140       2.717590       2.710100    
   2.939160       2.939140       2.921980       2.904840       2.904810       2.904740       2.896230       2.879280       2.879150       2.879020       2.878520       2.877520       2.820620       2.753320       2.753580       2.765250       2.761450       2.762500       2.768020       2.771290       2.771300       2.763380       2.755510       2.747700       2.739940       2.732250       2.724610       2.717040       2.709530       2.702070    
   2.939150       2.921980       2.904830       2.904810       2.904780       2.896270       2.879280       2.879210       2.879150       2.878900       2.821450       2.736090       2.747360       2.753050       2.753050       2.753580       2.758390       2.760400       2.762500       2.762840       2.762950       2.755060       2.747230       2.739450       2.731730       2.724070       2.716470       2.708930       2.701450       2.694030    
   2.921980       2.904820       2.904810       2.904790       2.896280       2.879280       2.879250       2.879210       2.879090       2.810330       2.736090       2.736090       2.736090       2.746960       2.752520       2.752530       2.753580       2.757090       2.758300       2.762500       2.754590       2.746730       2.738930       2.731190       2.723500       2.715880       2.708310       2.700800       2.693360       2.685980    
   2.904810       2.904810       2.904800       2.896290       2.879280       2.879260       2.879250       2.834760       2.788450       2.736070       2.736090       2.736090       2.736090       2.736090       2.746190       2.751470       2.751470       2.753580       2.753970       2.754100       2.746220       2.738400       2.730630       2.722920       2.715270       2.707680       2.700140       2.692670       2.685260       2.677910    
   2.904810       2.904810       2.896300       2.879280       2.879270       2.807870       2.700800       2.701140       2.701480       2.724490       2.736020       2.736090       2.736090       2.736090       2.736090       2.744670       2.749360       2.749360       2.753580       2.745690       2.737840       2.730050       2.722320       2.714640       2.707020       2.699460       2.691960       2.684530       2.677150       2.669840    
   2.904810       2.896300       2.879280       2.879280       2.793590       2.700780       2.700780       2.700800       2.701140       2.701480       2.724370       2.735880       2.736090       2.736090       2.736090       2.736090       2.741780       2.745140       2.745140       2.737270       2.729460       2.721700       2.714000       2.706350       2.698770       2.691240       2.683780       2.676370       2.669030       2.661750    
