iMOD/TUTORIALS/TUT_MetaswapAnalyser/model_MetaSWAP/meteo/Evaporation/Evaporation_20050415_L1.ASC
NCOLS                30
NROWS                30
XLLCORNER     160000.00
YLLCORNER     340000.00
CELLSIZE        1000.00
NODATA_VALUE   -9999.00
   1.648460       1.653540       1.658570       1.663560       1.668520       1.673440       1.678320       1.683180       1.688000       1.692810       1.697580       1.702340       1.707080       1.711790       1.716500       1.721180       1.725860       1.730520       1.735170       1.739810       1.744440       1.749060       1.753680       1.758290       1.762890       1.767480       1.772070       1.776650       1.781230       1.785800    
   1.645820       1.650930       1.655990       1.661020       1.666000       1.670950       1.675870       1.680750       1.685610       1.690440       1.695240       1.700020       1.704780       1.709520       1.714250       1.718960       1.723650       1.728330       1.733000       1.737650       1.742300       1.746940       1.751570       1.756190       1.760800       1.765400       1.770000       1.774590       1.779180       1.783750    
   1.643170       1.648310       1.653410       1.658460       1.663480       1.668460       1.673400       1.678310       1.683200       1.688050       1.692890       1.697690       1.702480       1.707240       1.711990       1.716720       1.721430       1.726130       1.730820       1.735490       1.740160       1.744810       1.749450       1.754080       1.758700       1.763320       1.767930       1.772530       1.777120       1.781700    
   1.640520       1.645690       1.650810       1.655900       1.660940       1.665950       1.670930       1.675870       1.680780       1.685670       1.690520       1.695360       1.700170       1.704960       1.709720       1.714480       1.719210       1.723930       1.728630       1.733320       1.738000       1.742670       1.747320       1.751970       1.756600       1.761230       1.765850       1.770460       1.775060       1.779650    
   1.637860       1.643060       1.648210       1.653330       1.658400       1.663440       1.668450       1.673420       1.678360       1.683270       1.688150       1.693010       1.697850       1.702660       1.707450       1.712220       1.716980       1.721720       1.726440       1.731150       1.735840       1.740520       1.745190       1.749850       1.754500       1.759140       1.763760       1.768380       1.772990       1.777590    
   1.635190       1.640420       1.645610       1.650750       1.655860       1.660920       1.665960       1.670960       1.675920       1.680860       1.685770       1.690660       1.695520       1.700350       1.705170       1.709960       1.714740       1.719500       1.724240       1.728960       1.733670       1.738370       1.743060       1.747730       1.752390       1.757040       1.761670       1.766300       1.770920       1.775530    
   1.632520       1.637780       1.642990       1.648170       1.653300       1.658400       1.663460       1.668490       1.673480       1.678450       1.683380       1.688290       1.693180       1.698040       1.702880       1.707690       1.712490       1.717270       1.722030       1.726770       1.731500       1.736210       1.740910       1.745600       1.750270       1.754930       1.759580       1.764220       1.768840       1.773460    
   1.629830       1.635120       1.640370       1.645570       1.650740       1.655860       1.660950       1.666010       1.671030       1.676020       1.680990       1.685920       1.690830       1.695720       1.700580       1.705420       1.710230       1.715030       1.719810       1.724570       1.729320       1.734050       1.738760       1.743460       1.748140       1.752820       1.757480       1.762120       1.766760       1.771380    
   1.627140       1.632460       1.637740       1.642970       1.648160       1.653320       1.658440       1.663520       1.668570       1.673590       1.678580       1.683540       1.688480       1.693380       1.698270       1.703130       1.707970       1.712780       1.717580       1.722360       1.727130       1.731870       1.736600       1.741310       1.746010       1.750700       1.755370       1.760030       1.764670       1.769300    
   1.624450       1.629790       1.635100       1.640360       1.645580       1.650770       1.655910       1.661030       1.666100       1.671150       1.676170       1.681150       1.686110       1.691040       1.695950       1.700830       1.705690       1.710530       1.715350       1.720150       1.724930       1.729690       1.734430       1.739160       1.743870       1.748570       1.753250       1.757920       1.762580       1.767220    
   1.624430       1.629780       1.635750       1.637740       1.643000       1.648210       1.653380       1.658520       1.663630       1.668700       1.673740       1.678750       1.683740       1.688690       1.693620       1.698530       1.703410       1.708270       1.713100       1.717920       1.722720       1.727500       1.732260       1.737000       1.741720       1.746430       1.751130       1.755810       1.760470       1.765130    
   1.624420       1.631920       1.637740       1.639730       1.640400       1.645640       1.650840       1.656010       1.661140       1.666240       1.671310       1.676340       1.681350       1.686330       1.691280       1.696210       1.701110       1.705990       1.710850       1.715690       1.720500       1.725290       1.730070       1.734830       1.739570       1.744290       1.749000       1.753690       1.758360       1.763030    
   1.628270       1.637740       1.638590       1.639100       1.637790       1.643060       1.648290       1.653490       1.658650       1.663770       1.668860       1.673930       1.678960       1.683960       1.688940       1.693890       1.698810       1.703710       1.708590       1.713440       1.718270       1.723080       1.727880       1.732650       1.737400       1.742140       1.746860       1.751560       1.756250       1.760920    
   1.637740       1.638140       1.638440       1.637790       1.640440       1.640480       1.645730       1.650960       1.656140       1.661290       1.666410       1.671500       1.676560       1.681580       1.686580       1.691550       1.696500       1.701420       1.706310       1.711190       1.716040       1.720870       1.725670       1.730460       1.735230       1.739980       1.744710       1.749420       1.754120       1.758800    
   1.637950       1.638120       1.637790       1.639570       1.640480       1.643130       1.643170       1.648420       1.653630       1.658810       1.663950       1.669060       1.674140       1.679190       1.684220       1.689210       1.694180       1.699120       1.704030       1.708920       1.713790       1.718640       1.723460       1.728260       1.733050       1.737810       1.742550       1.747280       1.751990       1.756680    
   1.637950       1.637790       1.639280       1.640480       1.642260       1.643170       1.645790       1.648410       1.654290       1.656310       1.661480       1.666620       1.671720       1.676800       1.681840       1.686860       1.691840       1.696810       1.701740       1.706650       1.711540       1.716400       1.721240       1.726060       1.730860       1.735630       1.740390       1.745130       1.749850       1.754550    
   1.637790       1.639180       1.640480       1.641970       1.643170       1.644480       1.645790       1.651200       1.656310       1.658900       1.662050       1.664160       1.669290       1.674390       1.679450       1.684490       1.689500       1.694480       1.699440       1.704370       1.709270       1.714150       1.719010       1.723840       1.728650       1.733440       1.738210       1.742960       1.747700       1.752410    
   1.639150       1.640480       1.641870       1.643170       1.643830       1.644480       1.649450       1.656310       1.657600       1.660370       1.662930       1.661690       1.666850       1.671970       1.677060       1.682120       1.687150       1.692150       1.697130       1.702070       1.707000       1.711890       1.716770       1.721620       1.726440       1.731250       1.736030       1.740790       1.745530       1.750260    
   1.640480       1.641840       1.643170       1.643500       1.643830       1.648520       1.656310       1.656960       1.659660       1.662310       1.661690       1.664270       1.667510       1.669540       1.674650       1.679730       1.684790       1.689810       1.694800       1.699770       1.704710       1.709630       1.714510       1.719380       1.724220       1.729040       1.733830       1.738610       1.743360       1.748100    
   1.641830       1.643170       1.643330       1.643500       1.648040       1.656310       1.656630       1.659320       1.662000       1.661690       1.662980       1.665750       1.669540       1.672100       1.674640       1.679720       1.684780       1.689800       1.695390       1.697460       1.702420       1.707350       1.712250       1.717130       1.721990       1.726820       1.731630       1.736420       1.741180       1.745930    
   1.643170       1.643250       1.643330       1.647790       1.656310       1.656470       1.659160       1.661840       1.661690       1.662330       1.664990       1.669540       1.670820       1.672090       1.675490       1.679710       1.684770       1.692280       1.696300       1.695130       1.700110       1.705060       1.709980       1.714880       1.719750       1.724590       1.729410       1.734210       1.738990       1.743750    
   1.643210       1.643250       1.647670       1.656310       1.656390       1.659080       1.661770       1.661690       1.662010       1.664640       1.669540       1.670180       1.670820       1.672800       1.675760       1.679990       1.689520       1.695710       1.695130       1.697680       1.697790       1.702760       1.707700       1.712610       1.717490       1.722350       1.727190       1.732000       1.736790       1.741550    
   1.643210       1.647610       1.656310       1.656350       1.659040       1.661730       1.661690       1.661850       1.664470       1.669540       1.669860       1.670180       1.671260       1.673130       1.676180       1.685750       1.695420       1.695130       1.695050       1.695460       1.698450       1.700440       1.705400       1.710330       1.715230       1.720100       1.724950       1.729770       1.734570       1.739350    
   1.647580       1.656310       1.656330       1.659020       1.661710       1.661690       1.661770       1.664390       1.669540       1.669700       1.669860       1.670430       1.671520       1.672880       1.678880       1.688030       1.688040       1.690280       1.692720       1.691950       1.693120       1.698120       1.703090       1.708040       1.712950       1.717840       1.722700       1.727540       1.732350       1.737140    
   1.656310       1.656320       1.659010       1.661700       1.661690       1.661730       1.664350       1.669540       1.669620       1.669700       1.670000       1.670610       1.671300       1.670870       1.670950       1.679240       1.680640       1.680940       1.687550       1.690760       1.690770       1.695790       1.700770       1.705730       1.710660       1.715560       1.720440       1.725290       1.730110       1.734910    
   1.656320       1.659000       1.661690       1.661690       1.661710       1.664330       1.669540       1.669580       1.669620       1.669770       1.665380       1.658300       1.666620       1.670800       1.670800       1.670950       1.677320       1.680340       1.680940       1.686540       1.688400       1.693440       1.698440       1.703420       1.708360       1.713280       1.718170       1.723030       1.727860       1.732670    
   1.659000       1.661690       1.661690       1.661700       1.664320       1.669540       1.669560       1.669580       1.669660       1.664270       1.658300       1.658300       1.658300       1.666510       1.670640       1.670640       1.670950       1.677060       1.679730       1.680940       1.686030       1.691080       1.696100       1.701090       1.706050       1.710980       1.715880       1.720750       1.725600       1.730420    
   1.661690       1.661690       1.661700       1.664310       1.669540       1.669550       1.669560       1.662240       1.659040       1.658290       1.658300       1.658300       1.658300       1.658300       1.666290       1.670340       1.670340       1.670950       1.676630       1.678530       1.683640       1.688710       1.693740       1.698750       1.703720       1.708670       1.713580       1.718460       1.723320       1.728150    
   1.661690       1.661690       1.664310       1.669540       1.669540       1.654570       1.632100       1.636140       1.640170       1.652240       1.658280       1.658300       1.658300       1.658300       1.658300       1.665880       1.669720       1.669720       1.670950       1.676110       1.681230       1.686320       1.691370       1.696390       1.701380       1.706340       1.711270       1.716160       1.721030       1.725880    
   1.661690       1.664310       1.669540       1.669540       1.651570       1.632090       1.632090       1.632100       1.636140       1.640170       1.652200       1.658240       1.658300       1.658300       1.658300       1.658300       1.665150       1.668490       1.668500       1.673680       1.678820       1.683920       1.688990       1.694030       1.699030       1.704000       1.708940       1.713850       1.718730       1.723580    
