iMOD/TUTORIALS/TUT_MetaswapAnalyser/model_MetaSWAP/meteo/Evaporation/Evaporation_20050724_L1.ASC
NCOLS                30
NROWS                30
XLLCORNER     160000.00
YLLCORNER     340000.00
CELLSIZE        1000.00
NODATA_VALUE   -9999.00
   2.144540       2.149360       2.154310       2.159380       2.164570       2.169860       2.175250       2.180730       2.186290       2.191920       2.197620       2.203370       2.209160       2.215010       2.220880       2.226790       2.232720       2.238660       2.244620       2.250590       2.256560       2.262540       2.268500       2.274470       2.280420       2.286360       2.292290       2.298190       2.304080       2.309950    
   2.142450       2.147240       2.152150       2.157190       2.162340       2.167590       2.172940       2.178370       2.183880       2.189470       2.195120       2.200830       2.206580       2.212380       2.218210       2.224080       2.229970       2.235880       2.241800       2.247730       2.253670       2.259610       2.265550       2.271480       2.277400       2.283320       2.289220       2.295100       2.300960       2.306810    
   2.140380       2.145140       2.150020       2.155030       2.160140       2.165350       2.170660       2.176050       2.181520       2.187060       2.192670       2.198330       2.204040       2.209800       2.215590       2.221420       2.227270       2.233140       2.239030       2.244920       2.250830       2.256730       2.262640       2.268540       2.274430       2.280320       2.286190       2.292050       2.297890       2.303710    
   2.138330       2.143070       2.147930       2.152900       2.157970       2.163140       2.168410       2.173760       2.179190       2.184690       2.190260       2.195880       2.201550       2.207270       2.213020       2.218800       2.224610       2.230450       2.236300       2.242160       2.248030       2.253900       2.259770       2.265640       2.271510       2.277360       2.283200       2.289030       2.294850       2.300650    
   2.136310       2.141030       2.145850       2.150790       2.155830       2.160970       2.166200       2.171510       2.176900       2.182360       2.187890       2.193470       2.199100       2.204770       2.210480       2.216230       2.222000       2.227800       2.233610       2.239430       2.245270       2.251110       2.256950       2.262780       2.268620       2.274440       2.280260       2.286060       2.291850       2.297620    
   2.134310       2.139000       2.143800       2.148710       2.153720       2.158830       2.164020       2.169300       2.174650       2.180070       2.185550       2.191090       2.196680       2.202320       2.207990       2.213700       2.219430       2.225190       2.230960       2.236750       2.242550       2.248360       2.254160       2.259970       2.265770       2.271570       2.277350       2.283130       2.288890       2.294630    
   2.132330       2.137000       2.141780       2.146660       2.151640       2.156710       2.161870       2.167110       2.172430       2.177810       2.183250       2.188750       2.194310       2.199900       2.205540       2.211200       2.216900       2.222620       2.228360       2.234110       2.239870       2.245640       2.251420       2.257190       2.262960       2.268730       2.274480       2.280230       2.285960       2.291680    
   2.130360       2.135010       2.139770       2.144620       2.149580       2.154620       2.159740       2.164950       2.170230       2.175580       2.180980       2.186450       2.191960       2.197520       2.203110       2.208740       2.214400       2.220090       2.225790       2.231510       2.237230       2.242970       2.248710       2.254450       2.260190       2.265920       2.271650       2.277370       2.283070       2.288760    
   2.128410       2.133040       2.137780       2.142610       2.147530       2.152550       2.157640       2.162820       2.168060       2.173370       2.178740       2.184170       2.189650       2.195170       2.200730       2.206320       2.211940       2.217590       2.223250       2.228940       2.234630       2.240330       2.246040       2.251750       2.257450       2.263160       2.268850       2.274540       2.280210       2.285870    
   2.126470       2.131080       2.135800       2.140610       2.145510       2.150490       2.155560       2.160700       2.165910       2.171190       2.176530       2.181920       2.187360       2.192850       2.198370       2.203930       2.209510       2.215120       2.220750       2.226400       2.232060       2.237730       2.243400       2.249080       2.254750       2.260420       2.266090       2.271740       2.277390       2.283020    
   2.126500       2.131120       2.136530       2.138620       2.143500       2.148460       2.153500       2.158610       2.163790       2.169040       2.174340       2.179700       2.185100       2.190550       2.196040       2.201560       2.207110       2.212690       2.218280       2.223900       2.229520       2.235150       2.240790       2.246440       2.252080       2.257720       2.263350       2.268980       2.274590       2.280200    
   2.126540       2.133190       2.138620       2.140780       2.141500       2.146440       2.151450       2.156530       2.161690       2.166900       2.172170       2.177500       2.182870       2.188290       2.193740       2.199230       2.204740       2.210280       2.215840       2.221420       2.227010       2.232610       2.238220       2.243830       2.249440       2.255050       2.260650       2.266240       2.271830       2.277410    
   2.130090       2.138620       2.139860       2.140510       2.139520       2.144430       2.149420       2.154480       2.159600       2.164780       2.170030       2.175320       2.180660       2.186040       2.191460       2.196910       2.202400       2.207900       2.213430       2.218980       2.224530       2.230100       2.235670       2.241250       2.246830       2.252400       2.257970       2.263540       2.269100       2.274640    
   2.138620       2.139500       2.140020       2.139520       2.142130       2.142430       2.147400       2.152430       2.157530       2.162680       2.167900       2.173160       2.178470       2.183820       2.189210       2.194630       2.200080       2.205550       2.211040       2.216550       2.222080       2.227610       2.233150       2.238700       2.244240       2.249790       2.255330       2.260860       2.266390       2.271900    
   2.139350       2.139770       2.139520       2.141360       2.142430       2.145070       2.145390       2.150400       2.155470       2.160600       2.165780       2.171020       2.176300       2.181620       2.186970       2.192360       2.197780       2.203220       2.208680       2.214160       2.219650       2.225150       2.230660       2.236170       2.241690       2.247200       2.252710       2.258210       2.263700       2.269190    
   2.139640       2.139520       2.141100       2.142430       2.144300       2.145390       2.147890       2.150420       2.156250       2.158530       2.163690       2.168890       2.174140       2.179430       2.184760       2.190110       2.195500       2.200910       2.206340       2.211790       2.217240       2.222710       2.228190       2.233670       2.239150       2.244630       2.250110       2.255580       2.261050       2.266500    
   2.139520       2.141020       2.142430       2.144040       2.145390       2.146640       2.147900       2.153270       2.158530       2.161110       2.164510       2.166780       2.172000       2.177260       2.182560       2.187890       2.193240       2.198620       2.204020       2.209430       2.214860       2.220300       2.225740       2.231190       2.236640       2.242090       2.247540       2.252980       2.258410       2.263840    
   2.140990       2.142430       2.143950       2.145390       2.146020       2.146640       2.151590       2.158530       2.159820       2.162910       2.165730       2.164680       2.169870       2.175110       2.180370       2.185670       2.191000       2.196350       2.201720       2.207100       2.212500       2.217900       2.223320       2.228730       2.234150       2.239570       2.244980       2.250390       2.255800       2.261190    
   2.142430       2.143920       2.145390       2.145700       2.146020       2.150690       2.158530       2.159170       2.162230       2.165210       2.164680       2.167270       2.170660       2.172960       2.178200       2.183480       2.188770       2.194090       2.199430       2.204780       2.210150       2.215520       2.220910       2.226290       2.231680       2.237070       2.242450       2.247830       2.253200       2.258570    
   2.143910       2.145390       2.145550       2.145700       2.150240       2.158530       2.158850       2.161910       2.164940       2.164680       2.165980       2.168890       2.172960       2.175580       2.178210       2.183480       2.188780       2.194100       2.200200       2.202480       2.207820       2.213160       2.218520       2.223870       2.229230       2.234580       2.239940       2.245280       2.250620       2.255960    
   2.145390       2.145470       2.145550       2.150000       2.158530       2.158690       2.161760       2.164810       2.164680       2.165330       2.168130       2.172960       2.174270       2.175580       2.179090       2.183490       2.188790       2.196920       2.201340       2.200200       2.205500       2.210820       2.216140       2.221460       2.226790       2.232120       2.237440       2.242750       2.248060       2.253370    
   2.145430       2.145470       2.149890       2.158530       2.158610       2.161680       2.164750       2.164680       2.165000       2.167770       2.172960       2.173610       2.174270       2.176320       2.179390       2.183790       2.194030       2.200770       2.200200       2.202970       2.203200       2.208490       2.213780       2.219070       2.224370       2.229660       2.234950       2.240240       2.245520       2.250790    
   2.145430       2.149830       2.158530       2.158570       2.161640       2.164710       2.164680       2.164840       2.167600       2.172960       2.173290       2.173620       2.174730       2.176660       2.179830       2.190230       2.200490       2.200200       2.200390       2.200920       2.204070       2.206170       2.211430       2.216690       2.221960       2.227220       2.232480       2.237740       2.242990       2.248230    
   2.149800       2.158530       2.158550       2.161620       2.164700       2.164680       2.164760       2.167520       2.172960       2.173120       2.173290       2.173880       2.175000       2.177090       2.183720       2.193440       2.193440       2.195740       2.198250       2.197490       2.198630       2.203860       2.209090       2.214330       2.219560       2.224800       2.230030       2.235250       2.240470       2.245680    
   2.158530       2.158540       2.161610       2.164690       2.164680       2.164720       2.167480       2.172960       2.173040       2.173120       2.173430       2.174060       2.176000       2.177050       2.177120       2.185050       2.186400       2.186680       2.193190       2.196360       2.196350       2.201550       2.206760       2.211970       2.217170       2.222380       2.227580       2.232770       2.237960       2.243140    
   2.158540       2.161610       2.164680       2.164680       2.164700       2.167460       2.172960       2.173000       2.173040       2.173200       2.170310       2.165460       2.173130       2.176980       2.176980       2.177120       2.183230       2.186120       2.186680       2.192230       2.194090       2.199260       2.204440       2.209620       2.214800       2.219970       2.225140       2.230300       2.235460       2.240610    
   2.161610       2.164680       2.164680       2.164690       2.167450       2.172960       2.172980       2.173000       2.173080       2.169490       2.165460       2.165460       2.165460       2.173030       2.176840       2.176840       2.177120       2.183000       2.185560       2.186680       2.191820       2.196970       2.202120       2.207270       2.212420       2.217570       2.222710       2.227840       2.232970       2.238090    
   2.164680       2.164680       2.164690       2.167450       2.172960       2.172970       2.172980       2.167110       2.165080       2.165450       2.165460       2.165460       2.165460       2.165460       2.172830       2.176570       2.176570       2.177120       2.182620       2.184450       2.189560       2.194690       2.199810       2.204930       2.210060       2.215170       2.220280       2.225390       2.230480       2.235570    
   2.164680       2.164680       2.167440       2.172960       2.172970       2.160660       2.142200       2.145790       2.149380       2.160080       2.165440       2.165460       2.165460       2.165460       2.165460       2.172470       2.176010       2.176010       2.177120       2.182210       2.187310       2.192400       2.197500       2.202600       2.207690       2.212780       2.217860       2.222940       2.228000       2.233060    
   2.164680       2.167440       2.172960       2.172960       2.158190       2.142200       2.142200       2.142200       2.145790       2.149380       2.160050       2.165410       2.165460       2.165460       2.165460       2.165460       2.171820       2.174910       2.174910       2.179980       2.185050       2.190120       2.195200       2.200260       2.205330       2.210390       2.215440       2.220490       2.225520       2.230550    
