iMOD/TUTORIALS/TUT_MetaswapAnalyser/model_MetaSWAP/meteo/Evaporation/Evaporation_20050805_L1.ASC
NCOLS                30
NROWS                30
XLLCORNER     160000.00
YLLCORNER     340000.00
CELLSIZE        1000.00
NODATA_VALUE   -9999.00
   1.405450       1.408140       1.410770       1.413340       1.415860       1.418330       1.420760       1.423150       1.425510       1.427830       1.430120       1.432390       1.434630       1.436850       1.439060       1.441250       1.443430       1.445590       1.447750       1.449910       1.452050       1.454200       1.456340       1.458480       1.460630       1.462770       1.464920       1.467070       1.469220       1.471380    
   1.407840       1.410510       1.413130       1.415690       1.418200       1.420660       1.423090       1.425470       1.427820       1.430130       1.432420       1.434680       1.436920       1.439140       1.441340       1.443530       1.445700       1.447860       1.450020       1.452170       1.454310       1.456450       1.458590       1.460720       1.462860       1.465000       1.467140       1.469290       1.471440       1.473590    
   1.410210       1.412860       1.415460       1.418010       1.420510       1.422960       1.425380       1.427760       1.430100       1.432410       1.434690       1.436950       1.439180       1.441390       1.443590       1.445770       1.447940       1.450100       1.452250       1.454400       1.456530       1.458670       1.460800       1.462940       1.465070       1.467200       1.469340       1.471480       1.473620       1.475770    
   1.412540       1.415180       1.417760       1.420300       1.422790       1.425230       1.427640       1.430010       1.432350       1.434650       1.436930       1.439180       1.441410       1.443620       1.445810       1.447990       1.450150       1.452310       1.454450       1.456590       1.458730       1.460860       1.462990       1.465120       1.467250       1.469380       1.471510       1.473650       1.475790       1.477930    
   1.414860       1.417480       1.420040       1.422560       1.425040       1.427480       1.429880       1.432240       1.434570       1.436860       1.439130       1.441380       1.443600       1.445810       1.448000       1.450170       1.452330       1.454480       1.456630       1.458760       1.460890       1.463020       1.465150       1.467270       1.469400       1.471520       1.473650       1.475790       1.477920       1.480060    
   1.417150       1.419750       1.422300       1.424810       1.427270       1.429700       1.432080       1.434440       1.436760       1.439050       1.441310       1.443550       1.445770       1.447970       1.450160       1.452330       1.454480       1.456630       1.458770       1.460900       1.463030       1.465150       1.467280       1.469400       1.471520       1.473640       1.475770       1.477900       1.480040       1.482170    
   1.419420       1.422000       1.424540       1.427030       1.429480       1.431890       1.434270       1.436610       1.438930       1.441210       1.443470       1.445700       1.447920       1.450110       1.452290       1.454460       1.456610       1.458750       1.460890       1.463020       1.465140       1.467260       1.469380       1.471500       1.473620       1.475740       1.477860       1.479990       1.482120       1.484260    
   1.421680       1.424240       1.426750       1.429230       1.431670       1.434070       1.436430       1.438770       1.441070       1.443350       1.445600       1.447830       1.450030       1.452220       1.454400       1.456560       1.458710       1.460850       1.462980       1.465100       1.467230       1.469340       1.471460       1.473580       1.475690       1.477810       1.479930       1.482060       1.484190       1.486320    
   1.423910       1.426450       1.428950       1.431410       1.433830       1.436220       1.438580       1.440900       1.443190       1.445460       1.447700       1.449930       1.452130       1.454310       1.456480       1.458640       1.460780       1.462920       1.465050       1.467170       1.469290       1.471400       1.473520       1.475630       1.477750       1.479860       1.481980       1.484110       1.486230       1.488370    
   1.426140       1.428650       1.431130       1.433580       1.435980       1.438360       1.440700       1.443010       1.445300       1.447560       1.449790       1.452000       1.454200       1.456380       1.458540       1.460690       1.462830       1.464970       1.467090       1.469210       1.471330       1.473440       1.475550       1.477660       1.479770       1.481890       1.484010       1.486130       1.488260       1.490390    
   1.426120       1.428640       1.432270       1.435730       1.438120       1.440480       1.442810       1.445110       1.447380       1.449630       1.451860       1.454060       1.456250       1.458420       1.460580       1.462730       1.464870       1.466990       1.469110       1.471230       1.473340       1.475450       1.477560       1.479670       1.481780       1.483900       1.486010       1.488140       1.490260       1.492390    
   1.426110       1.430690       1.435730       1.439110       1.440240       1.442580       1.444900       1.447190       1.449450       1.451690       1.453910       1.456100       1.458290       1.460450       1.462600       1.464750       1.466880       1.469000       1.471120       1.473230       1.475340       1.477450       1.479550       1.481660       1.483770       1.485880       1.488000       1.490120       1.492250       1.494380    
   1.429020       1.435730       1.439620       1.441290       1.442340       1.444670       1.446970       1.449250       1.451500       1.453730       1.455940       1.458130       1.460300       1.462460       1.464610       1.466740       1.468870       1.470990       1.473100       1.475210       1.477320       1.479420       1.481530       1.483630       1.485740       1.487850       1.489970       1.492090       1.494210       1.496350    
   1.435730       1.439880       1.441820       1.442340       1.444590       1.446750       1.449040       1.451300       1.453540       1.455760       1.457960       1.460140       1.462300       1.464450       1.466590       1.468720       1.470850       1.472960       1.475070       1.477170       1.479280       1.481380       1.483480       1.485590       1.487700       1.489810       1.491920       1.494040       1.496170       1.498300    
   1.440010       1.442080       1.442340       1.444560       1.446750       1.448960       1.451090       1.453340       1.455570       1.457770       1.459960       1.462130       1.464290       1.466430       1.468570       1.470690       1.472800       1.474910       1.477020       1.479120       1.481220       1.483320       1.485420       1.487530       1.489630       1.491740       1.493860       1.495980       1.498100       1.500230    
   1.442210       1.442340       1.444550       1.446750       1.448930       1.451090       1.452210       1.453330       1.456610       1.459780       1.461950       1.464110       1.466260       1.468400       1.470520       1.472640       1.474750       1.476860       1.478960       1.481050       1.483150       1.485250       1.487350       1.489450       1.491550       1.493660       1.495780       1.497900       1.500020       1.502150    
   1.442340       1.444550       1.446750       1.448920       1.451090       1.451650       1.452210       1.455490       1.459780       1.460870       1.463990       1.466080       1.468220       1.470350       1.472470       1.474580       1.476680       1.478780       1.480880       1.482970       1.485070       1.487160       1.489260       1.491360       1.493460       1.495570       1.497680       1.499800       1.501930       1.504060    
   1.444550       1.446750       1.448920       1.451090       1.451370       1.451650       1.454780       1.459780       1.460320       1.463950       1.467060       1.468050       1.470170       1.472290       1.474400       1.476510       1.478600       1.480700       1.482790       1.484880       1.486970       1.489060       1.491160       1.493250       1.495360       1.497460       1.499580       1.501700       1.503830       1.505960    
   1.446750       1.448920       1.451090       1.451230       1.451370       1.454400       1.459780       1.460050       1.463930       1.467560       1.468050       1.469110       1.471180       1.474230       1.476330       1.478420       1.480510       1.482600       1.484690       1.486770       1.488860       1.490950       1.493040       1.495140       1.497240       1.499350       1.501460       1.503580       1.505710       1.507850    
   1.448920       1.451090       1.451160       1.451230       1.454190       1.459780       1.459920       1.463920       1.467800       1.468050       1.468580       1.470640       1.474230       1.475280       1.476330       1.478420       1.480510       1.482600       1.486650       1.488660       1.490740       1.492830       1.494920       1.497010       1.499110       1.501220       1.503330       1.505460       1.507580       1.509720    
   1.451090       1.451130       1.451160       1.454090       1.459780       1.459850       1.463920       1.467930       1.468050       1.468320       1.470380       1.474230       1.474760       1.475280       1.476680       1.478420       1.480510       1.485980       1.489590       1.490530       1.492610       1.494700       1.496780       1.498880       1.500980       1.503080       1.505200       1.507320       1.509450       1.511590    
   1.451110       1.451130       1.454040       1.459780       1.459810       1.463920       1.467990       1.468050       1.468180       1.470240       1.474230       1.474490       1.474750       1.475570       1.476790       1.478530       1.485100       1.490060       1.490530       1.492540       1.494480       1.496560       1.498640       1.500730       1.502830       1.504940       1.507050       1.509180       1.511310       1.513450    
   1.451110       1.454010       1.459780       1.459800       1.463920       1.468020       1.468050       1.468120       1.470180       1.474230       1.474360       1.474490       1.474940       1.475710       1.476970       1.485360       1.490300       1.490530       1.494630       1.496330       1.497580       1.498410       1.500490       1.502580       1.504680       1.506790       1.508900       1.511030       1.513160       1.515300    
   1.454000       1.459780       1.459790       1.463920       1.468030       1.468050       1.468080       1.470140       1.474230       1.474300       1.474360       1.474600       1.475050       1.482730       1.489740       1.496100       1.496100       1.497190       1.498490       1.499100       1.498180       1.500260       1.502340       1.504430       1.506520       1.508630       1.510740       1.512870       1.515000       1.517150    
   1.459780       1.459780       1.463920       1.468040       1.468050       1.468070       1.470130       1.474230       1.474260       1.474300       1.474420       1.474670       1.487840       1.503390       1.503330       1.500950       1.501900       1.501670       1.500660       1.500030       1.500030       1.502100       1.504180       1.506260       1.508360       1.510470       1.512580       1.514710       1.516850       1.518990    
   1.459780       1.463920       1.468050       1.468050       1.468060       1.470120       1.474230       1.474250       1.474260       1.474330       1.487440       1.506910       1.504610       1.503450       1.503450       1.503330       1.502470       1.502130       1.501670       1.501830       1.501880       1.503940       1.506010       1.508100       1.510190       1.512300       1.514420       1.516540       1.518680       1.520830    
   1.463920       1.468050       1.468050       1.468050       1.470110       1.474230       1.474240       1.474250       1.474280       1.489970       1.506910       1.506910       1.506910       1.504700       1.503560       1.503560       1.503330       1.502760       1.502590       1.501670       1.503720       1.505780       1.507850       1.509930       1.512030       1.514130       1.516250       1.518380       1.520520       1.522670    
   1.468050       1.468050       1.468050       1.470110       1.474230       1.474230       1.474240       1.484310       1.494890       1.506920       1.506910       1.506910       1.506910       1.506910       1.504870       1.503790       1.503790       1.503330       1.503470       1.503510       1.505560       1.507610       1.509680       1.511760       1.513860       1.515960       1.518080       1.520210       1.522360       1.524510    
   1.468050       1.468050       1.470110       1.474230       1.474230       1.490360       1.514540       1.514520       1.514490       1.509450       1.506930       1.506910       1.506910       1.506910       1.506910       1.505200       1.504260       1.504260       1.503330       1.505360       1.507400       1.509450       1.511520       1.513600       1.515690       1.517790       1.519910       1.522050       1.524190       1.526350    
   1.468050       1.470110       1.474230       1.474230       1.493580       1.514540       1.514540       1.514540       1.514520       1.514490       1.509480       1.506960       1.506910       1.506910       1.506910       1.506910       1.505840       1.505180       1.505180       1.507210       1.509240       1.511290       1.513350       1.515430       1.517520       1.519630       1.521750       1.523880       1.526030       1.528190    
