iMOD/TUTORIALS/TUT_MetaswapAnalyser/model_MetaSWAP/meteo/Evaporation/Evaporation_20050719_L1.ASC
NCOLS                30
NROWS                30
XLLCORNER     160000.00
YLLCORNER     340000.00
CELLSIZE        1000.00
NODATA_VALUE   -9999.00
   2.786940       2.786410       2.785970       2.785590       2.785270       2.785010       2.784800       2.784620       2.784480       2.784370       2.784290       2.784220       2.784160       2.784100       2.784050       2.784000       2.783940       2.783860       2.783770       2.783670       2.783540       2.783390       2.783220       2.783020       2.782790       2.782520       2.782230       2.781910       2.781550       2.781160    
   2.787900       2.787340       2.786850       2.786420       2.786060       2.785760       2.785510       2.785290       2.785110       2.784960       2.784840       2.784730       2.784630       2.784550       2.784460       2.784370       2.784280       2.784180       2.784060       2.783930       2.783770       2.783600       2.783400       2.783170       2.782920       2.782640       2.782320       2.781980       2.781600       2.781190    
   2.788930       2.788320       2.787790       2.787320       2.786920       2.786570       2.786280       2.786020       2.785800       2.785610       2.785450       2.785300       2.785170       2.785050       2.784930       2.784810       2.784680       2.784550       2.784400       2.784240       2.784060       2.783850       2.783630       2.783380       2.783100       2.782800       2.782460       2.782090       2.781690       2.781260    
   2.790010       2.789360       2.788790       2.788280       2.787840       2.787450       2.787110       2.786810       2.786550       2.786320       2.786120       2.785940       2.785770       2.785610       2.785450       2.785300       2.785140       2.784970       2.784790       2.784600       2.784390       2.784160       2.783910       2.783630       2.783330       2.783000       2.782640       2.782250       2.781830       2.781380    
   2.791150       2.790460       2.789840       2.789290       2.788810       2.788380       2.788000       2.787660       2.787360       2.787090       2.786850       2.786630       2.786420       2.786220       2.786030       2.785840       2.785650       2.785450       2.785240       2.785020       2.784780       2.784520       2.784240       2.783930       2.783610       2.783250       2.782860       2.782450       2.782010       2.781530    
   2.792350       2.791610       2.790950       2.790360       2.789830       2.789360       2.788940       2.788560       2.788220       2.787910       2.787630       2.787370       2.787120       2.786890       2.786660       2.786440       2.786210       2.785980       2.785740       2.785480       2.785210       2.784920       2.784620       2.784280       2.783930       2.783540       2.783130       2.782690       2.782220       2.781720    
   2.793600       2.792820       2.792120       2.791480       2.790910       2.790400       2.789940       2.789520       2.789140       2.788790       2.788470       2.788170       2.787880       2.787610       2.787350       2.787090       2.786830       2.786560       2.786290       2.786000       2.785700       2.785380       2.785040       2.784680       2.784290       2.783880       2.783440       2.782980       2.782480       2.781960    
   2.794890       2.794080       2.793330       2.792660       2.792040       2.791490       2.790980       2.790520       2.790100       2.789710       2.789350       2.789020       2.788700       2.788390       2.788090       2.787790       2.787490       2.787190       2.786880       2.786560       2.786230       2.785880       2.785510       2.785120       2.784700       2.784260       2.783800       2.783300       2.782780       2.782230    
   2.796240       2.795380       2.794590       2.793880       2.793220       2.792630       2.792080       2.791580       2.791120       2.790690       2.790290       2.789910       2.789560       2.789210       2.788870       2.788540       2.788210       2.787870       2.787530       2.787170       2.786810       2.786420       2.786020       2.785600       2.785150       2.784680       2.784190       2.783670       2.783110       2.782530    
   2.797630       2.796730       2.795900       2.795150       2.794450       2.793810       2.793230       2.792690       2.792180       2.791720       2.791280       2.790860       2.790460       2.790080       2.789710       2.789340       2.788970       2.788600       2.788220       2.787830       2.787430       2.787010       2.786580       2.786120       2.785650       2.785150       2.784620       2.784070       2.783490       2.782880    
   2.797660       2.796750       2.796060       2.796460       2.795720       2.795050       2.794420       2.793840       2.793300       2.792790       2.792310       2.791850       2.791420       2.791000       2.790580       2.790180       2.789770       2.789370       2.788950       2.788530       2.788100       2.787650       2.787180       2.786690       2.786180       2.785650       2.785090       2.784510       2.783890       2.783250    
   2.797680       2.796730       2.796460       2.796900       2.797040       2.796320       2.795650       2.795030       2.794450       2.793900       2.793380       2.792890       2.792420       2.791960       2.791510       2.791060       2.790620       2.790180       2.789730       2.789270       2.788800       2.788320       2.787820       2.787300       2.786760       2.786190       2.785600       2.784980       2.784340       2.783670    
   2.797390       2.796460       2.797370       2.797710       2.798390       2.797630       2.796930       2.796270       2.795650       2.795060       2.794500       2.793970       2.793460       2.792960       2.792470       2.791990       2.791520       2.791040       2.790550       2.790060       2.789550       2.789030       2.788500       2.787940       2.787370       2.786770       2.786140       2.785490       2.784820       2.784110    
   2.796460       2.797570       2.798050       2.798390       2.798340       2.798990       2.798240       2.797540       2.796880       2.796260       2.795660       2.795090       2.794540       2.794000       2.793480       2.792960       2.792450       2.791930       2.791410       2.790880       2.790340       2.789780       2.789210       2.788620       2.788010       2.787380       2.786720       2.786040       2.785330       2.784590    
   2.797660       2.798220       2.798390       2.798570       2.798990       2.798940       2.799590       2.798850       2.798150       2.797490       2.796860       2.796250       2.795660       2.795090       2.794520       2.793970       2.793420       2.792860       2.792310       2.791740       2.791160       2.790570       2.789970       2.789340       2.788700       2.788030       2.787340       2.786620       2.785870       2.785100    
   2.798310       2.798390       2.798650       2.798990       2.799170       2.799590       2.799220       2.798860       2.798310       2.798760       2.798090       2.797440       2.796820       2.796210       2.795610       2.795010       2.794430       2.793840       2.793240       2.792640       2.792030       2.791400       2.790760       2.790090       2.789410       2.788710       2.787980       2.787230       2.786450       2.785640    
   2.798390       2.798680       2.798990       2.799250       2.799590       2.799410       2.799220       2.798790       2.798760       2.798420       2.798580       2.798670       2.798010       2.797360       2.796720       2.796090       2.795470       2.794840       2.794210       2.793570       2.792920       2.792260       2.791580       2.790880       2.790160       2.789420       2.788660       2.787870       2.787050       2.786210    
   2.798690       2.798990       2.799280       2.799590       2.799500       2.799410       2.799040       2.798760       2.798590       2.799000       2.799300       2.799930       2.799230       2.798550       2.797870       2.797210       2.796540       2.795880       2.795210       2.794530       2.793850       2.793150       2.792430       2.791700       2.790940       2.790160       2.789360       2.788530       2.787680       2.786800    
   2.798990       2.799290       2.799590       2.799540       2.799500       2.799180       2.798760       2.798680       2.799180       2.799620       2.799930       2.799580       2.799370       2.799760       2.799050       2.798350       2.797650       2.796950       2.796240       2.795530       2.794810       2.794070       2.793310       2.792540       2.791750       2.790930       2.790090       2.789230       2.788340       2.787420    
   2.799290       2.799590       2.799570       2.799540       2.799240       2.798760       2.798720       2.799260       2.799770       2.799930       2.799760       2.799660       2.799760       2.799410       2.799050       2.798350       2.797650       2.796950       2.796580       2.796550       2.795790       2.795020       2.794230       2.793420       2.792580       2.791730       2.790850       2.789950       2.789020       2.788070    
   2.799590       2.799580       2.799570       2.799280       2.798760       2.798740       2.799300       2.799850       2.799930       2.799840       2.799780       2.799760       2.799580       2.799410       2.798940       2.798350       2.797650       2.797170       2.797080       2.797610       2.796810       2.795990       2.795160       2.794320       2.793450       2.792550       2.791640       2.790700       2.789730       2.788730    
   2.799580       2.799580       2.799300       2.798760       2.798750       2.799320       2.799890       2.799930       2.799890       2.799830       2.799760       2.799670       2.799580       2.799310       2.798900       2.798310       2.797630       2.797350       2.797610       2.797420       2.797850       2.797000       2.796130       2.795240       2.794330       2.793400       2.792440       2.791460       2.790460       2.789420    
   2.799580       2.799300       2.798760       2.798750       2.799340       2.799910       2.799930       2.799910       2.799850       2.799760       2.799720       2.799670       2.799520       2.799260       2.798840       2.798660       2.797480       2.797610       2.798630       2.798920       2.798390       2.798020       2.797120       2.796190       2.795240       2.794270       2.793270       2.792250       2.791200       2.790130    
   2.799310       2.798760       2.798760       2.799340       2.799920       2.799930       2.799920       2.799860       2.799760       2.799740       2.799720       2.799640       2.799480       2.801370       2.801730       2.801010       2.801000       2.800600       2.800190       2.800550       2.800000       2.799070       2.798120       2.797160       2.796170       2.795160       2.794120       2.793060       2.791970       2.790850    
   2.798760       2.798760       2.799340       2.799930       2.799930       2.799920       2.799870       2.799760       2.799750       2.799740       2.799700       2.799610       2.803270       2.807900       2.807860       2.804770       2.804540       2.804390       2.802200       2.801110       2.801100       2.800140       2.799150       2.798150       2.797120       2.796060       2.794990       2.793880       2.792750       2.791590    
   2.798760       2.799340       2.799930       2.799930       2.799930       2.799870       2.799760       2.799750       2.799750       2.799730       2.804930       2.812790       2.809560       2.807940       2.807940       2.807860       2.805700       2.804690       2.804390       2.802770       2.802220       2.801220       2.800200       2.799150       2.798080       2.796990       2.795870       2.794720       2.793550       2.792350    
   2.799340       2.799930       2.799930       2.799930       2.799870       2.799760       2.799760       2.799750       2.799740       2.806000       2.812790       2.812790       2.812790       2.809620       2.808020       2.808020       2.807860       2.805850       2.804990       2.804390       2.803360       2.802320       2.801260       2.800170       2.799060       2.797930       2.796760       2.795580       2.794360       2.793110    
   2.799930       2.799930       2.799930       2.799870       2.799760       2.799760       2.799760       2.804940       2.809030       2.812790       2.812790       2.812790       2.812790       2.812790       2.809730       2.808170       2.808170       2.807860       2.806150       2.805580       2.804510       2.803430       2.802330       2.801200       2.800050       2.798880       2.797670       2.796440       2.795180       2.793890    
   2.799930       2.799930       2.799870       2.799760       2.799760       2.809100       2.823110       2.821810       2.820500       2.815370       2.812800       2.812790       2.812790       2.812790       2.812790       2.809950       2.808490       2.808490       2.807860       2.806780       2.805680       2.804560       2.803410       2.802250       2.801060       2.799840       2.798590       2.797310       2.796010       2.794680    
   2.799930       2.799870       2.799760       2.799760       2.810970       2.823110       2.823110       2.823110       2.821810       2.820500       2.815390       2.812820       2.812790       2.812790       2.812790       2.812790       2.810340       2.809110       2.809110       2.807990       2.806850       2.805690       2.804510       2.803300       2.802070       2.800800       2.799510       2.798190       2.796840       2.795470    
