iMOD/TUTORIALS/TUT_MetaswapAnalyser/model_MetaSWAP/meteo/Evaporation/Evaporation_20050116_L1.ASC
NCOLS                30
NROWS                30
XLLCORNER     160000.00
YLLCORNER     340000.00
CELLSIZE        1000.00
NODATA_VALUE   -9999.00
  0.5283200      0.5282700      0.5282300      0.5282000      0.5281800      0.5281700      0.5281700      0.5281800      0.5282000      0.5282300      0.5282700      0.5283300      0.5283900      0.5284600      0.5285500      0.5286400      0.5287500      0.5288700      0.5289900      0.5291300      0.5292800      0.5294400      0.5296000      0.5297800      0.5299700      0.5301700      0.5303800      0.5306000      0.5308200      0.5310600    
  0.5288100      0.5287600      0.5287200      0.5286900      0.5286700      0.5286600      0.5286600      0.5286800      0.5287000      0.5287300      0.5287700      0.5288300      0.5288900      0.5289600      0.5290500      0.5291400      0.5292500      0.5293600      0.5294900      0.5296300      0.5297700      0.5299300      0.5301000      0.5302700      0.5304600      0.5306600      0.5308600      0.5310800      0.5313000      0.5315400    
  0.5293000      0.5292500      0.5292100      0.5291800      0.5291700      0.5291600      0.5291600      0.5291700      0.5292000      0.5292300      0.5292700      0.5293200      0.5293900      0.5294600      0.5295500      0.5296400      0.5297400      0.5298600      0.5299800      0.5301200      0.5302700      0.5304200      0.5305900      0.5307600      0.5309500      0.5311400      0.5313500      0.5315600      0.5317800      0.5320200    
  0.5297900      0.5297400      0.5297000      0.5296800      0.5296600      0.5296500      0.5296600      0.5296700      0.5296900      0.5297300      0.5297700      0.5298200      0.5298900      0.5299600      0.5300400      0.5301400      0.5302400      0.5303600      0.5304800      0.5306100      0.5307600      0.5309100      0.5310800      0.5312500      0.5314400      0.5316300      0.5318300      0.5320500      0.5322700      0.5325000    
  0.5302700      0.5302300      0.5302000      0.5301700      0.5301600      0.5301500      0.5301500      0.5301700      0.5301900      0.5302200      0.5302700      0.5303200      0.5303800      0.5304600      0.5305400      0.5306300      0.5307400      0.5308500      0.5309800      0.5311100      0.5312500      0.5314100      0.5315700      0.5317400      0.5319300      0.5321200      0.5323200      0.5325300      0.5327500      0.5329800    
  0.5307600      0.5307200      0.5306900      0.5306600      0.5306500      0.5306400      0.5306500      0.5306600      0.5306900      0.5307200      0.5307600      0.5308200      0.5308800      0.5309500      0.5310400      0.5311300      0.5312300      0.5313500      0.5314700      0.5316000      0.5317500      0.5319000      0.5320600      0.5322300      0.5324100      0.5326000      0.5328000      0.5330100      0.5332300      0.5334600    
  0.5312500      0.5312100      0.5311800      0.5311600      0.5311400      0.5311400      0.5311400      0.5311600      0.5311800      0.5312200      0.5312600      0.5313200      0.5313800      0.5314500      0.5315400      0.5316300      0.5317300      0.5318400      0.5319700      0.5321000      0.5322400      0.5323900      0.5325500      0.5327200      0.5329000      0.5330900      0.5332900      0.5335000      0.5337100      0.5339400    
  0.5317400      0.5317000      0.5316700      0.5316500      0.5316400      0.5316300      0.5316400      0.5316500      0.5316800      0.5317100      0.5317600      0.5318100      0.5318800      0.5319500      0.5320300      0.5321200      0.5322300      0.5323400      0.5324600      0.5325900      0.5327300      0.5328800      0.5330400      0.5332100      0.5333900      0.5335800      0.5337800      0.5339800      0.5342000      0.5344200    
  0.5322300      0.5321900      0.5321600      0.5321400      0.5321300      0.5321300      0.5321300      0.5321500      0.5321700      0.5322100      0.5322500      0.5323100      0.5323700      0.5324500      0.5325300      0.5326200      0.5327200      0.5328300      0.5329600      0.5330900      0.5332300      0.5333800      0.5335300      0.5337000      0.5338800      0.5340700      0.5342600      0.5344700      0.5346800      0.5349000    
  0.5327100      0.5326800      0.5326500      0.5326300      0.5326200      0.5326200      0.5326300      0.5326400      0.5326700      0.5327100      0.5327500      0.5328000      0.5328700      0.5329400      0.5330200      0.5331200      0.5332200      0.5333300      0.5334500      0.5335800      0.5337200      0.5338700      0.5340200      0.5341900      0.5343700      0.5345500      0.5347500      0.5349500      0.5351600      0.5353800    
  0.5327170      0.5326800      0.5327700      0.5331200      0.5331100      0.5331100      0.5331200      0.5331400      0.5331600      0.5332000      0.5332500      0.5333000      0.5333600      0.5334400      0.5335200      0.5336100      0.5337100      0.5338200      0.5339400      0.5340700      0.5342100      0.5343600      0.5345200      0.5346800      0.5348600      0.5350400      0.5352300      0.5354300      0.5356400      0.5358600    
  0.5327190      0.5328220      0.5331200      0.5334800      0.5336000      0.5336000      0.5336100      0.5336300      0.5336600      0.5336900      0.5337400      0.5338000      0.5338600      0.5339300      0.5340100      0.5341100      0.5342100      0.5343200      0.5344400      0.5345700      0.5347000      0.5348500      0.5350100      0.5351700      0.5353400      0.5355300      0.5357200      0.5359200      0.5361300      0.5363400    
  0.5328560      0.5331200      0.5336340      0.5338450      0.5340900      0.5340900      0.5341000      0.5341200      0.5341500      0.5341900      0.5342400      0.5342900      0.5343500      0.5344300      0.5345100      0.5346000      0.5347000      0.5348100      0.5349300      0.5350600      0.5352000      0.5353400      0.5355000      0.5356600      0.5358300      0.5360100      0.5362000      0.5364000      0.5366100      0.5368200    
  0.5331200      0.5337030      0.5339670      0.5340900      0.5342570      0.5345900      0.5346000      0.5346200      0.5346500      0.5346800      0.5347300      0.5347800      0.5348500      0.5349200      0.5350000      0.5351000      0.5352000      0.5353000      0.5354200      0.5355500      0.5356900      0.5358300      0.5359900      0.5361500      0.5363200      0.5365000      0.5366900      0.5368900      0.5370900      0.5373100    
  0.5337350      0.5340290      0.5340900      0.5343120      0.5345900      0.5347600      0.5350900      0.5351100      0.5351400      0.5351800      0.5352200      0.5352800      0.5353400      0.5354200      0.5355000      0.5355900      0.5356900      0.5358000      0.5359200      0.5360400      0.5361800      0.5363200      0.5364800      0.5366400      0.5368100      0.5369900      0.5371800      0.5373700      0.5375800      0.5377900    
  0.5340590      0.5340900      0.5343310      0.5345900      0.5348130      0.5350900      0.5351000      0.5351130      0.5352750      0.5356700      0.5357200      0.5357700      0.5358400      0.5359100      0.5359900      0.5360800      0.5361800      0.5362900      0.5364100      0.5365300      0.5366700      0.5368100      0.5369700      0.5371300      0.5373000      0.5374700      0.5376600      0.5378600      0.5380600      0.5382700    
  0.5340900      0.5343370      0.5345900      0.5348310      0.5350900      0.5350950      0.5351010      0.5352900      0.5356700      0.5356950      0.5360380      0.5362700      0.5363300      0.5364000      0.5364900      0.5365800      0.5366800      0.5367800      0.5369000      0.5370300      0.5371600      0.5373000      0.5374600      0.5376200      0.5377800      0.5379600      0.5381500      0.5383400      0.5385400      0.5387500    
  0.5343390      0.5345900      0.5348370      0.5350900      0.5350920      0.5350950      0.5352890      0.5356700      0.5356820      0.5361360      0.5365150      0.5367600      0.5368200      0.5369000      0.5369800      0.5370700      0.5371700      0.5372800      0.5373900      0.5375200      0.5376500      0.5377900      0.5379400      0.5381000      0.5382700      0.5384500      0.5386300      0.5388200      0.5390200      0.5392300    
  0.5345900      0.5348390      0.5350900      0.5350910      0.5350930      0.5352870      0.5356700      0.5356760      0.5361770      0.5366370      0.5367600      0.5367900      0.5369680      0.5373900      0.5374700      0.5375600      0.5376600      0.5377700      0.5378800      0.5380100      0.5381400      0.5382800      0.5384300      0.5385900      0.5387600      0.5389300      0.5391200      0.5393100      0.5395100      0.5397200    
  0.5348400      0.5350900      0.5350910      0.5350910      0.5352850      0.5356700      0.5356730      0.5361960      0.5366990      0.5367600      0.5367750      0.5369770      0.5373900      0.5374300      0.5374730      0.5375630      0.5376630      0.5377700      0.5382300      0.5385000      0.5386300      0.5387700      0.5389200      0.5390800      0.5392500      0.5394200      0.5396000      0.5397900      0.5399900      0.5402000    
  0.5350900      0.5350900      0.5350910      0.5352840      0.5356700      0.5356720      0.5362060      0.5367290      0.5367600      0.5367670      0.5369750      0.5373900      0.5374100      0.5374310      0.5374890      0.5375670      0.5376660      0.5382800      0.5387450      0.5389900      0.5391200      0.5392600      0.5394100      0.5395700      0.5397300      0.5399100      0.5400900      0.5402800      0.5404700      0.5406800    
  0.5350900      0.5350900      0.5352840      0.5356700      0.5356710      0.5362100      0.5367450      0.5367600      0.5367640      0.5369730      0.5373900      0.5374000      0.5374100      0.5374430      0.5374960      0.5375740      0.5382740      0.5388680      0.5389900      0.5392400      0.5396100      0.5397500      0.5399000      0.5400600      0.5402200      0.5403900      0.5405700      0.5407600      0.5409600      0.5411600    
  0.5350900      0.5352840      0.5356700      0.5356700      0.5362130      0.5367520      0.5367600      0.5367620      0.5369720      0.5373900      0.5373950      0.5374000      0.5374180      0.5374500      0.5375040      0.5385460      0.5389290      0.5389900      0.5397910      0.5401000      0.5401840      0.5402400      0.5403900      0.5405400      0.5407100      0.5408800      0.5410600      0.5412500      0.5414400      0.5416400    
  0.5352830      0.5356700      0.5356700      0.5362140      0.5367560      0.5367600      0.5367610      0.5369710      0.5373900      0.5373920      0.5373950      0.5374040      0.5374230      0.5387900      0.5397720      0.5404600      0.5404600      0.5405520      0.5406720      0.5408350      0.5405900      0.5407300      0.5408800      0.5410300      0.5412000      0.5413700      0.5415400      0.5417300      0.5419300      0.5421300    
  0.5356700      0.5356700      0.5362140      0.5367580      0.5367600      0.5367600      0.5369700      0.5373900      0.5373910      0.5373920      0.5373970      0.5374070      0.5398490      0.5428050      0.5427900      0.5418810      0.5419910      0.5419300      0.5413760      0.5410800      0.5410800      0.5412200      0.5413700      0.5415200      0.5416800      0.5418500      0.5420300      0.5422200      0.5424100      0.5426100    
  0.5356700      0.5362150      0.5367590      0.5367600      0.5367600      0.5369700      0.5373900      0.5373910      0.5373910      0.5373940      0.5400950      0.5441400      0.5432630      0.5428210      0.5428210      0.5427900      0.5422810      0.5420530      0.5419300      0.5416600      0.5415700      0.5417100      0.5418500      0.5420100      0.5421700      0.5423400      0.5425200      0.5427000      0.5428900      0.5430900    
  0.5362150      0.5367590      0.5367600      0.5367600      0.5369700      0.5373900      0.5373900      0.5373910      0.5373920      0.5406320      0.5441400      0.5441400      0.5441400      0.5432850      0.5428510      0.5428510      0.5427900      0.5423520      0.5421750      0.5419300      0.5420600      0.5422000      0.5423400      0.5425000      0.5426600      0.5428200      0.5430000      0.5431800      0.5433800      0.5435800    
  0.5367600      0.5367600      0.5367600      0.5369700      0.5373900      0.5373900      0.5373900      0.5396660      0.5418290      0.5441410      0.5441400      0.5441400      0.5441400      0.5441400      0.5433300      0.5429120      0.5429120      0.5427900      0.5425130      0.5424200      0.5425500      0.5426900      0.5428300      0.5429800      0.5431400      0.5433100      0.5434900      0.5436700      0.5438600      0.5440600    
  0.5367600      0.5367600      0.5369700      0.5373900      0.5373900      0.5411900      0.5468900      0.5466900      0.5464900      0.5449270      0.5441440      0.5441400      0.5441400      0.5441400      0.5441400      0.5434170      0.5430350      0.5430350      0.5427900      0.5429100      0.5430400      0.5431700      0.5433200      0.5434700      0.5436300      0.5438000      0.5439700      0.5441500      0.5443400      0.5445400    
  0.5367600      0.5369700      0.5373900      0.5373900      0.5419510      0.5468910      0.5468910      0.5468900      0.5466900      0.5464900      0.5449340      0.5441520      0.5441400      0.5441400      0.5441400      0.5441400      0.5435790      0.5432800      0.5432800      0.5434000      0.5435300      0.5436600      0.5438100      0.5439600      0.5441200      0.5442800      0.5444600      0.5446400      0.5448300      0.5450200    
