iMOD/TUTORIALS/TUT_MetaswapAnalyser/model_MetaSWAP/meteo/Evaporation/Evaporation_20061127_L1.ASC
NCOLS                30
NROWS                30
XLLCORNER     160000.00
YLLCORNER     340000.00
CELLSIZE        1000.00
NODATA_VALUE   -9999.00
  0.4878900      0.4855800      0.4832400      0.4808900      0.4785100      0.4761200      0.4737100      0.4712900      0.4688600      0.4664300      0.4639800      0.4615300      0.4590700      0.4566100      0.4541600      0.4517000      0.4492400      0.4467900      0.4443400      0.4418900      0.4394500      0.4370200      0.4346000      0.4321800      0.4297800      0.4273800      0.4249900      0.4226200      0.4202600      0.4179000    
  0.4867300      0.4844200      0.4820900      0.4797400      0.4773700      0.4749800      0.4725800      0.4701700      0.4677500      0.4653200      0.4628800      0.4604300      0.4579800      0.4555300      0.4530800      0.4506300      0.4481800      0.4457300      0.4432900      0.4408500      0.4384200      0.4359900      0.4335700      0.4311600      0.4287600      0.4263700      0.4239900      0.4216200      0.4192600      0.4169100    
  0.4855300      0.4832300      0.4809000      0.4785600      0.4762000      0.4738200      0.4714300      0.4690200      0.4666100      0.4641800      0.4617500      0.4593100      0.4568700      0.4544300      0.4519800      0.4495400      0.4470900      0.4446500      0.4422100      0.4397800      0.4373500      0.4349300      0.4325200      0.4301200      0.4277200      0.4253400      0.4229600      0.4206000      0.4182400      0.4159000    
  0.4843200      0.4820200      0.4797000      0.4773600      0.4750000      0.4726300      0.4702500      0.4678500      0.4654400      0.4630200      0.4606000      0.4581700      0.4557300      0.4533000      0.4508600      0.4484200      0.4459800      0.4435500      0.4411200      0.4386900      0.4362700      0.4338600      0.4314500      0.4290500      0.4266600      0.4242800      0.4219100      0.4195500      0.4172100      0.4148700    
  0.4830800      0.4807900      0.4784700      0.4761400      0.4737900      0.4714200      0.4690400      0.4666500      0.4642500      0.4618400      0.4594200      0.4570000      0.4545700      0.4521400      0.4497100      0.4472800      0.4448500      0.4424200      0.4400000      0.4375800      0.4351600      0.4327600      0.4303600      0.4279600      0.4255800      0.4232100      0.4208400      0.4184900      0.4161500      0.4138200    
  0.4818200      0.4795300      0.4772200      0.4749000      0.4725500      0.4701900      0.4678200      0.4654400      0.4630400      0.4606400      0.4582300      0.4558100      0.4533900      0.4509700      0.4485400      0.4461200      0.4436900      0.4412700      0.4388600      0.4364400      0.4340400      0.4316400      0.4292400      0.4268600      0.4244800      0.4221100      0.4197600      0.4174100      0.4150700      0.4127500    
  0.4805500      0.4782600      0.4759600      0.4736300      0.4712900      0.4689400      0.4665700      0.4642000      0.4618100      0.4594100      0.4570100      0.4546000      0.4521800      0.4497700      0.4473500      0.4449300      0.4425200      0.4401000      0.4376900      0.4352900      0.4328900      0.4304900      0.4281100      0.4257300      0.4233600      0.4210000      0.4186500      0.4163100      0.4139800      0.4116600    
  0.4792500      0.4769700      0.4746700      0.4723500      0.4700200      0.4676700      0.4653100      0.4629400      0.4605600      0.4581700      0.4557700      0.4533700      0.4509600      0.4485500      0.4461400      0.4437300      0.4413200      0.4389100      0.4365100      0.4341100      0.4317200      0.4293300      0.4269500      0.4245800      0.4222200      0.4198700      0.4175200      0.4151900      0.4128700      0.4105600    
  0.4779400      0.4756600      0.4733600      0.4710500      0.4687200      0.4663800      0.4640300      0.4616600      0.4592800      0.4569000      0.4545100      0.4521100      0.4497100      0.4473100      0.4449100      0.4425100      0.4401000      0.4377100      0.4353100      0.4329200      0.4305300      0.4281500      0.4257800      0.4234200      0.4210600      0.4187100      0.4163800      0.4140500      0.4117400      0.4094300    
  0.4766100      0.4743400      0.4720400      0.4697300      0.4674100      0.4650700      0.4627200      0.4603600      0.4579900      0.4556200      0.4532300      0.4508400      0.4484500      0.4460600      0.4436600      0.4412600      0.4388700      0.4364800      0.4340900      0.4317000      0.4293300      0.4269500      0.4245900      0.4222300      0.4198800      0.4175400      0.4152200      0.4129000      0.4105900      0.4082900    
  0.4766070      0.4743300      0.4711280      0.4684000      0.4660800      0.4637500      0.4614000      0.4590500      0.4566900      0.4543200      0.4519400      0.4495600      0.4471700      0.4447800      0.4423900      0.4400000      0.4376200      0.4352300      0.4328500      0.4304700      0.4281000      0.4257400      0.4233800      0.4210300      0.4186900      0.4163600      0.4140400      0.4117300      0.4094300      0.4071400    
  0.4765990      0.4726160      0.4684000      0.4656500      0.4647400      0.4624100      0.4600700      0.4577200      0.4553600      0.4530000      0.4506300      0.4482500      0.4458700      0.4434900      0.4411100      0.4387300      0.4363400      0.4339700      0.4315900      0.4292200      0.4268600      0.4245000      0.4221500      0.4198100      0.4174800      0.4151600      0.4128400      0.4105400      0.4082500      0.4059700    
  0.4741170      0.4684000      0.4653730      0.4640600      0.4633800      0.4610500      0.4587200      0.4563800      0.4540200      0.4516600      0.4493000      0.4469300      0.4445600      0.4421800      0.4398100      0.4374300      0.4350600      0.4326900      0.4303200      0.4279600      0.4256000      0.4232500      0.4209100      0.4185800      0.4162500      0.4139400      0.4116300      0.4093400      0.4070500      0.4047800    
  0.4684000      0.4652180      0.4637200      0.4633800      0.4613700      0.4596800      0.4573500      0.4550200      0.4526700      0.4503200      0.4479600      0.4455900      0.4432300      0.4408600      0.4384900      0.4361200      0.4337500      0.4313900      0.4290300      0.4266800      0.4243300      0.4219900      0.4196500      0.4173300      0.4150100      0.4127000      0.4104100      0.4081200      0.4058400      0.4035800    
  0.4651370      0.4635500      0.4633800      0.4614770      0.4596800      0.4576700      0.4559800      0.4536400      0.4513000      0.4489500      0.4466000      0.4442400      0.4418800      0.4395200      0.4371600      0.4348000      0.4324400      0.4300800      0.4277300      0.4253800      0.4230400      0.4207100      0.4183800      0.4160600      0.4137500      0.4114500      0.4091700      0.4068900      0.4046200      0.4023600    
  0.4634650      0.4633800      0.4615120      0.4596800      0.4577770      0.4559800      0.4548100      0.4536400      0.4503680      0.4475800      0.4452300      0.4428800      0.4405200      0.4381700      0.4358100      0.4334600      0.4311000      0.4287500      0.4264100      0.4240700      0.4217400      0.4194100      0.4170900      0.4147800      0.4124800      0.4101900      0.4079100      0.4056400      0.4033800      0.4011400    
  0.4633800      0.4615240      0.4596800      0.4578120      0.4559800      0.4553950      0.4548100      0.4515990      0.4475800      0.4464050      0.4434600      0.4415000      0.4391500      0.4368000      0.4344500      0.4321000      0.4297600      0.4274200      0.4250800      0.4227500      0.4204200      0.4181000      0.4157900      0.4134900      0.4112000      0.4089200      0.4066400      0.4043800      0.4021300      0.3999000    
  0.4615280      0.4596800      0.4578240      0.4559800      0.4556880      0.4553950      0.4523460      0.4475800      0.4469930      0.4436720      0.4408050      0.4401100      0.4377700      0.4354200      0.4330800      0.4307400      0.4284000      0.4260600      0.4237300      0.4214100      0.4190900      0.4167800      0.4144800      0.4121900      0.4099000      0.4076300      0.4053700      0.4031100      0.4008700      0.3986400    
  0.4596800      0.4578280      0.4559800      0.4558340      0.4556880      0.4527520      0.4475800      0.4472860      0.4437620      0.4404580      0.4401100      0.4389400      0.4368320      0.4340300      0.4317000      0.4293600      0.4270300      0.4247000      0.4223800      0.4200600      0.4177500      0.4154500      0.4131500      0.4108700      0.4085900      0.4063300      0.4040700      0.4018300      0.3996000      0.3973800    
  0.4578290      0.4559800      0.4559070      0.4558340      0.4529630      0.4475800      0.4474330      0.4438050      0.4402840      0.4401100      0.4395250      0.4374780      0.4340300      0.4328650      0.4316970      0.4293630      0.4270300      0.4247030      0.4206340      0.4187000      0.4164000      0.4141000      0.4118200      0.4095400      0.4072700      0.4050200      0.4027700      0.4005400      0.3983200      0.3961100    
  0.4559800      0.4559430      0.4559070      0.4530710      0.4475800      0.4475070      0.4438250      0.4401970      0.4401100      0.4398170      0.4377860      0.4340300      0.4334470      0.4328640      0.4313080      0.4293630      0.4270320      0.4215420      0.4180150      0.4173300      0.4150400      0.4127500      0.4104700      0.4082000      0.4059400      0.4037000      0.4014600      0.3992400      0.3970200      0.3948200    
  0.4559620      0.4559430      0.4531250      0.4475800      0.4475430      0.4438350      0.4401530      0.4401100      0.4399640      0.4379360      0.4340300      0.4337390      0.4334470      0.4325400      0.4311790      0.4292350      0.4225880      0.4176730      0.4173300      0.4153430      0.4136600      0.4113800      0.4091100      0.4068500      0.4046000      0.4023700      0.4001400      0.3979200      0.3957200      0.3935300    
  0.4559620      0.4531530      0.4475800      0.4475620      0.4438400      0.4401320      0.4401100      0.4400370      0.4380100      0.4340300      0.4338840      0.4337390      0.4332420      0.4323890      0.4309840      0.4227270      0.4175010      0.4173300      0.4137850      0.4122750      0.4109140      0.4100100      0.4077500      0.4055000      0.4032600      0.4010300      0.3988100      0.3966000      0.3944100      0.3922300    
  0.4531660      0.4475800      0.4475710      0.4438430      0.4401210      0.4401100      0.4400730      0.4380470      0.4340300      0.4339570      0.4338840      0.4336220      0.4331230      0.4262360      0.4195410      0.4131280      0.4131300      0.4119850      0.4106520      0.4101900      0.4108900      0.4086300      0.4063700      0.4041300      0.4019000      0.3996800      0.3974700      0.3952700      0.3930900      0.3909200    
  0.4475800      0.4475750      0.4438440      0.4401150      0.4401100      0.4400920      0.4380650      0.4340300      0.4339940      0.4339570      0.4338210      0.4335430      0.4219010      0.4082850      0.4083300      0.4096860      0.4087530      0.4089300      0.4092270      0.4094900      0.4094900      0.4072400      0.4049900      0.4027600      0.4005300      0.3983200      0.3961200      0.3939400      0.3917600      0.3896000    
  0.4475780      0.4438440      0.4401130      0.4401100      0.4401010      0.4380740      0.4340300      0.4340120      0.4339940      0.4339240      0.4227640      0.4062500      0.4075690      0.4082400      0.4082400      0.4083300      0.4085330      0.4085750      0.4089300      0.4082970      0.4080900      0.4058400      0.4036000      0.4013800      0.3991600      0.3969600      0.3947700      0.3926000      0.3904300      0.3882800    
  0.4438450      0.4401110      0.4401100      0.4401050      0.4380790      0.4340300      0.4340210      0.4340120      0.4339760      0.4206360      0.4062500      0.4062500      0.4062500      0.4075020      0.4081500      0.4081500      0.4083300      0.4082980      0.4082200      0.4089300      0.4066800      0.4044400      0.4022100      0.3999900      0.3977900      0.3955900      0.3934100      0.3912500      0.3890900      0.3869500    
  0.4401110      0.4401100      0.4401080      0.4380810      0.4340300      0.4340250      0.4340210      0.4258200      0.4167870      0.4062460      0.4062500      0.4062500      0.4062500      0.4062500      0.4073690      0.4079700      0.4079700      0.4083300      0.4077130      0.4075100      0.4052600      0.4030300      0.4008100      0.3986000      0.3964000      0.3942200      0.3920500      0.3898900      0.3877500      0.3856200    
  0.4401100      0.4401090      0.4380820      0.4340300      0.4340280      0.4212470      0.4020800      0.4016750      0.4012700      0.4045790      0.4062380      0.4062500      0.4062500      0.4062500      0.4062500      0.4071080      0.4076100      0.4076100      0.4083300      0.4060800      0.4038400      0.4016200      0.3994000      0.3972000      0.3950200      0.3928400      0.3906800      0.3885400      0.3864100      0.3842900    
  0.4401090      0.4380830      0.4340300      0.4340290      0.4186910      0.4020770      0.4020770      0.4020800      0.4016750      0.4012700      0.4045590      0.4062140      0.4062500      0.4062500      0.4062500      0.4062500      0.4066000      0.4068900      0.4068900      0.4046500      0.4024200      0.4002000      0.3980000      0.3958000      0.3936300      0.3914600      0.3893100      0.3871800      0.3850600      0.3829500    
