iMOD/TUTORIALS/TUT_MetaswapAnalyser/model_MetaSWAP/meteo/Evaporation/Evaporation_20050713_L1.ASC
NCOLS                30
NROWS                30
XLLCORNER     160000.00
YLLCORNER     340000.00
CELLSIZE        1000.00
NODATA_VALUE   -9999.00
   4.787900       4.791730       4.795530       4.799320       4.803090       4.806840       4.810580       4.814300       4.818010       4.821710       4.825400       4.829070       4.832740       4.836400       4.840050       4.843700       4.847340       4.850980       4.854610       4.858250       4.861880       4.865510       4.869140       4.872780       4.876410       4.880050       4.883690       4.887340       4.890990       4.894650    
   4.789530       4.793340       4.797120       4.800900       4.804650       4.808390       4.812110       4.815820       4.819520       4.823200       4.826880       4.830550       4.834210       4.837860       4.841510       4.845150       4.848790       4.852420       4.856050       4.859690       4.863320       4.866950       4.870590       4.874230       4.877870       4.881510       4.885160       4.888810       4.892470       4.896140    
   4.791160       4.794950       4.798720       4.802480       4.806210       4.809940       4.813640       4.817340       4.821030       4.824700       4.828370       4.832030       4.835680       4.839320       4.842960       4.846600       4.850240       4.853870       4.857500       4.861130       4.864760       4.868400       4.872040       4.875680       4.879320       4.882970       4.886630       4.890290       4.893960       4.897630    
   4.792810       4.796570       4.800330       4.804060       4.807780       4.811490       4.815180       4.818870       4.822540       4.826200       4.829860       4.833510       4.837150       4.840790       4.844430       4.848060       4.851690       4.855320       4.858950       4.862580       4.866210       4.869850       4.873490       4.877130       4.880780       4.884440       4.888100       4.891770       4.895440       4.899120    
   4.794450       4.798200       4.801940       4.805650       4.809360       4.813050       4.816730       4.820400       4.824060       4.827710       4.831360       4.835000       4.838630       4.842260       4.845890       4.849520       4.853150       4.856770       4.860400       4.864030       4.867660       4.871300       4.874940       4.878590       4.882240       4.885900       4.889570       4.893250       4.896930       4.900620    
   4.796110       4.799840       4.803550       4.807250       4.810940       4.814620       4.818280       4.821940       4.825590       4.829230       4.832860       4.836490       4.840120       4.843740       4.847360       4.850990       4.854610       4.858230       4.861860       4.865490       4.869120       4.872760       4.876400       4.880050       4.883710       4.887380       4.891050       4.894730       4.898420       4.902130    
   4.797770       4.801480       4.805180       4.808860       4.812530       4.816190       4.819840       4.823490       4.827120       4.830750       4.834370       4.837990       4.841610       4.845230       4.848840       4.852460       4.856080       4.859700       4.863320       4.866950       4.870580       4.874220       4.877870       4.881520       4.885180       4.888850       4.892530       4.896220       4.899920       4.903630    
   4.799440       4.803130       4.806810       4.810480       4.814130       4.817780       4.821410       4.825040       4.828660       4.832280       4.835890       4.839500       4.843110       4.846720       4.850330       4.853940       4.857550       4.861170       4.864790       4.868420       4.872050       4.875690       4.879340       4.883000       4.886660       4.890340       4.894020       4.897720       4.901430       4.905140    
   4.801120       4.804790       4.808450       4.812100       4.815740       4.819370       4.822990       4.826600       4.830210       4.833820       4.837420       4.841020       4.844620       4.848220       4.851820       4.855420       4.859030       4.862650       4.866270       4.869890       4.873520       4.877170       4.880820       4.884480       4.888140       4.891830       4.895520       4.899220       4.902940       4.906660    
   4.802810       4.806460       4.810100       4.813730       4.817360       4.820970       4.824570       4.828170       4.831770       4.835360       4.838950       4.842540       4.846130       4.849730       4.853320       4.856920       4.860520       4.864130       4.867750       4.871370       4.875010       4.878650       4.882300       4.885960       4.889640       4.893320       4.897020       4.900730       4.904450       4.908190    
   4.802800       4.806460       4.811420       4.815380       4.818980       4.822580       4.826170       4.829760       4.833340       4.836920       4.840500       4.844080       4.847660       4.851240       4.854830       4.858420       4.862020       4.865630       4.869240       4.872860       4.876490       4.880140       4.883790       4.887460       4.891130       4.894820       4.898530       4.902240       4.905980       4.909720    
   4.802800       4.809010       4.815380       4.819310       4.820620       4.824200       4.827780       4.831350       4.834920       4.838480       4.842050       4.845620       4.849190       4.852770       4.856350       4.859930       4.863530       4.867130       4.870740       4.874360       4.877990       4.881640       4.885290       4.888960       4.892640       4.896340       4.900050       4.903770       4.907510       4.911260    
   4.806580       4.815380       4.819600       4.821440       4.822270       4.825830       4.829390       4.832950       4.836510       4.840060       4.843620       4.847170       4.850740       4.854300       4.857880       4.861460       4.865040       4.868640       4.872250       4.875870       4.879500       4.883140       4.886800       4.890470       4.894160       4.897860       4.901570       4.905300       4.909050       4.912810    
   4.815380       4.819780       4.821860       4.822270       4.825190       4.827480       4.831020       4.834570       4.838110       4.841650       4.845190       4.848740       4.852290       4.855850       4.859420       4.862990       4.866570       4.870160       4.873770       4.877390       4.881020       4.884660       4.888320       4.891990       4.895680       4.899390       4.903110       4.906850       4.910600       4.914370    
   4.819870       4.822060       4.822270       4.824980       4.827480       4.830390       4.832670       4.836190       4.839720       4.843250       4.846780       4.850320       4.853860       4.857410       4.860970       4.864530       4.868110       4.871700       4.875300       4.878910       4.882540       4.886190       4.889850       4.893520       4.897220       4.900930       4.904660       4.908400       4.912160       4.915940    
   4.822170       4.822270       4.824910       4.827480       4.830180       4.832670       4.834430       4.836190       4.841000       4.844860       4.848380       4.851910       4.855440       4.858980       4.862530       4.866090       4.869660       4.873240       4.876840       4.880450       4.884080       4.887730       4.891390       4.895070       4.898760       4.902480       4.906210       4.909970       4.913740       4.917530    
   4.822270       4.824890       4.827480       4.830110       4.832670       4.833550       4.834430       4.839120       4.844860       4.846620       4.850760       4.853510       4.857030       4.860560       4.864110       4.867660       4.871220       4.874800       4.878400       4.882010       4.885630       4.889280       4.892940       4.896620       4.900320       4.904040       4.907780       4.911540       4.915320       4.919120    
   4.824880       4.827480       4.830090       4.832670       4.833110       4.833550       4.837990       4.844860       4.845740       4.850340       4.854320       4.855130       4.858640       4.862160       4.865700       4.869240       4.872800       4.876370       4.879960       4.883570       4.887200       4.890840       4.894510       4.898190       4.901900       4.905620       4.909370       4.913130       4.916920       4.920730    
   4.827480       4.830080       4.832670       4.832890       4.833110       4.837380       4.844860       4.845300       4.850160       4.854720       4.855130       4.856880       4.859930       4.863780       4.867300       4.870840       4.874390       4.877960       4.881550       4.885150       4.888780       4.892420       4.896090       4.899770       4.903480       4.907210       4.910960       4.914740       4.918540       4.922350    
   4.830080       4.832670       4.832780       4.832890       4.837060       4.844860       4.845080       4.850080       4.854930       4.855130       4.856010       4.858930       4.863780       4.865540       4.867310       4.870840       4.874400       4.877970       4.883950       4.886750       4.890370       4.894010       4.897680       4.901370       4.905080       4.908820       4.912580       4.916360       4.920160       4.923990    
   4.832670       4.832730       4.832780       4.836900       4.844860       4.844970       4.850040       4.855030       4.855130       4.855570       4.858460       4.863780       4.864660       4.865540       4.867900       4.870850       4.874400       4.882450       4.887560       4.888360       4.891980       4.895620       4.899290       4.902980       4.906700       4.910440       4.914200       4.917990       4.921810       4.925650    
   4.832700       4.832730       4.836820       4.844860       4.844920       4.850020       4.855080       4.855130       4.855350       4.858240       4.863780       4.864220       4.864660       4.866030       4.868100       4.871050       4.880800       4.887960       4.888360       4.891310       4.893600       4.897250       4.900920       4.904610       4.908330       4.912080       4.915850       4.919650       4.923470       4.927320    
   4.832700       4.836770       4.844860       4.844890       4.850010       4.855100       4.855130       4.855240       4.858120       4.863780       4.864000       4.864220       4.864970       4.866260       4.868390       4.880300       4.888160       4.888360       4.893170       4.895260       4.897440       4.898890       4.902560       4.906260       4.909980       4.913730       4.917510       4.921320       4.925150       4.929010    
   4.836750       4.844860       4.844870       4.850000       4.855120       4.855130       4.855190       4.858070       4.863780       4.863890       4.864000       4.864400       4.865150       4.874490       4.883990       4.893390       4.893380       4.895150       4.897200       4.897750       4.896910       4.900550       4.904220       4.907920       4.911650       4.915410       4.919190       4.923000       4.926850       4.930720    
   4.844860       4.844870       4.850000       4.855120       4.855130       4.855160       4.858040       4.863780       4.863840       4.863890       4.864100       4.864520       4.880180       4.898400       4.898340       4.897240       4.898620       4.898400       4.898640       4.898600       4.898590       4.902230       4.905900       4.909600       4.913340       4.917100       4.920890       4.924710       4.928560       4.932440    
   4.844860       4.850000       4.855130       4.855130       4.855140       4.858030       4.863780       4.863810       4.863840       4.863940       4.878620       4.900310       4.899080       4.898450       4.898450       4.898340       4.898630       4.898840       4.898400       4.899820       4.900290       4.903930       4.907600       4.911310       4.915050       4.918810       4.922610       4.926440       4.930300       4.934190    
   4.850000       4.855130       4.855130       4.855140       4.858020       4.863780       4.863790       4.863810       4.863860       4.881400       4.900310       4.900310       4.900310       4.899170       4.898570       4.898570       4.898340       4.898930       4.899270       4.898400       4.902010       4.905650       4.909330       4.913030       4.916780       4.920550       4.924360       4.928190       4.932060       4.935970    
   4.855130       4.855130       4.855130       4.858020       4.863780       4.863790       4.863790       4.874530       4.886420       4.900320       4.900310       4.900310       4.900310       4.900310       4.899330       4.898790       4.898790       4.898340       4.899700       4.900140       4.903750       4.907400       4.911070       4.914780       4.918530       4.922310       4.926120       4.929970       4.933850       4.937760    
   4.855130       4.855130       4.858020       4.863780       4.863780       4.880420       4.905370       4.906020       4.906670       4.902440       4.900330       4.900310       4.900310       4.900310       4.900310       4.899660       4.899240       4.899240       4.898340       4.901920       4.905520       4.909160       4.912840       4.916550       4.920300       4.924090       4.927910       4.931770       4.935660       4.939580    
   4.855130       4.858010       4.863780       4.863780       4.883750       4.905370       4.905370       4.905370       4.906020       4.906670       4.902470       4.900360       4.900310       4.900310       4.900310       4.900310       4.900320       4.900150       4.900140       4.903710       4.907320       4.910960       4.914630       4.918350       4.922110       4.925900       4.929730       4.933600       4.937500       4.941430    
