iMOD/TUTORIALS/TUT_MetaswapAnalyser/model_MetaSWAP/meteo/Evaporation/Evaporation_20060906_L1.ASC
NCOLS                30
NROWS                30
XLLCORNER     160000.00
YLLCORNER     340000.00
CELLSIZE        1000.00
NODATA_VALUE   -9999.00
   3.179860       3.177540       3.175210       3.172870       3.170520       3.168150       3.165770       3.163380       3.160970       3.158550       3.156120       3.153680       3.151220       3.148760       3.146280       3.143790       3.141280       3.138770       3.136250       3.133710       3.131170       3.128610       3.126050       3.123480       3.120900       3.118320       3.115730       3.113130       3.110530       3.107920    
   3.183780       3.181490       3.179180       3.176850       3.174520       3.172170       3.169800       3.167430       3.165040       3.162640       3.160230       3.157810       3.155370       3.152920       3.150460       3.147980       3.145500       3.143000       3.140500       3.137980       3.135450       3.132910       3.130370       3.127810       3.125250       3.122680       3.120110       3.117520       3.114940       3.112340    
   3.187710       3.185430       3.183140       3.180840       3.178520       3.176190       3.173840       3.171490       3.169120       3.166740       3.164340       3.161940       3.159520       3.157080       3.154640       3.152180       3.149720       3.147240       3.144750       3.142250       3.139740       3.137210       3.134680       3.132150       3.129600       3.127040       3.124480       3.121920       3.119340       3.116760    
   3.191640       3.189380       3.187110       3.184820       3.182520       3.180210       3.177890       3.175550       3.173200       3.170840       3.168460       3.166070       3.163670       3.161250       3.158830       3.156390       3.153940       3.151470       3.149000       3.146520       3.144020       3.141520       3.139000       3.136480       3.133950       3.131410       3.128860       3.126310       3.123750       3.121180    
   3.195570       3.193330       3.191080       3.188810       3.186530       3.184240       3.181930       3.179610       3.177280       3.174940       3.172580       3.170210       3.167820       3.165420       3.163010       3.160590       3.158160       3.155710       3.153260       3.150790       3.148310       3.145820       3.143320       3.140810       3.138300       3.135770       3.133240       3.130700       3.128160       3.125600    
   3.199510       3.197290       3.195050       3.192810       3.190540       3.188270       3.185980       3.183680       3.181370       3.179040       3.176700       3.174340       3.171980       3.169600       3.167200       3.164800       3.162380       3.159950       3.157510       3.155060       3.152600       3.150120       3.147640       3.145150       3.142640       3.140130       3.137620       3.135090       3.132560       3.130020    
   3.203440       3.201240       3.199030       3.196800       3.194560       3.192300       3.190030       3.187750       3.185450       3.183140       3.180820       3.178480       3.176130       3.173770       3.171390       3.169010       3.166600       3.164190       3.161770       3.159330       3.156880       3.154430       3.151960       3.149480       3.146990       3.144500       3.141990       3.139480       3.136960       3.134440    
   3.207380       3.205200       3.203010       3.200800       3.198570       3.196340       3.194080       3.191820       3.189540       3.187250       3.184940       3.182620       3.180290       3.177940       3.175590       3.173210       3.170830       3.168430       3.166020       3.163600       3.161170       3.158730       3.156280       3.153810       3.151340       3.148860       3.146370       3.143870       3.141360       3.138850    
   3.211320       3.209160       3.206980       3.204790       3.202590       3.200370       3.198140       3.195890       3.193630       3.191360       3.189070       3.186770       3.184450       3.182120       3.179780       3.177420       3.175060       3.172670       3.170280       3.167880       3.165460       3.163030       3.160590       3.158140       3.155680       3.153220       3.150740       3.148250       3.145760       3.143260    
   3.215260       3.213120       3.210960       3.208790       3.206610       3.204410       3.202190       3.199960       3.197720       3.195460       3.193190       3.190910       3.188610       3.186300       3.183970       3.181630       3.179280       3.176920       3.174540       3.172150       3.169750       3.167330       3.164910       3.162470       3.160030       3.157570       3.155110       3.152640       3.150160       3.147670    
   3.215260       3.213110       3.211420       3.212790       3.210630       3.208440       3.206250       3.204040       3.201810       3.199570       3.197320       3.195050       3.192770       3.190470       3.188160       3.185840       3.183510       3.181160       3.178790       3.176420       3.174030       3.171630       3.169220       3.166800       3.164370       3.161930       3.159480       3.157020       3.154550       3.152080    
   3.215250       3.213140       3.212790       3.214180       3.214640       3.212480       3.210300       3.208110       3.205900       3.203680       3.201440       3.199190       3.196930       3.194650       3.192360       3.190050       3.187730       3.185400       3.183050       3.180690       3.178320       3.175930       3.173540       3.171130       3.168710       3.166290       3.163850       3.161400       3.158940       3.156480    
   3.214640       3.212790       3.215570       3.216650       3.218660       3.216520       3.214360       3.212180       3.209990       3.207790       3.205570       3.203340       3.201090       3.198820       3.196550       3.194260       3.191950       3.189640       3.187300       3.184960       3.182600       3.180230       3.177850       3.175460       3.173050       3.170640       3.168210       3.165780       3.163330       3.160880    
   3.212790       3.216170       3.217660       3.218660       3.218580       3.220550       3.218410       3.216250       3.214080       3.211900       3.209690       3.207480       3.205250       3.203000       3.200740       3.198460       3.196180       3.193870       3.191560       3.189230       3.186880       3.184530       3.182160       3.179780       3.177390       3.174990       3.172570       3.170150       3.167720       3.165280    
   3.216440       3.218160       3.218660       3.219260       3.220550       3.220470       3.222460       3.220330       3.218170       3.216000       3.213820       3.211620       3.209400       3.207170       3.204930       3.202670       3.200400       3.198110       3.195810       3.193490       3.191160       3.188820       3.186470       3.184100       3.181720       3.179330       3.176930       3.174520       3.172100       3.169670    
   3.218410       3.218660       3.219490       3.220550       3.221160       3.222460       3.221400       3.220320       3.218650       3.220110       3.217940       3.215760       3.213560       3.211340       3.209120       3.206870       3.204620       3.202340       3.200060       3.197760       3.195440       3.193110       3.190770       3.188420       3.186050       3.183680       3.181290       3.178890       3.176480       3.174060    
   3.218660       3.219570       3.220550       3.221390       3.222460       3.221930       3.221390       3.220120       3.220110       3.219030       3.219550       3.219890       3.217710       3.215510       3.213300       3.211070       3.208830       3.206580       3.204300       3.202020       3.199720       3.197400       3.195080       3.192740       3.190380       3.188020       3.185640       3.183250       3.180850       3.178440    
   3.219590       3.220550       3.221470       3.222460       3.222190       3.221930       3.220890       3.220110       3.219570       3.220930       3.221960       3.224030       3.221860       3.219680       3.217490       3.215270       3.213050       3.210800       3.208550       3.206280       3.203990       3.201690       3.199370       3.197050       3.194710       3.192350       3.189990       3.187610       3.185220       3.182830    
   3.220550       3.221490       3.222460       3.222330       3.222190       3.221280       3.220110       3.219840       3.221530       3.223000       3.224030       3.222940       3.222350       3.223850       3.221670       3.219470       3.217260       3.215030       3.212790       3.210530       3.208260       3.205970       3.203670       3.201360       3.199030       3.196690       3.194330       3.191970       3.189590       3.187200    
   3.221500       3.222460       3.222390       3.222330       3.221480       3.220110       3.219970       3.221800       3.223510       3.224030       3.223490       3.223290       3.223850       3.222760       3.221660       3.219470       3.217250       3.215030       3.214430       3.214780       3.212520       3.210250       3.207960       3.205660       3.203340       3.201010       3.198670       3.196320       3.193950       3.191570    
   3.222460       3.222430       3.222390       3.221580       3.220110       3.220040       3.221940       3.223770       3.224030       3.223760       3.223670       3.223850       3.223300       3.222760       3.221300       3.219460       3.217250       3.216530       3.216910       3.219030       3.216790       3.214520       3.212250       3.209960       3.207660       3.205340       3.203010       3.200660       3.198310       3.195940    
   3.222440       3.222430       3.221630       3.220110       3.220080       3.222000       3.223900       3.224030       3.223890       3.223830       3.223850       3.223580       3.223300       3.222450       3.221170       3.219340       3.218050       3.217970       3.219030       3.218950       3.221040       3.218800       3.216530       3.214260       3.211960       3.209660       3.207340       3.205000       3.202660       3.200300    
   3.222440       3.221650       3.220110       3.220090       3.222040       3.223970       3.224030       3.223960       3.223900       3.223850       3.223710       3.223580       3.223110       3.222310       3.220990       3.221760       3.218500       3.219030       3.223730       3.225290       3.223950       3.223060       3.220810       3.218550       3.216260       3.213970       3.211660       3.209340       3.207000       3.204650    
   3.221660       3.220110       3.220100       3.222050       3.224000       3.224030       3.224000       3.223940       3.223850       3.223780       3.223710       3.223470       3.223000       3.230340       3.232790       3.231720       3.231720       3.230960       3.230250       3.231670       3.229540       3.227320       3.225080       3.222830       3.220560       3.218280       3.215980       3.213660       3.211340       3.209000    
   3.220110       3.220110       3.222060       3.224010       3.224030       3.224010       3.223950       3.223850       3.223820       3.223780       3.223650       3.223390       3.237420       3.255080       3.254950       3.245020       3.244950       3.244420       3.237370       3.233780       3.233790       3.231580       3.229350       3.227110       3.224850       3.222580       3.220290       3.217990       3.215670       3.213340    
   3.220110       3.222070       3.224020       3.224030       3.224020       3.223960       3.223850       3.223830       3.223820       3.223750       3.241980       3.269540       3.260010       3.255210       3.255210       3.254950       3.248470       3.245470       3.244420       3.239620       3.238020       3.235830       3.233610       3.231380       3.229140       3.226870       3.224590       3.222300       3.219990       3.217670    
   3.222070       3.224030       3.224030       3.224030       3.223970       3.223850       3.223840       3.223830       3.223800       3.245730       3.269540       3.269540       3.269540       3.260200       3.255470       3.255470       3.254950       3.249030       3.246530       3.244420       3.242250       3.240070       3.237870       3.235650       3.233410       3.231160       3.228890       3.226610       3.224310       3.222000    
   3.224030       3.224030       3.224030       3.223970       3.223850       3.223850       3.223840       3.240900       3.255350       3.269550       3.269540       3.269540       3.269540       3.269540       3.260580       3.256000       3.256000       3.254950       3.250210       3.248630       3.246480       3.244310       3.242120       3.239910       3.237680       3.235440       3.233180       3.230910       3.228620       3.226320    
   3.224030       3.224030       3.223970       3.223850       3.223850       3.253560       3.298130       3.295130       3.292120       3.277100       3.269570       3.269540       3.269540       3.269540       3.269540       3.261310       3.257040       3.257050       3.254950       3.252830       3.250690       3.248540       3.246360       3.244160       3.241950       3.239720       3.237470       3.235200       3.232920       3.230630    
   3.224030       3.223970       3.223850       3.223850       3.259510       3.298140       3.298140       3.298130       3.295130       3.292120       3.277160       3.269640       3.269540       3.269540       3.269540       3.269540       3.262650       3.259130       3.259140       3.257030       3.254900       3.252760       3.250590       3.248410       3.246200       3.243980       3.241740       3.239490       3.237210       3.234930    
