iMOD/TUTORIALS/TUT_MetaswapAnalyser/model_MetaSWAP/meteo/Evaporation/Evaporation_20050414_L1.ASC
NCOLS                30
NROWS                30
XLLCORNER     160000.00
YLLCORNER     340000.00
CELLSIZE        1000.00
NODATA_VALUE   -9999.00
   1.883940       1.886810       1.889670       1.892500       1.895320       1.898120       1.900900       1.903660       1.906410       1.909130       1.911830       1.914520       1.917180       1.919820       1.922440       1.925040       1.927620       1.930180       1.932720       1.935230       1.937730       1.940210       1.942660       1.945100       1.947510       1.949910       1.952290       1.954650       1.956990       1.959310    
   1.885720       1.888580       1.891420       1.894250       1.897050       1.899840       1.902610       1.905360       1.908090       1.910810       1.913500       1.916170       1.918830       1.921460       1.924080       1.926670       1.929250       1.931800       1.934340       1.936850       1.939350       1.941820       1.944280       1.946720       1.949140       1.951540       1.953920       1.956290       1.958640       1.960970    
   1.887480       1.890330       1.893160       1.895970       1.898760       1.901540       1.904300       1.907040       1.909760       1.912460       1.915150       1.917810       1.920460       1.923090       1.925690       1.928280       1.930850       1.933410       1.935940       1.938450       1.940950       1.943420       1.945880       1.948320       1.950750       1.953150       1.955540       1.957910       1.960270       1.962600    
   1.889210       1.892050       1.894870       1.897670       1.900450       1.903220       1.905960       1.908690       1.911400       1.914100       1.916770       1.919430       1.922070       1.924690       1.927290       1.929880       1.932440       1.934990       1.937520       1.940030       1.942530       1.945010       1.947470       1.949910       1.952340       1.954750       1.957140       1.959520       1.961880       1.964230    
   1.890920       1.893750       1.896550       1.899340       1.902120       1.904870       1.907610       1.910330       1.913030       1.915710       1.918380       1.921030       1.923660       1.926280       1.928870       1.931450       1.934010       1.936560       1.939090       1.941600       1.944090       1.946570       1.949030       1.951480       1.953910       1.956320       1.958720       1.961110       1.963480       1.965830    
   1.892610       1.895420       1.898220       1.901000       1.903760       1.906510       1.909230       1.911940       1.914640       1.917310       1.919970       1.922610       1.925240       1.927840       1.930440       1.933010       1.935570       1.938110       1.940640       1.943150       1.945640       1.948120       1.950590       1.953030       1.955470       1.957890       1.960290       1.962680       1.965060       1.967420    
   1.894270       1.897080       1.899870       1.902640       1.905390       1.908120       1.910840       1.913540       1.916220       1.918890       1.921540       1.924170       1.926790       1.929390       1.931980       1.934550       1.937110       1.939650       1.942170       1.944680       1.947180       1.949660       1.952120       1.954570       1.957010       1.959430       1.961850       1.964240       1.966630       1.969000    
   1.895920       1.898710       1.901490       1.904250       1.906990       1.909720       1.912430       1.915120       1.917790       1.920450       1.923090       1.925720       1.928330       1.930930       1.933510       1.936080       1.938630       1.941170       1.943690       1.946200       1.948690       1.951170       1.953640       1.956100       1.958540       1.960970       1.963380       1.965790       1.968180       1.970560    
   1.897540       1.900330       1.903100       1.905850       1.908580       1.911300       1.914000       1.916680       1.919340       1.922000       1.924630       1.927250       1.929860       1.932450       1.935020       1.937590       1.940140       1.942670       1.945190       1.947700       1.950200       1.952680       1.955150       1.957610       1.960050       1.962490       1.964910       1.967320       1.969720       1.972110    
   1.899150       1.901930       1.904690       1.907430       1.910150       1.912860       1.915550       1.918220       1.920880       1.923520       1.926150       1.928770       1.931370       1.933950       1.936520       1.939080       1.941630       1.944160       1.946680       1.949190       1.951690       1.954170       1.956640       1.959100       1.961550       1.963990       1.966420       1.968840       1.971250       1.973640    
   1.899140       1.901920       1.905760       1.908990       1.911700       1.914400       1.917080       1.919750       1.922400       1.925040       1.927660       1.930270       1.932860       1.935440       1.938010       1.940560       1.943110       1.945640       1.948160       1.950670       1.953160       1.955650       1.958120       1.960590       1.963040       1.965490       1.967920       1.970350       1.972760       1.975170    
   1.899140       1.903950       1.908990       1.912170       1.913240       1.915930       1.918610       1.921270       1.923910       1.926540       1.929150       1.931750       1.934340       1.936920       1.939480       1.942030       1.944570       1.947100       1.949620       1.952130       1.954630       1.957110       1.959590       1.962060       1.964520       1.966970       1.969410       1.971840       1.974270       1.976680    
   1.902100       1.908990       1.912490       1.914010       1.914770       1.917450       1.920110       1.922760       1.925400       1.928020       1.930630       1.933230       1.935810       1.938380       1.940940       1.943490       1.946030       1.948560       1.951070       1.953580       1.956080       1.958570       1.961050       1.963520       1.965990       1.968440       1.970890       1.973330       1.975760       1.978180    
   1.908990       1.912660       1.914390       1.914770       1.917060       1.918950       1.921610       1.924250       1.926880       1.929500       1.932100       1.934690       1.937270       1.939830       1.942390       1.944930       1.947470       1.950000       1.952510       1.955020       1.957520       1.960010       1.962500       1.964970       1.967440       1.969900       1.972360       1.974810       1.977250       1.979680    
   1.912750       1.914580       1.914770       1.916930       1.918950       1.921220       1.923090       1.925730       1.928350       1.930960       1.933550       1.936140       1.938710       1.941270       1.943830       1.946370       1.948900       1.951430       1.953940       1.956450       1.958950       1.961450       1.963930       1.966410       1.968890       1.971360       1.973820       1.976270       1.978720       1.981160    
   1.914670       1.914770       1.916880       1.918950       1.921090       1.923090       1.924410       1.925720       1.929360       1.932410       1.935000       1.937580       1.940150       1.942700       1.945250       1.947790       1.950320       1.952850       1.955360       1.957870       1.960380       1.962870       1.965360       1.967850       1.970330       1.972800       1.975270       1.977730       1.980190       1.982640    
   1.914770       1.916870       1.918950       1.921040       1.923090       1.923750       1.924410       1.927980       1.932410       1.933700       1.936890       1.939010       1.941570       1.944120       1.946670       1.949210       1.951740       1.954260       1.956770       1.959280       1.961790       1.964290       1.966780       1.969270       1.971750       1.974230       1.976710       1.979180       1.981650       1.984110    
   1.916860       1.918950       1.921030       1.923090       1.923420       1.923750       1.927140       1.932410       1.933060       1.936630       1.939720       1.940430       1.942990       1.945540       1.948080       1.950610       1.953140       1.955660       1.958180       1.960690       1.963190       1.965700       1.968190       1.970690       1.973180       1.975660       1.978150       1.980620       1.983100       1.985570    
   1.918950       1.921020       1.923090       1.923250       1.923420       1.926680       1.932410       1.932730       1.936520       1.940080       1.940430       1.941710       1.943970       1.946940       1.949480       1.952010       1.954540       1.957060       1.959570       1.962090       1.964590       1.967100       1.969600       1.972100       1.974590       1.977080       1.979580       1.982060       1.984550       1.987030    
   1.921020       1.923090       1.923170       1.923250       1.926440       1.932410       1.932570       1.936470       1.940250       1.940430       1.941070       1.943260       1.946940       1.948210       1.949480       1.952010       1.954540       1.957060       1.961410       1.963480       1.965990       1.968490       1.971000       1.973500       1.976000       1.978500       1.981000       1.983500       1.985990       1.988480    
   1.923090       1.923130       1.923170       1.926320       1.932410       1.932490       1.936440       1.940340       1.940430       1.940750       1.942930       1.946940       1.947570       1.948210       1.949900       1.952010       1.954530       1.960410       1.964170       1.964860       1.967370       1.969880       1.972390       1.974900       1.977410       1.979910       1.982420       1.984920       1.987430       1.989930    
   1.923110       1.923130       1.926260       1.932410       1.932450       1.936430       1.940390       1.940430       1.940590       1.942760       1.946940       1.947260       1.947570       1.948560       1.950040       1.952150       1.959260       1.964510       1.964860       1.966990       1.968750       1.971270       1.973780       1.976290       1.978810       1.981320       1.983840       1.986350       1.988860       1.991380    
   1.923110       1.926230       1.932410       1.932430       1.936430       1.940410       1.940430       1.940510       1.942680       1.946940       1.947100       1.947260       1.947800       1.948720       1.950250       1.959020       1.964690       1.964860       1.968540       1.970130       1.971640       1.972650       1.975170       1.977690       1.980210       1.982730       1.985250       1.987770       1.990300       1.992820    
   1.926210       1.932410       1.932420       1.936420       1.940420       1.940430       1.940470       1.942640       1.946940       1.947020       1.947100       1.947380       1.947930       1.955030       1.962090       1.968980       1.968980       1.970260       1.971740       1.972200       1.971510       1.974030       1.976550       1.979080       1.981600       1.984130       1.986660       1.989190       1.991730       1.994260    
   1.932410       1.932420       1.936420       1.940420       1.940430       1.940450       1.942620       1.946940       1.946980       1.947020       1.947170       1.947470       1.959430       1.973370       1.973330       1.972240       1.973280       1.973110       1.973040       1.972880       1.972880       1.975410       1.977930       1.980460       1.983000       1.985530       1.988070       1.990610       1.993160       1.995710    
   1.932410       1.936420       1.940430       1.940430       1.940440       1.942610       1.946940       1.946960       1.946980       1.947060       1.958320       1.974970       1.973940       1.973420       1.973420       1.973330       1.973370       1.973450       1.973110       1.973970       1.974260       1.976790       1.979320       1.981850       1.984390       1.986940       1.989480       1.992040       1.994590       1.997150    
   1.936420       1.940430       1.940430       1.940430       1.942610       1.946940       1.946950       1.946960       1.947000       1.960460       1.974970       1.974970       1.974970       1.974010       1.973500       1.973500       1.973330       1.973610       1.973790       1.973110       1.975630       1.978160       1.980700       1.983240       1.985790       1.988340       1.990900       1.993460       1.996030       1.998600    
   1.940430       1.940430       1.940430       1.942600       1.946940       1.946940       1.946950       1.955120       1.964250       1.974970       1.974970       1.974970       1.974970       1.974970       1.974130       1.973680       1.973680       1.973330       1.974200       1.974480       1.977010       1.979540       1.982080       1.984630       1.987180       1.989740       1.992310       1.994880       1.997460       2.000040    
   1.940430       1.940430       1.942600       1.946940       1.946940       1.959590       1.978550       1.979060       1.979570       1.976510       1.974980       1.974970       1.974970       1.974970       1.974970       1.974390       1.974020       1.974020       1.973330       1.975860       1.978390       1.980920       1.983470       1.986020       1.988580       1.991150       1.993730       1.996310       1.998900       2.001500    
   1.940430       1.942600       1.946940       1.946940       1.962120       1.978550       1.978550       1.978550       1.979060       1.979570       1.976530       1.975000       1.974970       1.974970       1.974970       1.974970       1.974880       1.974710       1.974710       1.977240       1.979770       1.982310       1.984860       1.987420       1.989990       1.992570       1.995150       1.997750       2.000350       2.002960    
