iMOD/TUTORIALS/TUT_MetaswapAnalyser/model_MetaSWAP/meteo/Evaporation/Evaporation_20050623_L1.ASC
NCOLS                30
NROWS                30
XLLCORNER     160000.00
YLLCORNER     340000.00
CELLSIZE        1000.00
NODATA_VALUE   -9999.00
   5.495100       5.495600       5.496130       5.496690       5.497280       5.497900       5.498540       5.499220       5.499920       5.500650       5.501410       5.502190       5.503000       5.503830       5.504680       5.505560       5.506460       5.507380       5.508330       5.509290       5.510280       5.511280       5.512310       5.513350       5.514410       5.515490       5.516580       5.517690       5.518820       5.519960    
   5.496960       5.497460       5.498000       5.498560       5.499150       5.499770       5.500410       5.501090       5.501790       5.502520       5.503270       5.504050       5.504850       5.505680       5.506530       5.507410       5.508300       5.509220       5.510160       5.511120       5.512100       5.513100       5.514120       5.515160       5.516210       5.517280       5.518370       5.519480       5.520600       5.521730    
   5.498840       5.499340       5.499880       5.500440       5.501030       5.501650       5.502300       5.502970       5.503670       5.504400       5.505150       5.505920       5.506720       5.507550       5.508400       5.509270       5.510160       5.511080       5.512010       5.512960       5.513940       5.514930       5.515950       5.516980       5.518030       5.519090       5.520170       5.521270       5.522380       5.523510    
   5.500720       5.501230       5.501770       5.502330       5.502920       5.503540       5.504190       5.504860       5.505560       5.506290       5.507040       5.507810       5.508610       5.509430       5.510280       5.511140       5.512030       5.512940       5.513870       5.514820       5.515790       5.516780       5.517790       5.518810       5.519850       5.520910       5.521990       5.523080       5.524190       5.525310    
   5.502620       5.503130       5.503670       5.504240       5.504830       5.505450       5.506100       5.506770       5.507470       5.508190       5.508940       5.509710       5.510510       5.511320       5.512170       5.513030       5.513910       5.514820       5.515740       5.516690       5.517660       5.518640       5.519640       5.520660       5.521700       5.522750       5.523820       5.524900       5.526000       5.527120    
   5.504530       5.505040       5.505580       5.506150       5.506750       5.507370       5.508010       5.508680       5.509380       5.510100       5.510850       5.511620       5.512410       5.513230       5.514070       5.514930       5.515810       5.516710       5.517630       5.518570       5.519530       5.520510       5.521510       5.522520       5.523550       5.524600       5.525660       5.526740       5.527830       5.528940    
   5.506440       5.506960       5.507500       5.508070       5.508670       5.509290       5.509940       5.510610       5.511310       5.512030       5.512780       5.513540       5.514330       5.515150       5.515980       5.516840       5.517720       5.518610       5.519530       5.520470       5.521420       5.522390       5.523380       5.524390       5.525420       5.526460       5.527510       5.528590       5.529670       5.530770    
   5.508360       5.508880       5.509430       5.510010       5.510600       5.511230       5.511880       5.512550       5.513240       5.513960       5.514710       5.515480       5.516260       5.517070       5.517910       5.518760       5.519630       5.520530       5.521440       5.522370       5.523320       5.524290       5.525270       5.526280       5.527300       5.528330       5.529380       5.530450       5.531530       5.532620    
   5.510290       5.510820       5.511370       5.511940       5.512550       5.513170       5.513820       5.514490       5.515190       5.515910       5.516650       5.517420       5.518200       5.519010       5.519840       5.520690       5.521560       5.522450       5.523360       5.524290       5.525230       5.526200       5.527180       5.528170       5.529180       5.530210       5.531260       5.532320       5.533390       5.534480    
   5.512220       5.512760       5.513310       5.513890       5.514500       5.515120       5.515770       5.516450       5.517140       5.517860       5.518600       5.519370       5.520150       5.520960       5.521780       5.522630       5.523500       5.524380       5.525290       5.526210       5.527150       5.528110       5.529090       5.530080       5.531080       5.532110       5.533150       5.534200       5.535260       5.536340    
   5.512230       5.512760       5.513950       5.515840       5.516450       5.517080       5.517730       5.518410       5.519100       5.519820       5.520560       5.521330       5.522110       5.522910       5.523740       5.524580       5.525450       5.526330       5.527230       5.528150       5.529080       5.530040       5.531010       5.531990       5.533000       5.534010       5.535040       5.536090       5.537150       5.538220    
   5.512240       5.513700       5.515840       5.517770       5.518410       5.519050       5.519700       5.520370       5.521070       5.521790       5.522530       5.523290       5.524070       5.524880       5.525700       5.526540       5.527400       5.528280       5.529180       5.530090       5.531020       5.531970       5.532940       5.533920       5.534920       5.535930       5.536950       5.537990       5.539050       5.540110    
   5.513380       5.515840       5.518350       5.519390       5.520380       5.521020       5.521670       5.522350       5.523050       5.523770       5.524510       5.525270       5.526050       5.526850       5.527670       5.528510       5.529360       5.530240       5.531130       5.532040       5.532970       5.533920       5.534880       5.535850       5.536840       5.537850       5.538870       5.539900       5.540950       5.542010    
   5.515840       5.518610       5.519890       5.520380       5.521460       5.522990       5.523650       5.524330       5.525030       5.525750       5.526490       5.527250       5.528030       5.528830       5.529640       5.530480       5.531340       5.532210       5.533100       5.534010       5.534930       5.535870       5.536820       5.537800       5.538780       5.539780       5.540800       5.541820       5.542860       5.543920    
   5.518740       5.520130       5.520380       5.521610       5.522990       5.524090       5.525640       5.526320       5.527020       5.527740       5.528480       5.529240       5.530010       5.530810       5.531630       5.532460       5.533320       5.534180       5.535070       5.535980       5.536900       5.537830       5.538780       5.539750       5.540730       5.541720       5.542730       5.543750       5.544790       5.545840    
   5.520260       5.520380       5.521660       5.522990       5.524240       5.525640       5.525980       5.526330       5.527700       5.529730       5.530470       5.531230       5.532010       5.532800       5.533620       5.534450       5.535300       5.536170       5.537050       5.537950       5.538870       5.539800       5.540740       5.541710       5.542680       5.543670       5.544670       5.545690       5.546720       5.547760    
   5.520380       5.521680       5.522990       5.524290       5.525640       5.525810       5.525980       5.527430       5.529730       5.530100       5.531980       5.533230       5.534000       5.534800       5.535610       5.536440       5.537290       5.538160       5.539040       5.539930       5.540850       5.541770       5.542720       5.543670       5.544640       5.545630       5.546620       5.547630       5.548660       5.549690    
   5.521680       5.522990       5.524310       5.525640       5.525730       5.525810       5.527240       5.529730       5.529910       5.532250       5.534230       5.535230       5.536010       5.536800       5.537620       5.538440       5.539290       5.540150       5.541030       5.541920       5.542830       5.543760       5.544690       5.545640       5.546610       5.547590       5.548580       5.549590       5.550600       5.551630    
   5.522990       5.524310       5.525640       5.525680       5.525730       5.527130       5.529730       5.529820       5.532370       5.534730       5.535230       5.535620       5.536710       5.538810       5.539620       5.540450       5.541290       5.542150       5.543030       5.543920       5.544820       5.545740       5.546680       5.547620       5.548580       5.549560       5.550540       5.551540       5.552560       5.553580    
   5.524310       5.525640       5.525660       5.525680       5.527070       5.529730       5.529780       5.532430       5.534980       5.535230       5.535430       5.536590       5.538810       5.539220       5.539630       5.540450       5.541300       5.542160       5.544590       5.545920       5.546820       5.547740       5.548670       5.549610       5.550560       5.551530       5.552520       5.553510       5.554510       5.555530    
   5.525640       5.525650       5.525660       5.527030       5.529730       5.529750       5.532450       5.535100       5.535230       5.535330       5.536510       5.538810       5.539010       5.539220       5.539760       5.540460       5.541300       5.544580       5.546920       5.547920       5.548820       5.549740       5.550660       5.551600       5.552550       5.553520       5.554490       5.555480       5.556480       5.557490    
   5.525650       5.525650       5.527020       5.529730       5.529740       5.532470       5.535170       5.535230       5.535280       5.536470       5.538810       5.538910       5.539010       5.539330       5.539810       5.540510       5.544340       5.547420       5.547920       5.549190       5.550830       5.551740       5.552660       5.553600       5.554540       5.555500       5.556470       5.557460       5.558450       5.559460    
   5.525650       5.527010       5.529730       5.529740       5.532470       5.535200       5.535230       5.535250       5.536450       5.538810       5.538860       5.538910       5.539080       5.539390       5.539880       5.545260       5.547670       5.547920       5.551460       5.552850       5.553390       5.553750       5.554660       5.555600       5.556540       5.557490       5.558460       5.559440       5.560430       5.561430    
   5.527010       5.529730       5.529730       5.532480       5.535210       5.535230       5.535240       5.536440       5.538810       5.538840       5.538860       5.538950       5.539130       5.545400       5.550240       5.553980       5.553980       5.554520       5.555200       5.555870       5.554860       5.555760       5.556670       5.557600       5.558540       5.559490       5.560450       5.561420       5.562410       5.563400    
   5.529730       5.529730       5.532480       5.535220       5.535230       5.535240       5.536430       5.538810       5.538820       5.538840       5.538880       5.538980       5.550030       5.563290       5.563230       5.559720       5.560290       5.560040       5.557990       5.556880       5.556870       5.557770       5.558690       5.559610       5.560540       5.561490       5.562450       5.563410       5.564390       5.565380    
   5.529730       5.532480       5.535230       5.535230       5.535230       5.536430       5.538810       5.538820       5.538820       5.538850       5.550730       5.568480       5.565070       5.563360       5.563360       5.563230       5.561370       5.560550       5.560040       5.559180       5.558900       5.559790       5.560700       5.561620       5.562550       5.563490       5.564440       5.565410       5.566380       5.567360    
   5.532480       5.535230       5.535230       5.535230       5.536430       5.538810       5.538810       5.538820       5.538830       5.553070       5.568480       5.568480       5.568480       5.565170       5.563480       5.563480       5.563230       5.561670       5.561060       5.560040       5.560920       5.561810       5.562720       5.563640       5.564560       5.565500       5.566450       5.567400       5.568370       5.569350    
   5.535230       5.535230       5.535230       5.536420       5.538810       5.538810       5.538810       5.548560       5.558100       5.568490       5.568480       5.568480       5.568480       5.568480       5.565350       5.563740       5.563740       5.563230       5.562360       5.562070       5.562950       5.563840       5.564740       5.565650       5.566580       5.567510       5.568450       5.569410       5.570370       5.571340    
   5.535230       5.535230       5.536420       5.538810       5.538810       5.554880       5.578980       5.578390       5.577800       5.571600       5.568500       5.568480       5.568480       5.568480       5.568480       5.565710       5.564250       5.564250       5.563230       5.564100       5.564980       5.565860       5.566760       5.567670       5.568590       5.569520       5.570460       5.571410       5.572370       5.573330    
   5.535230       5.536420       5.538810       5.538810       5.558100       5.578980       5.578980       5.578980       5.578390       5.577800       5.571630       5.568530       5.568480       5.568480       5.568480       5.568480       5.566400       5.565260       5.565260       5.566130       5.567010       5.567890       5.568790       5.569700       5.570610       5.571540       5.572470       5.573410       5.574370       5.575330    
