iMOD/TUTORIALS/TUT_MetaswapAnalyser/model_MetaSWAP/meteo/Evaporation/Evaporation_20051102_L1.ASC
NCOLS                30
NROWS                30
XLLCORNER     160000.00
YLLCORNER     340000.00
CELLSIZE        1000.00
NODATA_VALUE   -9999.00
  0.3288300      0.3286100      0.3284100      0.3282000      0.3280100      0.3278100      0.3276200      0.3274400      0.3272600      0.3270900      0.3269200      0.3267600      0.3266000      0.3264400      0.3263000      0.3261500      0.3260200      0.3258900      0.3257600      0.3256400      0.3255300      0.3254200      0.3253100      0.3252100      0.3251200      0.3250300      0.3249500      0.3248800      0.3248100      0.3247400    
  0.3304500      0.3302300      0.3300200      0.3298100      0.3296100      0.3294100      0.3292200      0.3290300      0.3288500      0.3286700      0.3285000      0.3283300      0.3281700      0.3280100      0.3278600      0.3277100      0.3275700      0.3274400      0.3273100      0.3271800      0.3270600      0.3269500      0.3268400      0.3267400      0.3266400      0.3265500      0.3264700      0.3263900      0.3263100      0.3262400    
  0.3320700      0.3318500      0.3316300      0.3314200      0.3312100      0.3310100      0.3308100      0.3306200      0.3304300      0.3302500      0.3300700      0.3299000      0.3297400      0.3295800      0.3294200      0.3292700      0.3291200      0.3289800      0.3288500      0.3287200      0.3286000      0.3284800      0.3283700      0.3282600      0.3281600      0.3280700      0.3279800      0.3278900      0.3278100      0.3277400    
  0.3336800      0.3334600      0.3332400      0.3330200      0.3328100      0.3326000      0.3324000      0.3322100      0.3320200      0.3318300      0.3316500      0.3314700      0.3313000      0.3311400      0.3309800      0.3308200      0.3306700      0.3305300      0.3303900      0.3302600      0.3301300      0.3300100      0.3298900      0.3297800      0.3296800      0.3295800      0.3294800      0.3294000      0.3293100      0.3292400    
  0.3352900      0.3350600      0.3348400      0.3346200      0.3344000      0.3342000      0.3339900      0.3337900      0.3335900      0.3334000      0.3332200      0.3330400      0.3328600      0.3327000      0.3325300      0.3323700      0.3322200      0.3320700      0.3319300      0.3317900      0.3316600      0.3315400      0.3314200      0.3313000      0.3311900      0.3310900      0.3309900      0.3309000      0.3308100      0.3307300    
  0.3369000      0.3366700      0.3364400      0.3362200      0.3360000      0.3357800      0.3355700      0.3353700      0.3351700      0.3349800      0.3347900      0.3346000      0.3344200      0.3342500      0.3340800      0.3339200      0.3337600      0.3336100      0.3334700      0.3333300      0.3331900      0.3330600      0.3329400      0.3328200      0.3327100      0.3326000      0.3325000      0.3324000      0.3323100      0.3322300    
  0.3385000      0.3382700      0.3380400      0.3378100      0.3375900      0.3373700      0.3371500      0.3369500      0.3367400      0.3365500      0.3363500      0.3361700      0.3359800      0.3358100      0.3356300      0.3354700      0.3353100      0.3351500      0.3350000      0.3348600      0.3347200      0.3345800      0.3344600      0.3343300      0.3342200      0.3341100      0.3340000      0.3339000      0.3338100      0.3337200    
  0.3401100      0.3398700      0.3396300      0.3394000      0.3391700      0.3389500      0.3387300      0.3385200      0.3383100      0.3381100      0.3379200      0.3377200      0.3375400      0.3373600      0.3371800      0.3370100      0.3368500      0.3366900      0.3365300      0.3363900      0.3362400      0.3361100      0.3359700      0.3358500      0.3357300      0.3356100      0.3355000      0.3354000      0.3353000      0.3352100    
  0.3417000      0.3414600      0.3412200      0.3409900      0.3407600      0.3405300      0.3403100      0.3400900      0.3398800      0.3396800      0.3394800      0.3392800      0.3390900      0.3389100      0.3387300      0.3385500      0.3383800      0.3382200      0.3380600      0.3379100      0.3377700      0.3376200      0.3374900      0.3373600      0.3372400      0.3371200      0.3370100      0.3369000      0.3368000      0.3367000    
  0.3433000      0.3430500      0.3428100      0.3425700      0.3423400      0.3421100      0.3418800      0.3416600      0.3414500      0.3412400      0.3410300      0.3408400      0.3406400      0.3404500      0.3402700      0.3400900      0.3399200      0.3397500      0.3395900      0.3394400      0.3392900      0.3391400      0.3390000      0.3388700      0.3387400      0.3386200      0.3385100      0.3383900      0.3382900      0.3381900    
  0.3433000      0.3430530      0.3431450      0.3441500      0.3439100      0.3436800      0.3434500      0.3432300      0.3430100      0.3428000      0.3425900      0.3423900      0.3421900      0.3420000      0.3418100      0.3416300      0.3414500      0.3412800      0.3411200      0.3409600      0.3408100      0.3406600      0.3405200      0.3403800      0.3402500      0.3401200      0.3400000      0.3398900      0.3397800      0.3396800    
  0.3433020      0.3434120      0.3441500      0.3451520      0.3454900      0.3452500      0.3450200      0.3447900      0.3445700      0.3443600      0.3441400      0.3439400      0.3437400      0.3435400      0.3433500      0.3431700      0.3429900      0.3428100      0.3426400      0.3424800      0.3423200      0.3421700      0.3420300      0.3418900      0.3417500      0.3416200      0.3415000      0.3413800      0.3412700      0.3411700    
  0.3436050      0.3441500      0.3456590      0.3462750      0.3470600      0.3468200      0.3465900      0.3463600      0.3461300      0.3459100      0.3456900      0.3454800      0.3452800      0.3450800      0.3448900      0.3447000      0.3445200      0.3443400      0.3441700      0.3440000      0.3438400      0.3436900      0.3435400      0.3433900      0.3432500      0.3431200      0.3430000      0.3428800      0.3427600      0.3426500    
  0.3441500      0.3458840      0.3466670      0.3470600      0.3474230      0.3483900      0.3481500      0.3479200      0.3476900      0.3474600      0.3472400      0.3470300      0.3468200      0.3466200      0.3464200      0.3462300      0.3460400      0.3458600      0.3456900      0.3455200      0.3453500      0.3452000      0.3450400      0.3449000      0.3447600      0.3446200      0.3444900      0.3443700      0.3442500      0.3441400    
  0.3459890      0.3468640      0.3470600      0.3476240      0.3483900      0.3487500      0.3497100      0.3494700      0.3492400      0.3490100      0.3487900      0.3485700      0.3483600      0.3481600      0.3479600      0.3477600      0.3475700      0.3473900      0.3472100      0.3470300      0.3468700      0.3467100      0.3465500      0.3464000      0.3462500      0.3461200      0.3459800      0.3458600      0.3457300      0.3456200    
  0.3469620      0.3470600      0.3476910      0.3483900      0.3489500      0.3497100      0.3495900      0.3494730      0.3495700      0.3505600      0.3503400      0.3501200      0.3499000      0.3496900      0.3494900      0.3492900      0.3490900      0.3489100      0.3487200      0.3485500      0.3483800      0.3482100      0.3480500      0.3479000      0.3477500      0.3476100      0.3474700      0.3473400      0.3472200      0.3471000    
  0.3470600      0.3477140      0.3483900      0.3490170      0.3497100      0.3496500      0.3495910      0.3497980      0.3505600      0.3504500      0.3511720      0.3516500      0.3514400      0.3512200      0.3510200      0.3508100      0.3506200      0.3504300      0.3502400      0.3500600      0.3498900      0.3497200      0.3495600      0.3494000      0.3492500      0.3491000      0.3489700      0.3488300      0.3487000      0.3485800    
  0.3477210      0.3483900      0.3490390      0.3497100      0.3496800      0.3496500      0.3499000      0.3505600      0.3505050      0.3515580      0.3524200      0.3531900      0.3529700      0.3527500      0.3525400      0.3523400      0.3521400      0.3519400      0.3517600      0.3515700      0.3514000      0.3512200      0.3510600      0.3509000      0.3507500      0.3506000      0.3504500      0.3503200      0.3501900      0.3500600    
  0.3483900      0.3490460      0.3497100      0.3496950      0.3496800      0.3499480      0.3505600      0.3505330      0.3517240      0.3528050      0.3531900      0.3530800      0.3532980      0.3542800      0.3540700      0.3538600      0.3536600      0.3534600      0.3532700      0.3530800      0.3529000      0.3527300      0.3525600      0.3524000      0.3522400      0.3520900      0.3519400      0.3518000      0.3516700      0.3515400    
  0.3490490      0.3497100      0.3497020      0.3496950      0.3499710      0.3505600      0.3505460      0.3518010      0.3529980      0.3531900      0.3531350      0.3534620      0.3542800      0.3541750      0.3540700      0.3538630      0.3536600      0.3534630      0.3541000      0.3545900      0.3544100      0.3542300      0.3540600      0.3538900      0.3537300      0.3535800      0.3534300      0.3532900      0.3531500      0.3530200    
  0.3497100      0.3497060      0.3497030      0.3499820      0.3505600      0.3505530      0.3518380      0.3530940      0.3531900      0.3531620      0.3535170      0.3542800      0.3542270      0.3541750      0.3540360      0.3538640      0.3536620      0.3545340      0.3553450      0.3561000      0.3559100      0.3557300      0.3555600      0.3553900      0.3552200      0.3550700      0.3549200      0.3547700      0.3546300      0.3545000    
  0.3497080      0.3497060      0.3499880      0.3505600      0.3505570      0.3518570      0.3531420      0.3531900      0.3531760      0.3535370      0.3542800      0.3542540      0.3542270      0.3541460      0.3540250      0.3538540      0.3547770      0.3557220      0.3561000      0.3564730      0.3574100      0.3572300      0.3570500      0.3568800      0.3567100      0.3565500      0.3564000      0.3562500      0.3561100      0.3559700    
  0.3497080      0.3499910      0.3505600      0.3505580      0.3518660      0.3531660      0.3531900      0.3531830      0.3535460      0.3542800      0.3542670      0.3542540      0.3542090      0.3541330      0.3540090      0.3558340      0.3559110      0.3561000      0.3581610      0.3589100      0.3588020      0.3587300      0.3585500      0.3583700      0.3582000      0.3580400      0.3578800      0.3577300      0.3575900      0.3574500    
  0.3499920      0.3505600      0.3505590      0.3518700      0.3531780      0.3531900      0.3531870      0.3535500      0.3542800      0.3542730      0.3542670      0.3542430      0.3541990      0.3576680      0.3596750      0.3606050      0.3606050      0.3606070      0.3606600      0.3611600      0.3604100      0.3602300      0.3600400      0.3598600      0.3596900      0.3595300      0.3593700      0.3592100      0.3590700      0.3589200    
  0.3505600      0.3505600      0.3518730      0.3531840      0.3531900      0.3531880      0.3535520      0.3542800      0.3542770      0.3542730      0.3542610      0.3542360      0.3605780      0.3683670      0.3683200      0.3651490      0.3652970      0.3651100      0.3630040      0.3619100      0.3619100      0.3617200      0.3615300      0.3613500      0.3611800      0.3610100      0.3608500      0.3606900      0.3605400      0.3604000    
  0.3505600      0.3518740      0.3531870      0.3531900      0.3531890      0.3535520      0.3542800      0.3542780      0.3542770      0.3542700      0.3617740      0.3730500      0.3699670      0.3684140      0.3684140      0.3683200      0.3663740      0.3654850      0.3651100      0.3638350      0.3634100      0.3632200      0.3630300      0.3628400      0.3626700      0.3625000      0.3623300      0.3621700      0.3620200      0.3618700    
  0.3518740      0.3531890      0.3531900      0.3531900      0.3535530      0.3542800      0.3542790      0.3542780      0.3542750      0.3632840      0.3730500      0.3730500      0.3730500      0.3700360      0.3685080      0.3685080      0.3683200      0.3665820      0.3658600      0.3651100      0.3649100      0.3647100      0.3645200      0.3643300      0.3641500      0.3639800      0.3638100      0.3636500      0.3634900      0.3633500    
  0.3531890      0.3531900      0.3531900      0.3535530      0.3542800      0.3542800      0.3542790      0.3609060      0.3668870      0.3730540      0.3730500      0.3730500      0.3730500      0.3730500      0.3701720      0.3686950      0.3686950      0.3683200      0.3670380      0.3666100      0.3664000      0.3662000      0.3660100      0.3658200      0.3656400      0.3654600      0.3652900      0.3651300      0.3649700      0.3648200    
  0.3531900      0.3531900      0.3535530      0.3542800      0.3542800      0.3655880      0.3825500      0.3816700      0.3807900      0.3756410      0.3730620      0.3730500      0.3730500      0.3730500      0.3730500      0.3704350      0.3690700      0.3690700      0.3683200      0.3681100      0.3679000      0.3676900      0.3675000      0.3673100      0.3671200      0.3669400      0.3667700      0.3666000      0.3664400      0.3662900    
  0.3531900      0.3535530      0.3542800      0.3542800      0.3678520      0.3825530      0.3825530      0.3825500      0.3816700      0.3807900      0.3756630      0.3730870      0.3730500      0.3730500      0.3730500      0.3730500      0.3709230      0.3698200      0.3698200      0.3696000      0.3693900      0.3691900      0.3689900      0.3687900      0.3686100      0.3684200      0.3682500      0.3680800      0.3679200      0.3677600    
