iMOD/TUTORIALS/TUT_MetaswapAnalyser/model_MetaSWAP/meteo/Evaporation/Evaporation_20060514_L1.ASC
NCOLS                30
NROWS                30
XLLCORNER     160000.00
YLLCORNER     340000.00
CELLSIZE        1000.00
NODATA_VALUE   -9999.00
   1.734890       1.730600       1.726430       1.722370       1.718430       1.714590       1.710860       1.707240       1.703710       1.700270       1.696920       1.693670       1.690490       1.687400       1.684380       1.681450       1.678580       1.675790       1.673070       1.670420       1.667840       1.665320       1.662870       1.660480       1.658150       1.655880       1.653680       1.651530       1.649440       1.647420    
   1.720470       1.716140       1.711930       1.707840       1.703860       1.699980       1.696220       1.692550       1.688990       1.685510       1.682140       1.678840       1.675640       1.672520       1.669480       1.666520       1.663630       1.660820       1.658080       1.655420       1.652820       1.650290       1.647830       1.645430       1.643090       1.640820       1.638610       1.636470       1.634380       1.632350    
   1.706080       1.701720       1.697470       1.693340       1.689320       1.685410       1.681610       1.677910       1.674300       1.670800       1.667380       1.664060       1.660830       1.657680       1.654610       1.651620       1.648720       1.645880       1.643130       1.640440       1.637830       1.635290       1.632810       1.630410       1.628060       1.625790       1.623580       1.621430       1.619340       1.617310    
   1.691740       1.687340       1.683060       1.678890       1.674830       1.670880       1.667040       1.663300       1.659660       1.656120       1.652670       1.649320       1.646050       1.642870       1.639780       1.636770       1.633830       1.630980       1.628200       1.625500       1.622870       1.620320       1.617830       1.615410       1.613060       1.610780       1.608560       1.606410       1.604320       1.602290    
   1.677420       1.672990       1.668670       1.664470       1.660370       1.656390       1.652510       1.648730       1.645060       1.641480       1.638000       1.634610       1.631310       1.628100       1.624980       1.621940       1.618990       1.616110       1.613310       1.610590       1.607950       1.605380       1.602880       1.600450       1.598090       1.595800       1.593580       1.591420       1.589330       1.587300    
   1.663150       1.658680       1.654330       1.650080       1.645950       1.641930       1.638010       1.634200       1.630490       1.626880       1.623360       1.619940       1.616610       1.613370       1.610220       1.607160       1.604180       1.601280       1.598460       1.595720       1.593050       1.590470       1.587950       1.585510       1.583140       1.580840       1.578610       1.576450       1.574360       1.572330    
   1.648900       1.644400       1.640010       1.635740       1.631570       1.627510       1.623560       1.619710       1.615960       1.612310       1.608760       1.605310       1.601950       1.598680       1.595500       1.592400       1.589400       1.586470       1.583630       1.580870       1.578190       1.575590       1.573060       1.570610       1.568230       1.565920       1.563680       1.561510       1.559410       1.557380    
   1.634700       1.630160       1.625740       1.621420       1.617220       1.613120       1.609130       1.605250       1.601460       1.597780       1.594200       1.590710       1.587320       1.584020       1.580810       1.577690       1.574650       1.571710       1.568840       1.566060       1.563360       1.560740       1.558200       1.555730       1.553340       1.551020       1.548780       1.546600       1.544500       1.542460    
   1.620520       1.615950       1.611490       1.607150       1.602910       1.598770       1.594750       1.590830       1.587010       1.583290       1.579670       1.576150       1.572720       1.569390       1.566150       1.563000       1.559950       1.556970       1.554090       1.551280       1.548560       1.545930       1.543370       1.540890       1.538480       1.536150       1.533900       1.531720       1.529610       1.527570    
   1.606390       1.601780       1.597290       1.592900       1.588630       1.584460       1.580400       1.576440       1.572580       1.568830       1.565180       1.561620       1.558170       1.554800       1.551530       1.548360       1.545270       1.542270       1.539360       1.536540       1.533800       1.531140       1.528570       1.526070       1.523660       1.521320       1.519050       1.516860       1.514750       1.512700    
   1.606420       1.601820       1.592670       1.578700       1.574380       1.570180       1.566080       1.562090       1.558200       1.554410       1.550720       1.547130       1.543640       1.540250       1.536950       1.533750       1.530630       1.527610       1.524680       1.521830       1.519070       1.516390       1.513800       1.511290       1.508860       1.506510       1.504240       1.502040       1.499920       1.497870    
   1.606460       1.594900       1.578700       1.564820       1.560180       1.555940       1.551800       1.547770       1.543850       1.540020       1.536300       1.532680       1.529160       1.525730       1.522400       1.519170       1.516030       1.512980       1.510020       1.507150       1.504370       1.501680       1.499070       1.496540       1.494100       1.491740       1.489450       1.487250       1.485120       1.483060    
   1.597810       1.578700       1.560650       1.553090       1.546000       1.541730       1.537560       1.533490       1.529530       1.525670       1.521920       1.518260       1.514710       1.511250       1.507890       1.504630       1.501460       1.498380       1.495400       1.492510       1.489710       1.487000       1.484370       1.481830       1.479370       1.477000       1.474700       1.472490       1.470350       1.468290    
   1.578700       1.558720       1.549550       1.546000       1.538430       1.527560       1.523350       1.519250       1.515250       1.511360       1.507570       1.503880       1.500290       1.496800       1.493410       1.490120       1.486930       1.483830       1.480820       1.477900       1.475080       1.472350       1.469700       1.467150       1.464670       1.462290       1.459980       1.457760       1.455610       1.453540    
   1.557800       1.547770       1.546000       1.537330       1.527560       1.520030       1.509180       1.505040       1.501010       1.497080       1.493260       1.489540       1.485920       1.482400       1.478970       1.475650       1.472430       1.469300       1.466270       1.463330       1.460490       1.457730       1.455070       1.452500       1.450010       1.447610       1.445290       1.443060       1.440910       1.438830    
   1.546890       1.546000       1.536960       1.527560       1.518920       1.509180       1.507110       1.505080       1.496490       1.482840       1.478980       1.475230       1.471570       1.468020       1.464570       1.461220       1.457970       1.454810       1.451760       1.448800       1.445930       1.443160       1.440470       1.437880       1.435380       1.432970       1.430640       1.428400       1.426240       1.424160    
   1.546000       1.536840       1.527560       1.518550       1.509180       1.508140       1.507120       1.497880       1.482840       1.480910       1.468950       1.460960       1.457270       1.453690       1.450200       1.446820       1.443540       1.440360       1.437280       1.434300       1.431410       1.428610       1.425910       1.423310       1.420790       1.418360       1.416020       1.413770       1.411600       1.409510    
   1.536800       1.527560       1.518430       1.509180       1.508660       1.508150       1.499000       1.482840       1.481870       1.466650       1.453840       1.446720       1.443010       1.439390       1.435880       1.432470       1.429160       1.425950       1.422840       1.419830       1.416920       1.414110       1.411390       1.408760       1.406230       1.403790       1.401440       1.399180       1.397000       1.394910    
   1.527560       1.518390       1.509180       1.508920       1.508660       1.499660       1.482840       1.482360       1.465670       1.450280       1.446720       1.444860       1.438560       1.425130       1.421590       1.418140       1.414810       1.411570       1.408440       1.405410       1.402470       1.399640       1.396900       1.394260       1.391710       1.389260       1.386900       1.384620       1.382440       1.380340    
   1.518380       1.509180       1.509050       1.508920       1.500020       1.482840       1.482600       1.465220       1.448500       1.446720       1.445790       1.438820       1.425130       1.423360       1.421620       1.418180       1.414840       1.411610       1.398620       1.391020       1.388060       1.385210       1.382450       1.379790       1.377230       1.374760       1.372390       1.370110       1.367910       1.365800    
   1.509180       1.509120       1.509050       1.500210       1.482840       1.482720       1.465000       1.447610       1.446720       1.446260       1.439120       1.425130       1.424240       1.423370       1.421050       1.418210       1.414880       1.397120       1.383850       1.376670       1.373690       1.370810       1.368040       1.365360       1.362790       1.360310       1.357920       1.355630       1.353420       1.351310    
   1.509150       1.509120       1.500300       1.482840       1.482780       1.464890       1.447170       1.446720       1.446490       1.439310       1.425130       1.424690       1.424250       1.422890       1.420880       1.418050       1.397430       1.380260       1.376670       1.369910       1.359360       1.356460       1.353670       1.350980       1.348380       1.345890       1.343490       1.341190       1.338980       1.336850    
   1.509150       1.500350       1.482840       1.482810       1.464830       1.446940       1.446720       1.446600       1.439410       1.425130       1.424910       1.424690       1.423940       1.422670       1.420610       1.389770       1.378460       1.376670       1.353850       1.345090       1.343330       1.342150       1.339340       1.336630       1.334020       1.331510       1.329100       1.326790       1.324570       1.322440    
   1.500380       1.482840       1.482820       1.464810       1.446830       1.446720       1.446660       1.439470       1.425130       1.425020       1.424910       1.424510       1.423770       1.383470       1.354450       1.334070       1.334050       1.331660       1.328480       1.323710       1.330820       1.327880       1.325050       1.322320       1.319700       1.317180       1.314760       1.312430       1.310210       1.308070    
   1.482840       1.482830       1.464790       1.446780       1.446720       1.446690       1.439490       1.425130       1.425070       1.425020       1.424810       1.424400       1.352760       1.266230       1.266670       1.292940       1.289680       1.291440       1.307870       1.316620       1.316610       1.313650       1.310800       1.308060       1.305420       1.302880       1.300450       1.298120       1.295880       1.293740    
   1.482840       1.464790       1.446750       1.446720       1.446710       1.439510       1.425130       1.425100       1.425070       1.424970       1.346250       1.228520       1.253300       1.265800       1.265800       1.266670       1.281340       1.287930       1.291440       1.299700       1.302440       1.299460       1.296590       1.293830       1.291180       1.288640       1.286190       1.283850       1.281610       1.279460    
   1.464780       1.446730       1.446720       1.446710       1.439520       1.425130       1.425120       1.425100       1.425050       1.330670       1.228520       1.228520       1.228520       1.252660       1.264930       1.264930       1.266670       1.279310       1.284420       1.291440       1.288320       1.285320       1.282440       1.279660       1.276990       1.274430       1.271980       1.269630       1.267380       1.265230    
   1.446730       1.446720       1.446720       1.439520       1.425130       1.425120       1.425120       1.359860       1.296740       1.228480       1.228520       1.228520       1.228520       1.228520       1.251390       1.263190       1.263190       1.266670       1.274720       1.277390       1.274250       1.271230       1.268320       1.265530       1.262850       1.260280       1.257810       1.255450       1.253200       1.251040    
   1.446720       1.446720       1.439520       1.425130       1.425130       1.316950       1.154700       1.159430       1.164170       1.206970       1.228410       1.228520       1.228520       1.228520       1.228520       1.248930       1.259710       1.259710       1.266670       1.263390       1.260230       1.257180       1.254260       1.251450       1.248750       1.246170       1.243690       1.241330       1.239070       1.236900    
   1.446720       1.439520       1.425130       1.425130       1.295300       1.154670       1.154670       1.154700       1.159430       1.164170       1.206770       1.228180       1.228520       1.228520       1.228520       1.228520       1.244320       1.252760       1.252740       1.249430       1.246250       1.243180       1.240240       1.237410       1.234700       1.232110       1.229630       1.227250       1.224980       1.222820    
