iMOD/TUTORIALS/TUT_MetaswapAnalyser/model_MetaSWAP/meteo/Evaporation/Evaporation_20060829_L1.ASC
NCOLS                30
NROWS                30
XLLCORNER     160000.00
YLLCORNER     340000.00
CELLSIZE        1000.00
NODATA_VALUE   -9999.00
   2.070770       2.069140       2.067630       2.066220       2.064920       2.063710       2.062580       2.061530       2.060550       2.059630       2.058760       2.057940       2.057150       2.056400       2.055680       2.054980       2.054300       2.053630       2.052970       2.052320       2.051670       2.051020       2.050380       2.049730       2.049080       2.048430       2.047770       2.047100       2.046430       2.045760    
   2.072100       2.070420       2.068860       2.067400       2.066050       2.064790       2.063610       2.062500       2.061470       2.060500       2.059580       2.058710       2.057880       2.057090       2.056330       2.055590       2.054870       2.054170       2.053480       2.052800       2.052130       2.051460       2.050800       2.050130       2.049470       2.048800       2.048130       2.047450       2.046770       2.046090    
   2.073480       2.071760       2.070140       2.068630       2.067230       2.065910       2.064680       2.063530       2.062440       2.061420       2.060450       2.059540       2.058660       2.057830       2.057020       2.056250       2.055500       2.054760       2.054040       2.053340       2.052640       2.051950       2.051260       2.050570       2.049890       2.049210       2.048520       2.047840       2.047150       2.046460    
   2.074900       2.073130       2.071470       2.069910       2.068450       2.067080       2.065800       2.064600       2.063460       2.062390       2.061380       2.060410       2.059500       2.058620       2.057770       2.056960       2.056170       2.055400       2.054650       2.053920       2.053190       2.052470       2.051760       2.051060       2.050360       2.049660       2.048960       2.048260       2.047560       2.046860    
   2.076360       2.074540       2.072830       2.071230       2.069720       2.068300       2.066970       2.065710       2.064530       2.063410       2.062350       2.061340       2.060380       2.059460       2.058570       2.057720       2.056890       2.056090       2.055310       2.054540       2.053790       2.053040       2.052310       2.051580       2.050860       2.050140       2.049430       2.048710       2.048000       2.047290    
   2.077850       2.075990       2.074240       2.072580       2.071030       2.069560       2.068180       2.066870       2.065640       2.064470       2.063360       2.062310       2.061300       2.060340       2.059410       2.058520       2.057660       2.056820       2.056010       2.055210       2.054430       2.053660       2.052900       2.052150       2.051410       2.050670       2.049940       2.049210       2.048480       2.047750    
   2.079380       2.077480       2.075680       2.073980       2.072370       2.070860       2.069430       2.068080       2.066800       2.065580       2.064430       2.063330       2.062280       2.061270       2.060300       2.059370       2.058470       2.057600       2.056750       2.055920       2.055110       2.054310       2.053530       2.052760       2.051990       2.051230       2.050480       2.049730       2.048990       2.048250    
   2.080940       2.079000       2.077150       2.075410       2.073760       2.072200       2.070720       2.069320       2.067990       2.066730       2.065530       2.064390       2.063290       2.062240       2.061240       2.060270       2.059330       2.058420       2.057540       2.056680       2.055840       2.055010       2.054200       2.053400       2.052610       2.051830       2.051060       2.050300       2.049540       2.048780    
   2.082540       2.080550       2.078660       2.076870       2.075180       2.073570       2.072050       2.070600       2.069230       2.067920       2.066680       2.065490       2.064350       2.063260       2.062210       2.061200       2.060230       2.059280       2.058370       2.057470       2.056600       2.055750       2.054910       2.054080       2.053270       2.052470       2.051680       2.050890       2.050120       2.049340    
   2.084160       2.082130       2.080200       2.078370       2.076630       2.074980       2.073410       2.071920       2.070500       2.069150       2.067860       2.066630       2.065450       2.064320       2.063230       2.062180       2.061170       2.060190       2.059230       2.058310       2.057400       2.056520       2.055650       2.054800       2.053970       2.053140       2.052330       2.051520       2.050730       2.049940    
   2.084200       2.082160       2.080150       2.079900       2.078110       2.076420       2.074810       2.073270       2.071810       2.070410       2.069080       2.067800       2.066580       2.065410       2.064280       2.063200       2.062140       2.061130       2.060140       2.059180       2.058250       2.057330       2.056440       2.055560       2.054700       2.053850       2.053010       2.052190       2.051370       2.050560    
   2.084230       2.081600       2.079900       2.079700       2.079630       2.077890       2.076240       2.074660       2.073150       2.071710       2.070340       2.069020       2.067760       2.066540       2.065370       2.064250       2.063160       2.062110       2.061090       2.060090       2.059130       2.058180       2.057260       2.056350       2.055460       2.054590       2.053730       2.052880       2.052050       2.051220    
   2.083030       2.079900       2.080290       2.080400       2.081170       2.079390       2.077700       2.076080       2.074530       2.073040       2.071630       2.070270       2.068960       2.067710       2.066500       2.065340       2.064210       2.063120       2.062070       2.061040       2.060040       2.059070       2.058110       2.057180       2.056270       2.055370       2.054480       2.053610       2.052750       2.051910    
   2.079900       2.080540       2.080790       2.081170       2.080490       2.080920       2.079190       2.077520       2.075930       2.074410       2.072950       2.071550       2.070200       2.068910       2.067660       2.066460       2.065300       2.064170       2.063080       2.062020       2.060990       2.059990       2.059000       2.058040       2.057100       2.056170       2.055270       2.054370       2.053490       2.052620    
   2.080650       2.080980       2.081170       2.080860       2.080920       2.080270       2.080700       2.079000       2.077370       2.075800       2.074300       2.072860       2.071480       2.070140       2.068860       2.067620       2.066420       2.065260       2.064130       2.063040       2.061980       2.060940       2.059930       2.058940       2.057970       2.057010       2.056080       2.055160       2.054260       2.053370    
   2.081070       2.081170       2.080980       2.080920       2.080630       2.080700       2.079850       2.079020       2.077350       2.077230       2.075690       2.074200       2.072780       2.071410       2.070090       2.068810       2.067570       2.066380       2.065220       2.064090       2.062990       2.061920       2.060880       2.059860       2.058860       2.057890       2.056930       2.055980       2.055060       2.054150    
   2.081170       2.081020       2.080920       2.080750       2.080700       2.080280       2.079860       2.078360       2.077230       2.076460       2.075940       2.075580       2.074110       2.072700       2.071340       2.070030       2.068760       2.067530       2.066330       2.065170       2.064040       2.062940       2.061870       2.060820       2.059790       2.058790       2.057800       2.056830       2.055880       2.054950    
   2.081040       2.080920       2.080790       2.080700       2.080490       2.080280       2.078930       2.077230       2.076840       2.076580       2.076280       2.076980       2.075480       2.074030       2.072630       2.071280       2.069970       2.068700       2.067470       2.066280       2.065120       2.063990       2.062880       2.061800       2.060750       2.059720       2.058710       2.057710       2.056740       2.055780    
   2.080920       2.080800       2.080700       2.080590       2.080490       2.079230       2.077230       2.077040       2.076850       2.076630       2.076980       2.076230       2.075470       2.075380       2.073940       2.072560       2.071210       2.069910       2.068650       2.067420       2.066230       2.065060       2.063930       2.062820       2.061740       2.060680       2.059640       2.058620       2.057620       2.056640    
   2.080810       2.080700       2.080650       2.080590       2.079390       2.077230       2.077130       2.076980       2.076810       2.076980       2.076610       2.076010       2.075380       2.074660       2.073960       2.072570       2.071230       2.069920       2.068870       2.068590       2.067360       2.066170       2.065000       2.063860       2.062750       2.061660       2.060600       2.059550       2.058530       2.057520    
   2.080700       2.080670       2.080650       2.079460       2.077230       2.077180       2.077040       2.076890       2.076980       2.076790       2.076240       2.075380       2.075020       2.074670       2.073730       2.072590       2.071240       2.069800       2.069190       2.069780       2.068520       2.067300       2.066100       2.064930       2.063790       2.062680       2.061580       2.060510       2.059460       2.058430    
   2.080690       2.080670       2.079500       2.077230       2.077210       2.077070       2.076940       2.076980       2.076890       2.076350       2.075380       2.075200       2.075020       2.074470       2.073660       2.072520       2.070580       2.069480       2.069780       2.069340       2.069710       2.068460       2.067230       2.066030       2.064860       2.063720       2.062600       2.061500       2.060420       2.059370    
   2.080690       2.079520       2.077230       2.077220       2.077090       2.076960       2.076980       2.076930       2.076400       2.075380       2.075290       2.075200       2.074900       2.074390       2.073550       2.072000       2.069630       2.069780       2.070710       2.070940       2.070170       2.069640       2.068380       2.067150       2.065950       2.064780       2.063630       2.062510       2.061410       2.060320    
   2.079530       2.077230       2.077220       2.077100       2.076970       2.076980       2.076960       2.076420       2.075380       2.075340       2.075290       2.075130       2.074830       2.076140       2.075550       2.073630       2.073620       2.073020       2.072390       2.072800       2.072170       2.070850       2.069560       2.068300       2.067070       2.065870       2.064690       2.063540       2.062410       2.061310    
   2.077230       2.077230       2.077100       2.076970       2.076980       2.076970       2.076440       2.075380       2.075360       2.075340       2.075250       2.075080       2.077940       2.081780       2.081740       2.078010       2.077630       2.077460       2.074770       2.073440       2.073430       2.072080       2.070760       2.069470       2.068210       2.066980       2.065780       2.064600       2.063440       2.062310    
   2.077230       2.077100       2.076980       2.076980       2.076970       2.076440       2.075380       2.075370       2.075360       2.075310       2.080230       2.087730       2.083800       2.081830       2.081830       2.081740       2.079060       2.077800       2.077460       2.075400       2.074710       2.073330       2.071980       2.070660       2.069380       2.068120       2.066890       2.065680       2.064500       2.063340    
   2.077100       2.076980       2.076980       2.076980       2.076440       2.075380       2.075370       2.075370       2.075350       2.081270       2.087730       2.087730       2.087730       2.083870       2.081920       2.081920       2.081740       2.079220       2.078140       2.077460       2.076010       2.074600       2.073220       2.071880       2.070560       2.069270       2.068010       2.066780       2.065570       2.064390    
   2.076980       2.076980       2.076980       2.076450       2.075380       2.075380       2.075370       2.080830       2.084640       2.087730       2.087730       2.087730       2.087730       2.087730       2.084000       2.082100       2.082090       2.081740       2.079550       2.078820       2.077340       2.075900       2.074490       2.073110       2.071770       2.070450       2.069160       2.067900       2.066660       2.065450    
   2.076980       2.076980       2.076450       2.075380       2.075380       2.085520       2.100730       2.098970       2.097210       2.090900       2.087740       2.087730       2.087730       2.087730       2.087730       2.084240       2.082450       2.082450       2.081740       2.080190       2.078680       2.077210       2.075770       2.074370       2.072990       2.071650       2.070330       2.069040       2.067780       2.066540    
   2.076980       2.076450       2.075380       2.075380       2.087550       2.100730       2.100730       2.100730       2.098970       2.097210       2.090920       2.087770       2.087730       2.087730       2.087730       2.087730       2.084680       2.083170       2.083160       2.081580       2.080040       2.078540       2.077070       2.075640       2.074240       2.072860       2.071520       2.070200       2.068910       2.067650    
