iMOD/TUTORIALS/TUT_MetaswapAnalyser/model_MetaSWAP/meteo/Evaporation/Evaporation_20060525_L1.ASC
NCOLS                30
NROWS                30
XLLCORNER     160000.00
YLLCORNER     340000.00
CELLSIZE        1000.00
NODATA_VALUE   -9999.00
   1.287620       1.282850       1.278070       1.273290       1.268500       1.263710       1.258910       1.254110       1.249310       1.244510       1.239700       1.234900       1.230090       1.225290       1.220490       1.215690       1.210900       1.206110       1.201320       1.196540       1.191760       1.186990       1.182230       1.177480       1.172730       1.167990       1.163260       1.158530       1.153820       1.149120    
   1.283870       1.279060       1.274240       1.269420       1.264590       1.259760       1.254920       1.250090       1.245250       1.240410       1.235570       1.230740       1.225900       1.221070       1.216240       1.211410       1.206590       1.201780       1.196960       1.192160       1.187360       1.182570       1.177790       1.173010       1.168250       1.163490       1.158740       1.154000       1.149280       1.144560    
   1.280080       1.275220       1.270360       1.265500       1.260630       1.255760       1.250890       1.246020       1.241150       1.236270       1.231400       1.226530       1.221670       1.216810       1.211950       1.207090       1.202250       1.197410       1.192570       1.187740       1.182920       1.178110       1.173310       1.168510       1.163730       1.158960       1.154190       1.149440       1.144700       1.139970    
   1.276250       1.271350       1.266450       1.261540       1.256640       1.251730       1.246820       1.241910       1.237000       1.232100       1.227200       1.222290       1.217400       1.212510       1.207620       1.202740       1.197860       1.193000       1.188140       1.183290       1.178450       1.173610       1.168790       1.163980       1.159180       1.154390       1.149610       1.144840       1.140090       1.135350    
   1.272390       1.267450       1.262500       1.257550       1.252600       1.247660       1.242710       1.237770       1.232830       1.227890       1.222950       1.218020       1.213090       1.208170       1.203250       1.198350       1.193450       1.188550       1.183670       1.178800       1.173930       1.169080       1.164240       1.159410       1.154590       1.149780       1.144990       1.140210       1.135440       1.130690    
   1.268490       1.263500       1.258510       1.253530       1.248540       1.243550       1.238570       1.233590       1.228610       1.223640       1.218670       1.213710       1.208750       1.203800       1.198860       1.193920       1.188990       1.184080       1.179170       1.174280       1.169390       1.164520       1.159660       1.154810       1.149970       1.145150       1.140340       1.135550       1.130770       1.126000    
   1.264560       1.259530       1.254500       1.249470       1.244440       1.239420       1.234390       1.229380       1.224370       1.219360       1.214360       1.209360       1.204370       1.199390       1.194420       1.189460       1.184510       1.179570       1.174640       1.169720       1.164820       1.159920       1.155040       1.150180       1.145320       1.140490       1.135660       1.130860       1.126060       1.121290    
   1.260600       1.255520       1.250450       1.245380       1.240310       1.235250       1.230190       1.225140       1.220090       1.215050       1.210010       1.204990       1.199970       1.194960       1.189960       1.184970       1.180000       1.175030       1.170080       1.165140       1.160210       1.155300       1.150400       1.145520       1.140650       1.135800       1.130960       1.126140       1.121330       1.116550    
   1.256620       1.251490       1.246370       1.241260       1.236150       1.231050       1.225950       1.220860       1.215780       1.210710       1.205640       1.200580       1.195530       1.190500       1.185470       1.180450       1.175450       1.170460       1.165490       1.160520       1.155580       1.150640       1.145730       1.140830       1.135940       1.131080       1.126220       1.121390       1.116580       1.111780    
   1.252600       1.247430       1.242270       1.237120       1.231970       1.226830       1.221690       1.216570       1.211450       1.206340       1.201240       1.196150       1.191070       1.186010       1.180950       1.175910       1.170880       1.165870       1.160870       1.155880       1.150920       1.145960       1.141030       1.136110       1.131210       1.126330       1.121470       1.116620       1.111790       1.106980    
   1.252600       1.247430       1.239940       1.232950       1.227760       1.222580       1.217410       1.212240       1.207090       1.201950       1.196810       1.191690       1.186580       1.181490       1.176410       1.171340       1.166280       1.161250       1.156220       1.151220       1.146230       1.141260       1.136310       1.131370       1.126460       1.121560       1.116680       1.111820       1.106990       1.102170    
   1.252610       1.243230       1.232950       1.225880       1.223530       1.218310       1.213100       1.207900       1.202710       1.197530       1.192370       1.187210       1.182070       1.176950       1.171840       1.166740       1.161660       1.156600       1.151560       1.146530       1.141520       1.136530       1.131560       1.126610       1.121680       1.116770       1.111880       1.107010       1.102160       1.097330    
   1.246640       1.232950       1.224870       1.221400       1.219270       1.214010       1.208770       1.203530       1.198310       1.193090       1.187890       1.182710       1.177540       1.172390       1.167250       1.162120       1.157020       1.151930       1.146870       1.141820       1.136790       1.131780       1.126790       1.121830       1.116880       1.111950       1.107050       1.102170       1.097310       1.092470    
   1.232950       1.224360       1.220340       1.219270       1.214330       1.209700       1.204420       1.199140       1.193880       1.188640       1.183400       1.178190       1.172990       1.167800       1.162640       1.157490       1.152360       1.147250       1.142160       1.137090       1.132040       1.127010       1.122000       1.117020       1.112060       1.107120       1.102200       1.097310       1.092440       1.087590    
   1.224090       1.219800       1.219270       1.214430       1.209700       1.204720       1.200050       1.194740       1.189440       1.184160       1.178890       1.173650       1.168410       1.163200       1.158010       1.152830       1.147670       1.142540       1.137430       1.132340       1.127270       1.122220       1.117200       1.112200       1.107220       1.102270       1.097340       1.092440       1.087550       1.082700    
   1.219540       1.219270       1.214470       1.209700       1.204820       1.200050       1.197400       1.194740       1.187000       1.179670       1.174370       1.169090       1.163820       1.158580       1.153360       1.148160       1.142980       1.137820       1.132680       1.127570       1.122480       1.117410       1.112370       1.107360       1.102370       1.097400       1.092460       1.087540       1.082650       1.077790    
   1.219270       1.214480       1.209700       1.204860       1.200050       1.198720       1.197400       1.189700       1.179670       1.177020       1.169510       1.164510       1.159220       1.153950       1.148700       1.143470       1.138260       1.133080       1.127920       1.122780       1.117670       1.112590       1.107530       1.102500       1.097500       1.092520       1.087570       1.082640       1.077740       1.072860    
   1.214480       1.209700       1.204870       1.200050       1.199390       1.198720       1.191370       1.179670       1.178340       1.169670       1.162220       1.159930       1.154600       1.149300       1.144020       1.138760       1.133530       1.128320       1.123140       1.117990       1.112860       1.107750       1.102680       1.097630       1.092610       1.087620       1.082660       1.077720       1.072810       1.067930    
   1.209700       1.204870       1.200050       1.199720       1.199390       1.192290       1.179670       1.179010       1.169740       1.161070       1.159930       1.157260       1.152120       1.144640       1.139330       1.134050       1.128790       1.123560       1.118350       1.113170       1.108030       1.102910       1.097810       1.092750       1.087720       1.082710       1.077740       1.072790       1.067870       1.062980    
   1.204870       1.200050       1.199880       1.199720       1.192770       1.179670       1.179340       1.169770       1.160500       1.159930       1.158600       1.153490       1.144640       1.141980       1.139340       1.134060       1.128800       1.123570       1.113390       1.108350       1.103180       1.098040       1.092940       1.087860       1.082810       1.077790       1.072810       1.067850       1.062920       1.058020    
   1.200050       1.199970       1.199880       1.193010       1.179670       1.179500       1.169780       1.160220       1.159930       1.159260       1.154160       1.144640       1.143310       1.141990       1.138460       1.134070       1.128810       1.115040       1.105940       1.103520       1.098330       1.093180       1.088050       1.082960       1.077890       1.072860       1.067870       1.062900       1.057960       1.053050    
   1.200010       1.199970       1.193130       1.179670       1.179590       1.169790       1.160070       1.159930       1.159600       1.154500       1.144640       1.143980       1.143310       1.141250       1.138170       1.133780       1.117230       1.104730       1.103520       1.098440       1.093470       1.088300       1.083160       1.078050       1.072970       1.067930       1.062920       1.057940       1.053000       1.048080    
   1.200010       1.193190       1.179670       1.179630       1.169800       1.160000       1.159930       1.159760       1.154670       1.144640       1.144310       1.143980       1.142850       1.140910       1.137730       1.116460       1.104120       1.103520       1.092970       1.088600       1.085490       1.083410       1.078250       1.073130       1.068040       1.062990       1.057970       1.052980       1.048030       1.043110    
   1.193230       1.179670       1.179650       1.169800       1.159970       1.159930       1.159850       1.154750       1.144640       1.144470       1.144310       1.143710       1.142580       1.122900       1.105080       1.088970       1.088970       1.086200       1.082920       1.081300       1.083740       1.078530       1.073350       1.068210       1.063110       1.058040       1.053010       1.048020       1.043060       1.038130    
   1.179670       1.179660       1.169800       1.159950       1.159930       1.159890       1.154790       1.144640       1.144560       1.144470       1.144160       1.143530       1.109800       1.069970       1.070120       1.076310       1.073820       1.074430       1.077170       1.078860       1.078860       1.073630       1.068440       1.063290       1.058170       1.053090       1.048050       1.043050       1.038080       1.033150    
   1.179660       1.169800       1.159940       1.159930       1.159910       1.154810       1.144640       1.144600       1.144560       1.144400       1.110910       1.061200       1.066920       1.069820       1.069820       1.070120       1.072330       1.073220       1.074430       1.074100       1.073990       1.068740       1.063530       1.058360       1.053230       1.048140       1.043090       1.038080       1.033110       1.028170    
   1.169800       1.159930       1.159930       1.159920       1.154820       1.144640       1.144620       1.144600       1.144520       1.104450       1.061200       1.061200       1.061200       1.066700       1.069520       1.069520       1.070120       1.071570       1.072000       1.074430       1.069120       1.063850       1.058620       1.053440       1.048300       1.043200       1.038140       1.033120       1.028140       1.023190    
   1.159930       1.159930       1.159920       1.154830       1.144640       1.144630       1.144620       1.119250       1.092200       1.061190       1.061200       1.061200       1.061200       1.061200       1.066250       1.068920       1.068910       1.070120       1.069710       1.069570       1.064240       1.058960       1.053720       1.048520       1.043360       1.038250       1.033180       1.028160       1.023170       1.018220    
   1.159930       1.159930       1.154830       1.144640       1.144630       1.104540       1.044420       1.043840       1.043260       1.055180       1.061160       1.061200       1.061200       1.061200       1.061200       1.065390       1.067710       1.067710       1.070120       1.064730       1.059380       1.054070       1.048810       1.043600       1.038430       1.033310       1.028230       1.023200       1.018210       1.013250    
   1.159930       1.154830       1.144640       1.144640       1.096520       1.044410       1.044410       1.044420       1.043840       1.043260       1.055120       1.061080       1.061200       1.061200       1.061200       1.061200       1.063720       1.065300       1.065300       1.059880       1.054510       1.049190       1.043920       1.038690       1.033510       1.028380       1.023290       1.018250       1.013250       1.008290    
