iMOD/TUTORIALS/TUT_MetaswapAnalyser/model_MetaSWAP/meteo/Evaporation/Evaporation_20050605_L1.ASC
NCOLS                30
NROWS                30
XLLCORNER     160000.00
YLLCORNER     340000.00
CELLSIZE        1000.00
NODATA_VALUE   -9999.00
   1.793840       1.789750       1.785710       1.781740       1.777840       1.774010       1.770250       1.766570       1.762960       1.759440       1.756000       1.752640       1.749370       1.746190       1.743100       1.740100       1.737190       1.734380       1.731660       1.729040       1.726510       1.724070       1.721730       1.719490       1.717340       1.715280       1.713320       1.711450       1.709670       1.707990    
   1.793490       1.789410       1.785390       1.781430       1.777540       1.773710       1.769960       1.766290       1.762690       1.759170       1.755740       1.752390       1.749120       1.745940       1.742850       1.739850       1.736950       1.734130       1.731410       1.728780       1.726250       1.723810       1.721460       1.719210       1.717050       1.714990       1.713020       1.711140       1.709350       1.707650    
   1.793140       1.789070       1.785060       1.781110       1.777230       1.773420       1.769670       1.766010       1.762420       1.758910       1.755480       1.752130       1.748860       1.745690       1.742600       1.739600       1.736690       1.733880       1.731150       1.728520       1.725980       1.723540       1.721190       1.718930       1.716770       1.714700       1.712720       1.710830       1.709030       1.707330    
   1.792790       1.788730       1.784730       1.780790       1.776920       1.773120       1.769380       1.765720       1.762140       1.758640       1.755210       1.751870       1.748610       1.745430       1.742350       1.739350       1.736440       1.733620       1.730900       1.728260       1.725720       1.723270       1.720920       1.718650       1.716480       1.714410       1.712420       1.710520       1.708720       1.707000    
   1.792440       1.788390       1.784400       1.780480       1.776610       1.772820       1.769090       1.765440       1.761860       1.758360       1.754940       1.751600       1.748350       1.745180       1.742090       1.739090       1.736190       1.733370       1.730640       1.728000       1.725460       1.723010       1.720650       1.718380       1.716200       1.714120       1.712120       1.710220       1.708400       1.706680    
   1.792090       1.788050       1.784070       1.780160       1.776300       1.772520       1.768800       1.765150       1.761580       1.758090       1.754670       1.751340       1.748080       1.744920       1.741830       1.738840       1.735930       1.733110       1.730380       1.727740       1.725200       1.722740       1.720370       1.718100       1.715920       1.713830       1.711830       1.709920       1.708100       1.706360    
   1.791730       1.787710       1.783740       1.779830       1.775990       1.772210       1.768500       1.764870       1.761300       1.757810       1.754400       1.751070       1.747820       1.744650       1.741570       1.738580       1.735670       1.732850       1.730120       1.727480       1.724930       1.722470       1.720100       1.717830       1.715640       1.713540       1.711540       1.709620       1.707790       1.706050    
   1.791370       1.787360       1.783410       1.779510       1.775680       1.771910       1.768210       1.764580       1.761020       1.757530       1.754130       1.750800       1.747560       1.744390       1.741310       1.738320       1.735410       1.732590       1.729860       1.727220       1.724670       1.722200       1.719830       1.717550       1.715360       1.713260       1.711250       1.709320       1.707490       1.705740    
   1.791020       1.787020       1.783070       1.779190       1.775360       1.771600       1.767910       1.764280       1.760730       1.757260       1.753850       1.750530       1.747290       1.744130       1.741050       1.738060       1.735150       1.732330       1.729600       1.726960       1.724400       1.721940       1.719560       1.717280       1.715080       1.712980       1.710960       1.709030       1.707190       1.705430    
   1.790660       1.786670       1.782740       1.778860       1.775050       1.771300       1.767610       1.763990       1.760450       1.756980       1.753580       1.750260       1.747020       1.743860       1.740790       1.737800       1.734890       1.732070       1.729340       1.726690       1.724140       1.721670       1.719290       1.717000       1.714810       1.712700       1.710670       1.708740       1.706890       1.705130    
   1.790680       1.786690       1.781700       1.778540       1.774730       1.770990       1.767310       1.763700       1.760160       1.756690       1.753300       1.749990       1.746750       1.743600       1.740520       1.737530       1.734630       1.731810       1.729070       1.726430       1.723870       1.721400       1.719020       1.716730       1.714530       1.712420       1.710390       1.708450       1.706600       1.704840    
   1.790690       1.784400       1.778540       1.775450       1.774420       1.770680       1.767010       1.763410       1.759880       1.756410       1.753030       1.749720       1.746480       1.743330       1.740260       1.737270       1.734370       1.731550       1.728810       1.726170       1.723610       1.721140       1.718760       1.716460       1.714260       1.712140       1.710110       1.708170       1.706310       1.704540    
   1.787090       1.778540       1.775590       1.774270       1.774110       1.770380       1.766710       1.763120       1.759590       1.756130       1.752750       1.749440       1.746210       1.743060       1.739990       1.737010       1.734100       1.731280       1.728550       1.725910       1.723350       1.720870       1.718490       1.716200       1.713990       1.711870       1.709840       1.707890       1.706030       1.704260    
   1.778540       1.775610       1.774190       1.774110       1.771520       1.770080       1.766420       1.762830       1.759310       1.755850       1.752480       1.749170       1.745950       1.742800       1.739730       1.736740       1.733840       1.731020       1.728290       1.725650       1.723090       1.720610       1.718230       1.715930       1.713720       1.711600       1.709560       1.707620       1.705750       1.703980    
   1.775600       1.774150       1.774110       1.771900       1.770080       1.767540       1.766120       1.762540       1.759020       1.755580       1.752200       1.748900       1.745680       1.742530       1.739470       1.736480       1.733580       1.730770       1.728030       1.725390       1.722830       1.720350       1.717970       1.715670       1.713460       1.711330       1.709300       1.707350       1.705480       1.703700    
   1.774130       1.774110       1.772030       1.770080       1.767910       1.766120       1.764330       1.762560       1.758110       1.755300       1.751930       1.748630       1.745410       1.742270       1.739210       1.736220       1.733320       1.730510       1.727780       1.725130       1.722570       1.720100       1.717710       1.715410       1.713200       1.711070       1.709030       1.707080       1.705210       1.703430    
   1.774110       1.772070       1.770080       1.768040       1.766120       1.765220       1.764340       1.760070       1.755300       1.753620       1.750470       1.748370       1.745150       1.742010       1.738950       1.735970       1.733070       1.730250       1.727520       1.724880       1.722320       1.719840       1.717450       1.715150       1.712940       1.710820       1.708780       1.706820       1.704950       1.703170    
   1.772090       1.770080       1.768080       1.766120       1.765670       1.765230       1.761230       1.755300       1.754460       1.751150       1.748240       1.748110       1.744890       1.741750       1.738690       1.735710       1.732820       1.730000       1.727270       1.724630       1.722070       1.719590       1.717200       1.714900       1.712690       1.710560       1.708520       1.706570       1.704700       1.702910    
   1.770080       1.768090       1.766120       1.765900       1.765670       1.761860       1.755300       1.754880       1.751440       1.748180       1.748110       1.746500       1.744060       1.741500       1.738440       1.735460       1.732570       1.729750       1.727020       1.724380       1.721820       1.719350       1.716960       1.714660       1.712440       1.710320       1.708280       1.706320       1.704450       1.702660    
   1.768100       1.766120       1.766010       1.765900       1.762180       1.755300       1.755090       1.751570       1.748140       1.748110       1.747310       1.745040       1.741500       1.739970       1.738470       1.735490       1.732590       1.729780       1.725840       1.724140       1.721580       1.719100       1.716720       1.714420       1.712200       1.710080       1.708040       1.706080       1.704210       1.702420    
   1.766120       1.766060       1.766010       1.762350       1.755300       1.755190       1.751640       1.748130       1.748110       1.747710       1.745490       1.741500       1.740740       1.739980       1.737980       1.735520       1.732620       1.727230       1.724020       1.723900       1.721340       1.718870       1.716480       1.714180       1.711970       1.709840       1.707800       1.705850       1.703980       1.702190    
   1.766090       1.766060       1.762430       1.755300       1.755250       1.751670       1.748120       1.748110       1.747910       1.745700       1.741500       1.741120       1.740740       1.739560       1.737820       1.735370       1.728640       1.723960       1.723900       1.722120       1.721110       1.718640       1.716260       1.713960       1.711740       1.709620       1.707580       1.705630       1.703760       1.701970    
   1.766090       1.762470       1.755300       1.755270       1.751690       1.748110       1.748110       1.748010       1.745810       1.741500       1.741310       1.741120       1.740470       1.739370       1.737590       1.729810       1.723930       1.723900       1.721870       1.720890       1.719410       1.718420       1.716030       1.713740       1.711530       1.709400       1.707360       1.705410       1.703540       1.701760    
   1.762490       1.755300       1.755290       1.751700       1.748110       1.748110       1.748060       1.745860       1.741500       1.741400       1.741310       1.740970       1.740320       1.735590       1.729750       1.723270       1.723260       1.722040       1.720640       1.720570       1.720670       1.718200       1.715820       1.713530       1.711320       1.709190       1.707160       1.705210       1.703340       1.701560    
   1.755300       1.755290       1.751700       1.748110       1.748110       1.748080       1.745880       1.741500       1.741450       1.741400       1.741230       1.740870       1.733350       1.724930       1.724930       1.723540       1.722610       1.722630       1.721130       1.720470       1.720470       1.718000       1.715620       1.713320       1.711120       1.709000       1.706960       1.705020       1.703150       1.701370    
   1.755300       1.751700       1.748110       1.748110       1.748100       1.745890       1.741500       1.741480       1.741450       1.741360       1.735600       1.727240       1.725690       1.724920       1.724920       1.724930       1.723360       1.722590       1.722630       1.720860       1.720270       1.717800       1.715420       1.713130       1.710930       1.708810       1.706780       1.704830       1.702970       1.701200    
   1.751700       1.748110       1.748110       1.748100       1.745900       1.741500       1.741490       1.741480       1.741430       1.734580       1.727240       1.727240       1.727240       1.725690       1.724910       1.724910       1.724930       1.723300       1.722550       1.722630       1.720080       1.717620       1.715240       1.712950       1.710750       1.708630       1.706610       1.704660       1.702810       1.701040    
   1.748110       1.748110       1.748110       1.745900       1.741500       1.741490       1.741490       1.738540       1.733760       1.727240       1.727240       1.727240       1.727240       1.727240       1.725670       1.724890       1.724890       1.724930       1.723080       1.722460       1.719910       1.717440       1.715070       1.712780       1.710580       1.708470       1.706450       1.704510       1.702660       1.700890    
   1.748110       1.748110       1.745910       1.741500       1.741500       1.737960       1.732660       1.731200       1.729750       1.728080       1.727240       1.727240       1.727240       1.727240       1.727240       1.725630       1.724860       1.724850       1.724930       1.722290       1.719740       1.717280       1.714910       1.712630       1.710430       1.708320       1.706300       1.704370       1.702520       1.700760    
   1.748110       1.745910       1.741500       1.741500       1.737260       1.732660       1.732660       1.732660       1.731200       1.729750       1.728080       1.727240       1.727240       1.727240       1.727240       1.727240       1.725540       1.724780       1.724780       1.722140       1.719590       1.717130       1.714760       1.712480       1.710290       1.708190       1.706170       1.704250       1.702400       1.700640    
