iMOD/TUTORIALS/TUT_MetaswapAnalyser/model_MetaSWAP/meteo/Evaporation/Evaporation_20060115_L1.ASC
NCOLS                30
NROWS                30
XLLCORNER     160000.00
YLLCORNER     340000.00
CELLSIZE        1000.00
NODATA_VALUE   -9999.00
  0.5311700      0.5311300      0.5311000      0.5310700      0.5310500      0.5310300      0.5310200      0.5310200      0.5310200      0.5310300      0.5310400      0.5310700      0.5311000      0.5311300      0.5311800      0.5312300      0.5312900      0.5313500      0.5314300      0.5315100      0.5316000      0.5317000      0.5318000      0.5319200      0.5320400      0.5321700      0.5323100      0.5324600      0.5326100      0.5327700    
  0.5322400      0.5322100      0.5321700      0.5321500      0.5321200      0.5321100      0.5321000      0.5321000      0.5321000      0.5321100      0.5321200      0.5321500      0.5321800      0.5322100      0.5322600      0.5323100      0.5323700      0.5324400      0.5325100      0.5325900      0.5326800      0.5327800      0.5328800      0.5330000      0.5331200      0.5332400      0.5333800      0.5335300      0.5336800      0.5338400    
  0.5333100      0.5332800      0.5332400      0.5332200      0.5332000      0.5331800      0.5331700      0.5331700      0.5331800      0.5331900      0.5332000      0.5332300      0.5332600      0.5332900      0.5333400      0.5333900      0.5334500      0.5335100      0.5335900      0.5336700      0.5337600      0.5338500      0.5339600      0.5340700      0.5341900      0.5343200      0.5344500      0.5346000      0.5347500      0.5349100    
  0.5343800      0.5343400      0.5343100      0.5342900      0.5342700      0.5342600      0.5342500      0.5342500      0.5342500      0.5342600      0.5342800      0.5343000      0.5343300      0.5343700      0.5344200      0.5344700      0.5345300      0.5345900      0.5346700      0.5347500      0.5348300      0.5349300      0.5350300      0.5351400      0.5352600      0.5353900      0.5355200      0.5356600      0.5358100      0.5359700    
  0.5354400      0.5354100      0.5353800      0.5353500      0.5353400      0.5353200      0.5353200      0.5353200      0.5353200      0.5353300      0.5353500      0.5353800      0.5354100      0.5354500      0.5354900      0.5355400      0.5356000      0.5356700      0.5357400      0.5358200      0.5359100      0.5360000      0.5361000      0.5362100      0.5363300      0.5364600      0.5365900      0.5367300      0.5368800      0.5370300    
  0.5365000      0.5364700      0.5364400      0.5364200      0.5364000      0.5363900      0.5363900      0.5363900      0.5363900      0.5364100      0.5364200      0.5364500      0.5364800      0.5365200      0.5365600      0.5366200      0.5366700      0.5367400      0.5368100      0.5368900      0.5369800      0.5370700      0.5371700      0.5372800      0.5374000      0.5375200      0.5376500      0.5377900      0.5379400      0.5380900    
  0.5375600      0.5375300      0.5375000      0.5374800      0.5374600      0.5374500      0.5374500      0.5374500      0.5374600      0.5374700      0.5374900      0.5375200      0.5375500      0.5375900      0.5376300      0.5376900      0.5377400      0.5378100      0.5378800      0.5379600      0.5380500      0.5381400      0.5382400      0.5383500      0.5384700      0.5385900      0.5387200      0.5388600      0.5390000      0.5391500    
  0.5386100      0.5385800      0.5385600      0.5385400      0.5385300      0.5385200      0.5385100      0.5385200      0.5385200      0.5385400      0.5385600      0.5385800      0.5386200      0.5386600      0.5387000      0.5387500      0.5388100      0.5388800      0.5389500      0.5390300      0.5391200      0.5392100      0.5393100      0.5394200      0.5395300      0.5396500      0.5397800      0.5399200      0.5400600      0.5402100    
  0.5396700      0.5396400      0.5396200      0.5396000      0.5395800      0.5395800      0.5395700      0.5395800      0.5395900      0.5396000      0.5396200      0.5396500      0.5396800      0.5397200      0.5397700      0.5398200      0.5398800      0.5399400      0.5400200      0.5400900      0.5401800      0.5402700      0.5403700      0.5404800      0.5405900      0.5407100      0.5408400      0.5409700      0.5411200      0.5412700    
  0.5407200      0.5406900      0.5406700      0.5406500      0.5406400      0.5406300      0.5406300      0.5406400      0.5406500      0.5406600      0.5406800      0.5407100      0.5407500      0.5407800      0.5408300      0.5408800      0.5409400      0.5410100      0.5410800      0.5411600      0.5412400      0.5413300      0.5414300      0.5415400      0.5416500      0.5417700      0.5419000      0.5420300      0.5421700      0.5423200    
  0.5407200      0.5406930      0.5409280      0.5417000      0.5416900      0.5416900      0.5416900      0.5416900      0.5417000      0.5417200      0.5417400      0.5417700      0.5418100      0.5418500      0.5418900      0.5419400      0.5420000      0.5420700      0.5421400      0.5422200      0.5423000      0.5423900      0.5424900      0.5426000      0.5427100      0.5428300      0.5429500      0.5430900      0.5432200      0.5433700    
  0.5407220      0.5410100      0.5417000      0.5424800      0.5427400      0.5427400      0.5427400      0.5427500      0.5427600      0.5427800      0.5428000      0.5428300      0.5428600      0.5429000      0.5429500      0.5430000      0.5430600      0.5431300      0.5432000      0.5432800      0.5433600      0.5434500      0.5435500      0.5436500      0.5437600      0.5438800      0.5440100      0.5441400      0.5442800      0.5444200    
  0.5410470      0.5417000      0.5428090      0.5432650      0.5437900      0.5437900      0.5437900      0.5438000      0.5438100      0.5438300      0.5438500      0.5438800      0.5439200      0.5439600      0.5440100      0.5440600      0.5441200      0.5441800      0.5442600      0.5443300      0.5444200      0.5445100      0.5446000      0.5447100      0.5448200      0.5449400      0.5450600      0.5451900      0.5453300      0.5454700    
  0.5417000      0.5429570      0.5435270      0.5437900      0.5441400      0.5448400      0.5448400      0.5448500      0.5448600      0.5448800      0.5449100      0.5449400      0.5449700      0.5450100      0.5450600      0.5451100      0.5451700      0.5452400      0.5453100      0.5453900      0.5454700      0.5455600      0.5456600      0.5457600      0.5458700      0.5459900      0.5461100      0.5462400      0.5463700      0.5465100    
  0.5430260      0.5436590      0.5437900      0.5442570      0.5448400      0.5451900      0.5458900      0.5459000      0.5459100      0.5459300      0.5459600      0.5459900      0.5460200      0.5460600      0.5461100      0.5461700      0.5462300      0.5462900      0.5463600      0.5464400      0.5465200      0.5466100      0.5467100      0.5468100      0.5469200      0.5470300      0.5471600      0.5472800      0.5474200      0.5475600    
  0.5437240      0.5437900      0.5442960      0.5448400      0.5453070      0.5458900      0.5458950      0.5459000      0.5461800      0.5469800      0.5470000      0.5470300      0.5470700      0.5471100      0.5471600      0.5472200      0.5472800      0.5473400      0.5474100      0.5474900      0.5475700      0.5476600      0.5477600      0.5478600      0.5479700      0.5480800      0.5482000      0.5483300      0.5484600      0.5486000    
  0.5437900      0.5443080      0.5448400      0.5453460      0.5458900      0.5458920      0.5458950      0.5462390      0.5469800      0.5469900      0.5476420      0.5480800      0.5481200      0.5481600      0.5482100      0.5482600      0.5483200      0.5483900      0.5484600      0.5485400      0.5486200      0.5487100      0.5488000      0.5489000      0.5490100      0.5491200      0.5492400      0.5493700      0.5495000      0.5496400    
  0.5443130      0.5448400      0.5453580      0.5458900      0.5458910      0.5458920      0.5462520      0.5469800      0.5469850      0.5478660      0.5486000      0.5491200      0.5491600      0.5492000      0.5492500      0.5493100      0.5493700      0.5494300      0.5495000      0.5495800      0.5496600      0.5497500      0.5498500      0.5499500      0.5500500      0.5501700      0.5502900      0.5504100      0.5505400      0.5506800    
  0.5448400      0.5453630      0.5458900      0.5458910      0.5458910      0.5462540      0.5469800      0.5469830      0.5479620      0.5488600      0.5491200      0.5491400      0.5494330      0.5502500      0.5503000      0.5503500      0.5504100      0.5504800      0.5505500      0.5506200      0.5507100      0.5508000      0.5508900      0.5509900      0.5511000      0.5512100      0.5513200      0.5514500      0.5515800      0.5517100    
  0.5453640      0.5458900      0.5458900      0.5458910      0.5462540      0.5469800      0.5469810      0.5480070      0.5489900      0.5491200      0.5491300      0.5494860      0.5502500      0.5502750      0.5503000      0.5503530      0.5504130      0.5504800      0.5512040      0.5516700      0.5517500      0.5518400      0.5519300      0.5520300      0.5521300      0.5522500      0.5523600      0.5524800      0.5526100      0.5527500    
  0.5458900      0.5458900      0.5458900      0.5462540      0.5469800      0.5469810      0.5480290      0.5490550      0.5491200      0.5491250      0.5494960      0.5502500      0.5502620      0.5502750      0.5503090      0.5503560      0.5504160      0.5513960      0.5521850      0.5527000      0.5527900      0.5528700      0.5529700      0.5530700      0.5531700      0.5532800      0.5534000      0.5535200      0.5536500      0.5537800    
  0.5458900      0.5458900      0.5462540      0.5469800      0.5469800      0.5480390      0.5490880      0.5491200      0.5491220      0.5494980      0.5502500      0.5502560      0.5502620      0.5502820      0.5503130      0.5503600      0.5514620      0.5524420      0.5527000      0.5531030      0.5538200      0.5539100      0.5540000      0.5541000      0.5542000      0.5543100      0.5544300      0.5545500      0.5546800      0.5548100    
  0.5458900      0.5462530      0.5469800      0.5469800      0.5480450      0.5491040      0.5491200      0.5491210      0.5494980      0.5502500      0.5502530      0.5502560      0.5502670      0.5502860      0.5503190      0.5520990      0.5525710      0.5527000      0.5542660      0.5548550      0.5549060      0.5549400      0.5550400      0.5551300      0.5552400      0.5553500      0.5554600      0.5555800      0.5557100      0.5558400    
  0.5462530      0.5469800      0.5469800      0.5480470      0.5491120      0.5491200      0.5491210      0.5494970      0.5502500      0.5502520      0.5502530      0.5502590      0.5502700      0.5529300      0.5546960      0.5557900      0.5557900      0.5559000      0.5560590      0.5564050      0.5558900      0.5559700      0.5560700      0.5561600      0.5562700      0.5563700      0.5564900      0.5566100      0.5567300      0.5568600    
  0.5469800      0.5469800      0.5480490      0.5491160      0.5491200      0.5491200      0.5494970      0.5502500      0.5502510      0.5502520      0.5502550      0.5502610      0.5550510      0.5608820      0.5608500      0.5588300      0.5590090      0.5588800      0.5575950      0.5569170      0.5569200      0.5570000      0.5570900      0.5571900      0.5572900      0.5574000      0.5575100      0.5576300      0.5577600      0.5578800    
  0.5469800      0.5480490      0.5491180      0.5491200      0.5491200      0.5494970      0.5502500      0.5502500      0.5502510      0.5502520      0.5556810      0.5638200      0.5618880      0.5609140      0.5609140      0.5608500      0.5596710      0.5591370      0.5588800      0.5581770      0.5579400      0.5580300      0.5581200      0.5582200      0.5583200      0.5584300      0.5585400      0.5586500      0.5587800      0.5589100    
  0.5480500      0.5491190      0.5491200      0.5491200      0.5494970      0.5502500      0.5502500      0.5502500      0.5502510      0.5567650      0.5638200      0.5638200      0.5638200      0.5619350      0.5609770      0.5609780      0.5608500      0.5598170      0.5593950      0.5588800      0.5589700      0.5590500      0.5591400      0.5592400      0.5593400      0.5594500      0.5595600      0.5596800      0.5598000      0.5599200    
  0.5491190      0.5491200      0.5491200      0.5494970      0.5502500      0.5502500      0.5502500      0.5548800      0.5592230      0.5638230      0.5638200      0.5638200      0.5638200      0.5638200      0.5620270      0.5611050      0.5611050      0.5608500      0.5601430      0.5599100      0.5599900      0.5600700      0.5601700      0.5602600      0.5603600      0.5604700      0.5605800      0.5606900      0.5608100      0.5609400    
  0.5491200      0.5491200      0.5494970      0.5502500      0.5502500      0.5580260      0.5696900      0.5692300      0.5687700      0.5654770      0.5638280      0.5638200      0.5638200      0.5638200      0.5638200      0.5622060      0.5613590      0.5613600      0.5608500      0.5609300      0.5610100      0.5610900      0.5611800      0.5612800      0.5613800      0.5614800      0.5615900      0.5617100      0.5618300      0.5619500    
  0.5491200      0.5494970      0.5502500      0.5502500      0.5595830      0.5696920      0.5696920      0.5696900      0.5692300      0.5687700      0.5654920      0.5638450      0.5638200      0.5638200      0.5638200      0.5638200      0.5625400      0.5618670      0.5618700      0.5619400      0.5620200      0.5621100      0.5622000      0.5623000      0.5624000      0.5625000      0.5626100      0.5627200      0.5628400      0.5629700    
