iMOD/TUTORIALS/TUT_MetaswapAnalyser/model_MetaSWAP/meteo/Evaporation/Evaporation_20060317_L1.ASC
NCOLS                30
NROWS                30
XLLCORNER     160000.00
YLLCORNER     340000.00
CELLSIZE        1000.00
NODATA_VALUE   -9999.00
  0.7638200      0.7599100      0.7559400      0.7519000      0.7478100      0.7436800      0.7395100      0.7353000      0.7310600      0.7268000      0.7225200      0.7182300      0.7139300      0.7096200      0.7053200      0.7010300      0.6967400      0.6924600      0.6882000      0.6839600      0.6797400      0.6755400      0.6713700      0.6672200      0.6631000      0.6590200      0.6549600      0.6509300      0.6469400      0.6429800    
  0.7661200      0.7622200      0.7582700      0.7542500      0.7501900      0.7460700      0.7419200      0.7377300      0.7335200      0.7292800      0.7250200      0.7207500      0.7164700      0.7121800      0.7079000      0.7036200      0.6993500      0.6950800      0.6908300      0.6866000      0.6823900      0.6782000      0.6740300      0.6698900      0.6657700      0.6616900      0.6576300      0.6536000      0.6496100      0.6456500    
  0.7683700      0.7644900      0.7605500      0.7565500      0.7525100      0.7484200      0.7442900      0.7401200      0.7359300      0.7317100      0.7274700      0.7232200      0.7189600      0.7146900      0.7104200      0.7061600      0.7019000      0.6976500      0.6934100      0.6891900      0.6849900      0.6808000      0.6766400      0.6725100      0.6684000      0.6643100      0.6602600      0.6562300      0.6522400      0.6482800    
  0.7705700      0.7667100      0.7627800      0.7588100      0.7547800      0.7507100      0.7466000      0.7424600      0.7382900      0.7340900      0.7298700      0.7256400      0.7214000      0.7171500      0.7129000      0.7086500      0.7044100      0.7001700      0.6959500      0.6917400      0.6875400      0.6833700      0.6792100      0.6750800      0.6709800      0.6669000      0.6628500      0.6588300      0.6548300      0.6508700    
  0.7727300      0.7688800      0.7649800      0.7610200      0.7570100      0.7529600      0.7488700      0.7447500      0.7406000      0.7364200      0.7322300      0.7280100      0.7237900      0.7195600      0.7153300      0.7110900      0.7068700      0.7026400      0.6984300      0.6942300      0.6900500      0.6858900      0.6817400      0.6776200      0.6735200      0.6694500      0.6654000      0.6613800      0.6573900      0.6534300    
  0.7748600      0.7710200      0.7671300      0.7631900      0.7592000      0.7551700      0.7511000      0.7470000      0.7428700      0.7387100      0.7345300      0.7303400      0.7261400      0.7219200      0.7177100      0.7134900      0.7092800      0.7050700      0.7008700      0.6966900      0.6925200      0.6883600      0.6842300      0.6801100      0.6760200      0.6719500      0.6679100      0.6639000      0.6599100      0.6559500    
  0.7769500      0.7731200      0.7692500      0.7653200      0.7613500      0.7573400      0.7532800      0.7492000      0.7450900      0.7409500      0.7368000      0.7326200      0.7284400      0.7242400      0.7200400      0.7158500      0.7116500      0.7074600      0.7032700      0.6991000      0.6949400      0.6908000      0.6866700      0.6825600      0.6784800      0.6744200      0.6703800      0.6663800      0.6623900      0.6584400    
  0.7790000      0.7751900      0.7713200      0.7674100      0.7634600      0.7594600      0.7554300      0.7513700      0.7472700      0.7431500      0.7390200      0.7348600      0.7307000      0.7265200      0.7223400      0.7181600      0.7139700      0.7098000      0.7056300      0.7014700      0.6973200      0.6931900      0.6890700      0.6849800      0.6809000      0.6768500      0.6728200      0.6688200      0.6648400      0.6608900    
  0.7810200      0.7772200      0.7733700      0.7694700      0.7655300      0.7615500      0.7575400      0.7534900      0.7494200      0.7453200      0.7412000      0.7370600      0.7329100      0.7287600      0.7245900      0.7204300      0.7162600      0.7121000      0.7079400      0.7038000      0.6996600      0.6955400      0.6914400      0.6873500      0.6832900      0.6792400      0.6752200      0.6712200      0.6672500      0.6633100    
  0.7830000      0.7792100      0.7753800      0.7714900      0.7675700      0.7636100      0.7596100      0.7555800      0.7515200      0.7474400      0.7433400      0.7392200      0.7350900      0.7309500      0.7268000      0.7226600      0.7185100      0.7143600      0.7102200      0.7060900      0.7019700      0.6978600      0.6937700      0.6896900      0.6856300      0.6816000      0.6775900      0.6736000      0.6696300      0.6656900    
  0.7829830      0.7791970      0.7748900      0.7734800      0.7695700      0.7656300      0.7616400      0.7576300      0.7535900      0.7495300      0.7454500      0.7413500      0.7372300      0.7331100      0.7289800      0.7248500      0.7207100      0.7165800      0.7124600      0.7083400      0.7042300      0.7001400      0.6960600      0.6919900      0.6879500      0.6839200      0.6799200      0.6759300      0.6719800      0.6680400    
  0.7829680      0.7776370      0.7734800      0.7720220      0.7715500      0.7676100      0.7636500      0.7596500      0.7556300      0.7515800      0.7475200      0.7434300      0.7393400      0.7352300      0.7311200      0.7270000      0.7228800      0.7187700      0.7146600      0.7105500      0.7064600      0.7023800      0.6983100      0.6942600      0.6902200      0.6862100      0.6822100      0.6782400      0.6742900      0.6703600    
  0.7801980      0.7734800      0.7728780      0.7725200      0.7734900      0.7695700      0.7656200      0.7616400      0.7576300      0.7536000      0.7495500      0.7454900      0.7414100      0.7373200      0.7332200      0.7291200      0.7250200      0.7209200      0.7168200      0.7127300      0.7086500      0.7045900      0.7005300      0.6964900      0.6924700      0.6884600      0.6844800      0.6805100      0.6765700      0.6726500    
  0.7734800      0.7732130      0.7730050      0.7734900      0.7715200      0.7715000      0.7675600      0.7635900      0.7596000      0.7555900      0.7515600      0.7475100      0.7434400      0.7393700      0.7352900      0.7312100      0.7271200      0.7230400      0.7189600      0.7148800      0.7108100      0.7067600      0.7027200      0.6986900      0.6946800      0.6906800      0.6867100      0.6827500      0.6788200      0.6749100    
  0.7733580      0.7732470      0.7734900      0.7721700      0.7715000      0.7695100      0.7694700      0.7655200      0.7615500      0.7575500      0.7535300      0.7495000      0.7454500      0.7413900      0.7373300      0.7332600      0.7291900      0.7251200      0.7210500      0.7169900      0.7129400      0.7089000      0.7048700      0.7008500      0.6968500      0.6928700      0.6889100      0.6849600      0.6810400      0.6771400    
  0.7733690      0.7734900      0.7723870      0.7715000      0.7701600      0.7694700      0.7674950      0.7655130      0.7610250      0.7594800      0.7554700      0.7514600      0.7474200      0.7433800      0.7393300      0.7352800      0.7312300      0.7271700      0.7231200      0.7190800      0.7150400      0.7110100      0.7069900      0.7029900      0.6990000      0.6950300      0.6910800      0.6871400      0.6832300      0.6793400    
  0.7734900      0.7724590      0.7715000      0.7703770      0.7694700      0.7684820      0.7674930      0.7633780      0.7594800      0.7574750      0.7550180      0.7533900      0.7493700      0.7453400      0.7413100      0.7372700      0.7332300      0.7291900      0.7251600      0.7211300      0.7171000      0.7130900      0.7090800      0.7050900      0.7011200      0.6971600      0.6932200      0.6892900      0.6853900      0.6815100    
  0.7724830      0.7715000      0.7704490      0.7694700      0.7689760      0.7684820      0.7647080      0.7594800      0.7584780      0.7563210      0.7543400      0.7552900      0.7512900      0.7472800      0.7432600      0.7392400      0.7352100      0.7311900      0.7271600      0.7231500      0.7191400      0.7151400      0.7111500      0.7071700      0.7032100      0.6992600      0.6953300      0.6914200      0.6875300      0.6836500    
  0.7715000      0.7704730      0.7694700      0.7692230      0.7689760      0.7654120      0.7594800      0.7589790      0.7568770      0.7548150      0.7552900      0.7532900      0.7507600      0.7491800      0.7451800      0.7411700      0.7371600      0.7331500      0.7291400      0.7251400      0.7211400      0.7171600      0.7131800      0.7092200      0.7052700      0.7013300      0.6974100      0.6935100      0.6896300      0.6857700    
  0.7704810      0.7694700      0.7693470      0.7692230      0.7657730      0.7594800      0.7592290      0.7571360      0.7550520      0.7552900      0.7542900      0.7521300      0.7491800      0.7471800      0.7451770      0.7411700      0.7371600      0.7331500      0.7287180      0.7271100      0.7231300      0.7191500      0.7151900      0.7112400      0.7073000      0.7033800      0.6994700      0.6955900      0.6917200      0.6878700    
  0.7694700      0.7694080      0.7693470      0.7659560      0.7594800      0.7593550      0.7572610      0.7551710      0.7552900      0.7547900      0.7527230      0.7491800      0.7481800      0.7471790      0.7445090      0.7411690      0.7371600      0.7312320      0.7280800      0.7290500      0.7250800      0.7211200      0.7171700      0.7132300      0.7093100      0.7054000      0.7015100      0.6976300      0.6937700      0.6899400    
  0.7694390      0.7694080      0.7660480      0.7594800      0.7594170      0.7573230      0.7552310      0.7552900      0.7550400      0.7529960      0.7491800      0.7486800      0.7481800      0.7466230      0.7442860      0.7409460      0.7334350      0.7285650      0.7290500      0.7270470      0.7270100      0.7230600      0.7191300      0.7152000      0.7112900      0.7074000      0.7035200      0.6996500      0.6958100      0.6919800    
  0.7694390      0.7660940      0.7594800      0.7594490      0.7573540      0.7552600      0.7552900      0.7551650      0.7531260      0.7491800      0.7489300      0.7486800      0.7478270      0.7463630      0.7439510      0.7364210      0.7288070      0.7290500      0.7291830      0.7289050      0.7265460      0.7249800      0.7210600      0.7171500      0.7132500      0.7093700      0.7055000      0.7016500      0.6978200      0.6940000    
  0.7661170      0.7594800      0.7594640      0.7573700      0.7552750      0.7552900      0.7552270      0.7531900      0.7491800      0.7490550      0.7489300      0.7484790      0.7476230      0.7464480      0.7417350      0.7346240      0.7346300      0.7329340      0.7310960      0.7317300      0.7308000      0.7268800      0.7229700      0.7190700      0.7151900      0.7113200      0.7074700      0.7036300      0.6998100      0.6960100    
  0.7594800      0.7594720      0.7573770      0.7552830      0.7552900      0.7552590      0.7532220      0.7491800      0.7491170      0.7490550      0.7488210      0.7483440      0.7476030      0.7477040      0.7476500      0.7414040      0.7404340      0.7402100      0.7351290      0.7326530      0.7326600      0.7287600      0.7248600      0.7209800      0.7171100      0.7132500      0.7094100      0.7055800      0.7017800      0.6979900    
  0.7594760      0.7573810      0.7552860      0.7552900      0.7552740      0.7532380      0.7491800      0.7491490      0.7491170      0.7489980      0.7519160      0.7566800      0.7507410      0.7477590      0.7477590      0.7476500      0.7429030      0.7406570      0.7402100      0.7359230      0.7345000      0.7306100      0.7267300      0.7228600      0.7190000      0.7151600      0.7113300      0.7075200      0.7037200      0.6999500    
  0.7573830      0.7552880      0.7552900      0.7552820      0.7532450      0.7491800      0.7491640      0.7491490      0.7490880      0.7526780      0.7566800      0.7566800      0.7566800      0.7508200      0.7478670      0.7478680      0.7476500      0.7430940      0.7411050      0.7402100      0.7363200      0.7324500      0.7285800      0.7247200      0.7208800      0.7170500      0.7132300      0.7094300      0.7056500      0.7018900    
  0.7552890      0.7552900      0.7552860      0.7532490      0.7491800      0.7491720      0.7491640      0.7540630      0.7562000      0.7566850      0.7566800      0.7566800      0.7566800      0.7566800      0.7509740      0.7480850      0.7480850      0.7476500      0.7434100      0.7420000      0.7381300      0.7342600      0.7304100      0.7265600      0.7227300      0.7189200      0.7151200      0.7113300      0.7075600      0.7038100    
  0.7552900      0.7552880      0.7532510      0.7491800      0.7491760      0.7592200      0.7742900      0.7715700      0.7688500      0.7607490      0.7566940      0.7566800      0.7566800      0.7566800      0.7566800      0.7512640      0.7485190      0.7485200      0.7476500      0.7437800      0.7399100      0.7360600      0.7322200      0.7283900      0.7245700      0.7207700      0.7169800      0.7132100      0.7094600      0.7057200    
  0.7552890      0.7532520      0.7491800      0.7491780      0.7612340      0.7742930      0.7742930      0.7742900      0.7715700      0.7688500      0.7607730      0.7567210      0.7566800      0.7566800      0.7566800      0.7566800      0.7517740      0.7493870      0.7493900      0.7455300      0.7416900      0.7378500      0.7340200      0.7302000      0.7264000      0.7226100      0.7188300      0.7150800      0.7113400      0.7076100    
