iMOD/TUTORIALS/TUT_MetaswapAnalyser/model_MetaSWAP/meteo/Evaporation/Evaporation_20050910_L1.ASC
NCOLS                30
NROWS                30
XLLCORNER     160000.00
YLLCORNER     340000.00
CELLSIZE        1000.00
NODATA_VALUE   -9999.00
   2.241070       2.239170       2.237240       2.235280       2.233300       2.231310       2.229320       2.227340       2.225380       2.223440       2.221550       2.219690       2.217890       2.216150       2.214470       2.212870       2.211340       2.209890       2.208530       2.207260       2.206080       2.205000       2.204010       2.203130       2.202360       2.201680       2.201110       2.200650       2.200290       2.200040    
   2.242520       2.240700       2.238850       2.236970       2.235070       2.233160       2.231250       2.229340       2.227460       2.225600       2.223770       2.221990       2.220250       2.218570       2.216950       2.215400       2.213920       2.212520       2.211200       2.209970       2.208830       2.207770       2.206820       2.205960       2.205200       2.204540       2.203990       2.203530       2.203180       2.202930    
   2.243980       2.242240       2.240460       2.238650       2.236830       2.235000       2.233170       2.231340       2.229530       2.227740       2.225990       2.224270       2.222600       2.220980       2.219420       2.217920       2.216490       2.215140       2.213860       2.212670       2.211560       2.210540       2.209610       2.208780       2.208040       2.207400       2.206850       2.206410       2.206060       2.205820    
   2.245450       2.243780       2.242070       2.240340       2.238600       2.236840       2.235080       2.233330       2.231590       2.229880       2.228190       2.226540       2.224930       2.223370       2.221870       2.220430       2.219050       2.217740       2.216510       2.215350       2.214280       2.213300       2.212400       2.211590       2.210870       2.210240       2.209710       2.209280       2.208940       2.208700    
   2.246920       2.245320       2.243690       2.242030       2.240360       2.238680       2.236990       2.235310       2.233650       2.232000       2.230380       2.228800       2.227250       2.225750       2.224310       2.222920       2.221590       2.220330       2.219140       2.218030       2.216990       2.216040       2.215170       2.214380       2.213690       2.213080       2.212560       2.212140       2.211810       2.211580    
   2.248410       2.246870       2.245310       2.243720       2.242120       2.240510       2.238900       2.237290       2.235700       2.234120       2.232570       2.231050       2.229560       2.228120       2.226730       2.225400       2.224120       2.222910       2.221760       2.220690       2.219690       2.218770       2.217920       2.217170       2.216490       2.215910       2.215410       2.215000       2.214680       2.214450    
   2.249900       2.248430       2.246940       2.245420       2.243890       2.242350       2.240810       2.239270       2.237740       2.236230       2.234740       2.233290       2.231860       2.230480       2.229150       2.227860       2.226640       2.225470       2.224370       2.223330       2.222370       2.221480       2.220670       2.219940       2.219290       2.218720       2.218240       2.217840       2.217530       2.217310    
   2.251400       2.249990       2.248570       2.247120       2.245660       2.244180       2.242710       2.241240       2.239780       2.238330       2.236910       2.235520       2.234150       2.232830       2.231550       2.230320       2.229140       2.228020       2.226960       2.225970       2.225040       2.224190       2.223410       2.222700       2.222070       2.221530       2.221060       2.220680       2.220380       2.220170    
   2.252900       2.251560       2.250200       2.248820       2.247420       2.246020       2.244610       2.243210       2.241810       2.240430       2.239070       2.237740       2.236430       2.235170       2.233940       2.232760       2.231630       2.230560       2.229540       2.228590       2.227700       2.226880       2.226130       2.225450       2.224850       2.224320       2.223870       2.223510       2.223220       2.223020    
   2.254420       2.253140       2.251840       2.250520       2.249190       2.247850       2.246510       2.245170       2.243840       2.242520       2.241220       2.239950       2.238700       2.237490       2.236320       2.235190       2.234110       2.233090       2.232110       2.231200       2.230340       2.229560       2.228840       2.228190       2.227610       2.227100       2.226680       2.226320       2.226050       2.225860    
   2.254410       2.253130       2.251930       2.252230       2.250960       2.249690       2.248410       2.247130       2.245870       2.244610       2.243370       2.242160       2.240970       2.239810       2.238690       2.237620       2.236580       2.235600       2.234670       2.233790       2.232980       2.232220       2.231530       2.230910       2.230360       2.229880       2.229470       2.229130       2.228870       2.228690    
   2.254400       2.252930       2.252230       2.252610       2.252740       2.251530       2.250310       2.249090       2.247890       2.246690       2.245510       2.244350       2.243220       2.242120       2.241050       2.240020       2.239040       2.238100       2.237210       2.236380       2.235600       2.234880       2.234220       2.233620       2.233100       2.232640       2.232250       2.231930       2.231680       2.231510    
   2.253800       2.252230       2.253240       2.253620       2.254510       2.253360       2.252210       2.251050       2.249900       2.248770       2.247650       2.246540       2.245470       2.244420       2.243400       2.242420       2.241490       2.240590       2.239740       2.238950       2.238200       2.237520       2.236890       2.236320       2.235820       2.235380       2.235010       2.234710       2.234480       2.234320    
   2.252230       2.253510       2.254070       2.254510       2.254360       2.255200       2.254100       2.253010       2.251920       2.250840       2.249770       2.248730       2.247710       2.246710       2.245740       2.244810       2.243920       2.243070       2.242260       2.241510       2.240800       2.240150       2.239550       2.239010       2.238530       2.238120       2.237770       2.237480       2.237270       2.237120    
   2.253640       2.254290       2.254510       2.254690       2.255200       2.255100       2.256000       2.254960       2.253930       2.252910       2.251900       2.250910       2.249940       2.248990       2.248080       2.247190       2.246350       2.245540       2.244770       2.244050       2.243380       2.242760       2.242200       2.241690       2.241240       2.240840       2.240510       2.240240       2.240040       2.239900    
   2.254400       2.254510       2.254800       2.255200       2.255430       2.256000       2.255480       2.254960       2.254190       2.254970       2.254010       2.253080       2.252160       2.251260       2.250400       2.249560       2.248760       2.247990       2.247270       2.246590       2.245950       2.245370       2.244830       2.244350       2.243920       2.243550       2.243240       2.242990       2.242810       2.242680    
   2.254510       2.254840       2.255200       2.255540       2.256000       2.255740       2.255480       2.254900       2.254970       2.254490       2.254940       2.255240       2.254370       2.253530       2.252710       2.251920       2.251160       2.250440       2.249760       2.249110       2.248510       2.247960       2.247450       2.247000       2.246600       2.246250       2.245960       2.245730       2.245560       2.245450    
   2.254850       2.255200       2.255580       2.256000       2.255870       2.255740       2.255270       2.254970       2.254730       2.255620       2.256320       2.257400       2.256580       2.255790       2.255010       2.254270       2.253560       2.252870       2.252230       2.251620       2.251060       2.250540       2.250060       2.249640       2.249260       2.248940       2.248670       2.248450       2.248300       2.248200    
   2.255200       2.255590       2.256000       2.255940       2.255870       2.255460       2.254970       2.254850       2.255920       2.256860       2.257400       2.256990       2.256950       2.258030       2.257310       2.256610       2.255940       2.255300       2.254690       2.254120       2.253590       2.253100       2.252660       2.252260       2.251910       2.251610       2.251360       2.251160       2.251020       2.250940    
   2.255600       2.256000       2.255970       2.255940       2.255560       2.254970       2.254910       2.256050       2.257130       2.257400       2.257190       2.257340       2.258030       2.257670       2.257320       2.256620       2.255950       2.255310       2.255960       2.256610       2.256120       2.255660       2.255240       2.254870       2.254550       2.254270       2.254040       2.253860       2.253740       2.253670    
   2.256000       2.255980       2.255970       2.255610       2.254970       2.254940       2.256120       2.257270       2.257400       2.257300       2.257490       2.258030       2.257850       2.257670       2.257200       2.256630       2.255960       2.256830       2.257850       2.259090       2.258620       2.258200       2.257810       2.257470       2.257170       2.256910       2.256710       2.256550       2.256440       2.256380    
   2.255990       2.255980       2.255630       2.254970       2.254960       2.256150       2.257330       2.257400       2.257350       2.257550       2.258030       2.257940       2.257850       2.257570       2.257170       2.256600       2.257400       2.258470       2.259090       2.259610       2.261120       2.260730       2.260370       2.260060       2.259780       2.259550       2.259360       2.259220       2.259120       2.259080    
   2.255990       2.255640       2.254970       2.254960       2.256170       2.257370       2.257400       2.257370       2.257580       2.258030       2.257980       2.257940       2.257790       2.257530       2.257110       2.259270       2.258780       2.259090       2.262400       2.263600       2.263380       2.263240       2.262920       2.262630       2.262380       2.262160       2.262000       2.261870       2.261800       2.261770    
   2.255650       2.254970       2.254970       2.256180       2.257380       2.257400       2.257390       2.257600       2.258030       2.258010       2.257980       2.257900       2.257750       2.262770       2.265440       2.266380       2.266390       2.266390       2.266480       2.267310       2.266080       2.265750       2.265450       2.265180       2.264960       2.264770       2.264620       2.264520       2.264450       2.264440    
   2.254970       2.254970       2.256180       2.257390       2.257400       2.257390       2.257600       2.258030       2.258020       2.258010       2.257970       2.257880       2.267190       2.278730       2.278660       2.273670       2.273980       2.273680       2.270290       2.268530       2.268540       2.268240       2.267970       2.267730       2.267520       2.267360       2.267230       2.267140       2.267100       2.267090    
   2.254970       2.256180       2.257400       2.257400       2.257400       2.257610       2.258030       2.258020       2.258020       2.258000       2.269070       2.285740       2.281130       2.278810       2.278810       2.278660       2.275650       2.274280       2.273680       2.271650       2.270980       2.270710       2.270470       2.270260       2.270080       2.269930       2.269820       2.269750       2.269720       2.269740    
   2.256180       2.257400       2.257400       2.257400       2.257610       2.258030       2.258030       2.258020       2.258010       2.271310       2.285740       2.285740       2.285740       2.281240       2.278950       2.278950       2.278660       2.275980       2.274880       2.273680       2.273410       2.273170       2.272960       2.272770       2.272620       2.272490       2.272400       2.272350       2.272340       2.272360    
   2.257400       2.257400       2.257400       2.257610       2.258030       2.258030       2.258030       2.267720       2.276560       2.285750       2.285740       2.285740       2.285740       2.285740       2.281450       2.279240       2.279240       2.278660       2.276710       2.276070       2.275830       2.275620       2.275430       2.275270       2.275140       2.275040       2.274970       2.274930       2.274930       2.274970    
   2.257400       2.257400       2.257610       2.258030       2.258030       2.274370       2.298890       2.297850       2.296810       2.289450       2.285760       2.285740       2.285740       2.285740       2.285740       2.281850       2.279820       2.279820       2.278660       2.278440       2.278240       2.278050       2.277890       2.277760       2.277650       2.277570       2.277520       2.277500       2.277510       2.277560    
   2.257400       2.257610       2.258030       2.258030       2.277650       2.298890       2.298890       2.298890       2.297850       2.296810       2.289480       2.285790       2.285740       2.285740       2.285740       2.285740       2.282610       2.280980       2.280990       2.280800       2.280630       2.280470       2.280340       2.280230       2.280140       2.280080       2.280050       2.280040       2.280070       2.280140    
