iMOD/TUTORIALS/TUT_MetaswapAnalyser/model_MetaSWAP/meteo/Evaporation/Evaporation_20050302_L1.ASC
NCOLS                30
NROWS                30
XLLCORNER     160000.00
YLLCORNER     340000.00
CELLSIZE        1000.00
NODATA_VALUE   -9999.00
  0.3329000      0.3341900      0.3355000      0.3368300      0.3381900      0.3395600      0.3409600      0.3423800      0.3438100      0.3452600      0.3467200      0.3481900      0.3496800      0.3511700      0.3526700      0.3541800      0.3557000      0.3572200      0.3587500      0.3602700      0.3618000      0.3633400      0.3648700      0.3664000      0.3679300      0.3694500      0.3709800      0.3725000      0.3740100      0.3755200    
  0.3350700      0.3363600      0.3376800      0.3390200      0.3403800      0.3417600      0.3431600      0.3445800      0.3460200      0.3474700      0.3489300      0.3504100      0.3518900      0.3533900      0.3548900      0.3564000      0.3579200      0.3594300      0.3609600      0.3624800      0.3640100      0.3655400      0.3670700      0.3685900      0.3701200      0.3716400      0.3731600      0.3746700      0.3761800      0.3776800    
  0.3372600      0.3385600      0.3398900      0.3412300      0.3426000      0.3439900      0.3453900      0.3468200      0.3482500      0.3497100      0.3511700      0.3526500      0.3541300      0.3556300      0.3571300      0.3586400      0.3601600      0.3616700      0.3631900      0.3647200      0.3662400      0.3677600      0.3692900      0.3708100      0.3723300      0.3738400      0.3753600      0.3768600      0.3783700      0.3798600    
  0.3394800      0.3407900      0.3421200      0.3434700      0.3448400      0.3462400      0.3476500      0.3490700      0.3505100      0.3519700      0.3534400      0.3549100      0.3564000      0.3579000      0.3594000      0.3609100      0.3624200      0.3639400      0.3654500      0.3669700      0.3684900      0.3700100      0.3715300      0.3730500      0.3745600      0.3760700      0.3775800      0.3790800      0.3805700      0.3820600    
  0.3417100      0.3430300      0.3443700      0.3457300      0.3471100      0.3485100      0.3499200      0.3513500      0.3528000      0.3542500      0.3557200      0.3572000      0.3586900      0.3601900      0.3616900      0.3631900      0.3647100      0.3662200      0.3677400      0.3692500      0.3707700      0.3722900      0.3738000      0.3753100      0.3768200      0.3783200      0.3798200      0.3813200      0.3828000      0.3842900    
  0.3439700      0.3453000      0.3466400      0.3480100      0.3494000      0.3508000      0.3522200      0.3536500      0.3551000      0.3565600      0.3580300      0.3595100      0.3610000      0.3625000      0.3640000      0.3655000      0.3670100      0.3685300      0.3700400      0.3715500      0.3730700      0.3745800      0.3760900      0.3775900      0.3791000      0.3805900      0.3820900      0.3835700      0.3850500      0.3865300    
  0.3462500      0.3475800      0.3489400      0.3503100      0.3517000      0.3531100      0.3545300      0.3559700      0.3574200      0.3588900      0.3603600      0.3618400      0.3633300      0.3648300      0.3663300      0.3678400      0.3693400      0.3708500      0.3723600      0.3738800      0.3753800      0.3768900      0.3784000      0.3799000      0.3813900      0.3828800      0.3843700      0.3858500      0.3873200      0.3887800    
  0.3485400      0.3498800      0.3512500      0.3526300      0.3540300      0.3554400      0.3568700      0.3583100      0.3597700      0.3612300      0.3627100      0.3641900      0.3656800      0.3671800      0.3686800      0.3701800      0.3716900      0.3732000      0.3747100      0.3762200      0.3777200      0.3792200      0.3807200      0.3822200      0.3837100      0.3851900      0.3866700      0.3881400      0.3896100      0.3910600    
  0.3508500      0.3522000      0.3535700      0.3549600      0.3563700      0.3577900      0.3592200      0.3606700      0.3621300      0.3636000      0.3650700      0.3665600      0.3680500      0.3695500      0.3710500      0.3725500      0.3740600      0.3755600      0.3770700      0.3785700      0.3800800      0.3815700      0.3830700      0.3845600      0.3860400      0.3875200      0.3889900      0.3904500      0.3919100      0.3933600    
  0.3531700      0.3545400      0.3559200      0.3573100      0.3587200      0.3601500      0.3615900      0.3630400      0.3645000      0.3659800      0.3674600      0.3689400      0.3704400      0.3719300      0.3734400      0.3749400      0.3764400      0.3779500      0.3794500      0.3809500      0.3824500      0.3839400      0.3854300      0.3869100      0.3883900      0.3898600      0.3913200      0.3927800      0.3942300      0.3956600    
  0.3531800      0.3545430      0.3568620      0.3596800      0.3611000      0.3625300      0.3639700      0.3654300      0.3669000      0.3683700      0.3698600      0.3713400      0.3728400      0.3743400      0.3758400      0.3773400      0.3788400      0.3803400      0.3818400      0.3833400      0.3848400      0.3863200      0.3878100      0.3892900      0.3907600      0.3922200      0.3936700      0.3951200      0.3965600      0.3979900    
  0.3531860      0.3560660      0.3596800      0.3625350      0.3634800      0.3649200      0.3663700      0.3678300      0.3693000      0.3707800      0.3722700      0.3737600      0.3752600      0.3767500      0.3782500      0.3797600      0.3812600      0.3827600      0.3842500      0.3857500      0.3872400      0.3887200      0.3902000      0.3916700      0.3931400      0.3945900      0.3960400      0.3974800      0.3989100      0.4003300    
  0.3551930      0.3596800      0.3631940      0.3646800      0.3658800      0.3673300      0.3687800      0.3702500      0.3717200      0.3732100      0.3746900      0.3761900      0.3776900      0.3791800      0.3806900      0.3821900      0.3836900      0.3851800      0.3866800      0.3881700      0.3896500      0.3911300      0.3926100      0.3940700      0.3955300      0.3969800      0.3984200      0.3998500      0.4012700      0.4026800    
  0.3596800      0.3635080      0.3652800      0.3658800      0.3676500      0.3697400      0.3712000      0.3726800      0.3741500      0.3756400      0.3771300      0.3786300      0.3801300      0.3816300      0.3831300      0.3846300      0.3861300      0.3876200      0.3891200      0.3906000      0.3920800      0.3935600      0.3950300      0.3964900      0.3979400      0.3993800      0.4008100      0.4022300      0.4036400      0.4050400    
  0.3636620      0.3655800      0.3658800      0.3677570      0.3697400      0.3715270      0.3736400      0.3751100      0.3766000      0.3780900      0.3795800      0.3810800      0.3825800      0.3840800      0.3855800      0.3870800      0.3885800      0.3900800      0.3915700      0.3930500      0.3945300      0.3960000      0.3974600      0.3989100      0.4003500      0.4017900      0.4032100      0.4046200      0.4060200      0.4074100    
  0.3657300      0.3658800      0.3677920      0.3697400      0.3716360      0.3736400      0.3743750      0.3751170      0.3775850      0.3805400      0.3820400      0.3835400      0.3850500      0.3865500      0.3880500      0.3895500      0.3910500      0.3925400      0.3940300      0.3955100      0.3969800      0.3984400      0.3999000      0.4013500      0.4027800      0.4042100      0.4056200      0.4070300      0.4084200      0.4098000    
  0.3658800      0.3678040      0.3697400      0.3716720      0.3736400      0.3740070      0.3743770      0.3769040      0.3805400      0.3812900      0.3841240      0.3860100      0.3875200      0.3890200      0.3905300      0.3920300      0.3935200      0.3950100      0.3965000      0.3979700      0.3994400      0.4009000      0.4023500      0.4037900      0.4052200      0.4066400      0.4080500      0.4094400      0.4108200      0.4121900    
  0.3678080      0.3697400      0.3716840      0.3736400      0.3738240      0.3740080      0.3764570      0.3805400      0.3809150      0.3843390      0.3872500      0.3884900      0.3900000      0.3915000      0.3930100      0.3945100      0.3960000      0.3974900      0.3989700      0.4004500      0.4019100      0.4033700      0.4048100      0.4062500      0.4076700      0.4090800      0.4104800      0.4118600      0.4132300      0.4145900    
  0.3697400      0.3716880      0.3736400      0.3737320      0.3738240      0.3762070      0.3805400      0.3807280      0.3844310      0.3878700      0.3884900      0.3892450      0.3909950      0.3939900      0.3955000      0.3970000      0.3984900      0.3999800      0.4014600      0.4029300      0.4043900      0.4058400      0.4072800      0.4087100      0.4101200      0.4115300      0.4129100      0.4142900      0.4156500      0.4170000    
  0.3716890      0.3736400      0.3736860      0.3737320      0.3760760      0.3805400      0.3806340      0.3844740      0.3881800      0.3884900      0.3888670      0.3906800      0.3939900      0.3947450      0.3954970      0.3969970      0.3984900      0.3999770      0.4035420      0.4054200      0.4068800      0.4083200      0.4097600      0.4111800      0.4125900      0.4139800      0.4153600      0.4167200      0.4180800      0.4194100    
  0.3736400      0.3736630      0.3736860      0.3760080      0.3805400      0.3805870      0.3844940      0.3883350      0.3884900      0.3886790      0.3905070      0.3939900      0.3943680      0.3947440      0.3957460      0.3969940      0.3984880      0.4033200      0.4066700      0.4079200      0.4093700      0.4108100      0.4122400      0.4136500      0.4150500      0.4164400      0.4178100      0.4191700      0.4205100      0.4218300    
  0.3736520      0.3736630      0.3759740      0.3805400      0.3805630      0.3845050      0.3884120      0.3884900      0.3885840      0.3904160      0.3939900      0.3941790      0.3943670      0.3949530      0.3958280      0.3970760      0.4028030      0.4072950      0.4079200      0.4097200      0.4118700      0.4133000      0.4147300      0.4161300      0.4175300      0.4189000      0.4202600      0.4216100      0.4229400      0.4242500    
  0.3736520      0.3759570      0.3805400      0.3805520      0.3845100      0.3884510      0.3884900      0.3885370      0.3903700      0.3939900      0.3940840      0.3941790      0.3944990      0.3950490      0.3959520      0.4037500      0.4076070      0.4079200      0.4125330      0.4143700      0.4152280      0.4158000      0.4172200      0.4186200      0.4200000      0.4213700      0.4227200      0.4240600      0.4253800      0.4266800    
  0.3759490      0.3805400      0.3805460      0.3845120      0.3884710      0.3884900      0.3885140      0.3903470      0.3939900      0.3940370      0.3940840      0.3942540      0.3945760      0.4030000      0.4098500      0.4154350      0.4154350      0.4162670      0.4172880      0.4181200      0.4168700      0.4183000      0.4197100      0.4211000      0.4224800      0.4238400      0.4251800      0.4265100      0.4278200      0.4291100    
  0.3805400      0.3805430      0.3845140      0.3884800      0.3884900      0.3885020      0.3903350      0.3939900      0.3940140      0.3940370      0.3941250      0.3943050      0.4090130      0.4265780      0.4265000      0.4224160      0.4232620      0.4229500      0.4206470      0.4193730      0.4193700      0.4208000      0.4222000      0.4235900      0.4249600      0.4263100      0.4276400      0.4289600      0.4302500      0.4315300    
  0.3805410      0.3845140      0.3884850      0.3884900      0.3884960      0.3903290      0.3939900      0.3940020      0.3940140      0.3940590      0.4094970      0.4325100      0.4286200      0.4266560      0.4266560      0.4265000      0.4244660      0.4235750      0.4229500      0.4221450      0.4218800      0.4232900      0.4246900      0.4260800      0.4274400      0.4287800      0.4301000      0.4314100      0.4326900      0.4339600    
  0.3845150      0.3884880      0.3884900      0.3884930      0.3903260      0.3939900      0.3939960      0.3940020      0.3940250      0.4125180      0.4325100      0.4325100      0.4325100      0.4287360      0.4268120      0.4268120      0.4265000      0.4248410      0.4242000      0.4229500      0.4243800      0.4257900      0.4271900      0.4285600      0.4299200      0.4312500      0.4325600      0.4338600      0.4351300      0.4363900    
  0.3884890      0.3884900      0.3884910      0.3903250      0.3939900      0.3939930      0.3939960      0.4063180      0.4187370      0.4325170      0.4325100      0.4325100      0.4325100      0.4325100      0.4289640      0.4271250      0.4271250      0.4265000      0.4257120      0.4254500      0.4268800      0.4282900      0.4296800      0.4310500      0.4323900      0.4337200      0.4350200      0.4363000      0.4375700      0.4388100    
  0.3884900      0.3884910      0.3903240      0.3939900      0.3939910      0.4140450      0.4441200      0.4436850      0.4432500      0.4361080      0.4325300      0.4325100      0.4325100      0.4325100      0.4325100      0.4294080      0.4277490      0.4277500      0.4265000      0.4279500      0.4293800      0.4307800      0.4321600      0.4335300      0.4348600      0.4361800      0.4374700      0.4387500      0.4400000      0.4412300    
  0.3884900      0.3903240      0.3939900      0.3939910      0.4180570      0.4441250      0.4441250      0.4441200      0.4436850      0.4432500      0.4361430      0.4325710      0.4325100      0.4325100      0.4325100      0.4325100      0.4302500      0.4289970      0.4290000      0.4304500      0.4318700      0.4332700      0.4346500      0.4360000      0.4373300      0.4386400      0.4399200      0.4411800      0.4424200      0.4436400    
