iMOD/TUTORIALS/TUT_MetaswapAnalyser/model_MetaSWAP/meteo/Evaporation/Evaporation_20061229_L1.ASC
NCOLS                30
NROWS                30
XLLCORNER     160000.00
YLLCORNER     340000.00
CELLSIZE        1000.00
NODATA_VALUE   -9999.00
  0.4010700      0.4010400      0.4010100      0.4009700      0.4009100      0.4008600      0.4007900      0.4007200      0.4006400      0.4005500      0.4004600      0.4003700      0.4002700      0.4001700      0.4000600      0.3999400      0.3998300      0.3997100      0.3995900      0.3994600      0.3993300      0.3992000      0.3990700      0.3989300      0.3988000      0.3986600      0.3985100      0.3983700      0.3982200      0.3980800    
  0.4017100      0.4016800      0.4016500      0.4016100      0.4015600      0.4015100      0.4014400      0.4013800      0.4013000      0.4012200      0.4011300      0.4010400      0.4009500      0.4008400      0.4007400      0.4006300      0.4005200      0.4004000      0.4002800      0.4001600      0.4000300      0.3999000      0.3997700      0.3996400      0.3995000      0.3993700      0.3992300      0.3990800      0.3989400      0.3987900    
  0.4023400      0.4023200      0.4022900      0.4022500      0.4022100      0.4021600      0.4021000      0.4020300      0.4019600      0.4018800      0.4018000      0.4017100      0.4016200      0.4015200      0.4014200      0.4013100      0.4012000      0.4010900      0.4009700      0.4008500      0.4007300      0.4006000      0.4004800      0.4003400      0.4002100      0.4000800      0.3999400      0.3998000      0.3996600      0.3995100    
  0.4029700      0.4029600      0.4029300      0.4029000      0.4028600      0.4028100      0.4027500      0.4026900      0.4026200      0.4025500      0.4024700      0.4023800      0.4022900      0.4022000      0.4021000      0.4020000      0.4018900      0.4017800      0.4016600      0.4015500      0.4014300      0.4013000      0.4011800      0.4010500      0.4009200      0.4007800      0.4006500      0.4005100      0.4003700      0.4002300    
  0.4036100      0.4035900      0.4035700      0.4035400      0.4035000      0.4034600      0.4034000      0.4033400      0.4032800      0.4032100      0.4031300      0.4030500      0.4029600      0.4028700      0.4027800      0.4026800      0.4025700      0.4024600      0.4023500      0.4022400      0.4021200      0.4020000      0.4018800      0.4017500      0.4016200      0.4014900      0.4013600      0.4012200      0.4010800      0.4009400    
  0.4042400      0.4042300      0.4042100      0.4041800      0.4041500      0.4041000      0.4040500      0.4040000      0.4039400      0.4038700      0.4038000      0.4037200      0.4036300      0.4035500      0.4034500      0.4033600      0.4032500      0.4031500      0.4030400      0.4029300      0.4028100      0.4027000      0.4025700      0.4024500      0.4023200      0.4021900      0.4020600      0.4019300      0.4017900      0.4016500    
  0.4048800      0.4048700      0.4048500      0.4048200      0.4047900      0.4047500      0.4047100      0.4046500      0.4045900      0.4045300      0.4044600      0.4043800      0.4043000      0.4042200      0.4041300      0.4040300      0.4039400      0.4038300      0.4037300      0.4036200      0.4035100      0.4033900      0.4032700      0.4031500      0.4030300      0.4029000      0.4027700      0.4026400      0.4025000      0.4023600    
  0.4055100      0.4055000      0.4054900      0.4054700      0.4054400      0.4054000      0.4053600      0.4053100      0.4052500      0.4051900      0.4051200      0.4050500      0.4049700      0.4048900      0.4048000      0.4047100      0.4046200      0.4045200      0.4044100      0.4043100      0.4042000      0.4040800      0.4039700      0.4038500      0.4037300      0.4036000      0.4034700      0.4033400      0.4032100      0.4030800    
  0.4061400      0.4061400      0.4061300      0.4061100      0.4060800      0.4060500      0.4060100      0.4059600      0.4059100      0.4058500      0.4057800      0.4057100      0.4056400      0.4055600      0.4054800      0.4053900      0.4052900      0.4052000      0.4051000      0.4049900      0.4048900      0.4047800      0.4046600      0.4045400      0.4044200      0.4043000      0.4041800      0.4040500      0.4039200      0.4037800    
  0.4067800      0.4067700      0.4067600      0.4067500      0.4067200      0.4066900      0.4066500      0.4066100      0.4065600      0.4065100      0.4064400      0.4063800      0.4063100      0.4062300      0.4061500      0.4060600      0.4059700      0.4058800      0.4057800      0.4056800      0.4055700      0.4054700      0.4053500      0.4052400      0.4051200      0.4050000      0.4048800      0.4047500      0.4046200      0.4044900    
  0.4067730      0.4067700      0.4069180      0.4073900      0.4073700      0.4073400      0.4073000      0.4072600      0.4072200      0.4071600      0.4071000      0.4070400      0.4069700      0.4069000      0.4068200      0.4067400      0.4066500      0.4065600      0.4064600      0.4063600      0.4062600      0.4061600      0.4060500      0.4059300      0.4058200      0.4057000      0.4055800      0.4054600      0.4053300      0.4052000    
  0.4067710      0.4069630      0.4073900      0.4078550      0.4080100      0.4079800      0.4079500      0.4079100      0.4078700      0.4078200      0.4077600      0.4077000      0.4076400      0.4075700      0.4074900      0.4074100      0.4073300      0.4072400      0.4071400      0.4070500      0.4069500      0.4068400      0.4067400      0.4066300      0.4065100      0.4064000      0.4062800      0.4061600      0.4060300      0.4059100    
  0.4069730      0.4073900      0.4080560      0.4083300      0.4086500      0.4086300      0.4086000      0.4085600      0.4085200      0.4084800      0.4084200      0.4083600      0.4083000      0.4082300      0.4081600      0.4080800      0.4080000      0.4079100      0.4078200      0.4077300      0.4076300      0.4075300      0.4074300      0.4073200      0.4072100      0.4070900      0.4069800      0.4068600      0.4067400      0.4066100    
  0.4073900      0.4081470      0.4084900      0.4086500      0.4088530      0.4092800      0.4092500      0.4092200      0.4091800      0.4091300      0.4090800      0.4090300      0.4089600      0.4089000      0.4088300      0.4087500      0.4086700      0.4085900      0.4085000      0.4084100      0.4083200      0.4082200      0.4081200      0.4080100      0.4079000      0.4077900      0.4076800      0.4075600      0.4074400      0.4073100    
  0.4081890      0.4085700      0.4086500      0.4089280      0.4092800      0.4094770      0.4099000      0.4098700      0.4098300      0.4097900      0.4097400      0.4096900      0.4096300      0.4095600      0.4095000      0.4094200      0.4093500      0.4092700      0.4091800      0.4090900      0.4090000      0.4089000      0.4088000      0.4087000      0.4085900      0.4084800      0.4083700      0.4082600      0.4081400      0.4080200    
  0.4086100      0.4086500      0.4089530      0.4092800      0.4095520      0.4099000      0.4098850      0.4098670      0.4099830      0.4104400      0.4104000      0.4103500      0.4102900      0.4102300      0.4101600      0.4100900      0.4100200      0.4099400      0.4098600      0.4097700      0.4096800      0.4095900      0.4094900      0.4093900      0.4092900      0.4091800      0.4090700      0.4089500      0.4088400      0.4087200    
  0.4086500      0.4089610      0.4092800      0.4095770      0.4099000      0.4098920      0.4098840      0.4100440      0.4104400      0.4104200      0.4107740      0.4110100      0.4109500      0.4108900      0.4108300      0.4107600      0.4106900      0.4106200      0.4105400      0.4104500      0.4103600      0.4102700      0.4101800      0.4100800      0.4099800      0.4098700      0.4097600      0.4096500      0.4095400      0.4094200    
  0.4089640      0.4092800      0.4095860      0.4099000      0.4098960      0.4098920      0.4100650      0.4104400      0.4104300      0.4109290      0.4113400      0.4116700      0.4116100      0.4115600      0.4115000      0.4114300      0.4113600      0.4112900      0.4112100      0.4111300      0.4110400      0.4109600      0.4108600      0.4107700      0.4106700      0.4105600      0.4104600      0.4103500      0.4102300      0.4101200    
  0.4092800      0.4095890      0.4099000      0.4098980      0.4098960      0.4100730      0.4104400      0.4104350      0.4109950      0.4115050      0.4116700      0.4116400      0.4117650      0.4122200      0.4121600      0.4121000      0.4120300      0.4119600      0.4118900      0.4118100      0.4117200      0.4116400      0.4115500      0.4114500      0.4113500      0.4112500      0.4111500      0.4110400      0.4109300      0.4108200    
  0.4095900      0.4099000      0.4098990      0.4098980      0.4100770      0.4104400      0.4104380      0.4110250      0.4115870      0.4116700      0.4116550      0.4118240      0.4122200      0.4121900      0.4121600      0.4120970      0.4120300      0.4119600      0.4122620      0.4124900      0.4124000      0.4123200      0.4122300      0.4121400      0.4120400      0.4119400      0.4118400      0.4117400      0.4116300      0.4115100    
  0.4099000      0.4099000      0.4098990      0.4100790      0.4104400      0.4104390      0.4110400      0.4116290      0.4116700      0.4116630      0.4118420      0.4122200      0.4122050      0.4121900      0.4121490      0.4120960      0.4120290      0.4124470      0.4128250      0.4131600      0.4130800      0.4130000      0.4129100      0.4128200      0.4127300      0.4126300      0.4125300      0.4124300      0.4123200      0.4122100    
  0.4099000      0.4099000      0.4100790      0.4104400      0.4104390      0.4110480      0.4116490      0.4116700      0.4116660      0.4118490      0.4122200      0.4122120      0.4122050      0.4121810      0.4121450      0.4120910      0.4125450      0.4129920      0.4131600      0.4133330      0.4137600      0.4136800      0.4136000      0.4135100      0.4134200      0.4133200      0.4132200      0.4131200      0.4130200      0.4129100    
  0.4099000      0.4100800      0.4104400      0.4104400      0.4110510      0.4116600      0.4116700      0.4116680      0.4118510      0.4122200      0.4122160      0.4122120      0.4122000      0.4121770      0.4121390      0.4130080      0.4130760      0.4131600      0.4140970      0.4144400      0.4143920      0.4143600      0.4142800      0.4141900      0.4141000      0.4140100      0.4139100      0.4138100      0.4137100      0.4136000    
  0.4100800      0.4104400      0.4104400      0.4110530      0.4116650      0.4116700      0.4116690      0.4118520      0.4122200      0.4122180      0.4122160      0.4122090      0.4121960      0.4137840      0.4147240      0.4151850      0.4151850      0.4151950      0.4152290      0.4154550      0.4151200      0.4150400      0.4149600      0.4148700      0.4147900      0.4147000      0.4146000      0.4145000      0.4144000      0.4143000    
  0.4104400      0.4104400      0.4110540      0.4116670      0.4116700      0.4116700      0.4118530      0.4122200      0.4122190      0.4122180      0.4122150      0.4122070      0.4150990      0.4186410      0.4186200      0.4172160      0.4172940      0.4172100      0.4162780      0.4157930      0.4157900      0.4157200      0.4156400      0.4155600      0.4154700      0.4153800      0.4152900      0.4151900      0.4150900      0.4149900    
  0.4104400      0.4110550      0.4116690      0.4116700      0.4116700      0.4118530      0.4122200      0.4122200      0.4122190      0.4122170      0.4156000      0.4206800      0.4193380      0.4186620      0.4186620      0.4186200      0.4177670      0.4173780      0.4172100      0.4166530      0.4164700      0.4164000      0.4163200      0.4162400      0.4161600      0.4160700      0.4159800      0.4158800      0.4157900      0.4156900    
  0.4110550      0.4116690      0.4116700      0.4116700      0.4118530      0.4122200      0.4122200      0.4122200      0.4122190      0.4162790      0.4206800      0.4206800      0.4206800      0.4193690      0.4187040      0.4187040      0.4186200      0.4178610      0.4175450      0.4172100      0.4171400      0.4170700      0.4170000      0.4169200      0.4168400      0.4167500      0.4166600      0.4165700      0.4164800      0.4163800    
  0.4116700      0.4116700      0.4116700      0.4118530      0.4122200      0.4122200      0.4122200      0.4151790      0.4178780      0.4206820      0.4206800      0.4206800      0.4206800      0.4206800      0.4194300      0.4187870      0.4187870      0.4186200      0.4180680      0.4178800      0.4178200      0.4177500      0.4176800      0.4176000      0.4175200      0.4174400      0.4173500      0.4172600      0.4171700      0.4170700    
  0.4116700      0.4116700      0.4118530      0.4122200      0.4122200      0.4172320      0.4247500      0.4244050      0.4240600      0.4218120      0.4206850      0.4206800      0.4206800      0.4206800      0.4206800      0.4195470      0.4189550      0.4189550      0.4186200      0.4185600      0.4184900      0.4184300      0.4183600      0.4182800      0.4182000      0.4181200      0.4180400      0.4179500      0.4178600      0.4177600    
  0.4116700      0.4118530      0.4122200      0.4122200      0.4182350      0.4247510      0.4247510      0.4247500      0.4244050      0.4240600      0.4218210      0.4206960      0.4206800      0.4206800      0.4206800      0.4206800      0.4197660      0.4192900      0.4192900      0.4192300      0.4191700      0.4191000      0.4190300      0.4189600      0.4188900      0.4188100      0.4187200      0.4186400      0.4185500      0.4184500    
