iMOD/TUTORIALS/TUT_MetaswapAnalyser/model_MetaSWAP/meteo/Evaporation/Evaporation_20050803_L1.ASC
NCOLS                30
NROWS                30
XLLCORNER     160000.00
YLLCORNER     340000.00
CELLSIZE        1000.00
NODATA_VALUE   -9999.00
   3.097150       3.097450       3.097820       3.098280       3.098810       3.099420       3.100100       3.100850       3.101670       3.102550       3.103490       3.104490       3.105550       3.106660       3.107830       3.109040       3.110300       3.111610       3.112960       3.114350       3.115780       3.117250       3.118760       3.120300       3.121870       3.123480       3.125120       3.126790       3.128480       3.130210    
   3.105410       3.105700       3.106060       3.106510       3.107030       3.107620       3.108290       3.109030       3.109830       3.110690       3.111620       3.112600       3.113640       3.114730       3.115870       3.117070       3.118310       3.119590       3.120920       3.122290       3.123700       3.125150       3.126640       3.128160       3.129710       3.131290       3.132910       3.134550       3.136220       3.137920    
   3.113700       3.113980       3.114330       3.114770       3.115280       3.115860       3.116510       3.117230       3.118010       3.118860       3.119770       3.120740       3.121760       3.122830       3.123960       3.125130       3.126350       3.127620       3.128920       3.130270       3.131660       3.133090       3.134550       3.136040       3.137570       3.139130       3.140720       3.142340       3.143990       3.145660    
   3.122010       3.122280       3.122630       3.123050       3.123550       3.124120       3.124760       3.125460       3.126230       3.127070       3.127960       3.128900       3.129910       3.130960       3.132070       3.133220       3.134420       3.135670       3.136950       3.138280       3.139650       3.141050       3.142490       3.143960       3.145470       3.147000       3.148570       3.150160       3.151790       3.153430    
   3.130350       3.130620       3.130960       3.131370       3.131860       3.132410       3.133040       3.133730       3.134480       3.135300       3.136170       3.137100       3.138090       3.139120       3.140210       3.141340       3.142520       3.143750       3.145010       3.146320       3.147660       3.149050       3.150460       3.151910       3.153390       3.154900       3.156440       3.158010       3.159610       3.161230    
   3.138720       3.138980       3.139310       3.139710       3.140190       3.140730       3.141340       3.142020       3.142760       3.143560       3.144420       3.145330       3.146300       3.147310       3.148380       3.149500       3.150660       3.151860       3.153100       3.154390       3.155710       3.157070       3.158460       3.159890       3.161340       3.162830       3.164350       3.165890       3.167460       3.169060    
   3.147110       3.147360       3.147680       3.148070       3.148540       3.149070       3.149670       3.150330       3.151060       3.151840       3.152680       3.153580       3.154530       3.155530       3.156580       3.157670       3.158810       3.160000       3.161220       3.162480       3.163780       3.165120       3.166490       3.167890       3.169320       3.170780       3.172270       3.173790       3.175340       3.176900    
   3.155520       3.155760       3.156080       3.156460       3.156920       3.157440       3.158020       3.158670       3.159380       3.160150       3.160980       3.161860       3.162790       3.163770       3.164800       3.165880       3.167000       3.168160       3.169360       3.170600       3.171880       3.173190       3.174540       3.175910       3.177320       3.178760       3.180230       3.181720       3.183240       3.184780    
   3.163950       3.164180       3.164490       3.164870       3.165310       3.165820       3.166400       3.167040       3.167730       3.168490       3.169300       3.170160       3.171070       3.172040       3.173050       3.174100       3.175200       3.176350       3.177530       3.178750       3.180000       3.181290       3.182610       3.183970       3.185350       3.186760       3.188200       3.189670       3.191160       3.192670    
   3.172390       3.172620       3.172930       3.173300       3.173730       3.174230       3.174790       3.175420       3.176100       3.176840       3.177640       3.178480       3.179380       3.180330       3.181320       3.182360       3.183440       3.184560       3.185720       3.186910       3.188150       3.189410       3.190710       3.192040       3.193400       3.194790       3.196200       3.197640       3.199110       3.200590    
   3.172410       3.172650       3.175150       3.181740       3.182170       3.182660       3.183210       3.183820       3.184490       3.185220       3.185990       3.186830       3.187710       3.188640       3.189610       3.190630       3.191690       3.192790       3.193930       3.195100       3.196310       3.197560       3.198830       3.200140       3.201470       3.202830       3.204220       3.205640       3.207070       3.208530    
   3.172440       3.175490       3.181740       3.188410       3.190620       3.191100       3.191640       3.192240       3.192900       3.193610       3.194370       3.195190       3.196050       3.196960       3.197920       3.198920       3.199960       3.201040       3.202160       3.203310       3.204500       3.205720       3.206970       3.208250       3.209560       3.210900       3.212260       3.213650       3.215060       3.216490    
   3.175490       3.181740       3.191020       3.194850       3.199090       3.199560       3.200090       3.200680       3.201320       3.202020       3.202770       3.203570       3.204420       3.205310       3.206250       3.207230       3.208250       3.209310       3.210410       3.211540       3.212710       3.213900       3.215130       3.216390       3.217670       3.218990       3.220320       3.221680       3.223070       3.224470    
   3.181740       3.192210       3.196970       3.199090       3.202230       3.208030       3.208550       3.209130       3.209760       3.210440       3.211180       3.211960       3.212800       3.213680       3.214600       3.215560       3.216560       3.217600       3.218680       3.219790       3.220930       3.222110       3.223310       3.224540       3.225800       3.227090       3.228400       3.229740       3.231090       3.232470    
   3.192770       3.198030       3.199090       3.203120       3.208030       3.211200       3.217020       3.217590       3.218210       3.218880       3.219610       3.220380       3.221190       3.222060       3.222960       3.223900       3.224890       3.225910       3.226960       3.228050       3.229180       3.230330       3.231510       3.232720       3.233950       3.235210       3.236500       3.237800       3.239130       3.240480    
   3.198560       3.199090       3.203410       3.208030       3.212080       3.217020       3.217310       3.217610       3.220500       3.227340       3.228050       3.228800       3.229600       3.230450       3.231340       3.232260       3.233230       3.234230       3.235270       3.236330       3.237430       3.238560       3.239720       3.240910       3.242120       3.243350       3.244610       3.245890       3.247190       3.248510    
   3.199090       3.203510       3.208030       3.212380       3.217020       3.217160       3.217310       3.220690       3.227340       3.227690       3.233420       3.237240       3.238030       3.238860       3.239730       3.240640       3.241580       3.242570       3.243580       3.244630       3.245710       3.246810       3.247950       3.249110       3.250290       3.251500       3.252740       3.253990       3.255260       3.256560    
   3.203540       3.208030       3.212480       3.217020       3.217090       3.217160       3.220630       3.227340       3.227520       3.235120       3.241470       3.245690       3.246460       3.247280       3.248130       3.249020       3.249950       3.250910       3.251910       3.252940       3.253990       3.255080       3.256190       3.257330       3.258490       3.259670       3.260880       3.262100       3.263350       3.264620    
   3.208030       3.212510       3.217020       3.217060       3.217090       3.220560       3.227340       3.227430       3.235850       3.243580       3.245690       3.246080       3.248790       3.255710       3.256540       3.257420       3.258330       3.259280       3.260250       3.261260       3.262290       3.263350       3.264440       3.265560       3.266690       3.267850       3.269030       3.270230       3.271450       3.272690    
   3.212520       3.217020       3.217040       3.217060       3.220510       3.227340       3.227380       3.236190       3.244630       3.245690       3.245880       3.249060       3.255710       3.256120       3.256560       3.257430       3.258340       3.259290       3.265660       3.269590       3.270600       3.271640       3.272710       3.273800       3.274910       3.276040       3.277200       3.278370       3.279560       3.280770    
   3.217020       3.217030       3.217040       3.220490       3.227340       3.227360       3.236350       3.245160       3.245690       3.245790       3.249090       3.255710       3.255920       3.256130       3.256700       3.257440       3.258350       3.267000       3.273760       3.277930       3.278920       3.279940       3.280980       3.282050       3.283140       3.284240       3.285370       3.286520       3.287680       3.288860    
   3.217020       3.217030       3.220470       3.227340       3.227350       3.236430       3.245430       3.245690       3.245740       3.249070       3.255710       3.255810       3.255920       3.256250       3.256760       3.257500       3.267310       3.275850       3.277930       3.281370       3.287250       3.288250       3.289270       3.290310       3.291370       3.292450       3.293550       3.294670       3.295810       3.296960    
   3.217020       3.220470       3.227340       3.227350       3.236470       3.245560       3.245690       3.245710       3.249050       3.255710       3.255760       3.255810       3.255990       3.256310       3.256840       3.272300       3.276890       3.277930       3.290750       3.295590       3.296170       3.296560       3.297560       3.298580       3.299620       3.300670       3.301750       3.302840       3.303950       3.305070    
   3.220460       3.227340       3.227340       3.236490       3.245620       3.245690       3.245700       3.249040       3.255710       3.255740       3.255760       3.255860       3.256040       3.278300       3.293360       3.303020       3.303020       3.303970       3.305330       3.308100       3.303930       3.304880       3.305860       3.306850       3.307870       3.308900       3.309950       3.311010       3.312090       3.313190    
   3.227340       3.227340       3.236500       3.245660       3.245690       3.245700       3.249040       3.255710       3.255720       3.255740       3.255780       3.255890       3.295810       3.344300       3.344040       3.327680       3.329160       3.328110       3.317750       3.312280       3.312280       3.313210       3.314160       3.315130       3.316120       3.317130       3.318150       3.319190       3.320240       3.321310    
   3.227340       3.236510       3.245670       3.245690       3.245690       3.249030       3.255710       3.255720       3.255720       3.255750       3.300860       3.368450       3.352570       3.344560       3.344560       3.344040       3.334510       3.330200       3.328110       3.322500       3.320630       3.321540       3.322470       3.323420       3.324380       3.325360       3.326360       3.327370       3.328400       3.329440    
   3.236510       3.245680       3.245690       3.245690       3.249030       3.255710       3.255710       3.255720       3.255730       3.309850       3.368450       3.368450       3.368450       3.352960       3.345090       3.345090       3.344040       3.335700       3.332290       3.328110       3.328980       3.329870       3.330780       3.331710       3.332650       3.333600       3.334570       3.335560       3.336550       3.337560    
   3.245690       3.245690       3.245690       3.249030       3.255710       3.255710       3.255710       3.294200       3.330270       3.368470       3.368450       3.368450       3.368450       3.368450       3.353720       3.346140       3.346140       3.344040       3.338370       3.336480       3.337340       3.338210       3.339090       3.340000       3.340910       3.341840       3.342790       3.343740       3.344710       3.345690    
   3.245690       3.245690       3.249030       3.255710       3.255710       3.320370       3.417340       3.413490       3.409640       3.382240       3.368520       3.368450       3.368450       3.368450       3.368450       3.355200       3.348240       3.348240       3.344040       3.344860       3.345690       3.346540       3.347410       3.348290       3.349180       3.350080       3.351000       3.351930       3.352870       3.353820    
   3.245690       3.249030       3.255710       3.255710       3.333310       3.417360       3.417360       3.417340       3.413490       3.409640       3.382360       3.368660       3.368450       3.368450       3.368450       3.368450       3.357960       3.352430       3.352430       3.353230       3.354050       3.354880       3.355720       3.356570       3.357440       3.358320       3.359210       3.360120       3.361030       3.361950    
