iMOD/TUTORIALS/TUT_MetaswapAnalyser/model_MetaSWAP/meteo/Evaporation/Evaporation_20050331_L1.ASC
NCOLS                30
NROWS                30
XLLCORNER     160000.00
YLLCORNER     340000.00
CELLSIZE        1000.00
NODATA_VALUE   -9999.00
   1.807520       1.813470       1.819490       1.825550       1.831660       1.837800       1.843960       1.850130       1.856320       1.862500       1.868670       1.874820       1.880960       1.887060       1.893130       1.899150       1.905130       1.911060       1.916940       1.922750       1.928500       1.934190       1.939800       1.945350       1.950820       1.956220       1.961540       1.966790       1.971950       1.977040    
   1.802140       1.808060       1.814040       1.820060       1.826120       1.832220       1.838340       1.844470       1.850610       1.856750       1.862890       1.869010       1.875110       1.881180       1.887220       1.893220       1.899170       1.905080       1.910930       1.916730       1.922470       1.928140       1.933750       1.939290       1.944750       1.950150       1.955470       1.960720       1.965880       1.970980    
   1.796830       1.802710       1.808650       1.814630       1.820650       1.826710       1.832780       1.838880       1.844980       1.851080       1.857180       1.863260       1.869320       1.875360       1.881370       1.887340       1.893270       1.899160       1.904990       1.910770       1.916490       1.922150       1.927750       1.933280       1.938740       1.944130       1.949450       1.954690       1.959870       1.964960    
   1.791580       1.797420       1.803320       1.809260       1.815250       1.821260       1.827290       1.833350       1.839410       1.845470       1.851530       1.857580       1.863610       1.869610       1.875590       1.881540       1.887440       1.893300       1.899110       1.904870       1.910580       1.916220       1.921810       1.927330       1.932780       1.938160       1.943480       1.948720       1.953890       1.958990    
   1.786380       1.792190       1.798050       1.803950       1.809900       1.815870       1.821860       1.827880       1.833900       1.839920       1.845950       1.851960       1.857950       1.863930       1.869880       1.875790       1.881670       1.887500       1.893290       1.899030       1.904720       1.910350       1.915920       1.921430       1.926870       1.932250       1.937560       1.942800       1.947970       1.953070    
   1.781230       1.787010       1.792830       1.798700       1.804600       1.810540       1.816490       1.822470       1.828450       1.834440       1.840420       1.846400       1.852360       1.858300       1.864220       1.870110       1.875960       1.881770       1.887530       1.893250       1.898920       1.904530       1.910090       1.915590       1.921020       1.926390       1.931690       1.936930       1.942090       1.947190    
   1.776140       1.781880       1.787670       1.793500       1.799370       1.805260       1.811180       1.817110       1.823060       1.829010       1.834960       1.840900       1.846830       1.852740       1.858620       1.864480       1.870300       1.876090       1.881830       1.887530       1.893180       1.898770       1.904310       1.909800       1.915220       1.920580       1.925870       1.931100       1.936260       1.941360    
   1.771090       1.776800       1.782550       1.788350       1.794180       1.800040       1.805920       1.811820       1.817730       1.823640       1.829550       1.835460       1.841350       1.847230       1.853090       1.858910       1.864710       1.870470       1.876190       1.881860       1.887490       1.893070       1.898590       1.904060       1.909470       1.914820       1.920100       1.925330       1.930480       1.935570    
   1.766090       1.771770       1.777490       1.783250       1.789040       1.794870       1.800710       1.806570       1.812440       1.818320       1.824200       1.830070       1.835930       1.841780       1.847600       1.853400       1.859170       1.864900       1.870600       1.876250       1.881860       1.887410       1.892920       1.898370       1.903770       1.909100       1.914380       1.919590       1.924740       1.929830    
   1.761130       1.766780       1.772470       1.778200       1.783960       1.789740       1.795550       1.801380       1.807220       1.813060       1.818900       1.824740       1.830570       1.836380       1.842170       1.847940       1.853680       1.859390       1.865060       1.870690       1.876270       1.881810       1.887300       1.892740       1.898120       1.903440       1.908710       1.913910       1.919050       1.924130    
   1.761150       1.766790       1.772660       1.773190       1.778910       1.784670       1.790440       1.796230       1.802040       1.807840       1.813650       1.819460       1.825250       1.831030       1.836800       1.842540       1.848250       1.853930       1.859570       1.865180       1.870740       1.876260       1.881730       1.887150       1.892520       1.897830       1.903080       1.908270       1.913400       1.918480    
   1.761160       1.768450       1.773190       1.773750       1.773920       1.779640       1.785380       1.791130       1.796900       1.802680       1.808450       1.814220       1.819990       1.825740       1.831470       1.837180       1.842860       1.848520       1.854140       1.859720       1.865260       1.870760       1.876210       1.881610       1.886960       1.892260       1.897500       1.902680       1.907800       1.912860    
   1.764590       1.773190       1.771830       1.771440       1.768960       1.774650       1.780360       1.786080       1.791820       1.797560       1.803300       1.809040       1.814770       1.820490       1.826190       1.831870       1.837530       1.843160       1.848750       1.854310       1.859830       1.865300       1.870740       1.876120       1.881450       1.886730       1.891960       1.897130       1.902240       1.907290    
   1.773190       1.771050       1.770200       1.768960       1.771100       1.769700       1.775380       1.781070       1.786770       1.792480       1.798190       1.803900       1.809600       1.815290       1.820960       1.826610       1.832240       1.837840       1.843410       1.848950       1.854440       1.859900       1.865310       1.870670       1.875990       1.881250       1.886460       1.891620       1.896720       1.901760    
   1.770690       1.769580       1.768960       1.769920       1.769700       1.771840       1.770440       1.776100       1.781770       1.787450       1.793130       1.798810       1.804480       1.810130       1.815780       1.821400       1.827000       1.832580       1.838120       1.843630       1.849100       1.854530       1.859920       1.865270       1.870570       1.875820       1.881010       1.886150       1.891240       1.896270    
   1.769270       1.768960       1.769530       1.769700       1.770660       1.770440       1.773270       1.776100       1.781940       1.782460       1.788110       1.793750       1.799390       1.805020       1.810640       1.816230       1.821810       1.827350       1.832870       1.838360       1.843810       1.849220       1.854590       1.859910       1.865190       1.870420       1.875600       1.880730       1.885810       1.890830    
   1.768960       1.769400       1.769700       1.770270       1.770440       1.771850       1.773270       1.778440       1.782460       1.785280       1.787370       1.788740       1.794350       1.799950       1.805540       1.811110       1.816650       1.822170       1.827670       1.833130       1.838550       1.843940       1.849290       1.854590       1.859860       1.865070       1.870230       1.875350       1.880410       1.885420    
   1.769350       1.769700       1.770140       1.770440       1.771150       1.771860       1.776510       1.782460       1.783870       1.785030       1.786260       1.783770       1.789350       1.794920       1.800480       1.806020       1.811540       1.817030       1.822500       1.827940       1.833340       1.838710       1.844030       1.849320       1.854560       1.859760       1.864900       1.870000       1.875050       1.880040    
   1.769700       1.770090       1.770440       1.770790       1.771150       1.775490       1.782460       1.783170       1.784030       1.785010       1.783770       1.786560       1.789490       1.789930       1.795460       1.800980       1.806470       1.811940       1.817380       1.822790       1.828170       1.833510       1.838820       1.844080       1.849310       1.854480       1.859610       1.864690       1.869730       1.874710    
   1.770080       1.770440       1.770620       1.770790       1.774970       1.782460       1.782810       1.783560       1.784390       1.783770       1.785170       1.787440       1.789930       1.792700       1.795460       1.800970       1.806460       1.811930       1.816480       1.817680       1.823040       1.828360       1.833640       1.838890       1.844090       1.849250       1.854360       1.859420       1.864440       1.869410    
   1.770440       1.770530       1.770620       1.774710       1.782460       1.782640       1.783340       1.784080       1.783770       1.784470       1.786580       1.789930       1.791310       1.792690       1.796370       1.800960       1.806450       1.812530       1.815150       1.812610       1.817940       1.823240       1.828500       1.833730       1.838910       1.844050       1.849140       1.854190       1.859190       1.864140    
   1.770480       1.770530       1.774580       1.782460       1.782550       1.783230       1.783930       1.783770       1.784120       1.786190       1.789930       1.790620       1.791310       1.793460       1.796680       1.801260       1.809290       1.813880       1.812610       1.814480       1.812890       1.818160       1.823400       1.828600       1.833770       1.838890       1.843960       1.848990       1.853980       1.858910    
   1.770480       1.774510       1.782460       1.782500       1.783170       1.783850       1.783770       1.783940       1.786000       1.789930       1.790280       1.790620       1.791800       1.793820       1.797130       1.803650       1.813240       1.812610       1.808840       1.807890       1.811030       1.813120       1.818340       1.823520       1.828660       1.833760       1.838820       1.843830       1.848790       1.853710    
   1.774480       1.782460       1.782480       1.783140       1.783810       1.783770       1.783860       1.785910       1.789930       1.790100       1.790280       1.790900       1.792080       1.787710       1.790300       1.797770       1.797760       1.799870       1.802070       1.800400       1.802880       1.808110       1.813300       1.818460       1.823580       1.828660       1.833700       1.838700       1.843650       1.848550    
   1.782460       1.782470       1.783130       1.783790       1.783770       1.783810       1.785870       1.789930       1.790020       1.790100       1.790430       1.791080       1.781280       1.767930       1.768080       1.781380       1.782310       1.782910       1.792930       1.797930       1.797920       1.803130       1.808310       1.813440       1.818540       1.823600       1.828620       1.833600       1.838530       1.843410    
   1.782470       1.783120       1.783780       1.783770       1.783790       1.785850       1.789930       1.789970       1.790020       1.790180       1.773810       1.748730       1.761410       1.767780       1.767780       1.768080       1.777360       1.781700       1.782910       1.790490       1.793000       1.798190       1.803340       1.808450       1.813530       1.818570       1.823570       1.828530       1.833440       1.838310    
   1.783120       1.783770       1.783770       1.783780       1.785830       1.789930       1.789950       1.789970       1.790060       1.770290       1.748730       1.748730       1.748730       1.761190       1.767490       1.767490       1.768080       1.776760       1.780490       1.782910       1.788110       1.793270       1.798400       1.803500       1.808550       1.813570       1.818550       1.823490       1.828380       1.833230    
   1.783770       1.783770       1.783780       1.785830       1.789930       1.789940       1.789950       1.772620       1.759810       1.748720       1.748730       1.748730       1.748730       1.748730       1.760760       1.766890       1.766890       1.768080       1.775580       1.778070       1.783240       1.788380       1.793490       1.798570       1.803600       1.808600       1.813560       1.818480       1.823350       1.828190    
   1.783770       1.783770       1.785830       1.789930       1.789940       1.758320       1.710890       1.715700       1.720510       1.739290       1.748690       1.748730       1.748730       1.748730       1.748730       1.759950       1.765700       1.765700       1.768080       1.773260       1.778410       1.783530       1.788610       1.793670       1.798680       1.803660       1.808600       1.813490       1.818350       1.823170    
   1.783770       1.785820       1.789930       1.789930       1.751990       1.710880       1.710880       1.710890       1.715700       1.720510       1.739220       1.748620       1.748730       1.748730       1.748730       1.748730       1.758470       1.763330       1.763320       1.768470       1.773600       1.778700       1.783760       1.788790       1.793790       1.798740       1.803660       1.808540       1.813380       1.818170    
