iMOD/TUTORIALS/TUT_MetaswapAnalyser/model_MetaSWAP/meteo/Evaporation/Evaporation_20051121_L1.ASC
NCOLS                30
NROWS                30
XLLCORNER     160000.00
YLLCORNER     340000.00
CELLSIZE        1000.00
NODATA_VALUE   -9999.00
  0.2577000      0.2572300      0.2567600      0.2563000      0.2558500      0.2554000      0.2549600      0.2545300      0.2541000      0.2536800      0.2532700      0.2528700      0.2524700      0.2520900      0.2517100      0.2513500      0.2509900      0.2506400      0.2503100      0.2499800      0.2496700      0.2493600      0.2490700      0.2487800      0.2485100      0.2482500      0.2480000      0.2477600      0.2475300      0.2473100    
  0.2566600      0.2561600      0.2556700      0.2551800      0.2547000      0.2542300      0.2537600      0.2533100      0.2528600      0.2524100      0.2519800      0.2515600      0.2511500      0.2507400      0.2503500      0.2499600      0.2495900      0.2492300      0.2488700      0.2485300      0.2482000      0.2478800      0.2475800      0.2472800      0.2470000      0.2467200      0.2464600      0.2462200      0.2459800      0.2457600    
  0.2556100      0.2550800      0.2545600      0.2540500      0.2535400      0.2530400      0.2525500      0.2520700      0.2516000      0.2511400      0.2506800      0.2502400      0.2498000      0.2493800      0.2489700      0.2485600      0.2481700      0.2477900      0.2474300      0.2470700      0.2467300      0.2463900      0.2460700      0.2457700      0.2454700      0.2451900      0.2449200      0.2446600      0.2444200      0.2441900    
  0.2545400      0.2539900      0.2534400      0.2529000      0.2523700      0.2518500      0.2513300      0.2508300      0.2503300      0.2498500      0.2493700      0.2489100      0.2484500      0.2480100      0.2475800      0.2471600      0.2467500      0.2463500      0.2459700      0.2456000      0.2452400      0.2448900      0.2445600      0.2442400      0.2439400      0.2436500      0.2433700      0.2431100      0.2428500      0.2426200    
  0.2534700      0.2528900      0.2523100      0.2517400      0.2511900      0.2506400      0.2501000      0.2495700      0.2490500      0.2485400      0.2480500      0.2475600      0.2470900      0.2466200      0.2461700      0.2457400      0.2453100      0.2449000      0.2445000      0.2441200      0.2437400      0.2433900      0.2430400      0.2427100      0.2424000      0.2421000      0.2418100      0.2415400      0.2412800      0.2410300    
  0.2523800      0.2517700      0.2511700      0.2505800      0.2499900      0.2494200      0.2488600      0.2483100      0.2477600      0.2472300      0.2467200      0.2462100      0.2457100      0.2452300      0.2447600      0.2443100      0.2438700      0.2434400      0.2430200      0.2426200      0.2422400      0.2418700      0.2415100      0.2411700      0.2408500      0.2405400      0.2402400      0.2399600      0.2397000      0.2394500    
  0.2512900      0.2506500      0.2500200      0.2494000      0.2487900      0.2481900      0.2476100      0.2470300      0.2464700      0.2459100      0.2453700      0.2448500      0.2443300      0.2438300      0.2433400      0.2428700      0.2424100      0.2419700      0.2415400      0.2411300      0.2407300      0.2403400      0.2399800      0.2396300      0.2392900      0.2389700      0.2386700      0.2383800      0.2381100      0.2378500    
  0.2501800      0.2495200      0.2488600      0.2482200      0.2475800      0.2469600      0.2463500      0.2457500      0.2451600      0.2445900      0.2440300      0.2434800      0.2429400      0.2424200      0.2419200      0.2414300      0.2409500      0.2404900      0.2400500      0.2396200      0.2392100      0.2388100      0.2384300      0.2380700      0.2377300      0.2374000      0.2370800      0.2367900      0.2365100      0.2362500    
  0.2490700      0.2483800      0.2477000      0.2470300      0.2463700      0.2457200      0.2450800      0.2444600      0.2438500      0.2432500      0.2426700      0.2421000      0.2415500      0.2410100      0.2404800      0.2399700      0.2394800      0.2390100      0.2385500      0.2381100      0.2376800      0.2372700      0.2368800      0.2365100      0.2361600      0.2358200      0.2355000      0.2351900      0.2349100      0.2346400    
  0.2479500      0.2472300      0.2465200      0.2458300      0.2451400      0.2444700      0.2438100      0.2431600      0.2425300      0.2419100      0.2413100      0.2407200      0.2401400      0.2395800      0.2390400      0.2385200      0.2380100      0.2375200      0.2370400      0.2365900      0.2361500      0.2357300      0.2353300      0.2349400      0.2345800      0.2342300      0.2339000      0.2335900      0.2333000      0.2330300    
  0.2479570      0.2472330      0.2460500      0.2446200      0.2439100      0.2432100      0.2425300      0.2418600      0.2412000      0.2405600      0.2399400      0.2393300      0.2387300      0.2381600      0.2376000      0.2370500      0.2365300      0.2360200      0.2355300      0.2350600      0.2346100      0.2341800      0.2337700      0.2333700      0.2330000      0.2326400      0.2323100      0.2319900      0.2316900      0.2314100    
  0.2479600      0.2464650      0.2446200      0.2431620      0.2426800      0.2419600      0.2412500      0.2405500      0.2398800      0.2392100      0.2385700      0.2379400      0.2373200      0.2367300      0.2361500      0.2355900      0.2350500      0.2345200      0.2340200      0.2335400      0.2330700      0.2326300      0.2322000      0.2318000      0.2314200      0.2310500      0.2307100      0.2303800      0.2300800      0.2298000    
  0.2469350      0.2446200      0.2428210      0.2420600      0.2414400      0.2406900      0.2399600      0.2392400      0.2385400      0.2378600      0.2371900      0.2365400      0.2359000      0.2352900      0.2346900      0.2341200      0.2335600      0.2330200      0.2325000      0.2320000      0.2315300      0.2310700      0.2306400      0.2302200      0.2298300      0.2294600      0.2291100      0.2287800      0.2284700      0.2281800    
  0.2446200      0.2426580      0.2417500      0.2414400      0.2405200      0.2394300      0.2386700      0.2379300      0.2372100      0.2365000      0.2358100      0.2351400      0.2344900      0.2338500      0.2332400      0.2326400      0.2320700      0.2315100      0.2309800      0.2304700      0.2299800      0.2295100      0.2290700      0.2286400      0.2282400      0.2278600      0.2275000      0.2271600      0.2268500      0.2265500    
  0.2425780      0.2415950      0.2414400      0.2404630      0.2394300      0.2384930      0.2373800      0.2366200      0.2358700      0.2351400      0.2344300      0.2337400      0.2330600      0.2324100      0.2317800      0.2311700      0.2305700      0.2300100      0.2294600      0.2289300      0.2284300      0.2279500      0.2275000      0.2270600      0.2266500      0.2262600      0.2259000      0.2255500      0.2252300      0.2249300    
  0.2415170      0.2414400      0.2404440      0.2394300      0.2384340      0.2373800      0.2370000      0.2366230      0.2353530      0.2337800      0.2330500      0.2323300      0.2316400      0.2309700      0.2303200      0.2296900      0.2290800      0.2285000      0.2279400      0.2274000      0.2268800      0.2263900      0.2259200      0.2254800      0.2250600      0.2246600      0.2242900      0.2239400      0.2236200      0.2233100    
  0.2414400      0.2404380      0.2394300      0.2384150      0.2373800      0.2371900      0.2370010      0.2356890      0.2337800      0.2334150      0.2319240      0.2309300      0.2302200      0.2295300      0.2288600      0.2282100      0.2275900      0.2269900      0.2264100      0.2258600      0.2253300      0.2248300      0.2243500      0.2239000      0.2234700      0.2230700      0.2226900      0.2223300      0.2220000      0.2216900    
  0.2404360      0.2394300      0.2384080      0.2373800      0.2372850      0.2371900      0.2359150      0.2337800      0.2335980      0.2317760      0.2302300      0.2295300      0.2288000      0.2280900      0.2274000      0.2267400      0.2261000      0.2254800      0.2248900      0.2243200      0.2237800      0.2232700      0.2227800      0.2223200      0.2218800      0.2214700      0.2210800      0.2207200      0.2203900      0.2200700    
  0.2394300      0.2384060      0.2373800      0.2373320      0.2372850      0.2360430      0.2337800      0.2336890      0.2317130      0.2298800      0.2295300      0.2291650      0.2282680      0.2266500      0.2259400      0.2252600      0.2246000      0.2239700      0.2233700      0.2227900      0.2222400      0.2217100      0.2212100      0.2207400      0.2202900      0.2198700      0.2194800      0.2191200      0.2187800      0.2184600    
  0.2384050      0.2373800      0.2373560      0.2373330      0.2361100      0.2337800      0.2337340      0.2316830      0.2297050      0.2295300      0.2293470      0.2284030      0.2266500      0.2262950      0.2259500      0.2252670      0.2246100      0.2239800      0.2222240      0.2212600      0.2206900      0.2201500      0.2196400      0.2191600      0.2187100      0.2182800      0.2178800      0.2175100      0.2171700      0.2168500    
  0.2373800      0.2373680      0.2373560      0.2361450      0.2337800      0.2337570      0.2316690      0.2296180      0.2295300      0.2294390      0.2284830      0.2266500      0.2264720      0.2262980      0.2258370      0.2252760      0.2246190      0.2222080      0.2204950      0.2197300      0.2191500      0.2186000      0.2180800      0.2175900      0.2171300      0.2167000      0.2162900      0.2159100      0.2155700      0.2152400    
  0.2373740      0.2373680      0.2361620      0.2337800      0.2337690      0.2316620      0.2295740      0.2295300      0.2294840      0.2285250      0.2266500      0.2265610      0.2264740      0.2262030      0.2258040      0.2252440      0.2223890      0.2201130      0.2197300      0.2188300      0.2176100      0.2170500      0.2165200      0.2160200      0.2155500      0.2151100      0.2147000      0.2143200      0.2139700      0.2136400    
  0.2373740      0.2361710      0.2337800      0.2337740      0.2316580      0.2295520      0.2295300      0.2295070      0.2285470      0.2266500      0.2266060      0.2265620      0.2264130      0.2261600      0.2257500      0.2217120      0.2199210      0.2197300      0.2171090      0.2160800      0.2157380      0.2155100      0.2149700      0.2144600      0.2139800      0.2135400      0.2131200      0.2127400      0.2123800      0.2120500    
  0.2361760      0.2337800      0.2337770      0.2316570      0.2295410      0.2295300      0.2295190      0.2285590      0.2266500      0.2266280      0.2266060      0.2265270      0.2263780      0.2216910      0.2180380      0.2152030      0.2152000      0.2148030      0.2143040      0.2137950      0.2145500      0.2139700      0.2134200      0.2129100      0.2124200      0.2119700      0.2115500      0.2111600      0.2108000      0.2104600    
  0.2337800      0.2337790      0.2316560      0.2295350      0.2295300      0.2295240      0.2285640      0.2266500      0.2266390      0.2266280      0.2265870      0.2265030      0.2182680      0.2083950      0.2084400      0.2109640      0.2104860      0.2106700      0.2122040      0.2130370      0.2130400      0.2124400      0.2118800      0.2113600      0.2108700      0.2104100      0.2099800      0.2095800      0.2092200      0.2088900    
  0.2337790      0.2316550      0.2295330      0.2295300      0.2295270      0.2285670      0.2266500      0.2266440      0.2266390      0.2266180      0.2179280      0.2049600      0.2072130      0.2083500      0.2083500      0.2084400      0.2097320      0.2103030      0.2106700      0.2113130      0.2115200      0.2109200      0.2103500      0.2098200      0.2093200      0.2088500      0.2084200      0.2080200      0.2076600      0.2073200    
  0.2316550      0.2295310      0.2295300      0.2295290      0.2285690      0.2266500      0.2266470      0.2266440      0.2266340      0.2162210      0.2049600      0.2049600      0.2049600      0.2071460      0.2082600      0.2082600      0.2084400      0.2095140      0.2099350      0.2106700      0.2100200      0.2094100      0.2088300      0.2082900      0.2077800      0.2073100      0.2068700      0.2064700      0.2061000      0.2057700    
  0.2295310      0.2295300      0.2295290      0.2285690      0.2266500      0.2266490      0.2266470      0.2197790      0.2127790      0.2049560      0.2049600      0.2049600      0.2049600      0.2049600      0.2070150      0.2080810      0.2080800      0.2084400      0.2090100      0.2092000      0.2085300      0.2079100      0.2073200      0.2067700      0.2062500      0.2057800      0.2053400      0.2049300      0.2045600      0.2042200    
  0.2295300      0.2295300      0.2285700      0.2266500      0.2266490      0.2155610      0.1989300      0.1990600      0.1991900      0.2030270      0.2049490      0.2049600      0.2049600      0.2049600      0.2049600      0.2067600      0.2077220      0.2077200      0.2084400      0.2077300      0.2070500      0.2064200      0.2058200      0.2052600      0.2047400      0.2042600      0.2038100      0.2034000      0.2030300      0.2026900    
  0.2295300      0.2285700      0.2266500      0.2266500      0.2133420      0.1989280      0.1989280      0.1989300      0.1990600      0.1991900      0.2030080      0.2049270      0.2049600      0.2049600      0.2049600      0.2049600      0.2062780      0.2070070      0.2070000      0.2062700      0.2055900      0.2049400      0.2043300      0.2037600      0.2032400      0.2027500      0.2023000      0.2018900      0.2015200      0.2011800    
