iMOD/TUTORIALS/TUT_MetaswapAnalyser/model_MetaSWAP/meteo/Evaporation/Evaporation_20060123_L1.ASC
NCOLS                30
NROWS                30
XLLCORNER     160000.00
YLLCORNER     340000.00
CELLSIZE        1000.00
NODATA_VALUE   -9999.00
  0.5500200      0.5495100      0.5489900      0.5484800      0.5479600      0.5474500      0.5469400      0.5464200      0.5459100      0.5454100      0.5449000      0.5444000      0.5439000      0.5434000      0.5429100      0.5424200      0.5419400      0.5414600      0.5409900      0.5405200      0.5400600      0.5396000      0.5391500      0.5387000      0.5382600      0.5378200      0.5373900      0.5369700      0.5365500      0.5361400    
  0.5505900      0.5500700      0.5495600      0.5490500      0.5485300      0.5480200      0.5475100      0.5470000      0.5464900      0.5459900      0.5454800      0.5449800      0.5444900      0.5439900      0.5435000      0.5430200      0.5425300      0.5420600      0.5415900      0.5411200      0.5406600      0.5402000      0.5397500      0.5393000      0.5388600      0.5384300      0.5380000      0.5375700      0.5371600      0.5367500    
  0.5511400      0.5506300      0.5501200      0.5496100      0.5491000      0.5485900      0.5480800      0.5475800      0.5470700      0.5465700      0.5460600      0.5455700      0.5450700      0.5445800      0.5440900      0.5436100      0.5431300      0.5426500      0.5421800      0.5417100      0.5412500      0.5408000      0.5403400      0.5399000      0.5394600      0.5390300      0.5386000      0.5381800      0.5377600      0.5373500    
  0.5517000      0.5511900      0.5506800      0.5501700      0.5496600      0.5491600      0.5486500      0.5481400      0.5476400      0.5471400      0.5466400      0.5461400      0.5456500      0.5451600      0.5446700      0.5441900      0.5437100      0.5432400      0.5427700      0.5423000      0.5418400      0.5413900      0.5409400      0.5405000      0.5400600      0.5396200      0.5392000      0.5387700      0.5383600      0.5379500    
  0.5522500      0.5517400      0.5512400      0.5507300      0.5502200      0.5497200      0.5492100      0.5487100      0.5482100      0.5477100      0.5472100      0.5467200      0.5462300      0.5457400      0.5452500      0.5447700      0.5443000      0.5438200      0.5433500      0.5428900      0.5424300      0.5419800      0.5415300      0.5410900      0.5406500      0.5402200      0.5397900      0.5393700      0.5389500      0.5385400    
  0.5528000      0.5522900      0.5517900      0.5512900      0.5507800      0.5502800      0.5497700      0.5492700      0.5487700      0.5482800      0.5477800      0.5472900      0.5468000      0.5463100      0.5458300      0.5453500      0.5448700      0.5444000      0.5439400      0.5434700      0.5430200      0.5425600      0.5421200      0.5416800      0.5412400      0.5408100      0.5403800      0.5399600      0.5395500      0.5391400    
  0.5533400      0.5528400      0.5523400      0.5518400      0.5513300      0.5508300      0.5503300      0.5498300      0.5493400      0.5488400      0.5483500      0.5478600      0.5473700      0.5468800      0.5464000      0.5459200      0.5454500      0.5449800      0.5445200      0.5440500      0.5436000      0.5431500      0.5427000      0.5422600      0.5418200      0.5413900      0.5409700      0.5405500      0.5401400      0.5397300    
  0.5538900      0.5533900      0.5528800      0.5523800      0.5518800      0.5513800      0.5508900      0.5503900      0.5498900      0.5494000      0.5489100      0.5484200      0.5479300      0.5474500      0.5469700      0.5465000      0.5460200      0.5455500      0.5450900      0.5446300      0.5441800      0.5437300      0.5432800      0.5428400      0.5424100      0.5419800      0.5415500      0.5411400      0.5407200      0.5403200    
  0.5544200      0.5539300      0.5534300      0.5529300      0.5524300      0.5519300      0.5514400      0.5509400      0.5504500      0.5499600      0.5494700      0.5489800      0.5485000      0.5480100      0.5475400      0.5470600      0.5465900      0.5461300      0.5456600      0.5452100      0.5447500      0.5443000      0.5438600      0.5434200      0.5429900      0.5425600      0.5421400      0.5417200      0.5413100      0.5409000    
  0.5549600      0.5544700      0.5539700      0.5534700      0.5529800      0.5524800      0.5519900      0.5514900      0.5510000      0.5505100      0.5500200      0.5495400      0.5490600      0.5485800      0.5481000      0.5476300      0.5471600      0.5466900      0.5462300      0.5457800      0.5453200      0.5448800      0.5444300      0.5440000      0.5435600      0.5431400      0.5427200      0.5423000      0.5418900      0.5414800    
  0.5549630      0.5544670      0.5539800      0.5540100      0.5535200      0.5530200      0.5525300      0.5520400      0.5515500      0.5510600      0.5505800      0.5500900      0.5496100      0.5491300      0.5486600      0.5481900      0.5477200      0.5472600      0.5468000      0.5463400      0.5458900      0.5454500      0.5450100      0.5445700      0.5441400      0.5437100      0.5432900      0.5428800      0.5424700      0.5420600    
  0.5549620      0.5543550      0.5540100      0.5540450      0.5540600      0.5535600      0.5530700      0.5525800      0.5521000      0.5516100      0.5511300      0.5506400      0.5501600      0.5496900      0.5492200      0.5487500      0.5482800      0.5478200      0.5473600      0.5469100      0.5464600      0.5460100      0.5455700      0.5451400      0.5447100      0.5442800      0.5438700      0.5434500      0.5430400      0.5426400    
  0.5546960      0.5540100      0.5542420      0.5543250      0.5545900      0.5541000      0.5536100      0.5531300      0.5526400      0.5521500      0.5516700      0.5511900      0.5507200      0.5502400      0.5497700      0.5493000      0.5488400      0.5483800      0.5479200      0.5474700      0.5470200      0.5465800      0.5461400      0.5457100      0.5452800      0.5448500      0.5444400      0.5440200      0.5436100      0.5432100    
  0.5540100      0.5543250      0.5544570      0.5545900      0.5544430      0.5546400      0.5541500      0.5536600      0.5531800      0.5527000      0.5522200      0.5517400      0.5512600      0.5507900      0.5503200      0.5498600      0.5493900      0.5489300      0.5484800      0.5480300      0.5475800      0.5471400      0.5467000      0.5462700      0.5458400      0.5454200      0.5450000      0.5445900      0.5441800      0.5437800    
  0.5543620      0.5545240      0.5545900      0.5545580      0.5546400      0.5544930      0.5546900      0.5542000      0.5537200      0.5532400      0.5527600      0.5522800      0.5518100      0.5513400      0.5508700      0.5504100      0.5499400      0.5494900      0.5490300      0.5485900      0.5481400      0.5477000      0.5472600      0.5468300      0.5464100      0.5459900      0.5455700      0.5451600      0.5447500      0.5443500    
  0.5545570      0.5545900      0.5545960      0.5546400      0.5546080      0.5546900      0.5544450      0.5542030      0.5537350      0.5537800      0.5533000      0.5528200      0.5523500      0.5518800      0.5514200      0.5509500      0.5504900      0.5500400      0.5495900      0.5491400      0.5487000      0.5482600      0.5478200      0.5473900      0.5469700      0.5465500      0.5461300      0.5457200      0.5453200      0.5449200    
  0.5545900      0.5546090      0.5546400      0.5546460      0.5546900      0.5545680      0.5544460      0.5540410      0.5537800      0.5535400      0.5534320      0.5533600      0.5528900      0.5524300      0.5519600      0.5515000      0.5510400      0.5505900      0.5501400      0.5496900      0.5492500      0.5488100      0.5483800      0.5479500      0.5475300      0.5471100      0.5466900      0.5462900      0.5458800      0.5454800    
  0.5546130      0.5546400      0.5546590      0.5546900      0.5546290      0.5545680      0.5542090      0.5537800      0.5536600      0.5536560      0.5536300      0.5539000      0.5534300      0.5529700      0.5525000      0.5520400      0.5515900      0.5511300      0.5506900      0.5502400      0.5498000      0.5493600      0.5489300      0.5485100      0.5480800      0.5476700      0.5472500      0.5468500      0.5464400      0.5460500    
  0.5546400      0.5546630      0.5546900      0.5546590      0.5546290      0.5542960      0.5537800      0.5537200      0.5537520      0.5537650      0.5539000      0.5536650      0.5534500      0.5535000      0.5530400      0.5525800      0.5521300      0.5516800      0.5512300      0.5507900      0.5503500      0.5499100      0.5494800      0.5490600      0.5486400      0.5482200      0.5478100      0.5474000      0.5470000      0.5466100    
  0.5546640      0.5546900      0.5546750      0.5546590      0.5543410      0.5537800      0.5537500      0.5537970      0.5538330      0.5539000      0.5537830      0.5536290      0.5535000      0.5532700      0.5530400      0.5525830      0.5521300      0.5516800      0.5513820      0.5513300      0.5509000      0.5504600      0.5500300      0.5496100      0.5491900      0.5487800      0.5483700      0.5479600      0.5475600      0.5471700    
  0.5546900      0.5546820      0.5546750      0.5543640      0.5537800      0.5537650      0.5538190      0.5538660      0.5539000      0.5538410      0.5537030      0.5535000      0.5533850      0.5532700      0.5529640      0.5525840      0.5521310      0.5517350      0.5516050      0.5518800      0.5514400      0.5510100      0.5505800      0.5501600      0.5497400      0.5493300      0.5489200      0.5485200      0.5481200      0.5477200    
  0.5546860      0.5546820      0.5543750      0.5537800      0.5537730      0.5538290      0.5538830      0.5539000      0.5538710      0.5537360      0.5535000      0.5534420      0.5533850      0.5532070      0.5529400      0.5525600      0.5520150      0.5517420      0.5518800      0.5517670      0.5519800      0.5515500      0.5511300      0.5507100      0.5502900      0.5498800      0.5494700      0.5490700      0.5486700      0.5482800    
  0.5546860      0.5543810      0.5537800      0.5537760      0.5538350      0.5538920      0.5539000      0.5538850      0.5537520      0.5535000      0.5534710      0.5534420      0.5533450      0.5531770      0.5529020      0.5525630      0.5518110      0.5518800      0.5523740      0.5525200      0.5522660      0.5521000      0.5516700      0.5512500      0.5508400      0.5504300      0.5500200      0.5496200      0.5492200      0.5488300    
  0.5543840      0.5537800      0.5537780      0.5538370      0.5538960      0.5539000      0.5538930      0.5537590      0.5535000      0.5534860      0.5534710      0.5534190      0.5533210      0.5540060      0.5539940      0.5534900      0.5534900      0.5533210      0.5531500      0.5533300      0.5530600      0.5526400      0.5522100      0.5518000      0.5513800      0.5509700      0.5505700      0.5501700      0.5497800      0.5493900    
  0.5537800      0.5537790      0.5538390      0.5538980      0.5539000      0.5538960      0.5537630      0.5535000      0.5534930      0.5534860      0.5534590      0.5534040      0.5547990      0.5566170      0.5566000      0.5552310      0.5551680      0.5551000      0.5541030      0.5536000      0.5536000      0.5531800      0.5527600      0.5523400      0.5519300      0.5515200      0.5511200      0.5507200      0.5503300      0.5499400    
  0.5537800      0.5538390      0.5538990      0.5539000      0.5538980      0.5537650      0.5535000      0.5534960      0.5534930      0.5534790      0.5555180      0.5586200      0.5572980      0.5566330      0.5566330      0.5566000      0.5556680      0.5552350      0.5551000      0.5543800      0.5541400      0.5537200      0.5533000      0.5528800      0.5524700      0.5520600      0.5516600      0.5512700      0.5508800      0.5504900    
  0.5538400      0.5538990      0.5539000      0.5538990      0.5537660      0.5535000      0.5534980      0.5534960      0.5534890      0.5559460      0.5586200      0.5586200      0.5586200      0.5573220      0.5566660      0.5566660      0.5566000      0.5557370      0.5553700      0.5551000      0.5546800      0.5542500      0.5538300      0.5534200      0.5530100      0.5526100      0.5522100      0.5518100      0.5514200      0.5510400    
  0.5539000      0.5539000      0.5539000      0.5537660      0.5535000      0.5534990      0.5534980      0.5555430      0.5571480      0.5586210      0.5586200      0.5586200      0.5586200      0.5586200      0.5573700      0.5567320      0.5567320      0.5566000      0.5558780      0.5556400      0.5552100      0.5547900      0.5543700      0.5539600      0.5535500      0.5531500      0.5527500      0.5523600      0.5519700      0.5515900    
  0.5539000      0.5539000      0.5537660      0.5535000      0.5535000      0.5571600      0.5626500      0.5621700      0.5616900      0.5596470      0.5586240      0.5586200      0.5586200      0.5586200      0.5586200      0.5574620      0.5568650      0.5568650      0.5566000      0.5561700      0.5557500      0.5553200      0.5549100      0.5545000      0.5540900      0.5536900      0.5532900      0.5529000      0.5525200      0.5521300    
  0.5539000      0.5537670      0.5535000      0.5535000      0.5578930      0.5626510      0.5626510      0.5626500      0.5621700      0.5616900      0.5596550      0.5586330      0.5586200      0.5586200      0.5586200      0.5586200      0.5576290      0.5571300      0.5571300      0.5567000      0.5562800      0.5558600      0.5554400      0.5550400      0.5546300      0.5542300      0.5538400      0.5534500      0.5530600      0.5526800    
