iMOD/TUTORIALS/TUT_MetaswapAnalyser/model_MetaSWAP/meteo/Evaporation/Evaporation_20051124_L1.ASC
NCOLS                30
NROWS                30
XLLCORNER     160000.00
YLLCORNER     340000.00
CELLSIZE        1000.00
NODATA_VALUE   -9999.00
  0.1469200      0.1475000      0.1480800      0.1486600      0.1492300      0.1498000      0.1503600      0.1509300      0.1514900      0.1520400      0.1526000      0.1531500      0.1536900      0.1542400      0.1547800      0.1553200      0.1558600      0.1563900      0.1569200      0.1574500      0.1579700      0.1584900      0.1590100      0.1595300      0.1600400      0.1605500      0.1610600      0.1615600      0.1620700      0.1625700    
  0.1477800      0.1483600      0.1489400      0.1495200      0.1500900      0.1506500      0.1512200      0.1517800      0.1523400      0.1528900      0.1534500      0.1540000      0.1545400      0.1550900      0.1556300      0.1561700      0.1567000      0.1572300      0.1577600      0.1582900      0.1588100      0.1593300      0.1598500      0.1603700      0.1608800      0.1613900      0.1619000      0.1624000      0.1629000      0.1634000    
  0.1486500      0.1492200      0.1498000      0.1503700      0.1509400      0.1515100      0.1520700      0.1526300      0.1531900      0.1537500      0.1543000      0.1548500      0.1553900      0.1559400      0.1564800      0.1570100      0.1575500      0.1580800      0.1586100      0.1591300      0.1596600      0.1601800      0.1606900      0.1612100      0.1617200      0.1622300      0.1627300      0.1632300      0.1637300      0.1642300    
  0.1495100      0.1500900      0.1506600      0.1512300      0.1518000      0.1523700      0.1529300      0.1534900      0.1540500      0.1546000      0.1551500      0.1557000      0.1562400      0.1567900      0.1573200      0.1578600      0.1583900      0.1589200      0.1594500      0.1599800      0.1605000      0.1610200      0.1615300      0.1620400      0.1625600      0.1630600      0.1635700      0.1640700      0.1645700      0.1650700    
  0.1503700      0.1509500      0.1515200      0.1520900      0.1526600      0.1532200      0.1537800      0.1543400      0.1549000      0.1554500      0.1560000      0.1565500      0.1570900      0.1576300      0.1581700      0.1587100      0.1592400      0.1597700      0.1603000      0.1608200      0.1613400      0.1618600      0.1623700      0.1628800      0.1633900      0.1639000      0.1644000      0.1649000      0.1654000      0.1659000    
  0.1512300      0.1518100      0.1523800      0.1529500      0.1535100      0.1540800      0.1546400      0.1552000      0.1557500      0.1563000      0.1568500      0.1574000      0.1579400      0.1584800      0.1590200      0.1595500      0.1600800      0.1606100      0.1611400      0.1616600      0.1621800      0.1627000      0.1632100      0.1637200      0.1642300      0.1647400      0.1652400      0.1657400      0.1662300      0.1667300    
  0.1521000      0.1526700      0.1532400      0.1538100      0.1543700      0.1549300      0.1554900      0.1560500      0.1566000      0.1571500      0.1577000      0.1582500      0.1587900      0.1593300      0.1598700      0.1604000      0.1609300      0.1614600      0.1619800      0.1625000      0.1630200      0.1635400      0.1640500      0.1645600      0.1650700      0.1655700      0.1660700      0.1665700      0.1670700      0.1675600    
  0.1529600      0.1535300      0.1541000      0.1546600      0.1552300      0.1557900      0.1563500      0.1569000      0.1574600      0.1580100      0.1585500      0.1591000      0.1596400      0.1601800      0.1607100      0.1612500      0.1617700      0.1623000      0.1628200      0.1633500      0.1638600      0.1643800      0.1648900      0.1654000      0.1659000      0.1664100      0.1669100      0.1674000      0.1679000      0.1683900    
  0.1538200      0.1543900      0.1549600      0.1555200      0.1560800      0.1566400      0.1572000      0.1577600      0.1583100      0.1588600      0.1594000      0.1599500      0.1604900      0.1610200      0.1615600      0.1620900      0.1626200      0.1631400      0.1636700      0.1641900      0.1647000      0.1652200      0.1657300      0.1662400      0.1667400      0.1672400      0.1677400      0.1682400      0.1687300      0.1692200    
  0.1546800      0.1552500      0.1558200      0.1563800      0.1569400      0.1575000      0.1580600      0.1586100      0.1591600      0.1597100      0.1602500      0.1608000      0.1613300      0.1618700      0.1624100      0.1629400      0.1634600      0.1639900      0.1645100      0.1650300      0.1655400      0.1660600      0.1665700      0.1670700      0.1675800      0.1680800      0.1685700      0.1690700      0.1695600      0.1700500    
  0.1546800      0.1552500      0.1561720      0.1572400      0.1578000      0.1583500      0.1589100      0.1594600      0.1600100      0.1605600      0.1611000      0.1616400      0.1621800      0.1627200      0.1632500      0.1637800      0.1643100      0.1648300      0.1653500      0.1658700      0.1663800      0.1669000      0.1674000      0.1679100      0.1684100      0.1689100      0.1694100      0.1699000      0.1703900      0.1708800    
  0.1546800      0.1558360      0.1572400      0.1583000      0.1586500      0.1592100      0.1597600      0.1603100      0.1608600      0.1614100      0.1619500      0.1624900      0.1630300      0.1635600      0.1641000      0.1646300      0.1651500      0.1656700      0.1661900      0.1667100      0.1672200      0.1677300      0.1682400      0.1687400      0.1692500      0.1697400      0.1702400      0.1707300      0.1712200      0.1717100    
  0.1554660      0.1572400      0.1585330      0.1590800      0.1595100      0.1600600      0.1606200      0.1611700      0.1617100      0.1622600      0.1628000      0.1633400      0.1638800      0.1644100      0.1649400      0.1654700      0.1659900      0.1665200      0.1670300      0.1675500      0.1680600      0.1685700      0.1690800      0.1695800      0.1700800      0.1705800      0.1710700      0.1715600      0.1720500      0.1725400    
  0.1572400      0.1586440      0.1592950      0.1595100      0.1601630      0.1609200      0.1614700      0.1620200      0.1625700      0.1631100      0.1636500      0.1641900      0.1647200      0.1652600      0.1657900      0.1663100      0.1668400      0.1673600      0.1678800      0.1683900      0.1689000      0.1694100      0.1699100      0.1704200      0.1709100      0.1714100      0.1719000      0.1723900      0.1728800      0.1733600    
  0.1586990      0.1594020      0.1595100      0.1601980      0.1609200      0.1615700      0.1623200      0.1628700      0.1634200      0.1639600      0.1645000      0.1650400      0.1655700      0.1661000      0.1666300      0.1671600      0.1676800      0.1682000      0.1687200      0.1692300      0.1697400      0.1702500      0.1707500      0.1712500      0.1717500      0.1722400      0.1727300      0.1732200      0.1737100      0.1741900    
  0.1594560      0.1595100      0.1602090      0.1609200      0.1616030      0.1623200      0.1625950      0.1628700      0.1637650      0.1648100      0.1653500      0.1658800      0.1664200      0.1669500      0.1674800      0.1680000      0.1685200      0.1690400      0.1695600      0.1700700      0.1705800      0.1710800      0.1715900      0.1720900      0.1725800      0.1730700      0.1735600      0.1740500      0.1745400      0.1750200    
  0.1595100      0.1602130      0.1609200      0.1616140      0.1623200      0.1624570      0.1625950      0.1635100      0.1648100      0.1650800      0.1660700      0.1667300      0.1672600      0.1677900      0.1683200      0.1688400      0.1693600      0.1698800      0.1704000      0.1709100      0.1714100      0.1719200      0.1724200      0.1729200      0.1734100      0.1739100      0.1743900      0.1748800      0.1753600      0.1758400    
  0.1602140      0.1609200      0.1616180      0.1623200      0.1623890      0.1624570      0.1633430      0.1648100      0.1649450      0.1661390      0.1671550      0.1675800      0.1681100      0.1686400      0.1691600      0.1696900      0.1702100      0.1707200      0.1712300      0.1717400      0.1722500      0.1727500      0.1732600      0.1737500      0.1742500      0.1747400      0.1752200      0.1757100      0.1761900      0.1766700    
  0.1609200      0.1616190      0.1623200      0.1623540      0.1623890      0.1632500      0.1648100      0.1648780      0.1661680      0.1673670      0.1675800      0.1678450      0.1684530      0.1694800      0.1700100      0.1705300      0.1710500      0.1715600      0.1720700      0.1725800      0.1730900      0.1735900      0.1740900      0.1745800      0.1750800      0.1755700      0.1760500      0.1765300      0.1770100      0.1774900    
  0.1616200      0.1623200      0.1623370      0.1623540      0.1632010      0.1648100      0.1648440      0.1661820      0.1674740      0.1675800      0.1677120      0.1683390      0.1694800      0.1697450      0.1700070      0.1705300      0.1710470      0.1715600      0.1727780      0.1734200      0.1739200      0.1744200      0.1749200      0.1754200      0.1759100      0.1764000      0.1768800      0.1773600      0.1778400      0.1783100    
  0.1623200      0.1623290      0.1623370      0.1631760      0.1648100      0.1648270      0.1661890      0.1675270      0.1675800      0.1676460      0.1682780      0.1694800      0.1696120      0.1697440      0.1700940      0.1705280      0.1710460      0.1726970      0.1738400      0.1742600      0.1747600      0.1752600      0.1757500      0.1762500      0.1767400      0.1772200      0.1777100      0.1781900      0.1786600      0.1791400    
  0.1623240      0.1623290      0.1631630      0.1648100      0.1648180      0.1661920      0.1675530      0.1675800      0.1676130      0.1682460      0.1694800      0.1695460      0.1696120      0.1698170      0.1701220      0.1705560      0.1725160      0.1740500      0.1742600      0.1748700      0.1755900      0.1760900      0.1765900      0.1770800      0.1775700      0.1780500      0.1785300      0.1790100      0.1794900      0.1799600    
  0.1623240      0.1631560      0.1648100      0.1648140      0.1661930      0.1675670      0.1675800      0.1675970      0.1682300      0.1694800      0.1695130      0.1695460      0.1696580      0.1698500      0.1701650      0.1728220      0.1741550      0.1742600      0.1758080      0.1764250      0.1767240      0.1769200      0.1774200      0.1779100      0.1784000      0.1788800      0.1793600      0.1798400      0.1803100      0.1807800    
  0.1631530      0.1648100      0.1648120      0.1661940      0.1675730      0.1675800      0.1675880      0.1682220      0.1694800      0.1694970      0.1695130      0.1695730      0.1696850      0.1725230      0.1748490      0.1767600      0.1767600      0.1770460      0.1773970      0.1776750      0.1772600      0.1777600      0.1782500      0.1787400      0.1792200      0.1797000      0.1801800      0.1806600      0.1811300      0.1816000    
  0.1648100      0.1648110      0.1661950      0.1675770      0.1675800      0.1675840      0.1682170      0.1694800      0.1694880      0.1694970      0.1695270      0.1695900      0.1745400      0.1804460      0.1804200      0.1790750      0.1793640      0.1792600      0.1785080      0.1780900      0.1780900      0.1785900      0.1790800      0.1795600      0.1800500      0.1805300      0.1810100      0.1814800      0.1819500      0.1824200    
  0.1648110      0.1661950      0.1675780      0.1675800      0.1675820      0.1682150      0.1694800      0.1694840      0.1694880      0.1695040      0.1746870      0.1824100      0.1811220      0.1804720      0.1804720      0.1804200      0.1797570      0.1794670      0.1792600      0.1790050      0.1789200      0.1794200      0.1799100      0.1803900      0.1808700      0.1813500      0.1818300      0.1823000      0.1827700      0.1832400    
  0.1661950      0.1675790      0.1675800      0.1675810      0.1682140      0.1694800      0.1694820      0.1694840      0.1694920      0.1757000      0.1824100      0.1824100      0.1824100      0.1811600      0.1805240      0.1805240      0.1804200      0.1798820      0.1796750      0.1792600      0.1797500      0.1802400      0.1807300      0.1812200      0.1817000      0.1821800      0.1826500      0.1831200      0.1835900      0.1840500    
  0.1675800      0.1675800      0.1675810      0.1682140      0.1694800      0.1694810      0.1694820      0.1736200      0.1777880      0.1824120      0.1824100      0.1824100      0.1824100      0.1824100      0.1812360      0.1806270      0.1806270      0.1804200      0.1801730      0.1800900      0.1805800      0.1810700      0.1815600      0.1820400      0.1825200      0.1830000      0.1834700      0.1839400      0.1844100      0.1848700    
  0.1675800      0.1675800      0.1682140      0.1694800      0.1694810      0.1762250      0.1863400      0.1861800      0.1860200      0.1836190      0.1824170      0.1824100      0.1824100      0.1824100      0.1824100      0.1813840      0.1808350      0.1808350      0.1804200      0.1809200      0.1814100      0.1819000      0.1823800      0.1828700      0.1833400      0.1838200      0.1842900      0.1847600      0.1852200      0.1856800    
  0.1675800      0.1682130      0.1694800      0.1694800      0.1775740      0.1863420      0.1863420      0.1863400      0.1861800      0.1860200      0.1836310      0.1824300      0.1824100      0.1824100      0.1824100      0.1824100      0.1816640      0.1812500      0.1812500      0.1817400      0.1822400      0.1827200      0.1832100      0.1836900      0.1841700      0.1846400      0.1851100      0.1855700      0.1860400      0.1864900    
