iMOD/TUTORIALS/TUT_MetaswapAnalyser/model_MetaSWAP/meteo/Evaporation/Evaporation_20060509_L1.ASC
NCOLS                30
NROWS                30
XLLCORNER     160000.00
YLLCORNER     340000.00
CELLSIZE        1000.00
NODATA_VALUE   -9999.00
   3.537220       3.548260       3.559350       3.570480       3.581630       3.592800       3.603970       3.615130       3.626260       3.637360       3.648410       3.659410       3.670340       3.681200       3.691970       3.702650       3.713240       3.723720       3.734080       3.744340       3.754470       3.764470       3.774350       3.784100       3.793720       3.803200       3.812540       3.821750       3.830810       3.839740    
   3.537430       3.548450       3.559530       3.570640       3.581780       3.592930       3.604080       3.615220       3.626340       3.637430       3.648470       3.659450       3.670380       3.681220       3.691990       3.702670       3.713250       3.723730       3.734100       3.744360       3.754490       3.764510       3.774400       3.784160       3.793790       3.803280       3.812640       3.821870       3.830960       3.839910    
   3.537750       3.548770       3.559830       3.570930       3.582050       3.593190       3.604320       3.615450       3.626550       3.637620       3.648650       3.659620       3.670530       3.681370       3.692130       3.702800       3.713380       3.723860       3.734230       3.744490       3.754630       3.764650       3.774550       3.784320       3.793960       3.803470       3.812840       3.822080       3.831180       3.840150    
   3.538200       3.549210       3.560260       3.571340       3.582450       3.593570       3.604690       3.615790       3.626880       3.637940       3.648950       3.659910       3.670810       3.681640       3.692390       3.703060       3.713630       3.724100       3.734470       3.744730       3.754880       3.764900       3.774800       3.784580       3.794230       3.803750       3.813130       3.822380       3.831500       3.840480    
   3.538750       3.549750       3.560790       3.571860       3.582960       3.594060       3.605160       3.616260       3.627330       3.638370       3.649370       3.660310       3.671200       3.682020       3.692760       3.703420       3.713990       3.724460       3.734820       3.745080       3.755230       3.765250       3.775160       3.784940       3.794590       3.804120       3.813510       3.822770       3.831890       3.840890    
   3.539410       3.550410       3.561440       3.572500       3.583580       3.594660       3.605750       3.616830       3.627890       3.638910       3.649890       3.660830       3.671700       3.682510       3.693240       3.703890       3.714450       3.724920       3.735280       3.745530       3.755670       3.765700       3.775610       3.785390       3.795050       3.804580       3.813970       3.823240       3.832370       3.841370    
   3.540180       3.551160       3.562180       3.573230       3.584300       3.595370       3.606450       3.617510       3.628550       3.639560       3.650530       3.661450       3.672310       3.683110       3.693830       3.704470       3.715020       3.725480       3.735830       3.746080       3.756220       3.766250       3.776150       3.785930       3.795590       3.805120       3.814520       3.823790       3.832930       3.841940    
   3.541030       3.552010       3.563020       3.574060       3.585120       3.596180       3.607240       3.618290       3.629320       3.640310       3.651270       3.662180       3.673020       3.683810       3.694520       3.705150       3.715690       3.726140       3.736490       3.746730       3.756860       3.766880       3.776790       3.786570       3.796220       3.805750       3.815160       3.824430       3.833570       3.842580    
   3.541980       3.552950       3.563960       3.574990       3.586030       3.597090       3.608130       3.619170       3.630180       3.641160       3.652100       3.663000       3.673830       3.684600       3.695300       3.705920       3.716450       3.726890       3.737230       3.747470       3.757600       3.767610       3.777510       3.787290       3.796940       3.806470       3.815870       3.825140       3.834280       3.843290    
   3.543020       3.553980       3.564980       3.576000       3.587040       3.598080       3.609120       3.620140       3.631140       3.642110       3.653030       3.663910       3.674740       3.685500       3.696180       3.706790       3.717310       3.727740       3.738070       3.748300       3.758420       3.768430       3.778320       3.788090       3.797740       3.807260       3.816660       3.825920       3.835060       3.844070    
   3.543030       3.553990       3.568020       3.577100       3.588130       3.599160       3.610180       3.621190       3.632180       3.643140       3.654050       3.664920       3.675730       3.686480       3.697150       3.707750       3.718260       3.728680       3.739000       3.749210       3.759320       3.769320       3.779210       3.788970       3.798610       3.808130       3.817520       3.826780       3.835920       3.844920    
   3.543040       3.560530       3.577100       3.586270       3.589300       3.600320       3.611330       3.622330       3.633310       3.644250       3.655160       3.666010       3.676810       3.687540       3.698200       3.708790       3.719290       3.729690       3.740000       3.750210       3.760310       3.770300       3.780170       3.789930       3.799560       3.809070       3.818460       3.827710       3.836840       3.845840    
   3.553200       3.577100       3.585960       3.589920       3.590550       3.601560       3.612560       3.623550       3.634520       3.645450       3.656340       3.667180       3.677970       3.688690       3.699340       3.709910       3.720400       3.730790       3.741090       3.751290       3.761380       3.771360       3.781220       3.790960       3.800590       3.810090       3.819460       3.828710       3.837830       3.846820    
   3.577100       3.585960       3.590240       3.590550       3.598330       3.602870       3.613860       3.624840       3.635800       3.646720       3.657600       3.668430       3.679200       3.689910       3.700550       3.711110       3.721580       3.731970       3.742250       3.752440       3.762520       3.772480       3.782330       3.792070       3.801680       3.811170       3.820530       3.829770       3.838880       3.847860    
   3.586000       3.590390       3.590550       3.597250       3.602870       3.610650       3.615230       3.626200       3.637150       3.648060       3.658930       3.669750       3.680510       3.691210       3.701840       3.712380       3.722850       3.733220       3.743490       3.753660       3.763730       3.773680       3.783520       3.793240       3.802840       3.812320       3.821670       3.830890       3.839990       3.848960    
   3.590470       3.590550       3.596890       3.602870       3.609580       3.615230       3.620720       3.626190       3.640220       3.649470       3.660330       3.671140       3.681890       3.692580       3.703190       3.713720       3.724170       3.734530       3.744790       3.754950       3.765000       3.774940       3.784770       3.794480       3.804060       3.813520       3.822860       3.832070       3.841150       3.850110    
   3.590550       3.596770       3.602870       3.609230       3.615230       3.617970       3.620710       3.634150       3.649470       3.654900       3.665530       3.672590       3.683330       3.694000       3.704610       3.715130       3.725570       3.735910       3.746160       3.756310       3.766340       3.776270       3.786080       3.795770       3.805340       3.814790       3.824110       3.833310       3.842370       3.851310    
   3.596730       3.602870       3.609110       3.615230       3.616600       3.617970       3.630580       3.649470       3.652180       3.663470       3.673350       3.674100       3.684830       3.695490       3.706090       3.716600       3.727020       3.737360       3.747590       3.757720       3.767750       3.777660       3.787450       3.797130       3.806680       3.816110       3.825420       3.834590       3.843640       3.852560    
   3.602870       3.609070       3.615230       3.615920       3.616600       3.628650       3.649470       3.650830       3.662590       3.673720       3.674100       3.679460       3.687870       3.697040       3.707620       3.718120       3.728530       3.738850       3.749080       3.759190       3.769200       3.779100       3.788880       3.798540       3.808070       3.817480       3.826770       3.835930       3.844960       3.853860    
   3.609060       3.615230       3.615570       3.615920       3.627660       3.649470       3.650150       3.662180       3.673910       3.674100       3.676780       3.684620       3.697040       3.702330       3.707590       3.718090       3.728500       3.738820       3.754030       3.760720       3.770710       3.780590       3.790350       3.799990       3.809510       3.818910       3.828170       3.837310       3.846320       3.855200    
   3.615230       3.615400       3.615570       3.627150       3.649470       3.649810       3.661980       3.674010       3.674100       3.675440       3.683140       3.697040       3.699690       3.702320       3.709340       3.718060       3.728470       3.749030       3.761510       3.762290       3.772270       3.782130       3.791880       3.801500       3.811000       3.820370       3.829620       3.838730       3.847720       3.856580    
   3.615320       3.615400       3.626900       3.649470       3.649640       3.661880       3.674050       3.674100       3.674770       3.682430       3.697040       3.698360       3.699680       3.703780       3.709910       3.718620       3.743950       3.761900       3.762290       3.769480       3.773870       3.783720       3.793440       3.803050       3.812520       3.821880       3.831100       3.840190       3.849160       3.857990    
   3.615320       3.626770       3.649470       3.649550       3.661830       3.674080       3.674100       3.674440       3.682090       3.697040       3.697700       3.698360       3.700610       3.704460       3.710770       3.740400       3.762090       3.762290       3.771340       3.775530       3.781420       3.785340       3.795050       3.804630       3.814090       3.823420       3.832620       3.841690       3.850630       3.859440    
   3.626710       3.649470       3.649510       3.661810       3.674090       3.674100       3.674270       3.681920       3.697040       3.697370       3.697700       3.698890       3.701140       3.720500       3.743080       3.767420       3.767410       3.772140       3.777490       3.778040       3.777190       3.787000       3.796690       3.806250       3.815690       3.825000       3.834170       3.843210       3.852130       3.860910    
   3.649470       3.649490       3.661800       3.674090       3.674100       3.674180       3.681830       3.697040       3.697210       3.697370       3.697990       3.699240       3.730610       3.766230       3.766170       3.769260       3.772760       3.772530       3.777030       3.778910       3.778900       3.788700       3.798370       3.807910       3.817320       3.826600       3.835750       3.844770       3.853650       3.862400    
   3.649480       3.661790       3.674100       3.674100       3.674140       3.681790       3.697040       3.697120       3.697210       3.697520       3.723570       3.761630       3.764740       3.766280       3.766280       3.766170       3.770700       3.772980       3.772530       3.778620       3.780640       3.790420       3.800070       3.809590       3.818980       3.828230       3.837350       3.846340       3.855200       3.863920    
   3.661790       3.674100       3.674100       3.674120       3.681770       3.697040       3.697080       3.697120       3.697280       3.728310       3.761630       3.761630       3.761630       3.764830       3.766400       3.766400       3.766170       3.771110       3.773430       3.772530       3.782410       3.792160       3.801790       3.811290       3.820650       3.829880       3.838980       3.847940       3.856760       3.865460    
   3.674100       3.674100       3.674110       3.681760       3.697040       3.697060       3.697080       3.713000       3.734360       3.761640       3.761630       3.761630       3.761630       3.761630       3.765010       3.766630       3.766630       3.766170       3.772290       3.774330       3.784190       3.793930       3.803540       3.813010       3.822350       3.831550       3.840620       3.849550       3.858340       3.867000    
   3.674100       3.674110       3.681750       3.697040       3.697050       3.719010       3.751930       3.756220       3.760510       3.761270       3.761650       3.761630       3.761630       3.761630       3.761630       3.765370       3.767090       3.767090       3.766170       3.776140       3.785990       3.795710       3.805300       3.814750       3.824060       3.833240       3.842270       3.851170       3.859930       3.868550    
   3.674100       3.681750       3.697040       3.697050       3.723390       3.751930       3.751930       3.751930       3.756220       3.760510       3.761300       3.761680       3.761630       3.761630       3.761630       3.761630       3.766130       3.768010       3.768010       3.777970       3.787800       3.797500       3.807070       3.816500       3.825780       3.834930       3.843930       3.852790       3.861520       3.870110    
