iMOD/TUTORIALS/TUT_MetaswapAnalyser/model_MetaSWAP/meteo/Evaporation/Evaporation_20050117_L1.ASC
NCOLS                30
NROWS                30
XLLCORNER     160000.00
YLLCORNER     340000.00
CELLSIZE        1000.00
NODATA_VALUE   -9999.00
  0.2410300      0.2412700      0.2415200      0.2417900      0.2420700      0.2423700      0.2426800      0.2429900      0.2433200      0.2436600      0.2440000      0.2443600      0.2447100      0.2450700      0.2454300      0.2458000      0.2461700      0.2465300      0.2469000      0.2472700      0.2476300      0.2480000      0.2483600      0.2487200      0.2490700      0.2494200      0.2497700      0.2501100      0.2504500      0.2507800    
  0.2425100      0.2427500      0.2430000      0.2432600      0.2435500      0.2438400      0.2441500      0.2444600      0.2447900      0.2451200      0.2454600      0.2458100      0.2461700      0.2465200      0.2468800      0.2472400      0.2476100      0.2479700      0.2483400      0.2487000      0.2490600      0.2494200      0.2497800      0.2501300      0.2504900      0.2508300      0.2511800      0.2515200      0.2518500      0.2521800    
  0.2440000      0.2442300      0.2444800      0.2447500      0.2450300      0.2453200      0.2456300      0.2459400      0.2462700      0.2466000      0.2469400      0.2472800      0.2476300      0.2479900      0.2483400      0.2487000      0.2490600      0.2494200      0.2497800      0.2501400      0.2505000      0.2508600      0.2512100      0.2515600      0.2519100      0.2522600      0.2526000      0.2529300      0.2532600      0.2535900    
  0.2454900      0.2457300      0.2459800      0.2462500      0.2465300      0.2468200      0.2471200      0.2474300      0.2477600      0.2480900      0.2484200      0.2487600      0.2491100      0.2494600      0.2498200      0.2501700      0.2505300      0.2508900      0.2512400      0.2516000      0.2519600      0.2523100      0.2526600      0.2530100      0.2533500      0.2536900      0.2540200      0.2543600      0.2546800      0.2550000    
  0.2470000      0.2472400      0.2474900      0.2477500      0.2480300      0.2483200      0.2486200      0.2489400      0.2492600      0.2495800      0.2499200      0.2502600      0.2506000      0.2509500      0.2513000      0.2516500      0.2520100      0.2523600      0.2527100      0.2530700      0.2534200      0.2537700      0.2541100      0.2544600      0.2548000      0.2551300      0.2554600      0.2557900      0.2561100      0.2564300    
  0.2485100      0.2487500      0.2490000      0.2492700      0.2495500      0.2498400      0.2501400      0.2504500      0.2507700      0.2510900      0.2514200      0.2517600      0.2521000      0.2524500      0.2528000      0.2531400      0.2535000      0.2538500      0.2542000      0.2545500      0.2548900      0.2552400      0.2555800      0.2559200      0.2562600      0.2565900      0.2569100      0.2572400      0.2575500      0.2578700    
  0.2500400      0.2502800      0.2505300      0.2508000      0.2510700      0.2513600      0.2516600      0.2519700      0.2522900      0.2526100      0.2529400      0.2532700      0.2536100      0.2539600      0.2543000      0.2546500      0.2549900      0.2553400      0.2556900      0.2560300      0.2563800      0.2567200      0.2570600      0.2573900      0.2577200      0.2580500      0.2583700      0.2586900      0.2590000      0.2593100    
  0.2515600      0.2518100      0.2520600      0.2523300      0.2526100      0.2528900      0.2531900      0.2535000      0.2538200      0.2541400      0.2544600      0.2548000      0.2551300      0.2554700      0.2558200      0.2561600      0.2565000      0.2568500      0.2571900      0.2575300      0.2578700      0.2582100      0.2585400      0.2588800      0.2592000      0.2595200      0.2598400      0.2601600      0.2604600      0.2607600    
  0.2531000      0.2533400      0.2536000      0.2538700      0.2541500      0.2544300      0.2547300      0.2550400      0.2553500      0.2556700      0.2560000      0.2563300      0.2566600      0.2570000      0.2573400      0.2576800      0.2580200      0.2583600      0.2587000      0.2590400      0.2593800      0.2597100      0.2600400      0.2603700      0.2606900      0.2610100      0.2613200      0.2616300      0.2619300      0.2622300    
  0.2546400      0.2548900      0.2551500      0.2554100      0.2556900      0.2559800      0.2562800      0.2565800      0.2569000      0.2572200      0.2575400      0.2578700      0.2582000      0.2585300      0.2588700      0.2592100      0.2595500      0.2598800      0.2602200      0.2605600      0.2608900      0.2612200      0.2615400      0.2618700      0.2621800      0.2625000      0.2628000      0.2631100      0.2634100      0.2637000    
  0.2546470      0.2548930      0.2556050      0.2569700      0.2572500      0.2575300      0.2578300      0.2581400      0.2584500      0.2587700      0.2590900      0.2594200      0.2597500      0.2600800      0.2604100      0.2607500      0.2610800      0.2614200      0.2617500      0.2620800      0.2624100      0.2627300      0.2630500      0.2633700      0.2636900      0.2639900      0.2643000      0.2646000      0.2648900      0.2651700    
  0.2546510      0.2555290      0.2569700      0.2583480      0.2588000      0.2590900      0.2593900      0.2597000      0.2600100      0.2603200      0.2606400      0.2609700      0.2613000      0.2616300      0.2619600      0.2622900      0.2626200      0.2629500      0.2632800      0.2636100      0.2639300      0.2642600      0.2645700      0.2648900      0.2652000      0.2655000      0.2658000      0.2660900      0.2663800      0.2666600    
  0.2553920      0.2569700      0.2588180      0.2595850      0.2603700      0.2606600      0.2609600      0.2612600      0.2615700      0.2618900      0.2622100      0.2625300      0.2628600      0.2631800      0.2635100      0.2638400      0.2641700      0.2645000      0.2648200      0.2651500      0.2654700      0.2657900      0.2661000      0.2664100      0.2667100      0.2670100      0.2673000      0.2675900      0.2678700      0.2681500    
  0.2569700      0.2590340      0.2599770      0.2603700      0.2610870      0.2622300      0.2625200      0.2628300      0.2631400      0.2634500      0.2637700      0.2640900      0.2644200      0.2647500      0.2650700      0.2654000      0.2657300      0.2660500      0.2663700      0.2666900      0.2670100      0.2673200      0.2676300      0.2679400      0.2682400      0.2685300      0.2688200      0.2691000      0.2693800      0.2696500    
  0.2591370      0.2601740      0.2603700      0.2612290      0.2622300      0.2629500      0.2641000      0.2644000      0.2647100      0.2650300      0.2653400      0.2656700      0.2659900      0.2663100      0.2666400      0.2669600      0.2672900      0.2676100      0.2679300      0.2682400      0.2685600      0.2688700      0.2691700      0.2694700      0.2697600      0.2700500      0.2703400      0.2706100      0.2708800      0.2711500    
  0.2602720      0.2603700      0.2612760      0.2622300      0.2630930      0.2641000      0.2642500      0.2644030      0.2651850      0.2666000      0.2669200      0.2672400      0.2675600      0.2678800      0.2682100      0.2685300      0.2688500      0.2691700      0.2694900      0.2698000      0.2701100      0.2704100      0.2707100      0.2710100      0.2713000      0.2715800      0.2718600      0.2721300      0.2724000      0.2726600    
  0.2603700      0.2612920      0.2622300      0.2631410      0.2641000      0.2641750      0.2642510      0.2651100      0.2666000      0.2667600      0.2679960      0.2688200      0.2691400      0.2694600      0.2697800      0.2701000      0.2704200      0.2707400      0.2710500      0.2713600      0.2716700      0.2719700      0.2722600      0.2725500      0.2728400      0.2731200      0.2733900      0.2736600      0.2739100      0.2741700    
  0.2612970      0.2622300      0.2631570      0.2641000      0.2641380      0.2641750      0.2650340      0.2666000      0.2666800      0.2682730      0.2696100      0.2704000      0.2707200      0.2710400      0.2713600      0.2716800      0.2719900      0.2723100      0.2726200      0.2729200      0.2732300      0.2735200      0.2738200      0.2741000      0.2743800      0.2746600      0.2749200      0.2751800      0.2754400      0.2756800    
  0.2622300      0.2631620      0.2641000      0.2641190      0.2641380      0.2649870      0.2666000      0.2666400      0.2683920      0.2700050      0.2704000      0.2705600      0.2711950      0.2726200      0.2729400      0.2732600      0.2735700      0.2738800      0.2741900      0.2744900      0.2747900      0.2750800      0.2753700      0.2756500      0.2759300      0.2762000      0.2764600      0.2767100      0.2769600      0.2772000    
  0.2631640      0.2641000      0.2641090      0.2641190      0.2649610      0.2666000      0.2666200      0.2684470      0.2702020      0.2704000      0.2704800      0.2711940      0.2726200      0.2727800      0.2729400      0.2732570      0.2735700      0.2738800      0.2752520      0.2760600      0.2763600      0.2766500      0.2769300      0.2772100      0.2774800      0.2777400      0.2780000      0.2782500      0.2784900      0.2787200    
  0.2641000      0.2641050      0.2641090      0.2649470      0.2666000      0.2666100      0.2684740      0.2703010      0.2704000      0.2704400      0.2711730      0.2726200      0.2727000      0.2727800      0.2729920      0.2732560      0.2735690      0.2754380      0.2768500      0.2776400      0.2779300      0.2782200      0.2785000      0.2787700      0.2790300      0.2792900      0.2795400      0.2797900      0.2800200      0.2802500    
  0.2641020      0.2641050      0.2649400      0.2666000      0.2666050      0.2684870      0.2703510      0.2704000      0.2704200      0.2711580      0.2726200      0.2726600      0.2727000      0.2728240      0.2730090      0.2732720      0.2754300      0.2772450      0.2776400      0.2783570      0.2795000      0.2797800      0.2800600      0.2803300      0.2805900      0.2808400      0.2810900      0.2813200      0.2815500      0.2817700    
  0.2641020      0.2649370      0.2666000      0.2666030      0.2684930      0.2703750      0.2704000      0.2704100      0.2711500      0.2726200      0.2726400      0.2726600      0.2727280      0.2728440      0.2730350      0.2763060      0.2774430      0.2776400      0.2801280      0.2810750      0.2812440      0.2813600      0.2816300      0.2818900      0.2821500      0.2823900      0.2826300      0.2828600      0.2830900      0.2833000    
  0.2649350      0.2666000      0.2666010      0.2684970      0.2703880      0.2704000      0.2704050      0.2711450      0.2726200      0.2726300      0.2726400      0.2726760      0.2727440      0.2771470      0.2802540      0.2823750      0.2823750      0.2826040      0.2829140      0.2834400      0.2826500      0.2829300      0.2831900      0.2834500      0.2837000      0.2839500      0.2841800      0.2844100      0.2846200      0.2848300    
  0.2666000      0.2666010      0.2684980      0.2703940      0.2704000      0.2704020      0.2711420      0.2726200      0.2726250      0.2726300      0.2726490      0.2726870      0.2805350      0.2900290      0.2899800      0.2869830      0.2873060      0.2871100      0.2852270      0.2842270      0.2842300      0.2845000      0.2847600      0.2850200      0.2852600      0.2855000      0.2857300      0.2859500      0.2861600      0.2863600    
  0.2666000      0.2684990      0.2703970      0.2704000      0.2704010      0.2711410      0.2726200      0.2726220      0.2726250      0.2726350      0.2813570      0.2944100      0.2915300      0.2900780      0.2900780      0.2899800      0.2882730      0.2875020      0.2871100      0.2861300      0.2858000      0.2860700      0.2863300      0.2865800      0.2868200      0.2870500      0.2872800      0.2874900      0.2876900      0.2878900    
  0.2685000      0.2703980      0.2704000      0.2704010      0.2711410      0.2726200      0.2726210      0.2726220      0.2726270      0.2830870      0.2944100      0.2944100      0.2944100      0.2916020      0.2901760      0.2901760      0.2899800      0.2884980      0.2878950      0.2871100      0.2873800      0.2876400      0.2879000      0.2881400      0.2883800      0.2886100      0.2888200      0.2890300      0.2892300      0.2894200    
  0.2703990      0.2704000      0.2704000      0.2711400      0.2726200      0.2726210      0.2726210      0.2799330      0.2869190      0.2944140      0.2944100      0.2944100      0.2944100      0.2944100      0.2917450      0.2903720      0.2903720      0.2899800      0.2890070      0.2886800      0.2889500      0.2892100      0.2894600      0.2897000      0.2899400      0.2901600      0.2903700      0.2905700      0.2907600      0.2909400    
  0.2704000      0.2704000      0.2711400      0.2726200      0.2726200      0.2848050      0.3030800      0.3024700      0.3018600      0.2969050      0.2944230      0.2944100      0.2944100      0.2944100      0.2944100      0.2920220      0.2907650      0.2907650      0.2899800      0.2902600      0.2905200      0.2907800      0.2910300      0.2912600      0.2914900      0.2917100      0.2919100      0.2921100      0.2922900      0.2924600    
  0.2704000      0.2711400      0.2726200      0.2726200      0.2872430      0.3030830      0.3030830      0.3030800      0.3024700      0.3018600      0.2969270      0.2944480      0.2944100      0.2944100      0.2944100      0.2944100      0.2925420      0.2915500      0.2915500      0.2918300      0.2920900      0.2923500      0.2925900      0.2928200      0.2930400      0.2932500      0.2934500      0.2936400      0.2938200      0.2939800    
