iMOD/TUTORIALS/TUT_MetaswapAnalyser/model_MetaSWAP/meteo/Evaporation/Evaporation_20050727_L1.ASC
NCOLS                30
NROWS                30
XLLCORNER     160000.00
YLLCORNER     340000.00
CELLSIZE        1000.00
NODATA_VALUE   -9999.00
   2.188720       2.192020       2.195230       2.198360       2.201410       2.204380       2.207290       2.210130       2.212910       2.215640       2.218310       2.220930       2.223500       2.226030       2.228520       2.230970       2.233390       2.235770       2.238130       2.240460       2.242760       2.245050       2.247310       2.249560       2.251790       2.254000       2.256200       2.258400       2.260580       2.262750    
   2.196870       2.200170       2.203380       2.206520       2.209580       2.212570       2.215490       2.218340       2.221140       2.223870       2.226550       2.229180       2.231770       2.234310       2.236810       2.239270       2.241700       2.244090       2.246460       2.248790       2.251110       2.253400       2.255670       2.257920       2.260150       2.262370       2.264570       2.266770       2.268950       2.271120    
   2.204970       2.208280       2.211500       2.214650       2.217720       2.220720       2.223650       2.226510       2.229320       2.232070       2.234760       2.237400       2.240000       2.242550       2.245060       2.247530       2.249970       2.252370       2.254750       2.257090       2.259410       2.261710       2.263980       2.266240       2.268480       2.270700       2.272910       2.275110       2.277290       2.279470    
   2.213050       2.216350       2.219580       2.222740       2.225810       2.228820       2.231760       2.234640       2.237460       2.240220       2.242920       2.245580       2.248190       2.250750       2.253270       2.255760       2.258200       2.260620       2.263000       2.265350       2.267680       2.269980       2.272270       2.274530       2.276770       2.279000       2.281210       2.283410       2.285600       2.287780    
   2.221080       2.224390       2.227630       2.230790       2.233870       2.236890       2.239840       2.242730       2.245560       2.248330       2.251050       2.253720       2.256340       2.258910       2.261450       2.263940       2.266400       2.268820       2.271210       2.273580       2.275910       2.278220       2.280510       2.282780       2.285030       2.287260       2.289480       2.291680       2.293880       2.296060    
   2.229090       2.232400       2.235640       2.238800       2.241900       2.244930       2.247890       2.250790       2.253630       2.256410       2.259140       2.261820       2.264450       2.267040       2.269580       2.272090       2.274560       2.276990       2.279390       2.281760       2.284110       2.286430       2.288730       2.291000       2.293260       2.295490       2.297720       2.299920       2.302120       2.304300    
   2.237060       2.240370       2.243620       2.246790       2.249890       2.252930       2.255900       2.258810       2.261660       2.264450       2.267190       2.269880       2.272530       2.275130       2.277680       2.280200       2.282680       2.285120       2.287530       2.289920       2.292270       2.294600       2.296900       2.299190       2.301450       2.303690       2.305920       2.308130       2.310330       2.312520    
   2.245000       2.248320       2.251560       2.254740       2.257850       2.260890       2.263870       2.266790       2.269650       2.272460       2.275210       2.277920       2.280570       2.283180       2.285750       2.288270       2.290760       2.293220       2.295640       2.298030       2.300400       2.302730       2.305050       2.307340       2.309610       2.311860       2.314090       2.316310       2.318520       2.320710    
   2.252910       2.256230       2.259480       2.262660       2.265780       2.268830       2.271820       2.274750       2.277620       2.280430       2.283200       2.285910       2.288580       2.291200       2.293780       2.296320       2.298820       2.301280       2.303720       2.306120       2.308490       2.310840       2.313160       2.315460       2.317730       2.319990       2.322230       2.324460       2.326670       2.328860    
   2.260790       2.264110       2.267370       2.270550       2.273680       2.276730       2.279730       2.282670       2.285550       2.288380       2.291150       2.293880       2.296550       2.299190       2.301780       2.304330       2.306840       2.309310       2.311760       2.314170       2.316550       2.318910       2.321240       2.323540       2.325830       2.328100       2.330340       2.332570       2.334790       2.336990    
   2.260770       2.264090       2.270110       2.278420       2.281540       2.284610       2.287610       2.290560       2.293450       2.296290       2.299070       2.301810       2.304500       2.307140       2.309740       2.312300       2.314830       2.317310       2.319770       2.322190       2.324580       2.326950       2.329290       2.331600       2.333890       2.336170       2.338420       2.340660       2.342880       2.345090    
   2.260740       2.268350       2.278420       2.286630       2.289380       2.292460       2.295470       2.298420       2.301320       2.304170       2.306960       2.309710       2.312410       2.315060       2.317680       2.320250       2.322780       2.325280       2.327740       2.330180       2.332580       2.334950       2.337300       2.339630       2.341930       2.344210       2.346470       2.348720       2.350940       2.353160    
   2.266220       2.278420       2.288890       2.293290       2.297200       2.300280       2.303290       2.306260       2.309170       2.312020       2.314830       2.317580       2.320290       2.322960       2.325580       2.328160       2.330710       2.333220       2.335690       2.338130       2.340550       2.342930       2.345290       2.347620       2.349930       2.352220       2.354490       2.356740       2.358980       2.361200    
   2.278420       2.289940       2.295250       2.297200       2.301850       2.308070       2.311090       2.314060       2.316980       2.319850       2.322660       2.325430       2.328150       2.330820       2.333460       2.336050       2.338610       2.341120       2.343610       2.346060       2.348490       2.350880       2.353250       2.355590       2.357910       2.360210       2.362480       2.364740       2.366980       2.369210    
   2.290450       2.296220       2.297200       2.302370       2.308070       2.312680       2.318870       2.321840       2.324770       2.327640       2.330470       2.333240       2.335970       2.338660       2.341300       2.343910       2.346470       2.349000       2.351500       2.353960       2.356400       2.358800       2.361180       2.363530       2.365850       2.368160       2.370450       2.372710       2.374960       2.377200    
   2.296710       2.297200       2.302550       2.308070       2.313210       2.318870       2.320350       2.321830       2.327410       2.335410       2.338250       2.341030       2.343770       2.346470       2.349120       2.351740       2.354310       2.356850       2.359360       2.361830       2.364280       2.366690       2.369080       2.371440       2.373770       2.376090       2.378380       2.380660       2.382910       2.385150    
   2.297200       2.302610       2.308070       2.313380       2.318870       2.319610       2.320350       2.326250       2.335410       2.336830       2.344000       2.348790       2.351540       2.354250       2.356910       2.359540       2.362130       2.364680       2.367190       2.369680       2.372130       2.374550       2.376950       2.379320       2.381660       2.383990       2.386290       2.388570       2.390840       2.393080    
   2.302630       2.308070       2.313440       2.318870       2.319240       2.319610       2.325410       2.335410       2.336120       2.345090       2.352660       2.356530       2.359290       2.362010       2.364680       2.367320       2.369910       2.372470       2.375000       2.377490       2.379960       2.382390       2.384790       2.387170       2.389530       2.391860       2.394170       2.396460       2.398730       2.400990    
   2.308070       2.313460       2.318870       2.319060       2.319240       2.324920       2.335410       2.335770       2.345550       2.354590       2.356530       2.357910       2.361890       2.369740       2.372420       2.375070       2.377670       2.380240       2.382780       2.385280       2.387760       2.390200       2.392610       2.395000       2.397370       2.399710       2.402020       2.404320       2.406600       2.408860    
   2.313470       2.318870       2.318960       2.319060       2.324660       2.335410       2.335590       2.345760       2.355560       2.356530       2.357220       2.361520       2.369740       2.371080       2.372410       2.375050       2.377660       2.380230       2.388430       2.393050       2.395530       2.397980       2.400410       2.402800       2.405180       2.407530       2.409850       2.412160       2.414450       2.416720    
   2.318870       2.318920       2.318960       2.324520       2.335410       2.335500       2.345870       2.356050       2.356530       2.356870       2.361250       2.369740       2.370410       2.371080       2.372850       2.375040       2.377650       2.388810       2.396920       2.400790       2.403280       2.405740       2.408170       2.410580       2.412960       2.415320       2.417660       2.419970       2.422270       2.424540    
   2.318890       2.318920       2.324450       2.335410       2.335450       2.345920       2.356290       2.356530       2.356700       2.361100       2.369740       2.370070       2.370410       2.371440       2.372990       2.375180       2.388230       2.398850       2.400790       2.405020       2.411000       2.413470       2.415920       2.418330       2.420720       2.423090       2.425430       2.427760       2.430060       2.432340    
   2.318890       2.324420       2.335410       2.335430       2.345940       2.356410       2.356530       2.356620       2.361020       2.369740       2.369910       2.370070       2.370640       2.371610       2.373200       2.391990       2.399820       2.400790       2.413680       2.418690       2.420180       2.421180       2.423640       2.426060       2.428460       2.430840       2.433190       2.435520       2.437830       2.440120    
   2.324400       2.335410       2.335420       2.345960       2.356470       2.356530       2.356570       2.360980       2.369740       2.369820       2.369910       2.370210       2.370780       2.393680       2.410910       2.423750       2.423750       2.425460       2.427640       2.430200       2.426380       2.428870       2.431330       2.433760       2.436170       2.438560       2.440920       2.443260       2.445570       2.447870    
   2.335410       2.335420       2.345960       2.356500       2.356530       2.356550       2.360950       2.369740       2.369780       2.369820       2.369980       2.370300       2.410770       2.459490       2.459250       2.445640       2.447670       2.446720       2.438470       2.434020       2.434030       2.436530       2.439000       2.441440       2.443860       2.446250       2.448620       2.450970       2.453300       2.455600    
   2.335410       2.345970       2.356510       2.356530       2.356540       2.360940       2.369740       2.369760       2.369780       2.369860       2.413660       2.479110       2.466220       2.459720       2.459720       2.459250       2.451900       2.448610       2.446720       2.442920       2.441660       2.444170       2.446650       2.449100       2.451530       2.453930       2.456300       2.458660       2.460990       2.463310    
   2.345970       2.356520       2.356530       2.356540       2.360940       2.369740       2.369750       2.369760       2.369800       2.422310       2.479110       2.479110       2.479110       2.466570       2.460190       2.460190       2.459250       2.453000       2.450500       2.446720       2.449270       2.451780       2.454270       2.456730       2.459170       2.461580       2.463960       2.466320       2.468670       2.470990    
   2.356530       2.356530       2.356530       2.360940       2.369740       2.369750       2.369750       2.405690       2.440840       2.479130       2.479110       2.479110       2.479110       2.479110       2.467250       2.461130       2.461130       2.459250       2.455530       2.454290       2.456850       2.459380       2.461870       2.464340       2.466790       2.469200       2.471600       2.473970       2.476320       2.478650    
   2.356530       2.356530       2.360930       2.369740       2.369740       2.429060       2.518030       2.515740       2.513450       2.490610       2.479170       2.479110       2.479110       2.479110       2.479110       2.468590       2.463010       2.463020       2.459250       2.461850       2.464410       2.466950       2.469450       2.471930       2.474380       2.476810       2.479210       2.481590       2.483950       2.486280    
   2.356530       2.360930       2.369740       2.369740       2.440930       2.518040       2.518040       2.518030       2.515740       2.513450       2.490720       2.479290       2.479110       2.479110       2.479110       2.479110       2.471090       2.466770       2.466780       2.469380       2.471950       2.474500       2.477010       2.479500       2.481960       2.484390       2.486800       2.489190       2.491550       2.493900    
