iMOD/TUTORIALS/TUT_MetaswapAnalyser/model_MetaSWAP/meteo/Evaporation/Evaporation_20060505_L1.ASC
NCOLS                30
NROWS                30
XLLCORNER     160000.00
YLLCORNER     340000.00
CELLSIZE        1000.00
NODATA_VALUE   -9999.00
   3.303610       3.305960       3.308320       3.310690       3.313050       3.315420       3.317780       3.320140       3.322480       3.324800       3.327120       3.329410       3.331680       3.333920       3.336140       3.338330       3.340500       3.342630       3.344730       3.346810       3.348850       3.350860       3.352840       3.354780       3.356700       3.358590       3.360440       3.362270       3.364070       3.365850    
   3.294180       3.296470       3.298770       3.301080       3.303380       3.305690       3.308000       3.310300       3.312590       3.314880       3.317140       3.319390       3.321620       3.323840       3.326030       3.328190       3.330330       3.332450       3.334540       3.336600       3.338630       3.340640       3.342620       3.344570       3.346490       3.348390       3.350260       3.352110       3.353930       3.355720    
   3.284730       3.286960       3.289200       3.291450       3.293700       3.295950       3.298200       3.300450       3.302700       3.304930       3.307150       3.309360       3.311560       3.313740       3.315900       3.318040       3.320150       3.322250       3.324320       3.326370       3.328400       3.330400       3.332380       3.334330       3.336260       3.338170       3.340050       3.341920       3.343750       3.345570    
   3.275270       3.277440       3.279620       3.281800       3.284000       3.286200       3.288390       3.290590       3.292780       3.294970       3.297150       3.299320       3.301480       3.303620       3.305750       3.307860       3.309960       3.312040       3.314090       3.316130       3.318150       3.320140       3.322120       3.324080       3.326010       3.327930       3.329820       3.331700       3.333560       3.335400    
   3.265800       3.267900       3.270020       3.272150       3.274280       3.276430       3.278570       3.280720       3.282860       3.285000       3.287140       3.289270       3.291390       3.293500       3.295600       3.297680       3.299750       3.301810       3.303850       3.305870       3.307880       3.309870       3.311850       3.313800       3.315740       3.317670       3.319580       3.321470       3.323340       3.325200    
   3.256310       3.258350       3.260410       3.262480       3.264560       3.266650       3.268740       3.270830       3.272930       3.275020       3.277120       3.279200       3.281290       3.283360       3.285430       3.287490       3.289530       3.291570       3.293590       3.295600       3.297600       3.299590       3.301560       3.303520       3.305460       3.307390       3.309310       3.311210       3.313110       3.314990    
   3.246810       3.248800       3.250800       3.252810       3.254830       3.256860       3.258900       3.260940       3.262990       3.265040       3.267090       3.269130       3.271180       3.273220       3.275250       3.277280       3.279300       3.281320       3.283320       3.285320       3.287310       3.289290       3.291260       3.293210       3.295160       3.297100       3.299030       3.300950       3.302860       3.304750    
   3.237310       3.239230       3.241170       3.243120       3.245090       3.247070       3.249050       3.251040       3.253040       3.255040       3.257050       3.259060       3.261060       3.263070       3.265070       3.267070       3.269070       3.271060       3.273050       3.275030       3.277010       3.278980       3.280950       3.282900       3.284850       3.286800       3.288740       3.290670       3.292590       3.294510    
   3.227790       3.229660       3.231540       3.233440       3.235350       3.237270       3.239200       3.241140       3.243090       3.245050       3.247010       3.248970       3.250940       3.252910       3.254880       3.256860       3.258830       3.260800       3.262770       3.264740       3.266700       3.268670       3.270630       3.272580       3.274540       3.276490       3.278430       3.280380       3.282320       3.284250    
   3.218280       3.220080       3.221910       3.223740       3.225600       3.227470       3.229350       3.231240       3.233140       3.235050       3.236970       3.238890       3.240820       3.242760       3.244700       3.246640       3.248590       3.250530       3.252490       3.254440       3.256390       3.258350       3.260300       3.262260       3.264210       3.266170       3.268120       3.270080       3.272030       3.273990    
   3.218280       3.220090       3.219940       3.214050       3.215850       3.217660       3.219490       3.221330       3.223180       3.225050       3.226920       3.228810       3.230700       3.232600       3.234510       3.236420       3.238340       3.240270       3.242200       3.244140       3.246080       3.248020       3.249970       3.251930       3.253890       3.255850       3.257810       3.259780       3.261740       3.263710    
   3.218290       3.218090       3.214050       3.208090       3.206100       3.207860       3.209640       3.211430       3.213230       3.215050       3.216880       3.218720       3.220580       3.222440       3.224320       3.226200       3.228100       3.230000       3.231910       3.233840       3.235760       3.237700       3.239650       3.241600       3.243560       3.245520       3.247490       3.249470       3.251450       3.253440    
   3.216730       3.214050       3.204930       3.201230       3.196360       3.198070       3.199790       3.201530       3.203290       3.205060       3.206840       3.208650       3.210460       3.212290       3.214130       3.215990       3.217860       3.219740       3.221630       3.223540       3.225450       3.227380       3.229320       3.231270       3.233230       3.235200       3.237170       3.239160       3.241160       3.243160    
   3.214050       3.203530       3.198800       3.196360       3.194240       3.188280       3.189950       3.191640       3.193340       3.195070       3.196810       3.198570       3.200350       3.202140       3.203950       3.205780       3.207620       3.209480       3.211350       3.213240       3.215140       3.217060       3.218990       3.220940       3.222900       3.224870       3.226860       3.228860       3.230860       3.232880    
   3.202880       3.197580       3.196360       3.192960       3.188280       3.186110       3.180110       3.181750       3.183410       3.185090       3.186790       3.188510       3.190250       3.192000       3.193780       3.195580       3.197390       3.199220       3.201080       3.202950       3.204840       3.206750       3.208670       3.210620       3.212580       3.214550       3.216550       3.218550       3.220570       3.222610    
   3.196970       3.196360       3.192530       3.188280       3.184830       3.180110       3.180930       3.181760       3.181340       3.175120       3.176780       3.178450       3.180150       3.181870       3.183620       3.185380       3.187170       3.188980       3.190810       3.192670       3.194540       3.196440       3.198360       3.200300       3.202260       3.204240       3.206240       3.208260       3.210290       3.212340    
   3.196360       3.192390       3.188280       3.184410       3.180110       3.180520       3.180930       3.179790       3.175120       3.175950       3.171430       3.168410       3.170070       3.171760       3.173470       3.175200       3.176960       3.178750       3.180560       3.182400       3.184260       3.186140       3.188060       3.189990       3.191950       3.193940       3.195940       3.197970       3.200020       3.202080    
   3.192340       3.188280       3.184270       3.180110       3.180320       3.180520       3.179090       3.175120       3.175540       3.168850       3.163390       3.158380       3.160000       3.161650       3.163330       3.165030       3.166770       3.168530       3.170320       3.172140       3.173980       3.175860       3.177770       3.179700       3.181660       3.183640       3.185660       3.187690       3.189750       3.191840    
   3.188280       3.184220       3.180110       3.180210       3.180320       3.178760       3.175120       3.175330       3.167760       3.160890       3.158380       3.159190       3.157900       3.151560       3.153210       3.154880       3.156580       3.158320       3.160090       3.161890       3.163730       3.165590       3.167490       3.169420       3.171380       3.173370       3.175380       3.177430       3.179500       3.181600    
   3.184200       3.180110       3.180160       3.180210       3.178600       3.175120       3.175220       3.167240       3.159630       3.158380       3.158790       3.156760       3.151560       3.152380       3.153220       3.154890       3.156590       3.158330       3.154680       3.151660       3.153480       3.155340       3.157230       3.159150       3.161110       3.163100       3.165130       3.167180       3.169270       3.171380    
   3.180110       3.180140       3.180160       3.178520       3.175120       3.175170       3.166990       3.159010       3.158380       3.158580       3.156370       3.151560       3.151970       3.152390       3.153500       3.154900       3.156600       3.151530       3.146560       3.141460       3.143260       3.145100       3.146990       3.148910       3.150860       3.152860       3.154890       3.156960       3.159050       3.161180    
   3.180120       3.180140       3.178490       3.175120       3.175150       3.166870       3.158690       3.158380       3.158480       3.156220       3.151560       3.151770       3.151970       3.152620       3.153590       3.155000       3.149700       3.144010       3.141460       3.139260       3.133060       3.134890       3.136760       3.138680       3.140640       3.142640       3.144670       3.146750       3.148860       3.151000    
   3.180120       3.178470       3.175120       3.175130       3.166810       3.158540       3.158380       3.158430       3.156160       3.151560       3.151660       3.151770       3.152120       3.152730       3.153740       3.142430       3.142740       3.141460       3.127820       3.122900       3.123980       3.124700       3.126570       3.128480       3.130440       3.132440       3.134480       3.136570       3.138690       3.140850    
   3.178460       3.175120       3.175130       3.166780       3.158460       3.158380       3.158410       3.156130       3.151560       3.151610       3.151660       3.151850       3.152200       3.129440       3.116610       3.111110       3.111100       3.111250       3.111060       3.107670       3.112730       3.114540       3.116400       3.118300       3.120260       3.122260       3.124310       3.126410       3.128550       3.130720    
   3.175120       3.175120       3.166770       3.158420       3.158380       3.158390       3.156120       3.151560       3.151590       3.151610       3.151710       3.151910       3.110180       3.058860       3.059170       3.080510       3.079500       3.080750       3.095150       3.102620       3.102610       3.104400       3.106250       3.108160       3.110110       3.112120       3.114180       3.116280       3.118430       3.120630    
   3.175120       3.166760       3.158400       3.158380       3.158390       3.156110       3.151560       3.151570       3.151590       3.151640       3.102310       3.028160       3.048370       3.058550       3.058550       3.059170       3.072260       3.078250       3.080750       3.089580       3.092510       3.094300       3.096140       3.098040       3.100000       3.102010       3.104070       3.106190       3.108350       3.110560    
   3.166750       3.158390       3.158380       3.158380       3.156110       3.151560       3.151570       3.151570       3.151600       3.092370       3.028160       3.028160       3.028160       3.047920       3.057930       3.057930       3.059170       3.070880       3.075750       3.080750       3.082460       3.084230       3.086060       3.087960       3.089910       3.091930       3.094000       3.096130       3.098310       3.100530    
   3.158380       3.158380       3.158380       3.156110       3.151560       3.151560       3.151570       3.108430       3.069060       3.028130       3.028160       3.028160       3.028160       3.028160       3.047020       3.056700       3.056690       3.059170       3.067860       3.070740       3.072440       3.074200       3.076020       3.077910       3.079870       3.081890       3.083970       3.086110       3.088300       3.090540    
   3.158380       3.158380       3.156110       3.151560       3.151560       3.078360       2.968560       2.973770       2.978990       3.011700       3.028080       3.028160       3.028160       3.028160       3.028160       3.045290       3.054230       3.054220       3.059170       3.060780       3.062460       3.064200       3.066020       3.067910       3.069870       3.071890       3.073980       3.076130       3.078330       3.080600    
   3.158380       3.156110       3.151560       3.151560       3.063710       2.968540       2.968540       2.968560       2.973770       2.978990       3.011560       3.027920       3.028160       3.028160       3.028160       3.028160       3.042070       3.049290       3.049270       3.050860       3.052520       3.054250       3.056060       3.057950       3.059900       3.061930       3.064030       3.066190       3.068410       3.070690    
