iMOD/TUTORIALS/TUT_MetaswapAnalyser/model_MetaSWAP/meteo/Evaporation/Evaporation_20061112_L1.ASC
NCOLS                30
NROWS                30
XLLCORNER     160000.00
YLLCORNER     340000.00
CELLSIZE        1000.00
NODATA_VALUE   -9999.00
  0.3840300      0.3825300      0.3810300      0.3795200      0.3780100      0.3765000      0.3749900      0.3734800      0.3719700      0.3704500      0.3689400      0.3674300      0.3659200      0.3644000      0.3629000      0.3613900      0.3598800      0.3583800      0.3568800      0.3553800      0.3538900      0.3523900      0.3509100      0.3494200      0.3479400      0.3464600      0.3449900      0.3435200      0.3420600      0.3406000    
  0.3828000      0.3812800      0.3797600      0.3782400      0.3767200      0.3751900      0.3736700      0.3721400      0.3706200      0.3690900      0.3675700      0.3660400      0.3645200      0.3630000      0.3614800      0.3599600      0.3584500      0.3569400      0.3554300      0.3539200      0.3524200      0.3509200      0.3494300      0.3479400      0.3464600      0.3449700      0.3435000      0.3420300      0.3405600      0.3391000    
  0.3815500      0.3800200      0.3784800      0.3769400      0.3754100      0.3738700      0.3723300      0.3707900      0.3692600      0.3677200      0.3661800      0.3646500      0.3631100      0.3615800      0.3600500      0.3585300      0.3570000      0.3554900      0.3539700      0.3524600      0.3509500      0.3494400      0.3479500      0.3464500      0.3449600      0.3434800      0.3420000      0.3405200      0.3390500      0.3375900    
  0.3802900      0.3787400      0.3771900      0.3756400      0.3740900      0.3725400      0.3709900      0.3694400      0.3678800      0.3663400      0.3647900      0.3632400      0.3617000      0.3601600      0.3586200      0.3570800      0.3555500      0.3540200      0.3525000      0.3509800      0.3494700      0.3479600      0.3464500      0.3449500      0.3434600      0.3419700      0.3404900      0.3390100      0.3375400      0.3360800    
  0.3790300      0.3774600      0.3759000      0.3743300      0.3727600      0.3712000      0.3696300      0.3680700      0.3665100      0.3649400      0.3633800      0.3618300      0.3602700      0.3587200      0.3571700      0.3556300      0.3540900      0.3525500      0.3510200      0.3495000      0.3479800      0.3464600      0.3449500      0.3434500      0.3419500      0.3404600      0.3389700      0.3374900      0.3360200      0.3345500    
  0.3777500      0.3761700      0.3745900      0.3730100      0.3714300      0.3698500      0.3682700      0.3666900      0.3651200      0.3635400      0.3619700      0.3604100      0.3588400      0.3572800      0.3557200      0.3541700      0.3526200      0.3510800      0.3495400      0.3480100      0.3464800      0.3449600      0.3434400      0.3419300      0.3404300      0.3389300      0.3374500      0.3359600      0.3344900      0.3330200    
  0.3764700      0.3748700      0.3732800      0.3716800      0.3700900      0.3684900      0.3669000      0.3653100      0.3637200      0.3621400      0.3605500      0.3589800      0.3574000      0.3558300      0.3542600      0.3527000      0.3511400      0.3495900      0.3480500      0.3465100      0.3449700      0.3434500      0.3419300      0.3404100      0.3389100      0.3374100      0.3359100      0.3344300      0.3329500      0.3314800    
  0.3751800      0.3735700      0.3719600      0.3703400      0.3687400      0.3671300      0.3655200      0.3639200      0.3623200      0.3607200      0.3591300      0.3575400      0.3559500      0.3543700      0.3528000      0.3512200      0.3496600      0.3481000      0.3465500      0.3450000      0.3434600      0.3419300      0.3404000      0.3388900      0.3373800      0.3358700      0.3343800      0.3328900      0.3314100      0.3299400    
  0.3738800      0.3722500      0.3706300      0.3690000      0.3673800      0.3657600      0.3641400      0.3625200      0.3609100      0.3593000      0.3577000      0.3560900      0.3545000      0.3529100      0.3513200      0.3497400      0.3481700      0.3466000      0.3450400      0.3434900      0.3419400      0.3404100      0.3388800      0.3373500      0.3358400      0.3343300      0.3328400      0.3313500      0.3298600      0.3283900    
  0.3725800      0.3709400      0.3692900      0.3676600      0.3660200      0.3643800      0.3627500      0.3611200      0.3595000      0.3578700      0.3562600      0.3546500      0.3530400      0.3514400      0.3498400      0.3482500      0.3466700      0.3451000      0.3435300      0.3419700      0.3404200      0.3388800      0.3373400      0.3358100      0.3343000      0.3327900      0.3312900      0.3298000      0.3283100      0.3268400    
  0.3725830      0.3709370      0.3685470      0.3663000      0.3646500      0.3630000      0.3613600      0.3597100      0.3580800      0.3564400      0.3548100      0.3531900      0.3515700      0.3499600      0.3483600      0.3467600      0.3451700      0.3435900      0.3420200      0.3404500      0.3388900      0.3373400      0.3358000      0.3342700      0.3327500      0.3312400      0.3297400      0.3282400      0.3267600      0.3252800    
  0.3725820      0.3695920      0.3663000      0.3640330      0.3632800      0.3616100      0.3599600      0.3583000      0.3566500      0.3550100      0.3533700      0.3517300      0.3501000      0.3484800      0.3468700      0.3452600      0.3436700      0.3420800      0.3404900      0.3389200      0.3373600      0.3358000      0.3342600      0.3327300      0.3312000      0.3296800      0.3281800      0.3266800      0.3252000      0.3237200    
  0.3706750      0.3663000      0.3637060      0.3625900      0.3619000      0.3602300      0.3585500      0.3568800      0.3552200      0.3535600      0.3519100      0.3502700      0.3486300      0.3470000      0.3453800      0.3437600      0.3421600      0.3405600      0.3389700      0.3373900      0.3358200      0.3342600      0.3327100      0.3311700      0.3296500      0.3281300      0.3266200      0.3251200      0.3236400      0.3221600    
  0.3663000      0.3635380      0.3622450      0.3619000      0.3603200      0.3588300      0.3571500      0.3554700      0.3537900      0.3521200      0.3504600      0.3488000      0.3471500      0.3455100      0.3438800      0.3422600      0.3406400      0.3390400      0.3374400      0.3358600      0.3342800      0.3327200      0.3311600      0.3296200      0.3280900      0.3265700      0.3250600      0.3235600      0.3220700      0.3206000    
  0.3634530      0.3620730      0.3619000      0.3603500      0.3588300      0.3572400      0.3557400      0.3540400      0.3523600      0.3506700      0.3490000      0.3473300      0.3456700      0.3440200      0.3423800      0.3407500      0.3391300      0.3375100      0.3359100      0.3343200      0.3327400      0.3311700      0.3296100      0.3280700      0.3265300      0.3250100      0.3234900      0.3219900      0.3205100      0.3190300    
  0.3619860      0.3619000      0.3603600      0.3588300      0.3572700      0.3557400      0.3548900      0.3540470      0.3515750      0.3492300      0.3475400      0.3458600      0.3441900      0.3425300      0.3408800      0.3392400      0.3376100      0.3359900      0.3343800      0.3327800      0.3311900      0.3296200      0.3280600      0.3265100      0.3249700      0.3234400      0.3219300      0.3204300      0.3189400      0.3174600    
  0.3619000      0.3603630      0.3588300      0.3572800      0.3557400      0.3553150      0.3548920      0.3524350      0.3492300      0.3483850      0.3459880      0.3443900      0.3427100      0.3410400      0.3393800      0.3377300      0.3360900      0.3344600      0.3328500      0.3312400      0.3296500      0.3280700      0.3265000      0.3249500      0.3234100      0.3218800      0.3203600      0.3188600      0.3173700      0.3158900    
  0.3603640      0.3588300      0.3572830      0.3557400      0.3555280      0.3553160      0.3529680      0.3492300      0.3488070      0.3460360      0.3436550      0.3429200      0.3412300      0.3395500      0.3378800      0.3362200      0.3345700      0.3329300      0.3313100      0.3297000      0.3281000      0.3265200      0.3249500      0.3233900      0.3218400      0.3203100      0.3187900      0.3172900      0.3158000      0.3143200    
  0.3588300      0.3572840      0.3557400      0.3556340      0.3555280      0.3532600      0.3492300      0.3490190      0.3460560      0.3432870      0.3429200      0.3420750      0.3404380      0.3380500      0.3363700      0.3347000      0.3330500      0.3314000      0.3297700      0.3281600      0.3265500      0.3249600      0.3233900      0.3218300      0.3202800      0.3187500      0.3172300      0.3157200      0.3142300      0.3127500    
  0.3572850      0.3557400      0.3556870      0.3556340      0.3534130      0.3492300      0.3491240      0.3460660      0.3431040      0.3429200      0.3424970      0.3408710      0.3380500      0.3372100      0.3363730      0.3347070      0.3330500      0.3314070      0.3282060      0.3266200      0.3250100      0.3234100      0.3218300      0.3202700      0.3187200      0.3171800      0.3156600      0.3141500      0.3126600      0.3111900    
  0.3557400      0.3557130      0.3556870      0.3534910      0.3492300      0.3491770      0.3460700      0.3430120      0.3429200      0.3427090      0.3410850      0.3380500      0.3376300      0.3372110      0.3360970      0.3347100      0.3330540      0.3287190      0.3258500      0.3250800      0.3234600      0.3218600      0.3202800      0.3187100      0.3171600      0.3156200      0.3141000      0.3125900      0.3111000      0.3096200    
  0.3557270      0.3557130      0.3535300      0.3492300      0.3492040      0.3460730      0.3429660      0.3429200      0.3428140      0.3411910      0.3380500      0.3378400      0.3376300      0.3369790      0.3360060      0.3346200      0.3294060      0.3254650      0.3250800      0.3234870      0.3219200      0.3203100      0.3187200      0.3171500      0.3156000      0.3140600      0.3125300      0.3110200      0.3095300      0.3080600    
  0.3557270      0.3535500      0.3492300      0.3492170      0.3460740      0.3429430      0.3429200      0.3428670      0.3412440      0.3380500      0.3379450      0.3378400      0.3374830      0.3368720      0.3358690      0.3291580      0.3252730      0.3250800      0.3217520      0.3203750      0.3194080      0.3187600      0.3171700      0.3156000      0.3140400      0.3125000      0.3109700      0.3094600      0.3079700      0.3065000    
  0.3535600      0.3492300      0.3492230      0.3460740      0.3429320      0.3429200      0.3428940      0.3412700      0.3380500      0.3379970      0.3379450      0.3377560      0.3373980      0.3311910      0.3255690      0.3204860      0.3204850      0.3196130      0.3185790      0.3180650      0.3188300      0.3172200      0.3156200      0.3140400      0.3124800      0.3109400      0.3094200      0.3079100      0.3064100      0.3049400    
  0.3492300      0.3492270      0.3460750      0.3429260      0.3429200      0.3429070      0.3412830      0.3380500      0.3380240      0.3379980      0.3379000      0.3377000      0.3270570      0.3144930      0.3145400      0.3164900      0.3157000      0.3158900      0.3167620      0.3172970      0.3173000      0.3156800      0.3140800      0.3125000      0.3109300      0.3093900      0.3078600      0.3063500      0.3048600      0.3033900    
  0.3492280      0.3460750      0.3429230      0.3429200      0.3429130      0.3412900      0.3380500      0.3380370      0.3380240      0.3379740      0.3274390      0.3118000      0.3135570      0.3144470      0.3144470      0.3145400      0.3152330      0.3155100      0.3158900      0.3157980      0.3157600      0.3141400      0.3125400      0.3109500      0.3093900      0.3078400      0.3063100      0.3048000      0.3033100      0.3018400    
  0.3460750      0.3429210      0.3429200      0.3429170      0.3412930      0.3380500      0.3380430      0.3380370      0.3380110      0.3254070      0.3118000      0.3118000      0.3118000      0.3134880      0.3143540      0.3143540      0.3145400      0.3149940      0.3151300      0.3158900      0.3142400      0.3126100      0.3110000      0.3094100      0.3078500      0.3063000      0.3047700      0.3032600      0.3017700      0.3003000    
  0.3429210      0.3429200      0.3429180      0.3412950      0.3380500      0.3380470      0.3380430      0.3301280      0.3216110      0.3117960      0.3118000      0.3118000      0.3118000      0.3118000      0.3133510      0.3141670      0.3141670      0.3145400      0.3144150      0.3143700      0.3127200      0.3110800      0.3094700      0.3078800      0.3063100      0.3047600      0.3032300      0.3017300      0.3002400      0.2987700    
  0.3429200      0.3429190      0.3412960      0.3380500      0.3380480      0.3255720      0.3068600      0.3066400      0.3064200      0.3099960      0.3117880      0.3118000      0.3118000      0.3118000      0.3118000      0.3130820      0.3137950      0.3137950      0.3145400      0.3128600      0.3112000      0.3095600      0.3079500      0.3063500      0.3047800      0.3032300      0.3017000      0.3002000      0.2987100      0.2972400    
  0.3429200      0.3412960      0.3380500      0.3380490      0.3230760      0.3068570      0.3068570      0.3068600      0.3066400      0.3064200      0.3099760      0.3117640      0.3118000      0.3118000      0.3118000      0.3118000      0.3125670      0.3130500      0.3130500      0.3113600      0.3096900      0.3080500      0.3064300      0.3048300      0.3032600      0.3017100      0.3001800      0.2986800      0.2971900      0.2957200    
