iMOD/TUTORIALS/TUT_MetaswapAnalyser/model_MetaSWAP/meteo/Evaporation/Evaporation_20050413_L1.ASC
NCOLS                30
NROWS                30
XLLCORNER     160000.00
YLLCORNER     340000.00
CELLSIZE        1000.00
NODATA_VALUE   -9999.00
   1.306430       1.312910       1.319360       1.325790       1.332210       1.338600       1.344970       1.351320       1.357650       1.363950       1.370240       1.376520       1.382770       1.389000       1.395220       1.401410       1.407590       1.413760       1.419910       1.426040       1.432150       1.438250       1.444340       1.450410       1.456470       1.462520       1.468550       1.474580       1.480590       1.486590    
   1.311750       1.318220       1.324670       1.331110       1.337520       1.343910       1.350270       1.356620       1.362950       1.369260       1.375550       1.381820       1.388080       1.394310       1.400530       1.406730       1.412910       1.419080       1.425230       1.431360       1.437480       1.443580       1.449670       1.455750       1.461810       1.467860       1.473890       1.479920       1.485930       1.491930    
   1.317060       1.323530       1.329980       1.336410       1.342820       1.349200       1.355570       1.361920       1.368250       1.374560       1.380850       1.387120       1.393380       1.399610       1.405830       1.412030       1.418220       1.424380       1.430540       1.436670       1.442790       1.448900       1.454990       1.461070       1.467130       1.473180       1.479220       1.485250       1.491260       1.497270    
   1.322370       1.328830       1.335280       1.341700       1.348110       1.354490       1.360860       1.367210       1.373540       1.379850       1.386140       1.392410       1.398670       1.404900       1.411120       1.417320       1.423510       1.429680       1.435830       1.441970       1.448090       1.454200       1.460290       1.466370       1.472440       1.478490       1.484530       1.490560       1.496580       1.502590    
   1.327670       1.334130       1.340570       1.346990       1.353390       1.359770       1.366140       1.372490       1.378810       1.385120       1.391420       1.397690       1.403940       1.410180       1.416400       1.422610       1.428790       1.434970       1.441120       1.447260       1.453380       1.459490       1.465590       1.471670       1.477740       1.483790       1.489840       1.495870       1.501890       1.507900    
   1.332970       1.339420       1.345850       1.352270       1.358670       1.365050       1.371410       1.377760       1.384080       1.390390       1.396680       1.402960       1.409210       1.415450       1.421670       1.427880       1.434070       1.440240       1.446400       1.452540       1.458660       1.464780       1.470870       1.476960       1.483030       1.489080       1.495130       1.501160       1.507180       1.513200    
   1.338260       1.344700       1.351130       1.357540       1.363940       1.370310       1.376680       1.383020       1.389340       1.395650       1.401940       1.408220       1.414470       1.420710       1.426940       1.433140       1.439330       1.445500       1.451660       1.457810       1.463930       1.470050       1.476150       1.482230       1.488300       1.494360       1.500410       1.506440       1.512470       1.518480    
   1.343540       1.349980       1.356400       1.362810       1.369200       1.375580       1.381930       1.388270       1.394600       1.400910       1.407200       1.413470       1.419730       1.425970       1.432190       1.438400       1.444590       1.450760       1.456920       1.463060       1.469190       1.475310       1.481410       1.487500       1.493570       1.499630       1.505680       1.511720       1.517740       1.523760    
   1.348820       1.355250       1.361670       1.368070       1.374460       1.380830       1.387180       1.393520       1.399850       1.406150       1.412440       1.418710       1.424970       1.431210       1.437430       1.443640       1.449830       1.456010       1.462170       1.468310       1.474440       1.480560       1.486660       1.492750       1.498830       1.504890       1.510940       1.516980       1.523000       1.529020    
   1.354090       1.360520       1.366930       1.373330       1.379710       1.386080       1.392430       1.398770       1.405090       1.411390       1.417680       1.423950       1.430210       1.436450       1.442670       1.448880       1.455070       1.461250       1.467410       1.473550       1.479680       1.485800       1.491910       1.498000       1.504070       1.510140       1.516190       1.522230       1.528260       1.534270    
   1.354090       1.360510       1.369840       1.378580       1.384960       1.391320       1.397670       1.404000       1.410320       1.416620       1.422910       1.429180       1.435440       1.441680       1.447900       1.454110       1.460300       1.466480       1.472640       1.478780       1.484920       1.491040       1.497140       1.503230       1.509310       1.515370       1.521430       1.527470       1.533500       1.539520    
   1.354090       1.365760       1.378580       1.387300       1.390200       1.396560       1.402900       1.409230       1.415550       1.421850       1.428140       1.434400       1.440660       1.446900       1.453120       1.459330       1.465520       1.471700       1.477860       1.484010       1.490140       1.496260       1.502370       1.508460       1.514540       1.520600       1.526660       1.532700       1.538730       1.544750    
   1.361520       1.378580       1.388530       1.392820       1.395440       1.401790       1.408130       1.414460       1.420770       1.427070       1.433350       1.439620       1.445880       1.452110       1.458340       1.464540       1.470730       1.476910       1.483070       1.489220       1.495360       1.501480       1.507580       1.513680       1.519760       1.525820       1.531880       1.537920       1.543950       1.549970    
   1.378580       1.389170       1.394130       1.395440       1.401420       1.407020       1.413360       1.419680       1.425990       1.432290       1.438570       1.444830       1.451090       1.457320       1.463540       1.469750       1.475940       1.482120       1.488280       1.494430       1.500570       1.506690       1.512790       1.518890       1.524970       1.531030       1.537090       1.543130       1.549170       1.555190    
   1.389490       1.394780       1.395440       1.401290       1.407020       1.412990       1.418580       1.424900       1.431200       1.437500       1.443780       1.450040       1.456290       1.462520       1.468750       1.474950       1.481140       1.487320       1.493480       1.499630       1.505770       1.511890       1.517990       1.524090       1.530170       1.536240       1.542290       1.548340       1.554370       1.560390    
   1.395110       1.395440       1.401250       1.407020       1.412860       1.418580       1.421740       1.424890       1.434070       1.442700       1.448980       1.455240       1.461490       1.467720       1.473940       1.480150       1.486340       1.492510       1.498680       1.504830       1.510960       1.517080       1.523190       1.529280       1.535360       1.541430       1.547490       1.553530       1.559570       1.565590    
   1.395440       1.401240       1.407020       1.412820       1.418580       1.420160       1.421740       1.430850       1.442700       1.445840       1.454600       1.460440       1.466680       1.472910       1.479130       1.485340       1.491530       1.497700       1.503860       1.510010       1.516150       1.522270       1.528370       1.534470       1.540550       1.546620       1.552680       1.558720       1.564750       1.570770    
   1.401230       1.407020       1.412810       1.418580       1.419370       1.420160       1.428860       1.442700       1.444270       1.454360       1.463040       1.465630       1.471870       1.478100       1.484320       1.490520       1.496710       1.502880       1.509040       1.515190       1.521330       1.527450       1.533550       1.539650       1.545730       1.551800       1.557850       1.563900       1.569930       1.575950    
   1.407020       1.412800       1.418580       1.418980       1.419370       1.427770       1.442700       1.443490       1.454260       1.464330       1.465630       1.468750       1.474720       1.483280       1.489500       1.495700       1.501880       1.508060       1.514220       1.520370       1.526500       1.532620       1.538730       1.544820       1.550900       1.556970       1.563030       1.569070       1.575100       1.581120    
   1.412800       1.418580       1.418780       1.418970       1.427200       1.442700       1.443090       1.454210       1.464980       1.465630       1.467190       1.473090       1.483280       1.486390       1.489490       1.495690       1.501880       1.508050       1.519770       1.525530       1.531670       1.537790       1.543890       1.549980       1.556070       1.562130       1.568190       1.574230       1.580270       1.586290    
   1.418580       1.418680       1.418780       1.426910       1.442700       1.442900       1.454190       1.465310       1.465630       1.466410       1.472300       1.483280       1.484830       1.486390       1.490530       1.495690       1.501880       1.517700       1.528110       1.530690       1.536830       1.542940       1.549050       1.555140       1.561220       1.567290       1.573350       1.579390       1.585420       1.591440    
   1.418630       1.418680       1.426770       1.442700       1.442800       1.454180       1.465470       1.465630       1.466020       1.471900       1.483280       1.484060       1.484830       1.487250       1.490870       1.496030       1.515070       1.529400       1.530690       1.536500       1.541980       1.548100       1.554200       1.560290       1.566370       1.572440       1.578490       1.584540       1.590570       1.596590    
   1.418630       1.426690       1.442700       1.442750       1.454170       1.465550       1.465630       1.465830       1.471710       1.483280       1.483670       1.484060       1.485380       1.487650       1.491380       1.515630       1.530050       1.530690       1.542290       1.547130       1.550800       1.553240       1.559350       1.565440       1.571520       1.577580       1.583640       1.589680       1.595710       1.601730    
   1.426660       1.442700       1.442720       1.454170       1.465590       1.465630       1.465730       1.471610       1.483280       1.483470       1.483670       1.484370       1.485700       1.507520       1.527630       1.546110       1.546110       1.549330       1.553120       1.554840       1.552270       1.558390       1.564490       1.570580       1.576650       1.582720       1.588770       1.594810       1.600840       1.606860    
   1.442700       1.442710       1.454170       1.465610       1.465630       1.465680       1.471560       1.483280       1.483380       1.483470       1.483840       1.484580       1.521870       1.565810       1.565650       1.559390       1.562180       1.561540       1.559020       1.557410       1.557410       1.563520       1.569620       1.575710       1.581780       1.587850       1.593900       1.599940       1.605960       1.611980    
   1.442710       1.454170       1.465620       1.465630       1.465650       1.471540       1.483280       1.483330       1.483380       1.483560       1.520310       1.574830       1.568950       1.565970       1.565970       1.565650       1.563610       1.562820       1.561540       1.562290       1.562540       1.568650       1.574750       1.580840       1.586910       1.592970       1.599020       1.605060       1.611080       1.617100    
   1.454170       1.465630       1.465630       1.465640       1.471530       1.483280       1.483300       1.483330       1.483420       1.527380       1.574830       1.574830       1.574830       1.569190       1.566290       1.566290       1.565650       1.564420       1.564100       1.561540       1.567660       1.573770       1.579870       1.585950       1.592030       1.598090       1.604130       1.610170       1.616190       1.622210    
   1.465630       1.465630       1.465640       1.471520       1.483280       1.483290       1.483300       1.511050       1.540730       1.574840       1.574830       1.574830       1.574830       1.574830       1.569660       1.566930       1.566930       1.565650       1.566410       1.566660       1.572780       1.578890       1.584990       1.591070       1.597140       1.603200       1.609240       1.615270       1.621300       1.627310    
   1.465630       1.465630       1.471520       1.483280       1.483290       1.527200       1.593060       1.593600       1.594130       1.581300       1.574870       1.574830       1.574830       1.574830       1.574830       1.570580       1.568200       1.568200       1.565650       1.571780       1.577900       1.584000       1.590090       1.596170       1.602240       1.608300       1.614340       1.620370       1.626390       1.632400    
   1.465630       1.471510       1.483280       1.483280       1.535990       1.593070       1.593070       1.593060       1.593600       1.594130       1.581370       1.574960       1.574830       1.574830       1.574830       1.574830       1.572350       1.570760       1.570760       1.576890       1.583000       1.589110       1.595200       1.601280       1.607340       1.613390       1.619440       1.625470       1.631480       1.637490    
