iMOD/TUTORIALS/TUT_MetaswapAnalyser/model_MetaSWAP/meteo/Evaporation/Evaporation_20050219_L1.ASC
NCOLS                30
NROWS                30
XLLCORNER     160000.00
YLLCORNER     340000.00
CELLSIZE        1000.00
NODATA_VALUE   -9999.00
  0.5421200      0.5409600      0.5397700      0.5385800      0.5373600      0.5361300      0.5348800      0.5336300      0.5323600      0.5310800      0.5297800      0.5284800      0.5271700      0.5258600      0.5245300      0.5232000      0.5218700      0.5205200      0.5191800      0.5178300      0.5164700      0.5151100      0.5137500      0.5123900      0.5110200      0.5096500      0.5082800      0.5069100      0.5055400      0.5041600    
  0.5414700      0.5403000      0.5391100      0.5379100      0.5366900      0.5354600      0.5342100      0.5329500      0.5316800      0.5304000      0.5291000      0.5278000      0.5264900      0.5251700      0.5238500      0.5225100      0.5211800      0.5198300      0.5184800      0.5171300      0.5157700      0.5144100      0.5130500      0.5116800      0.5103200      0.5089500      0.5075700      0.5062000      0.5048200      0.5034500    
  0.5408200      0.5396400      0.5384500      0.5372400      0.5360200      0.5347800      0.5335300      0.5322700      0.5310000      0.5297100      0.5284200      0.5271100      0.5258000      0.5244800      0.5231500      0.5218200      0.5204800      0.5191400      0.5177900      0.5164300      0.5150700      0.5137100      0.5123500      0.5109800      0.5096100      0.5082300      0.5068600      0.5054800      0.5041100      0.5027300    
  0.5401700      0.5389800      0.5377900      0.5365700      0.5353500      0.5341100      0.5328500      0.5315900      0.5303100      0.5290300      0.5277300      0.5264200      0.5251100      0.5237900      0.5224600      0.5211200      0.5197800      0.5184400      0.5170800      0.5157300      0.5143700      0.5130000      0.5116400      0.5102700      0.5089000      0.5075200      0.5061400      0.5047700      0.5033900      0.5020100    
  0.5395200      0.5383300      0.5371200      0.5359000      0.5346700      0.5334300      0.5321700      0.5309000      0.5296200      0.5283400      0.5270400      0.5257300      0.5244100      0.5230900      0.5217600      0.5204200      0.5190800      0.5177300      0.5163800      0.5150200      0.5136600      0.5122900      0.5109300      0.5095500      0.5081800      0.5068000      0.5054300      0.5040500      0.5026600      0.5012800    
  0.5388600      0.5376700      0.5364600      0.5352300      0.5340000      0.5327500      0.5314900      0.5302200      0.5289400      0.5276400      0.5263400      0.5250300      0.5237200      0.5223900      0.5210600      0.5197200      0.5183800      0.5170300      0.5156700      0.5143100      0.5129500      0.5115800      0.5102100      0.5088400      0.5074600      0.5060800      0.5047000      0.5033200      0.5019400      0.5005500    
  0.5382100      0.5370100      0.5357900      0.5345600      0.5333200      0.5320700      0.5308000      0.5295300      0.5282500      0.5269500      0.5256500      0.5243400      0.5230200      0.5216900      0.5203500      0.5190100      0.5176700      0.5163200      0.5149600      0.5136000      0.5122300      0.5108700      0.5094900      0.5081200      0.5067400      0.5053600      0.5039800      0.5026000      0.5012100      0.4998200    
  0.5375600      0.5363500      0.5351300      0.5338900      0.5326400      0.5313900      0.5301200      0.5288400      0.5275500      0.5262600      0.5249500      0.5236400      0.5223100      0.5209800      0.5196500      0.5183100      0.5169600      0.5156000      0.5142500      0.5128800      0.5115200      0.5101500      0.5087700      0.5074000      0.5060200      0.5046400      0.5032500      0.5018700      0.5004800      0.4990900    
  0.5369100      0.5356900      0.5344600      0.5332200      0.5319700      0.5307100      0.5294300      0.5281500      0.5268600      0.5255600      0.5242500      0.5229300      0.5216100      0.5202800      0.5189400      0.5175900      0.5162400      0.5148900      0.5135300      0.5121700      0.5108000      0.5094300      0.5080500      0.5066700      0.5052900      0.5039100      0.5025200      0.5011300      0.4997500      0.4983500    
  0.5362600      0.5350300      0.5338000      0.5325500      0.5312900      0.5300200      0.5287500      0.5274600      0.5261700      0.5248600      0.5235500      0.5222300      0.5209000      0.5195700      0.5182300      0.5168800      0.5155300      0.5141700      0.5128100      0.5114500      0.5100800      0.5087000      0.5073200      0.5059400      0.5045600      0.5031800      0.5017900      0.5004000      0.4990100      0.4976200    
  0.5362570      0.5350300      0.5333150      0.5318800      0.5306200      0.5293400      0.5280600      0.5267700      0.5254700      0.5241600      0.5228500      0.5215300      0.5202000      0.5188600      0.5175200      0.5161700      0.5148100      0.5134600      0.5120900      0.5107200      0.5093500      0.5079800      0.5066000      0.5052200      0.5038300      0.5024400      0.5010600      0.4996600      0.4982700      0.4968800    
  0.5362530      0.5341200      0.5318800      0.5304280      0.5299400      0.5286600      0.5273800      0.5260800      0.5247800      0.5234700      0.5221500      0.5208200      0.5194900      0.5181500      0.5168000      0.5154500      0.5141000      0.5127400      0.5113700      0.5100000      0.5086300      0.5072500      0.5058700      0.5044800      0.5031000      0.5017100      0.5003200      0.4989300      0.4975300      0.4961400    
  0.5349310      0.5318800      0.5302960      0.5296050      0.5292700      0.5279800      0.5266900      0.5253900      0.5240800      0.5227700      0.5214500      0.5201200      0.5187800      0.5174400      0.5160900      0.5147400      0.5133800      0.5120100      0.5106500      0.5092700      0.5079000      0.5065200      0.5051400      0.5037500      0.5023600      0.5009700      0.4995800      0.4981900      0.4967900      0.4953900    
  0.5318800      0.5302210      0.5294380      0.5292700      0.5281830      0.5273000      0.5260100      0.5247000      0.5233900      0.5220700      0.5207400      0.5194100      0.5180700      0.5167300      0.5153800      0.5140200      0.5126600      0.5112900      0.5099200      0.5085500      0.5071700      0.5057900      0.5044000      0.5030200      0.5016300      0.5002400      0.4988400      0.4974500      0.4960500      0.4946500    
  0.5301810      0.5293540      0.5292700      0.5282510      0.5273000      0.5262100      0.5253200      0.5240100      0.5227000      0.5213700      0.5200400      0.5187100      0.5173600      0.5160100      0.5146600      0.5133000      0.5119400      0.5105700      0.5092000      0.5078200      0.5064400      0.5050600      0.5036700      0.5022800      0.5008900      0.4995000      0.4981000      0.4967000      0.4953000      0.4939000    
  0.5293120      0.5292700      0.5282740      0.5273000      0.5262770      0.5253200      0.5246650      0.5240100      0.5221900      0.5206800      0.5193400      0.5180000      0.5166500      0.5153000      0.5139500      0.5125800      0.5112200      0.5098500      0.5084700      0.5070900      0.5057100      0.5043200      0.5029400      0.5015500      0.5001500      0.4987600      0.4973600      0.4959600      0.4945600      0.4931600    
  0.5292700      0.5282810      0.5273000      0.5262990      0.5253200      0.5249920      0.5246650      0.5228860      0.5206800      0.5200100      0.5183820      0.5173000      0.5159500      0.5145900      0.5132300      0.5118700      0.5105000      0.5091200      0.5077400      0.5063600      0.5049800      0.5035900      0.5022000      0.5008100      0.4994100      0.4980100      0.4966200      0.4952100      0.4938100      0.4924100    
  0.5282840      0.5273000      0.5263060      0.5253200      0.5251560      0.5249920      0.5233060      0.5206800      0.5203450      0.5185210      0.5169450      0.5165900      0.5152400      0.5138800      0.5125100      0.5111500      0.5097700      0.5084000      0.5070200      0.5056300      0.5042500      0.5028600      0.5014600      0.5000700      0.4986700      0.4972700      0.4958700      0.4944700      0.4930600      0.4916600    
  0.5273000      0.5263090      0.5253200      0.5252380      0.5251560      0.5235340      0.5206800      0.5205120      0.5185810      0.5167680      0.5165900      0.5159150      0.5147200      0.5131700      0.5118000      0.5104300      0.5090500      0.5076700      0.5062900      0.5049000      0.5035200      0.5021200      0.5007300      0.4993300      0.4979300      0.4965300      0.4951300      0.4937200      0.4923100      0.4909100    
  0.5263100      0.5253200      0.5252790      0.5252380      0.5236520      0.5206800      0.5205960      0.5186080      0.5166790      0.5165900      0.5162530      0.5150990      0.5131700      0.5124850      0.5118000      0.5104270      0.5090500      0.5076700      0.5052940      0.5041700      0.5027800      0.5013900      0.4999900      0.4985900      0.4971900      0.4957900      0.4943800      0.4929700      0.4915700      0.4901600    
  0.5253200      0.5253000      0.5252790      0.5237120      0.5206800      0.5206380      0.5186220      0.5166340      0.5165900      0.5164210      0.5152780      0.5131700      0.5128280      0.5124850      0.5115710      0.5104260      0.5090490      0.5058520      0.5038050      0.5034400      0.5020500      0.5006500      0.4992500      0.4978500      0.4964500      0.4950400      0.4936300      0.4922300      0.4908200      0.4894000    
  0.5253100      0.5253000      0.5237430      0.5206800      0.5206590      0.5186280      0.5166120      0.5165900      0.5165060      0.5153650      0.5131700      0.5129990      0.5128280      0.5122940      0.5114940      0.5103480      0.5064780      0.5036230      0.5034400      0.5022700      0.5013200      0.4999200      0.4985200      0.4971100      0.4957100      0.4943000      0.4928900      0.4914800      0.4900700      0.4886500    
  0.5253100      0.5237580      0.5206800      0.5206700      0.5186320      0.5166010      0.5165900      0.5165480      0.5154080      0.5131700      0.5130840      0.5129990      0.5127070      0.5122050      0.5113790      0.5066210      0.5035310      0.5034400      0.5014450      0.5005850      0.4997440      0.4991800      0.4977800      0.4963700      0.4949600      0.4935500      0.4921400      0.4907300      0.4893100      0.4879000    
  0.5237660      0.5206800      0.5206750      0.5186330      0.5165960      0.5165900      0.5165690      0.5154290      0.5131700      0.5131270      0.5130840      0.5129300      0.5126370      0.5088330      0.5050100      0.5012550      0.5012550      0.5005490      0.4997300      0.4994850      0.4998500      0.4984500      0.4970400      0.4956300      0.4942200      0.4928100      0.4914000      0.4899800      0.4885600      0.4871500    
  0.5206800      0.5206770      0.5186340      0.5165930      0.5165900      0.5165790      0.5154390      0.5131700      0.5131490      0.5131270      0.5130470      0.5128840      0.5064820      0.4990180      0.4990400      0.4995580      0.4989800      0.4990700      0.4990590      0.4991200      0.4991200      0.4977100      0.4963000      0.4948900      0.4934800      0.4920700      0.4906500      0.4892300      0.4878100      0.4863900    
  0.5206790      0.5186350      0.5165910      0.5165900      0.5165850      0.5154450      0.5131700      0.5131590      0.5131490      0.5131080      0.5071360      0.4983100      0.4987630      0.4989950      0.4989950      0.4990400      0.4989590      0.4988900      0.4990700      0.4985600      0.4983900      0.4969800      0.4955700      0.4941500      0.4927400      0.4913200      0.4899000      0.4884800      0.4870600      0.4856400    
  0.5186350      0.5165910      0.5165900      0.5165870      0.5154470      0.5131700      0.5131650      0.5131590      0.5131390      0.5060020      0.4983100      0.4983100      0.4983100      0.4987290      0.4989500      0.4989500      0.4990400      0.4988350      0.4987100      0.4990700      0.4976600      0.4962500      0.4948300      0.4934200      0.4920000      0.4905800      0.4891600      0.4877400      0.4863100      0.4848900    
  0.5165900      0.5165900      0.5165890      0.5154490      0.5131700      0.5131670      0.5131650      0.5089180      0.5040710      0.4983080      0.4983100      0.4983100      0.4983100      0.4983100      0.4986630      0.4988600      0.4988600      0.4990400      0.4985200      0.4983500      0.4969300      0.4955200      0.4941000      0.4926800      0.4912600      0.4898400      0.4884100      0.4869900      0.4855600      0.4841400    
  0.5165900      0.5165890      0.5154490      0.5131700      0.5131690      0.5066880      0.4969700      0.4965900      0.4962100      0.4976050      0.4983040      0.4983100      0.4983100      0.4983100      0.4983100      0.4985300      0.4986800      0.4986800      0.4990400      0.4976200      0.4962000      0.4947800      0.4933600      0.4919400      0.4905200      0.4890900      0.4876700      0.4862400      0.4848100      0.4833900    
  0.5165900      0.5154500      0.5131700      0.5131690      0.5053920      0.4969690      0.4969690      0.4969700      0.4965900      0.4962100      0.4975950      0.4982920      0.4983100      0.4983100      0.4983100      0.4983100      0.4982720      0.4983200      0.4983200      0.4969000      0.4954800      0.4940500      0.4926300      0.4912000      0.4897800      0.4883500      0.4869200      0.4854900      0.4840700      0.4826400    
