iMOD/TUTORIALS/TUT_MetaswapAnalyser/model_MetaSWAP/meteo/Evaporation/Evaporation_20050122_L1.ASC
NCOLS                30
NROWS                30
XLLCORNER     160000.00
YLLCORNER     340000.00
CELLSIZE        1000.00
NODATA_VALUE   -9999.00
  0.4645100      0.4648100      0.4650800      0.4653200      0.4655400      0.4657400      0.4659100      0.4660700      0.4662100      0.4663400      0.4664500      0.4665500      0.4666400      0.4667300      0.4668000      0.4668700      0.4669400      0.4670000      0.4670600      0.4671200      0.4671800      0.4672400      0.4673000      0.4673600      0.4674300      0.4675000      0.4675700      0.4676400      0.4677300      0.4678100    
  0.4639500      0.4642400      0.4645100      0.4647600      0.4649800      0.4651800      0.4653600      0.4655200      0.4656600      0.4657900      0.4659100      0.4660100      0.4661100      0.4662000      0.4662800      0.4663500      0.4664200      0.4664900      0.4665500      0.4666100      0.4666700      0.4667400      0.4668000      0.4668600      0.4669300      0.4670000      0.4670800      0.4671500      0.4672300      0.4673200    
  0.4633700      0.4636600      0.4639300      0.4641800      0.4644000      0.4646000      0.4647800      0.4649500      0.4651000      0.4652300      0.4653500      0.4654600      0.4655600      0.4656500      0.4657300      0.4658100      0.4658800      0.4659500      0.4660200      0.4660900      0.4661500      0.4662200      0.4662800      0.4663500      0.4664200      0.4664900      0.4665700      0.4666500      0.4667300      0.4668200    
  0.4627800      0.4630700      0.4633400      0.4635900      0.4638100      0.4640100      0.4642000      0.4643700      0.4645200      0.4646500      0.4647800      0.4648900      0.4649900      0.4650900      0.4651700      0.4652600      0.4653300      0.4654100      0.4654800      0.4655400      0.4656100      0.4656800      0.4657500      0.4658200      0.4658900      0.4659700      0.4660500      0.4661300      0.4662100      0.4663000    
  0.4621800      0.4624700      0.4627400      0.4629900      0.4632100      0.4634100      0.4636000      0.4637700      0.4639200      0.4640600      0.4641900      0.4643100      0.4644100      0.4645100      0.4646000      0.4646900      0.4647700      0.4648400      0.4649200      0.4649900      0.4650600      0.4651300      0.4652000      0.4652800      0.4653500      0.4654300      0.4655100      0.4656000      0.4656800      0.4657800    
  0.4615700      0.4618600      0.4621300      0.4623700      0.4626000      0.4628000      0.4629900      0.4631600      0.4633200      0.4634600      0.4635900      0.4637100      0.4638200      0.4639200      0.4640100      0.4641000      0.4641900      0.4642700      0.4643400      0.4644200      0.4644900      0.4645700      0.4646400      0.4647200      0.4648000      0.4648800      0.4649600      0.4650500      0.4651400      0.4652400    
  0.4609600      0.4612400      0.4615100      0.4617500      0.4619700      0.4621800      0.4623700      0.4625400      0.4627000      0.4628400      0.4629800      0.4631000      0.4632100      0.4633200      0.4634200      0.4635100      0.4635900      0.4636800      0.4637600      0.4638400      0.4639100      0.4639900      0.4640700      0.4641500      0.4642300      0.4643200      0.4644000      0.4644900      0.4645900      0.4646800    
  0.4603300      0.4606100      0.4608800      0.4611200      0.4613400      0.4615500      0.4617400      0.4619100      0.4620700      0.4622200      0.4623500      0.4624800      0.4625900      0.4627000      0.4628000      0.4629000      0.4629900      0.4630800      0.4631600      0.4632400      0.4633200      0.4634000      0.4634900      0.4635700      0.4636500      0.4637400      0.4638300      0.4639200      0.4640200      0.4641200    
  0.4597000      0.4599800      0.4602400      0.4604800      0.4607000      0.4609100      0.4611000      0.4612700      0.4614300      0.4615800      0.4617200      0.4618500      0.4619600      0.4620800      0.4621800      0.4622800      0.4623700      0.4624600      0.4625500      0.4626300      0.4627200      0.4628000      0.4628900      0.4629700      0.4630600      0.4631500      0.4632500      0.4633400      0.4634400      0.4635500    
  0.4590600      0.4593300      0.4595900      0.4598300      0.4600500      0.4602600      0.4604500      0.4606200      0.4607800      0.4609300      0.4610700      0.4612000      0.4613200      0.4614400      0.4615400      0.4616500      0.4617400      0.4618400      0.4619300      0.4620200      0.4621000      0.4621900      0.4622800      0.4623700      0.4624600      0.4625600      0.4626500      0.4627500      0.4628600      0.4629600    
  0.4590500      0.4593270      0.4594800      0.4591700      0.4593900      0.4596000      0.4597900      0.4599600      0.4601300      0.4602800      0.4604200      0.4605500      0.4606800      0.4607900      0.4609000      0.4610000      0.4611000      0.4612000      0.4612900      0.4613900      0.4614800      0.4615700      0.4616600      0.4617500      0.4618500      0.4619500      0.4620500      0.4621500      0.4622600      0.4623700    
  0.4590440      0.4592570      0.4591700      0.4588380      0.4587300      0.4589300      0.4591200      0.4593000      0.4594600      0.4596200      0.4597600      0.4598900      0.4600200      0.4601300      0.4602500      0.4603500      0.4604600      0.4605600      0.4606500      0.4607500      0.4608400      0.4609400      0.4610300      0.4611300      0.4612300      0.4613300      0.4614300      0.4615400      0.4616500      0.4617600    
  0.4590550      0.4591700      0.4586160      0.4583950      0.4580600      0.4582600      0.4584500      0.4586300      0.4587900      0.4589400      0.4590900      0.4592200      0.4593500      0.4594700      0.4595800      0.4596900      0.4598000      0.4599000      0.4600000      0.4601000      0.4602000      0.4603000      0.4603900      0.4604900      0.4606000      0.4607000      0.4608100      0.4609200      0.4610300      0.4611500    
  0.4591700      0.4585180      0.4582280      0.4580600      0.4579700      0.4575900      0.4577700      0.4579500      0.4581100      0.4582700      0.4584100      0.4585500      0.4586700      0.4588000      0.4589100      0.4590200      0.4591300      0.4592400      0.4593400      0.4594400      0.4595400      0.4596400      0.4597500      0.4598500      0.4599600      0.4600600      0.4601700      0.4602900      0.4604100      0.4605300    
  0.4584730      0.4581440      0.4580600      0.4578730      0.4575900      0.4574830      0.4570900      0.4572700      0.4574300      0.4575800      0.4577300      0.4578600      0.4579900      0.4581200      0.4582300      0.4583500      0.4584600      0.4585700      0.4586700      0.4587800      0.4588800      0.4589800      0.4590900      0.4592000      0.4593100      0.4594200      0.4595300      0.4596500      0.4597700      0.4599000    
  0.4581020      0.4580600      0.4578410      0.4575900      0.4573880      0.4570900      0.4571800      0.4572630      0.4572920      0.4568900      0.4570400      0.4571700      0.4573000      0.4574300      0.4575500      0.4576600      0.4577800      0.4578900      0.4580000      0.4581000      0.4582100      0.4583200      0.4584300      0.4585400      0.4586500      0.4587700      0.4588800      0.4590100      0.4591300      0.4592600    
  0.4580600      0.4578300      0.4575900      0.4573560      0.4570900      0.4571350      0.4571780      0.4571560      0.4568900      0.4569650      0.4566720      0.4564800      0.4566100      0.4567400      0.4568600      0.4569700      0.4570900      0.4572000      0.4573100      0.4574200      0.4575300      0.4576400      0.4577600      0.4578700      0.4579900      0.4581000      0.4582300      0.4583500      0.4584800      0.4586200    
  0.4578270      0.4575900      0.4573450      0.4570900      0.4571120      0.4571340      0.4570900      0.4568900      0.4569270      0.4564870      0.4561300      0.4557800      0.4559100      0.4560400      0.4561600      0.4562800      0.4564000      0.4565100      0.4566200      0.4567400      0.4568500      0.4569600      0.4570800      0.4571900      0.4573100      0.4574400      0.4575600      0.4576900      0.4578300      0.4579700    
  0.4575900      0.4573420      0.4570900      0.4571010      0.4571120      0.4570570      0.4568900      0.4569090      0.4564080      0.4559550      0.4557800      0.4558450      0.4557680      0.4553400      0.4554600      0.4555800      0.4557000      0.4558100      0.4559300      0.4560400      0.4561600      0.4562700      0.4563900      0.4565100      0.4566400      0.4567600      0.4568900      0.4570300      0.4571700      0.4573100    
  0.4573410      0.4570900      0.4570960      0.4571010      0.4570400      0.4568900      0.4568990      0.4563710      0.4558670      0.4557800      0.4558130      0.4556830      0.4553400      0.4554000      0.4554600      0.4555800      0.4556970      0.4558130      0.4555520      0.4553400      0.4554600      0.4555800      0.4557000      0.4558300      0.4559500      0.4560800      0.4562200      0.4563600      0.4565000      0.4566500    
  0.4570900      0.4570930      0.4570960      0.4570320      0.4568900      0.4568950      0.4563530      0.4558240      0.4557800      0.4557960      0.4556540      0.4553400      0.4553700      0.4554000      0.4554800      0.4555790      0.4556970      0.4553380      0.4549900      0.4546400      0.4547600      0.4548800      0.4550100      0.4551400      0.4552700      0.4554000      0.4555400      0.4556800      0.4558300      0.4559800    
  0.4570910      0.4570930      0.4570280      0.4568900      0.4568920      0.4563440      0.4558020      0.4557800      0.4557880      0.4556430      0.4553400      0.4553550      0.4553700      0.4554170      0.4554860      0.4555850      0.4552140      0.4548150      0.4546400      0.4544870      0.4540600      0.4541800      0.4543100      0.4544400      0.4545700      0.4547100      0.4548500      0.4550000      0.4551500      0.4553000    
  0.4570910      0.4570250      0.4568900      0.4568910      0.4563390      0.4557910      0.4557800      0.4557840      0.4556380      0.4553400      0.4553470      0.4553550      0.4553810      0.4554240      0.4554960      0.4547020      0.4547280      0.4546400      0.4536890      0.4533500      0.4534260      0.4534800      0.4536100      0.4537400      0.4538800      0.4540200      0.4541600      0.4543100      0.4544700      0.4546300    
  0.4570240      0.4568900      0.4568910      0.4563370      0.4557850      0.4557800      0.4557820      0.4556350      0.4553400      0.4553440      0.4553470      0.4553610      0.4553870      0.4537700      0.4528690      0.4524940      0.4524950      0.4525160      0.4525170      0.4522800      0.4526400      0.4527700      0.4529000      0.4530400      0.4531800      0.4533200      0.4534700      0.4536200      0.4537800      0.4539500    
  0.4568900      0.4568900      0.4563360      0.4557830      0.4557800      0.4557810      0.4556340      0.4553400      0.4553420      0.4553440      0.4553510      0.4553650      0.4524020      0.4487570      0.4487800      0.4503170      0.4502600      0.4503500      0.4513850      0.4519200      0.4519200      0.4520500      0.4521900      0.4523300      0.4524700      0.4526200      0.4527700      0.4529300      0.4531000      0.4532600    
  0.4568900      0.4563360      0.4557810      0.4557800      0.4557810      0.4556340      0.4553400      0.4553410      0.4553420      0.4553450      0.4518040      0.4464800      0.4479790      0.4487340      0.4487340      0.4487800      0.4497340      0.4501700      0.4503500      0.4509900      0.4512000      0.4513400      0.4514800      0.4516200      0.4517700      0.4519200      0.4520800      0.4522400      0.4524100      0.4525800    
  0.4563350      0.4557810      0.4557800      0.4557800      0.4556340      0.4553400      0.4553400      0.4553410      0.4553430      0.4510900      0.4464800      0.4464800      0.4464800      0.4479460      0.4486890      0.4486890      0.4487800      0.4496340      0.4499900      0.4503500      0.4504900      0.4506200      0.4507600      0.4509100      0.4510600      0.4512100      0.4513700      0.4515400      0.4517100      0.4518900    
  0.4557800      0.4557800      0.4557800      0.4556330      0.4553400      0.4553400      0.4553400      0.4522090      0.4493860      0.4464780      0.4464800      0.4464800      0.4464800      0.4464800      0.4478800      0.4485980      0.4485970      0.4487800      0.4494180      0.4496300      0.4497700      0.4499000      0.4500500      0.4502000      0.4503500      0.4505100      0.4506700      0.4508400      0.4510200      0.4512000    
  0.4557800      0.4557800      0.4556330      0.4553400      0.4553400      0.4500080      0.4420100      0.4424100      0.4428100      0.4452510      0.4464740      0.4464800      0.4464800      0.4464800      0.4464800      0.4477530      0.4484160      0.4484150      0.4487800      0.4489100      0.4490400      0.4491800      0.4493300      0.4494800      0.4496400      0.4498000      0.4499700      0.4501400      0.4503200      0.4505100    
  0.4557800      0.4556330      0.4553400      0.4553400      0.4489410      0.4420090      0.4420090      0.4420100      0.4424100      0.4428100      0.4452410      0.4464620      0.4464800      0.4464800      0.4464800      0.4464800      0.4475160      0.4480530      0.4480500      0.4481900      0.4483200      0.4484700      0.4486100      0.4487700      0.4489300      0.4490900      0.4492700      0.4494400      0.4496300      0.4498200    
