iMOD/TUTORIALS/TUT_MetaswapAnalyser/model_MetaSWAP/meteo/Evaporation/Evaporation_20051115_L1.ASC
NCOLS                30
NROWS                30
XLLCORNER     160000.00
YLLCORNER     340000.00
CELLSIZE        1000.00
NODATA_VALUE   -9999.00
  0.6002000E-01  0.5975000E-01  0.5947000E-01  0.5919000E-01  0.5889000E-01  0.5860000E-01  0.5829000E-01  0.5798000E-01  0.5766000E-01  0.5733000E-01  0.5700000E-01  0.5666000E-01  0.5632000E-01  0.5596000E-01  0.5560000E-01  0.5524000E-01  0.5486000E-01  0.5448000E-01  0.5409000E-01  0.5370000E-01  0.5330000E-01  0.5289000E-01  0.5248000E-01  0.5205000E-01  0.5163000E-01  0.5119000E-01  0.5075000E-01  0.5031000E-01  0.4985000E-01  0.4940000E-01
  0.5978000E-01  0.5951000E-01  0.5924000E-01  0.5895000E-01  0.5866000E-01  0.5837000E-01  0.5807000E-01  0.5776000E-01  0.5744000E-01  0.5712000E-01  0.5679000E-01  0.5645000E-01  0.5611000E-01  0.5576000E-01  0.5540000E-01  0.5504000E-01  0.5466000E-01  0.5428000E-01  0.5390000E-01  0.5350000E-01  0.5310000E-01  0.5270000E-01  0.5228000E-01  0.5186000E-01  0.5144000E-01  0.5100000E-01  0.5056000E-01  0.5012000E-01  0.4966000E-01  0.4921000E-01
  0.5954000E-01  0.5927000E-01  0.5900000E-01  0.5872000E-01  0.5844000E-01  0.5814000E-01  0.5784000E-01  0.5754000E-01  0.5722000E-01  0.5690000E-01  0.5658000E-01  0.5624000E-01  0.5590000E-01  0.5555000E-01  0.5520000E-01  0.5483000E-01  0.5446000E-01  0.5409000E-01  0.5370000E-01  0.5331000E-01  0.5291000E-01  0.5251000E-01  0.5209000E-01  0.5167000E-01  0.5125000E-01  0.5081000E-01  0.5037000E-01  0.4993000E-01  0.4947000E-01  0.4902000E-01
  0.5930000E-01  0.5904000E-01  0.5877000E-01  0.5849000E-01  0.5821000E-01  0.5792000E-01  0.5762000E-01  0.5732000E-01  0.5701000E-01  0.5669000E-01  0.5637000E-01  0.5604000E-01  0.5570000E-01  0.5535000E-01  0.5500000E-01  0.5464000E-01  0.5427000E-01  0.5389000E-01  0.5351000E-01  0.5312000E-01  0.5272000E-01  0.5232000E-01  0.5190000E-01  0.5148000E-01  0.5106000E-01  0.5062000E-01  0.5019000E-01  0.4974000E-01  0.4929000E-01  0.4883000E-01
  0.5906000E-01  0.5880000E-01  0.5853000E-01  0.5826000E-01  0.5798000E-01  0.5769000E-01  0.5740000E-01  0.5710000E-01  0.5679000E-01  0.5648000E-01  0.5616000E-01  0.5583000E-01  0.5549000E-01  0.5515000E-01  0.5480000E-01  0.5444000E-01  0.5407000E-01  0.5370000E-01  0.5332000E-01  0.5293000E-01  0.5253000E-01  0.5213000E-01  0.5171000E-01  0.5130000E-01  0.5087000E-01  0.5044000E-01  0.5000000E-01  0.4955000E-01  0.4910000E-01  0.4864000E-01
  0.5882000E-01  0.5857000E-01  0.5830000E-01  0.5803000E-01  0.5776000E-01  0.5747000E-01  0.5718000E-01  0.5688000E-01  0.5658000E-01  0.5627000E-01  0.5595000E-01  0.5562000E-01  0.5529000E-01  0.5495000E-01  0.5460000E-01  0.5424000E-01  0.5388000E-01  0.5350000E-01  0.5312000E-01  0.5274000E-01  0.5234000E-01  0.5194000E-01  0.5153000E-01  0.5111000E-01  0.5068000E-01  0.5025000E-01  0.4981000E-01  0.4936000E-01  0.4891000E-01  0.4845000E-01
  0.5859000E-01  0.5833000E-01  0.5807000E-01  0.5780000E-01  0.5753000E-01  0.5725000E-01  0.5696000E-01  0.5667000E-01  0.5637000E-01  0.5606000E-01  0.5574000E-01  0.5542000E-01  0.5509000E-01  0.5475000E-01  0.5440000E-01  0.5404000E-01  0.5368000E-01  0.5331000E-01  0.5293000E-01  0.5255000E-01  0.5215000E-01  0.5175000E-01  0.5134000E-01  0.5092000E-01  0.5050000E-01  0.5006000E-01  0.4962000E-01  0.4918000E-01  0.4872000E-01  0.4826000E-01
  0.5835000E-01  0.5810000E-01  0.5784000E-01  0.5758000E-01  0.5731000E-01  0.5703000E-01  0.5674000E-01  0.5645000E-01  0.5615000E-01  0.5585000E-01  0.5553000E-01  0.5521000E-01  0.5488000E-01  0.5455000E-01  0.5420000E-01  0.5385000E-01  0.5349000E-01  0.5312000E-01  0.5274000E-01  0.5236000E-01  0.5196000E-01  0.5156000E-01  0.5115000E-01  0.5074000E-01  0.5031000E-01  0.4988000E-01  0.4944000E-01  0.4899000E-01  0.4854000E-01  0.4808000E-01
  0.5811000E-01  0.5786000E-01  0.5761000E-01  0.5735000E-01  0.5708000E-01  0.5681000E-01  0.5653000E-01  0.5624000E-01  0.5594000E-01  0.5564000E-01  0.5533000E-01  0.5501000E-01  0.5468000E-01  0.5435000E-01  0.5400000E-01  0.5365000E-01  0.5329000E-01  0.5293000E-01  0.5255000E-01  0.5217000E-01  0.5177000E-01  0.5137000E-01  0.5097000E-01  0.5055000E-01  0.5013000E-01  0.4969000E-01  0.4925000E-01  0.4881000E-01  0.4835000E-01  0.4789000E-01
  0.5787000E-01  0.5763000E-01  0.5738000E-01  0.5712000E-01  0.5686000E-01  0.5659000E-01  0.5631000E-01  0.5602000E-01  0.5573000E-01  0.5543000E-01  0.5512000E-01  0.5480000E-01  0.5448000E-01  0.5415000E-01  0.5381000E-01  0.5346000E-01  0.5310000E-01  0.5273000E-01  0.5236000E-01  0.5198000E-01  0.5159000E-01  0.5119000E-01  0.5078000E-01  0.5036000E-01  0.4994000E-01  0.4951000E-01  0.4907000E-01  0.4862000E-01  0.4816000E-01  0.4770000E-01
  0.5787000E-01  0.5762670E-01  0.5725500E-01  0.5689000E-01  0.5663000E-01  0.5636000E-01  0.5609000E-01  0.5581000E-01  0.5552000E-01  0.5522000E-01  0.5491000E-01  0.5460000E-01  0.5428000E-01  0.5395000E-01  0.5361000E-01  0.5326000E-01  0.5291000E-01  0.5254000E-01  0.5217000E-01  0.5179000E-01  0.5140000E-01  0.5100000E-01  0.5059000E-01  0.5018000E-01  0.4975000E-01  0.4932000E-01  0.4888000E-01  0.4843000E-01  0.4798000E-01  0.4751000E-01
  0.5786890E-01  0.5741040E-01  0.5689000E-01  0.5652750E-01  0.5641000E-01  0.5614000E-01  0.5587000E-01  0.5559000E-01  0.5530000E-01  0.5501000E-01  0.5470000E-01  0.5439000E-01  0.5407000E-01  0.5375000E-01  0.5341000E-01  0.5306000E-01  0.5271000E-01  0.5235000E-01  0.5198000E-01  0.5160000E-01  0.5121000E-01  0.5081000E-01  0.5040000E-01  0.4999000E-01  0.4957000E-01  0.4913000E-01  0.4869000E-01  0.4825000E-01  0.4779000E-01  0.4732000E-01
  0.5756930E-01  0.5689000E-01  0.5647310E-01  0.5629500E-01  0.5618000E-01  0.5592000E-01  0.5565000E-01  0.5537000E-01  0.5509000E-01  0.5480000E-01  0.5450000E-01  0.5419000E-01  0.5387000E-01  0.5355000E-01  0.5321000E-01  0.5287000E-01  0.5252000E-01  0.5216000E-01  0.5179000E-01  0.5141000E-01  0.5102000E-01  0.5062000E-01  0.5022000E-01  0.4980000E-01  0.4938000E-01  0.4895000E-01  0.4851000E-01  0.4806000E-01  0.4760000E-01  0.4713000E-01
  0.5689000E-01  0.5644520E-01  0.5623750E-01  0.5618000E-01  0.5593000E-01  0.5569000E-01  0.5543000E-01  0.5516000E-01  0.5487000E-01  0.5458000E-01  0.5429000E-01  0.5398000E-01  0.5367000E-01  0.5334000E-01  0.5301000E-01  0.5267000E-01  0.5232000E-01  0.5196000E-01  0.5159000E-01  0.5122000E-01  0.5083000E-01  0.5043000E-01  0.5003000E-01  0.4961000E-01  0.4919000E-01  0.4876000E-01  0.4832000E-01  0.4787000E-01  0.4741000E-01  0.4694000E-01
  0.5643100E-01  0.5620880E-01  0.5618000E-01  0.5593330E-01  0.5569000E-01  0.5544330E-01  0.5521000E-01  0.5494000E-01  0.5466000E-01  0.5437000E-01  0.5408000E-01  0.5377000E-01  0.5346000E-01  0.5314000E-01  0.5281000E-01  0.5247000E-01  0.5212000E-01  0.5177000E-01  0.5140000E-01  0.5102000E-01  0.5064000E-01  0.5024000E-01  0.4984000E-01  0.4942000E-01  0.4900000E-01  0.4857000E-01  0.4813000E-01  0.4768000E-01  0.4722000E-01  0.4675000E-01
  0.5619440E-01  0.5618000E-01  0.5593440E-01  0.5569000E-01  0.5544780E-01  0.5521000E-01  0.5507500E-01  0.5493670E-01  0.5453250E-01  0.5416000E-01  0.5386000E-01  0.5356000E-01  0.5325000E-01  0.5294000E-01  0.5261000E-01  0.5227000E-01  0.5193000E-01  0.5157000E-01  0.5120000E-01  0.5083000E-01  0.5045000E-01  0.5005000E-01  0.4965000E-01  0.4923000E-01  0.4881000E-01  0.4838000E-01  0.4794000E-01  0.4748000E-01  0.4703000E-01  0.4656000E-01
  0.5618000E-01  0.5593480E-01  0.5569000E-01  0.5544930E-01  0.5521000E-01  0.5514250E-01  0.5507390E-01  0.5467600E-01  0.5416000E-01  0.5401000E-01  0.5361400E-01  0.5335000E-01  0.5305000E-01  0.5273000E-01  0.5241000E-01  0.5207000E-01  0.5173000E-01  0.5137000E-01  0.5101000E-01  0.5063000E-01  0.5025000E-01  0.4986000E-01  0.4945000E-01  0.4904000E-01  0.4862000E-01  0.4818000E-01  0.4774000E-01  0.4729000E-01  0.4683000E-01  0.4636000E-01
  0.5593490E-01  0.5569000E-01  0.5544980E-01  0.5521000E-01  0.5517630E-01  0.5514210E-01  0.5476310E-01  0.5416000E-01  0.5408500E-01  0.5363380E-01  0.5324500E-01  0.5314000E-01  0.5284000E-01  0.5252000E-01  0.5220000E-01  0.5187000E-01  0.5153000E-01  0.5117000E-01  0.5081000E-01  0.5044000E-01  0.5006000E-01  0.4966000E-01  0.4926000E-01  0.4885000E-01  0.4842000E-01  0.4799000E-01  0.4755000E-01  0.4710000E-01  0.4663000E-01  0.4616000E-01
  0.5569000E-01  0.5544990E-01  0.5521000E-01  0.5519310E-01  0.5517610E-01  0.5481040E-01  0.5416000E-01  0.5412250E-01  0.5364230E-01  0.5319250E-01  0.5314000E-01  0.5299000E-01  0.5270250E-01  0.5231000E-01  0.5199000E-01  0.5166000E-01  0.5132000E-01  0.5097000E-01  0.5061000E-01  0.5024000E-01  0.4986000E-01  0.4947000E-01  0.4906000E-01  0.4865000E-01  0.4823000E-01  0.4779000E-01  0.4735000E-01  0.4690000E-01  0.4643000E-01  0.4596000E-01
  0.5545000E-01  0.5521000E-01  0.5520160E-01  0.5519310E-01  0.5483490E-01  0.5416000E-01  0.5414120E-01  0.5364620E-01  0.5316620E-01  0.5314000E-01  0.5306500E-01  0.5278560E-01  0.5231000E-01  0.5215000E-01  0.5198670E-01  0.5165670E-01  0.5131670E-01  0.5096670E-01  0.5034000E-01  0.5004000E-01  0.4966000E-01  0.4927000E-01  0.4886000E-01  0.4845000E-01  0.4803000E-01  0.4759000E-01  0.4715000E-01  0.4670000E-01  0.4623000E-01  0.4576000E-01
  0.5521000E-01  0.5520580E-01  0.5520150E-01  0.5484740E-01  0.5416000E-01  0.5415060E-01  0.5364810E-01  0.5315310E-01  0.5314000E-01  0.5310250E-01  0.5282520E-01  0.5231000E-01  0.5223000E-01  0.5214890E-01  0.5193110E-01  0.5165330E-01  0.5131330E-01  0.5048070E-01  0.4994000E-01  0.4984000E-01  0.4946000E-01  0.4906000E-01  0.4866000E-01  0.4825000E-01  0.4783000E-01  0.4739000E-01  0.4695000E-01  0.4649000E-01  0.4603000E-01  0.4555000E-01
  0.5520790E-01  0.5520580E-01  0.5485370E-01  0.5416000E-01  0.5415530E-01  0.5364910E-01  0.5314660E-01  0.5314000E-01  0.5312130E-01  0.5284440E-01  0.5231000E-01  0.5227000E-01  0.5222960E-01  0.5210330E-01  0.5191110E-01  0.5163260E-01  0.5063550E-01  0.4989000E-01  0.4984000E-01  0.4951670E-01  0.4925000E-01  0.4886000E-01  0.4846000E-01  0.4805000E-01  0.4762000E-01  0.4719000E-01  0.4674000E-01  0.4629000E-01  0.4582000E-01  0.4534000E-01
  0.5520790E-01  0.5485680E-01  0.5416000E-01  0.5415770E-01  0.5364950E-01  0.5314330E-01  0.5314000E-01  0.5313060E-01  0.5285390E-01  0.5231000E-01  0.5229000E-01  0.5226990E-01  0.5220100E-01  0.5208140E-01  0.5188230E-01  0.5064680E-01  0.4986500E-01  0.4984000E-01  0.4927920E-01  0.4904000E-01  0.4880600E-01  0.4865000E-01  0.4825000E-01  0.4784000E-01  0.4741000E-01  0.4698000E-01  0.4653000E-01  0.4608000E-01  0.4561000E-01  0.4513000E-01
  0.5485840E-01  0.5416000E-01  0.5415880E-01  0.5364980E-01  0.5314160E-01  0.5314000E-01  0.5313530E-01  0.5285860E-01  0.5231000E-01  0.5230000E-01  0.5229000E-01  0.5225360E-01  0.5218410E-01  0.5115120E-01  0.5014910E-01  0.4918920E-01  0.4919000E-01  0.4900470E-01  0.4879000E-01  0.4872000E-01  0.4883000E-01  0.4844000E-01  0.4804000E-01  0.4763000E-01  0.4720000E-01  0.4677000E-01  0.4632000E-01  0.4586000E-01  0.4539000E-01  0.4491000E-01
  0.5416000E-01  0.5415940E-01  0.5364990E-01  0.5314080E-01  0.5314000E-01  0.5313770E-01  0.5286100E-01  0.5231000E-01  0.5230500E-01  0.5230000E-01  0.5228120E-01  0.5224260E-01  0.5048930E-01  0.4843250E-01  0.4844000E-01  0.4865460E-01  0.4851250E-01  0.4854000E-01  0.4857440E-01  0.4861000E-01  0.4861000E-01  0.4823000E-01  0.4783000E-01  0.4741000E-01  0.4699000E-01  0.4655000E-01  0.4610000E-01  0.4564000E-01  0.4517000E-01  0.4469000E-01
  0.5415970E-01  0.5364990E-01  0.5314040E-01  0.5314000E-01  0.5313880E-01  0.5286220E-01  0.5231000E-01  0.5230750E-01  0.5230500E-01  0.5229540E-01  0.5058070E-01  0.4804000E-01  0.4829540E-01  0.4842500E-01  0.4842500E-01  0.4844000E-01  0.4847590E-01  0.4848500E-01  0.4854000E-01  0.4842750E-01  0.4839000E-01  0.4801000E-01  0.4761000E-01  0.4719000E-01  0.4677000E-01  0.4633000E-01  0.4588000E-01  0.4542000E-01  0.4495000E-01  0.4447000E-01
  0.5365000E-01  0.5314020E-01  0.5314000E-01  0.5313940E-01  0.5286270E-01  0.5231000E-01  0.5230880E-01  0.5230750E-01  0.5230260E-01  0.5025220E-01  0.4804000E-01  0.4804000E-01  0.4804000E-01  0.4828420E-01  0.4840990E-01  0.4841000E-01  0.4844000E-01  0.4843880E-01  0.4843000E-01  0.4854000E-01  0.4817000E-01  0.4778000E-01  0.4738000E-01  0.4697000E-01  0.4655000E-01  0.4611000E-01  0.4566000E-01  0.4520000E-01  0.4472000E-01  0.4424000E-01
  0.5314010E-01  0.5314000E-01  0.5313970E-01  0.5286300E-01  0.5231000E-01  0.5230940E-01  0.5230870E-01  0.5096970E-01  0.4958990E-01  0.4803920E-01  0.4804000E-01  0.4804000E-01  0.4804000E-01  0.4804000E-01  0.4826190E-01  0.4837960E-01  0.4838000E-01  0.4844000E-01  0.4834500E-01  0.4832000E-01  0.4794000E-01  0.4756000E-01  0.4716000E-01  0.4674000E-01  0.4632000E-01  0.4588000E-01  0.4543000E-01  0.4496000E-01  0.4449000E-01  0.4400000E-01
  0.5314000E-01  0.5313990E-01  0.5286320E-01  0.5231000E-01  0.5230970E-01  0.5016150E-01  0.4694000E-01  0.4695000E-01  0.4696000E-01  0.4767800E-01  0.4803770E-01  0.4804000E-01  0.4804000E-01  0.4804000E-01  0.4804000E-01  0.4821780E-01  0.4831890E-01  0.4832000E-01  0.4844000E-01  0.4808000E-01  0.4771000E-01  0.4732000E-01  0.4692000E-01  0.4651000E-01  0.4608000E-01  0.4564000E-01  0.4519000E-01  0.4473000E-01  0.4425000E-01  0.4376000E-01
  0.5313990E-01  0.5286330E-01  0.5231000E-01  0.5230980E-01  0.4973170E-01  0.4693940E-01  0.4693940E-01  0.4694000E-01  0.4695000E-01  0.4696000E-01  0.4767410E-01  0.4803320E-01  0.4804000E-01  0.4804000E-01  0.4804000E-01  0.4804000E-01  0.4813230E-01  0.4819670E-01  0.4820000E-01  0.4784000E-01  0.4747000E-01  0.4708000E-01  0.4669000E-01  0.4627000E-01  0.4585000E-01  0.4540000E-01  0.4495000E-01  0.4448000E-01  0.4400000E-01  0.4351000E-01
