iMOD/TUTORIALS/TUT_MetaswapAnalyser/model_MetaSWAP/meteo/Evaporation/Evaporation_20061014_L1.ASC
NCOLS                30
NROWS                30
XLLCORNER     160000.00
YLLCORNER     340000.00
CELLSIZE        1000.00
NODATA_VALUE   -9999.00
  0.9845200      0.9885500      0.9926200      0.9967300       1.000860       1.005000       1.009160       1.013310       1.017450       1.021570       1.025670       1.029730       1.033750       1.037730       1.041650       1.045520       1.049320       1.053060       1.056730       1.060320       1.063830       1.067260       1.070610       1.073880       1.077060       1.080150       1.083150       1.086060       1.088880       1.091610    
  0.9871600      0.9911800      0.9952300      0.9993100       1.003420       1.007540       1.011670       1.015790       1.019910       1.024010       1.028090       1.032130       1.036130       1.040090       1.044000       1.047850       1.051650       1.055370       1.059030       1.062620       1.066120       1.069550       1.072900       1.076170       1.079350       1.082440       1.085440       1.088360       1.091190       1.093920    
  0.9898800      0.9938800      0.9979100       1.001980       1.006060       1.010160       1.014260       1.018360       1.022460       1.026540       1.030590       1.034610       1.038600       1.042540       1.046430       1.050270       1.054050       1.057760       1.061410       1.064990       1.068490       1.071920       1.075260       1.078520       1.081700       1.084800       1.087800       1.090720       1.093550       1.096300    
  0.9926800      0.9966600       1.000670       1.004710       1.008780       1.012850       1.016930       1.021010       1.025080       1.029140       1.033170       1.037170       1.041140       1.045060       1.048940       1.052760       1.056530       1.060230       1.063870       1.067440       1.070930       1.074350       1.077690       1.080950       1.084130       1.087220       1.090230       1.093150       1.095980       1.098730    
  0.9955400      0.9995000       1.003500       1.007520       1.011570       1.015620       1.019680       1.023740       1.027790       1.031820       1.035830       1.039810       1.043760       1.047660       1.051520       1.055330       1.059080       1.062770       1.066400       1.069960       1.073440       1.076850       1.080190       1.083440       1.086610       1.089700       1.092710       1.095630       1.098460       1.101210    
  0.9984600       1.002410       1.006400       1.010400       1.014420       1.018460       1.022490       1.026530       1.030560       1.034570       1.038560       1.042520       1.046450       1.050340       1.054180       1.057970       1.061710       1.065380       1.069000       1.072540       1.076020       1.079420       1.082750       1.086000       1.089160       1.092250       1.095250       1.098170       1.101000       1.103750    
   1.001450       1.005390       1.009350       1.013340       1.017340       1.021360       1.025380       1.029390       1.033400       1.037390       1.041360       1.045300       1.049210       1.053080       1.056900       1.060680       1.064400       1.068060       1.071660       1.075200       1.078660       1.082050       1.085370       1.088610       1.091770       1.094860       1.097850       1.100770       1.103600       1.106340    
   1.004500       1.008420       1.012370       1.016340       1.020330       1.024320       1.028320       1.032320       1.036310       1.040280       1.044230       1.048150       1.052040       1.055890       1.059700       1.063450       1.067160       1.070810       1.074390       1.077920       1.081370       1.084750       1.088060       1.091290       1.094440       1.097520       1.100510       1.103420       1.106250       1.108990    
   1.007600       1.011510       1.015440       1.019400       1.023370       1.027350       1.031330       1.035310       1.039270       1.043230       1.047160       1.051060       1.054930       1.058760       1.062550       1.066290       1.069980       1.073620       1.077190       1.080700       1.084140       1.087510       1.090800       1.094030       1.097170       1.100240       1.103220       1.106130       1.108950       1.111680    
   1.010750       1.014650       1.018570       1.022510       1.026470       1.030430       1.034390       1.038350       1.042300       1.046240       1.050150       1.054030       1.057880       1.061700       1.065470       1.069190       1.072870       1.076480       1.080040       1.083540       1.086960       1.090320       1.093610       1.096820       1.099950       1.103010       1.105990       1.108880       1.111700       1.114430    
   1.010760       1.014660       1.020350       1.025680       1.029620       1.033570       1.037510       1.041450       1.045390       1.049300       1.053190       1.057060       1.060890       1.064690       1.068450       1.072150       1.075810       1.079410       1.082950       1.086430       1.089850       1.093190       1.096470       1.099670       1.102790       1.105840       1.108800       1.111690       1.114500       1.117220    
   1.010770       1.017860       1.025680       1.031050       1.032820       1.036750       1.040680       1.044610       1.048520       1.052420       1.056290       1.060140       1.063960       1.067740       1.071480       1.075170       1.078810       1.082390       1.085920       1.089390       1.092790       1.096120       1.099380       1.102560       1.105680       1.108710       1.111670       1.114550       1.117340       1.120060    
   1.015300       1.025680       1.031810       1.034450       1.036070       1.039980       1.043900       1.047810       1.051710       1.055590       1.059450       1.063280       1.067080       1.070840       1.074560       1.078240       1.081860       1.085430       1.088940       1.092390       1.095780       1.099090       1.102340       1.105510       1.108610       1.111640       1.114580       1.117450       1.120230       1.122940    
   1.025680       1.032200       1.035260       1.036070       1.039770       1.043260       1.047160       1.051060       1.054940       1.058800       1.062650       1.066460       1.070250       1.073990       1.077700       1.081350       1.084960       1.088520       1.092010       1.095450       1.098820       1.102120       1.105350       1.108510       1.111600       1.114610       1.117540       1.120390       1.123170       1.125860    
   1.032400       1.035660       1.036070       1.039700       1.043260       1.046960       1.050470       1.054350       1.058220       1.062070       1.065890       1.069690       1.073460       1.077190       1.080880       1.084520       1.088110       1.091650       1.095130       1.098550       1.101900       1.105190       1.108410       1.111550       1.114630       1.117620       1.120540       1.123380       1.126140       1.128830    
   1.035870       1.036070       1.039680       1.043260       1.046900       1.050470       1.052410       1.054350       1.060000       1.065370       1.069180       1.072970       1.076720       1.080430       1.084100       1.087730       1.091310       1.094830       1.098290       1.101700       1.105030       1.108310       1.111510       1.114640       1.117700       1.120680       1.123580       1.126410       1.129160       1.131830    
   1.036070       1.039670       1.043260       1.046880       1.050470       1.051440       1.052410       1.058030       1.065370       1.067280       1.072690       1.076280       1.080020       1.083720       1.087370       1.090980       1.094540       1.098050       1.101500       1.104890       1.108210       1.111460       1.114650       1.117770       1.120810       1.123780       1.126670       1.129480       1.132210       1.134870    
   1.039670       1.043260       1.046870       1.050470       1.050960       1.051440       1.056810       1.065370       1.066320       1.072580       1.077960       1.079630       1.083350       1.087040       1.090680       1.094280       1.097820       1.101310       1.104740       1.108120       1.111420       1.114660       1.117830       1.120930       1.123960       1.126910       1.129790       1.132580       1.135300       1.137940    
   1.043260       1.046870       1.050470       1.050710       1.050950       1.056140       1.065370       1.065850       1.072540       1.078790       1.079630       1.081490       1.085100       1.090400       1.094030       1.097610       1.101140       1.104610       1.108030       1.111380       1.114680       1.117900       1.121050       1.124140       1.127150       1.130080       1.132940       1.135720       1.138420       1.141050    
   1.046870       1.050470       1.050590       1.050710       1.055800       1.065370       1.065610       1.072520       1.079210       1.079630       1.080560       1.084160       1.090400       1.092220       1.094010       1.097590       1.101120       1.104590       1.111350       1.114690       1.117960       1.121170       1.124310       1.127380       1.130370       1.133290       1.136130       1.138890       1.141580       1.144180    
   1.050470       1.050530       1.050590       1.055620       1.065370       1.065490       1.072510       1.079420       1.079630       1.080100       1.083690       1.090400       1.091310       1.092210       1.094610       1.097580       1.101100       1.110290       1.116360       1.118030       1.121280       1.124480       1.127600       1.130650       1.133620       1.136520       1.139350       1.142090       1.144760       1.147350    
   1.050500       1.050530       1.055530       1.065370       1.065430       1.072500       1.079530       1.079630       1.079860       1.083450       1.090400       1.090850       1.091310       1.092710       1.094800       1.097760       1.108840       1.117190       1.118030       1.121320       1.124640       1.127810       1.130920       1.133950       1.136910       1.139790       1.142590       1.145320       1.147970       1.150540    
   1.050500       1.055480       1.065370       1.065400       1.072500       1.079580       1.079630       1.079750       1.083340       1.090400       1.090630       1.090850       1.091620       1.092940       1.095090       1.109470       1.117610       1.118030       1.125130       1.128030       1.129920       1.131170       1.134260       1.137280       1.140220       1.143080       1.145860       1.148570       1.151200       1.153750    
   1.055460       1.065370       1.065380       1.072500       1.079600       1.079630       1.079690       1.083280       1.090400       1.090510       1.090630       1.091030       1.091800       1.105510       1.117620       1.128320       1.128310       1.130000       1.132010       1.133140       1.131420       1.134560       1.137630       1.140630       1.143550       1.146400       1.149160       1.151850       1.154460       1.156990    
   1.065370       1.065380       1.072500       1.079620       1.079630       1.079660       1.083250       1.090400       1.090460       1.090510       1.090720       1.091150       1.114700       1.142520       1.142410       1.137530       1.139040       1.138600       1.136240       1.134860       1.134850       1.137980       1.141030       1.144010       1.146910       1.149730       1.152480       1.155150       1.157740       1.160250    
   1.065370       1.072500       1.079620       1.079630       1.079640       1.083230       1.090400       1.090430       1.090460       1.090560       1.114390       1.149790       1.145040       1.142630       1.142630       1.142410       1.140340       1.139470       1.138600       1.138380       1.138300       1.141410       1.144440       1.147400       1.150290       1.153090       1.155820       1.158460       1.161030       1.163520    
   1.072500       1.079630       1.079630       1.079640       1.083230       1.090400       1.090410       1.090430       1.090480       1.119000       1.149790       1.149790       1.149790       1.145200       1.142850       1.142850       1.142410       1.140880       1.140350       1.138600       1.141770       1.144860       1.147880       1.150820       1.153680       1.156470       1.159170       1.161800       1.164340       1.166810    
   1.079630       1.079630       1.079630       1.083220       1.090400       1.090410       1.090410       1.108890       1.128100       1.149800       1.149790       1.149790       1.149790       1.149790       1.145520       1.143290       1.143290       1.142410       1.142180       1.142100       1.145250       1.148330       1.151330       1.154250       1.157090       1.159860       1.162540       1.165140       1.167670       1.170110    
   1.079630       1.079630       1.083220       1.090400       1.090400       1.120000       1.164390       1.164310       1.164230       1.154630       1.149820       1.149790       1.149790       1.149790       1.149790       1.146160       1.144180       1.144180       1.142410       1.145610       1.148750       1.151810       1.154790       1.157690       1.160520       1.163260       1.165920       1.168500       1.171000       1.173420    
   1.079630       1.083220       1.090400       1.090400       1.125920       1.164400       1.164400       1.164390       1.164310       1.164230       1.154680       1.149880       1.149790       1.149790       1.149790       1.149790       1.147370       1.145940       1.145940       1.149140       1.152250       1.155300       1.158260       1.161150       1.163950       1.166670       1.169310       1.171860       1.174340       1.176740    
