iMOD/TUTORIALS/TUT_MetaswapAnalyser/model_MetaSWAP/meteo/Evaporation/Evaporation_20051109_L1.ASC
NCOLS                30
NROWS                30
XLLCORNER     160000.00
YLLCORNER     340000.00
CELLSIZE        1000.00
NODATA_VALUE   -9999.00
  0.3977700      0.3999100      0.4020700      0.4042500      0.4064700      0.4087100      0.4109700      0.4132600      0.4155700      0.4179000      0.4202600      0.4226400      0.4250500      0.4274800      0.4299300      0.4324000      0.4348900      0.4374000      0.4399300      0.4424900      0.4450600      0.4476500      0.4502600      0.4528900      0.4555400      0.4582100      0.4608900      0.4635900      0.4663000      0.4690300    
  0.3987200      0.4008400      0.4029900      0.4051700      0.4073700      0.4096000      0.4118500      0.4141300      0.4164300      0.4187500      0.4211000      0.4234700      0.4258600      0.4282800      0.4307200      0.4331800      0.4356600      0.4381600      0.4406800      0.4432300      0.4457900      0.4483700      0.4509700      0.4535900      0.4562300      0.4588900      0.4615600      0.4642500      0.4669500      0.4696700    
  0.3996700      0.4017800      0.4039200      0.4060900      0.4082800      0.4104900      0.4127300      0.4150000      0.4172900      0.4196000      0.4219400      0.4243000      0.4266800      0.4290900      0.4315100      0.4339600      0.4364300      0.4389200      0.4414400      0.4439700      0.4465200      0.4490900      0.4516800      0.4542900      0.4569200      0.4595700      0.4622300      0.4649100      0.4676100      0.4703200    
  0.4006100      0.4027200      0.4048500      0.4070000      0.4091800      0.4113900      0.4136200      0.4158700      0.4181500      0.4204500      0.4227800      0.4251300      0.4275000      0.4298900      0.4323100      0.4347500      0.4372100      0.4396900      0.4421900      0.4447100      0.4472500      0.4498100      0.4524000      0.4549900      0.4576100      0.4602500      0.4629000      0.4655700      0.4682600      0.4709600    
  0.4015600      0.4036500      0.4057700      0.4079200      0.4100900      0.4122800      0.4145000      0.4167400      0.4190100      0.4213000      0.4236200      0.4259600      0.4283200      0.4307000      0.4331100      0.4355300      0.4379800      0.4404500      0.4429400      0.4454600      0.4479900      0.4505400      0.4531100      0.4557000      0.4583100      0.4609300      0.4635800      0.4662400      0.4689200      0.4716100    
  0.4025100      0.4045900      0.4067000      0.4088300      0.4109900      0.4131800      0.4153900      0.4176200      0.4198700      0.4221600      0.4244600      0.4267900      0.4291400      0.4315100      0.4339000      0.4363200      0.4387600      0.4412200      0.4437000      0.4462000      0.4487200      0.4512600      0.4538300      0.4564000      0.4590000      0.4616200      0.4642500      0.4669100      0.4695800      0.4722600    
  0.4034600      0.4055300      0.4076300      0.4097500      0.4119000      0.4140700      0.4162700      0.4184900      0.4207400      0.4230100      0.4253000      0.4276200      0.4299600      0.4323200      0.4347000      0.4371100      0.4395400      0.4419900      0.4444600      0.4469500      0.4494600      0.4519900      0.4545400      0.4571100      0.4597000      0.4623100      0.4649300      0.4675800      0.4702400      0.4729100    
  0.4044000      0.4064700      0.4085600      0.4106700      0.4128100      0.4149700      0.4171600      0.4193700      0.4216000      0.4238600      0.4261500      0.4284500      0.4307800      0.4331300      0.4355100      0.4379000      0.4403200      0.4427600      0.4452200      0.4477000      0.4502000      0.4527200      0.4552600      0.4578200      0.4604000      0.4630000      0.4656200      0.4682500      0.4709000      0.4735700    
  0.4053500      0.4074100      0.4094800      0.4115900      0.4137200      0.4158700      0.4180400      0.4202500      0.4224700      0.4247200      0.4269900      0.4292900      0.4316000      0.4339400      0.4363100      0.4386900      0.4411000      0.4435300      0.4459800      0.4484500      0.4509400      0.4534500      0.4559800      0.4585400      0.4611100      0.4636900      0.4663000      0.4689300      0.4715700      0.4742300    
  0.4063000      0.4083400      0.4104100      0.4125100      0.4146200      0.4167700      0.4189300      0.4211200      0.4233400      0.4255800      0.4278400      0.4301200      0.4324300      0.4347600      0.4371100      0.4394900      0.4418800      0.4443000      0.4467400      0.4492000      0.4516900      0.4541900      0.4567100      0.4592500      0.4618100      0.4643900      0.4669900      0.4696000      0.4722400      0.4748900    
  0.4063070      0.4083500      0.4111730      0.4134300      0.4155300      0.4176700      0.4198200      0.4220000      0.4242100      0.4264300      0.4286800      0.4309600      0.4332600      0.4355800      0.4379200      0.4402800      0.4426700      0.4450800      0.4475100      0.4499600      0.4524300      0.4549200      0.4574400      0.4599700      0.4625200      0.4650900      0.4676800      0.4702800      0.4729100      0.4755500    
  0.4063160      0.4098150      0.4134300      0.4156880      0.4164400      0.4185700      0.4207100      0.4228800      0.4250800      0.4272900      0.4295300      0.4318000      0.4340800      0.4363900      0.4387300      0.4410800      0.4434600      0.4458600      0.4482800      0.4507200      0.4531800      0.4556600      0.4581600      0.4606900      0.4632300      0.4657900      0.4683700      0.4709700      0.4735800      0.4762200    
  0.4084650      0.4134300      0.4158410      0.4168950      0.4173500      0.4194700      0.4216000      0.4237600      0.4259500      0.4281500      0.4303800      0.4326400      0.4349100      0.4372100      0.4395300      0.4418800      0.4442500      0.4466300      0.4490400      0.4514800      0.4539300      0.4564000      0.4588900      0.4614100      0.4639400      0.4664900      0.4690600      0.4716500      0.4742600      0.4768900    
  0.4134300      0.4159360      0.4171220      0.4173500      0.4190630      0.4203700      0.4224900      0.4246400      0.4268200      0.4290100      0.4312300      0.4334800      0.4357400      0.4380300      0.4403500      0.4426800      0.4450400      0.4474200      0.4498200      0.4522400      0.4546800      0.4571400      0.4596300      0.4621300      0.4646600      0.4672000      0.4697600      0.4723400      0.4749400      0.4775600    
  0.4159880      0.4172360      0.4173500      0.4189280      0.4203700      0.4220830      0.4233900      0.4255300      0.4276900      0.4298800      0.4320900      0.4343200      0.4365800      0.4388600      0.4411600      0.4434800      0.4458300      0.4482000      0.4505900      0.4530000      0.4554300      0.4578900      0.4603600      0.4628600      0.4653700      0.4679100      0.4704600      0.4730400      0.4756300      0.4782300    
  0.4172930      0.4173500      0.4188830      0.4203700      0.4219480      0.4233900      0.4244600      0.4255370      0.4284600      0.4307400      0.4329400      0.4351700      0.4374100      0.4396800      0.4419700      0.4442900      0.4466200      0.4489800      0.4513600      0.4537700      0.4561900      0.4586400      0.4611000      0.4635900      0.4660900      0.4686200      0.4711700      0.4737300      0.4763100      0.4789100    
  0.4173500      0.4188680      0.4203700      0.4219030      0.4233900      0.4239250      0.4244620      0.4272990      0.4307400      0.4318400      0.4343440      0.4360100      0.4382500      0.4405100      0.4427900      0.4451000      0.4474200      0.4497700      0.4521400      0.4545400      0.4569500      0.4593900      0.4618400      0.4643200      0.4668200      0.4693400      0.4718700      0.4744300      0.4770000      0.4796000    
  0.4188630      0.4203700      0.4218880      0.4233900      0.4236570      0.4239260      0.4266070      0.4307400      0.4312900      0.4340440      0.4364350      0.4368600      0.4390900      0.4413400      0.4436100      0.4459000      0.4482200      0.4505600      0.4529200      0.4553100      0.4577100      0.4601400      0.4625900      0.4650600      0.4675400      0.4700500      0.4725800      0.4751300      0.4777000      0.4802800    
  0.4203700      0.4218830      0.4233900      0.4235240      0.4236580      0.4262320      0.4307400      0.4310150      0.4339160      0.4366470      0.4368600      0.4379750      0.4398650      0.4421700      0.4444300      0.4467200      0.4490200      0.4513500      0.4537100      0.4560800      0.4584800      0.4609000      0.4633300      0.4657900      0.4682700      0.4707800      0.4733000      0.4758400      0.4783900      0.4809700    
  0.4218810      0.4233900      0.4234570      0.4235240      0.4260380      0.4307400      0.4308780      0.4338570      0.4367540      0.4368600      0.4374180      0.4392180      0.4421700      0.4433000      0.4444400      0.4467230      0.4490300      0.4513600      0.4551280      0.4568600      0.4592400      0.4616500      0.4640800      0.4665400      0.4690100      0.4715000      0.4740100      0.4765400      0.4791000      0.4816600    
  0.4233900      0.4234230      0.4234570      0.4259400      0.4307400      0.4308090      0.4338280      0.4368070      0.4368600      0.4371390      0.4389160      0.4421700      0.4427350      0.4433030      0.4448210      0.4467310      0.4490380      0.4540820      0.4572500      0.4576400      0.4600200      0.4624200      0.4648400      0.4672800      0.4697400      0.4722300      0.4747300      0.4772600      0.4798000      0.4823600    
  0.4234070      0.4234230      0.4258900      0.4307400      0.4307740      0.4338140      0.4368330      0.4368600      0.4369990      0.4387710      0.4421700      0.4424520      0.4427360      0.4436200      0.4449520      0.4468630      0.4529870      0.4574450      0.4576400      0.4594830      0.4607900      0.4631800      0.4655900      0.4680300      0.4704800      0.4729600      0.4754600      0.4779700      0.4805100      0.4830600    
  0.4234070      0.4258650      0.4307400      0.4307570      0.4338070      0.4368470      0.4368600      0.4369300      0.4387000      0.4421700      0.4423110      0.4424530      0.4429360      0.4437690      0.4451450      0.4524710      0.4575420      0.4576400      0.4603580      0.4615700      0.4629980      0.4639500      0.4663500      0.4687800      0.4712300      0.4737000      0.4761800      0.4786900      0.4812200      0.4837700    
  0.4258530      0.4307400      0.4307490      0.4338040      0.4368530      0.4368600      0.4368950      0.4386650      0.4421700      0.4422410      0.4423110      0.4425670      0.4430530      0.4483900      0.4541210      0.4600110      0.4600100      0.4611610      0.4624810      0.4627400      0.4623500      0.4647200      0.4671200      0.4695300      0.4719700      0.4744300      0.4769200      0.4794200      0.4819400      0.4844800    
  0.4307400      0.4307440      0.4338020      0.4368570      0.4368600      0.4368770      0.4386470      0.4421700      0.4422050      0.4422410      0.4423730      0.4426440      0.4515010      0.4617360      0.4617100      0.4616190      0.4624810      0.4623800      0.4629470      0.4631330      0.4631300      0.4655000      0.4678800      0.4702900      0.4727300      0.4751800      0.4776500      0.4801500      0.4826600      0.4851900    
  0.4307420      0.4338010      0.4368580      0.4368600      0.4368690      0.4386390      0.4421700      0.4421880      0.4422050      0.4422730      0.4502310      0.4619500      0.4618280      0.4617610      0.4617610      0.4617100      0.4622740      0.4625820      0.4623800      0.4635350      0.4639200      0.4662800      0.4686500      0.4710600      0.4734800      0.4759300      0.4783900      0.4808800      0.4833900      0.4859100    
  0.4338000      0.4368590      0.4368600      0.4368640      0.4386340      0.4421700      0.4421790      0.4421880      0.4422220      0.4517220      0.4619500      0.4619500      0.4619500      0.4618670      0.4618130      0.4618120      0.4617100      0.4624240      0.4627850      0.4623800      0.4647100      0.4670600      0.4694300      0.4718200      0.4742400      0.4766800      0.4791400      0.4816200      0.4841200      0.4866400    
  0.4368600      0.4368600      0.4368620      0.4386320      0.4421700      0.4421740      0.4421790      0.4476650      0.4541360      0.4619520      0.4619500      0.4619500      0.4619500      0.4619500      0.4619440      0.4619150      0.4619150      0.4617100      0.4628200      0.4631900      0.4655100      0.4678500      0.4702100      0.4726000      0.4750000      0.4774300      0.4798900      0.4823600      0.4848500      0.4873700    
  0.4368600      0.4368610      0.4386310      0.4421700      0.4421720      0.4504370      0.4628300      0.4634500      0.4640700      0.4626630      0.4619570      0.4619500      0.4619500      0.4619500      0.4619500      0.4620970      0.4621210      0.4621200      0.4617100      0.4640000      0.4663100      0.4686400      0.4709900      0.4733700      0.4757700      0.4782000      0.4806400      0.4831100      0.4856000      0.4881000    
  0.4368610      0.4386310      0.4421700      0.4421710      0.4520890      0.4628320      0.4628320      0.4628300      0.4634500      0.4640700      0.4626750      0.4619710      0.4619500      0.4619500      0.4619500      0.4619500      0.4624030      0.4625330      0.4625300      0.4648100      0.4671100      0.4694300      0.4717800      0.4741500      0.4765500      0.4789600      0.4814000      0.4838600      0.4863400      0.4888400    
