iMOD/TUTORIALS/TUT_MetaswapAnalyser/model_MetaSWAP/meteo/Evaporation/Evaporation_20061128_L1.ASC
NCOLS                30
NROWS                30
XLLCORNER     160000.00
YLLCORNER     340000.00
CELLSIZE        1000.00
NODATA_VALUE   -9999.00
  0.5621500      0.5634200      0.5646800      0.5659500      0.5672100      0.5684700      0.5697300      0.5709900      0.5722400      0.5735000      0.5747500      0.5760000      0.5772500      0.5785000      0.5797500      0.5810000      0.5822400      0.5834900      0.5847300      0.5859700      0.5872000      0.5884400      0.5896700      0.5909100      0.5921400      0.5933700      0.5946000      0.5958200      0.5970500      0.5982700    
  0.5635800      0.5648500      0.5661300      0.5674000      0.5686700      0.5699300      0.5712000      0.5724700      0.5737300      0.5749900      0.5762500      0.5775100      0.5787700      0.5800200      0.5812700      0.5825200      0.5837700      0.5850200      0.5862600      0.5875100      0.5887500      0.5899900      0.5912200      0.5924600      0.5936900      0.5949200      0.5961500      0.5973800      0.5986100      0.5998300    
  0.5650000      0.5662900      0.5675700      0.5688500      0.5701200      0.5714000      0.5726700      0.5739500      0.5752100      0.5764800      0.5777500      0.5790100      0.5802700      0.5815300      0.5827900      0.5840500      0.5853000      0.5865500      0.5878000      0.5890500      0.5902900      0.5915300      0.5927700      0.5940100      0.5952500      0.5964800      0.5977100      0.5989400      0.6001700      0.6013900    
  0.5664300      0.5677200      0.5690100      0.5703000      0.5715800      0.5728600      0.5741400      0.5754200      0.5767000      0.5779700      0.5792500      0.5805200      0.5817800      0.5830500      0.5843100      0.5855700      0.5868300      0.5880800      0.5893400      0.5905900      0.5918300      0.5930800      0.5943200      0.5955600      0.5968000      0.5980400      0.5992700      0.6005000      0.6017300      0.6029500    
  0.5678500      0.5691500      0.5704500      0.5717400      0.5730300      0.5743200      0.5756100      0.5769000      0.5781800      0.5794600      0.5807400      0.5820200      0.5832900      0.5845600      0.5858300      0.5870900      0.5883500      0.5896100      0.5908700      0.5921300      0.5933800      0.5946200      0.5958700      0.5971100      0.5983500      0.5995900      0.6008300      0.6020600      0.6032900      0.6045200    
  0.5692700      0.5705700      0.5718800      0.5731900      0.5744900      0.5757800      0.5770800      0.5783700      0.5796600      0.5809500      0.5822300      0.5835200      0.5847900      0.5860700      0.5873400      0.5886100      0.5898800      0.5911400      0.5924000      0.5936600      0.5949200      0.5961700      0.5974200      0.5986600      0.5999000      0.6011400      0.6023800      0.6036100      0.6048500      0.6060700    
  0.5706800      0.5720000      0.5733100      0.5746300      0.5759400      0.5772400      0.5785400      0.5798400      0.5811400      0.5824400      0.5837300      0.5850100      0.5863000      0.5875800      0.5888600      0.5901300      0.5914000      0.5926700      0.5939400      0.5952000      0.5964600      0.5977100      0.5989600      0.6002100      0.6014500      0.6027000      0.6039400      0.6051700      0.6064000      0.6076300    
  0.5720900      0.5734200      0.5747400      0.5760700      0.5773800      0.5787000      0.5800100      0.5813100      0.5826200      0.5839200      0.5852200      0.5865100      0.5878000      0.5890900      0.5903700      0.5916500      0.5929200      0.5942000      0.5954700      0.5967300      0.5979900      0.5992500      0.6005100      0.6017600      0.6030000      0.6042500      0.6054900      0.6067200      0.6079600      0.6091900    
  0.5735000      0.5748400      0.5761700      0.5775000      0.5788300      0.5801500      0.5814700      0.5827800      0.5840900      0.5854000      0.5867000      0.5880000      0.5893000      0.5905900      0.5918800      0.5931600      0.5944400      0.5957200      0.5969900      0.5982600      0.5995300      0.6007900      0.6020500      0.6033000      0.6045500      0.6058000      0.6070400      0.6082800      0.6095100      0.6107400    
  0.5749100      0.5762600      0.5776000      0.5789300      0.5802700      0.5816000      0.5829200      0.5842400      0.5855600      0.5868800      0.5881900      0.5894900      0.5907900      0.5920900      0.5933900      0.5946800      0.5959600      0.5972400      0.5985200      0.5997900      0.6010600      0.6023300      0.6035900      0.6048400      0.6061000      0.6073400      0.6085900      0.6098300      0.6110600      0.6123000    
  0.5749100      0.5762570      0.5782870      0.5803600      0.5817100      0.5830400      0.5843800      0.5857100      0.5870300      0.5883500      0.5896700      0.5909800      0.5922900      0.5935900      0.5948900      0.5961900      0.5974800      0.5987600      0.6000400      0.6013200      0.6025900      0.6038600      0.6051200      0.6063800      0.6076400      0.6088900      0.6101300      0.6113800      0.6126100      0.6138500    
  0.5749090      0.5774530      0.5803600      0.5824450      0.5831400      0.5844900      0.5858300      0.5871600      0.5885000      0.5898200      0.5911500      0.5924700      0.5937800      0.5950900      0.5963900      0.5976900      0.5989900      0.6002800      0.6015700      0.6028500      0.6041200      0.6053900      0.6066600      0.6079200      0.6091800      0.6104300      0.6116800      0.6129200      0.6141600      0.6154000    
  0.5765700      0.5803600      0.5828080      0.5838550      0.5845700      0.5859300      0.5872700      0.5886200      0.5899600      0.5912900      0.5926200      0.5939500      0.5952700      0.5965800      0.5978900      0.5992000      0.6005000      0.6017900      0.6030800      0.6043700      0.6056500      0.6069200      0.6081900      0.6094600      0.6107200      0.6119700      0.6132200      0.6144700      0.6157100      0.6169400    
  0.5803600      0.5829880      0.5842130      0.5845700      0.5859530      0.5873600      0.5887200      0.5900700      0.5914200      0.5927600      0.5940900      0.5954300      0.5967500      0.5980700      0.5993900      0.6007000      0.6020100      0.6033000      0.6046000      0.6058900      0.6071700      0.6084500      0.6097200      0.6109900      0.6122500      0.6135100      0.6147600      0.6160100      0.6172500      0.6184800    
  0.5830770      0.5843910      0.5845700      0.5859610      0.5873600      0.5887470      0.5901600      0.5915200      0.5928700      0.5942200      0.5955600      0.5969000      0.5982300      0.5995600      0.6008800      0.6022000      0.6035100      0.6048100      0.6061100      0.6074000      0.6086900      0.6099700      0.6112500      0.6125200      0.6137800      0.6150400      0.6163000      0.6175400      0.6187900      0.6200200    
  0.5844810      0.5845700      0.5859640      0.5873600      0.5887560      0.5901600      0.5908400      0.5915170      0.5935720      0.5956800      0.5970300      0.5983700      0.5997100      0.6010400      0.6023700      0.6036900      0.6050100      0.6063200      0.6076200      0.6089200      0.6102100      0.6114900      0.6127700      0.6140400      0.6153100      0.6165700      0.6178300      0.6190800      0.6203200      0.6215600    
  0.5845700      0.5859650      0.5873600      0.5887590      0.5901600      0.5905000      0.5908390      0.5929020      0.5956800      0.5963550      0.5984440      0.5998400      0.6011800      0.6025200      0.6038600      0.6051800      0.6065000      0.6078200      0.6091300      0.6104300      0.6117200      0.6130100      0.6142900      0.6155700      0.6168400      0.6181000      0.6193600      0.6206100      0.6218500      0.6230900    
  0.5859650      0.5873600      0.5887600      0.5901600      0.5903300      0.5905000      0.5924800      0.5956800      0.5960170      0.5984700      0.6005700      0.6013000      0.6026500      0.6040000      0.6053400      0.6066700      0.6080000      0.6093100      0.6106300      0.6119300      0.6132300      0.6145200      0.6158100      0.6170900      0.6183600      0.6196200      0.6208800      0.6221400      0.6233800      0.6246200    
  0.5873600      0.5887600      0.5901600      0.5902450      0.5903300      0.5922470      0.5956800      0.5958490      0.5984800      0.6009350      0.6013000      0.6019750      0.6033550      0.6054700      0.6068200      0.6081500      0.6094800      0.6108100      0.6121200      0.6134300      0.6147400      0.6160300      0.6173200      0.6186000      0.6198800      0.6211400      0.6224000      0.6236600      0.6249100      0.6261500    
  0.5887600      0.5901600      0.5902030      0.5902450      0.5921260      0.5956800      0.5957640      0.5984850      0.6011170      0.6013000      0.6016370      0.6030250      0.6054700      0.6061450      0.6068130      0.6081500      0.6094800      0.6108030      0.6135420      0.6149300      0.6162400      0.6175400      0.6188300      0.6201100      0.6213900      0.6226600      0.6239200      0.6251800      0.6264300      0.6276700    
  0.5901600      0.5901810      0.5902030      0.5920630      0.5956800      0.5957220      0.5984880      0.6012090      0.6013000      0.6014690      0.6028580      0.6054700      0.6058080      0.6061430      0.6070360      0.6081480      0.6094780      0.6131840      0.6156750      0.6164200      0.6177300      0.6190400      0.6203300      0.6216200      0.6229000      0.6241700      0.6254400      0.6266900      0.6279400      0.6291900    
  0.5901710      0.5901810      0.5920320      0.5956800      0.5957010      0.5984890      0.6012540      0.6013000      0.6013840      0.6027740      0.6054700      0.6056390      0.6058070      0.6063290      0.6071090      0.6082210      0.6126550      0.6160480      0.6164200      0.6177930      0.6192300      0.6205300      0.6218300      0.6231200      0.6244000      0.6256800      0.6269400      0.6282000      0.6294600      0.6307000    
  0.5901710      0.5920160      0.5956800      0.5956910      0.5984890      0.6012770      0.6013000      0.6013420      0.6027320      0.6054700      0.6055540      0.6056390      0.6059250      0.6064150      0.6072190      0.6130140      0.6162340      0.6164200      0.6194660      0.6207150      0.6214980      0.6220200      0.6233300      0.6246200      0.6259000      0.6271800      0.6284500      0.6297100      0.6309600      0.6322100    
  0.5920080      0.5956800      0.5956850      0.5984900      0.6012890      0.6013000      0.6013210      0.6027110      0.6054700      0.6055120      0.6055540      0.6057060      0.6059930      0.6115970      0.6165180      0.6208480      0.6208500      0.6215750      0.6224410      0.6229350      0.6222000      0.6235100      0.6248200      0.6261100      0.6274000      0.6286800      0.6299500      0.6312100      0.6324600      0.6337100    
  0.5956800      0.5956830      0.5984900      0.6012940      0.6013000      0.6013110      0.6027010      0.6054700      0.6054910      0.6055120      0.6055910      0.6057510      0.6154180      0.6268750      0.6268300      0.6247830      0.6254610      0.6252800      0.6242660      0.6236730      0.6236700      0.6249900      0.6263000      0.6276000      0.6288900      0.6301700      0.6314400      0.6327000      0.6339600      0.6352100    
  0.5956810      0.5984900      0.6012970      0.6013000      0.6013050      0.6026950      0.6054700      0.6054810      0.6054910      0.6055310      0.6152670      0.6297400      0.6278670      0.6269190      0.6269190      0.6268300      0.6259930      0.6256430      0.6252800      0.6251780      0.6251500      0.6264700      0.6277800      0.6290800      0.6303700      0.6316500      0.6329300      0.6341900      0.6354500      0.6367000    
  0.5984900      0.6012990      0.6013000      0.6013030      0.6026930      0.6054700      0.6054750      0.6054810      0.6055010      0.6171540      0.6297400      0.6297400      0.6297400      0.6279330      0.6270090      0.6270090      0.6268300      0.6262170      0.6260050      0.6252800      0.6266100      0.6279400      0.6292500      0.6305500      0.6318500      0.6331300      0.6344100      0.6356800      0.6369300      0.6381800    
  0.6012990      0.6013000      0.6013010      0.6026910      0.6054700      0.6054730      0.6054750      0.6129340      0.6207930      0.6297440      0.6297400      0.6297400      0.6297400      0.6297400      0.6280650      0.6271880      0.6271870      0.6268300      0.6267550      0.6267300      0.6280700      0.6294000      0.6307200      0.6320200      0.6333200      0.6346100      0.6358900      0.6371500      0.6384100      0.6396600    
  0.6013000      0.6013010      0.6026910      0.6054700      0.6054710      0.6173600      0.6351900      0.6352350      0.6352800      0.6315970      0.6297520      0.6297400      0.6297400      0.6297400      0.6297400      0.6283220      0.6275460      0.6275450      0.6268300      0.6281800      0.6295200      0.6308600      0.6321800      0.6334900      0.6347900      0.6360800      0.6373500      0.6386200      0.6398800      0.6411300    
  0.6013000      0.6026900      0.6054700      0.6054710      0.6197380      0.6351930      0.6351930      0.6351900      0.6352350      0.6352800      0.6316170      0.6297750      0.6297400      0.6297400      0.6297400      0.6297400      0.6288130      0.6282630      0.6282600      0.6296200      0.6309700      0.6323100      0.6336300      0.6349400      0.6362500      0.6375400      0.6388200      0.6400900      0.6413500      0.6426000    
