iMOD/TUTORIALS/TUT_MetaswapAnalyser/model_MetaSWAP/meteo/Evaporation/Evaporation_20060416_L1.ASC
NCOLS                30
NROWS                30
XLLCORNER     160000.00
YLLCORNER     340000.00
CELLSIZE        1000.00
NODATA_VALUE   -9999.00
   1.490510       1.484710       1.478790       1.472760       1.466620       1.460370       1.454020       1.447570       1.441030       1.434410       1.427700       1.420920       1.414060       1.407130       1.400130       1.393070       1.385950       1.378780       1.371560       1.364280       1.356960       1.349600       1.342190       1.334750       1.327280       1.319770       1.312240       1.304670       1.297090       1.289480    
   1.479560       1.473740       1.467820       1.461780       1.455630       1.449380       1.443030       1.436590       1.430060       1.423440       1.416740       1.409970       1.403120       1.396200       1.389220       1.382180       1.375080       1.367920       1.360720       1.353460       1.346160       1.338820       1.331450       1.324030       1.316590       1.309110       1.301600       1.294070       1.286510       1.278940    
   1.468560       1.462730       1.456790       1.450740       1.444590       1.438340       1.431990       1.425550       1.419020       1.412410       1.405720       1.398960       1.392120       1.385220       1.378250       1.371220       1.364140       1.357000       1.349820       1.342590       1.335310       1.328000       1.320640       1.313260       1.305840       1.298390       1.290910       1.283410       1.275890       1.268340    
   1.457520       1.451680       1.445720       1.439670       1.433510       1.427250       1.420900       1.414460       1.407940       1.401340       1.394650       1.387900       1.381070       1.374180       1.367230       1.360220       1.353150       1.346030       1.338870       1.331660       1.324410       1.317110       1.309790       1.302430       1.295030       1.287610       1.280170       1.272700       1.265210       1.257690    
   1.446440       1.440580       1.434610       1.428550       1.422380       1.416120       1.409770       1.403330       1.396810       1.390210       1.383540       1.376790       1.369970       1.363100       1.356160       1.349160       1.342110       1.335010       1.327870       1.320680       1.313450       1.306180       1.298880       1.291540       1.284180       1.276790       1.269370       1.261930       1.254480       1.247000    
   1.435330       1.429450       1.423470       1.417390       1.411210       1.404950       1.398590       1.392160       1.385640       1.379040       1.372370       1.365630       1.358830       1.351960       1.345040       1.338060       1.331020       1.323940       1.316820       1.309650       1.302440       1.295200       1.287920       1.280610       1.273280       1.265920       1.258530       1.251120       1.243700       1.236250    
   1.424180       1.418280       1.412280       1.406190       1.400010       1.393740       1.387380       1.380940       1.374420       1.367830       1.361170       1.354440       1.347640       1.340780       1.333870       1.326910       1.319890       1.312830       1.305720       1.298570       1.291390       1.284170       1.276920       1.269640       1.262330       1.255000       1.247640       1.240270       1.232870       1.225460    
   1.413010       1.407090       1.401070       1.394970       1.388770       1.382490       1.376130       1.369690       1.363170       1.356580       1.349920       1.343200       1.336410       1.329570       1.322670       1.315710       1.308710       1.301670       1.294580       1.287460       1.280290       1.273100       1.265870       1.258620       1.251340       1.244040       1.236710       1.229370       1.222010       1.214630    
   1.401800       1.395860       1.389830       1.383710       1.377510       1.371220       1.364850       1.358410       1.351890       1.345300       1.338640       1.331920       1.325150       1.318310       1.311420       1.304480       1.297500       1.290470       1.283400       1.276300       1.269160       1.261990       1.254780       1.247560       1.240310       1.233030       1.225740       1.218430       1.211100       1.203760    
   1.390580       1.384610       1.378560       1.372430       1.366210       1.359910       1.353540       1.347090       1.340570       1.333980       1.327330       1.320620       1.313850       1.307020       1.300140       1.293220       1.286250       1.279240       1.272190       1.265100       1.257980       1.250830       1.243660       1.236460       1.229240       1.221990       1.214730       1.207450       1.200160       1.192850    
   1.390550       1.384580       1.374180       1.361120       1.354890       1.348590       1.342200       1.335750       1.329230       1.322640       1.315990       1.309280       1.302510       1.295700       1.288830       1.281920       1.274960       1.267970       1.260940       1.253870       1.246770       1.239650       1.232500       1.225320       1.218130       1.210910       1.203680       1.196440       1.189180       1.181910    
   1.390520       1.377610       1.361120       1.347940       1.343560       1.337240       1.330850       1.324390       1.317860       1.311270       1.304620       1.297920       1.291160       1.284350       1.277490       1.270590       1.263650       1.256670       1.249650       1.242610       1.235530       1.228430       1.221300       1.214160       1.206990       1.199800       1.192600       1.185390       1.178160       1.170930    
   1.381410       1.361120       1.344790       1.337880       1.332200       1.325870       1.319470       1.313000       1.306470       1.299880       1.293230       1.286530       1.279770       1.272970       1.266120       1.259230       1.252300       1.245340       1.238340       1.231310       1.224260       1.217180       1.210080       1.202960       1.195820       1.188660       1.181490       1.174310       1.167120       1.159920    
   1.361120       1.343290       1.335040       1.332200       1.324180       1.314480       1.308070       1.301600       1.295060       1.288470       1.281820       1.275120       1.268360       1.261570       1.254730       1.247850       1.240930       1.233980       1.227000       1.219990       1.212960       1.205900       1.198830       1.191730       1.184620       1.177490       1.170360       1.163210       1.156050       1.148880    
   1.342560       1.333620       1.332200       1.323620       1.314480       1.306400       1.296660       1.290180       1.283630       1.277040       1.270390       1.263690       1.256940       1.250150       1.243310       1.236440       1.229540       1.222610       1.215640       1.208650       1.201640       1.194600       1.187550       1.180480       1.173400       1.166300       1.159190       1.152070       1.144950       1.137820    
   1.332910       1.332200       1.323430       1.314480       1.305850       1.296660       1.293420       1.290160       1.279110       1.265590       1.258940       1.252240       1.245490       1.238710       1.231880       1.225020       1.218130       1.211210       1.204260       1.197290       1.190290       1.183280       1.176250       1.169200       1.162150       1.155080       1.148000       1.140920       1.133830       1.126730    
   1.332200       1.323370       1.314480       1.305660       1.296660       1.295040       1.293410       1.282070       1.265590       1.262260       1.249370       1.240780       1.234040       1.227250       1.220430       1.213580       1.206700       1.199790       1.192860       1.185900       1.178930       1.171930       1.164930       1.157910       1.150880       1.143840       1.136790       1.129740       1.122680       1.115620    
   1.323350       1.314480       1.305600       1.296660       1.295850       1.295040       1.284030       1.265590       1.263930       1.248320       1.235040       1.229310       1.222570       1.215790       1.208970       1.202130       1.195260       1.188360       1.181440       1.174500       1.167540       1.160570       1.153590       1.146590       1.139590       1.132580       1.125570       1.118550       1.111520       1.104500    
   1.314480       1.305580       1.296660       1.296250       1.295850       1.285130       1.265590       1.264760       1.247860       1.232180       1.229310       1.225940       1.218000       1.204310       1.197500       1.190660       1.183800       1.176910       1.170010       1.163080       1.156150       1.149200       1.142230       1.135270       1.128290       1.121310       1.114320       1.107330       1.100340       1.093350    
   1.305570       1.296660       1.296460       1.296250       1.285710       1.265590       1.265170       1.247650       1.230740       1.229310       1.227630       1.219390       1.204310       1.200910       1.197490       1.190650       1.183790       1.176910       1.160380       1.151660       1.144740       1.137810       1.130870       1.123920       1.116970       1.110020       1.103070       1.096110       1.089150       1.082200    
   1.296660       1.296560       1.296460       1.286000       1.265590       1.265380       1.247550       1.230030       1.229310       1.228470       1.220160       1.204310       1.202610       1.200900       1.196350       1.190640       1.183780       1.161450       1.145940       1.140220       1.133320       1.126410       1.119490       1.112570       1.105650       1.098720       1.091800       1.084870       1.077950       1.071030    
   1.296610       1.296560       1.286150       1.265590       1.265490       1.247500       1.229670       1.229310       1.228890       1.220560       1.204310       1.203460       1.202610       1.199950       1.195970       1.190260       1.163830       1.143080       1.140220       1.131810       1.121890       1.115000       1.108110       1.101210       1.094310       1.087420       1.080520       1.073630       1.066740       1.059860    
   1.296610       1.286230       1.265590       1.265540       1.247480       1.229490       1.229310       1.229100       1.220770       1.204310       1.203880       1.203460       1.202010       1.199510       1.195390       1.159520       1.141650       1.140220       1.118950       1.110460       1.106340       1.103590       1.096720       1.089840       1.082970       1.076100       1.069240       1.062380       1.055530       1.048680    
   1.286270       1.265590       1.265560       1.247460       1.229400       1.229310       1.229200       1.220870       1.204310       1.204100       1.203880       1.203120       1.201660       1.163110       1.131650       1.105900       1.105900       1.101950       1.097130       1.093320       1.099030       1.092180       1.085330       1.078480       1.071630       1.064790       1.057960       1.051130       1.044310       1.037500    
   1.265590       1.265580       1.247460       1.229350       1.229310       1.229260       1.220920       1.204310       1.204200       1.204100       1.203700       1.202890       1.135570       1.055170       1.055530       1.074070       1.070140       1.071570       1.081880       1.087600       1.087600       1.080770       1.073930       1.067110       1.060290       1.053470       1.046670       1.039880       1.033090       1.026310    
   1.265580       1.247450       1.229330       1.229310       1.229280       1.220950       1.204310       1.204260       1.204200       1.204000       1.133400       1.028160       1.045870       1.054820       1.054820       1.055530       1.064700       1.068710       1.071570       1.075030       1.076180       1.069360       1.062540       1.055740       1.048950       1.042160       1.035390       1.028630       1.021870       1.015130    
   1.247450       1.229320       1.229310       1.229300       1.220960       1.204310       1.204280       1.204260       1.204150       1.119580       1.028160       1.028160       1.028160       1.045350       1.054100       1.054100       1.055530       1.062990       1.065860       1.071570       1.064760       1.057950       1.051160       1.044380       1.037610       1.030850       1.024110       1.017380       1.010660       1.003960    
   1.229320       1.229310       1.229300       1.220970       1.204310       1.204300       1.204280       1.147830       1.091050       1.028130       1.028160       1.028160       1.028160       1.028160       1.044300       1.052680       1.052680       1.055530       1.058990       1.060140       1.053350       1.046560       1.039790       1.033030       1.026280       1.019550       1.012840       1.006140      0.9994600      0.9927900    
   1.229310       1.229310       1.220970       1.204310       1.204300       1.112290      0.9743000      0.9764550      0.9786100       1.011560       1.028070       1.028160       1.028160       1.028160       1.028160       1.042270       1.049830       1.049820       1.055530       1.048730       1.041950       1.035180       1.028420       1.021680       1.014970       1.008260       1.001580      0.9949200      0.9882700      0.9816400    
   1.229310       1.220980       1.204310       1.204310       1.093880      0.9742780      0.9742780      0.9743000      0.9764540      0.9786100       1.011400       1.027880       1.028160       1.028160       1.028160       1.028160       1.038430       1.044130       1.044120       1.037340       1.030560       1.023810       1.017070       1.010360       1.003660      0.9969900      0.9903400      0.9837000      0.9770900      0.9705000    
