iMOD/TUTORIALS/TUT_MetaswapAnalyser/model_MetaSWAP/meteo/Evaporation/Evaporation_20051218_L1.ASC
NCOLS                30
NROWS                30
XLLCORNER     160000.00
YLLCORNER     340000.00
CELLSIZE        1000.00
NODATA_VALUE   -9999.00
  0.2700800      0.2700900      0.2701000      0.2701000      0.2701000      0.2700900      0.2700700      0.2700600      0.2700400      0.2700100      0.2699900      0.2699600      0.2699300      0.2699000      0.2698700      0.2698500      0.2698200      0.2697900      0.2697700      0.2697400      0.2697200      0.2697000      0.2696900      0.2696700      0.2696600      0.2696500      0.2696400      0.2696400      0.2696400      0.2696400    
  0.2678400      0.2678300      0.2678200      0.2678000      0.2677800      0.2677500      0.2677200      0.2676800      0.2676400      0.2676000      0.2675600      0.2675200      0.2674800      0.2674400      0.2673900      0.2673500      0.2673100      0.2672800      0.2672400      0.2672100      0.2671800      0.2671500      0.2671300      0.2671000      0.2670900      0.2670700      0.2670600      0.2670500      0.2670500      0.2670500    
  0.2655900      0.2655600      0.2655200      0.2654900      0.2654400      0.2654000      0.2653400      0.2652900      0.2652400      0.2651800      0.2651200      0.2650700      0.2650100      0.2649500      0.2649000      0.2648500      0.2648000      0.2647500      0.2647000      0.2646600      0.2646200      0.2645800      0.2645500      0.2645200      0.2645000      0.2644800      0.2644600      0.2644500      0.2644500      0.2644400    
  0.2633200      0.2632700      0.2632100      0.2631500      0.2630900      0.2630300      0.2629600      0.2628900      0.2628200      0.2627400      0.2626700      0.2626000      0.2625300      0.2624600      0.2623900      0.2623200      0.2622600      0.2622000      0.2621500      0.2620900      0.2620500      0.2620000      0.2619600      0.2619300      0.2619000      0.2618800      0.2618600      0.2618400      0.2618300      0.2618300    
  0.2610400      0.2609700      0.2608900      0.2608100      0.2607300      0.2606400      0.2605600      0.2604700      0.2603800      0.2602900      0.2602000      0.2601200      0.2600300      0.2599500      0.2598700      0.2597900      0.2597200      0.2596500      0.2595800      0.2595200      0.2594600      0.2594100      0.2593700      0.2593300      0.2592900      0.2592600      0.2592400      0.2592200      0.2592100      0.2592000    
  0.2587400      0.2586500      0.2585500      0.2584500      0.2583500      0.2582500      0.2581400      0.2580400      0.2579300      0.2578300      0.2577300      0.2576200      0.2575200      0.2574300      0.2573300      0.2572400      0.2571600      0.2570800      0.2570000      0.2569300      0.2568700      0.2568100      0.2567600      0.2567100      0.2566700      0.2566400      0.2566100      0.2565900      0.2565700      0.2565700    
  0.2564400      0.2563200      0.2562100      0.2560900      0.2559700      0.2558400      0.2557200      0.2556000      0.2554700      0.2553500      0.2552300      0.2551200      0.2550000      0.2548900      0.2547900      0.2546900      0.2545900      0.2545000      0.2544100      0.2543300      0.2542600      0.2542000      0.2541400      0.2540800      0.2540400      0.2540000      0.2539700      0.2539500      0.2539300      0.2539200    
  0.2541200      0.2539900      0.2538500      0.2537100      0.2535700      0.2534300      0.2532900      0.2531500      0.2530100      0.2528700      0.2527300      0.2526000      0.2524700      0.2523500      0.2522300      0.2521200      0.2520100      0.2519100      0.2518100      0.2517300      0.2516500      0.2515700      0.2515100      0.2514500      0.2514000      0.2513600      0.2513200      0.2513000      0.2512800      0.2512700    
  0.2518000      0.2516400      0.2514800      0.2513200      0.2511600      0.2510000      0.2508400      0.2506800      0.2505300      0.2503700      0.2502200      0.2500800      0.2499400      0.2498000      0.2496700      0.2495400      0.2494200      0.2493100      0.2492100      0.2491100      0.2490200      0.2489400      0.2488700      0.2488000      0.2487500      0.2487000      0.2486700      0.2486400      0.2486200      0.2486100    
  0.2494600      0.2492900      0.2491100      0.2489300      0.2487500      0.2485700      0.2483900      0.2482100      0.2480400      0.2478700      0.2477100      0.2475400      0.2473900      0.2472400      0.2470900      0.2469600      0.2468300      0.2467000      0.2465900      0.2464800      0.2463900      0.2463000      0.2462200      0.2461500      0.2460900      0.2460400      0.2460000      0.2459700      0.2459500      0.2459400    
  0.2494630      0.2492870      0.2484620      0.2465200      0.2463200      0.2461300      0.2459300      0.2457400      0.2455500      0.2453600      0.2451800      0.2450000      0.2448300      0.2446700      0.2445100      0.2443600      0.2442200      0.2440900      0.2439700      0.2438500      0.2437500      0.2436500      0.2435700      0.2434900      0.2434300      0.2433800      0.2433300      0.2433000      0.2432800      0.2432700    
  0.2494630      0.2484330      0.2465200      0.2445500      0.2439000      0.2436800      0.2434600      0.2432500      0.2430500      0.2428400      0.2426500      0.2424600      0.2422700      0.2420900      0.2419200      0.2417600      0.2416100      0.2414700      0.2413400      0.2412100      0.2411000      0.2410000      0.2409100      0.2408300      0.2407600      0.2407100      0.2406600      0.2406300      0.2406000      0.2405900    
  0.2485140      0.2465200      0.2438020      0.2426800      0.2414600      0.2412300      0.2409900      0.2407600      0.2405400      0.2403200      0.2401100      0.2399000      0.2397000      0.2395100      0.2393300      0.2391600      0.2390000      0.2388400      0.2387000      0.2385700      0.2384500      0.2383400      0.2382500      0.2381600      0.2380900      0.2380300      0.2379800      0.2379500      0.2379200      0.2379100    
  0.2465200      0.2434630      0.2420700      0.2414600      0.2404870      0.2387700      0.2385200      0.2382700      0.2380300      0.2378000      0.2375700      0.2373500      0.2371300      0.2369300      0.2367300      0.2365500      0.2363700      0.2362100      0.2360600      0.2359200      0.2357900      0.2356800      0.2355800      0.2354900      0.2354100      0.2353500      0.2353000      0.2352600      0.2352400      0.2352200    
  0.2433020      0.2417650      0.2414600      0.2402390      0.2387700      0.2377770      0.2360400      0.2357800      0.2355200      0.2352600      0.2350200      0.2347800      0.2345600      0.2343400      0.2341300      0.2339400      0.2337500      0.2335800      0.2334200      0.2332700      0.2331300      0.2330100      0.2329000      0.2328100      0.2327300      0.2326600      0.2326100      0.2325700      0.2325500      0.2325400    
  0.2416120      0.2414600      0.2401560      0.2387700      0.2375290      0.2360400      0.2359100      0.2357800      0.2348220      0.2327300      0.2324700      0.2322200      0.2319800      0.2317500      0.2315300      0.2313200      0.2311200      0.2309400      0.2307700      0.2306100      0.2304700      0.2303400      0.2302300      0.2301300      0.2300500      0.2299800      0.2299200      0.2298800      0.2298600      0.2298500    
  0.2414600      0.2401290      0.2387700      0.2374460      0.2360400      0.2359750      0.2359100      0.2348110      0.2327300      0.2326000      0.2308340      0.2296600      0.2294000      0.2291500      0.2289200      0.2287000      0.2284900      0.2283000      0.2281200      0.2279600      0.2278100      0.2276700      0.2275500      0.2274500      0.2273600      0.2272900      0.2272400      0.2271900      0.2271700      0.2271600    
  0.2401200      0.2387700      0.2374190      0.2360400      0.2360070      0.2359750      0.2348560      0.2327300      0.2326650      0.2303260      0.2283750      0.2270900      0.2268200      0.2265600      0.2263100      0.2260800      0.2258600      0.2256600      0.2254700      0.2253000      0.2251400      0.2250000      0.2248800      0.2247700      0.2246800      0.2246000      0.2245500      0.2245100      0.2244800      0.2244700    
  0.2387700      0.2374100      0.2360400      0.2360240      0.2360070      0.2348920      0.2327300      0.2326980      0.2301090      0.2277330      0.2270900      0.2269550      0.2261100      0.2239700      0.2237100      0.2234600      0.2232300      0.2230200      0.2228200      0.2226400      0.2224800      0.2223300      0.2222000      0.2220900      0.2219900      0.2219200      0.2218600      0.2218200      0.2217900      0.2217800    
  0.2374070      0.2360400      0.2360320      0.2360240      0.2349130      0.2327300      0.2327140      0.2300070      0.2274110      0.2270900      0.2270220      0.2260310      0.2239700      0.2238400      0.2237130      0.2234670      0.2232370      0.2230230      0.2211580      0.2199800      0.2198100      0.2196600      0.2195200      0.2194100      0.2193100      0.2192300      0.2191700      0.2191300      0.2191000      0.2191000    
  0.2360400      0.2360360      0.2360320      0.2349250      0.2327300      0.2327220      0.2299580      0.2272510      0.2270900      0.2270560      0.2260280      0.2239700      0.2239050      0.2238410      0.2236730      0.2234720      0.2232420      0.2206810      0.2186550      0.2173300      0.2171500      0.2169900      0.2168500      0.2167300      0.2166300      0.2165500      0.2164900      0.2164400      0.2164200      0.2164200    
  0.2360380      0.2360360      0.2349310      0.2327300      0.2327260      0.2299340      0.2271700      0.2270900      0.2270730      0.2260360      0.2239700      0.2239370      0.2239050      0.2238060      0.2236620      0.2234630      0.2205440      0.2179920      0.2173300      0.2163230      0.2144900      0.2143200      0.2141800      0.2140500      0.2139500      0.2138700      0.2138100      0.2137600      0.2137400      0.2137400    
  0.2360380      0.2349340      0.2327300      0.2327280      0.2299220      0.2271300      0.2270900      0.2270820      0.2260420      0.2239700      0.2239540      0.2239380      0.2238830      0.2237910      0.2236440      0.2189480      0.2176610      0.2173300      0.2133370      0.2118350      0.2117300      0.2116600      0.2115100      0.2113800      0.2112800      0.2111900      0.2111300      0.2110900      0.2110700      0.2110700    
  0.2349350      0.2327300      0.2327290      0.2299160      0.2271100      0.2270900      0.2270860      0.2260460      0.2239700      0.2239620      0.2239540      0.2239250      0.2238710      0.2169670      0.2123340      0.2094120      0.2094100      0.2091400      0.2087450      0.2078600      0.2091800      0.2090000      0.2088500      0.2087200      0.2086100      0.2085200      0.2084600      0.2084200      0.2084000      0.2084000    
  0.2327300      0.2327290      0.2299130      0.2271000      0.2270900      0.2270880      0.2260480      0.2239700      0.2239660      0.2239620      0.2239470      0.2239160      0.2115240      0.1964690      0.1965500      0.2016560      0.2011640      0.2014900      0.2047980      0.2065400      0.2065400      0.2063500      0.2061900      0.2060600      0.2059500      0.2058600      0.2058000      0.2057600      0.2057400      0.2057400    
  0.2327300      0.2299120      0.2270950      0.2270900      0.2270890      0.2260490      0.2239700      0.2239680      0.2239660      0.2239580      0.2100330      0.1891700      0.1939700      0.1963890      0.1963890      0.1965500      0.1995020      0.2008370      0.2014900      0.2033000      0.2039000      0.2037100      0.2035500      0.2034100      0.2032900      0.2032100      0.2031400      0.2031000      0.2030900      0.2030900    
  0.2299110      0.2270930      0.2270900      0.2270890      0.2260490      0.2239700      0.2239690      0.2239680      0.2239640      0.2072590      0.1891700      0.1891700      0.1891700      0.1938510      0.1962280      0.1962270      0.1965500      0.1991310      0.2001850      0.2014900      0.2012700      0.2010700      0.2009100      0.2007600      0.2006500      0.2005600      0.2005000      0.2004600      0.2004400      0.2004500    
  0.2270910      0.2270900      0.2270900      0.2260500      0.2239700      0.2239690      0.2239690      0.2122680      0.2011130      0.1891630      0.1891700      0.1891700      0.1891700      0.1891700      0.1936160      0.1959050      0.1959050      0.1965500      0.1983000      0.1988800      0.1986500      0.1984500      0.1982800      0.1981300      0.1980100      0.1979200      0.1978600      0.1978200      0.1978100      0.1978200    
  0.2270900      0.2270900      0.2260500      0.2239700      0.2239700      0.2044770      0.1752400      0.1762050      0.1771700      0.1851510      0.1891490      0.1891700      0.1891700      0.1891700      0.1891700      0.1931620      0.1952610      0.1952600      0.1965500      0.1962800      0.1960400      0.1958300      0.1956600      0.1955100      0.1953900      0.1953000      0.1952400      0.1952000      0.1951900      0.1952100    
  0.2270900      0.2260500      0.2239700      0.2239700      0.2005760      0.1752350      0.1752350      0.1752400      0.1762050      0.1771700      0.1851160      0.1891080      0.1891700      0.1891700      0.1891700      0.1891700      0.1923130      0.1939730      0.1939700      0.1936900      0.1934400      0.1932300      0.1930500      0.1929000      0.1927700      0.1926800      0.1926200      0.1925900      0.1925900      0.1926100    
