iMOD/TUTORIALS/TUT_MetaswapAnalyser/model_MetaSWAP/meteo/Evaporation/Evaporation_20060328_L1.ASC
NCOLS                30
NROWS                30
XLLCORNER     160000.00
YLLCORNER     340000.00
CELLSIZE        1000.00
NODATA_VALUE   -9999.00
   1.666190       1.663990       1.661820       1.659650       1.657500       1.655370       1.653260       1.651160       1.649090       1.647040       1.645000       1.642990       1.641010       1.639040       1.637110       1.635190       1.633300       1.631440       1.629600       1.627790       1.626000       1.624230       1.622500       1.620780       1.619090       1.617430       1.615790       1.614170       1.612580       1.611000    
   1.665320       1.663150       1.660990       1.658850       1.656720       1.654610       1.652510       1.650440       1.648380       1.646340       1.644320       1.642330       1.640360       1.638410       1.636480       1.634570       1.632690       1.630840       1.629000       1.627190       1.625410       1.623650       1.621910       1.620200       1.618510       1.616840       1.615200       1.613570       1.611970       1.610400    
   1.664470       1.662310       1.660180       1.658050       1.655940       1.653850       1.651770       1.649720       1.647670       1.645650       1.643650       1.641670       1.639710       1.637770       1.635850       1.633960       1.632090       1.630240       1.628410       1.626610       1.624830       1.623070       1.621330       1.619620       1.617930       1.616260       1.614610       1.612990       1.611380       1.609800    
   1.663620       1.661490       1.659370       1.657260       1.655170       1.653100       1.651040       1.649000       1.646980       1.644970       1.642980       1.641020       1.639070       1.637140       1.635240       1.633350       1.631490       1.629640       1.627820       1.626020       1.624250       1.622490       1.620760       1.619040       1.617350       1.615680       1.614030       1.612400       1.610790       1.609200    
   1.662780       1.660670       1.658570       1.656480       1.654410       1.652360       1.650320       1.648290       1.646280       1.644290       1.642320       1.640370       1.638430       1.636520       1.634620       1.632750       1.630890       1.629060       1.627240       1.625450       1.623670       1.621920       1.620190       1.618480       1.616780       1.615110       1.613460       1.611820       1.610210       1.608610    
   1.661940       1.659850       1.657770       1.655710       1.653660       1.651620       1.649600       1.647590       1.645600       1.643620       1.641670       1.639730       1.637800       1.635900       1.634010       1.632150       1.630300       1.628470       1.626660       1.624870       1.623100       1.621350       1.619620       1.617910       1.616220       1.614540       1.612890       1.611250       1.609630       1.608030    
   1.661120       1.659050       1.656990       1.654940       1.652910       1.650890       1.648880       1.646890       1.644920       1.642960       1.641010       1.639090       1.637180       1.635280       1.633410       1.631550       1.629710       1.627890       1.626090       1.624310       1.622540       1.620790       1.619060       1.617350       1.615660       1.613980       1.612320       1.610680       1.609060       1.607450    
   1.660300       1.658250       1.656200       1.654180       1.652160       1.650160       1.648170       1.646200       1.644240       1.642290       1.640360       1.638450       1.636550       1.634670       1.632810       1.630960       1.629130       1.627320       1.625520       1.623740       1.621980       1.620230       1.618510       1.616790       1.615100       1.613420       1.611760       1.610120       1.608490       1.606880    
   1.659480       1.657450       1.655430       1.653420       1.651420       1.649440       1.647460       1.645510       1.643560       1.641630       1.639720       1.637820       1.635930       1.634060       1.632210       1.630370       1.628550       1.626740       1.624950       1.623180       1.621420       1.619680       1.617950       1.616240       1.614550       1.612870       1.611200       1.609560       1.607920       1.606310    
   1.658670       1.656660       1.654660       1.652660       1.650690       1.648720       1.646760       1.644820       1.642890       1.640980       1.639080       1.637190       1.635310       1.633460       1.631610       1.629780       1.627970       1.626170       1.624390       1.622620       1.620860       1.619120       1.617400       1.615690       1.614000       1.612320       1.610650       1.609000       1.607360       1.605740    
   1.658680       1.656660       1.653980       1.651920       1.649950       1.648000       1.646060       1.644140       1.642220       1.640320       1.638440       1.636560       1.634700       1.632850       1.631020       1.629200       1.627390       1.625600       1.623820       1.622060       1.620310       1.618570       1.616850       1.615140       1.613450       1.611760       1.610100       1.608440       1.606800       1.605170    
   1.658680       1.655310       1.651920       1.649900       1.649220       1.647290       1.645370       1.643460       1.641560       1.639670       1.637800       1.635940       1.634090       1.632250       1.630430       1.628610       1.626820       1.625030       1.623260       1.621500       1.619750       1.618020       1.616300       1.614590       1.612900       1.611220       1.609550       1.607890       1.606240       1.604610    
   1.656650       1.651920       1.649790       1.648860       1.648500       1.646580       1.644670       1.642780       1.640890       1.639020       1.637160       1.635310       1.633470       1.631650       1.629830       1.628030       1.626240       1.624460       1.622700       1.620940       1.619200       1.617470       1.615750       1.614050       1.612350       1.610670       1.609000       1.607330       1.605690       1.604050    
   1.651920       1.649720       1.648680       1.648500       1.646980       1.645870       1.643980       1.642100       1.640230       1.638370       1.636530       1.634690       1.632860       1.631050       1.629240       1.627450       1.625670       1.623900       1.622140       1.620390       1.618650       1.616920       1.615210       1.613500       1.611800       1.610120       1.608450       1.606780       1.605130       1.603490    
   1.649680       1.648590       1.648500       1.647120       1.645870       1.644380       1.643290       1.641430       1.639570       1.637730       1.635890       1.634070       1.632250       1.630450       1.628650       1.626870       1.625100       1.623330       1.621580       1.619830       1.618100       1.616370       1.614660       1.612950       1.611260       1.609570       1.607900       1.606230       1.604570       1.602920    
   1.648550       1.648500       1.647160       1.645870       1.644510       1.643290       1.642360       1.641430       1.638950       1.637080       1.635260       1.633440       1.631640       1.629850       1.628060       1.626290       1.624520       1.622760       1.621020       1.619280       1.617550       1.615830       1.614110       1.612410       1.610710       1.609020       1.607350       1.605680       1.604020       1.602360    
   1.648500       1.647180       1.645870       1.644560       1.643290       1.642830       1.642360       1.639960       1.637080       1.636170       1.634160       1.632820       1.631030       1.629250       1.627470       1.625710       1.623950       1.622200       1.620460       1.618720       1.616990       1.615280       1.613560       1.611860       1.610160       1.608480       1.606800       1.605120       1.603460       1.601800    
   1.647180       1.645870       1.644570       1.643290       1.643060       1.642830       1.640560       1.637080       1.636620       1.634420       1.632510       1.632200       1.630420       1.628650       1.626880       1.625120       1.623370       1.621630       1.619890       1.618160       1.616440       1.614720       1.613010       1.611310       1.609620       1.607930       1.606240       1.604570       1.602900       1.601230    
   1.645870       1.644580       1.643290       1.643170       1.643060       1.640880       1.637080       1.636850       1.634540       1.632350       1.632200       1.631310       1.629830       1.628040       1.626290       1.624540       1.622790       1.621060       1.619330       1.617600       1.615880       1.614170       1.612460       1.610760       1.609060       1.607370       1.605690       1.604010       1.602340       1.600670    
   1.644580       1.643290       1.643230       1.643170       1.641050       1.637080       1.636970       1.634590       1.632280       1.632200       1.631750       1.630340       1.628040       1.627160       1.626290       1.624540       1.622800       1.621060       1.618300       1.617040       1.615330       1.613610       1.611910       1.610210       1.608510       1.606820       1.605130       1.603450       1.601770       1.600100    
   1.643290       1.643260       1.643230       1.641130       1.637080       1.637020       1.634610       1.632240       1.632200       1.631980       1.630580       1.628040       1.627600       1.627160       1.626000       1.624540       1.622800       1.619080       1.616760       1.616470       1.614760       1.613060       1.611350       1.609650       1.607950       1.606260       1.604570       1.602890       1.601200       1.599530    
   1.643280       1.643260       1.641180       1.637080       1.637050       1.634630       1.632220       1.632200       1.632090       1.630700       1.628040       1.627820       1.627600       1.626920       1.625900       1.624450       1.619900       1.616610       1.616470       1.615140       1.614200       1.612490       1.610790       1.609090       1.607390       1.605700       1.604010       1.602320       1.600630       1.598950    
   1.643280       1.641200       1.637080       1.637070       1.634630       1.632210       1.632200       1.632140       1.630760       1.628040       1.627930       1.627820       1.627450       1.626810       1.625760       1.620300       1.616540       1.616470       1.614500       1.613630       1.612610       1.611930       1.610230       1.608530       1.606830       1.605130       1.603440       1.601750       1.600060       1.598370    
   1.641210       1.637080       1.637070       1.634640       1.632200       1.632200       1.632170       1.630790       1.628040       1.627990       1.627930       1.627730       1.627360       1.623370       1.619100       1.614730       1.614730       1.613900       1.612960       1.612770       1.613060       1.611360       1.609660       1.607960       1.606260       1.604560       1.602860       1.601170       1.599470       1.597780    
   1.637080       1.637080       1.634640       1.632200       1.632200       1.632190       1.630800       1.628040       1.628010       1.627990       1.627880       1.627670       1.621060       1.613430       1.613450       1.613540       1.612920       1.612990       1.612600       1.612480       1.612480       1.610780       1.609080       1.607380       1.605680       1.603990       1.602290       1.600590       1.598890       1.597190    
   1.637080       1.634640       1.632200       1.632200       1.632190       1.630810       1.628040       1.628030       1.628010       1.627960       1.621990       1.613200       1.613340       1.613410       1.613410       1.613450       1.613060       1.612840       1.612990       1.612160       1.611890       1.610200       1.608500       1.606800       1.605100       1.603400       1.601700       1.600000       1.598290       1.596590    
   1.634640       1.632200       1.632200       1.632200       1.630810       1.628040       1.628030       1.628030       1.628000       1.620870       1.613200       1.613200       1.613200       1.613310       1.613370       1.613370       1.613450       1.612950       1.612690       1.612990       1.611300       1.609610       1.607910       1.606220       1.604520       1.602810       1.601110       1.599400       1.597690       1.595980    
   1.632200       1.632200       1.632200       1.630810       1.628040       1.628040       1.628030       1.623860       1.619010       1.613200       1.613200       1.613200       1.613200       1.613200       1.613250       1.613290       1.613300       1.613450       1.612650       1.612390       1.610700       1.609010       1.607320       1.605620       1.603920       1.602220       1.600510       1.598800       1.597080       1.595370    
   1.632200       1.632200       1.630810       1.628040       1.628040       1.621710       1.612220       1.611790       1.611370       1.612580       1.613190       1.613200       1.613200       1.613200       1.613200       1.613130       1.613140       1.613140       1.613450       1.611780       1.610090       1.608410       1.606720       1.605020       1.603320       1.601610       1.599900       1.598180       1.596470       1.594740    
   1.632200       1.630810       1.628040       1.628040       1.620440       1.612220       1.612220       1.612220       1.611790       1.611370       1.612580       1.613180       1.613200       1.613200       1.613200       1.613200       1.612900       1.612820       1.612830       1.611160       1.609480       1.607800       1.606110       1.604410       1.602710       1.601000       1.599280       1.597560       1.595840       1.594110    
