iMOD/TUTORIALS/TUT_MetaswapAnalyser/model_MetaSWAP/meteo/Evaporation/Evaporation_20060602_L1.ASC
NCOLS                30
NROWS                30
XLLCORNER     160000.00
YLLCORNER     340000.00
CELLSIZE        1000.00
NODATA_VALUE   -9999.00
   3.047120       3.035130       3.022920       3.010510       2.997910       2.985140       2.972210       2.959140       2.945950       2.932650       2.919250       2.905770       2.892220       2.878620       2.864980       2.851310       2.837610       2.823910       2.810200       2.796500       2.782820       2.769170       2.755540       2.741960       2.728420       2.714930       2.701490       2.688120       2.674810       2.661570    
   3.032480       3.020500       3.008310       2.995930       2.983360       2.970620       2.957740       2.944710       2.931560       2.918310       2.904960       2.891530       2.878030       2.864480       2.850890       2.837260       2.823620       2.809970       2.796310       2.782670       2.769040       2.755430       2.741860       2.728330       2.714840       2.701400       2.688020       2.674690       2.661440       2.648250    
   3.017710       3.005740       2.993560       2.981200       2.968660       2.955960       2.943110       2.930120       2.917020       2.903810       2.890500       2.877120       2.863670       2.850170       2.836630       2.823060       2.809470       2.795860       2.782260       2.768670       2.755090       2.741540       2.728020       2.714540       2.701110       2.687720       2.674400       2.661130       2.647930       2.634790    
   3.002800       2.990830       2.978680       2.966330       2.953820       2.941150       2.928330       2.915380       2.902320       2.889150       2.875900       2.862560       2.849160       2.835710       2.822220       2.808700       2.795160       2.781610       2.768060       2.754520       2.741000       2.727500       2.714040       2.700610       2.687230       2.673910       2.660640       2.647420       2.634280       2.621210    
   2.987770       2.975810       2.963660       2.951340       2.938840       2.926200       2.913420       2.900510       2.887480       2.874360       2.861140       2.847860       2.834500       2.821100       2.807660       2.794190       2.780700       2.767210       2.753710       2.740230       2.726760       2.713320       2.699910       2.686540       2.673220       2.659950       2.646740       2.633590       2.620500       2.607490    
   2.972620       2.960660       2.948530       2.936220       2.923750       2.911130       2.898370       2.885500       2.872510       2.859420       2.846250       2.833010       2.819710       2.806350       2.792960       2.779540       2.766110       2.752660       2.739220       2.725790       2.712380       2.699000       2.685650       2.672340       2.659080       2.645860       2.632710       2.619620       2.606600       2.593640    
   2.957370       2.945410       2.933280       2.920980       2.908530       2.895940       2.883210       2.870360       2.857410       2.844370       2.831240       2.818040       2.804780       2.791470       2.778130       2.764760       2.751380       2.737990       2.724600       2.711230       2.697870       2.684540       2.671250       2.658000       2.644800       2.631650       2.618560       2.605530       2.592570       2.579680    
   2.942010       2.930060       2.917930       2.905640       2.893210       2.880630       2.867930       2.855120       2.842200       2.829190       2.816100       2.802940       2.789720       2.776460       2.763170       2.749850       2.736520       2.723180       2.709850       2.696530       2.683240       2.669970       2.656730       2.643540       2.630400       2.617320       2.604290       2.591320       2.578430       2.565600    
   2.926570       2.914610       2.902480       2.890200       2.877780       2.865230       2.852550       2.839760       2.826870       2.813900       2.800840       2.787730       2.774550       2.761340       2.748090       2.734820       2.721540       2.708260       2.694980       2.681720       2.668480       2.655270       2.642100       2.628970       2.615890       2.602860       2.589900       2.577000       2.564170       2.551410    
   2.911040       2.899070       2.886950       2.874680       2.862260       2.849730       2.837070       2.824300       2.811450       2.798500       2.785480       2.772400       2.759270       2.746100       2.732900       2.719680       2.706450       2.693220       2.680000       2.666790       2.653610       2.640460       2.627340       2.614280       2.601260       2.588300       2.575400       2.562570       2.549810       2.537120    
   2.910980       2.899020       2.879940       2.859060       2.846660       2.834140       2.821500       2.808760       2.795920       2.783010       2.770030       2.756980       2.743890       2.730760       2.717610       2.704440       2.691250       2.678070       2.664900       2.651750       2.638630       2.625540       2.612480       2.599480       2.586530       2.573630       2.560800       2.548040       2.535340       2.522720    
   2.910930       2.887250       2.859060       2.837980       2.830980       2.818460       2.805840       2.793120       2.780310       2.767430       2.754480       2.741470       2.728420       2.715330       2.702220       2.689090       2.675960       2.662830       2.649710       2.636610       2.623550       2.610510       2.597520       2.584580       2.571700       2.558870       2.546100       2.533410       2.520780       2.508230    
   2.894990       2.859060       2.833840       2.823100       2.815220       2.802720       2.790110       2.777410       2.764620       2.751760       2.738840       2.725870       2.712850       2.699800       2.686730       2.673650       2.660560       2.647490       2.634420       2.621380       2.608370       2.595400       2.582470       2.569590       2.556770       2.544010       2.531310       2.518680       2.506130       2.493660    
   2.859060       2.831820       2.819160       2.815220       2.801610       2.786900       2.774310       2.761620       2.748860       2.736020       2.723130       2.710190       2.697200       2.684190       2.671160       2.658120       2.645090       2.632060       2.619040       2.606060       2.593100       2.580190       2.567320       2.554510       2.541750       2.529060       2.516430       2.503880       2.491400       2.478990    
   2.830820       2.817190       2.815220       2.801240       2.786900       2.773220       2.758440       2.745770       2.733030       2.720210       2.707350       2.694430       2.681480       2.668510       2.655520       2.642520       2.629530       2.616550       2.603580       2.590650       2.577750       2.564900       2.552090       2.539340       2.526650       2.514030       2.501470       2.488990       2.476580       2.464250    
   2.816210       2.815220       2.801120       2.786900       2.772850       2.758440       2.752100       2.745750       2.725840       2.704340       2.691500       2.678610       2.665690       2.652750       2.639800       2.626840       2.613900       2.600960       2.588050       2.575170       2.562330       2.549530       2.536790       2.524100       2.511480       2.498920       2.486430       2.474020       2.461690       2.449440    
   2.815220       2.801080       2.786900       2.772730       2.758440       2.755270       2.752100       2.732010       2.704340       2.697920       2.676800       2.662730       2.649840       2.636930       2.624020       2.611100       2.598200       2.585310       2.572440       2.559620       2.546830       2.534090       2.521410       2.508790       2.496230       2.483740       2.471330       2.458990       2.446730       2.434560    
   2.801070       2.786900       2.772690       2.758440       2.756860       2.755270       2.735930       2.704340       2.701130       2.676120       2.654770       2.646800       2.633940       2.621060       2.608180       2.595300       2.582430       2.569590       2.556780       2.544000       2.531270       2.518590       2.505970       2.493410       2.480910       2.468500       2.456150       2.443890       2.431710       2.419610    
   2.786900       2.772680       2.758440       2.757650       2.756860       2.738100       2.704340       2.702730       2.675840       2.650780       2.646800       2.640370       2.626730       2.605140       2.592290       2.579440       2.566620       2.553820       2.541050       2.528330       2.515650       2.503020       2.490460       2.477970       2.465540       2.453190       2.440920       2.428730       2.416630       2.404610    
   2.772670       2.758440       2.758040       2.757650       2.739240       2.704340       2.703540       2.675700       2.648790       2.646800       2.643580       2.629760       2.605140       2.598710       2.592290       2.579450       2.566630       2.553830       2.526530       2.512600       2.499970       2.487410       2.474910       2.462470       2.450120       2.437840       2.425640       2.413530       2.401500       2.389560    
   2.758440       2.758240       2.758040       2.739820       2.704340       2.703940       2.675630       2.647800       2.646800       2.645190       2.631320       2.605140       2.601930       2.598710       2.590150       2.579460       2.566640       2.529710       2.504710       2.496830       2.484250       2.471750       2.459300       2.446940       2.434640       2.422440       2.410310       2.398270       2.386330       2.374470    
   2.758340       2.758240       2.740110       2.704340       2.704140       2.675600       2.647300       2.646800       2.646000       2.632110       2.605140       2.603530       2.601930       2.596930       2.589440       2.578750       2.534680       2.500770       2.496830       2.483190       2.468500       2.456040       2.443660       2.431350       2.419130       2.406990       2.394940       2.382980       2.371110       2.359340    
   2.758340       2.740260       2.704340       2.704240       2.675590       2.647050       2.646800       2.646400       2.632510       2.605140       2.604340       2.603530       2.600800       2.596100       2.588370       2.530180       2.498800       2.496830       2.465420       2.452690       2.445250       2.440300       2.427980       2.415740       2.403580       2.391510       2.379540       2.367660       2.355870       2.344170    
   2.740330       2.704340       2.704290       2.675580       2.646920       2.646800       2.646600       2.632710       2.605140       2.604740       2.604340       2.602890       2.600140       2.541840       2.491980       2.449210       2.449210       2.442410       2.434230       2.428960       2.436880       2.424540       2.412270       2.400100       2.388010       2.376010       2.364110       2.352300       2.340590       2.328980    
   2.704340       2.704310       2.675570       2.646860       2.646800       2.646700       2.632810       2.605140       2.604940       2.604740       2.603990       2.602460       2.501500       2.381570       2.382070       2.405960       2.399610       2.401600       2.413970       2.421040       2.421040       2.408750       2.396540       2.384430       2.372410       2.360480       2.348650       2.336930       2.325300       2.313780    
   2.704330       2.675570       2.646830       2.646800       2.646750       2.632860       2.605140       2.605040       2.604940       2.604560       2.500900       2.346660       2.369520       2.381080       2.381070       2.382070       2.392950       2.397620       2.401600       2.404290       2.405190       2.392950       2.380800       2.368750       2.356790       2.344940       2.333190       2.321540       2.310000       2.298550    
   2.675570       2.646820       2.646800       2.646770       2.632890       2.605140       2.605090       2.605040       2.604840       2.480740       2.346660       2.346660       2.346660       2.368790       2.380080       2.380080       2.382070       2.390530       2.393640       2.401600       2.389320       2.377140       2.365050       2.353060       2.341170       2.329390       2.317710       2.306140       2.294680       2.283330    
   2.646810       2.646800       2.646790       2.632900       2.605140       2.605110       2.605090       2.523820       2.440330       2.346620       2.346660       2.346660       2.346660       2.346660       2.367330       2.378090       2.378090       2.382070       2.384790       2.385690       2.373460       2.361320       2.349290       2.337360       2.325540       2.313830       2.302230       2.290750       2.279370       2.268100    
   2.646800       2.646790       2.632910       2.605140       2.605130       2.473940       2.277200       2.278740       2.280290       2.324420       2.346530       2.346660       2.346660       2.346660       2.346660       2.364480       2.374110       2.374110       2.382070       2.369790       2.357600       2.345520       2.333540       2.321670       2.309920       2.298280       2.286760       2.275360       2.264060       2.252890    
   2.646800       2.632910       2.605140       2.605130       2.447700       2.277170       2.277170       2.277200       2.278740       2.280290       2.324200       2.346270       2.346660       2.346660       2.346660       2.346660       2.359070       2.366160       2.366150       2.353900       2.341760       2.329720       2.317800       2.305990       2.294310       2.282750       2.271300       2.259980       2.248770       2.237680    
