iMOD/TUTORIALS/TUT_MetaswapAnalyser/model_MetaSWAP/meteo/Evaporation/Evaporation_20050114_L1.ASC
NCOLS                30
NROWS                30
XLLCORNER     160000.00
YLLCORNER     340000.00
CELLSIZE        1000.00
NODATA_VALUE   -9999.00
  0.5201900      0.5199400      0.5196900      0.5194200      0.5191400      0.5188600      0.5185600      0.5182500      0.5179300      0.5176000      0.5172600      0.5169100      0.5165500      0.5161700      0.5157900      0.5154000      0.5149900      0.5145700      0.5141400      0.5137100      0.5132600      0.5128000      0.5123200      0.5118400      0.5113500      0.5108500      0.5103400      0.5098100      0.5092800      0.5087400    
  0.5204000      0.5201500      0.5198900      0.5196300      0.5193500      0.5190600      0.5187600      0.5184500      0.5181300      0.5178100      0.5174700      0.5171100      0.5167500      0.5163800      0.5160000      0.5156000      0.5152000      0.5147800      0.5143600      0.5139200      0.5134700      0.5130100      0.5125400      0.5120600      0.5115700      0.5110700      0.5105600      0.5100400      0.5095100      0.5089800    
  0.5206100      0.5203600      0.5201000      0.5198300      0.5195500      0.5192600      0.5189600      0.5186600      0.5183400      0.5180100      0.5176700      0.5173200      0.5169500      0.5165800      0.5162000      0.5158100      0.5154000      0.5149900      0.5145600      0.5141300      0.5136800      0.5132300      0.5127600      0.5122800      0.5117900      0.5113000      0.5107900      0.5102700      0.5097500      0.5092100    
  0.5208100      0.5205600      0.5203000      0.5200300      0.5197500      0.5194600      0.5191600      0.5188600      0.5185400      0.5182100      0.5178700      0.5175200      0.5171600      0.5167800      0.5164000      0.5160100      0.5156100      0.5151900      0.5147700      0.5143400      0.5138900      0.5134400      0.5129700      0.5125000      0.5120100      0.5115200      0.5110100      0.5105000      0.5099700      0.5094400    
  0.5210100      0.5207600      0.5205000      0.5202300      0.5199500      0.5196600      0.5193600      0.5190500      0.5187300      0.5184000      0.5180600      0.5177100      0.5173500      0.5169800      0.5166000      0.5162100      0.5158100      0.5154000      0.5149800      0.5145400      0.5141000      0.5136500      0.5131800      0.5127100      0.5122300      0.5117400      0.5112300      0.5107200      0.5102000      0.5096700    
  0.5212200      0.5209600      0.5207000      0.5204300      0.5201500      0.5198600      0.5195600      0.5192500      0.5189300      0.5186000      0.5182600      0.5179100      0.5175500      0.5171800      0.5168000      0.5164100      0.5160100      0.5156000      0.5151800      0.5147500      0.5143100      0.5138600      0.5133900      0.5129200      0.5124400      0.5119500      0.5114500      0.5109400      0.5104200      0.5099000    
  0.5214200      0.5211600      0.5209000      0.5206300      0.5203500      0.5200600      0.5197500      0.5194400      0.5191200      0.5188000      0.5184600      0.5181100      0.5177500      0.5173800      0.5170000      0.5166100      0.5162100      0.5158000      0.5153800      0.5149500      0.5145100      0.5140600      0.5136000      0.5131300      0.5126500      0.5121700      0.5116700      0.5111600      0.5106500      0.5101200    
  0.5216200      0.5213600      0.5211000      0.5208200      0.5205400      0.5202500      0.5199500      0.5196400      0.5193200      0.5189900      0.5186500      0.5183000      0.5179400      0.5175700      0.5171900      0.5168000      0.5164000      0.5160000      0.5155800      0.5151500      0.5147100      0.5142600      0.5138100      0.5133400      0.5128600      0.5123800      0.5118800      0.5113800      0.5108600      0.5103400    
  0.5218100      0.5215600      0.5212900      0.5210200      0.5207400      0.5204400      0.5201400      0.5198300      0.5195100      0.5191800      0.5188400      0.5184900      0.5181300      0.5177600      0.5173900      0.5170000      0.5166000      0.5161900      0.5157800      0.5153500      0.5149100      0.5144700      0.5140100      0.5135500      0.5130700      0.5125900      0.5120900      0.5115900      0.5110800      0.5105600    
  0.5220100      0.5217500      0.5214900      0.5212100      0.5209300      0.5206400      0.5203300      0.5200200      0.5197000      0.5193700      0.5190300      0.5186800      0.5183200      0.5179600      0.5175800      0.5171900      0.5167900      0.5163900      0.5159700      0.5155500      0.5151100      0.5146700      0.5142100      0.5137500      0.5132800      0.5128000      0.5123000      0.5118000      0.5113000      0.5107800    
  0.5220070      0.5217500      0.5214630      0.5214000      0.5211200      0.5208300      0.5205200      0.5202100      0.5198900      0.5195600      0.5192200      0.5188700      0.5185100      0.5181500      0.5177700      0.5173800      0.5169900      0.5165800      0.5161700      0.5157400      0.5153100      0.5148600      0.5144100      0.5139500      0.5134800      0.5130000      0.5125100      0.5120200      0.5115100      0.5109900    
  0.5220040      0.5216550      0.5214000      0.5213330      0.5213100      0.5210200      0.5207100      0.5204000      0.5200800      0.5197500      0.5194100      0.5190600      0.5187000      0.5183400      0.5179600      0.5175700      0.5171800      0.5167700      0.5163600      0.5159400      0.5155000      0.5150600      0.5146100      0.5141500      0.5136800      0.5132100      0.5127200      0.5122200      0.5117200      0.5112100    
  0.5218280      0.5214000      0.5214090      0.5214050      0.5215000      0.5212100      0.5209000      0.5205900      0.5202700      0.5199400      0.5196000      0.5192500      0.5188900      0.5185200      0.5181500      0.5177600      0.5173700      0.5169600      0.5165500      0.5161300      0.5157000      0.5152600      0.5148100      0.5143500      0.5138800      0.5134100      0.5129200      0.5124300      0.5119300      0.5114200    
  0.5214000      0.5214400      0.5214520      0.5215000      0.5213670      0.5213900      0.5210900      0.5207800      0.5204500      0.5201200      0.5197800      0.5194300      0.5190800      0.5187100      0.5183300      0.5179500      0.5175600      0.5171500      0.5167400      0.5163200      0.5158900      0.5154500      0.5150000      0.5145500      0.5140800      0.5136100      0.5131300      0.5126400      0.5121400      0.5116300    
  0.5214540      0.5214760      0.5215000      0.5214190      0.5213900      0.5212530      0.5212800      0.5209600      0.5206400      0.5203100      0.5199700      0.5196200      0.5192600      0.5189000      0.5185200      0.5181400      0.5177400      0.5173400      0.5169300      0.5165100      0.5160800      0.5156500      0.5152000      0.5147400      0.5142800      0.5138100      0.5133300      0.5128400      0.5123400      0.5118400    
  0.5214880      0.5215000      0.5214360      0.5213900      0.5213080      0.5212800      0.5211200      0.5209600      0.5206000      0.5204900      0.5201500      0.5198000      0.5194500      0.5190800      0.5187100      0.5183200      0.5179300      0.5175300      0.5171200      0.5167000      0.5162700      0.5158400      0.5153900      0.5149400      0.5144800      0.5140100      0.5135300      0.5130400      0.5125500      0.5120400    
  0.5215000      0.5214420      0.5213900      0.5213260      0.5212800      0.5212000      0.5211200      0.5207920      0.5204900      0.5203200      0.5201200      0.5199900      0.5196300      0.5192700      0.5188900      0.5185100      0.5181200      0.5177200      0.5173100      0.5168900      0.5164600      0.5160300      0.5155900      0.5151300      0.5146700      0.5142100      0.5137300      0.5132400      0.5127500      0.5122500    
  0.5214440      0.5213900      0.5213320      0.5212800      0.5212400      0.5212000      0.5209010      0.5204900      0.5204050      0.5202360      0.5200800      0.5201700      0.5198200      0.5194500      0.5190800      0.5186900      0.5183000      0.5179000      0.5174900      0.5170800      0.5166500      0.5162200      0.5157800      0.5153300      0.5148700      0.5144000      0.5139300      0.5134400      0.5129500      0.5124500    
  0.5213900      0.5213340      0.5212800      0.5212600      0.5212400      0.5209580      0.5204900      0.5204470      0.5202850      0.5201250      0.5201700      0.5199950      0.5197680      0.5196300      0.5192600      0.5188800      0.5184900      0.5180900      0.5176800      0.5172600      0.5168400      0.5164100      0.5159700      0.5155200      0.5150600      0.5146000      0.5141200      0.5136400      0.5131500      0.5126600    
  0.5213350      0.5212800      0.5212700      0.5212600      0.5209870      0.5204900      0.5204690      0.5203080      0.5201470      0.5201700      0.5200820      0.5198910      0.5196300      0.5194450      0.5192570      0.5188770      0.5184870      0.5180870      0.5176240      0.5174500      0.5170300      0.5166000      0.5161600      0.5157100      0.5152500      0.5147900      0.5143200      0.5138400      0.5133500      0.5128600    
  0.5212800      0.5212750      0.5212700      0.5210020      0.5204900      0.5204790      0.5203190      0.5201590      0.5201700      0.5201260      0.5199430      0.5196300      0.5195380      0.5194440      0.5191930      0.5188730      0.5184830      0.5178760      0.5175450      0.5176400      0.5172100      0.5167800      0.5163500      0.5159000      0.5154500      0.5149800      0.5145100      0.5140400      0.5135500      0.5130600    
  0.5212780      0.5212750      0.5210090      0.5204900      0.5204850      0.5203250      0.5201640      0.5201700      0.5201480      0.5199670      0.5196300      0.5195840      0.5195370      0.5193910      0.5191700      0.5188500      0.5180930      0.5175920      0.5176400      0.5174170      0.5174000      0.5169700      0.5165300      0.5160900      0.5156400      0.5151800      0.5147100      0.5142300      0.5137500      0.5132600    
  0.5212780      0.5210130      0.5204900      0.5204870      0.5203270      0.5201670      0.5201700      0.5201590      0.5199790      0.5196300      0.5196070      0.5195840      0.5195040      0.5193660      0.5191370      0.5183840      0.5176160      0.5176400      0.5176250      0.5175850      0.5173280      0.5171600      0.5167200      0.5162800      0.5158300      0.5153700      0.5149000      0.5144300      0.5139500      0.5134600    
  0.5210150      0.5204900      0.5204890      0.5203290      0.5201690      0.5201700      0.5201640      0.5199840      0.5196300      0.5196180      0.5196070      0.5195650      0.5194850      0.5193790      0.5189090      0.5181900      0.5181900      0.5180030      0.5177990      0.5178600      0.5177700      0.5173400      0.5169100      0.5164700      0.5160200      0.5155600      0.5150900      0.5146200      0.5141400      0.5136600    
  0.5204900      0.5204890      0.5203290      0.5201690      0.5201700      0.5201670      0.5199870      0.5196300      0.5196240      0.5196180      0.5195970      0.5195520      0.5194930      0.5195160      0.5195100      0.5188700      0.5187620      0.5187400      0.5182100      0.5179530      0.5179500      0.5175300      0.5170900      0.5166500      0.5162000      0.5157500      0.5152900      0.5148200      0.5143400      0.5138500    
  0.5204900      0.5203300      0.5201700      0.5201700      0.5201690      0.5199890      0.5196300      0.5196270      0.5196240      0.5196130      0.5199330      0.5204500      0.5198320      0.5195210      0.5195210      0.5195100      0.5190180      0.5187850      0.5187400      0.5182880      0.5181400      0.5177100      0.5172800      0.5168400      0.5163900      0.5159400      0.5154800      0.5150100      0.5145300      0.5140500    
  0.5203300      0.5201700      0.5201700      0.5201690      0.5199890      0.5196300      0.5196290      0.5196270      0.5196210      0.5200140      0.5204500      0.5204500      0.5204500      0.5198400      0.5195320      0.5195320      0.5195100      0.5190370      0.5188300      0.5187400      0.5183200      0.5179000      0.5174600      0.5170300      0.5165800      0.5161300      0.5156700      0.5152000      0.5147300      0.5142400    
  0.5201700      0.5201700      0.5201700      0.5199900      0.5196300      0.5196290      0.5196290      0.5201590      0.5203940      0.5204500      0.5204500      0.5204500      0.5204500      0.5204500      0.5198560      0.5195550      0.5195550      0.5195100      0.5190680      0.5189200      0.5185000      0.5180800      0.5176500      0.5172100      0.5167700      0.5163200      0.5158600      0.5153900      0.5149200      0.5144400    
  0.5201700      0.5201700      0.5199900      0.5196300      0.5196300      0.5207100      0.5223300      0.5220450      0.5217600      0.5208880      0.5204510      0.5204500      0.5204500      0.5204500      0.5204500      0.5198860      0.5196000      0.5196000      0.5195100      0.5191000      0.5186900      0.5182600      0.5178300      0.5174000      0.5169600      0.5165000      0.5160500      0.5155800      0.5151100      0.5146300    
  0.5201700      0.5199900      0.5196300      0.5196300      0.5209260      0.5223300      0.5223300      0.5223300      0.5220450      0.5217600      0.5208910      0.5204550      0.5204500      0.5204500      0.5204500      0.5204500      0.5199390      0.5196900      0.5196900      0.5192800      0.5188700      0.5184500      0.5180200      0.5175800      0.5171400      0.5166900      0.5162400      0.5157700      0.5153000      0.5148300    
