iMOD/TUTORIALS/TUT_MetaswapAnalyser/model_MetaSWAP/meteo/Evaporation/Evaporation_20061225_L1.ASC
NCOLS                30
NROWS                30
XLLCORNER     160000.00
YLLCORNER     340000.00
CELLSIZE        1000.00
NODATA_VALUE   -9999.00
  0.1017000      0.1016600      0.1016400      0.1016100      0.1016000      0.1015800      0.1015700      0.1015600      0.1015600      0.1015500      0.1015500      0.1015600      0.1015600      0.1015700      0.1015800      0.1015900      0.1016100      0.1016200      0.1016400      0.1016600      0.1016800      0.1017000      0.1017200      0.1017400      0.1017600      0.1017800      0.1018100      0.1018300      0.1018600      0.1018800    
  0.1019500      0.1019200      0.1018900      0.1018700      0.1018500      0.1018400      0.1018300      0.1018200      0.1018200      0.1018200      0.1018200      0.1018300      0.1018300      0.1018400      0.1018500      0.1018700      0.1018800      0.1019000      0.1019100      0.1019300      0.1019500      0.1019700      0.1019900      0.1020200      0.1020400      0.1020600      0.1020900      0.1021100      0.1021300      0.1021600    
  0.1022000      0.1021700      0.1021500      0.1021300      0.1021100      0.1021000      0.1020900      0.1020900      0.1020900      0.1020900      0.1020900      0.1021000      0.1021100      0.1021200      0.1021300      0.1021400      0.1021600      0.1021700      0.1021900      0.1022100      0.1022300      0.1022500      0.1022700      0.1023000      0.1023200      0.1023400      0.1023700      0.1023900      0.1024200      0.1024400    
  0.1024500      0.1024200      0.1024000      0.1023900      0.1023800      0.1023700      0.1023600      0.1023600      0.1023600      0.1023600      0.1023600      0.1023700      0.1023800      0.1023900      0.1024000      0.1024200      0.1024400      0.1024500      0.1024700      0.1024900      0.1025100      0.1025300      0.1025600      0.1025800      0.1026000      0.1026300      0.1026500      0.1026700      0.1027000      0.1027200    
  0.1027000      0.1026800      0.1026600      0.1026500      0.1026400      0.1026300      0.1026300      0.1026300      0.1026300      0.1026300      0.1026400      0.1026500      0.1026600      0.1026700      0.1026800      0.1027000      0.1027200      0.1027300      0.1027500      0.1027700      0.1028000      0.1028200      0.1028400      0.1028600      0.1028900      0.1029100      0.1029300      0.1029600      0.1029800      0.1030100    
  0.1029600      0.1029400      0.1029300      0.1029100      0.1029100      0.1029000      0.1029000      0.1029000      0.1029000      0.1029100      0.1029100      0.1029200      0.1029400      0.1029500      0.1029600      0.1029800      0.1030000      0.1030200      0.1030400      0.1030600      0.1030800      0.1031000      0.1031300      0.1031500      0.1031700      0.1032000      0.1032200      0.1032500      0.1032700      0.1032900    
  0.1032100      0.1032000      0.1031900      0.1031800      0.1031700      0.1031700      0.1031700      0.1031700      0.1031800      0.1031800      0.1031900      0.1032000      0.1032200      0.1032300      0.1032500      0.1032600      0.1032800      0.1033000      0.1033200      0.1033400      0.1033700      0.1033900      0.1034100      0.1034400      0.1034600      0.1034800      0.1035100      0.1035300      0.1035600      0.1035800    
  0.1034700      0.1034600      0.1034500      0.1034400      0.1034400      0.1034400      0.1034400      0.1034400      0.1034500      0.1034600      0.1034700      0.1034800      0.1035000      0.1035100      0.1035300      0.1035500      0.1035700      0.1035900      0.1036100      0.1036300      0.1036500      0.1036800      0.1037000      0.1037300      0.1037500      0.1037700      0.1038000      0.1038200      0.1038500      0.1038700    
  0.1037300      0.1037200      0.1037100      0.1037100      0.1037100      0.1037100      0.1037100      0.1037200      0.1037300      0.1037400      0.1037500      0.1037600      0.1037800      0.1038000      0.1038100      0.1038300      0.1038500      0.1038800      0.1039000      0.1039200      0.1039400      0.1039700      0.1039900      0.1040200      0.1040400      0.1040600      0.1040900      0.1041100      0.1041400      0.1041600    
  0.1039900      0.1039800      0.1039800      0.1039800      0.1039800      0.1039800      0.1039900      0.1040000      0.1040100      0.1040200      0.1040300      0.1040500      0.1040600      0.1040800      0.1041000      0.1041200      0.1041400      0.1041600      0.1041900      0.1042100      0.1042300      0.1042600      0.1042800      0.1043100      0.1043300      0.1043600      0.1043800      0.1044100      0.1044300      0.1044500    
  0.1039900      0.1039830      0.1040470      0.1042500      0.1042500      0.1042600      0.1042600      0.1042700      0.1042800      0.1043000      0.1043100      0.1043300      0.1043500      0.1043700      0.1043900      0.1044100      0.1044300      0.1044500      0.1044800      0.1045000      0.1045300      0.1045500      0.1045800      0.1046000      0.1046300      0.1046500      0.1046700      0.1047000      0.1047200      0.1047500    
  0.1039910      0.1040680      0.1042500      0.1044520      0.1045200      0.1045300      0.1045400      0.1045500      0.1045600      0.1045800      0.1046000      0.1046200      0.1046300      0.1046600      0.1046800      0.1047000      0.1047200      0.1047500      0.1047700      0.1047900      0.1048200      0.1048400      0.1048700      0.1048900      0.1049200      0.1049400      0.1049700      0.1049900      0.1050200      0.1050400    
  0.1040770      0.1042500      0.1045370      0.1046550      0.1047900      0.1048000      0.1048200      0.1048300      0.1048500      0.1048600      0.1048800      0.1049000      0.1049200      0.1049400      0.1049700      0.1049900      0.1050100      0.1050400      0.1050600      0.1050900      0.1051100      0.1051400      0.1051600      0.1051900      0.1052100      0.1052400      0.1052600      0.1052900      0.1053100      0.1053300    
  0.1042500      0.1045750      0.1047220      0.1047900      0.1048900      0.1050800      0.1050900      0.1051100      0.1051300      0.1051500      0.1051700      0.1051900      0.1052100      0.1052300      0.1052600      0.1052800      0.1053100      0.1053300      0.1053600      0.1053800      0.1054100      0.1054300      0.1054600      0.1054900      0.1055100      0.1055400      0.1055600      0.1055800      0.1056100      0.1056300    
  0.1045930      0.1047560      0.1047900      0.1049200      0.1050800      0.1051800      0.1053700      0.1053900      0.1054100      0.1054300      0.1054500      0.1054700      0.1055000      0.1055200      0.1055500      0.1055700      0.1056000      0.1056200      0.1056500      0.1056800      0.1057000      0.1057300      0.1057600      0.1057800      0.1058100      0.1058300      0.1058600      0.1058800      0.1059000      0.1059300    
  0.1047730      0.1047900      0.1049300      0.1050800      0.1052100      0.1053700      0.1053800      0.1053900      0.1054850      0.1057100      0.1057400      0.1057600      0.1057900      0.1058100      0.1058400      0.1058600      0.1058900      0.1059200      0.1059500      0.1059700      0.1060000      0.1060300      0.1060500      0.1060800      0.1061100      0.1061300      0.1061500      0.1061800      0.1062000      0.1062200    
  0.1047900      0.1049330      0.1050800      0.1052200      0.1053700      0.1053750      0.1053800      0.1054910      0.1057100      0.1057250      0.1059200      0.1060500      0.1060700      0.1061000      0.1061300      0.1061600      0.1061900      0.1062100      0.1062400      0.1062700      0.1063000      0.1063200      0.1063500      0.1063800      0.1064000      0.1064300      0.1064500      0.1064800      0.1065000      0.1065200    
  0.1049340      0.1050800      0.1052230      0.1053700      0.1053730      0.1053750      0.1054890      0.1057100      0.1057180      0.1059780      0.1061950      0.1063400      0.1063600      0.1063900      0.1064200      0.1064500      0.1064800      0.1065100      0.1065400      0.1065700      0.1065900      0.1066200      0.1066500      0.1066800      0.1067000      0.1067300      0.1067500      0.1067700      0.1068000      0.1068200    
  0.1050800      0.1052240      0.1053700      0.1053710      0.1053730      0.1054870      0.1057100      0.1057140      0.1060030      0.1062670      0.1063400      0.1063500      0.1064420      0.1066800      0.1067100      0.1067400      0.1067700      0.1068000      0.1068300      0.1068600      0.1068900      0.1069200      0.1069500      0.1069700      0.1070000      0.1070300      0.1070500      0.1070700      0.1070900      0.1071200    
  0.1052250      0.1053700      0.1053710      0.1053710      0.1054850      0.1057100      0.1057120      0.1060140      0.1063040      0.1063400      0.1063450      0.1064530      0.1066800      0.1066950      0.1067100      0.1067400      0.1067700      0.1068000      0.1070220      0.1071600      0.1071900      0.1072200      0.1072500      0.1072700      0.1073000      0.1073200      0.1073500      0.1073700      0.1073900      0.1074100    
  0.1053700      0.1053700      0.1053710      0.1054840      0.1057100      0.1057110      0.1060200      0.1063220      0.1063400      0.1063420      0.1064550      0.1066800      0.1066880      0.1066950      0.1067150      0.1067400      0.1067700      0.1070720      0.1073100      0.1074600      0.1074900      0.1075200      0.1075400      0.1075700      0.1076000      0.1076200      0.1076500      0.1076700      0.1076900      0.1077100    
  0.1053700      0.1053700      0.1054840      0.1057100      0.1057100      0.1060220      0.1063310      0.1063400      0.1063410      0.1064540      0.1066800      0.1066840      0.1066880      0.1066990      0.1067170      0.1067420      0.1070850      0.1073850      0.1074600      0.1075770      0.1077800      0.1078100      0.1078400      0.1078700      0.1079000      0.1079200      0.1079500      0.1079700      0.1079900      0.1080100    
  0.1053700      0.1054840      0.1057100      0.1057100      0.1060240      0.1063350      0.1063400      0.1063410      0.1064540      0.1066800      0.1066820      0.1066840      0.1066900      0.1067010      0.1067190      0.1072620      0.1074230      0.1074600      0.1079120      0.1080800      0.1080980      0.1081100      0.1081400      0.1081700      0.1082000      0.1082200      0.1082400      0.1082700      0.1082900      0.1083100    
  0.1054830      0.1057100      0.1057100      0.1060240      0.1063380      0.1063400      0.1063400      0.1064540      0.1066800      0.1066810      0.1066820      0.1066850      0.1066920      0.1074730      0.1080030      0.1083450      0.1083450      0.1083800      0.1084290      0.1085300      0.1083800      0.1084100      0.1084400      0.1084700      0.1084900      0.1085200      0.1085400      0.1085600      0.1085900      0.1086000    
  0.1057100      0.1057100      0.1060250      0.1063390      0.1063400      0.1063400      0.1064530      0.1066800      0.1066800      0.1066810      0.1066830      0.1066860      0.1080870      0.1097890      0.1097800      0.1092110      0.1092670      0.1092300      0.1088690      0.1086770      0.1086800      0.1087100      0.1087400      0.1087600      0.1087900      0.1088200      0.1088400      0.1088600      0.1088800      0.1089000    
  0.1057100      0.1060250      0.1063390      0.1063400      0.1063400      0.1064530      0.1066800      0.1066800      0.1066800      0.1066810      0.1082500      0.1106000      0.1100670      0.1097980      0.1097980      0.1097800      0.1094530      0.1093050      0.1092300      0.1090380      0.1089700      0.1090000      0.1090300      0.1090600      0.1090900      0.1091100      0.1091400      0.1091600      0.1091800      0.1092000    
  0.1060250      0.1063400      0.1063400      0.1063400      0.1064530      0.1066800      0.1066800      0.1066800      0.1066810      0.1085620      0.1106000      0.1106000      0.1106000      0.1100800      0.1098160      0.1098160      0.1097800      0.1094950      0.1093800      0.1092300      0.1092700      0.1093000      0.1093300      0.1093600      0.1093900      0.1094100      0.1094300      0.1094600      0.1094800      0.1094900    
  0.1063400      0.1063400      0.1063400      0.1064530      0.1066800      0.1066800      0.1066800      0.1080000      0.1092570      0.1106010      0.1106000      0.1106000      0.1106000      0.1106000      0.1101070      0.1098530      0.1098530      0.1097800      0.1095900      0.1095300      0.1095600      0.1095900      0.1096200      0.1096500      0.1096800      0.1097100      0.1097300      0.1097500      0.1097700      0.1097900    
  0.1063400      0.1063400      0.1064530      0.1066800      0.1066800      0.1088760      0.1121700      0.1120650      0.1119600      0.1110550      0.1106020      0.1106000      0.1106000      0.1106000      0.1106000      0.1101580      0.1099250      0.1099250      0.1097800      0.1098200      0.1098500      0.1098900      0.1099200      0.1099500      0.1099800      0.1100000      0.1100200      0.1100500      0.1100600      0.1100800    
  0.1063400      0.1064530      0.1066800      0.1066800      0.1093160      0.1121710      0.1121710      0.1121700      0.1120650      0.1119600      0.1110590      0.1106070      0.1106000      0.1106000      0.1106000      0.1106000      0.1102540      0.1100700      0.1100700      0.1101100      0.1101500      0.1101800      0.1102100      0.1102400      0.1102700      0.1102900      0.1103200      0.1103400      0.1103600      0.1103700    
