iMOD/TUTORIALS/TUT_MetaswapAnalyser/model_MetaSWAP/meteo/Evaporation/Evaporation_20051127_L1.ASC
NCOLS                30
NROWS                30
XLLCORNER     160000.00
YLLCORNER     340000.00
CELLSIZE        1000.00
NODATA_VALUE   -9999.00
  0.1248000      0.1242600      0.1237400      0.1232400      0.1227600      0.1223100      0.1218800      0.1214700      0.1210800      0.1207100      0.1203600      0.1200300      0.1197100      0.1194100      0.1191200      0.1188500      0.1185900      0.1183500      0.1181200      0.1179000      0.1176900      0.1174900      0.1173100      0.1171300      0.1169600      0.1168000      0.1166500      0.1165100      0.1163800      0.1162500    
  0.1250100      0.1244400      0.1239000      0.1233900      0.1229000      0.1224200      0.1219800      0.1215500      0.1211400      0.1207500      0.1203800      0.1200300      0.1196900      0.1193700      0.1190700      0.1187800      0.1185100      0.1182500      0.1180000      0.1177600      0.1175400      0.1173300      0.1171300      0.1169400      0.1167600      0.1165900      0.1164200      0.1162700      0.1161200      0.1159800    
  0.1252300      0.1246400      0.1240800      0.1235500      0.1230400      0.1225500      0.1220800      0.1216300      0.1212100      0.1208000      0.1204100      0.1200400      0.1196900      0.1193500      0.1190300      0.1187200      0.1184300      0.1181600      0.1178900      0.1176400      0.1174100      0.1171800      0.1169600      0.1167600      0.1165700      0.1163800      0.1162000      0.1160400      0.1158800      0.1157200    
  0.1254500      0.1248500      0.1242700      0.1237200      0.1231900      0.1226800      0.1221900      0.1217300      0.1212800      0.1208600      0.1204500      0.1200600      0.1196900      0.1193400      0.1190000      0.1186800      0.1183700      0.1180800      0.1178000      0.1175400      0.1172800      0.1170400      0.1168100      0.1165900      0.1163800      0.1161900      0.1160000      0.1158200      0.1156400      0.1154800    
  0.1256900      0.1250700      0.1244800      0.1239000      0.1233500      0.1228300      0.1223200      0.1218400      0.1213700      0.1209300      0.1205100      0.1201000      0.1197100      0.1193400      0.1189900      0.1186500      0.1183200      0.1180200      0.1177200      0.1174400      0.1171700      0.1169200      0.1166700      0.1164400      0.1162200      0.1160000      0.1158000      0.1156100      0.1154200      0.1152400    
  0.1259400      0.1253000      0.1246900      0.1241000      0.1235300      0.1229800      0.1224600      0.1219600      0.1214700      0.1210100      0.1205700      0.1201500      0.1197400      0.1193500      0.1189800      0.1186300      0.1182900      0.1179600      0.1176500      0.1173500      0.1170700      0.1168000      0.1165400      0.1162900      0.1160600      0.1158300      0.1156200      0.1154100      0.1152100      0.1150200    
  0.1262000      0.1255400      0.1249100      0.1243000      0.1237100      0.1231500      0.1226100      0.1220900      0.1215900      0.1211100      0.1206500      0.1202100      0.1197800      0.1193800      0.1189900      0.1186200      0.1182600      0.1179200      0.1175900      0.1172800      0.1169800      0.1167000      0.1164200      0.1161600      0.1159100      0.1156700      0.1154400      0.1152200      0.1150100      0.1148100    
  0.1264600      0.1257900      0.1251400      0.1245100      0.1239100      0.1233200      0.1227600      0.1222300      0.1217100      0.1212100      0.1207300      0.1202700      0.1198300      0.1194100      0.1190100      0.1186200      0.1182500      0.1178900      0.1175500      0.1172200      0.1169000      0.1166000      0.1163200      0.1160400      0.1157800      0.1155200      0.1152800      0.1150500      0.1148300      0.1146100    
  0.1267400      0.1260500      0.1253800      0.1247300      0.1241100      0.1235100      0.1229300      0.1223800      0.1218400      0.1213200      0.1208300      0.1203500      0.1199000      0.1194600      0.1190300      0.1186300      0.1182400      0.1178700      0.1175100      0.1171700      0.1168400      0.1165200      0.1162200      0.1159300      0.1156500      0.1153900      0.1151300      0.1148800      0.1146500      0.1144200    
  0.1270300      0.1263100      0.1256300      0.1249600      0.1243200      0.1237000      0.1231100      0.1225300      0.1219800      0.1214500      0.1209400      0.1204400      0.1199700      0.1195100      0.1190700      0.1186500      0.1182500      0.1178600      0.1174900      0.1171300      0.1167800      0.1164500      0.1161400      0.1158300      0.1155400      0.1152600      0.1149900      0.1147300      0.1144800      0.1142500    
  0.1270330      0.1263230      0.1255250      0.1252000      0.1245500      0.1239100      0.1233000      0.1227000      0.1221300      0.1215800      0.1210500      0.1205400      0.1200500      0.1195800      0.1191200      0.1186900      0.1182700      0.1178600      0.1174700      0.1171000      0.1167400      0.1163900      0.1160600      0.1157400      0.1154400      0.1151400      0.1148600      0.1145900      0.1143300      0.1140800    
  0.1270420      0.1260200      0.1252000      0.1248870      0.1247800      0.1241200      0.1234900      0.1228800      0.1223000      0.1217300      0.1211800      0.1206500      0.1201500      0.1196600      0.1191800      0.1187300      0.1182900      0.1178700      0.1174700      0.1170800      0.1167000      0.1163500      0.1160000      0.1156700      0.1153500      0.1150400      0.1147500      0.1144600      0.1141900      0.1139300    
  0.1265100      0.1252000      0.1250020      0.1249000      0.1250200      0.1243500      0.1237000      0.1230700      0.1224700      0.1218800      0.1213200      0.1207700      0.1202500      0.1197400      0.1192500      0.1187800      0.1183300      0.1178900      0.1174700      0.1170700      0.1166800      0.1163100      0.1159500      0.1156000      0.1152700      0.1149500      0.1146400      0.1143400      0.1140600      0.1137800    
  0.1252000      0.1250450      0.1249600      0.1250200      0.1246500      0.1245800      0.1239100      0.1232700      0.1226500      0.1220500      0.1214600      0.1209000      0.1203600      0.1198400      0.1193300      0.1188500      0.1183800      0.1179300      0.1174900      0.1170700      0.1166700      0.1162800      0.1159100      0.1155500      0.1152000      0.1148700      0.1145400      0.1142300      0.1139400      0.1136500    
  0.1250640      0.1249900      0.1250200      0.1247500      0.1245800      0.1242100      0.1241400      0.1234800      0.1228400      0.1222200      0.1216200      0.1210400      0.1204800      0.1199500      0.1194200      0.1189200      0.1184400      0.1179700      0.1175200      0.1170900      0.1166700      0.1162600      0.1158800      0.1155000      0.1151400      0.1147900      0.1144600      0.1141400      0.1138300      0.1135300    
  0.1250050      0.1250200      0.1247830      0.1245800      0.1243100      0.1241400      0.1238100      0.1234870      0.1227350      0.1224000      0.1217900      0.1211900      0.1206200      0.1200600      0.1195200      0.1190100      0.1185100      0.1180200      0.1175600      0.1171100      0.1166700      0.1162600      0.1158500      0.1154700      0.1150900      0.1147300      0.1143800      0.1140500      0.1137300      0.1134200    
  0.1250200      0.1247940      0.1245800      0.1243430      0.1241400      0.1239750      0.1238120      0.1231080      0.1224000      0.1220950      0.1216500      0.1213500      0.1207600      0.1201900      0.1196300      0.1191000      0.1185800      0.1180900      0.1176000      0.1171400      0.1166900      0.1162600      0.1158400      0.1154400      0.1150600      0.1146800      0.1143200      0.1139700      0.1136400      0.1133200    
  0.1247980      0.1245800      0.1243540      0.1241400      0.1240580      0.1239760      0.1233240      0.1224000      0.1222480      0.1218200      0.1214350      0.1215200      0.1209100      0.1203200      0.1197500      0.1192000      0.1186700      0.1181600      0.1176600      0.1171800      0.1167200      0.1162700      0.1158400      0.1154300      0.1150300      0.1146400      0.1142700      0.1139100      0.1135600      0.1132300    
  0.1245800      0.1243580      0.1241400      0.1240990      0.1240580      0.1234390      0.1224000      0.1223240      0.1218930      0.1214770      0.1215200      0.1212150      0.1208050      0.1204700      0.1198800      0.1193200      0.1187700      0.1182400      0.1177300      0.1172400      0.1167600      0.1163000      0.1158500      0.1154300      0.1150100      0.1146100      0.1142300      0.1138500      0.1134900      0.1131500    
  0.1243590      0.1241400      0.1241190      0.1240990      0.1234990      0.1224000      0.1223620      0.1219270      0.1214990      0.1215200      0.1213670      0.1210020      0.1204700      0.1201750      0.1198900      0.1193230      0.1187770      0.1182470      0.1175760      0.1173000      0.1168100      0.1163300      0.1158700      0.1154300      0.1150000      0.1145900      0.1141900      0.1138100      0.1134400      0.1130800    
  0.1241400      0.1241300      0.1241190      0.1235290      0.1224000      0.1223810      0.1219440      0.1215090      0.1215200      0.1214440      0.1210900      0.1204700      0.1203230      0.1201780      0.1197960      0.1193300      0.1187820      0.1178610      0.1173350      0.1173700      0.1168700      0.1163800      0.1159000      0.1154500      0.1150100      0.1145800      0.1141700      0.1137700      0.1133900      0.1130200    
  0.1241350      0.1241300      0.1235450      0.1224000      0.1223900      0.1219520      0.1215150      0.1215200      0.1214820      0.1211310      0.1204700      0.1203960      0.1203240      0.1200990      0.1197680      0.1193030      0.1181390      0.1173530      0.1173700      0.1170570      0.1169300      0.1164300      0.1159400      0.1154800      0.1150200      0.1145800      0.1141600      0.1137500      0.1133600      0.1129700    
  0.1241350      0.1235520      0.1224000      0.1223950      0.1219560      0.1215170      0.1215200      0.1215010      0.1211510      0.1204700      0.1204330      0.1203970      0.1202730      0.1200640      0.1197230      0.1184520      0.1173610      0.1173700      0.1171470      0.1170150      0.1167040      0.1164900      0.1159900      0.1155100      0.1150500      0.1145900      0.1141600      0.1137400      0.1133300      0.1129400    
  0.1235560      0.1224000      0.1223980      0.1219580      0.1215190      0.1215200      0.1215100      0.1211600      0.1204700      0.1204520      0.1204330      0.1203680      0.1202440      0.1197470      0.1188510      0.1176930      0.1176900      0.1174210      0.1171190      0.1171450      0.1171000      0.1165700      0.1160500      0.1155600      0.1150800      0.1146200      0.1141700      0.1137300      0.1133200      0.1129100    
  0.1224000      0.1223990      0.1219590      0.1215190      0.1215200      0.1215150      0.1211650      0.1204700      0.1204610      0.1204520      0.1204170      0.1203480      0.1196470      0.1189350      0.1189300      0.1182440      0.1180260      0.1180100      0.1174580      0.1171970      0.1171900      0.1166500      0.1161200      0.1156200      0.1151200      0.1146500      0.1141900      0.1137400      0.1133100      0.1129000    
  0.1223990      0.1219590      0.1215200      0.1215200      0.1215180      0.1211680      0.1204700      0.1204650      0.1204610      0.1204430      0.1203110      0.1201700      0.1193510      0.1189410      0.1189410      0.1189300      0.1183300      0.1180420      0.1180100      0.1174800      0.1173000      0.1167400      0.1162000      0.1156800      0.1151800      0.1146900      0.1142200      0.1137600      0.1133200      0.1128900    
  0.1219600      0.1215200      0.1215200      0.1215190      0.1211690      0.1204700      0.1204680      0.1204650      0.1204560      0.1203110      0.1201700      0.1201700      0.1201700      0.1193590      0.1189510      0.1189510      0.1189300      0.1183390      0.1180750      0.1180100      0.1174200      0.1168500      0.1162900      0.1157600      0.1152400      0.1147400      0.1142600      0.1137900      0.1133400      0.1129000    
  0.1215200      0.1215200      0.1215190      0.1211690      0.1204700      0.1204690      0.1204680      0.1208800      0.1207260      0.1201710      0.1201700      0.1201700      0.1201700      0.1201700      0.1193740      0.1189730      0.1189720      0.1189300      0.1183420      0.1181400      0.1175400      0.1169600      0.1163900      0.1158500      0.1153200      0.1148000      0.1143100      0.1138300      0.1133600      0.1129100    
  0.1215200      0.1215200      0.1211700      0.1204700      0.1204690      0.1215770      0.1232400      0.1226850      0.1221300      0.1208250      0.1201720      0.1201700      0.1201700      0.1201700      0.1201700      0.1194020      0.1190160      0.1190150      0.1189300      0.1182900      0.1176800      0.1170800      0.1165000      0.1159400      0.1154000      0.1148800      0.1143700      0.1138800      0.1134000      0.1129400    
  0.1215200      0.1211700      0.1204700      0.1204700      0.1218000      0.1232410      0.1232410      0.1232400      0.1226850      0.1221300      0.1208280      0.1201760      0.1201700      0.1201700      0.1201700      0.1201700      0.1194480      0.1191030      0.1191000      0.1184500      0.1178200      0.1172100      0.1166200      0.1160500      0.1154900      0.1149600      0.1144400      0.1139400      0.1134500      0.1129800    
