iMOD/TUTORIALS/TUT_MetaswapAnalyser/model_MetaSWAP/meteo/Evaporation/Evaporation_20060529_L1.ASC
NCOLS                30
NROWS                30
XLLCORNER     160000.00
YLLCORNER     340000.00
CELLSIZE        1000.00
NODATA_VALUE   -9999.00
   2.474090       2.469750       2.465400       2.461060       2.456710       2.452350       2.447990       2.443610       2.439230       2.434830       2.430420       2.425990       2.421550       2.417090       2.412610       2.408110       2.403590       2.399050       2.394500       2.389910       2.385310       2.380690       2.376040       2.371380       2.366690       2.361990       2.357260       2.352510       2.347740       2.342960    
   2.463490       2.459100       2.454720       2.450340       2.445950       2.441560       2.437170       2.432760       2.428350       2.423930       2.419490       2.415050       2.410590       2.406110       2.401620       2.397110       2.392590       2.388050       2.383490       2.378910       2.374310       2.369700       2.365070       2.360420       2.355750       2.351060       2.346360       2.341640       2.336900       2.332150    
   2.452860       2.448440       2.444020       2.439600       2.435180       2.430750       2.426330       2.421890       2.417450       2.413000       2.408550       2.404080       2.399600       2.395110       2.390600       2.386090       2.381560       2.377010       2.372450       2.367880       2.363290       2.358680       2.354060       2.349430       2.344780       2.340110       2.335430       2.330740       2.326030       2.321310    
   2.442210       2.437750       2.433290       2.428840       2.424380       2.419920       2.415460       2.411000       2.406530       2.402060       2.397570       2.393090       2.388590       2.384080       2.379560       2.375040       2.370500       2.365950       2.361390       2.356820       2.352230       2.347640       2.343030       2.338410       2.333780       2.329130       2.324470       2.319810       2.315130       2.310430    
   2.431540       2.427050       2.422550       2.418060       2.413560       2.409070       2.404580       2.400090       2.395590       2.391090       2.386580       2.382070       2.377560       2.373040       2.368510       2.363970       2.359420       2.354870       2.350310       2.345740       2.341160       2.336570       2.331970       2.327370       2.322750       2.318130       2.313490       2.308850       2.304200       2.299540    
   2.420860       2.416320       2.411790       2.407260       2.402730       2.398210       2.393680       2.389160       2.384630       2.380110       2.375580       2.371050       2.366510       2.361970       2.357430       2.352880       2.348330       2.343770       2.339210       2.334640       2.330060       2.325480       2.320900       2.316300       2.311700       2.307100       2.302490       2.297870       2.293240       2.288610    
   2.410170       2.405590       2.401020       2.396450       2.391890       2.387330       2.382770       2.378220       2.373660       2.369110       2.364560       2.360000       2.355450       2.350890       2.346340       2.341780       2.337220       2.332650       2.328090       2.323520       2.318950       2.314380       2.309800       2.305220       2.300630       2.296050       2.291460       2.286860       2.282270       2.277670    
   2.399460       2.394850       2.390240       2.385630       2.381030       2.376440       2.371850       2.367260       2.362680       2.358100       2.353520       2.348950       2.344380       2.339800       2.335230       2.330660       2.326090       2.321520       2.316960       2.312390       2.307820       2.303250       2.298690       2.294120       2.289550       2.284980       2.280410       2.275840       2.271270       2.266700    
   2.388750       2.384090       2.379450       2.374800       2.370170       2.365540       2.360920       2.356300       2.351690       2.347080       2.342480       2.337880       2.333290       2.328700       2.324120       2.319530       2.314960       2.310380       2.305810       2.301240       2.296680       2.292120       2.287560       2.283000       2.278450       2.273900       2.269350       2.264810       2.260260       2.255720    
   2.378030       2.373330       2.368650       2.363970       2.359300       2.354640       2.349980       2.345330       2.340690       2.336060       2.331430       2.326810       2.322200       2.317590       2.312990       2.308400       2.303810       2.299230       2.294650       2.290090       2.285520       2.280970       2.276420       2.271880       2.267340       2.262810       2.258280       2.253760       2.249240       2.244720    
   2.378030       2.373340       2.364770       2.353130       2.348430       2.343730       2.339040       2.334360       2.329690       2.325030       2.320380       2.315740       2.311100       2.306480       2.301860       2.297250       2.292660       2.288070       2.283490       2.278920       2.274360       2.269810       2.265270       2.260740       2.256220       2.251700       2.247200       2.242700       2.238200       2.233720    
   2.378030       2.367320       2.353130       2.341450       2.337550       2.332820       2.328100       2.323390       2.318690       2.314000       2.309320       2.304660       2.300000       2.295360       2.290730       2.286110       2.281500       2.276900       2.272320       2.267750       2.263200       2.258650       2.254120       2.249600       2.245090       2.240590       2.236100       2.231630       2.227160       2.222700    
   2.370300       2.353130       2.338340       2.332110       2.326680       2.321910       2.317160       2.312420       2.307690       2.302970       2.298260       2.293580       2.288900       2.284240       2.279590       2.274960       2.270340       2.265740       2.261150       2.256580       2.252020       2.247480       2.242960       2.238450       2.233960       2.229480       2.225010       2.220560       2.216110       2.211680    
   2.353130       2.336890       2.329400       2.326680       2.319870       2.311010       2.306220       2.301450       2.296690       2.291940       2.287210       2.282500       2.277800       2.273120       2.268460       2.263810       2.259180       2.254570       2.249980       2.245410       2.240850       2.236320       2.231800       2.227300       2.222820       2.218360       2.213910       2.209480       2.205060       2.200660    
   2.336180       2.328040       2.326680       2.319190       2.311010       2.304170       2.295290       2.290480       2.285690       2.280920       2.276160       2.271420       2.266700       2.262000       2.257320       2.252660       2.248020       2.243410       2.238810       2.234240       2.229680       2.225150       2.220640       2.216150       2.211690       2.207240       2.202810       2.198400       2.194010       2.189640    
   2.327360       2.326680       2.318960       2.311010       2.303490       2.295290       2.292880       2.290490       2.281750       2.269900       2.265120       2.260360       2.255620       2.250900       2.246200       2.241530       2.236870       2.232250       2.227650       2.223070       2.218520       2.213990       2.209490       2.205010       2.200550       2.196120       2.191720       2.187330       2.182960       2.178620    
   2.326680       2.318880       2.311010       2.303260       2.295290       2.294090       2.292890       2.283750       2.269900       2.267510       2.256590       2.249300       2.244540       2.239800       2.235080       2.230390       2.225730       2.221100       2.216490       2.211910       2.207360       2.202830       2.198340       2.193870       2.189430       2.185010       2.180630       2.176260       2.171920       2.167600    
   2.318860       2.311010       2.303190       2.295290       2.294690       2.294090       2.285160       2.269900       2.268700       2.255210       2.243780       2.238260       2.233470       2.228710       2.223980       2.219270       2.214600       2.209950       2.205340       2.200760       2.196210       2.191680       2.187200       2.182740       2.178310       2.173910       2.169540       2.165200       2.160890       2.156600    
   2.311010       2.303160       2.295290       2.294990       2.294690       2.285960       2.269900       2.269300       2.254620       2.241020       2.238260       2.235870       2.229520       2.217640       2.212890       2.208170       2.203480       2.198830       2.194200       2.189620       2.185070       2.180550       2.176070       2.171620       2.167200       2.162820       2.158470       2.154150       2.149860       2.145600    
   2.303150       2.295290       2.295140       2.294990       2.286380       2.269900       2.269600       2.254340       2.239640       2.238260       2.237060       2.230320       2.217640       2.215260       2.212900       2.208180       2.203490       2.198840       2.185710       2.178490       2.173940       2.169430       2.164950       2.160510       2.156110       2.151740       2.147410       2.143120       2.138850       2.134620    
   2.295290       2.295210       2.295140       2.286600       2.269900       2.269750       2.254210       2.238950       2.238260       2.237660       2.230820       2.217640       2.216450       2.215270       2.212110       2.208190       2.203500       2.185670       2.172940       2.167390       2.162830       2.158320       2.153850       2.149420       2.145030       2.140680       2.136370       2.132100       2.127860       2.123660    
   2.295250       2.295210       2.286710       2.269900       2.269830       2.254150       2.238610       2.238260       2.237960       2.231100       2.217640       2.217050       2.216450       2.214610       2.211860       2.207940       2.186980       2.170170       2.167390       2.160660       2.151750       2.147240       2.142770       2.138350       2.133980       2.129640       2.125350       2.121100       2.116890       2.112710    
   2.295250       2.286770       2.269900       2.269860       2.254110       2.238430       2.238260       2.238110       2.231240       2.217640       2.217340       2.217050       2.216040       2.214310       2.211470       2.181980       2.168780       2.167390       2.148220       2.140700       2.137990       2.136170       2.131710       2.127300       2.122940       2.118620       2.114350       2.110120       2.105940       2.101790    
   2.286800       2.269900       2.269880       2.254100       2.238350       2.238260       2.238190       2.231310       2.217640       2.217490       2.217340       2.216810       2.215800       2.181490       2.154890       2.134340       2.134330       2.131450       2.127820       2.124140       2.129640       2.125140       2.120680       2.116280       2.111930       2.107630       2.103380       2.099170       2.095010       2.090890    
   2.269900       2.269890       2.254090       2.238300       2.238260       2.238220       2.231350       2.217640       2.217570       2.217490       2.217210       2.216650       2.156270       2.083800       2.084140       2.103120       2.099910       2.101270       2.112530       2.118640       2.118630       2.114130       2.109680       2.105290       2.100950       2.096660       2.092430       2.088250       2.084120       2.080030    
   2.269900       2.254080       2.238280       2.238260       2.238240       2.231370       2.217640       2.217600       2.217570       2.217420       2.152920       2.056620       2.074460       2.083460       2.083460       2.084140       2.094120       2.098540       2.101270       2.106060       2.107650       2.103150       2.098700       2.094320       2.090000       2.085730       2.081520       2.077360       2.073250       2.069190    
   2.254080       2.238270       2.238260       2.238250       2.231380       2.217640       2.217620       2.217600       2.217530       2.140230       2.056620       2.056620       2.056620       2.073960       2.082790       2.082790       2.084140       2.092510       2.095810       2.101270       2.096700       2.092200       2.087770       2.083390       2.079080       2.074830       2.070640       2.066500       2.062420       2.058390    
   2.238270       2.238260       2.238260       2.231380       2.217640       2.217630       2.217620       2.165450       2.113620       2.056590       2.056620       2.056620       2.056620       2.056620       2.072980       2.081440       2.081440       2.084140       2.088820       2.090360       2.085800       2.081300       2.076860       2.072500       2.068200       2.063970       2.059800       2.055690       2.051630       2.047630    
   2.238260       2.238260       2.231380       2.217640       2.217640       2.132120       2.003870       2.006460       2.009060       2.040690       2.056530       2.056620       2.056620       2.056620       2.056620       2.071060       2.078740       2.078730       2.084140       2.079500       2.074930       2.070430       2.066000       2.061650       2.057360       2.053150       2.049000       2.044910       2.040890       2.036920    
   2.238260       2.231390       2.217640       2.217640       2.115010       2.003850       2.003850       2.003870       2.006460       2.009060       2.040540       2.056360       2.056620       2.056620       2.056620       2.056620       2.067450       2.073350       2.073330       2.068680       2.064110       2.059610       2.055190       2.050840       2.046570       2.042370       2.038240       2.034180       2.030190       2.026250    
