iMOD/TUTORIALS/TUT_MetaswapAnalyser/model_MetaSWAP/meteo/Evaporation/Evaporation_20050606_L1.ASC
NCOLS                30
NROWS                30
XLLCORNER     160000.00
YLLCORNER     340000.00
CELLSIZE        1000.00
NODATA_VALUE   -9999.00
   2.129760       2.128220       2.126780       2.125440       2.124170       2.122990       2.121880       2.120840       2.119870       2.118960       2.118100       2.117300       2.116550       2.115840       2.115170       2.114530       2.113930       2.113360       2.112820       2.112300       2.111800       2.111330       2.110860       2.110410       2.109970       2.109550       2.109130       2.108710       2.108300       2.107890    
   2.128610       2.127060       2.125600       2.124230       2.122940       2.121730       2.120600       2.119530       2.118540       2.117600       2.116720       2.115890       2.115110       2.114370       2.113680       2.113020       2.112400       2.111800       2.111240       2.110690       2.110170       2.109670       2.109190       2.108710       2.108260       2.107810       2.107370       2.106930       2.106500       2.106080    
   2.127490       2.125910       2.124430       2.123040       2.121730       2.120500       2.119340       2.118250       2.117230       2.116270       2.115360       2.114500       2.113700       2.112940       2.112220       2.111530       2.110890       2.110270       2.109680       2.109110       2.108570       2.108040       2.107530       2.107040       2.106560       2.106090       2.105630       2.105170       2.104730       2.104280    
   2.126390       2.124790       2.123290       2.121880       2.120550       2.119290       2.118110       2.117000       2.115950       2.114960       2.114030       2.113150       2.112310       2.111530       2.110780       2.110070       2.109400       2.108760       2.108140       2.107550       2.106980       2.106440       2.105910       2.105390       2.104890       2.104400       2.103910       2.103440       2.102970       2.102500    
   2.125310       2.123700       2.122180       2.120740       2.119380       2.118110       2.116900       2.115760       2.114690       2.113670       2.112720       2.111810       2.110960       2.110140       2.109370       2.108640       2.107940       2.107270       2.106630       2.106020       2.105430       2.104860       2.104300       2.103760       2.103240       2.102730       2.102220       2.101730       2.101230       2.100750    
   2.124250       2.122620       2.121080       2.119620       2.118240       2.116940       2.115710       2.114550       2.113450       2.112420       2.111430       2.110500       2.109620       2.108780       2.107990       2.107230       2.106500       2.105810       2.105150       2.104510       2.103890       2.103300       2.102720       2.102160       2.101610       2.101080       2.100550       2.100030       2.099520       2.099010    
   2.123210       2.121560       2.120000       2.118520       2.117120       2.115800       2.114550       2.113360       2.112240       2.111180       2.110170       2.109210       2.108310       2.107440       2.106620       2.105840       2.105090       2.104370       2.103680       2.103020       2.102380       2.101760       2.101160       2.100580       2.100010       2.099450       2.098900       2.098360       2.097830       2.097300    
   2.122180       2.120520       2.118940       2.117440       2.116020       2.114680       2.113400       2.112200       2.111050       2.109960       2.108930       2.107950       2.107020       2.106130       2.105280       2.104470       2.103700       2.102960       2.102240       2.101560       2.100890       2.100250       2.099630       2.099020       2.098420       2.097840       2.097270       2.096710       2.096150       2.095600    
   2.121180       2.119490       2.117900       2.116380       2.114940       2.113580       2.112280       2.111050       2.109880       2.108770       2.107710       2.106710       2.105750       2.104840       2.103960       2.103130       2.102330       2.101560       2.100830       2.100110       2.099430       2.098760       2.098110       2.097480       2.096860       2.096260       2.095660       2.095080       2.094500       2.093920    
   2.120180       2.118490       2.116870       2.115340       2.113880       2.112490       2.111170       2.109920       2.108720       2.107590       2.106510       2.105480       2.104500       2.103560       2.102670       2.101810       2.100980       2.100190       2.099430       2.098690       2.097980       2.097290       2.096620       2.095960       2.095320       2.094690       2.094070       2.093460       2.092860       2.092270    
   2.120210       2.118510       2.116250       2.114310       2.112830       2.111420       2.110080       2.108800       2.107590       2.106430       2.105330       2.104280       2.103270       2.102310       2.101390       2.100500       2.099660       2.098840       2.098050       2.097290       2.096550       2.095840       2.095140       2.094460       2.093800       2.093140       2.092500       2.091870       2.091240       2.090630    
   2.120240       2.117320       2.114310       2.112430       2.111800       2.110370       2.109010       2.107710       2.106470       2.105290       2.104160       2.103090       2.102060       2.101070       2.100130       2.099220       2.098350       2.097510       2.096690       2.095910       2.095150       2.094410       2.093690       2.092980       2.092290       2.091610       2.090950       2.090290       2.089650       2.089000    
   2.118470       2.114310       2.112200       2.111290       2.110780       2.109330       2.107950       2.106630       2.105370       2.104170       2.103020       2.101920       2.100870       2.099860       2.098890       2.097960       2.097060       2.096190       2.095360       2.094550       2.093760       2.092990       2.092250       2.091520       2.090800       2.090100       2.089420       2.088740       2.088060       2.087400    
   2.114310       2.112080       2.111030       2.110780       2.109470       2.108300       2.106900       2.105560       2.104280       2.103060       2.101890       2.100760       2.099690       2.098660       2.097660       2.096710       2.095790       2.094900       2.094030       2.093200       2.092390       2.091600       2.090830       2.090070       2.089340       2.088610       2.087900       2.087190       2.086500       2.085810    
   2.112020       2.110910       2.110780       2.109520       2.108300       2.107020       2.105870       2.104510       2.103210       2.101960       2.100770       2.099630       2.098530       2.097470       2.096450       2.095470       2.094530       2.093620       2.092730       2.091870       2.091030       2.090220       2.089430       2.088650       2.087880       2.087140       2.086400       2.085670       2.084950       2.084240    
   2.110840       2.110780       2.109530       2.108300       2.107060       2.105870       2.105190       2.104530       2.102640       2.100880       2.099670       2.098500       2.097380       2.096300       2.095260       2.094260       2.093290       2.092350       2.091440       2.090560       2.089700       2.088860       2.088040       2.087240       2.086450       2.085680       2.084910       2.084160       2.083410       2.082680    
   2.110780       2.109540       2.108300       2.107080       2.105870       2.105530       2.105200       2.103310       2.100880       2.100280       2.098550       2.097390       2.096250       2.095150       2.094080       2.093060       2.092060       2.091100       2.090170       2.089260       2.088380       2.087510       2.086670       2.085840       2.085030       2.084230       2.083440       2.082670       2.081900       2.081130    
   2.109540       2.108300       2.107080       2.105870       2.105700       2.105530       2.103730       2.100880       2.100580       2.098570       2.096840       2.096290       2.095130       2.094000       2.092920       2.091870       2.090850       2.089870       2.088910       2.087980       2.087070       2.086180       2.085310       2.084460       2.083620       2.082800       2.081990       2.081190       2.080390       2.079600    
   2.108300       2.107080       2.105870       2.105780       2.105700       2.103960       2.100880       2.100730       2.098580       2.096570       2.096290       2.095710       2.094570       2.092870       2.091770       2.090690       2.089650       2.088650       2.087660       2.086710       2.085780       2.084860       2.083970       2.083090       2.082230       2.081380       2.080550       2.079720       2.078900       2.078090    
   2.107080       2.105870       2.105830       2.105790       2.104080       2.100880       2.100800       2.098580       2.096430       2.096290       2.096000       2.094860       2.092870       2.092320       2.091780       2.090700       2.089660       2.088650       2.086540       2.085450       2.084500       2.083560       2.082640       2.081740       2.080850       2.079980       2.079120       2.078270       2.077420       2.076580    
   2.105870       2.105850       2.105830       2.104140       2.100880       2.100840       2.098580       2.096360       2.096290       2.096150       2.095010       2.092870       2.092600       2.092320       2.091600       2.090710       2.089670       2.086780       2.084830       2.084210       2.083230       2.082270       2.081330       2.080400       2.079490       2.078590       2.077700       2.076820       2.075960       2.075090    
   2.105860       2.105850       2.104170       2.100880       2.100860       2.098580       2.096320       2.096290       2.096220       2.095080       2.092870       2.092730       2.092600       2.092170       2.091550       2.090660       2.087180       2.084520       2.084210       2.083140       2.081970       2.080990       2.080020       2.079070       2.078130       2.077210       2.076300       2.075400       2.074500       2.073610    
   2.105860       2.104190       2.100880       2.100870       2.098580       2.096310       2.096290       2.096250       2.095110       2.092870       2.092800       2.092730       2.092500       2.092100       2.091460       2.086870       2.084360       2.084210       2.081740       2.080730       2.080130       2.079720       2.078730       2.077750       2.076790       2.075840       2.074900       2.073980       2.073060       2.072140    
   2.104200       2.100880       2.100880       2.098580       2.096300       2.096290       2.096270       2.095130       2.092870       2.092840       2.092800       2.092680       2.092450       2.087960       2.084030       2.080580       2.080580       2.079990       2.079290       2.078880       2.079490       2.078460       2.077440       2.076440       2.075460       2.074480       2.073520       2.072570       2.071620       2.070680    
   2.100880       2.100880       2.098580       2.096290       2.096290       2.096280       2.095140       2.092870       2.092850       2.092840       2.092770       2.092640       2.084900       2.075730       2.075770       2.077390       2.076800       2.076950       2.077780       2.078260       2.078260       2.077210       2.076170       2.075140       2.074130       2.073140       2.072150       2.071170       2.070200       2.069230    
   2.100880       2.098580       2.096290       2.096290       2.096290       2.095150       2.092870       2.092860       2.092850       2.092820       2.085090       2.073590       2.074990       2.075700       2.075700       2.075770       2.076400       2.076650       2.076950       2.077020       2.077040       2.075960       2.074900       2.073850       2.072820       2.071800       2.070780       2.069780       2.068780       2.067790    
   2.098580       2.096290       2.096290       2.096290       2.095150       2.092870       2.092870       2.092860       2.092840       2.083590       2.073590       2.073590       2.073590       2.074940       2.075630       2.075630       2.075770       2.076210       2.076360       2.076950       2.075830       2.074730       2.073640       2.072570       2.071510       2.070460       2.069420       2.068390       2.067370       2.066350    
   2.096290       2.096290       2.096290       2.095150       2.092870       2.092870       2.092870       2.086970       2.080720       2.073590       2.073590       2.073590       2.073590       2.073590       2.074830       2.075480       2.075480       2.075770       2.075770       2.075770       2.074630       2.073500       2.072390       2.071290       2.070210       2.069140       2.068070       2.067020       2.065970       2.064920    
   2.096290       2.096290       2.095150       2.092870       2.092870       2.083560       2.069590       2.069450       2.069310       2.072150       2.073580       2.073590       2.073590       2.073590       2.073590       2.074620       2.075190       2.075190       2.075770       2.074590       2.073420       2.072280       2.071140       2.070020       2.068920       2.067820       2.066730       2.065640       2.064570       2.063500    
   2.096290       2.095150       2.092870       2.092870       2.081690       2.069590       2.069590       2.069590       2.069450       2.069310       2.072140       2.073560       2.073590       2.073590       2.073590       2.073590       2.074230       2.074620       2.074620       2.073420       2.072230       2.071060       2.069900       2.068760       2.067620       2.066500       2.065390       2.064280       2.063180       2.062080    
