iMOD/TUTORIALS/TUT_MetaswapAnalyser/model_MetaSWAP/meteo/Evaporation/Evaporation_20051108_L1.ASC
NCOLS                30
NROWS                30
XLLCORNER     160000.00
YLLCORNER     340000.00
CELLSIZE        1000.00
NODATA_VALUE   -9999.00
  0.9227100      0.9230000      0.9233000      0.9236200      0.9239600      0.9243100      0.9246800      0.9250600      0.9254500      0.9258600      0.9262800      0.9267000      0.9271400      0.9275900      0.9280500      0.9285200      0.9289900      0.9294800      0.9299700      0.9304600      0.9309700      0.9314800      0.9320000      0.9325200      0.9330500      0.9335900      0.9341300      0.9346700      0.9352200      0.9357800    
  0.9250000      0.9252900      0.9256100      0.9259300      0.9262800      0.9266400      0.9270100      0.9273900      0.9277900      0.9282000      0.9286200      0.9290500      0.9295000      0.9299500      0.9304100      0.9308800      0.9313600      0.9318500      0.9323400      0.9328400      0.9333500      0.9338600      0.9343800      0.9349100      0.9354400      0.9359700      0.9365100      0.9370600      0.9376100      0.9381600    
  0.9272900      0.9276000      0.9279200      0.9282500      0.9286000      0.9289700      0.9293400      0.9297300      0.9301400      0.9305500      0.9309800      0.9314200      0.9318600      0.9323200      0.9327800      0.9332600      0.9337400      0.9342300      0.9347200      0.9352300      0.9357300      0.9362500      0.9367700      0.9373000      0.9378300      0.9383600      0.9389100      0.9394500      0.9400000      0.9405500    
  0.9295900      0.9299100      0.9302300      0.9305800      0.9309300      0.9313100      0.9316900      0.9320900      0.9324900      0.9329100      0.9333400      0.9337800      0.9342400      0.9346900      0.9351600      0.9356400      0.9361200      0.9366200      0.9371100      0.9376200      0.9381300      0.9386500      0.9391700      0.9397000      0.9402300      0.9407600      0.9413100      0.9418500      0.9424000      0.9429500    
  0.9319000      0.9322200      0.9325600      0.9329100      0.9332700      0.9336500      0.9340400      0.9344400      0.9348600      0.9352800      0.9357200      0.9361600      0.9366200      0.9370800      0.9375500      0.9380300      0.9385200      0.9390100      0.9395100      0.9400200      0.9405300      0.9410500      0.9415700      0.9421000      0.9426300      0.9431700      0.9437100      0.9442600      0.9448100      0.9453600    
  0.9342200      0.9345500      0.9348900      0.9352500      0.9356200      0.9360100      0.9364000      0.9368100      0.9372300      0.9376600      0.9381000      0.9385500      0.9390100      0.9394700      0.9399500      0.9404300      0.9409200      0.9414200      0.9419200      0.9424300      0.9429400      0.9434600      0.9439900      0.9445200      0.9450500      0.9455900      0.9461300      0.9466700      0.9472200      0.9477800    
  0.9365400      0.9368800      0.9372300      0.9376000      0.9379800      0.9383700      0.9387700      0.9391800      0.9396100      0.9400400      0.9404900      0.9409400      0.9414000      0.9418700      0.9423500      0.9428400      0.9433300      0.9438300      0.9443300      0.9448400      0.9453600      0.9458800      0.9464100      0.9469400      0.9474700      0.9480100      0.9485500      0.9491000      0.9496400      0.9502000    
  0.9388600      0.9392100      0.9395700      0.9399500      0.9403300      0.9407300      0.9411400      0.9415600      0.9419900      0.9424300      0.9428800      0.9433400      0.9438100      0.9442800      0.9447600      0.9452500      0.9457500      0.9462500      0.9467600      0.9472700      0.9477800      0.9483100      0.9488300      0.9493600      0.9499000      0.9504400      0.9509800      0.9515200      0.9520700      0.9526200    
  0.9411900      0.9415500      0.9419200      0.9423100      0.9427000      0.9431000      0.9435200      0.9439500      0.9443800      0.9448300      0.9452800      0.9457400      0.9462200      0.9466900      0.9471800      0.9476700      0.9481700      0.9486700      0.9491800      0.9497000      0.9502200      0.9507400      0.9512700      0.9518000      0.9523300      0.9528700      0.9534100      0.9539600      0.9545000      0.9550500    
  0.9435300      0.9439000      0.9442800      0.9446700      0.9450700      0.9454800      0.9459000      0.9463400      0.9467800      0.9472300      0.9476900      0.9481600      0.9486300      0.9491100      0.9496000      0.9501000      0.9506000      0.9511000      0.9516200      0.9521300      0.9526500      0.9531800      0.9537100      0.9542400      0.9547700      0.9553100      0.9558500      0.9564000      0.9569400      0.9574900    
  0.9435330      0.9439030      0.9449700      0.9470300      0.9474400      0.9478600      0.9482900      0.9487300      0.9491800      0.9496300      0.9501000      0.9505700      0.9510500      0.9515400      0.9520300      0.9525300      0.9530300      0.9535400      0.9540500      0.9545700      0.9550900      0.9556200      0.9561500      0.9566800      0.9572200      0.9577600      0.9583000      0.9588400      0.9593900      0.9599300    
  0.9435370      0.9448590      0.9470300      0.9491220      0.9498200      0.9502500      0.9506800      0.9511300      0.9515800      0.9520400      0.9525100      0.9529900      0.9534700      0.9539600      0.9544600      0.9549600      0.9554700      0.9559800      0.9565000      0.9570200      0.9575400      0.9580700      0.9586000      0.9591300      0.9596700      0.9602000      0.9607500      0.9612900      0.9618300      0.9623800    
  0.9446510      0.9470300      0.9498410      0.9510100      0.9522000      0.9526300      0.9530800      0.9535300      0.9539900      0.9544600      0.9549300      0.9554100      0.9559000      0.9564000      0.9569000      0.9574000      0.9579100      0.9584300      0.9589400      0.9594700      0.9599900      0.9605200      0.9610500      0.9615800      0.9621200      0.9626600      0.9632000      0.9637400      0.9642800      0.9648300    
  0.9470300      0.9501690      0.9516050      0.9522000      0.9532830      0.9550200      0.9554800      0.9559300      0.9564000      0.9568700      0.9573500      0.9578400      0.9583300      0.9588300      0.9593400      0.9598500      0.9603600      0.9608800      0.9614000      0.9619200      0.9624500      0.9629800      0.9635100      0.9640400      0.9645800      0.9651200      0.9656600      0.9662000      0.9667400      0.9672800    
  0.9503250      0.9519030      0.9522000      0.9535010      0.9550200      0.9561270      0.9578800      0.9583400      0.9588100      0.9592900      0.9597800      0.9602700      0.9607700      0.9612700      0.9617800      0.9622900      0.9628100      0.9633300      0.9638500      0.9643800      0.9649000      0.9654400      0.9659700      0.9665000      0.9670400      0.9675800      0.9681200      0.9686600      0.9692000      0.9697400    
  0.9520510      0.9522000      0.9535740      0.9550200      0.9563420      0.9578800      0.9581100      0.9583430      0.9595400      0.9617200      0.9622100      0.9627000      0.9632100      0.9637100      0.9642300      0.9647400      0.9652600      0.9657800      0.9663100      0.9668400      0.9673700      0.9679000      0.9684300      0.9689700      0.9695000      0.9700400      0.9705800      0.9711200      0.9716600      0.9722000    
  0.9522000      0.9535980      0.9550200      0.9564140      0.9578800      0.9579950      0.9581110      0.9594280      0.9617200      0.9619650      0.9638700      0.9651400      0.9656500      0.9661600      0.9666700      0.9671900      0.9677200      0.9682400      0.9687700      0.9693000      0.9698300      0.9703600      0.9709000      0.9714300      0.9719700      0.9725100      0.9730500      0.9735900      0.9741300      0.9746700    
  0.9536060      0.9550200      0.9564380      0.9578800      0.9579370      0.9579950      0.9593140      0.9617200      0.9618420      0.9642990      0.9663600      0.9675800      0.9680900      0.9686000      0.9691200      0.9696500      0.9701700      0.9707000      0.9712300      0.9717600      0.9723000      0.9728300      0.9733700      0.9739000      0.9744400      0.9749800      0.9755200      0.9760500      0.9765900      0.9771300    
  0.9550200      0.9564460      0.9578800      0.9579090      0.9579380      0.9592420      0.9617200      0.9617810      0.9644820      0.9669700      0.9675800      0.9678350      0.9688300      0.9710500      0.9715800      0.9721000      0.9726300      0.9731600      0.9737000      0.9742300      0.9747700      0.9753000      0.9758400      0.9763800      0.9769100      0.9774500      0.9779900      0.9785200      0.9790600      0.9796000    
  0.9564490      0.9578800      0.9578940      0.9579090      0.9592020      0.9617200      0.9617510      0.9645680      0.9672750      0.9675800      0.9677080      0.9688240      0.9710500      0.9713150      0.9715770      0.9721030      0.9726300      0.9731630      0.9753920      0.9767000      0.9772400      0.9777700      0.9783100      0.9788500      0.9793900      0.9799200      0.9804600      0.9809900      0.9815300      0.9820600    
  0.9578800      0.9578870      0.9578940      0.9591810      0.9617200      0.9617350      0.9646090      0.9674270      0.9675800      0.9676440      0.9687900      0.9710500      0.9711830      0.9713140      0.9716650      0.9721030      0.9726320      0.9756580      0.9779350      0.9791700      0.9797100      0.9802500      0.9807800      0.9813200      0.9818600      0.9824000      0.9829300      0.9834700      0.9840000      0.9845300    
  0.9578840      0.9578870      0.9591710      0.9617200      0.9617280      0.9646300      0.9675040      0.9675800      0.9676120      0.9687660      0.9710500      0.9711160      0.9711820      0.9713870      0.9716940      0.9721340      0.9756230      0.9785530      0.9791700      0.9803530      0.9821800      0.9827200      0.9832600      0.9838000      0.9843300      0.9848700      0.9854000      0.9859400      0.9864700      0.9870000    
  0.9578840      0.9591650      0.9617200      0.9617240      0.9646400      0.9675420      0.9675800      0.9675960      0.9687520      0.9710500      0.9710830      0.9711160      0.9712290      0.9714210      0.9717380      0.9769770      0.9788610      0.9791700      0.9831320      0.9846500      0.9849740      0.9851900      0.9857300      0.9862700      0.9868100      0.9873400      0.9878800      0.9884100      0.9889400      0.9894700    
  0.9591630      0.9617200      0.9617220      0.9646450      0.9675610      0.9675800      0.9675880      0.9687450      0.9710500      0.9710670      0.9710830      0.9711430      0.9712550      0.9781820      0.9831320      0.9865750      0.9865750      0.9869860      0.9875320      0.9883550      0.9871200      0.9876600      0.9882100      0.9887400      0.9892800      0.9898200      0.9903500      0.9908800      0.9914100      0.9919400    
  0.9617200      0.9617210      0.9646470      0.9675710      0.9675800      0.9675840      0.9687410      0.9710500      0.9710580      0.9710670      0.9710970      0.9711600      0.9834980      0.9984170      0.9983400      0.9937400      0.9942870      0.9939800      0.9911160      0.9895900      0.9895900      0.9901400      0.9906800      0.9912200      0.9917600      0.9922900      0.9928200      0.9933500      0.9938800      0.9944100    
  0.9617200      0.9646490      0.9675750      0.9675800      0.9675820      0.9687390      0.9710500      0.9710540      0.9710580      0.9710740      0.9847130       1.005120       1.000710      0.9984940      0.9984940      0.9983400      0.9957570      0.9945950      0.9939800      0.9925400      0.9920600      0.9926100      0.9931500      0.9936900      0.9942300      0.9947600      0.9952900      0.9958200      0.9963500      0.9968700    
  0.9646490      0.9675780      0.9675800      0.9675810      0.9687380      0.9710500      0.9710520      0.9710540      0.9710620      0.9874170       1.005120       1.005120       1.005120       1.000830      0.9986470      0.9986480      0.9983400      0.9961110      0.9952100      0.9939800      0.9945300      0.9950800      0.9956200      0.9961600      0.9967000      0.9972300      0.9977600      0.9982900      0.9988200      0.9993400    
  0.9675790      0.9675800      0.9675810      0.9687370      0.9710500      0.9710510      0.9710520      0.9824520      0.9933800       1.005130       1.005120       1.005120       1.005120       1.005120       1.001050      0.9989550      0.9989550      0.9983400      0.9969150      0.9964400      0.9969900      0.9975400      0.9980900      0.9986300      0.9991700      0.9997000       1.000230       1.000760       1.001280       1.001800    
  0.9675800      0.9675800      0.9687370      0.9710500      0.9710510      0.9900040       1.018430       1.017540       1.016640       1.008980       1.005140       1.005120       1.005120       1.005120       1.005120       1.001490      0.9995690      0.9995700      0.9983400      0.9989000      0.9994600       1.000010       1.000550       1.001100       1.001630       1.002170       1.002690       1.003220       1.003740       1.004260    
  0.9675800      0.9687370      0.9710500      0.9710500      0.9937970       1.018430       1.018430       1.018430       1.017540       1.016640       1.009010       1.005180       1.005120       1.005120       1.005120       1.005120       1.002300       1.000800       1.000800       1.001360       1.001920       1.002470       1.003020       1.003560       1.004100       1.004630       1.005160       1.005680       1.006200       1.006710    
