iMOD/TUTORIALS/TUT_MetaswapAnalyser/model_MetaSWAP/meteo/Evaporation/Evaporation_20060309_L1.ASC
NCOLS                30
NROWS                30
XLLCORNER     160000.00
YLLCORNER     340000.00
CELLSIZE        1000.00
NODATA_VALUE   -9999.00
  0.2979900      0.2963700      0.2947800      0.2932000      0.2916500      0.2901100      0.2885900      0.2870900      0.2856100      0.2841500      0.2827000      0.2812800      0.2798700      0.2784700      0.2770900      0.2757300      0.2743900      0.2730600      0.2717400      0.2704400      0.2691600      0.2678900      0.2666300      0.2653900      0.2641600      0.2629500      0.2617500      0.2605600      0.2593900      0.2582300    
  0.2969500      0.2953300      0.2937400      0.2921600      0.2906100      0.2890700      0.2875500      0.2860500      0.2845700      0.2831000      0.2816600      0.2802300      0.2788200      0.2774200      0.2760400      0.2746800      0.2733400      0.2720000      0.2706900      0.2693900      0.2681000      0.2668300      0.2655800      0.2643400      0.2631100      0.2619000      0.2607000      0.2595100      0.2583400      0.2571800    
  0.2959100      0.2943000      0.2927000      0.2911200      0.2895700      0.2880300      0.2865100      0.2850100      0.2835200      0.2820600      0.2806100      0.2791800      0.2777700      0.2763700      0.2749900      0.2736300      0.2722800      0.2709500      0.2696400      0.2683400      0.2670500      0.2657800      0.2645200      0.2632800      0.2620600      0.2608400      0.2596400      0.2584600      0.2572900      0.2561300    
  0.2948700      0.2932600      0.2916600      0.2900900      0.2885300      0.2869900      0.2854700      0.2839700      0.2824800      0.2810200      0.2795700      0.2781400      0.2767200      0.2753300      0.2739500      0.2725800      0.2712300      0.2699000      0.2685800      0.2672800      0.2660000      0.2647300      0.2634700      0.2622300      0.2610000      0.2597900      0.2585900      0.2574100      0.2562400      0.2550800    
  0.2938400      0.2922200      0.2906300      0.2890500      0.2874900      0.2859500      0.2844300      0.2829300      0.2814400      0.2799700      0.2785200      0.2770900      0.2756800      0.2742800      0.2729000      0.2715300      0.2701800      0.2688500      0.2675300      0.2662300      0.2649500      0.2636700      0.2624200      0.2611800      0.2599500      0.2587400      0.2575400      0.2563500      0.2551800      0.2540300    
  0.2928000      0.2911800      0.2895900      0.2880100      0.2864500      0.2849100      0.2833900      0.2818900      0.2804000      0.2789300      0.2774800      0.2760500      0.2746300      0.2732300      0.2718500      0.2704800      0.2691400      0.2678000      0.2664800      0.2651800      0.2638900      0.2626200      0.2613700      0.2601300      0.2589000      0.2576900      0.2564900      0.2553000      0.2541300      0.2529800    
  0.2917600      0.2901500      0.2885500      0.2869800      0.2854200      0.2838800      0.2823500      0.2808500      0.2793600      0.2778900      0.2764400      0.2750100      0.2735900      0.2721900      0.2708100      0.2694400      0.2680900      0.2667500      0.2654300      0.2641300      0.2628400      0.2615700      0.2603200      0.2590700      0.2578500      0.2566300      0.2554400      0.2542500      0.2530800      0.2519300    
  0.2907300      0.2891100      0.2875200      0.2859400      0.2843800      0.2828400      0.2813200      0.2798100      0.2783200      0.2768500      0.2754000      0.2739600      0.2725500      0.2711400      0.2697600      0.2683900      0.2670400      0.2657100      0.2643900      0.2630800      0.2618000      0.2605200      0.2592700      0.2580200      0.2568000      0.2555800      0.2543900      0.2532000      0.2520300      0.2508800    
  0.2896900      0.2880800      0.2864800      0.2849000      0.2833500      0.2818000      0.2802800      0.2787700      0.2772800      0.2758100      0.2743600      0.2729200      0.2715000      0.2701000      0.2687200      0.2673500      0.2660000      0.2646600      0.2633400      0.2620400      0.2607500      0.2594700      0.2582200      0.2569800      0.2557500      0.2545400      0.2533400      0.2521600      0.2509900      0.2498300    
  0.2886600      0.2870400      0.2854500      0.2838700      0.2823100      0.2807700      0.2792400      0.2777400      0.2762500      0.2747800      0.2733200      0.2718800      0.2704600      0.2690600      0.2676700      0.2663000      0.2649500      0.2636100      0.2622900      0.2609900      0.2597000      0.2584300      0.2571700      0.2559300      0.2547000      0.2534900      0.2522900      0.2511100      0.2499400      0.2487800    
  0.2886630      0.2870500      0.2848000      0.2828400      0.2812800      0.2797300      0.2782100      0.2767000      0.2752100      0.2737400      0.2722800      0.2708500      0.2694200      0.2680200      0.2666300      0.2652600      0.2639100      0.2625700      0.2612500      0.2599400      0.2586500      0.2573800      0.2561200      0.2548800      0.2536500      0.2524400      0.2512400      0.2500600      0.2488900      0.2477400    
  0.2886690      0.2858380      0.2828400      0.2808920      0.2802400      0.2787000      0.2771800      0.2756700      0.2741800      0.2727000      0.2712500      0.2698100      0.2683900      0.2669800      0.2655900      0.2642200      0.2628700      0.2615300      0.2602100      0.2589000      0.2576100      0.2563400      0.2550800      0.2538300      0.2526100      0.2514000      0.2502000      0.2490200      0.2478500      0.2466900    
  0.2869120      0.2828400      0.2806670      0.2797250      0.2792100      0.2776700      0.2761400      0.2746400      0.2731400      0.2716700      0.2702100      0.2687700      0.2673500      0.2659400      0.2645500      0.2631800      0.2618300      0.2604900      0.2591600      0.2578600      0.2565700      0.2552900      0.2540300      0.2527900      0.2515600      0.2503500      0.2491500      0.2479700      0.2468000      0.2456500    
  0.2828400      0.2805460      0.2794680      0.2792100      0.2778400      0.2766400      0.2751100      0.2736000      0.2721100      0.2706400      0.2691800      0.2677400      0.2663100      0.2649100      0.2635200      0.2621400      0.2607900      0.2594500      0.2581200      0.2568200      0.2555200      0.2542500      0.2529900      0.2517500      0.2505200      0.2493100      0.2481100      0.2469300      0.2457600      0.2446100    
  0.2804840      0.2793390      0.2792100      0.2778970      0.2766400      0.2752770      0.2740800      0.2725700      0.2710800      0.2696000      0.2681500      0.2667000      0.2652800      0.2638700      0.2624800      0.2611100      0.2597500      0.2584100      0.2570800      0.2557800      0.2544800      0.2532100      0.2519500      0.2507100      0.2494800      0.2482700      0.2470700      0.2458900      0.2447200      0.2435700    
  0.2792740      0.2792100      0.2779160      0.2766400      0.2753320      0.2740800      0.2733250      0.2725770      0.2704550      0.2685700      0.2671100      0.2656700      0.2642500      0.2628400      0.2614400      0.2600700      0.2587100      0.2573700      0.2560500      0.2547400      0.2534500      0.2521700      0.2509100      0.2496700      0.2484400      0.2472300      0.2460300      0.2448500      0.2436800      0.2425300    
  0.2792100      0.2779220      0.2766400      0.2753510      0.2740800      0.2737030      0.2733270      0.2712320      0.2685700      0.2678400      0.2659200      0.2646400      0.2632100      0.2618000      0.2604100      0.2590400      0.2576800      0.2563300      0.2550100      0.2537000      0.2524100      0.2511300      0.2498700      0.2486300      0.2474000      0.2461900      0.2449900      0.2438100      0.2426500      0.2414900    
  0.2779240      0.2766400      0.2753570      0.2740800      0.2738910      0.2737030      0.2717080      0.2685700      0.2682050      0.2660130      0.2641250      0.2636100      0.2621800      0.2607700      0.2593800      0.2580000      0.2566400      0.2553000      0.2539700      0.2526700      0.2513700      0.2501000      0.2488400      0.2475900      0.2463700      0.2451500      0.2439600      0.2427800      0.2416100      0.2404600    
  0.2766400      0.2753590      0.2740800      0.2739860      0.2738920      0.2719680      0.2685700      0.2683870      0.2660530      0.2638670      0.2636100      0.2628950      0.2615750      0.2597400      0.2583500      0.2569700      0.2556100      0.2542700      0.2529400      0.2516300      0.2503400      0.2490600      0.2478000      0.2465600      0.2453300      0.2441200      0.2429200      0.2417400      0.2405800      0.2394300    
  0.2753600      0.2740800      0.2740330      0.2739860      0.2721040      0.2685700      0.2684790      0.2660720      0.2637390      0.2636100      0.2632520      0.2619550      0.2597400      0.2590450      0.2583530      0.2569770      0.2556170      0.2542730      0.2518020      0.2506000      0.2493100      0.2480300      0.2467700      0.2455300      0.2443000      0.2430900      0.2418900      0.2407100      0.2395500      0.2384000    
  0.2740800      0.2740560      0.2740330      0.2721730      0.2685700      0.2685240      0.2660810      0.2636740      0.2636100      0.2634310      0.2621390      0.2597400      0.2593920      0.2590460      0.2581250      0.2569820      0.2556220      0.2522690      0.2500850      0.2495700      0.2482800      0.2470000      0.2457400      0.2445000      0.2432700      0.2420600      0.2408600      0.2396800      0.2385200      0.2373700    
  0.2740680      0.2740560      0.2722080      0.2685700      0.2685470      0.2660860      0.2636420      0.2636100      0.2635210      0.2622300      0.2597400      0.2595660      0.2593930      0.2588550      0.2580510      0.2569100      0.2528540      0.2498280      0.2495700      0.2483670      0.2472500      0.2459700      0.2447100      0.2434700      0.2422400      0.2410300      0.2398400      0.2386600      0.2374900      0.2363500    
  0.2740680      0.2722260      0.2685700      0.2685590      0.2660880      0.2636260      0.2636100      0.2635650      0.2622750      0.2597400      0.2596530      0.2595660      0.2592710      0.2587660      0.2579380      0.2528050      0.2496990      0.2495700      0.2472130      0.2462250      0.2454600      0.2449500      0.2436900      0.2424400      0.2412200      0.2400100      0.2388100      0.2376300      0.2364700      0.2353200    
  0.2722340      0.2685700      0.2685640      0.2660890      0.2636180      0.2636100      0.2635880      0.2622980      0.2597400      0.2596970      0.2596530      0.2594970      0.2592010      0.2546810      0.2504480      0.2465110      0.2465100      0.2458310      0.2450330      0.2446900      0.2452000      0.2439300      0.2426700      0.2414200      0.2402000      0.2389800      0.2377900      0.2366100      0.2354500      0.2343100    
  0.2685700      0.2685670      0.2660890      0.2636140      0.2636100      0.2635990      0.2623090      0.2597400      0.2597180      0.2596970      0.2596160      0.2594500      0.2517570      0.2427190      0.2427500      0.2439160      0.2433240      0.2434500      0.2438900      0.2441830      0.2441800      0.2429100      0.2416500      0.2404000      0.2391800      0.2379700      0.2367700      0.2356000      0.2344400      0.2332900    
  0.2685690      0.2660900      0.2636120      0.2636100      0.2636040      0.2623140      0.2597400      0.2597290      0.2597180      0.2596770      0.2521890      0.2410900      0.2421500      0.2426870      0.2426870      0.2427500      0.2430780      0.2431980      0.2434500      0.2432370      0.2431700      0.2418900      0.2406300      0.2393900      0.2381600      0.2369500      0.2357600      0.2345800      0.2334200      0.2322800    
  0.2660900      0.2636110      0.2636100      0.2636070      0.2623170      0.2597400      0.2597350      0.2597290      0.2597080      0.2507530      0.2410900      0.2410900      0.2410900      0.2421030      0.2426250      0.2426250      0.2427500      0.2429160      0.2429450      0.2434500      0.2421500      0.2408800      0.2396200      0.2383700      0.2371500      0.2359400      0.2347500      0.2335700      0.2324100      0.2312700    
  0.2636110      0.2636100      0.2636090      0.2623190      0.2597400      0.2597370      0.2597350      0.2541830      0.2481240      0.2410870      0.2410900      0.2410900      0.2410900      0.2410900      0.2420110      0.2425000      0.2425000      0.2427500      0.2425180      0.2424400      0.2411400      0.2398700      0.2386100      0.2373600      0.2361400      0.2349300      0.2337400      0.2325600      0.2314100      0.2302600    
  0.2636100      0.2636090      0.2623190      0.2597400      0.2597390      0.2510340      0.2379800      0.2377700      0.2375600      0.2399060      0.2410820      0.2410900      0.2410900      0.2410900      0.2410900      0.2418300      0.2422500      0.2422500      0.2427500      0.2414300      0.2401400      0.2388600      0.2376000      0.2363600      0.2351300      0.2339200      0.2327300      0.2315600      0.2304000      0.2292600    
  0.2636100      0.2623200      0.2597400      0.2597390      0.2492930      0.2379780      0.2379780      0.2379800      0.2377700      0.2375600      0.2398920      0.2410660      0.2410900      0.2410900      0.2410900      0.2410900      0.2414820      0.2417500      0.2417500      0.2404300      0.2391400      0.2378600      0.2366000      0.2353500      0.2341300      0.2329200      0.2317300      0.2305600      0.2294100      0.2282700    
