iMOD/TUTORIALS/TUT_MetaswapAnalyser/model_MetaSWAP/meteo/Evaporation/Evaporation_20060720_L1.ASC
NCOLS                30
NROWS                30
XLLCORNER     160000.00
YLLCORNER     340000.00
CELLSIZE        1000.00
NODATA_VALUE   -9999.00
   4.425170       4.423470       4.421790       4.420140       4.418520       4.416950       4.415420       4.413930       4.412500       4.411130       4.409830       4.408590       4.407420       4.406330       4.405320       4.404390       4.403540       4.402780       4.402110       4.401530       4.401050       4.400650       4.400360       4.400160       4.400050       4.400040       4.400130       4.400320       4.400600       4.400980    
   4.426950       4.425260       4.423600       4.421970       4.420370       4.418810       4.417290       4.415830       4.414420       4.413060       4.411770       4.410550       4.409400       4.408320       4.407310       4.406390       4.405550       4.404800       4.404140       4.403560       4.403080       4.402690       4.402390       4.402190       4.402080       4.402070       4.402160       4.402340       4.402620       4.402990    
   4.428720       4.427050       4.425400       4.423780       4.422200       4.420660       4.419160       4.417710       4.416320       4.414980       4.413700       4.412490       4.411350       4.410280       4.409290       4.408380       4.407550       4.406810       4.406150       4.405580       4.405100       4.404710       4.404420       4.404220       4.404110       4.404100       4.404180       4.404360       4.404630       4.405000    
   4.430480       4.428820       4.427190       4.425590       4.424030       4.422500       4.421020       4.419590       4.418210       4.416880       4.415620       4.414420       4.413300       4.412240       4.411260       4.410360       4.409540       4.408800       4.408150       4.407580       4.407110       4.406720       4.406430       4.406230       4.406120       4.406110       4.406190       4.406370       4.406640       4.407000    
   4.432240       4.430590       4.428980       4.427390       4.425840       4.424330       4.422870       4.421450       4.420080       4.418770       4.417530       4.416340       4.415230       4.414180       4.413210       4.412320       4.411510       4.410780       4.410130       4.409580       4.409110       4.408720       4.408440       4.408240       4.408130       4.408120       4.408200       4.408370       4.408640       4.409000    
   4.433990       4.432360       4.430760       4.429190       4.427650       4.426160       4.424700       4.423300       4.421950       4.420660       4.419420       4.418250       4.417150       4.416120       4.415160       4.414270       4.413470       4.412750       4.412110       4.411560       4.411090       4.410720       4.410430       4.410230       4.410130       4.410120       4.410200       4.410370       4.410630       4.410990    
   4.435740       4.434120       4.432530       4.430980       4.429450       4.427970       4.426540       4.425150       4.423810       4.422530       4.421310       4.420150       4.419060       4.418040       4.417090       4.416220       4.415420       4.414710       4.414080       4.413530       4.413070       4.412700       4.412410       4.412220       4.412120       4.412110       4.412190       4.412360       4.412620       4.412980    
   4.437490       4.435880       4.434310       4.432760       4.431250       4.429790       4.428360       4.426990       4.425660       4.424390       4.423190       4.422040       4.420960       4.419950       4.419010       4.418150       4.417360       4.416660       4.416030       4.415490       4.415040       4.414670       4.414390       4.414200       4.414100       4.414090       4.414170       4.414340       4.414610       4.414960    
   4.439240       4.437640       4.436080       4.434540       4.433050       4.431590       4.430180       4.428820       4.427510       4.426250       4.425060       4.423920       4.422850       4.421850       4.420920       4.420070       4.419290       4.418600       4.417980       4.417450       4.417000       4.416640       4.416360       4.416170       4.416080       4.416070       4.416150       4.416330       4.416590       4.416940    
   4.440980       4.439400       4.437850       4.436320       4.434840       4.433400       4.432000       4.430650       4.429350       4.428110       4.426920       4.425800       4.424740       4.423750       4.422830       4.421990       4.421220       4.420530       4.419920       4.419390       4.418950       4.418590       4.418320       4.418140       4.418050       4.418040       4.418130       4.418300       4.418570       4.418920    
   4.440990       4.439410       4.437920       4.438100       4.436630       4.435200       4.433810       4.432470       4.431190       4.429950       4.428780       4.427670       4.426620       4.425640       4.424730       4.423900       4.423140       4.422450       4.421850       4.421330       4.420900       4.420540       4.420280       4.420100       4.420010       4.420010       4.420100       4.420280       4.420540       4.420900    
   4.441000       4.439100       4.438100       4.438340       4.438420       4.437000       4.435620       4.434300       4.433020       4.431800       4.430630       4.429530       4.428490       4.427520       4.426630       4.425800       4.425050       4.424370       4.423780       4.423270       4.422840       4.422490       4.422230       4.422060       4.421970       4.421980       4.422070       4.422250       4.422520       4.422870    
   4.440200       4.438100       4.438990       4.439310       4.440210       4.438800       4.437430       4.436120       4.434850       4.433640       4.432490       4.431390       4.430370       4.429410       4.428520       4.427700       4.426950       4.426290       4.425700       4.425190       4.424770       4.424430       4.424180       4.424010       4.423930       4.423940       4.424030       4.424210       4.424490       4.424850    
   4.438100       4.439270       4.439760       4.440210       4.439870       4.440600       4.439250       4.437940       4.436680       4.435480       4.434340       4.433250       4.432230       4.431280       4.430400       4.429590       4.428860       4.428200       4.427620       4.427120       4.426700       4.426370       4.426120       4.425960       4.425880       4.425900       4.425990       4.426180       4.426460       4.426820    
   4.439390       4.439990       4.440210       4.440230       4.440600       4.440300       4.441060       4.439760       4.438510       4.437320       4.436180       4.435110       4.434100       4.433160       4.432280       4.431480       4.430760       4.430110       4.429530       4.429040       4.428630       4.428300       4.428060       4.427910       4.427840       4.427850       4.427960       4.428150       4.428430       4.428790    
   4.440100       4.440210       4.440350       4.440600       4.440650       4.441060       4.440410       4.439780       4.438690       4.439160       4.438030       4.436970       4.435970       4.435030       4.434170       4.433370       4.432650       4.432010       4.431450       4.430960       4.430560       4.430240       4.430000       4.429850       4.429790       4.429810       4.429920       4.430110       4.430400       4.430770    
   4.440210       4.440380       4.440600       4.440770       4.441060       4.440730       4.440420       4.439510       4.439160       4.438590       4.438740       4.438830       4.437830       4.436910       4.436050       4.435260       4.434550       4.433910       4.433360       4.432880       4.432480       4.432170       4.431940       4.431800       4.431740       4.431760       4.431880       4.432080       4.432370       4.432740    
   4.440400       4.440600       4.440810       4.441060       4.440900       4.440740       4.439950       4.439160       4.438880       4.439390       4.439760       4.440690       4.439700       4.438780       4.437930       4.437150       4.436450       4.435820       4.435270       4.434800       4.434410       4.434100       4.433880       4.433740       4.433690       4.433720       4.433840       4.434050       4.434340       4.434720    
   4.440600       4.440820       4.441060       4.440980       4.440900       4.440190       4.439160       4.439020       4.439670       4.440230       4.440690       4.440200       4.439960       4.440660       4.439820       4.439040       4.438350       4.437720       4.437180       4.436720       4.436330       4.436030       4.435820       4.435690       4.435640       4.435680       4.435810       4.436020       4.436320       4.436710    
   4.440830       4.441060       4.441020       4.440980       4.440310       4.439160       4.439090       4.439800       4.440460       4.440690       4.440440       4.440380       4.440660       4.440240       4.439840       4.439070       4.438370       4.437750       4.438160       4.438640       4.438260       4.437970       4.437760       4.437630       4.437600       4.437640       4.437780       4.438000       4.438300       4.438690    
   4.441060       4.441040       4.441020       4.440370       4.439160       4.439120       4.439860       4.440570       4.440690       4.440570       4.440540       4.440660       4.440450       4.440250       4.439720       4.439090       4.438400       4.438890       4.439600       4.440560       4.440190       4.439910       4.439700       4.439590       4.439550       4.439610       4.439750       4.439980       4.440290       4.440690    
   4.441050       4.441040       4.440400       4.439160       4.439140       4.439890       4.440630       4.440690       4.440630       4.440610       4.440660       4.440550       4.440450       4.440140       4.439690       4.439070       4.439400       4.440080       4.440560       4.440960       4.442130       4.441850       4.441650       4.441540       4.441520       4.441580       4.441730       4.441960       4.442280       4.442690    
   4.441050       4.440410       4.439160       4.439150       4.439910       4.440660       4.440690       4.440660       4.440650       4.440660       4.440610       4.440560       4.440380       4.440090       4.439630       4.440980       4.440320       4.440560       4.443140       4.444070       4.443910       4.443790       4.443610       4.443500       4.443490       4.443560       4.443710       4.443950       4.444280       4.444700    
   4.440420       4.439160       4.439160       4.439920       4.440680       4.440690       4.440670       4.440660       4.440660       4.440630       4.440610       4.440510       4.440340       4.444180       4.446010       4.446400       4.446400       4.446340       4.446340       4.446990       4.446010       4.445750       4.445570       4.445470       4.445460       4.445540       4.445700       4.445950       4.446290       4.446710    
   4.439160       4.439160       4.439920       4.440680       4.440690       4.440680       4.440670       4.440660       4.440650       4.440630       4.440590       4.440490       4.447690       4.456670       4.456610       4.452360       4.452490       4.452240       4.449430       4.447970       4.447970       4.447710       4.447540       4.447450       4.447440       4.447530       4.447700       4.447960       4.448310       4.448740    
   4.439160       4.439920       4.440690       4.440690       4.440690       4.440680       4.440660       4.440650       4.440650       4.440620       4.449600       4.463140       4.458880       4.456740       4.456740       4.456610       4.453950       4.452730       4.452240       4.450510       4.449930       4.449680       4.449510       4.449430       4.449440       4.449530       4.449710       4.449980       4.450340       4.450780    
   4.439920       4.440690       4.440690       4.440690       4.440680       4.440660       4.440660       4.440650       4.440640       4.451430       4.463140       4.463140       4.463140       4.458970       4.456860       4.456860       4.456610       4.454220       4.453230       4.452240       4.451900       4.451660       4.451500       4.451430       4.451440       4.451540       4.451730       4.452010       4.452380       4.452830    
   4.440690       4.440690       4.440690       4.440680       4.440660       4.440660       4.440660       4.449030       4.456150       4.463150       4.463140       4.463140       4.463140       4.463140       4.459150       4.457110       4.457110       4.456610       4.454810       4.454210       4.453890       4.453650       4.453500       4.453430       4.453460       4.453570       4.453770       4.454060       4.454430       4.454890    
   4.440690       4.440690       4.440680       4.440660       4.440660       4.455200       4.477000       4.475590       4.474180       4.466840       4.463160       4.463140       4.463140       4.463140       4.463140       4.459510       4.457610       4.457610       4.456610       4.456200       4.455890       4.455650       4.455510       4.455450       4.455480       4.455610       4.455820       4.456110       4.456500       4.456970    
   4.440690       4.440680       4.440660       4.440660       4.458110       4.477000       4.477000       4.477000       4.475590       4.474180       4.466870       4.463190       4.463140       4.463140       4.463140       4.463140       4.460160       4.458620       4.458610       4.458210       4.457900       4.457670       4.457530       4.457490       4.457530       4.457660       4.457880       4.458190       4.458580       4.459060    
