iMOD/TUTORIALS/TUT_MetaswapAnalyser/model_MetaSWAP/meteo/Evaporation/Evaporation_20051112_L1.ASC
NCOLS                30
NROWS                30
XLLCORNER     160000.00
YLLCORNER     340000.00
CELLSIZE        1000.00
NODATA_VALUE   -9999.00
  0.2576400      0.2567200      0.2558000      0.2548700      0.2539500      0.2530200      0.2520900      0.2511500      0.2502200      0.2492800      0.2483300      0.2473900      0.2464400      0.2454800      0.2445200      0.2435600      0.2426000      0.2416200      0.2406500      0.2396700      0.2386900      0.2377000      0.2367000      0.2357100      0.2347000      0.2337000      0.2326900      0.2316700      0.2306500      0.2296300    
  0.2575900      0.2566800      0.2557600      0.2548500      0.2539300      0.2530100      0.2520800      0.2511600      0.2502300      0.2492900      0.2483600      0.2474200      0.2464700      0.2455200      0.2445700      0.2436200      0.2426500      0.2416900      0.2407200      0.2397400      0.2387600      0.2377800      0.2367900      0.2357900      0.2347900      0.2337900      0.2327800      0.2317700      0.2307500      0.2297200    
  0.2575400      0.2566400      0.2557300      0.2548200      0.2539100      0.2530000      0.2520900      0.2511700      0.2502400      0.2493200      0.2483900      0.2474500      0.2465200      0.2455700      0.2446300      0.2436800      0.2427200      0.2417600      0.2407900      0.2398200      0.2388400      0.2378600      0.2368800      0.2358800      0.2348900      0.2338800      0.2328800      0.2318600      0.2308500      0.2298300    
  0.2575000      0.2566100      0.2557100      0.2548100      0.2539100      0.2530000      0.2521000      0.2511800      0.2502700      0.2493500      0.2484300      0.2475000      0.2465700      0.2456300      0.2446900      0.2437400      0.2427900      0.2418400      0.2408700      0.2399100      0.2389300      0.2379600      0.2369700      0.2359800      0.2349900      0.2339900      0.2329800      0.2319700      0.2309500      0.2299300    
  0.2574700      0.2565800      0.2557000      0.2548000      0.2539100      0.2530100      0.2521100      0.2512100      0.2503000      0.2493900      0.2484700      0.2475500      0.2466300      0.2456900      0.2447600      0.2438200      0.2428700      0.2419200      0.2409600      0.2400000      0.2390300      0.2380500      0.2370700      0.2360900      0.2350900      0.2341000      0.2330900      0.2320800      0.2310700      0.2300500    
  0.2574400      0.2565700      0.2556900      0.2548000      0.2539200      0.2530300      0.2521400      0.2512400      0.2503400      0.2494300      0.2485200      0.2476100      0.2466900      0.2457600      0.2448300      0.2439000      0.2429600      0.2420100      0.2410600      0.2401000      0.2391300      0.2381600      0.2371800      0.2362000      0.2352100      0.2342100      0.2332100      0.2322000      0.2311800      0.2301600    
  0.2574300      0.2565600      0.2556800      0.2548100      0.2539300      0.2530500      0.2521600      0.2512800      0.2503800      0.2494800      0.2485800      0.2476700      0.2467600      0.2458400      0.2449200      0.2439900      0.2430500      0.2421100      0.2411600      0.2402000      0.2392400      0.2382700      0.2372900      0.2363100      0.2353200      0.2343300      0.2333300      0.2323200      0.2313100      0.2302800    
  0.2574100      0.2565500      0.2556900      0.2548200      0.2539500      0.2530800      0.2522000      0.2513200      0.2504300      0.2495400      0.2486400      0.2477400      0.2468300      0.2459200      0.2450000      0.2440800      0.2431500      0.2422100      0.2412600      0.2403100      0.2393500      0.2383900      0.2374100      0.2364300      0.2354500      0.2344500      0.2334500      0.2324500      0.2314300      0.2304100    
  0.2574000      0.2565500      0.2557000      0.2548400      0.2539700      0.2531100      0.2522400      0.2513600      0.2504900      0.2496000      0.2487100      0.2478200      0.2469100      0.2460100      0.2450900      0.2441700      0.2432500      0.2423100      0.2413700      0.2404200      0.2394700      0.2385100      0.2375400      0.2365600      0.2355700      0.2345800      0.2335800      0.2325800      0.2315600      0.2305400    
  0.2574000      0.2565500      0.2557100      0.2548600      0.2540000      0.2531500      0.2522800      0.2514200      0.2505400      0.2496700      0.2487800      0.2478900      0.2470000      0.2461000      0.2451900      0.2442700      0.2433500      0.2424200      0.2414900      0.2405400      0.2395900      0.2386300      0.2376600      0.2366900      0.2357000      0.2347100      0.2337100      0.2327100      0.2317000      0.2306800    
  0.2573970      0.2565530      0.2555000      0.2548800      0.2540400      0.2531900      0.2523300      0.2514700      0.2506100      0.2497400      0.2488600      0.2479800      0.2470900      0.2461900      0.2452900      0.2443800      0.2434600      0.2425400      0.2416000      0.2406600      0.2397100      0.2387600      0.2377900      0.2368200      0.2358400      0.2348500      0.2338500      0.2328500      0.2318300      0.2308100    
  0.2573970      0.2560830      0.2548800      0.2542750      0.2540700      0.2532300      0.2523800      0.2515300      0.2506700      0.2498100      0.2489400      0.2480600      0.2471800      0.2462900      0.2453900      0.2444900      0.2435800      0.2426500      0.2417300      0.2407900      0.2398400      0.2388900      0.2379300      0.2369500      0.2359700      0.2349900      0.2339900      0.2329900      0.2319700      0.2309500    
  0.2566490      0.2548800      0.2543390      0.2540900      0.2541100      0.2532800      0.2524400      0.2515900      0.2507400      0.2498900      0.2490200      0.2481500      0.2472800      0.2463900      0.2455000      0.2446000      0.2436900      0.2427800      0.2418500      0.2409200      0.2399700      0.2390200      0.2380600      0.2370900      0.2361100      0.2351300      0.2341300      0.2331300      0.2321100      0.2310900    
  0.2548800      0.2543570      0.2541000      0.2541100      0.2535730      0.2533300      0.2525000      0.2516600      0.2508100      0.2499700      0.2491100      0.2482500      0.2473700      0.2465000      0.2456100      0.2447100      0.2438100      0.2429000      0.2419800      0.2410500      0.2401100      0.2391600      0.2382000      0.2372300      0.2362600      0.2352700      0.2342800      0.2332700      0.2322600      0.2312400    
  0.2543630      0.2541050      0.2541100      0.2536710      0.2533300      0.2527970      0.2525600      0.2517300      0.2508900      0.2500500      0.2492000      0.2483400      0.2474700      0.2466000      0.2457200      0.2448300      0.2439300      0.2430200      0.2421100      0.2411800      0.2402400      0.2393000      0.2383400      0.2373800      0.2364000      0.2354200      0.2344200      0.2334200      0.2324000      0.2313800    
  0.2541080      0.2541100      0.2537040      0.2533300      0.2528960      0.2525600      0.2521450      0.2517270      0.2507000      0.2501300      0.2492900      0.2484400      0.2475800      0.2467100      0.2458300      0.2449500      0.2440500      0.2431500      0.2422400      0.2413100      0.2403800      0.2394400      0.2384800      0.2375200      0.2365500      0.2355600      0.2345700      0.2335600      0.2325500      0.2315300    
  0.2541100      0.2537150      0.2533300      0.2529280      0.2525600      0.2523520      0.2521440      0.2511750      0.2501300      0.2497100      0.2490040      0.2485300      0.2476800      0.2468200      0.2459500      0.2450700      0.2441800      0.2432800      0.2423700      0.2414500      0.2405200      0.2395800      0.2386300      0.2376600      0.2366900      0.2357100      0.2347100      0.2337100      0.2327000      0.2316700    
  0.2537180      0.2533300      0.2529390      0.2525600      0.2524560      0.2523520      0.2514500      0.2501300      0.2499200      0.2492110      0.2485800      0.2486300      0.2477800      0.2469300      0.2460600      0.2451900      0.2443000      0.2434100      0.2425000      0.2415900      0.2406600      0.2397200      0.2387700      0.2378100      0.2368400      0.2358600      0.2348600      0.2338600      0.2328400      0.2318200    
  0.2533300      0.2529430      0.2525600      0.2525080      0.2524560      0.2515970      0.2501300      0.2500250      0.2492990      0.2486050      0.2486300      0.2482050      0.2475950      0.2470400      0.2461800      0.2453100      0.2444300      0.2435400      0.2426400      0.2417200      0.2408000      0.2398600      0.2389200      0.2379600      0.2369900      0.2360000      0.2350100      0.2340100      0.2329900      0.2319600    
  0.2529440      0.2525600      0.2525340      0.2525080      0.2516730      0.2501300      0.2500770      0.2493400      0.2486180      0.2486300      0.2484170      0.2478670      0.2470400      0.2466100      0.2461770      0.2453070      0.2444270      0.2435370      0.2423520      0.2418600      0.2409400      0.2400000      0.2390600      0.2381000      0.2371300      0.2361500      0.2351600      0.2341500      0.2331400      0.2321100    
  0.2525600      0.2525470      0.2525340      0.2517110      0.2501300      0.2501040      0.2493600      0.2486240      0.2486300      0.2485240      0.2479890      0.2470400      0.2468250      0.2466090      0.2460310      0.2453030      0.2444230      0.2428490      0.2419300      0.2420000      0.2410800      0.2401500      0.2392000      0.2382500      0.2372800      0.2363000      0.2353000      0.2343000      0.2332800      0.2322500    
  0.2525540      0.2525470      0.2517310      0.2501300      0.2501170      0.2493700      0.2486270      0.2486300      0.2485770      0.2480460      0.2470400      0.2469330      0.2468250      0.2464880      0.2459810      0.2452530      0.2433080      0.2419650      0.2420000      0.2414300      0.2412100      0.2402900      0.2393400      0.2383900      0.2374200      0.2364400      0.2354500      0.2344400      0.2334200      0.2323900    
  0.2525540      0.2517400      0.2501300      0.2501230      0.2493750      0.2486280      0.2486300      0.2486030      0.2480730      0.2470400      0.2469860      0.2469320      0.2467480      0.2464310      0.2459070      0.2437810      0.2419820      0.2420000      0.2415800      0.2413450      0.2407920      0.2404200      0.2394800      0.2385300      0.2375600      0.2365800      0.2355900      0.2345800      0.2335600      0.2325300    
  0.2517450      0.2501300      0.2501270      0.2493780      0.2486290      0.2486300      0.2486170      0.2480870      0.2470400      0.2470130      0.2469860      0.2468890      0.2467040      0.2457390      0.2442350      0.2423790      0.2423800      0.2419630      0.2415000      0.2415450      0.2414800      0.2405600      0.2396200      0.2386700      0.2377000      0.2367200      0.2357300      0.2347200      0.2337000      0.2326600    
  0.2501300      0.2501280      0.2493790      0.2486300      0.2486300      0.2486230      0.2480930      0.2470400      0.2470270      0.2470130      0.2469630      0.2468600      0.2454160      0.2438730      0.2438700      0.2430410      0.2427750      0.2427600      0.2419770      0.2416100      0.2416100      0.2406900      0.2397500      0.2388000      0.2378400      0.2368600      0.2358600      0.2348500      0.2338300      0.2327900    
  0.2501290      0.2493790      0.2486300      0.2486300      0.2486270      0.2480970      0.2470400      0.2470330      0.2470270      0.2470010      0.2461630      0.2449900      0.2442480      0.2438760      0.2438760      0.2438700      0.2431410      0.2427900      0.2427600      0.2419930      0.2417400      0.2408200      0.2398800      0.2389300      0.2379700      0.2369900      0.2359900      0.2349800      0.2339600      0.2329200    
  0.2493800      0.2486300      0.2486300      0.2486280      0.2480980      0.2470400      0.2470370      0.2470330      0.2470200      0.2460340      0.2449900      0.2449900      0.2449900      0.2442520      0.2438820      0.2438830      0.2438700      0.2431440      0.2428200      0.2427600      0.2418600      0.2409400      0.2400100      0.2390600      0.2381000      0.2371200      0.2361200      0.2351100      0.2340800      0.2330400    
  0.2486300      0.2486300      0.2486290      0.2480990      0.2470400      0.2470380      0.2470370      0.2467880      0.2460810      0.2449900      0.2449900      0.2449900      0.2449900      0.2449900      0.2442600      0.2438950      0.2438950      0.2438700      0.2431250      0.2428800      0.2419800      0.2410700      0.2401300      0.2391800      0.2382200      0.2372400      0.2362400      0.2352300      0.2342000      0.2331600    
  0.2486300      0.2486300      0.2481000      0.2470400      0.2470390      0.2469630      0.2468500      0.2464550      0.2460600      0.2453470      0.2449900      0.2449900      0.2449900      0.2449900      0.2449900      0.2442740      0.2439190      0.2439200      0.2438700      0.2429900      0.2420900      0.2411800      0.2402500      0.2393000      0.2383400      0.2373600      0.2363600      0.2353400      0.2343100      0.2332700    
  0.2486300      0.2481000      0.2470400      0.2470400      0.2469480      0.2468500      0.2468500      0.2468500      0.2464550      0.2460600      0.2453480      0.2449910      0.2449900      0.2449900      0.2449900      0.2449900      0.2442920      0.2439670      0.2439700      0.2430900      0.2422000      0.2412900      0.2403600      0.2394100      0.2384500      0.2374700      0.2364700      0.2354500      0.2344200      0.2333700    
