iMOD/TUTORIALS/TUT_MetaswapAnalyser/model_MetaSWAP/meteo/Evaporation/Evaporation_20060521_L1.ASC
NCOLS                30
NROWS                30
XLLCORNER     160000.00
YLLCORNER     340000.00
CELLSIZE        1000.00
NODATA_VALUE   -9999.00
   1.762420       1.762930       1.763360       1.763700       1.763970       1.764150       1.764270       1.764310       1.764290       1.764210       1.764060       1.763870       1.763610       1.763310       1.762960       1.762560       1.762130       1.761650       1.761140       1.760590       1.760000       1.759390       1.758750       1.758080       1.757380       1.756660       1.755920       1.755150       1.754370       1.753560    
   1.763970       1.764490       1.764920       1.765280       1.765560       1.765760       1.765890       1.765950       1.765940       1.765880       1.765750       1.765560       1.765330       1.765040       1.764710       1.764320       1.763900       1.763440       1.762940       1.762400       1.761830       1.761220       1.760590       1.759930       1.759240       1.758530       1.757790       1.757030       1.756260       1.755460    
   1.765500       1.766020       1.766470       1.766830       1.767120       1.767340       1.767480       1.767560       1.767570       1.767510       1.767400       1.767230       1.767010       1.766740       1.766420       1.766060       1.765650       1.765200       1.764710       1.764180       1.763620       1.763030       1.762410       1.761750       1.761070       1.760370       1.759640       1.758890       1.758120       1.757330    
   1.767000       1.767540       1.767990       1.768360       1.768660       1.768890       1.769050       1.769140       1.769160       1.769120       1.769030       1.768880       1.768670       1.768410       1.768110       1.767760       1.767360       1.766920       1.766450       1.765940       1.765390       1.764810       1.764190       1.763550       1.762880       1.762180       1.761460       1.760720       1.759950       1.759170    
   1.768490       1.769030       1.769490       1.769870       1.770180       1.770420       1.770590       1.770690       1.770730       1.770710       1.770630       1.770490       1.770300       1.770060       1.769770       1.769430       1.769050       1.768620       1.768160       1.767660       1.767120       1.766560       1.765950       1.765320       1.764660       1.763970       1.763260       1.762520       1.761770       1.760990    
   1.769960       1.770500       1.770970       1.771360       1.771680       1.771930       1.772110       1.772230       1.772280       1.772270       1.772200       1.772080       1.771900       1.771680       1.771400       1.771080       1.770710       1.770300       1.769850       1.769360       1.768840       1.768280       1.767690       1.767060       1.766410       1.765730       1.765030       1.764300       1.763550       1.762780    
   1.771420       1.771960       1.772430       1.772830       1.773160       1.773420       1.773610       1.773740       1.773800       1.773810       1.773750       1.773640       1.773480       1.773270       1.773010       1.772700       1.772340       1.771950       1.771510       1.771030       1.770520       1.769970       1.769390       1.768780       1.768140       1.767470       1.766780       1.766050       1.765310       1.764540    
   1.772860       1.773400       1.773870       1.774280       1.774610       1.774880       1.775080       1.775220       1.775300       1.775320       1.775280       1.775180       1.775040       1.774840       1.774590       1.774290       1.773950       1.773570       1.773140       1.772680       1.772180       1.771640       1.771070       1.770470       1.769840       1.769180       1.768490       1.767780       1.767050       1.766290    
   1.774280       1.774820       1.775300       1.775710       1.776050       1.776330       1.776540       1.776690       1.776780       1.776810       1.776780       1.776700       1.776570       1.776380       1.776150       1.775860       1.775540       1.775170       1.774750       1.774300       1.773810       1.773290       1.772730       1.772140       1.771520       1.770870       1.770190       1.769480       1.768760       1.768000    
   1.775680       1.776230       1.776710       1.777130       1.777480       1.777760       1.777980       1.778140       1.778240       1.778280       1.778270       1.778200       1.778080       1.777900       1.777680       1.777410       1.777100       1.776740       1.776340       1.775900       1.775420       1.774910       1.774360       1.773780       1.773170       1.772530       1.771860       1.771160       1.770440       1.769700    
   1.775660       1.776210       1.777150       1.778530       1.778880       1.779170       1.779400       1.779570       1.779680       1.779730       1.779730       1.779670       1.779560       1.779400       1.779190       1.778940       1.778640       1.778290       1.777900       1.777480       1.777010       1.776510       1.775970       1.775400       1.774800       1.774170       1.773510       1.772820       1.772100       1.771370    
   1.775640       1.776890       1.778530       1.779830       1.780270       1.780570       1.780810       1.780980       1.781100       1.781170       1.781170       1.781130       1.781030       1.780880       1.780690       1.780440       1.780150       1.779820       1.779440       1.779030       1.778580       1.778080       1.777560       1.777000       1.776410       1.775780       1.775130       1.774450       1.773740       1.773010    
   1.776520       1.778530       1.780240       1.780960       1.781650       1.781950       1.782190       1.782380       1.782510       1.782580       1.782600       1.782570       1.782480       1.782340       1.782160       1.781930       1.781650       1.781330       1.780960       1.780560       1.780120       1.779640       1.779120       1.778570       1.777990       1.777380       1.776730       1.776060       1.775360       1.774640    
   1.778530       1.780430       1.781300       1.781650       1.782300       1.783310       1.783570       1.783760       1.783900       1.783980       1.784010       1.783980       1.783910       1.783780       1.783610       1.783390       1.783120       1.782810       1.782460       1.782070       1.781640       1.781170       1.780660       1.780120       1.779550       1.778940       1.778310       1.777650       1.776960       1.776240    
   1.780520       1.781480       1.781650       1.782420       1.783310       1.783930       1.784920       1.785120       1.785270       1.785360       1.785400       1.785380       1.785320       1.785200       1.785040       1.784830       1.784580       1.784280       1.783940       1.783560       1.783140       1.782680       1.782180       1.781650       1.781090       1.780490       1.779870       1.779210       1.778530       1.777820    
   1.781560       1.781650       1.782460       1.783310       1.784050       1.784920       1.785020       1.785100       1.785620       1.786720       1.786770       1.786770       1.786710       1.786610       1.786460       1.786260       1.786010       1.785730       1.785400       1.785030       1.784610       1.784170       1.783680       1.783160       1.782610       1.782020       1.781400       1.780750       1.780080       1.779370    
   1.781650       1.782470       1.783310       1.784090       1.784920       1.784970       1.785010       1.785620       1.786720       1.786750       1.787570       1.788130       1.788090       1.787990       1.787850       1.787660       1.787430       1.787150       1.786830       1.786470       1.786070       1.785630       1.785160       1.784650       1.784100       1.783520       1.782910       1.782270       1.781600       1.780910    
   1.782480       1.783310       1.784110       1.784920       1.784950       1.784970       1.785580       1.786720       1.786730       1.787860       1.788810       1.789480       1.789440       1.789360       1.789230       1.789050       1.788830       1.788560       1.788250       1.787900       1.787510       1.787080       1.786620       1.786110       1.785580       1.785010       1.784410       1.783770       1.783110       1.782420    
   1.783310       1.784110       1.784920       1.784930       1.784940       1.785550       1.786720       1.786730       1.787990       1.789140       1.789480       1.789460       1.789750       1.790710       1.790590       1.790420       1.790210       1.789950       1.789650       1.789310       1.788930       1.788510       1.788050       1.787560       1.787030       1.786470       1.785880       1.785250       1.784600       1.783910    
   1.784110       1.784920       1.784930       1.784930       1.785540       1.786720       1.786720       1.788050       1.789310       1.789480       1.789470       1.789850       1.790710       1.790650       1.790570       1.790410       1.790190       1.789940       1.790340       1.790700       1.790330       1.789920       1.789470       1.788990       1.788470       1.787910       1.787330       1.786710       1.786060       1.785390    
   1.784920       1.784920       1.784930       1.785530       1.786720       1.786720       1.788070       1.789400       1.789480       1.789470       1.789880       1.790710       1.790680       1.790640       1.790540       1.790390       1.790180       1.790780       1.791380       1.792070       1.791710       1.791310       1.790870       1.790400       1.789880       1.789340       1.788760       1.788150       1.787510       1.786840    
   1.784920       1.784920       1.785520       1.786720       1.786720       1.788090       1.789440       1.789480       1.789480       1.789890       1.790710       1.790690       1.790680       1.790620       1.790530       1.790370       1.791030       1.791730       1.792070       1.792290       1.793080       1.792680       1.792250       1.791780       1.791280       1.790740       1.790170       1.789560       1.788930       1.788270    
   1.784920       1.785520       1.786720       1.786720       1.788090       1.789460       1.789480       1.789480       1.789890       1.790710       1.790700       1.790690       1.790670       1.790610       1.790510       1.791970       1.791900       1.792070       1.793790       1.794410       1.794180       1.794040       1.793610       1.793150       1.792660       1.792130       1.791560       1.790960       1.790330       1.789680    
   1.785520       1.786720       1.786720       1.788100       1.789470       1.789480       1.789480       1.789890       1.790710       1.790710       1.790700       1.790690       1.790660       1.793620       1.795290       1.796000       1.796010       1.795960       1.795960       1.796410       1.795750       1.795370       1.794960       1.794500       1.794010       1.793490       1.792930       1.792340       1.791720       1.791070    
   1.786720       1.786720       1.788100       1.789470       1.789480       1.789480       1.789890       1.790710       1.790710       1.790710       1.790700       1.790680       1.796090       1.802720       1.802680       1.799950       1.800100       1.799940       1.798040       1.797050       1.797060       1.796690       1.796280       1.795840       1.795350       1.794840       1.794280       1.793700       1.793080       1.792430    
   1.786720       1.788100       1.789480       1.789480       1.789480       1.789890       1.790710       1.790710       1.790710       1.790700       1.797000       1.806450       1.803990       1.802760       1.802760       1.802680       1.801010       1.800250       1.799940       1.798740       1.798350       1.797990       1.797590       1.797150       1.796670       1.796160       1.795620       1.795040       1.794430       1.793780    
   1.788100       1.789480       1.789480       1.789480       1.789890       1.790710       1.790710       1.790710       1.790710       1.798260       1.806450       1.806450       1.806450       1.804050       1.802830       1.802830       1.802680       1.801190       1.800570       1.799940       1.799620       1.799270       1.798880       1.798450       1.797980       1.797470       1.796930       1.796360       1.795750       1.795110    
   1.789480       1.789480       1.789480       1.789890       1.790710       1.790710       1.790710       1.796070       1.801110       1.806450       1.806450       1.806450       1.806450       1.806450       1.804160       1.802980       1.802980       1.802680       1.801560       1.801190       1.800880       1.800530       1.800150       1.799720       1.799260       1.798760       1.798230       1.797660       1.797060       1.796420    
   1.789480       1.789480       1.789890       1.790710       1.790710       1.799750       1.813300       1.812730       1.812160       1.808360       1.806460       1.806450       1.806450       1.806450       1.806450       1.804370       1.803280       1.803290       1.802680       1.802420       1.802120       1.801780       1.801400       1.800980       1.800520       1.800030       1.799500       1.798940       1.798340       1.797710    
   1.789480       1.789890       1.790710       1.790710       1.801550       1.813300       1.813300       1.813300       1.812730       1.812160       1.808380       1.806480       1.806450       1.806450       1.806450       1.806450       1.804760       1.803880       1.803890       1.803640       1.803340       1.803010       1.802640       1.802220       1.801770       1.801280       1.800760       1.800200       1.799610       1.798980    
