iMOD/TUTORIALS/TUT_MetaswapAnalyser/model_MetaSWAP/meteo/Evaporation/Evaporation_20050611_L1.ASC
NCOLS                30
NROWS                30
XLLCORNER     160000.00
YLLCORNER     340000.00
CELLSIZE        1000.00
NODATA_VALUE   -9999.00
   2.611640       2.606150       2.600480       2.594640       2.588620       2.582430       2.576080       2.569570       2.562910       2.556110       2.549170       2.542090       2.534890       2.527560       2.520110       2.512550       2.504880       2.497100       2.489230       2.481250       2.473190       2.465040       2.456810       2.448500       2.440110       2.431650       2.423130       2.414540       2.405890       2.397180    
   2.608410       2.602910       2.597240       2.591390       2.585370       2.579180       2.572840       2.566340       2.559690       2.552900       2.545980       2.538920       2.531730       2.524420       2.516990       2.509450       2.501800       2.494050       2.486200       2.478250       2.470220       2.462100       2.453890       2.445610       2.437260       2.428830       2.420340       2.411780       2.403170       2.394500    
   2.605110       2.599600       2.593910       2.588060       2.582040       2.575850       2.569520       2.563020       2.556390       2.549610       2.542700       2.535650       2.528480       2.521190       2.513780       2.506260       2.498640       2.490910       2.483080       2.475170       2.467160       2.459070       2.450890       2.442640       2.434320       2.425930       2.417470       2.408950       2.400370       2.391730    
   2.601720       2.596200       2.590510       2.584650       2.578620       2.572440       2.566110       2.559630       2.553000       2.546230       2.539330       2.532300       2.525150       2.517880       2.510490       2.502990       2.495390       2.487690       2.479890       2.472000       2.464020       2.455950       2.447810       2.439590       2.431300       2.422940       2.414520       2.406030       2.397490       2.388890    
   2.598270       2.592730       2.587030       2.581160       2.575140       2.568960       2.562630       2.556150       2.549530       2.542770       2.535890       2.528870       2.521740       2.514480       2.507110       2.499640       2.492060       2.484380       2.476610       2.468740       2.460790       2.452760       2.444650       2.436460       2.428200       2.419880       2.411490       2.403040       2.394530       2.385970    
   2.594750       2.589200       2.583480       2.577610       2.571580       2.565400       2.559070       2.552600       2.545990       2.539240       2.532370       2.525370       2.518250       2.511010       2.503660       2.496210       2.488650       2.481000       2.473250       2.465420       2.457500       2.449490       2.441410       2.433260       2.425030       2.416740       2.408390       2.399970       2.391500       2.382980    
   2.591170       2.585600       2.579870       2.573990       2.567950       2.561770       2.555440       2.548980       2.542370       2.535640       2.528770       2.521790       2.514680       2.507470       2.500140       2.492710       2.485180       2.477550       2.469820       2.462020       2.454120       2.446150       2.438100       2.429980       2.421790       2.413530       2.405210       2.396840       2.388400       2.379920    
   2.587530       2.581940       2.576200       2.570300       2.564260       2.558080       2.551750       2.545290       2.538690       2.531970       2.525110       2.518140       2.511050       2.503850       2.496550       2.489140       2.481630       2.474020       2.466320       2.458540       2.450680       2.442740       2.434720       2.426630       2.418470       2.410250       2.401970       2.393630       2.385230       2.376790    
   2.583830       2.578220       2.572470       2.566560       2.560520       2.554330       2.548000       2.541540       2.534950       2.528230       2.521390       2.514430       2.507360       2.500170       2.492890       2.485500       2.478010       2.470430       2.462760       2.455000       2.447170       2.439250       2.431270       2.423210       2.415090       2.406900       2.398660       2.390350       2.382000       2.373590    
   2.580080       2.574450       2.568680       2.562770       2.556710       2.550520       2.544190       2.537730       2.531150       2.524440       2.517600       2.510660       2.503600       2.496430       2.489160       2.481790       2.474330       2.466770       2.459130       2.451400       2.443590       2.435710       2.427750       2.419730       2.411640       2.403490       2.395280       2.387010       2.378700       2.370330    
   2.580030       2.574400       2.566210       2.558920       2.552860       2.546660       2.540330       2.533870       2.527290       2.520580       2.513760       2.506830       2.499780       2.492630       2.485380       2.478030       2.470580       2.463050       2.455430       2.447730       2.439950       2.432100       2.424180       2.416180       2.408130       2.400010       2.391840       2.383610       2.375330       2.367010    
   2.579980       2.569890       2.558920       2.551430       2.548950       2.542750       2.536420       2.529960       2.523380       2.516680       2.509870       2.502940       2.495910       2.488770       2.481540       2.474210       2.466780       2.459270       2.451680       2.444010       2.436260       2.428430       2.420540       2.412580       2.404560       2.396480       2.388340       2.380150       2.371910       2.363630    
   2.573560       2.558920       2.550580       2.546980       2.545000       2.538790       2.532460       2.526000       2.519420       2.512730       2.505920       2.499000       2.491980       2.484860       2.477640       2.470330       2.462930       2.455440       2.447870       2.440220       2.432500       2.424710       2.416850       2.408920       2.400930       2.392890       2.384790       2.376640       2.368440       2.360190    
   2.558920       2.550120       2.545990       2.545000       2.539530       2.534790       2.528450       2.521990       2.515410       2.508720       2.501920       2.495020       2.488010       2.480900       2.473700       2.466400       2.459020       2.451560       2.444010       2.436390       2.428700       2.420930       2.413100       2.405210       2.397250       2.389240       2.381180       2.373070       2.364900       2.356700    
   2.549880       2.545490       2.545000       2.539770       2.534790       2.529210       2.524400       2.517940       2.511370       2.504680       2.497880       2.490990       2.483990       2.476890       2.469710       2.462430       2.455070       2.447620       2.440100       2.432510       2.424840       2.417100       2.409300       2.401440       2.393520       2.385550       2.377520       2.369440       2.361320       2.353150    
   2.545250       2.545000       2.539850       2.534790       2.529470       2.524400       2.521170       2.517900       2.508650       2.500590       2.493800       2.486910       2.479930       2.472840       2.465670       2.458410       2.451070       2.443640       2.436140       2.428570       2.420930       2.413230       2.405460       2.397630       2.389740       2.381800       2.373810       2.365770       2.357690       2.349560    
   2.545000       2.539880       2.534790       2.529550       2.524400       2.522790       2.521160       2.512080       2.500590       2.497200       2.488550       2.482800       2.475820       2.468750       2.461590       2.454350       2.447020       2.439620       2.432140       2.424600       2.416980       2.409300       2.401560       2.393770       2.385910       2.378010       2.370060       2.362060       2.354010       2.345920    
   2.539890       2.534790       2.529580       2.524400       2.523590       2.522780       2.514150       2.500590       2.498890       2.489140       2.480730       2.478650       2.471680       2.464620       2.457470       2.450250       2.442940       2.435560       2.428100       2.420580       2.412990       2.405340       2.397630       2.389860       2.382040       2.374170       2.366260       2.358290       2.350290       2.342240    
   2.534790       2.529590       2.524400       2.524000       2.523590       2.515280       2.500590       2.499740       2.489390       2.479690       2.478650       2.475160       2.468850       2.460450       2.453320       2.446110       2.438820       2.431450       2.424020       2.416520       2.408960       2.401330       2.393650       2.385920       2.378130       2.370300       2.362420       2.354490       2.346520       2.338520    
   2.529590       2.524400       2.524200       2.524000       2.515860       2.500590       2.500170       2.489510       2.479170       2.478650       2.476910       2.470780       2.460450       2.456880       2.453290       2.446080       2.438790       2.431430       2.418540       2.412430       2.404890       2.397290       2.389640       2.381940       2.374180       2.366380       2.358540       2.350650       2.342720       2.334750    
   2.524400       2.524300       2.524200       2.516160       2.500590       2.500380       2.489560       2.478910       2.478650       2.477780       2.471700       2.460450       2.458670       2.456880       2.452090       2.446060       2.438770       2.421490       2.410370       2.408300       2.400780       2.393220       2.385590       2.377920       2.370200       2.362430       2.354620       2.346770       2.338880       2.330960    
   2.524350       2.524300       2.516310       2.500590       2.500480       2.489590       2.478780       2.478650       2.478210       2.472140       2.460450       2.459560       2.458660       2.455880       2.451670       2.445640       2.424790       2.409330       2.408300       2.401910       2.396650       2.389110       2.381510       2.373870       2.366180       2.358450       2.350670       2.342860       2.335010       2.327120    
   2.524350       2.516390       2.500590       2.500540       2.489610       2.478710       2.478650       2.478430       2.472360       2.460450       2.460000       2.459560       2.458030       2.455400       2.451060       2.425310       2.408820       2.408300       2.397220       2.392470       2.387960       2.384970       2.377400       2.369790       2.362130       2.354430       2.346690       2.338920       2.331100       2.323260    
   2.516430       2.500590       2.500560       2.489610       2.478680       2.478650       2.478540       2.472470       2.460450       2.460230       2.460000       2.459200       2.457670       2.436540       2.415750       2.395620       2.395630       2.391900       2.387570       2.386180       2.388290       2.380800       2.373260       2.365680       2.358050       2.350390       2.342680       2.334940       2.327170       2.319360    
   2.500590       2.500580       2.489620       2.478670       2.478650       2.478600       2.472530       2.460450       2.460340       2.460230       2.459810       2.458960       2.423260       2.381520       2.381660       2.385410       2.382420       2.382960       2.383460       2.384070       2.384080       2.376610       2.369100       2.361540       2.353950       2.346320       2.338650       2.330950       2.323210       2.315450    
   2.500580       2.489620       2.478660       2.478650       2.478620       2.472560       2.460450       2.460390       2.460340       2.460130       2.426140       2.375860       2.379520       2.381390       2.381390       2.381660       2.381930       2.381890       2.382960       2.380610       2.379840       2.372390       2.364910       2.357380       2.349820       2.342220       2.334590       2.326920       2.319230       2.311500    
   2.489620       2.478650       2.478650       2.478640       2.472570       2.460450       2.460420       2.460390       2.460290       2.419670       2.375860       2.375860       2.375860       2.379320       2.381120       2.381120       2.381660       2.381210       2.380820       2.382960       2.375580       2.368160       2.360700       2.353210       2.345670       2.338110       2.330510       2.322880       2.315220       2.307540    
   2.478650       2.478650       2.478640       2.472580       2.460450       2.460440       2.460420       2.435590       2.408070       2.375850       2.375860       2.375860       2.375860       2.375860       2.378920       2.380570       2.380570       2.381660       2.379410       2.378670       2.371310       2.363910       2.356480       2.349010       2.341510       2.333980       2.326410       2.318820       2.311200       2.303560    
   2.478650       2.478650       2.472580       2.460450       2.460440       2.421880       2.364060       2.362660       2.361260       2.370960       2.375820       2.375860       2.375860       2.375860       2.375860       2.378130       2.379490       2.379490       2.381660       2.374360       2.367020       2.359650       2.352240       2.344800       2.337330       2.329830       2.322300       2.314740       2.307160       2.299560    
   2.478650       2.472580       2.460450       2.460450       2.414170       2.364050       2.364050       2.364060       2.362660       2.361260       2.370900       2.375750       2.375860       2.375860       2.375860       2.375860       2.376590       2.377320       2.377320       2.370040       2.362720       2.355370       2.347990       2.340570       2.333130       2.325670       2.318170       2.310660       2.303110       2.295550    
