iMOD/TUTORIALS/TUT_MetaswapAnalyser/model_MetaSWAP/meteo/Evaporation/Evaporation_20050523_L1.ASC
NCOLS                30
NROWS                30
XLLCORNER     160000.00
YLLCORNER     340000.00
CELLSIZE        1000.00
NODATA_VALUE   -9999.00
   3.392830       3.400680       3.408430       3.416080       3.423630       3.431070       3.438400       3.445630       3.452740       3.459730       3.466610       3.473360       3.480000       3.486520       3.492910       3.499190       3.505340       3.511360       3.517260       3.523040       3.528700       3.534230       3.539640       3.544930       3.550100       3.555160       3.560100       3.564920       3.569640       3.574240    
   3.392670       3.400480       3.408200       3.415830       3.423350       3.430770       3.438080       3.445290       3.452380       3.459360       3.466220       3.472970       3.479600       3.486120       3.492510       3.498780       3.504930       3.510960       3.516860       3.522650       3.528310       3.533860       3.539280       3.544590       3.549770       3.554840       3.559800       3.564650       3.569380       3.574010    
   3.392520       3.400300       3.407990       3.415580       3.423080       3.430470       3.437760       3.444950       3.452030       3.458990       3.465840       3.472580       3.479210       3.485710       3.492100       3.498370       3.504520       3.510550       3.516460       3.522250       3.527920       3.533480       3.538910       3.544230       3.549430       3.554520       3.559490       3.564360       3.569110       3.573760    
   3.392380       3.400120       3.407780       3.415340       3.422810       3.430180       3.437450       3.444620       3.451680       3.458630       3.465470       3.472200       3.478810       3.485310       3.491690       3.497960       3.504110       3.510140       3.516060       3.521850       3.527530       3.533090       3.538540       3.543870       3.549080       3.554180       3.559180       3.564060       3.568830       3.573500    
   3.392250       3.399960       3.407580       3.415120       3.422560       3.429900       3.437150       3.444290       3.451340       3.458270       3.465100       3.471810       3.478420       3.484910       3.491290       3.497550       3.503700       3.509730       3.515650       3.521450       3.527130       3.532700       3.538160       3.543500       3.548720       3.553840       3.558840       3.563740       3.568530       3.573220    
   3.392140       3.399810       3.407400       3.414900       3.422310       3.429630       3.436850       3.443980       3.451000       3.457920       3.464730       3.471430       3.478030       3.484510       3.490880       3.497140       3.503290       3.509320       3.515240       3.521040       3.526730       3.532310       3.537770       3.543120       3.548360       3.553490       3.558510       3.563420       3.568220       3.572920    
   3.392040       3.399670       3.407230       3.414700       3.422080       3.429370       3.436570       3.443670       3.450670       3.457570       3.464370       3.471060       3.477640       3.484120       3.490480       3.496740       3.502880       3.508910       3.514830       3.520630       3.526330       3.531910       3.537380       3.542740       3.547990       3.553130       3.558160       3.563080       3.567900       3.572620    
   3.391950       3.399550       3.407060       3.414500       3.421860       3.429120       3.436290       3.443370       3.450350       3.457230       3.464010       3.470690       3.477260       3.483730       3.490080       3.496330       3.502470       3.508500       3.514420       3.520230       3.525920       3.531510       3.536980       3.542350       3.547610       3.552760       3.557800       3.562740       3.567570       3.572310    
   3.391880       3.399430       3.406920       3.414320       3.421640       3.428880       3.436030       3.443080       3.450040       3.456900       3.463670       3.470330       3.476890       3.483340       3.489690       3.495930       3.502070       3.508090       3.514010       3.519820       3.525520       3.531110       3.536590       3.541960       3.547230       3.552380       3.557440       3.562390       3.567240       3.571980    
   3.391810       3.399330       3.406780       3.414150       3.421440       3.428650       3.435770       3.442800       3.449740       3.456580       3.463330       3.469980       3.476520       3.482970       3.489310       3.495540       3.501670       3.507690       3.513600       3.519410       3.525110       3.530700       3.536190       3.541570       3.546840       3.552010       3.557070       3.562030       3.566890       3.571650    
   3.391790       3.399310       3.408570       3.414000       3.421250       3.428430       3.435530       3.442530       3.449450       3.456270       3.463000       3.469630       3.476160       3.482600       3.488920       3.495150       3.501270       3.507290       3.513200       3.519010       3.524710       3.530300       3.535790       3.541170       3.546450       3.551630       3.556700       3.561670       3.566530       3.571300    
   3.391770       3.403420       3.414000       3.419310       3.421080       3.428230       3.435290       3.442280       3.449170       3.455970       3.462680       3.469300       3.475810       3.482230       3.488550       3.494770       3.500880       3.506890       3.512800       3.518610       3.524300       3.529900       3.535390       3.540780       3.546060       3.551240       3.556320       3.561300       3.566170       3.570950    
   3.398340       3.414000       3.418800       3.420990       3.420910       3.428030       3.435070       3.442030       3.448900       3.455680       3.462370       3.468970       3.475470       3.481880       3.488180       3.494390       3.500500       3.506500       3.512410       3.518210       3.523900       3.529500       3.534990       3.540380       3.545670       3.550850       3.555940       3.560920       3.565810       3.570600    
   3.414000       3.418670       3.420950       3.420910       3.425600       3.427850       3.434860       3.441790       3.448640       3.455400       3.462070       3.468650       3.475140       3.481530       3.487820       3.494020       3.500120       3.506120       3.512010       3.517810       3.523510       3.529100       3.534590       3.539980       3.545270       3.550460       3.555550       3.560540       3.565430       3.570230    
   3.418630       3.420930       3.420910       3.424790       3.427850       3.432460       3.434660       3.441570       3.448390       3.455130       3.461780       3.468340       3.474810       3.481190       3.487470       3.493660       3.499740       3.505730       3.511630       3.517420       3.523110       3.528700       3.534190       3.539580       3.544880       3.550070       3.555160       3.560160       3.565060       3.569860    
   3.420920       3.420910       3.424520       3.427850       3.431660       3.434660       3.438120       3.441540       3.449990       3.454870       3.461500       3.468040       3.474490       3.480850       3.487120       3.493300       3.499380       3.505360       3.511240       3.517030       3.522720       3.528310       3.533800       3.539190       3.544480       3.549670       3.554770       3.559770       3.564670       3.569480    
   3.420910       3.424430       3.427850       3.431390       3.434660       3.436390       3.438110       3.446130       3.454870       3.458180       3.463930       3.467750       3.474180       3.480530       3.486780       3.492950       3.499020       3.504990       3.510870       3.516650       3.522330       3.527910       3.533400       3.538790       3.544080       3.549280       3.554380       3.559380       3.564290       3.569100    
   3.424400       3.427850       3.431300       3.434660       3.435520       3.436380       3.443870       3.454870       3.456530       3.462410       3.467610       3.467470       3.473880       3.480210       3.486450       3.492600       3.498660       3.504620       3.510490       3.516270       3.521940       3.527520       3.533010       3.538400       3.543690       3.548880       3.553980       3.558990       3.563900       3.568720    
   3.427850       3.431270       3.434660       3.435090       3.435520       3.442660       3.454870       3.455700       3.461760       3.467540       3.467470       3.470670       3.475370       3.479910       3.486130       3.492270       3.498310       3.504260       3.510120       3.515890       3.521560       3.527140       3.532620       3.538000       3.543290       3.548490       3.553590       3.558590       3.563510       3.568330    
   3.431260       3.434660       3.434880       3.435090       3.442040       3.454870       3.455280       3.461460       3.467500       3.467470       3.469070       3.473360       3.479910       3.483020       3.486100       3.492240       3.498280       3.504230       3.512190       3.515520       3.521180       3.526750       3.532230       3.537610       3.542900       3.548090       3.553190       3.558200       3.563110       3.567930    
   3.434660       3.434770       3.434880       3.441720       3.454870       3.455080       3.461310       3.467490       3.467470       3.468270       3.472450       3.479910       3.481460       3.483010       3.487120       3.492210       3.498250       3.509040       3.515340       3.515150       3.520810       3.526370       3.531840       3.537220       3.542500       3.547690       3.552790       3.557800       3.562710       3.567530    
   3.434710       3.434770       3.441560       3.454870       3.454970       3.461240       3.467480       3.467470       3.467870       3.472030       3.479910       3.480690       3.481460       3.483870       3.487450       3.492530       3.505980       3.515240       3.515150       3.518800       3.520440       3.525990       3.531460       3.536830       3.542110       3.547290       3.552390       3.557390       3.562310       3.567130    
   3.434710       3.441480       3.454870       3.454920       3.461210       3.467470       3.467470       3.467670       3.471820       3.479910       3.480300       3.480690       3.482000       3.484260       3.487950       3.503050       3.515200       3.515150       3.518390       3.520080       3.523400       3.525620       3.531070       3.536440       3.541710       3.546900       3.551990       3.556990       3.561900       3.566730    
   3.441440       3.454870       3.454900       3.461190       3.467470       3.467470       3.467570       3.471720       3.479910       3.480100       3.480300       3.481000       3.482320       3.490230       3.501210       3.514100       3.514100       3.516720       3.519650       3.519530       3.519710       3.525250       3.530700       3.536050       3.541320       3.546500       3.551590       3.556590       3.561490       3.566320    
   3.454870       3.454880       3.461180       3.467470       3.467470       3.467520       3.471670       3.479910       3.480010       3.480100       3.480470       3.481200       3.493390       3.506700       3.506710       3.511180       3.513000       3.513040       3.517360       3.519350       3.519350       3.524880       3.530320       3.535670       3.540930       3.546100       3.551180       3.556180       3.561080       3.565900    
   3.454880       3.461170       3.467470       3.467470       3.467490       3.471640       3.479910       3.479960       3.480010       3.480190       3.488370       3.500050       3.504480       3.506690       3.506690       3.506710       3.510920       3.512960       3.513040       3.517510       3.518990       3.524510       3.529940       3.535280       3.540540       3.545700       3.550780       3.555770       3.560670       3.565490    
   3.461170       3.467470       3.467470       3.467480       3.471630       3.479910       3.479930       3.479960       3.480050       3.489730       3.500050       3.500050       3.500050       3.504460       3.506670       3.506670       3.506710       3.510960       3.512870       3.513040       3.518640       3.524140       3.529570       3.534900       3.540150       3.545300       3.550370       3.555360       3.560250       3.565060    
   3.467470       3.467470       3.467480       3.471620       3.479910       3.479920       3.479930       3.483190       3.490040       3.500050       3.500050       3.500050       3.500050       3.500050       3.504440       3.506630       3.506630       3.506710       3.511200       3.512700       3.518280       3.523780       3.529190       3.534520       3.539750       3.544900       3.549970       3.554940       3.559830       3.564640    
   3.467470       3.467470       3.471620       3.479910       3.479920       3.482660       3.486770       3.489800       3.492820       3.497640       3.500050       3.500050       3.500050       3.500050       3.500050       3.504400       3.506550       3.506550       3.506710       3.512360       3.517930       3.523420       3.528820       3.534140       3.539360       3.544500       3.549560       3.554530       3.559410       3.564210    
   3.467470       3.471620       3.479910       3.479910       3.483200       3.486770       3.486770       3.486770       3.489800       3.492820       3.497630       3.500040       3.500050       3.500050       3.500050       3.500050       3.504380       3.506380       3.506380       3.512030       3.517590       3.523060       3.528450       3.533750       3.538970       3.544100       3.549150       3.554110       3.558980       3.563780    
