iMOD/TUTORIALS/TUT_MetaswapAnalyser/model_MetaSWAP/meteo/Evaporation/Evaporation_20050913_L1.ASC
NCOLS                30
NROWS                30
XLLCORNER     160000.00
YLLCORNER     340000.00
CELLSIZE        1000.00
NODATA_VALUE   -9999.00
   2.602310       2.601970       2.601610       2.601220       2.600820       2.600390       2.599950       2.599480       2.599000       2.598510       2.598000       2.597470       2.596930       2.596380       2.595810       2.595230       2.594650       2.594050       2.593440       2.592820       2.592190       2.591560       2.590910       2.590260       2.589600       2.588930       2.588260       2.587580       2.586890       2.586190    
   2.603200       2.602840       2.602450       2.602040       2.601620       2.601170       2.600710       2.600230       2.599730       2.599220       2.598690       2.598150       2.597590       2.597030       2.596450       2.595860       2.595260       2.594640       2.594020       2.593390       2.592750       2.592110       2.591450       2.590790       2.590120       2.589440       2.588750       2.588060       2.587360       2.586660    
   2.604100       2.603710       2.603300       2.602870       2.602420       2.601960       2.601480       2.600980       2.600460       2.599930       2.599390       2.598830       2.598260       2.597680       2.597090       2.596480       2.595870       2.595240       2.594610       2.593970       2.593320       2.592660       2.591990       2.591320       2.590640       2.589950       2.589250       2.588550       2.587840       2.587130    
   2.605000       2.604590       2.604150       2.603700       2.603240       2.602750       2.602250       2.601730       2.601200       2.600650       2.600090       2.599520       2.598940       2.598340       2.597730       2.597110       2.596490       2.595850       2.595200       2.594550       2.593890       2.593210       2.592540       2.591850       2.591160       2.590460       2.589750       2.589040       2.588320       2.587600    
   2.605920       2.605480       2.605020       2.604550       2.604060       2.603550       2.603030       2.602490       2.601940       2.601380       2.600800       2.600220       2.599620       2.599000       2.598380       2.597750       2.597110       2.596460       2.595800       2.595130       2.594460       2.593780       2.593090       2.592390       2.591690       2.590980       2.590260       2.589540       2.588810       2.588080    
   2.606840       2.606370       2.605890       2.605390       2.604880       2.604360       2.603820       2.603260       2.602690       2.602110       2.601520       2.600920       2.600300       2.599670       2.599040       2.598390       2.597740       2.597070       2.596400       2.595720       2.595040       2.594340       2.593640       2.592930       2.592220       2.591500       2.590780       2.590050       2.589310       2.588570    
   2.607770       2.607280       2.606770       2.606250       2.605720       2.605170       2.604610       2.604040       2.603450       2.602850       2.602240       2.601620       2.600990       2.600350       2.599700       2.599040       2.598370       2.597690       2.597010       2.596320       2.595620       2.594910       2.594200       2.593480       2.592760       2.592030       2.591300       2.590560       2.589810       2.589060    
   2.608710       2.608190       2.607660       2.607120       2.606560       2.605990       2.605410       2.604820       2.604220       2.603600       2.602970       2.602340       2.601690       2.601030       2.600370       2.599690       2.599010       2.598320       2.597620       2.596920       2.596210       2.595490       2.594770       2.594040       2.593300       2.592560       2.591820       2.591070       2.590320       2.589560    
   2.609660       2.609120       2.608560       2.608000       2.607420       2.606830       2.606220       2.605610       2.604990       2.604350       2.603710       2.603060       2.602390       2.601720       2.601040       2.600350       2.599650       2.598950       2.598240       2.597530       2.596800       2.596070       2.595340       2.594600       2.593860       2.593110       2.592350       2.591590       2.590830       2.590060    
   2.610620       2.610050       2.609470       2.608880       2.608280       2.607670       2.607040       2.606410       2.605770       2.605120       2.604450       2.603780       2.603100       2.602420       2.601720       2.601020       2.600310       2.599590       2.598870       2.598140       2.597400       2.596660       2.595920       2.595170       2.594410       2.593650       2.592890       2.592120       2.591350       2.590570    
   2.610620       2.610050       2.609540       2.609770       2.609150       2.608520       2.607870       2.607220       2.606560       2.605880       2.605210       2.604520       2.603820       2.603120       2.602410       2.601690       2.600970       2.600240       2.599500       2.598760       2.598010       2.597260       2.596500       2.595740       2.594980       2.594210       2.593430       2.592650       2.591870       2.591090    
   2.610620       2.609990       2.609770       2.609970       2.610030       2.609370       2.608710       2.608040       2.607350       2.606660       2.605970       2.605260       2.604550       2.603830       2.603100       2.602370       2.601630       2.600890       2.600140       2.599380       2.598630       2.597860       2.597090       2.596320       2.595540       2.594770       2.593980       2.593200       2.592400       2.591610    
   2.610390       2.609770       2.610280       2.610480       2.610920       2.610240       2.609560       2.608860       2.608160       2.607450       2.606740       2.606010       2.605280       2.604550       2.603810       2.603060       2.602310       2.601550       2.600790       2.600020       2.599250       2.598470       2.597690       2.596910       2.596120       2.595330       2.594540       2.593740       2.592940       2.592140    
   2.609770       2.610420       2.610700       2.610920       2.610760       2.611120       2.610410       2.609700       2.608980       2.608250       2.607510       2.606770       2.606030       2.605270       2.604520       2.603750       2.602990       2.602220       2.601440       2.600660       2.599880       2.599090       2.598300       2.597500       2.596710       2.595910       2.595100       2.594300       2.593490       2.592680    
   2.610480       2.610810       2.610920       2.610930       2.611120       2.610940       2.611280       2.610540       2.609800       2.609050       2.608300       2.607540       2.606780       2.606010       2.605240       2.604460       2.603680       2.602890       2.602100       2.601310       2.600510       2.599710       2.598910       2.598110       2.597300       2.596490       2.595670       2.594860       2.594040       2.593220    
   2.610860       2.610920       2.610990       2.611120       2.611110       2.611280       2.610910       2.610540       2.609820       2.609870       2.609100       2.608320       2.607540       2.606750       2.605960       2.605170       2.604370       2.603580       2.602770       2.601970       2.601160       2.600350       2.599530       2.598710       2.597900       2.597080       2.596250       2.595430       2.594600       2.593780    
   2.610920       2.611010       2.611120       2.611170       2.611280       2.611090       2.610910       2.610280       2.609870       2.609490       2.609260       2.609110       2.608310       2.607510       2.606700       2.605890       2.605080       2.604270       2.603450       2.602630       2.601810       2.600990       2.600160       2.599330       2.598500       2.597670       2.596840       2.596010       2.595170       2.594340    
   2.611020       2.611120       2.611190       2.611280       2.611190       2.611090       2.610540       2.609870       2.609680       2.609600       2.609510       2.609900       2.609090       2.608270       2.607450       2.606620       2.605800       2.604970       2.604140       2.603300       2.602470       2.601630       2.600800       2.599960       2.599120       2.598280       2.597440       2.596590       2.595750       2.594900    
   2.611120       2.611200       2.611280       2.611230       2.611190       2.610670       2.609870       2.609770       2.609750       2.609700       2.609900       2.609500       2.609080       2.609040       2.608200       2.607360       2.606520       2.605680       2.604830       2.603990       2.603140       2.602290       2.601440       2.600590       2.599740       2.598890       2.598040       2.597190       2.596330       2.595480    
   2.611200       2.611280       2.611260       2.611230       2.610740       2.609870       2.609820       2.609820       2.609800       2.609900       2.609700       2.609380       2.609040       2.608620       2.608200       2.607360       2.606520       2.605680       2.604910       2.604680       2.603820       2.602960       2.602100       2.601240       2.600370       2.599510       2.598650       2.597790       2.596930       2.596070    
   2.611280       2.611270       2.611260       2.610780       2.609870       2.609850       2.609850       2.609850       2.609900       2.609800       2.609500       2.609040       2.608830       2.608620       2.608060       2.607360       2.606520       2.605500       2.605030       2.605380       2.604510       2.603630       2.602760       2.601890       2.601020       2.600140       2.599270       2.598400       2.597530       2.596660    
   2.611270       2.611270       2.610790       2.609870       2.609860       2.609870       2.609880       2.609900       2.609850       2.609560       2.609040       2.608930       2.608830       2.608500       2.608010       2.607310       2.605990       2.605210       2.605380       2.605030       2.605200       2.604320       2.603430       2.602550       2.601670       2.600780       2.599900       2.599020       2.598140       2.597260    
   2.611270       2.610800       2.609870       2.609860       2.609880       2.609890       2.609900       2.609870       2.609590       2.609040       2.608990       2.608930       2.608760       2.608450       2.607940       2.606840       2.605290       2.605380       2.605830       2.605920       2.605380       2.605010       2.604110       2.603220       2.602330       2.601430       2.600540       2.599650       2.598760       2.597880    
   2.610810       2.609870       2.609870       2.609880       2.609890       2.609900       2.609890       2.609600       2.609040       2.609010       2.608990       2.608890       2.608710       2.609370       2.608880       2.607590       2.607580       2.607180       2.606750       2.606990       2.606630       2.605720       2.604810       2.603900       2.602990       2.602090       2.601190       2.600290       2.599390       2.598500    
   2.609870       2.609870       2.609880       2.609900       2.609900       2.609890       2.609610       2.609040       2.609030       2.609010       2.608960       2.608860       2.610340       2.612350       2.612330       2.610130       2.609890       2.609790       2.608160       2.607360       2.607350       2.606430       2.605510       2.604590       2.603670       2.602760       2.601850       2.600940       2.600030       2.599130    
   2.609870       2.609880       2.609900       2.609900       2.609900       2.609610       2.609040       2.609030       2.609030       2.609000       2.611700       2.615820       2.613530       2.612380       2.612380       2.612330       2.610730       2.609980       2.609790       2.608520       2.608090       2.607150       2.606220       2.605290       2.604360       2.603440       2.602520       2.601600       2.600680       2.599770    
   2.609880       2.609900       2.609900       2.609900       2.609610       2.609040       2.609040       2.609030       2.609020       2.612270       2.615820       2.615820       2.615820       2.613570       2.612430       2.612430       2.612330       2.610830       2.610180       2.609790       2.608840       2.607890       2.606940       2.606000       2.605060       2.604130       2.603200       2.602270       2.601340       2.600420    
   2.609900       2.609900       2.609900       2.609610       2.609040       2.609040       2.609040       2.612110       2.614190       2.615820       2.615820       2.615820       2.615820       2.615820       2.613640       2.612530       2.612530       2.612330       2.611010       2.610560       2.609590       2.608630       2.607670       2.606720       2.605770       2.604830       2.603880       2.602950       2.602010       2.601080    
   2.609900       2.609900       2.609610       2.609040       2.609040       2.614800       2.623430       2.622390       2.621350       2.617670       2.615830       2.615820       2.615820       2.615820       2.615820       2.613780       2.612730       2.612730       2.612330       2.611340       2.610360       2.609380       2.608420       2.607450       2.606490       2.605540       2.604580       2.603640       2.602700       2.601760    
   2.609900       2.609610       2.609040       2.609040       2.615950       2.623430       2.623430       2.623430       2.622390       2.621350       2.617680       2.615840       2.615820       2.615820       2.615820       2.615820       2.614030       2.613140       2.613130       2.612130       2.611140       2.610150       2.609170       2.608190       2.607220       2.606260       2.605290       2.604340       2.603390       2.602440    
