iMOD/TUTORIALS/TUT_MetaswapAnalyser/model_MetaSWAP/meteo/Evaporation/Evaporation_20050111_L1.ASC
NCOLS                30
NROWS                30
XLLCORNER     160000.00
YLLCORNER     340000.00
CELLSIZE        1000.00
NODATA_VALUE   -9999.00
  0.3666100      0.3661800      0.3657700      0.3653700      0.3649800      0.3646100      0.3642500      0.3639000      0.3635600      0.3632300      0.3629100      0.3625900      0.3622800      0.3619700      0.3616700      0.3613700      0.3610700      0.3607700      0.3604800      0.3601900      0.3598900      0.3596000      0.3593100      0.3590100      0.3587200      0.3584200      0.3581200      0.3578200      0.3575200      0.3572100    
  0.3671900      0.3667700      0.3663600      0.3659600      0.3655800      0.3652100      0.3648600      0.3645100      0.3641700      0.3638400      0.3635200      0.3632000      0.3628900      0.3625800      0.3622800      0.3619800      0.3616800      0.3613900      0.3611000      0.3608000      0.3605100      0.3602200      0.3599300      0.3596300      0.3593400      0.3590400      0.3587400      0.3584400      0.3581400      0.3578300    
  0.3677800      0.3673600      0.3669600      0.3665700      0.3661900      0.3658200      0.3654700      0.3651200      0.3647900      0.3644600      0.3641400      0.3638200      0.3635100      0.3632100      0.3629000      0.3626100      0.3623100      0.3620200      0.3617200      0.3614300      0.3611400      0.3608500      0.3605500      0.3602600      0.3599700      0.3596700      0.3593700      0.3590700      0.3587700      0.3584600    
  0.3683800      0.3679700      0.3675700      0.3671800      0.3668100      0.3664400      0.3660900      0.3657500      0.3654100      0.3650900      0.3647700      0.3644500      0.3641400      0.3638400      0.3635400      0.3632400      0.3629500      0.3626500      0.3623600      0.3620700      0.3617800      0.3614900      0.3611900      0.3609000      0.3606000      0.3603100      0.3600100      0.3597100      0.3594000      0.3590900    
  0.3689900      0.3685800      0.3681900      0.3678100      0.3674300      0.3670700      0.3667200      0.3663800      0.3660500      0.3657200      0.3654100      0.3650900      0.3647900      0.3644800      0.3641800      0.3638900      0.3635900      0.3633000      0.3630100      0.3627200      0.3624200      0.3621300      0.3618400      0.3615500      0.3612500      0.3609500      0.3606500      0.3603500      0.3600500      0.3597400    
  0.3696100      0.3692100      0.3688200      0.3684400      0.3680700      0.3677100      0.3673700      0.3670300      0.3667000      0.3663700      0.3660600      0.3657400      0.3654400      0.3651400      0.3648400      0.3645400      0.3642500      0.3639500      0.3636600      0.3633700      0.3630800      0.3627900      0.3624900      0.3622000      0.3619000      0.3616100      0.3613100      0.3610000      0.3607000      0.3603900    
  0.3702300      0.3698400      0.3694500      0.3690800      0.3687100      0.3683600      0.3680100      0.3676800      0.3673500      0.3670300      0.3667100      0.3664000      0.3661000      0.3658000      0.3655000      0.3652000      0.3649100      0.3646200      0.3643300      0.3640400      0.3637400      0.3634500      0.3631600      0.3628600      0.3625700      0.3622700      0.3619700      0.3616600      0.3613600      0.3610500    
  0.3708700      0.3704700      0.3700900      0.3697200      0.3693600      0.3690100      0.3686700      0.3683400      0.3680100      0.3676900      0.3673800      0.3670700      0.3667700      0.3664700      0.3661700      0.3658800      0.3655800      0.3652900      0.3650000      0.3647100      0.3644200      0.3641200      0.3638300      0.3635400      0.3632400      0.3629400      0.3626400      0.3623300      0.3620200      0.3617100    
  0.3715000      0.3711200      0.3707400      0.3703800      0.3700200      0.3696700      0.3693300      0.3690000      0.3686800      0.3683600      0.3680500      0.3677500      0.3674400      0.3671400      0.3668500      0.3665500      0.3662600      0.3659700      0.3656800      0.3653900      0.3651000      0.3648000      0.3645100      0.3642100      0.3639200      0.3636200      0.3633100      0.3630100      0.3627000      0.3623800    
  0.3721500      0.3717700      0.3714000      0.3710300      0.3706800      0.3703400      0.3700100      0.3696800      0.3693600      0.3690400      0.3687300      0.3684300      0.3681300      0.3678300      0.3675300      0.3672400      0.3669500      0.3666600      0.3663700      0.3660800      0.3657800      0.3654900      0.3652000      0.3649000      0.3646000      0.3643000      0.3639900      0.3636900      0.3633800      0.3630600    
  0.3721530      0.3717730      0.3714750      0.3717000      0.3713500      0.3710100      0.3706800      0.3703600      0.3700400      0.3697300      0.3694200      0.3691200      0.3688200      0.3685200      0.3682300      0.3679300      0.3676400      0.3673500      0.3670600      0.3667700      0.3664800      0.3661800      0.3658900      0.3655900      0.3652900      0.3649900      0.3646800      0.3643700      0.3640600      0.3637500    
  0.3721570      0.3717750      0.3717000      0.3719450      0.3720300      0.3716900      0.3713600      0.3710400      0.3707300      0.3704200      0.3701100      0.3698100      0.3695100      0.3692200      0.3689200      0.3686300      0.3683400      0.3680500      0.3677600      0.3674700      0.3671800      0.3668800      0.3665900      0.3662900      0.3659900      0.3656900      0.3653800      0.3650700      0.3647500      0.3644400    
  0.3720450      0.3717000      0.3721770      0.3723650      0.3727000      0.3723700      0.3720500      0.3717300      0.3714200      0.3711100      0.3708100      0.3705100      0.3702100      0.3699200      0.3696300      0.3693400      0.3690500      0.3687600      0.3684700      0.3681800      0.3678800      0.3675900      0.3672900      0.3669900      0.3666900      0.3663900      0.3660800      0.3657700      0.3654500      0.3651300    
  0.3717000      0.3722770      0.3725320      0.3727000      0.3727100      0.3730600      0.3727400      0.3724300      0.3721200      0.3718100      0.3715100      0.3712100      0.3709200      0.3706300      0.3703400      0.3700500      0.3697600      0.3694700      0.3691800      0.3688900      0.3686000      0.3683000      0.3680000      0.3677000      0.3674000      0.3670900      0.3667800      0.3664700      0.3661500      0.3658300    
  0.3723230      0.3726160      0.3727000      0.3728230      0.3730600      0.3730770      0.3734300      0.3731200      0.3728200      0.3725200      0.3722200      0.3719200      0.3716300      0.3713400      0.3710500      0.3707600      0.3704800      0.3701900      0.3699000      0.3696100      0.3693100      0.3690200      0.3687200      0.3684200      0.3681100      0.3678100      0.3675000      0.3671800      0.3668600      0.3665400    
  0.3726580      0.3727000      0.3728610      0.3730600      0.3731890      0.3734300      0.3732750      0.3731230      0.3729200      0.3732200      0.3729300      0.3726400      0.3723500      0.3720600      0.3717700      0.3714800      0.3712000      0.3709100      0.3706200      0.3703300      0.3700300      0.3697400      0.3694400      0.3691400      0.3688300      0.3685200      0.3682100      0.3678900      0.3675700      0.3672400    
  0.3727000      0.3728740      0.3730600      0.3732260      0.3734300      0.3733530      0.3732760      0.3731350      0.3732200      0.3730750      0.3732420      0.3733500      0.3730700      0.3727800      0.3724900      0.3722100      0.3719200      0.3716300      0.3713400      0.3710500      0.3707600      0.3704600      0.3701600      0.3698600      0.3695500      0.3692400      0.3689300      0.3686100      0.3682800      0.3679600    
  0.3728780      0.3730600      0.3732390      0.3734300      0.3733910      0.3733530      0.3732460      0.3732200      0.3731470      0.3734630      0.3737100      0.3740700      0.3737900      0.3735000      0.3732200      0.3729300      0.3726500      0.3723600      0.3720700      0.3717800      0.3714900      0.3711900      0.3708900      0.3705900      0.3702800      0.3699700      0.3696500      0.3693300      0.3690000      0.3686700    
  0.3730600      0.3732430      0.3734300      0.3734110      0.3733910      0.3733020      0.3732200      0.3731840      0.3735580      0.3738900      0.3740700      0.3739300      0.3738970      0.3742300      0.3739500      0.3736600      0.3733800      0.3730900      0.3728100      0.3725100      0.3722200      0.3719200      0.3716200      0.3713200      0.3710100      0.3706900      0.3703800      0.3700500      0.3697200      0.3693900    
  0.3732440      0.3734300      0.3734200      0.3734110      0.3733310      0.3732200      0.3732020      0.3736020      0.3739800      0.3740700      0.3740000      0.3740320      0.3742300      0.3740900      0.3739470      0.3736630      0.3733770      0.3730930      0.3731300      0.3732500      0.3729600      0.3726600      0.3723600      0.3720500      0.3717400      0.3714200      0.3711000      0.3707800      0.3704500      0.3701100    
  0.3734300      0.3734250      0.3734200      0.3733460      0.3732200      0.3732110      0.3736240      0.3740250      0.3740700      0.3740350      0.3740830      0.3742300      0.3741600      0.3740890      0.3739000      0.3736620      0.3733780      0.3734420      0.3736200      0.3739900      0.3736900      0.3734000      0.3730900      0.3727900      0.3724700      0.3721600      0.3718300      0.3715100      0.3711700      0.3708300    
  0.3734280      0.3734250      0.3733530      0.3732200      0.3732150      0.3736340      0.3740470      0.3740700      0.3740520      0.3741040      0.3742300      0.3741950      0.3741600      0.3740500      0.3738840      0.3736470      0.3736550      0.3738050      0.3739900      0.3740370      0.3744300      0.3741300      0.3738300      0.3735200      0.3732100      0.3728900      0.3725700      0.3722300      0.3719000      0.3715600    
  0.3734280      0.3733560      0.3732200      0.3732180      0.3736400      0.3740590      0.3740700      0.3740610      0.3741140      0.3742300      0.3742130      0.3741950      0.3741350      0.3740310      0.3738600      0.3742600      0.3738970      0.3739900      0.3748730      0.3751750      0.3749940      0.3748700      0.3745700      0.3742600      0.3739500      0.3736200      0.3733000      0.3729700      0.3726300      0.3722800    
  0.3733580      0.3732200      0.3732190      0.3736420      0.3740640      0.3740700      0.3740660      0.3741190      0.3742300      0.3742210      0.3742120      0.3741810      0.3741200      0.3755560      0.3761800      0.3762150      0.3762150      0.3761210      0.3760420      0.3762900      0.3759200      0.3756200      0.3753100      0.3750000      0.3746800      0.3743600      0.3740300      0.3737000      0.3733600      0.3730100    
  0.3732200      0.3732190      0.3736440      0.3740670      0.3740700      0.3740680      0.3741210      0.3742300      0.3742260      0.3742210      0.3742050      0.3741710      0.3768650      0.3802230      0.3802000      0.3785170      0.3785320      0.3784400      0.3772630      0.3766600      0.3766600      0.3763600      0.3760500      0.3757400      0.3754200      0.3751000      0.3747700      0.3744300      0.3740800      0.3737300    
  0.3732200      0.3736440      0.3740690      0.3740700      0.3740690      0.3741220      0.3742300      0.3742280      0.3742260      0.3742170      0.3775910      0.3826800      0.3810610      0.3802460      0.3802460      0.3802000      0.3791220      0.3786250      0.3784400      0.3776600      0.3774000      0.3771000      0.3767900      0.3764800      0.3761600      0.3758300      0.3755000      0.3751600      0.3748100      0.3744600    
  0.3736450      0.3740690      0.3740700      0.3740690      0.3741230      0.3742300      0.3742290      0.3742280      0.3742240      0.3782790      0.3826800      0.3826800      0.3826800      0.3810950      0.3802920      0.3802920      0.3802000      0.3792210      0.3788100      0.3784400      0.3781400      0.3778400      0.3775300      0.3772200      0.3769000      0.3765700      0.3762300      0.3758900      0.3755400      0.3751800    
  0.3740700      0.3740700      0.3740700      0.3741230      0.3742300      0.3742290      0.3742290      0.3772980      0.3799810      0.3826820      0.3826800      0.3826800      0.3826800      0.3826800      0.3811620      0.3803850      0.3803850      0.3802000      0.3794350      0.3791800      0.3788800      0.3785800      0.3782700      0.3779600      0.3776400      0.3773100      0.3769700      0.3766200      0.3762700      0.3759100    
  0.3740700      0.3740700      0.3741230      0.3742300      0.3742300      0.3795140      0.3874400      0.3869750      0.3865100      0.3839620      0.3826860      0.3826800      0.3826800      0.3826800      0.3826800      0.3812900      0.3805690      0.3805700      0.3802000      0.3799200      0.3796200      0.3793200      0.3790100      0.3787000      0.3783700      0.3780400      0.3777000      0.3773500      0.3769900      0.3766300    
  0.3740700      0.3741230      0.3742300      0.3742300      0.3805720      0.3874410      0.3874410      0.3874400      0.3869750      0.3865100      0.3839720      0.3826980      0.3826800      0.3826800      0.3826800      0.3826800      0.3815270      0.3809370      0.3809400      0.3806500      0.3803600      0.3800600      0.3797500      0.3794300      0.3791100      0.3787700      0.3784300      0.3780800      0.3777200      0.3773500    
