iMOD/TUTORIALS/TUT_MetaswapAnalyser/model_MetaSWAP/meteo/Evaporation/Evaporation_20060516_L1.ASC
NCOLS                30
NROWS                30
XLLCORNER     160000.00
YLLCORNER     340000.00
CELLSIZE        1000.00
NODATA_VALUE   -9999.00
   2.542730       2.549100       2.555350       2.561490       2.567530       2.573460       2.579290       2.585020       2.590650       2.596190       2.601640       2.607010       2.612280       2.617480       2.622600       2.627640       2.632600       2.637490       2.642310       2.647060       2.651740       2.656350       2.660900       2.665380       2.669810       2.674170       2.678480       2.682730       2.686920       2.691060    
   2.548470       2.554860       2.561150       2.567320       2.573400       2.579360       2.585230       2.591000       2.596670       2.602260       2.607750       2.613150       2.618460       2.623700       2.628850       2.633920       2.638920       2.643840       2.648690       2.653470       2.658180       2.662820       2.667390       2.671900       2.676350       2.680730       2.685060       2.689320       2.693530       2.697690    
   2.554210       2.560630       2.566940       2.573150       2.579260       2.585260       2.591170       2.596980       2.602690       2.608310       2.613840       2.619280       2.624630       2.629900       2.635090       2.640200       2.645230       2.650180       2.655060       2.659860       2.664600       2.669270       2.673860       2.678400       2.682870       2.687270       2.691610       2.695900       2.700120       2.704290    
   2.559960       2.566400       2.572740       2.578980       2.585120       2.591160       2.597100       2.602940       2.608690       2.614350       2.619920       2.625390       2.630780       2.636090       2.641310       2.646450       2.651510       2.656500       2.661410       2.666240       2.671010       2.675700       2.680320       2.684880       2.689370       2.693790       2.698160       2.702460       2.706700       2.710880    
   2.565720       2.572180       2.578540       2.584810       2.590980       2.597050       2.603030       2.608900       2.614690       2.620380       2.625980       2.631500       2.636920       2.642260       2.647520       2.652700       2.657790       2.662810       2.667740       2.672610       2.677400       2.682120       2.686760       2.691340       2.695850       2.700300       2.704680       2.709000       2.713260       2.717450    
   2.571470       2.577960       2.584350       2.590640       2.596840       2.602940       2.608950       2.614860       2.620680       2.626410       2.632050       2.637590       2.643050       2.648430       2.653720       2.658930       2.664050       2.669100       2.674070       2.678960       2.683770       2.688520       2.693190       2.697790       2.702320       2.706790       2.711190       2.715520       2.719790       2.724010    
   2.577240       2.583740       2.590160       2.596480       2.602700       2.608830       2.614870       2.620810       2.626670       2.632430       2.638100       2.643680       2.649170       2.654580       2.659900       2.665140       2.670300       2.675380       2.680370       2.685290       2.690130       2.694900       2.699600       2.704220       2.708770       2.713260       2.717670       2.722030       2.726310       2.730540    
   2.583010       2.589540       2.595970       2.602310       2.608560       2.614720       2.620790       2.626760       2.632650       2.638440       2.644140       2.649760       2.655280       2.660720       2.666080       2.671350       2.676540       2.681640       2.686670       2.691610       2.696480       2.701270       2.705990       2.710640       2.715210       2.719710       2.724150       2.728510       2.732820       2.737060    
   2.588790       2.595330       2.601790       2.608150       2.614430       2.620610       2.626710       2.632710       2.638630       2.644450       2.650180       2.655830       2.661390       2.666860       2.672240       2.677540       2.682760       2.687890       2.692950       2.697920       2.702810       2.707630       2.712370       2.717040       2.721630       2.726150       2.730600       2.734980       2.739300       2.743550    
   2.594580       2.601140       2.607610       2.613990       2.620290       2.626500       2.632620       2.638660       2.644600       2.650450       2.656220       2.661900       2.667480       2.672980       2.678400       2.683730       2.688970       2.694140       2.699210       2.704210       2.709130       2.713970       2.718730       2.723420       2.728030       2.732570       2.737040       2.741440       2.745770       2.750030    
   2.594550       2.601110       2.610650       2.619840       2.626160       2.632390       2.638540       2.644600       2.650570       2.656450       2.662250       2.667950       2.673570       2.679100       2.684550       2.689900       2.695180       2.700360       2.705470       2.710490       2.715430       2.720300       2.725080       2.729790       2.734420       2.738980       2.743460       2.747870       2.752220       2.756490    
   2.594530       2.606540       2.619840       2.628980       2.632030       2.638280       2.644460       2.650540       2.656540       2.662450       2.668270       2.674010       2.679650       2.685210       2.690680       2.696070       2.701370       2.706580       2.711710       2.716760       2.721720       2.726610       2.731410       2.736140       2.740790       2.745360       2.749860       2.754290       2.758650       2.762930    
   2.602200       2.619840       2.630420       2.634960       2.637900       2.644180       2.650370       2.656480       2.662500       2.668440       2.674290       2.680050       2.685720       2.691310       2.696810       2.702220       2.707550       2.712790       2.717940       2.723010       2.728000       2.732910       2.737730       2.742480       2.747140       2.751730       2.756250       2.760690       2.765060       2.769360    
   2.619840       2.631150       2.636430       2.637900       2.644050       2.650070       2.656280       2.662420       2.668460       2.674430       2.680300       2.686090       2.691790       2.697400       2.702930       2.708370       2.713720       2.718980       2.724160       2.729260       2.734260       2.739190       2.744040       2.748800       2.753480       2.758090       2.762620       2.767070       2.771450       2.775760    
   2.631510       2.637170       2.637900       2.644010       2.650070       2.656180       2.662190       2.668350       2.674420       2.680410       2.686310       2.692120       2.697850       2.703490       2.709040       2.714500       2.719880       2.725170       2.730370       2.735480       2.740510       2.745460       2.750320       2.755100       2.759800       2.764420       2.768970       2.773430       2.777820       2.782140    
   2.637530       2.637900       2.643990       2.650070       2.656150       2.662190       2.665270       2.668320       2.677390       2.686380       2.692310       2.698150       2.703900       2.709560       2.715140       2.720630       2.726030       2.731340       2.736560       2.741700       2.746750       2.751720       2.756600       2.761390       2.766110       2.770740       2.775300       2.779770       2.784180       2.788500    
   2.637900       2.643990       2.650070       2.656140       2.662190       2.663730       2.665260       2.674340       2.686380       2.689340       2.698240       2.704170       2.709940       2.715630       2.721230       2.726740       2.732160       2.737500       2.742740       2.747900       2.752970       2.757950       2.762850       2.767670       2.772400       2.777040       2.781610       2.786100       2.790510       2.794840    
   2.643990       2.650070       2.656130       2.662190       2.662960       2.663730       2.672430       2.686380       2.687860       2.698260       2.707180       2.710180       2.715970       2.721690       2.727310       2.732840       2.738290       2.743640       2.748910       2.754090       2.759180       2.764180       2.769090       2.773920       2.778670       2.783330       2.787900       2.792400       2.796820       2.801160    
   2.650070       2.656130       2.662190       2.662580       2.662960       2.671370       2.686380       2.687120       2.698270       2.708680       2.710180       2.713080       2.718890       2.727730       2.733380       2.738930       2.744400       2.749780       2.755060       2.760260       2.765370       2.770390       2.775320       2.780160       2.784920       2.789590       2.794180       2.798680       2.803110       2.807460    
   2.656130       2.662190       2.662380       2.662570       2.670820       2.686380       2.686750       2.698280       2.709430       2.710180       2.711630       2.717470       2.727730       2.730560       2.733350       2.738900       2.744370       2.749750       2.760820       2.766420       2.771540       2.776580       2.781520       2.786380       2.791150       2.795830       2.800430       2.804950       2.809380       2.813740    
   2.662190       2.662290       2.662380       2.670540       2.686380       2.686570       2.698280       2.709800       2.710180       2.710900       2.716750       2.727730       2.729140       2.730540       2.734270       2.738870       2.744340       2.759400       2.769490       2.772560       2.777700       2.782750       2.787710       2.792580       2.797360       2.802060       2.806660       2.811190       2.815630       2.819990    
   2.662240       2.662290       2.670400       2.686380       2.686470       2.698280       2.709990       2.710180       2.710540       2.716390       2.727730       2.728440       2.729140       2.731320       2.734560       2.739160       2.757240       2.771020       2.772560       2.778040       2.783850       2.788910       2.793880       2.798770       2.803560       2.808260       2.812870       2.817400       2.821850       2.826210    
   2.662240       2.670330       2.686380       2.686430       2.698280       2.710090       2.710180       2.710360       2.716210       2.727730       2.728080       2.728440       2.729630       2.731670       2.735010       2.758710       2.771790       2.772560       2.784920       2.789970       2.793010       2.795050       2.800040       2.804930       2.809730       2.814440       2.819060       2.823600       2.828050       2.832410    
   2.670290       2.686380       2.686400       2.698280       2.710130       2.710180       2.710270       2.716120       2.727730       2.727910       2.728080       2.728720       2.729910       2.753000       2.773160       2.790790       2.790800       2.793660       2.797080       2.799120       2.796080       2.801170       2.806170       2.811070       2.815880       2.820600       2.825230       2.829770       2.834220       2.838590    
   2.686380       2.686390       2.698280       2.710160       2.710180       2.710230       2.716080       2.727730       2.727820       2.727910       2.728240       2.728900       2.768700       2.815860       2.815670       2.807080       2.809790       2.809040       2.804680       2.802150       2.802160       2.807270       2.812280       2.817190       2.822010       2.826730       2.831370       2.835910       2.840370       2.844740    
   2.686390       2.698280       2.710170       2.710180       2.710200       2.716050       2.727730       2.727770       2.727820       2.727990       2.768170       2.827900       2.820020       2.816040       2.816040       2.815670       2.812060       2.810540       2.809040       2.808420       2.808220       2.813340       2.818360       2.823280       2.828110       2.832840       2.837480       2.842030       2.846480       2.850850    
   2.698280       2.710170       2.710180       2.710190       2.716040       2.727730       2.727750       2.727770       2.727860       2.775950       2.827900       2.827900       2.827900       2.820300       2.816410       2.816410       2.815670       2.812990       2.812040       2.809040       2.814270       2.819400       2.824420       2.829360       2.834190       2.838920       2.843570       2.848110       2.852570       2.856940    
   2.710180       2.710180       2.710190       2.716040       2.727730       2.727740       2.727750       2.758600       2.791030       2.827920       2.827900       2.827900       2.827900       2.827900       2.820840       2.817150       2.817150       2.815670       2.815190       2.815040       2.820280       2.825420       2.830460       2.835400       2.840240       2.844980       2.849620       2.854170       2.858630       2.863000    
   2.710180       2.710180       2.716030       2.727730       2.727740       2.776970       2.850810       2.850910       2.851010       2.835650       2.827950       2.827900       2.827900       2.827900       2.827900       2.821910       2.818640       2.818640       2.815670       2.821020       2.826280       2.831430       2.836470       2.841420       2.846260       2.851010       2.855650       2.860200       2.864660       2.869020    
   2.710180       2.716030       2.727730       2.727730       2.786820       2.850820       2.850820       2.850810       2.850910       2.851010       2.835730       2.828040       2.827900       2.827900       2.827900       2.827900       2.823940       2.821600       2.821610       2.826980       2.832240       2.837400       2.842460       2.847410       2.852260       2.857000       2.861650       2.866190       2.870650       2.875010    
