iMOD/TUTORIALS/TUT_MetaswapAnalyser/model_MetaSWAP/meteo/Evaporation/Evaporation_20051208_L1.ASC
NCOLS                30
NROWS                30
XLLCORNER     160000.00
YLLCORNER     340000.00
CELLSIZE        1000.00
NODATA_VALUE   -9999.00
  0.2582800      0.2578000      0.2573300      0.2568700      0.2564100      0.2559700      0.2555200      0.2550900      0.2546500      0.2542200      0.2538000      0.2533700      0.2529500      0.2525300      0.2521100      0.2516900      0.2512700      0.2508400      0.2504200      0.2500000      0.2495700      0.2491400      0.2487000      0.2482700      0.2478200      0.2473800      0.2469300      0.2464800      0.2460200      0.2455500    
  0.2579500      0.2574700      0.2570000      0.2565300      0.2560700      0.2556200      0.2551700      0.2547300      0.2542900      0.2538600      0.2534300      0.2530000      0.2525700      0.2521500      0.2517200      0.2513000      0.2508700      0.2504500      0.2500200      0.2495900      0.2491600      0.2487300      0.2482900      0.2478500      0.2474100      0.2469700      0.2465100      0.2460600      0.2456000      0.2451300    
  0.2576500      0.2571600      0.2566800      0.2562100      0.2557400      0.2552900      0.2548300      0.2543900      0.2539500      0.2535100      0.2530700      0.2526400      0.2522100      0.2517800      0.2513500      0.2509200      0.2504900      0.2500600      0.2496300      0.2492000      0.2487700      0.2483300      0.2479000      0.2474600      0.2470100      0.2465600      0.2461100      0.2456500      0.2451900      0.2447300    
  0.2573500      0.2568600      0.2563700      0.2559000      0.2554300      0.2549700      0.2545100      0.2540600      0.2536100      0.2531700      0.2527300      0.2522900      0.2518500      0.2514200      0.2509900      0.2505600      0.2501200      0.2496900      0.2492600      0.2488300      0.2483900      0.2479500      0.2475100      0.2470700      0.2466200      0.2461700      0.2457200      0.2452600      0.2447900      0.2443300    
  0.2570700      0.2565700      0.2560800      0.2556000      0.2551300      0.2546600      0.2542000      0.2537400      0.2532900      0.2528400      0.2523900      0.2519500      0.2515100      0.2510800      0.2506400      0.2502000      0.2497700      0.2493300      0.2489000      0.2484600      0.2480200      0.2475800      0.2471400      0.2466900      0.2462400      0.2457900      0.2453300      0.2448700      0.2444100      0.2439400    
  0.2568000      0.2563000      0.2558000      0.2553200      0.2548400      0.2543600      0.2539000      0.2534300      0.2529800      0.2525200      0.2520700      0.2516300      0.2511800      0.2507400      0.2503000      0.2498600      0.2494200      0.2489800      0.2485400      0.2481000      0.2476600      0.2472200      0.2467700      0.2463200      0.2458700      0.2454200      0.2449600      0.2445000      0.2440300      0.2435600    
  0.2565400      0.2560300      0.2555300      0.2550400      0.2545600      0.2540800      0.2536100      0.2531400      0.2526800      0.2522200      0.2517700      0.2513200      0.2508700      0.2504200      0.2499800      0.2495300      0.2490900      0.2486500      0.2482000      0.2477600      0.2473100      0.2468700      0.2464200      0.2459700      0.2455100      0.2450600      0.2446000      0.2441300      0.2436600      0.2431900    
  0.2562900      0.2557800      0.2552800      0.2547800      0.2542900      0.2538100      0.2533300      0.2528600      0.2523900      0.2519300      0.2514700      0.2510100      0.2505600      0.2501100      0.2496600      0.2492100      0.2487700      0.2483200      0.2478700      0.2474200      0.2469800      0.2465300      0.2460700      0.2456200      0.2451600      0.2447000      0.2442400      0.2437800      0.2433100      0.2428300    
  0.2560500      0.2555400      0.2550300      0.2545300      0.2540300      0.2535500      0.2530600      0.2525900      0.2521100      0.2516500      0.2511800      0.2507200      0.2502700      0.2498100      0.2493600      0.2489100      0.2484500      0.2480000      0.2475500      0.2471000      0.2466500      0.2462000      0.2457400      0.2452800      0.2448200      0.2443600      0.2439000      0.2434300      0.2429600      0.2424800    
  0.2558300      0.2553100      0.2547900      0.2542900      0.2537900      0.2532900      0.2528100      0.2523300      0.2518500      0.2513800      0.2509100      0.2504400      0.2499800      0.2495200      0.2490600      0.2486100      0.2481500      0.2477000      0.2472400      0.2467900      0.2463300      0.2458800      0.2454200      0.2449600      0.2445000      0.2440300      0.2435600      0.2430900      0.2426200      0.2421400    
  0.2558330      0.2553100      0.2546130      0.2540600      0.2535500      0.2530600      0.2525600      0.2520800      0.2516000      0.2511200      0.2506400      0.2501800      0.2497100      0.2492400      0.2487800      0.2483200      0.2478600      0.2474000      0.2469400      0.2464900      0.2460300      0.2455700      0.2451100      0.2446400      0.2441800      0.2437100      0.2432400      0.2427700      0.2422900      0.2418100    
  0.2558360      0.2549540      0.2540600      0.2535130      0.2533300      0.2528300      0.2523300      0.2518400      0.2513500      0.2508700      0.2503900      0.2499200      0.2494500      0.2489800      0.2485100      0.2480500      0.2475800      0.2471200      0.2466600      0.2461900      0.2457300      0.2452700      0.2448000      0.2443400      0.2438700      0.2434000      0.2429300      0.2424500      0.2419700      0.2414900    
  0.2553040      0.2540600      0.2534760      0.2532200      0.2531100      0.2526100      0.2521100      0.2516100      0.2511200      0.2506300      0.2501500      0.2496700      0.2491900      0.2487200      0.2482500      0.2477800      0.2473100      0.2468400      0.2463800      0.2459100      0.2454500      0.2449800      0.2445100      0.2440400      0.2435700      0.2431000      0.2426200      0.2421400      0.2416600      0.2411800    
  0.2540600      0.2534530      0.2531650      0.2531100      0.2527070      0.2524000      0.2518900      0.2513900      0.2508900      0.2504000      0.2499100      0.2494300      0.2489500      0.2484700      0.2480000      0.2475200      0.2470500      0.2465800      0.2461100      0.2456400      0.2451700      0.2447000      0.2442300      0.2437500      0.2432800      0.2428000      0.2423200      0.2418400      0.2413600      0.2408700    
  0.2534400      0.2531370      0.2531100      0.2527390      0.2524000      0.2519930      0.2516900      0.2511800      0.2506800      0.2501800      0.2496900      0.2492000      0.2487200      0.2482300      0.2477500      0.2472800      0.2468000      0.2463200      0.2458500      0.2453800      0.2449000      0.2444300      0.2439500      0.2434800      0.2430000      0.2425200      0.2420400      0.2415500      0.2410700      0.2405800    
  0.2531240      0.2531100      0.2527500      0.2524000      0.2520280      0.2516900      0.2514350      0.2511830      0.2505020      0.2499700      0.2494800      0.2489800      0.2484900      0.2480100      0.2475200      0.2470400      0.2465600      0.2460800      0.2456000      0.2451200      0.2446400      0.2441700      0.2436900      0.2432100      0.2427300      0.2422400      0.2417600      0.2412700      0.2407800      0.2402900    
  0.2531100      0.2527530      0.2524000      0.2520390      0.2516900      0.2515620      0.2514360      0.2507730      0.2499700      0.2497250      0.2491540      0.2487700      0.2482800      0.2477900      0.2473000      0.2468100      0.2463300      0.2458400      0.2453600      0.2448800      0.2444000      0.2439100      0.2434300      0.2429500      0.2424600      0.2419800      0.2414900      0.2410000      0.2405100      0.2400200    
  0.2527540      0.2524000      0.2520430      0.2516900      0.2516260      0.2515630      0.2509350      0.2499700      0.2498480      0.2492180      0.2486700      0.2485700      0.2480700      0.2475800      0.2470800      0.2465900      0.2461000      0.2456200      0.2451300      0.2446400      0.2441600      0.2436700      0.2431900      0.2427000      0.2422100      0.2417200      0.2412300      0.2407400      0.2402400      0.2397500    
  0.2524000      0.2520440      0.2516900      0.2516580      0.2516260      0.2510240      0.2499700      0.2499090      0.2492450      0.2486200      0.2485700      0.2483200      0.2479000      0.2473800      0.2468800      0.2463800      0.2458900      0.2454000      0.2449100      0.2444200      0.2439300      0.2434400      0.2429500      0.2424600      0.2419700      0.2414700      0.2409800      0.2404800      0.2399900      0.2394900    
  0.2520450      0.2516900      0.2516740      0.2516580      0.2510700      0.2499700      0.2499390      0.2492580      0.2485950      0.2485700      0.2484450      0.2480420      0.2473800      0.2471300      0.2468800      0.2463830      0.2458900      0.2454000      0.2445840      0.2442000      0.2437000      0.2432100      0.2427200      0.2422200      0.2417300      0.2412300      0.2407400      0.2402400      0.2397400      0.2392300    
  0.2516900      0.2516820      0.2516740      0.2510930      0.2499700      0.2499550      0.2492640      0.2485820      0.2485700      0.2485070      0.2481090      0.2473800      0.2472550      0.2471300      0.2467980      0.2463840      0.2458910      0.2447920      0.2440950      0.2439900      0.2434900      0.2429900      0.2425000      0.2420000      0.2415000      0.2410000      0.2405000      0.2400000      0.2395000      0.2389900    
  0.2516860      0.2516820      0.2511050      0.2499700      0.2499620      0.2492670      0.2485760      0.2485700      0.2485390      0.2481420      0.2473800      0.2473170      0.2472550      0.2470610      0.2467710      0.2463580      0.2450200      0.2440430      0.2439900      0.2435900      0.2432900      0.2427900      0.2422800      0.2417800      0.2412800      0.2407800      0.2402700      0.2397700      0.2392600      0.2387500    
  0.2516860      0.2511110      0.2499700      0.2499660      0.2492680      0.2485730      0.2485700      0.2485540      0.2481580      0.2473800      0.2473490      0.2473170      0.2472110      0.2470290      0.2467300      0.2451220      0.2440160      0.2439900      0.2433710      0.2430950      0.2427900      0.2425800      0.2420800      0.2415700      0.2410700      0.2405600      0.2400600      0.2395500      0.2390400      0.2385200    
  0.2511140      0.2499700      0.2499680      0.2492690      0.2485720      0.2485700      0.2485620      0.2481660      0.2473800      0.2473640      0.2473490      0.2472920      0.2471860      0.2460270      0.2447620      0.2434470      0.2434450      0.2431810      0.2428760      0.2428100      0.2429000      0.2423900      0.2418800      0.2413700      0.2408700      0.2403600      0.2398400      0.2393300      0.2388200      0.2383000    
  0.2499700      0.2499690      0.2492700      0.2485710      0.2485700      0.2485660      0.2481690      0.2473800      0.2473720      0.2473640      0.2473350      0.2472760      0.2453550      0.2431360      0.2431400      0.2431060      0.2428810      0.2429000      0.2427680      0.2427230      0.2427200      0.2422100      0.2417000      0.2411800      0.2406700      0.2401600      0.2396400      0.2391300      0.2386100      0.2380900    
  0.2499700      0.2492700      0.2485700      0.2485700      0.2485680      0.2481710      0.2473800      0.2473760      0.2473720      0.2473570      0.2457150      0.2433000      0.2431870      0.2431310      0.2431310      0.2431400      0.2429580      0.2428620      0.2429000      0.2426380      0.2425500      0.2420300      0.2415100      0.2410000      0.2404800      0.2399600      0.2394500      0.2389300      0.2384100      0.2378900    
  0.2492700      0.2485700      0.2485700      0.2485690      0.2481720      0.2473800      0.2473780      0.2473760      0.2473680      0.2454090      0.2433000      0.2433000      0.2433000      0.2431800      0.2431230      0.2431220      0.2431400      0.2429280      0.2428250      0.2429000      0.2423800      0.2418600      0.2413400      0.2408200      0.2403000      0.2397800      0.2392600      0.2387400      0.2382100      0.2376900    
  0.2485700      0.2485700      0.2485700      0.2481730      0.2473800      0.2473790      0.2473780      0.2463760      0.2450270      0.2433000      0.2433000      0.2433000      0.2433000      0.2433000      0.2431670      0.2431050      0.2431050      0.2431400      0.2428480      0.2427500      0.2422300      0.2417000      0.2411800      0.2406500      0.2401300      0.2396000      0.2390800      0.2385500      0.2380300      0.2375000    
  0.2485700      0.2485700      0.2481730      0.2473800      0.2473800      0.2459790      0.2438800      0.2436300      0.2433800      0.2433260      0.2432990      0.2433000      0.2433000      0.2433000      0.2433000      0.2431410      0.2430710      0.2430700      0.2431400      0.2426000      0.2420700      0.2415500      0.2410200      0.2404900      0.2399600      0.2394300      0.2389100      0.2383800      0.2378500      0.2373200    
  0.2485700      0.2481730      0.2473800      0.2473800      0.2457000      0.2438800      0.2438800      0.2438800      0.2436300      0.2433800      0.2433250      0.2432980      0.2433000      0.2433000      0.2433000      0.2433000      0.2430880      0.2430030      0.2430000      0.2424700      0.2419300      0.2414000      0.2408700      0.2403300      0.2398000      0.2392700      0.2387400      0.2382100      0.2376700      0.2371400    
