iMOD/TUTORIALS/TUT_MetaswapAnalyser/model_MetaSWAP/meteo/Evaporation/Evaporation_20060530_L1.ASC
NCOLS                30
NROWS                30
XLLCORNER     160000.00
YLLCORNER     340000.00
CELLSIZE        1000.00
NODATA_VALUE   -9999.00
   2.728620       2.725590       2.722510       2.719380       2.716190       2.712940       2.709640       2.706280       2.702860       2.699370       2.695830       2.692220       2.688540       2.684800       2.680990       2.677120       2.673180       2.669170       2.665100       2.660960       2.656760       2.652500       2.648170       2.643780       2.639330       2.634830       2.630270       2.625650       2.620980       2.616270    
   2.725660       2.722610       2.719500       2.716340       2.713130       2.709870       2.706540       2.703160       2.699730       2.696230       2.692670       2.689050       2.685360       2.681610       2.677800       2.673920       2.669980       2.665980       2.661910       2.657780       2.653580       2.649330       2.645010       2.640640       2.636210       2.631720       2.627180       2.622580       2.617940       2.613240    
   2.722670       2.719590       2.716460       2.713280       2.710050       2.706760       2.703420       2.700020       2.696570       2.693050       2.689480       2.685850       2.682150       2.678390       2.674580       2.670700       2.666760       2.662750       2.658690       2.654560       2.650380       2.646130       2.641830       2.637470       2.633050       2.628580       2.624060       2.619480       2.614860       2.610190    
   2.719650       2.716540       2.713390       2.710190       2.706930       2.703620       2.700260       2.696850       2.693380       2.689850       2.686260       2.682620       2.678910       2.675150       2.671330       2.667440       2.663500       2.659500       2.655440       2.651320       2.647140       2.642900       2.638610       2.634260       2.629860       2.625410       2.620900       2.616350       2.611750       2.607100    
   2.716600       2.713470       2.710290       2.707060       2.703790       2.700460       2.697080       2.693650       2.690160       2.686620       2.683020       2.679360       2.675650       2.671880       2.668050       2.664170       2.660220       2.656220       2.652160       2.648050       2.643870       2.639650       2.635370       2.631030       2.626640       2.622210       2.617720       2.613190       2.608610       2.603980    
   2.713520       2.710360       2.707160       2.703910       2.700620       2.697270       2.693870       2.690420       2.686920       2.683360       2.679750       2.676080       2.672360       2.668590       2.664750       2.660860       2.656920       2.652920       2.648860       2.644750       2.640580       2.636370       2.632090       2.627770       2.623400       2.618980       2.614510       2.609990       2.605430       2.600830    
   2.710410       2.707230       2.704010       2.700740       2.697420       2.694050       2.690640       2.687170       2.683650       2.680080       2.676460       2.672780       2.669050       2.665270       2.661430       2.657530       2.653590       2.649590       2.645530       2.641430       2.637270       2.633060       2.628800       2.624490       2.620130       2.615720       2.611270       2.606780       2.602240       2.597650    
   2.707270       2.704070       2.700830       2.697540       2.694200       2.690810       2.687380       2.683900       2.680360       2.676780       2.673140       2.669450       2.665720       2.661920       2.658080       2.654180       2.650240       2.646240       2.642180       2.638080       2.633930       2.629730       2.625480       2.621180       2.616830       2.612440       2.608010       2.603530       2.599010       2.594450    
   2.704110       2.700890       2.697620       2.694310       2.690950       2.687550       2.684100       2.680600       2.677050       2.673450       2.669800       2.666110       2.662360       2.658560       2.654710       2.650810       2.646860       2.642860       2.638810       2.634720       2.630570       2.626380       2.622130       2.617850       2.613520       2.609140       2.604720       2.600260       2.595760       2.591220    
   2.700930       2.697690       2.694400       2.691060       2.687690       2.684260       2.680800       2.677280       2.673720       2.670100       2.666450       2.662740       2.658980       2.655180       2.651320       2.647420       2.643470       2.639470       2.635420       2.631330       2.627190       2.623000       2.618770       2.614490       2.610170       2.605810       2.601410       2.596970       2.592490       2.587970    
   2.700920       2.697670       2.692740       2.687800       2.684400       2.680960       2.677470       2.673940       2.670360       2.666740       2.663070       2.659350       2.655580       2.651770       2.647910       2.644010       2.640050       2.636050       2.632010       2.627920       2.623780       2.619600       2.615380       2.611120       2.606810       2.602460       2.598080       2.593650       2.589190       2.584690    
   2.700900       2.694780       2.687800       2.682770       2.681090       2.677630       2.674130       2.670580       2.666990       2.663350       2.659670       2.655940       2.652170       2.648350       2.644480       2.640570       2.636620       2.632620       2.628580       2.624490       2.620360       2.616190       2.611980       2.607720       2.603430       2.599100       2.594720       2.590320       2.585870       2.581390    
   2.696900       2.687800       2.681940       2.679430       2.677770       2.674290       2.670770       2.667210       2.663600       2.659950       2.656260       2.652520       2.648730       2.644910       2.641040       2.637130       2.633170       2.629170       2.625130       2.621050       2.616920       2.612760       2.608550       2.604310       2.600030       2.595710       2.591350       2.586960       2.582530       2.578080    
   2.687800       2.681530       2.678600       2.677770       2.674330       2.670930       2.667390       2.663810       2.660190       2.656530       2.652820       2.649080       2.645290       2.641450       2.637580       2.633660       2.629700       2.625700       2.621660       2.617580       2.613460       2.609310       2.605110       2.600880       2.596610       2.592300       2.587960       2.583590       2.579180       2.574740    
   2.681320       2.678180       2.677770       2.674340       2.670930       2.667440       2.664000       2.660410       2.656770       2.653100       2.649380       2.645620       2.641820       2.637980       2.634100       2.630180       2.626220       2.622220       2.618180       2.614110       2.609990       2.605840       2.601650       2.597430       2.593170       2.588880       2.584550       2.580190       2.575800       2.571380    
   2.677980       2.677770       2.674350       2.670930       2.667460       2.664000       2.662200       2.660390       2.654980       2.649650       2.645920       2.642150       2.638340       2.634500       2.630610       2.626690       2.622720       2.618720       2.614690       2.610610       2.606500       2.602360       2.598180       2.593970       2.589720       2.585440       2.581130       2.576790       2.572410       2.568010    
   2.677770       2.674350       2.670930       2.667460       2.664000       2.663100       2.662200       2.656810       2.649650       2.647790       2.642310       2.638670       2.634850       2.631000       2.627110       2.623180       2.619210       2.615210       2.611180       2.607110       2.603000       2.598860       2.594690       2.590490       2.586250       2.581990       2.577690       2.573360       2.569010       2.564620    
   2.674350       2.670930       2.667460       2.664000       2.663550       2.663100       2.657940       2.649650       2.648720       2.642370       2.636920       2.635170       2.631350       2.627490       2.623590       2.619660       2.615690       2.611690       2.607660       2.603590       2.599490       2.595360       2.591190       2.587000       2.582770       2.578520       2.574240       2.569920       2.565590       2.561220    
   2.670930       2.667460       2.664000       2.663780       2.663550       2.658560       2.649650       2.649180       2.642390       2.636040       2.635170       2.633260       2.629500       2.623970       2.620060       2.616130       2.612160       2.608160       2.604120       2.600060       2.595960       2.591840       2.587680       2.583490       2.579280       2.575040       2.570770       2.566470       2.562150       2.557800    
   2.667460       2.664000       2.663890       2.663780       2.658880       2.649650       2.649420       2.642400       2.635610       2.635170       2.634210       2.630470       2.623970       2.622010       2.620050       2.616120       2.612150       2.608150       2.600370       2.596520       2.592430       2.588310       2.584160       2.579980       2.575780       2.571550       2.567290       2.563010       2.558710       2.554380    
   2.664000       2.663940       2.663890       2.659050       2.649650       2.649530       2.642410       2.635390       2.635170       2.634690       2.630960       2.623970       2.622990       2.622010       2.619400       2.616110       2.612140       2.601680       2.594740       2.592970       2.588880       2.584760       2.580620       2.576460       2.572260       2.568050       2.563800       2.559540       2.555250       2.550940    
   2.663970       2.663940       2.659130       2.649650       2.649590       2.642410       2.635280       2.635170       2.634930       2.631200       2.623970       2.623480       2.622990       2.621470       2.619170       2.615880       2.603350       2.593860       2.592970       2.589060       2.585330       2.581220       2.577080       2.572920       2.568740       2.564540       2.560310       2.556060       2.551780       2.547490    
   2.663970       2.659170       2.649650       2.649620       2.642410       2.635220       2.635170       2.635050       2.631320       2.623970       2.623730       2.623480       2.622650       2.621210       2.618840       2.602810       2.593410       2.592970       2.585050       2.581770       2.579300       2.577660       2.573530       2.569380       2.565210       2.561020       2.556800       2.552570       2.548310       2.544030    
   2.659200       2.649650       2.649640       2.642410       2.635200       2.635170       2.635110       2.631380       2.623970       2.623850       2.623730       2.623280       2.622450       2.607780       2.594410       2.582250       2.582250       2.580120       2.577600       2.576410       2.578200       2.574100       2.569980       2.565840       2.561670       2.557490       2.553290       2.549070       2.544830       2.540570    
   2.649650       2.649640       2.642410       2.635180       2.635170       2.635140       2.631410       2.623970       2.623910       2.623850       2.623620       2.623150       2.598000       2.568300       2.568410       2.572940       2.571080       2.571530       2.573430       2.574620       2.574620       2.570530       2.566410       2.562280       2.558130       2.553960       2.549770       2.545570       2.541340       2.537100    
   2.649650       2.642410       2.635180       2.635170       2.635160       2.631420       2.623970       2.623940       2.623910       2.623790       2.598800       2.561700       2.566010       2.568190       2.568190       2.568410       2.570000       2.570640       2.571530       2.571160       2.571040       2.566960       2.562850       2.558730       2.554580       2.550430       2.546250       2.542060       2.537850       2.533630    
   2.642410       2.635170       2.635170       2.635160       2.631430       2.623970       2.623950       2.623940       2.623880       2.593980       2.561700       2.561700       2.561700       2.565840       2.567960       2.567960       2.568410       2.569440       2.569740       2.571530       2.567460       2.563380       2.559280       2.555160       2.551030       2.546890       2.542730       2.538550       2.534360       2.530150    
   2.635170       2.635170       2.635170       2.631430       2.623970       2.623960       2.623950       2.604940       2.584760       2.561690       2.561700       2.561700       2.561700       2.561700       2.565510       2.567510       2.567510       2.568410       2.568060       2.567950       2.563880       2.559800       2.555710       2.551600       2.547480       2.543350       2.539200       2.535040       2.530860       2.526670    
   2.635170       2.635170       2.631430       2.623970       2.623970       2.593780       2.548510       2.548240       2.547980       2.557100       2.561670       2.561700       2.561700       2.561700       2.561700       2.564860       2.566620       2.566620       2.568410       2.564360       2.560300       2.556230       2.552140       2.548040       2.543930       2.539800       2.535670       2.531520       2.527360       2.523190    
   2.635170       2.631440       2.623970       2.623970       2.587740       2.548500       2.548500       2.548510       2.548240       2.547980       2.557050       2.561610       2.561700       2.561700       2.561700       2.561700       2.563620       2.564820       2.564820       2.560780       2.556720       2.552650       2.548570       2.544480       2.540380       2.536260       2.532140       2.528010       2.523870       2.519710    
