iMOD/TUTORIALS/TUT_MetaswapAnalyser/model_MetaSWAP/meteo/Evaporation/Evaporation_20060731_L1.ASC
NCOLS                30
NROWS                30
XLLCORNER     160000.00
YLLCORNER     340000.00
CELLSIZE        1000.00
NODATA_VALUE   -9999.00
   3.135090       3.132400       3.129610       3.126730       3.123760       3.120710       3.117590       3.114400       3.111150       3.107840       3.104480       3.101070       3.097620       3.094140       3.090620       3.087080       3.083520       3.079930       3.076330       3.072720       3.069090       3.065460       3.061820       3.058190       3.054550       3.050910       3.047280       3.043650       3.040030       3.036420    
   3.131400       3.128710       3.125920       3.123040       3.120070       3.117030       3.113920       3.110740       3.107500       3.104200       3.100850       3.097450       3.094020       3.090550       3.087040       3.083510       3.079960       3.076390       3.072800       3.069190       3.065580       3.061960       3.058340       3.054710       3.051080       3.047460       3.043840       3.040220       3.036610       3.033010    
   3.127650       3.124950       3.122160       3.119280       3.116320       3.113290       3.110180       3.107010       3.103780       3.100490       3.097150       3.093770       3.090340       3.086880       3.083390       3.079880       3.076330       3.072770       3.069200       3.065600       3.062000       3.058400       3.054780       3.051170       3.047550       3.043940       3.040330       3.036730       3.033140       3.029550    
   3.123840       3.121140       3.118340       3.115470       3.112510       3.109480       3.106380       3.103220       3.099990       3.096710       3.093390       3.090020       3.086600       3.083160       3.079680       3.076170       3.072640       3.069100       3.065530       3.061950       3.058370       3.054770       3.051170       3.047570       3.043970       3.040370       3.036770       3.033180       3.029600       3.026030    
   3.119980       3.117270       3.114470       3.111590       3.108640       3.105610       3.102520       3.099360       3.096150       3.092880       3.089560       3.086200       3.082800       3.079370       3.075900       3.072410       3.068890       3.065360       3.061810       3.058240       3.054670       3.051090       3.047500       3.043910       3.040330       3.036740       3.033160       3.029580       3.026020       3.022460    
   3.116070       3.113350       3.110550       3.107670       3.104720       3.101690       3.098600       3.095450       3.092250       3.088990       3.085680       3.082330       3.078940       3.075520       3.072070       3.068590       3.065080       3.061560       3.058020       3.054470       3.050910       3.047350       3.043770       3.040200       3.036630       3.033060       3.029490       3.025930       3.022380       3.018840    
   3.112110       3.109380       3.106580       3.103700       3.100740       3.097720       3.094640       3.091490       3.088290       3.085040       3.081740       3.078400       3.075030       3.071610       3.068170       3.064710       3.061220       3.057710       3.054180       3.050650       3.047100       3.043550       3.039990       3.036440       3.032880       3.029320       3.025770       3.022230       3.018690       3.015160    
   3.108110       3.105370       3.102560       3.099670       3.096720       3.093700       3.090620       3.087480       3.084290       3.081040       3.077750       3.074420       3.071060       3.067660       3.064230       3.060770       3.057300       3.053800       3.050290       3.046770       3.043240       3.039700       3.036160       3.032620       3.029080       3.025540       3.022000       3.018480       3.014960       3.011450    
   3.104060       3.101320       3.098500       3.095610       3.092650       3.089640       3.086560       3.083420       3.080230       3.077000       3.073710       3.070390       3.067040       3.063650       3.060230       3.056790       3.053320       3.049840       3.046350       3.042840       3.039320       3.035800       3.032280       3.028750       3.025230       3.021700       3.018190       3.014680       3.011170       3.007680    
   3.099980       3.097220       3.094400       3.091510       3.088550       3.085530       3.082450       3.079320       3.076130       3.072900       3.069630       3.066320       3.062970       3.059590       3.056190       3.052760       3.049310       3.045840       3.042360       3.038860       3.035360       3.031860       3.028350       3.024840       3.021330       3.017820       3.014320       3.010830       3.007350       3.003870    
   3.099950       3.097200       3.092620       3.087360       3.084400       3.081380       3.078300       3.075170       3.071990       3.068770       3.065500       3.062200       3.058860       3.055490       3.052100       3.048680       3.045240       3.041790       3.038320       3.034840       3.031350       3.027860       3.024370       3.020880       3.017390       3.013900       3.010420       3.006940       3.003480       3.000020    
   3.099930       3.094280       3.087360       3.082000       3.080220       3.077200       3.074120       3.070990       3.067810       3.064590       3.061330       3.058040       3.054710       3.051350       3.047960       3.044560       3.041130       3.037690       3.034240       3.030770       3.027300       3.023830       3.020350       3.016880       3.013400       3.009930       3.006470       3.003010       2.999570       2.996130    
   3.096050       3.087360       3.080870       3.078110       3.076000       3.072980       3.069900       3.066770       3.063600       3.060380       3.057130       3.053840       3.050520       3.047170       3.043790       3.040400       3.036980       3.033550       3.030110       3.026670       3.023210       3.019750       3.016290       3.012830       3.009380       3.005930       3.002480       2.999050       2.995620       2.992200    
   3.087360       3.080320       3.077050       3.076000       3.072570       3.068730       3.065650       3.062520       3.059350       3.056140       3.052890       3.049600       3.046290       3.042950       3.039580       3.036200       3.032800       3.029380       3.025950       3.022520       3.019080       3.015640       3.012190       3.008750       3.005310       3.001880       2.998460       2.995040       2.991640       2.988240    
   3.080050       3.076530       3.076000       3.072430       3.068730       3.065250       3.061370       3.058240       3.055070       3.051860       3.048610       3.045330       3.042030       3.038690       3.035340       3.031960       3.028570       3.025170       3.021760       3.018340       3.014910       3.011480       3.008060       3.004630       3.001210       2.997800       2.994400       2.991000       2.987620       2.984240    
   3.076260       3.076000       3.072390       3.068730       3.065120       3.061370       3.059800       3.058230       3.053180       3.047550       3.044310       3.041030       3.037730       3.034410       3.031060       3.027700       3.024320       3.020920       3.017520       3.014120       3.010710       3.007300       3.003890       3.000480       2.997080       2.993690       2.990300       2.986930       2.983560       2.980210    
   3.076000       3.072370       3.068730       3.065070       3.061370       3.060590       3.059800       3.054690       3.047550       3.045930       3.040390       3.036710       3.033410       3.030090       3.026750       3.023400       3.020030       3.016650       3.013260       3.009870       3.006470       3.003080       2.999690       2.996300       2.992920       2.989540       2.986180       2.982820       2.979480       2.976150    
   3.072370       3.068730       3.065060       3.061370       3.060980       3.060590       3.055660       3.047550       3.046740       3.040150       3.034530       3.032350       3.029060       3.025750       3.022420       3.019070       3.015710       3.012340       3.008970       3.005590       3.002210       2.998830       2.995460       2.992080       2.988720       2.985370       2.982020       2.978690       2.975370       2.972060    
   3.068730       3.065050       3.061370       3.061170       3.060980       3.056190       3.047550       3.047140       3.040050       3.033440       3.032350       3.030700       3.027130       3.021380       3.018060       3.014720       3.011370       3.008010       3.004650       3.001280       2.997920       2.994560       2.991200       2.987840       2.984500       2.981160       2.977840       2.974530       2.971230       2.967940    
   3.065050       3.061370       3.061270       3.061170       3.056470       3.047550       3.047350       3.040000       3.032900       3.032350       3.031530       3.027890       3.021380       3.019720       3.018050       3.014720       3.011370       3.008010       3.000700       2.996950       2.993600       2.990250       2.986910       2.983580       2.980250       2.976930       2.973630       2.970340       2.967060       2.963800    
   3.061370       3.061320       3.061270       3.056620       3.047550       3.047450       3.039970       3.032620       3.032350       3.031940       3.028290       3.021380       3.020550       3.019720       3.017500       3.014710       3.011360       3.001490       2.994770       2.992600       2.989260       2.985930       2.982600       2.979290       2.975980       2.972680       2.969400       2.966130       2.962880       2.959640    
   3.061350       3.061320       3.056690       3.047550       3.047500       3.039960       3.032490       3.032350       3.032140       3.028490       3.021380       3.020970       3.020550       3.019250       3.017310       3.014520       3.002770       2.993690       2.992600       2.988920       2.984900       2.981580       2.978270       2.974970       2.971690       2.968410       2.965150       2.961900       2.958670       2.955450    
   3.061350       3.056730       3.047550       3.047520       3.039960       3.032420       3.032350       3.032250       3.028590       3.021380       3.021170       3.020960       3.020260       3.019040       3.017030       3.001420       2.993140       2.992600       2.983990       2.980520       2.978530       2.977220       2.973930       2.970640       2.967370       2.964120       2.960880       2.957650       2.954440       2.951250    
   3.056750       3.047550       3.047540       3.039950       3.032380       3.032350       3.032300       3.028640       3.021380       3.021280       3.021170       3.020800       3.020090       3.004200       2.990770       2.979360       2.979360       2.977560       2.975390       2.973930       2.976130       2.972840       2.969560       2.966300       2.963040       2.959810       2.956590       2.953390       2.950200       2.947030    
   3.047550       3.047540       3.039950       3.032370       3.032350       3.032320       3.028670       3.021380       3.021330       3.021280       3.021080       3.020690       2.993130       2.960340       2.960480       2.967270       2.965570       2.966130       2.969690       2.971720       2.971720       2.968440       2.965180       2.961930       2.958700       2.955490       2.952290       2.949110       2.945950       2.942800    
   3.047550       3.039950       3.032360       3.032350       3.032340       3.028680       3.021380       3.021350       3.021330       3.021230       2.992740       2.950330       2.956890       2.960200       2.960200       2.960480       2.963650       2.965020       2.966130       2.967010       2.967300       2.964040       2.960790       2.957560       2.954350       2.951150       2.947970       2.944820       2.941680       2.938560    
   3.039950       3.032350       3.032350       3.032340       3.028690       3.021380       3.021370       3.021350       3.021300       2.987190       2.950330       2.950330       2.950330       2.956680       2.959920       2.959920       2.960480       2.962970       2.963900       2.966130       2.962870       2.959620       2.956390       2.953180       2.949980       2.946810       2.943650       2.940520       2.937400       2.934310    
   3.032350       3.032350       3.032350       3.028690       3.021380       3.021370       3.021370       2.998860       2.975930       2.950320       2.950330       2.950330       2.950330       2.950330       2.956270       2.959360       2.959360       2.960480       2.961380       2.961680       2.958430       2.955190       2.951980       2.948780       2.945610       2.942450       2.939320       2.936210       2.933120       2.930050    
   3.032350       3.032350       3.028690       3.021380       3.021380       2.984950       2.930320       2.930870       2.931420       2.943990       2.950290       2.950330       2.950330       2.950330       2.950330       2.955470       2.958250       2.958250       2.960480       2.957220       2.953980       2.950760       2.947560       2.944380       2.941230       2.938090       2.934980       2.931900       2.928830       2.925790    
   3.032350       3.028690       3.021380       3.021380       2.977660       2.930310       2.930310       2.930320       2.930870       2.931420       2.943930       2.950220       2.950330       2.950330       2.950330       2.950330       2.953960       2.956010       2.956010       2.952770       2.949540       2.946330       2.943150       2.939980       2.936850       2.933730       2.930640       2.927580       2.924540       2.921520    
