iMOD/TUTORIALS/TUT_MetaswapAnalyser/model_MetaSWAP/meteo/Evaporation/Evaporation_20061012_L1.ASC
NCOLS                30
NROWS                30
XLLCORNER     160000.00
YLLCORNER     340000.00
CELLSIZE        1000.00
NODATA_VALUE   -9999.00
  0.8205700      0.8226200      0.8246900      0.8267800      0.8288800      0.8310000      0.8331400      0.8353000      0.8374700      0.8396600      0.8418600      0.8440900      0.8463200      0.8485800      0.8508500      0.8531400      0.8554400      0.8577700      0.8601000      0.8624600      0.8648300      0.8672100      0.8696100      0.8720300      0.8744700      0.8769200      0.8793800      0.8818600      0.8843600      0.8868800    
  0.8202800      0.8223000      0.8243400      0.8264000      0.8284700      0.8305600      0.8326800      0.8348000      0.8369500      0.8391100      0.8412900      0.8434900      0.8457100      0.8479400      0.8501900      0.8524600      0.8547400      0.8570400      0.8593600      0.8617000      0.8640500      0.8664200      0.8688100      0.8712100      0.8736400      0.8760700      0.8785300      0.8810000      0.8834900      0.8860000    
  0.8199800      0.8219700      0.8239800      0.8260000      0.8280500      0.8301200      0.8322000      0.8343000      0.8364200      0.8385600      0.8407100      0.8428900      0.8450800      0.8472900      0.8495200      0.8517700      0.8540300      0.8563100      0.8586100      0.8609300      0.8632700      0.8656300      0.8680000      0.8703900      0.8728000      0.8752300      0.8776700      0.8801300      0.8826100      0.8851100    
  0.8196600      0.8216200      0.8236000      0.8256000      0.8276200      0.8296600      0.8317100      0.8337900      0.8358800      0.8379900      0.8401300      0.8422800      0.8444500      0.8466300      0.8488400      0.8510700      0.8533100      0.8555800      0.8578600      0.8601600      0.8624800      0.8648200      0.8671800      0.8695600      0.8719600      0.8743700      0.8768000      0.8792600      0.8817300      0.8842200    
  0.8193400      0.8212700      0.8232200      0.8251900      0.8271800      0.8291900      0.8312200      0.8332700      0.8353400      0.8374200      0.8395300      0.8416600      0.8438000      0.8459700      0.8481600      0.8503600      0.8525900      0.8548300      0.8571000      0.8593800      0.8616900      0.8640100      0.8663600      0.8687200      0.8711100      0.8735100      0.8759300      0.8783800      0.8808400      0.8833200    
  0.8190100      0.8209100      0.8228300      0.8247800      0.8267400      0.8287200      0.8307200      0.8327400      0.8347800      0.8368500      0.8389300      0.8410300      0.8431500      0.8453000      0.8474600      0.8496500      0.8518600      0.8540800      0.8563300      0.8586000      0.8608900      0.8632000      0.8655300      0.8678800      0.8702500      0.8726400      0.8750600      0.8774900      0.8799400      0.8824100    
  0.8186700      0.8205500      0.8224400      0.8243500      0.8262800      0.8282400      0.8302100      0.8322100      0.8342200      0.8362600      0.8383200      0.8404000      0.8425000      0.8446200      0.8467700      0.8489300      0.8511200      0.8533300      0.8555600      0.8578100      0.8600800      0.8623800      0.8646900      0.8670300      0.8693900      0.8717700      0.8741700      0.8766000      0.8790400      0.8815100    
  0.8183300      0.8201700      0.8220400      0.8239200      0.8258300      0.8277500      0.8297000      0.8316700      0.8336600      0.8356700      0.8377100      0.8397600      0.8418400      0.8439400      0.8460600      0.8482100      0.8503800      0.8525700      0.8547800      0.8570100      0.8592700      0.8615500      0.8638500      0.8661800      0.8685300      0.8709000      0.8732900      0.8757000      0.8781400      0.8806000    
  0.8179800      0.8198000      0.8216300      0.8234900      0.8253600      0.8272600      0.8291800      0.8311300      0.8330900      0.8350800      0.8370900      0.8391200      0.8411800      0.8432600      0.8453600      0.8474800      0.8496300      0.8518000      0.8540000      0.8562200      0.8584600      0.8607200      0.8630100      0.8653300      0.8676600      0.8700200      0.8724000      0.8748100      0.8772300      0.8796800    
  0.8176300      0.8194100      0.8212200      0.8230500      0.8249000      0.8267700      0.8286600      0.8305800      0.8325200      0.8344800      0.8364700      0.8384800      0.8405100      0.8425700      0.8446500      0.8467500      0.8488800      0.8510300      0.8532100      0.8554100      0.8576400      0.8598900      0.8621700      0.8644700      0.8667900      0.8691400      0.8715100      0.8739100      0.8763300      0.8787700    
  0.8176370      0.8194200      0.8215700      0.8226000      0.8244300      0.8262700      0.8281400      0.8300300      0.8319400      0.8338800      0.8358400      0.8378300      0.8398400      0.8418700      0.8439300      0.8460200      0.8481300      0.8502600      0.8524200      0.8546100      0.8568200      0.8590600      0.8613200      0.8636100      0.8659200      0.8682600      0.8706200      0.8730100      0.8754200      0.8778500    
  0.8176440      0.8203070      0.8226000      0.8236150      0.8239500      0.8257700      0.8276100      0.8294800      0.8313700      0.8332800      0.8352200      0.8371800      0.8391700      0.8411800      0.8432200      0.8452800      0.8473800      0.8494900      0.8516400      0.8538100      0.8560000      0.8582200      0.8604700      0.8627500      0.8650500      0.8673700      0.8697300      0.8721100      0.8745100      0.8769400    
  0.8191090      0.8226000      0.8233530      0.8237150      0.8234800      0.8252700      0.8270800      0.8289200      0.8307900      0.8326800      0.8345900      0.8365300      0.8384900      0.8404900      0.8425000      0.8445500      0.8466200      0.8487200      0.8508500      0.8530000      0.8551800      0.8573900      0.8596200      0.8618900      0.8641800      0.8664900      0.8688300      0.8712000      0.8736000      0.8760200    
  0.8226000      0.8232580      0.8235970      0.8234800      0.8245070      0.8247700      0.8265600      0.8283700      0.8302100      0.8320700      0.8339600      0.8358800      0.8378200      0.8397900      0.8417900      0.8438100      0.8458700      0.8479500      0.8500600      0.8521900      0.8543600      0.8565500      0.8587700      0.8610200      0.8633000      0.8656100      0.8679400      0.8703000      0.8726900      0.8751000    
  0.8232190      0.8235390      0.8234800      0.8242520      0.8247700      0.8257870      0.8260300      0.8278100      0.8296300      0.8314700      0.8333300      0.8352300      0.8371500      0.8391000      0.8410700      0.8430800      0.8451100      0.8471700      0.8492700      0.8513900      0.8535400      0.8557200      0.8579300      0.8601700      0.8624300      0.8647300      0.8670500      0.8694100      0.8717900      0.8741900    
  0.8235090      0.8234800      0.8241670      0.8247700      0.8255290      0.8260300      0.8269200      0.8278230      0.8299430      0.8308600      0.8327100      0.8345800      0.8364800      0.8384000      0.8403600      0.8423400      0.8443600      0.8464000      0.8484800      0.8505800      0.8527200      0.8548800      0.8570800      0.8593100      0.8615600      0.8638500      0.8661600      0.8685100      0.8708800      0.8732800    
  0.8234800      0.8241390      0.8247700      0.8254430      0.8260300      0.8264750      0.8269240      0.8288870      0.8308600      0.8317850      0.8330740      0.8339300      0.8358100      0.8377100      0.8396500      0.8416100      0.8436100      0.8456300      0.8476900      0.8497800      0.8519000      0.8540500      0.8562400      0.8584500      0.8607000      0.8629700      0.8652800      0.8676200      0.8699800      0.8723800    
  0.8241300      0.8247700      0.8254140      0.8260300      0.8262530      0.8264770      0.8282870      0.8308600      0.8313230      0.8325240      0.8336100      0.8332900      0.8351400      0.8370200      0.8389400      0.8408800      0.8428600      0.8448700      0.8469100      0.8489800      0.8510900      0.8532300      0.8554000      0.8576000      0.8598300      0.8621000      0.8644000      0.8667300      0.8690900      0.8714800    
  0.8247700      0.8254050      0.8260300      0.8261410      0.8262530      0.8279690      0.8308600      0.8310910      0.8322890      0.8334500      0.8332900      0.8342150      0.8354470      0.8363400      0.8382300      0.8401600      0.8421200      0.8441100      0.8461300      0.8481900      0.8502800      0.8524000      0.8545600      0.8567500      0.8589800      0.8612300      0.8635200      0.8658400      0.8682000      0.8705800    
  0.8254020      0.8260300      0.8260860      0.8261410      0.8278060      0.8308600      0.8309760      0.8321800      0.8333700      0.8332900      0.8337530      0.8348230      0.8363400      0.8372850      0.8382430      0.8401700      0.8421300      0.8441200      0.8464880      0.8474000      0.8494700      0.8515900      0.8537300      0.8559100      0.8581200      0.8603700      0.8626500      0.8649700      0.8673100      0.8696900    
  0.8260300      0.8260580      0.8260860      0.8277230      0.8308600      0.8309180      0.8321270      0.8333300      0.8332900      0.8335210      0.8345510      0.8363400      0.8368120      0.8372890      0.8385660      0.8401810      0.8421400      0.8452710      0.8470050      0.8466100      0.8486800      0.8507700      0.8529100      0.8550700      0.8572800      0.8595200      0.8617900      0.8641000      0.8664400      0.8688100    
  0.8260440      0.8260580      0.8276820      0.8308600      0.8308890      0.8321010      0.8333100      0.8332900      0.8334060      0.8344260      0.8363400      0.8365760      0.8368140      0.8375560      0.8386790      0.8402960      0.8442020      0.8468070      0.8466100      0.8477230      0.8478800      0.8499700      0.8520900      0.8542400      0.8564400      0.8586700      0.8609300      0.8632300      0.8655700      0.8679300    
  0.8260440      0.8276610      0.8308600      0.8308740      0.8320880      0.8333000      0.8332900      0.8333480      0.8343650      0.8363400      0.8364580      0.8365770      0.8369820      0.8376830      0.8388440      0.8428460      0.8467090      0.8466100      0.8468420      0.8471000      0.8483440      0.8491700      0.8512800      0.8534200      0.8556100      0.8578300      0.8600800      0.8623800      0.8647100      0.8670700    
  0.8276500      0.8308600      0.8308670      0.8320810      0.8332950      0.8332900      0.8333190      0.8343360      0.8363400      0.8363990      0.8364580      0.8366720      0.8370810      0.8380670      0.8406630      0.8443480      0.8443450      0.8452300      0.8461970      0.8459350      0.8463200      0.8483800      0.8504700      0.8526100      0.8547800      0.8570000      0.8592500      0.8615300      0.8638600      0.8662200    
  0.8308600      0.8308640      0.8320780      0.8332920      0.8332900      0.8333040      0.8343210      0.8363400      0.8363700      0.8363990      0.8365100      0.8367370      0.8378550      0.8387390      0.8387600      0.8414960      0.8419900      0.8420800      0.8444230      0.8455570      0.8455500      0.8476000      0.8496800      0.8518100      0.8539700      0.8561800      0.8584200      0.8607000      0.8630200      0.8653700    
  0.8308620      0.8320770      0.8332910      0.8332900      0.8332970      0.8343140      0.8363400      0.8363550      0.8363700      0.8364260      0.8359210      0.8349800      0.8374690      0.8387180      0.8387180      0.8387600      0.8408900      0.8419000      0.8420800      0.8441200      0.8448000      0.8468300      0.8489000      0.8510100      0.8531700      0.8553700      0.8576000      0.8598800      0.8621900      0.8645400    
  0.8320760      0.8332910      0.8332900      0.8332940      0.8343100      0.8363400      0.8363470      0.8363550      0.8363840      0.8357350      0.8349800      0.8349800      0.8349800      0.8374380      0.8386750      0.8386750      0.8387600      0.8408190      0.8417200      0.8420800      0.8440500      0.8460700      0.8481300      0.8502300      0.8523800      0.8545700      0.8568000      0.8590700      0.8613800      0.8637200    
  0.8332900      0.8332900      0.8332920      0.8343080      0.8363400      0.8363440      0.8363470      0.8349040      0.8345790      0.8349780      0.8349800      0.8349800      0.8349800      0.8349800      0.8373780      0.8385910      0.8385900      0.8387600      0.8407150      0.8413600      0.8433200      0.8453200      0.8473700      0.8494700      0.8516000      0.8537800      0.8560100      0.8582700      0.8605800      0.8629200    
  0.8332900      0.8332910      0.8343080      0.8363400      0.8363420      0.8332020      0.8284900      0.8295100      0.8305300      0.8334920      0.8349750      0.8349800      0.8349800      0.8349800      0.8349800      0.8372670      0.8384220      0.8384200      0.8387600      0.8406600      0.8426000      0.8445900      0.8466300      0.8487100      0.8508400      0.8530100      0.8552300      0.8574900      0.8597900      0.8621300    
  0.8332900      0.8343070      0.8363400      0.8363410      0.8325720      0.8284890      0.8284890      0.8284900      0.8295100      0.8305300      0.8334840      0.8349660      0.8349800      0.8349800      0.8349800      0.8349800      0.8370750      0.8380870      0.8380800      0.8399700      0.8419000      0.8438700      0.8459000      0.8479700      0.8500900      0.8522600      0.8544700      0.8567300      0.8590200      0.8613600    
