iMOD/TUTORIALS/TUT_MetaswapAnalyser/model_MetaSWAP/meteo/Evaporation/Evaporation_20061004_L1.ASC
NCOLS                30
NROWS                30
XLLCORNER     160000.00
YLLCORNER     340000.00
CELLSIZE        1000.00
NODATA_VALUE   -9999.00
  0.9180200      0.9145000      0.9109100      0.9072600      0.9035500      0.8998000      0.8960100      0.8921900      0.8883600      0.8845100      0.8806600      0.8768200      0.8729900      0.8691800      0.8653900      0.8616300      0.8579100      0.8542300      0.8506000      0.8470100      0.8434700      0.8399900      0.8365600      0.8331900      0.8298800      0.8266300      0.8234500      0.8203200      0.8172600      0.8142500    
  0.9157700      0.9122800      0.9087300      0.9051200      0.9014500      0.8977400      0.8939900      0.8902100      0.8864200      0.8826100      0.8788000      0.8749900      0.8711900      0.8674100      0.8636500      0.8599200      0.8562200      0.8525600      0.8489400      0.8453700      0.8418400      0.8383700      0.8349500      0.8315800      0.8282700      0.8250200      0.8218300      0.8187000      0.8156300      0.8126200    
  0.9134900      0.9100400      0.9065200      0.9029500      0.8993200      0.8956400      0.8919400      0.8882000      0.8844400      0.8806700      0.8768900      0.8731200      0.8693500      0.8656000      0.8618700      0.8581700      0.8544900      0.8508500      0.8472500      0.8436900      0.8401800      0.8367200      0.8333000      0.8299400      0.8266400      0.8233900      0.8202000      0.8170700      0.8139900      0.8109700    
  0.9111900      0.9077800      0.9042900      0.9007500      0.8971600      0.8935200      0.8898500      0.8861500      0.8824300      0.8787000      0.8749600      0.8712200      0.8674900      0.8637600      0.8600600      0.8563800      0.8527300      0.8491100      0.8455300      0.8419900      0.8384900      0.8350400      0.8316300      0.8282800      0.8249800      0.8217300      0.8185400      0.8154100      0.8123300      0.8093100    
  0.9088800      0.9054900      0.9020400      0.8985300      0.8949700      0.8913800      0.8877400      0.8840800      0.8804000      0.8767000      0.8729900      0.8692900      0.8655800      0.8618900      0.8582200      0.8545600      0.8509400      0.8473400      0.8437800      0.8402500      0.8367700      0.8333300      0.8299300      0.8265900      0.8233000      0.8200500      0.8168600      0.8137300      0.8106500      0.8076200    
  0.9065400      0.9031800      0.8997600      0.8962900      0.8927700      0.8892000      0.8856100      0.8819800      0.8783300      0.8746700      0.8710000      0.8673200      0.8636500      0.8599900      0.8563400      0.8527100      0.8491100      0.8455400      0.8419900      0.8384900      0.8350200      0.8315900      0.8282100      0.8248700      0.8215800      0.8183500      0.8151600      0.8120300      0.8089400      0.8059100    
  0.9041900      0.9008600      0.8974700      0.8940300      0.8905400      0.8870100      0.8834400      0.8798500      0.8762400      0.8726100      0.8689700      0.8653300      0.8616900      0.8580600      0.8544400      0.8508400      0.8472600      0.8437000      0.8401800      0.8366900      0.8332400      0.8298300      0.8264600      0.8231300      0.8198500      0.8166200      0.8134400      0.8103000      0.8072200      0.8041900    
  0.9018200      0.8985200      0.8951600      0.8917500      0.8882900      0.8847900      0.8812600      0.8777000      0.8741200      0.8705200      0.8669200      0.8633100      0.8597000      0.8561000      0.8525000      0.8489300      0.8453700      0.8418400      0.8383400      0.8348700      0.8314300      0.8280400      0.8246800      0.8213600      0.8180900      0.8148700      0.8116900      0.8085600      0.8054800      0.8024500    
  0.8994400      0.8961600      0.8928300      0.8894500      0.8860200      0.8825500      0.8790600      0.8755300      0.8719800      0.8684200      0.8648400      0.8612600      0.8576800      0.8541100      0.8505400      0.8469900      0.8434600      0.8399500      0.8364700      0.8330200      0.8296000      0.8262200      0.8228700      0.8195700      0.8163100      0.8130900      0.8099200      0.8067900      0.8037200      0.8006900    
  0.8970500      0.8938000      0.8904900      0.8871300      0.8837400      0.8803000      0.8768300      0.8733400      0.8698200      0.8662800      0.8627400      0.8591900      0.8556400      0.8520900      0.8485600      0.8450300      0.8415200      0.8380400      0.8345800      0.8311400      0.8277400      0.8243800      0.8210500      0.8177500      0.8145000      0.8112900      0.8081300      0.8050100      0.8019400      0.7989100    
  0.8970330      0.8937800      0.8890550      0.8848000      0.8814300      0.8780300      0.8745900      0.8711200      0.8676400      0.8641300      0.8606200      0.8571000      0.8535700      0.8500600      0.8465400      0.8430400      0.8395600      0.8361000      0.8326600      0.8292400      0.8258600      0.8225100      0.8191900      0.8159100      0.8126700      0.8094700      0.8063200      0.8032000      0.8001300      0.7971100    
  0.8970140      0.8911670      0.8848000      0.8805350      0.8791200      0.8757400      0.8723300      0.8688900      0.8654300      0.8619600      0.8584700      0.8549800      0.8514900      0.8479900      0.8445100      0.8410300      0.8375800      0.8341300      0.8307100      0.8273200      0.8239500      0.8206200      0.8173200      0.8140500      0.8108200      0.8076300      0.8044900      0.8013800      0.7983200      0.7953000    
  0.8932980      0.8848000      0.8800200      0.8779550      0.8767900      0.8734300      0.8700500      0.8666400      0.8632100      0.8597700      0.8563100      0.8528500      0.8493800      0.8459100      0.8424500      0.8390000      0.8355700      0.8321500      0.8287500      0.8253700      0.8220300      0.8187100      0.8154200      0.8121700      0.8089500      0.8057700      0.8026300      0.7995400      0.7964800      0.7934600    
  0.8848000      0.8797460      0.8773730      0.8767900      0.8737800      0.8711200      0.8677600      0.8643800      0.8609800      0.8575600      0.8541300      0.8506900      0.8472500      0.8438100      0.8403700      0.8369500      0.8335400      0.8301400      0.8267600      0.8234100      0.8200800      0.8167700      0.8135000      0.8102600      0.8070600      0.8038900      0.8007600      0.7976700      0.7946200      0.7916100    
  0.8796040      0.8770810      0.8767900      0.8738970      0.8711200      0.8681130      0.8654600      0.8621000      0.8587300      0.8553300      0.8519300      0.8485200      0.8451000      0.8416900      0.8382800      0.8348700      0.8314800      0.8281100      0.8247500      0.8214200      0.8181000      0.8148200      0.8115600      0.8083400      0.8051500      0.8019900      0.7988700      0.7957900      0.7927500      0.7897500    
  0.8769360      0.8767900      0.8739360      0.8711200      0.8682310      0.8654600      0.8637800      0.8620970      0.8573130      0.8530900      0.8497100      0.8463300      0.8429400      0.8395500      0.8361600      0.8327800      0.8294100      0.8260600      0.8227200      0.8194100      0.8161100      0.8128500      0.8096100      0.8064000      0.8032200      0.8000700      0.7969700      0.7938900      0.7908600      0.7878600    
  0.8767900      0.8739490      0.8711200      0.8682700      0.8654600      0.8646200      0.8637790      0.8590700      0.8530900      0.8514000      0.8470300      0.8441200      0.8407600      0.8373900      0.8340300      0.8306700      0.8273200      0.8239900      0.8206700      0.8173800      0.8141000      0.8108500      0.8076300      0.8044300      0.8012700      0.7981400      0.7950400      0.7919800      0.7889500      0.7859600    
  0.8739530      0.8711200      0.8682830      0.8654600      0.8650400      0.8646200      0.8601400      0.8530900      0.8522450      0.8472860      0.8430100      0.8419000      0.8385600      0.8352200      0.8318800      0.8285400      0.8252200      0.8219000      0.8186100      0.8153300      0.8120700      0.8088400      0.8056300      0.8024500      0.7993000      0.7961800      0.7931000      0.7900500      0.7870300      0.7840500    
  0.8711200      0.8682880      0.8654600      0.8652500      0.8650400      0.8607220      0.8530900      0.8526670      0.8473950      0.8424550      0.8419000      0.8402300      0.8371780      0.8330300      0.8297100      0.8264000      0.8230900      0.8198000      0.8165300      0.8132700      0.8100300      0.8068100      0.8036200      0.8004600      0.7973200      0.7942100      0.7911400      0.7881000      0.7850900      0.7821200    
  0.8682890      0.8654600      0.8653550      0.8652500      0.8610260      0.8530900      0.8528790      0.8474460      0.8421780      0.8419000      0.8410650      0.8380840      0.8330300      0.8313700      0.8297130      0.8264000      0.8230970      0.8198070      0.8139760      0.8111900      0.8079700      0.8047700      0.8015900      0.7984400      0.7953200      0.7922300      0.7891700      0.7861400      0.7831400      0.7801800    
  0.8654600      0.8654070      0.8653550      0.8611800      0.8530900      0.8529840      0.8474710      0.8420390      0.8419000      0.8414830      0.8385200      0.8330300      0.8322000      0.8313710      0.8291610      0.8264030      0.8231010      0.8152220      0.8101400      0.8090900      0.8058900      0.8027100      0.7995500      0.7964100      0.7933000      0.7902300      0.7871800      0.7841600      0.7811700      0.7782200    
  0.8654340      0.8654070      0.8612580      0.8530900      0.8530370      0.8474830      0.8419690      0.8419000      0.8416910      0.8387330      0.8330300      0.8326150      0.8322000      0.8309110      0.8289790      0.8262220      0.8166860      0.8096150      0.8090900      0.8062600      0.8038000      0.8006300      0.7974900      0.7943700      0.7912800      0.7882100      0.7851700      0.7821700      0.7791900      0.7762500    
  0.8654340      0.8612970      0.8530900      0.8530640      0.8474890      0.8419350      0.8419000      0.8417960      0.8388390      0.8330300      0.8328230      0.8326150      0.8319090      0.8306970      0.8287040      0.8167810      0.8093530      0.8090900      0.8038850      0.8016850      0.7997960      0.7985400      0.7954100      0.7923100      0.7892300      0.7861800      0.7831600      0.7801600      0.7772000      0.7742700    
  0.8613170      0.8530900      0.8530770      0.8474920      0.8419170      0.8419000      0.8418480      0.8388910      0.8330300      0.8329260      0.8328230      0.8324490      0.8317400      0.8215670      0.8118470      0.8026620      0.8026650      0.8010700      0.7992090      0.7985050      0.7995700      0.7964400      0.7933300      0.7902400      0.7871800      0.7841400      0.7811300      0.7781500      0.7752000      0.7722800    
  0.8530900      0.8530830      0.8474930      0.8419090      0.8419000      0.8418740      0.8389170      0.8330300      0.8329780      0.8329260      0.8327330      0.8323370      0.8150940      0.7948910      0.7949600      0.7972770      0.7959690      0.7962400      0.7969280      0.7974370      0.7974400      0.7943200      0.7912300      0.7881600      0.7851100      0.7820800      0.7790900      0.7761200      0.7731800      0.7702700    
  0.8530870      0.8474940      0.8419040      0.8419000      0.8418870      0.8389300      0.8330300      0.8330040      0.8329780      0.8328790      0.8161430      0.7913600      0.7936570      0.7948220      0.7948220      0.7949600      0.7955150      0.7956970      0.7962400      0.7955300      0.7953000      0.7922000      0.7891200      0.7860600      0.7830300      0.7800200      0.7770400      0.7740800      0.7711500      0.7682600    
  0.8474950      0.8419020      0.8419000      0.8418930      0.8389370      0.8330300      0.8330170      0.8330040      0.8329540      0.8129440      0.7913600      0.7913600      0.7913600      0.7935540      0.7946840      0.7946840      0.7949600      0.7951610      0.7951550      0.7962400      0.7931400      0.7900600      0.7870000      0.7839600      0.7809400      0.7779400      0.7749700      0.7720300      0.7691200      0.7662300    
  0.8419010      0.8419000      0.8418970      0.8389400      0.8330300      0.8330230      0.8330170      0.8205210      0.8069930      0.7913540      0.7913600      0.7913600      0.7913600      0.7913600      0.7933500      0.7944070      0.7944070      0.7949600      0.7942880      0.7940700      0.7909800      0.7879100      0.7848700      0.7818400      0.7788400      0.7758600      0.7729000      0.7699700      0.7670700      0.7641900    
  0.8419000      0.8418980      0.8389420      0.8330300      0.8330270      0.8133450      0.7838300      0.7834700      0.7831100      0.7885930      0.7913420      0.7913600      0.7913600      0.7913600      0.7913600      0.7929490      0.7938540      0.7938550      0.7949600      0.7918800      0.7888100      0.7857600      0.7827300      0.7797200      0.7767300      0.7737600      0.7708200      0.7679000      0.7650100      0.7621500    
  0.8418990      0.8389430      0.8330300      0.8330280      0.8094090      0.7838260      0.7838260      0.7838300      0.7834700      0.7831100      0.7885620      0.7913050      0.7913600      0.7913600      0.7913600      0.7913600      0.7921750      0.7927470      0.7927500      0.7896800      0.7866300      0.7836000      0.7805800      0.7775800      0.7746100      0.7716600      0.7687300      0.7658300      0.7629500      0.7601000    
