iMOD/TUTORIALS/TUT_MetaswapAnalyser/model_MetaSWAP/meteo/Evaporation/Evaporation_20050626_L1.ASC
NCOLS                30
NROWS                30
XLLCORNER     160000.00
YLLCORNER     340000.00
CELLSIZE        1000.00
NODATA_VALUE   -9999.00
   4.247640       4.246500       4.245450       4.244480       4.243610       4.242820       4.242120       4.241500       4.240960       4.240510       4.240130       4.239820       4.239600       4.239440       4.239360       4.239350       4.239400       4.239530       4.239710       4.239970       4.240280       4.240660       4.241100       4.241600       4.242150       4.242770       4.243430       4.244150       4.244920       4.245750    
   4.244980       4.243860       4.242830       4.241880       4.241020       4.240250       4.239560       4.238960       4.238430       4.237990       4.237620       4.237320       4.237100       4.236960       4.236880       4.236870       4.236930       4.237060       4.237250       4.237510       4.237830       4.238210       4.238650       4.239140       4.239700       4.240310       4.240970       4.241690       4.242450       4.243270    
   4.242360       4.241260       4.240250       4.239320       4.238480       4.237730       4.237050       4.236460       4.235950       4.235510       4.235150       4.234870       4.234650       4.234510       4.234440       4.234440       4.234510       4.234640       4.234830       4.235090       4.235410       4.235790       4.236230       4.236730       4.237280       4.237880       4.238550       4.239260       4.240020       4.240830    
   4.239790       4.238710       4.237720       4.236810       4.235990       4.235240       4.234580       4.234000       4.233500       4.233080       4.232730       4.232450       4.232250       4.232110       4.232050       4.232050       4.232120       4.232260       4.232450       4.232710       4.233030       4.233410       4.233850       4.234350       4.234900       4.235500       4.236160       4.236870       4.237620       4.238430    
   4.237250       4.236190       4.235220       4.234340       4.233530       4.232800       4.232160       4.231590       4.231100       4.230680       4.230340       4.230070       4.229880       4.229750       4.229690       4.229700       4.229770       4.229910       4.230110       4.230370       4.230690       4.231070       4.231510       4.232010       4.232550       4.233150       4.233810       4.234510       4.235260       4.236070    
   4.234750       4.233720       4.232770       4.231900       4.231110       4.230400       4.229770       4.229210       4.228730       4.228330       4.228000       4.227740       4.227550       4.227430       4.227380       4.227390       4.227460       4.227610       4.227810       4.228070       4.228390       4.228770       4.229210       4.229700       4.230240       4.230840       4.231490       4.232190       4.232940       4.233730    
   4.232280       4.231280       4.230350       4.229500       4.228730       4.228030       4.227410       4.226870       4.226410       4.226010       4.225690       4.225440       4.225260       4.225140       4.225090       4.225110       4.225190       4.225340       4.225540       4.225800       4.226130       4.226500       4.226940       4.227430       4.227970       4.228560       4.229210       4.229900       4.230640       4.231430    
   4.229850       4.228870       4.227960       4.227130       4.226380       4.225700       4.225100       4.224570       4.224110       4.223730       4.223420       4.223170       4.223000       4.222890       4.222850       4.222870       4.222950       4.223100       4.223310       4.223570       4.223890       4.224270       4.224700       4.225190       4.225730       4.226320       4.226960       4.227650       4.228380       4.229170    
   4.227460       4.226490       4.225610       4.224800       4.224060       4.223400       4.222810       4.222300       4.221850       4.221480       4.221180       4.220940       4.220780       4.220670       4.220640       4.220660       4.220750       4.220900       4.221110       4.221370       4.221690       4.222070       4.222500       4.222980       4.223520       4.224110       4.224740       4.225420       4.226150       4.226930    
   4.225090       4.224150       4.223280       4.222490       4.221770       4.221130       4.220560       4.220060       4.219620       4.219260       4.218970       4.218740       4.218580       4.218490       4.218460       4.218490       4.218580       4.218730       4.218940       4.219200       4.219520       4.219900       4.220330       4.220810       4.221340       4.221920       4.222550       4.223230       4.223950       4.224720    
   4.225110       4.224170       4.222540       4.220220       4.219520       4.218890       4.218330       4.217840       4.217430       4.217080       4.216790       4.216580       4.216420       4.216330       4.216310       4.216340       4.216440       4.216590       4.216800       4.217070       4.217390       4.217760       4.218190       4.218670       4.219190       4.219770       4.220400       4.221070       4.221780       4.222540    
   4.225140       4.223010       4.220220       4.218030       4.217290       4.216680       4.216140       4.215660       4.215260       4.214920       4.214640       4.214440       4.214290       4.214210       4.214190       4.214230       4.214320       4.214480       4.214690       4.214960       4.215280       4.215650       4.216080       4.216550       4.217070       4.217650       4.218270       4.218930       4.219640       4.220390    
   4.223630       4.220220       4.217380       4.216190       4.215090       4.214500       4.213970       4.213510       4.213110       4.212790       4.212520       4.212320       4.212190       4.212110       4.212090       4.212140       4.212240       4.212400       4.212610       4.212880       4.213200       4.213570       4.213990       4.214460       4.214980       4.215550       4.216160       4.216820       4.217520       4.218270    
   4.220220       4.217080       4.215640       4.215090       4.213980       4.212340       4.211820       4.211380       4.211000       4.210680       4.210430       4.210240       4.210110       4.210040       4.210030       4.210080       4.210180       4.210340       4.210550       4.210820       4.211140       4.211510       4.211930       4.212400       4.212920       4.213480       4.214090       4.214740       4.215440       4.216170    
   4.216940       4.215360       4.215090       4.213800       4.212340       4.211290       4.209710       4.209270       4.208910       4.208600       4.208360       4.208180       4.208060       4.207990       4.207990       4.208040       4.208150       4.208310       4.208530       4.208790       4.209110       4.209480       4.209900       4.210360       4.210880       4.211430       4.212040       4.212680       4.213370       4.214100    
   4.215230       4.215090       4.213740       4.212340       4.211110       4.209710       4.209490       4.209300       4.208330       4.206540       4.206310       4.206140       4.206030       4.205970       4.205970       4.206030       4.206140       4.206300       4.206520       4.206790       4.207110       4.207480       4.207890       4.208350       4.208860       4.209410       4.210010       4.210650       4.211330       4.212050    
   4.215090       4.213720       4.212340       4.211050       4.209710       4.209600       4.209500       4.208410       4.206540       4.206420       4.205050       4.204120       4.204020       4.203970       4.203980       4.204040       4.204150       4.204320       4.204540       4.204810       4.205130       4.205490       4.205900       4.206360       4.206870       4.207420       4.208010       4.208640       4.209310       4.210030    
   4.213720       4.212340       4.211030       4.209710       4.209650       4.209600       4.208510       4.206540       4.206480       4.204650       4.203130       4.202130       4.202030       4.201990       4.202000       4.202070       4.202190       4.202360       4.202580       4.202850       4.203170       4.203530       4.203940       4.204400       4.204900       4.205440       4.206020       4.206650       4.207320       4.208020    
   4.212340       4.211030       4.209710       4.209680       4.209660       4.208580       4.206540       4.206510       4.204490       4.202630       4.202130       4.202080       4.201540       4.200030       4.200050       4.200120       4.200250       4.200420       4.200640       4.200910       4.201230       4.201590       4.202000       4.202450       4.202950       4.203480       4.204060       4.204680       4.205340       4.206040    
   4.211030       4.209710       4.209700       4.209680       4.208610       4.206540       4.206530       4.204410       4.202380       4.202130       4.202100       4.201450       4.200030       4.200040       4.200070       4.200140       4.200260       4.200440       4.199610       4.198990       4.199310       4.199670       4.200080       4.200530       4.201020       4.201550       4.202120       4.202730       4.203390       4.204080    
   4.209710       4.209700       4.209700       4.208630       4.206540       4.206530       4.204370       4.202250       4.202130       4.202120       4.201430       4.200030       4.200040       4.200050       4.200080       4.200160       4.200280       4.199090       4.198040       4.197090       4.197410       4.197770       4.198170       4.198620       4.199110       4.199630       4.200200       4.200810       4.201450       4.202130    
   4.209710       4.209700       4.208640       4.206540       4.206540       4.204350       4.202190       4.202130       4.202120       4.201430       4.200030       4.200030       4.200040       4.200050       4.200090       4.200170       4.198840       4.197570       4.197090       4.196680       4.195530       4.195890       4.196290       4.196730       4.197210       4.197740       4.198300       4.198900       4.199530       4.200200    
   4.209710       4.208650       4.206540       4.206540       4.204340       4.202160       4.202130       4.202130       4.201430       4.200030       4.200030       4.200030       4.200040       4.200060       4.200110       4.197600       4.197330       4.197090       4.194580       4.193670       4.193880       4.194020       4.194420       4.194860       4.195340       4.195850       4.196410       4.197000       4.197630       4.198290    
   4.208650       4.206540       4.206540       4.204340       4.202150       4.202130       4.202130       4.201430       4.200030       4.200030       4.200030       4.200040       4.200050       4.195590       4.192920       4.191560       4.191560       4.191570       4.191520       4.190900       4.191810       4.192170       4.192570       4.193000       4.193480       4.193990       4.194540       4.195120       4.195740       4.196400    
   4.206540       4.206540       4.204340       4.202140       4.202130       4.202130       4.201430       4.200030       4.200030       4.200030       4.200030       4.200040       4.191970       4.182100       4.182160       4.186010       4.185810       4.186030       4.188630       4.189980       4.189980       4.190330       4.190730       4.191160       4.191630       4.192140       4.192680       4.193260       4.193870       4.194520    
   4.206540       4.204340       4.202130       4.202130       4.202130       4.201430       4.200030       4.200030       4.200030       4.200030       4.190650       4.176580       4.180220       4.182050       4.182050       4.182160       4.184510       4.185580       4.186030       4.187630       4.188160       4.188510       4.188900       4.189330       4.189800       4.190300       4.190840       4.191410       4.192010       4.192650    
   4.204340       4.202130       4.202130       4.202130       4.201430       4.200030       4.200030       4.200030       4.200030       4.188770       4.176580       4.176580       4.176580       4.180130       4.181940       4.181940       4.182160       4.184260       4.185130       4.186030       4.186350       4.186700       4.187090       4.187520       4.187980       4.188480       4.189010       4.189570       4.190170       4.190800    
   4.202130       4.202130       4.202130       4.201430       4.200030       4.200030       4.200030       4.191910       4.184420       4.176580       4.176580       4.176580       4.176580       4.176580       4.179970       4.181720       4.181720       4.182160       4.183710       4.184230       4.184550       4.184900       4.185290       4.185720       4.186170       4.186670       4.187190       4.187750       4.188340       4.188960    
   4.202130       4.202130       4.201430       4.200030       4.200030       4.186240       4.165550       4.166540       4.167540       4.173550       4.176570       4.176580       4.176580       4.176580       4.176580       4.179660       4.181270       4.181270       4.182160       4.182440       4.182760       4.183120       4.183500       4.183920       4.184380       4.184860       4.185380       4.185930       4.186510       4.187130    
   4.202130       4.201430       4.200030       4.200030       4.183480       4.165550       4.165550       4.165550       4.166540       4.167540       4.173530       4.176540       4.176580       4.176580       4.176580       4.176580       4.179080       4.180380       4.180380       4.180660       4.180980       4.181340       4.181720       4.182140       4.182590       4.183070       4.183580       4.184130       4.184700       4.185300    
