iMOD/TUTORIALS/TUT_MetaswapAnalyser/model_MetaSWAP/meteo/Evaporation/Evaporation_20060405_L1.ASC
NCOLS                30
NROWS                30
XLLCORNER     160000.00
YLLCORNER     340000.00
CELLSIZE        1000.00
NODATA_VALUE   -9999.00
   1.694980       1.693500       1.692010       1.690490       1.688960       1.687410       1.685840       1.684260       1.682660       1.681040       1.679420       1.677770       1.676120       1.674460       1.672780       1.671090       1.669390       1.667690       1.665970       1.664250       1.662520       1.660790       1.659050       1.657310       1.655560       1.653810       1.652060       1.650300       1.648550       1.646800    
   1.692360       1.690880       1.689390       1.687880       1.686350       1.684810       1.683250       1.681670       1.680080       1.678480       1.676860       1.675230       1.673580       1.671930       1.670260       1.668590       1.666900       1.665210       1.663500       1.661790       1.660080       1.658360       1.656630       1.654900       1.653160       1.651430       1.649690       1.647950       1.646210       1.644470    
   1.689740       1.688270       1.686780       1.685270       1.683750       1.682210       1.680660       1.679090       1.677510       1.675910       1.674300       1.672680       1.671040       1.669400       1.667740       1.666080       1.664400       1.662720       1.661030       1.659330       1.657620       1.655910       1.654200       1.652480       1.650760       1.649030       1.647310       1.645580       1.643850       1.642130    
   1.687120       1.685650       1.684160       1.682660       1.681150       1.679610       1.678070       1.676500       1.674930       1.673340       1.671740       1.670120       1.668500       1.666860       1.665220       1.663560       1.661900       1.660220       1.658540       1.656860       1.655160       1.653470       1.651760       1.650060       1.648350       1.646640       1.644920       1.643210       1.641490       1.639780    
   1.684500       1.683040       1.681550       1.680050       1.678540       1.677020       1.675470       1.673920       1.672350       1.670770       1.669170       1.667570       1.665950       1.664330       1.662690       1.661040       1.659390       1.657730       1.656060       1.654380       1.652700       1.651010       1.649320       1.647630       1.645930       1.644230       1.642530       1.640820       1.639120       1.637420    
   1.681890       1.680420       1.678940       1.677450       1.675940       1.674420       1.672880       1.671330       1.669770       1.668190       1.666610       1.665010       1.663400       1.661780       1.660160       1.658520       1.656880       1.655220       1.653560       1.651900       1.650230       1.648550       1.646870       1.645190       1.643500       1.641810       1.640120       1.638430       1.636740       1.635050    
   1.679280       1.677810       1.676340       1.674840       1.673340       1.671820       1.670290       1.668750       1.667190       1.665620       1.664040       1.662450       1.660850       1.659240       1.657620       1.655990       1.654360       1.652720       1.651070       1.649410       1.647750       1.646090       1.644420       1.642750       1.641070       1.639390       1.637720       1.636040       1.634360       1.632680    
   1.676670       1.675210       1.673730       1.672240       1.670740       1.669230       1.667700       1.666160       1.664610       1.663050       1.661470       1.659890       1.658300       1.656700       1.655090       1.653470       1.651840       1.650210       1.648570       1.646920       1.645270       1.643620       1.641960       1.640300       1.638630       1.636970       1.635300       1.633630       1.631960       1.630300    
   1.674070       1.672610       1.671130       1.669640       1.668140       1.666630       1.665110       1.663580       1.662030       1.660470       1.658910       1.657330       1.655740       1.654150       1.652550       1.650940       1.649320       1.647700       1.646070       1.644430       1.642790       1.641140       1.639500       1.637850       1.636190       1.634540       1.632880       1.631220       1.629570       1.627910    
   1.671470       1.670010       1.668540       1.667050       1.665550       1.664040       1.662520       1.660990       1.659450       1.657900       1.656340       1.654770       1.653190       1.651600       1.650010       1.648410       1.646800       1.645180       1.643560       1.641930       1.640300       1.638670       1.637030       1.635390       1.633750       1.632100       1.630460       1.628810       1.627160       1.625520    
   1.671470       1.670010       1.667520       1.664460       1.662960       1.661460       1.659940       1.658410       1.656880       1.655330       1.653770       1.652210       1.650640       1.649060       1.647470       1.645870       1.644270       1.642660       1.641050       1.639430       1.637810       1.636190       1.634560       1.632930       1.631300       1.629660       1.628030       1.626390       1.624750       1.623120    
   1.671470       1.668360       1.664460       1.661400       1.660380       1.658870       1.657360       1.655830       1.654300       1.652760       1.651210       1.649650       1.648080       1.646510       1.644930       1.643340       1.641750       1.640150       1.638540       1.636930       1.635320       1.633700       1.632090       1.630460       1.628840       1.627220       1.625590       1.623970       1.622340       1.620720    
   1.669300       1.664460       1.660680       1.659090       1.657790       1.656290       1.654780       1.653260       1.651730       1.650190       1.648650       1.647090       1.645530       1.643960       1.642390       1.640810       1.639220       1.637630       1.636030       1.634430       1.632830       1.631220       1.629610       1.628000       1.626380       1.624770       1.623150       1.621540       1.619920       1.618310    
   1.664460       1.660340       1.658440       1.657790       1.655930       1.653710       1.652200       1.650690       1.649160       1.647630       1.646080       1.644540       1.642980       1.641420       1.639850       1.638270       1.636690       1.635110       1.633520       1.631930       1.630330       1.628730       1.627130       1.625530       1.623920       1.622320       1.620710       1.619110       1.617500       1.615900    
   1.660180       1.658110       1.657790       1.655810       1.653710       1.651850       1.649630       1.648120       1.646600       1.645060       1.643530       1.641980       1.640430       1.638870       1.637310       1.635740       1.634170       1.632590       1.631010       1.629420       1.627830       1.626240       1.624650       1.623060       1.621460       1.619860       1.618270       1.616670       1.615070       1.613480    
   1.657950       1.657790       1.655770       1.653710       1.651730       1.649630       1.648870       1.648120       1.645570       1.642500       1.640970       1.639430       1.637880       1.636330       1.634770       1.633210       1.631640       1.630070       1.628500       1.626920       1.625340       1.623750       1.622170       1.620580       1.619000       1.617410       1.615820       1.614230       1.612650       1.611060    
   1.657790       1.655760       1.653710       1.651690       1.649630       1.649250       1.648870       1.646270       1.642500       1.641740       1.638820       1.636880       1.635340       1.633790       1.632240       1.630680       1.629120       1.627550       1.625980       1.624410       1.622840       1.621260       1.619690       1.618110       1.616530       1.614950       1.613370       1.611790       1.610220       1.608640    
   1.655750       1.653710       1.651680       1.649630       1.649440       1.649250       1.646720       1.642500       1.642120       1.638600       1.635610       1.634330       1.632800       1.631250       1.629700       1.628150       1.626590       1.625040       1.623470       1.621910       1.620340       1.618770       1.617200       1.615630       1.614060       1.612490       1.610920       1.609350       1.607780       1.606220    
   1.653710       1.651670       1.649630       1.649540       1.649440       1.646980       1.642500       1.642310       1.638500       1.634970       1.634330       1.633560       1.631780       1.628720       1.627170       1.625620       1.624070       1.622520       1.620960       1.619400       1.617840       1.616280       1.614720       1.613160       1.611600       1.610030       1.608470       1.606910       1.605350       1.603790    
   1.651670       1.649630       1.649580       1.649540       1.647110       1.642500       1.642400       1.638460       1.634650       1.634330       1.633950       1.632100       1.628720       1.627940       1.627170       1.625620       1.624070       1.622520       1.618840       1.616900       1.615350       1.613790       1.612240       1.610680       1.609130       1.607570       1.606020       1.604460       1.602910       1.601360    
   1.649630       1.649610       1.649580       1.647180       1.642500       1.642450       1.638440       1.634490       1.634330       1.634140       1.632270       1.628720       1.628330       1.627940       1.626910       1.625620       1.624070       1.619090       1.615650       1.614400       1.612850       1.611300       1.609760       1.608210       1.606660       1.605110       1.603560       1.602020       1.600480       1.598930    
   1.649620       1.649610       1.647220       1.642500       1.642480       1.638430       1.634410       1.634330       1.634230       1.632370       1.628720       1.628530       1.628330       1.627730       1.626830       1.625530       1.619640       1.615030       1.614400       1.612540       1.610360       1.608820       1.607270       1.605730       1.604190       1.602650       1.601110       1.599570       1.598040       1.596500    
   1.649620       1.647240       1.642500       1.642490       1.638420       1.634370       1.634330       1.634280       1.632410       1.628720       1.628620       1.628530       1.628200       1.627630       1.626700       1.618730       1.614710       1.614400       1.609740       1.607870       1.606950       1.606330       1.604790       1.603260       1.601720       1.600190       1.598660       1.597130       1.595600       1.594070    
   1.647240       1.642500       1.642490       1.638420       1.634350       1.634330       1.634310       1.632440       1.628720       1.628670       1.628620       1.628450       1.628120       1.619630       1.612660       1.606920       1.606920       1.606040       1.604970       1.604140       1.605380       1.603850       1.602320       1.600790       1.599260       1.597730       1.596210       1.594680       1.593160       1.591650    
   1.642500       1.642500       1.638420       1.634340       1.634330       1.634320       1.632450       1.628720       1.628700       1.628670       1.628580       1.628400       1.613590       1.595920       1.596000       1.600000       1.599130       1.599440       1.601660       1.602890       1.602890       1.601370       1.599840       1.598320       1.596800       1.595280       1.593760       1.592240       1.590730       1.589220    
   1.642500       1.638420       1.634340       1.634330       1.634320       1.632450       1.628720       1.628710       1.628700       1.628650       1.613170       1.590090       1.593910       1.595840       1.595840       1.596000       1.597960       1.598820       1.599440       1.600170       1.600410       1.598890       1.597370       1.595850       1.594330       1.592820       1.591310       1.589800       1.588290       1.586790    
   1.638420       1.634330       1.634330       1.634330       1.632460       1.628720       1.628710       1.628710       1.628680       1.610140       1.590090       1.590090       1.590090       1.593800       1.595690       1.595690       1.596000       1.597590       1.598200       1.599440       1.597930       1.596410       1.594900       1.593380       1.591870       1.590370       1.588860       1.587360       1.585860       1.584360    
   1.634330       1.634330       1.634330       1.632460       1.628720       1.628720       1.628710       1.616360       1.603910       1.590080       1.590090       1.590090       1.590090       1.590090       1.593570       1.595380       1.595380       1.596000       1.596720       1.596960       1.595450       1.593940       1.592430       1.590920       1.589420       1.587910       1.586420       1.584920       1.583430       1.581940    
   1.634330       1.634330       1.632460       1.628720       1.628720       1.608600       1.578420       1.578880       1.579340       1.586490       1.590070       1.590090       1.590090       1.590090       1.590090       1.593130       1.594760       1.594760       1.596000       1.594480       1.592970       1.591470       1.589960       1.588460       1.586960       1.585460       1.583970       1.582480       1.581000       1.579510    
   1.634330       1.632460       1.628720       1.628720       1.604570       1.578420       1.578420       1.578420       1.578880       1.579340       1.586450       1.590030       1.590090       1.590090       1.590090       1.590090       1.592300       1.593520       1.593520       1.592010       1.590500       1.589000       1.587500       1.586000       1.584510       1.583020       1.581530       1.580050       1.578570       1.577090    
