iMOD/TUTORIALS/TUT_MetaswapAnalyser/model_MetaSWAP/meteo/Evaporation/Evaporation_20050417_L1.ASC
NCOLS                30
NROWS                30
XLLCORNER     160000.00
YLLCORNER     340000.00
CELLSIZE        1000.00
NODATA_VALUE   -9999.00
   1.393420       1.388140       1.382700       1.377100       1.371370       1.365500       1.359510       1.353410       1.347200       1.340900       1.334510       1.328040       1.321500       1.314900       1.308240       1.301530       1.294780       1.288000       1.281180       1.274350       1.267490       1.260630       1.253750       1.246870       1.239990       1.233120       1.226250       1.219400       1.212560       1.205740    
   1.378270       1.373050       1.367670       1.362150       1.356490       1.350700       1.344790       1.338760       1.332630       1.326410       1.320100       1.313720       1.307260       1.300740       1.294170       1.287550       1.280880       1.274180       1.267450       1.260700       1.253930       1.247150       1.240360       1.233560       1.226770       1.219980       1.213200       1.206430       1.199670       1.192940    
   1.363060       1.357900       1.352590       1.347130       1.341540       1.335820       1.329990       1.324040       1.317990       1.311850       1.305620       1.299320       1.292940       1.286510       1.280020       1.273480       1.266900       1.260280       1.253640       1.246970       1.240290       1.233590       1.226880       1.220170       1.213460       1.206760       1.200060       1.193370       1.186700       1.180050    
   1.347800       1.342700       1.337450       1.332060       1.326530       1.320890       1.315120       1.309250       1.303280       1.297210       1.291070       1.284840       1.278550       1.272200       1.265790       1.259330       1.252830       1.246300       1.239740       1.233160       1.226560       1.219940       1.213320       1.206700       1.200070       1.193450       1.186840       1.180240       1.173660       1.167090    
   1.332500       1.327450       1.322250       1.316930       1.311470       1.305890       1.300200       1.294400       1.288500       1.282510       1.276440       1.270300       1.264080       1.257810       1.251480       1.245110       1.238700       1.232250       1.225770       1.219270       1.212750       1.206230       1.199690       1.193150       1.186610       1.180070       1.173550       1.167030       1.160530       1.154050    
   1.317140       1.312150       1.307010       1.301740       1.296350       1.290840       1.285210       1.279490       1.273660       1.267750       1.261750       1.255690       1.249550       1.243360       1.237110       1.230820       1.224490       1.218120       1.211730       1.205310       1.198880       1.192430       1.185980       1.179530       1.173070       1.166620       1.160180       1.153750       1.147340       1.140940    
   1.301750       1.296810       1.291730       1.286520       1.281190       1.275740       1.270180       1.264520       1.258770       1.252930       1.247010       1.241020       1.234960       1.228840       1.222670       1.216460       1.210210       1.203930       1.197610       1.191280       1.184930       1.178570       1.172200       1.165830       1.159460       1.153100       1.146740       1.140400       1.134070       1.127760    
   1.286330       1.281430       1.276400       1.271250       1.265980       1.260590       1.255100       1.249510       1.243820       1.238050       1.232210       1.226290       1.220310       1.214270       1.208180       1.202040       1.195870       1.189670       1.183440       1.177190       1.170920       1.164640       1.158360       1.152070       1.145790       1.139510       1.133240       1.126990       1.120740       1.114520    
   1.270870       1.266020       1.261050       1.255950       1.250730       1.245400       1.239970       1.234450       1.228830       1.223130       1.217350       1.211510       1.205600       1.199640       1.193620       1.187570       1.181470       1.175350       1.169200       1.163030       1.156850       1.150650       1.144450       1.138250       1.132050       1.125860       1.119680       1.113510       1.107350       1.101210    
   1.255390       1.250580       1.245660       1.240610       1.235450       1.230180       1.224810       1.219350       1.213790       1.208160       1.202450       1.196680       1.190840       1.184960       1.179020       1.173040       1.167020       1.160980       1.154910       1.148820       1.142720       1.136610       1.130490       1.124370       1.118260       1.112150       1.106050       1.099970       1.093900       1.087850    
   1.255340       1.250540       1.240520       1.225240       1.220140       1.214920       1.209610       1.204210       1.198720       1.193150       1.187510       1.181810       1.176040       1.170230       1.164360       1.158460       1.152520       1.146550       1.140560       1.134560       1.128530       1.122500       1.116470       1.110440       1.104410       1.098380       1.092370       1.086370       1.080390       1.074430    
   1.255300       1.242910       1.225240       1.209910       1.204800       1.199640       1.194390       1.189040       1.183610       1.178110       1.172540       1.166900       1.161200       1.155460       1.149670       1.143840       1.137970       1.132080       1.126170       1.120240       1.114300       1.108350       1.102400       1.096450       1.090500       1.084560       1.078640       1.072730       1.066830       1.060960    
   1.245860       1.225240       1.205430       1.197120       1.189440       1.184330       1.179130       1.173850       1.168480       1.163040       1.157530       1.151950       1.146330       1.140650       1.134930       1.129170       1.123380       1.117570       1.111730       1.105880       1.100020       1.094150       1.088280       1.082410       1.076550       1.070700       1.064860       1.059030       1.053220       1.047440    
   1.225240       1.203350       1.193280       1.189440       1.180920       1.169000       1.163860       1.158620       1.153320       1.147930       1.142480       1.136980       1.131410       1.125810       1.120150       1.114470       1.108750       1.103010       1.097250       1.091480       1.085690       1.079910       1.074120       1.068330       1.062550       1.056780       1.051030       1.045290       1.039570       1.033870    
   1.202350       1.191360       1.189440       1.179790       1.169000       1.160470       1.148560       1.143380       1.138130       1.132810       1.127420       1.121970       1.116470       1.110930       1.105350       1.099730       1.094090       1.088420       1.082730       1.077040       1.071330       1.065620       1.059910       1.054210       1.048510       1.042830       1.037160       1.031510       1.025870       1.020260    
   1.190400       1.189440       1.179410       1.169000       1.159340       1.148560       1.145970       1.143360       1.133000       1.117660       1.112330       1.106940       1.101510       1.096030       1.090510       1.084970       1.079390       1.073800       1.068180       1.062560       1.056930       1.051300       1.045670       1.040050       1.034440       1.028840       1.023250       1.017690       1.012140       1.006610    
   1.189440       1.179280       1.169000       1.158970       1.148560       1.147270       1.145960       1.135000       1.117660       1.115000       1.101130       1.091900       1.086520       1.081110       1.075660       1.070170       1.064670       1.059140       1.053600       1.048060       1.042500       1.036950       1.031400       1.025860       1.020330       1.014810       1.009310       1.003830      0.9983700      0.9929300    
   1.179240       1.169000       1.158840       1.148560       1.147910       1.147260       1.136470       1.117660       1.116330       1.099000       1.084370       1.076840       1.071520       1.066170       1.060780       1.055360       1.049920       1.044470       1.039000       1.033520       1.028050       1.022570       1.017100       1.011640       1.006190       1.000750      0.9953400      0.9899400      0.9845700      0.9792200    
   1.169000       1.158800       1.148560       1.148240       1.147910       1.137330       1.117660       1.116990       1.098090       1.080610       1.076840       1.074180       1.066430       1.051210       1.045880       1.040530       1.035160       1.029770       1.024370       1.018970       1.013560       1.008160       1.002770      0.9973900      0.9920200      0.9866700      0.9813400      0.9760300      0.9707400      0.9654800    
   1.158790       1.148560       1.148400       1.148240       1.137780       1.117660       1.117330       1.097660       1.078720       1.076840       1.075510       1.067170       1.051210       1.048550       1.045870       1.040520       1.035150       1.029770       1.013460       1.004390      0.9990600      0.9937400      0.9884200      0.9831200      0.9778300      0.9725600      0.9673100      0.9620900      0.9568900      0.9517100    
   1.148560       1.148480       1.148400       1.138020       1.117660       1.117490       1.097450       1.077780       1.076840       1.076170       1.067680       1.051210       1.049880       1.048540       1.044980       1.040520       1.035150       1.013050      0.9970950      0.9898000      0.9845400      0.9792900      0.9740500      0.9688300      0.9636200      0.9584300      0.9532700      0.9481300      0.9430100      0.9379300    
   1.148520       1.148480       1.138140       1.117660       1.117580       1.097350       1.077310       1.076840       1.076510       1.067980       1.051210       1.050540       1.049880       1.047800       1.044680       1.040220       1.014390      0.9934470      0.9898000      0.9814500      0.9700100      0.9648300      0.9596700      0.9545200      0.9493900      0.9442900      0.9392100      0.9341500      0.9291200      0.9241300    
   1.148520       1.138200       1.117660       1.117620       1.097300       1.077080       1.076840       1.076670       1.068130       1.051210       1.050880       1.050540       1.049410       1.047450       1.044230       1.007380      0.9916240      0.9898000      0.9650910      0.9554650      0.9524020      0.9503600      0.9452700      0.9402000      0.9351600      0.9301300      0.9251300      0.9201600      0.9152200      0.9103100    
   1.138230       1.117660       1.117640       1.097280       1.076960       1.076840       1.076760       1.068210       1.051210       1.051040       1.050880       1.050280       1.049130       1.004700      0.9711290      0.9459700      0.9459700      0.9426850      0.9384970      0.9336500      0.9409200      0.9358900      0.9308700      0.9258800      0.9209100      0.9159700      0.9110500      0.9061600      0.9013100      0.8964900    
   1.117660       1.117650       1.097260       1.076900       1.076840       1.076800       1.068260       1.051210       1.051130       1.051040       1.050730       1.050100      0.9716360      0.8772630      0.8777200      0.9040200      0.9003160      0.9021400      0.9178940      0.9263770      0.9263800      0.9214100      0.9164700      0.9115500      0.9066600      0.9018000      0.8969600      0.8921600      0.8873900      0.8826600    
   1.117650       1.097260       1.076870       1.076840       1.076820       1.068280       1.051210       1.051170       1.051130       1.050970      0.9657980      0.8385600      0.8639850      0.8768060      0.8768060      0.8777200      0.8920760      0.8984930      0.9021400      0.9094100      0.9118300      0.9069400      0.9020700      0.8972200      0.8924100      0.8876200      0.8828700      0.8781600      0.8734700      0.8688300    
   1.097250       1.076850       1.076840       1.076830       1.068290       1.051210       1.051190       1.051170       1.051090      0.9490030      0.8385600      0.8385600      0.8385600      0.8633090      0.8758930      0.8758930      0.8777200      0.8899500      0.8948450      0.9021400      0.8972900      0.8924700      0.8876700      0.8829000      0.8781600      0.8734600      0.8687900      0.8641600      0.8595600      0.8550000    
   1.076850       1.076840       1.076830       1.068290       1.051210       1.051200       1.051190      0.9810040      0.9126900      0.8385200      0.8385600      0.8385600      0.8385600      0.8385600      0.8619780      0.8740660      0.8740650      0.8777200      0.8850950      0.8875500      0.8827600      0.8780000      0.8732800      0.8685800      0.8639200      0.8592900      0.8547100      0.8501600      0.8456500      0.8411800    
   1.076840       1.076840       1.068290       1.051210       1.051200      0.9349700      0.7606400      0.7656050      0.7705700      0.8157880      0.8384410      0.8385600      0.8385600      0.8385600      0.8385600      0.8593910      0.8704130      0.8704100      0.8777200      0.8729700      0.8682500      0.8635600      0.8589000      0.8542700      0.8496900      0.8451400      0.8406400      0.8361800      0.8317500      0.8273700    
   1.076840       1.068300       1.051210       1.051210      0.9117110      0.7606120      0.7606120      0.7606400      0.7656040      0.7705700      0.8155830      0.8382020      0.8385600      0.8385600      0.8385600      0.8385600      0.8545270      0.8631100      0.8631000      0.8584100      0.8537500      0.8491300      0.8445400      0.8399800      0.8354800      0.8310100      0.8265900      0.8222100      0.8178700      0.8135700    
