iMOD/TUTORIALS/TUT_MetaswapAnalyser/model_MetaSWAP/meteo/Evaporation/Evaporation_20060323_L1.ASC
NCOLS                30
NROWS                30
XLLCORNER     160000.00
YLLCORNER     340000.00
CELLSIZE        1000.00
NODATA_VALUE   -9999.00
   2.089840       2.089100       2.088360       2.087620       2.086870       2.086120       2.085370       2.084620       2.083870       2.083120       2.082380       2.081640       2.080910       2.080180       2.079450       2.078740       2.078030       2.077330       2.076640       2.075960       2.075280       2.074620       2.073970       2.073320       2.072690       2.072070       2.071450       2.070850       2.070250       2.069670    
   2.090370       2.089640       2.088910       2.088170       2.087430       2.086680       2.085940       2.085190       2.084450       2.083700       2.082960       2.082230       2.081500       2.080770       2.080050       2.079340       2.078630       2.077930       2.077240       2.076560       2.075890       2.075230       2.074570       2.073930       2.073290       2.072670       2.072050       2.071450       2.070850       2.070260    
   2.090910       2.090180       2.089450       2.088720       2.087980       2.087240       2.086500       2.085760       2.085020       2.084280       2.083540       2.082810       2.082090       2.081360       2.080650       2.079930       2.079230       2.078530       2.077850       2.077170       2.076490       2.075830       2.075180       2.074530       2.073900       2.073270       2.072650       2.072040       2.071450       2.070860    
   2.091450       2.090720       2.090000       2.089270       2.088530       2.087800       2.087060       2.086330       2.085590       2.084860       2.084120       2.083400       2.082670       2.081950       2.081240       2.080530       2.079830       2.079130       2.078450       2.077770       2.077100       2.076430       2.075780       2.075130       2.074500       2.073870       2.073250       2.072640       2.072040       2.071450    
   2.091980       2.091260       2.090540       2.089810       2.089080       2.088350       2.087620       2.086890       2.086160       2.085430       2.084700       2.083980       2.083260       2.082540       2.081830       2.081120       2.080420       2.079730       2.079040       2.078370       2.077700       2.077030       2.076380       2.075730       2.075100       2.074470       2.073850       2.073240       2.072640       2.072040    
   2.092520       2.091800       2.091080       2.090360       2.089640       2.088910       2.088180       2.087450       2.086720       2.086000       2.085280       2.084550       2.083840       2.083120       2.082410       2.081710       2.081010       2.080320       2.079640       2.078960       2.078290       2.077630       2.076980       2.076330       2.075700       2.075070       2.074450       2.073830       2.073230       2.072640    
   2.093050       2.092340       2.091620       2.090910       2.090180       2.089460       2.088740       2.088010       2.087290       2.086570       2.085850       2.085130       2.084420       2.083710       2.083000       2.082300       2.081600       2.080920       2.080230       2.079560       2.078890       2.078230       2.077580       2.076930       2.076290       2.075660       2.075040       2.074430       2.073820       2.073230    
   2.093590       2.092880       2.092170       2.091450       2.090730       2.090010       2.089290       2.088570       2.087850       2.087140       2.086420       2.085700       2.084990       2.084290       2.083580       2.082890       2.082190       2.081510       2.080830       2.080150       2.079480       2.078820       2.078170       2.077530       2.076890       2.076260       2.075640       2.075020       2.074420       2.073820    
   2.094120       2.093410       2.092710       2.091990       2.091280       2.090560       2.089850       2.089130       2.088420       2.087700       2.086990       2.086280       2.085570       2.084870       2.084170       2.083470       2.082780       2.082090       2.081420       2.080740       2.080080       2.079420       2.078770       2.078120       2.077480       2.076850       2.076230       2.075620       2.075010       2.074410    
   2.094650       2.093950       2.093250       2.092540       2.091830       2.091120       2.090400       2.089690       2.088980       2.088270       2.087560       2.086850       2.086140       2.085440       2.084750       2.084050       2.083360       2.082680       2.082000       2.081330       2.080670       2.080010       2.079360       2.078710       2.078080       2.077450       2.076820       2.076210       2.075600       2.075000    
   2.094650       2.093950       2.093200       2.093080       2.092370       2.091670       2.090960       2.090250       2.089540       2.088830       2.088120       2.087420       2.086720       2.086020       2.085320       2.084630       2.083950       2.083270       2.082590       2.081920       2.081260       2.080600       2.079950       2.079310       2.078670       2.078040       2.077420       2.076800       2.076190       2.075590    
   2.094650       2.093720       2.093080       2.092960       2.092920       2.092210       2.091510       2.090800       2.090100       2.089390       2.088690       2.087990       2.087290       2.086590       2.085900       2.085210       2.084530       2.083850       2.083180       2.082510       2.081850       2.081190       2.080540       2.079900       2.079260       2.078630       2.078010       2.077390       2.076780       2.076180    
   2.094200       2.093080       2.093180       2.093190       2.093470       2.092760       2.092060       2.091360       2.090650       2.089950       2.089250       2.088550       2.087860       2.087170       2.086480       2.085790       2.085110       2.084430       2.083760       2.083090       2.082430       2.081780       2.081130       2.080490       2.079850       2.079220       2.078600       2.077980       2.077370       2.076770    
   2.093080       2.093260       2.093330       2.093470       2.093180       2.093310       2.092610       2.091910       2.091210       2.090510       2.089820       2.089120       2.088430       2.087740       2.087050       2.086370       2.085690       2.085010       2.084340       2.083680       2.083020       2.082360       2.081720       2.081070       2.080440       2.079810       2.079190       2.078570       2.077960       2.077360    
   2.093300       2.093400       2.093470       2.093320       2.093310       2.093030       2.093160       2.092470       2.091770       2.091070       2.090380       2.089690       2.089000       2.088310       2.087620       2.086940       2.086270       2.085590       2.084920       2.084260       2.083600       2.082950       2.082300       2.081660       2.081030       2.080400       2.079770       2.079160       2.078550       2.077940    
   2.093440       2.093470       2.093370       2.093310       2.093170       2.093160       2.092810       2.092470       2.091730       2.091630       2.090940       2.090250       2.089560       2.088880       2.088200       2.087520       2.086840       2.086170       2.085500       2.084840       2.084180       2.083530       2.082890       2.082250       2.081610       2.080980       2.080360       2.079740       2.079130       2.078530    
   2.093470       2.093380       2.093310       2.093210       2.093160       2.092990       2.092810       2.092160       2.091630       2.091280       2.091000       2.090810       2.090130       2.089450       2.088770       2.088090       2.087420       2.086750       2.086080       2.085420       2.084770       2.084120       2.083470       2.082830       2.082200       2.081570       2.080950       2.080330       2.079720       2.079120    
   2.093390       2.093310       2.093230       2.093160       2.093070       2.092990       2.092400       2.091630       2.091460       2.091280       2.091090       2.091380       2.090690       2.090010       2.089340       2.088660       2.087990       2.087320       2.086660       2.086000       2.085350       2.084700       2.084050       2.083420       2.082780       2.082150       2.081530       2.080920       2.080310       2.079700    
   2.093310       2.093230       2.093160       2.093120       2.093070       2.092520       2.091630       2.091540       2.091400       2.091240       2.091380       2.091030       2.090660       2.090580       2.089910       2.089230       2.088560       2.087900       2.087240       2.086580       2.085930       2.085280       2.084640       2.084000       2.083370       2.082740       2.082120       2.081500       2.080890       2.080290    
   2.093230       2.093160       2.093140       2.093120       2.092590       2.091630       2.091590       2.091450       2.091310       2.091380       2.091210       2.090910       2.090580       2.090250       2.089910       2.089230       2.088560       2.087900       2.087320       2.087160       2.086510       2.085860       2.085220       2.084580       2.083950       2.083320       2.082700       2.082090       2.081480       2.080870    
   2.093160       2.093150       2.093140       2.092620       2.091630       2.091610       2.091480       2.091340       2.091380       2.091290       2.091020       2.090580       2.090410       2.090240       2.089800       2.089230       2.088570       2.087790       2.087450       2.087730       2.087080       2.086440       2.085800       2.085160       2.084530       2.083900       2.083280       2.082670       2.082060       2.081460    
   2.093150       2.093150       2.092630       2.091630       2.091620       2.091490       2.091360       2.091380       2.091340       2.091070       2.090580       2.090500       2.090410       2.090150       2.089760       2.089200       2.088180       2.087590       2.087730       2.087490       2.087660       2.087020       2.086380       2.085740       2.085110       2.084490       2.083870       2.083250       2.082640       2.082040    
   2.093150       2.092640       2.091630       2.091620       2.091500       2.091370       2.091380       2.091360       2.091090       2.090580       2.090540       2.090500       2.090350       2.090110       2.089700       2.088850       2.087660       2.087730       2.088140       2.088230       2.087850       2.087600       2.086960       2.086320       2.085690       2.085070       2.084450       2.083830       2.083230       2.082620    
   2.092650       2.091630       2.091630       2.091500       2.091380       2.091380       2.091370       2.091100       2.090580       2.090560       2.090540       2.090460       2.090320       2.090780       2.090410       2.089460       2.089460       2.089190       2.088910       2.089100       2.088810       2.088170       2.087530       2.086900       2.086270       2.085650       2.085030       2.084420       2.083810       2.083200    
   2.091630       2.091630       2.091500       2.091380       2.091380       2.091370       2.091110       2.090580       2.090570       2.090560       2.090520       2.090440       2.091510       2.092990       2.092970       2.091380       2.091250       2.091180       2.089980       2.089390       2.089390       2.088750       2.088110       2.087480       2.086850       2.086230       2.085610       2.085000       2.084390       2.083790    
   2.091630       2.091500       2.091380       2.091380       2.091380       2.091110       2.090580       2.090570       2.090570       2.090550       2.092430       2.095320       2.093780       2.093010       2.093010       2.092970       2.091850       2.091320       2.091180       2.090270       2.089960       2.089320       2.088690       2.088060       2.087430       2.086810       2.086190       2.085580       2.084970       2.084370    
   2.091500       2.091380       2.091380       2.091380       2.091110       2.090580       2.090580       2.090570       2.090560       2.092840       2.095320       2.095320       2.095320       2.093810       2.093040       2.093040       2.092970       2.091920       2.091460       2.091180       2.090540       2.089900       2.089270       2.088640       2.088010       2.087390       2.086770       2.086160       2.085550       2.084950    
   2.091380       2.091380       2.091380       2.091110       2.090580       2.090580       2.090580       2.092630       2.094100       2.095320       2.095320       2.095320       2.095320       2.095320       2.093860       2.093110       2.093110       2.092970       2.092050       2.091750       2.091110       2.090470       2.089840       2.089210       2.088590       2.087970       2.087350       2.086740       2.086130       2.085530    
   2.091380       2.091380       2.091110       2.090580       2.090580       2.094350       2.100010       2.099400       2.098800       2.096480       2.095320       2.095320       2.095320       2.095320       2.095320       2.093950       2.093260       2.093260       2.092970       2.092320       2.091680       2.091050       2.090420       2.089790       2.089160       2.088550       2.087930       2.087320       2.086710       2.086110    
   2.091380       2.091110       2.090580       2.090580       2.095110       2.100010       2.100010       2.100010       2.099400       2.098800       2.096490       2.095330       2.095320       2.095320       2.095320       2.095320       2.094130       2.093540       2.093540       2.092900       2.092260       2.091620       2.090990       2.090370       2.089740       2.089120       2.088510       2.087900       2.087290       2.086690    
