iMOD/TUTORIALS/TUT_MetaswapAnalyser/model_MetaSWAP/meteo/Evaporation/Evaporation_20061015_L1.ASC
NCOLS                30
NROWS                30
XLLCORNER     160000.00
YLLCORNER     340000.00
CELLSIZE        1000.00
NODATA_VALUE   -9999.00
   1.519540       1.518330       1.517120       1.515910       1.514700       1.513490       1.512290       1.511080       1.509880       1.508680       1.507490       1.506300       1.505130       1.503960       1.502800       1.501660       1.500520       1.499400       1.498300       1.497200       1.496130       1.495070       1.494030       1.493010       1.492010       1.491030       1.490080       1.489140       1.488230       1.487340    
   1.522460       1.521230       1.520000       1.518770       1.517530       1.516300       1.515070       1.513840       1.512620       1.511400       1.510190       1.508990       1.507790       1.506610       1.505440       1.504280       1.503130       1.502000       1.500880       1.499780       1.498700       1.497630       1.496590       1.495560       1.494560       1.493580       1.492620       1.491680       1.490770       1.489890    
   1.525340       1.524080       1.522830       1.521570       1.520310       1.519060       1.517800       1.516550       1.515310       1.514070       1.512840       1.511620       1.510410       1.509210       1.508030       1.506850       1.505690       1.504550       1.503420       1.502310       1.501220       1.500150       1.499100       1.498070       1.497060       1.496080       1.495120       1.494180       1.493270       1.492390    
   1.528160       1.526880       1.525600       1.524320       1.523040       1.521760       1.520490       1.519220       1.517950       1.516700       1.515450       1.514210       1.512990       1.511770       1.510570       1.509380       1.508210       1.507060       1.505920       1.504800       1.503700       1.502620       1.501570       1.500530       1.499520       1.498540       1.497580       1.496640       1.495730       1.494850    
   1.530940       1.529640       1.528330       1.527020       1.525720       1.524420       1.523120       1.521830       1.520550       1.519280       1.518010       1.516760       1.515510       1.514280       1.513070       1.511870       1.510680       1.509520       1.508370       1.507250       1.506140       1.505060       1.503990       1.502960       1.501940       1.500960       1.499990       1.499060       1.498150       1.497270    
   1.533670       1.532340       1.531010       1.529680       1.528360       1.527030       1.525720       1.524410       1.523100       1.521810       1.520530       1.519260       1.518000       1.516750       1.515520       1.514310       1.513120       1.511940       1.510780       1.509650       1.508540       1.507450       1.506380       1.505340       1.504330       1.503340       1.502370       1.501440       1.500540       1.499660    
   1.536360       1.535010       1.533650       1.532300       1.530950       1.529600       1.528270       1.526940       1.525610       1.524300       1.523000       1.521710       1.520440       1.519180       1.517940       1.516710       1.515510       1.514320       1.513160       1.512010       1.510900       1.509800       1.508730       1.507690       1.506670       1.505680       1.504720       1.503790       1.502880       1.502010    
   1.539010       1.537630       1.536250       1.534870       1.533500       1.532140       1.530780       1.529430       1.528080       1.526750       1.525440       1.524130       1.522840       1.521570       1.520310       1.519080       1.517860       1.516660       1.515490       1.514340       1.513220       1.512120       1.511040       1.510000       1.508980       1.507990       1.507030       1.506100       1.505200       1.504330    
   1.541610       1.540210       1.538810       1.537410       1.536010       1.534630       1.533250       1.531880       1.530520       1.529170       1.527830       1.526510       1.525210       1.523920       1.522650       1.521400       1.520180       1.518970       1.517790       1.516630       1.515500       1.514400       1.513320       1.512270       1.511250       1.510260       1.509300       1.508370       1.507480       1.506610    
   1.544180       1.542750       1.541330       1.539910       1.538490       1.537080       1.535680       1.534290       1.532910       1.531550       1.530190       1.528860       1.527540       1.526240       1.524960       1.523700       1.522460       1.521240       1.520050       1.518890       1.517750       1.516640       1.515560       1.514510       1.513490       1.512500       1.511540       1.510620       1.509720       1.508860    
   1.544180       1.542750       1.541590       1.542370       1.540930       1.539500       1.538080       1.536670       1.535270       1.533890       1.532520       1.531170       1.529830       1.528520       1.527230       1.525950       1.524710       1.523480       1.522280       1.521110       1.519970       1.518860       1.517780       1.516720       1.515700       1.514710       1.513760       1.512830       1.511940       1.511090    
   1.544180       1.542720       1.542370       1.543090       1.543340       1.541890       1.540450       1.539020       1.537600       1.536200       1.534820       1.533450       1.532100       1.530770       1.529460       1.528180       1.526920       1.525690       1.524480       1.523310       1.522160       1.521040       1.519960       1.518900       1.517880       1.516890       1.515940       1.515020       1.514130       1.513280    
   1.543720       1.542370       1.543930       1.544530       1.545720       1.544250       1.542790       1.541340       1.539900       1.538480       1.537080       1.535700       1.534330       1.532990       1.531670       1.530380       1.529110       1.527870       1.526660       1.525470       1.524320       1.523200       1.522110       1.521060       1.520030       1.519050       1.518100       1.517180       1.516300       1.515450    
   1.542370       1.544290       1.545130       1.545720       1.545520       1.546580       1.545100       1.543630       1.542170       1.540740       1.539320       1.537920       1.536540       1.535180       1.533850       1.532550       1.531270       1.530020       1.528800       1.527610       1.526450       1.525330       1.524240       1.523180       1.522160       1.521180       1.520230       1.519310       1.518440       1.517600    
   1.544450       1.545420       1.545720       1.545940       1.546580       1.546350       1.547380       1.545890       1.544420       1.542960       1.541530       1.540110       1.538720       1.537350       1.536010       1.534690       1.533400       1.532140       1.530910       1.529720       1.528560       1.527430       1.526340       1.525280       1.524260       1.523280       1.522330       1.521430       1.520560       1.519720    
   1.545570       1.545720       1.546080       1.546580       1.546770       1.547380       1.546630       1.545900       1.544610       1.545170       1.543710       1.542280       1.540870       1.539490       1.538140       1.536810       1.535510       1.534240       1.533010       1.531810       1.530640       1.529510       1.528420       1.527360       1.526340       1.525360       1.524420       1.523510       1.522650       1.521830    
   1.545720       1.546130       1.546580       1.546910       1.547380       1.547010       1.546640       1.545580       1.545170       1.544440       1.544430       1.544430       1.543010       1.541610       1.540240       1.538900       1.537600       1.536320       1.535080       1.533870       1.532700       1.531570       1.530470       1.529410       1.528400       1.527420       1.526480       1.525580       1.524730       1.523910    
   1.546140       1.546580       1.546960       1.547380       1.547190       1.547010       1.546100       1.545170       1.544810       1.545220       1.545500       1.546560       1.545120       1.543710       1.542330       1.540980       1.539660       1.538380       1.537130       1.535920       1.534740       1.533600       1.532510       1.531450       1.530440       1.529460       1.528530       1.527630       1.526780       1.525970    
   1.546580       1.546970       1.547380       1.547290       1.547190       1.546370       1.545170       1.544990       1.545560       1.546030       1.546560       1.545840       1.545300       1.545790       1.544400       1.543030       1.541710       1.540410       1.539160       1.537940       1.536760       1.535620       1.534530       1.533470       1.532460       1.531480       1.530560       1.529670       1.528830       1.528020    
   1.546980       1.547380       1.547330       1.547290       1.546500       1.545170       1.545080       1.545710       1.546290       1.546560       1.546200       1.545870       1.545790       1.545090       1.544410       1.543050       1.541720       1.540430       1.539880       1.539950       1.538770       1.537630       1.536530       1.535470       1.534460       1.533490       1.532570       1.531690       1.530850       1.530060    
   1.547380       1.547360       1.547330       1.546570       1.545170       1.545120       1.545790       1.546430       1.546560       1.546380       1.546110       1.545790       1.545440       1.545100       1.544180       1.543060       1.541730       1.540980       1.540950       1.541940       1.540760       1.539610       1.538510       1.537460       1.536450       1.535490       1.534570       1.533690       1.532870       1.532080    
   1.547370       1.547360       1.546610       1.545170       1.545150       1.545830       1.546490       1.546560       1.546470       1.546210       1.545790       1.545620       1.545440       1.544910       1.544110       1.542990       1.541830       1.541440       1.541940       1.541810       1.542730       1.541590       1.540490       1.539430       1.538430       1.537470       1.536560       1.535690       1.534870       1.534100    
   1.547370       1.546630       1.545170       1.545160       1.545850       1.546530       1.546560       1.546510       1.546260       1.545790       1.545700       1.545620       1.545320       1.544820       1.544000       1.543690       1.541690       1.541940       1.544020       1.544690       1.544010       1.543550       1.542450       1.541400       1.540400       1.539440       1.538530       1.537680       1.536870       1.536100    
   1.546630       1.545170       1.545160       1.545860       1.546540       1.546560       1.546540       1.546280       1.545790       1.545750       1.545700       1.545550       1.545250       1.548250       1.548880       1.547820       1.547820       1.547390       1.546980       1.547630       1.546660       1.545510       1.544410       1.543360       1.542360       1.541400       1.540500       1.539650       1.538850       1.538100    
   1.545170       1.545170       1.545860       1.546550       1.546560       1.546550       1.546290       1.545790       1.545770       1.545750       1.545670       1.545500       1.551390       1.558920       1.558860       1.554070       1.553940       1.553700       1.550320       1.548610       1.548610       1.547450       1.546350       1.545300       1.544310       1.543360       1.542470       1.541630       1.540840       1.540100    
   1.545170       1.545860       1.546560       1.546560       1.546550       1.546300       1.545790       1.545780       1.545770       1.545730       1.553820       1.566100       1.561360       1.558980       1.558980       1.558860       1.555670       1.554180       1.553700       1.551340       1.550550       1.549400       1.548300       1.547250       1.546260       1.545320       1.544430       1.543600       1.542820       1.542090    
   1.545860       1.546560       1.546560       1.546560       1.546300       1.545790       1.545780       1.545780       1.545760       1.555500       1.566100       1.566100       1.566100       1.561450       1.559100       1.559100       1.558860       1.555920       1.554670       1.553700       1.552490       1.551340       1.550240       1.549190       1.548200       1.547270       1.546390       1.545570       1.544800       1.544080    
   1.546560       1.546560       1.546560       1.546300       1.545790       1.545790       1.545780       1.553760       1.560140       1.566110       1.566100       1.566100       1.566100       1.566100       1.561630       1.559350       1.559350       1.558860       1.556450       1.555640       1.554430       1.553270       1.552170       1.551130       1.550150       1.549220       1.548350       1.547540       1.546780       1.546070    
   1.546560       1.546560       1.546300       1.545790       1.545790       1.560020       1.581370       1.579540       1.577710       1.569990       1.566120       1.566100       1.566100       1.566100       1.566100       1.561970       1.559840       1.559840       1.558860       1.557590       1.556370       1.555210       1.554110       1.553080       1.552100       1.551180       1.550310       1.549510       1.548760       1.548070    
   1.546560       1.546300       1.545790       1.545790       1.562870       1.581370       1.581370       1.581370       1.579540       1.577710       1.570010       1.566150       1.566100       1.566100       1.566100       1.566100       1.562590       1.560820       1.560820       1.559540       1.558320       1.557160       1.556060       1.555020       1.554050       1.553140       1.552280       1.551490       1.550760       1.550080    
