iMOD/TUTORIALS/TUT_MetaswapAnalyser/model_MetaSWAP/meteo/Evaporation/Evaporation_20050301_L1.ASC
NCOLS                30
NROWS                30
XLLCORNER     160000.00
YLLCORNER     340000.00
CELLSIZE        1000.00
NODATA_VALUE   -9999.00
  0.4522800      0.4514300      0.4505500      0.4496300      0.4486800      0.4477100      0.4467000      0.4456800      0.4446400      0.4435700      0.4425000      0.4414100      0.4403000      0.4391900      0.4380800      0.4369500      0.4358300      0.4347000      0.4335700      0.4324400      0.4313100      0.4301900      0.4290600      0.4279500      0.4268400      0.4257400      0.4246400      0.4235500      0.4224800      0.4214100    
  0.4527700      0.4519100      0.4510200      0.4500900      0.4491400      0.4481600      0.4471500      0.4461200      0.4450800      0.4440100      0.4429300      0.4418400      0.4407400      0.4396200      0.4385000      0.4373800      0.4362500      0.4351200      0.4339900      0.4328600      0.4317300      0.4306000      0.4294800      0.4283600      0.4272500      0.4261500      0.4250500      0.4239600      0.4228800      0.4218100    
  0.4532300      0.4523600      0.4514600      0.4505300      0.4495700      0.4485800      0.4475700      0.4465400      0.4454900      0.4444200      0.4433400      0.4422500      0.4411400      0.4400300      0.4389000      0.4377800      0.4366500      0.4355200      0.4343800      0.4332500      0.4321200      0.4309900      0.4298700      0.4287500      0.4276400      0.4265400      0.4254400      0.4243500      0.4232700      0.4222000    
  0.4536700      0.4527900      0.4518800      0.4509400      0.4499700      0.4489800      0.4479700      0.4469300      0.4458800      0.4448100      0.4437200      0.4426300      0.4415200      0.4404000      0.4392800      0.4381500      0.4370200      0.4358900      0.4347500      0.4336200      0.4324900      0.4313600      0.4302400      0.4291200      0.4280100      0.4269000      0.4258100      0.4247200      0.4236400      0.4225700    
  0.4540900      0.4532000      0.4522800      0.4513300      0.4503600      0.4493600      0.4483400      0.4473000      0.4462500      0.4451700      0.4440900      0.4429900      0.4418800      0.4407600      0.4396300      0.4385000      0.4373700      0.4362400      0.4351000      0.4339700      0.4328400      0.4317100      0.4305900      0.4294700      0.4283600      0.4272500      0.4261500      0.4250700      0.4239900      0.4229200    
  0.4544900      0.4535900      0.4526600      0.4517100      0.4507300      0.4497200      0.4487000      0.4476500      0.4465900      0.4455100      0.4444200      0.4433200      0.4422100      0.4410900      0.4399600      0.4388300      0.4377000      0.4365600      0.4354300      0.4342900      0.4331600      0.4320300      0.4309100      0.4297900      0.4286800      0.4275800      0.4264800      0.4253900      0.4243100      0.4232500    
  0.4548800      0.4539700      0.4530300      0.4520600      0.4510700      0.4500600      0.4490300      0.4479800      0.4469200      0.4458400      0.4447400      0.4436400      0.4425200      0.4414000      0.4402700      0.4391400      0.4380100      0.4368700      0.4357300      0.4346000      0.4334700      0.4323400      0.4312200      0.4301000      0.4289900      0.4278800      0.4267900      0.4257000      0.4246200      0.4235600    
  0.4552500      0.4543200      0.4533700      0.4524000      0.4514000      0.4503900      0.4493500      0.4482900      0.4472200      0.4461400      0.4450400      0.4439300      0.4428200      0.4416900      0.4405600      0.4394300      0.4382900      0.4371600      0.4360200      0.4348900      0.4337500      0.4326300      0.4315000      0.4303900      0.4292800      0.4281700      0.4270800      0.4259900      0.4249200      0.4238500    
  0.4556000      0.4546600      0.4537000      0.4527200      0.4517200      0.4506900      0.4496500      0.4485900      0.4475100      0.4464200      0.4453200      0.4442100      0.4430900      0.4419700      0.4408300      0.4397000      0.4385600      0.4374200      0.4362900      0.4351500      0.4340200      0.4328900      0.4317700      0.4306500      0.4295500      0.4284400      0.4273500      0.4262700      0.4251900      0.4241300    
  0.4559400      0.4549900      0.4540200      0.4530300      0.4520100      0.4509800      0.4499300      0.4488600      0.4477800      0.4466900      0.4455800      0.4444700      0.4433500      0.4422200      0.4410900      0.4399500      0.4388100      0.4376700      0.4365400      0.4354000      0.4342700      0.4331400      0.4320200      0.4309100      0.4298000      0.4287000      0.4276100      0.4265300      0.4254500      0.4243900    
  0.4559300      0.4549830      0.4538400      0.4533200      0.4523000      0.4512600      0.4502000      0.4491300      0.4480400      0.4469400      0.4458300      0.4447100      0.4435900      0.4424600      0.4413200      0.4401900      0.4390500      0.4379100      0.4367700      0.4356300      0.4345000      0.4333800      0.4322600      0.4311400      0.4300400      0.4289400      0.4278500      0.4267700      0.4257000      0.4246400    
  0.4559220      0.4545180      0.4533200      0.4527550      0.4525700      0.4515200      0.4504500      0.4493700      0.4482800      0.4471800      0.4460700      0.4449400      0.4438200      0.4426800      0.4415400      0.4404000      0.4392600      0.4381200      0.4369900      0.4358500      0.4347200      0.4335900      0.4324700      0.4313600      0.4302600      0.4291600      0.4280700      0.4270000      0.4259300      0.4248700    
  0.4551510      0.4533200      0.4529010      0.4527000      0.4528300      0.4517700      0.4507000      0.4496100      0.4485100      0.4474000      0.4462900      0.4451600      0.4440300      0.4428900      0.4417500      0.4406100      0.4394700      0.4383300      0.4371900      0.4360500      0.4349200      0.4338000      0.4326800      0.4315700      0.4304600      0.4293700      0.4282900      0.4272100      0.4261500      0.4251000    
  0.4533200      0.4529540      0.4527650      0.4528300      0.4522030      0.4520100      0.4509300      0.4498300      0.4487300      0.4476200      0.4464900      0.4453600      0.4442300      0.4430900      0.4419400      0.4408000      0.4396600      0.4385200      0.4373800      0.4362400      0.4351100      0.4339900      0.4328700      0.4317600      0.4306600      0.4295700      0.4284900      0.4274100      0.4263500      0.4253000    
  0.4529750      0.4527970      0.4528300      0.4523480      0.4520100      0.4513630      0.4511500      0.4500500      0.4489400      0.4478200      0.4466900      0.4455500      0.4444100      0.4432700      0.4421300      0.4409800      0.4398300      0.4386900      0.4375500      0.4364200      0.4352900      0.4341600      0.4330500      0.4319400      0.4308400      0.4297500      0.4286700      0.4276000      0.4265500      0.4255000    
  0.4528140      0.4528300      0.4523960      0.4520100      0.4515080      0.4511500      0.4506000      0.4500470      0.4487050      0.4480100      0.4468700      0.4457300      0.4445900      0.4434400      0.4422900      0.4411500      0.4400000      0.4388600      0.4377200      0.4365800      0.4354500      0.4343300      0.4332100      0.4321100      0.4310100      0.4299200      0.4288500      0.4277800      0.4267300      0.4256900    
  0.4528300      0.4524120      0.4520100      0.4515560      0.4511500      0.4508750      0.4505990      0.4493400      0.4480100      0.4474400      0.4465160      0.4459000      0.4447600      0.4436100      0.4424500      0.4413000      0.4401500      0.4390100      0.4378700      0.4367300      0.4356000      0.4344800      0.4333700      0.4322600      0.4311700      0.4300800      0.4290100      0.4279500      0.4269000      0.4258600    
  0.4524170      0.4520100      0.4515720      0.4511500      0.4510120      0.4508750      0.4497060      0.4480100      0.4477250      0.4468040      0.4459850      0.4460700      0.4449100      0.4437600      0.4426000      0.4414500      0.4403000      0.4391500      0.4380100      0.4368700      0.4357500      0.4346200      0.4335100      0.4324100      0.4313200      0.4302400      0.4291700      0.4281100      0.4270600      0.4260300    
  0.4520100      0.4515770      0.4511500      0.4510810      0.4510120      0.4499010      0.4480100      0.4478680      0.4469270      0.4460270      0.4460700      0.4454900      0.4446600      0.4439000      0.4427500      0.4415900      0.4404400      0.4392900      0.4381400      0.4370100      0.4358800      0.4347600      0.4336500      0.4325500      0.4314600      0.4303800      0.4293100      0.4282600      0.4272200      0.4261900    
  0.4515790      0.4511500      0.4511160      0.4510810      0.4500010      0.4480100      0.4479390      0.4469850      0.4460490      0.4460700      0.4457800      0.4450300      0.4439000      0.4433250      0.4427470      0.4415930      0.4404400      0.4392900      0.4377640      0.4371300      0.4360100      0.4348900      0.4337800      0.4326800      0.4315900      0.4305100      0.4294500      0.4284000      0.4273700      0.4263400    
  0.4511500      0.4511330      0.4511160      0.4500520      0.4480100      0.4479740      0.4470130      0.4460590      0.4460700      0.4459250      0.4451950      0.4439000      0.4436120      0.4433240      0.4425550      0.4415930      0.4404410      0.4383870      0.4371900      0.4372500      0.4361200      0.4350000      0.4339000      0.4328000      0.4317200      0.4306400      0.4295800      0.4285400      0.4275100      0.4264900    
  0.4511410      0.4511330      0.4500780      0.4480100      0.4479920      0.4470260      0.4460650      0.4460700      0.4459970      0.4452730      0.4439000      0.4437560      0.4436120      0.4431640      0.4424910      0.4415300      0.4389780      0.4372200      0.4372500      0.4365370      0.4362400      0.4351200      0.4340100      0.4329200      0.4318300      0.4307700      0.4297100      0.4286700      0.4276400      0.4266300    
  0.4511410      0.4500900      0.4480100      0.4480010      0.4470330      0.4460670      0.4460700      0.4460340      0.4453100      0.4439000      0.4438280      0.4437560      0.4435110      0.4430890      0.4423950      0.4395590      0.4372350      0.4372500      0.4366580      0.4363450      0.4356740      0.4352300      0.4341200      0.4330300      0.4319500      0.4308800      0.4298300      0.4287900      0.4277700      0.4267600    
  0.4500970      0.4480100      0.4480060      0.4470370      0.4460690      0.4460700      0.4460520      0.4453280      0.4439000      0.4438640      0.4438280      0.4436980      0.4434520      0.4420510      0.4400090      0.4375590      0.4375600      0.4370420      0.4364640      0.4365000      0.4364500      0.4353300      0.4342300      0.4331300      0.4320600      0.4310000      0.4299500      0.4289100      0.4279000      0.4268900    
  0.4480100      0.4480080      0.4470380      0.4460690      0.4460700      0.4460610      0.4453380      0.4439000      0.4438820      0.4438640      0.4437970      0.4436590      0.4415260      0.4392130      0.4392100      0.4382440      0.4378820      0.4378700      0.4369670      0.4365470      0.4365500      0.4354300      0.4343300      0.4332400      0.4321600      0.4311000      0.4300600      0.4290300      0.4280200      0.4270200    
  0.4480090      0.4470390      0.4460700      0.4460700      0.4460650      0.4453420      0.4439000      0.4438910      0.4438820      0.4438480      0.4425440      0.4407000      0.4397110      0.4392160      0.4392160      0.4392100      0.4383240      0.4378950      0.4378700      0.4369500      0.4366400      0.4355300      0.4344300      0.4333400      0.4322700      0.4312100      0.4301700      0.4291500      0.4281400      0.4271500    
  0.4470400      0.4460700      0.4460700      0.4460680      0.4453440      0.4439000      0.4438950      0.4438910      0.4438740      0.4423350      0.4407000      0.4407000      0.4407000      0.4397160      0.4392230      0.4392230      0.4392100      0.4383200      0.4379200      0.4378700      0.4367400      0.4356200      0.4345200      0.4334400      0.4323700      0.4313200      0.4302800      0.4292600      0.4282600      0.4272800    
  0.4460700      0.4460700      0.4460690      0.4453460      0.4439000      0.4438980      0.4438950      0.4435650      0.4424560      0.4407000      0.4407000      0.4407000      0.4407000      0.4407000      0.4397240      0.4392350      0.4392350      0.4392100      0.4382800      0.4379700      0.4368400      0.4357200      0.4346200      0.4335400      0.4324700      0.4314200      0.4303900      0.4293800      0.4283800      0.4274100    
  0.4460700      0.4460690      0.4453460      0.4439000      0.4438990      0.4439470      0.4440200      0.4433100      0.4426000      0.4413340      0.4407010      0.4407000      0.4407000      0.4407000      0.4407000      0.4397370      0.4392610      0.4392600      0.4392100      0.4380700      0.4369300      0.4358200      0.4347200      0.4336400      0.4325800      0.4315300      0.4305100      0.4295000      0.4285100      0.4275300    
  0.4460700      0.4453460      0.4439000      0.4438990      0.4439570      0.4440200      0.4440200      0.4440200      0.4433100      0.4426000      0.4413360      0.4407030      0.4407000      0.4407000      0.4407000      0.4407000      0.4397530      0.4393130      0.4393100      0.4381600      0.4370300      0.4359200      0.4348200      0.4337400      0.4326800      0.4316400      0.4306200      0.4296200      0.4286300      0.4276700    
