iMOD/TUTORIALS/TUT_MetaswapAnalyser/model_MetaSWAP/meteo/Evaporation/Evaporation_20050909_L1.ASC
NCOLS                30
NROWS                30
XLLCORNER     160000.00
YLLCORNER     340000.00
CELLSIZE        1000.00
NODATA_VALUE   -9999.00
   1.750190       1.747910       1.745590       1.743250       1.740880       1.738480       1.736070       1.733640       1.731200       1.728760       1.726310       1.723870       1.721440       1.719020       1.716600       1.714210       1.711840       1.709490       1.707170       1.704870       1.702610       1.700380       1.698190       1.696040       1.693940       1.691870       1.689850       1.687880       1.685960       1.684090    
   1.743170       1.740910       1.738630       1.736310       1.733960       1.731590       1.729210       1.726810       1.724400       1.721990       1.719580       1.717170       1.714760       1.712370       1.709990       1.707630       1.705290       1.702970       1.700680       1.698410       1.696180       1.693990       1.691830       1.689710       1.687640       1.685600       1.683620       1.681680       1.679790       1.677950    
   1.736070       1.733840       1.731580       1.729290       1.726970       1.724630       1.722280       1.719910       1.717530       1.715150       1.712770       1.710390       1.708010       1.705650       1.703300       1.700970       1.698660       1.696370       1.694110       1.691880       1.689680       1.687520       1.685390       1.683310       1.681260       1.679260       1.677310       1.675400       1.673550       1.671740    
   1.728910       1.726710       1.724470       1.722200       1.719910       1.717600       1.715280       1.712930       1.710590       1.708230       1.705880       1.703530       1.701190       1.698850       1.696540       1.694240       1.691960       1.689700       1.687470       1.685270       1.683110       1.680980       1.678880       1.676830       1.674820       1.672850       1.670930       1.669050       1.667230       1.665460    
   1.721680       1.719500       1.717290       1.715050       1.712790       1.710500       1.708200       1.705890       1.703570       1.701250       1.698920       1.696600       1.694290       1.691990       1.689700       1.687430       1.685180       1.682960       1.680760       1.678590       1.676460       1.674360       1.672300       1.670280       1.668300       1.666370       1.664480       1.662640       1.660850       1.659110    
   1.714390       1.712230       1.710050       1.707830       1.705590       1.703330       1.701060       1.698780       1.696490       1.694190       1.691900       1.689600       1.687320       1.685050       1.682790       1.680560       1.678340       1.676150       1.673980       1.671850       1.669740       1.667680       1.665650       1.663660       1.661720       1.659820       1.657960       1.656160       1.654400       1.652690    
   1.707040       1.704910       1.702740       1.700550       1.698340       1.696100       1.693860       1.691600       1.689340       1.687070       1.684800       1.682540       1.680290       1.678050       1.675820       1.673610       1.671430       1.669270       1.667130       1.665030       1.662960       1.660930       1.658930       1.656980       1.655070       1.653200       1.651380       1.649610       1.647890       1.646210    
   1.699630       1.697520       1.695380       1.693210       1.691020       1.688820       1.686590       1.684360       1.682130       1.679890       1.677650       1.675420       1.673190       1.670980       1.668790       1.666610       1.664450       1.662320       1.660220       1.658150       1.656120       1.654120       1.652150       1.650230       1.648360       1.646520       1.644740       1.643000       1.641310       1.639670    
   1.692170       1.690080       1.687960       1.685820       1.683650       1.681470       1.679270       1.677070       1.674860       1.672650       1.670440       1.668230       1.666040       1.663850       1.661690       1.659540       1.657420       1.655320       1.653250       1.651210       1.649210       1.647240       1.645310       1.643430       1.641580       1.639780       1.638030       1.636330       1.634680       1.633070    
   1.684660       1.682590       1.680490       1.678370       1.676230       1.674070       1.671900       1.669720       1.667540       1.665350       1.663170       1.660990       1.658820       1.656670       1.654530       1.652420       1.650320       1.648260       1.646220       1.644210       1.642240       1.640310       1.638410       1.636560       1.634750       1.632990       1.631270       1.629600       1.627980       1.626420    
   1.684650       1.682580       1.678080       1.670870       1.668750       1.666620       1.664470       1.662320       1.660160       1.658000       1.655840       1.653690       1.651560       1.649430       1.647320       1.645240       1.643170       1.641140       1.639130       1.637160       1.635220       1.633320       1.631460       1.629640       1.627860       1.626130       1.624450       1.622820       1.621240       1.619710    
   1.684640       1.679040       1.670870       1.663630       1.661230       1.659120       1.657000       1.654870       1.652730       1.650600       1.648470       1.646350       1.644230       1.642140       1.640060       1.638000       1.635970       1.633960       1.631990       1.630050       1.628140       1.626270       1.624450       1.622660       1.620920       1.619230       1.617580       1.615980       1.614440       1.612940    
   1.680310       1.670870       1.661400       1.657450       1.653670       1.651580       1.649480       1.647370       1.645260       1.643150       1.641050       1.638950       1.636870       1.634800       1.632750       1.630720       1.628710       1.626740       1.624790       1.622880       1.621010       1.619180       1.617380       1.615630       1.613930       1.612270       1.610660       1.609100       1.607590       1.606130    
   1.670870       1.660380       1.655560       1.653670       1.649750       1.643990       1.641910       1.639830       1.637740       1.635660       1.633580       1.631510       1.629450       1.627410       1.625380       1.623380       1.621410       1.619470       1.617550       1.615670       1.613830       1.612030       1.610270       1.608560       1.606890       1.605260       1.603690       1.602160       1.600690       1.599270    
   1.659880       1.654610       1.653670       1.649140       1.643990       1.640070       1.634310       1.632250       1.630180       1.628120       1.626070       1.624020       1.621990       1.619970       1.617980       1.616010       1.614060       1.612150       1.610260       1.608420       1.606610       1.604840       1.603110       1.601430       1.599800       1.598210       1.596670       1.595180       1.593750       1.592370    
   1.654140       1.653670       1.648930       1.643990       1.639460       1.634310       1.633280       1.632250       1.627770       1.620550       1.618520       1.616500       1.614490       1.612500       1.610530       1.608590       1.606670       1.604780       1.602930       1.601120       1.599340       1.597600       1.595910       1.594260       1.592660       1.591110       1.589610       1.588160       1.586760       1.585420    
   1.653670       1.648860       1.643990       1.639250       1.634310       1.633800       1.633280       1.628460       1.620550       1.619530       1.613170       1.608930       1.606950       1.604990       1.603040       1.601130       1.599240       1.597380       1.595560       1.593770       1.592030       1.590330       1.588670       1.587050       1.585490       1.583970       1.582510       1.581100       1.579740       1.578430    
   1.648840       1.643990       1.639180       1.634310       1.634050       1.633790       1.629020       1.620550       1.620040       1.611940       1.605130       1.601330       1.599380       1.597440       1.595520       1.593630       1.591770       1.589940       1.588150       1.586390       1.584680       1.583010       1.581380       1.579800       1.578280       1.576800       1.575370       1.573990       1.572670       1.571400    
   1.643990       1.639160       1.634310       1.634180       1.634050       1.629350       1.620550       1.620300       1.611420       1.603230       1.601330       1.600360       1.597000       1.589850       1.587960       1.586100       1.584260       1.582460       1.580700       1.578980       1.577290       1.575660       1.574060       1.572520       1.571020       1.569580       1.568190       1.566850       1.565570       1.564340    
   1.639150       1.634310       1.634250       1.634180       1.629530       1.620550       1.620420       1.611180       1.602280       1.601330       1.600840       1.597130       1.589850       1.588900       1.587970       1.586110       1.584270       1.582470       1.575540       1.571530       1.569870       1.568270       1.566710       1.565200       1.563740       1.562330       1.560980       1.559680       1.558430       1.557240    
   1.634310       1.634280       1.634250       1.629630       1.620550       1.620490       1.611060       1.601800       1.601330       1.601090       1.597290       1.589850       1.589380       1.588910       1.587660       1.586120       1.584280       1.574820       1.567790       1.564040       1.562420       1.560850       1.559320       1.557850       1.556420       1.555050       1.553740       1.552470       1.551270       1.550120    
   1.634290       1.634280       1.629680       1.620550       1.620520       1.611000       1.601570       1.601330       1.601210       1.597390       1.589850       1.589610       1.589380       1.588650       1.587560       1.586020       1.575040       1.565910       1.564040       1.560470       1.554940       1.553400       1.551910       1.550470       1.549080       1.547740       1.546460       1.545240       1.544070       1.542960    
   1.634290       1.629700       1.620550       1.620530       1.610970       1.601450       1.601330       1.601270       1.597440       1.589850       1.589730       1.589610       1.589210       1.588530       1.587410       1.570990       1.564980       1.564040       1.552020       1.547430       1.546520       1.545930       1.544470       1.543060       1.541710       1.540410       1.539170       1.537980       1.536850       1.535780    
   1.629710       1.620550       1.620540       1.610950       1.601390       1.601330       1.601300       1.597470       1.589850       1.589790       1.589730       1.589520       1.589120       1.567500       1.552060       1.541340       1.541350       1.540190       1.538640       1.536130       1.539910       1.538430       1.537000       1.535630       1.534310       1.533050       1.531840       1.530700       1.529610       1.528580    
   1.620550       1.620550       1.610950       1.601360       1.601330       1.601310       1.597490       1.589850       1.589820       1.589790       1.589680       1.589460       1.551020       1.504600       1.504840       1.519230       1.517700       1.518650       1.527600       1.532350       1.532360       1.530910       1.529510       1.528170       1.526890       1.525670       1.524500       1.523400       1.522350       1.521360    
   1.620550       1.610940       1.601340       1.601330       1.601320       1.597500       1.589850       1.589840       1.589820       1.589760       1.547100       1.483290       1.497300       1.504360       1.504360       1.504840       1.513050       1.516750       1.518650       1.523250       1.524790       1.523370       1.522010       1.520700       1.519460       1.518270       1.517140       1.516070       1.515070       1.514120    
   1.610940       1.601340       1.601330       1.601330       1.597500       1.589850       1.589840       1.589840       1.589810       1.538650       1.483290       1.483290       1.483290       1.496950       1.503880       1.503880       1.504840       1.511950       1.514840       1.518650       1.517210       1.515820       1.514490       1.513220       1.512010       1.510860       1.509770       1.508740       1.507770       1.506870    
   1.601330       1.601330       1.601330       1.597500       1.589850       1.589850       1.589840       1.553980       1.519830       1.483270       1.483290       1.483290       1.483290       1.483290       1.496250       1.502920       1.502920       1.504840       1.509480       1.511030       1.509610       1.508260       1.506960       1.505720       1.504540       1.503430       1.502380       1.501390       1.500470       1.499600    
   1.601330       1.601330       1.597500       1.589850       1.589850       1.530020       1.440300       1.443370       1.446440       1.470950       1.483230       1.483290       1.483290       1.483290       1.483290       1.494900       1.501010       1.501010       1.504840       1.503400       1.502010       1.500680       1.499410       1.498210       1.497070       1.495990       1.494980       1.494040       1.493150       1.492330    
   1.601330       1.597500       1.589850       1.589850       1.518050       1.440290       1.440290       1.440300       1.443370       1.446440       1.470840       1.483100       1.483290       1.483290       1.483290       1.483290       1.492360       1.497180       1.497180       1.495760       1.494400       1.493100       1.491860       1.490690       1.489590       1.488550       1.487580       1.486670       1.485830       1.485050    
