iMOD/TUTORIALS/TUT_MetaswapAnalyser/model_MetaSWAP/meteo/Evaporation/Evaporation_20061010_L1.ASC
NCOLS                30
NROWS                30
XLLCORNER     160000.00
YLLCORNER     340000.00
CELLSIZE        1000.00
NODATA_VALUE   -9999.00
  0.9035100      0.9040300      0.9045800      0.9051700      0.9057700      0.9064000      0.9070500      0.9077200      0.9083900      0.9090600      0.9097400      0.9104200      0.9110900      0.9117600      0.9124100      0.9130500      0.9136700      0.9142700      0.9148600      0.9154200      0.9159500      0.9164600      0.9169400      0.9173900      0.9178000      0.9181900      0.9185500      0.9188700      0.9191600      0.9194100    
  0.9098200      0.9103700      0.9109400      0.9115500      0.9121700      0.9128200      0.9134900      0.9141600      0.9148500      0.9155400      0.9162300      0.9169200      0.9176000      0.9182700      0.9189400      0.9195800      0.9202100      0.9208200      0.9214100      0.9219700      0.9225000      0.9230100      0.9234900      0.9239400      0.9243600      0.9247500      0.9251000      0.9254200      0.9257000      0.9259500    
  0.9161800      0.9167500      0.9173500      0.9179800      0.9186300      0.9192900      0.9199700      0.9206700      0.9213700      0.9220700      0.9227700      0.9234700      0.9241600      0.9248400      0.9255100      0.9261700      0.9268000      0.9274200      0.9280100      0.9285700      0.9291100      0.9296200      0.9301000      0.9305500      0.9309700      0.9313500      0.9317000      0.9320100      0.9322900      0.9325300    
  0.9225800      0.9231800      0.9238100      0.9244600      0.9251200      0.9258100      0.9265100      0.9272200      0.9279300      0.9286500      0.9293600      0.9300700      0.9307700      0.9314600      0.9321400      0.9328000      0.9334400      0.9340600      0.9346600      0.9352200      0.9357600      0.9362800      0.9367500      0.9372000      0.9376200      0.9379900      0.9383400      0.9386400      0.9389200      0.9391500    
  0.9290300      0.9296500      0.9303000      0.9309800      0.9316700      0.9323700      0.9330900      0.9338100      0.9345400      0.9352700      0.9360000      0.9367200      0.9374300      0.9381300      0.9388200      0.9394800      0.9401300      0.9407500      0.9413500      0.9419200      0.9424600      0.9429700      0.9434500      0.9439000      0.9443100      0.9446800      0.9450200      0.9453200      0.9455800      0.9458100    
  0.9355100      0.9361600      0.9368400      0.9375400      0.9382500      0.9389700      0.9397100      0.9404500      0.9411900      0.9419400      0.9426800      0.9434100      0.9441300      0.9448400      0.9455300      0.9462100      0.9468600      0.9474900      0.9480900      0.9486600      0.9492100      0.9497200      0.9501900      0.9506400      0.9510400      0.9514100      0.9517400      0.9520400      0.9522900      0.9525100    
  0.9420200      0.9427100      0.9434100      0.9441300      0.9448700      0.9456100      0.9463700      0.9471300      0.9478900      0.9486500      0.9494000      0.9501400      0.9508800      0.9515900      0.9522900      0.9529800      0.9536300      0.9542600      0.9548700      0.9554400      0.9559900      0.9565000      0.9569700      0.9574100      0.9578100      0.9581800      0.9585000      0.9587900      0.9590400      0.9592400    
  0.9485700      0.9492800      0.9500100      0.9507600      0.9515200      0.9522900      0.9530600      0.9538400      0.9546200      0.9553900      0.9561600      0.9569100      0.9576600      0.9583800      0.9590900      0.9597800      0.9604400      0.9610800      0.9616900      0.9622600      0.9628100      0.9633200      0.9637900      0.9642300      0.9646200      0.9649800      0.9653000      0.9655800      0.9658100      0.9660100    
  0.9551500      0.9558900      0.9566500      0.9574200      0.9582000      0.9589900      0.9597900      0.9605800      0.9613800      0.9621700      0.9629500      0.9637200      0.9644700      0.9652100      0.9659300      0.9666200      0.9672900      0.9679300      0.9685400      0.9691200      0.9696600      0.9701700      0.9706400      0.9710700      0.9714700      0.9718200      0.9721300      0.9724000      0.9726200      0.9728100    
  0.9617500      0.9625200      0.9633100      0.9641100      0.9649100      0.9657300      0.9665400      0.9673600      0.9681700      0.9689700      0.9697700      0.9705500      0.9713200      0.9720700      0.9727900      0.9734900      0.9741700      0.9748100      0.9754300      0.9760100      0.9765500      0.9770600      0.9775300      0.9779500      0.9783400      0.9786800      0.9789900      0.9792500      0.9794600      0.9796300    
  0.9617530      0.9625270      0.9651900      0.9708200      0.9716500      0.9724800      0.9733200      0.9741600      0.9749900      0.9758100      0.9766200      0.9774200      0.9782000      0.9789500      0.9796900      0.9804000      0.9810800      0.9817300      0.9823400      0.9829200      0.9834700      0.9839700      0.9844400      0.9848600      0.9852400      0.9855800      0.9858700      0.9861200      0.9863300      0.9864900    
  0.9617590      0.9650730      0.9708200      0.9765150      0.9784100      0.9792700      0.9801300      0.9809800      0.9818300      0.9826700      0.9835000      0.9843100      0.9851000      0.9858700      0.9866100      0.9873300      0.9880100      0.9886700      0.9892900      0.9898700      0.9904100      0.9909200      0.9913800      0.9918000      0.9921700      0.9925000      0.9927900      0.9930200      0.9932200      0.9933600    
  0.9646640      0.9708200      0.9785770      0.9817950      0.9851800      0.9860700      0.9869500      0.9878300      0.9886900      0.9895500      0.9903900      0.9912200      0.9920200      0.9928000      0.9935600      0.9942800      0.9949800      0.9956300      0.9962600      0.9968400      0.9973800      0.9978900      0.9983400      0.9987600      0.9991200      0.9994500      0.9997200      0.9999500       1.000130       1.000260    
  0.9708200      0.9795160      0.9834870      0.9851800      0.9880430      0.9928800      0.9937900      0.9946900      0.9955800      0.9964500      0.9973100      0.9981500      0.9989700      0.9997600       1.000520       1.001260       1.001960       1.002620       1.003250       1.003830       1.004380       1.004880       1.005330       1.005740       1.006100       1.006410       1.006680       1.006890       1.007060       1.007180    
  0.9799630      0.9843340      0.9851800      0.9887010      0.9928800      0.9957700       1.000640       1.001560       1.002470       1.003370       1.004240       1.005100       1.005930       1.006740       1.007510       1.008250       1.008960       1.009630       1.010260       1.010840       1.011390       1.011890       1.012340       1.012740       1.013090       1.013400       1.013650       1.013850       1.014010       1.014110    
  0.9847570      0.9851800      0.9889200      0.9928800      0.9964300       1.000640       1.001100       1.001560       1.004430       1.010300       1.011190       1.012060       1.012910       1.013730       1.014510       1.015260       1.015980       1.016650       1.017280       1.017870       1.018420       1.018910       1.019360       1.019760       1.020100       1.020400       1.020640       1.020830       1.020970       1.021060    
  0.9851800      0.9889930      0.9928800      0.9966500       1.000640       1.000870       1.001100       1.004350       1.010300       1.010750       1.015720       1.019040       1.019900       1.020730       1.021530       1.022290       1.023010       1.023690       1.024330       1.024920       1.025460       1.025950       1.026400       1.026790       1.027130       1.027410       1.027640       1.027820       1.027950       1.028020    
  0.9890180      0.9928800      0.9967230       1.000640       1.000760       1.000870       1.004150       1.010300       1.010520       1.017060       1.022530       1.026020       1.026900       1.027740       1.028550       1.029320       1.030050       1.030740       1.031380       1.031970       1.032510       1.033000       1.033440       1.033830       1.034160       1.034440       1.034660       1.034820       1.034930       1.034980    
  0.9928800      0.9967480       1.000640       1.000700       1.000750       1.004020       1.010300       1.010410       1.017640       1.024280       1.026020       1.026460       1.028860       1.034760       1.035580       1.036360       1.037100       1.037790       1.038440       1.039030       1.039580       1.040070       1.040500       1.040880       1.041200       1.041470       1.041680       1.041830       1.041920       1.041960    
  0.9967560       1.000640       1.000670       1.000700       1.003940       1.010300       1.010360       1.017900       1.025150       1.026020       1.026240       1.029020       1.034760       1.035170       1.035570       1.036350       1.037080       1.037780       1.042910       1.046100       1.046650       1.047130       1.047560       1.047940       1.048250       1.048510       1.048700       1.048840       1.048920       1.048940    
   1.000640       1.000650       1.000670       1.003900       1.010300       1.010330       1.018030       1.025580       1.026020       1.026130       1.029010       1.034760       1.034970       1.035170       1.035690       1.036330       1.037070       1.044110       1.049630       1.053170       1.053720       1.054200       1.054630       1.055000       1.055300       1.055550       1.055730       1.055850       1.055910       1.055920    
   1.000650       1.000650       1.003880       1.010300       1.010310       1.018100       1.025800       1.026020       1.026080       1.028980       1.034760       1.034860       1.034960       1.035270       1.035730       1.036370       1.044420       1.051400       1.053170       1.055890       1.060790       1.061280       1.061700       1.062060       1.062350       1.062590       1.062760       1.062860       1.062910       1.062890    
   1.000650       1.003870       1.010300       1.010310       1.018130       1.025910       1.026020       1.026050       1.028960       1.034760       1.034810       1.034860       1.035030       1.035320       1.035790       1.048630       1.052290       1.053170       1.063840       1.067860       1.068150       1.068340       1.068760       1.069120       1.069400       1.069620       1.069780       1.069870       1.069900       1.069860    
   1.003870       1.010300       1.010300       1.018140       1.025970       1.026020       1.026030       1.028950       1.034760       1.034790       1.034810       1.034900       1.035070       1.053760       1.066350       1.074340       1.074340       1.075050       1.076100       1.078450       1.074930       1.075410       1.075820       1.076170       1.076450       1.076660       1.076800       1.076870       1.076880       1.076830    
   1.010300       1.010300       1.018150       1.025990       1.026020       1.026030       1.028940       1.034760       1.034770       1.034790       1.034830       1.034930       1.068430       1.109100       1.108880       1.095120       1.096390       1.095510       1.086650       1.081980       1.081980       1.082460       1.082870       1.083210       1.083480       1.083680       1.083810       1.083870       1.083860       1.083780    
   1.010300       1.018160       1.026010       1.026020       1.026020       1.028940       1.034760       1.034770       1.034770       1.034800       1.072480       1.128920       1.115880       1.109310       1.109310       1.108880       1.100880       1.097260       1.095510       1.090650       1.089030       1.089510       1.089910       1.090250       1.090500       1.090690       1.090800       1.090840       1.090820       1.090720    
   1.018160       1.026010       1.026020       1.026020       1.028940       1.034760       1.034760       1.034770       1.034780       1.079980       1.128920       1.128920       1.128920       1.116200       1.109750       1.109750       1.108880       1.101880       1.099010       1.095510       1.096060       1.096540       1.096940       1.097260       1.097510       1.097690       1.097780       1.097810       1.097760       1.097640    
   1.026020       1.026020       1.026020       1.028930       1.034760       1.034760       1.034760       1.066530       1.096700       1.128940       1.128920       1.128920       1.128920       1.128920       1.116840       1.110620       1.110620       1.108880       1.104100       1.102520       1.103070       1.103550       1.103950       1.104270       1.104500       1.104660       1.104750       1.104750       1.104680       1.104540    
   1.026020       1.026020       1.028930       1.034760       1.034760       1.087800       1.167350       1.164580       1.161800       1.139930       1.128980       1.128920       1.128920       1.128920       1.128920       1.118060       1.112350       1.112350       1.108880       1.109510       1.110070       1.110540       1.110940       1.111250       1.111470       1.111620       1.111690       1.111670       1.111580       1.111420    
   1.026020       1.028930       1.034760       1.034760       1.098410       1.167360       1.167360       1.167350       1.164580       1.161800       1.140030       1.129090       1.128920       1.128920       1.128920       1.128920       1.120350       1.115830       1.115830       1.116480       1.117030       1.117510       1.117900       1.118200       1.118420       1.118550       1.118600       1.118570       1.118450       1.118260    
