iMOD/TUTORIALS/TUT_MetaswapAnalyser/model_MetaSWAP/meteo/Evaporation/Evaporation_20050824_L1.ASC
NCOLS                30
NROWS                30
XLLCORNER     160000.00
YLLCORNER     340000.00
CELLSIZE        1000.00
NODATA_VALUE   -9999.00
   3.029740       3.034220       3.038640       3.043000       3.047310       3.051560       3.055770       3.059930       3.064040       3.068110       3.072140       3.076130       3.080080       3.084000       3.087890       3.091750       3.095580       3.099380       3.103160       3.106910       3.110640       3.114350       3.118040       3.121720       3.125380       3.129020       3.132660       3.136280       3.139880       3.143480    
   3.031420       3.035880       3.040280       3.044630       3.048930       3.053170       3.057370       3.061520       3.065620       3.069690       3.073710       3.077700       3.081650       3.085570       3.089460       3.093320       3.097150       3.100950       3.104730       3.108490       3.112230       3.115940       3.119640       3.123320       3.126990       3.130640       3.134280       3.137910       3.141530       3.145140    
   3.033070       3.037510       3.041900       3.046230       3.050510       3.054750       3.058940       3.063080       3.067180       3.071240       3.075260       3.079240       3.083190       3.087110       3.091000       3.094860       3.098690       3.102490       3.106280       3.110040       3.113780       3.117500       3.121200       3.124890       3.128570       3.132230       3.135880       3.139510       3.143140       3.146760    
   3.034690       3.039110       3.043480       3.047800       3.052070       3.056300       3.060480       3.064610       3.068700       3.072760       3.076780       3.080760       3.084700       3.088620       3.092510       3.096360       3.100200       3.104010       3.107790       3.111560       3.115300       3.119030       3.122740       3.126430       3.130110       3.133780       3.137440       3.141090       3.144730       3.148360    
   3.036290       3.040690       3.045050       3.049350       3.053610       3.057820       3.061990       3.066120       3.070200       3.074250       3.078260       3.082240       3.086190       3.090100       3.093990       3.097840       3.101680       3.105490       3.109280       3.113040       3.116790       3.120530       3.124240       3.127940       3.131630       3.135310       3.138980       3.142630       3.146280       3.149920    
   3.037870       3.042260       3.046590       3.050880       3.055120       3.059320       3.063480       3.067600       3.071680       3.075720       3.079720       3.083700       3.087640       3.091550       3.095440       3.099300       3.103130       3.106940       3.110730       3.114510       3.118260       3.122000       3.125720       3.129430       3.133130       3.136810       3.140490       3.144150       3.147810       3.151460    
   3.039430       3.043800       3.048110       3.052390       3.056620       3.060800       3.064950       3.069060       3.073130       3.077160       3.081160       3.085130       3.089070       3.092980       3.096860       3.100720       3.104560       3.108370       3.112170       3.115940       3.119700       3.123440       3.127170       3.130890       3.134590       3.138290       3.141970       3.145650       3.149320       3.152980    
   3.040980       3.045320       3.049620       3.053870       3.058090       3.062260       3.066400       3.070490       3.074560       3.078580       3.082580       3.086540       3.090480       3.094390       3.098270       3.102130       3.105960       3.109780       3.113570       3.117350       3.121120       3.124860       3.128600       3.132320       3.136040       3.139740       3.143430       3.147120       3.150800       3.154470    
   3.042500       3.046830       3.051110       3.055340       3.059540       3.063700       3.067830       3.071910       3.075970       3.079980       3.083970       3.087930       3.091860       3.095770       3.099650       3.103510       3.107340       3.111160       3.114960       3.118740       3.122510       3.126260       3.130000       3.133730       3.137450       3.141170       3.144870       3.148570       3.152260       3.155940    
   3.044020       3.048320       3.052580       3.056800       3.060980       3.065130       3.069240       3.073310       3.077360       3.081370       3.085350       3.089300       3.093230       3.097130       3.101010       3.104870       3.108700       3.112520       3.116320       3.120110       3.123880       3.127640       3.131390       3.135120       3.138850       3.142570       3.146290       3.149990       3.153690       3.157390    
   3.044010       3.048310       3.053990       3.058240       3.062410       3.066540       3.070640       3.074700       3.078730       3.082740       3.086710       3.090660       3.094580       3.098480       3.102350       3.106210       3.110050       3.113860       3.117670       3.121460       3.125230       3.129000       3.132750       3.136490       3.140230       3.143960       3.147680       3.151400       3.155110       3.158820    
   3.043990       3.051130       3.058240       3.062420       3.063820       3.067940       3.072020       3.076070       3.080090       3.084090       3.088050       3.091990       3.095910       3.099810       3.103680       3.107530       3.111370       3.115190       3.118990       3.122790       3.126570       3.130340       3.134090       3.137850       3.141590       3.145330       3.149060       3.152790       3.156510       3.160230    
   3.048260       3.058240       3.062600       3.064520       3.065220       3.069320       3.073390       3.077430       3.081440       3.085430       3.089380       3.093320       3.097230       3.101120       3.104990       3.108840       3.112680       3.116500       3.120300       3.124100       3.127880       3.131660       3.135420       3.139180       3.142930       3.146680       3.150420       3.154160       3.157890       3.161620    
   3.058240       3.062730       3.064870       3.065220       3.068410       3.070700       3.074750       3.078780       3.082780       3.086750       3.090700       3.094630       3.098530       3.102420       3.106290       3.110140       3.113970       3.117790       3.121600       3.125400       3.129180       3.132960       3.136730       3.140500       3.144260       3.148010       3.151760       3.155510       3.159260       3.163000    
   3.062810       3.065040       3.065220       3.068110       3.070700       3.073850       3.076100       3.080120       3.084110       3.088070       3.092010       3.095930       3.099830       3.103710       3.107570       3.111420       3.115250       3.119070       3.122880       3.126680       3.130470       3.134250       3.138030       3.141800       3.145570       3.149330       3.153090       3.156850       3.160610       3.164370    
   3.065130       3.065220       3.068010       3.070700       3.073550       3.076100       3.078110       3.080110       3.085420       3.089380       3.093310       3.097220       3.101110       3.104990       3.108840       3.112690       3.116520       3.120340       3.124150       3.127950       3.131740       3.135530       3.139310       3.143090       3.146870       3.150640       3.154410       3.158180       3.161950       3.165720    
   3.065220       3.067980       3.070700       3.073450       3.076100       3.077110       3.078110       3.083260       3.089380       3.091350       3.095640       3.098500       3.102390       3.106250       3.110110       3.113950       3.117780       3.121600       3.125410       3.129210       3.133010       3.136800       3.140590       3.144370       3.148150       3.151930       3.155710       3.159490       3.163270       3.167050    
   3.067970       3.070700       3.073420       3.076100       3.076600       3.077100       3.081960       3.089380       3.090360       3.095060       3.099140       3.099780       3.103650       3.107520       3.111360       3.115200       3.119030       3.122850       3.126660       3.130460       3.134260       3.138060       3.141850       3.145640       3.149430       3.153220       3.157010       3.160800       3.164590       3.168380    
   3.070700       3.073410       3.076100       3.076350       3.076600       3.081260       3.089380       3.089870       3.094810       3.099460       3.099780       3.101720       3.104930       3.108770       3.112610       3.116450       3.120270       3.124090       3.127900       3.131700       3.135510       3.139310       3.143100       3.146900       3.150700       3.154490       3.158290       3.162090       3.165900       3.169700    
   3.073400       3.076100       3.076230       3.076350       3.080900       3.089380       3.089630       3.094690       3.099620       3.099780       3.100750       3.103800       3.108770       3.110690       3.112610       3.116440       3.120270       3.124090       3.130160       3.132940       3.136740       3.140550       3.144350       3.148150       3.151960       3.155760       3.159570       3.163380       3.167200       3.171010    
   3.076100       3.076160       3.076230       3.080710       3.089380       3.089500       3.094640       3.099700       3.099780       3.100260       3.103270       3.108770       3.109730       3.110690       3.113250       3.116440       3.120270       3.128450       3.133550       3.134170       3.137980       3.141780       3.145590       3.149400       3.153210       3.157020       3.160840       3.164660       3.168490       3.172320    
   3.076130       3.076160       3.080620       3.089380       3.089440       3.094610       3.099740       3.099780       3.100020       3.103020       3.108770       3.109250       3.109730       3.111220       3.113460       3.116650       3.126640       3.133860       3.134170       3.137120       3.139210       3.143010       3.146820       3.150640       3.154460       3.158280       3.162110       3.165940       3.169780       3.173620    
   3.076130       3.080570       3.089380       3.089410       3.094590       3.099760       3.099780       3.099900       3.102900       3.108770       3.109010       3.109250       3.110070       3.111470       3.113780       3.125720       3.134020       3.134170       3.138500       3.140430       3.142720       3.144240       3.148060       3.151880       3.155700       3.159530       3.163370       3.167210       3.171060       3.174920    
   3.080550       3.089380       3.089400       3.094590       3.099770       3.099780       3.099840       3.102840       3.108770       3.108890       3.109010       3.109440       3.110260       3.118880       3.128210       3.137850       3.137850       3.139710       3.141860       3.142260       3.141650       3.145470       3.149290       3.153110       3.156950       3.160780       3.164630       3.168480       3.172340       3.176210    
   3.089380       3.089390       3.094580       3.099780       3.099780       3.099810       3.102810       3.108770       3.108830       3.108890       3.109110       3.109570       3.123820       3.140230       3.140190       3.140240       3.141670       3.141520       3.142530       3.142880       3.142880       3.146700       3.150520       3.154350       3.158190       3.162030       3.165890       3.169750       3.173630       3.177510    
   3.089380       3.094580       3.099780       3.099780       3.099800       3.102790       3.108770       3.108800       3.108830       3.108940       3.121590       3.140190       3.140250       3.140270       3.140270       3.140190       3.141260       3.141830       3.141520       3.143460       3.144100       3.147920       3.151750       3.155590       3.159430       3.163290       3.167150       3.171020       3.174910       3.178800    
   3.094580       3.099780       3.099780       3.099790       3.102780       3.108770       3.108780       3.108800       3.108860       3.123950       3.140190       3.140190       3.140190       3.140310       3.140350       3.140350       3.140190       3.141490       3.142140       3.141520       3.145330       3.149150       3.152980       3.156830       3.160680       3.164540       3.168410       3.172300       3.176190       3.180100    
   3.099780       3.099780       3.099780       3.102780       3.108770       3.108780       3.108780       3.117380       3.127670       3.140190       3.140190       3.140190       3.140190       3.140190       3.140420       3.140500       3.140500       3.140190       3.142110       3.142750       3.146570       3.150390       3.154220       3.158070       3.161930       3.165800       3.169680       3.173580       3.177480       3.181400    
   3.099780       3.099780       3.102780       3.108770       3.108770       3.121580       3.140790       3.141940       3.143080       3.141160       3.140200       3.140190       3.140190       3.140190       3.140190       3.140660       3.140820       3.140810       3.140190       3.143990       3.147800       3.151630       3.155470       3.159320       3.163180       3.167060       3.170950       3.174860       3.178780       3.182710    
   3.099780       3.102780       3.108770       3.108770       3.124140       3.140790       3.140790       3.140790       3.141940       3.143080       3.141180       3.140220       3.140190       3.140190       3.140190       3.140190       3.141130       3.141440       3.141440       3.145240       3.149050       3.152880       3.156720       3.160570       3.164440       3.168330       3.172230       3.176150       3.180080       3.184030    
