iMOD/TUTORIALS/TUT_MetaswapAnalyser/model_MetaSWAP/meteo/Evaporation/Evaporation_20050624_L1.ASC
NCOLS                30
NROWS                30
XLLCORNER     160000.00
YLLCORNER     340000.00
CELLSIZE        1000.00
NODATA_VALUE   -9999.00
   4.940840       4.942220       4.943580       4.944900       4.946200       4.947480       4.948750       4.950000       4.951230       4.952460       4.953680       4.954890       4.956100       4.957310       4.958510       4.959720       4.960940       4.962150       4.963380       4.964600       4.965840       4.967080       4.968340       4.969600       4.970870       4.972150       4.973440       4.974740       4.976050       4.977370    
   4.948820       4.950250       4.951650       4.953020       4.954370       4.955700       4.957010       4.958310       4.959590       4.960860       4.962120       4.963370       4.964620       4.965860       4.967100       4.968330       4.969570       4.970810       4.972050       4.973300       4.974550       4.975800       4.977060       4.978320       4.979590       4.980870       4.982160       4.983450       4.984740       4.986050    
   4.956840       4.958310       4.959750       4.961170       4.962570       4.963950       4.965310       4.966650       4.967970       4.969290       4.970590       4.971880       4.973160       4.974430       4.975700       4.976970       4.978230       4.979490       4.980750       4.982010       4.983280       4.984540       4.985800       4.987070       4.988340       4.989620       4.990900       4.992180       4.993470       4.994760    
   4.964880       4.966400       4.967890       4.969360       4.970800       4.972230       4.973630       4.975020       4.976380       4.977740       4.979080       4.980400       4.981720       4.983030       4.984330       4.985620       4.986910       4.988190       4.989470       4.990750       4.992020       4.993300       4.994570       4.995840       4.997110       4.998380       4.999660       5.000930       5.002210       5.003490    
   4.972970       4.974520       4.976060       4.977570       4.979060       4.980530       4.981980       4.983410       4.984820       4.986210       4.987590       4.988950       4.990310       4.991650       4.992980       4.994300       4.995610       4.996920       4.998210       4.999510       5.000790       5.002080       5.003350       5.004630       5.005900       5.007170       5.008440       5.009700       5.010970       5.012240    
   4.981080       4.982680       4.984260       4.985810       4.987350       4.988860       4.990350       4.991820       4.993270       4.994710       4.996130       4.997530       4.998910       5.000280       5.001640       5.002990       5.004330       5.005660       5.006970       5.008280       5.009580       5.010870       5.012160       5.013440       5.014710       5.015980       5.017240       5.018500       5.019750       5.021000    
   4.989220       4.990860       4.992480       4.994080       4.995660       4.997210       4.998750       5.000260       5.001750       5.003230       5.004680       5.006120       5.007540       5.008940       5.010330       5.011700       5.013070       5.014410       5.015750       5.017070       5.018380       5.019680       5.020980       5.022260       5.023530       5.024800       5.026050       5.027300       5.028550       5.029780    
   4.997390       4.999070       5.000740       5.002380       5.004000       5.005590       5.007170       5.008720       5.010250       5.011760       5.013260       5.014730       5.016180       5.017620       5.019030       5.020430       5.021820       5.023190       5.024540       5.025880       5.027200       5.028510       5.029810       5.031100       5.032370       5.033630       5.034880       5.036120       5.037360       5.038580    
   5.005590       5.007310       5.009010       5.010690       5.012350       5.013990       5.015610       5.017200       5.018770       5.020320       5.021850       5.023350       5.024840       5.026300       5.027750       5.029180       5.030580       5.031970       5.033340       5.034700       5.036030       5.037350       5.038660       5.039940       5.041220       5.042480       5.043720       5.044960       5.046180       5.047390    
   5.013800       5.015570       5.017310       5.019030       5.020730       5.022410       5.024060       5.025700       5.027300       5.028890       5.030450       5.031990       5.033510       5.035010       5.036480       5.037930       5.039360       5.040770       5.042160       5.043530       5.044880       5.046200       5.047510       5.048810       5.050080       5.051340       5.052580       5.053800       5.055010       5.056200    
   5.013800       5.015560       5.019820       5.027390       5.029130       5.030840       5.032540       5.034210       5.035850       5.037480       5.039070       5.040650       5.042200       5.043720       5.045220       5.046700       5.048150       5.049580       5.050990       5.052370       5.053730       5.055070       5.056380       5.057680       5.058950       5.060200       5.061440       5.062650       5.063850       5.065030    
   5.013790       5.019140       5.027390       5.035010       5.037540       5.039290       5.041030       5.042730       5.044420       5.046070       5.047710       5.049310       5.050890       5.052450       5.053980       5.055480       5.056950       5.058400       5.059820       5.061220       5.062590       5.063930       5.065260       5.066550       5.067820       5.069070       5.070300       5.071510       5.072690       5.073860    
   5.018080       5.027390       5.037530       5.041750       5.045960       5.047760       5.049530       5.051270       5.052990       5.054680       5.056350       5.057990       5.059600       5.061180       5.062740       5.064260       5.065760       5.067230       5.068660       5.070080       5.071460       5.072810       5.074140       5.075430       5.076710       5.077950       5.079170       5.080370       5.081540       5.082690    
   5.027390       5.038680       5.043850       5.045960       5.049980       5.056230       5.058040       5.059820       5.061570       5.063300       5.065000       5.066670       5.068310       5.069920       5.071500       5.073050       5.074570       5.076060       5.077510       5.078940       5.080330       5.081690       5.083020       5.084320       5.085590       5.086830       5.088050       5.089230       5.090390       5.091530    
   5.039240       5.044910       5.045960       5.050720       5.056230       5.060270       5.066550       5.068370       5.070160       5.071920       5.073660       5.075360       5.077030       5.078670       5.080270       5.081850       5.083390       5.084890       5.086360       5.087800       5.089200       5.090570       5.091900       5.093210       5.094480       5.095710       5.096920       5.098100       5.099240       5.100360    
   5.045430       5.045960       5.050970       5.056230       5.061020       5.066550       5.067460       5.068360       5.072750       5.080550       5.082320       5.084050       5.085750       5.087420       5.089050       5.090640       5.092200       5.093730       5.095210       5.096660       5.098080       5.099450       5.100790       5.102090       5.103360       5.104590       5.105790       5.106960       5.108090       5.109200    
   5.045960       5.051050       5.056230       5.061270       5.066550       5.067010       5.067460       5.072280       5.080550       5.081440       5.088220       5.092740       5.094470       5.096160       5.097820       5.099440       5.101020       5.102560       5.104060       5.105530       5.106950       5.108330       5.109670       5.110980       5.112240       5.113470       5.114660       5.115810       5.116940       5.118020    
   5.051080       5.056230       5.061350       5.066550       5.066780       5.067000       5.071820       5.080550       5.080990       5.089740       5.097080       5.101430       5.103190       5.104910       5.106590       5.108230       5.109840       5.111400       5.112910       5.114390       5.115820       5.117210       5.118550       5.119860       5.121120       5.122340       5.123520       5.124670       5.125770       5.126840    
   5.056230       5.061380       5.066550       5.066660       5.066780       5.071540       5.080550       5.080770       5.090390       5.099260       5.101430       5.102310       5.105790       5.113650       5.115360       5.117020       5.118650       5.120220       5.121750       5.123240       5.124680       5.126080       5.127430       5.128730       5.129990       5.131200       5.132380       5.133510       5.134600       5.135650    
   5.061390       5.066550       5.066610       5.066660       5.071380       5.080550       5.080660       5.090700       5.100340       5.101430       5.101870       5.105800       5.113650       5.114500       5.115340       5.117010       5.118630       5.120210       5.127640       5.132090       5.133540       5.134940       5.136290       5.137590       5.138850       5.140060       5.141220       5.142340       5.143410       5.144450    
   5.066550       5.066580       5.066610       5.071300       5.080550       5.080610       5.090850       5.100890       5.101430       5.101650       5.105690       5.113650       5.114080       5.114500       5.115620       5.116990       5.118620       5.128780       5.136510       5.140920       5.142380       5.143790       5.145140       5.146450       5.147700       5.148900       5.150050       5.151160       5.152220       5.153230    
   5.066560       5.066580       5.071260       5.080550       5.080580       5.090920       5.101160       5.101430       5.101540       5.105600       5.113650       5.113860       5.114080       5.114730       5.115700       5.117080       5.128800       5.138710       5.140920       5.144840       5.151210       5.152630       5.153980       5.155280       5.156530       5.157720       5.158860       5.159960       5.161000       5.162000    
   5.066560       5.071240       5.080550       5.080560       5.090950       5.101290       5.101430       5.101490       5.105560       5.113650       5.113760       5.113860       5.114220       5.114840       5.115840       5.133730       5.139820       5.140920       5.154750       5.160020       5.160870       5.161450       5.162810       5.164100       5.165350       5.166530       5.167660       5.168740       5.169760       5.170740    
   5.071230       5.080550       5.080560       5.090970       5.101360       5.101430       5.101460       5.105530       5.113650       5.113700       5.113760       5.113950       5.114310       5.138560       5.155630       5.167250       5.167260       5.168540       5.170280       5.173220       5.168830       5.170250       5.171610       5.172910       5.174140       5.175320       5.176440       5.177500       5.178510       5.179460    
   5.080550       5.080550       5.090980       5.101400       5.101430       5.101440       5.105520       5.113650       5.113680       5.113700       5.113800       5.114000       5.157260       5.209610       5.209340       5.192810       5.194680       5.193590       5.183140       5.177600       5.177610       5.179030       5.180390       5.181690       5.182920       5.184090       5.185190       5.186240       5.187220       5.188160    
   5.080550       5.090990       5.101410       5.101430       5.101440       5.105510       5.113650       5.113660       5.113680       5.113730       5.161630       5.233320       5.217730       5.209880       5.209880       5.209340       5.199980       5.195760       5.193590       5.188160       5.186360       5.187790       5.189150       5.190440       5.191670       5.192820       5.193920       5.194950       5.195910       5.196830    
   5.090990       5.101420       5.101430       5.101430       5.105510       5.113650       5.113660       5.113660       5.113690       5.171130       5.233320       5.233320       5.233320       5.218130       5.210420       5.210420       5.209340       5.201230       5.197940       5.193590       5.195090       5.196530       5.197890       5.199170       5.200390       5.201540       5.202610       5.203620       5.204570       5.205460    
   5.101430       5.101430       5.101430       5.105500       5.113650       5.113650       5.113660       5.153540       5.191940       5.233340       5.233320       5.233320       5.233320       5.233320       5.218910       5.211490       5.211490       5.209340       5.204040       5.202280       5.203790       5.205230       5.206590       5.207870       5.209080       5.210210       5.211280       5.212270       5.213200       5.214060    
   5.101430       5.101430       5.105500       5.113650       5.113650       5.179890       5.279230       5.276190       5.273150       5.246660       5.233390       5.233320       5.233320       5.233320       5.233320       5.220430       5.213640       5.213640       5.209340       5.210940       5.212460       5.213900       5.215260       5.216540       5.217740       5.218860       5.219900       5.220880       5.221780       5.222620    
   5.101430       5.105500       5.113650       5.113650       5.193140       5.279250       5.279250       5.279230       5.276190       5.273150       5.246780       5.233530       5.233320       5.233320       5.233320       5.233320       5.223280       5.217940       5.217950       5.219560       5.221090       5.222530       5.223890       5.225160       5.226360       5.227460       5.228490       5.229450       5.230330       5.231140    
