iMOD/TUTORIALS/TUT_MetaswapAnalyser/model_MetaSWAP/meteo/Evaporation/Evaporation_20050218_L1.ASC
NCOLS                30
NROWS                30
XLLCORNER     160000.00
YLLCORNER     340000.00
CELLSIZE        1000.00
NODATA_VALUE   -9999.00
  0.4615500      0.4635300      0.4655100      0.4674700      0.4694200      0.4713600      0.4732800      0.4751900      0.4770900      0.4789700      0.4808200      0.4826600      0.4844800      0.4862800      0.4880600      0.4898100      0.4915400      0.4932500      0.4949400      0.4965900      0.4982300      0.4998400      0.5014200      0.5029800      0.5045100      0.5060200      0.5075000      0.5089600      0.5103900      0.5117900    
  0.4650900      0.4670800      0.4690600      0.4710300      0.4729900      0.4749300      0.4768600      0.4787800      0.4806800      0.4825600      0.4844300      0.4862700      0.4881000      0.4899000      0.4916900      0.4934500      0.4951800      0.4968900      0.4985800      0.5002500      0.5018900      0.5035000      0.5050900      0.5066500      0.5081800      0.5096900      0.5111800      0.5126400      0.5140700      0.5154800    
  0.4686300      0.4706300      0.4726200      0.4746000      0.4765600      0.4785200      0.4804500      0.4823800      0.4842800      0.4861700      0.4880400      0.4899000      0.4917300      0.4935400      0.4953200      0.4970900      0.4988300      0.5005500      0.5022400      0.5039100      0.5055500      0.5071700      0.5087600      0.5103200      0.5118600      0.5133800      0.5148600      0.5163300      0.5177600      0.5191700    
  0.4721800      0.4741900      0.4761900      0.4781700      0.4801500      0.4821100      0.4840500      0.4859800      0.4879000      0.4897900      0.4916700      0.4935200      0.4953600      0.4971800      0.4989700      0.5007400      0.5024900      0.5042100      0.5059000      0.5075800      0.5092200      0.5108400      0.5124400      0.5140100      0.5155500      0.5170700      0.5185600      0.5200200      0.5214600      0.5228700    
  0.4757400      0.4777600      0.4797600      0.4817600      0.4837400      0.4857000      0.4876600      0.4895900      0.4915100      0.4934200      0.4953000      0.4971600      0.4990000      0.5008200      0.5026200      0.5044000      0.5061500      0.5078800      0.5095800      0.5112500      0.5129000      0.5145300      0.5161300      0.5177000      0.5192400      0.5207600      0.5222500      0.5237200      0.5251600      0.5265700    
  0.4793000      0.4813300      0.4833400      0.4853500      0.4873300      0.4893100      0.4912700      0.4932100      0.4951400      0.4970500      0.4989400      0.5008100      0.5026500      0.5044800      0.5062800      0.5080600      0.5098200      0.5115500      0.5132600      0.5149400      0.5165900      0.5182200      0.5198200      0.5214000      0.5229400      0.5244600      0.5259600      0.5274300      0.5288700      0.5302800    
  0.4828800      0.4849100      0.4869300      0.4889400      0.4909400      0.4929200      0.4948900      0.4968400      0.4987700      0.5006900      0.5025800      0.5044600      0.5063100      0.5081400      0.5099500      0.5117400      0.5135000      0.5152300      0.5169400      0.5186300      0.5202900      0.5219200      0.5235200      0.5251000      0.5266500      0.5281700      0.5296700      0.5311400      0.5325800      0.5339900    
  0.4864500      0.4884900      0.4905200      0.4925400      0.4945500      0.4965400      0.4985100      0.5004700      0.5024100      0.5043300      0.5062300      0.5081200      0.5099700      0.5118100      0.5136300      0.5154200      0.5171800      0.5189200      0.5206400      0.5223200      0.5239800      0.5256200      0.5272300      0.5288100      0.5303600      0.5318800      0.5333800      0.5348500      0.5362900      0.5377100    
  0.4900300      0.4920800      0.4941200      0.4961500      0.4981600      0.5001600      0.5021400      0.5041100      0.5060500      0.5079800      0.5098900      0.5117800      0.5136400      0.5154900      0.5173000      0.5191000      0.5208700      0.5226100      0.5243300      0.5260200      0.5276900      0.5293300      0.5309400      0.5325200      0.5340700      0.5356000      0.5371000      0.5385700      0.5400100      0.5414300    
  0.4936100      0.4956700      0.4977200      0.4997600      0.5017800      0.5037800      0.5057700      0.5077500      0.5097000      0.5116400      0.5135500      0.5154400      0.5173200      0.5191600      0.5209900      0.5227900      0.5245600      0.5263100      0.5280300      0.5297300      0.5314000      0.5330400      0.5346500      0.5362400      0.5377900      0.5393200      0.5408200      0.5422900      0.5437300      0.5451500    
  0.4936070      0.4956670      0.4991300      0.5033700      0.5054000      0.5074100      0.5094100      0.5113900      0.5133500      0.5152900      0.5172200      0.5191200      0.5209900      0.5228500      0.5246800      0.5264800      0.5282600      0.5300100      0.5317400      0.5334400      0.5351100      0.5367500      0.5383700      0.5399500      0.5415100      0.5430400      0.5445400      0.5460100      0.5474600      0.5488700    
  0.4936030      0.4979430      0.5033700      0.5076100      0.5090200      0.5110400      0.5130500      0.5150400      0.5170100      0.5189600      0.5208800      0.5227900      0.5246700      0.5265300      0.5283700      0.5301800      0.5319600      0.5337200      0.5354500      0.5371500      0.5388300      0.5404700      0.5420900      0.5436800      0.5452400      0.5467700      0.5482700      0.5497400      0.5511800      0.5526000    
  0.4966120      0.5033700      0.5086160      0.5108350      0.5126500      0.5146800      0.5166900      0.5186900      0.5206600      0.5226200      0.5245500      0.5264700      0.5283600      0.5302200      0.5320600      0.5338800      0.5356600      0.5374300      0.5391600      0.5408700      0.5425400      0.5441900      0.5458100      0.5474000      0.5489600      0.5504900      0.5520000      0.5534700      0.5549100      0.5563300    
  0.5033700      0.5090950      0.5117420      0.5126500      0.5152130      0.5183100      0.5203300      0.5223400      0.5243200      0.5262800      0.5282200      0.5301400      0.5320400      0.5339100      0.5357600      0.5375800      0.5393700      0.5411400      0.5428700      0.5445800      0.5462600      0.5479100      0.5495400      0.5511300      0.5526900      0.5542200      0.5557200      0.5572000      0.5586400      0.5600500    
  0.5093280      0.5121960      0.5126500      0.5153910      0.5183100      0.5208730      0.5239800      0.5259900      0.5279800      0.5299500      0.5319000      0.5338200      0.5357200      0.5376000      0.5394500      0.5412800      0.5430800      0.5448500      0.5465900      0.5483000      0.5499800      0.5516400      0.5532600      0.5548600      0.5564200      0.5579500      0.5594500      0.5609200      0.5623700      0.5637800    
  0.5124230      0.5126500      0.5154500      0.5183100      0.5210540      0.5239800      0.5249850      0.5259830      0.5293830      0.5336100      0.5355700      0.5375000      0.5394100      0.5412900      0.5431500      0.5449800      0.5467800      0.5485600      0.5503000      0.5520200      0.5537100      0.5553600      0.5569900      0.5585800      0.5601500      0.5616800      0.5631800      0.5646500      0.5660900      0.5675000    
  0.5126500      0.5154700      0.5183100      0.5211150      0.5239800      0.5244820      0.5249830      0.5284900      0.5336100      0.5345900      0.5385440      0.5411800      0.5431000      0.5449800      0.5468500      0.5486800      0.5504900      0.5522700      0.5540200      0.5557400      0.5574300      0.5590900      0.5607100      0.5623100      0.5638700      0.5654100      0.5669100      0.5683800      0.5698200      0.5712300    
  0.5154770      0.5183100      0.5211350      0.5239800      0.5242310      0.5244820      0.5278910      0.5336100      0.5341000      0.5389250      0.5430200      0.5448600      0.5467800      0.5486700      0.5505400      0.5523800      0.5542000      0.5559800      0.5577300      0.5594600      0.5611500      0.5628100      0.5644400      0.5660300      0.5676000      0.5691300      0.5706300      0.5721000      0.5735400      0.5749500    
  0.5183100      0.5211420      0.5239800      0.5241060      0.5242310      0.5275540      0.5336100      0.5338550      0.5390870      0.5439400      0.5448600      0.5458200      0.5481670      0.5523600      0.5542400      0.5560800      0.5579000      0.5596900      0.5614500      0.5631700      0.5648700      0.5665300      0.5681600      0.5697600      0.5713200      0.5728600      0.5743600      0.5758300      0.5772600      0.5786700    
  0.5211440      0.5239800      0.5240430      0.5241060      0.5273750      0.5336100      0.5337320      0.5391620      0.5444000      0.5448600      0.5453400      0.5478020      0.5523600      0.5533000      0.5542270      0.5560730      0.5578900      0.5596800      0.5643600      0.5668900      0.5685800      0.5702500      0.5718800      0.5734800      0.5750400      0.5765800      0.5780800      0.5795400      0.5809800      0.5823800    
  0.5239800      0.5240110      0.5240430      0.5272830      0.5336100      0.5336710      0.5391990      0.5446300      0.5448600      0.5451000      0.5475900      0.5523600      0.5528300      0.5532960      0.5545330      0.5560630      0.5578810      0.5642550      0.5687450      0.5706000      0.5723000      0.5739600      0.5756000      0.5772000      0.5787600      0.5802900      0.5817900      0.5832600      0.5846900      0.5860900    
  0.5239960      0.5240110      0.5272370      0.5336100      0.5336410      0.5392170      0.5447450      0.5448600      0.5449800      0.5474780      0.5523600      0.5525950      0.5528280      0.5535530      0.5546310      0.5561590      0.5636940      0.5696720      0.5706000      0.5729670      0.5760000      0.5776700      0.5793100      0.5809100      0.5824700      0.5840100      0.5855000      0.5869700      0.5884000      0.5898000    
  0.5239960      0.5272140      0.5336100      0.5336250      0.5392260      0.5448020      0.5448600      0.5449200      0.5474190      0.5523600      0.5524770      0.5525940      0.5529920      0.5536710      0.5547810      0.5652580      0.5701360      0.5706000      0.5771320      0.5797050      0.5807080      0.5813800      0.5830200      0.5846200      0.5861800      0.5877100      0.5892100      0.5906700      0.5921000      0.5934900    
  0.5272020      0.5336100      0.5336180      0.5392310      0.5448310      0.5448600      0.5448900      0.5473900      0.5523600      0.5524190      0.5524770      0.5526880      0.5530860      0.5649360      0.5742900      0.5816680      0.5816700      0.5827160      0.5840190      0.5852550      0.5834100      0.5850800      0.5867200      0.5883200      0.5898800      0.5914100      0.5929100      0.5943700      0.5957900      0.5971800    
  0.5336100      0.5336140      0.5392330      0.5448460      0.5448600      0.5448750      0.5473750      0.5523600      0.5523890      0.5524190      0.5525280      0.5527500      0.5735300      0.5984140      0.5983000      0.5920620      0.5931990      0.5927400      0.5890900      0.5870970      0.5871000      0.5887700      0.5904100      0.5920100      0.5935800      0.5951100      0.5966000      0.5980600      0.5994800      0.6008700    
  0.5336120      0.5392340      0.5448530      0.5448600      0.5448680      0.5473680      0.5523600      0.5523750      0.5523890      0.5524450      0.5744830      0.6073600      0.6014900      0.5985270      0.5985270      0.5983000      0.5950800      0.5936570      0.5927400      0.5912700      0.5907800      0.5924600      0.5941000      0.5957000      0.5972700      0.5987900      0.6002800      0.6017400      0.6031600      0.6045400    
  0.5392340      0.5448560      0.5448600      0.5448640      0.5473640      0.5523600      0.5523670      0.5523750      0.5524030      0.5788080      0.6073600      0.6073600      0.6073600      0.6016580      0.5987550      0.5987550      0.5983000      0.5956230      0.5945750      0.5927400      0.5944600      0.5961400      0.5977800      0.5993800      0.6009400      0.6024700      0.6039600      0.6054100      0.6068200      0.6082000    
  0.5448580      0.5448600      0.5448620      0.5473620      0.5523600      0.5523640      0.5523670      0.5701010      0.5878170      0.6073700      0.6073600      0.6073600      0.6073600      0.6073600      0.6019900      0.5992100      0.5992100      0.5983000      0.5968770      0.5964100      0.5981300      0.5998100      0.6014500      0.6030500      0.6046100      0.6061400      0.6076200      0.6090700      0.6104800      0.6118600    
  0.5448600      0.5448610      0.5473610      0.5523600      0.5523620      0.5813400      0.6248000      0.6240300      0.6232600      0.6126870      0.6073890      0.6073600      0.6073600      0.6073600      0.6073600      0.6026370      0.6001190      0.6001200      0.5983000      0.6000600      0.6017800      0.6034700      0.6051100      0.6067100      0.6082700      0.6097900      0.6112800      0.6127200      0.6141300      0.6155000    
  0.5448600      0.5473600      0.5523600      0.5523610      0.5871380      0.6248070      0.6248070      0.6248000      0.6240300      0.6232600      0.6127370      0.6074480      0.6073600      0.6073600      0.6073600      0.6073600      0.6038570      0.6019370      0.6019400      0.6037100      0.6054300      0.6071100      0.6087600      0.6103600      0.6119200      0.6134400      0.6149200      0.6163600      0.6177600      0.6191300    
