iMOD/TUTORIALS/TUT_MetaswapAnalyser/model_MetaSWAP/meteo/Evaporation/Evaporation_20051217_L1.ASC
NCOLS                30
NROWS                30
XLLCORNER     160000.00
YLLCORNER     340000.00
CELLSIZE        1000.00
NODATA_VALUE   -9999.00
  0.2456400      0.2445100      0.2433900      0.2422700      0.2411700      0.2400700      0.2389800      0.2379000      0.2368300      0.2357800      0.2347400      0.2337100      0.2327000      0.2317000      0.2307200      0.2297500      0.2288000      0.2278700      0.2269600      0.2260600      0.2251900      0.2243300      0.2234900      0.2226600      0.2218600      0.2210800      0.2203100      0.2195600      0.2188300      0.2181200    
  0.2455400      0.2444100      0.2432900      0.2421800      0.2410800      0.2399800      0.2388900      0.2378200      0.2367500      0.2357000      0.2346600      0.2336400      0.2326300      0.2316300      0.2306500      0.2296900      0.2287400      0.2278100      0.2268900      0.2260000      0.2251200      0.2242600      0.2234200      0.2226000      0.2217900      0.2210000      0.2202400      0.2194900      0.2187500      0.2180400    
  0.2454200      0.2443000      0.2431900      0.2420800      0.2409800      0.2398800      0.2388000      0.2377300      0.2366700      0.2356200      0.2345800      0.2335600      0.2325500      0.2315500      0.2305700      0.2296100      0.2286600      0.2277300      0.2268200      0.2259200      0.2250400      0.2241800      0.2233400      0.2225200      0.2217100      0.2209200      0.2201500      0.2194000      0.2186700      0.2179500    
  0.2453000      0.2441800      0.2430700      0.2419600      0.2408600      0.2397700      0.2386900      0.2376200      0.2365600      0.2355200      0.2344800      0.2334600      0.2324500      0.2314600      0.2304800      0.2295200      0.2285700      0.2276400      0.2267300      0.2258400      0.2249600      0.2241000      0.2232500      0.2224300      0.2216200      0.2208300      0.2200600      0.2193100      0.2185700      0.2178600    
  0.2451600      0.2440400      0.2429300      0.2418300      0.2407400      0.2396500      0.2385700      0.2375100      0.2364500      0.2354100      0.2343700      0.2333500      0.2323500      0.2313600      0.2303800      0.2294200      0.2284800      0.2275500      0.2266300      0.2257400      0.2248600      0.2240000      0.2231600      0.2223300      0.2215200      0.2207300      0.2199600      0.2192100      0.2184700      0.2177500    
  0.2450000      0.2438900      0.2427900      0.2416900      0.2406000      0.2395200      0.2384400      0.2373800      0.2363300      0.2352800      0.2342500      0.2332400      0.2322300      0.2312400      0.2302700      0.2293100      0.2283700      0.2274400      0.2265300      0.2256300      0.2247500      0.2238900      0.2230500      0.2222200      0.2214200      0.2206300      0.2198500      0.2191000      0.2183600      0.2176400    
  0.2448400      0.2437300      0.2426300      0.2415400      0.2404500      0.2393700      0.2383000      0.2372400      0.2361900      0.2351500      0.2341200      0.2331100      0.2321100      0.2311200      0.2301500      0.2291900      0.2282500      0.2273200      0.2264100      0.2255100      0.2246400      0.2237800      0.2229300      0.2221100      0.2213000      0.2205100      0.2197400      0.2189800      0.2182400      0.2175300    
  0.2446700      0.2435600      0.2424700      0.2413800      0.2402900      0.2392200      0.2381500      0.2370900      0.2360400      0.2350100      0.2339800      0.2329700      0.2319700      0.2309900      0.2300100      0.2290600      0.2281200      0.2271900      0.2262800      0.2253900      0.2245100      0.2236500      0.2228100      0.2219800      0.2211800      0.2203800      0.2196100      0.2188600      0.2181200      0.2174000    
  0.2444800      0.2433800      0.2422900      0.2412000      0.2401200      0.2390500      0.2379900      0.2369300      0.2358900      0.2348500      0.2338300      0.2328200      0.2318200      0.2308400      0.2298700      0.2289200      0.2279800      0.2270500      0.2261400      0.2252500      0.2243800      0.2235200      0.2226700      0.2218500      0.2210400      0.2202500      0.2194800      0.2187200      0.2179900      0.2172700    
  0.2442900      0.2432000      0.2421000      0.2410200      0.2399400      0.2388700      0.2378100      0.2367600      0.2357200      0.2346900      0.2336700      0.2326600      0.2316700      0.2306900      0.2297200      0.2287700      0.2278300      0.2269000      0.2260000      0.2251100      0.2242300      0.2233700      0.2225300      0.2217100      0.2209000      0.2201100      0.2193400      0.2185800      0.2178500      0.2171300    
  0.2442930      0.2431970      0.2417870      0.2408300      0.2397600      0.2386900      0.2376300      0.2365800      0.2355400      0.2345200      0.2335000      0.2324900      0.2315000      0.2305200      0.2295600      0.2286100      0.2276700      0.2267500      0.2258400      0.2249500      0.2240800      0.2232200      0.2223800      0.2215600      0.2207500      0.2199600      0.2191900      0.2184400      0.2177000      0.2169800    
  0.2442940      0.2425270      0.2408300      0.2398750      0.2395600      0.2384900      0.2374400      0.2363900      0.2353600      0.2343300      0.2333200      0.2323200      0.2313300      0.2303500      0.2293900      0.2284400      0.2275000      0.2265800      0.2256800      0.2247900      0.2239200      0.2230600      0.2222200      0.2214000      0.2206000      0.2198100      0.2190400      0.2182800      0.2175500      0.2168300    
  0.2432610      0.2408300      0.2398780      0.2394550      0.2393500      0.2382900      0.2372400      0.2362000      0.2351700      0.2341400      0.2331300      0.2321300      0.2311400      0.2301700      0.2292100      0.2282600      0.2273300      0.2264100      0.2255100      0.2246200      0.2237500      0.2229000      0.2220600      0.2212400      0.2204300      0.2196400      0.2188700      0.2181200      0.2173900      0.2166700    
  0.2408300      0.2398650      0.2394030      0.2393500      0.2385730      0.2380800      0.2370300      0.2359900      0.2349600      0.2339400      0.2329300      0.2319400      0.2309500      0.2299800      0.2290200      0.2280700      0.2271400      0.2262300      0.2253300      0.2244400      0.2235700      0.2227200      0.2218800      0.2210600      0.2202600      0.2194700      0.2187100      0.2179500      0.2172200      0.2165000    
  0.2398550      0.2393760      0.2393500      0.2386680      0.2380800      0.2373100      0.2368200      0.2357800      0.2347500      0.2337400      0.2327300      0.2317300      0.2307500      0.2297800      0.2288200      0.2278800      0.2269500      0.2260400      0.2251400      0.2242600      0.2233900      0.2225400      0.2217000      0.2208800      0.2200800      0.2193000      0.2185300      0.2177800      0.2170500      0.2163300    
  0.2393630      0.2393500      0.2386990      0.2380800      0.2374030      0.2368200      0.2363000      0.2357830      0.2344480      0.2335200      0.2325200      0.2315200      0.2305400      0.2295800      0.2286200      0.2276800      0.2267500      0.2258400      0.2249500      0.2240600      0.2232000      0.2223500      0.2215200      0.2207000      0.2199000      0.2191200      0.2183500      0.2176000      0.2168700      0.2161500    
  0.2393500      0.2387100      0.2380800      0.2374340      0.2368200      0.2365600      0.2363010      0.2350130      0.2335200      0.2330200      0.2319900      0.2313100      0.2303300      0.2293600      0.2284100      0.2274700      0.2265500      0.2256400      0.2247400      0.2238600      0.2230000      0.2221500      0.2213200      0.2205100      0.2197100      0.2189300      0.2181600      0.2174100      0.2166800      0.2159700    
  0.2387130      0.2380800      0.2374450      0.2368200      0.2366900      0.2365600      0.2353480      0.2335200      0.2332700      0.2321610      0.2311950      0.2310800      0.2301100      0.2291500      0.2282000      0.2272600      0.2263400      0.2254300      0.2245400      0.2236600      0.2228000      0.2219500      0.2211200      0.2203100      0.2195100      0.2187300      0.2179700      0.2172200      0.2164900      0.2157800    
  0.2380800      0.2374480      0.2368200      0.2367550      0.2366900      0.2355300      0.2335200      0.2333950      0.2322340      0.2311370      0.2310800      0.2305950      0.2298150      0.2289200      0.2279700      0.2270400      0.2261200      0.2252100      0.2243200      0.2234500      0.2225900      0.2217400      0.2209100      0.2201000      0.2193100      0.2185300      0.2177700      0.2170300      0.2163000      0.2155900    
  0.2374490      0.2368200      0.2367870      0.2367550      0.2356240      0.2335200      0.2334580      0.2322670      0.2311090      0.2310800      0.2308370      0.2301020      0.2289200      0.2284450      0.2279770      0.2270430      0.2261230      0.2252170      0.2238420      0.2232300      0.2223700      0.2215300      0.2207000      0.2198900      0.2191000      0.2183300      0.2175700      0.2168200      0.2161000      0.2153900    
  0.2368200      0.2368040      0.2367880      0.2356720      0.2335200      0.2334890      0.2322840      0.2310940      0.2310800      0.2309590      0.2302350      0.2289200      0.2286820      0.2284470      0.2278220      0.2270480      0.2261280      0.2242590      0.2231150      0.2230000      0.2221500      0.2213100      0.2204900      0.2196800      0.2188900      0.2181100      0.2173600      0.2166200      0.2158900      0.2151900    
  0.2368120      0.2368040      0.2356960      0.2335200      0.2335040      0.2322920      0.2310870      0.2310800      0.2310190      0.2302980      0.2289200      0.2288010      0.2286830      0.2283170      0.2277720      0.2269990      0.2246980      0.2230580      0.2230000      0.2223570      0.2219200      0.2210800      0.2202600      0.2194600      0.2186700      0.2179000      0.2171400      0.2164100      0.2156900      0.2149800    
  0.2368120      0.2357080      0.2335200      0.2335120      0.2322960      0.2310840      0.2310800      0.2310500      0.2303290      0.2289200      0.2288610      0.2288010      0.2286010      0.2282580      0.2276960      0.2249560      0.2230290      0.2230000      0.2220930      0.2216850      0.2211840      0.2208500      0.2200400      0.2192300      0.2184500      0.2176800      0.2169300      0.2161900      0.2154700      0.2147700    
  0.2357140      0.2335200      0.2335160      0.2322980      0.2310820      0.2310800      0.2310650      0.2303450      0.2289200      0.2288900      0.2288610      0.2287540      0.2285530      0.2266160      0.2244900      0.2222790      0.2222800      0.2218730      0.2214080      0.2213300      0.2214500      0.2206200      0.2198000      0.2190100      0.2182200      0.2174600      0.2167100      0.2159700      0.2152600      0.2145600    
  0.2335200      0.2335180      0.2322990      0.2310810      0.2310800      0.2310720      0.2303520      0.2289200      0.2289050      0.2288900      0.2288350      0.2287230      0.2255440      0.2219020      0.2219100      0.2218400      0.2215290      0.2215600      0.2213040      0.2212100      0.2212100      0.2203800      0.2195700      0.2187700      0.2179900      0.2172300      0.2164800      0.2157500      0.2150400      0.2143400    
  0.2335190      0.2322990      0.2310800      0.2310800      0.2310760      0.2303560      0.2289200      0.2289130      0.2289050      0.2288770      0.2260860      0.2219900      0.2219240      0.2218940      0.2218940      0.2219100      0.2216400      0.2214980      0.2215600      0.2211150      0.2209700      0.2201400      0.2193300      0.2185400      0.2177600      0.2170000      0.2162500      0.2155300      0.2148200      0.2141300    
  0.2323000      0.2310800      0.2310800      0.2310780      0.2303580      0.2289200      0.2289160      0.2289130      0.2288980      0.2255700      0.2219900      0.2219900      0.2219900      0.2219120      0.2218780      0.2218780      0.2219100      0.2215910      0.2214350      0.2215600      0.2207200      0.2199000      0.2190900      0.2183000      0.2175200      0.2167700      0.2160200      0.2153000      0.2145900      0.2139000    
  0.2310800      0.2310800      0.2310790      0.2303590      0.2289200      0.2289180      0.2289160      0.2270670      0.2247910      0.2219890      0.2219900      0.2219900      0.2219900      0.2219900      0.2218880      0.2218450      0.2218450      0.2219100      0.2214600      0.2213100      0.2204700      0.2196500      0.2188400      0.2180600      0.2172800      0.2165300      0.2157900      0.2150700      0.2143700      0.2136800    
  0.2310800      0.2310800      0.2303600      0.2289200      0.2289190      0.2262150      0.2221600      0.2218500      0.2215400      0.2218380      0.2219880      0.2219900      0.2219900      0.2219900      0.2219900      0.2218390      0.2217800      0.2217800      0.2219100      0.2210600      0.2202200      0.2194000      0.2186000      0.2178100      0.2170400      0.2162900      0.2155600      0.2148400      0.2141400      0.2134600    
  0.2310800      0.2303600      0.2289200      0.2289200      0.2256740      0.2221600      0.2221600      0.2221600      0.2218500      0.2215400      0.2218340      0.2219830      0.2219900      0.2219900      0.2219900      0.2219900      0.2217400      0.2216500      0.2216500      0.2208000      0.2199700      0.2191500      0.2183500      0.2175600      0.2168000      0.2160500      0.2153200      0.2146100      0.2139100      0.2132300    
