iMOD/TUTORIALS/TUT_MetaswapAnalyser/model_MetaSWAP/meteo/Evaporation/Evaporation_20050911_L1.ASC
NCOLS                30
NROWS                30
XLLCORNER     160000.00
YLLCORNER     340000.00
CELLSIZE        1000.00
NODATA_VALUE   -9999.00
  0.7405500      0.7333600      0.7262100      0.7191000      0.7120200      0.7049900      0.6980100      0.6910800      0.6842000      0.6773700      0.6706000      0.6639000      0.6572500      0.6506700      0.6441500      0.6377000      0.6313100      0.6250000      0.6187600      0.6125800      0.6064900      0.6004600      0.5945100      0.5886300      0.5828200      0.5770900      0.5714300      0.5658500      0.5603400      0.5549000    
  0.7397800      0.7325800      0.7254100      0.7182800      0.7112000      0.7041600      0.6971700      0.6902200      0.6833300      0.6764900      0.6697100      0.6629900      0.6563300      0.6497300      0.6432000      0.6367400      0.6303400      0.6240100      0.6177500      0.6115600      0.6054500      0.5994100      0.5934400      0.5875400      0.5817200      0.5759700      0.5703000      0.5647000      0.5591700      0.5537200    
  0.7389700      0.7317500      0.7245800      0.7174400      0.7103400      0.7032900      0.6962900      0.6893300      0.6824300      0.6755800      0.6687800      0.6620500      0.6553800      0.6487700      0.6422200      0.6357400      0.6293300      0.6229900      0.6167200      0.6105100      0.6043800      0.5983200      0.5923400      0.5864300      0.5805900      0.5748300      0.5691400      0.5635200      0.5579800      0.5525100    
  0.7381300      0.7309000      0.7237100      0.7165600      0.7094500      0.7023900      0.6953700      0.6884100      0.6814900      0.6746300      0.6678300      0.6610800      0.6543900      0.6477700      0.6412100      0.6347200      0.6282900      0.6219400      0.6156500      0.6094300      0.6032900      0.5972200      0.5912200      0.5852900      0.5794400      0.5736600      0.5679500      0.5623200      0.5567600      0.5512800    
  0.7372500      0.7300100      0.7228100      0.7156500      0.7085300      0.7014600      0.6944300      0.6874500      0.6805200      0.6736500      0.6668300      0.6600800      0.6533800      0.6467400      0.6401700      0.6336700      0.6272300      0.6208600      0.6145600      0.6083300      0.6021700      0.5960800      0.5900700      0.5841300      0.5782600      0.5724700      0.5667500      0.5611000      0.5555300      0.5500300    
  0.7363500      0.7291000      0.7218800      0.7147100      0.7075800      0.7004900      0.6934500      0.6864600      0.6795200      0.6726400      0.6658100      0.6590400      0.6523300      0.6456900      0.6391000      0.6325800      0.6261300      0.6197500      0.6134400      0.6071900      0.6010200      0.5949200      0.5889000      0.5829400      0.5770600      0.5712500      0.5655200      0.5598600      0.5542800      0.5487600    
  0.7354100      0.7281500      0.7209200      0.7137400      0.7066000      0.6995000      0.6924500      0.6854500      0.6785000      0.6716000      0.6647600      0.6579800      0.6512600      0.6446000      0.6380100      0.6314800      0.6250100      0.6186200      0.6122900      0.6060400      0.5998500      0.5937400      0.5877000      0.5817300      0.5758400      0.5700200      0.5642700      0.5586000      0.5530000      0.5474800    
  0.7344500      0.7271800      0.7199400      0.7127400      0.7055900      0.6984800      0.6914200      0.6844000      0.6774400      0.6705400      0.6636900      0.6568900      0.6501600      0.6434900      0.6368800      0.6303400      0.6238600      0.6174600      0.6111200      0.6048500      0.5986600      0.5925300      0.5864800      0.5805000      0.5745900      0.5687600      0.5630000      0.5573200      0.5517100      0.5461700    
  0.7334700      0.7261800      0.7189300      0.7117200      0.7045500      0.6974300      0.6903600      0.6833400      0.6763600      0.6694400      0.6625800      0.6557800      0.6490300      0.6423500      0.6357300      0.6291800      0.6226900      0.6162700      0.6099200      0.6036400      0.5974400      0.5913000      0.5852400      0.5792500      0.5733300      0.5674900      0.5617200      0.5560200      0.5504000      0.5448500    
  0.7324500      0.7251500      0.7178900      0.7106700      0.7035000      0.6963600      0.6892800      0.6822400      0.6752600      0.6683300      0.6614500      0.6546400      0.6478800      0.6411900      0.6345600      0.6280000      0.6215000      0.6150700      0.6087100      0.6024200      0.5962000      0.5900500      0.5839700      0.5779700      0.5720500      0.5661900      0.5604100      0.5547000      0.5490700      0.5435100    
  0.7324630      0.7251630      0.7158270      0.7096000      0.7024100      0.6952700      0.6881700      0.6811200      0.6741300      0.6671900      0.6603000      0.6534800      0.6467100      0.6400100      0.6333600      0.6267900      0.6202800      0.6138400      0.6074700      0.6011600      0.5949300      0.5887800      0.5826900      0.5766800      0.5707400      0.5648800      0.5590900      0.5533700      0.5477300      0.5421600    
  0.7324760      0.7207640      0.7096000      0.7033750      0.7013100      0.6941500      0.6870400      0.6799900      0.6729800      0.6660300      0.6591300      0.6522900      0.6455100      0.6388000      0.6321500      0.6255600      0.6190400      0.6125900      0.6062100      0.5998900      0.5936500      0.5874900      0.5813900      0.5753700      0.5694200      0.5635500      0.5577500      0.5520200      0.5463700      0.5407900    
  0.7256630      0.7096000      0.7034750      0.7007450      0.7001800      0.6930200      0.6859000      0.6788300      0.6718100      0.6648400      0.6579400      0.6510900      0.6443000      0.6375700      0.6309100      0.6243100      0.6177800      0.6113200      0.6049300      0.5986000      0.5923500      0.5861800      0.5800700      0.5740400      0.5680800      0.5622000      0.5563900      0.5506600      0.5450000      0.5394100    
  0.7096000      0.7034290      0.7004620      0.7001800      0.6950200      0.6918600      0.6847300      0.6776500      0.6706200      0.6636400      0.6567200      0.6498600      0.6430600      0.6363300      0.6296500      0.6230400      0.6165000      0.6100300      0.6036300      0.5973000      0.5910400      0.5848500      0.5787400      0.5727000      0.5667300      0.5608400      0.5550200      0.5492800      0.5436100      0.5380200    
  0.7033830      0.7003210      0.7001800      0.6956870      0.6918600      0.6867130      0.6835500      0.6764500      0.6694100      0.6624200      0.6554900      0.6486200      0.6418100      0.6350600      0.6283800      0.6217600      0.6152100      0.6087200      0.6023100      0.5959700      0.5897000      0.5835100      0.5773800      0.5713400      0.5653600      0.5594600      0.5536400      0.5478900      0.5422100      0.5366100    
  0.7002510      0.7001800      0.6959090      0.6918600      0.6873740      0.6835500      0.6800000      0.6764700      0.6673670      0.6611900      0.6542500      0.6473600      0.6405400      0.6337800      0.6270900      0.6204600      0.6139000      0.6074000      0.6009800      0.5946300      0.5883500      0.5821500      0.5760200      0.5699600      0.5639800      0.5580700      0.5522400      0.5464900      0.5408000      0.5352000    
  0.7001800      0.6959830      0.6918600      0.6875950      0.6835500      0.6817750      0.6800070      0.6712570      0.6611900      0.6577200      0.6507380      0.6460900      0.6392600      0.6324900      0.6257800      0.6191400      0.6125700      0.6060700      0.5996400      0.5932800      0.5869900      0.5807800      0.5746400      0.5685700      0.5625900      0.5566700      0.5508300      0.5450700      0.5393800      0.5337700    
  0.6960080      0.6918600      0.6876680      0.6835500      0.6826620      0.6817770      0.6735570      0.6611900      0.6594550      0.6519790      0.6454450      0.6448000      0.6379600      0.6311800      0.6244600      0.6178100      0.6112300      0.6047200      0.5982800      0.5919100      0.5856100      0.5793900      0.5732500      0.5671800      0.5611800      0.5552600      0.5494200      0.5436500      0.5379600      0.5323400    
  0.6918600      0.6876930      0.6835500      0.6831060      0.6826630      0.6747970      0.6611900      0.6603220      0.6525090      0.6451230      0.6448000      0.6413800      0.6359500      0.6298600      0.6231300      0.6164700      0.6098800      0.6033600      0.5969100      0.5905300      0.5842300      0.5780000      0.5718400      0.5657700      0.5597600      0.5538400      0.5479900      0.5422200      0.5365200      0.5309000    
  0.6877010      0.6835500      0.6833280      0.6831060      0.6754390      0.6611900      0.6607560      0.6527570      0.6449610      0.6448000      0.6430900      0.6379980      0.6298600      0.6264950      0.6231530      0.6164930      0.6099030      0.6033830      0.5935360      0.5891400      0.5828300      0.5765900      0.5704300      0.5643500      0.5583400      0.5524100      0.5465600      0.5407800      0.5350800      0.5294500    
  0.6835500      0.6834390      0.6833280      0.6757660      0.6611900      0.6609730      0.6528770      0.6448810      0.6448000      0.6439450      0.6389370      0.6298600      0.6281780      0.6265030      0.6220470      0.6165170      0.6099270      0.5966010      0.5884400      0.5877400      0.5814200      0.5751800      0.5690100      0.5629200      0.5569100      0.5509700      0.5451100      0.5393300      0.5336300      0.5280000    
  0.6834950      0.6834390      0.6759310      0.6611900      0.6610820      0.6529360      0.6448400      0.6448000      0.6443720      0.6393850      0.6298600      0.6290190      0.6281800      0.6255760      0.6216890      0.6161630      0.5997750      0.5880900      0.5877400      0.5830570      0.5800100      0.5737500      0.5675800      0.5614900      0.5554700      0.5495300      0.5436700      0.5378800      0.5321700      0.5265400    
  0.6834950      0.6760140      0.6611900      0.6611360      0.6529660      0.6448200      0.6448000      0.6445860      0.6396040      0.6298600      0.6294390      0.6290200      0.6275920      0.6251480      0.6211430      0.6018040      0.5879150      0.5877400      0.5814570      0.5785850      0.5748280      0.5723300      0.5661500      0.5600500      0.5540200      0.5480800      0.5422200      0.5364300      0.5307200      0.5250800    
  0.6760550      0.6611900      0.6611630      0.6529800      0.6448100      0.6448000      0.6446930      0.6397130      0.6298600      0.6296500      0.6294400      0.6286840      0.6272530      0.6141780      0.5992990      0.5834790      0.5834800      0.5804130      0.5769200      0.5764450      0.5771600      0.5708900      0.5647100      0.5586000      0.5525800      0.5466300      0.5407600      0.5349700      0.5292600      0.5236300    
  0.6611900      0.6611760      0.6529880      0.6448050      0.6448000      0.6447470      0.6397660      0.6298600      0.6297550      0.6296500      0.6292580      0.6284590      0.6071290      0.5827860      0.5828300      0.5813890      0.5790420      0.5792200      0.5767310      0.5757300      0.5757300      0.5694600      0.5632700      0.5571600      0.5511300      0.5451800      0.5393100      0.5335200      0.5278000      0.5221700    
  0.6611830      0.6529910      0.6448030      0.6448000      0.6447730      0.6397930      0.6298600      0.6298070      0.6297550      0.6295540      0.6115490      0.5851900      0.5835500      0.5827420      0.5827420      0.5828300      0.5802050      0.5788650      0.5792200      0.5755270      0.5743000      0.5680200      0.5618200      0.5557100      0.5496800      0.5437200      0.5378500      0.5320600      0.5263500      0.5207100    
  0.6529930      0.6448010      0.6448000      0.6447870      0.6398070      0.6298600      0.6298340      0.6298070      0.6297050      0.6082480      0.5851900      0.5851900      0.5851900      0.5834840      0.5826540      0.5826540      0.5828300      0.5799040      0.5785100      0.5792200      0.5728600      0.5665800      0.5603800      0.5542600      0.5482300      0.5422700      0.5364000      0.5306000      0.5248900      0.5192600    
  0.6448010      0.6448000      0.6447930      0.6398130      0.6298600      0.6298470      0.6298340      0.6186240      0.6038770      0.5851860      0.5851900      0.5851900      0.5851900      0.5851900      0.5833500      0.5824780      0.5824780      0.5828300      0.5790580      0.5778000      0.5714300      0.5651400      0.5589400      0.5528200      0.5467800      0.5408200      0.5349500      0.5291500      0.5234400      0.5178100    
  0.6448000      0.6447970      0.6398170      0.6298600      0.6298530      0.6141760      0.5906700      0.5879100      0.5851500      0.5851670      0.5851790      0.5851900      0.5851900      0.5851900      0.5851900      0.5830770      0.5821260      0.5821250      0.5828300      0.5763800      0.5700000      0.5637100      0.5575000      0.5513700      0.5453300      0.5393800      0.5335000      0.5277100      0.5220000      0.5163700    
  0.6447980      0.6398180      0.6298600      0.6298570      0.6110440      0.5906680      0.5906680      0.5906700      0.5879090      0.5851500      0.5851480      0.5851570      0.5851900      0.5851900      0.5851900      0.5851900      0.5825130      0.5814230      0.5814200      0.5749600      0.5685800      0.5622800      0.5560600      0.5499400      0.5438900      0.5379400      0.5320600      0.5262700      0.5205600      0.5149300    
