iMOD/TUTORIALS/TUT_MetaswapAnalyser/model_MetaSWAP/meteo/Evaporation/Evaporation_20050617_L1.ASC
NCOLS                30
NROWS                30
XLLCORNER     160000.00
YLLCORNER     340000.00
CELLSIZE        1000.00
NODATA_VALUE   -9999.00
   1.548030       1.547310       1.546680       1.546130       1.545670       1.545280       1.544970       1.544720       1.544550       1.544430       1.544380       1.544370       1.544420       1.544520       1.544660       1.544840       1.545060       1.545320       1.545600       1.545920       1.546270       1.546640       1.547030       1.547450       1.547880       1.548330       1.548800       1.549280       1.549770       1.550270    
   1.548050       1.547250       1.546540       1.545920       1.545380       1.544920       1.544540       1.544230       1.543980       1.543790       1.543670       1.543600       1.543580       1.543620       1.543690       1.543810       1.543970       1.544170       1.544400       1.544660       1.544950       1.545270       1.545610       1.545980       1.546360       1.546760       1.547180       1.547620       1.548070       1.548530    
   1.548120       1.547250       1.546460       1.545770       1.545150       1.544620       1.544160       1.543780       1.543460       1.543200       1.543010       1.542880       1.542790       1.542760       1.542770       1.542830       1.542930       1.543070       1.543240       1.543450       1.543680       1.543950       1.544240       1.544550       1.544880       1.545240       1.545610       1.546000       1.546400       1.546810    
   1.548240       1.547290       1.546430       1.545660       1.544970       1.544360       1.543830       1.543370       1.542990       1.542660       1.542400       1.542200       1.542050       1.541950       1.541900       1.541900       1.541940       1.542010       1.542130       1.542280       1.542460       1.542660       1.542900       1.543160       1.543450       1.543750       1.544070       1.544420       1.544770       1.545140    
   1.548410       1.547380       1.546440       1.545590       1.544830       1.544150       1.543550       1.543020       1.542560       1.542170       1.541840       1.541570       1.541350       1.541190       1.541070       1.541010       1.540980       1.541000       1.541060       1.541150       1.541270       1.541430       1.541610       1.541820       1.542050       1.542300       1.542580       1.542870       1.543180       1.543510    
   1.548620       1.547510       1.546500       1.545580       1.544740       1.543990       1.543310       1.542710       1.542180       1.541720       1.541320       1.540980       1.540700       1.540470       1.540290       1.540160       1.540080       1.540030       1.540030       1.540060       1.540130       1.540230       1.540360       1.540510       1.540690       1.540900       1.541120       1.541370       1.541630       1.541910    
   1.548880       1.547700       1.546610       1.545610       1.544700       1.543870       1.543120       1.542450       1.541850       1.541310       1.540850       1.540440       1.540090       1.539800       1.539560       1.539360       1.539210       1.539110       1.539050       1.539020       1.539030       1.539070       1.539150       1.539250       1.539380       1.539530       1.539710       1.539900       1.540120       1.540350    
   1.549180       1.547920       1.546760       1.545680       1.544700       1.543800       1.542980       1.542230       1.541560       1.540960       1.540420       1.539940       1.539530       1.539170       1.538860       1.538600       1.538400       1.538230       1.538110       1.538020       1.537970       1.537960       1.537980       1.538030       1.538100       1.538200       1.538330       1.538480       1.538640       1.538830    
   1.549530       1.548190       1.546950       1.545800       1.544740       1.543770       1.542870       1.542060       1.541310       1.540640       1.540030       1.539490       1.539010       1.538580       1.538210       1.537890       1.537620       1.537390       1.537210       1.537060       1.536960       1.536890       1.536850       1.536850       1.536870       1.536920       1.536990       1.537090       1.537210       1.537340    
   1.549920       1.548500       1.547190       1.545960       1.544830       1.543780       1.542820       1.541930       1.541110       1.540370       1.539690       1.539080       1.538530       1.538040       1.537600       1.537220       1.536880       1.536600       1.536350       1.536150       1.535990       1.535860       1.535770       1.535700       1.535670       1.535670       1.535690       1.535740       1.535810       1.535900    
   1.549950       1.548540       1.546950       1.546170       1.544960       1.543840       1.542800       1.541840       1.540950       1.540140       1.539400       1.538720       1.538100       1.537540       1.537040       1.536590       1.536190       1.535840       1.535540       1.535280       1.535050       1.534870       1.534720       1.534600       1.534520       1.534460       1.534430       1.534430       1.534450       1.534490    
   1.549980       1.547900       1.546170       1.545400       1.545130       1.543940       1.542830       1.541790       1.540840       1.539950       1.539140       1.538390       1.537710       1.537080       1.536520       1.536000       1.535540       1.535130       1.534760       1.534440       1.534160       1.533920       1.533710       1.533540       1.533400       1.533290       1.533210       1.533160       1.533130       1.533120    
   1.548890       1.546170       1.545540       1.545230       1.545340       1.544080       1.542890       1.541790       1.540760       1.539810       1.538930       1.538110       1.537360       1.536670       1.536040       1.535460       1.534930       1.534460       1.534030       1.533650       1.533310       1.533010       1.532750       1.532520       1.532330       1.532160       1.532030       1.531930       1.531840       1.531790    
   1.546170       1.545580       1.545290       1.545340       1.544560       1.544260       1.543000       1.541830       1.540730       1.539700       1.538750       1.537870       1.537050       1.536290       1.535600       1.534950       1.534370       1.533830       1.533340       1.532900       1.532500       1.532140       1.531820       1.531540       1.531290       1.531070       1.530890       1.530730       1.530600       1.530490    
   1.545600       1.545310       1.545340       1.544720       1.544260       1.543470       1.543150       1.541900       1.540730       1.539640       1.538620       1.537670       1.536780       1.535960       1.535190       1.534490       1.533840       1.533240       1.532690       1.532190       1.531730       1.531310       1.530940       1.530600       1.530290       1.530020       1.529780       1.529570       1.529390       1.529230    
   1.545330       1.545340       1.544770       1.544260       1.543630       1.543150       1.542530       1.541930       1.540470       1.539620       1.538530       1.537510       1.536550       1.535660       1.534830       1.534060       1.533350       1.532690       1.532080       1.531510       1.531000       1.530520       1.530090       1.529690       1.529330       1.529010       1.528720       1.528450       1.528220       1.528010    
   1.545340       1.544790       1.544260       1.543680       1.543150       1.542840       1.542530       1.541140       1.539620       1.539080       1.538070       1.537380       1.536360       1.535410       1.534510       1.533680       1.532900       1.532180       1.531500       1.530880       1.530300       1.529770       1.529280       1.528830       1.528410       1.528030       1.527690       1.527370       1.527090       1.526830    
   1.544800       1.544260       1.543700       1.543150       1.542990       1.542840       1.541530       1.539620       1.539350       1.538280       1.537340       1.537300       1.536210       1.535190       1.534230       1.533330       1.532490       1.531700       1.530970       1.530280       1.529650       1.529050       1.528510       1.528000       1.527530       1.527090       1.526690       1.526330       1.525990       1.525680    
   1.544260       1.543700       1.543150       1.543070       1.542990       1.541750       1.539620       1.539480       1.538370       1.537320       1.537300       1.536750       1.535930       1.535010       1.533980       1.533020       1.532120       1.531270       1.530470       1.529720       1.529030       1.528380       1.527770       1.527210       1.526680       1.526190       1.525740       1.525320       1.524930       1.524570    
   1.543700       1.543150       1.543110       1.543070       1.541860       1.539620       1.539550       1.538420       1.537310       1.537300       1.537030       1.536250       1.535010       1.534490       1.534000       1.533040       1.532140       1.531290       1.529880       1.529200       1.528450       1.527740       1.527070       1.526450       1.525870       1.525330       1.524820       1.524350       1.523910       1.523500    
   1.543150       1.543130       1.543110       1.541920       1.539620       1.539590       1.538440       1.537300       1.537300       1.537160       1.536400       1.535010       1.534750       1.534500       1.533850       1.533060       1.532150       1.530200       1.528960       1.528720       1.527900       1.527140       1.526410       1.525740       1.525100       1.524500       1.523940       1.523410       1.522920       1.522460    
   1.543140       1.543130       1.541940       1.539620       1.539600       1.538450       1.537300       1.537300       1.537230       1.536470       1.535010       1.534880       1.534760       1.534370       1.533800       1.533020       1.530590       1.528840       1.528720       1.528010       1.527400       1.526570       1.525790       1.525060       1.524360       1.523710       1.523090       1.522510       1.521970       1.521460    
   1.543140       1.541960       1.539620       1.539610       1.538450       1.537300       1.537300       1.537270       1.536500       1.535010       1.534950       1.534880       1.534670       1.534310       1.533730       1.530770       1.528780       1.528720       1.527490       1.526940       1.526410       1.526040       1.525200       1.524410       1.523660       1.522950       1.522280       1.521650       1.521050       1.520490    
   1.541970       1.539620       1.539620       1.538460       1.537300       1.537300       1.537280       1.536520       1.535010       1.534980       1.534950       1.534830       1.534620       1.532550       1.530180       1.527660       1.527640       1.527090       1.526450       1.526290       1.526490       1.525550       1.524650       1.523800       1.523000       1.522230       1.521510       1.520830       1.520180       1.519560    
   1.539620       1.539620       1.538460       1.537300       1.537300       1.537290       1.536530       1.535010       1.534990       1.534980       1.534920       1.534800       1.531390       1.527480       1.527480       1.527130       1.526540       1.526570       1.526230       1.526100       1.526090       1.525090       1.524140       1.523230       1.522370       1.521550       1.520770       1.520030       1.519330       1.518660    
   1.539620       1.538460       1.537300       1.537300       1.537300       1.536530       1.535010       1.535000       1.534990       1.534960       1.532480       1.528840       1.527930       1.527470       1.527470       1.527480       1.526840       1.526510       1.526570       1.525950       1.525730       1.524670       1.523660       1.522690       1.521780       1.520900       1.520070       1.519280       1.518520       1.517800    
   1.538460       1.537300       1.537300       1.537300       1.536530       1.535010       1.535010       1.535000       1.534990       1.532020       1.528840       1.528840       1.528840       1.527920       1.527470       1.527470       1.527480       1.526780       1.526450       1.526570       1.525400       1.524280       1.523210       1.522190       1.521220       1.520290       1.519400       1.518560       1.517750       1.516980    
   1.537300       1.537300       1.537300       1.536540       1.535010       1.535010       1.535010       1.534080       1.531980       1.528840       1.528840       1.528840       1.528840       1.528840       1.527910       1.527450       1.527450       1.527480       1.526630       1.526340       1.525100       1.523920       1.522800       1.521720       1.520690       1.519710       1.518770       1.517870       1.517010       1.516190    
   1.537300       1.537300       1.536540       1.535010       1.535010       1.534480       1.533680       1.532510       1.531340       1.529670       1.528840       1.528840       1.528840       1.528840       1.528840       1.527890       1.527430       1.527430       1.527480       1.526130       1.524840       1.523600       1.522420       1.521290       1.520200       1.519160       1.518170       1.517220       1.516300       1.515430    
   1.537300       1.536540       1.535010       1.535010       1.534370       1.533680       1.533680       1.533680       1.532510       1.531340       1.529680       1.528840       1.528840       1.528840       1.528840       1.528840       1.527830       1.527380       1.527370       1.525960       1.524610       1.523320       1.522070       1.520880       1.519740       1.518650       1.517600       1.516600       1.515630       1.514710    
