iMOD/TUTORIALS/TUT_MetaswapAnalyser/model_MetaSWAP/meteo/Evaporation/Evaporation_20050112_L1.ASC
NCOLS                30
NROWS                30
XLLCORNER     160000.00
YLLCORNER     340000.00
CELLSIZE        1000.00
NODATA_VALUE   -9999.00
  0.4268800      0.4267100      0.4265300      0.4263500      0.4261600      0.4259500      0.4257400      0.4255200      0.4253000      0.4250600      0.4248100      0.4245500      0.4242700      0.4239900      0.4237000      0.4233900      0.4230700      0.4227400      0.4224000      0.4220400      0.4216700      0.4212900      0.4209000      0.4205000      0.4200900      0.4196600      0.4192200      0.4187700      0.4183100      0.4178400    
  0.4260500      0.4258700      0.4256900      0.4255000      0.4253000      0.4250900      0.4248700      0.4246500      0.4244100      0.4241700      0.4239200      0.4236500      0.4233800      0.4230900      0.4227900      0.4224800      0.4221600      0.4218300      0.4214900      0.4211300      0.4207700      0.4203900      0.4200000      0.4196000      0.4191900      0.4187600      0.4183300      0.4178800      0.4174300      0.4169600    
  0.4252200      0.4250300      0.4248400      0.4246400      0.4244300      0.4242200      0.4240000      0.4237700      0.4235300      0.4232800      0.4230200      0.4227500      0.4224700      0.4221900      0.4218900      0.4215800      0.4212500      0.4209200      0.4205800      0.4202200      0.4198600      0.4194800      0.4190900      0.4186900      0.4182800      0.4178600      0.4174300      0.4169900      0.4165400      0.4160800    
  0.4243800      0.4241900      0.4239900      0.4237800      0.4235700      0.4233500      0.4231200      0.4228900      0.4226400      0.4223900      0.4221300      0.4218500      0.4215700      0.4212800      0.4209800      0.4206700      0.4203400      0.4200100      0.4196600      0.4193100      0.4189400      0.4185700      0.4181800      0.4177800      0.4173800      0.4169600      0.4165300      0.4160900      0.4156400      0.4151900    
  0.4235400      0.4233400      0.4231400      0.4229200      0.4227000      0.4224800      0.4222500      0.4220000      0.4217500      0.4215000      0.4212300      0.4209500      0.4206700      0.4203700      0.4200700      0.4197500      0.4194300      0.4190900      0.4187500      0.4183900      0.4180300      0.4176500      0.4172700      0.4168700      0.4164700      0.4160500      0.4156300      0.4151900      0.4147500      0.4142900    
  0.4227000      0.4225000      0.4222800      0.4220600      0.4218400      0.4216100      0.4213700      0.4211200      0.4208700      0.4206000      0.4203300      0.4200500      0.4197600      0.4194600      0.4191600      0.4188400      0.4185100      0.4181800      0.4178300      0.4174800      0.4171100      0.4167400      0.4163500      0.4159600      0.4155500      0.4151400      0.4147200      0.4142900      0.4138400      0.4134000    
  0.4218700      0.4216500      0.4214300      0.4212000      0.4209700      0.4207300      0.4204900      0.4202300      0.4199800      0.4197100      0.4194300      0.4191500      0.4188600      0.4185500      0.4182400      0.4179300      0.4176000      0.4172600      0.4169100      0.4165600      0.4161900      0.4158200      0.4154300      0.4150400      0.4146400      0.4142300      0.4138100      0.4133800      0.4129400      0.4124900    
  0.4210300      0.4208000      0.4205700      0.4203400      0.4201000      0.4198600      0.4196100      0.4193500      0.4190800      0.4188100      0.4185300      0.4182400      0.4179500      0.4176400      0.4173300      0.4170100      0.4166800      0.4163400      0.4159900      0.4156400      0.4152700      0.4149000      0.4145100      0.4141200      0.4137200      0.4133100      0.4129000      0.4124700      0.4120300      0.4115900    
  0.4201800      0.4199500      0.4197200      0.4194800      0.4192300      0.4189800      0.4187300      0.4184600      0.4181900      0.4179200      0.4176300      0.4173400      0.4170400      0.4167300      0.4164200      0.4160900      0.4157600      0.4154200      0.4150700      0.4147200      0.4143500      0.4139800      0.4135900      0.4132000      0.4128000      0.4124000      0.4119800      0.4115600      0.4111300      0.4106900    
  0.4193400      0.4191100      0.4188600      0.4186200      0.4183700      0.4181100      0.4178500      0.4175800      0.4173000      0.4170200      0.4167300      0.4164300      0.4161300      0.4158200      0.4155000      0.4151800      0.4148400      0.4145000      0.4141500      0.4137900      0.4134300      0.4130500      0.4126700      0.4122800      0.4118800      0.4114800      0.4110600      0.4106400      0.4102100      0.4097800    
  0.4193430      0.4191030      0.4185850      0.4177500      0.4175000      0.4172300      0.4169600      0.4166900      0.4164100      0.4161200      0.4158300      0.4155300      0.4152200      0.4149100      0.4145900      0.4142600      0.4139200      0.4135800      0.4132300      0.4128700      0.4125000      0.4121300      0.4117500      0.4113600      0.4109600      0.4105600      0.4101500      0.4097300      0.4093000      0.4088700    
  0.4193410      0.4186950      0.4177500      0.4169100      0.4166300      0.4163600      0.4160800      0.4158000      0.4155200      0.4152200      0.4149300      0.4146200      0.4143100      0.4139900      0.4136700      0.4133400      0.4130000      0.4126600      0.4123000      0.4119400      0.4115800      0.4112000      0.4108200      0.4104300      0.4100400      0.4096400      0.4092300      0.4088100      0.4083900      0.4079600    
  0.4188410      0.4177500      0.4166540      0.4161950      0.4157600      0.4154800      0.4152000      0.4149200      0.4146200      0.4143300      0.4140300      0.4137200      0.4134000      0.4130800      0.4127500      0.4124200      0.4120800      0.4117300      0.4113800      0.4110200      0.4106500      0.4102800      0.4099000      0.4095100      0.4091200      0.4087100      0.4083100      0.4078900      0.4074700      0.4070500    
  0.4177500      0.4165350      0.4159780      0.4157600      0.4152830      0.4146100      0.4143200      0.4140300      0.4137300      0.4134300      0.4131200      0.4128100      0.4124900      0.4121700      0.4118400      0.4115000      0.4111600      0.4108100      0.4104600      0.4100900      0.4097300      0.4093500      0.4089700      0.4085800      0.4081900      0.4077900      0.4073900      0.4069700      0.4065600      0.4061300    
  0.4164790      0.4158690      0.4157600      0.4152180      0.4146100      0.4141230      0.4134400      0.4131500      0.4128400      0.4125400      0.4122200      0.4119100      0.4115900      0.4112600      0.4109200      0.4105800      0.4102400      0.4098900      0.4095300      0.4091700      0.4088000      0.4084300      0.4080500      0.4076600      0.4072700      0.4068700      0.4064700      0.4060600      0.4056400      0.4052200    
  0.4158140      0.4157600      0.4151960      0.4146100      0.4140580      0.4134400      0.4132950      0.4131430      0.4125420      0.4116400      0.4113300      0.4110000      0.4106800      0.4103500      0.4100100      0.4096700      0.4093200      0.4089700      0.4086100      0.4082400      0.4078800      0.4075000      0.4071200      0.4067300      0.4063400      0.4059500      0.4055400      0.4051400      0.4047200      0.4043000    
  0.4157600      0.4151890      0.4146100      0.4140360      0.4134400      0.4133680      0.4132930      0.4126550      0.4116400      0.4114850      0.4106540      0.4101000      0.4097700      0.4094400      0.4091000      0.4087500      0.4084000      0.4080500      0.4076900      0.4073200      0.4069500      0.4065800      0.4062000      0.4058100      0.4054200      0.4050200      0.4046200      0.4042200      0.4038000      0.4033900    
  0.4151860      0.4146100      0.4140290      0.4134400      0.4134040      0.4133670      0.4127390      0.4116400      0.4115630      0.4105260      0.4096500      0.4092000      0.4088700      0.4085300      0.4081800      0.4078400      0.4074800      0.4071300      0.4067600      0.4064000      0.4060300      0.4056500      0.4052700      0.4048900      0.4045000      0.4041000      0.4037000      0.4033000      0.4028900      0.4024700    
  0.4146100      0.4140260      0.4134400      0.4134220      0.4134040      0.4127870      0.4116400      0.4116010      0.4104710      0.4094250      0.4092000      0.4090350      0.4085550      0.4076200      0.4072700      0.4069200      0.4065700      0.4062100      0.4058400      0.4054800      0.4051000      0.4047300      0.4043500      0.4039600      0.4035700      0.4031800      0.4027800      0.4023800      0.4019700      0.4015600    
  0.4140250      0.4134400      0.4134310      0.4134220      0.4128130      0.4116400      0.4116210      0.4104450      0.4093130      0.4092000      0.4091180      0.4086030      0.4076200      0.4074450      0.4072700      0.4069200      0.4065670      0.4062070      0.4051460      0.4045600      0.4041800      0.4038000      0.4034200      0.4030400      0.4026500      0.4022600      0.4018600      0.4014600      0.4010500      0.4006400    
  0.4134400      0.4134350      0.4134310      0.4128260      0.4116400      0.4116300      0.4104320      0.4092560      0.4092000      0.4091590      0.4086350      0.4076200      0.4075330      0.4074450      0.4072120      0.4069190      0.4065640      0.4051320      0.4041000      0.4036400      0.4032600      0.4028800      0.4025000      0.4021200      0.4017300      0.4013400      0.4009400      0.4005400      0.4001400      0.3997300    
  0.4134380      0.4134350      0.4128330      0.4116400      0.4116350      0.4104260      0.4092280      0.4092000      0.4091790      0.4086530      0.4076200      0.4075760      0.4075330      0.4073960      0.4071920      0.4068980      0.4052250      0.4038700      0.4036400      0.4030800      0.4023400      0.4019600      0.4015800      0.4012000      0.4008100      0.4004200      0.4000200      0.3996300      0.3992200      0.3988200    
  0.4134380      0.4128370      0.4116400      0.4116380      0.4104230      0.4092140      0.4092000      0.4091900      0.4086630      0.4076200      0.4075980      0.4075760      0.4075020      0.4073740      0.4071620      0.4047940      0.4037550      0.4036400      0.4020500      0.4014250      0.4011980      0.4010500      0.4006600      0.4002800      0.3998900      0.3995000      0.3991100      0.3987100      0.3983100      0.3979100    
  0.4128380      0.4116400      0.4116390      0.4104220      0.4092070      0.4092000      0.4091950      0.4086680      0.4076200      0.4076090      0.4075980      0.4075590      0.4074840      0.4046970      0.4025500      0.4009010      0.4009000      0.4006610      0.4003600      0.4000550      0.4005100      0.4001300      0.3997500      0.3993600      0.3989700      0.3985900      0.3981900      0.3978000      0.3974000      0.3970000    
  0.4116400      0.4116390      0.4104210      0.4092040      0.4092000      0.4091970      0.4086710      0.4076200      0.4076150      0.4076090      0.4075890      0.4075470      0.4026310      0.3967220      0.3967500      0.3983170      0.3980480      0.3981600      0.3990930      0.3996000      0.3996000      0.3992200      0.3988300      0.3984500      0.3980600      0.3976700      0.3972800      0.3968900      0.3964900      0.3960900    
  0.4116400      0.4104200      0.4092020      0.4092000      0.4091990      0.4086720      0.4076200      0.4076170      0.4076150      0.4076040      0.4023370      0.3944700      0.3959480      0.3966940      0.3966940      0.3967500      0.3975710      0.3979350      0.3981600      0.3985570      0.3986900      0.3983000      0.3979200      0.3975400      0.3971500      0.3967600      0.3963700      0.3959800      0.3955800      0.3951900    
  0.4104200      0.4092010      0.4092000      0.4091990      0.4086730      0.4076200      0.4076190      0.4076170      0.4076120      0.4012990      0.3944700      0.3944700      0.3944700      0.3959070      0.3966380      0.3966370      0.3967500      0.3974380      0.3977100      0.3981600      0.3977800      0.3974000      0.3970100      0.3966300      0.3962400      0.3958500      0.3954600      0.3950700      0.3946800      0.3942800    
  0.4092000      0.4092000      0.4092000      0.4086730      0.4076200      0.4076190      0.4076190      0.4033470      0.3991150      0.3944680      0.3944700      0.3944700      0.3944700      0.3944700      0.3958250      0.3965250      0.3965250      0.3967500      0.3971330      0.3972600      0.3968800      0.3964900      0.3961100      0.3957200      0.3953300      0.3949500      0.3945600      0.3941700      0.3937800      0.3933800    
  0.4092000      0.4092000      0.4086730      0.4076200      0.4076200      0.4006150      0.3901100      0.3903250      0.3905400      0.3931530      0.3944630      0.3944700      0.3944700      0.3944700      0.3944700      0.3956650      0.3963010      0.3963000      0.3967500      0.3963600      0.3959700      0.3955900      0.3952000      0.3948200      0.3944300      0.3940400      0.3936600      0.3932700      0.3928800      0.3924900    
  0.4092000      0.4086730      0.4076200      0.4076200      0.3992140      0.3901080      0.3901080      0.3901100      0.3903250      0.3905400      0.3931410      0.3944480      0.3944700      0.3944700      0.3944700      0.3944700      0.3953660      0.3958530      0.3958500      0.3954600      0.3950800      0.3946900      0.3943000      0.3939200      0.3935300      0.3931400      0.3927600      0.3923700      0.3919800      0.3915900    
