iMOD/TUTORIALS/TUT_MetaswapAnalyser/model_MetaSWAP/meteo/Evaporation/Evaporation_20060418_L1.ASC
NCOLS                30
NROWS                30
XLLCORNER     160000.00
YLLCORNER     340000.00
CELLSIZE        1000.00
NODATA_VALUE   -9999.00
   1.899480       1.895770       1.892210       1.888770       1.885450       1.882250       1.879160       1.876160       1.873260       1.870440       1.867700       1.865020       1.862410       1.859850       1.857350       1.854890       1.852470       1.850080       1.847730       1.845400       1.843090       1.840810       1.838540       1.836290       1.834050       1.831820       1.829590       1.827380       1.825170       1.822960    
   1.904250       1.900520       1.896930       1.893470       1.890130       1.886900       1.883780       1.880750       1.877820       1.874970       1.872190       1.869490       1.866850       1.864260       1.861730       1.859240       1.856800       1.854380       1.852010       1.849660       1.847330       1.845020       1.842740       1.840470       1.838210       1.835960       1.833720       1.831490       1.829260       1.827040    
   1.909060       1.905320       1.901710       1.898230       1.894860       1.891610       1.888450       1.885400       1.882440       1.879560       1.876750       1.874020       1.871350       1.868730       1.866170       1.863660       1.861180       1.858750       1.856340       1.853970       1.851620       1.849290       1.846990       1.844700       1.842420       1.840150       1.837900       1.835650       1.833410       1.831170    
   1.913920       1.910160       1.906540       1.903030       1.899640       1.896360       1.893180       1.890100       1.887110       1.884200       1.881360       1.878600       1.875900       1.873260       1.870670       1.868130       1.865630       1.863160       1.860740       1.858340       1.855970       1.853620       1.851290       1.848980       1.846680       1.844400       1.842120       1.839860       1.837600       1.835350    
   1.918820       1.915050       1.911410       1.907880       1.904470       1.901160       1.897960       1.894850       1.891830       1.888890       1.886030       1.883240       1.880510       1.877840       1.875220       1.872650       1.870120       1.867640       1.865180       1.862760       1.860370       1.858000       1.855640       1.853310       1.850990       1.848690       1.846400       1.844120       1.841840       1.839570    
   1.923750       1.919970       1.916310       1.912770       1.909340       1.906010       1.902780       1.899650       1.896600       1.893640       1.890750       1.887930       1.885170       1.882470       1.879820       1.877230       1.874680       1.872160       1.869680       1.867240       1.864820       1.862420       1.860050       1.857690       1.855360       1.853030       1.850720       1.848420       1.846120       1.843840    
   1.928730       1.924930       1.921260       1.917700       1.914250       1.910900       1.907650       1.904490       1.901420       1.898430       1.895510       1.892660       1.889880       1.887150       1.884480       1.881860       1.879280       1.876740       1.874230       1.871760       1.869320       1.866900       1.864500       1.862120       1.859760       1.857420       1.855080       1.852760       1.850450       1.848140    
   1.933730       1.929930       1.926240       1.922670       1.919200       1.915830       1.912560       1.909380       1.906280       1.903260       1.900320       1.897440       1.894630       1.891880       1.889180       1.886530       1.883920       1.881360       1.878830       1.876330       1.873860       1.871420       1.869000       1.866600       1.864220       1.861850       1.859490       1.857150       1.854820       1.852490    
   1.938760       1.934960       1.931260       1.927670       1.924180       1.920800       1.917500       1.914300       1.911180       1.908140       1.905170       1.902270       1.899430       1.896650       1.893930       1.891250       1.888620       1.886020       1.883470       1.880950       1.878450       1.875980       1.873540       1.871120       1.868710       1.866320       1.863940       1.861580       1.859220       1.856880    
   1.943830       1.940010       1.936300       1.932700       1.929200       1.925800       1.922480       1.919260       1.916120       1.913050       1.910060       1.907130       1.904270       1.901460       1.898710       1.896010       1.893350       1.890730       1.888150       1.885600       1.883090       1.880590       1.878130       1.875680       1.873250       1.870840       1.868440       1.866050       1.863670       1.861300    
   1.943870       1.940050       1.936690       1.937760       1.934250       1.930830       1.927500       1.924250       1.921090       1.918000       1.914980       1.912040       1.909150       1.906320       1.903540       1.900810       1.898130       1.895480       1.892880       1.890300       1.887760       1.885240       1.882750       1.880280       1.877830       1.875390       1.872970       1.870560       1.868160       1.865770    
   1.943900       1.939590       1.937760       1.938940       1.939320       1.935890       1.932540       1.929280       1.926090       1.922980       1.919950       1.916970       1.914060       1.911210       1.908410       1.905650       1.902940       1.900270       1.897640       1.895040       1.892480       1.889930       1.887420       1.884920       1.882440       1.879980       1.877540       1.875100       1.872680       1.870270    
   1.942270       1.937760       1.940750       1.941870       1.944420       1.940970       1.937610       1.934330       1.931130       1.928000       1.924940       1.921940       1.919010       1.916130       1.913310       1.910530       1.907800       1.905100       1.902440       1.899820       1.897230       1.894660       1.892120       1.889600       1.887100       1.884610       1.882140       1.879680       1.877240       1.874800    
   1.937760       1.941520       1.943150       1.944420       1.943820       1.946080       1.942710       1.939410       1.936190       1.933040       1.929960       1.926950       1.923990       1.921090       1.918240       1.915440       1.912680       1.909960       1.907280       1.904630       1.902010       1.899420       1.896860       1.894310       1.891780       1.889270       1.886780       1.884300       1.881830       1.879370    
   1.941870       1.943780       1.944420       1.944770       1.946080       1.945540       1.947830       1.944520       1.941280       1.938110       1.935010       1.931980       1.929000       1.926080       1.923200       1.920380       1.917600       1.914860       1.912150       1.909480       1.906840       1.904220       1.901630       1.899060       1.896500       1.893970       1.891450       1.888950       1.886450       1.883970    
   1.944100       1.944420       1.945090       1.946080       1.946480       1.947830       1.946170       1.944540       1.941780       1.943210       1.940090       1.937030       1.934040       1.931090       1.928200       1.925350       1.922550       1.919780       1.917050       1.914350       1.911690       1.909050       1.906430       1.903830       1.901260       1.898700       1.896160       1.893620       1.891110       1.888600    
   1.944420       1.945200       1.946080       1.946800       1.947830       1.947000       1.946180       1.943930       1.943210       1.941650       1.941930       1.942120       1.939100       1.936130       1.933220       1.930350       1.927520       1.924730       1.921980       1.919260       1.916570       1.913900       1.911260       1.908640       1.906040       1.903460       1.900890       1.898330       1.895790       1.893260    
   1.945230       1.946080       1.946900       1.947830       1.947420       1.947010       1.945080       1.943210       1.942430       1.943740       1.944670       1.947220       1.944180       1.941200       1.938260       1.935370       1.932530       1.929710       1.926940       1.924190       1.921480       1.918790       1.916120       1.913480       1.910850       1.908240       1.905650       1.903070       1.900500       1.897940    
   1.946080       1.946940       1.947830       1.947620       1.947420       1.945680       1.943210       1.942820       1.944510       1.945950       1.947220       1.945700       1.944720       1.946290       1.943330       1.940420       1.937550       1.934720       1.931920       1.929150       1.926410       1.923700       1.921010       1.918340       1.915690       1.913060       1.910440       1.907830       1.905240       1.902650    
   1.946950       1.947830       1.947730       1.947620       1.945980       1.943210       1.943020       1.944870       1.946580       1.947220       1.946460       1.945980       1.946290       1.944810       1.943350       1.940430       1.937560       1.934730       1.933810       1.934140       1.931370       1.928640       1.925920       1.923230       1.920550       1.917890       1.915250       1.912620       1.910000       1.907390    
   1.947830       1.947780       1.947730       1.946140       1.943210       1.943110       1.945040       1.946900       1.947220       1.946840       1.946490       1.946290       1.945550       1.944820       1.942860       1.940450       1.937580       1.936380       1.936640       1.939140       1.936360       1.933600       1.930860       1.928140       1.925440       1.922750       1.920080       1.917420       1.914780       1.912140    
   1.947800       1.947780       1.946210       1.943210       1.943160       1.945130       1.947060       1.947220       1.947030       1.946710       1.946290       1.945920       1.945550       1.944410       1.942710       1.940300       1.938290       1.937890       1.939140       1.938950       1.941360       1.938580       1.935810       1.933070       1.930340       1.927630       1.924940       1.922250       1.919580       1.916920    
   1.947800       1.946250       1.943210       1.943190       1.945170       1.947140       1.947220       1.947120       1.946810       1.946290       1.946110       1.945920       1.945290       1.944220       1.942470       1.942830       1.938510       1.939140       1.944610       1.946390       1.944700       1.943570       1.940790       1.938020       1.935270       1.932540       1.929810       1.927100       1.924410       1.921720    
   1.946270       1.943210       1.943200       1.945190       1.947180       1.947220       1.947170       1.946860       1.946290       1.946200       1.946110       1.945770       1.945150       1.953680       1.956170       1.954340       1.954330       1.953280       1.952270       1.953940       1.951420       1.948590       1.945780       1.942990       1.940220       1.937450       1.934710       1.931970       1.929250       1.926530    
   1.943210       1.943200       1.945200       1.947200       1.947220       1.947200       1.946890       1.946290       1.946240       1.946200       1.946030       1.945670       1.962110       1.982890       1.982730       1.970450       1.970170       1.969530       1.960870       1.956480       1.956470       1.953620       1.950790       1.947970       1.945180       1.942390       1.939620       1.936850       1.934100       1.931360    
   1.943210       1.945210       1.947210       1.947220       1.947210       1.946900       1.946290       1.946270       1.946240       1.946160       1.968060       2.001190       1.989120       1.983050       1.983050       1.982730       1.974580       1.970810       1.969530       1.963540       1.961540       1.958670       1.955810       1.952970       1.950150       1.947340       1.944540       1.941750       1.938970       1.936200    
   1.945210       1.947220       1.947220       1.947210       1.946900       1.946290       1.946280       1.946270       1.946220       1.972570       2.001190       2.001190       2.001190       1.989360       1.983370       1.983370       1.982730       1.975250       1.972080       1.969530       1.966620       1.963720       1.960850       1.957980       1.955140       1.952300       1.949480       1.946660       1.943860       1.941060    
   1.947220       1.947220       1.947220       1.946910       1.946290       1.946280       1.946280       1.967200       1.984520       2.001200       2.001190       2.001190       2.001190       2.001190       1.989820       1.984010       1.984010       1.982730       1.976660       1.974640       1.971710       1.968790       1.965890       1.963010       1.960140       1.957270       1.954420       1.951580       1.948750       1.945930    
   1.947220       1.947220       1.946910       1.946290       1.946290       1.983090       2.038290       2.034160       2.030030       2.010840       2.001230       2.001190       2.001190       2.001190       2.001190       1.990710       1.985300       1.985300       1.982730       1.979750       1.976800       1.973870       1.970950       1.968040       1.965140       1.962260       1.959380       1.956510       1.953650       1.950800    
   1.947220       1.946910       1.946290       1.946290       1.990460       2.038300       2.038300       2.038290       2.034160       2.030030       2.010920       2.001320       2.001190       2.001190       2.001190       2.001190       1.992350       1.987870       1.987860       1.984870       1.981900       1.978950       1.976010       1.973080       1.970160       1.967250       1.964340       1.961450       1.958560       1.955680    
