iMOD/TUTORIALS/TUT_MetaswapAnalyser/model_MetaSWAP/meteo/Evaporation/Evaporation_20060226_L1.ASC
NCOLS                30
NROWS                30
XLLCORNER     160000.00
YLLCORNER     340000.00
CELLSIZE        1000.00
NODATA_VALUE   -9999.00
  0.6093200      0.6086800      0.6080900      0.6075400      0.6070200      0.6065400      0.6060900      0.6056700      0.6052800      0.6049200      0.6045900      0.6042700      0.6039800      0.6037100      0.6034500      0.6032100      0.6029900      0.6027700      0.6025800      0.6023900      0.6022100      0.6020400      0.6018700      0.6017100      0.6015600      0.6014100      0.6012600      0.6011200      0.6009800      0.6008300    
  0.6083900      0.6077600      0.6071700      0.6066200      0.6061100      0.6056300      0.6051800      0.6047600      0.6043700      0.6040100      0.6036700      0.6033600      0.6030600      0.6027900      0.6025300      0.6022900      0.6020600      0.6018400      0.6016400      0.6014500      0.6012700      0.6010900      0.6009200      0.6007600      0.6006000      0.6004400      0.6002900      0.6001400      0.5999900      0.5998400    
  0.6074900      0.6068700      0.6062900      0.6057400      0.6052300      0.6047500      0.6043000      0.6038800      0.6034900      0.6031300      0.6027900      0.6024700      0.6021800      0.6019000      0.6016400      0.6014000      0.6011700      0.6009500      0.6007400      0.6005400      0.6003600      0.6001800      0.6000000      0.5998300      0.5996700      0.5995100      0.5993500      0.5991900      0.5990300      0.5988800    
  0.6066300      0.6060100      0.6054300      0.6048900      0.6043800      0.6039000      0.6034600      0.6030400      0.6026500      0.6022900      0.6019500      0.6016300      0.6013300      0.6010500      0.6007900      0.6005400      0.6003100      0.6000800      0.5998700      0.5996700      0.5994800      0.5992900      0.5991200      0.5989400      0.5987700      0.5986000      0.5984400      0.5982700      0.5981100      0.5979400    
  0.6058000      0.6051900      0.6046100      0.6040700      0.6035600      0.6030900      0.6026500      0.6022300      0.6018400      0.6014800      0.6011300      0.6008100      0.6005100      0.6002300      0.5999700      0.5997100      0.5994800      0.5992500      0.5990400      0.5988300      0.5986300      0.5984400      0.5982600      0.5980800      0.5979000      0.5977300      0.5975500      0.5973800      0.5972100      0.5970400    
  0.6050000      0.6043900      0.6038200      0.6032900      0.6027800      0.6023100      0.6018600      0.6014500      0.6010600      0.6006900      0.6003500      0.6000300      0.5997300      0.5994400      0.5991800      0.5989200      0.5986800      0.5984500      0.5982300      0.5980200      0.5978200      0.5976200      0.5974300      0.5972400      0.5970600      0.5968800      0.5967000      0.5965200      0.5963400      0.5961600    
  0.6042300      0.6036300      0.6030600      0.6025300      0.6020300      0.6015500      0.6011100      0.6007000      0.6003100      0.5999400      0.5996000      0.5992800      0.5989700      0.5986900      0.5984100      0.5981600      0.5979100      0.5976800      0.5974500      0.5972400      0.5970300      0.5968300      0.5966300      0.5964400      0.5962500      0.5960600      0.5958700      0.5956800      0.5955000      0.5953100    
  0.6034800      0.6028900      0.6023300      0.6018000      0.6013000      0.6008300      0.6003900      0.5999700      0.5995900      0.5992200      0.5988800      0.5985500      0.5982500      0.5979600      0.5976800      0.5974200      0.5971700      0.5969300      0.5967100      0.5964800      0.5962700      0.5960600      0.5958600      0.5956600      0.5954600      0.5952700      0.5950700      0.5948700      0.5946800      0.5944800    
  0.6027600      0.6021700      0.6016200      0.6010900      0.6006000      0.6001300      0.5996900      0.5992800      0.5988900      0.5985200      0.5981800      0.5978500      0.5975500      0.5972500      0.5969800      0.5967100      0.5964600      0.5962200      0.5959800      0.5957600      0.5955400      0.5953200      0.5951100      0.5949100      0.5947000      0.5945000      0.5942900      0.5940900      0.5938900      0.5936800    
  0.6020700      0.6014800      0.6009300      0.6004100      0.5999200      0.5994600      0.5990200      0.5986100      0.5982200      0.5978500      0.5975100      0.5971800      0.5968700      0.5965800      0.5963000      0.5960300      0.5957700      0.5955300      0.5952900      0.5950600      0.5948300      0.5946100      0.5943900      0.5941800      0.5939700      0.5937500      0.5935400      0.5933300      0.5931200      0.5929000    
  0.6020800      0.6014930      0.6006430      0.5997500      0.5992600      0.5988000      0.5983700      0.5979600      0.5975700      0.5972100      0.5968600      0.5965300      0.5962200      0.5959200      0.5956400      0.5953700      0.5951100      0.5948600      0.5946200      0.5943800      0.5941500      0.5939200      0.5937000      0.5934800      0.5932600      0.5930400      0.5928200      0.5925900      0.5923700      0.5921400    
  0.6020910      0.6009910      0.5997500      0.5989150      0.5986300      0.5981800      0.5977400      0.5973300      0.5969500      0.5965800      0.5962400      0.5959100      0.5955900      0.5953000      0.5950100      0.5947400      0.5944700      0.5942200      0.5939700      0.5937300      0.5934900      0.5932600      0.5930200      0.5928000      0.5925700      0.5923400      0.5921100      0.5918800      0.5916500      0.5914100    
  0.6013860      0.5997500      0.5987520      0.5983250      0.5980200      0.5975700      0.5971400      0.5967300      0.5963500      0.5959800      0.5956300      0.5953000      0.5949900      0.5946900      0.5944000      0.5941200      0.5938600      0.5936000      0.5933400      0.5930900      0.5928500      0.5926100      0.5923700      0.5921400      0.5919000      0.5916600      0.5914300      0.5911900      0.5909400      0.5907000    
  0.5997500      0.5986740      0.5981730      0.5980200      0.5975230      0.5969800      0.5965500      0.5961500      0.5957600      0.5954000      0.5950500      0.5947200      0.5944100      0.5941000      0.5938100      0.5935300      0.5932600      0.5930000      0.5927400      0.5924800      0.5922400      0.5919900      0.5917400      0.5915000      0.5912500      0.5910100      0.5907600      0.5905100      0.5902600      0.5900000    
  0.5986350      0.5980960      0.5980200      0.5975080      0.5969800      0.5965070      0.5959900      0.5955800      0.5952000      0.5948400      0.5944900      0.5941600      0.5938400      0.5935400      0.5932400      0.5929600      0.5926900      0.5924200      0.5921500      0.5919000      0.5916400      0.5913900      0.5911300      0.5908800      0.5906300      0.5903700      0.5901200      0.5898600      0.5896000      0.5893300    
  0.5980580      0.5980200      0.5975030      0.5969800      0.5964920      0.5959900      0.5957850      0.5955900      0.5949770      0.5942900      0.5939500      0.5936100      0.5933000      0.5929900      0.5926900      0.5924100      0.5921300      0.5918600      0.5915900      0.5913200      0.5910600      0.5908000      0.5905400      0.5902800      0.5900200      0.5897600      0.5894900      0.5892200      0.5889500      0.5886700    
  0.5980200      0.5975010      0.5969800      0.5964870      0.5959900      0.5958880      0.5957880      0.5951610      0.5942900      0.5941200      0.5935020      0.5930900      0.5927700      0.5924600      0.5921600      0.5918700      0.5915900      0.5913100      0.5910400      0.5907700      0.5905000      0.5902400      0.5899700      0.5897000      0.5894300      0.5891600      0.5888800      0.5886000      0.5883200      0.5880300    
  0.5975000      0.5969800      0.5964860      0.5959900      0.5959390      0.5958890      0.5952820      0.5942900      0.5942050      0.5934620      0.5928300      0.5925700      0.5922600      0.5919500      0.5916500      0.5913500      0.5910700      0.5907900      0.5905100      0.5902400      0.5899600      0.5896900      0.5894100      0.5891400      0.5888600      0.5885800      0.5882900      0.5880000      0.5877100      0.5874100    
  0.5969800      0.5964850      0.5959900      0.5959640      0.5959390      0.5953500      0.5942900      0.5942480      0.5934450      0.5927000      0.5925700      0.5924150      0.5920570      0.5914500      0.5911500      0.5908500      0.5905600      0.5902800      0.5900000      0.5897200      0.5894400      0.5891600      0.5888700      0.5885900      0.5883000      0.5880100      0.5877100      0.5874100      0.5871100      0.5868000    
  0.5964850      0.5959900      0.5959770      0.5959650      0.5953860      0.5942900      0.5942690      0.5934380      0.5926350      0.5925700      0.5924920      0.5921230      0.5914500      0.5913000      0.5911500      0.5908530      0.5905630      0.5902800      0.5895860      0.5892100      0.5889200      0.5886400      0.5883500      0.5880500      0.5877600      0.5874600      0.5871500      0.5868400      0.5865200      0.5862000    
  0.5959900      0.5959840      0.5959770      0.5954040      0.5942900      0.5942790      0.5934340      0.5926020      0.5925700      0.5925310      0.5921590      0.5914500      0.5913750      0.5913000      0.5911010      0.5908560      0.5905660      0.5896230      0.5889650      0.5887200      0.5884300      0.5881300      0.5878400      0.5875300      0.5872300      0.5869200      0.5866000      0.5862800      0.5859500      0.5856200    
  0.5959870      0.5959840      0.5954140      0.5942900      0.5942850      0.5934320      0.5925860      0.5925700      0.5925510      0.5921780      0.5914500      0.5914120      0.5913750      0.5912590      0.5910860      0.5908410      0.5897210      0.5888430      0.5887200      0.5883630      0.5879400      0.5876400      0.5873400      0.5870300      0.5867100      0.5863900      0.5860700      0.5857300      0.5853900      0.5850400    
  0.5959870      0.5954190      0.5942900      0.5942870      0.5934310      0.5925780      0.5925700      0.5925600      0.5921870      0.5914500      0.5914310      0.5914120      0.5913490      0.5912400      0.5910620      0.5895560      0.5887810      0.5887200      0.5878320      0.5874700      0.5872860      0.5871600      0.5868500      0.5865300      0.5862100      0.5858800      0.5855400      0.5851900      0.5848400      0.5844800    
  0.5954210      0.5942900      0.5942890      0.5934310      0.5925740      0.5925700      0.5925650      0.5921920      0.5914500      0.5914410      0.5914310      0.5913970      0.5913340      0.5897780      0.5884650      0.5873530      0.5873500      0.5871620      0.5869320      0.5867750      0.5870000      0.5866900      0.5863700      0.5860400      0.5857100      0.5853700      0.5850200      0.5846700      0.5843000      0.5839300    
  0.5942900      0.5942890      0.5934300      0.5925720      0.5925700      0.5925680      0.5921940      0.5914500      0.5914450      0.5914410      0.5914230      0.5913870      0.5886780      0.5854470      0.5854600      0.5861210      0.5859260      0.5859800      0.5863440      0.5865500      0.5865500      0.5862300      0.5859000      0.5855600      0.5852200      0.5848700      0.5845100      0.5841500      0.5837700      0.5833900    
  0.5942900      0.5934300      0.5925710      0.5925700      0.5925690      0.5921950      0.5914500      0.5914480      0.5914450      0.5914360      0.5886620      0.5845300      0.5851300      0.5854340      0.5854340      0.5854600      0.5857490      0.5858730      0.5859800      0.5860730      0.5861000      0.5857700      0.5854400      0.5850900      0.5847400      0.5843800      0.5840100      0.5836400      0.5832500      0.5828500    
  0.5934300      0.5925710      0.5925700      0.5925690      0.5921960      0.5914500      0.5914490      0.5914480      0.5914430      0.5881210      0.5845300      0.5845300      0.5845300      0.5851110      0.5854070      0.5854070      0.5854600      0.5856840      0.5857650      0.5859800      0.5856600      0.5853200      0.5849800      0.5846300      0.5842700      0.5839000      0.5835200      0.5831300      0.5827300      0.5823200    
  0.5925700      0.5925700      0.5925700      0.5921960      0.5914500      0.5914490      0.5914490      0.5892600      0.5870260      0.5845290      0.5845300      0.5845300      0.5845300      0.5845300      0.5850720      0.5853550      0.5853550      0.5854600      0.5855300      0.5855500      0.5852200      0.5848800      0.5845300      0.5841700      0.5838000      0.5834200      0.5830300      0.5826300      0.5822200      0.5817900    
  0.5925700      0.5925700      0.5921970      0.5914500      0.5914500      0.5878930      0.5825600      0.5826300      0.5827000      0.5839170      0.5845260      0.5845300      0.5845300      0.5845300      0.5845300      0.5849970      0.5852500      0.5852500      0.5854600      0.5851300      0.5847900      0.5844400      0.5840900      0.5837200      0.5833400      0.5829500      0.5825500      0.5821300      0.5817100      0.5812700    
  0.5925700      0.5921970      0.5914500      0.5914500      0.5871820      0.5825590      0.5825590      0.5825600      0.5826300      0.5827000      0.5839110      0.5845200      0.5845300      0.5845300      0.5845300      0.5845300      0.5848540      0.5850400      0.5850400      0.5847000      0.5843600      0.5840100      0.5836500      0.5832700      0.5828800      0.5824800      0.5820600      0.5816400      0.5812000      0.5807500    
