iMOD/TUTORIALS/TUT_MetaswapAnalyser/model_MetaSWAP/meteo/Evaporation/Evaporation_20061005_L1.ASC
NCOLS                30
NROWS                30
XLLCORNER     160000.00
YLLCORNER     340000.00
CELLSIZE        1000.00
NODATA_VALUE   -9999.00
   1.503490       1.504440       1.505290       1.506060       1.506750       1.507350       1.507890       1.508350       1.508740       1.509070       1.509350       1.509560       1.509720       1.509840       1.509900       1.509930       1.509910       1.509860       1.509770       1.509640       1.509490       1.509310       1.509100       1.508870       1.508610       1.508340       1.508050       1.507740       1.507410       1.507070    
   1.501290       1.502220       1.503060       1.503820       1.504500       1.505110       1.505630       1.506090       1.506490       1.506820       1.507090       1.507310       1.507480       1.507590       1.507670       1.507690       1.507680       1.507640       1.507550       1.507440       1.507290       1.507120       1.506930       1.506700       1.506460       1.506200       1.505920       1.505630       1.505320       1.504990    
   1.499040       1.499960       1.500790       1.501540       1.502210       1.502810       1.503330       1.503790       1.504180       1.504510       1.504790       1.505010       1.505180       1.505300       1.505380       1.505410       1.505410       1.505360       1.505290       1.505180       1.505050       1.504890       1.504700       1.504500       1.504270       1.504020       1.503750       1.503470       1.503180       1.502870    
   1.496740       1.497650       1.498470       1.499210       1.499870       1.500460       1.500980       1.501440       1.501830       1.502160       1.502440       1.502660       1.502830       1.502950       1.503040       1.503080       1.503080       1.503050       1.502980       1.502880       1.502760       1.502610       1.502440       1.502240       1.502020       1.501790       1.501540       1.501280       1.501000       1.500710    
   1.494410       1.495300       1.496100       1.496830       1.497490       1.498070       1.498590       1.499040       1.499430       1.499760       1.500040       1.500260       1.500440       1.500560       1.500650       1.500700       1.500710       1.500680       1.500620       1.500540       1.500420       1.500280       1.500120       1.499940       1.499740       1.499520       1.499280       1.499040       1.498770       1.498500    
   1.492030       1.492910       1.493700       1.494420       1.495070       1.495640       1.496150       1.496600       1.496990       1.497320       1.497590       1.497820       1.498000       1.498130       1.498220       1.498270       1.498290       1.498270       1.498220       1.498150       1.498040       1.497920       1.497770       1.497600       1.497410       1.497210       1.496990       1.496750       1.496510       1.496260    
   1.489620       1.490480       1.491260       1.491970       1.492600       1.493170       1.493680       1.494120       1.494510       1.494830       1.495110       1.495340       1.495520       1.495650       1.495750       1.495810       1.495830       1.495820       1.495780       1.495720       1.495620       1.495510       1.495370       1.495210       1.495040       1.494850       1.494650       1.494430       1.494210       1.493970    
   1.487180       1.488020       1.488780       1.489480       1.490110       1.490670       1.491170       1.491600       1.491990       1.492310       1.492590       1.492820       1.493000       1.493140       1.493240       1.493300       1.493330       1.493330       1.493300       1.493240       1.493160       1.493060       1.492940       1.492790       1.492630       1.492460       1.492280       1.492080       1.491870       1.491650    
   1.484700       1.485520       1.486280       1.486960       1.487570       1.488130       1.488620       1.489050       1.489430       1.489750       1.490030       1.490260       1.490440       1.490590       1.490690       1.490760       1.490800       1.490800       1.490780       1.490730       1.490660       1.490570       1.490460       1.490330       1.490190       1.490030       1.489860       1.489680       1.489500       1.489300    
   1.482200       1.483000       1.483740       1.484410       1.485010       1.485560       1.486040       1.486470       1.486840       1.487160       1.487440       1.487670       1.487850       1.488000       1.488110       1.488180       1.488230       1.488240       1.488230       1.488190       1.488130       1.488050       1.487950       1.487840       1.487710       1.487570       1.487420       1.487260       1.487090       1.486910    
   1.482170       1.482980       1.483250       1.481830       1.482420       1.482960       1.483430       1.483850       1.484220       1.484540       1.484810       1.485040       1.485230       1.485380       1.485490       1.485570       1.485620       1.485640       1.485640       1.485610       1.485560       1.485500       1.485410       1.485310       1.485200       1.485080       1.484940       1.484800       1.484650       1.484490    
   1.482150       1.482560       1.481830       1.480300       1.479800       1.480330       1.480800       1.481210       1.481570       1.481890       1.482160       1.482390       1.482580       1.482730       1.482840       1.482930       1.482980       1.483010       1.483020       1.483000       1.482970       1.482910       1.482840       1.482760       1.482660       1.482550       1.482440       1.482310       1.482180       1.482040    
   1.481950       1.481830       1.479440       1.478480       1.477160       1.477680       1.478130       1.478540       1.478900       1.479210       1.479480       1.479710       1.479890       1.480050       1.480170       1.480260       1.480320       1.480360       1.480370       1.480360       1.480340       1.480300       1.480240       1.480170       1.480090       1.480000       1.479900       1.479790       1.479680       1.479560    
   1.481830       1.479060       1.477820       1.477160       1.476610       1.475000       1.475450       1.475850       1.476200       1.476510       1.476770       1.477000       1.477190       1.477340       1.477470       1.477560       1.477630       1.477670       1.477690       1.477700       1.477680       1.477650       1.477610       1.477560       1.477490       1.477420       1.477340       1.477250       1.477160       1.477060    
   1.478890       1.477490       1.477160       1.476260       1.475000       1.474400       1.472740       1.473140       1.473480       1.473780       1.474050       1.474270       1.474460       1.474610       1.474740       1.474840       1.474910       1.474960       1.474990       1.475010       1.475000       1.474980       1.474950       1.474910       1.474870       1.474810       1.474750       1.474680       1.474610       1.474530    
   1.477320       1.477160       1.476140       1.475000       1.474050       1.472740       1.472940       1.473120       1.472860       1.471040       1.471300       1.471520       1.471710       1.471860       1.471990       1.472090       1.472170       1.472230       1.472270       1.472290       1.472300       1.472290       1.472280       1.472250       1.472220       1.472180       1.472130       1.472090       1.472040       1.471980    
   1.477160       1.476100       1.475000       1.473930       1.472740       1.472840       1.472930       1.472490       1.471040       1.471170       1.469710       1.468750       1.468940       1.469090       1.469220       1.469330       1.469410       1.469480       1.469520       1.469550       1.469570       1.469580       1.469580       1.469560       1.469550       1.469530       1.469500       1.469470       1.469440       1.469410    
   1.476090       1.475000       1.473890       1.472740       1.472790       1.472840       1.472330       1.471040       1.471100       1.469050       1.467360       1.465960       1.466150       1.466300       1.466440       1.466540       1.466630       1.466700       1.466760       1.466800       1.466820       1.466840       1.466850       1.466860       1.466860       1.466850       1.466850       1.466840       1.466830       1.466820    
   1.475000       1.473880       1.472740       1.472760       1.472790       1.472250       1.471040       1.471070       1.468760       1.466660       1.465960       1.466060       1.465480       1.463500       1.463630       1.463740       1.463840       1.463910       1.463970       1.464020       1.464060       1.464090       1.464120       1.464140       1.464150       1.464160       1.464180       1.464190       1.464200       1.464210    
   1.473870       1.472740       1.472750       1.472760       1.472210       1.471040       1.471060       1.468630       1.466310       1.465960       1.466010       1.465250       1.463500       1.463560       1.463620       1.463740       1.463830       1.463910       1.462310       1.461230       1.461280       1.461320       1.461360       1.461400       1.461430       1.461460       1.461490       1.461520       1.461560       1.461590    
   1.472740       1.472750       1.472750       1.472190       1.471040       1.471050       1.468560       1.466130       1.465960       1.465980       1.465180       1.463500       1.463530       1.463560       1.463640       1.463730       1.463820       1.461660       1.459830       1.458430       1.458490       1.458540       1.458590       1.458640       1.458690       1.458740       1.458790       1.458840       1.458900       1.458960    
   1.472740       1.472750       1.472180       1.471040       1.471040       1.468530       1.466050       1.465960       1.465970       1.465160       1.463500       1.463520       1.463530       1.463580       1.463640       1.463730       1.461360       1.459130       1.458430       1.457530       1.455680       1.455750       1.455810       1.455880       1.455940       1.456010       1.456080       1.456150       1.456230       1.456310    
   1.472740       1.472180       1.471040       1.471040       1.468520       1.466000       1.465960       1.465970       1.465150       1.463500       1.463510       1.463520       1.463540       1.463590       1.463650       1.459490       1.458780       1.458430       1.454360       1.452860       1.452910       1.452940       1.453020       1.453100       1.453180       1.453260       1.453350       1.453450       1.453550       1.453650    
   1.472180       1.471040       1.471040       1.468510       1.465980       1.465960       1.465960       1.465140       1.463500       1.463500       1.463510       1.463520       1.463550       1.456600       1.452290       1.449930       1.449930       1.449800       1.449560       1.448620       1.450040       1.450130       1.450220       1.450310       1.450410       1.450520       1.450620       1.450740       1.450860       1.450990    
   1.471040       1.471040       1.468500       1.465970       1.465960       1.465960       1.465140       1.463500       1.463500       1.463500       1.463510       1.463530       1.450930       1.435540       1.435630       1.441440       1.441080       1.441430       1.445230       1.447210       1.447210       1.447310       1.447420       1.447520       1.447640       1.447760       1.447890       1.448020       1.448170       1.448320    
   1.471040       1.468500       1.465970       1.465960       1.465960       1.465140       1.463500       1.463500       1.463500       1.463510       1.448920       1.427030       1.432630       1.435450       1.435450       1.435630       1.439130       1.440720       1.441430       1.443640       1.444380       1.444490       1.444610       1.444730       1.444860       1.445000       1.445150       1.445310       1.445470       1.445650    
   1.468500       1.465960       1.465960       1.465960       1.465140       1.463500       1.463500       1.463500       1.463500       1.446000       1.427030       1.427030       1.427030       1.432500       1.435280       1.435280       1.435630       1.438730       1.440010       1.441430       1.441550       1.441670       1.441800       1.441930       1.442080       1.442240       1.442410       1.442590       1.442780       1.442980    
   1.465960       1.465960       1.465960       1.465140       1.463500       1.463500       1.463500       1.450900       1.439250       1.427020       1.427030       1.427030       1.427030       1.427030       1.432240       1.434920       1.434920       1.435630       1.437850       1.438590       1.438710       1.438840       1.438980       1.439140       1.439300       1.439480       1.439660       1.439870       1.440080       1.440310    
   1.465960       1.465960       1.465140       1.463500       1.463500       1.442230       1.410320       1.411700       1.413090       1.422360       1.427010       1.427030       1.427030       1.427030       1.427030       1.431750       1.434220       1.434220       1.435630       1.435750       1.435880       1.436020       1.436180       1.436340       1.436520       1.436720       1.436930       1.437150       1.437390       1.437640    
   1.465960       1.465140       1.463500       1.463500       1.437970       1.410310       1.410310       1.410320       1.411700       1.413090       1.422320       1.426960       1.427030       1.427030       1.427030       1.427030       1.430820       1.432800       1.432800       1.432920       1.433060       1.433210       1.433370       1.433550       1.433750       1.433960       1.434190       1.434440       1.434700       1.434980    
