iMOD/TUTORIALS/TUT_MetaswapAnalyser/model_MetaSWAP/meteo/Evaporation/Evaporation_20050428_L1.ASC
NCOLS                30
NROWS                30
XLLCORNER     160000.00
YLLCORNER     340000.00
CELLSIZE        1000.00
NODATA_VALUE   -9999.00
   2.517270       2.525010       2.532750       2.540490       2.548240       2.556000       2.563760       2.571520       2.579290       2.587050       2.594820       2.602580       2.610350       2.618110       2.625870       2.633630       2.641380       2.649140       2.656880       2.664630       2.672370       2.680110       2.687840       2.695580       2.703300       2.711030       2.718750       2.726470       2.734180       2.741900    
   2.518460       2.526180       2.533910       2.541650       2.549400       2.557150       2.564900       2.572650       2.580410       2.588170       2.595930       2.603690       2.611450       2.619210       2.626960       2.634720       2.642470       2.650220       2.657970       2.665710       2.673450       2.681180       2.688920       2.696650       2.704370       2.712100       2.719820       2.727540       2.735250       2.742960    
   2.519650       2.527360       2.535090       2.542820       2.550560       2.558300       2.566040       2.573790       2.581540       2.589300       2.597050       2.604810       2.612560       2.620310       2.628070       2.635820       2.643560       2.651310       2.659050       2.666790       2.674530       2.682260       2.689990       2.697720       2.705450       2.713170       2.720890       2.728600       2.736320       2.744030    
   2.520840       2.528550       2.536270       2.543990       2.551720       2.559460       2.567200       2.574940       2.582680       2.590430       2.598180       2.605930       2.613680       2.621420       2.629170       2.636920       2.644660       2.652400       2.660140       2.667880       2.675610       2.683350       2.691070       2.698800       2.706520       2.714240       2.721960       2.729680       2.737390       2.745100    
   2.522050       2.529750       2.537460       2.545170       2.552890       2.560620       2.568350       2.576090       2.583830       2.591570       2.599310       2.607050       2.614800       2.622540       2.630280       2.638020       2.645760       2.653500       2.661240       2.668970       2.676700       2.684430       2.692160       2.699880       2.707600       2.715320       2.723040       2.730750       2.738460       2.746170    
   2.523260       2.530950       2.538650       2.546360       2.554070       2.561790       2.569520       2.577250       2.584980       2.592710       2.600450       2.608190       2.615920       2.623660       2.631400       2.639140       2.646870       2.654610       2.662340       2.670070       2.677800       2.685520       2.693250       2.700970       2.708680       2.716400       2.724110       2.731820       2.739530       2.747240    
   2.524480       2.532160       2.539850       2.547550       2.555260       2.562970       2.570690       2.578410       2.586140       2.593860       2.601590       2.609330       2.617060       2.624790       2.632520       2.640250       2.647990       2.655720       2.663440       2.671170       2.678890       2.686620       2.694340       2.702050       2.709770       2.717480       2.725190       2.732900       2.740610       2.748310    
   2.525700       2.533380       2.541060       2.548750       2.556450       2.564160       2.571870       2.579580       2.587300       2.595020       2.602740       2.610470       2.618200       2.625920       2.633650       2.641380       2.649100       2.656830       2.664550       2.672270       2.680000       2.687710       2.695430       2.703140       2.710860       2.718570       2.726280       2.733980       2.741690       2.749390    
   2.526930       2.534600       2.542270       2.549960       2.557650       2.565350       2.573050       2.580760       2.588470       2.596180       2.603900       2.611620       2.619340       2.627060       2.634780       2.642500       2.650230       2.657950       2.665670       2.673380       2.681100       2.688820       2.696530       2.704240       2.711950       2.719660       2.727360       2.735060       2.742760       2.750460    
   2.528170       2.535820       2.543490       2.551170       2.558850       2.566540       2.574240       2.581940       2.589640       2.597350       2.605060       2.612770       2.620490       2.628200       2.635920       2.643640       2.651350       2.659070       2.666780       2.674500       2.682210       2.689920       2.697630       2.705340       2.713040       2.720750       2.728450       2.736150       2.743840       2.751540    
   2.528170       2.535830       2.545720       2.552390       2.560060       2.567740       2.575430       2.583120       2.590820       2.598520       2.606230       2.613930       2.621640       2.629350       2.637060       2.644770       2.652480       2.660200       2.667910       2.675610       2.683320       2.691030       2.698730       2.706440       2.714140       2.721840       2.729540       2.737230       2.744930       2.752620    
   2.528170       2.540530       2.552390       2.559050       2.561270       2.568950       2.576630       2.584320       2.592010       2.599700       2.607400       2.615100       2.622800       2.630500       2.638210       2.645910       2.653620       2.661330       2.669030       2.676740       2.684440       2.692140       2.699840       2.707540       2.715240       2.722930       2.730630       2.738320       2.746010       2.753700    
   2.535400       2.552390       2.558950       2.561880       2.562490       2.570160       2.577830       2.585510       2.593200       2.600880       2.608570       2.616270       2.623960       2.631660       2.639360       2.647060       2.654760       2.662460       2.670160       2.677860       2.685560       2.693260       2.700950       2.708650       2.716340       2.724030       2.731720       2.739410       2.747100       2.754780    
   2.552390       2.559000       2.562190       2.562490       2.568010       2.571380       2.579040       2.586710       2.594390       2.602070       2.609750       2.617440       2.625130       2.632820       2.640520       2.648210       2.655900       2.663600       2.671290       2.678990       2.686680       2.694370       2.702070       2.709760       2.717450       2.725130       2.732820       2.740500       2.748190       2.755870    
   2.559060       2.562340       2.562490       2.567290       2.571380       2.576890       2.580250       2.587920       2.595590       2.603260       2.610940       2.618620       2.626300       2.633990       2.641680       2.649360       2.657050       2.664740       2.672430       2.680120       2.687810       2.695500       2.703180       2.710870       2.718550       2.726240       2.733920       2.741600       2.749280       2.756960    
   2.562410       2.562490       2.567050       2.571380       2.576170       2.580250       2.584080       2.587920       2.597810       2.604460       2.612130       2.619800       2.627480       2.635160       2.642840       2.650520       2.658200       2.665890       2.673570       2.681260       2.688940       2.696620       2.704300       2.711980       2.719660       2.727340       2.735020       2.742700       2.750370       2.758040    
   2.562490       2.566970       2.571380       2.575930       2.580250       2.582170       2.584080       2.593570       2.604460       2.608290       2.615910       2.620990       2.628660       2.636330       2.644000       2.651680       2.659360       2.667040       2.674710       2.682390       2.690070       2.697750       2.705430       2.713100       2.720780       2.728450       2.736120       2.743790       2.751460       2.759130    
   2.566950       2.571380       2.575850       2.580250       2.581210       2.582170       2.591070       2.604460       2.606380       2.614490       2.621580       2.622180       2.629840       2.637510       2.645180       2.652850       2.660520       2.668190       2.675860       2.683530       2.691210       2.698880       2.706550       2.714220       2.721890       2.729560       2.737230       2.744890       2.752560       2.760220    
   2.571380       2.575830       2.580250       2.580730       2.581210       2.589730       2.604460       2.605420       2.613880       2.621880       2.622180       2.626010       2.632060       2.638690       2.646350       2.654010       2.661680       2.669340       2.677010       2.684680       2.692350       2.700010       2.707680       2.715340       2.723010       2.730670       2.738330       2.745990       2.753650       2.761310    
   2.575820       2.580250       2.580490       2.580730       2.589030       2.604460       2.604940       2.613590       2.622030       2.622180       2.624090       2.629730       2.638690       2.642520       2.646350       2.654010       2.661680       2.669340       2.680760       2.685820       2.693490       2.701150       2.708810       2.716470       2.724130       2.731780       2.739440       2.747100       2.754750       2.762410    
   2.580250       2.580370       2.580490       2.588680       2.604460       2.604700       2.613460       2.622110       2.622180       2.623140       2.628670       2.638690       2.640600       2.642520       2.647630       2.654010       2.661680       2.677030       2.686400       2.686970       2.694630       2.702290       2.709940       2.717590       2.725250       2.732900       2.740550       2.748200       2.755850       2.763500    
   2.580310       2.580370       2.588500       2.604460       2.604580       2.613390       2.622140       2.622180       2.622660       2.628170       2.638690       2.639650       2.640600       2.643580       2.648050       2.654440       2.673270       2.686680       2.686970       2.692460       2.695780       2.703430       2.711070       2.718720       2.726370       2.734020       2.741660       2.749310       2.756950       2.764600    
   2.580310       2.588410       2.604460       2.604520       2.613350       2.622160       2.622180       2.622420       2.627920       2.638690       2.639170       2.639650       2.641280       2.644080       2.648690       2.670610       2.686830       2.686970       2.693750       2.696930       2.701510       2.704570       2.712210       2.719850       2.727500       2.735140       2.742780       2.750420       2.758050       2.765690    
   2.588360       2.604460       2.604490       2.613340       2.622170       2.622180       2.622300       2.627800       2.638690       2.638930       2.639170       2.640030       2.641670       2.655670       2.672300       2.690440       2.690440       2.694110       2.698260       2.698650       2.698070       2.705710       2.713350       2.720990       2.728620       2.736260       2.743890       2.751520       2.759160       2.766790    
   2.604460       2.604480       2.613330       2.622180       2.622180       2.622240       2.627740       2.638690       2.638810       2.638930       2.639380       2.640290       2.662950       2.688670       2.688630       2.691370       2.694060       2.693910       2.697630       2.699220       2.699220       2.706860       2.714490       2.722120       2.729750       2.737380       2.745010       2.752630       2.760260       2.767890    
   2.604470       2.613320       2.622180       2.622180       2.622210       2.627710       2.638690       2.638750       2.638810       2.639040       2.657540       2.684550       2.687330       2.688700       2.688700       2.688630       2.692340       2.694200       2.693910       2.698760       2.700380       2.708000       2.715630       2.723250       2.730880       2.738500       2.746120       2.753740       2.761360       2.768980    
   2.613320       2.622180       2.622180       2.622200       2.627700       2.638690       2.638720       2.638750       2.638870       2.660900       2.684550       2.684550       2.684550       2.687380       2.688780       2.688780       2.688630       2.692620       2.694490       2.693910       2.701530       2.709150       2.716770       2.724390       2.732010       2.739620       2.747240       2.754860       2.762470       2.770080    
   2.622180       2.622180       2.622190       2.627690       2.638690       2.638710       2.638720       2.649800       2.664990       2.684550       2.684550       2.684550       2.684550       2.684550       2.687490       2.688920       2.688920       2.688630       2.693460       2.695070       2.702690       2.710300       2.717910       2.725520       2.733140       2.740750       2.748360       2.755970       2.763570       2.771180    
   2.622180       2.622180       2.627690       2.638690       2.638700       2.653820       2.676500       2.679690       2.682870       2.684000       2.684560       2.684550       2.684550       2.684550       2.684550       2.687730       2.689220       2.689220       2.688630       2.696240       2.703840       2.711450       2.719060       2.726660       2.734270       2.741870       2.749480       2.757080       2.764680       2.772280    
   2.622180       2.627690       2.638690       2.638690       2.656840       2.676500       2.676500       2.676500       2.679690       2.682870       2.684010       2.684580       2.684550       2.684550       2.684550       2.684550       2.688230       2.689800       2.689800       2.697400       2.705000       2.712600       2.720200       2.727800       2.735400       2.743000       2.750590       2.758190       2.765780       2.773380    
