iMOD/TUTORIALS/TUT_MetaswapAnalyser/model_MetaSWAP/meteo/Evaporation/Evaporation_20050729_L1.ASC
NCOLS                30
NROWS                30
XLLCORNER     160000.00
YLLCORNER     340000.00
CELLSIZE        1000.00
NODATA_VALUE   -9999.00
   2.911760       2.908350       2.904890       2.901400       2.897860       2.894280       2.890670       2.887020       2.883340       2.879640       2.875900       2.872140       2.868350       2.864540       2.860720       2.856870       2.853010       2.849130       2.845240       2.841340       2.837420       2.833490       2.829560       2.825620       2.821670       2.817720       2.813760       2.809800       2.805840       2.801870    
   2.910720       2.907300       2.903850       2.900350       2.896820       2.893240       2.889630       2.885990       2.882320       2.878610       2.874880       2.871120       2.867340       2.863530       2.859710       2.855870       2.852010       2.848140       2.844250       2.840350       2.836430       2.832510       2.828580       2.824640       2.820700       2.816740       2.812790       2.808830       2.804870       2.800910    
   2.909620       2.906200       2.902750       2.899250       2.895710       2.892140       2.888540       2.884890       2.881220       2.877520       2.873790       2.870040       2.866260       2.862460       2.858640       2.854800       2.850950       2.847080       2.843190       2.839300       2.835390       2.831470       2.827540       2.823600       2.819660       2.815710       2.811760       2.807810       2.803850       2.799890    
   2.908460       2.905040       2.901580       2.898090       2.894550       2.890980       2.887380       2.883740       2.880070       2.876370       2.872650       2.868900       2.865120       2.861330       2.857510       2.853680       2.849830       2.845960       2.842080       2.838190       2.834280       2.830370       2.826440       2.822510       2.818570       2.814630       2.810680       2.806730       2.802770       2.798820    
   2.907250       2.903830       2.900370       2.896870       2.893330       2.889760       2.886160       2.882520       2.878860       2.875160       2.871440       2.867700       2.863930       2.860140       2.856330       2.852500       2.848650       2.844790       2.840910       2.837020       2.833120       2.829210       2.825290       2.821360       2.817430       2.813490       2.809550       2.805600       2.801650       2.797700    
   2.905990       2.902560       2.899100       2.895600       2.892060       2.888490       2.884890       2.881250       2.877590       2.873900       2.870180       2.866440       2.862680       2.858890       2.855080       2.851260       2.847420       2.843560       2.839690       2.835800       2.831910       2.828000       2.824090       2.820160       2.816230       2.812300       2.808360       2.804420       2.800470       2.796520    
   2.904680       2.901250       2.897780       2.894270       2.890740       2.887170       2.883560       2.879930       2.876270       2.872580       2.868870       2.865130       2.861370       2.857590       2.853790       2.849970       2.846130       2.842280       2.838410       2.834530       2.830640       2.826740       2.822830       2.818910       2.814990       2.811060       2.807120       2.803180       2.799240       2.795300    
   2.903330       2.899890       2.896410       2.892900       2.889360       2.885790       2.882190       2.878560       2.874900       2.871220       2.867510       2.863770       2.860020       2.856240       2.852440       2.848620       2.844790       2.840940       2.837080       2.833210       2.829320       2.825430       2.821520       2.817610       2.813690       2.809760       2.805830       2.801900       2.797960       2.794020    
   2.901920       2.898480       2.895000       2.891490       2.887940       2.884370       2.880770       2.877140       2.873480       2.869800       2.866090       2.862360       2.858610       2.854830       2.851040       2.847230       2.843400       2.839560       2.835700       2.831840       2.827960       2.824070       2.820170       2.816260       2.812340       2.808420       2.804500       2.800570       2.796640       2.792710    
   2.900480       2.897020       2.893540       2.890020       2.886480       2.882910       2.879300       2.875670       2.872020       2.868340       2.864630       2.860900       2.857150       2.853380       2.849600       2.845790       2.841970       2.838130       2.834280       2.830420       2.826540       2.822660       2.818760       2.814860       2.810950       2.807040       2.803120       2.799190       2.795270       2.791340    
   2.900470       2.897010       2.892270       2.888520       2.884970       2.881400       2.877790       2.874160       2.870510       2.866830       2.863130       2.859400       2.855650       2.851890       2.848100       2.844300       2.840480       2.836650       2.832810       2.828950       2.825080       2.821200       2.817310       2.813420       2.809510       2.805600       2.801690       2.797770       2.793850       2.789930    
   2.900460       2.894570       2.888520       2.884690       2.883420       2.879840       2.876240       2.872610       2.868960       2.865280       2.861580       2.857850       2.854110       2.850350       2.846570       2.842770       2.838960       2.835130       2.831290       2.827440       2.823570       2.819700       2.815820       2.811930       2.808030       2.804130       2.800220       2.796310       2.792400       2.788480    
   2.896860       2.888520       2.884420       2.882630       2.881830       2.878250       2.874650       2.871020       2.867360       2.863680       2.859980       2.856260       2.852520       2.848760       2.844990       2.841190       2.837390       2.833560       2.829730       2.825880       2.822020       2.818150       2.814280       2.810390       2.806500       2.802610       2.798710       2.794800       2.790890       2.786980    
   2.888520       2.884250       2.882230       2.881830       2.878900       2.876620       2.873020       2.869380       2.865730       2.862050       2.858350       2.854640       2.850900       2.847140       2.843370       2.839580       2.835770       2.831960       2.828120       2.824280       2.820430       2.816570       2.812700       2.808820       2.804940       2.801050       2.797150       2.793250       2.789350       2.785450    
   2.884160       2.882030       2.881830       2.879120       2.876620       2.873660       2.871350       2.867710       2.864060       2.860380       2.856680       2.852970       2.849230       2.845480       2.841710       2.837920       2.834120       2.830310       2.826480       2.822650       2.818800       2.814940       2.811080       2.807210       2.803330       2.799440       2.795560       2.791670       2.787770       2.783870    
   2.881930       2.881830       2.879190       2.876620       2.873880       2.871350       2.869530       2.867710       2.862710       2.858680       2.854980       2.851260       2.847530       2.843780       2.840010       2.836230       2.832430       2.828620       2.824800       2.820970       2.817130       2.813280       2.809420       2.805550       2.801680       2.797800       2.793920       2.790040       2.786150       2.782260    
   2.881830       2.879210       2.876620       2.873950       2.871350       2.870440       2.869530       2.864660       2.858680       2.856830       2.852440       2.849520       2.845790       2.842040       2.838280       2.834500       2.830700       2.826900       2.823080       2.819260       2.815420       2.811570       2.807720       2.803860       2.800000       2.796130       2.792250       2.788380       2.784490       2.780610    
   2.879220       2.876620       2.873970       2.871350       2.870890       2.870440       2.865830       2.858680       2.857760       2.852870       2.848630       2.847750       2.844020       2.840270       2.836510       2.832730       2.828940       2.825140       2.821330       2.817510       2.813680       2.809840       2.805990       2.802140       2.798280       2.794410       2.790550       2.786680       2.782800       2.778930    
   2.876620       2.873980       2.871350       2.871120       2.870890       2.866460       2.858680       2.858220       2.853050       2.848190       2.847750       2.845880       2.842620       2.838460       2.834700       2.830930       2.827140       2.823350       2.819540       2.815720       2.811900       2.808060       2.804220       2.800370       2.796520       2.792670       2.788800       2.784940       2.781070       2.777210    
   2.873980       2.871350       2.871240       2.871120       2.866790       2.858680       2.858450       2.853130       2.847970       2.847750       2.846820       2.843680       2.838460       2.836580       2.834700       2.830920       2.827140       2.823340       2.816920       2.813910       2.810080       2.806260       2.802420       2.798580       2.794730       2.790880       2.787030       2.783170       2.779310       2.775450    
   2.871350       2.871290       2.871240       2.866960       2.858680       2.858560       2.853170       2.847860       2.847750       2.847280       2.844180       2.838460       2.837520       2.836580       2.834070       2.830920       2.827140       2.818490       2.812980       2.812060       2.808240       2.804420       2.800590       2.796750       2.792910       2.789070       2.785220       2.781370       2.777520       2.773660    
   2.871320       2.871290       2.867040       2.858680       2.858620       2.853190       2.847810       2.847750       2.847520       2.844420       2.838460       2.837990       2.837520       2.836060       2.833860       2.830710       2.820230       2.812520       2.812060       2.808890       2.806360       2.802550       2.798720       2.794890       2.791060       2.787220       2.783380       2.779540       2.775690       2.771850    
   2.871320       2.867080       2.858680       2.858650       2.853200       2.847780       2.847750       2.847630       2.844540       2.838460       2.838220       2.837990       2.837190       2.835810       2.833540       2.820660       2.812290       2.812060       2.806740       2.804450       2.802160       2.800650       2.796830       2.793000       2.789180       2.785350       2.781510       2.777680       2.773840       2.770000    
   2.867110       2.858680       2.858670       2.853210       2.847760       2.847750       2.847690       2.844590       2.838460       2.838340       2.838220       2.837800       2.837000       2.826650       2.816310       2.806200       2.806210       2.804340       2.802190       2.801550       2.802530       2.798720       2.794900       2.791090       2.787270       2.783440       2.779620       2.775790       2.771960       2.768120    
   2.858680       2.858670       2.853210       2.847760       2.847750       2.847720       2.844620       2.838460       2.838400       2.838340       2.838120       2.837670       2.820270       2.799980       2.800050       2.801580       2.800110       2.800360       2.800370       2.800560       2.800570       2.796760       2.792950       2.789140       2.785330       2.781510       2.777690       2.773870       2.770040       2.766220    
   2.858680       2.853210       2.847750       2.847750       2.847740       2.844640       2.838460       2.838430       2.838400       2.838290       2.821830       2.797510       2.799110       2.799920       2.799920       2.800050       2.799970       2.799850       2.800360       2.799020       2.798580       2.794780       2.790980       2.787170       2.783360       2.779550       2.775740       2.771920       2.768110       2.764290    
   2.853210       2.847750       2.847750       2.847740       2.844650       2.838460       2.838450       2.838430       2.838370       2.818710       2.797510       2.797510       2.797510       2.799010       2.799790       2.799790       2.800050       2.799620       2.799340       2.800360       2.796570       2.792780       2.788980       2.785180       2.781370       2.777570       2.773760       2.769950       2.766140       2.762340    
   2.847750       2.847750       2.847750       2.844650       2.838460       2.838450       2.838450       2.826420       2.813100       2.797500       2.797510       2.797510       2.797510       2.797510       2.798810       2.799530       2.799530       2.800050       2.798750       2.798320       2.794540       2.790740       2.786950       2.783150       2.779360       2.775560       2.771760       2.767960       2.764160       2.760360    
   2.847750       2.847750       2.844650       2.838460       2.838460       2.819870       2.792000       2.791220       2.790440       2.795140       2.797490       2.797510       2.797510       2.797510       2.797510       2.798430       2.799000       2.799010       2.800050       2.796260       2.792480       2.788690       2.784900       2.781110       2.777320       2.773530       2.769730       2.765940       2.762150       2.758350    
   2.847750       2.844650       2.838460       2.838460       2.816150       2.792000       2.792000       2.792000       2.791220       2.790440       2.795110       2.797460       2.797510       2.797510       2.797510       2.797510       2.797680       2.797960       2.797960       2.794180       2.790400       2.786620       2.782830       2.779050       2.775260       2.771470       2.767690       2.763900       2.760110       2.756330    
