iMOD/TUTORIALS/TUT_MetaswapAnalyser/model_MetaSWAP/meteo/Evaporation/Evaporation_20050922_L1.ASC
NCOLS                30
NROWS                30
XLLCORNER     160000.00
YLLCORNER     340000.00
CELLSIZE        1000.00
NODATA_VALUE   -9999.00
   2.459470       2.459270       2.459080       2.458910       2.458760       2.458630       2.458520       2.458420       2.458350       2.458290       2.458250       2.458220       2.458210       2.458220       2.458240       2.458280       2.458330       2.458400       2.458480       2.458580       2.458690       2.458810       2.458940       2.459080       2.459240       2.459410       2.459590       2.459770       2.459970       2.460170    
   2.461840       2.461630       2.461440       2.461270       2.461120       2.460980       2.460870       2.460770       2.460690       2.460630       2.460580       2.460550       2.460540       2.460540       2.460550       2.460590       2.460630       2.460690       2.460770       2.460860       2.460960       2.461070       2.461190       2.461330       2.461480       2.461630       2.461800       2.461980       2.462160       2.462360    
   2.464220       2.464000       2.463810       2.463640       2.463490       2.463350       2.463230       2.463130       2.463050       2.462980       2.462930       2.462890       2.462870       2.462870       2.462880       2.462910       2.462950       2.463000       2.463070       2.463150       2.463240       2.463350       2.463460       2.463590       2.463720       2.463870       2.464030       2.464190       2.464370       2.464550    
   2.466610       2.466400       2.466200       2.466030       2.465870       2.465730       2.465610       2.465500       2.465420       2.465350       2.465290       2.465250       2.465230       2.465220       2.465220       2.465240       2.465280       2.465320       2.465380       2.465460       2.465540       2.465640       2.465740       2.465860       2.465990       2.466120       2.466270       2.466430       2.466590       2.466760    
   2.469020       2.468800       2.468600       2.468430       2.468270       2.468130       2.468000       2.467890       2.467800       2.467730       2.467670       2.467620       2.467590       2.467580       2.467580       2.467590       2.467620       2.467660       2.467710       2.467780       2.467850       2.467940       2.468040       2.468150       2.468260       2.468390       2.468530       2.468670       2.468820       2.468980    
   2.471440       2.471220       2.471020       2.470840       2.470680       2.470530       2.470410       2.470290       2.470200       2.470120       2.470060       2.470010       2.469970       2.469950       2.469950       2.469960       2.469980       2.470010       2.470060       2.470110       2.470180       2.470260       2.470350       2.470450       2.470550       2.470670       2.470800       2.470930       2.471070       2.471220    
   2.473870       2.473650       2.473450       2.473270       2.473100       2.472950       2.472820       2.472710       2.472610       2.472530       2.472460       2.472410       2.472370       2.472340       2.472330       2.472330       2.472350       2.472370       2.472410       2.472460       2.472520       2.472590       2.472670       2.472760       2.472860       2.472960       2.473080       2.473200       2.473330       2.473470    
   2.476310       2.476090       2.475890       2.475700       2.475540       2.475390       2.475250       2.475130       2.475030       2.474940       2.474870       2.474810       2.474770       2.474740       2.474720       2.474720       2.474730       2.474740       2.474780       2.474820       2.474870       2.474930       2.475000       2.475080       2.475170       2.475270       2.475370       2.475490       2.475610       2.475730    
   2.478770       2.478540       2.478340       2.478150       2.477980       2.477830       2.477690       2.477570       2.477460       2.477370       2.477300       2.477230       2.477190       2.477150       2.477130       2.477120       2.477120       2.477130       2.477150       2.477190       2.477230       2.477280       2.477350       2.477420       2.477500       2.477580       2.477680       2.477780       2.477890       2.478010    
   2.481230       2.481010       2.480800       2.480610       2.480440       2.480280       2.480140       2.480020       2.479910       2.479810       2.479730       2.479660       2.479610       2.479570       2.479540       2.479530       2.479520       2.479530       2.479540       2.479570       2.479600       2.479650       2.479700       2.479760       2.479830       2.479910       2.480000       2.480090       2.480190       2.480290    
   2.481240       2.481010       2.481370       2.483080       2.482900       2.482750       2.482600       2.482470       2.482360       2.482260       2.482180       2.482110       2.482050       2.482000       2.481970       2.481940       2.481930       2.481930       2.481940       2.481960       2.481990       2.482020       2.482070       2.482120       2.482180       2.482250       2.482320       2.482400       2.482490       2.482580    
   2.481250       2.481680       2.483080       2.484810       2.485380       2.485220       2.485070       2.484940       2.484820       2.484720       2.484630       2.484560       2.484490       2.484440       2.484400       2.484370       2.484360       2.484350       2.484350       2.484360       2.484380       2.484410       2.484440       2.484490       2.484540       2.484600       2.484660       2.484730       2.484810       2.484890    
   2.481870       2.483080       2.485600       2.486620       2.487870       2.487700       2.487550       2.487420       2.487300       2.487190       2.487100       2.487020       2.486950       2.486890       2.486850       2.486810       2.486790       2.486770       2.486770       2.486770       2.486780       2.486800       2.486830       2.486870       2.486910       2.486950       2.487010       2.487070       2.487130       2.487200    
   2.483080       2.485950       2.487250       2.487870       2.488590       2.490190       2.490040       2.489900       2.489780       2.489670       2.489570       2.489480       2.489410       2.489350       2.489300       2.489260       2.489230       2.489210       2.489190       2.489190       2.489200       2.489210       2.489230       2.489250       2.489280       2.489320       2.489360       2.489410       2.489470       2.489530    
   2.486110       2.487560       2.487870       2.488880       2.490190       2.490920       2.492530       2.492390       2.492270       2.492150       2.492050       2.491960       2.491880       2.491820       2.491760       2.491710       2.491680       2.491650       2.491630       2.491620       2.491620       2.491620       2.491630       2.491650       2.491670       2.491700       2.491730       2.491770       2.491810       2.491860    
   2.487710       2.487870       2.488980       2.490190       2.491210       2.492530       2.492460       2.492400       2.492860       2.494640       2.494540       2.494440       2.494360       2.494290       2.494230       2.494180       2.494130       2.494100       2.494070       2.494060       2.494040       2.494040       2.494040       2.494050       2.494060       2.494080       2.494100       2.494130       2.494160       2.494200    
   2.487870       2.489010       2.490190       2.491310       2.492530       2.492500       2.492460       2.493090       2.494640       2.494590       2.496000       2.496940       2.496850       2.496770       2.496700       2.496650       2.496600       2.496560       2.496520       2.496500       2.496480       2.496470       2.496460       2.496460       2.496460       2.496470       2.496480       2.496500       2.496520       2.496550    
   2.489020       2.490190       2.491340       2.492530       2.492510       2.492500       2.493170       2.494640       2.494620       2.496570       2.498180       2.499430       2.499340       2.499260       2.499190       2.499120       2.499070       2.499020       2.498980       2.498950       2.498920       2.498900       2.498890       2.498870       2.498870       2.498870       2.498870       2.498880       2.498890       2.498900    
   2.490190       2.491350       2.492530       2.492520       2.492510       2.493210       2.494640       2.494630       2.496810       2.498810       2.499430       2.499380       2.499940       2.501750       2.501680       2.501610       2.501550       2.501490       2.501450       2.501410       2.501370       2.501340       2.501320       2.501300       2.501280       2.501270       2.501260       2.501260       2.501260       2.501260    
   2.491360       2.492530       2.492530       2.492520       2.493220       2.494640       2.494630       2.496930       2.499120       2.499430       2.499410       2.500130       2.501750       2.501710       2.501680       2.501610       2.501550       2.501500       2.502910       2.503870       2.503830       2.503790       2.503760       2.503730       2.503700       2.503680       2.503660       2.503650       2.503640       2.503630    
   2.492530       2.492530       2.492530       2.493230       2.494640       2.494640       2.496980       2.499270       2.499430       2.499420       2.500180       2.501750       2.501730       2.501710       2.501670       2.501610       2.501550       2.503480       2.505110       2.506340       2.506290       2.506240       2.506200       2.506160       2.506130       2.506100       2.506070       2.506040       2.506020       2.506000    
   2.492530       2.492530       2.493230       2.494640       2.494640       2.497010       2.499350       2.499430       2.499420       2.500190       2.501750       2.501740       2.501730       2.501710       2.501670       2.501610       2.503740       2.505720       2.506340       2.507130       2.508750       2.508700       2.508650       2.508600       2.508560       2.508520       2.508480       2.508440       2.508410       2.508380    
   2.492530       2.493230       2.494640       2.494640       2.497020       2.499390       2.499430       2.499430       2.500200       2.501750       2.501750       2.501740       2.501730       2.501700       2.501660       2.505370       2.506030       2.506340       2.509900       2.511220       2.511180       2.511160       2.511100       2.511050       2.510990       2.510940       2.510890       2.510850       2.510800       2.510760    
   2.493230       2.494640       2.494640       2.497030       2.499410       2.499430       2.499430       2.500200       2.501750       2.501750       2.501750       2.501740       2.501720       2.507850       2.511670       2.513780       2.513780       2.513890       2.514110       2.514930       2.513690       2.513620       2.513560       2.513490       2.513430       2.513370       2.513310       2.513260       2.513200       2.513150    
   2.494640       2.494640       2.497030       2.499420       2.499430       2.499430       2.500200       2.501750       2.501750       2.501750       2.501740       2.501740       2.512830       2.526390       2.526310       2.521220       2.521530       2.521220       2.517900       2.516170       2.516170       2.516090       2.516020       2.515940       2.515870       2.515800       2.515730       2.515670       2.515600       2.515530    
   2.494640       2.497030       2.499420       2.499430       2.499430       2.500200       2.501750       2.501750       2.501750       2.501750       2.514610       2.533910       2.528960       2.526470       2.526470       2.526310       2.523240       2.521840       2.521220       2.519290       2.518650       2.518560       2.518480       2.518400       2.518320       2.518240       2.518160       2.518080       2.518000       2.517920    
   2.497030       2.499430       2.499430       2.499430       2.500200       2.501750       2.501750       2.501750       2.501750       2.517180       2.533910       2.533910       2.533910       2.529070       2.526620       2.526620       2.526310       2.523590       2.522460       2.521220       2.521130       2.521030       2.520940       2.520850       2.520760       2.520670       2.520580       2.520490       2.520410       2.520320    
   2.499430       2.499430       2.499430       2.500200       2.501750       2.501750       2.501750       2.512940       2.523200       2.533920       2.533910       2.533910       2.533910       2.533910       2.529300       2.526930       2.526930       2.526310       2.524360       2.523710       2.523610       2.523510       2.523410       2.523310       2.523210       2.523110       2.523010       2.522910       2.522810       2.522710    
   2.499430       2.499430       2.500200       2.501750       2.501750       2.520700       2.549120       2.547810       2.546500       2.538130       2.533930       2.533910       2.533910       2.533910       2.533910       2.529740       2.527550       2.527550       2.526310       2.526200       2.526090       2.525980       2.525880       2.525770       2.525660       2.525550       2.525440       2.525330       2.525220       2.525110    
   2.499430       2.500200       2.501750       2.501750       2.524490       2.549120       2.549120       2.549120       2.547810       2.546500       2.538160       2.533970       2.533910       2.533910       2.533910       2.533910       2.530550       2.528800       2.528800       2.528690       2.528570       2.528460       2.528340       2.528230       2.528110       2.527990       2.527870       2.527750       2.527620       2.527500    
