iMOD/TUTORIALS/TUT_MetaswapAnalyser/model_MetaSWAP/meteo/Evaporation/Evaporation_20060703_L1.ASC
NCOLS                30
NROWS                30
XLLCORNER     160000.00
YLLCORNER     340000.00
CELLSIZE        1000.00
NODATA_VALUE   -9999.00
   5.703750       5.702820       5.701880       5.700910       5.699940       5.698960       5.697980       5.697000       5.696040       5.695090       5.694160       5.693260       5.692380       5.691540       5.690730       5.689970       5.689240       5.688560       5.687930       5.687350       5.686810       5.686330       5.685910       5.685530       5.685220       5.684960       5.684750       5.684600       5.684500       5.684460    
   5.704730       5.703820       5.702900       5.701960       5.701010       5.700060       5.699100       5.698150       5.697210       5.696280       5.695380       5.694490       5.693630       5.692810       5.692020       5.691260       5.690550       5.689880       5.689260       5.688680       5.688150       5.687680       5.687250       5.686880       5.686560       5.686290       5.686080       5.685920       5.685820       5.685770    
   5.705690       5.704800       5.703900       5.702990       5.702060       5.701130       5.700200       5.699270       5.698360       5.697450       5.696560       5.695700       5.694860       5.694050       5.693280       5.692540       5.691840       5.691180       5.690560       5.689990       5.689470       5.689000       5.688570       5.688200       5.687880       5.687610       5.687400       5.687230       5.687120       5.687070    
   5.706630       5.705770       5.704890       5.704000       5.703090       5.702180       5.701280       5.700370       5.699480       5.698600       5.697730       5.696890       5.696070       5.695280       5.694520       5.693790       5.693100       5.692450       5.691850       5.691280       5.690770       5.690300       5.689880       5.689510       5.689180       5.688920       5.688700       5.688530       5.688410       5.688350    
   5.707560       5.706720       5.705860       5.704990       5.704110       5.703220       5.702340       5.701450       5.700580       5.699720       5.698870       5.698050       5.697250       5.696470       5.695730       5.695020       5.694340       5.693700       5.693110       5.692550       5.692040       5.691580       5.691160       5.690790       5.690470       5.690200       5.689980       5.689810       5.689690       5.689620    
   5.708480       5.707650       5.706810       5.705960       5.705100       5.704240       5.703380       5.702520       5.701660       5.700820       5.700000       5.699190       5.698410       5.697650       5.696920       5.696220       5.695560       5.694940       5.694350       5.693800       5.693300       5.692840       5.692430       5.692060       5.691740       5.691470       5.691250       5.691070       5.690950       5.690870    
   5.709380       5.708570       5.707750       5.706920       5.706080       5.705240       5.704400       5.703560       5.702730       5.701910       5.701100       5.700310       5.699550       5.698810       5.698090       5.697410       5.696760       5.696150       5.695570       5.695030       5.694540       5.694080       5.693670       5.693310       5.692990       5.692720       5.692500       5.692320       5.692200       5.692120    
   5.710270       5.709480       5.708680       5.707870       5.707050       5.706230       5.705400       5.704580       5.703770       5.702970       5.702190       5.701420       5.700670       5.699940       5.699250       5.698580       5.697940       5.697340       5.696770       5.696240       5.695750       5.695310       5.694900       5.694540       5.694230       5.693960       5.693740       5.693560       5.693430       5.693340    
   5.711150       5.710380       5.709600       5.708800       5.708000       5.707200       5.706390       5.705600       5.704800       5.704020       5.703250       5.702500       5.701770       5.701060       5.700380       5.699720       5.699100       5.698510       5.697950       5.697430       5.696950       5.696510       5.696120       5.695760       5.695450       5.695180       5.694960       5.694780       5.694650       5.694560    
   5.712020       5.711270       5.710500       5.709720       5.708940       5.708160       5.707370       5.706590       5.705820       5.705050       5.704300       5.703570       5.702850       5.702160       5.701490       5.700850       5.700240       5.699660       5.699120       5.698610       5.698140       5.697700       5.697310       5.696960       5.696650       5.696380       5.696160       5.695980       5.695850       5.695760    
   5.712020       5.711260       5.710530       5.710630       5.709870       5.709100       5.708330       5.707570       5.706820       5.706070       5.705340       5.704620       5.703920       5.703240       5.702590       5.701960       5.701370       5.700800       5.700260       5.699760       5.699300       5.698880       5.698490       5.698140       5.697840       5.697570       5.697350       5.697180       5.697040       5.696950    
   5.712010       5.711110       5.710630       5.710740       5.710780       5.710030       5.709280       5.708540       5.707800       5.707070       5.706360       5.705660       5.704970       5.704310       5.703670       5.703060       5.702470       5.701920       5.701390       5.700900       5.700450       5.700030       5.699650       5.699310       5.699010       5.698750       5.698530       5.698360       5.698220       5.698130    
   5.711630       5.710630       5.711070       5.711240       5.711690       5.710960       5.710220       5.709500       5.708770       5.708060       5.707360       5.706680       5.706010       5.705360       5.704740       5.704140       5.703560       5.703020       5.702510       5.702030       5.701580       5.701170       5.700800       5.700460       5.700170       5.699910       5.699690       5.699520       5.699390       5.699300    
   5.710630       5.711210       5.711460       5.711690       5.711510       5.711870       5.711150       5.710440       5.709730       5.709040       5.708350       5.707680       5.707030       5.706400       5.705790       5.705200       5.704640       5.704110       5.703610       5.703140       5.702700       5.702300       5.701930       5.701600       5.701310       5.701060       5.700840       5.700670       5.700540       5.700450    
   5.711280       5.711580       5.711690       5.711690       5.711870       5.711700       5.712070       5.711370       5.710680       5.710000       5.709330       5.708680       5.708040       5.707420       5.706830       5.706250       5.705700       5.705180       5.704690       5.704230       5.703800       5.703410       5.703050       5.702720       5.702440       5.702190       5.701980       5.701810       5.701680       5.701590    
   5.711630       5.711690       5.711750       5.711870       5.711880       5.712070       5.711720       5.711370       5.710750       5.710960       5.710300       5.709660       5.709040       5.708430       5.707850       5.707290       5.706750       5.706240       5.705760       5.705310       5.704890       5.704500       5.704150       5.703840       5.703550       5.703310       5.703110       5.702940       5.702810       5.702720    
   5.711690       5.711770       5.711870       5.711940       5.712070       5.711890       5.711720       5.711200       5.710960       5.710630       5.710630       5.710630       5.710020       5.709430       5.708860       5.708310       5.707790       5.707290       5.706820       5.706380       5.705970       5.705590       5.705240       5.704930       5.704660       5.704420       5.704220       5.704050       5.703930       5.703840    
   5.711780       5.711870       5.711960       5.712070       5.711980       5.711900       5.711440       5.710960       5.710790       5.710980       5.711110       5.711590       5.711000       5.710420       5.709860       5.709320       5.708810       5.708320       5.707860       5.707430       5.707030       5.706660       5.706320       5.706020       5.705750       5.705520       5.705320       5.705160       5.705040       5.704950    
   5.711870       5.711970       5.712070       5.712030       5.711980       5.711570       5.710960       5.710880       5.711140       5.711350       5.711590       5.711300       5.711100       5.711390       5.710850       5.710320       5.709820       5.709340       5.708890       5.708470       5.708080       5.707720       5.707390       5.707090       5.706830       5.706600       5.706410       5.706250       5.706130       5.706050    
   5.711970       5.712070       5.712050       5.712030       5.711640       5.710960       5.710920       5.711210       5.711470       5.711590       5.711440       5.711340       5.711390       5.711120       5.710850       5.710330       5.709830       5.709350       5.709340       5.709500       5.709120       5.708760       5.708440       5.708150       5.707900       5.707670       5.707480       5.707330       5.707220       5.707140    
   5.712070       5.712060       5.712050       5.711670       5.710960       5.710940       5.711240       5.711530       5.711590       5.711520       5.711440       5.711390       5.711260       5.711120       5.710770       5.710340       5.709840       5.709810       5.710010       5.710520       5.710150       5.709800       5.709490       5.709200       5.708950       5.708740       5.708550       5.708410       5.708290       5.708220    
   5.712060       5.712060       5.711680       5.710960       5.710950       5.711260       5.711560       5.711590       5.711550       5.711480       5.711390       5.711320       5.711260       5.711050       5.710740       5.710310       5.710150       5.710260       5.710520       5.710610       5.711160       5.710830       5.710520       5.710240       5.710000       5.709790       5.709610       5.709470       5.709360       5.709280    
   5.712060       5.711690       5.710960       5.710950       5.711270       5.711570       5.711590       5.711570       5.711500       5.711390       5.711360       5.711320       5.711210       5.711020       5.710700       5.711020       5.710390       5.710520       5.711740       5.712160       5.711970       5.711840       5.711540       5.711270       5.711040       5.710830       5.710660       5.710520       5.710420       5.710350    
   5.711700       5.710960       5.710960       5.711270       5.711580       5.711590       5.711580       5.711510       5.711390       5.711370       5.711360       5.711300       5.711180       5.712900       5.713570       5.713480       5.713480       5.713390       5.713330       5.713670       5.713170       5.712850       5.712560       5.712300       5.712060       5.711870       5.711700       5.711570       5.711470       5.711400    
   5.710960       5.710960       5.711270       5.711590       5.711590       5.711590       5.711520       5.711390       5.711380       5.711370       5.711340       5.711280       5.714570       5.718720       5.718690       5.716510       5.716560       5.716440       5.714930       5.714160       5.714160       5.713850       5.713560       5.713310       5.713080       5.712890       5.712730       5.712600       5.712510       5.712440    
   5.710960       5.711270       5.711590       5.711590       5.711590       5.711520       5.711390       5.711390       5.711380       5.711370       5.715530       5.721830       5.719780       5.718750       5.718750       5.718690       5.717310       5.716680       5.716440       5.715470       5.715140       5.714840       5.714560       5.714310       5.714100       5.713910       5.713750       5.713630       5.713540       5.713480    
   5.711270       5.711590       5.711590       5.711590       5.711520       5.711390       5.711390       5.711390       5.711380       5.716390       5.721830       5.721830       5.721830       5.719820       5.718810       5.718810       5.718690       5.717440       5.716920       5.716440       5.716120       5.715820       5.715550       5.715310       5.715100       5.714920       5.714770       5.714650       5.714570       5.714520    
   5.711590       5.711590       5.711590       5.711520       5.711390       5.711390       5.711390       5.715220       5.718530       5.721830       5.721830       5.721830       5.721830       5.721830       5.719910       5.718920       5.718920       5.718690       5.717720       5.717400       5.717080       5.716790       5.716530       5.716300       5.716100       5.715920       5.715780       5.715670       5.715590       5.715540    
   5.711590       5.711590       5.711520       5.711390       5.711390       5.718030       5.727980       5.727360       5.726730       5.723470       5.721840       5.721830       5.721830       5.721830       5.721830       5.720070       5.719160       5.719160       5.718690       5.718350       5.718040       5.717760       5.717510       5.717280       5.717090       5.716920       5.716780       5.716680       5.716600       5.716560    
   5.711590       5.711520       5.711390       5.711390       5.719350       5.727980       5.727980       5.727980       5.727360       5.726730       5.723480       5.721850       5.721830       5.721830       5.721830       5.721830       5.720370       5.719630       5.719630       5.719300       5.719000       5.718730       5.718480       5.718260       5.718070       5.717910       5.717780       5.717680       5.717610       5.717570    
