iMOD/TUTORIALS/TUT_MetaswapAnalyser/model_MetaSWAP/meteo/Evaporation/Evaporation_20051213_L1.ASC
NCOLS                30
NROWS                30
XLLCORNER     160000.00
YLLCORNER     340000.00
CELLSIZE        1000.00
NODATA_VALUE   -9999.00
  0.1540100      0.1538900      0.1537700      0.1536300      0.1535000      0.1533500      0.1532000      0.1530500      0.1529000      0.1527500      0.1525900      0.1524400      0.1522900      0.1521400      0.1520000      0.1518500      0.1517100      0.1515800      0.1514500      0.1513300      0.1512100      0.1511000      0.1509900      0.1508900      0.1508000      0.1507200      0.1506400      0.1505700      0.1505100      0.1504500    
  0.1544700      0.1543500      0.1542400      0.1541100      0.1539800      0.1538400      0.1537000      0.1535600      0.1534100      0.1532700      0.1531200      0.1529800      0.1528300      0.1526900      0.1525500      0.1524100      0.1522800      0.1521500      0.1520200      0.1519000      0.1517900      0.1516800      0.1515700      0.1514800      0.1513900      0.1513000      0.1512300      0.1511600      0.1510900      0.1510400    
  0.1549200      0.1548100      0.1547000      0.1545800      0.1544600      0.1543300      0.1542000      0.1540600      0.1539200      0.1537900      0.1536500      0.1535100      0.1533700      0.1532300      0.1530900      0.1529600      0.1528300      0.1527100      0.1525900      0.1524700      0.1523600      0.1522500      0.1521500      0.1520600      0.1519700      0.1518900      0.1518100      0.1517400      0.1516800      0.1516200    
  0.1553600      0.1552700      0.1551600      0.1550500      0.1549300      0.1548100      0.1546900      0.1545600      0.1544300      0.1543000      0.1541700      0.1540300      0.1539000      0.1537700      0.1536400      0.1535100      0.1533900      0.1532700      0.1531500      0.1530400      0.1529300      0.1528200      0.1527300      0.1526300      0.1525500      0.1524700      0.1523900      0.1523200      0.1522600      0.1522000    
  0.1558100      0.1557200      0.1556200      0.1555200      0.1554100      0.1552900      0.1551800      0.1550600      0.1549300      0.1548100      0.1546800      0.1545500      0.1544300      0.1543000      0.1541800      0.1540600      0.1539400      0.1538200      0.1537100      0.1536000      0.1534900      0.1533900      0.1533000      0.1532100      0.1531200      0.1530400      0.1529700      0.1529000      0.1528400      0.1527800    
  0.1562500      0.1561700      0.1560800      0.1559800      0.1558800      0.1557700      0.1556600      0.1555500      0.1554300      0.1553100      0.1551900      0.1550700      0.1549500      0.1548300      0.1547100      0.1546000      0.1544800      0.1543700      0.1542600      0.1541600      0.1540500      0.1539600      0.1538600      0.1537800      0.1536900      0.1536100      0.1535400      0.1534700      0.1534100      0.1533600    
  0.1566900      0.1566200      0.1565300      0.1564400      0.1563500      0.1562500      0.1561400      0.1560400      0.1559300      0.1558200      0.1557000      0.1555900      0.1554700      0.1553600      0.1552500      0.1551400      0.1550300      0.1549200      0.1548100      0.1547100      0.1546100      0.1545200      0.1544300      0.1543400      0.1542600      0.1541800      0.1541100      0.1540500      0.1539900      0.1539300    
  0.1571300      0.1570600      0.1569800      0.1569000      0.1568100      0.1567200      0.1566200      0.1565200      0.1564200      0.1563100      0.1562100      0.1561000      0.1559900      0.1558800      0.1557800      0.1556700      0.1555600      0.1554600      0.1553600      0.1552600      0.1551700      0.1550800      0.1549900      0.1549000      0.1548300      0.1547500      0.1546800      0.1546200      0.1545600      0.1545000    
  0.1575700      0.1575000      0.1574300      0.1573600      0.1572700      0.1571900      0.1571000      0.1570100      0.1569100      0.1568100      0.1567100      0.1566100      0.1565100      0.1564000      0.1563000      0.1562000      0.1561000      0.1560000      0.1559000      0.1558100      0.1557200      0.1556300      0.1555500      0.1554600      0.1553900      0.1553100      0.1552500      0.1551800      0.1551200      0.1550700    
  0.1580000      0.1579400      0.1578800      0.1578100      0.1577400      0.1576600      0.1575700      0.1574900      0.1574000      0.1573000      0.1572100      0.1571100      0.1570200      0.1569200      0.1568200      0.1567300      0.1566300      0.1565400      0.1564400      0.1563500      0.1562700      0.1561800      0.1561000      0.1560200      0.1559500      0.1558700      0.1558100      0.1557400      0.1556900      0.1556300    
  0.1580000      0.1579400      0.1579720      0.1582600      0.1581900      0.1581200      0.1580400      0.1579600      0.1578800      0.1577900      0.1577000      0.1576100      0.1575200      0.1574300      0.1573400      0.1572500      0.1571600      0.1570700      0.1569800      0.1568900      0.1568100      0.1567300      0.1566500      0.1565700      0.1565000      0.1564300      0.1563700      0.1563000      0.1562500      0.1561900    
  0.1579980      0.1580430      0.1582600      0.1585500      0.1586500      0.1585800      0.1585100      0.1584400      0.1583600      0.1582800      0.1582000      0.1581100      0.1580300      0.1579400      0.1578600      0.1577700      0.1576800      0.1576000      0.1575100      0.1574300      0.1573500      0.1572700      0.1572000      0.1571200      0.1570500      0.1569800      0.1569200      0.1568600      0.1568000      0.1567500    
  0.1580880      0.1582600      0.1586960      0.1588750      0.1591000      0.1590400      0.1589800      0.1589100      0.1588400      0.1587600      0.1586900      0.1586100      0.1585300      0.1584500      0.1583700      0.1582800      0.1582000      0.1581200      0.1580400      0.1579600      0.1578900      0.1578100      0.1577400      0.1576700      0.1576000      0.1575300      0.1574700      0.1574100      0.1573600      0.1573100    
  0.1582600      0.1587610      0.1589870      0.1591000      0.1592130      0.1595000      0.1594400      0.1593800      0.1593100      0.1592400      0.1591700      0.1591000      0.1590300      0.1589500      0.1588700      0.1588000      0.1587200      0.1586400      0.1585700      0.1584900      0.1584200      0.1583500      0.1582800      0.1582100      0.1581400      0.1580800      0.1580200      0.1579600      0.1579100      0.1578600    
  0.1587910      0.1590440      0.1591000      0.1592710      0.1595000      0.1596130      0.1599000      0.1598400      0.1597800      0.1597200      0.1596600      0.1595900      0.1595200      0.1594500      0.1593800      0.1593100      0.1592300      0.1591600      0.1590900      0.1590200      0.1589500      0.1588800      0.1588100      0.1587500      0.1586800      0.1586200      0.1585600      0.1585100      0.1584600      0.1584100    
  0.1590720      0.1591000      0.1592900      0.1595000      0.1596710      0.1599000      0.1598700      0.1598400      0.1598850      0.1602000      0.1601400      0.1600700      0.1600100      0.1599500      0.1598800      0.1598100      0.1597500      0.1596800      0.1596100      0.1595400      0.1594800      0.1594100      0.1593500      0.1592800      0.1592200      0.1591600      0.1591100      0.1590500      0.1590000      0.1589500    
  0.1591000      0.1592970      0.1595000      0.1596900      0.1599000      0.1598850      0.1598700      0.1599490      0.1602000      0.1601700      0.1604020      0.1605600      0.1605000      0.1604400      0.1603800      0.1603200      0.1602500      0.1601900      0.1601300      0.1600600      0.1600000      0.1599400      0.1598800      0.1598200      0.1597600      0.1597000      0.1596400      0.1595900      0.1595400      0.1594900    
  0.1592990      0.1595000      0.1596970      0.1599000      0.1598920      0.1598850      0.1599760      0.1602000      0.1601850      0.1605220      0.1608000      0.1610400      0.1609800      0.1609300      0.1608700      0.1608100      0.1607600      0.1607000      0.1606400      0.1605800      0.1605200      0.1604600      0.1604000      0.1603400      0.1602900      0.1602300      0.1601800      0.1601300      0.1600800      0.1600300    
  0.1595000      0.1596990      0.1599000      0.1598960      0.1598920      0.1599880      0.1602000      0.1601920      0.1605730      0.1609200      0.1610400      0.1610100      0.1610920      0.1614200      0.1613600      0.1613100      0.1612600      0.1612000      0.1611500      0.1610900      0.1610300      0.1609800      0.1609200      0.1608700      0.1608100      0.1607600      0.1607100      0.1606600      0.1606100      0.1605700    
  0.1597000      0.1599000      0.1598980      0.1598960      0.1599940      0.1602000      0.1601960      0.1605970      0.1609800      0.1610400      0.1610250      0.1611410      0.1614200      0.1613900      0.1613630      0.1613100      0.1612570      0.1612030      0.1614280      0.1616000      0.1615500      0.1614900      0.1614400      0.1613900      0.1613400      0.1612900      0.1612400      0.1611900      0.1611400      0.1611000    
  0.1599000      0.1598990      0.1598980      0.1599970      0.1602000      0.1601980      0.1606090      0.1610100      0.1610400      0.1610320      0.1611560      0.1614200      0.1614050      0.1613910      0.1613540      0.1613100      0.1612570      0.1615680      0.1618500      0.1621000      0.1620600      0.1620100      0.1619600      0.1619100      0.1618600      0.1618100      0.1617600      0.1617100      0.1616700      0.1616200    
  0.1599000      0.1598990      0.1599990      0.1602000      0.1601990      0.1606140      0.1610250      0.1610400      0.1610360      0.1611620      0.1614200      0.1614130      0.1614050      0.1613840      0.1613520      0.1613070      0.1616420      0.1619750      0.1621000      0.1622400      0.1625600      0.1625100      0.1624700      0.1624200      0.1623700      0.1623300      0.1622800      0.1622400      0.1621900      0.1621500    
  0.1599000      0.1599990      0.1602000      0.1602000      0.1606170      0.1610320      0.1610400      0.1610380      0.1611650      0.1614200      0.1614160      0.1614130      0.1614000      0.1613800      0.1613470      0.1619840      0.1620370      0.1621000      0.1628010      0.1630600      0.1630340      0.1630200      0.1629700      0.1629300      0.1628900      0.1628400      0.1628000      0.1627500      0.1627100      0.1626700    
  0.1600000      0.1602000      0.1602000      0.1606190      0.1610360      0.1610400      0.1610390      0.1611660      0.1614200      0.1614180      0.1614160      0.1614100      0.1613980      0.1625420      0.1632300      0.1635790      0.1635800      0.1635990      0.1636380      0.1638050      0.1635600      0.1635200      0.1634800      0.1634400      0.1633900      0.1633500      0.1633100      0.1632700      0.1632300      0.1631900    
  0.1602000      0.1602000      0.1606190      0.1610380      0.1610400      0.1610400      0.1611660      0.1614200      0.1614190      0.1614180      0.1614150      0.1614080      0.1634950      0.1660540      0.1660400      0.1650470      0.1651200      0.1650600      0.1643960      0.1640500      0.1640500      0.1640200      0.1639800      0.1639400      0.1639000      0.1638600      0.1638200      0.1637800      0.1637400      0.1637000    
  0.1602000      0.1606200      0.1610390      0.1610400      0.1610400      0.1611660      0.1614200      0.1614200      0.1614190      0.1614170      0.1638200      0.1674300      0.1665250      0.1660690      0.1660690      0.1660400      0.1654490      0.1651800      0.1650600      0.1646700      0.1645400      0.1645100      0.1644700      0.1644400      0.1644000      0.1643600      0.1643200      0.1642800      0.1642500      0.1642100    
  0.1606200      0.1610400      0.1610400      0.1610400      0.1611670      0.1614200      0.1614200      0.1614200      0.1614190      0.1643030      0.1674300      0.1674300      0.1674300      0.1665460      0.1660980      0.1660980      0.1660400      0.1655160      0.1653000      0.1650600      0.1650300      0.1650000      0.1649700      0.1649300      0.1649000      0.1648600      0.1648200      0.1647900      0.1647500      0.1647100    
  0.1610400      0.1610400      0.1610400      0.1611670      0.1614200      0.1614200      0.1614200      0.1634720      0.1653950      0.1674310      0.1674300      0.1674300      0.1674300      0.1674300      0.1665880      0.1661550      0.1661550      0.1660400      0.1656650      0.1655400      0.1655100      0.1654900      0.1654600      0.1654200      0.1653900      0.1653600      0.1653200      0.1652900      0.1652500      0.1652100    
  0.1610400      0.1610400      0.1611670      0.1614200      0.1614200      0.1648680      0.1700400      0.1698350      0.1696300      0.1681670      0.1674340      0.1674300      0.1674300      0.1674300      0.1674300      0.1666690      0.1662710      0.1662700      0.1660400      0.1660200      0.1659900      0.1659700      0.1659400      0.1659100      0.1658800      0.1658500      0.1658100      0.1657800      0.1657400      0.1657100    
  0.1610400      0.1611670      0.1614200      0.1614200      0.1655580      0.1700410      0.1700410      0.1700400      0.1698350      0.1696300      0.1681730      0.1674410      0.1674300      0.1674300      0.1674300      0.1674300      0.1668210      0.1665030      0.1665000      0.1664900      0.1664700      0.1664500      0.1664200      0.1663900      0.1663700      0.1663300      0.1663000      0.1662700      0.1662400      0.1662000    
