iMOD/TUTORIALS/TUT_MetaswapAnalyser/model_MetaSWAP/meteo/Evaporation/Evaporation_20050829_L1.ASC
NCOLS                30
NROWS                30
XLLCORNER     160000.00
YLLCORNER     340000.00
CELLSIZE        1000.00
NODATA_VALUE   -9999.00
   3.643520       3.644160       3.644790       3.645420       3.646050       3.646680       3.647300       3.647920       3.648530       3.649140       3.649750       3.650350       3.650950       3.651540       3.652120       3.652700       3.653270       3.653840       3.654400       3.654950       3.655500       3.656030       3.656570       3.657090       3.657610       3.658120       3.658620       3.659120       3.659610       3.660090    
   3.645040       3.645670       3.646300       3.646930       3.647550       3.648180       3.648800       3.649410       3.650020       3.650630       3.651230       3.651830       3.652420       3.653010       3.653590       3.654170       3.654740       3.655300       3.655860       3.656400       3.656950       3.657480       3.658010       3.658530       3.659050       3.659550       3.660060       3.660550       3.661030       3.661510    
   3.646570       3.647200       3.647820       3.648440       3.649070       3.649680       3.650300       3.650910       3.651520       3.652120       3.652720       3.653320       3.653910       3.654490       3.655070       3.655640       3.656210       3.656770       3.657320       3.657870       3.658400       3.658940       3.659460       3.659980       3.660490       3.661000       3.661490       3.661980       3.662470       3.662940    
   3.648100       3.648730       3.649350       3.649970       3.650580       3.651200       3.651810       3.652420       3.653020       3.653620       3.654220       3.654810       3.655400       3.655980       3.656550       3.657120       3.657680       3.658240       3.658790       3.659330       3.659870       3.660400       3.660920       3.661440       3.661940       3.662440       3.662940       3.663420       3.663900       3.664370    
   3.649650       3.650260       3.650880       3.651500       3.652110       3.652720       3.653330       3.653930       3.654530       3.655130       3.655720       3.656310       3.656890       3.657470       3.658040       3.658610       3.659170       3.659720       3.660270       3.660810       3.661340       3.661860       3.662380       3.662890       3.663400       3.663900       3.664390       3.664870       3.665340       3.665810    
   3.651200       3.651810       3.652420       3.653030       3.653640       3.654250       3.654850       3.655450       3.656050       3.656640       3.657230       3.657820       3.658400       3.658970       3.659540       3.660100       3.660660       3.661200       3.661750       3.662280       3.662810       3.663340       3.663850       3.664360       3.664860       3.665350       3.665840       3.666320       3.666790       3.667250    
   3.652750       3.653360       3.653970       3.654570       3.655180       3.655780       3.656380       3.656980       3.657570       3.658160       3.658750       3.659330       3.659900       3.660470       3.661040       3.661600       3.662150       3.662700       3.663240       3.663770       3.664290       3.664810       3.665320       3.665830       3.666330       3.666820       3.667300       3.667770       3.668240       3.668700    
   3.654320       3.654920       3.655520       3.656120       3.656720       3.657320       3.657920       3.658510       3.659100       3.659690       3.660270       3.660850       3.661420       3.661980       3.662550       3.663100       3.663650       3.664190       3.664730       3.665260       3.665780       3.666300       3.666800       3.667300       3.667800       3.668280       3.668760       3.669230       3.669700       3.670150    
   3.655880       3.656480       3.657080       3.657680       3.658270       3.658870       3.659460       3.660050       3.660630       3.661220       3.661800       3.662370       3.662940       3.663500       3.664060       3.664610       3.665160       3.665690       3.666230       3.666750       3.667270       3.667780       3.668290       3.668780       3.669270       3.669750       3.670230       3.670700       3.671150       3.671610    
   3.657460       3.658050       3.658640       3.659240       3.659830       3.660420       3.661010       3.661590       3.662170       3.662750       3.663330       3.663900       3.664460       3.665020       3.665580       3.666120       3.666670       3.667200       3.667730       3.668250       3.668770       3.669270       3.669770       3.670270       3.670750       3.671230       3.671700       3.672160       3.672620       3.673070    
   3.657460       3.658050       3.659180       3.660800       3.661390       3.661980       3.662560       3.663140       3.663720       3.664290       3.664860       3.665430       3.665990       3.666550       3.667100       3.667640       3.668180       3.668710       3.669240       3.669760       3.670270       3.670770       3.671270       3.671760       3.672240       3.672710       3.673180       3.673630       3.674090       3.674530    
   3.657460       3.658870       3.660800       3.662420       3.662950       3.663540       3.664120       3.664690       3.665270       3.665840       3.666410       3.666970       3.667530       3.668080       3.668620       3.669170       3.669700       3.670230       3.670750       3.671260       3.671770       3.672270       3.672760       3.673250       3.673720       3.674190       3.674660       3.675110       3.675560       3.676000    
   3.658500       3.660800       3.662870       3.663730       3.664520       3.665100       3.665680       3.666250       3.666820       3.667390       3.667950       3.668510       3.669060       3.669610       3.670160       3.670690       3.671220       3.671750       3.672270       3.672780       3.673280       3.673780       3.674260       3.674740       3.675220       3.675680       3.676140       3.676590       3.677030       3.677460    
   3.660800       3.663080       3.664130       3.664520       3.665430       3.666670       3.667240       3.667810       3.668380       3.668940       3.669500       3.670060       3.670610       3.671150       3.671690       3.672230       3.672750       3.673270       3.673790       3.674290       3.674790       3.675280       3.675770       3.676240       3.676710       3.677170       3.677630       3.678070       3.678510       3.678940    
   3.663180       3.664320       3.664520       3.665540       3.666670       3.667580       3.668820       3.669380       3.669940       3.670500       3.671060       3.671610       3.672160       3.672700       3.673230       3.673760       3.674290       3.674800       3.675310       3.675810       3.676310       3.676800       3.677280       3.677750       3.678210       3.678670       3.679120       3.679560       3.679990       3.680410    
   3.664420       3.664520       3.665580       3.666670       3.667690       3.668820       3.669100       3.669380       3.670470       3.672060       3.672620       3.673160       3.673710       3.674240       3.674780       3.675300       3.675820       3.676330       3.676840       3.677340       3.677830       3.678310       3.678790       3.679260       3.679710       3.680170       3.680610       3.681040       3.681470       3.681890    
   3.664520       3.665590       3.666670       3.667730       3.668820       3.668960       3.669100       3.670250       3.672060       3.672340       3.673770       3.674720       3.675260       3.675790       3.676320       3.676840       3.677360       3.677870       3.678370       3.678860       3.679350       3.679830       3.680300       3.680760       3.681220       3.681670       3.682100       3.682540       3.682960       3.683370    
   3.665590       3.666670       3.667740       3.668820       3.668890       3.668960       3.670090       3.672060       3.672200       3.673990       3.675500       3.676280       3.676820       3.677350       3.677870       3.678390       3.678900       3.679410       3.679900       3.680400       3.680880       3.681350       3.681820       3.682280       3.682730       3.683170       3.683600       3.684030       3.684450       3.684850    
   3.666670       3.667740       3.668820       3.668850       3.668890       3.670000       3.672060       3.672130       3.674080       3.675890       3.676280       3.676550       3.677340       3.678900       3.679420       3.679940       3.680450       3.680950       3.681440       3.681930       3.682410       3.682880       3.683340       3.683790       3.684240       3.684680       3.685100       3.685520       3.685940       3.686340    
   3.667740       3.668820       3.668840       3.668850       3.669950       3.672060       3.672100       3.674130       3.676080       3.676280       3.676410       3.677270       3.678900       3.679160       3.679420       3.679940       3.680450       3.680950       3.682560       3.683460       3.683940       3.684400       3.684860       3.685310       3.685750       3.686180       3.686610       3.687020       3.687430       3.687830    
   3.668820       3.668830       3.668840       3.669930       3.672060       3.672080       3.674150       3.676180       3.676280       3.676350       3.677220       3.678900       3.679030       3.679160       3.679510       3.679930       3.680440       3.682640       3.684230       3.685000       3.685470       3.685930       3.686380       3.686830       3.687260       3.687690       3.688110       3.688520       3.688920       3.689310    
   3.668820       3.668830       3.669910       3.672060       3.672070       3.674160       3.676230       3.676280       3.676310       3.677190       3.678900       3.678970       3.679030       3.679230       3.679530       3.679960       3.682530       3.684610       3.685000       3.685820       3.687000       3.687460       3.687910       3.688350       3.688780       3.689200       3.689610       3.690020       3.690410       3.690800    
   3.668820       3.669910       3.672060       3.672060       3.674160       3.676260       3.676280       3.676300       3.677170       3.678900       3.678930       3.678970       3.679080       3.679270       3.679580       3.683290       3.684810       3.685000       3.687550       3.688540       3.688810       3.688990       3.689440       3.689870       3.690300       3.690710       3.691120       3.691520       3.691910       3.692290    
   3.669900       3.672060       3.672060       3.674170       3.676270       3.676280       3.676290       3.677160       3.678900       3.678920       3.678930       3.678990       3.679100       3.683700       3.687120       3.689630       3.689630       3.689930       3.690340       3.690850       3.690080       3.690530       3.690960       3.691390       3.691820       3.692230       3.692630       3.693020       3.693400       3.693780    
   3.672060       3.672060       3.674170       3.676270       3.676280       3.676280       3.677160       3.678900       3.678910       3.678920       3.678950       3.679010       3.687140       3.696940       3.696890       3.694070       3.694440       3.694250       3.692540       3.691620       3.691620       3.692060       3.692490       3.692920       3.693330       3.693740       3.694140       3.694520       3.694900       3.695270    
   3.672060       3.674170       3.676280       3.676280       3.676280       3.677160       3.678900       3.678900       3.678910       3.678920       3.687810       3.701080       3.698360       3.696990       3.696990       3.696890       3.695330       3.694640       3.694250       3.693430       3.693150       3.693590       3.694020       3.694440       3.694850       3.695250       3.695640       3.696020       3.696400       3.696760    
   3.674170       3.676280       3.676280       3.676280       3.677150       3.678900       3.678900       3.678900       3.678910       3.689560       3.701080       3.701080       3.701080       3.698430       3.697080       3.697080       3.696890       3.695560       3.695020       3.694250       3.694690       3.695130       3.695550       3.695970       3.696370       3.696770       3.697150       3.697530       3.697890       3.698250    
   3.676280       3.676280       3.676280       3.677150       3.678900       3.678900       3.678900       3.686260       3.693380       3.701080       3.701080       3.701080       3.701080       3.701080       3.698570       3.697280       3.697280       3.696890       3.696070       3.695790       3.696230       3.696660       3.697080       3.697490       3.697890       3.698280       3.698660       3.699030       3.699390       3.699740    
   3.676280       3.676280       3.677150       3.678900       3.678900       3.691110       3.709410       3.708860       3.708320       3.703500       3.701090       3.701080       3.701080       3.701080       3.701080       3.698850       3.697660       3.697670       3.696890       3.697340       3.697770       3.698190       3.698610       3.699010       3.699410       3.699790       3.700160       3.700530       3.700880       3.701220    
   3.676280       3.677150       3.678900       3.678900       3.693550       3.709410       3.709410       3.709410       3.708870       3.708320       3.703530       3.701120       3.701080       3.701080       3.701080       3.701080       3.699360       3.698440       3.698440       3.698880       3.699310       3.699730       3.700140       3.700530       3.700920       3.701300       3.701670       3.702020       3.702370       3.702710    
