iMOD/TUTORIALS/TUT_MetaswapAnalyser/model_MetaSWAP/meteo/Evaporation/Evaporation_20061118_L1.ASC
NCOLS                30
NROWS                30
XLLCORNER     160000.00
YLLCORNER     340000.00
CELLSIZE        1000.00
NODATA_VALUE   -9999.00
  0.4771400      0.4757000      0.4742400      0.4727600      0.4712600      0.4697500      0.4682200      0.4666800      0.4651300      0.4635600      0.4619800      0.4603900      0.4587900      0.4571800      0.4555600      0.4539300      0.4522900      0.4506400      0.4489800      0.4473100      0.4456400      0.4439600      0.4422800      0.4405800      0.4388800      0.4371800      0.4354700      0.4337600      0.4320400      0.4303100    
  0.4764500      0.4750200      0.4735700      0.4721000      0.4706200      0.4691200      0.4676000      0.4660800      0.4645400      0.4629800      0.4614100      0.4598400      0.4582500      0.4566500      0.4550300      0.4534100      0.4517800      0.4501400      0.4485000      0.4468400      0.4451800      0.4435100      0.4418300      0.4401400      0.4384500      0.4367600      0.4350600      0.4333500      0.4316400      0.4299200    
  0.4757400      0.4743200      0.4728800      0.4714300      0.4699600      0.4684700      0.4669700      0.4654600      0.4639300      0.4623900      0.4608300      0.4592700      0.4576900      0.4561000      0.4545000      0.4528900      0.4512700      0.4496400      0.4480000      0.4463600      0.4447000      0.4430400      0.4413700      0.4397000      0.4380100      0.4363300      0.4346300      0.4329300      0.4312300      0.4295200    
  0.4750200      0.4736100      0.4721900      0.4707500      0.4692900      0.4678200      0.4663300      0.4648300      0.4633100      0.4617800      0.4602400      0.4586900      0.4571200      0.4555400      0.4539500      0.4523500      0.4507400      0.4491200      0.4475000      0.4458600      0.4442200      0.4425600      0.4409000      0.4392400      0.4375600      0.4358800      0.4342000      0.4325100      0.4308100      0.4291100    
  0.4742900      0.4729000      0.4714900      0.4700600      0.4686100      0.4671600      0.4656800      0.4641900      0.4626900      0.4611700      0.4596400      0.4580900      0.4565400      0.4549700      0.4533900      0.4518100      0.4502100      0.4486000      0.4469800      0.4453500      0.4437200      0.4420800      0.4404300      0.4387700      0.4371000      0.4354300      0.4337500      0.4320700      0.4303800      0.4286900    
  0.4735500      0.4721700      0.4707700      0.4693600      0.4679300      0.4664800      0.4650200      0.4635400      0.4620500      0.4605400      0.4590200      0.4574900      0.4559500      0.4543900      0.4528300      0.4512500      0.4496600      0.4480600      0.4464500      0.4448400      0.4432100      0.4415800      0.4399400      0.4382900      0.4366300      0.4349700      0.4333000      0.4316200      0.4299400      0.4282600    
  0.4728000      0.4714300      0.4700500      0.4686500      0.4672300      0.4657900      0.4643400      0.4628800      0.4614000      0.4599000      0.4584000      0.4568800      0.4553500      0.4538000      0.4522500      0.4506800      0.4491000      0.4475100      0.4459200      0.4443100      0.4426900      0.4410700      0.4394400      0.4378000      0.4361500      0.4345000      0.4328300      0.4311700      0.4294900      0.4278100    
  0.4720400      0.4706800      0.4693100      0.4679200      0.4665200      0.4651000      0.4636600      0.4622100      0.4607400      0.4592600      0.4577600      0.4562500      0.4547300      0.4532000      0.4516600      0.4501000      0.4485300      0.4469600      0.4453700      0.4437700      0.4421700      0.4405500      0.4389300      0.4373000      0.4356600      0.4340100      0.4323600      0.4307000      0.4290400      0.4273600    
  0.4712700      0.4699300      0.4685700      0.4671900      0.4658000      0.4643900      0.4629600      0.4615200      0.4600700      0.4586000      0.4571200      0.4556200      0.4541100      0.4525900      0.4510600      0.4495100      0.4479600      0.4463900      0.4448100      0.4432300      0.4416300      0.4400200      0.4384100      0.4367900      0.4351600      0.4335200      0.4318800      0.4302300      0.4285700      0.4269000    
  0.4704900      0.4691600      0.4678100      0.4664500      0.4650700      0.4636700      0.4622600      0.4608300      0.4593900      0.4579300      0.4564600      0.4549800      0.4534800      0.4519700      0.4504500      0.4489100      0.4473700      0.4458100      0.4442400      0.4426700      0.4410800      0.4394900      0.4378800      0.4362700      0.4346500      0.4330200      0.4313800      0.4297400      0.4280900      0.4264300    
  0.4704830      0.4691530      0.4672800      0.4657000      0.4643300      0.4629400      0.4615400      0.4601300      0.4587000      0.4572500      0.4557900      0.4543200      0.4528400      0.4513400      0.4498300      0.4483000      0.4467700      0.4452200      0.4436700      0.4421000      0.4405200      0.4389400      0.4373400      0.4357400      0.4341300      0.4325100      0.4308800      0.4292400      0.4276000      0.4259500    
  0.4704770      0.4681540      0.4657000      0.4641080      0.4635800      0.4622100      0.4608200      0.4594200      0.4580000      0.4565700      0.4551200      0.4536600      0.4521800      0.4507000      0.4492000      0.4476800      0.4461600      0.4446300      0.4430800      0.4415200      0.4399600      0.4383800      0.4367900      0.4352000      0.4336000      0.4319900      0.4303700      0.4287400      0.4271100      0.4254600    
  0.4690290      0.4657000      0.4639570      0.4632000      0.4628200      0.4614600      0.4600900      0.4587000      0.4572900      0.4558700      0.4544300      0.4529800      0.4515200      0.4500500      0.4485600      0.4470600      0.4455400      0.4440200      0.4424800      0.4409400      0.4393800      0.4378100      0.4362400      0.4346500      0.4330600      0.4314500      0.4298400      0.4282300      0.4266000      0.4249700    
  0.4657000      0.4638720      0.4630100      0.4628200      0.4616630      0.4607100      0.4593400      0.4579700      0.4565700      0.4551600      0.4537400      0.4523000      0.4508500      0.4493800      0.4479100      0.4464200      0.4449100      0.4434000      0.4418800      0.4403400      0.4387900      0.4372400      0.4356700      0.4340900      0.4325100      0.4309100      0.4293100      0.4277000      0.4260800      0.4244600    
  0.4638270      0.4629150      0.4628200      0.4617310      0.4607100      0.4595470      0.4585900      0.4572300      0.4558400      0.4544500      0.4530300      0.4516100      0.4501700      0.4487100      0.4472500      0.4457700      0.4442800      0.4427700      0.4412600      0.4397300      0.4382000      0.4366500      0.4350900      0.4335300      0.4319500      0.4303600      0.4287700      0.4271700      0.4255600      0.4239400    
  0.4628670      0.4628200      0.4617540      0.4607100      0.4596160      0.4585900      0.4579100      0.4572200      0.4553100      0.4537200      0.4523200      0.4509100      0.4494800      0.4480400      0.4465800      0.4451100      0.4436300      0.4421400      0.4406300      0.4391200      0.4375900      0.4360500      0.4345100      0.4329500      0.4313800      0.4298000      0.4282200      0.4266300      0.4250200      0.4234200    
  0.4628200      0.4617610      0.4607100      0.4596390      0.4585900      0.4582500      0.4579070      0.4560400      0.4537200      0.4530200      0.4513260      0.4502000      0.4487800      0.4473500      0.4459000      0.4444500      0.4429800      0.4414900      0.4400000      0.4384900      0.4369800      0.4354500      0.4339100      0.4323600      0.4308000      0.4292400      0.4276600      0.4260700      0.4244800      0.4228800    
  0.4617640      0.4607100      0.4596460      0.4585900      0.4584200      0.4582490      0.4564790      0.4537200      0.4533700      0.4514770      0.4498400      0.4494800      0.4480700      0.4466500      0.4452200      0.4437700      0.4423100      0.4408400      0.4393600      0.4378600      0.4363500      0.4348300      0.4333100      0.4317700      0.4302200      0.4286600      0.4270900      0.4255100      0.4239300      0.4223300    
  0.4607100      0.4596490      0.4585900      0.4585050      0.4584200      0.4567170      0.4537200      0.4535450      0.4515410      0.4496600      0.4494800      0.4487750      0.4475350      0.4459400      0.4445200      0.4430900      0.4416400      0.4401800      0.4387000      0.4372200      0.4357200      0.4342100      0.4326900      0.4311600      0.4296200      0.4280700      0.4265100      0.4249400      0.4233700      0.4217800    
  0.4596500      0.4585900      0.4585470      0.4585050      0.4568400      0.4537200      0.4536330      0.4515710      0.4495700      0.4494800      0.4491270      0.4479320      0.4459400      0.4452300      0.4445170      0.4430830      0.4416370      0.4401730      0.4377120      0.4365600      0.4350800      0.4335800      0.4320700      0.4305500      0.4290200      0.4274800      0.4259200      0.4243600      0.4228000      0.4212200    
  0.4585900      0.4585690      0.4585470      0.4569030      0.4537200      0.4536760      0.4515860      0.4495250      0.4494800      0.4493040      0.4481200      0.4459400      0.4455850      0.4452290      0.4442770      0.4430790      0.4416310      0.4383300      0.4362300      0.4359000      0.4344300      0.4329400      0.4314400      0.4299300      0.4284000      0.4268700      0.4253300      0.4237800      0.4222200      0.4206500    
  0.4585790      0.4585690      0.4569350      0.4537200      0.4536980      0.4515930      0.4495020      0.4494800      0.4493920      0.4482110      0.4459400      0.4457630      0.4455850      0.4450300      0.4441950      0.4429960      0.4390010      0.4360650      0.4359000      0.4347000      0.4337700      0.4322900      0.4308000      0.4292900      0.4277800      0.4262600      0.4247200      0.4231800      0.4216300      0.4200600    
  0.4585790      0.4569510      0.4537200      0.4537090      0.4515960      0.4494910      0.4494800      0.4494360      0.4482560      0.4459400      0.4458510      0.4457620      0.4454590      0.4449370      0.4440730      0.4392010      0.4359830      0.4359000      0.4339440      0.4330950      0.4322140      0.4316300      0.4301500      0.4286500      0.4271500      0.4256300      0.4241100      0.4225700      0.4210300      0.4194700    
  0.4569590      0.4537200      0.4537150      0.4515980      0.4494860      0.4494800      0.4494580      0.4482780      0.4459400      0.4458960      0.4458510      0.4456910      0.4453860      0.4415400      0.4376560      0.4338280      0.4338300      0.4331210      0.4323030      0.4320800      0.4324200      0.4309600      0.4294900      0.4280000      0.4265100      0.4250000      0.4234900      0.4219600      0.4204200      0.4188800    
  0.4537200      0.4537170      0.4515990      0.4494830      0.4494800      0.4494690      0.4482890      0.4459400      0.4459180      0.4458960      0.4458130      0.4456430      0.4391850      0.4316670      0.4316900      0.4322060      0.4316700      0.4317600      0.4316980      0.4317330      0.4317400      0.4302800      0.4288200      0.4273500      0.4258600      0.4243600      0.4228500      0.4213300      0.4198100      0.4182700    
  0.4537190      0.4516000      0.4494810      0.4494800      0.4494740      0.4482940      0.4459400      0.4459290      0.4459180      0.4458750      0.4397780      0.4307700      0.4313480      0.4316430      0.4316430      0.4316900      0.4316360      0.4315800      0.4317600      0.4312200      0.4310400      0.4296000      0.4281500      0.4266800      0.4252000      0.4237100      0.4222100      0.4207000      0.4191800      0.4176500    
  0.4516000      0.4494810      0.4494800      0.4494770      0.4482970      0.4459400      0.4459340      0.4459290      0.4459070      0.4386220      0.4307700      0.4307700      0.4307700      0.4313130      0.4315960      0.4315960      0.4316900      0.4315130      0.4314000      0.4317600      0.4303400      0.4289100      0.4274600      0.4260000      0.4245300      0.4230500      0.4215600      0.4200600      0.4185500      0.4170200    
  0.4494800      0.4494800      0.4494790      0.4482990      0.4459400      0.4459370      0.4459340      0.4414550      0.4365220      0.4307680      0.4307700      0.4307700      0.4307700      0.4307700      0.4312440      0.4315030      0.4315030      0.4316900      0.4312000      0.4310400      0.4296300      0.4282000      0.4267700      0.4253200      0.4238600      0.4223900      0.4209000      0.4194100      0.4179000      0.4163900    
  0.4494800      0.4494790      0.4482990      0.4459400      0.4459390      0.4389460      0.4284600      0.4282550      0.4280500      0.4298570      0.4307630      0.4307700      0.4307700      0.4307700      0.4307700      0.4311070      0.4313150      0.4313150      0.4316900      0.4303100      0.4289100      0.4274900      0.4260700      0.4246300      0.4231800      0.4217100      0.4202400      0.4187500      0.4172500      0.4157500    
  0.4494800      0.4483000      0.4459400      0.4459390      0.4375480      0.4284580      0.4284580      0.4284600      0.4282550      0.4280500      0.4298460      0.4307500      0.4307700      0.4307700      0.4307700      0.4307700      0.4308390      0.4309400      0.4309400      0.4295700      0.4281800      0.4267700      0.4253600      0.4239300      0.4224800      0.4210300      0.4195600      0.4180800      0.4165900      0.4150900    
