iMOD/TUTORIALS/TUT_MetaswapAnalyser/model_MetaSWAP/meteo/Evaporation/Evaporation_20060314_L1.ASC
NCOLS                30
NROWS                30
XLLCORNER     160000.00
YLLCORNER     340000.00
CELLSIZE        1000.00
NODATA_VALUE   -9999.00
   1.445960       1.446480       1.447020       1.447590       1.448170       1.448770       1.449380       1.450020       1.450670       1.451330       1.452020       1.452710       1.453420       1.454150       1.454890       1.455650       1.456420       1.457200       1.457990       1.458800       1.459620       1.460450       1.461300       1.462160       1.463030       1.463920       1.464810       1.465720       1.466650       1.467580    
   1.448550       1.449080       1.449620       1.450180       1.450750       1.451350       1.451960       1.452590       1.453240       1.453900       1.454580       1.455270       1.455980       1.456710       1.457440       1.458190       1.458960       1.459740       1.460530       1.461330       1.462150       1.462980       1.463830       1.464680       1.465550       1.466430       1.467330       1.468240       1.469160       1.470090    
   1.451150       1.451670       1.452210       1.452760       1.453340       1.453930       1.454540       1.455170       1.455810       1.456470       1.457150       1.457840       1.458540       1.459260       1.459990       1.460740       1.461500       1.462280       1.463070       1.463870       1.464680       1.465510       1.466350       1.467200       1.468070       1.468950       1.469840       1.470750       1.471670       1.472600    
   1.453740       1.454260       1.454790       1.455350       1.455920       1.456510       1.457120       1.457740       1.458380       1.459040       1.459710       1.460400       1.461100       1.461810       1.462540       1.463290       1.464050       1.464820       1.465600       1.466400       1.467210       1.468040       1.468880       1.469730       1.470590       1.471470       1.472360       1.473260       1.474170       1.475100    
   1.456320       1.456840       1.457380       1.457930       1.458500       1.459090       1.459690       1.460310       1.460950       1.461600       1.462270       1.462950       1.463650       1.464360       1.465090       1.465830       1.466590       1.467360       1.468140       1.468930       1.469740       1.470570       1.471400       1.472250       1.473110       1.473980       1.474870       1.475770       1.476680       1.477610    
   1.458910       1.459430       1.459960       1.460510       1.461080       1.461670       1.462270       1.462880       1.463520       1.464170       1.464830       1.465510       1.466210       1.466920       1.467640       1.468380       1.469130       1.469890       1.470670       1.471470       1.472270       1.473090       1.473920       1.474770       1.475630       1.476500       1.477380       1.478280       1.479190       1.480120    
   1.461490       1.462000       1.462540       1.463090       1.463660       1.464240       1.464840       1.465450       1.466080       1.466730       1.467390       1.468070       1.468760       1.469470       1.470190       1.470920       1.471670       1.472430       1.473210       1.474000       1.474800       1.475620       1.476450       1.477290       1.478150       1.479020       1.479900       1.480790       1.481700       1.482620    
   1.464060       1.464580       1.465110       1.465660       1.466230       1.466810       1.467410       1.468020       1.468650       1.469290       1.469950       1.470620       1.471310       1.472010       1.472730       1.473460       1.474210       1.474970       1.475740       1.476530       1.477330       1.478140       1.478970       1.479810       1.480660       1.481530       1.482410       1.483300       1.484210       1.485130    
   1.466630       1.467150       1.467680       1.468230       1.468800       1.469370       1.469970       1.470580       1.471210       1.471850       1.472500       1.473180       1.473860       1.474560       1.475280       1.476010       1.476750       1.477500       1.478280       1.479060       1.479860       1.480670       1.481490       1.482330       1.483180       1.484040       1.484920       1.485810       1.486710       1.487630    
   1.469200       1.469720       1.470250       1.470800       1.471360       1.471940       1.472530       1.473140       1.473760       1.474400       1.475060       1.475730       1.476410       1.477110       1.477820       1.478550       1.479290       1.480040       1.480810       1.481590       1.482380       1.483190       1.484010       1.484850       1.485700       1.486560       1.487430       1.488320       1.489220       1.490130    
   1.469210       1.469720       1.471030       1.473360       1.473920       1.474500       1.475090       1.475700       1.476320       1.476960       1.477610       1.478280       1.478960       1.479650       1.480360       1.481080       1.481820       1.482570       1.483340       1.484120       1.484910       1.485710       1.486530       1.487370       1.488210       1.489070       1.489940       1.490830       1.491730       1.492640    
   1.469210       1.470830       1.473360       1.475700       1.476480       1.477060       1.477650       1.478250       1.478870       1.479510       1.480160       1.480820       1.481500       1.482190       1.482900       1.483620       1.484360       1.485100       1.485870       1.486640       1.487430       1.488240       1.489050       1.489880       1.490730       1.491580       1.492450       1.493330       1.494230       1.495140    
   1.470530       1.473360       1.476460       1.477760       1.479040       1.479610       1.480200       1.480800       1.481420       1.482060       1.482700       1.483370       1.484040       1.484730       1.485440       1.486160       1.486890       1.487630       1.488390       1.489170       1.489960       1.490760       1.491570       1.492400       1.493240       1.494090       1.494960       1.495840       1.496730       1.497640    
   1.473360       1.476820       1.478400       1.479040       1.480270       1.482160       1.482750       1.483350       1.483970       1.484600       1.485250       1.485910       1.486580       1.487270       1.487970       1.488690       1.489420       1.490160       1.490920       1.491690       1.492480       1.493280       1.494090       1.494910       1.495750       1.496600       1.497470       1.498350       1.499240       1.500140    
   1.476980       1.478720       1.479040       1.480490       1.482160       1.483400       1.485300       1.485900       1.486520       1.487140       1.487790       1.488450       1.489120       1.489810       1.490510       1.491220       1.491950       1.492690       1.493450       1.494210       1.495000       1.495790       1.496600       1.497430       1.498260       1.499110       1.499970       1.500850       1.501740       1.502640    
   1.478880       1.479040       1.480560       1.482160       1.483620       1.485300       1.485600       1.485910       1.487310       1.489690       1.490330       1.490980       1.491650       1.492340       1.493040       1.493750       1.494480       1.495220       1.495970       1.496740       1.497520       1.498310       1.499120       1.499940       1.500770       1.501620       1.502480       1.503350       1.504240       1.505140    
   1.479040       1.480590       1.482160       1.483690       1.485300       1.485450       1.485600       1.487130       1.489690       1.490010       1.492110       1.493520       1.494190       1.494870       1.495570       1.496280       1.497000       1.497740       1.498490       1.499250       1.500030       1.500820       1.501630       1.502450       1.503280       1.504130       1.504980       1.505860       1.506740       1.507640    
   1.480600       1.482160       1.483720       1.485300       1.485370       1.485450       1.486970       1.489690       1.489850       1.492530       1.494790       1.496050       1.496720       1.497400       1.498090       1.498800       1.499520       1.500260       1.501010       1.501770       1.502550       1.503340       1.504140       1.504960       1.505790       1.506630       1.507490       1.508360       1.509240       1.510140    
   1.482160       1.483730       1.485300       1.485340       1.485380       1.486870       1.489690       1.489770       1.492710       1.495420       1.496050       1.496380       1.497520       1.499930       1.500620       1.501330       1.502050       1.502780       1.503530       1.504290       1.505060       1.505850       1.506650       1.507470       1.508290       1.509140       1.509990       1.510860       1.511740       1.512630    
   1.483730       1.485300       1.485320       1.485340       1.486820       1.489690       1.489730       1.492790       1.495730       1.496050       1.496220       1.497470       1.499930       1.500280       1.500630       1.501330       1.502050       1.502790       1.505340       1.506800       1.507570       1.508360       1.509160       1.509970       1.510800       1.511640       1.512490       1.513360       1.514240       1.515130    
   1.485300       1.485310       1.485320       1.486790       1.489690       1.489710       1.492830       1.495890       1.496050       1.496130       1.497420       1.499930       1.500100       1.500280       1.500750       1.501340       1.502060       1.505510       1.508050       1.509310       1.510090       1.510870       1.511670       1.512480       1.513300       1.514140       1.514990       1.515850       1.516730       1.517620    
   1.485300       1.485310       1.486780       1.489690       1.489700       1.492850       1.495970       1.496050       1.496090       1.497380       1.499930       1.500020       1.500100       1.500370       1.500790       1.501380       1.505380       1.508680       1.509310       1.510660       1.512590       1.513380       1.514170       1.514980       1.515800       1.516640       1.517490       1.518350       1.519230       1.520120    
   1.485300       1.486770       1.489690       1.489690       1.492860       1.496010       1.496050       1.496070       1.497360       1.499930       1.499970       1.500020       1.500160       1.500420       1.500850       1.506670       1.509000       1.509310       1.513480       1.515100       1.515570       1.515880       1.516680       1.517480       1.518310       1.519140       1.519990       1.520850       1.521720       1.522610    
   1.486770       1.489690       1.489690       1.492870       1.496030       1.496050       1.496060       1.497350       1.499930       1.499950       1.499970       1.500050       1.500200       1.507510       1.512900       1.516830       1.516830       1.517350       1.518020       1.518860       1.517610       1.518390       1.519180       1.519990       1.520800       1.521640       1.522480       1.523340       1.524210       1.525100    
   1.489690       1.489690       1.492870       1.496040       1.496050       1.496060       1.497350       1.499930       1.499940       1.499950       1.499990       1.500080       1.513040       1.528680       1.528600       1.524050       1.524660       1.524350       1.521590       1.520110       1.520110       1.520890       1.521680       1.522480       1.523300       1.524130       1.524980       1.525840       1.526710       1.527590    
   1.489690       1.492870       1.496050       1.496050       1.496050       1.497350       1.499930       1.499940       1.499940       1.499960       1.514150       1.535360       1.530970       1.528760       1.528760       1.528600       1.526100       1.524980       1.524350       1.523050       1.522610       1.523390       1.524180       1.524980       1.525800       1.526630       1.527470       1.528330       1.529200       1.530080    
   1.492870       1.496050       1.496050       1.496050       1.497340       1.499930       1.499930       1.499940       1.499950       1.516950       1.535360       1.535360       1.535360       1.531090       1.528910       1.528910       1.528600       1.526460       1.525600       1.524350       1.525110       1.525890       1.526680       1.527480       1.528290       1.529120       1.529960       1.530820       1.531690       1.532570    
   1.496050       1.496050       1.496050       1.497340       1.499930       1.499930       1.499930       1.511730       1.523100       1.535370       1.535360       1.535360       1.535360       1.535360       1.531310       1.529220       1.529220       1.528600       1.527290       1.526850       1.527610       1.528390       1.529170       1.529970       1.530790       1.531610       1.532460       1.533310       1.534170       1.535050    
   1.496050       1.496050       1.497340       1.499930       1.499930       1.519510       1.548870       1.547980       1.547090       1.539290       1.535380       1.535360       1.535360       1.535360       1.535360       1.531750       1.529850       1.529850       1.528600       1.529350       1.530110       1.530880       1.531670       1.532470       1.533280       1.534110       1.534940       1.535800       1.536660       1.537540    
   1.496050       1.497340       1.499930       1.499930       1.523430       1.548870       1.548870       1.548870       1.547980       1.547090       1.539320       1.535420       1.535360       1.535360       1.535360       1.535360       1.532590       1.531100       1.531100       1.531840       1.532600       1.533380       1.534160       1.534960       1.535770       1.536600       1.537430       1.538280       1.539150       1.540030    
