iMOD/TUTORIALS/TUT_MetaswapAnalyser/model_MetaSWAP/meteo/Evaporation/Evaporation_20050905_L1.ASC
NCOLS                30
NROWS                30
XLLCORNER     160000.00
YLLCORNER     340000.00
CELLSIZE        1000.00
NODATA_VALUE   -9999.00
   3.556410       3.557880       3.559320       3.560720       3.562090       3.563430       3.564730       3.566000       3.567250       3.568470       3.569660       3.570830       3.571980       3.573110       3.574220       3.575300       3.576370       3.577430       3.578470       3.579490       3.580500       3.581500       3.582480       3.583450       3.584410       3.585360       3.586300       3.587220       3.588140       3.589050    
   3.556800       3.558280       3.559730       3.561140       3.562520       3.563860       3.565180       3.566460       3.567720       3.568950       3.570150       3.571330       3.572490       3.573630       3.574740       3.575840       3.576920       3.577980       3.579030       3.580060       3.581080       3.582080       3.583070       3.584050       3.585020       3.585970       3.586920       3.587850       3.588780       3.589690    
   3.557180       3.558680       3.560130       3.561550       3.562940       3.564290       3.565620       3.566910       3.568180       3.569420       3.570630       3.571820       3.572990       3.574130       3.575260       3.576370       3.577460       3.578530       3.579580       3.580620       3.581650       3.582660       3.583660       3.584650       3.585620       3.586580       3.587530       3.588470       3.589400       3.590320    
   3.557560       3.559060       3.560530       3.561960       3.563350       3.564720       3.566050       3.567350       3.568630       3.569880       3.571100       3.572300       3.573480       3.574640       3.575770       3.576890       3.577990       3.579070       3.580130       3.581180       3.582210       3.583230       3.584240       3.585230       3.586210       3.587180       3.588140       3.589090       3.590020       3.590950    
   3.557940       3.559450       3.560920       3.562350       3.563760       3.565130       3.566470       3.567790       3.569070       3.570330       3.571560       3.572770       3.573960       3.575130       3.576270       3.577400       3.578510       3.579600       3.580670       3.581730       3.582770       3.583800       3.584810       3.585810       3.586800       3.587780       3.588740       3.589700       3.590640       3.591570    
   3.558310       3.559820       3.561300       3.562750       3.564160       3.565540       3.566890       3.568210       3.569510       3.570780       3.572020       3.573240       3.574440       3.575610       3.576770       3.577900       3.579020       3.580120       3.581200       3.582260       3.583320       3.584350       3.585370       3.586380       3.587380       3.588360       3.589340       3.590300       3.591250       3.592190    
   3.558680       3.560200       3.561680       3.563130       3.564550       3.565940       3.567300       3.568640       3.569940       3.571220       3.572470       3.573700       3.574910       3.576090       3.577250       3.578400       3.579520       3.580630       3.581720       3.582800       3.583860       3.584900       3.585930       3.586950       3.587950       3.588940       3.589920       3.590890       3.591850       3.592800    
   3.559040       3.560560       3.562060       3.563520       3.564940       3.566340       3.567710       3.569050       3.570360       3.571650       3.572910       3.574150       3.575370       3.576560       3.577730       3.578890       3.580020       3.581140       3.582240       3.583320       3.584390       3.585440       3.586480       3.587500       3.588520       3.589520       3.590500       3.591480       3.592440       3.593400    
   3.559400       3.560930       3.562430       3.563900       3.565330       3.566740       3.568110       3.569460       3.570780       3.572080       3.573350       3.574600       3.575820       3.577020       3.578210       3.579370       3.580510       3.581640       3.582750       3.583840       3.584920       3.585980       3.587020       3.588060       3.589080       3.590080       3.591080       3.592060       3.593030       3.593990    
   3.559750       3.561290       3.562800       3.564270       3.565710       3.567130       3.568510       3.569870       3.571200       3.572500       3.573780       3.575040       3.576270       3.577480       3.578670       3.579850       3.581000       3.582130       3.583250       3.584350       3.585430       3.586500       3.587560       3.588600       3.589630       3.590640       3.591650       3.592640       3.593620       3.594580    
   3.559740       3.561280       3.563250       3.564640       3.566090       3.567510       3.568900       3.570270       3.571610       3.572920       3.574210       3.575470       3.576720       3.577940       3.579140       3.580320       3.581480       3.582620       3.583750       3.584860       3.585950       3.587030       3.588090       3.589140       3.590170       3.591200       3.592210       3.593210       3.594190       3.595170    
   3.559730       3.562230       3.564640       3.566010       3.566460       3.567890       3.569290       3.570660       3.572010       3.573330       3.574630       3.575900       3.577150       3.578380       3.579590       3.580780       3.581950       3.583100       3.584240       3.585350       3.586460       3.587540       3.588610       3.589670       3.590720       3.591750       3.592760       3.593770       3.594770       3.595750    
   3.561190       3.564640       3.566030       3.566650       3.566840       3.568270       3.569680       3.571060       3.572410       3.573740       3.575050       3.576330       3.577590       3.578820       3.580040       3.581240       3.582420       3.583580       3.584720       3.585850       3.586960       3.588050       3.589130       3.590200       3.591250       3.592290       3.593320       3.594330       3.595330       3.596320    
   3.564640       3.566060       3.566740       3.566840       3.567920       3.568640       3.570060       3.571450       3.572810       3.574150       3.575460       3.576750       3.578020       3.579260       3.580490       3.581690       3.582880       3.584050       3.585200       3.586340       3.587450       3.588560       3.589650       3.590720       3.591780       3.592830       3.593860       3.594880       3.595890       3.596890    
   3.566080       3.566790       3.566840       3.567800       3.568640       3.569710       3.570440       3.571830       3.573200       3.574550       3.575870       3.577160       3.578440       3.579700       3.580930       3.582140       3.583340       3.584520       3.585680       3.586820       3.587950       3.589060       3.590150       3.591240       3.592300       3.593360       3.594400       3.595430       3.596450       3.597450    
   3.566820       3.566840       3.567760       3.568640       3.569600       3.570440       3.571140       3.571820       3.573630       3.574940       3.576270       3.577580       3.578860       3.580120       3.581370       3.582590       3.583790       3.584980       3.586150       3.587300       3.588430       3.589550       3.590660       3.591750       3.592820       3.593890       3.594940       3.595970       3.597000       3.598010    
   3.566840       3.567750       3.568640       3.569560       3.570440       3.570790       3.571130       3.572880       3.574940       3.575600       3.577030       3.577990       3.579280       3.580550       3.581800       3.583030       3.584240       3.585440       3.586610       3.587770       3.588910       3.590040       3.591150       3.592250       3.593340       3.594410       3.595470       3.596510       3.597550       3.598570    
   3.567740       3.568640       3.569550       3.570440       3.570610       3.570790       3.572440       3.574940       3.575270       3.576830       3.578190       3.578390       3.579690       3.580970       3.582230       3.583470       3.584690       3.585890       3.587070       3.588240       3.589390       3.590530       3.591650       3.592750       3.593850       3.594930       3.595990       3.597050       3.598090       3.599120    
   3.568640       3.569540       3.570440       3.570530       3.570610       3.572190       3.574940       3.575110       3.576740       3.578290       3.578390       3.579040       3.580110       3.581390       3.582660       3.583900       3.585130       3.586340       3.587530       3.588710       3.589870       3.591010       3.592140       3.593250       3.594350       3.595440       3.596510       3.597580       3.598620       3.599660    
   3.569540       3.570440       3.570480       3.570530       3.572070       3.574940       3.575020       3.576700       3.578340       3.578390       3.578710       3.579730       3.581390       3.582030       3.582650       3.583900       3.585120       3.586330       3.588280       3.589170       3.590340       3.591490       3.592620       3.593750       3.594850       3.595950       3.597030       3.598100       3.599160       3.600200    
   3.570440       3.570460       3.570480       3.572000       3.574940       3.574980       3.576680       3.578360       3.578390       3.578550       3.579560       3.581390       3.581710       3.582020       3.582860       3.583890       3.585120       3.587750       3.589400       3.589630       3.590800       3.591960       3.593110       3.594240       3.595350       3.596460       3.597540       3.598620       3.599690       3.600740    
   3.570450       3.570460       3.571970       3.574940       3.574960       3.576670       3.578380       3.578390       3.578470       3.579470       3.581390       3.581550       3.581710       3.582200       3.582920       3.583960       3.587180       3.589510       3.589630       3.590560       3.591260       3.592430       3.593580       3.594720       3.595850       3.596960       3.598060       3.599140       3.600210       3.601270    
   3.570450       3.571960       3.574940       3.574950       3.576670       3.578380       3.578390       3.578430       3.579430       3.581390       3.581470       3.581550       3.581820       3.582270       3.583020       3.586920       3.589570       3.589630       3.591080       3.591720       3.592430       3.592900       3.594060       3.595210       3.596340       3.597460       3.598560       3.599650       3.600740       3.601800    
   3.571950       3.574940       3.574940       3.576670       3.578390       3.578390       3.578410       3.579410       3.581390       3.581430       3.581470       3.581610       3.581880       3.584770       3.587840       3.590970       3.590970       3.591570       3.592260       3.592410       3.592180       3.593360       3.594530       3.595690       3.596820       3.597950       3.599060       3.600170       3.601250       3.602330    
   3.574940       3.574940       3.576670       3.578390       3.578390       3.578400       3.579400       3.581390       3.581410       3.581430       3.581500       3.581650       3.586440       3.591960       3.591950       3.591890       3.592380       3.592320       3.592570       3.592640       3.592640       3.593830       3.595000       3.596160       3.597310       3.598440       3.599560       3.600670       3.601770       3.602850    
   3.574940       3.576670       3.578390       3.578390       3.578390       3.579400       3.581390       3.581400       3.581410       3.581450       3.585700       3.591950       3.591970       3.591980       3.591980       3.591950       3.592260       3.592430       3.592320       3.592900       3.593090       3.594280       3.595470       3.596640       3.597790       3.598930       3.600060       3.601180       3.602280       3.603380    
   3.576670       3.578390       3.578390       3.578390       3.579390       3.581390       3.581390       3.581400       3.581420       3.586490       3.591950       3.591950       3.591950       3.591990       3.592000       3.592000       3.591950       3.592340       3.592540       3.592320       3.593540       3.594740       3.595930       3.597110       3.598270       3.599420       3.600560       3.601680       3.602790       3.603890    
   3.578390       3.578390       3.578390       3.579390       3.581390       3.581390       3.581390       3.584240       3.587700       3.591950       3.591950       3.591950       3.591950       3.591950       3.592030       3.592060       3.592060       3.591950       3.592560       3.592760       3.593980       3.595200       3.596390       3.597580       3.598750       3.599910       3.601050       3.602180       3.603300       3.604410    
   3.578390       3.578390       3.579390       3.581390       3.581390       3.585560       3.591800       3.592270       3.592730       3.592210       3.591950       3.591950       3.591950       3.591950       3.591950       3.592110       3.592160       3.592160       3.591950       3.593200       3.594430       3.595650       3.596860       3.598050       3.599220       3.600390       3.601540       3.602680       3.603810       3.604920    
   3.578390       3.579390       3.581390       3.581390       3.586390       3.591800       3.591800       3.591800       3.592270       3.592730       3.592220       3.591960       3.591950       3.591950       3.591950       3.591950       3.592270       3.592380       3.592380       3.593630       3.594880       3.596100       3.597310       3.598510       3.599700       3.600870       3.602030       3.603180       3.604310       3.605430    
