iMOD/TUTORIALS/TUT_MetaswapAnalyser/model_MetaSWAP/meteo/Evaporation/Evaporation_20050108_L1.ASC
NCOLS                30
NROWS                30
XLLCORNER     160000.00
YLLCORNER     340000.00
CELLSIZE        1000.00
NODATA_VALUE   -9999.00
  0.2341000      0.2321900      0.2302700      0.2283500      0.2264200      0.2244800      0.2225400      0.2206000      0.2186500      0.2167000      0.2147500      0.2127900      0.2108400      0.2088800      0.2069300      0.2049800      0.2030300      0.2010800      0.1991300      0.1971900      0.1952400      0.1933100      0.1913800      0.1894500      0.1875300      0.1856100      0.1837000      0.1817900      0.1798900      0.1780000    
  0.2329200      0.2310100      0.2290800      0.2271600      0.2252200      0.2232800      0.2213400      0.2193900      0.2174400      0.2154800      0.2135300      0.2115700      0.2096200      0.2076600      0.2057000      0.2037500      0.2017900      0.1998400      0.1979000      0.1959500      0.1940100      0.1920700      0.1901400      0.1882100      0.1862900      0.1843700      0.1824600      0.1805600      0.1786600      0.1767700    
  0.2317300      0.2298100      0.2278900      0.2259500      0.2240100      0.2220700      0.2201200      0.2181700      0.2162100      0.2142600      0.2123000      0.2103400      0.2083800      0.2064200      0.2044600      0.2025100      0.2005500      0.1986000      0.1966500      0.1947000      0.1927600      0.1908200      0.1888900      0.1869600      0.1850400      0.1831300      0.1812200      0.1793100      0.1774200      0.1755300    
  0.2305400      0.2286100      0.2266800      0.2247400      0.2227900      0.2208400      0.2188900      0.2169400      0.2149800      0.2130200      0.2110600      0.2090900      0.2071300      0.2051700      0.2032100      0.2012500      0.1993000      0.1973400      0.1953900      0.1934500      0.1915000      0.1895700      0.1876300      0.1857100      0.1837800      0.1818700      0.1799600      0.1780600      0.1761600      0.1742700    
  0.2293300      0.2274000      0.2254600      0.2235100      0.2215600      0.2196100      0.2176500      0.2156900      0.2137300      0.2117700      0.2098000      0.2078400      0.2058700      0.2039100      0.2019500      0.1999900      0.1980300      0.1960800      0.1941200      0.1921800      0.1902300      0.1883000      0.1863600      0.1844400      0.1825100      0.1806000      0.1786900      0.1767900      0.1749000      0.1730100    
  0.2281100      0.2261700      0.2242300      0.2222800      0.2203200      0.2183600      0.2164000      0.2144400      0.2124700      0.2105100      0.2085400      0.2065700      0.2046000      0.2026400      0.2006700      0.1987100      0.1967500      0.1948000      0.1928400      0.1909000      0.1889500      0.1870200      0.1850800      0.1831600      0.1812400      0.1793200      0.1774100      0.1755100      0.1736200      0.1717400    
  0.2268900      0.2249400      0.2229900      0.2210300      0.2190700      0.2171100      0.2151400      0.2131700      0.2112100      0.2092400      0.2072600      0.2052900      0.2033200      0.2013600      0.1993900      0.1974300      0.1954700      0.1935100      0.1915600      0.1896100      0.1876600      0.1857300      0.1837900      0.1818700      0.1799500      0.1780300      0.1761300      0.1742300      0.1723400      0.1704500    
  0.2256500      0.2237000      0.2217400      0.2197800      0.2178100      0.2158400      0.2138700      0.2119000      0.2099300      0.2079500      0.2059800      0.2040100      0.2020400      0.2000700      0.1981000      0.1961300      0.1941700      0.1922100      0.1902600      0.1883100      0.1863600      0.1844300      0.1824900      0.1805700      0.1786500      0.1767400      0.1748300      0.1729300      0.1710400      0.1691600    
  0.2244100      0.2224500      0.2204800      0.2185200      0.2165400      0.2145700      0.2126000      0.2106200      0.2086400      0.2066700      0.2046900      0.2027100      0.2007400      0.1987700      0.1968000      0.1948300      0.1928600      0.1909100      0.1889500      0.1870000      0.1850600      0.1831200      0.1811900      0.1792600      0.1773400      0.1754300      0.1735300      0.1716300      0.1697400      0.1678600    
  0.2231600      0.2211900      0.2192200      0.2172500      0.2152700      0.2132900      0.2113100      0.2093300      0.2073500      0.2053700      0.2033900      0.2014100      0.1994300      0.1974600      0.1954800      0.1935200      0.1915500      0.1895900      0.1876300      0.1856800      0.1837400      0.1818000      0.1798700      0.1779400      0.1760300      0.1741200      0.1722100      0.1703200      0.1684300      0.1665500    
  0.2231570      0.2211900      0.2184070      0.2159700      0.2139900      0.2120000      0.2100200      0.2080300      0.2060500      0.2040600      0.2020800      0.2001000      0.1981200      0.1961400      0.1941700      0.1922000      0.1902300      0.1882700      0.1863100      0.1843600      0.1824100      0.1804800      0.1785400      0.1766200      0.1747000      0.1727900      0.1708900      0.1690000      0.1671200      0.1652400    
  0.2231560      0.2196810      0.2159700      0.2135180      0.2127000      0.2107100      0.2087200      0.2067300      0.2047400      0.2027500      0.2007700      0.1987800      0.1968000      0.1948200      0.1928400      0.1908700      0.1889000      0.1869400      0.1849800      0.1830300      0.1810800      0.1791400      0.1772100      0.1752900      0.1733700      0.1714700      0.1695700      0.1676700      0.1657900      0.1639200    
  0.2209810      0.2159700      0.2132380      0.2120550      0.2114100      0.2094100      0.2074200      0.2054200      0.2034300      0.2014400      0.1994400      0.1974600      0.1954700      0.1934900      0.1915100      0.1895300      0.1875600      0.1856000      0.1836400      0.1816900      0.1797400      0.1778100      0.1758700      0.1739500      0.1720400      0.1701300      0.1682300      0.1663400      0.1644600      0.1625900    
  0.2159700      0.2130880      0.2117330      0.2114100      0.2096430      0.2081100      0.2061100      0.2041100      0.2021100      0.2001100      0.1981200      0.1961300      0.1941400      0.1921500      0.1901700      0.1881900      0.1862200      0.1842600      0.1823000      0.1803400      0.1784000      0.1764600      0.1745300      0.1726100      0.1706900      0.1687900      0.1668900      0.1650000      0.1631200      0.1612500    
  0.2130100      0.2115710      0.2114100      0.2097210      0.2081100      0.2063370      0.2047900      0.2027900      0.2007800      0.1987800      0.1967800      0.1947900      0.1928000      0.1908100      0.1888300      0.1868500      0.1848700      0.1829100      0.1809500      0.1789900      0.1770500      0.1751100      0.1731800      0.1712600      0.1693400      0.1674400      0.1655400      0.1636600      0.1617800      0.1599100    
  0.2114910      0.2114100      0.2097470      0.2081100      0.2064120      0.2047900      0.2037900      0.2027870      0.1999500      0.1974500      0.1954500      0.1934500      0.1914500      0.1894600      0.1874800      0.1854900      0.1835200      0.1815500      0.1795900      0.1776400      0.1756900      0.1737500      0.1718200      0.1699000      0.1679900      0.1660900      0.1641900      0.1623100      0.1604300      0.1585700    
  0.2114100      0.2097560      0.2081100      0.2064370      0.2047900      0.2042900      0.2037890      0.2009940      0.1974500      0.1964500      0.1938400      0.1921000      0.1901000      0.1881100      0.1861200      0.1841400      0.1821600      0.1801900      0.1782300      0.1762700      0.1743300      0.1723900      0.1704600      0.1685400      0.1666300      0.1647300      0.1628400      0.1609500      0.1590800      0.1572200    
  0.2097590      0.2081100      0.2064460      0.2047900      0.2045400      0.2042900      0.2016310      0.1974500      0.1969500      0.1939830      0.1914250      0.1907500      0.1887500      0.1867500      0.1847600      0.1827800      0.1808000      0.1788300      0.1768600      0.1749100      0.1729600      0.1710200      0.1690900      0.1671700      0.1652600      0.1633600      0.1614700      0.1595900      0.1577300      0.1558700    
  0.2081100      0.2064490      0.2047900      0.2046650      0.2045400      0.2019780      0.1974500      0.1972000      0.1940440      0.1910870      0.1907500      0.1897500      0.1879100      0.1853900      0.1834000      0.1814100      0.1794300      0.1774600      0.1755000      0.1735400      0.1715900      0.1696500      0.1677200      0.1658100      0.1639000      0.1620000      0.1601100      0.1582300      0.1563700      0.1545100    
  0.2064500      0.2047900      0.2047280      0.2046650      0.2021580      0.1974500      0.1973250      0.1940730      0.1909190      0.1907500      0.1902500      0.1884500      0.1853900      0.1843950      0.1834000      0.1814130      0.1794330      0.1774630      0.1738920      0.1721700      0.1702200      0.1682800      0.1663500      0.1644300      0.1625300      0.1606300      0.1587400      0.1568700      0.1550000      0.1531500    
  0.2047900      0.2047590      0.2047270      0.2022500      0.1974500      0.1973870      0.1940860      0.1908340      0.1907500      0.1905000      0.1887100      0.1853900      0.1848930      0.1843950      0.1830690      0.1814160      0.1794370      0.1746120      0.1714800      0.1707900      0.1688400      0.1669000      0.1649700      0.1630600      0.1611500      0.1592600      0.1573700      0.1555000      0.1536400      0.1517800    
  0.2047740      0.2047590      0.2022970      0.1974500      0.1974190      0.1940930      0.1907920      0.1907500      0.1906250      0.1888370      0.1853900      0.1851410      0.1848930      0.1841190      0.1829600      0.1813070      0.1754780      0.1711350      0.1707900      0.1690300      0.1674600      0.1655200      0.1636000      0.1616800      0.1597700      0.1578800      0.1560000      0.1541300      0.1522700      0.1504200    
  0.2047740      0.2023200      0.1974500      0.1974340      0.1940970      0.1907710      0.1907500      0.1906880      0.1889010      0.1853900      0.1852660      0.1851410      0.1847180      0.1839900      0.1827950      0.1754710      0.1709630      0.1707900      0.1674760      0.1660800      0.1649160      0.1641400      0.1622100      0.1603000      0.1583900      0.1565000      0.1546200      0.1527500      0.1509000      0.1490500    
  0.2023320      0.1974500      0.1974420      0.1940980      0.1907610      0.1907500      0.1907190      0.1889320      0.1853900      0.1853280      0.1852660      0.1850410      0.1846160      0.1783010      0.1722970      0.1666450      0.1666450      0.1656410      0.1644660      0.1640050      0.1647000      0.1627600      0.1608300      0.1589200      0.1570100      0.1551200      0.1532500      0.1513800      0.1495300      0.1476800    
  0.1974500      0.1974460      0.1940990      0.1907550      0.1907500      0.1907340      0.1889480      0.1853900      0.1853590      0.1853280      0.1852120      0.1849750      0.1742460      0.1616570      0.1617000      0.1631790      0.1623270      0.1625000      0.1629730      0.1633130      0.1633100      0.1613800      0.1594500      0.1575300      0.1556300      0.1537400      0.1518700      0.1500000      0.1481500      0.1463100    
  0.1974480      0.1941000      0.1907530      0.1907500      0.1907420      0.1889560      0.1853900      0.1853740      0.1853590      0.1852990      0.1749270      0.1595600      0.1609220      0.1616140      0.1616140      0.1617000      0.1620430      0.1621550      0.1625000      0.1620720      0.1619300      0.1599900      0.1580600      0.1561500      0.1542500      0.1523600      0.1504900      0.1486300      0.1467800      0.1449500    
  0.1941000      0.1907510      0.1907500      0.1907460      0.1889590      0.1853900      0.1853820      0.1853740      0.1853440      0.1729410      0.1595600      0.1595600      0.1595600      0.1608580      0.1615280      0.1615270      0.1617000      0.1618180      0.1618100      0.1625000      0.1605500      0.1586100      0.1566800      0.1547700      0.1528700      0.1509800      0.1491100      0.1472500      0.1454100      0.1435800    
  0.1907510      0.1907500      0.1907480      0.1889610      0.1853900      0.1853860      0.1853820      0.1777280      0.1693320      0.1595560      0.1595600      0.1595600      0.1595600      0.1595600      0.1607310      0.1613550      0.1613550      0.1617000      0.1612620      0.1611200      0.1591600      0.1572200      0.1553000      0.1533900      0.1514900      0.1496100      0.1477400      0.1458800      0.1440400      0.1422100    
  0.1907500      0.1907490      0.1889620      0.1853900      0.1853880      0.1734390      0.1555200      0.1551650      0.1548100      0.1579670      0.1595490      0.1595600      0.1595600      0.1595600      0.1595600      0.1604810      0.1610110      0.1610100      0.1617000      0.1597300      0.1577800      0.1558400      0.1539200      0.1520100      0.1501100      0.1482300      0.1463600      0.1445100      0.1426700      0.1408400    
  0.1907500      0.1889630      0.1853900      0.1853890      0.1710490      0.1555170      0.1555170      0.1555200      0.1551650      0.1548100      0.1579480      0.1595270      0.1595600      0.1595600      0.1595600      0.1595600      0.1599990      0.1603230      0.1603200      0.1583600      0.1564000      0.1544600      0.1525400      0.1506300      0.1487300      0.1468500      0.1449900      0.1431400      0.1413000      0.1394800    
