iMOD/TUTORIALS/TUT_MetaswapAnalyser/model_MetaSWAP/meteo/Evaporation/Evaporation_20050517_L1.ASC
NCOLS                30
NROWS                30
XLLCORNER     160000.00
YLLCORNER     340000.00
CELLSIZE        1000.00
NODATA_VALUE   -9999.00
   2.095830       2.094350       2.092690       2.090870       2.088890       2.086760       2.084490       2.082100       2.079580       2.076960       2.074230       2.071400       2.068490       2.065500       2.062430       2.059300       2.056110       2.052860       2.049560       2.046210       2.042830       2.039410       2.035950       2.032470       2.028970       2.025440       2.021890       2.018330       2.014750       2.011170    
   2.093300       2.091820       2.090170       2.088360       2.086400       2.084290       2.082040       2.079670       2.077180       2.074580       2.071870       2.069070       2.066190       2.063220       2.060180       2.057070       2.053890       2.050660       2.047390       2.044060       2.040690       2.037290       2.033850       2.030380       2.026890       2.023380       2.019850       2.016300       2.012730       2.009160    
   2.090640       2.089160       2.087520       2.085720       2.083780       2.081690       2.079460       2.077120       2.074650       2.072070       2.069390       2.066610       2.063750       2.060800       2.057790       2.054700       2.051550       2.048340       2.045080       2.041780       2.038430       2.035040       2.031620       2.028180       2.024700       2.021200       2.017680       2.014150       2.010600       2.007040    
   2.087880       2.086400       2.084760       2.082970       2.081040       2.078970       2.076760       2.074430       2.071990       2.069430       2.066770       2.064020       2.061180       2.058260       2.055270       2.052200       2.049080       2.045890       2.042650       2.039370       2.036040       2.032680       2.029280       2.025850       2.022390       2.018910       2.015410       2.011890       2.008350       2.004810    
   2.085010       2.083520       2.081890       2.080110       2.078190       2.076130       2.073940       2.071630       2.069210       2.066670       2.064040       2.061310       2.058500       2.055600       2.052630       2.049590       2.046480       2.043320       2.040110       2.036840       2.033540       2.030190       2.026810       2.023400       2.019960       2.016500       2.013020       2.009510       2.006000       2.002460    
   2.082030       2.080550       2.078920       2.077140       2.075230       2.073180       2.071010       2.068720       2.066310       2.063800       2.061190       2.058480       2.055690       2.052820       2.049870       2.046850       2.043770       2.040630       2.037440       2.034200       2.030920       2.027590       2.024230       2.020840       2.017420       2.013980       2.010520       2.007030       2.003530       2.000020    
   2.078970       2.077480       2.075840       2.074070       2.072170       2.070130       2.067970       2.065700       2.063310       2.060820       2.058230       2.055540       2.052770       2.049920       2.047000       2.044000       2.040940       2.037830       2.034660       2.031440       2.028180       2.024880       2.021540       2.018170       2.014780       2.011350       2.007910       2.004440       2.000960       1.997470    
   2.075810       2.074310       2.072680       2.070910       2.069010       2.066980       2.064840       2.062570       2.060200       2.057730       2.055160       2.052500       2.049750       2.046920       2.044020       2.041050       2.038010       2.034920       2.031770       2.028580       2.025340       2.022060       2.018750       2.015400       2.012020       2.008620       2.005200       2.001760       1.998290       1.994820    
   2.072560       2.071060       2.069420       2.067650       2.065760       2.063740       2.061600       2.059350       2.057000       2.054540       2.051990       2.049350       2.046620       2.043810       2.040930       2.037980       2.034970       2.031900       2.028780       2.025610       2.022400       2.019140       2.015850       2.012520       2.009170       2.005790       2.002390       1.998970       1.995530       1.992070    
   2.069230       2.067720       2.066080       2.064310       2.062420       2.060410       2.058280       2.056040       2.053700       2.051260       2.048730       2.046100       2.043390       2.040610       2.037750       2.034820       2.031840       2.028790       2.025690       2.022540       2.019350       2.016120       2.012850       2.009550       2.006220       2.002860       1.999480       1.996080       1.992660       1.989230    
   2.069190       2.067680       2.064750       2.060890       2.059000       2.056990       2.054870       2.052640       2.050320       2.047890       2.045370       2.042760       2.040070       2.037310       2.034470       2.031570       2.028600       2.025580       2.022500       2.019380       2.016210       2.013000       2.009760       2.006480       2.003170       1.999840       1.996480       1.993100       1.989710       1.986300    
   2.069150       2.065630       2.060890       2.056830       2.055500       2.053490       2.051380       2.049160       2.046840       2.044430       2.041930       2.039340       2.036670       2.033920       2.031100       2.028220       2.025270       2.022270       2.019220       2.016120       2.012970       2.009790       2.006570       2.003310       2.000030       1.996720       1.993390       1.990030       1.986660       1.983270    
   2.066550       2.060890       2.055840       2.053710       2.051920       2.049920       2.047810       2.045600       2.043290       2.040890       2.038400       2.035830       2.033170       2.030440       2.027650       2.024780       2.021860       2.018880       2.015850       2.012770       2.009650       2.006490       2.003290       2.000060       1.996800       1.993520       1.990210       1.986880       1.983530       1.980160    
   2.060890       2.055370       2.052810       2.051920       2.049370       2.046280       2.044170       2.041970       2.039670       2.037280       2.034800       2.032240       2.029600       2.026890       2.024110       2.021260       2.018360       2.015400       2.012390       2.009340       2.006240       2.003100       1.999930       1.996720       1.993490       1.990230       1.986940       1.983630       1.980310       1.976970    
   2.055140       2.052370       2.051920       2.049190       2.046280       2.043640       2.040460       2.038260       2.035970       2.033590       2.031120       2.028570       2.025950       2.023250       2.020490       2.017670       2.014780       2.011850       2.008860       2.005820       2.002750       1.999630       1.996480       1.993300       1.990090       1.986850       1.983590       1.980310       1.977010       1.973690    
   2.052140       2.051920       2.049130       2.046280       2.043460       2.040460       2.039360       2.038230       2.034410       2.029830       2.027370       2.024830       2.022220       2.019540       2.016800       2.013990       2.011130       2.008210       2.005240       2.002230       1.999180       1.996090       1.992960       1.989800       1.986610       1.983400       1.980170       1.976910       1.973630       1.970340    
   2.051920       2.049110       2.046280       2.043400       2.040460       2.039910       2.039350       2.035460       2.029830       2.028600       2.024040       2.021030       2.018430       2.015770       2.013040       2.010240       2.007400       2.004500       2.001550       1.998560       1.995530       1.992460       1.989360       1.986220       1.983060       1.979870       1.976660       1.973430       1.970180       1.966920    
   2.049100       2.046280       2.043380       2.040460       2.040180       2.039910       2.036140       2.029830       2.029210       2.023750       2.019090       2.017160       2.014570       2.011920       2.009200       2.006430       2.003600       2.000720       1.997790       1.994820       1.991810       1.988770       1.985690       1.982580       1.979440       1.976270       1.973090       1.969880       1.966660       1.963420    
   2.046280       2.043370       2.040460       2.040320       2.040180       2.036510       2.029830       2.029520       2.023620       2.018130       2.017160       2.015860       2.012910       2.008010       2.005310       2.002550       1.999740       1.996870       1.993970       1.991020       1.988030       1.985000       1.981940       1.978860       1.975740       1.972600       1.969440       1.966260       1.963070       1.959850    
   2.043370       2.040460       2.040390       2.040320       2.036710       2.029830       2.029680       2.023550       2.017640       2.017160       2.016510       2.013490       2.008010       2.006660       2.005290       2.002530       1.999720       1.996860       1.990440       1.987140       1.984170       1.981170       1.978140       1.975070       1.971980       1.968870       1.965730       1.962580       1.959410       1.956220    
   2.040460       2.040430       2.040390       2.036810       2.029830       2.029750       2.023520       2.017400       2.017160       2.016840       2.013790       2.008010       2.007330       2.006650       2.004830       2.002510       1.999700       1.991080       1.985180       1.983210       1.980260       1.977280       1.974260       1.971220       1.968160       1.965070       1.961960       1.958830       1.955690       1.952530    
   2.040440       2.040430       2.036870       2.029830       2.029790       2.023510       2.017280       2.017160       2.017000       2.013950       2.008010       2.007670       2.007330       2.006270       2.004670       2.002350       1.992140       1.984190       1.983210       1.979920       1.976290       1.973320       1.970330       1.967320       1.964270       1.961210       1.958120       1.955020       1.951900       1.948770    
   2.040440       2.036890       2.029830       2.029810       2.023500       2.017220       2.017160       2.017080       2.014030       2.008010       2.007840       2.007670       2.007090       2.006090       2.004430       1.990740       1.983700       1.983210       1.975370       1.972230       1.970470       1.969320       1.966350       1.963350       1.960330       1.957290       1.954230       1.951160       1.948060       1.944960    
   2.036900       2.029830       2.029820       2.023500       2.017190       2.017160       2.017120       2.014070       2.008010       2.007930       2.007840       2.007530       2.006950       1.992570       1.980690       1.970840       1.970850       1.969310       1.967460       1.966110       1.968180       1.965250       1.962300       1.959330       1.956340       1.953320       1.950290       1.947240       1.944170       1.941090    
   2.029830       2.029830       2.023500       2.017180       2.017160       2.017140       2.014090       2.008010       2.007970       2.007930       2.007770       2.007440       1.982400       1.952540       1.952680       1.959370       1.957960       1.958490       1.962030       1.964030       1.964040       1.961140       1.958210       1.955260       1.952290       1.949300       1.946290       1.943260       1.940220       1.937170    
   2.029830       2.023500       2.017170       2.017160       2.017150       2.014100       2.008010       2.007990       2.007970       2.007890       1.981530       1.942250       1.949000       1.952410       1.952410       1.952680       1.955980       1.957420       1.958490       1.959510       1.959870       1.956980       1.954070       1.951140       1.948190       1.945220       1.942240       1.939240       1.936230       1.933200    
   2.023500       2.017160       2.017160       2.017150       2.014100       2.008010       2.008000       2.007990       2.007950       1.976380       1.942250       1.942250       1.942250       1.948800       1.952130       1.952140       1.952680       1.955330       1.956350       1.958490       1.955640       1.952780       1.949890       1.946980       1.944050       1.941110       1.938150       1.935180       1.932190       1.929190    
   2.017160       2.017160       2.017160       2.014110       2.008010       2.008000       2.008000       1.986620       1.965460       1.942240       1.942250       1.942250       1.942250       1.942250       1.948400       1.951590       1.951590       1.952680       1.953820       1.954210       1.951380       1.948530       1.945660       1.942770       1.939870       1.936950       1.934010       1.931070       1.928110       1.925140    
   2.017160       2.017160       2.014110       2.008010       2.008010       1.973090       1.920720       1.921630       1.922550       1.935650       1.942210       1.942250       1.942250       1.942250       1.942250       1.947620       1.950500       1.950500       1.952680       1.949890       1.947080       1.944250       1.941400       1.938530       1.935650       1.932750       1.929840       1.926920       1.923990       1.921040    
   2.017160       2.014110       2.008010       2.008010       1.966100       1.920710       1.920710       1.920720       1.921630       1.922550       1.935590       1.942140       1.942250       1.942250       1.942250       1.942250       1.946140       1.948310       1.948320       1.945550       1.942750       1.939930       1.937100       1.934250       1.931390       1.928510       1.925630       1.922730       1.919830       1.916910    
