iMOD/TUTORIALS/TUT_MetaswapAnalyser/model_MetaSWAP/meteo/Evaporation/Evaporation_20051003_L1.ASC
NCOLS                30
NROWS                30
XLLCORNER     160000.00
YLLCORNER     340000.00
CELLSIZE        1000.00
NODATA_VALUE   -9999.00
   1.464810       1.462910       1.461090       1.459320       1.457630       1.456000       1.454440       1.452940       1.451500       1.450120       1.448810       1.447560       1.446360       1.445230       1.444150       1.443130       1.442160       1.441260       1.440410       1.439610       1.438870       1.438180       1.437550       1.436970       1.436440       1.435960       1.435530       1.435160       1.434830       1.434560    
   1.462860       1.460960       1.459120       1.457340       1.455640       1.453990       1.452420       1.450900       1.449450       1.448060       1.446740       1.445470       1.444260       1.443120       1.442030       1.441000       1.440030       1.439110       1.438250       1.437450       1.436700       1.436010       1.435370       1.434790       1.434260       1.433780       1.433350       1.432970       1.432650       1.432380    
   1.460920       1.459000       1.457150       1.455360       1.453640       1.451990       1.450400       1.448870       1.447410       1.446000       1.444660       1.443390       1.442170       1.441010       1.439910       1.438870       1.437890       1.436970       1.436100       1.435290       1.434540       1.433840       1.433200       1.432610       1.432080       1.431600       1.431170       1.430790       1.430470       1.430190    
   1.458970       1.457040       1.455180       1.453380       1.451650       1.449980       1.448380       1.446840       1.445360       1.443950       1.442600       1.441310       1.440080       1.438910       1.437800       1.436750       1.435760       1.434830       1.433950       1.433140       1.432380       1.431680       1.431030       1.430440       1.429900       1.429420       1.428990       1.428610       1.428290       1.428010    
   1.457020       1.455080       1.453210       1.451400       1.449660       1.447980       1.446360       1.444810       1.443320       1.441890       1.440530       1.439230       1.437990       1.436810       1.435690       1.434630       1.433630       1.432690       1.431810       1.430980       1.430220       1.429510       1.428860       1.428260       1.427720       1.427240       1.426810       1.426430       1.426110       1.425830    
   1.455070       1.453120       1.451240       1.449420       1.447660       1.445970       1.444340       1.442780       1.441280       1.439840       1.438460       1.437150       1.435900       1.434710       1.433580       1.432510       1.431500       1.430550       1.429660       1.428830       1.428060       1.427350       1.426690       1.426090       1.425550       1.425060       1.424630       1.424250       1.423930       1.423660    
   1.453110       1.451160       1.449270       1.447440       1.445670       1.443970       1.442330       1.440750       1.439240       1.437790       1.436400       1.435070       1.433810       1.432610       1.431470       1.430390       1.429380       1.428420       1.427520       1.426680       1.425910       1.425190       1.424530       1.423920       1.423380       1.422890       1.422460       1.422080       1.421750       1.421480    
   1.451160       1.449200       1.447300       1.445460       1.443680       1.441970       1.440320       1.438730       1.437200       1.435740       1.434340       1.433000       1.431730       1.430520       1.429370       1.428280       1.427250       1.426290       1.425380       1.424540       1.423760       1.423030       1.422370       1.421760       1.421210       1.420720       1.420290       1.419910       1.419580       1.419320    
   1.449210       1.447240       1.445330       1.443480       1.441690       1.439970       1.438300       1.436700       1.435170       1.433690       1.432280       1.430930       1.429650       1.428430       1.427270       1.426170       1.425130       1.424160       1.423250       1.422400       1.421610       1.420880       1.420210       1.419600       1.419050       1.418560       1.418120       1.417740       1.417420       1.417150    
   1.447260       1.445280       1.443360       1.441500       1.439700       1.437970       1.436290       1.434680       1.433140       1.431650       1.430230       1.428870       1.427570       1.426340       1.425170       1.424060       1.423020       1.422040       1.421120       1.420260       1.419470       1.418730       1.418060       1.417450       1.416890       1.416400       1.415960       1.415580       1.415260       1.414990    
   1.447280       1.445300       1.442420       1.439530       1.437720       1.435970       1.434290       1.432670       1.431110       1.429610       1.428180       1.426810       1.425500       1.424260       1.423080       1.421960       1.420910       1.419920       1.419000       1.418130       1.417330       1.416590       1.415910       1.415300       1.414740       1.414240       1.413810       1.413430       1.413100       1.412840    
   1.447300       1.443630       1.439530       1.436690       1.435740       1.433980       1.432290       1.430650       1.429080       1.427580       1.426130       1.424750       1.423430       1.422180       1.420990       1.419870       1.418810       1.417810       1.416880       1.416010       1.415200       1.414450       1.413770       1.413150       1.412590       1.412090       1.411660       1.411280       1.410960       1.410690    
   1.444950       1.439530       1.436180       1.434750       1.433760       1.431990       1.430290       1.428640       1.427060       1.425540       1.424090       1.422700       1.421370       1.420110       1.418910       1.417780       1.416710       1.415700       1.414760       1.413880       1.413070       1.412320       1.411640       1.411010       1.410450       1.409950       1.409510       1.409140       1.408820       1.408550    
   1.439530       1.435930       1.434260       1.433760       1.431920       1.430010       1.428300       1.426640       1.425050       1.423520       1.422050       1.420650       1.419320       1.418040       1.416830       1.415690       1.414610       1.413600       1.412650       1.411770       1.410950       1.410200       1.409510       1.408880       1.408320       1.407820       1.407380       1.407000       1.406680       1.406420    
   1.435810       1.434010       1.433760       1.431900       1.430010       1.428210       1.426310       1.424640       1.423040       1.421500       1.420020       1.418610       1.417270       1.415980       1.414770       1.413610       1.412530       1.411510       1.410550       1.409660       1.408840       1.408080       1.407390       1.406760       1.406200       1.405690       1.405250       1.404880       1.404560       1.404300    
   1.433880       1.433760       1.431890       1.430010       1.428180       1.426310       1.425480       1.424660       1.422170       1.419490       1.418000       1.416580       1.415220       1.413930       1.412700       1.411540       1.410450       1.409420       1.408460       1.407560       1.406740       1.405970       1.405280       1.404650       1.404080       1.403580       1.403140       1.402760       1.402440       1.402190    
   1.433760       1.431890       1.430010       1.428170       1.426310       1.425890       1.425480       1.422950       1.419490       1.418750       1.416230       1.414560       1.413190       1.411890       1.410650       1.409480       1.408380       1.407340       1.406380       1.405470       1.404640       1.403870       1.403170       1.402540       1.401970       1.401470       1.401030       1.400650       1.400340       1.400090    
   1.431890       1.430010       1.428160       1.426310       1.426100       1.425900       1.423450       1.419490       1.419120       1.416110       1.413550       1.412540       1.411160       1.409850       1.408600       1.407430       1.406320       1.405270       1.404300       1.403390       1.402550       1.401780       1.401080       1.400440       1.399870       1.399370       1.398930       1.398560       1.398250       1.398000    
   1.430010       1.428160       1.426310       1.426210       1.426100       1.423730       1.419490       1.419300       1.416060       1.413040       1.412540       1.411850       1.410340       1.407820       1.406570       1.405380       1.404260       1.403210       1.402230       1.401320       1.400480       1.399700       1.399000       1.398360       1.397790       1.397280       1.396850       1.396470       1.396160       1.395920    
   1.428160       1.426310       1.426260       1.426210       1.423880       1.419490       1.419400       1.416040       1.412790       1.412540       1.412190       1.410640       1.407820       1.407190       1.406590       1.405400       1.404280       1.403230       1.400650       1.399260       1.398410       1.397630       1.396920       1.396280       1.395710       1.395210       1.394770       1.394400       1.394090       1.393850    
   1.426310       1.426280       1.426260       1.423960       1.419490       1.419440       1.416030       1.412670       1.412540       1.412370       1.410800       1.407820       1.407510       1.407200       1.406400       1.405430       1.404310       1.400720       1.398240       1.397210       1.396360       1.395580       1.394860       1.394220       1.393650       1.393150       1.392710       1.392340       1.392040       1.391800    
   1.426300       1.426280       1.424000       1.419490       1.419470       1.416020       1.412600       1.412540       1.412450       1.410880       1.407820       1.407660       1.407510       1.407040       1.406340       1.405380       1.401080       1.397720       1.397210       1.395960       1.394320       1.393530       1.392820       1.392170       1.391600       1.391100       1.390660       1.390300       1.390000       1.389760    
   1.426300       1.424020       1.419490       1.419480       1.416020       1.412570       1.412540       1.412500       1.410920       1.407820       1.407740       1.407660       1.407400       1.406960       1.406250       1.400290       1.397470       1.397210       1.393690       1.392300       1.391820       1.391500       1.390780       1.390140       1.389570       1.389060       1.388630       1.388270       1.387970       1.387740    
   1.424030       1.419490       1.419480       1.416020       1.412560       1.412540       1.412520       1.410950       1.407820       1.407780       1.407740       1.407600       1.407340       1.400730       1.395440       1.391210       1.391210       1.390650       1.389960       1.389280       1.390280       1.389480       1.388770       1.388120       1.387550       1.387050       1.386620       1.386260       1.385970       1.385740    
   1.419490       1.419490       1.416020       1.412550       1.412540       1.412530       1.410960       1.407820       1.407800       1.407780       1.407710       1.407560       1.396030       1.382260       1.382320       1.385620       1.384970       1.385210       1.387200       1.388290       1.388280       1.387480       1.386760       1.386120       1.385540       1.385050       1.384620       1.384260       1.383980       1.383760    
   1.419490       1.416020       1.412540       1.412540       1.412530       1.410960       1.407820       1.407810       1.407800       1.407760       1.395720       1.377780       1.380720       1.382200       1.382200       1.382320       1.383990       1.384730       1.385210       1.386030       1.386300       1.385500       1.384780       1.384130       1.383560       1.383060       1.382640       1.382290       1.382000       1.381790    
   1.416020       1.412540       1.412540       1.412540       1.410960       1.407820       1.407820       1.407810       1.407790       1.393370       1.377780       1.377780       1.377780       1.380630       1.382080       1.382080       1.382320       1.383700       1.384240       1.385210       1.384340       1.383530       1.382810       1.382160       1.381590       1.381100       1.380680       1.380330       1.380050       1.379850    
   1.412540       1.412540       1.412540       1.410970       1.407820       1.407820       1.407820       1.398410       1.388700       1.377780       1.377780       1.377780       1.377780       1.377780       1.380460       1.381850       1.381850       1.382320       1.383040       1.383270       1.382390       1.381590       1.380860       1.380220       1.379650       1.379150       1.378740       1.378390       1.378120       1.377920    
   1.412540       1.412540       1.410970       1.407820       1.407820       1.392640       1.369880       1.370050       1.370220       1.375250       1.377770       1.377780       1.377780       1.377780       1.377780       1.380120       1.381380       1.381380       1.382320       1.381350       1.380470       1.379660       1.378930       1.378290       1.377720       1.377230       1.376820       1.376480       1.376220       1.376020    
   1.412540       1.410970       1.407820       1.407820       1.389610       1.369880       1.369880       1.369880       1.370050       1.370220       1.375220       1.377740       1.377780       1.377780       1.377780       1.377780       1.379490       1.380440       1.380430       1.379460       1.378570       1.377760       1.377030       1.376380       1.375820       1.375330       1.374920       1.374590       1.374330       1.374150    
