iMOD/TUTORIALS/TUT_MetaswapAnalyser/model_MetaSWAP/meteo/Evaporation/Evaporation_20060406_L1.ASC
NCOLS                30
NROWS                30
XLLCORNER     160000.00
YLLCORNER     340000.00
CELLSIZE        1000.00
NODATA_VALUE   -9999.00
   1.965490       1.964640       1.963870       1.963170       1.962530       1.961960       1.961460       1.961030       1.960660       1.960350       1.960100       1.959910       1.959780       1.959700       1.959680       1.959720       1.959810       1.959950       1.960140       1.960380       1.960660       1.961000       1.961380       1.961800       1.962270       1.962780       1.963340       1.963930       1.964560       1.965230    
   1.970840       1.970010       1.969250       1.968560       1.967940       1.967380       1.966890       1.966460       1.966100       1.965800       1.965550       1.965370       1.965240       1.965170       1.965150       1.965180       1.965270       1.965410       1.965600       1.965840       1.966120       1.966450       1.966820       1.967240       1.967700       1.968210       1.968750       1.969330       1.969950       1.970610    
   1.976230       1.975420       1.974680       1.974000       1.973390       1.972840       1.972360       1.971940       1.971580       1.971280       1.971050       1.970860       1.970740       1.970670       1.970650       1.970690       1.970780       1.970910       1.971100       1.971330       1.971610       1.971940       1.972300       1.972720       1.973170       1.973660       1.974200       1.974770       1.975380       1.976020    
   1.981660       1.980870       1.980130       1.979470       1.978870       1.978330       1.977860       1.977450       1.977100       1.976810       1.976580       1.976400       1.976280       1.976210       1.976190       1.976230       1.976320       1.976450       1.976630       1.976860       1.977140       1.977460       1.977820       1.978220       1.978670       1.979150       1.979680       1.980240       1.980840       1.981470    
   1.987130       1.986350       1.985630       1.984980       1.984390       1.983860       1.983400       1.983000       1.982650       1.982370       1.982140       1.981970       1.981850       1.981780       1.981770       1.981800       1.981890       1.982020       1.982200       1.982430       1.982700       1.983010       1.983370       1.983770       1.984200       1.984680       1.985190       1.985740       1.986330       1.986950    
   1.992620       1.991860       1.991160       1.990520       1.989940       1.989430       1.988970       1.988580       1.988240       1.987960       1.987740       1.987570       1.987450       1.987390       1.987380       1.987410       1.987500       1.987630       1.987810       1.988030       1.988290       1.988600       1.988950       1.989340       1.989770       1.990230       1.990740       1.991280       1.991850       1.992460    
   1.998150       1.997400       1.996710       1.996090       1.995520       1.995020       1.994580       1.994190       1.993860       1.993590       1.993370       1.993200       1.993090       1.993030       1.993020       1.993050       1.993140       1.993270       1.993440       1.993660       1.993920       1.994220       1.994560       1.994940       1.995360       1.995820       1.996310       1.996840       1.997400       1.998000    
   2.003710       2.002980       2.002300       2.001690       2.001140       2.000640       2.000210       1.999830       1.999510       1.999240       1.999030       1.998870       1.998760       1.998700       1.998690       1.998720       1.998810       1.998930       1.999110       1.999320       1.999570       1.999870       2.000210       2.000580       2.000990       2.001440       2.001920       2.002440       2.002980       2.003570    
   2.009290       2.008580       2.007920       2.007320       2.006780       2.006300       2.005870       2.005500       2.005190       2.004930       2.004720       2.004560       2.004460       2.004400       2.004390       2.004420       2.004510       2.004630       2.004800       2.005010       2.005260       2.005550       2.005880       2.006240       2.006640       2.007080       2.007550       2.008060       2.008590       2.009160    
   2.014910       2.014200       2.013560       2.012970       2.012450       2.011980       2.011560       2.011200       2.010890       2.010640       2.010440       2.010280       2.010180       2.010120       2.010110       2.010150       2.010230       2.010350       2.010520       2.010720       2.010970       2.011250       2.011570       2.011930       2.012320       2.012750       2.013210       2.013700       2.014230       2.014790    
   2.014930       2.014220       2.014840       2.018650       2.018140       2.017680       2.017270       2.016920       2.016620       2.016380       2.016180       2.016030       2.015930       2.015880       2.015870       2.015900       2.015980       2.016100       2.016270       2.016470       2.016710       2.016980       2.017300       2.017650       2.018030       2.018450       2.018900       2.019380       2.019890       2.020430    
   2.014950       2.015660       2.018650       2.022560       2.023860       2.023410       2.023010       2.022670       2.022380       2.022140       2.021950       2.021800       2.021700       2.021650       2.021650       2.021680       2.021760       2.021880       2.022040       2.022240       2.022470       2.022740       2.023050       2.023390       2.023760       2.024170       2.024610       2.025080       2.025580       2.026100    
   2.016240       2.018650       2.024380       2.026720       2.029590       2.029160       2.028770       2.028440       2.028150       2.027920       2.027730       2.027600       2.027500       2.027450       2.027450       2.027480       2.027560       2.027680       2.027830       2.028030       2.028260       2.028520       2.028820       2.029150       2.029520       2.029910       2.030340       2.030800       2.031280       2.031800    
   2.018650       2.025190       2.028160       2.029590       2.031230       2.034930       2.034550       2.034230       2.033950       2.033730       2.033550       2.033410       2.033320       2.033270       2.033270       2.033310       2.033380       2.033500       2.033650       2.033840       2.034060       2.034320       2.034610       2.034940       2.035290       2.035680       2.036090       2.036540       2.037010       2.037510    
   2.025580       2.028870       2.029590       2.031920       2.034930       2.036610       2.040350       2.040040       2.039770       2.039550       2.039380       2.039250       2.039160       2.039120       2.039110       2.039150       2.039230       2.039340       2.039490       2.039670       2.039890       2.040140       2.040430       2.040740       2.041090       2.041470       2.041870       2.042300       2.042760       2.043250    
   2.029230       2.029590       2.032150       2.034930       2.037300       2.040350       2.040190       2.040050       2.041190       2.045390       2.045220       2.045100       2.045020       2.044980       2.044980       2.045010       2.045090       2.045200       2.045350       2.045530       2.045740       2.045990       2.046260       2.046570       2.046910       2.047270       2.047670       2.048090       2.048530       2.049000    
   2.029590       2.032220       2.034930       2.037530       2.040350       2.040270       2.040200       2.041710       2.045390       2.045300       2.048710       2.050970       2.050890       2.050850       2.050850       2.050890       2.050970       2.051080       2.051220       2.051400       2.051610       2.051850       2.052120       2.052410       2.052740       2.053100       2.053480       2.053890       2.054320       2.054780    
   2.032250       2.034930       2.037600       2.040350       2.040310       2.040270       2.041890       2.045390       2.045350       2.050040       2.053920       2.056860       2.056780       2.056750       2.056750       2.056790       2.056860       2.056970       2.057110       2.057290       2.057490       2.057720       2.057990       2.058280       2.058590       2.058940       2.059310       2.059700       2.060120       2.060570    
   2.034930       2.037630       2.040350       2.040330       2.040310       2.041970       2.045390       2.045370       2.050600       2.055390       2.056860       2.056820       2.058260       2.062660       2.062660       2.062700       2.062780       2.062880       2.063020       2.063190       2.063390       2.063620       2.063870       2.064150       2.064460       2.064800       2.065150       2.065540       2.065940       2.066370    
   2.037640       2.040350       2.040340       2.040330       2.042000       2.045390       2.045380       2.050870       2.056120       2.056860       2.056840       2.058650       2.062660       2.062660       2.062670       2.062710       2.062790       2.062890       2.066650       2.069110       2.069300       2.069530       2.069770       2.070050       2.070350       2.070670       2.071020       2.071390       2.071780       2.072190    
   2.040350       2.040350       2.040340       2.042020       2.045390       2.045380       2.051000       2.056490       2.056860       2.056850       2.058750       2.062660       2.062660       2.062660       2.062680       2.062720       2.062800       2.067890       2.072070       2.075040       2.075230       2.075450       2.075690       2.075950       2.076240       2.076550       2.076890       2.077250       2.077630       2.078030    
   2.040350       2.040350       2.042020       2.045390       2.045390       2.051060       2.056680       2.056860       2.056850       2.058780       2.062660       2.062660       2.062660       2.062670       2.062690       2.062730       2.068400       2.073560       2.075040       2.077150       2.081170       2.081380       2.081610       2.081870       2.082150       2.082450       2.082780       2.083120       2.083490       2.083870    
   2.040350       2.042030       2.045390       2.045390       2.051090       2.056770       2.056860       2.056860       2.058790       2.062660       2.062660       2.062660       2.062660       2.062670       2.062700       2.072210       2.074300       2.075040       2.083840       2.087130       2.087250       2.087320       2.087550       2.087800       2.088070       2.088360       2.088670       2.089000       2.089360       2.089730    
   2.042030       2.045390       2.045390       2.051110       2.056810       2.056860       2.056860       2.058790       2.062660       2.062660       2.062660       2.062660       2.062670       2.077680       2.087320       2.092940       2.092940       2.093380       2.094080       2.096070       2.093080       2.093280       2.093500       2.093740       2.094000       2.094280       2.094580       2.094900       2.095240       2.095590    
   2.045390       2.045390       2.051120       2.056840       2.056860       2.056860       2.058790       2.062660       2.062660       2.062660       2.062660       2.062660       2.089790       2.122870       2.122680       2.110690       2.111590       2.110840       2.103110       2.099050       2.099050       2.099240       2.099450       2.099690       2.099940       2.100210       2.100490       2.100800       2.101120       2.101460    
   2.045390       2.051120       2.056850       2.056860       2.056860       2.058790       2.062660       2.062660       2.062660       2.062660       2.093810       2.140530       2.128910       2.123050       2.123050       2.122680       2.115570       2.112340       2.110840       2.106480       2.105020       2.105210       2.105420       2.105640       2.105880       2.106140       2.106420       2.106710       2.107020       2.107340    
   2.051120       2.056850       2.056860       2.056860       2.058790       2.062660       2.062660       2.062660       2.062660       2.100040       2.140530       2.140530       2.140530       2.129190       2.123430       2.123430       2.122680       2.116410       2.113840       2.110840       2.111000       2.111180       2.111380       2.111600       2.111830       2.112080       2.112340       2.112620       2.112920       2.113230    
   2.056860       2.056860       2.056860       2.058790       2.062660       2.062660       2.062660       2.089560       2.114440       2.140550       2.140530       2.140530       2.140530       2.140530       2.129730       2.124180       2.124180       2.122680       2.118290       2.116830       2.116990       2.117160       2.117360       2.117560       2.117790       2.118020       2.118280       2.118540       2.118820       2.119120    
   2.056860       2.056860       2.058790       2.062660       2.062660       2.108030       2.176090       2.173180       2.170270       2.150490       2.140580       2.140530       2.140530       2.140530       2.140530       2.130780       2.125680       2.125670       2.122680       2.122820       2.122970       2.123150       2.123330       2.123530       2.123740       2.123970       2.124210       2.124460       2.124730       2.125010    
   2.056860       2.058790       2.062660       2.062660       2.117120       2.176100       2.176100       2.176090       2.173180       2.170270       2.150570       2.140680       2.140530       2.140530       2.140530       2.140530       2.132750       2.128670       2.128670       2.128810       2.128960       2.129130       2.129310       2.129500       2.129700       2.129920       2.130150       2.130380       2.130640       2.130900    
