iMOD/TUTORIALS/TUT_MetaswapAnalyser/model_MetaSWAP/meteo/Evaporation/Evaporation_20051225_L1.ASC
NCOLS                30
NROWS                30
XLLCORNER     160000.00
YLLCORNER     340000.00
CELLSIZE        1000.00
NODATA_VALUE   -9999.00
  0.3989100      0.3980100      0.3971000      0.3961900      0.3952700      0.3943500      0.3934200      0.3924900      0.3915700      0.3906400      0.3897200      0.3888000      0.3878800      0.3869700      0.3860700      0.3851700      0.3842900      0.3834100      0.3825400      0.3816900      0.3808400      0.3800100      0.3791900      0.3783800      0.3775900      0.3768000      0.3760400      0.3752800      0.3745400      0.3738200    
  0.3975800      0.3966800      0.3957700      0.3948500      0.3939300      0.3930000      0.3920700      0.3911400      0.3902100      0.3892900      0.3883600      0.3874400      0.3865200      0.3856100      0.3847100      0.3838200      0.3829300      0.3820500      0.3811900      0.3803300      0.3794900      0.3786500      0.3778300      0.3770300      0.3762300      0.3754500      0.3746900      0.3739300      0.3731900      0.3724700    
  0.3962400      0.3953300      0.3944200      0.3935000      0.3925700      0.3916400      0.3907100      0.3897800      0.3888500      0.3879200      0.3870000      0.3860700      0.3851600      0.3842500      0.3833400      0.3824500      0.3815600      0.3806800      0.3798200      0.3789600      0.3781200      0.3772900      0.3764700      0.3756600      0.3748700      0.3740900      0.3733200      0.3725700      0.3718400      0.3711100    
  0.3948900      0.3939800      0.3930600      0.3921400      0.3912100      0.3902800      0.3893400      0.3884100      0.3874800      0.3865500      0.3856200      0.3847000      0.3837800      0.3828700      0.3819600      0.3810700      0.3801800      0.3793000      0.3784400      0.3775800      0.3767400      0.3759100      0.3750900      0.3742800      0.3734900      0.3727100      0.3719500      0.3712000      0.3704700      0.3697500    
  0.3935400      0.3926200      0.3916900      0.3907700      0.3898300      0.3889000      0.3879600      0.3870300      0.3860900      0.3851600      0.3842300      0.3833100      0.3823900      0.3814700      0.3805700      0.3796700      0.3787900      0.3779100      0.3770400      0.3761900      0.3753500      0.3745200      0.3737000      0.3729000      0.3721100      0.3713300      0.3705700      0.3698200      0.3690900      0.3683700    
  0.3921700      0.3912500      0.3903200      0.3893800      0.3884500      0.3875100      0.3865700      0.3856300      0.3847000      0.3837600      0.3828300      0.3819100      0.3809900      0.3800700      0.3791700      0.3782700      0.3773800      0.3765100      0.3756400      0.3747900      0.3739500      0.3731200      0.3723000      0.3715000      0.3707100      0.3699400      0.3691800      0.3684300      0.3677000      0.3669900    
  0.3908000      0.3898700      0.3889400      0.3880000      0.3870600      0.3861100      0.3851700      0.3842300      0.3832900      0.3823600      0.3814200      0.3805000      0.3795800      0.3786600      0.3777600      0.3768600      0.3759700      0.3750900      0.3742300      0.3733800      0.3725300      0.3717100      0.3708900      0.3700900      0.3693000      0.3685300      0.3677700      0.3670300      0.3663100      0.3655900    
  0.3894200      0.3884800      0.3875400      0.3866000      0.3856600      0.3847100      0.3837700      0.3828200      0.3818800      0.3809400      0.3800100      0.3790800      0.3781600      0.3772400      0.3763300      0.3754400      0.3745500      0.3736700      0.3728100      0.3719500      0.3711100      0.3702900      0.3694700      0.3686800      0.3678900      0.3671200      0.3663700      0.3656300      0.3649000      0.3641900    
  0.3880400      0.3870900      0.3861500      0.3852000      0.3842500      0.3833000      0.3823500      0.3814000      0.3804600      0.3795200      0.3785800      0.3776500      0.3767300      0.3758100      0.3749000      0.3740100      0.3731200      0.3722400      0.3713800      0.3705300      0.3696900      0.3688600      0.3680500      0.3672500      0.3664700      0.3657000      0.3649500      0.3642100      0.3634900      0.3627800    
  0.3866500      0.3857000      0.3847500      0.3837900      0.3828400      0.3818800      0.3809300      0.3799800      0.3790300      0.3780900      0.3771500      0.3762200      0.3752900      0.3743800      0.3734700      0.3725700      0.3716800      0.3708100      0.3699400      0.3690900      0.3682500      0.3674300      0.3666200      0.3658200      0.3650400      0.3642700      0.3635200      0.3627900      0.3620700      0.3613700    
  0.3866470      0.3857000      0.3841550      0.3823800      0.3814200      0.3804600      0.3795100      0.3785500      0.3776000      0.3766500      0.3757100      0.3747800      0.3738500      0.3729300      0.3720200      0.3711200      0.3702400      0.3693600      0.3685000      0.3676500      0.3668100      0.3659800      0.3651800      0.3643800      0.3636000      0.3628400      0.3620900      0.3613600      0.3606500      0.3599500    
  0.3866460      0.3847200      0.3823800      0.3805950      0.3800000      0.3790400      0.3780800      0.3771200      0.3761600      0.3752100      0.3742700      0.3733300      0.3724000      0.3714800      0.3705700      0.3696700      0.3687900      0.3679100      0.3670500      0.3662000      0.3653600      0.3645400      0.3637300      0.3629400      0.3621600      0.3614000      0.3606600      0.3599300      0.3592200      0.3585200    
  0.3853340      0.3823800      0.3802110      0.3792900      0.3785800      0.3776100      0.3766400      0.3756800      0.3747200      0.3737700      0.3728200      0.3718800      0.3709500      0.3700300      0.3691200      0.3682200      0.3673300      0.3664500      0.3655900      0.3647400      0.3639000      0.3630800      0.3622800      0.3614900      0.3607100      0.3599600      0.3592200      0.3584900      0.3577800      0.3570900    
  0.3823800      0.3800270      0.3789350      0.3785800      0.3774530      0.3761700      0.3752000      0.3742400      0.3732800      0.3723200      0.3713700      0.3704300      0.3695000      0.3685700      0.3676600      0.3667600      0.3658700      0.3649900      0.3641300      0.3632800      0.3624400      0.3616200      0.3608200      0.3600300      0.3592600      0.3585100      0.3577700      0.3570500      0.3563500      0.3556600    
  0.3799360      0.3787570      0.3785800      0.3774010      0.3761700      0.3750430      0.3737600      0.3727900      0.3718300      0.3708700      0.3699200      0.3689700      0.3680400      0.3671100      0.3662000      0.3652900      0.3644000      0.3635300      0.3626600      0.3618100      0.3609800      0.3601600      0.3593600      0.3585700      0.3578100      0.3570500      0.3563200      0.3556000      0.3549000      0.3542200    
  0.3786690      0.3785800      0.3773840      0.3761700      0.3749910      0.3737600      0.3732750      0.3727930      0.3712250      0.3694100      0.3684600      0.3675100      0.3665700      0.3656500      0.3647300      0.3638300      0.3629300      0.3620600      0.3611900      0.3603400      0.3595100      0.3587000      0.3579000      0.3571100      0.3563500      0.3556000      0.3548700      0.3541500      0.3534600      0.3527800    
  0.3785800      0.3773780      0.3761700      0.3749740      0.3737600      0.3735180      0.3732760      0.3716760      0.3694100      0.3689350      0.3672040      0.3660500      0.3651100      0.3641800      0.3632600      0.3623500      0.3614600      0.3605800      0.3597200      0.3588700      0.3580400      0.3572300      0.3564300      0.3556500      0.3548800      0.3541400      0.3534100      0.3527000      0.3520100      0.3513300    
  0.3773760      0.3761700      0.3749680      0.3737600      0.3736390      0.3735180      0.3719700      0.3694100      0.3691730      0.3670920      0.3653200      0.3645900      0.3636400      0.3627100      0.3617900      0.3608800      0.3599900      0.3591100      0.3582500      0.3574000      0.3565700      0.3557500      0.3549600      0.3541800      0.3534200      0.3526800      0.3519500      0.3512500      0.3505600      0.3498900    
  0.3761700      0.3749660      0.3737600      0.3736990      0.3736390      0.3721340      0.3694100      0.3692910      0.3670440      0.3649550      0.3645900      0.3641150      0.3630450      0.3612400      0.3603200      0.3594100      0.3585100      0.3576300      0.3567700      0.3559200      0.3550900      0.3542800      0.3534900      0.3527100      0.3519500      0.3512100      0.3504900      0.3497900      0.3491100      0.3484400    
  0.3749650      0.3737600      0.3737300      0.3736990      0.3722210      0.3694100      0.3693510      0.3670220      0.3647720      0.3645900      0.3643520      0.3632480      0.3612400      0.3607800      0.3603230      0.3594130      0.3585170      0.3576370      0.3555480      0.3544500      0.3536200      0.3528100      0.3520100      0.3512400      0.3504900      0.3497500      0.3490300      0.3483400      0.3476600      0.3470000    
  0.3737600      0.3737450      0.3737300      0.3722650      0.3694100      0.3693800      0.3670110      0.3646810      0.3645900      0.3644710      0.3633570      0.3612400      0.3610100      0.3607810      0.3601720      0.3594180      0.3585220      0.3556760      0.3537100      0.3529700      0.3521400      0.3513300      0.3505400      0.3497700      0.3490200      0.3482900      0.3475700      0.3468800      0.3462100      0.3455500    
  0.3737520      0.3737450      0.3722870      0.3694100      0.3693950      0.3670050      0.3646360      0.3645900      0.3645310      0.3634150      0.3612400      0.3611250      0.3610100      0.3606540      0.3601240      0.3593710      0.3559850      0.3533400      0.3529700      0.3519270      0.3506700      0.3498600      0.3490700      0.3483000      0.3475500      0.3468200      0.3461100      0.3454300      0.3447600      0.3441100    
  0.3737520      0.3722990      0.3694100      0.3694030      0.3670030      0.3646130      0.3645900      0.3645600      0.3634440      0.3612400      0.3611830      0.3611250      0.3609300      0.3605960      0.3600500      0.3554400      0.3531550      0.3529700      0.3502700      0.3491950      0.3487120      0.3483900      0.3476000      0.3468300      0.3460900      0.3453600      0.3446600      0.3439700      0.3433100      0.3426700    
  0.3723040      0.3694100      0.3694060      0.3670010      0.3646010      0.3645900      0.3645750      0.3634590      0.3612400      0.3612110      0.3611830      0.3610790      0.3608840      0.3559190      0.3518720      0.3485660      0.3485650      0.3480780      0.3474810      0.3469900      0.3477200      0.3469200      0.3461300      0.3453700      0.3446200      0.3439000      0.3432000      0.3425200      0.3418600      0.3412300    
  0.3694100      0.3694080      0.3670010      0.3645960      0.3645900      0.3645830      0.3634660      0.3612400      0.3612260      0.3612110      0.3611580      0.3610480      0.3523890      0.3420550      0.3421000      0.3444800      0.3439780      0.3441600      0.3455100      0.3462570      0.3462600      0.3454500      0.3446700      0.3439000      0.3431600      0.3424500      0.3417500      0.3410800      0.3404200      0.3397900    
  0.3694090      0.3670000      0.3645930      0.3645900      0.3645860      0.3634700      0.3612400      0.3612330      0.3612260      0.3611980      0.3521600      0.3386900      0.3408960      0.3420100      0.3420100      0.3421000      0.3432790      0.3437950      0.3441600      0.3446350      0.3447900      0.3439900      0.3432000      0.3424500      0.3417100      0.3409900      0.3403000      0.3396300      0.3389800      0.3383600    
  0.3670000      0.3645910      0.3645900      0.3645880      0.3634710      0.3612400      0.3612360      0.3612330      0.3612190      0.3503930      0.3386900      0.3386900      0.3386900      0.3408300      0.3419200      0.3419200      0.3421000      0.3430610      0.3434300      0.3441600      0.3433300      0.3425300      0.3417500      0.3409900      0.3402600      0.3395500      0.3388600      0.3381900      0.3375500      0.3369300    
  0.3645910      0.3645900      0.3645890      0.3634720      0.3612400      0.3612380      0.3612360      0.3540950      0.3468170      0.3386860      0.3386900      0.3386900      0.3386900      0.3386900      0.3406980      0.3417400      0.3417400      0.3421000      0.3425520      0.3427000      0.3418800      0.3410700      0.3403000      0.3395400      0.3388100      0.3381000      0.3374200      0.3367600      0.3361300      0.3355100    
  0.3645900      0.3645900      0.3634730      0.3612400      0.3612390      0.3496660      0.3323100      0.3325000      0.3326900      0.3366800      0.3386790      0.3386900      0.3386900      0.3386900      0.3386900      0.3404420      0.3413810      0.3413800      0.3421000      0.3412500      0.3404300      0.3396300      0.3388500      0.3381000      0.3373700      0.3366700      0.3359900      0.3353400      0.3347100      0.3341000    
  0.3645900      0.3634730      0.3612400      0.3612400      0.3473510      0.3323070      0.3323070      0.3323100      0.3325000      0.3326900      0.3366600      0.3386560      0.3386900      0.3386900      0.3386900      0.3386900      0.3399580      0.3406630      0.3406600      0.3398100      0.3389900      0.3381900      0.3374100      0.3366600      0.3359400      0.3352400      0.3345700      0.3339200      0.3333000      0.3326900    
