iMOD/TUTORIALS/TUT_MetaswapAnalyser/model_MetaSWAP/meteo/Evaporation/Evaporation_20051204_L1.ASC
NCOLS                30
NROWS                30
XLLCORNER     160000.00
YLLCORNER     340000.00
CELLSIZE        1000.00
NODATA_VALUE   -9999.00
  0.2239400      0.2245800      0.2252300      0.2259000      0.2265800      0.2272800      0.2279900      0.2287100      0.2294300      0.2301600      0.2309000      0.2316500      0.2323900      0.2331400      0.2338900      0.2346300      0.2353800      0.2361200      0.2368700      0.2376000      0.2383300      0.2390600      0.2397800      0.2405000      0.2412000      0.2419000      0.2425900      0.2432700      0.2439500      0.2446100    
  0.2245000      0.2251400      0.2257900      0.2264600      0.2271400      0.2278300      0.2285300      0.2292500      0.2299700      0.2307000      0.2314300      0.2321700      0.2329100      0.2336500      0.2344000      0.2351400      0.2358900      0.2366300      0.2373600      0.2381000      0.2388300      0.2395500      0.2402700      0.2409800      0.2416800      0.2423800      0.2430700      0.2437400      0.2444100      0.2450700    
  0.2250900      0.2257200      0.2263700      0.2270300      0.2277100      0.2284000      0.2291000      0.2298100      0.2305200      0.2312500      0.2319800      0.2327100      0.2334500      0.2341900      0.2349300      0.2356700      0.2364100      0.2371500      0.2378800      0.2386100      0.2393400      0.2400600      0.2407700      0.2414800      0.2421800      0.2428700      0.2435600      0.2442300      0.2449000      0.2455600    
  0.2256800      0.2263100      0.2269600      0.2276200      0.2283000      0.2289800      0.2296800      0.2303800      0.2311000      0.2318200      0.2325400      0.2332700      0.2340100      0.2347400      0.2354800      0.2362200      0.2369500      0.2376800      0.2384100      0.2391400      0.2398600      0.2405800      0.2412900      0.2419900      0.2426900      0.2433800      0.2440600      0.2447300      0.2454000      0.2460500    
  0.2262900      0.2269200      0.2275700      0.2282300      0.2289000      0.2295800      0.2302800      0.2309800      0.2316900      0.2324000      0.2331300      0.2338500      0.2345800      0.2353100      0.2360500      0.2367800      0.2375100      0.2382400      0.2389600      0.2396900      0.2404000      0.2411200      0.2418200      0.2425200      0.2432200      0.2439000      0.2445800      0.2452500      0.2459100      0.2465600    
  0.2269200      0.2275500      0.2281900      0.2288500      0.2295200      0.2302000      0.2308900      0.2315900      0.2322900      0.2330100      0.2337300      0.2344500      0.2351700      0.2359000      0.2366300      0.2373600      0.2380800      0.2388100      0.2395300      0.2402500      0.2409600      0.2416700      0.2423700      0.2430700      0.2437600      0.2444400      0.2451200      0.2457800      0.2464400      0.2470900    
  0.2275600      0.2281900      0.2288300      0.2294900      0.2301500      0.2308300      0.2315200      0.2322100      0.2329200      0.2336300      0.2343400      0.2350600      0.2357800      0.2365000      0.2372300      0.2379500      0.2386700      0.2393900      0.2401100      0.2408300      0.2415400      0.2422400      0.2429400      0.2436300      0.2443200      0.2450000      0.2456700      0.2463300      0.2469800      0.2476300    
  0.2282200      0.2288400      0.2294800      0.2301400      0.2308000      0.2314800      0.2321600      0.2328500      0.2335500      0.2342600      0.2349700      0.2356800      0.2364000      0.2371200      0.2378400      0.2385600      0.2392800      0.2400000      0.2407100      0.2414200      0.2421300      0.2428300      0.2435200      0.2442100      0.2448900      0.2455700      0.2462300      0.2468900      0.2475400      0.2481800    
  0.2288800      0.2295100      0.2301500      0.2308000      0.2314600      0.2321400      0.2328200      0.2335100      0.2342000      0.2349100      0.2356100      0.2363200      0.2370400      0.2377500      0.2384700      0.2391800      0.2399000      0.2406100      0.2413200      0.2420300      0.2427300      0.2434200      0.2441200      0.2448000      0.2454800      0.2461500      0.2468100      0.2474600      0.2481100      0.2487400    
  0.2295600      0.2301900      0.2308300      0.2314800      0.2321400      0.2328100      0.2334900      0.2341700      0.2348700      0.2355700      0.2362700      0.2369800      0.2376900      0.2384000      0.2391100      0.2398200      0.2405300      0.2412400      0.2419500      0.2426500      0.2433500      0.2440400      0.2447200      0.2454000      0.2460800      0.2467400      0.2474000      0.2480500      0.2486900      0.2493200    
  0.2295670      0.2301930      0.2311670      0.2321700      0.2328200      0.2334900      0.2341700      0.2348500      0.2355400      0.2362400      0.2369400      0.2376400      0.2383500      0.2390600      0.2397700      0.2404700      0.2411800      0.2418800      0.2425900      0.2432800      0.2439800      0.2446600      0.2453500      0.2460200      0.2466900      0.2473500      0.2480000      0.2486500      0.2492800      0.2499100    
  0.2295710      0.2307740      0.2321700      0.2331850      0.2335200      0.2341900      0.2348600      0.2355400      0.2362300      0.2369300      0.2376200      0.2383200      0.2390300      0.2397300      0.2404300      0.2411400      0.2418400      0.2425400      0.2432400      0.2439300      0.2446200      0.2453000      0.2459800      0.2466500      0.2473100      0.2479700      0.2486200      0.2492600      0.2498900      0.2505100    
  0.2303690      0.2321700      0.2333650      0.2338750      0.2342300      0.2348900      0.2355700      0.2362500      0.2369300      0.2376200      0.2383200      0.2390100      0.2397100      0.2404100      0.2411100      0.2418100      0.2425100      0.2432100      0.2439000      0.2445900      0.2452700      0.2459500      0.2466200      0.2472900      0.2479500      0.2486000      0.2492500      0.2498800      0.2505100      0.2511300    
  0.2321700      0.2334540      0.2340530      0.2342300      0.2349100      0.2356100      0.2362800      0.2369600      0.2376400      0.2383300      0.2390200      0.2397100      0.2404100      0.2411100      0.2418000      0.2425000      0.2432000      0.2438900      0.2445800      0.2452600      0.2459400      0.2466100      0.2472800      0.2479400      0.2486000      0.2492500      0.2498800      0.2505200      0.2511400      0.2517500    
  0.2334990      0.2341410      0.2342300      0.2349170      0.2356100      0.2363000      0.2370100      0.2376800      0.2383600      0.2390500      0.2397400      0.2404300      0.2411200      0.2418100      0.2425100      0.2432000      0.2438900      0.2445800      0.2452600      0.2459400      0.2466200      0.2472900      0.2479500      0.2486100      0.2492600      0.2499000      0.2505300      0.2511600      0.2517800      0.2523800    
  0.2341860      0.2342300      0.2349190      0.2356100      0.2363070      0.2370100      0.2373450      0.2376830      0.2387150      0.2397700      0.2404600      0.2411500      0.2418400      0.2425300      0.2432200      0.2439100      0.2445900      0.2452800      0.2459600      0.2466300      0.2473100      0.2479700      0.2486300      0.2492800      0.2499300      0.2505600      0.2511900      0.2518100      0.2524200      0.2530300    
  0.2342300      0.2349200      0.2356100      0.2363090      0.2370100      0.2371780      0.2373460      0.2383780      0.2397700      0.2401150      0.2411760      0.2418800      0.2425700      0.2432500      0.2439400      0.2446300      0.2453100      0.2459900      0.2466700      0.2473400      0.2480000      0.2486600      0.2493200      0.2499700      0.2506100      0.2512400      0.2518600      0.2524800      0.2530800      0.2536800    
  0.2349200      0.2356100      0.2363100      0.2370100      0.2370940      0.2371780      0.2381680      0.2397700      0.2399420      0.2411860      0.2422500      0.2426200      0.2433000      0.2439900      0.2446700      0.2453500      0.2460300      0.2467100      0.2473800      0.2480500      0.2487100      0.2493700      0.2500200      0.2506600      0.2512900      0.2519200      0.2525400      0.2531500      0.2537500      0.2543400    
  0.2356100      0.2363100      0.2370100      0.2370520      0.2370940      0.2380520      0.2397700      0.2398560      0.2411910      0.2424350      0.2426200      0.2429600      0.2436600      0.2447300      0.2454100      0.2460900      0.2467600      0.2474400      0.2481100      0.2487700      0.2494300      0.2500800      0.2507200      0.2513600      0.2519900      0.2526100      0.2532300      0.2538300      0.2544300      0.2550100    
  0.2363100      0.2370100      0.2370310      0.2370520      0.2379920      0.2397700      0.2398130      0.2411930      0.2425280      0.2426200      0.2427900      0.2434920      0.2447300      0.2450700      0.2454100      0.2460870      0.2467630      0.2474370      0.2488100      0.2495000      0.2501500      0.2508000      0.2514400      0.2520700      0.2527000      0.2533100      0.2539200      0.2545200      0.2551100      0.2556900    
  0.2370100      0.2370200      0.2370310      0.2379610      0.2397700      0.2397920      0.2411940      0.2425740      0.2426200      0.2427050      0.2434080      0.2447300      0.2449000      0.2450700      0.2455220      0.2460870      0.2467620      0.2486210      0.2498650      0.2502300      0.2508800      0.2515300      0.2521600      0.2527900      0.2534100      0.2540200      0.2546200      0.2552200      0.2558000      0.2563800    
  0.2370150      0.2370200      0.2379460      0.2397700      0.2397810      0.2411940      0.2425970      0.2426200      0.2426630      0.2433660      0.2447300      0.2448150      0.2449000      0.2451640      0.2455600      0.2461240      0.2483490      0.2500480      0.2502300      0.2509100      0.2516200      0.2522600      0.2528900      0.2535100      0.2541300      0.2547400      0.2553300      0.2559200      0.2565000      0.2570700    
  0.2370150      0.2379380      0.2397700      0.2397750      0.2411950      0.2426080      0.2426200      0.2426410      0.2433450      0.2447300      0.2447720      0.2448150      0.2449600      0.2452080      0.2456160      0.2485350      0.2501390      0.2502300      0.2517520      0.2523700      0.2527500      0.2530000      0.2536300      0.2542500      0.2548600      0.2554600      0.2560500      0.2566300      0.2572000      0.2577700    
  0.2379340      0.2397700      0.2397730      0.2411950      0.2426140      0.2426200      0.2426310      0.2433340      0.2447300      0.2447510      0.2447720      0.2448490      0.2449940      0.2478730      0.2503580      0.2525070      0.2525050      0.2528440      0.2532500      0.2535000      0.2531200      0.2537500      0.2543700      0.2549900      0.2555900      0.2561800      0.2567700      0.2573500      0.2579100      0.2584700    
  0.2397700      0.2397710      0.2411950      0.2426170      0.2426200      0.2426250      0.2433290      0.2447300      0.2447410      0.2447510      0.2447910      0.2448720      0.2498420      0.2557340      0.2557100      0.2545720      0.2548780      0.2547800      0.2542090      0.2538800      0.2538800      0.2545000      0.2551200      0.2557300      0.2563300      0.2569200      0.2575000      0.2580700      0.2586300      0.2591800    
  0.2397710      0.2411950      0.2426190      0.2426200      0.2426230      0.2433260      0.2447300      0.2447350      0.2447410      0.2447610      0.2498590      0.2574400      0.2563230      0.2557590      0.2557590      0.2557100      0.2551950      0.2549750      0.2547800      0.2546780      0.2546400      0.2552600      0.2558700      0.2564800      0.2570700      0.2576600      0.2582300      0.2587900      0.2593500      0.2598900    
  0.2411950      0.2426190      0.2426200      0.2426210      0.2433250      0.2447300      0.2447330      0.2447350      0.2447460      0.2508480      0.2574400      0.2574400      0.2574400      0.2563590      0.2558080      0.2558080      0.2557100      0.2553140      0.2551700      0.2547800      0.2554100      0.2560200      0.2566300      0.2572300      0.2578200      0.2584000      0.2589700      0.2595300      0.2600700      0.2606100    
  0.2426200      0.2426200      0.2426210      0.2433240      0.2447300      0.2447310      0.2447330      0.2487380      0.2528430      0.2574420      0.2574400      0.2574400      0.2574400      0.2574400      0.2564310      0.2559050      0.2559050      0.2557100      0.2555980      0.2555600      0.2561800      0.2567900      0.2573900      0.2579900      0.2585700      0.2591400      0.2597100      0.2602600      0.2608000      0.2613300    
  0.2426200      0.2426200      0.2433240      0.2447300      0.2447310      0.2511950      0.2608900      0.2608150      0.2607400      0.2585460      0.2574460      0.2574400      0.2574400      0.2574400      0.2574400      0.2565710      0.2561010      0.2561000      0.2557100      0.2563400      0.2569500      0.2575600      0.2581600      0.2587500      0.2593300      0.2598900      0.2604500      0.2610000      0.2615300      0.2620600    
  0.2426200      0.2433240      0.2447300      0.2447300      0.2524880      0.2608910      0.2608910      0.2608900      0.2608150      0.2607400      0.2585570      0.2574590      0.2574400      0.2574400      0.2574400      0.2574400      0.2568380      0.2564930      0.2564900      0.2571200      0.2577300      0.2583300      0.2589300      0.2595100      0.2600800      0.2606500      0.2612000      0.2617400      0.2622700      0.2627800    
