iMOD/TUTORIALS/TUT_MetaswapAnalyser/model_MetaSWAP/meteo/Evaporation/Evaporation_20050409_L1.ASC
NCOLS                30
NROWS                30
XLLCORNER     160000.00
YLLCORNER     340000.00
CELLSIZE        1000.00
NODATA_VALUE   -9999.00
   1.780910       1.782910       1.784910       1.786910       1.788910       1.790920       1.792930       1.794950       1.796970       1.799000       1.801050       1.803100       1.805170       1.807250       1.809350       1.811460       1.813580       1.815730       1.817890       1.820070       1.822270       1.824490       1.826730       1.828990       1.831280       1.833590       1.835920       1.838270       1.840650       1.843050    
   1.785290       1.787270       1.789260       1.791240       1.793230       1.795220       1.797210       1.799210       1.801220       1.803240       1.805270       1.807310       1.809370       1.811430       1.813520       1.815610       1.817730       1.819860       1.822010       1.824180       1.826360       1.828570       1.830800       1.833050       1.835320       1.837620       1.839940       1.842280       1.844640       1.847030    
   1.789660       1.791620       1.793580       1.795550       1.797520       1.799500       1.801480       1.803460       1.805460       1.807470       1.809480       1.811510       1.813550       1.815600       1.817670       1.819760       1.821860       1.823980       1.826110       1.828270       1.830440       1.832640       1.834860       1.837090       1.839350       1.841640       1.843940       1.846270       1.848630       1.851010    
   1.794010       1.795950       1.797900       1.799850       1.801800       1.803760       1.805730       1.807700       1.809680       1.811670       1.813670       1.815690       1.817720       1.819760       1.821810       1.823880       1.825970       1.828080       1.830200       1.832350       1.834510       1.836690       1.838900       1.841130       1.843370       1.845650       1.847940       1.850260       1.852600       1.854970    
   1.798350       1.800270       1.802200       1.804130       1.806070       1.808010       1.809960       1.811920       1.813890       1.815860       1.817850       1.819850       1.821870       1.823900       1.825940       1.828000       1.830070       1.832170       1.834280       1.836410       1.838560       1.840740       1.842930       1.845140       1.847380       1.849640       1.851930       1.854240       1.856570       1.858920    
   1.802670       1.804570       1.806480       1.808400       1.810320       1.812250       1.814180       1.816130       1.818080       1.820040       1.822020       1.824000       1.826010       1.828020       1.830050       1.832100       1.834160       1.836240       1.838350       1.840470       1.842610       1.844770       1.846950       1.849150       1.851380       1.853630       1.855900       1.858200       1.860520       1.862870    
   1.806980       1.808860       1.810760       1.812650       1.814560       1.816470       1.818390       1.820320       1.822260       1.824210       1.826170       1.828140       1.830130       1.832130       1.834150       1.836190       1.838240       1.840310       1.842400       1.844510       1.846640       1.848790       1.850960       1.853150       1.855370       1.857610       1.859870       1.862160       1.864470       1.866800    
   1.811280       1.813140       1.815020       1.816900       1.818790       1.820680       1.822590       1.824500       1.826420       1.828360       1.830310       1.832270       1.834240       1.836230       1.838240       1.840260       1.842300       1.844360       1.846440       1.848540       1.850650       1.852790       1.854950       1.857140       1.859340       1.861570       1.863820       1.866100       1.868400       1.870730    
   1.815560       1.817410       1.819270       1.821130       1.823000       1.824880       1.826770       1.828670       1.830580       1.832500       1.834430       1.836380       1.838340       1.840320       1.842320       1.844330       1.846360       1.848400       1.850470       1.852560       1.854660       1.856790       1.858940       1.861110       1.863310       1.865530       1.867770       1.870040       1.872330       1.874650    
   1.819840       1.821670       1.823510       1.825350       1.827210       1.829070       1.830940       1.832830       1.834720       1.836630       1.838550       1.840490       1.842440       1.844400       1.846380       1.848380       1.850400       1.852430       1.854490       1.856560       1.858660       1.860780       1.862920       1.865080       1.867270       1.869480       1.871710       1.873970       1.876250       1.878560    
   1.819840       1.821670       1.825020       1.829560       1.831400       1.833250       1.835100       1.836970       1.838850       1.840750       1.842660       1.844580       1.846510       1.848470       1.850440       1.852420       1.854430       1.856450       1.858500       1.860560       1.862650       1.864760       1.866890       1.869040       1.871210       1.873410       1.875640       1.877890       1.880160       1.882460    
   1.819850       1.824020       1.829560       1.834070       1.835580       1.837410       1.839260       1.841110       1.842980       1.844860       1.846750       1.848660       1.850580       1.852520       1.854480       1.856460       1.858450       1.860460       1.862500       1.864550       1.866630       1.868720       1.870840       1.872990       1.875150       1.877340       1.879560       1.881800       1.884060       1.886350    
   1.822860       1.829560       1.835270       1.837670       1.839760       1.841570       1.843400       1.845240       1.847090       1.848960       1.850840       1.852730       1.854640       1.856570       1.858520       1.860480       1.862460       1.864470       1.866490       1.868530       1.870600       1.872680       1.874790       1.876930       1.879080       1.881270       1.883470       1.885700       1.887960       1.890240    
   1.829560       1.835830       1.838710       1.839760       1.842350       1.845720       1.847540       1.849360       1.851200       1.853050       1.854920       1.856800       1.858700       1.860610       1.862540       1.864500       1.866470       1.868460       1.870470       1.872500       1.874560       1.876640       1.878740       1.880860       1.883010       1.885180       1.887380       1.889600       1.891850       1.894120    
   1.836100       1.839240       1.839760       1.842610       1.845720       1.848310       1.851660       1.853470       1.855290       1.857130       1.858980       1.860850       1.862740       1.864640       1.866560       1.868500       1.870460       1.872440       1.874440       1.876470       1.878510       1.880580       1.882670       1.884790       1.886920       1.889090       1.891280       1.893490       1.895730       1.897990    
   1.839500       1.839760       1.842700       1.845720       1.848560       1.851660       1.852570       1.853470       1.856780       1.861210       1.863050       1.864900       1.866770       1.868660       1.870570       1.872500       1.874450       1.876420       1.878410       1.880420       1.882460       1.884520       1.886600       1.888700       1.890830       1.892990       1.895170       1.897370       1.899600       1.901860    
   1.839760       1.842730       1.845720       1.848650       1.851660       1.852110       1.852570       1.856010       1.861210       1.862130       1.866220       1.868940       1.870800       1.872680       1.874580       1.876490       1.878430       1.880390       1.882370       1.884370       1.886400       1.888450       1.890520       1.892610       1.894740       1.896880       1.899050       1.901250       1.903480       1.905720    
   1.842740       1.845720       1.848680       1.851660       1.851890       1.852110       1.855470       1.861210       1.861670       1.866700       1.870960       1.872980       1.874820       1.876690       1.878570       1.880480       1.882410       1.884350       1.886320       1.888320       1.890330       1.892370       1.894430       1.896520       1.898630       1.900770       1.902930       1.905120       1.907340       1.909580    
   1.845720       1.848690       1.851660       1.851770       1.851890       1.855170       1.861210       1.861440       1.866910       1.871970       1.872980       1.873900       1.876290       1.880690       1.882570       1.884460       1.886370       1.888310       1.890270       1.892250       1.894260       1.896290       1.898340       1.900420       1.902520       1.904650       1.906810       1.908990       1.911200       1.913440    
   1.848690       1.851660       1.851720       1.851770       1.855010       1.861210       1.861330       1.867000       1.872470       1.872980       1.873440       1.875970       1.880690       1.881630       1.882570       1.884470       1.886380       1.888320       1.893420       1.896180       1.898180       1.900200       1.902240       1.904310       1.906410       1.908530       1.910680       1.912860       1.915060       1.917280    
   1.851660       1.851690       1.851720       1.854930       1.861210       1.861270       1.867050       1.872730       1.872980       1.873210       1.875770       1.880690       1.881160       1.881630       1.882890       1.884470       1.886390       1.893280       1.898140       1.900110       1.902090       1.904110       1.906140       1.908200       1.910290       1.912410       1.914550       1.916710       1.918910       1.921130    
   1.851670       1.851690       1.854890       1.861210       1.861240       1.867070       1.872850       1.872980       1.873100       1.875660       1.880690       1.880920       1.881160       1.881890       1.883000       1.884580       1.892670       1.899130       1.900110       1.902740       1.906010       1.908010       1.910040       1.912090       1.914170       1.916280       1.918410       1.920570       1.922760       1.924970    
   1.851670       1.854860       1.861210       1.861220       1.867080       1.872920       1.872980       1.873040       1.875610       1.880690       1.880810       1.880930       1.881330       1.882020       1.883160       1.894340       1.899620       1.900110       1.907130       1.909910       1.911110       1.911910       1.913920       1.915970       1.918040       1.920140       1.922270       1.924420       1.926600       1.928810    
   1.854850       1.861210       1.861220       1.867090       1.872950       1.872980       1.873010       1.875580       1.880690       1.880750       1.880810       1.881020       1.881420       1.894000       1.903960       1.911840       1.911840       1.913020       1.914470       1.915770       1.913820       1.915800       1.917810       1.919850       1.921910       1.924000       1.926120       1.928270       1.930440       1.932650    
   1.861210       1.861210       1.867090       1.872960       1.872980       1.872990       1.875560       1.880690       1.880720       1.880750       1.880860       1.881080       1.903160       1.929620       1.929500       1.922870       1.924070       1.923580       1.919790       1.917720       1.917720       1.919690       1.921690       1.923720       1.925780       1.927860       1.929980       1.932120       1.934290       1.936480    
   1.861210       1.867090       1.872970       1.872980       1.872990       1.875560       1.880690       1.880700       1.880720       1.880780       1.904300       1.939410       1.932990       1.929740       1.929740       1.929500       1.926070       1.924560       1.923580       1.922110       1.921620       1.923580       1.925570       1.927600       1.929650       1.931720       1.933830       1.935960       1.938120       1.940310    
   1.867090       1.872980       1.872980       1.872980       1.875550       1.880690       1.880700       1.880700       1.880730       1.908920       1.939410       1.939410       1.939410       1.933170       1.929990       1.929990       1.929500       1.926650       1.925530       1.923580       1.925510       1.927470       1.929450       1.931470       1.933510       1.935580       1.937680       1.939810       1.941960       1.944150    
   1.872980       1.872980       1.872980       1.875550       1.880690       1.880690       1.880700       1.899860       1.918750       1.939420       1.939410       1.939410       1.939410       1.939410       1.933520       1.930480       1.930480       1.929500       1.927990       1.927480       1.929400       1.931350       1.933330       1.935340       1.937370       1.939430       1.941530       1.943650       1.945800       1.947980    
   1.872980       1.872980       1.875550       1.880690       1.880690       1.912240       1.959560       1.958440       1.957310       1.945410       1.939440       1.939410       1.939410       1.939410       1.939410       1.934220       1.931460       1.931460       1.929500       1.931390       1.933300       1.935240       1.937210       1.939200       1.941230       1.943290       1.945380       1.947490       1.949640       1.951810    
   1.872980       1.875550       1.880690       1.880690       1.918550       1.959570       1.959570       1.959560       1.958440       1.957310       1.945460       1.939510       1.939410       1.939410       1.939410       1.939410       1.935530       1.933410       1.933410       1.935290       1.937190       1.939120       1.941080       1.943070       1.945090       1.947140       1.949220       1.951340       1.953470       1.955640    
