iMOD/TUTORIALS/TUT_MetaswapAnalyser/model_MetaSWAP/meteo/Evaporation/Evaporation_20050701_L1.ASC
NCOLS                30
NROWS                30
XLLCORNER     160000.00
YLLCORNER     340000.00
CELLSIZE        1000.00
NODATA_VALUE   -9999.00
   2.750310       2.743160       2.736090       2.729110       2.722210       2.715380       2.708630       2.701950       2.695330       2.688770       2.682270       2.675820       2.669420       2.663070       2.656770       2.650500       2.644270       2.638080       2.631920       2.625790       2.619690       2.613620       2.607570       2.601540       2.595540       2.589560       2.583600       2.577660       2.571740       2.565830    
   2.752130       2.744920       2.737810       2.730770       2.723820       2.716950       2.710150       2.703420       2.696750       2.690140       2.683590       2.677100       2.670660       2.664260       2.657920       2.651610       2.645340       2.639110       2.632920       2.626750       2.620620       2.614520       2.608440       2.602390       2.596360       2.590360       2.584370       2.578410       2.572470       2.566540    
   2.753960       2.746710       2.739540       2.732460       2.725460       2.718540       2.711690       2.704900       2.698190       2.691540       2.684940       2.678400       2.671920       2.665480       2.659090       2.652740       2.646440       2.640170       2.633940       2.627740       2.621580       2.615440       2.609340       2.603260       2.597210       2.591180       2.585170       2.579180       2.573220       2.567270    
   2.755810       2.748510       2.741300       2.734170       2.727120       2.720150       2.713250       2.706420       2.699650       2.692960       2.686320       2.679730       2.673200       2.666720       2.660290       2.653900       2.647560       2.641250       2.634990       2.628760       2.622560       2.616390       2.610260       2.604150       2.598070       2.592020       2.585980       2.579980       2.573990       2.568020    
   2.757680       2.750330       2.743070       2.735890       2.728800       2.721780       2.714830       2.707950       2.701140       2.694400       2.687710       2.681080       2.674510       2.667990       2.661510       2.655090       2.648700       2.642360       2.636060       2.629790       2.623560       2.617370       2.611200       2.605070       2.598960       2.592880       2.586820       2.580790       2.574780       2.568800    
   2.759560       2.752170       2.744860       2.737640       2.730490       2.723430       2.716430       2.709510       2.702650       2.695860       2.689130       2.682460       2.675840       2.669280       2.662760       2.656290       2.649870       2.643490       2.637160       2.630860       2.624590       2.618360       2.612170       2.606000       2.599870       2.593760       2.587680       2.581630       2.575600       2.569590    
   2.761470       2.754030       2.746670       2.739400       2.732210       2.725100       2.718060       2.711090       2.704180       2.697350       2.690570       2.683850       2.677190       2.670590       2.664030       2.657530       2.651060       2.644650       2.638270       2.631940       2.625640       2.619380       2.613160       2.606960       2.600800       2.594670       2.588560       2.582490       2.576430       2.570410    
   2.763380       2.755900       2.748500       2.741180       2.733950       2.726790       2.719700       2.712680       2.705740       2.698850       2.692030       2.685270       2.678570       2.671920       2.665330       2.658780       2.652280       2.645830       2.639420       2.633050       2.626720       2.620430       2.614170       2.607950       2.601760       2.595600       2.589470       2.583370       2.577290       2.571240    
   2.765320       2.757790       2.750350       2.742980       2.735700       2.728500       2.721360       2.714300       2.707310       2.700380       2.693520       2.686710       2.679970       2.673280       2.666640       2.660060       2.653520       2.647030       2.640580       2.634180       2.627820       2.621490       2.615210       2.608950       2.602740       2.596550       2.590400       2.584270       2.578170       2.572100    
   2.767270       2.759700       2.752210       2.744800       2.737480       2.730220       2.723050       2.715940       2.708900       2.701930       2.695020       2.688180       2.681390       2.674660       2.667980       2.661360       2.654780       2.648260       2.641770       2.635340       2.628940       2.622580       2.616270       2.609990       2.603740       2.597530       2.591350       2.585200       2.579080       2.572990    
   2.767300       2.759730       2.750840       2.746640       2.739270       2.731970       2.724750       2.717600       2.710520       2.703500       2.696550       2.689660       2.682830       2.676060       2.669340       2.662680       2.656070       2.649500       2.642990       2.636510       2.630090       2.623700       2.617350       2.611040       2.604770       2.598530       2.592320       2.586150       2.580010       2.573890    
   2.767330       2.756130       2.746640       2.742470       2.741080       2.733740       2.726470       2.719280       2.712150       2.705090       2.698100       2.691170       2.684300       2.677490       2.670730       2.664030       2.657380       2.650780       2.644220       2.637720       2.631250       2.624830       2.618460       2.612120       2.605810       2.599550       2.593320       2.587120       2.580950       2.574820    
   2.761270       2.746640       2.743500       2.741990       2.742900       2.735520       2.728210       2.720970       2.713800       2.706700       2.699670       2.692700       2.685780       2.678930       2.672140       2.665400       2.658710       2.652070       2.645480       2.638940       2.632450       2.625990       2.619580       2.613220       2.606890       2.600590       2.594340       2.588120       2.581930       2.575770    
   2.746640       2.743870       2.742440       2.742900       2.738580       2.737320       2.729970       2.722690       2.715480       2.708340       2.701260       2.694240       2.687290       2.680400       2.673560       2.666790       2.660060       2.653390       2.646760       2.640190       2.633660       2.627180       2.620740       2.614340       2.607980       2.601660       2.595380       2.589140       2.582920       2.576740    
   2.744020       2.742670       2.742900       2.739600       2.737320       2.733010       2.731750       2.724420       2.717170       2.709990       2.702870       2.695810       2.688820       2.681890       2.675020       2.668200       2.661440       2.654730       2.648070       2.641460       2.634900       2.628380       2.621910       2.615490       2.609100       2.602760       2.596450       2.590180       2.583940       2.577740    
   2.742790       2.742900       2.739940       2.737320       2.734030       2.731750       2.728090       2.724450       2.715810       2.711660       2.704500       2.697400       2.690370       2.683400       2.676490       2.669630       2.662830       2.656090       2.649400       2.642750       2.636160       2.629610       2.623110       2.616660       2.610240       2.603870       2.597540       2.591240       2.584980       2.578760    
   2.742900       2.740050       2.737320       2.734370       2.731750       2.729920       2.728090       2.720000       2.711660       2.708080       2.702640       2.699010       2.691940       2.684930       2.677980       2.671090       2.664250       2.657470       2.650740       2.644070       2.637440       2.630870       2.624340       2.617850       2.611410       2.605010       2.598650       2.592330       2.586050       2.579810    
   2.740090       2.737320       2.734480       2.731750       2.730830       2.729920       2.722420       2.711660       2.709870       2.704570       2.699830       2.700650       2.693530       2.686490       2.679500       2.672570       2.665700       2.658880       2.652120       2.645410       2.638750       2.632140       2.625580       2.619070       2.612600       2.606170       2.599790       2.593450       2.587140       2.580880    
   2.737320       2.734520       2.731750       2.731290       2.730830       2.723710       2.711660       2.710760       2.705400       2.700240       2.700650       2.697090       2.692180       2.688060       2.681030       2.674070       2.667160       2.660310       2.653510       2.646770       2.640080       2.633440       2.626850       2.620310       2.613810       2.607360       2.600950       2.594580       2.588260       2.581970    
   2.734530       2.731750       2.731520       2.731290       2.724370       2.711660       2.711210       2.705780       2.700450       2.700650       2.698870       2.694500       2.688060       2.684550       2.681050       2.674090       2.667180       2.660330       2.651660       2.648160       2.641430       2.634760       2.628140       2.621570       2.615050       2.608570       2.602140       2.595740       2.589390       2.583080    
   2.731750       2.731640       2.731520       2.724710       2.711660       2.711440       2.705970       2.700550       2.700650       2.699760       2.695520       2.688060       2.686300       2.684550       2.679890       2.674110       2.667200       2.655520       2.648860       2.649560       2.642810       2.636110       2.629460       2.622860       2.616310       2.609800       2.603350       2.596930       2.590560       2.584230    
   2.731690       2.731640       2.724880       2.711660       2.711550       2.706060       2.700600       2.700650       2.700200       2.696000       2.688060       2.687180       2.686310       2.683580       2.679520       2.673730       2.659120       2.649210       2.649560       2.645530       2.644210       2.637480       2.630800       2.624170       2.617590       2.611060       2.604580       2.598140       2.591750       2.585390    
   2.731690       2.724970       2.711660       2.711600       2.706110       2.700620       2.700650       2.700430       2.696230       2.688060       2.687620       2.687180       2.685690       2.683140       2.678940       2.663160       2.649380       2.649560       2.647140       2.645650       2.641590       2.638870       2.632160       2.625510       2.618900       2.612350       2.605840       2.599380       2.592960       2.586580    
   2.725010       2.711660       2.711630       2.706130       2.700640       2.700650       2.700540       2.696340       2.688060       2.687840       2.687620       2.686830       2.685340       2.679120       2.668150       2.654040       2.654030       2.650860       2.647340       2.647810       2.647080       2.640290       2.633550       2.626870       2.620230       2.613650       2.607120       2.600640       2.594200       2.587800    
   2.711660       2.711650       2.706140       2.700640       2.700650       2.700590       2.696400       2.688060       2.687950       2.687840       2.687430       2.686600       2.677780       2.668770       2.668720       2.660880       2.658700       2.658500       2.651760       2.648560       2.648550       2.641730       2.634960       2.628250       2.621590       2.614990       2.608430       2.601920       2.595460       2.589040    
   2.711650       2.706150       2.700650       2.700650       2.700620       2.696430       2.688060       2.688000       2.687950       2.687740       2.684760       2.680970       2.672880       2.668820       2.668820       2.668720       2.662070       2.658890       2.658500       2.652160       2.650040       2.643190       2.636400       2.629660       2.622970       2.616340       2.609760       2.603230       2.596750       2.590310    
   2.706150       2.700650       2.700650       2.700640       2.696440       2.688060       2.688030       2.688000       2.687900       2.684480       2.680970       2.680970       2.680970       2.672950       2.668930       2.668930       2.668720       2.662190       2.659290       2.658500       2.651560       2.644680       2.637860       2.631090       2.624380       2.617730       2.611120       2.604570       2.598060       2.591600    
   2.700650       2.700650       2.700640       2.696450       2.688060       2.688050       2.688030       2.690350       2.687550       2.680970       2.680970       2.680970       2.680970       2.680970       2.673100       2.669130       2.669130       2.668720       2.662240       2.660070       2.653100       2.646190       2.639340       2.632550       2.625810       2.619130       2.612510       2.605930       2.599400       2.592920    
   2.700650       2.700650       2.696450       2.688060       2.688050       2.695610       2.706950       2.702210       2.697470       2.686480       2.680980       2.680970       2.680970       2.680970       2.680970       2.673360       2.669550       2.669550       2.668720       2.661660       2.654660       2.647730       2.640850       2.634030       2.627270       2.620570       2.613920       2.607320       2.600770       2.594270    
   2.700650       2.696450       2.688060       2.688060       2.697130       2.706950       2.706950       2.706950       2.702210       2.697470       2.686510       2.681010       2.680970       2.680970       2.680970       2.680970       2.673790       2.670380       2.670370       2.663280       2.656250       2.649290       2.642380       2.635540       2.628760       2.622030       2.615350       2.608740       2.602170       2.595650    
