iMOD/TUTORIALS/TUT_MetaswapAnalyser/model_MetaSWAP/meteo/Evaporation/Evaporation_20060329_L1.ASC
NCOLS                30
NROWS                30
XLLCORNER     160000.00
YLLCORNER     340000.00
CELLSIZE        1000.00
NODATA_VALUE   -9999.00
  0.9373000      0.9323600      0.9275300      0.9228200      0.9182100      0.9137100      0.9093000      0.9049900      0.9007700      0.8966400      0.8925900      0.8886200      0.8847200      0.8808900      0.8771300      0.8734400      0.8698100      0.8662400      0.8627200      0.8592600      0.8558500      0.8524900      0.8491800      0.8459100      0.8426900      0.8395100      0.8363700      0.8332700      0.8302100      0.8271800    
  0.9332100      0.9282700      0.9234500      0.9187300      0.9141200      0.9096200      0.9052100      0.9008900      0.8966600      0.8925200      0.8884700      0.8844900      0.8805800      0.8767500      0.8729800      0.8692800      0.8656500      0.8620700      0.8585500      0.8550800      0.8516700      0.8483000      0.8449900      0.8417200      0.8384900      0.8353100      0.8321600      0.8290600      0.8259900      0.8229600    
  0.9291800      0.9242500      0.9194200      0.9147100      0.9101000      0.9055900      0.9011700      0.8968500      0.8926200      0.8884700      0.8844000      0.8804200      0.8765100      0.8726700      0.8688900      0.8651900      0.8615400      0.8579600      0.8544300      0.8509600      0.8475400      0.8441700      0.8408500      0.8375700      0.8343400      0.8311500      0.8280000      0.8248900      0.8218200      0.8187900    
  0.9252000      0.9202800      0.9154600      0.9107400      0.9061300      0.9016100      0.8971900      0.8928700      0.8886300      0.8844700      0.8804000      0.8764100      0.8724900      0.8686400      0.8648600      0.8611500      0.8574900      0.8539000      0.8503700      0.8468900      0.8434600      0.8400900      0.8367600      0.8334800      0.8302400      0.8270500      0.8238900      0.8207800      0.8177000      0.8146600    
  0.9212800      0.9163600      0.9115400      0.9068300      0.9022100      0.8977000      0.8932700      0.8889400      0.8847000      0.8805300      0.8764500      0.8724500      0.8685200      0.8646700      0.8608800      0.8571600      0.8535000      0.8499000      0.8463600      0.8428700      0.8394400      0.8360500      0.8327200      0.8294300      0.8261900      0.8229900      0.8198300      0.8167100      0.8136200      0.8105800    
  0.9174100      0.9124900      0.9076800      0.9029700      0.8983500      0.8938300      0.8894000      0.8850700      0.8808200      0.8766500      0.8725600      0.8685500      0.8646200      0.8607500      0.8569600      0.8532300      0.8495600      0.8459500      0.8424000      0.8389000      0.8354600      0.8320700      0.8287300      0.8254300      0.8221800      0.8189700      0.8158100      0.8126800      0.8095900      0.8065300    
  0.9135800      0.9086700      0.9038600      0.8991500      0.8945400      0.8900200      0.8855900      0.8812400      0.8769900      0.8728100      0.8687200      0.8647000      0.8607600      0.8568900      0.8530800      0.8493400      0.8456700      0.8420500      0.8384900      0.8349900      0.8315400      0.8281400      0.8247900      0.8214800      0.8182200      0.8150100      0.8118300      0.8087000      0.8056000      0.8025400    
  0.9098100      0.9049000      0.9001000      0.8953900      0.8907700      0.8862500      0.8818200      0.8774700      0.8732100      0.8690300      0.8649300      0.8609000      0.8569500      0.8530700      0.8492600      0.8455100      0.8418200      0.8382000      0.8346300      0.8311200      0.8276600      0.8242500      0.8208900      0.8175800      0.8143100      0.8110800      0.8079000      0.8047600      0.8016500      0.7985800    
  0.9060700      0.9011800      0.8963800      0.8916700      0.8870500      0.8825300      0.8780900      0.8737400      0.8694800      0.8652900      0.8611800      0.8571500      0.8531900      0.8493000      0.8454800      0.8417200      0.8380300      0.8344000      0.8308200      0.8273000      0.8238300      0.8204100      0.8170400      0.8137200      0.8104400      0.8072100      0.8040100      0.8008600      0.7977400      0.7946600    
  0.9023800      0.8974900      0.8927000      0.8879900      0.8833800      0.8788500      0.8744200      0.8700600      0.8657900      0.8616000      0.8574900      0.8534500      0.8494800      0.8455800      0.8417500      0.8379900      0.8342800      0.8306400      0.8270500      0.8235200      0.8200400      0.8166100      0.8132300      0.8099000      0.8066100      0.8033700      0.8001700      0.7970000      0.7938800      0.7907900    
  0.9024130      0.8975230      0.8906350      0.8843600      0.8797500      0.8752200      0.8707800      0.8664200      0.8621500      0.8579500      0.8538300      0.8497900      0.8458100      0.8419000      0.8380700      0.8342900      0.8305800      0.8269200      0.8233300      0.8197800      0.8163000      0.8128600      0.8094700      0.8061300      0.8028300      0.7995700      0.7963600      0.7931900      0.7900500      0.7869500    
  0.9024460      0.8937330      0.8843600      0.8782150      0.8761500      0.8716300      0.8671900      0.8628300      0.8585500      0.8543500      0.8502200      0.8461700      0.8421800      0.8382700      0.8344200      0.8306400      0.8269100      0.8232500      0.8196400      0.8160900      0.8125900      0.8091500      0.8057500      0.8023900      0.7990800      0.7958200      0.7926000      0.7894100      0.7862700      0.7831600    
  0.8969920      0.8843600      0.8773880      0.8743750      0.8726000      0.8680700      0.8636300      0.8592700      0.8549900      0.8507800      0.8466500      0.8425900      0.8386000      0.8346800      0.8308200      0.8270300      0.8232900      0.8196200      0.8160000      0.8124400      0.8089300      0.8054700      0.8020600      0.7987000      0.7953800      0.7921000      0.7888700      0.7856700      0.7825200      0.7794000    
  0.8843600      0.8769590      0.8734870      0.8726000      0.8684100      0.8645600      0.8601100      0.8557500      0.8514600      0.8472500      0.8431200      0.8390500      0.8350500      0.8311200      0.8272600      0.8234500      0.8197100      0.8160300      0.8124000      0.8088300      0.8053100      0.8018400      0.7984200      0.7950400      0.7917100      0.7884300      0.7851800      0.7819700      0.7788000      0.7756700    
  0.8767410      0.8730440      0.8726000      0.8685230      0.8645600      0.8604330      0.8566300      0.8522700      0.8479800      0.8437600      0.8396200      0.8355500      0.8315400      0.8276100      0.8237300      0.8199200      0.8161700      0.8124800      0.8088400      0.8052600      0.8017300      0.7982400      0.7948100      0.7914300      0.7880800      0.7847800      0.7815300      0.7783100      0.7751300      0.7719800    
  0.8728220      0.8726000      0.8685610      0.8645600      0.8605410      0.8566300      0.8544500      0.8522930      0.8460800      0.8403100      0.8361600      0.8320800      0.8280700      0.8241300      0.8202400      0.8164200      0.8126600      0.8089600      0.8053100      0.8017200      0.7981800      0.7946900      0.7912400      0.7878400      0.7844900      0.7811800      0.7779100      0.7746800      0.7714900      0.7683300    
  0.8726000      0.8685740      0.8645600      0.8605770      0.8566300      0.8555400      0.8544580      0.8482830      0.8403100      0.8382350      0.8324900      0.8286500      0.8246300      0.8206800      0.8167900      0.8129600      0.8091900      0.8054800      0.8018200      0.7982200      0.7946700      0.7911600      0.7877100      0.7843000      0.7809300      0.7776100      0.7743300      0.7710800      0.7678800      0.7647100    
  0.8685780      0.8645600      0.8605890      0.8566300      0.8560850      0.8555430      0.8496480      0.8403100      0.8392720      0.8326470      0.8269500      0.8252500      0.8212300      0.8172700      0.8133700      0.8095400      0.8057600      0.8020400      0.7983700      0.7947500      0.7911900      0.7876800      0.7842100      0.7807900      0.7774100      0.7740700      0.7707800      0.7675200      0.7643100      0.7611200    
  0.8645600      0.8605930      0.8566300      0.8563580      0.8560860      0.8503960      0.8403100      0.8397910      0.8327160      0.8261000      0.8252500      0.8232400      0.8194100      0.8138900      0.8099900      0.8061400      0.8023600      0.7986200      0.7949500      0.7913200      0.7877500      0.7842200      0.7807400      0.7773100      0.7739200      0.7705700      0.7672600      0.7640000      0.7607600      0.7575700    
  0.8605940      0.8566300      0.8564940      0.8563580      0.8507870      0.8403100      0.8400510      0.8327480      0.8256750      0.8252500      0.8242450      0.8204480      0.8138900      0.8119400      0.8100070      0.8061630      0.8023730      0.7986430      0.7914720      0.7879200      0.7843300      0.7808000      0.7773100      0.7738600      0.7704600      0.7671000      0.7637800      0.7605000      0.7572500      0.7540500    
  0.8566300      0.8565620      0.8564940      0.8509870      0.8403100      0.8401800      0.8327640      0.8254630      0.8252500      0.8247480      0.8209580      0.8138900      0.8129150      0.8119460      0.8093700      0.8061810      0.8023930      0.7926550      0.7862350      0.7845500      0.7809500      0.7774100      0.7739000      0.7704500      0.7670300      0.7636600      0.7603300      0.7570300      0.7537800      0.7505500    
  0.8565960      0.8565620      0.8510880      0.8403100      0.8402450      0.8327720      0.8253560      0.8252500      0.8249990      0.8212110      0.8138900      0.8134020      0.8129170      0.8114100      0.8091660      0.8059810      0.7942340      0.7853930      0.7845500      0.7810330      0.7776000      0.7740400      0.7705300      0.7670600      0.7636300      0.7602500      0.7569000      0.7536000      0.7503200      0.7470900    
  0.8565960      0.8511390      0.8403100      0.8402780      0.8327760      0.8253030      0.8252500      0.8251240      0.8213380      0.8138900      0.8136460      0.8134030      0.8125760      0.8111640      0.8088520      0.7938190      0.7849710      0.7845500      0.7773080      0.7742950      0.7721500      0.7707100      0.7671900      0.7637000      0.7602700      0.7568700      0.7535100      0.7501900      0.7469000      0.7436600    
  0.8511650      0.8403100      0.8402940      0.8327780      0.8252770      0.8252500      0.8251870      0.8214010      0.8138900      0.8137680      0.8136460      0.8132090      0.8123810      0.7987260      0.7861990      0.7747470      0.7747400      0.7727800      0.7704600      0.7693550      0.7709900      0.7674100      0.7638700      0.7603800      0.7569200      0.7535100      0.7501400      0.7468100      0.7435100      0.7402500    
  0.8403100      0.8403020      0.8327790      0.8252630      0.8252500      0.8252190      0.8214320      0.8138900      0.8138290      0.8137680      0.8135410      0.8130790      0.7897280      0.7622120      0.7623100      0.7663010      0.7645310      0.7649300      0.7666540      0.7677300      0.7677200      0.7641300      0.7605800      0.7570700      0.7536100      0.7501900      0.7468000      0.7434500      0.7401400      0.7368700    
  0.8403060      0.8327800      0.8252570      0.8252500      0.8252340      0.8214480      0.8138900      0.8138600      0.8138290      0.8137130      0.7907940      0.7567900      0.7603240      0.7621150      0.7621140      0.7623100      0.7636220      0.7641320      0.7649300      0.7646000      0.7644800      0.7608800      0.7573200      0.7538000      0.7503200      0.7468900      0.7434900      0.7401300      0.7368000      0.7335100    
  0.8327800      0.8252530      0.8252500      0.8252420      0.8214550      0.8138900      0.8138750      0.8138600      0.8138000      0.7863830      0.7567900      0.7567900      0.7567900      0.7601790      0.7619190      0.7619190      0.7623100      0.7631170      0.7633350      0.7649300      0.7612700      0.7576500      0.7540800      0.7505500      0.7470600      0.7436100      0.7402000      0.7368300      0.7334900      0.7301800    
  0.8252520      0.8252500      0.8252460      0.8214590      0.8138900      0.8138820      0.8138750      0.7967690      0.7782300      0.7567820      0.7567900      0.7567900      0.7567900      0.7567900      0.7598910      0.7615290      0.7615280      0.7623100      0.7618920      0.7617400      0.7580700      0.7544500      0.7508700      0.7473200      0.7438200      0.7403600      0.7369400      0.7335500      0.7302000      0.7268800    
  0.8252500      0.8252480      0.8214610      0.8138900      0.8138860      0.7869240      0.7464900      0.7460150      0.7455400      0.7530170      0.7567650      0.7567900      0.7567900      0.7567900      0.7567900      0.7593280      0.7607480      0.7607450      0.7623100      0.7585900      0.7549100      0.7512700      0.7476800      0.7441200      0.7406100      0.7371300      0.7337000      0.7302900      0.7269300      0.7236000    
  0.8252490      0.8214620      0.8138900      0.8138880      0.7815320      0.7464840      0.7464840      0.7464900      0.7460140      0.7455400      0.7529750      0.7567150      0.7567900      0.7567900      0.7567900      0.7567900      0.7582460      0.7591900      0.7591800      0.7554500      0.7517600      0.7481100      0.7445100      0.7409400      0.7374200      0.7339300      0.7304800      0.7270600      0.7236800      0.7203400    
