iMOD/TUTORIALS/TUT_MetaswapAnalyser/model_MetaSWAP/meteo/Evaporation/Evaporation_20060928_L1.ASC
NCOLS                30
NROWS                30
XLLCORNER     160000.00
YLLCORNER     340000.00
CELLSIZE        1000.00
NODATA_VALUE   -9999.00
   1.800130       1.799560       1.798990       1.798430       1.797880       1.797330       1.796780       1.796230       1.795670       1.795120       1.794560       1.793990       1.793420       1.792840       1.792250       1.791660       1.791050       1.790430       1.789800       1.789160       1.788510       1.787840       1.787170       1.786480       1.785790       1.785080       1.784370       1.783640       1.782910       1.782160    
   1.802160       1.801580       1.801000       1.800420       1.799850       1.799280       1.798720       1.798150       1.797590       1.797020       1.796450       1.795870       1.795290       1.794700       1.794100       1.793500       1.792880       1.792260       1.791630       1.790990       1.790330       1.789670       1.789000       1.788320       1.787630       1.786930       1.786220       1.785500       1.784770       1.784040    
   1.804190       1.803590       1.803000       1.802410       1.801820       1.801240       1.800660       1.800080       1.799500       1.798920       1.798340       1.797750       1.797160       1.796560       1.795950       1.795340       1.794720       1.794090       1.793460       1.792820       1.792160       1.791500       1.790830       1.790150       1.789460       1.788770       1.788070       1.787360       1.786640       1.785920    
   1.806220       1.805600       1.804990       1.804390       1.803790       1.803200       1.802600       1.802010       1.801420       1.800820       1.800230       1.799630       1.799030       1.798420       1.797810       1.797190       1.796560       1.795930       1.795290       1.794650       1.793990       1.793330       1.792660       1.791990       1.791310       1.790620       1.789920       1.789220       1.788510       1.787790    
   1.808240       1.807610       1.806990       1.806370       1.805760       1.805150       1.804540       1.803940       1.803330       1.802730       1.802120       1.801510       1.800900       1.800280       1.799660       1.799040       1.798410       1.797770       1.797130       1.796480       1.795830       1.795170       1.794500       1.793830       1.793150       1.792460       1.791770       1.791080       1.790370       1.789670    
   1.810250       1.809620       1.808980       1.808350       1.807730       1.807100       1.806480       1.805870       1.805250       1.804630       1.804010       1.803390       1.802770       1.802150       1.801520       1.800890       1.800250       1.799610       1.798970       1.798320       1.797660       1.797000       1.796340       1.795670       1.794990       1.794310       1.793630       1.792940       1.792240       1.791550    
   1.812270       1.811620       1.810970       1.810330       1.809690       1.809060       1.808420       1.807790       1.807170       1.806540       1.805910       1.805280       1.804650       1.804020       1.803380       1.802740       1.802100       1.801460       1.800810       1.800160       1.799500       1.798840       1.798180       1.797510       1.796840       1.796160       1.795480       1.794800       1.794110       1.793430    
   1.814280       1.813620       1.812960       1.812310       1.811660       1.811010       1.810370       1.809720       1.809080       1.808440       1.807800       1.807170       1.806530       1.805890       1.805240       1.804600       1.803950       1.803310       1.802650       1.802000       1.801340       1.800680       1.800020       1.799350       1.798690       1.798010       1.797340       1.796660       1.795990       1.795310    
   1.816290       1.815610       1.814950       1.814280       1.813620       1.812960       1.812310       1.811650       1.811000       1.810350       1.809700       1.809050       1.808410       1.807760       1.807110       1.806460       1.805810       1.805160       1.804500       1.803850       1.803190       1.802530       1.801870       1.801200       1.800540       1.799870       1.799200       1.798530       1.797860       1.797190    
   1.818290       1.817610       1.816930       1.816250       1.815580       1.814910       1.814250       1.813580       1.812920       1.812260       1.811600       1.810940       1.810290       1.809630       1.808980       1.808320       1.807660       1.807010       1.806350       1.805690       1.805030       1.804380       1.803710       1.803050       1.802390       1.801730       1.801070       1.800400       1.799740       1.799070    
   1.818290       1.817610       1.817250       1.818220       1.817540       1.816860       1.816190       1.815510       1.814840       1.814170       1.813500       1.812840       1.812170       1.811510       1.810850       1.810190       1.809520       1.808860       1.808200       1.807540       1.806890       1.806230       1.805570       1.804910       1.804250       1.803590       1.802930       1.802280       1.801620       1.800960    
   1.818290       1.817840       1.818220       1.819180       1.819500       1.818810       1.818130       1.817440       1.816760       1.816080       1.815410       1.814730       1.814060       1.813390       1.812720       1.812050       1.811390       1.810720       1.810060       1.809400       1.808740       1.808080       1.807420       1.806770       1.806110       1.805460       1.804800       1.804150       1.803500       1.802850    
   1.818330       1.818220       1.819830       1.820480       1.821460       1.820760       1.820070       1.819370       1.818680       1.817990       1.817310       1.816630       1.815950       1.815270       1.814600       1.813920       1.813250       1.812590       1.811920       1.811260       1.810600       1.809940       1.809280       1.808630       1.807970       1.807320       1.806680       1.806030       1.805390       1.804750    
   1.818220       1.820120       1.820970       1.821460       1.821640       1.822710       1.822010       1.821310       1.820610       1.819910       1.819220       1.818530       1.817840       1.817160       1.816480       1.815800       1.815120       1.814450       1.813780       1.813120       1.812460       1.811800       1.811140       1.810490       1.809840       1.809200       1.808550       1.807920       1.807280       1.806650    
   1.820250       1.821220       1.821460       1.821940       1.822710       1.822890       1.823950       1.823240       1.822530       1.821830       1.821120       1.820430       1.819730       1.819040       1.818360       1.817680       1.817000       1.816320       1.815650       1.814990       1.814320       1.813670       1.813010       1.812360       1.811720       1.811070       1.810440       1.809800       1.809180       1.808550    
   1.821340       1.821460       1.822040       1.822710       1.823180       1.823950       1.823600       1.823240       1.822840       1.823750       1.823040       1.822330       1.821630       1.820940       1.820240       1.819560       1.818870       1.818200       1.817520       1.816860       1.816190       1.815540       1.814880       1.814240       1.813590       1.812960       1.812320       1.811700       1.811080       1.810460    
   1.821460       1.822070       1.822710       1.823280       1.823950       1.823770       1.823600       1.823360       1.823750       1.823400       1.823900       1.824240       1.823530       1.822830       1.822130       1.821440       1.820760       1.820080       1.819400       1.818730       1.818070       1.817410       1.816760       1.816110       1.815480       1.814840       1.814220       1.813590       1.812980       1.812370    
   1.822080       1.822710       1.823310       1.823950       1.823860       1.823770       1.823620       1.823750       1.823570       1.824480       1.825190       1.826150       1.825440       1.824730       1.824030       1.823330       1.822640       1.821960       1.821280       1.820610       1.819950       1.819290       1.818640       1.818000       1.817360       1.816730       1.816110       1.815500       1.814890       1.814290    
   1.822710       1.823320       1.823950       1.823910       1.823860       1.823750       1.823750       1.823660       1.824720       1.825670       1.826150       1.825790       1.825740       1.826630       1.825930       1.825230       1.824530       1.823850       1.823170       1.822500       1.821830       1.821180       1.820530       1.819890       1.819260       1.818630       1.818020       1.817410       1.816810       1.816210    
   1.823330       1.823950       1.823930       1.823910       1.823820       1.823750       1.823710       1.824840       1.825910       1.826150       1.825970       1.826080       1.826630       1.826280       1.825930       1.825230       1.824540       1.823850       1.824040       1.824390       1.823720       1.823070       1.822420       1.821780       1.821150       1.820540       1.819920       1.819320       1.818730       1.818140    
   1.823950       1.823940       1.823930       1.823850       1.823750       1.823730       1.824900       1.826030       1.826150       1.826060       1.826210       1.826630       1.826450       1.826280       1.825810       1.825230       1.824540       1.824810       1.825340       1.826280       1.825620       1.824960       1.824320       1.823680       1.823060       1.822450       1.821840       1.821240       1.820660       1.820080    
   1.823940       1.823940       1.823870       1.823750       1.823740       1.824920       1.826090       1.826150       1.826110       1.826260       1.826630       1.826540       1.826450       1.826180       1.825780       1.825190       1.825330       1.825810       1.826280       1.826470       1.827520       1.826870       1.826220       1.825590       1.824970       1.824360       1.823760       1.823170       1.822590       1.822030    
   1.823940       1.823880       1.823750       1.823740       1.824940       1.826120       1.826150       1.826130       1.826290       1.826630       1.826590       1.826540       1.826390       1.826140       1.825720       1.826880       1.826040       1.826280       1.828620       1.829430       1.829040       1.828780       1.828140       1.827510       1.826890       1.826290       1.825690       1.825110       1.824540       1.823980    
   1.823880       1.823750       1.823750       1.824940       1.826140       1.826150       1.826140       1.826300       1.826630       1.826610       1.826590       1.826510       1.826360       1.830160       1.831860       1.832040       1.832040       1.831840       1.831670       1.832300       1.831340       1.830690       1.830060       1.829430       1.828820       1.828220       1.827630       1.827050       1.826490       1.825940    
   1.823750       1.823750       1.824950       1.826140       1.826150       1.826140       1.826300       1.826630       1.826620       1.826610       1.826570       1.826480       1.833600       1.842450       1.842390       1.838010       1.838040       1.837800       1.834810       1.833270       1.833270       1.832620       1.831980       1.831360       1.830750       1.830160       1.829580       1.829010       1.828450       1.827910    
   1.823750       1.824950       1.826150       1.826150       1.826150       1.826310       1.826630       1.826620       1.826620       1.826600       1.835540       1.849020       1.844690       1.842510       1.842510       1.842390       1.839580       1.838290       1.837800       1.835850       1.835200       1.834550       1.833920       1.833300       1.832700       1.832110       1.831530       1.830970       1.830420       1.829890    
   1.824950       1.826150       1.826150       1.826150       1.826310       1.826630       1.826630       1.826620       1.826610       1.837360       1.849020       1.849020       1.849020       1.844780       1.842640       1.842640       1.842390       1.839840       1.838780       1.837800       1.837140       1.836490       1.835860       1.835250       1.834650       1.834060       1.833500       1.832940       1.832400       1.831880    
   1.826150       1.826150       1.826150       1.826310       1.826630       1.826630       1.826630       1.834950       1.842040       1.849030       1.849020       1.849020       1.849020       1.849020       1.844960       1.842880       1.842880       1.842390       1.840410       1.839750       1.839090       1.838440       1.837820       1.837210       1.836610       1.836030       1.835470       1.834920       1.834390       1.833880    
   1.826150       1.826150       1.826310       1.826630       1.826630       1.841090       1.862770       1.861350       1.859930       1.852670       1.849040       1.849020       1.849020       1.849020       1.849020       1.845310       1.843380       1.843370       1.842390       1.841710       1.841050       1.840410       1.839780       1.839170       1.838580       1.838010       1.837450       1.836920       1.836390       1.835890    
   1.826150       1.826310       1.826630       1.826630       1.843980       1.862770       1.862770       1.862770       1.861350       1.859930       1.852700       1.849070       1.849020       1.849020       1.849020       1.849020       1.845940       1.844360       1.844360       1.843680       1.843020       1.842380       1.841750       1.841150       1.840570       1.840000       1.839450       1.838920       1.838410       1.837910    
