iMOD/TUTORIALS/TUT_MetaswapAnalyser/model_MetaSWAP/meteo/Evaporation/Evaporation_20060511_L1.ASC
NCOLS                30
NROWS                30
XLLCORNER     160000.00
YLLCORNER     340000.00
CELLSIZE        1000.00
NODATA_VALUE   -9999.00
   4.316720       4.317860       4.319030       4.320210       4.321420       4.322660       4.323910       4.325190       4.326480       4.327800       4.329140       4.330500       4.331880       4.333270       4.334690       4.336130       4.337580       4.339060       4.340550       4.342070       4.343600       4.345150       4.346720       4.348310       4.349920       4.351550       4.353200       4.354860       4.356550       4.358260    
   4.319040       4.320200       4.321390       4.322600       4.323830       4.325080       4.326360       4.327650       4.328970       4.330300       4.331660       4.333040       4.334430       4.335840       4.337280       4.338730       4.340200       4.341690       4.343190       4.344720       4.346260       4.347820       4.349410       4.351000       4.352620       4.354260       4.355910       4.357580       4.359280       4.360990    
   4.321380       4.322570       4.323780       4.325010       4.326260       4.327530       4.328820       4.330140       4.331470       4.332830       4.334200       4.335590       4.337000       4.338430       4.339880       4.341340       4.342830       4.344330       4.345850       4.347390       4.348940       4.350510       4.352100       4.353710       4.355340       4.356980       4.358640       4.360320       4.362010       4.363730    
   4.323750       4.324950       4.326180       4.327430       4.328700       4.330000       4.331310       4.332640       4.333990       4.335360       4.336750       4.338160       4.339590       4.341030       4.342500       4.343980       4.345470       4.346990       4.348520       4.350070       4.351630       4.353210       4.354810       4.356430       4.358060       4.359710       4.361380       4.363060       4.364760       4.366480    
   4.326130       4.327360       4.328610       4.329880       4.331170       4.332480       4.333810       4.335160       4.336530       4.337920       4.339320       4.340750       4.342190       4.343650       4.345130       4.346620       4.348130       4.349660       4.351200       4.352760       4.354340       4.355930       4.357530       4.359160       4.360800       4.362450       4.364130       4.365810       4.367520       4.369240    
   4.328520       4.329770       4.331040       4.332340       4.333650       4.334980       4.336330       4.337700       4.339080       4.340490       4.341910       4.343350       4.344810       4.346280       4.347770       4.349280       4.350800       4.352340       4.353900       4.355470       4.357050       4.358650       4.360270       4.361900       4.363550       4.365210       4.366880       4.368580       4.370290       4.372010    
   4.330940       4.332210       4.333500       4.334810       4.336140       4.337490       4.338860       4.340250       4.341650       4.343070       4.344510       4.345970       4.347440       4.348930       4.350430       4.351950       4.353490       4.355040       4.356600       4.358180       4.359780       4.361390       4.363010       4.364650       4.366300       4.367970       4.369650       4.371350       4.373060       4.374790    
   4.333360       4.334660       4.335970       4.337300       4.338650       4.340020       4.341400       4.342810       4.344230       4.345670       4.347120       4.348600       4.350080       4.351590       4.353100       4.354640       4.356180       4.357750       4.359320       4.360910       4.362520       4.364130       4.365770       4.367410       4.369070       4.370740       4.372430       4.374130       4.375840       4.377570    
   4.335800       4.337120       4.338450       4.339800       4.341170       4.342560       4.343960       4.345380       4.346820       4.348280       4.349750       4.351240       4.352740       4.354250       4.355790       4.357330       4.358890       4.360460       4.362050       4.363650       4.365260       4.366890       4.368530       4.370180       4.371850       4.373520       4.375210       4.376920       4.378640       4.380370    
   4.338260       4.339590       4.340950       4.342320       4.343700       4.345110       4.346530       4.347970       4.349430       4.350900       4.352390       4.353890       4.355400       4.356930       4.358480       4.360040       4.361610       4.363190       4.364790       4.366400       4.368020       4.369650       4.371300       4.372960       4.374630       4.376310       4.378010       4.379710       4.381430       4.383160    
   4.338260       4.339600       4.341930       4.344840       4.346250       4.347670       4.349120       4.350570       4.352040       4.353530       4.355030       4.356550       4.358080       4.359620       4.361180       4.362750       4.364330       4.365930       4.367540       4.369160       4.370790       4.372430       4.374080       4.375740       4.377420       4.379110       4.380810       4.382520       4.384240       4.385970    
   4.338270       4.341160       4.344840       4.347820       4.348810       4.350250       4.351710       4.353180       4.354670       4.356170       4.357690       4.359220       4.360770       4.362320       4.363890       4.365480       4.367070       4.368680       4.370290       4.371920       4.373560       4.375210       4.376870       4.378540       4.380220       4.381910       4.383610       4.385320       4.387050       4.388780    
   4.340310       4.344840       4.348530       4.350090       4.351370       4.352830       4.354310       4.355800       4.357300       4.358820       4.360360       4.361900       4.363460       4.365030       4.366610       4.368210       4.369810       4.371430       4.373060       4.374690       4.376340       4.377990       4.379660       4.381340       4.383020       4.384720       4.386420       4.388140       4.389860       4.391600    
   4.344840       4.348870       4.350730       4.351370       4.353210       4.355420       4.356920       4.358420       4.359950       4.361480       4.363030       4.364590       4.366160       4.367750       4.369340       4.370950       4.372560       4.374190       4.375820       4.377470       4.379120       4.380790       4.382460       4.384140       4.385830       4.387530       4.389240       4.390950       4.392680       4.394420    
   4.349030       4.351050       4.351370       4.353330       4.355420       4.357290       4.359530       4.361060       4.362600       4.364150       4.365710       4.367280       4.368870       4.370470       4.372080       4.373690       4.375320       4.376960       4.378600       4.380250       4.381920       4.383590       4.385260       4.386950       4.388640       4.390350       4.392060       4.393780       4.395500       4.397240    
   4.351210       4.351370       4.353370       4.355420       4.357410       4.359530       4.360300       4.361060       4.363660       4.366820       4.368400       4.369990       4.371590       4.373200       4.374820       4.376440       4.378080       4.379730       4.381380       4.383040       4.384710       4.386390       4.388070       4.389760       4.391460       4.393170       4.394880       4.396600       4.398330       4.400060    
   4.351370       4.353390       4.355420       4.357450       4.359530       4.359910       4.360300       4.362960       4.366820       4.367610       4.370660       4.372690       4.374310       4.375930       4.377560       4.379200       4.380850       4.382500       4.384170       4.385840       4.387510       4.389200       4.390890       4.392580       4.394280       4.395990       4.397710       4.399430       4.401160       4.402890    
   4.353390       4.355420       4.357470       4.359530       4.359720       4.359910       4.362500       4.366820       4.367220       4.370910       4.374050       4.375400       4.377030       4.378660       4.380310       4.381960       4.383620       4.385280       4.386960       4.388630       4.390320       4.392010       4.393700       4.395400       4.397110       4.398820       4.400530       4.402260       4.403980       4.405720    
   4.355420       4.357470       4.359530       4.359630       4.359720       4.362240       4.366820       4.367020       4.371010       4.374720       4.375400       4.376210       4.378120       4.381400       4.383060       4.384720       4.386390       4.388070       4.389750       4.391430       4.393120       4.394820       4.396520       4.398220       4.399930       4.401650       4.403360       4.405090       4.406810       4.408550    
   4.357470       4.359530       4.359580       4.359630       4.362100       4.366820       4.366920       4.371060       4.375060       4.375400       4.375810       4.377780       4.381400       4.382230       4.383060       4.384720       4.386390       4.388070       4.392100       4.394230       4.395930       4.397630       4.399340       4.401050       4.402760       4.404470       4.406190       4.407920       4.409640       4.411380    
   4.359530       4.359550       4.359580       4.362030       4.366820       4.366870       4.371090       4.375230       4.375400       4.375600       4.377600       4.381400       4.381810       4.382230       4.383340       4.384730       4.386400       4.391850       4.395630       4.397040       4.398740       4.400450       4.402160       4.403870       4.405580       4.407300       4.409020       4.410750       4.412470       4.414200    
   4.359540       4.359550       4.362000       4.366820       4.366840       4.371100       4.375320       4.375400       4.375500       4.377500       4.381400       4.381610       4.381810       4.382460       4.383430       4.384820       4.391270       4.396340       4.397040       4.399110       4.401550       4.403260       4.404980       4.406690       4.408410       4.410130       4.411850       4.413570       4.415300       4.417030    
   4.359540       4.361980       4.366820       4.366830       4.371100       4.375360       4.375400       4.375450       4.377450       4.381400       4.381500       4.381610       4.381960       4.382570       4.383570       4.392330       4.396690       4.397040       4.402270       4.404360       4.405390       4.406080       4.407800       4.409520       4.411240       4.412960       4.414680       4.416400       4.418130       4.419850    
   4.361970       4.366820       4.366830       4.371110       4.375380       4.375400       4.375430       4.377430       4.381400       4.381450       4.381500       4.381690       4.382050       4.391430       4.399120       4.405430       4.405430       4.406420       4.407630       4.408570       4.407170       4.408890       4.410610       4.412340       4.414060       4.415780       4.417500       4.419220       4.420950       4.422670    
   4.366820       4.366820       4.371110       4.375390       4.375400       4.375410       4.377410       4.381400       4.381430       4.381450       4.381550       4.381750       4.398140       4.417720       4.417630       4.413180       4.414180       4.413830       4.411350       4.409970       4.409970       4.411700       4.413430       4.415150       4.416880       4.418600       4.420320       4.422040       4.423770       4.425490    
   4.366820       4.371110       4.375390       4.375400       4.375410       4.377410       4.381400       4.381410       4.381430       4.381480       4.398590       4.424110       4.419920       4.417800       4.417800       4.417630       4.415470       4.414530       4.413830       4.413030       4.412770       4.414510       4.416240       4.417970       4.419690       4.421420       4.423140       4.424860       4.426580       4.428300    
   4.371110       4.375400       4.375400       4.375400       4.377400       4.381400       4.381410       4.381410       4.381440       4.401940       4.424110       4.424110       4.424110       4.420050       4.417980       4.417980       4.417630       4.415890       4.415220       4.413830       4.415570       4.417310       4.419040       4.420770       4.422500       4.424230       4.425950       4.427670       4.429390       4.431100    
   4.375400       4.375400       4.375400       4.377400       4.381400       4.381400       4.381410       4.395010       4.408780       4.424120       4.424110       4.424110       4.424110       4.424110       4.420300       4.418320       4.418320       4.417630       4.416860       4.416610       4.418360       4.420100       4.421840       4.423580       4.425310       4.427030       4.428750       4.430470       4.432190       4.433900    
   4.375400       4.375400       4.377400       4.381400       4.381400       4.403460       4.436540       4.436160       4.435770       4.428020       4.424130       4.424110       4.424110       4.424110       4.424110       4.420790       4.419010       4.419010       4.417630       4.419390       4.421150       4.422890       4.424640       4.426370       4.428100       4.429830       4.431550       4.433270       4.434980       4.436690    
   4.375400       4.377400       4.381400       4.381400       4.407870       4.436550       4.436550       4.436540       4.436160       4.435770       4.428050       4.424180       4.424110       4.424110       4.424110       4.424110       4.421730       4.420390       4.420400       4.422160       4.423920       4.425680       4.427420       4.429160       4.430900       4.432620       4.434340       4.436050       4.437760       4.439470    
