iMOD/TUTORIALS/TUT_MetaswapAnalyser/model_MetaSWAP/meteo/Evaporation/Evaporation_20061018_L1.ASC
NCOLS                30
NROWS                30
XLLCORNER     160000.00
YLLCORNER     340000.00
CELLSIZE        1000.00
NODATA_VALUE   -9999.00
  0.7118500      0.7144100      0.7169800      0.7195600      0.7221300      0.7247100      0.7272900      0.7298600      0.7324200      0.7349800      0.7375300      0.7400700      0.7426000      0.7451200      0.7476200      0.7501100      0.7525800      0.7550400      0.7574800      0.7599000      0.7623000      0.7646800      0.7670400      0.7693800      0.7716900      0.7739900      0.7762600      0.7785100      0.7807400      0.7829400    
  0.7141100      0.7166700      0.7192300      0.7218000      0.7243700      0.7269400      0.7295100      0.7320700      0.7346300      0.7371800      0.7397300      0.7422600      0.7447800      0.7473000      0.7497900      0.7522800      0.7547400      0.7572000      0.7596300      0.7620400      0.7644400      0.7668200      0.7691700      0.7715100      0.7738200      0.7761200      0.7783900      0.7806300      0.7828600      0.7850600    
  0.7164000      0.7189500      0.7215100      0.7240700      0.7266300      0.7291900      0.7317500      0.7343100      0.7368600      0.7394100      0.7419400      0.7444700      0.7469900      0.7495000      0.7519900      0.7544700      0.7569300      0.7593700      0.7618000      0.7642100      0.7666100      0.7689800      0.7713300      0.7736600      0.7759700      0.7782600      0.7805300      0.7827800      0.7850000      0.7872000    
  0.7187100      0.7212600      0.7238100      0.7263600      0.7289200      0.7314700      0.7340200      0.7365700      0.7391200      0.7416600      0.7441900      0.7467100      0.7492200      0.7517200      0.7542000      0.7566800      0.7591300      0.7615800      0.7640000      0.7664100      0.7687900      0.7711600      0.7735100      0.7758400      0.7781500      0.7804300      0.7827000      0.7849400      0.7871600      0.7893600    
  0.7210400      0.7235800      0.7261300      0.7286800      0.7312200      0.7337700      0.7363200      0.7388600      0.7414000      0.7439300      0.7464500      0.7489700      0.7514700      0.7539600      0.7564400      0.7589100      0.7613600      0.7638000      0.7662200      0.7686200      0.7710000      0.7733700      0.7757100      0.7780400      0.7803400      0.7826200      0.7848800      0.7871200      0.7893400      0.7915300    
  0.7234000      0.7259300      0.7284700      0.7310100      0.7335500      0.7360900      0.7386300      0.7411700      0.7437000      0.7462200      0.7487400      0.7512500      0.7537400      0.7562300      0.7587100      0.7611700      0.7636100      0.7660400      0.7684600      0.7708500      0.7732300      0.7755900      0.7779300      0.7802500      0.7825500      0.7848300      0.7870900      0.7893200      0.7915400      0.7937300    
  0.7257700      0.7283000      0.7308300      0.7333600      0.7359000      0.7384300      0.7409600      0.7434900      0.7460200      0.7485400      0.7510500      0.7535500      0.7560400      0.7585200      0.7609900      0.7634400      0.7658800      0.7683100      0.7707200      0.7731100      0.7754800      0.7778400      0.7801700      0.7824900      0.7847800      0.7870600      0.7893100      0.7915400      0.7937500      0.7959400    
  0.7281600      0.7306900      0.7332100      0.7357400      0.7382700      0.7407900      0.7433200      0.7458400      0.7483600      0.7508700      0.7533700      0.7558700      0.7583500      0.7608300      0.7632900      0.7657400      0.7681700      0.7705900      0.7730000      0.7753800      0.7777500      0.7801000      0.7824300      0.7847400      0.7870300      0.7893000      0.7915500      0.7937800      0.7959900      0.7981700    
  0.7305700      0.7330900      0.7356100      0.7381300      0.7406500      0.7431700      0.7456900      0.7482100      0.7507200      0.7532200      0.7557200      0.7582100      0.7606900      0.7631600      0.7656100      0.7680600      0.7704800      0.7729000      0.7753000      0.7776800      0.7800400      0.7823800      0.7847100      0.7870200      0.7893000      0.7915700      0.7938100      0.7960300      0.7982400      0.8004200    
  0.7330000      0.7355100      0.7380200      0.7405400      0.7430600      0.7455700      0.7480800      0.7505900      0.7531000      0.7556000      0.7580900      0.7605700      0.7630400      0.7655000      0.7679500      0.7703900      0.7728100      0.7752200      0.7776100      0.7799900      0.7823500      0.7846800      0.7870100      0.7893100      0.7915900      0.7938500      0.7960900      0.7983100      0.8005000      0.8026800    
  0.7330000      0.7355100      0.7392600      0.7429700      0.7454800      0.7479800      0.7504900      0.7529900      0.7554900      0.7579900      0.7604700      0.7629500      0.7654100      0.7678700      0.7703100      0.7727400      0.7751600      0.7775600      0.7799500      0.7823200      0.7846700      0.7870000      0.7893200      0.7916100      0.7938900      0.7961500      0.7983800      0.8005900      0.8027900      0.8049600    
  0.7330010      0.7376850      0.7429700      0.7466800      0.7479100      0.7504200      0.7529200      0.7554100      0.7579100      0.7603900      0.7628700      0.7653400      0.7678000      0.7702500      0.7726900      0.7751100      0.7775300      0.7799200      0.7823000      0.7846600      0.7870100      0.7893400      0.7916500      0.7939400      0.7962100      0.7984600      0.8006900      0.8029000      0.8050900      0.8072500    
  0.7360380      0.7429700      0.7472860      0.7491350      0.7503600      0.7528600      0.7553600      0.7578500      0.7603300      0.7628100      0.7652900      0.7677500      0.7702100      0.7726500      0.7750800      0.7775000      0.7799100      0.7823000      0.7846700      0.7870300      0.7893700      0.7916900      0.7940000      0.7962800      0.7985400      0.8007900      0.8030100      0.8052200      0.8074000      0.8095600    
  0.7429700      0.7475910      0.7497480      0.7503600      0.7528470      0.7553200      0.7578100      0.7603000      0.7627800      0.7652500      0.7677200      0.7701800      0.7726300      0.7750600      0.7774900      0.7799000      0.7823000      0.7846900      0.7870600      0.7894100      0.7917400      0.7940600      0.7963600      0.7986400      0.8009000      0.8031300      0.8053500      0.8075500      0.8097300      0.8118800    
  0.7477440      0.7500540      0.7503600      0.7528420      0.7553200      0.7578030      0.7602800      0.7627600      0.7652400      0.7677000      0.7701700      0.7726200      0.7750600      0.7774900      0.7799100      0.7823200      0.7847100      0.7870900      0.7894600      0.7918000      0.7941300      0.7964400      0.7987300      0.8010100      0.8032600      0.8054900      0.8077100      0.8099000      0.8120700      0.8142200    
  0.7502070      0.7503600      0.7528410      0.7553200      0.7578010      0.7602800      0.7615200      0.7627600      0.7664680      0.7701700      0.7726300      0.7750700      0.7775100      0.7799400      0.7823500      0.7847500      0.7871400      0.7895100      0.7918700      0.7942100      0.7965300      0.7988400      0.8011200      0.8033900      0.8056400      0.8078700      0.8100700      0.8122600      0.8144300      0.8165700    
  0.7503600      0.7528400      0.7553200      0.7578000      0.7602800      0.7609000      0.7615200      0.7652290      0.7701700      0.7714000      0.7750860      0.7775400      0.7799700      0.7823900      0.7848000      0.7872000      0.7895800      0.7919500      0.7943000      0.7966300      0.7989500      0.8012500      0.8035300      0.8057900      0.8080300      0.8102500      0.8124500      0.8146300      0.8167900      0.8189300    
  0.7528400      0.7553200      0.7578000      0.7602800      0.7605900      0.7609000      0.7644550      0.7701700      0.7707850      0.7750910      0.7787800      0.7800200      0.7824500      0.7848600      0.7872700      0.7896600      0.7920300      0.7943900      0.7967400      0.7990700      0.8013800      0.8036700      0.8059500      0.8082000      0.8104400      0.8126500      0.8148500      0.8170200      0.8191700      0.8213100    
  0.7553200      0.7578000      0.7602800      0.7604350      0.7605900      0.7640290      0.7701700      0.7704770      0.7750930      0.7794000      0.7800200      0.7812350      0.7836700      0.7873500      0.7897400      0.7921300      0.7945000      0.7968500      0.7991900      0.8015200      0.8038200      0.8061100      0.8083800      0.8106200      0.8128500      0.8150600      0.8172500      0.8194200      0.8215700      0.8236900    
  0.7578000      0.7602800      0.7603570      0.7604350      0.7638060      0.7701700      0.7703240      0.7750940      0.7797100      0.7800200      0.7806270      0.7830690      0.7873500      0.7885450      0.7897400      0.7921230      0.7944930      0.7968470      0.8015980      0.8039800      0.8062700      0.8085600      0.8108200      0.8130600      0.8152800      0.8174800      0.8196700      0.8218300      0.8239700      0.8260900    
  0.7602800      0.7603190      0.7603570      0.7636920      0.7701700      0.7702470      0.7750950      0.7798650      0.7800200      0.7803240      0.7827670      0.7873500      0.7879480      0.7885450      0.7901360      0.7921190      0.7944880      0.8009210      0.8052150      0.8064500      0.8087400      0.8110100      0.8132700      0.8155000      0.8177200      0.8199200      0.8220900      0.8242500      0.8263800      0.8284900    
  0.7602990      0.7603190      0.7636350      0.7701700      0.7702080      0.7750950      0.7799430      0.7800200      0.7801720      0.7826150      0.7873500      0.7876490      0.7879480      0.7888760      0.7902670      0.7922480      0.7999620      0.8058330      0.8064500      0.8088000      0.8112100      0.8134800      0.8157300      0.8179600      0.8201700      0.8223600      0.8245300      0.8266800      0.8288000      0.8309100    
  0.7602990      0.7636060      0.7701700      0.7701890      0.7750950      0.7799810      0.7800200      0.7800960      0.7825390      0.7873500      0.7874990      0.7876490      0.7881580      0.7890300      0.7904640      0.8005150      0.8061410      0.8064500      0.8115970      0.8137000      0.8150580      0.8159600      0.8182000      0.8204300      0.8226300      0.8248100      0.8269700      0.8291100      0.8312300      0.8333300    
  0.7635910      0.7701700      0.7701800      0.7750950      0.7800010      0.7800200      0.7800580      0.7825010      0.7873500      0.7874250      0.7874990      0.7877690      0.7882790      0.7979750      0.8064820      0.8139580      0.8139550      0.8151670      0.8166110      0.8174400      0.8161900      0.8184500      0.8206800      0.8229000      0.8251000      0.8272700      0.8294300      0.8315600      0.8336700      0.8357600    
  0.7701700      0.7701750      0.7750950      0.7800100      0.7800200      0.7800390      0.7824820      0.7873500      0.7873870      0.7874250      0.7875640      0.7878490      0.8045520      0.8243290      0.8242500      0.8206780      0.8217760      0.8214600      0.8197150      0.8186930      0.8186900      0.8209400      0.8231700      0.8253800      0.8275700      0.8297400      0.8318900      0.8340100      0.8361200      0.8382000    
  0.7701720      0.7750950      0.7800150      0.7800200      0.7800290      0.7824730      0.7873500      0.7873690      0.7873870      0.7874590      0.8044120      0.8296100      0.8261550      0.8244090      0.8244090      0.8242500      0.8227310      0.8220930      0.8214600      0.8212670      0.8212000      0.8234400      0.8256700      0.8278700      0.8300500      0.8322200      0.8343600      0.8364700      0.8385700      0.8406500    
  0.7750950      0.7800180      0.7800200      0.7800250      0.7824680      0.7873500      0.7873590      0.7873690      0.7874050      0.8076960      0.8296100      0.8296100      0.8296100      0.8262730      0.8245680      0.8245670      0.8242500      0.8231230      0.8227250      0.8214600      0.8237200      0.8259500      0.8281700      0.8303700      0.8325400      0.8347000      0.8368300      0.8389400      0.8410300      0.8431000    
  0.7800190      0.7800200      0.7800220      0.7824660      0.7873500      0.7873550      0.7873590      0.8005560      0.8142160      0.8296170      0.8296100      0.8296100      0.8296100      0.8296100      0.8265060      0.8248850      0.8248850      0.8242500      0.8240550      0.8239900      0.8262400      0.8284700      0.8306800      0.8328700      0.8350400      0.8371900      0.8393100      0.8414100      0.8434900      0.8455500    
  0.7800200      0.7800210      0.7824650      0.7873500      0.7873520      0.8085540      0.8403500      0.8402200      0.8400900      0.8331220      0.8296310      0.8296100      0.8296100      0.8296100      0.8296100      0.8269620      0.8255210      0.8255200      0.8242500      0.8265200      0.8287600      0.8309900      0.8331900      0.8353800      0.8375400      0.8396800      0.8418000      0.8438900      0.8459600      0.8480100    
  0.7800210      0.7824640      0.7873500      0.7873510      0.8127950      0.8403550      0.8403550      0.8403500      0.8402200      0.8400900      0.8331580      0.8296730      0.8296100      0.8296100      0.8296100      0.8296100      0.8278320      0.8267930      0.8267900      0.8290500      0.8312900      0.8335100      0.8357100      0.8378900      0.8400400      0.8421700      0.8442800      0.8463700      0.8484400      0.8504800    
