iMOD/TUTORIALS/TUT_MetaswapAnalyser/model_MetaSWAP/meteo/Evaporation/Evaporation_20060826_L1.ASC
NCOLS                30
NROWS                30
XLLCORNER     160000.00
YLLCORNER     340000.00
CELLSIZE        1000.00
NODATA_VALUE   -9999.00
   1.151430       1.157020       1.162660       1.168350       1.174090       1.179880       1.185730       1.191630       1.197580       1.203590       1.209650       1.215770       1.221950       1.228180       1.234460       1.240800       1.247190       1.253630       1.260120       1.266660       1.273240       1.279870       1.286550       1.293260       1.300010       1.306790       1.313610       1.320460       1.327330       1.334220    
   1.154580       1.160230       1.165920       1.171660       1.177440       1.183280       1.189170       1.195110       1.201100       1.207140       1.213240       1.219380       1.225580       1.231830       1.238120       1.244470       1.250860       1.257310       1.263790       1.270320       1.276890       1.283510       1.290160       1.296840       1.303560       1.310310       1.317090       1.323890       1.330720       1.337570    
   1.157830       1.163530       1.169270       1.175060       1.180890       1.186780       1.192710       1.198690       1.204710       1.210790       1.216910       1.223080       1.229300       1.235560       1.241870       1.248230       1.254630       1.261070       1.267550       1.274070       1.280630       1.287230       1.293860       1.300520       1.307200       1.313920       1.320660       1.327420       1.334200       1.341000    
   1.161170       1.166920       1.172710       1.178550       1.184430       1.190360       1.196330       1.202350       1.208410       1.214520       1.220670       1.226860       1.233100       1.239390       1.245710       1.252070       1.258480       1.264920       1.271400       1.277910       1.284460       1.291030       1.297640       1.304270       1.310930       1.317610       1.324310       1.331030       1.337770       1.344520    
   1.164600       1.170400       1.176240       1.182120       1.188050       1.194020       1.200030       1.206090       1.212190       1.218330       1.224510       1.230730       1.236990       1.243290       1.249620       1.256000       1.262400       1.268850       1.275320       1.281820       1.288360       1.294920       1.301500       1.308110       1.314740       1.321380       1.328050       1.334720       1.341410       1.348110    
   1.168110       1.173960       1.179850       1.185780       1.191750       1.197760       1.203820       1.209910       1.216040       1.222210       1.228420       1.234670       1.240950       1.247260       1.253610       1.259990       1.266410       1.272850       1.279320       1.285810       1.292330       1.298880       1.305440       1.312020       1.318620       1.325230       1.331860       1.338490       1.345140       1.351790    
   1.171700       1.177590       1.183530       1.189510       1.195530       1.201580       1.207670       1.213800       1.219970       1.226170       1.232410       1.238680       1.244980       1.251310       1.257670       1.264060       1.270480       1.276920       1.283390       1.289870       1.296380       1.302910       1.309450       1.316000       1.322570       1.329150       1.335740       1.342330       1.348930       1.355530    
   1.175360       1.181300       1.187290       1.193310       1.199370       1.205470       1.211600       1.217770       1.223970       1.230200       1.236460       1.242760       1.249080       1.255430       1.261800       1.268200       1.274620       1.281060       1.287530       1.294000       1.300500       1.307010       1.313520       1.320050       1.326590       1.333140       1.339690       1.346240       1.352790       1.359350    
   1.179080       1.185080       1.191110       1.197180       1.203280       1.209420       1.215590       1.221800       1.228030       1.234290       1.240580       1.246900       1.253240       1.259610       1.266000       1.272400       1.278830       1.285270       1.291730       1.298200       1.304680       1.311170       1.317670       1.324170       1.330680       1.337190       1.343700       1.350210       1.356720       1.363230    
   1.182870       1.188920       1.195000       1.201110       1.207260       1.213440       1.219650       1.225890       1.232150       1.238450       1.244760       1.251110       1.257470       1.263850       1.270250       1.276660       1.283090       1.289540       1.295990       1.302450       1.308920       1.315390       1.321870       1.328350       1.334820       1.341300       1.347780       1.354250       1.360710       1.367170    
   1.182890       1.188930       1.197530       1.205100       1.211290       1.217510       1.223760       1.230030       1.236330       1.242660       1.249000       1.255360       1.261750       1.268140       1.274560       1.280980       1.287410       1.293860       1.300300       1.306760       1.313210       1.319670       1.326120       1.332580       1.339030       1.345470       1.351910       1.358330       1.364750       1.371160    
   1.182900       1.193610       1.205100       1.212820       1.215370       1.221630       1.227920       1.234230       1.240560       1.246920       1.253290       1.259680       1.266080       1.272490       1.278920       1.285350       1.291790       1.298230       1.304670       1.311120       1.317560       1.324000       1.330430       1.336860       1.343280       1.349690       1.356090       1.362480       1.368850       1.375210    
   1.189630       1.205100       1.213720       1.217440       1.219510       1.225810       1.232130       1.238480       1.244840       1.251230       1.257620       1.264040       1.270460       1.276890       1.283320       1.289770       1.296210       1.302650       1.309090       1.315530       1.321960       1.328380       1.334790       1.341190       1.347580       1.353960       1.360320       1.366660       1.372990       1.379300    
   1.205100       1.214200       1.218470       1.219510       1.225110       1.230020       1.236390       1.242770       1.249170       1.255580       1.262000       1.268440       1.274880       1.281330       1.287780       1.294230       1.300670       1.307120       1.313550       1.319980       1.326400       1.332800       1.339200       1.345570       1.351930       1.358270       1.364600       1.370900       1.377180       1.383440    
   1.214450       1.218990       1.219510       1.224880       1.230020       1.235700       1.240680       1.247100       1.253530       1.259970       1.266420       1.272880       1.279340       1.285810       1.292270       1.298730       1.305180       1.311620       1.318050       1.324470       1.330880       1.337270       1.343640       1.349990       1.356320       1.362630       1.368910       1.375170       1.381410       1.387620    
   1.219250       1.219510       1.224800       1.230020       1.235470       1.240680       1.243890       1.247100       1.256250       1.264400       1.270880       1.277360       1.283840       1.290320       1.296790       1.303260       1.309720       1.316160       1.322590       1.329000       1.335400       1.341770       1.348120       1.354440       1.360740       1.367020       1.373260       1.379480       1.385670       1.391830    
   1.219510       1.224780       1.230020       1.235390       1.240680       1.242290       1.243890       1.252910       1.264400       1.267640       1.276180       1.281860       1.288370       1.294860       1.301350       1.307830       1.314290       1.320740       1.327160       1.333570       1.339950       1.346300       1.352630       1.358930       1.365200       1.371440       1.377650       1.383820       1.389960       1.396080    
   1.224770       1.230020       1.235360       1.240680       1.241480       1.242290       1.250870       1.264400       1.266020       1.275750       1.284130       1.286400       1.292920       1.299440       1.305940       1.312420       1.318890       1.325340       1.331760       1.338160       1.344530       1.350860       1.357170       1.363440       1.369680       1.375890       1.382060       1.388190       1.394290       1.400350    
   1.230020       1.235350       1.240680       1.241080       1.241480       1.249760       1.264400       1.265210       1.275570       1.285260       1.286400       1.289660       1.295700       1.304030       1.310550       1.317040       1.323520       1.329960       1.336380       1.342770       1.349130       1.355450       1.361740       1.367980       1.374190       1.380360       1.386490       1.392580       1.398630       1.404640    
   1.235350       1.240680       1.240880       1.241080       1.249180       1.264400       1.264810       1.275480       1.285830       1.286400       1.288030       1.293950       1.304030       1.307290       1.310540       1.317040       1.323510       1.329950       1.341720       1.347410       1.353750       1.360060       1.366320       1.372540       1.378720       1.384860       1.390950       1.396990       1.403000       1.408950    
   1.240680       1.240780       1.240880       1.248890       1.264400       1.264600       1.275440       1.286120       1.286400       1.287210       1.293100       1.304030       1.305660       1.307290       1.311620       1.317030       1.323500       1.339390       1.349740       1.352060       1.358390       1.364680       1.370920       1.377120       1.383270       1.389370       1.395420       1.401420       1.407370       1.413280    
   1.240730       1.240780       1.248740       1.264400       1.264500       1.275420       1.286260       1.286400       1.286810       1.292690       1.304030       1.304840       1.305660       1.308190       1.311980       1.317380       1.336580       1.350900       1.352060       1.357830       1.363040       1.369310       1.375540       1.381700       1.387820       1.393890       1.399900       1.405850       1.411760       1.417620    
   1.240730       1.248660       1.264400       1.264450       1.275410       1.286330       1.286400       1.286600       1.292480       1.304030       1.304440       1.304840       1.306230       1.308610       1.312520       1.336690       1.351480       1.352060       1.363070       1.367700       1.371450       1.373960       1.380160       1.386300       1.392380       1.398410       1.404380       1.410300       1.416150       1.421960    
   1.248620       1.264400       1.264430       1.275410       1.286360       1.286400       1.286500       1.292380       1.304030       1.304230       1.304440       1.305170       1.306560       1.327580       1.347440       1.366050       1.366050       1.369310       1.373140       1.374690       1.372360       1.378600       1.384780       1.390900       1.396950       1.402940       1.408870       1.414740       1.420550       1.426300    
   1.264400       1.264410       1.275400       1.286380       1.286400       1.286450       1.292330       1.304030       1.304130       1.304230       1.304610       1.305390       1.341130       1.383100       1.382960       1.377820       1.380620       1.380040       1.378250       1.377020       1.377020       1.383240       1.389400       1.395490       1.401510       1.407470       1.413350       1.419180       1.424930       1.430630    
   1.264410       1.275400       1.286390       1.286400       1.286430       1.292300       1.304030       1.304080       1.304130       1.304330       1.338920       1.390190       1.385580       1.383250       1.383250       1.382960       1.381650       1.381200       1.380040       1.381260       1.381670       1.387880       1.394010       1.400080       1.406070       1.411980       1.417830       1.423610       1.429310       1.434950    
   1.275400       1.286400       1.286400       1.286410       1.292290       1.304030       1.304060       1.304080       1.304180       1.345550       1.390190       1.390190       1.390190       1.385800       1.383530       1.383530       1.382960       1.382400       1.382360       1.380040       1.386310       1.392500       1.398620       1.404650       1.410610       1.416490       1.422290       1.428020       1.433680       1.439260    
   1.286400       1.286400       1.286410       1.292280       1.304030       1.304040       1.304060       1.329400       1.357430       1.390200       1.390190       1.390190       1.390190       1.390190       1.386220       1.384100       1.384100       1.382960       1.384240       1.384680       1.390930       1.397110       1.403200       1.409210       1.415140       1.420980       1.426740       1.432420       1.438020       1.443550    
   1.286400       1.286400       1.292280       1.304030       1.304040       1.343500       1.402670       1.403980       1.405290       1.395260       1.390230       1.390190       1.390190       1.390190       1.390190       1.387050       1.385250       1.385250       1.382960       1.389290       1.395540       1.401700       1.407770       1.413750       1.419640       1.425440       1.431160       1.436790       1.442340       1.447810    
   1.286400       1.292280       1.304030       1.304030       1.351390       1.402680       1.402680       1.402670       1.403980       1.405290       1.395320       1.390300       1.390190       1.390190       1.390190       1.390190       1.388650       1.387530       1.387540       1.393870       1.400110       1.406260       1.412310       1.418260       1.424120       1.429880       1.435550       1.441130       1.446630       1.452040    
