iMOD/TUTORIALS/TUT_MetaswapAnalyser/model_MetaSWAP/meteo/Evaporation/Evaporation_20060205_L1.ASC
NCOLS                30
NROWS                30
XLLCORNER     160000.00
YLLCORNER     340000.00
CELLSIZE        1000.00
NODATA_VALUE   -9999.00
  0.1273400      0.1272700      0.1272100      0.1271500      0.1270900      0.1270300      0.1269800      0.1269300      0.1268900      0.1268400      0.1268000      0.1267700      0.1267400      0.1267100      0.1266800      0.1266600      0.1266400      0.1266200      0.1266000      0.1265900      0.1265800      0.1265700      0.1265700      0.1265600      0.1265600      0.1265700      0.1265700      0.1265800      0.1265800      0.1265900    
  0.1279200      0.1278500      0.1277900      0.1277200      0.1276700      0.1276100      0.1275600      0.1275100      0.1274700      0.1274300      0.1273900      0.1273500      0.1273200      0.1272900      0.1272600      0.1272400      0.1272200      0.1272000      0.1271800      0.1271700      0.1271600      0.1271500      0.1271400      0.1271400      0.1271400      0.1271400      0.1271400      0.1271400      0.1271500      0.1271600    
  0.1284900      0.1284300      0.1283700      0.1283100      0.1282500      0.1282000      0.1281400      0.1281000      0.1280500      0.1280100      0.1279700      0.1279400      0.1279100      0.1278800      0.1278500      0.1278300      0.1278000      0.1277800      0.1277700      0.1277500      0.1277400      0.1277300      0.1277200      0.1277200      0.1277100      0.1277100      0.1277100      0.1277100      0.1277200      0.1277200    
  0.1290700      0.1290100      0.1289500      0.1288900      0.1288300      0.1287800      0.1287300      0.1286800      0.1286400      0.1286000      0.1285600      0.1285300      0.1284900      0.1284600      0.1284400      0.1284100      0.1283900      0.1283700      0.1283500      0.1283400      0.1283200      0.1283100      0.1283000      0.1283000      0.1282900      0.1282900      0.1282800      0.1282800      0.1282900      0.1282900    
  0.1296500      0.1295900      0.1295300      0.1294700      0.1294200      0.1293600      0.1293200      0.1292700      0.1292300      0.1291900      0.1291500      0.1291100      0.1290800      0.1290500      0.1290200      0.1290000      0.1289800      0.1289600      0.1289400      0.1289200      0.1289100      0.1289000      0.1288800      0.1288800      0.1288700      0.1288600      0.1288600      0.1288600      0.1288600      0.1288600    
  0.1302300      0.1301700      0.1301100      0.1300500      0.1300000      0.1299500      0.1299000      0.1298600      0.1298200      0.1297800      0.1297400      0.1297000      0.1296700      0.1296400      0.1296100      0.1295900      0.1295700      0.1295400      0.1295300      0.1295100      0.1294900      0.1294800      0.1294700      0.1294600      0.1294500      0.1294400      0.1294400      0.1294300      0.1294300      0.1294300    
  0.1308100      0.1307500      0.1306900      0.1306400      0.1305900      0.1305400      0.1304900      0.1304500      0.1304000      0.1303700      0.1303300      0.1302900      0.1302600      0.1302300      0.1302000      0.1301800      0.1301600      0.1301300      0.1301100      0.1301000      0.1300800      0.1300700      0.1300500      0.1300400      0.1300300      0.1300200      0.1300100      0.1300100      0.1300000      0.1300000    
  0.1314000      0.1313400      0.1312800      0.1312200      0.1311700      0.1311200      0.1310800      0.1310400      0.1309900      0.1309600      0.1309200      0.1308900      0.1308500      0.1308200      0.1308000      0.1307700      0.1307500      0.1307200      0.1307000      0.1306900      0.1306700      0.1306500      0.1306400      0.1306200      0.1306100      0.1306000      0.1305900      0.1305800      0.1305800      0.1305700    
  0.1319800      0.1319200      0.1318600      0.1318100      0.1317600      0.1317100      0.1316700      0.1316300      0.1315900      0.1315500      0.1315100      0.1314800      0.1314500      0.1314200      0.1313900      0.1313600      0.1313400      0.1313200      0.1312900      0.1312700      0.1312600      0.1312400      0.1312200      0.1312100      0.1312000      0.1311800      0.1311700      0.1311600      0.1311500      0.1311400    
  0.1325600      0.1325000      0.1324500      0.1324000      0.1323500      0.1323000      0.1322600      0.1322200      0.1321800      0.1321400      0.1321000      0.1320700      0.1320400      0.1320100      0.1319800      0.1319600      0.1319300      0.1319100      0.1318900      0.1318700      0.1318500      0.1318300      0.1318100      0.1317900      0.1317800      0.1317700      0.1317500      0.1317400      0.1317300      0.1317200    
  0.1325600      0.1325030      0.1325850      0.1329900      0.1329400      0.1328900      0.1328500      0.1328100      0.1327700      0.1327300      0.1327000      0.1326600      0.1326300      0.1326000      0.1325800      0.1325500      0.1325200      0.1325000      0.1324800      0.1324600      0.1324400      0.1324200      0.1324000      0.1323800      0.1323600      0.1323500      0.1323300      0.1323200      0.1323100      0.1322900    
  0.1325610      0.1326600      0.1329900      0.1333950      0.1335300      0.1334800      0.1334400      0.1334000      0.1333600      0.1333300      0.1332900      0.1332600      0.1332300      0.1332000      0.1331700      0.1331400      0.1331200      0.1330900      0.1330700      0.1330500      0.1330300      0.1330100      0.1329900      0.1329700      0.1329500      0.1329300      0.1329200      0.1329000      0.1328800      0.1328700    
  0.1327080      0.1329900      0.1335830      0.1338250      0.1341200      0.1340700      0.1340300      0.1339900      0.1339500      0.1339200      0.1338800      0.1338500      0.1338200      0.1337900      0.1337600      0.1337400      0.1337100      0.1336900      0.1336600      0.1336400      0.1336200      0.1336000      0.1335800      0.1335600      0.1335400      0.1335200      0.1335000      0.1334800      0.1334600      0.1334400    
  0.1329900      0.1336660      0.1339720      0.1341200      0.1342830      0.1346600      0.1346200      0.1345800      0.1345500      0.1345100      0.1344800      0.1344500      0.1344200      0.1343900      0.1343600      0.1343300      0.1343100      0.1342800      0.1342600      0.1342300      0.1342100      0.1341900      0.1341700      0.1341400      0.1341200      0.1341000      0.1340800      0.1340600      0.1340400      0.1340200    
  0.1337060      0.1340460      0.1341200      0.1343540      0.1346600      0.1348300      0.1352100      0.1351700      0.1351400      0.1351000      0.1350700      0.1350400      0.1350100      0.1349800      0.1349500      0.1349300      0.1349000      0.1348700      0.1348500      0.1348300      0.1348000      0.1347800      0.1347500      0.1347300      0.1347100      0.1346900      0.1346600      0.1346400      0.1346200      0.1346000    
  0.1340830      0.1341200      0.1343780      0.1346600      0.1349000      0.1352100      0.1351900      0.1351730      0.1352780      0.1357000      0.1356700      0.1356300      0.1356000      0.1355800      0.1355500      0.1355200      0.1354900      0.1354700      0.1354400      0.1354200      0.1353900      0.1353700      0.1353400      0.1353200      0.1353000      0.1352700      0.1352500      0.1352200      0.1352000      0.1351700    
  0.1341200      0.1343860      0.1346600      0.1349230      0.1352100      0.1352000      0.1351910      0.1353350      0.1357000      0.1356850      0.1360100      0.1362300      0.1362000      0.1361700      0.1361400      0.1361200      0.1360900      0.1360600      0.1360400      0.1360100      0.1359800      0.1359600      0.1359300      0.1359100      0.1358800      0.1358600      0.1358300      0.1358000      0.1357800      0.1357500    
  0.1343890      0.1346600      0.1349310      0.1352100      0.1352050      0.1352000      0.1353570      0.1357000      0.1356930      0.1361480      0.1365250      0.1368200      0.1367900      0.1367600      0.1367400      0.1367100      0.1366800      0.1366600      0.1366300      0.1366000      0.1365800      0.1365500      0.1365200      0.1365000      0.1364700      0.1364400      0.1364100      0.1363900      0.1363600      0.1363300    
  0.1346600      0.1349340      0.1352100      0.1352080      0.1352050      0.1353650      0.1357000      0.1356960      0.1362070      0.1366720      0.1368200      0.1368050      0.1369330      0.1373600      0.1373300      0.1373000      0.1372800      0.1372500      0.1372200      0.1371900      0.1371700      0.1371400      0.1371100      0.1370800      0.1370500      0.1370300      0.1370000      0.1369700      0.1369400      0.1369000    
  0.1349350      0.1352100      0.1352090      0.1352080      0.1353700      0.1357000      0.1356980      0.1362340      0.1367460      0.1368200      0.1368130      0.1369790      0.1373600      0.1373450      0.1373300      0.1373030      0.1372770      0.1372500      0.1375660      0.1377900      0.1377600      0.1377300      0.1377000      0.1376700      0.1376400      0.1376100      0.1375800      0.1375500      0.1375100      0.1374800    
  0.1352100      0.1352090      0.1352090      0.1353710      0.1357000      0.1356990      0.1362470      0.1367830      0.1368200      0.1368160      0.1369930      0.1373600      0.1373520      0.1373450      0.1373260      0.1373030      0.1372770      0.1377120      0.1380850      0.1383800      0.1383500      0.1383200      0.1382900      0.1382600      0.1382300      0.1381900      0.1381600      0.1381300      0.1380900      0.1380600    
  0.1352100      0.1352090      0.1353720      0.1357000      0.1357000      0.1362540      0.1368020      0.1368200      0.1368180      0.1369970      0.1373600      0.1373560      0.1373520      0.1373410      0.1373250      0.1373020      0.1377810      0.1382320      0.1383800      0.1385570      0.1389400      0.1389100      0.1388800      0.1388400      0.1388100      0.1387800      0.1387400      0.1387100      0.1386700      0.1386300    
  0.1352100      0.1353730      0.1357000      0.1357000      0.1362570      0.1368110      0.1368200      0.1368190      0.1369990      0.1373600      0.1373580      0.1373560      0.1373500      0.1373400      0.1373230      0.1381710      0.1383060      0.1383800      0.1392170      0.1395250      0.1395060      0.1394900      0.1394600      0.1394300      0.1393900      0.1393600      0.1393200      0.1392800      0.1392400      0.1392000    
  0.1353730      0.1357000      0.1357000      0.1362580      0.1368150      0.1368200      0.1368200      0.1369990      0.1373600      0.1373590      0.1373580      0.1373550      0.1373490      0.1387760      0.1396590      0.1401400      0.1401400      0.1401630      0.1402090      0.1404050      0.1401100      0.1400800      0.1400500      0.1400100      0.1399800      0.1399400      0.1399000      0.1398600      0.1398200      0.1397800    
  0.1357000      0.1357000      0.1362590      0.1368180      0.1368200      0.1368200      0.1370000      0.1373600      0.1373600      0.1373590      0.1373570      0.1373540      0.1399430      0.1431080      0.1430900      0.1418940      0.1419730      0.1419000      0.1411100      0.1406970      0.1407000      0.1406700      0.1406300      0.1405900      0.1405600      0.1405200      0.1404800      0.1404400      0.1403900      0.1403500    
  0.1357000      0.1362600      0.1368190      0.1368200      0.1368200      0.1370000      0.1373600      0.1373600      0.1373600      0.1373590      0.1403540      0.1448500      0.1437040      0.1431260      0.1431260      0.1430900      0.1423720      0.1420450      0.1419000      0.1414380      0.1412800      0.1412500      0.1412100      0.1411800      0.1411400      0.1411000      0.1410500      0.1410100      0.1409700      0.1409200    
  0.1362600      0.1368190      0.1368200      0.1368200      0.1370000      0.1373600      0.1373600      0.1373600      0.1373590      0.1409540      0.1448500      0.1448500      0.1448500      0.1437300      0.1431620      0.1431620      0.1430900      0.1424530      0.1421900      0.1419000      0.1418700      0.1418300      0.1417900      0.1417600      0.1417200      0.1416700      0.1416300      0.1415800      0.1415400      0.1414900    
  0.1368200      0.1368200      0.1368200      0.1370000      0.1373600      0.1373600      0.1373600      0.1399450      0.1423380      0.1448520      0.1448500      0.1448500      0.1448500      0.1448500      0.1437830      0.1432350      0.1432350      0.1430900      0.1426320      0.1424800      0.1424500      0.1424100      0.1423700      0.1423300      0.1422900      0.1422500      0.1422000      0.1421600      0.1421100      0.1420500    
  0.1368200      0.1368200      0.1370000      0.1373600      0.1373600      0.1417280      0.1482800      0.1479900      0.1477000      0.1458040      0.1448550      0.1448500      0.1448500      0.1448500      0.1448500      0.1438850      0.1433800      0.1433800      0.1430900      0.1430600      0.1430300      0.1429900      0.1429500      0.1429100      0.1428700      0.1428200      0.1427700      0.1427200      0.1426700      0.1426200    
  0.1368200      0.1370000      0.1373600      0.1373600      0.1426020      0.1482810      0.1482810      0.1482800      0.1479900      0.1477000      0.1458120      0.1448640      0.1448500      0.1448500      0.1448500      0.1448500      0.1440740      0.1436700      0.1436700      0.1436400      0.1436000      0.1435700      0.1435300      0.1434900      0.1434400      0.1433900      0.1433400      0.1432900      0.1432400      0.1431800    
