iMOD/TUTORIALS/TUT_MetaswapAnalyser/model_MetaSWAP/meteo/Evaporation/Evaporation_20050823_L1.ASC
NCOLS                30
NROWS                30
XLLCORNER     160000.00
YLLCORNER     340000.00
CELLSIZE        1000.00
NODATA_VALUE   -9999.00
  0.7912700      0.7876300      0.7842100      0.7809900      0.7779800      0.7751600      0.7725400      0.7701100      0.7678600      0.7657900      0.7639000      0.7621900      0.7606400      0.7592500      0.7580300      0.7569600      0.7560500      0.7552800      0.7546600      0.7541900      0.7538500      0.7536500      0.7535700      0.7536300      0.7538100      0.7541200      0.7545400      0.7550800      0.7557200      0.7564800    
  0.7898200      0.7862000      0.7827800      0.7795600      0.7765500      0.7737300      0.7711000      0.7686600      0.7664000      0.7643200      0.7624100      0.7606800      0.7591100      0.7577100      0.7564600      0.7553700      0.7544300      0.7536400      0.7529900      0.7524900      0.7521200      0.7518800      0.7517700      0.7517900      0.7519400      0.7522000      0.7525800      0.7530800      0.7536800      0.7543900    
  0.7884600      0.7848400      0.7814300      0.7782100      0.7752000      0.7723700      0.7697400      0.7672900      0.7650200      0.7629200      0.7610000      0.7592500      0.7576700      0.7562400      0.7549700      0.7538600      0.7529000      0.7520800      0.7514000      0.7508600      0.7504600      0.7501900      0.7500500      0.7500300      0.7501300      0.7503600      0.7507000      0.7511500      0.7517100      0.7523700    
  0.7871700      0.7835600      0.7801500      0.7769400      0.7739200      0.7710900      0.7684500      0.7659900      0.7637100      0.7616100      0.7596700      0.7579000      0.7563000      0.7548500      0.7535600      0.7524200      0.7514300      0.7505900      0.7498800      0.7493100      0.7488800      0.7485700      0.7483900      0.7483400      0.7484000      0.7485800      0.7488800      0.7492900      0.7498000      0.7504200    
  0.7859500      0.7823500      0.7789500      0.7757400      0.7727200      0.7698900      0.7672400      0.7647700      0.7624800      0.7603600      0.7584100      0.7566300      0.7550000      0.7535400      0.7522200      0.7510600      0.7500400      0.7491700      0.7484300      0.7478300      0.7473600      0.7470200      0.7468100      0.7467100      0.7467400      0.7468800      0.7471300      0.7474900      0.7479600      0.7485300    
  0.7848000      0.7812100      0.7778100      0.7746000      0.7715800      0.7687500      0.7660900      0.7636200      0.7613200      0.7591900      0.7572200      0.7554200      0.7537800      0.7522900      0.7509500      0.7497700      0.7487200      0.7478200      0.7470500      0.7464200      0.7459200      0.7455400      0.7452900      0.7451600      0.7451400      0.7452400      0.7454500      0.7457700      0.7461900      0.7467100    
  0.7837100      0.7801300      0.7767400      0.7735300      0.7705100      0.7676700      0.7650200      0.7625300      0.7602200      0.7580800      0.7561000      0.7542800      0.7526200      0.7511100      0.7497500      0.7485400      0.7474700      0.7465400      0.7457400      0.7450700      0.7445400      0.7441300      0.7438400      0.7436600      0.7436100      0.7436600      0.7438300      0.7441000      0.7444700      0.7449500    
  0.7826900      0.7791100      0.7757300      0.7725200      0.7695000      0.7666600      0.7640000      0.7615100      0.7591900      0.7570300      0.7550400      0.7532000      0.7515200      0.7499900      0.7486100      0.7473700      0.7462800      0.7453200      0.7444900      0.7437900      0.7432200      0.7427700      0.7424500      0.7422300      0.7421400      0.7421500      0.7422700      0.7425000      0.7428200      0.7432500    
  0.7817200      0.7781500      0.7747700      0.7715700      0.7685600      0.7657100      0.7630400      0.7605500      0.7582100      0.7560500      0.7540400      0.7521900      0.7504900      0.7489400      0.7475300      0.7462700      0.7451500      0.7441600      0.7433000      0.7425700      0.7419600      0.7414800      0.7411100      0.7408600      0.7407200      0.7407000      0.7407700      0.7409500      0.7412300      0.7416100    
  0.7808000      0.7772500      0.7738700      0.7706800      0.7676600      0.7648200      0.7621400      0.7596400      0.7573000      0.7551200      0.7530900      0.7512300      0.7495100      0.7479400      0.7465100      0.7452200      0.7440700      0.7430600      0.7421700      0.7414000      0.7407600      0.7402400      0.7398400      0.7395500      0.7393700      0.7393000      0.7393300      0.7394600      0.7396900      0.7400200    
  0.7808630      0.7773070      0.7729100      0.7698400      0.7668200      0.7639700      0.7613000      0.7587800      0.7564300      0.7542400      0.7522100      0.7503200      0.7485900      0.7469900      0.7455500      0.7442300      0.7430600      0.7420100      0.7410900      0.7402900      0.7396200      0.7390600      0.7386200      0.7382900      0.7380700      0.7379500      0.7379400      0.7380200      0.7382100      0.7384800    
  0.7809240      0.7752300      0.7698400      0.7669930      0.7660300      0.7631800      0.7605000      0.7579800      0.7556200      0.7534200      0.7513700      0.7494700      0.7477100      0.7461000      0.7446300      0.7432900      0.7420900      0.7410200      0.7400700      0.7392400      0.7385300      0.7379400      0.7374600      0.7370900      0.7368200      0.7366600      0.7366000      0.7366400      0.7367800      0.7370000    
  0.7776650      0.7698400      0.7669420      0.7656550      0.7652800      0.7624300      0.7597500      0.7572200      0.7548600      0.7526400      0.7505800      0.7486600      0.7468900      0.7452600      0.7437700      0.7424100      0.7411800      0.7400700      0.7390900      0.7382300      0.7374900      0.7368600      0.7363400      0.7359300      0.7356200      0.7354200      0.7353100      0.7353100      0.7353900      0.7355700    
  0.7698400      0.7668820      0.7654680      0.7652800      0.7631470      0.7617300      0.7590400      0.7565100      0.7541300      0.7519100      0.7498400      0.7479000      0.7461200      0.7444700      0.7429500      0.7415600      0.7403100      0.7391800      0.7381700      0.7372700      0.7365000      0.7358300      0.7352700      0.7348200      0.7344700      0.7342300      0.7340700      0.7340200      0.7340600      0.7341800    
  0.7668440      0.7653740      0.7652800      0.7633860      0.7617300      0.7597130      0.7583700      0.7558400      0.7534600      0.7512200      0.7491300      0.7471900      0.7453800      0.7437100      0.7421800      0.7407700      0.7394900      0.7383300      0.7372800      0.7363600      0.7355500      0.7348500      0.7342500      0.7337600      0.7333700      0.7330800      0.7328800      0.7327800      0.7327700      0.7328400    
  0.7653270      0.7652800      0.7634650      0.7617300      0.7599380      0.7583700      0.7571050      0.7558900      0.7527730      0.7505700      0.7484700      0.7465100      0.7446900      0.7430000      0.7414400      0.7400100      0.7387000      0.7375200      0.7364500      0.7354900      0.7346400      0.7339000      0.7332700      0.7327400      0.7323100      0.7319700      0.7317300      0.7315800      0.7315200      0.7315400    
  0.7652800      0.7634920      0.7617300      0.7600130      0.7583700      0.7577380      0.7571220      0.7540840      0.7505700      0.7495200      0.7473400      0.7458800      0.7440400      0.7423300      0.7407500      0.7393000      0.7379600      0.7367500      0.7356500      0.7346600      0.7337800      0.7330000      0.7323300      0.7317600      0.7312900      0.7309100      0.7306200      0.7304200      0.7303100      0.7302800    
  0.7635010      0.7617300      0.7600380      0.7583700      0.7580540      0.7577430      0.7548780      0.7505700      0.7500450      0.7476550      0.7455750      0.7452700      0.7434200      0.7416900      0.7400900      0.7386200      0.7372600      0.7360200      0.7348900      0.7338700      0.7329500      0.7321400      0.7314300      0.7308200      0.7303000      0.7298800      0.7295400      0.7293000      0.7291400      0.7290600    
  0.7617300      0.7600460      0.7583700      0.7582120      0.7580560      0.7553110      0.7505700      0.7503080      0.7477920      0.7454220      0.7452700      0.7443450      0.7428670      0.7410900      0.7394700      0.7379700      0.7365900      0.7353200      0.7341600      0.7331100      0.7321600      0.7313100      0.7305700      0.7299100      0.7293600      0.7288900      0.7285100      0.7282200      0.7280100      0.7278800    
  0.7600490      0.7583700      0.7582910      0.7582130      0.7555370      0.7505700      0.7504390      0.7478570      0.7453460      0.7452700      0.7448070      0.7433930      0.7410900      0.7402800      0.7395100      0.7380100      0.7366270      0.7353570      0.7333320      0.7323800      0.7314000      0.7305200      0.7297400      0.7290400      0.7284400      0.7279300      0.7275100      0.7271600      0.7269100      0.7267300    
  0.7583700      0.7583300      0.7582910      0.7556530      0.7505700      0.7505040      0.7478890      0.7453080      0.7452700      0.7450390      0.7436400      0.7410900      0.7406850      0.7402930      0.7392670      0.7380490      0.7366640      0.7338080      0.7320350      0.7316900      0.7306800      0.7297600      0.7289400      0.7282000      0.7275600      0.7270100      0.7265300      0.7261500      0.7258400      0.7256100    
  0.7583500      0.7583310      0.7557110      0.7505700      0.7505370      0.7479040      0.7452890      0.7452700      0.7451540      0.7437600      0.7410900      0.7408880      0.7406890      0.7400820      0.7392030      0.7379930      0.7344150      0.7318620      0.7316900      0.7307830      0.7299800      0.7290300      0.7281600      0.7273900      0.7267100      0.7261100      0.7255900      0.7251600      0.7248000      0.7245200    
  0.7583500      0.7557400      0.7505700      0.7505540      0.7479120      0.7452800      0.7452700      0.7452120      0.7438190      0.7410900      0.7409890      0.7408890      0.7405530      0.7399910      0.7390930      0.7346490      0.7317760      0.7316900      0.7300350      0.7293200      0.7287240      0.7283200      0.7274200      0.7266100      0.7258800      0.7252400      0.7246800      0.7241900      0.7237800      0.7234500    
  0.7557550      0.7505700      0.7505620      0.7479160      0.7452750      0.7452700      0.7452410      0.7438480      0.7410900      0.7410390      0.7409890      0.7408100      0.7404780      0.7369820      0.7334040      0.7298660      0.7298600      0.7292640      0.7285670      0.7283450      0.7286600      0.7276300      0.7267000      0.7258500      0.7250800      0.7243900      0.7237900      0.7232500      0.7228000      0.7224100    
  0.7505700      0.7505660      0.7479180      0.7452720      0.7452700      0.7452560      0.7438620      0.7410900      0.7410650      0.7410400      0.7409460      0.7407590      0.7349600      0.7282740      0.7282900      0.7285370      0.7279610      0.7280300      0.7279970      0.7280370      0.7280300      0.7269700      0.7260000      0.7251100      0.7243000      0.7235700      0.7229200      0.7223400      0.7218300      0.7213900    
  0.7505680      0.7479190      0.7452710      0.7452700      0.7452630      0.7438690      0.7410900      0.7410770      0.7410650      0.7410170      0.7358650      0.7282900      0.7282660      0.7282580      0.7282580      0.7282900      0.7280380      0.7278930      0.7280300      0.7275780      0.7274200      0.7263300      0.7253200      0.7243900      0.7235400      0.7227700      0.7220700      0.7214400      0.7208800      0.7203900    
  0.7479190      0.7452710      0.7452700      0.7452660      0.7438730      0.7410900      0.7410840      0.7410770      0.7410530      0.7349050      0.7282900      0.7282900      0.7282900      0.7282420      0.7282270      0.7282260      0.7282900      0.7279400      0.7277550      0.7280300      0.7268300      0.7257000      0.7246600      0.7236900      0.7228000      0.7219800      0.7212300      0.7205600      0.7199500      0.7194100    
  0.7452700      0.7452700      0.7452680      0.7438750      0.7410900      0.7410870      0.7410840      0.7376760      0.7334720      0.7282890      0.7282900      0.7282900      0.7282900      0.7282900      0.7281950      0.7281630      0.7281630      0.7282900      0.7276850      0.7274800      0.7262500      0.7250900      0.7240100      0.7230000      0.7220700      0.7212100      0.7204200      0.7196900      0.7190300      0.7184400    
  0.7452700      0.7452690      0.7438760      0.7410900      0.7410880      0.7361400      0.7287200      0.7281050      0.7274900      0.7280200      0.7282860      0.7282900      0.7282900      0.7282900      0.7282900      0.7281010      0.7280370      0.7280350      0.7282900      0.7269400      0.7256800      0.7244900      0.7233700      0.7223300      0.7213600      0.7204500      0.7196100      0.7188400      0.7181300      0.7174900    
  0.7452700      0.7438760      0.7410900      0.7410890      0.7351510      0.7287190      0.7287190      0.7287200      0.7281050      0.7274900      0.7280130      0.7282780      0.7282900      0.7282900      0.7282900      0.7282900      0.7279120      0.7277870      0.7277800      0.7264100      0.7251200      0.7239000      0.7227500      0.7216600      0.7206500      0.7197000      0.7188100      0.7179900      0.7172400      0.7165400    
