iMOD/TUTORIALS/TUT_MetaswapAnalyser/model_MetaSWAP/meteo/Evaporation/Evaporation_20060501_L1.ASC
NCOLS                30
NROWS                30
XLLCORNER     160000.00
YLLCORNER     340000.00
CELLSIZE        1000.00
NODATA_VALUE   -9999.00
   1.125740       1.128690       1.131720       1.134820       1.138000       1.141260       1.144610       1.148030       1.151540       1.155140       1.158820       1.162590       1.166440       1.170390       1.174420       1.178540       1.182750       1.187040       1.191430       1.195910       1.200470       1.205120       1.209860       1.214690       1.219600       1.224600       1.229690       1.234860       1.240110       1.245440    
   1.126960       1.129900       1.132920       1.136010       1.139190       1.142440       1.145780       1.149190       1.152690       1.156280       1.159950       1.163700       1.167540       1.171470       1.175490       1.179590       1.183780       1.188060       1.192430       1.196880       1.201430       1.206060       1.210780       1.215580       1.220470       1.225440       1.230500       1.235640       1.240870       1.246170    
   1.128180       1.131110       1.134130       1.137210       1.140380       1.143630       1.146950       1.150360       1.153850       1.157420       1.161080       1.164820       1.168650       1.172560       1.176560       1.180650       1.184830       1.189090       1.193440       1.197870       1.202390       1.207000       1.211700       1.216480       1.221350       1.226300       1.231330       1.236450       1.241640       1.246920    
   1.129410       1.132340       1.135340       1.138420       1.141580       1.144820       1.148140       1.151530       1.155010       1.158580       1.162220       1.165950       1.169770       1.173660       1.177650       1.181720       1.185880       1.190120       1.194450       1.198870       1.203370       1.207960       1.212630       1.217390       1.222230       1.227160       1.232170       1.237260       1.242430       1.247680    
   1.130640       1.133560       1.136560       1.139640       1.142790       1.146020       1.149330       1.152720       1.156180       1.159740       1.163370       1.167090       1.170890       1.174770       1.178740       1.182800       1.186940       1.191170       1.195480       1.199870       1.204360       1.208920       1.213580       1.218310       1.223130       1.228030       1.233020       1.238080       1.243230       1.248450    
   1.131880       1.134800       1.137790       1.140860       1.144000       1.147220       1.150520       1.153900       1.157360       1.160900       1.164520       1.168230       1.172020       1.175890       1.179840       1.183880       1.188010       1.192220       1.196510       1.200890       1.205350       1.209900       1.214530       1.219240       1.224040       1.228920       1.233880       1.238920       1.244040       1.249240    
   1.133130       1.136040       1.139020       1.142090       1.145220       1.148440       1.151730       1.155100       1.158540       1.162070       1.165680       1.169380       1.173150       1.177010       1.180950       1.184970       1.189080       1.193270       1.197550       1.201910       1.206350       1.210880       1.215490       1.220180       1.224960       1.229810       1.234750       1.239770       1.244860       1.250040    
   1.134380       1.137280       1.140260       1.143320       1.146450       1.149650       1.152930       1.156290       1.159730       1.163250       1.166850       1.170530       1.174290       1.178140       1.182060       1.186070       1.190160       1.194340       1.198600       1.202940       1.207360       1.211870       1.216460       1.221130       1.225880       1.230720       1.235630       1.240620       1.245690       1.250840    
   1.135630       1.138530       1.141510       1.144560       1.147680       1.150870       1.154150       1.157500       1.160930       1.164430       1.168020       1.171690       1.175440       1.179270       1.183180       1.187170       1.191250       1.195410       1.199650       1.203970       1.208380       1.212870       1.217440       1.222090       1.226820       1.231630       1.236520       1.241490       1.246540       1.251660    
   1.136890       1.139790       1.142760       1.145800       1.148910       1.152100       1.155370       1.158710       1.162130       1.165620       1.169200       1.172860       1.176590       1.180410       1.184310       1.188280       1.192340       1.196490       1.200710       1.205020       1.209400       1.213870       1.218420       1.223050       1.227760       1.232550       1.237420       1.242370       1.247390       1.252490    
   1.136920       1.139810       1.143850       1.147040       1.150150       1.153330       1.156590       1.159920       1.163330       1.166820       1.170380       1.174030       1.177750       1.181550       1.185440       1.189400       1.193450       1.197570       1.201780       1.206070       1.210440       1.214890       1.219420       1.224030       1.228710       1.233480       1.238330       1.243260       1.248260       1.253330    
   1.136940       1.141900       1.147040       1.150310       1.151400       1.154570       1.157820       1.161140       1.164540       1.168010       1.171570       1.175200       1.178910       1.182700       1.186570       1.190520       1.194550       1.198660       1.202850       1.207120       1.211470       1.215910       1.220420       1.225010       1.229680       1.234420       1.239250       1.244150       1.249130       1.254190    
   1.140000       1.147040       1.150500       1.152020       1.152640       1.155810       1.159050       1.162360       1.165750       1.169220       1.172760       1.176380       1.180080       1.183860       1.187710       1.191650       1.195660       1.199760       1.203930       1.208190       1.212520       1.216930       1.221420       1.226000       1.230640       1.235370       1.240180       1.245060       1.250010       1.255050    
   1.147040       1.150630       1.152330       1.152640       1.155170       1.157050       1.160290       1.163590       1.166970       1.170430       1.173960       1.177570       1.181250       1.185020       1.188860       1.192780       1.196780       1.200860       1.205020       1.209250       1.213570       1.217970       1.222440       1.226990       1.231620       1.236330       1.241110       1.245970       1.250910       1.255920    
   1.150700       1.152480       1.152640       1.154950       1.157050       1.159620       1.161530       1.164820       1.168190       1.171640       1.175160       1.178760       1.182430       1.186180       1.190010       1.193920       1.197900       1.201970       1.206110       1.210330       1.214630       1.219010       1.223460       1.227990       1.232600       1.237290       1.242060       1.246890       1.251810       1.256800    
   1.152560       1.152640       1.154880       1.157050       1.159400       1.161530       1.163170       1.164850       1.169370       1.172850       1.176360       1.179950       1.183610       1.187350       1.191170       1.195060       1.199030       1.203080       1.207200       1.211410       1.215690       1.220050       1.224490       1.229000       1.233600       1.238260       1.243010       1.247830       1.252720       1.257690    
   1.152640       1.154860       1.157050       1.159330       1.161530       1.162350       1.163180       1.167560       1.172850       1.174610       1.178530       1.181150       1.184800       1.188520       1.192330       1.196210       1.200160       1.204200       1.208310       1.212500       1.216760       1.221100       1.225520       1.230020       1.234590       1.239240       1.243970       1.248770       1.253640       1.258580    
   1.154850       1.157050       1.159300       1.161530       1.161940       1.162360       1.166490       1.172850       1.173730       1.178020       1.181750       1.182350       1.185990       1.189700       1.193490       1.197360       1.201300       1.205320       1.209410       1.213590       1.217840       1.222160       1.226570       1.231040       1.235600       1.240230       1.244930       1.249710       1.254570       1.259490    
   1.157050       1.159290       1.161530       1.161740       1.161940       1.165910       1.172850       1.173290       1.177800       1.182050       1.182350       1.184170       1.187230       1.190880       1.194660       1.198510       1.202440       1.206450       1.210530       1.214680       1.218920       1.223230       1.227610       1.232070       1.236610       1.241220       1.245910       1.250670       1.255500       1.260410    
   1.159290       1.161530       1.161630       1.161740       1.165610       1.172850       1.173070       1.177700       1.182200       1.182350       1.183260       1.186160       1.190880       1.192770       1.194680       1.198540       1.202470       1.206470       1.212870       1.215790       1.220000       1.224300       1.228670       1.233110       1.237630       1.242220       1.246890       1.251630       1.256450       1.261330    
   1.161530       1.161580       1.161630       1.165460       1.172850       1.172960       1.177650       1.182280       1.182350       1.182810       1.185660       1.190880       1.191820       1.192780       1.195330       1.198560       1.202490       1.211010       1.216340       1.216890       1.221100       1.225370       1.229730       1.234150       1.238660       1.243230       1.247880       1.252600       1.257400       1.262260    
   1.161560       1.161580       1.165380       1.172850       1.172900       1.177620       1.182310       1.182350       1.182580       1.185420       1.190880       1.191350       1.191830       1.193310       1.195560       1.198790       1.209110       1.216610       1.216890       1.220060       1.222190       1.226460       1.230790       1.235200       1.239690       1.244250       1.248880       1.253580       1.258360       1.263200    
   1.161560       1.165340       1.172850       1.172880       1.177610       1.182330       1.182350       1.182460       1.185310       1.190880       1.191120       1.191350       1.192160       1.193570       1.195890       1.208100       1.216750       1.216890       1.221300       1.223300       1.225850       1.227540       1.231860       1.236260       1.240730       1.245270       1.249880       1.254570       1.259330       1.264150    
   1.165320       1.172850       1.172860       1.177610       1.182340       1.182350       1.182410       1.185250       1.190880       1.191000       1.191120       1.191540       1.192360       1.200890       1.210340       1.220270       1.220270       1.222290       1.224600       1.224970       1.224410       1.228640       1.232940       1.237320       1.241770       1.246300       1.250890       1.255560       1.260300       1.265110    
   1.172850       1.172860       1.177600       1.182350       1.182350       1.182380       1.185220       1.190880       1.190940       1.191000       1.191220       1.191670       1.205750       1.221970       1.221930       1.222310       1.223790       1.223650       1.225010       1.225520       1.225520       1.229730       1.234020       1.238390       1.242820       1.247330       1.251910       1.256560       1.261280       1.266080    
   1.172850       1.177600       1.182350       1.182350       1.182360       1.185210       1.190880       1.190910       1.190940       1.191050       1.203400       1.221550       1.221860       1.222000       1.222000       1.221930       1.223250       1.223940       1.223650       1.225890       1.226640       1.230840       1.235110       1.239460       1.243880       1.248370       1.252940       1.257570       1.262280       1.267050    
   1.177600       1.182350       1.182350       1.182360       1.185200       1.190880       1.190890       1.190910       1.190970       1.205700       1.221550       1.221550       1.221550       1.221910       1.222080       1.222080       1.221930       1.223470       1.224220       1.223650       1.227760       1.231950       1.236210       1.240540       1.244940       1.249420       1.253970       1.258590       1.263280       1.268030    
   1.182350       1.182350       1.182350       1.185200       1.190880       1.190890       1.190890       1.199150       1.209210       1.221550       1.221550       1.221550       1.221550       1.221550       1.222020       1.222220       1.222220       1.221930       1.224080       1.224790       1.228890       1.233060       1.237310       1.241630       1.246020       1.250480       1.255010       1.259610       1.264280       1.269020    
   1.182350       1.182350       1.185200       1.190880       1.190880       1.203090       1.221390       1.222620       1.223840       1.222320       1.221560       1.221550       1.221550       1.221550       1.221550       1.222240       1.222510       1.222510       1.221930       1.225940       1.230030       1.234190       1.238420       1.242720       1.247090       1.251540       1.256050       1.260640       1.265300       1.270020    
   1.182350       1.185190       1.190880       1.190880       1.205530       1.221390       1.221390       1.221390       1.222620       1.223840       1.222340       1.221580       1.221550       1.221550       1.221550       1.221550       1.222690       1.223100       1.223100       1.227100       1.231170       1.235310       1.239530       1.243820       1.248180       1.252610       1.257110       1.261680       1.266320       1.271030    
