iMOD/TUTORIALS/TUT_MetaswapAnalyser/model_MetaSWAP/meteo/Evaporation/Evaporation_20051216_L1.ASC
NCOLS                30
NROWS                30
XLLCORNER     160000.00
YLLCORNER     340000.00
CELLSIZE        1000.00
NODATA_VALUE   -9999.00
  0.1246400      0.1246700      0.1246900      0.1247100      0.1247200      0.1247200      0.1247100      0.1247000      0.1246900      0.1246700      0.1246500      0.1246300      0.1246000      0.1245700      0.1245400      0.1245100      0.1244900      0.1244600      0.1244300      0.1244000      0.1243700      0.1243500      0.1243300      0.1243100      0.1242900      0.1242700      0.1242500      0.1242400      0.1242300      0.1242200    
  0.1233900      0.1234300      0.1234500      0.1234700      0.1234800      0.1234800      0.1234800      0.1234700      0.1234600      0.1234400      0.1234200      0.1234000      0.1233700      0.1233500      0.1233200      0.1232900      0.1232700      0.1232400      0.1232100      0.1231800      0.1231600      0.1231300      0.1231100      0.1230900      0.1230700      0.1230600      0.1230400      0.1230300      0.1230200      0.1230100    
  0.1221500      0.1221800      0.1222100      0.1222300      0.1222400      0.1222400      0.1222400      0.1222300      0.1222200      0.1222100      0.1221900      0.1221700      0.1221400      0.1221200      0.1220900      0.1220700      0.1220400      0.1220100      0.1219900      0.1219600      0.1219400      0.1219100      0.1218900      0.1218700      0.1218500      0.1218400      0.1218200      0.1218100      0.1218000      0.1218000    
  0.1209000      0.1209300      0.1209600      0.1209800      0.1209900      0.1209900      0.1209900      0.1209900      0.1209800      0.1209700      0.1209500      0.1209300      0.1209100      0.1208900      0.1208600      0.1208400      0.1208100      0.1207900      0.1207600      0.1207400      0.1207100      0.1206900      0.1206700      0.1206500      0.1206300      0.1206200      0.1206000      0.1205900      0.1205800      0.1205800    
  0.1196400      0.1196800      0.1197000      0.1197200      0.1197400      0.1197400      0.1197500      0.1197400      0.1197300      0.1197200      0.1197100      0.1196900      0.1196700      0.1196500      0.1196200      0.1196000      0.1195800      0.1195500      0.1195300      0.1195000      0.1194800      0.1194600      0.1194400      0.1194200      0.1194100      0.1193900      0.1193800      0.1193700      0.1193600      0.1193500    
  0.1183800      0.1184200      0.1184500      0.1184700      0.1184800      0.1184900      0.1184900      0.1184900      0.1184800      0.1184700      0.1184600      0.1184400      0.1184200      0.1184000      0.1183800      0.1183600      0.1183400      0.1183100      0.1182900      0.1182700      0.1182500      0.1182300      0.1182100      0.1181900      0.1181700      0.1181600      0.1181500      0.1181400      0.1181300      0.1181300    
  0.1171200      0.1171600      0.1171800      0.1172100      0.1172200      0.1172300      0.1172300      0.1172300      0.1172300      0.1172200      0.1172100      0.1171900      0.1171700      0.1171500      0.1171300      0.1171100      0.1170900      0.1170700      0.1170500      0.1170300      0.1170100      0.1169900      0.1169700      0.1169500      0.1169400      0.1169300      0.1169200      0.1169100      0.1169000      0.1168900    
  0.1158600      0.1158900      0.1159200      0.1159400      0.1159600      0.1159700      0.1159700      0.1159700      0.1159700      0.1159600      0.1159500      0.1159300      0.1159200      0.1159000      0.1158800      0.1158600      0.1158400      0.1158200      0.1158000      0.1157800      0.1157600      0.1157500      0.1157300      0.1157100      0.1157000      0.1156900      0.1156800      0.1156700      0.1156600      0.1156600    
  0.1145900      0.1146200      0.1146500      0.1146700      0.1146900      0.1147000      0.1147100      0.1147100      0.1147000      0.1147000      0.1146900      0.1146800      0.1146600      0.1146400      0.1146300      0.1146100      0.1145900      0.1145700      0.1145500      0.1145300      0.1145200      0.1145000      0.1144800      0.1144700      0.1144600      0.1144500      0.1144400      0.1144300      0.1144300      0.1144200    
  0.1133200      0.1133500      0.1133800      0.1134000      0.1134200      0.1134300      0.1134400      0.1134400      0.1134400      0.1134300      0.1134200      0.1134100      0.1134000      0.1133800      0.1133700      0.1133500      0.1133300      0.1133200      0.1133000      0.1132800      0.1132700      0.1132500      0.1132400      0.1132200      0.1132100      0.1132000      0.1131900      0.1131900      0.1131900      0.1131800    
  0.1133170      0.1133500      0.1130650      0.1121300      0.1121500      0.1121600      0.1121700      0.1121700      0.1121700      0.1121600      0.1121600      0.1121500      0.1121300      0.1121200      0.1121100      0.1120900      0.1120700      0.1120600      0.1120400      0.1120300      0.1120100      0.1120000      0.1119800      0.1119700      0.1119600      0.1119500      0.1119500      0.1119400      0.1119400      0.1119400    
  0.1133140      0.1129650      0.1121300      0.1111850      0.1108700      0.1108800      0.1108900      0.1108900      0.1108900      0.1108900      0.1108800      0.1108800      0.1108600      0.1108500      0.1108400      0.1108200      0.1108100      0.1108000      0.1107800      0.1107700      0.1107500      0.1107400      0.1107300      0.1107200      0.1107100      0.1107000      0.1107000      0.1107000      0.1106900      0.1107000    
  0.1129210      0.1121300      0.1107840      0.1102300      0.1095900      0.1096100      0.1096100      0.1096200      0.1096200      0.1096200      0.1096100      0.1096000      0.1095900      0.1095800      0.1095700      0.1095600      0.1095400      0.1095300      0.1095200      0.1095000      0.1094900      0.1094800      0.1094700      0.1094600      0.1094500      0.1094500      0.1094500      0.1094400      0.1094400      0.1094500    
  0.1121300      0.1106030      0.1099100      0.1095900      0.1091770      0.1083300      0.1083300      0.1083400      0.1083400      0.1083400      0.1083300      0.1083300      0.1083200      0.1083100      0.1083000      0.1082900      0.1082700      0.1082600      0.1082500      0.1082400      0.1082300      0.1082200      0.1082100      0.1082000      0.1082000      0.1081900      0.1081900      0.1081900      0.1081900      0.1082000    
  0.1105180      0.1097500      0.1095900      0.1090320      0.1083300      0.1079030      0.1070500      0.1070600      0.1070600      0.1070600      0.1070600      0.1070500      0.1070400      0.1070300      0.1070200      0.1070100      0.1070000      0.1069900      0.1069800      0.1069700      0.1069600      0.1069500      0.1069400      0.1069400      0.1069300      0.1069300      0.1069300      0.1069300      0.1069400      0.1069400    
  0.1096700      0.1095900      0.1089840      0.1083300      0.1077610      0.1070500      0.1070550      0.1070570      0.1067400      0.1057800      0.1057700      0.1057700      0.1057600      0.1057500      0.1057500      0.1057400      0.1057300      0.1057200      0.1057100      0.1057000      0.1056900      0.1056800      0.1056800      0.1056700      0.1056700      0.1056700      0.1056700      0.1056700      0.1056800      0.1056900    
  0.1095900      0.1089680      0.1083300      0.1077140      0.1070500      0.1070530      0.1070540      0.1066580      0.1057800      0.1057750      0.1050020      0.1044900      0.1044800      0.1044700      0.1044700      0.1044600      0.1044500      0.1044400      0.1044300      0.1044300      0.1044200      0.1044100      0.1044100      0.1044100      0.1044100      0.1044100      0.1044100      0.1044100      0.1044200      0.1044300    
  0.1089630      0.1083300      0.1076980      0.1070500      0.1070510      0.1070520      0.1066360      0.1057800      0.1057780      0.1047200      0.1038450      0.1032000      0.1032000      0.1031900      0.1031900      0.1031800      0.1031700      0.1031600      0.1031600      0.1031500      0.1031400      0.1031400      0.1031400      0.1031400      0.1031400      0.1031400      0.1031400      0.1031500      0.1031600      0.1031700    
  0.1083300      0.1076930      0.1070500      0.1070510      0.1070510      0.1066300      0.1057800      0.1057790      0.1046000      0.1035230      0.1032000      0.1032000      0.1028750      0.1019100      0.1019000      0.1019000      0.1018900      0.1018800      0.1018800      0.1018700      0.1018700      0.1018700      0.1018700      0.1018700      0.1018700      0.1018700      0.1018800      0.1018900      0.1019000      0.1019100    
  0.1076910      0.1070500      0.1070500      0.1070510      0.1066280      0.1057800      0.1057790      0.1045440      0.1033610      0.1032000      0.1032000      0.1027960      0.1019100      0.1019050      0.1019030      0.1018970      0.1018900      0.1018830      0.1011060      0.1005900      0.1005900      0.1005900      0.1005900      0.1005900      0.1006000      0.1006000      0.1006100      0.1006200      0.1006300      0.1006500    
  0.1070500      0.1070500      0.1070500      0.1066270      0.1057800      0.1057800      0.1045170      0.1032810      0.1032000      0.1032000      0.1027770      0.1019100      0.1019080      0.1019060      0.1019020      0.1018970      0.1018900      0.1008280      0.9995000E-01  0.9931000E-01  0.9931000E-01  0.9931000E-01  0.9931000E-01  0.9932000E-01  0.9932000E-01  0.9933000E-01  0.9934000E-01  0.9935000E-01  0.9937000E-01  0.9938000E-01
  0.1070500      0.1070500      0.1066270      0.1057800      0.1057800      0.1045030      0.1032400      0.1032000      0.1032000      0.1027720      0.1019100      0.1019090      0.1019080      0.1019050      0.1019010      0.1018960      0.1007110      0.9963000E-01  0.9931000E-01  0.9888330E-01  0.9803000E-01  0.9803000E-01  0.9804000E-01  0.9804000E-01  0.9805000E-01  0.9806000E-01  0.9807000E-01  0.9808000E-01  0.9810000E-01  0.9812000E-01
  0.1070500      0.1066270      0.1057800      0.1057800      0.1044970      0.1032200      0.1032000      0.1032000      0.1027700      0.1019100      0.1019090      0.1019090      0.1019070      0.1019050      0.1019010      0.9988770E-01  0.9947000E-01  0.9931000E-01  0.9744210E-01  0.9675000E-01  0.9675000E-01  0.9675000E-01  0.9676000E-01  0.9677000E-01  0.9677000E-01  0.9679000E-01  0.9680000E-01  0.9681000E-01  0.9683000E-01  0.9685000E-01
  0.1066270      0.1057800      0.1057800      0.1044930      0.1032100      0.1032000      0.1032000      0.1027700      0.1019100      0.1019100      0.1019090      0.1019080      0.1019070      0.9868570E-01  0.9663570E-01  0.9546000E-01  0.9546000E-01  0.9538280E-01  0.9525280E-01  0.9482500E-01  0.9547000E-01  0.9547000E-01  0.9548000E-01  0.9549000E-01  0.9550000E-01  0.9551000E-01  0.9553000E-01  0.9554000E-01  0.9556000E-01  0.9559000E-01
  0.1057800      0.1057800      0.1044920      0.1032050      0.1032000      0.1032000      0.1027700      0.1019100      0.1019100      0.1019100      0.1019090      0.1019080      0.9608820E-01  0.8899000E-01  0.8903000E-01  0.9163080E-01  0.9145000E-01  0.9161000E-01  0.9329900E-01  0.9418330E-01  0.9418000E-01  0.9419000E-01  0.9420000E-01  0.9421000E-01  0.9422000E-01  0.9424000E-01  0.9425000E-01  0.9427000E-01  0.9430000E-01  0.9432000E-01
  0.1057800      0.1044910      0.1032030      0.1032000      0.1032000      0.1027700      0.1019100      0.1019100      0.1019100      0.1019100      0.9521340E-01  0.8517000E-01  0.8768360E-01  0.8895000E-01  0.8895000E-01  0.8903000E-01  0.9058330E-01  0.9129000E-01  0.9161000E-01  0.9257750E-01  0.9290000E-01  0.9291000E-01  0.9292000E-01  0.9293000E-01  0.9294000E-01  0.9296000E-01  0.9298000E-01  0.9300000E-01  0.9303000E-01  0.9305000E-01
  0.1044900      0.1032010      0.1032000      0.1032000      0.1027700      0.1019100      0.1019100      0.1019100      0.1019100      0.9387460E-01  0.8517000E-01  0.8517000E-01  0.8517000E-01  0.8762450E-01  0.8886990E-01  0.8887000E-01  0.8903000E-01  0.9040310E-01  0.9097000E-01  0.9161000E-01  0.9162000E-01  0.9163000E-01  0.9164000E-01  0.9165000E-01  0.9167000E-01  0.9168000E-01  0.9171000E-01  0.9173000E-01  0.9176000E-01  0.9179000E-01
  0.1032010      0.1032000      0.1032000      0.1027700      0.1019100      0.1019100      0.1019100      0.9612490E-01  0.9077630E-01  0.8516650E-01  0.8517000E-01  0.8517000E-01  0.8517000E-01  0.8517000E-01  0.8750810E-01  0.8870960E-01  0.8871000E-01  0.8903000E-01  0.9000250E-01  0.9033000E-01  0.9033000E-01  0.9034000E-01  0.9036000E-01  0.9037000E-01  0.9039000E-01  0.9041000E-01  0.9043000E-01  0.9046000E-01  0.9049000E-01  0.9052000E-01
  0.1032000      0.1032000      0.1027700      0.1019100      0.1019100      0.9214550E-01  0.7750000E-01  0.7813500E-01  0.7877000E-01  0.8302710E-01  0.8515950E-01  0.8517000E-01  0.8517000E-01  0.8517000E-01  0.8517000E-01  0.8728260E-01  0.8838890E-01  0.8839000E-01  0.8903000E-01  0.8904000E-01  0.8905000E-01  0.8906000E-01  0.8907000E-01  0.8909000E-01  0.8911000E-01  0.8913000E-01  0.8916000E-01  0.8919000E-01  0.8922000E-01  0.8925000E-01
  0.1032000      0.1027700      0.1019100      0.1019100      0.9019110E-01  0.7749750E-01  0.7749750E-01  0.7750000E-01  0.7813490E-01  0.7877000E-01  0.8300900E-01  0.8513840E-01  0.8517000E-01  0.8517000E-01  0.8517000E-01  0.8517000E-01  0.8686170E-01  0.8774670E-01  0.8775000E-01  0.8776000E-01  0.8777000E-01  0.8778000E-01  0.8779000E-01  0.8781000E-01  0.8783000E-01  0.8786000E-01  0.8788000E-01  0.8791000E-01  0.8795000E-01  0.8798000E-01
