iMOD/TUTORIALS/TUT_MetaswapAnalyser/model_MetaSWAP/meteo/Evaporation/Evaporation_20050702_L1.ASC
NCOLS                30
NROWS                30
XLLCORNER     160000.00
YLLCORNER     340000.00
CELLSIZE        1000.00
NODATA_VALUE   -9999.00
   1.257280       1.259740       1.262330       1.265030       1.267850       1.270770       1.273780       1.276890       1.280080       1.283350       1.286690       1.290100       1.293570       1.297090       1.300660       1.304270       1.307930       1.311610       1.315330       1.319080       1.322850       1.326640       1.330450       1.334270       1.338100       1.341950       1.345800       1.349650       1.353510       1.357370    
   1.255780       1.258250       1.260830       1.263530       1.266340       1.269240       1.272250       1.275340       1.278520       1.281780       1.285100       1.288490       1.291940       1.295440       1.298990       1.302590       1.306230       1.309900       1.313600       1.317320       1.321080       1.324850       1.328640       1.332440       1.336250       1.340080       1.343910       1.347740       1.351580       1.355420    
   1.254320       1.256790       1.259370       1.262060       1.264860       1.267760       1.270760       1.273840       1.277000       1.280240       1.283550       1.286930       1.290360       1.293840       1.297380       1.300950       1.304570       1.308220       1.311900       1.315610       1.319340       1.323100       1.326870       1.330650       1.334440       1.338250       1.342060       1.345870       1.349690       1.353510    
   1.252890       1.255360       1.257940       1.260640       1.263430       1.266320       1.269310       1.272380       1.275530       1.278750       1.282050       1.285400       1.288820       1.292290       1.295800       1.299360       1.302960       1.306590       1.310260       1.313940       1.317660       1.321390       1.325140       1.328900       1.332670       1.336460       1.340250       1.344040       1.347840       1.351630    
   1.251490       1.253970       1.256550       1.259240       1.262030       1.264920       1.267890       1.270950       1.274090       1.277300       1.280580       1.283920       1.287320       1.290770       1.294270       1.297810       1.301390       1.305000       1.308650       1.312320       1.316010       1.319720       1.323450       1.327190       1.330940       1.334700       1.338470       1.342240       1.346020       1.349790    
   1.250120       1.252600       1.255190       1.257880       1.260660       1.263540       1.266510       1.269560       1.272690       1.275890       1.279150       1.282480       1.285860       1.289300       1.292780       1.296300       1.299860       1.303460       1.307080       1.310730       1.314400       1.318090       1.321800       1.325520       1.329250       1.332990       1.336730       1.340480       1.344230       1.347990    
   1.248780       1.251260       1.253850       1.256540       1.259330       1.262200       1.265160       1.268200       1.271320       1.274510       1.277760       1.281070       1.284440       1.287860       1.291320       1.294830       1.298370       1.301940       1.305550       1.309180       1.312830       1.316500       1.320180       1.323880       1.327590       1.331310       1.335030       1.338760       1.342480       1.346210    
   1.247460       1.249950       1.252540       1.255230       1.258010       1.260890       1.263840       1.266880       1.269980       1.273160       1.276400       1.279700       1.283050       1.286450       1.289900       1.293390       1.296910       1.300470       1.304050       1.307660       1.311290       1.314940       1.318600       1.322280       1.325970       1.329660       1.333360       1.337060       1.340760       1.344470    
   1.246150       1.248650       1.251250       1.253940       1.256730       1.259600       1.262550       1.265570       1.268670       1.271840       1.275070       1.278350       1.281690       1.285080       1.288510       1.291980       1.295490       1.299020       1.302590       1.306180       1.309790       1.313420       1.317060       1.320710       1.324370       1.328040       1.331720       1.335400       1.339080       1.342750    
   1.244870       1.247380       1.249980       1.252680       1.255460       1.258330       1.261270       1.264300       1.267390       1.270540       1.273760       1.277040       1.280360       1.283730       1.287150       1.290600       1.294090       1.297610       1.301160       1.304720       1.308310       1.311920       1.315540       1.319170       1.322810       1.326460       1.330110       1.333760       1.337420       1.341070    
   1.244900       1.247410       1.250370       1.251430       1.254210       1.257080       1.260020       1.263040       1.266120       1.269270       1.272480       1.275740       1.279060       1.282410       1.285810       1.289250       1.292720       1.296220       1.299750       1.303300       1.306870       1.310450       1.314050       1.317660       1.321280       1.324900       1.328530       1.332150       1.335780       1.339410    
   1.244940       1.248530       1.251430       1.252600       1.252980       1.255850       1.258790       1.261800       1.264880       1.268020       1.271220       1.274470       1.277770       1.281120       1.284510       1.287930       1.291380       1.294860       1.298370       1.301900       1.305450       1.309010       1.312590       1.316180       1.319770       1.323370       1.326970       1.330570       1.334170       1.337770    
   1.246860       1.251430       1.252040       1.252380       1.251770       1.254640       1.257580       1.260580       1.263660       1.266790       1.269980       1.273230       1.276510       1.279850       1.283220       1.286630       1.290060       1.293530       1.297020       1.300530       1.304060       1.307600       1.311150       1.314720       1.318280       1.321860       1.325430       1.329010       1.332590       1.336160    
   1.251430       1.251830       1.252070       1.251770       1.253280       1.253430       1.256370       1.259380       1.262450       1.265580       1.268760       1.271990       1.275270       1.278590       1.281950       1.285340       1.288770       1.292220       1.295690       1.299180       1.302690       1.306210       1.309740       1.313280       1.316820       1.320370       1.323920       1.327470       1.331020       1.334570    
   1.251740       1.251920       1.251770       1.252830       1.253430       1.254990       1.255180       1.258190       1.261260       1.264380       1.267560       1.270780       1.274050       1.277360       1.280700       1.284080       1.287490       1.290920       1.294380       1.297850       1.301340       1.304830       1.308340       1.311860       1.315380       1.318910       1.322430       1.325960       1.329480       1.333000    
   1.251850       1.251770       1.252680       1.253430       1.254530       1.255180       1.256690       1.258210       1.261750       1.263190       1.266360       1.269580       1.272840       1.276140       1.279470       1.282840       1.286230       1.289640       1.293080       1.296530       1.300000       1.303480       1.306970       1.310460       1.313960       1.317460       1.320960       1.324460       1.327950       1.331440    
   1.251770       1.252630       1.253430       1.254380       1.255180       1.255930       1.256690       1.259960       1.263190       1.264780       1.266950       1.268390       1.271640       1.274930       1.278250       1.281600       1.284980       1.288380       1.291800       1.295240       1.298690       1.302140       1.305610       1.309080       1.312550       1.316030       1.319500       1.322970       1.326440       1.329900    
   1.252610       1.253430       1.254330       1.255180       1.255560       1.255930       1.258940       1.263190       1.263980       1.265980       1.267800       1.267210       1.270450       1.273730       1.277050       1.280390       1.283750       1.287140       1.290540       1.293960       1.297390       1.300820       1.304270       1.307710       1.311160       1.314610       1.318060       1.321500       1.324940       1.328380    
   1.253430       1.254310       1.255180       1.255370       1.255560       1.258410       1.263190       1.263590       1.265570       1.267510       1.267210       1.268830       1.270990       1.272550       1.275850       1.279180       1.282530       1.285900       1.289290       1.292690       1.296100       1.299510       1.302940       1.306360       1.309790       1.313210       1.316630       1.320050       1.323460       1.326860    
   1.254310       1.255180       1.255270       1.255370       1.258130       1.263190       1.263390       1.265380       1.267360       1.267210       1.268020       1.269890       1.272550       1.274200       1.275860       1.279190       1.282540       1.285910       1.289890       1.291420       1.294820       1.298210       1.301620       1.305020       1.308420       1.311820       1.315210       1.318600       1.321980       1.325360    
   1.255180       1.255230       1.255270       1.257990       1.263190       1.263290       1.265290       1.267280       1.267210       1.267620       1.269420       1.272550       1.273380       1.274200       1.276420       1.279190       1.282540       1.287860       1.290790       1.290170       1.293550       1.296920       1.300300       1.303680       1.307060       1.310430       1.313800       1.317160       1.320520       1.323860    
   1.255200       1.255230       1.257920       1.263190       1.263240       1.265250       1.267250       1.267210       1.267410       1.269200       1.272550       1.272960       1.273380       1.274660       1.276600       1.279380       1.286050       1.290480       1.290170       1.292000       1.292280       1.295640       1.299000       1.302350       1.305710       1.309060       1.312400       1.315730       1.319060       1.322370    
   1.255200       1.257890       1.263190       1.263210       1.265220       1.267230       1.267210       1.267310       1.269090       1.272550       1.272760       1.272960       1.273670       1.274880       1.276880       1.283760       1.290330       1.290170       1.290580       1.291020       1.293020       1.294360       1.297700       1.301030       1.304360       1.307680       1.311000       1.314300       1.317600       1.320880    
   1.257870       1.263190       1.263200       1.265210       1.267220       1.267210       1.267260       1.269040       1.272550       1.272650       1.272760       1.273130       1.273840       1.275590       1.280090       1.286430       1.286430       1.287920       1.289550       1.289130       1.289760       1.293080       1.296400       1.299710       1.303020       1.306310       1.309600       1.312880       1.316140       1.319400    
   1.263190       1.263200       1.265210       1.267210       1.267210       1.267240       1.269020       1.272550       1.272600       1.272650       1.272850       1.273240       1.275260       1.276880       1.276920       1.281630       1.282540       1.282700       1.286610       1.288500       1.288500       1.291800       1.295100       1.298390       1.301670       1.304940       1.308200       1.311450       1.314690       1.317910    
   1.263190       1.265200       1.267210       1.267210       1.267220       1.269000       1.272550       1.272580       1.272600       1.272700       1.271680       1.269840       1.274500       1.276840       1.276840       1.276920       1.280630       1.282380       1.282700       1.286100       1.287240       1.290520       1.293800       1.297070       1.300330       1.303570       1.306800       1.310030       1.313230       1.316430    
   1.265200       1.267210       1.267210       1.267220       1.269000       1.272550       1.272560       1.272580       1.272630       1.271330       1.269840       1.269840       1.269840       1.274440       1.276760       1.276760       1.276920       1.280500       1.282070       1.282700       1.285970       1.289240       1.292500       1.295740       1.298980       1.302200       1.305400       1.308590       1.311770       1.314930    
   1.267210       1.267210       1.267210       1.268990       1.272550       1.272560       1.272560       1.269380       1.268770       1.269840       1.269840       1.269840       1.269840       1.269840       1.274330       1.276600       1.276600       1.276920       1.280310       1.281440       1.284700       1.287950       1.291180       1.294410       1.297620       1.300810       1.303990       1.307160       1.310300       1.313430    
   1.267210       1.267210       1.268990       1.272550       1.272550       1.265550       1.255050       1.257410       1.259760       1.266470       1.269830       1.269840       1.269840       1.269840       1.269840       1.274120       1.276280       1.276280       1.276920       1.280170       1.283420       1.286650       1.289860       1.293070       1.296250       1.299420       1.302570       1.305710       1.308820       1.311920    
   1.267210       1.268990       1.272550       1.272550       1.264150       1.255050       1.255050       1.255050       1.257410       1.259760       1.266450       1.269810       1.269840       1.269840       1.269840       1.269840       1.273750       1.275650       1.275650       1.278890       1.282120       1.285340       1.288530       1.291720       1.294880       1.298020       1.301140       1.304250       1.307330       1.310400    
