iMOD/TUTORIALS/TUT_MetaswapAnalyser/model_MetaSWAP/meteo/Evaporation/Evaporation_20051020_L1.ASC
NCOLS                30
NROWS                30
XLLCORNER     160000.00
YLLCORNER     340000.00
CELLSIZE        1000.00
NODATA_VALUE   -9999.00
   1.184970       1.184710       1.184430       1.184150       1.183850       1.183550       1.183230       1.182920       1.182600       1.182280       1.181960       1.181640       1.181320       1.181010       1.180700       1.180400       1.180100       1.179810       1.179530       1.179260       1.179010       1.178760       1.178530       1.178300       1.178100       1.177900       1.177720       1.177550       1.177400       1.177260    
   1.185680       1.185410       1.185140       1.184850       1.184550       1.184250       1.183940       1.183620       1.183300       1.182980       1.182660       1.182340       1.182030       1.181710       1.181400       1.181100       1.180810       1.180520       1.180240       1.179980       1.179720       1.179470       1.179240       1.179020       1.178810       1.178620       1.178440       1.178270       1.178120       1.177980    
   1.186370       1.186110       1.185830       1.185540       1.185240       1.184940       1.184630       1.184310       1.183990       1.183670       1.183350       1.183030       1.182720       1.182400       1.182100       1.181790       1.181500       1.181220       1.180940       1.180670       1.180420       1.180170       1.179940       1.179720       1.179520       1.179320       1.179150       1.178980       1.178830       1.178700    
   1.187050       1.186790       1.186510       1.186220       1.185920       1.185610       1.185300       1.184980       1.184670       1.184350       1.184030       1.183710       1.183390       1.183080       1.182770       1.182470       1.182180       1.181900       1.181620       1.181360       1.181100       1.180860       1.180630       1.180410       1.180210       1.180020       1.179840       1.179680       1.179530       1.179400    
   1.187720       1.187450       1.187170       1.186880       1.186580       1.186270       1.185960       1.185640       1.185330       1.185010       1.184690       1.184370       1.184050       1.183740       1.183440       1.183140       1.182850       1.182560       1.182290       1.182030       1.181770       1.181530       1.181300       1.181090       1.180890       1.180700       1.180520       1.180360       1.180220       1.180090    
   1.188380       1.188100       1.187820       1.187530       1.187230       1.186920       1.186610       1.186290       1.185970       1.185650       1.185330       1.185020       1.184700       1.184390       1.184090       1.183790       1.183500       1.183220       1.182940       1.182680       1.182430       1.182190       1.181970       1.181750       1.181550       1.181370       1.181200       1.181040       1.180900       1.180770    
   1.189020       1.188750       1.188460       1.188170       1.187860       1.187560       1.187240       1.186930       1.186610       1.186290       1.185970       1.185650       1.185340       1.185030       1.184730       1.184430       1.184140       1.183860       1.183590       1.183330       1.183080       1.182840       1.182620       1.182410       1.182210       1.182030       1.181860       1.181700       1.181570       1.181440    
   1.189650       1.189380       1.189090       1.188790       1.188490       1.188180       1.187870       1.187550       1.187230       1.186910       1.186590       1.186280       1.185960       1.185650       1.185350       1.185060       1.184770       1.184490       1.184220       1.183960       1.183720       1.183480       1.183260       1.183050       1.182860       1.182680       1.182510       1.182360       1.182220       1.182100    
   1.190270       1.190000       1.189710       1.189410       1.189100       1.188790       1.188480       1.188160       1.187840       1.187520       1.187200       1.186890       1.186580       1.186270       1.185970       1.185670       1.185390       1.185110       1.184840       1.184580       1.184340       1.184110       1.183890       1.183680       1.183490       1.183310       1.183150       1.183000       1.182870       1.182760    
   1.190890       1.190610       1.190310       1.190010       1.189710       1.189400       1.189080       1.188760       1.188440       1.188120       1.187800       1.187490       1.187180       1.186870       1.186570       1.186280       1.185990       1.185720       1.185450       1.185200       1.184960       1.184730       1.184510       1.184310       1.184120       1.183940       1.183780       1.183640       1.183510       1.183400    
   1.190890       1.190600       1.190380       1.190610       1.190300       1.189990       1.189670       1.189350       1.189030       1.188710       1.188400       1.188080       1.187770       1.187460       1.187160       1.186870       1.186590       1.186320       1.186050       1.185800       1.185560       1.185330       1.185120       1.184920       1.184730       1.184560       1.184410       1.184270       1.184150       1.184040    
   1.190880       1.190620       1.190610       1.190820       1.190890       1.190580       1.190260       1.189940       1.189620       1.189300       1.188980       1.188660       1.188350       1.188050       1.187750       1.187460       1.187180       1.186900       1.186640       1.186390       1.186160       1.185930       1.185720       1.185520       1.185340       1.185180       1.185020       1.184890       1.184770       1.184670    
   1.190820       1.190610       1.191020       1.191180       1.191470       1.191150       1.190830       1.190510       1.190190       1.189870       1.189550       1.189240       1.188930       1.188620       1.188330       1.188040       1.187760       1.187490       1.187230       1.186980       1.186740       1.186520       1.186310       1.186120       1.185940       1.185780       1.185630       1.185500       1.185390       1.185290    
   1.190610       1.191110       1.191320       1.191470       1.191450       1.191720       1.191400       1.191080       1.190760       1.190440       1.190120       1.189800       1.189490       1.189190       1.188890       1.188610       1.188330       1.188060       1.187800       1.187560       1.187320       1.187100       1.186900       1.186710       1.186540       1.186380       1.186230       1.186110       1.186000       1.185900    
   1.191150       1.191400       1.191470       1.191550       1.191720       1.191700       1.191970       1.191640       1.191320       1.191000       1.190680       1.190360       1.190050       1.189750       1.189450       1.189170       1.188890       1.188620       1.188370       1.188120       1.187890       1.187680       1.187480       1.187290       1.187120       1.186970       1.186830       1.186710       1.186600       1.186510    
   1.191430       1.191470       1.191580       1.191720       1.191800       1.191970       1.191810       1.191640       1.191380       1.191550       1.191230       1.190920       1.190610       1.190300       1.190010       1.189720       1.189450       1.189180       1.188930       1.188690       1.188460       1.188250       1.188050       1.187870       1.187700       1.187550       1.187420       1.187300       1.187200       1.187120    
   1.191470       1.191590       1.191720       1.191830       1.191970       1.191890       1.191810       1.191590       1.191550       1.191390       1.191430       1.191460       1.191150       1.190850       1.190560       1.190270       1.190000       1.189730       1.189480       1.189240       1.189020       1.188810       1.188620       1.188440       1.188270       1.188130       1.188000       1.187890       1.187790       1.187720    
   1.191590       1.191720       1.191840       1.191970       1.191930       1.191890       1.191710       1.191550       1.191470       1.191620       1.191740       1.192010       1.191700       1.191390       1.191100       1.190820       1.190540       1.190280       1.190030       1.189800       1.189570       1.189370       1.189180       1.189000       1.188840       1.188700       1.188580       1.188470       1.188380       1.188310    
   1.191720       1.191840       1.191970       1.191950       1.191930       1.191770       1.191550       1.191510       1.191710       1.191870       1.192010       1.191850       1.191760       1.191930       1.191640       1.191350       1.191080       1.190820       1.190570       1.190340       1.190120       1.189920       1.189730       1.189560       1.189410       1.189270       1.189150       1.189050       1.188970       1.188900    
   1.191840       1.191970       1.191960       1.191950       1.191800       1.191550       1.191530       1.191740       1.191940       1.192010       1.191930       1.191890       1.191930       1.191790       1.191640       1.191360       1.191080       1.190820       1.190810       1.190880       1.190670       1.190470       1.190280       1.190120       1.189970       1.189840       1.189720       1.189630       1.189550       1.189490    
   1.191970       1.191960       1.191960       1.191810       1.191550       1.191540       1.191760       1.191980       1.192010       1.191970       1.191940       1.191930       1.191860       1.191790       1.191590       1.191360       1.191090       1.191060       1.191150       1.191420       1.191210       1.191010       1.190830       1.190670       1.190530       1.190400       1.190290       1.190200       1.190130       1.190080    
   1.191970       1.191960       1.191820       1.191550       1.191550       1.191770       1.191990       1.192010       1.191990       1.191960       1.191930       1.191890       1.191860       1.191750       1.191580       1.191350       1.191240       1.191280       1.191420       1.191460       1.191750       1.191560       1.191380       1.191220       1.191080       1.190960       1.190860       1.190770       1.190710       1.190660    
   1.191970       1.191830       1.191550       1.191550       1.191780       1.192000       1.192010       1.192000       1.191970       1.191930       1.191910       1.191890       1.191830       1.191730       1.191560       1.191710       1.191350       1.191420       1.192060       1.192290       1.192170       1.192100       1.191920       1.191770       1.191630       1.191520       1.191420       1.191340       1.191290       1.191250    
   1.191830       1.191550       1.191550       1.191780       1.192010       1.192010       1.192010       1.191980       1.191930       1.191920       1.191910       1.191880       1.191820       1.192760       1.193100       1.193020       1.193020       1.192960       1.192910       1.193090       1.192820       1.192630       1.192470       1.192320       1.192190       1.192080       1.191990       1.191910       1.191860       1.191830    
   1.191550       1.191550       1.191780       1.192010       1.192010       1.192010       1.191980       1.191930       1.191930       1.191920       1.191900       1.191870       1.193660       1.195930       1.195910       1.194680       1.194690       1.194620       1.193790       1.193360       1.193360       1.193170       1.193010       1.192860       1.192740       1.192630       1.192550       1.192480       1.192440       1.192420    
   1.191550       1.191780       1.192010       1.192010       1.192010       1.191980       1.191930       1.191930       1.191930       1.191920       1.194250       1.197770       1.196560       1.195940       1.195940       1.195910       1.195120       1.194760       1.194620       1.194070       1.193890       1.193710       1.193550       1.193410       1.193290       1.193190       1.193110       1.193060       1.193020       1.193000    
   1.191780       1.192010       1.192010       1.192010       1.191980       1.191930       1.191930       1.191930       1.191920       1.194730       1.197770       1.197770       1.197770       1.196580       1.195980       1.195980       1.195910       1.195190       1.194890       1.194620       1.194430       1.194250       1.194100       1.193960       1.193850       1.193750       1.193680       1.193630       1.193600       1.193590    
   1.192010       1.192010       1.192010       1.191980       1.191930       1.191930       1.191930       1.194170       1.196010       1.197770       1.197770       1.197770       1.197770       1.197770       1.196630       1.196050       1.196040       1.195910       1.195350       1.195160       1.194970       1.194790       1.194640       1.194510       1.194400       1.194310       1.194250       1.194210       1.194180       1.194180    
   1.192010       1.192010       1.191980       1.191930       1.191930       1.195870       1.201790       1.201340       1.200900       1.198820       1.197770       1.197770       1.197770       1.197770       1.197770       1.196720       1.196180       1.196180       1.195910       1.195700       1.195510       1.195340       1.195190       1.195060       1.194960       1.194880       1.194820       1.194780       1.194770       1.194780    
   1.192010       1.191980       1.191930       1.191930       1.196660       1.201790       1.201790       1.201790       1.201340       1.200900       1.198830       1.197780       1.197770       1.197770       1.197770       1.197770       1.196900       1.196450       1.196450       1.196240       1.196050       1.195890       1.195740       1.195620       1.195520       1.195450       1.195400       1.195370       1.195360       1.195380    
