iMOD/TUTORIALS/TUT_MetaswapAnalyser/model_MetaSWAP/meteo/Evaporation/Evaporation_20050527_L1.ASC
NCOLS                30
NROWS                30
XLLCORNER     160000.00
YLLCORNER     340000.00
CELLSIZE        1000.00
NODATA_VALUE   -9999.00
   5.243620       5.244210       5.244810       5.245410       5.246020       5.246640       5.247260       5.247880       5.248520       5.249150       5.249800       5.250440       5.251090       5.251740       5.252400       5.253050       5.253720       5.254380       5.255040       5.255710       5.256380       5.257050       5.257730       5.258400       5.259080       5.259750       5.260430       5.261110       5.261790       5.262470    
   5.245620       5.246230       5.246840       5.247460       5.248090       5.248720       5.249350       5.250000       5.250640       5.251290       5.251950       5.252600       5.253260       5.253930       5.254600       5.255260       5.255940       5.256610       5.257280       5.257960       5.258640       5.259320       5.260000       5.260680       5.261360       5.262050       5.262730       5.263420       5.264100       5.264780    
   5.247620       5.248250       5.248880       5.249520       5.250160       5.250800       5.251460       5.252110       5.252770       5.253440       5.254100       5.254770       5.255450       5.256120       5.256800       5.257480       5.258160       5.258850       5.259530       5.260220       5.260900       5.261590       5.262280       5.262970       5.263660       5.264350       5.265040       5.265730       5.266420       5.267110    
   5.249620       5.250270       5.250920       5.251580       5.252230       5.252900       5.253560       5.254230       5.254910       5.255580       5.256270       5.256950       5.257630       5.258320       5.259010       5.259700       5.260390       5.261090       5.261780       5.262480       5.263170       5.263870       5.264570       5.265260       5.265960       5.266660       5.267350       5.268050       5.268750       5.269440    
   5.251630       5.252300       5.252970       5.253640       5.254310       5.254990       5.255680       5.256360       5.257050       5.257740       5.258430       5.259130       5.259830       5.260520       5.261220       5.261930       5.262630       5.263330       5.264040       5.264740       5.265450       5.266150       5.266860       5.267560       5.268260       5.268970       5.269670       5.270370       5.271080       5.271780    
   5.253640       5.254330       5.255020       5.255710       5.256400       5.257090       5.257790       5.258490       5.259190       5.259900       5.260600       5.261310       5.262020       5.262730       5.263450       5.264160       5.264870       5.265580       5.266300       5.267010       5.267730       5.268440       5.269150       5.269860       5.270570       5.271280       5.271990       5.272700       5.273410       5.274110    
   5.255660       5.256360       5.257070       5.257780       5.258480       5.259200       5.259910       5.260620       5.261340       5.262060       5.262780       5.263500       5.264220       5.264950       5.265670       5.266390       5.267120       5.267840       5.268560       5.269290       5.270010       5.270730       5.271450       5.272170       5.272890       5.273600       5.274320       5.275030       5.275750       5.276460    
   5.257680       5.258400       5.259120       5.259850       5.260570       5.261300       5.262030       5.262760       5.263490       5.264220       5.264960       5.265690       5.266430       5.267160       5.267900       5.268630       5.269360       5.270100       5.270830       5.271560       5.272290       5.273020       5.273750       5.274480       5.275200       5.275930       5.276650       5.277370       5.278090       5.278800    
   5.259690       5.260440       5.261180       5.261920       5.262660       5.263410       5.264150       5.264900       5.265650       5.266390       5.267140       5.267890       5.268630       5.269380       5.270130       5.270870       5.271620       5.272360       5.273100       5.273840       5.274580       5.275320       5.276060       5.276790       5.277520       5.278250       5.278980       5.279710       5.280430       5.281150    
   5.261710       5.262470       5.263240       5.264000       5.264760       5.265520       5.266280       5.267040       5.267800       5.268560       5.269320       5.270080       5.270840       5.271600       5.272360       5.273120       5.273870       5.274620       5.275380       5.276130       5.276880       5.277620       5.278370       5.279110       5.279850       5.280580       5.281320       5.282050       5.282780       5.283500    
   5.261710       5.262470       5.263940       5.266070       5.266850       5.267630       5.268410       5.269180       5.269960       5.270730       5.271510       5.272280       5.273050       5.273820       5.274590       5.275360       5.276130       5.276890       5.277650       5.278410       5.279170       5.279920       5.280680       5.281430       5.282170       5.282910       5.283660       5.284390       5.285130       5.285860    
   5.261710       5.263550       5.266070       5.268220       5.268940       5.269740       5.270530       5.271320       5.272120       5.272910       5.273690       5.274480       5.275270       5.276050       5.276830       5.277610       5.278390       5.279160       5.279930       5.280700       5.281470       5.282230       5.282990       5.283740       5.284500       5.285250       5.285990       5.286740       5.287480       5.288210    
   5.263070       5.266070       5.268830       5.269990       5.271040       5.271850       5.272660       5.273470       5.274270       5.275080       5.275880       5.276680       5.277480       5.278270       5.279070       5.279860       5.280650       5.281430       5.282210       5.282990       5.283760       5.284540       5.285300       5.286070       5.286830       5.287580       5.288340       5.289080       5.289830       5.290570    
   5.266070       5.269110       5.270510       5.271040       5.272280       5.273960       5.274790       5.275610       5.276430       5.277250       5.278070       5.278880       5.279690       5.280500       5.281310       5.282110       5.282910       5.283700       5.284490       5.285280       5.286060       5.286840       5.287620       5.288390       5.289160       5.289920       5.290680       5.291430       5.292180       5.292930    
   5.269250       5.270780       5.271040       5.272430       5.273960       5.275220       5.276910       5.277750       5.278590       5.279420       5.280250       5.281080       5.281910       5.282730       5.283540       5.284360       5.285170       5.285970       5.286770       5.287570       5.288360       5.289150       5.289930       5.290710       5.291480       5.292250       5.293020       5.293780       5.294530       5.295280    
   5.270910       5.271040       5.272480       5.273960       5.275360       5.276910       5.277330       5.277750       5.279340       5.281600       5.282440       5.283280       5.284120       5.284950       5.285780       5.286610       5.287430       5.288240       5.289050       5.289860       5.290660       5.291460       5.292250       5.293030       5.293820       5.294590       5.295360       5.296130       5.296890       5.297640    
   5.271040       5.272490       5.273960       5.275410       5.276910       5.277120       5.277330       5.279010       5.281600       5.282020       5.284100       5.285480       5.286330       5.287180       5.288020       5.288860       5.289690       5.290510       5.291330       5.292150       5.292960       5.293760       5.294560       5.295360       5.296140       5.296930       5.297700       5.298470       5.299240       5.300000    
   5.272500       5.273960       5.275430       5.276910       5.277010       5.277120       5.278760       5.281600       5.281810       5.284400       5.286580       5.287680       5.288540       5.289400       5.290260       5.291100       5.291950       5.292780       5.293610       5.294440       5.295260       5.296070       5.296880       5.297680       5.298470       5.299260       5.300040       5.300820       5.301590       5.302360    
   5.273960       5.275430       5.276910       5.276960       5.277010       5.278620       5.281600       5.281700       5.284520       5.287130       5.287680       5.288110       5.289310       5.291620       5.292490       5.293350       5.294200       5.295050       5.295890       5.296730       5.297560       5.298380       5.299190       5.300000       5.300800       5.301600       5.302380       5.303170       5.303940       5.304710    
   5.275430       5.276910       5.276940       5.276960       5.278550       5.281600       5.281650       5.284580       5.287410       5.287680       5.287900       5.289180       5.291620       5.292060       5.292490       5.293350       5.294200       5.295050       5.297600       5.299010       5.299850       5.300680       5.301500       5.302320       5.303130       5.303930       5.304720       5.305510       5.306290       5.307070    
   5.276910       5.276920       5.276940       5.278510       5.281600       5.281630       5.284610       5.287540       5.287680       5.287790       5.289090       5.291620       5.291840       5.292050       5.292630       5.293340       5.294200       5.297660       5.300150       5.301300       5.302140       5.302980       5.303810       5.304640       5.305450       5.306260       5.307060       5.307850       5.308640       5.309420    
   5.276920       5.276920       5.278490       5.281600       5.281610       5.284630       5.287610       5.287680       5.287730       5.289050       5.291620       5.291730       5.291840       5.292170       5.292680       5.293390       5.297450       5.300730       5.301300       5.302630       5.304440       5.305280       5.306120       5.306950       5.307770       5.308590       5.309400       5.310190       5.310980       5.311770    
   5.276920       5.278480       5.281600       5.281610       5.284630       5.287650       5.287680       5.287710       5.289020       5.291620       5.291670       5.291730       5.291910       5.292230       5.292750       5.298530       5.301010       5.301300       5.305200       5.306730       5.307240       5.307580       5.308430       5.309260       5.310090       5.310910       5.311730       5.312530       5.313330       5.314110    
   5.278480       5.281600       5.281600       5.284640       5.287660       5.287680       5.287690       5.289010       5.291620       5.291650       5.291670       5.291770       5.291960       5.298850       5.304120       5.308120       5.308120       5.308680       5.309390       5.310150       5.309010       5.309870       5.310730       5.311570       5.312410       5.313240       5.314060       5.314860       5.315660       5.316460    
   5.281600       5.281600       5.284640       5.287670       5.287680       5.287690       5.289000       5.291620       5.291630       5.291650       5.291700       5.291800       5.303970       5.318590       5.318520       5.314570       5.315220       5.314940       5.312570       5.311290       5.311290       5.312160       5.313030       5.313880       5.314720       5.315560       5.316380       5.317190       5.318000       5.318800    
   5.281600       5.284640       5.287680       5.287680       5.287680       5.289000       5.291620       5.291630       5.291630       5.291660       5.304720       5.324230       5.320530       5.318660       5.318660       5.318520       5.316430       5.315510       5.314940       5.313910       5.313570       5.314450       5.315320       5.316180       5.317030       5.317870       5.318700       5.319520       5.320330       5.321130    
   5.284640       5.287680       5.287680       5.287680       5.288990       5.291620       5.291620       5.291630       5.291640       5.307290       5.324230       5.324230       5.324230       5.320630       5.318800       5.318800       5.318520       5.316760       5.316070       5.314940       5.315840       5.316730       5.317610       5.318480       5.319340       5.320180       5.321020       5.321840       5.322650       5.323460    
   5.287680       5.287680       5.287680       5.288990       5.291620       5.291620       5.291620       5.302250       5.312740       5.324240       5.324230       5.324230       5.324230       5.324230       5.320830       5.319080       5.319080       5.318520       5.317530       5.317200       5.318110       5.319010       5.319900       5.320770       5.321630       5.322490       5.323330       5.324160       5.324970       5.325780    
   5.287680       5.287680       5.288990       5.291620       5.291620       5.309040       5.335160       5.334630       5.334110       5.327540       5.324250       5.324230       5.324230       5.324230       5.324230       5.321230       5.319640       5.319640       5.318520       5.319450       5.320370       5.321280       5.322180       5.323060       5.323930       5.324780       5.325630       5.326470       5.327290       5.328100    
   5.287680       5.288990       5.291620       5.291620       5.312520       5.335160       5.335160       5.335160       5.334640       5.334110       5.327570       5.324280       5.324230       5.324230       5.324230       5.324230       5.321980       5.320750       5.320750       5.321700       5.322630       5.323540       5.324450       5.325340       5.326220       5.327080       5.327930       5.328770       5.329600       5.330410    
