iMOD/TUTORIALS/TUT_MetaswapAnalyser/model_MetaSWAP/meteo/Evaporation/Evaporation_20060618_L1.ASC
NCOLS                30
NROWS                30
XLLCORNER     160000.00
YLLCORNER     340000.00
CELLSIZE        1000.00
NODATA_VALUE   -9999.00
   4.889760       4.887880       4.885960       4.884000       4.881990       4.879950       4.877860       4.875730       4.873570       4.871370       4.869130       4.866860       4.864560       4.862230       4.859870       4.857470       4.855050       4.852610       4.850140       4.847640       4.845120       4.842580       4.840030       4.837450       4.834860       4.832250       4.829630       4.826990       4.824350       4.821690    
   4.893000       4.891120       4.889200       4.887230       4.885220       4.883180       4.881090       4.878960       4.876800       4.874600       4.872370       4.870110       4.867810       4.865480       4.863120       4.860730       4.858320       4.855880       4.853420       4.850930       4.848420       4.845890       4.843340       4.840780       4.838200       4.835600       4.832990       4.830370       4.827740       4.825100    
   4.896180       4.894300       4.892380       4.890410       4.888400       4.886360       4.884270       4.882150       4.879990       4.877790       4.875560       4.873300       4.871000       4.868680       4.866320       4.863940       4.861540       4.859100       4.856650       4.854170       4.851670       4.849150       4.846620       4.844060       4.841490       4.838910       4.836310       4.833700       4.831090       4.828460    
   4.899310       4.897430       4.895500       4.893540       4.891530       4.889490       4.887400       4.885280       4.883120       4.880930       4.878700       4.876440       4.874150       4.871830       4.869480       4.867110       4.864710       4.862280       4.859840       4.857370       4.854880       4.852370       4.849840       4.847300       4.844740       4.842170       4.839590       4.837000       4.834390       4.831780    
   4.902390       4.900510       4.898580       4.896620       4.894610       4.892570       4.890480       4.888360       4.886200       4.884010       4.881790       4.879540       4.877250       4.874940       4.872590       4.870230       4.867830       4.865420       4.862980       4.860520       4.858040       4.855540       4.853030       4.850500       4.847950       4.845390       4.842820       4.840240       4.837660       4.835060    
   4.905420       4.903540       4.901620       4.899650       4.897640       4.895600       4.893520       4.891400       4.889240       4.887060       4.884840       4.882590       4.880310       4.878000       4.875660       4.873300       4.870920       4.868510       4.866080       4.863630       4.861160       4.858670       4.856170       4.853650       4.851120       4.848570       4.846020       4.843450       4.840880       4.838300    
   4.908410       4.906530       4.904600       4.902640       4.900630       4.898590       4.896510       4.894390       4.892240       4.890050       4.887840       4.885590       4.883320       4.881020       4.878690       4.876330       4.873960       4.871560       4.869130       4.866690       4.864240       4.861760       4.859270       4.856760       4.854240       4.851710       4.849170       4.846620       4.844060       4.841500    
   4.911350       4.909470       4.907540       4.905580       4.903570       4.901530       4.899450       4.897340       4.895190       4.893010       4.890800       4.888560       4.886290       4.883990       4.881670       4.879320       4.876950       4.874560       4.872150       4.869720       4.867270       4.864810       4.862330       4.859840       4.857330       4.854810       4.852290       4.849750       4.847210       4.844660    
   4.914250       4.912370       4.910440       4.908480       4.906470       4.904430       4.902360       4.900240       4.898100       4.895920       4.893720       4.891480       4.889220       4.886930       4.884610       4.882270       4.879910       4.877530       4.875130       4.872710       4.870270       4.867820       4.865350       4.862870       4.860380       4.857880       4.855370       4.852850       4.850320       4.847790    
   4.917110       4.915230       4.913300       4.911340       4.909330       4.907290       4.905220       4.903110       4.900970       4.898800       4.896600       4.894360       4.892110       4.889820       4.887510       4.885180       4.882830       4.880460       4.878070       4.875660       4.873230       4.870790       4.868340       4.865870       4.863390       4.860900       4.858410       4.855900       4.853390       4.850880    
   4.917100       4.915210       4.913510       4.914160       4.912160       4.910120       4.908040       4.905940       4.903800       4.901630       4.899440       4.897210       4.894960       4.892680       4.890380       4.888060       4.885710       4.883350       4.880970       4.878570       4.876150       4.873730       4.871280       4.868830       4.866370       4.863890       4.861410       4.858930       4.856430       4.853930    
   4.917090       4.915000       4.914160       4.914740       4.914940       4.912900       4.910830       4.908730       4.906600       4.904430       4.902240       4.900020       4.897770       4.895500       4.893210       4.890890       4.888560       4.886200       4.883830       4.881440       4.879040       4.876630       4.874200       4.871760       4.869310       4.866850       4.864380       4.861910       4.859440       4.856950    
   4.916290       4.914160       4.915730       4.916320       4.917690       4.915650       4.913590       4.911490       4.909350       4.907190       4.905010       4.902790       4.900550       4.898290       4.896000       4.893700       4.891370       4.889020       4.886660       4.884290       4.881900       4.879490       4.877080       4.874650       4.872220       4.869770       4.867320       4.864870       4.862410       4.859940    
   4.914160       4.916140       4.917000       4.917690       4.917240       4.918370       4.916300       4.914210       4.912080       4.909920       4.907740       4.905530       4.903300       4.901040       4.898760       4.896460       4.894150       4.891810       4.889460       4.887100       4.884720       4.882330       4.879920       4.877510       4.875090       4.872660       4.870230       4.867790       4.865350       4.862900    
   4.916340       4.917350       4.917690       4.917770       4.918370       4.917890       4.918990       4.916900       4.914770       4.912620       4.910440       4.908240       4.906010       4.903760       4.901490       4.899200       4.896890       4.894570       4.892230       4.889870       4.887510       4.885130       4.882740       4.880340       4.877940       4.875520       4.873110       4.870680       4.868260       4.865830    
   4.917520       4.917690       4.917940       4.918370       4.918420       4.918990       4.917940       4.916890       4.914900       4.915290       4.913110       4.910920       4.908690       4.906450       4.904190       4.901910       4.899610       4.897290       4.894960       4.892620       4.890260       4.887900       4.885520       4.883140       4.880750       4.878350       4.875950       4.873550       4.871140       4.868730    
   4.917690       4.918000       4.918370       4.918590       4.918990       4.918470       4.917940       4.916250       4.915290       4.914200       4.913810       4.913560       4.911350       4.909110       4.906850       4.904580       4.902290       4.899990       4.897670       4.895340       4.892990       4.890640       4.888280       4.885910       4.883540       4.881160       4.878770       4.876380       4.873990       4.871600    
   4.918020       4.918370       4.918650       4.918990       4.918730       4.918470       4.916990       4.915290       4.914740       4.914870       4.914870       4.916180       4.913970       4.911740       4.909490       4.907230       4.904950       4.902650       4.900340       4.898020       4.895690       4.893350       4.891010       4.888650       4.886290       4.883930       4.881560       4.879190       4.876820       4.874440    
   4.918370       4.918670       4.918990       4.918860       4.918730       4.917370       4.915290       4.915020       4.915320       4.915530       4.916180       4.915080       4.914060       4.914350       4.912110       4.909850       4.907580       4.905290       4.902990       4.900690       4.898370       4.896040       4.893710       4.891370       4.889020       4.886680       4.884330       4.881970       4.879620       4.877260    
   4.918680       4.918990       4.918920       4.918860       4.917560       4.915290       4.915150       4.915530       4.915850       4.916180       4.915630       4.914920       4.914350       4.913230       4.912100       4.909850       4.907570       4.905290       4.903640       4.903320       4.901020       4.898700       4.896380       4.894060       4.891730       4.889400       4.887060       4.884730       4.882390       4.880060    
   4.918990       4.918960       4.918920       4.917660       4.915290       4.915220       4.915630       4.916020       4.916180       4.915900       4.915270       4.914350       4.913790       4.913230       4.911730       4.909840       4.907570       4.905410       4.904620       4.905930       4.903640       4.901340       4.899040       4.896730       4.894410       4.892100       4.889780       4.887460       4.885140       4.882830    
   4.918970       4.918960       4.917710       4.915290       4.915260       4.915690       4.916100       4.916180       4.916040       4.915430       4.914350       4.914070       4.913790       4.912910       4.911600       4.909710       4.906810       4.905280       4.905930       4.905270       4.906240       4.903950       4.901660       4.899370       4.897070       4.894770       4.892470       4.890170       4.887870       4.885580    
   4.918970       4.917730       4.915290       4.915270       4.915710       4.916140       4.916180       4.916110       4.915500       4.914350       4.914210       4.914070       4.913590       4.912770       4.911410       4.909450       4.905600       4.905930       4.908160       4.908810       4.907450       4.906550       4.904270       4.901990       4.899710       4.897430       4.895140       4.892860       4.890580       4.888300    
   4.917740       4.915290       4.915280       4.915720       4.916160       4.916180       4.916150       4.915530       4.914350       4.914280       4.914210       4.913960       4.913480       4.916510       4.916210       4.913540       4.913550       4.912680       4.911790       4.912650       4.911380       4.909120       4.906860       4.904590       4.902330       4.900060       4.897800       4.895530       4.893270       4.891010    
   4.915290       4.915290       4.915730       4.916170       4.916180       4.916160       4.915550       4.914350       4.914320       4.914280       4.914150       4.913880       4.920150       4.928370       4.928290       4.921790       4.921470       4.921160       4.916330       4.913910       4.913920       4.911670       4.909420       4.907170       4.904920       4.902680       4.900430       4.898180       4.895940       4.893700    
   4.915290       4.915730       4.916170       4.916180       4.916170       4.915560       4.914350       4.914330       4.914320       4.914250       4.923560       4.937740       4.931550       4.928440       4.928440       4.928290       4.923850       4.921780       4.921160       4.917610       4.916440       4.914200       4.911970       4.909740       4.907500       4.905270       4.903040       4.900820       4.898600       4.896380    
   4.915730       4.916180       4.916180       4.916180       4.915570       4.914350       4.914340       4.914330       4.914300       4.925520       4.937740       4.937740       4.937740       4.931670       4.928590       4.928590       4.928290       4.924160       4.922400       4.921160       4.918940       4.916720       4.914500       4.912280       4.910070       4.907850       4.905640       4.903440       4.901230       4.899030    
   4.916180       4.916180       4.916180       4.915570       4.914350       4.914350       4.914340       4.923700       4.931030       4.937750       4.937740       4.937740       4.937740       4.937740       4.931880       4.928900       4.928900       4.928290       4.924800       4.923640       4.921430       4.919220       4.917020       4.914810       4.912610       4.910420       4.908230       4.906040       4.903860       4.901680    
   4.916180       4.916180       4.915570       4.914350       4.914350       4.931150       4.956350       4.954090       4.951840       4.942460       4.937760       4.937740       4.937740       4.937740       4.937740       4.932300       4.929510       4.929510       4.928290       4.926100       4.923900       4.921710       4.919520       4.917330       4.915150       4.912970       4.910800       4.908630       4.906460       4.904310    
   4.916180       4.915570       4.914350       4.914350       4.934510       4.956350       4.956350       4.956350       4.954090       4.951840       4.942490       4.937800       4.937740       4.937740       4.937740       4.937740       4.933070       4.930730       4.930730       4.928550       4.926360       4.924180       4.922010       4.919840       4.917670       4.915510       4.913350       4.911210       4.909060       4.906930    
