iMOD/TUTORIALS/TUT_MetaswapAnalyser/model_MetaSWAP/meteo/Evaporation/Evaporation_20061208_L1.ASC
NCOLS                30
NROWS                30
XLLCORNER     160000.00
YLLCORNER     340000.00
CELLSIZE        1000.00
NODATA_VALUE   -9999.00
  0.1327600      0.1327300      0.1327000      0.1326800      0.1326600      0.1326600      0.1326600      0.1326600      0.1326700      0.1326900      0.1327100      0.1327400      0.1327700      0.1328100      0.1328500      0.1329000      0.1329500      0.1330100      0.1330700      0.1331400      0.1332100      0.1332800      0.1333600      0.1334500      0.1335300      0.1336200      0.1337200      0.1338100      0.1339200      0.1340200    
  0.1337100      0.1336800      0.1336600      0.1336400      0.1336300      0.1336300      0.1336300      0.1336400      0.1336500      0.1336700      0.1337000      0.1337300      0.1337600      0.1338000      0.1338500      0.1338900      0.1339500      0.1340100      0.1340700      0.1341400      0.1342100      0.1342800      0.1343600      0.1344400      0.1345300      0.1346200      0.1347100      0.1348100      0.1349100      0.1350100    
  0.1346700      0.1346400      0.1346200      0.1346100      0.1346000      0.1346000      0.1346100      0.1346200      0.1346400      0.1346600      0.1346800      0.1347200      0.1347500      0.1347900      0.1348400      0.1348900      0.1349500      0.1350100      0.1350700      0.1351400      0.1352100      0.1352800      0.1353600      0.1354500      0.1355300      0.1356200      0.1357100      0.1358100      0.1359100      0.1360100    
  0.1356200      0.1356000      0.1355900      0.1355800      0.1355800      0.1355800      0.1355900      0.1356000      0.1356200      0.1356500      0.1356800      0.1357100      0.1357500      0.1357900      0.1358400      0.1358900      0.1359500      0.1360100      0.1360700      0.1361400      0.1362100      0.1362900      0.1363700      0.1364500      0.1365400      0.1366300      0.1367200      0.1368100      0.1369100      0.1370100    
  0.1365800      0.1365700      0.1365600      0.1365500      0.1365500      0.1365600      0.1365700      0.1365900      0.1366100      0.1366400      0.1366700      0.1367100      0.1367500      0.1367900      0.1368400      0.1369000      0.1369600      0.1370200      0.1370800      0.1371500      0.1372200      0.1373000      0.1373800      0.1374600      0.1375400      0.1376300      0.1377200      0.1378200      0.1379100      0.1380100    
  0.1375500      0.1375300      0.1375300      0.1375300      0.1375300      0.1375400      0.1375600      0.1375800      0.1376000      0.1376300      0.1376700      0.1377100      0.1377500      0.1378000      0.1378500      0.1379100      0.1379600      0.1380300      0.1380900      0.1381600      0.1382300      0.1383100      0.1383900      0.1384700      0.1385600      0.1386400      0.1387300      0.1388300      0.1389200      0.1390200    
  0.1385100      0.1385000      0.1385000      0.1385100      0.1385200      0.1385300      0.1385500      0.1385700      0.1386000      0.1386300      0.1386700      0.1387100      0.1387600      0.1388100      0.1388600      0.1389200      0.1389800      0.1390400      0.1391100      0.1391800      0.1392500      0.1393300      0.1394000      0.1394900      0.1395700      0.1396600      0.1397500      0.1398400      0.1399300      0.1400300    
  0.1394800      0.1394800      0.1394800      0.1394900      0.1395000      0.1395200      0.1395400      0.1395700      0.1396000      0.1396300      0.1396700      0.1397200      0.1397600      0.1398200      0.1398700      0.1399300      0.1399900      0.1400500      0.1401200      0.1401900      0.1402700      0.1403400      0.1404200      0.1405000      0.1405900      0.1406700      0.1407600      0.1408500      0.1409500      0.1410400    
  0.1404500      0.1404500      0.1404600      0.1404700      0.1404900      0.1405100      0.1405300      0.1405600      0.1406000      0.1406400      0.1406800      0.1407200      0.1407700      0.1408300      0.1408800      0.1409400      0.1410100      0.1410700      0.1411400      0.1412100      0.1412900      0.1413600      0.1414400      0.1415200      0.1416100      0.1416900      0.1417800      0.1418700      0.1419600      0.1420600    
  0.1414100      0.1414200      0.1414400      0.1414500      0.1414700      0.1415000      0.1415300      0.1415600      0.1416000      0.1416400      0.1416800      0.1417300      0.1417900      0.1418400      0.1419000      0.1419600      0.1420200      0.1420900      0.1421600      0.1422300      0.1423100      0.1423800      0.1424600      0.1425400      0.1426300      0.1427100      0.1428000      0.1428900      0.1429800      0.1430700    
  0.1414130      0.1414230      0.1416880      0.1424400      0.1424600      0.1424900      0.1425200      0.1425600      0.1426000      0.1426500      0.1426900      0.1427400      0.1428000      0.1428600      0.1429200      0.1429800      0.1430400      0.1431100      0.1431800      0.1432600      0.1433300      0.1434100      0.1434900      0.1435700      0.1436500      0.1437300      0.1438200      0.1439100      0.1440000      0.1440900    
  0.1414160      0.1417410      0.1424400      0.1431980      0.1434500      0.1434800      0.1435200      0.1435600      0.1436100      0.1436500      0.1437000      0.1437600      0.1438100      0.1438700      0.1439300      0.1440000      0.1440700      0.1441400      0.1442100      0.1442800      0.1443600      0.1444300      0.1445100      0.1445900      0.1446800      0.1447600      0.1448400      0.1449300      0.1450200      0.1451100    
  0.1417520      0.1424400      0.1435060      0.1439450      0.1444400      0.1444800      0.1445200      0.1445600      0.1446100      0.1446600      0.1447100      0.1447700      0.1448300      0.1448900      0.1449500      0.1450200      0.1450900      0.1451600      0.1452300      0.1453100      0.1453800      0.1454600      0.1455400      0.1456200      0.1457000      0.1457800      0.1458700      0.1459500      0.1460400      0.1461300    
  0.1424400      0.1436450      0.1441930      0.1444400      0.1447970      0.1454700      0.1455200      0.1455700      0.1456200      0.1456700      0.1457300      0.1457800      0.1458500      0.1459100      0.1459800      0.1460400      0.1461100      0.1461900      0.1462600      0.1463300      0.1464100      0.1464900      0.1465700      0.1466500      0.1467300      0.1468100      0.1468900      0.1469800      0.1470700      0.1471500    
  0.1437100      0.1443160      0.1444400      0.1449020      0.1454700      0.1458370      0.1465200      0.1465700      0.1466200      0.1466800      0.1467400      0.1468000      0.1468600      0.1469300      0.1470000      0.1470700      0.1471400      0.1472100      0.1472900      0.1473600      0.1474400      0.1475200      0.1476000      0.1476800      0.1477600      0.1478400      0.1479200      0.1480100      0.1480900      0.1481800    
  0.1443780      0.1444400      0.1449370      0.1454700      0.1459420      0.1465200      0.1465450      0.1465700      0.1468900      0.1476900      0.1477500      0.1478200      0.1478800      0.1479500      0.1480200      0.1480900      0.1481600      0.1482400      0.1483100      0.1483900      0.1484700      0.1485500      0.1486300      0.1487100      0.1487900      0.1488700      0.1489500      0.1490300      0.1491200      0.1492000    
  0.1444400      0.1449490      0.1454700      0.1459770      0.1465200      0.1465330      0.1465450      0.1469240      0.1476900      0.1477200      0.1483880      0.1488300      0.1489000      0.1489700      0.1490400      0.1491200      0.1491900      0.1492700      0.1493400      0.1494200      0.1495000      0.1495800      0.1496600      0.1497400      0.1498200      0.1499000      0.1499800      0.1500600      0.1501400      0.1502200    
  0.1449530      0.1454700      0.1459890      0.1465200      0.1465260      0.1465330      0.1469230      0.1476900      0.1477050      0.1485980      0.1493400      0.1498500      0.1499200      0.1499900      0.1500600      0.1501400      0.1502200      0.1502900      0.1503700      0.1504500      0.1505300      0.1506100      0.1506900      0.1507700      0.1508500      0.1509300      0.1510100      0.1510900      0.1511700      0.1512500    
  0.1454700      0.1459930      0.1465200      0.1465230      0.1465260      0.1469180      0.1476900      0.1476980      0.1486880      0.1495950      0.1498500      0.1498850      0.1501920      0.1510100      0.1510900      0.1511600      0.1512400      0.1513200      0.1514000      0.1514800      0.1515600      0.1516400      0.1517200      0.1518000      0.1518800      0.1519600      0.1520300      0.1521100      0.1521900      0.1522700    
  0.1459940      0.1465200      0.1465220      0.1465230      0.1469140      0.1476900      0.1476940      0.1487300      0.1497220      0.1498500      0.1498680      0.1502340      0.1510100      0.1510500      0.1510870      0.1511630      0.1512400      0.1513200      0.1520500      0.1525100      0.1525900      0.1526700      0.1527500      0.1528300      0.1529100      0.1529800      0.1530600      0.1531400      0.1532200      0.1533000    
  0.1465200      0.1465210      0.1465220      0.1469120      0.1476900      0.1476920      0.1487500      0.1497860      0.1498500      0.1498590      0.1502400      0.1510100      0.1510300      0.1510490      0.1511000      0.1511630      0.1512410      0.1522350      0.1530250      0.1535400      0.1536200      0.1537000      0.1537800      0.1538600      0.1539400      0.1540100      0.1540900      0.1541700      0.1542400      0.1543200    
  0.1465200      0.1465210      0.1469110      0.1476900      0.1476910      0.1487600      0.1498180      0.1498500      0.1498540      0.1502400      0.1510100      0.1510200      0.1510300      0.1510600      0.1511040      0.1511680      0.1522920      0.1532820      0.1535400      0.1539370      0.1546500      0.1547300      0.1548100      0.1548900      0.1549600      0.1550400      0.1551200      0.1551900      0.1552700      0.1553400    
  0.1465200      0.1469110      0.1476900      0.1476900      0.1487650      0.1498340      0.1498500      0.1498520      0.1502390      0.1510100      0.1510150      0.1510200      0.1510360      0.1510640      0.1511110      0.1529170      0.1534110      0.1535400      0.1550900      0.1556750      0.1557220      0.1557500      0.1558300      0.1559100      0.1559900      0.1560700      0.1561400      0.1562200      0.1562900      0.1563700    
  0.1469100      0.1476900      0.1476900      0.1487680      0.1498420      0.1498500      0.1498510      0.1502380      0.1510100      0.1510130      0.1510150      0.1510240      0.1510400      0.1537100      0.1554930      0.1566100      0.1566100      0.1567160      0.1568690      0.1572100      0.1567000      0.1567800      0.1568600      0.1569400      0.1570200      0.1570900      0.1571700      0.1572400      0.1573200      0.1573900    
  0.1476900      0.1476900      0.1487690      0.1498460      0.1498500      0.1498510      0.1502370      0.1510100      0.1510110      0.1510120      0.1510170      0.1510260      0.1558260      0.1616620      0.1616300      0.1596280      0.1598080      0.1596800      0.1583980      0.1577230      0.1577200      0.1578100      0.1578900      0.1579700      0.1580400      0.1581200      0.1581900      0.1582700      0.1583400      0.1584100    
  0.1476900      0.1487690      0.1498480      0.1498500      0.1498500      0.1502370      0.1510100      0.1510110      0.1510110      0.1510140      0.1564310      0.1645500      0.1626500      0.1616930      0.1616930      0.1616300      0.1604630      0.1599350      0.1596800      0.1589800      0.1587500      0.1588300      0.1589100      0.1589900      0.1590700      0.1591400      0.1592200      0.1592900      0.1593600      0.1594200    
  0.1487700      0.1498490      0.1498500      0.1498500      0.1502370      0.1510100      0.1510100      0.1510110      0.1510120      0.1575110      0.1645500      0.1645500      0.1645500      0.1626970      0.1617560      0.1617560      0.1616300      0.1606080      0.1601900      0.1596800      0.1597700      0.1598500      0.1599300      0.1600100      0.1600900      0.1601600      0.1602400      0.1603100      0.1603700      0.1604400    
  0.1498500      0.1498500      0.1498500      0.1502370      0.1510100      0.1510100      0.1510100      0.1556060      0.1599410      0.1645530      0.1645500      0.1645500      0.1645500      0.1645500      0.1627890      0.1618830      0.1618830      0.1616300      0.1609320      0.1607000      0.1607900      0.1608700      0.1609500      0.1610300      0.1611100      0.1611800      0.1612500      0.1613200      0.1613900      0.1614500    
  0.1498500      0.1498500      0.1502370      0.1510100      0.1510100      0.1587020      0.1702400      0.1698150      0.1693900      0.1661710      0.1645580      0.1645500      0.1645500      0.1645500      0.1645500      0.1629670      0.1621350      0.1621350      0.1616300      0.1617200      0.1618100      0.1618900      0.1619700      0.1620500      0.1621300      0.1622000      0.1622700      0.1623400      0.1624000      0.1624600    
  0.1498500      0.1502370      0.1510100      0.1510100      0.1602420      0.1702420      0.1702420      0.1702400      0.1698150      0.1693900      0.1661850      0.1645750      0.1645500      0.1645500      0.1645500      0.1645500      0.1632990      0.1626400      0.1626400      0.1627300      0.1628200      0.1629000      0.1629900      0.1630600      0.1631400      0.1632100      0.1632800      0.1633500      0.1634100      0.1634700    
