iMOD/TUTORIALS/TUT_MetaswapAnalyser/model_MetaSWAP/meteo/Evaporation/Evaporation_20050711_L1.ASC
NCOLS                30
NROWS                30
XLLCORNER     160000.00
YLLCORNER     340000.00
CELLSIZE        1000.00
NODATA_VALUE   -9999.00
   5.158020       5.164340       5.170580       5.176740       5.182820       5.188840       5.194790       5.200680       5.206520       5.212310       5.218050       5.223750       5.229410       5.235040       5.240630       5.246200       5.251750       5.257280       5.262790       5.268280       5.273760       5.279230       5.284700       5.290150       5.295610       5.301060       5.306510       5.311960       5.317420       5.322880    
   5.163160       5.169440       5.175650       5.181780       5.187840       5.193840       5.199770       5.205650       5.211470       5.217240       5.222970       5.228660       5.234320       5.239940       5.245530       5.251100       5.256640       5.262170       5.267680       5.273180       5.278660       5.284140       5.289600       5.295070       5.300530       5.305990       5.311460       5.316920       5.322390       5.327870    
   5.168240       5.174480       5.180650       5.186750       5.192780       5.198750       5.204670       5.210520       5.216330       5.222090       5.227810       5.233490       5.239140       5.244760       5.250340       5.255910       5.261450       5.266980       5.272490       5.277980       5.283470       5.288950       5.294430       5.299900       5.305370       5.310850       5.316320       5.321800       5.327280       5.332770    
   5.173240       5.179440       5.185580       5.191640       5.197650       5.203600       5.209490       5.215330       5.221120       5.226870       5.232570       5.238240       5.243880       5.249490       5.255070       5.260630       5.266170       5.271700       5.277210       5.282710       5.288200       5.293690       5.299170       5.304650       5.310130       5.315620       5.321100       5.326600       5.332100       5.337600    
   5.178190       5.184340       5.190440       5.196470       5.202450       5.208370       5.214240       5.220060       5.225830       5.231560       5.237260       5.242920       5.248540       5.254150       5.259720       5.265280       5.270820       5.276340       5.281860       5.287360       5.292860       5.298350       5.303840       5.309330       5.314820       5.320310       5.325810       5.331320       5.336830       5.342360    
   5.183080       5.189190       5.195250       5.201240       5.207190       5.213080       5.218920       5.224720       5.230480       5.236190       5.241870       5.247520       5.253140       5.258730       5.264300       5.269850       5.275390       5.280910       5.286430       5.291930       5.297430       5.302930       5.308430       5.313930       5.319430       5.324940       5.330450       5.335970       5.341500       5.347040    
   5.187910       5.193980       5.200000       5.205960       5.211870       5.217730       5.223550       5.229320       5.235060       5.240760       5.246420       5.252050       5.257660       5.263250       5.268810       5.274360       5.279890       5.285420       5.290930       5.296440       5.301940       5.307450       5.312950       5.318460       5.323970       5.329490       5.335020       5.340560       5.346100       5.351660    
   5.192700       5.198720       5.204700       5.210620       5.216500       5.222330       5.228120       5.233870       5.239580       5.245260       5.250910       5.256530       5.262120       5.267700       5.273260       5.278800       5.284330       5.289850       5.295370       5.300880       5.306390       5.311900       5.317410       5.322930       5.328450       5.333980       5.339520       5.345070       5.350640       5.356210    
   5.197450       5.203420       5.209350       5.215230       5.221080       5.226880       5.232640       5.238360       5.244050       5.249710       5.255340       5.260940       5.266530       5.272090       5.277640       5.283180       5.288710       5.294220       5.299740       5.305250       5.310770       5.316280       5.321800       5.327330       5.332860       5.338410       5.343960       5.349530       5.355110       5.360710    
   5.202150       5.208080       5.213960       5.219810       5.225610       5.231380       5.237110       5.242800       5.248470       5.254110       5.259720       5.265310       5.270880       5.276430       5.281970       5.287500       5.293030       5.298540       5.304060       5.309570       5.315090       5.320610       5.326140       5.331680       5.337220       5.342780       5.348350       5.353930       5.359530       5.365140    
   5.202140       5.208060       5.216550       5.224340       5.230110       5.235840       5.241540       5.247210       5.252850       5.258460       5.264050       5.269630       5.275180       5.280720       5.286250       5.291780       5.297290       5.302810       5.308320       5.313840       5.319360       5.324880       5.330420       5.335970       5.341520       5.347090       5.352680       5.358280       5.363890       5.369530    
   5.202120       5.212770       5.224340       5.232000       5.234570       5.240260       5.245930       5.251570       5.257180       5.262770       5.268340       5.273900       5.279440       5.284970       5.290490       5.296000       5.301510       5.307020       5.312540       5.318050       5.323580       5.329110       5.334650       5.340210       5.345770       5.351360       5.356960       5.362570       5.368210       5.373860    
   5.208850       5.224340       5.233030       5.236780       5.238990       5.244650       5.250280       5.255890       5.261480       5.267050       5.272600       5.278130       5.283650       5.289170       5.294680       5.300180       5.305690       5.311190       5.316700       5.322220       5.327750       5.333290       5.338840       5.344400       5.349980       5.355570       5.361190       5.366820       5.372470       5.378150    
   5.224340       5.233560       5.237880       5.238990       5.244220       5.249010       5.254610       5.260190       5.265740       5.271280       5.276810       5.282330       5.287830       5.293330       5.298830       5.304320       5.309820       5.315320       5.320830       5.326350       5.331880       5.337420       5.342980       5.348550       5.354140       5.359750       5.365380       5.371030       5.376700       5.382390    
   5.233830       5.238440       5.238990       5.244070       5.249010       5.254180       5.258910       5.264450       5.269980       5.275490       5.281000       5.286490       5.291980       5.297460       5.302940       5.308430       5.313920       5.319410       5.324920       5.330440       5.335970       5.341510       5.347080       5.352660       5.358260       5.363880       5.369520       5.375190       5.380880       5.386590    
   5.238710       5.238990       5.244020       5.249010       5.254030       5.258910       5.261680       5.264450       5.272400       5.279680       5.285160       5.290630       5.296090       5.301560       5.307030       5.312500       5.317980       5.323470       5.328970       5.334490       5.340020       5.345570       5.351140       5.356730       5.362340       5.367980       5.373640       5.379320       5.385030       5.390760    
   5.238990       5.244010       5.249010       5.253980       5.258910       5.260290       5.261680       5.269550       5.279680       5.282420       5.289810       5.294740       5.300180       5.305630       5.311090       5.316550       5.322020       5.327500       5.333000       5.338510       5.344040       5.349600       5.355170       5.360770       5.366390       5.372040       5.377710       5.383420       5.389140       5.394900    
   5.244000       5.249010       5.253970       5.258910       5.259600       5.260290       5.267800       5.279680       5.281050       5.289500       5.296790       5.298830       5.304250       5.309680       5.315120       5.320570       5.326030       5.331500       5.336990       5.342500       5.348040       5.353590       5.359170       5.364780       5.370410       5.376070       5.381760       5.387480       5.393230       5.399000    
   5.249010       5.253960       5.258910       5.259260       5.259600       5.266840       5.279680       5.280360       5.289370       5.297810       5.298830       5.301540       5.306620       5.313710       5.319130       5.324570       5.330020       5.335480       5.340970       5.346470       5.352010       5.357560       5.363150       5.368760       5.374410       5.380080       5.385790       5.391520       5.397290       5.403080    
   5.253960       5.258910       5.259080       5.259260       5.266350       5.279680       5.280020       5.289310       5.298320       5.298830       5.300190       5.305170       5.313710       5.316420       5.319140       5.324570       5.330020       5.335490       5.345540       5.350420       5.355960       5.361520       5.367110       5.372730       5.378380       5.384070       5.389790       5.395540       5.401320       5.407140    
   5.258910       5.259000       5.259080       5.266090       5.279680       5.279850       5.289280       5.298570       5.298830       5.299510       5.304470       5.313710       5.315070       5.316420       5.320040       5.324580       5.330030       5.343560       5.352390       5.354360       5.359890       5.365450       5.371040       5.376670       5.382340       5.388030       5.393770       5.399540       5.405340       5.411180    
   5.258950       5.259000       5.265960       5.279680       5.279770       5.289270       5.298700       5.298830       5.299170       5.304130       5.313710       5.314390       5.315070       5.317180       5.320350       5.324880       5.341180       5.353380       5.354360       5.359350       5.363800       5.369370       5.374970       5.380600       5.386280       5.391990       5.397740       5.403520       5.409350       5.415210    
   5.258950       5.265900       5.279680       5.279720       5.289260       5.298770       5.298830       5.299000       5.303960       5.313710       5.314050       5.314390       5.315540       5.317530       5.320800       5.341270       5.353870       5.354360       5.363740       5.367710       5.371050       5.373280       5.378880       5.384520       5.390200       5.395930       5.401690       5.407500       5.413340       5.419220    
   5.265870       5.279680       5.279700       5.289260       5.298800       5.298830       5.298910       5.303870       5.313710       5.313880       5.314050       5.314660       5.315820       5.333520       5.350310       5.366080       5.366080       5.368930       5.372260       5.373560       5.371610       5.377180       5.382780       5.388430       5.394120       5.399860       5.405640       5.411460       5.417330       5.423230    
   5.279680       5.279690       5.289260       5.298810       5.298830       5.298870       5.303830       5.313710       5.313800       5.313880       5.314200       5.314840       5.344960       5.380340       5.380220       5.375930       5.378290       5.377800       5.376470       5.375510       5.375510       5.381070       5.386680       5.392340       5.398040       5.403790       5.409580       5.415420       5.421310       5.427240    
   5.279690       5.289260       5.298820       5.298830       5.298850       5.303810       5.313710       5.313750       5.313800       5.313960       5.343320       5.386830       5.382610       5.380470       5.380470       5.380220       5.379150       5.378780       5.377800       5.379010       5.379410       5.384970       5.390580       5.396240       5.401950       5.407710       5.413520       5.419380       5.425290       5.431240    
   5.289260       5.298830       5.298830       5.298840       5.303800       5.313710       5.313730       5.313750       5.313830       5.348950       5.386830       5.386830       5.386830       5.382790       5.380720       5.380720       5.380220       5.379780       5.379760       5.377800       5.383310       5.388870       5.394490       5.400150       5.405870       5.411640       5.417470       5.423350       5.429270       5.435250    
   5.298830       5.298830       5.298840       5.303800       5.313710       5.313720       5.313730       5.335920       5.359630       5.386840       5.386830       5.386830       5.386830       5.386830       5.383160       5.381210       5.381210       5.380220       5.381350       5.381720       5.387220       5.392780       5.398400       5.404070       5.409800       5.415580       5.421420       5.427320       5.433270       5.439270    
   5.298830       5.298830       5.303790       5.313710       5.313720       5.348900       5.401660       5.402020       5.402380       5.392040       5.386860       5.386830       5.386830       5.386830       5.386830       5.383880       5.382200       5.382200       5.380220       5.385650       5.391150       5.396700       5.402320       5.408000       5.413730       5.419530       5.425390       5.431300       5.437270       5.443300    
   5.298830       5.303790       5.313710       5.313710       5.355940       5.401670       5.401670       5.401660       5.402020       5.402380       5.392100       5.386930       5.386830       5.386830       5.386830       5.386830       5.385260       5.384190       5.384180       5.389600       5.395090       5.400640       5.406260       5.411940       5.417690       5.423500       5.429370       5.435300       5.441300       5.447340    
