iMOD/TUTORIALS/TUT_MetaswapAnalyser/model_MetaSWAP/meteo/Evaporation/Evaporation_20060325_L1.ASC
NCOLS                30
NROWS                30
XLLCORNER     160000.00
YLLCORNER     340000.00
CELLSIZE        1000.00
NODATA_VALUE   -9999.00
   1.234860       1.233670       1.232450       1.231210       1.229940       1.228640       1.227310       1.225960       1.224590       1.223190       1.221770       1.220320       1.218860       1.217370       1.215860       1.214330       1.212780       1.211210       1.209630       1.208020       1.206400       1.204760       1.203110       1.201440       1.199760       1.198060       1.196350       1.194620       1.192890       1.191140    
   1.234970       1.233790       1.232580       1.231350       1.230090       1.228810       1.227500       1.226160       1.224800       1.223420       1.222010       1.220580       1.219130       1.217650       1.216160       1.214650       1.213110       1.211560       1.209990       1.208400       1.206790       1.205170       1.203530       1.201880       1.200210       1.198520       1.196820       1.195110       1.193390       1.191660    
   1.235080       1.233910       1.232720       1.231500       1.230250       1.228980       1.227680       1.226360       1.225010       1.223640       1.222250       1.220830       1.219400       1.217940       1.216460       1.214960       1.213440       1.211900       1.210350       1.208770       1.207180       1.205570       1.203950       1.202310       1.200650       1.198980       1.197300       1.195600       1.193890       1.192170    
   1.235200       1.234040       1.232850       1.231640       1.230410       1.229150       1.227860       1.226550       1.225220       1.223860       1.222490       1.221080       1.219660       1.218220       1.216750       1.215270       1.213760       1.212240       1.210700       1.209140       1.207560       1.205970       1.204360       1.202730       1.201090       1.199430       1.197760       1.196080       1.194380       1.192670    
   1.235320       1.234170       1.232990       1.231790       1.230570       1.229320       1.228050       1.226750       1.225430       1.224090       1.222720       1.221340       1.219930       1.218500       1.217050       1.215570       1.214080       1.212570       1.211050       1.209500       1.207940       1.206360       1.204760       1.203150       1.201520       1.199880       1.198220       1.196550       1.194860       1.193170    
   1.235450       1.234300       1.233140       1.231950       1.230730       1.229500       1.228230       1.226950       1.225640       1.224310       1.222960       1.221590       1.220190       1.218770       1.217340       1.215880       1.214400       1.212910       1.211390       1.209860       1.208310       1.206740       1.205160       1.203560       1.201950       1.200320       1.198670       1.197010       1.195340       1.193660    
   1.235580       1.234440       1.233290       1.232110       1.230900       1.229670       1.228420       1.227150       1.225850       1.224540       1.223200       1.221840       1.220450       1.219050       1.217630       1.216180       1.214720       1.213240       1.211740       1.210220       1.208680       1.207130       1.205560       1.203970       1.202370       1.200750       1.199120       1.197470       1.195810       1.194140    
   1.235720       1.234590       1.233440       1.232270       1.231070       1.229860       1.228620       1.227350       1.226070       1.224760       1.223440       1.222090       1.220720       1.219330       1.217910       1.216480       1.215030       1.213560       1.212080       1.210570       1.209050       1.207500       1.205950       1.204370       1.202780       1.201180       1.199560       1.197930       1.196280       1.194620    
   1.235860       1.234740       1.233600       1.232430       1.231250       1.230040       1.228810       1.227560       1.226290       1.224990       1.223670       1.222340       1.220980       1.219600       1.218200       1.216780       1.215350       1.213890       1.212410       1.210920       1.209410       1.207880       1.206330       1.204770       1.203200       1.201600       1.200000       1.198370       1.196740       1.195090    
   1.236010       1.234900       1.233760       1.232610       1.231430       1.230230       1.229010       1.227770       1.226500       1.225220       1.223920       1.222590       1.221240       1.219880       1.218490       1.217080       1.215660       1.214210       1.212750       1.211270       1.209770       1.208250       1.206720       1.205170       1.203600       1.202020       1.200430       1.198820       1.197190       1.195560    
   1.236010       1.234890       1.233510       1.232780       1.231610       1.230420       1.229210       1.227980       1.226730       1.225450       1.224160       1.222840       1.221510       1.220150       1.218780       1.217380       1.215970       1.214530       1.213080       1.211610       1.210130       1.208620       1.207100       1.205560       1.204010       1.202440       1.200850       1.199260       1.197640       1.196020    
   1.236000       1.234300       1.232780       1.232040       1.231800       1.230620       1.229420       1.228190       1.226950       1.225690       1.224400       1.223100       1.221770       1.220430       1.219060       1.217680       1.216280       1.214860       1.213420       1.211960       1.210480       1.208990       1.207480       1.205950       1.204410       1.202850       1.201280       1.199690       1.198090       1.196470    
   1.235040       1.232780       1.232180       1.231890       1.231990       1.230820       1.229620       1.228410       1.227180       1.225920       1.224650       1.223350       1.222040       1.220700       1.219350       1.217980       1.216590       1.215180       1.213750       1.212300       1.210840       1.209350       1.207850       1.206340       1.204810       1.203260       1.201700       1.200120       1.198530       1.196920    
   1.232780       1.232220       1.231940       1.231990       1.231280       1.231020       1.229840       1.228630       1.227410       1.226160       1.224890       1.223610       1.222310       1.220980       1.219640       1.218280       1.216900       1.215500       1.214080       1.212640       1.211190       1.209720       1.208230       1.206720       1.205200       1.203660       1.202110       1.200540       1.198960       1.197370    
   1.232240       1.231970       1.231990       1.231430       1.231020       1.230300       1.230050       1.228860       1.227640       1.226400       1.225140       1.223870       1.222570       1.221260       1.219930       1.218570       1.217200       1.215810       1.214410       1.212980       1.211540       1.210080       1.208600       1.207100       1.205590       1.204070       1.202520       1.200970       1.199390       1.197810    
   1.231980       1.231990       1.231480       1.231020       1.230460       1.230050       1.229450       1.228850       1.227390       1.226640       1.225400       1.224130       1.222840       1.221540       1.220220       1.218870       1.217510       1.216130       1.214740       1.213320       1.211890       1.210440       1.208970       1.207480       1.205980       1.204460       1.202930       1.201380       1.199820       1.198240    
   1.231990       1.231500       1.231020       1.230510       1.230050       1.229750       1.229450       1.228080       1.226640       1.226020       1.225040       1.224390       1.223120       1.221820       1.220510       1.219170       1.217820       1.216450       1.215060       1.213660       1.212230       1.210790       1.209330       1.207860       1.206370       1.204860       1.203340       1.201800       1.200240       1.198680    
   1.231500       1.231020       1.230530       1.230050       1.229900       1.229750       1.228480       1.226640       1.226330       1.225380       1.224520       1.224660       1.223390       1.222100       1.220800       1.219470       1.218130       1.216770       1.215390       1.214000       1.212580       1.211150       1.209700       1.208230       1.206750       1.205250       1.203740       1.202210       1.200660       1.199100    
   1.231020       1.230530       1.230050       1.229980       1.229900       1.228690       1.226640       1.226490       1.225520       1.224590       1.224660       1.224030       1.223130       1.222390       1.221090       1.219780       1.218440       1.217090       1.215720       1.214330       1.212930       1.211500       1.210060       1.208610       1.207130       1.205640       1.204140       1.202620       1.201080       1.199530    
   1.230530       1.230050       1.230010       1.229980       1.228800       1.226640       1.226560       1.225590       1.224630       1.224660       1.224340       1.223550       1.222390       1.221740       1.221090       1.219770       1.218440       1.217080       1.215360       1.214670       1.213270       1.211860       1.210430       1.208980       1.207510       1.206030       1.204530       1.203020       1.201490       1.199950    
   1.230050       1.230030       1.230010       1.228860       1.226640       1.226600       1.225620       1.224640       1.224660       1.224500       1.223740       1.222390       1.222060       1.221740       1.220870       1.219760       1.218430       1.216140       1.214830       1.215000       1.213620       1.212210       1.210790       1.209350       1.207890       1.206420       1.204930       1.203420       1.201900       1.200370    
   1.230040       1.230030       1.228890       1.226640       1.226620       1.225630       1.224650       1.224660       1.224580       1.223820       1.222390       1.222230       1.222060       1.221560       1.220790       1.219690       1.216850       1.214920       1.215000       1.214190       1.213960       1.212560       1.211150       1.209720       1.208270       1.206800       1.205320       1.203820       1.202310       1.200780    
   1.230040       1.228900       1.226640       1.226630       1.225640       1.224660       1.224660       1.224620       1.223860       1.222390       1.222310       1.222230       1.221950       1.221470       1.220680       1.217660       1.214960       1.215000       1.214580       1.214310       1.213470       1.212910       1.211510       1.210080       1.208640       1.207180       1.205710       1.204220       1.202710       1.201190    
   1.228910       1.226640       1.226640       1.225650       1.224660       1.224660       1.224640       1.223880       1.222390       1.222350       1.222310       1.222160       1.221880       1.220770       1.218710       1.216010       1.216010       1.215390       1.214700       1.214820       1.214650       1.213260       1.211860       1.210450       1.209010       1.207560       1.206100       1.204610       1.203110       1.201600    
   1.226640       1.226640       1.225650       1.224660       1.224660       1.224650       1.223890       1.222390       1.222370       1.222350       1.222270       1.222120       1.220570       1.219010       1.219000       1.217440       1.217050       1.217010       1.215640       1.214990       1.214990       1.213610       1.212220       1.210810       1.209380       1.207940       1.206480       1.205000       1.203510       1.202000    
   1.226640       1.225650       1.224660       1.224660       1.224660       1.223900       1.222390       1.222380       1.222370       1.222330       1.221850       1.221260       1.219770       1.219020       1.219020       1.219000       1.217710       1.217100       1.217010       1.215750       1.215330       1.213960       1.212570       1.211170       1.209750       1.208310       1.206860       1.205390       1.203910       1.202410    
   1.225650       1.224660       1.224660       1.224660       1.223900       1.222390       1.222380       1.222380       1.222360       1.221810       1.221260       1.221260       1.221260       1.219780       1.219040       1.219040       1.219000       1.217740       1.217180       1.217010       1.215670       1.214310       1.212930       1.211530       1.210120       1.208690       1.207240       1.205780       1.204300       1.202800    
   1.224660       1.224660       1.224660       1.223900       1.222390       1.222390       1.222380       1.222800       1.222350       1.221260       1.221260       1.221260       1.221260       1.221260       1.219810       1.219080       1.219080       1.219000       1.217760       1.217350       1.216010       1.214650       1.213280       1.211890       1.210480       1.209060       1.207620       1.206160       1.204690       1.203200    
   1.224660       1.224660       1.223900       1.222390       1.222390       1.223680       1.225610       1.224850       1.224090       1.222210       1.221260       1.221260       1.221260       1.221260       1.221260       1.219860       1.219160       1.219160       1.219000       1.217680       1.216350       1.215000       1.213630       1.212250       1.210850       1.209430       1.207990       1.206540       1.205070       1.203590    
   1.224660       1.223900       1.222390       1.222390       1.223940       1.225610       1.225610       1.225610       1.224850       1.224090       1.222210       1.221270       1.221260       1.221260       1.221260       1.221260       1.219950       1.219320       1.219320       1.218010       1.216690       1.215350       1.213980       1.212610       1.211210       1.209800       1.208370       1.206920       1.205460       1.203980    
