iMOD/TUTORIALS/TUT_MetaswapAnalyser/model_MetaSWAP/meteo/Evaporation/Evaporation_20060719_L1.ASC
NCOLS                30
NROWS                30
XLLCORNER     160000.00
YLLCORNER     340000.00
CELLSIZE        1000.00
NODATA_VALUE   -9999.00
   5.600470       5.600830       5.601180       5.601520       5.601860       5.602190       5.602510       5.602830       5.603150       5.603460       5.603770       5.604080       5.604390       5.604690       5.605000       5.605310       5.605620       5.605930       5.606250       5.606560       5.606880       5.607210       5.607530       5.607870       5.608200       5.608540       5.608890       5.609240       5.609590       5.609950    
   5.601200       5.601560       5.601910       5.602250       5.602590       5.602920       5.603240       5.603570       5.603880       5.604200       5.604510       5.604820       5.605130       5.605440       5.605750       5.606060       5.606370       5.606680       5.607000       5.607320       5.607640       5.607970       5.608300       5.608630       5.608970       5.609310       5.609660       5.610010       5.610370       5.610740    
   5.601910       5.602270       5.602620       5.602970       5.603310       5.603640       5.603960       5.604280       5.604600       5.604920       5.605230       5.605540       5.605850       5.606170       5.606480       5.606790       5.607100       5.607420       5.607740       5.608060       5.608390       5.608710       5.609050       5.609380       5.609730       5.610070       5.610420       5.610780       5.611140       5.611510    
   5.602610       5.602970       5.603330       5.603670       5.604010       5.604340       5.604670       5.604990       5.605310       5.605630       5.605940       5.606250       5.606570       5.606880       5.607190       5.607510       5.607820       5.608140       5.608460       5.608790       5.609120       5.609450       5.609780       5.610130       5.610470       5.610820       5.611180       5.611540       5.611900       5.612280    
   5.603300       5.603660       5.604010       5.604360       5.604700       5.605030       5.605360       5.605680       5.606000       5.606320       5.606640       5.606950       5.607270       5.607580       5.607900       5.608210       5.608530       5.608850       5.609180       5.609510       5.609840       5.610170       5.610510       5.610850       5.611200       5.611560       5.611920       5.612280       5.612650       5.613030    
   5.603980       5.604340       5.604690       5.605040       5.605370       5.605710       5.606040       5.606360       5.606680       5.607000       5.607320       5.607640       5.607960       5.608270       5.608590       5.608910       5.609230       5.609550       5.609880       5.610210       5.610540       5.610880       5.611220       5.611570       5.611930       5.612280       5.612650       5.613020       5.613390       5.613770    
   5.604640       5.605000       5.605350       5.605700       5.606040       5.606370       5.606700       5.607030       5.607350       5.607670       5.607990       5.608310       5.608630       5.608950       5.609270       5.609590       5.609910       5.610240       5.610570       5.610900       5.611240       5.611580       5.611930       5.612280       5.612640       5.613000       5.613370       5.613740       5.614120       5.614510    
   5.605290       5.605650       5.606010       5.606350       5.606690       5.607030       5.607360       5.607690       5.608010       5.608330       5.608650       5.608980       5.609300       5.609620       5.609940       5.610260       5.610590       5.610920       5.611250       5.611590       5.611930       5.612270       5.612620       5.612980       5.613340       5.613700       5.614080       5.614450       5.614840       5.615230    
   5.605940       5.606300       5.606650       5.607000       5.607340       5.607670       5.608000       5.608330       5.608660       5.608980       5.609300       5.609630       5.609950       5.610270       5.610600       5.610920       5.611250       5.611580       5.611920       5.612260       5.612600       5.612950       5.613300       5.613660       5.614030       5.614400       5.614780       5.615160       5.615550       5.615950    
   5.606570       5.606930       5.607280       5.607630       5.607970       5.608310       5.608640       5.608970       5.609300       5.609620       5.609940       5.610270       5.610590       5.610920       5.611240       5.611570       5.611900       5.612240       5.612580       5.612920       5.613270       5.613620       5.613980       5.614340       5.614710       5.615090       5.615470       5.615860       5.616250       5.616650    
   5.606570       5.606930       5.607520       5.608250       5.608600       5.608930       5.609270       5.609600       5.609920       5.610250       5.610580       5.610900       5.611230       5.611550       5.611880       5.612210       5.612550       5.612880       5.613230       5.613570       5.613920       5.614280       5.614640       5.615010       5.615380       5.615760       5.616150       5.616540       5.616940       5.617350    
   5.606560       5.607320       5.608250       5.608970       5.609210       5.609550       5.609880       5.610210       5.610540       5.610870       5.611200       5.611520       5.611850       5.612180       5.612510       5.612840       5.613180       5.613520       5.613870       5.614220       5.614570       5.614930       5.615300       5.615670       5.616050       5.616430       5.616820       5.617220       5.617630       5.618040    
   5.607080       5.608250       5.609140       5.609520       5.609820       5.610160       5.610490       5.610820       5.611150       5.611480       5.611810       5.612140       5.612470       5.612800       5.613130       5.613470       5.613810       5.614150       5.614500       5.614850       5.615210       5.615580       5.615950       5.616320       5.616700       5.617100       5.617490       5.617900       5.618310       5.618730    
   5.608250       5.609220       5.609670       5.609820       5.610250       5.610760       5.611090       5.611430       5.611760       5.612090       5.612420       5.612750       5.613080       5.613410       5.613750       5.614080       5.614430       5.614770       5.615120       5.615480       5.615840       5.616210       5.616580       5.616970       5.617350       5.617750       5.618150       5.618560       5.618980       5.619400    
   5.609260       5.609740       5.609820       5.610280       5.610760       5.611180       5.611690       5.612020       5.612350       5.612680       5.613020       5.613350       5.613680       5.614010       5.614350       5.614690       5.615040       5.615390       5.615740       5.616100       5.616470       5.616840       5.617220       5.617600       5.618000       5.618400       5.618810       5.619220       5.619640       5.620080    
   5.609780       5.609820       5.610290       5.610760       5.611210       5.611690       5.611860       5.612020       5.612580       5.613280       5.613610       5.613940       5.614270       5.614610       5.614950       5.615290       5.615640       5.615990       5.616350       5.616720       5.617090       5.617460       5.617840       5.618240       5.618630       5.619040       5.619450       5.619870       5.620300       5.620740    
   5.609820       5.610290       5.610760       5.611220       5.611690       5.611770       5.611860       5.612430       5.613280       5.613440       5.614090       5.614530       5.614860       5.615200       5.615540       5.615890       5.616240       5.616600       5.616960       5.617320       5.617700       5.618080       5.618470       5.618860       5.619260       5.619680       5.620090       5.620520       5.620960       5.621400    
   5.610290       5.610760       5.611220       5.611690       5.611730       5.611770       5.612340       5.613280       5.613360       5.614150       5.614820       5.615110       5.615450       5.615790       5.616130       5.616480       5.616830       5.617190       5.617560       5.617930       5.618300       5.618690       5.619080       5.619480       5.619890       5.620310       5.620730       5.621160       5.621610       5.622060    
   5.610760       5.611220       5.611690       5.611710       5.611730       5.612280       5.613280       5.613320       5.614170       5.614960       5.615110       5.615280       5.615680       5.616370       5.616720       5.617070       5.617420       5.617780       5.618150       5.618520       5.618910       5.619290       5.619690       5.620100       5.620510       5.620930       5.621360       5.621800       5.622250       5.622710    
   5.611230       5.611690       5.611700       5.611710       5.612250       5.613280       5.613300       5.614180       5.615040       5.615110       5.615200       5.615610       5.616370       5.616550       5.616720       5.617070       5.617420       5.617780       5.618660       5.619120       5.619500       5.619900       5.620300       5.620710       5.621130       5.621550       5.621990       5.622440       5.622890       5.623360    
   5.611690       5.611700       5.611700       5.612240       5.613280       5.613290       5.614190       5.615070       5.615110       5.615150       5.615570       5.616370       5.616460       5.616550       5.616780       5.617070       5.617430       5.618600       5.619420       5.619710       5.620100       5.620490       5.620900       5.621310       5.621740       5.622170       5.622620       5.623070       5.623530       5.624000    
   5.611690       5.611700       5.612230       5.613280       5.613290       5.614190       5.615090       5.615110       5.615130       5.615550       5.616370       5.616410       5.616460       5.616590       5.616800       5.617090       5.618470       5.619560       5.619710       5.620170       5.620690       5.621090       5.621500       5.621920       5.622350       5.622790       5.623240       5.623700       5.624170       5.624640    
   5.611690       5.612220       5.613280       5.613280       5.614190       5.615100       5.615110       5.615120       5.615540       5.616370       5.616390       5.616410       5.616490       5.616620       5.616830       5.618690       5.619640       5.619710       5.620830       5.621270       5.621520       5.621680       5.622100       5.622520       5.622960       5.623400       5.623860       5.624320       5.624800       5.625280    
   5.612220       5.613280       5.613280       5.614190       5.615110       5.615110       5.615120       5.615540       5.616370       5.616380       5.616390       5.616430       5.616510       5.618470       5.620100       5.621450       5.621460       5.621680       5.621950       5.622150       5.621860       5.622270       5.622690       5.623120       5.623560       5.624010       5.624480       5.624950       5.625430       5.625920    
   5.613280       5.613280       5.614190       5.615110       5.615110       5.615110       5.615530       5.616370       5.616380       5.616380       5.616400       5.616440       5.619870       5.623970       5.623950       5.623050       5.623270       5.623200       5.622710       5.622440       5.622440       5.622860       5.623280       5.623720       5.624160       5.624620       5.625090       5.625570       5.626060       5.626560    
   5.613280       5.614190       5.615110       5.615110       5.615110       5.615530       5.616370       5.616370       5.616380       5.616390       5.619960       5.625290       5.624420       5.623990       5.623990       5.623950       5.623530       5.623340       5.623200       5.623070       5.623020       5.623440       5.623870       5.624320       5.624770       5.625230       5.625710       5.626190       5.626690       5.627200    
   5.614190       5.615110       5.615110       5.615110       5.615530       5.616370       5.616370       5.616370       5.616380       5.620660       5.625290       5.625290       5.625290       5.624450       5.624020       5.624020       5.623950       5.623610       5.623490       5.623200       5.623610       5.624030       5.624470       5.624910       5.625370       5.625840       5.626320       5.626820       5.627320       5.627840    
   5.615110       5.615110       5.615110       5.615530       5.616370       5.616370       5.616370       5.619250       5.622130       5.625290       5.625290       5.625290       5.625290       5.625290       5.624500       5.624090       5.624090       5.623950       5.623820       5.623770       5.624190       5.624620       5.625060       5.625510       5.625980       5.626450       5.626940       5.627440       5.627960       5.628480    
   5.615110       5.615110       5.615530       5.616370       5.616370       5.621070       5.628130       5.628010       5.627890       5.626160       5.625290       5.625290       5.625290       5.625290       5.625290       5.624610       5.624240       5.624240       5.623950       5.624360       5.624780       5.625210       5.625650       5.626110       5.626580       5.627060       5.627560       5.628070       5.628590       5.629120    
   5.615110       5.615530       5.616370       5.616370       5.622020       5.628130       5.628130       5.628130       5.628010       5.627890       5.626170       5.625300       5.625290       5.625290       5.625290       5.625290       5.624800       5.624530       5.624530       5.624940       5.625360       5.625800       5.626250       5.626710       5.627190       5.627680       5.628180       5.628700       5.629230       5.629770    
