iMOD/TUTORIALS/TUT_MetaswapAnalyser/model_MetaSWAP/meteo/Evaporation/Evaporation_20050115_L1.ASC
NCOLS                30
NROWS                30
XLLCORNER     160000.00
YLLCORNER     340000.00
CELLSIZE        1000.00
NODATA_VALUE   -9999.00
  0.5365700      0.5365200      0.5364800      0.5364400      0.5364100      0.5363800      0.5363600      0.5363400      0.5363200      0.5363100      0.5363100      0.5363000      0.5363000      0.5363100      0.5363200      0.5363300      0.5363400      0.5363600      0.5363800      0.5364000      0.5364300      0.5364600      0.5364900      0.5365200      0.5365600      0.5366000      0.5366400      0.5366800      0.5367200      0.5367600    
  0.5368100      0.5367500      0.5367100      0.5366700      0.5366300      0.5366000      0.5365700      0.5365500      0.5365300      0.5365100      0.5365000      0.5365000      0.5364900      0.5364900      0.5365000      0.5365100      0.5365200      0.5365300      0.5365500      0.5365700      0.5365900      0.5366200      0.5366500      0.5366800      0.5367100      0.5367500      0.5367800      0.5368200      0.5368600      0.5369100    
  0.5370400      0.5369900      0.5369400      0.5368900      0.5368500      0.5368100      0.5367800      0.5367500      0.5367300      0.5367100      0.5367000      0.5366900      0.5366800      0.5366800      0.5366800      0.5366900      0.5366900      0.5367100      0.5367200      0.5367400      0.5367600      0.5367800      0.5368100      0.5368400      0.5368700      0.5369000      0.5369300      0.5369700      0.5370100      0.5370500    
  0.5372800      0.5372200      0.5371600      0.5371100      0.5370700      0.5370300      0.5369900      0.5369600      0.5369400      0.5369200      0.5369000      0.5368800      0.5368700      0.5368700      0.5368700      0.5368700      0.5368700      0.5368800      0.5368900      0.5369100      0.5369200      0.5369400      0.5369700      0.5369900      0.5370200      0.5370500      0.5370900      0.5371200      0.5371600      0.5372000    
  0.5375200      0.5374500      0.5373900      0.5373400      0.5372900      0.5372500      0.5372100      0.5371700      0.5371400      0.5371200      0.5371000      0.5370800      0.5370700      0.5370600      0.5370500      0.5370500      0.5370500      0.5370600      0.5370700      0.5370800      0.5370900      0.5371100      0.5371300      0.5371500      0.5371800      0.5372100      0.5372400      0.5372700      0.5373100      0.5373500    
  0.5377600      0.5376900      0.5376300      0.5375700      0.5375200      0.5374700      0.5374300      0.5373900      0.5373500      0.5373200      0.5373000      0.5372800      0.5372600      0.5372500      0.5372400      0.5372300      0.5372300      0.5372400      0.5372400      0.5372500      0.5372600      0.5372800      0.5373000      0.5373200      0.5373400      0.5373700      0.5374000      0.5374300      0.5374600      0.5375000    
  0.5380000      0.5379200      0.5378600      0.5378000      0.5377400      0.5376900      0.5376400      0.5376000      0.5375600      0.5375300      0.5375000      0.5374800      0.5374600      0.5374400      0.5374300      0.5374200      0.5374200      0.5374100      0.5374200      0.5374200      0.5374300      0.5374500      0.5374600      0.5374800      0.5375000      0.5375300      0.5375500      0.5375800      0.5376100      0.5376500    
  0.5382400      0.5381600      0.5380900      0.5380300      0.5379700      0.5379100      0.5378600      0.5378200      0.5377700      0.5377400      0.5377100      0.5376800      0.5376500      0.5376300      0.5376200      0.5376100      0.5376000      0.5376000      0.5376000      0.5376000      0.5376100      0.5376200      0.5376300      0.5376400      0.5376600      0.5376900      0.5377100      0.5377400      0.5377700      0.5378000    
  0.5384800      0.5384000      0.5383300      0.5382600      0.5381900      0.5381300      0.5380800      0.5380300      0.5379900      0.5379500      0.5379100      0.5378800      0.5378500      0.5378300      0.5378100      0.5378000      0.5377900      0.5377800      0.5377700      0.5377800      0.5377800      0.5377900      0.5378000      0.5378100      0.5378300      0.5378500      0.5378700      0.5379000      0.5379200      0.5379500    
  0.5387200      0.5386400      0.5385600      0.5384900      0.5384200      0.5383600      0.5383000      0.5382500      0.5382000      0.5381600      0.5381200      0.5380800      0.5380500      0.5380300      0.5380000      0.5379900      0.5379700      0.5379600      0.5379600      0.5379500      0.5379600      0.5379600      0.5379700      0.5379800      0.5379900      0.5380100      0.5380300      0.5380600      0.5380800      0.5381100    
  0.5387230      0.5386400      0.5386020      0.5387200      0.5386500      0.5385900      0.5385200      0.5384700      0.5384200      0.5383700      0.5383300      0.5382900      0.5382500      0.5382200      0.5382000      0.5381800      0.5381600      0.5381500      0.5381400      0.5381300      0.5381300      0.5381300      0.5381400      0.5381500      0.5381600      0.5381800      0.5382000      0.5382200      0.5382400      0.5382700    
  0.5387240      0.5386710      0.5387200      0.5388400      0.5388800      0.5388100      0.5387500      0.5386900      0.5386300      0.5385800      0.5385400      0.5384900      0.5384600      0.5384200      0.5384000      0.5383700      0.5383500      0.5383400      0.5383200      0.5383200      0.5383100      0.5383100      0.5383100      0.5383200      0.5383300      0.5383500      0.5383600      0.5383800      0.5384000      0.5384300    
  0.5387320      0.5387200      0.5389160      0.5389950      0.5391100      0.5390400      0.5389700      0.5389100      0.5388500      0.5388000      0.5387500      0.5387000      0.5386600      0.5386200      0.5385900      0.5385700      0.5385400      0.5385200      0.5385100      0.5385000      0.5384900      0.5384900      0.5384900      0.5385000      0.5385000      0.5385100      0.5385300      0.5385500      0.5385700      0.5385900    
  0.5387200      0.5389500      0.5390520      0.5391100      0.5391400      0.5392700      0.5392000      0.5391300      0.5390700      0.5390100      0.5389600      0.5389100      0.5388700      0.5388300      0.5387900      0.5387600      0.5387400      0.5387200      0.5387000      0.5386800      0.5386800      0.5386700      0.5386700      0.5386700      0.5386800      0.5386900      0.5387000      0.5387200      0.5387300      0.5387600    
  0.5389650      0.5390810      0.5391100      0.5391730      0.5392700      0.5393000      0.5394300      0.5393600      0.5392900      0.5392300      0.5391700      0.5391200      0.5390700      0.5390300      0.5389900      0.5389600      0.5389300      0.5389100      0.5388900      0.5388700      0.5388600      0.5388500      0.5388500      0.5388500      0.5388500      0.5388600      0.5388700      0.5388800      0.5389000      0.5389200    
  0.5390960      0.5391100      0.5391840      0.5392700      0.5393330      0.5394300      0.5393950      0.5393600      0.5393330      0.5394500      0.5393900      0.5393300      0.5392800      0.5392400      0.5392000      0.5391600      0.5391300      0.5391000      0.5390800      0.5390600      0.5390500      0.5390400      0.5390300      0.5390300      0.5390300      0.5390300      0.5390400      0.5390600      0.5390700      0.5390900    
  0.5391100      0.5391880      0.5392700      0.5393440      0.5394300      0.5394120      0.5393950      0.5393840      0.5394500      0.5394200      0.5394960      0.5395500      0.5394900      0.5394500      0.5394000      0.5393600      0.5393300      0.5393000      0.5392700      0.5392500      0.5392300      0.5392200      0.5392100      0.5392100      0.5392100      0.5392100      0.5392200      0.5392300      0.5392400      0.5392600    
  0.5391890      0.5392700      0.5393480      0.5394300      0.5394210      0.5394120      0.5394100      0.5394500      0.5394350      0.5395560      0.5396550      0.5397600      0.5397100      0.5396600      0.5396100      0.5395700      0.5395300      0.5395000      0.5394700      0.5394400      0.5394200      0.5394100      0.5394000      0.5393900      0.5393900      0.5393900      0.5394000      0.5394100      0.5394200      0.5394300    
  0.5392700      0.5393490      0.5394300      0.5394260      0.5394210      0.5394240      0.5394500      0.5394430      0.5395820      0.5397070      0.5397600      0.5397350      0.5397500      0.5398700      0.5398200      0.5397700      0.5397300      0.5397000      0.5396600      0.5396400      0.5396200      0.5396000      0.5395900      0.5395800      0.5395700      0.5395700      0.5395800      0.5395800      0.5395900      0.5396100    
  0.5393500      0.5394300      0.5394280      0.5394260      0.5394300      0.5394500      0.5394460      0.5395940      0.5397340      0.5397600      0.5397470      0.5397790      0.5398700      0.5398450      0.5398200      0.5397730      0.5397330      0.5396970      0.5397720      0.5398300      0.5398100      0.5397900      0.5397800      0.5397600      0.5397600      0.5397600      0.5397600      0.5397600      0.5397700      0.5397900    
  0.5394300      0.5394290      0.5394280      0.5394330      0.5394500      0.5394480      0.5395990      0.5397470      0.5397600      0.5397540      0.5397890      0.5398700      0.5398580      0.5398450      0.5398130      0.5397760      0.5397340      0.5398320      0.5399300      0.5400300      0.5400100      0.5399800      0.5399700      0.5399500      0.5399500      0.5399400      0.5399400      0.5399500      0.5399500      0.5399700    
  0.5394290      0.5394290      0.5394350      0.5394500      0.5394490      0.5396020      0.5397530      0.5397600      0.5397570      0.5397930      0.5398700      0.5398640      0.5398580      0.5398380      0.5398110      0.5397740      0.5398710      0.5399800      0.5400300      0.5400800      0.5402000      0.5401800      0.5401600      0.5401500      0.5401300      0.5401300      0.5401300      0.5401300      0.5401400      0.5401500    
  0.5394290      0.5394360      0.5394500      0.5394500      0.5396040      0.5397570      0.5397600      0.5397580      0.5397950      0.5398700      0.5398670      0.5398640      0.5398530      0.5398360      0.5398080      0.5400220      0.5400050      0.5400300      0.5403060      0.5404050      0.5403900      0.5403800      0.5403600      0.5403400      0.5403300      0.5403200      0.5403200      0.5403200      0.5403200      0.5403300    
  0.5394360      0.5394500      0.5394500      0.5396040      0.5397580      0.5397600      0.5397590      0.5397960      0.5398700      0.5398680      0.5398670      0.5398610      0.5398510      0.5403120      0.5405590      0.5406500      0.5406500      0.5406440      0.5406430      0.5407100      0.5406100      0.5405800      0.5405500      0.5405400      0.5405200      0.5405100      0.5405100      0.5405100      0.5405100      0.5405200    
  0.5394500      0.5394500      0.5396050      0.5397590      0.5397600      0.5397600      0.5397960      0.5398700      0.5398690      0.5398680      0.5398660      0.5398600      0.5407090      0.5417570      0.5417500      0.5412880      0.5412960      0.5412700      0.5409690      0.5408130      0.5408100      0.5407800      0.5407500      0.5407300      0.5407200      0.5407100      0.5407000      0.5407000      0.5407000      0.5407100    
  0.5394500      0.5396050      0.5397600      0.5397600      0.5397600      0.5397960      0.5398700      0.5398700      0.5398690      0.5398680      0.5409150      0.5424900      0.5420070      0.5417640      0.5417640      0.5417500      0.5414570      0.5413230      0.5412700      0.5410830      0.5410200      0.5409900      0.5409600      0.5409300      0.5409200      0.5409000      0.5409000      0.5408900      0.5408900      0.5409000    
  0.5396050      0.5397600      0.5397600      0.5397600      0.5397970      0.5398700      0.5398700      0.5398700      0.5398690      0.5411260      0.5424900      0.5424900      0.5424900      0.5420170      0.5417780      0.5417770      0.5417500      0.5414860      0.5413750      0.5412700      0.5412300      0.5411900      0.5411600      0.5411400      0.5411200      0.5411000      0.5410900      0.5410900      0.5410900      0.5410900    
  0.5397600      0.5397600      0.5397600      0.5397970      0.5398700      0.5398700      0.5398700      0.5408450      0.5416740      0.5424910      0.5424900      0.5424900      0.5424900      0.5424900      0.5420370      0.5418050      0.5418050      0.5417500      0.5415500      0.5414800      0.5414400      0.5414000      0.5413700      0.5413400      0.5413200      0.5413100      0.5413000      0.5412900      0.5412900      0.5412900    
  0.5397600      0.5397600      0.5397970      0.5398700      0.5398700      0.5415700      0.5441200      0.5439450      0.5437700      0.5429180      0.5424920      0.5424900      0.5424900      0.5424900      0.5424900      0.5420760      0.5418610      0.5418600      0.5417500      0.5417000      0.5416500      0.5416200      0.5415800      0.5415500      0.5415300      0.5415100      0.5415000      0.5414900      0.5414900      0.5414900    
  0.5397600      0.5397970      0.5398700      0.5398700      0.5419100      0.5441210      0.5441210      0.5441200      0.5439450      0.5437700      0.5429220      0.5424960      0.5424900      0.5424900      0.5424900      0.5424900      0.5421490      0.5419730      0.5419700      0.5419200      0.5418700      0.5418300      0.5417900      0.5417600      0.5417400      0.5417200      0.5417100      0.5417000      0.5416900      0.5417000    
