iMOD/TUTORIALS/TUT_MetaswapAnalyser/model_MetaSWAP/meteo/Evaporation/Evaporation_20060905_L1.ASC
NCOLS                30
NROWS                30
XLLCORNER     160000.00
YLLCORNER     340000.00
CELLSIZE        1000.00
NODATA_VALUE   -9999.00
   1.616100       1.617220       1.618410       1.619680       1.621020       1.622410       1.623860       1.625360       1.626900       1.628470       1.630070       1.631690       1.633340       1.635000       1.636660       1.638330       1.640000       1.641670       1.643340       1.644990       1.646630       1.648260       1.649880       1.651470       1.653050       1.654600       1.656130       1.657640       1.659130       1.660590    
   1.626320       1.627460       1.628670       1.629960       1.631310       1.632720       1.634180       1.635680       1.637230       1.638810       1.640420       1.642050       1.643700       1.645360       1.647030       1.648700       1.650380       1.652050       1.653710       1.655370       1.657010       1.658630       1.660240       1.661840       1.663410       1.664950       1.666480       1.667980       1.669460       1.670910    
   1.636600       1.637760       1.639000       1.640300       1.641670       1.643090       1.644560       1.646080       1.647630       1.649220       1.650840       1.652470       1.654130       1.655790       1.657460       1.659140       1.660820       1.662490       1.664150       1.665800       1.667440       1.669070       1.670670       1.672260       1.673830       1.675370       1.676880       1.678380       1.679840       1.681290    
   1.646940       1.648130       1.649380       1.650710       1.652090       1.653520       1.655010       1.656540       1.658100       1.659700       1.661320       1.662960       1.664620       1.666290       1.667960       1.669640       1.671320       1.672990       1.674650       1.676310       1.677940       1.679560       1.681160       1.682740       1.684300       1.685840       1.687340       1.688830       1.690280       1.691710    
   1.657330       1.658550       1.659820       1.661170       1.662570       1.664020       1.665520       1.667050       1.668630       1.670230       1.671860       1.673510       1.675170       1.676850       1.678530       1.680210       1.681880       1.683550       1.685220       1.686860       1.688500       1.690110       1.691710       1.693280       1.694830       1.696360       1.697860       1.699330       1.700770       1.702190    
   1.667780       1.669020       1.670320       1.671680       1.673100       1.674570       1.676080       1.677630       1.679210       1.680830       1.682460       1.684120       1.685790       1.687460       1.689140       1.690830       1.692500       1.694170       1.695830       1.697480       1.699110       1.700720       1.702310       1.703880       1.705420       1.706930       1.708420       1.709880       1.711310       1.712710    
   1.678280       1.679540       1.680860       1.682250       1.683680       1.685160       1.686690       1.688260       1.689850       1.691470       1.693120       1.694780       1.696450       1.698130       1.699820       1.701500       1.703180       1.704850       1.706510       1.708150       1.709770       1.711380       1.712960       1.714520       1.716050       1.717560       1.719030       1.720480       1.721890       1.723280    
   1.688810       1.690100       1.691450       1.692850       1.694310       1.695810       1.697350       1.698930       1.700540       1.702170       1.703820       1.705490       1.707170       1.708860       1.710540       1.712230       1.713910       1.715570       1.717230       1.718870       1.720490       1.722090       1.723660       1.725210       1.726730       1.728220       1.729690       1.731120       1.732520       1.733890    
   1.699390       1.700710       1.702080       1.703510       1.704980       1.706500       1.708060       1.709650       1.711270       1.712910       1.714570       1.716250       1.717940       1.719630       1.721320       1.723000       1.724680       1.726350       1.728000       1.729630       1.731250       1.732840       1.734410       1.735950       1.737460       1.738940       1.740390       1.741800       1.743190       1.744540    
   1.710000       1.711350       1.712740       1.714190       1.715690       1.717230       1.718800       1.720410       1.722040       1.723700       1.725370       1.727050       1.728740       1.730440       1.732130       1.733820       1.735500       1.737160       1.738810       1.740440       1.742050       1.743640       1.745190       1.746720       1.748220       1.749690       1.751120       1.752520       1.753890       1.755220    
   1.710020       1.711360       1.715800       1.724920       1.726440       1.727990       1.729580       1.731210       1.732850       1.734520       1.736200       1.737890       1.739590       1.741290       1.742990       1.744680       1.746360       1.748020       1.749670       1.751290       1.752900       1.754470       1.756020       1.757540       1.759030       1.760480       1.761900       1.763280       1.764630       1.765940    
   1.710040       1.715530       1.724920       1.734150       1.737210       1.738790       1.740400       1.742040       1.743700       1.745380       1.747070       1.748770       1.750480       1.752180       1.753880       1.755570       1.757250       1.758920       1.760560       1.762180       1.763780       1.765350       1.766890       1.768390       1.769860       1.771300       1.772710       1.774070       1.775400       1.776690    
   1.714810       1.724920       1.737430       1.742610       1.748020       1.749610       1.751240       1.752900       1.754570       1.756270       1.757970       1.759680       1.761390       1.763100       1.764810       1.766500       1.768180       1.769850       1.771490       1.773100       1.774690       1.776250       1.777780       1.779280       1.780740       1.782160       1.783550       1.784890       1.786200       1.787470    
   1.724920       1.738920       1.745320       1.748020       1.752700       1.760460       1.762110       1.763780       1.765480       1.767180       1.768900       1.770620       1.772340       1.774060       1.775770       1.777460       1.779150       1.780810       1.782450       1.784060       1.785640       1.787190       1.788710       1.790190       1.791640       1.793050       1.794410       1.795740       1.797030       1.798280    
   1.739630       1.746670       1.748020       1.753730       1.760460       1.765190       1.773000       1.774690       1.776400       1.778120       1.779850       1.781580       1.783310       1.785040       1.786750       1.788450       1.790130       1.791800       1.793430       1.795040       1.796610       1.798160       1.799660       1.801130       1.802570       1.803960       1.805310       1.806610       1.807880       1.809110    
   1.747340       1.748020       1.754070       1.760460       1.766220       1.773000       1.773840       1.774700       1.779570       1.789080       1.790820       1.792570       1.794310       1.796040       1.797760       1.799460       1.801150       1.802810       1.804440       1.806040       1.807610       1.809150       1.810640       1.812100       1.813520       1.814890       1.816220       1.817510       1.818750       1.819950    
   1.748020       1.754180       1.760460       1.766560       1.773000       1.773420       1.773850       1.779300       1.789080       1.789950       1.798130       1.803570       1.805320       1.807060       1.808790       1.810500       1.812180       1.813840       1.815470       1.817070       1.818630       1.820160       1.821640       1.823090       1.824490       1.825840       1.827160       1.828420       1.829640       1.830820    
   1.754220       1.760460       1.766670       1.773000       1.773210       1.773420       1.778910       1.789080       1.789520       1.800170       1.809080       1.814590       1.816350       1.818100       1.819830       1.821540       1.823230       1.824890       1.826520       1.828110       1.829670       1.831190       1.832660       1.834090       1.835470       1.836810       1.838100       1.839350       1.840550       1.841700    
   1.760460       1.766710       1.773000       1.773110       1.773210       1.778660       1.789080       1.789300       1.801040       1.811840       1.814590       1.815470       1.819550       1.829150       1.830890       1.832610       1.834300       1.835960       1.837580       1.839170       1.840720       1.842230       1.843690       1.845110       1.846480       1.847800       1.849070       1.850290       1.851460       1.852590    
   1.766720       1.773000       1.773050       1.773110       1.778510       1.789080       1.789190       1.801440       1.813210       1.814590       1.815030       1.819690       1.829150       1.830020       1.830880       1.832600       1.834290       1.835950       1.844850       1.850240       1.851790       1.853280       1.854730       1.856140       1.857490       1.858790       1.860040       1.861240       1.862380       1.863480    
   1.773000       1.773030       1.773050       1.778440       1.789080       1.789130       1.801640       1.813900       1.814590       1.814810       1.819610       1.829150       1.829580       1.830020       1.831170       1.832590       1.834280       1.846440       1.855780       1.861320       1.862860       1.864350       1.865790       1.867170       1.868510       1.869790       1.871020       1.872190       1.873310       1.874380    
   1.773010       1.773030       1.778400       1.789080       1.789110       1.801740       1.814250       1.814590       1.814700       1.819540       1.829150       1.829370       1.829580       1.830260       1.831260       1.832680       1.846640       1.858550       1.861320       1.866040       1.873930       1.875410       1.876840       1.878210       1.879530       1.880790       1.882000       1.883150       1.884240       1.885280    
   1.773010       1.778380       1.789080       1.789090       1.801790       1.814420       1.814590       1.814650       1.819500       1.829150       1.829260       1.829370       1.829740       1.830370       1.831400       1.853010       1.859940       1.861320       1.878490       1.885000       1.885890       1.886480       1.887900       1.889250       1.890550       1.891800       1.892980       1.894100       1.895170       1.896180    
   1.778370       1.789080       1.789090       1.801810       1.814500       1.814590       1.814620       1.819470       1.829150       1.829200       1.829260       1.829450       1.829820       1.859930       1.880750       1.894530       1.894540       1.895950       1.897920       1.901620       1.896080       1.897550       1.898950       1.900290       1.901570       1.902790       1.903950       1.905050       1.906090       1.907070    
   1.789080       1.789080       1.801820       1.814550       1.814590       1.814600       1.819460       1.829150       1.829180       1.829200       1.829310       1.829510       1.883340       1.948560       1.948220       1.926980       1.929130       1.927750       1.914280       1.907150       1.907150       1.908600       1.910000       1.911320       1.912590       1.913790       1.914920       1.915990       1.917000       1.917950    
   1.789080       1.801830       1.814570       1.814590       1.814600       1.819450       1.829150       1.829160       1.829180       1.829230       1.889370       1.979410       1.959130       1.948910       1.948910       1.948220       1.936020       1.930510       1.927750       1.920590       1.918210       1.919650       1.921030       1.922340       1.923590       1.924770       1.925880       1.926920       1.927900       1.928820    
   1.801830       1.814580       1.814590       1.814590       1.819450       1.829150       1.829160       1.829160       1.829190       1.901320       1.979410       1.979410       1.979410       1.959640       1.949590       1.949590       1.948220       1.937590       1.933260       1.927750       1.929250       1.930690       1.932050       1.933350       1.934580       1.935730       1.936820       1.937830       1.938780       1.939660    
   1.814580       1.814590       1.814590       1.819450       1.829150       1.829150       1.829160       1.879730       1.927890       1.979440       1.979410       1.979410       1.979410       1.979410       1.960630       1.950960       1.950970       1.948220       1.941130       1.938780       1.940280       1.941700       1.943060       1.944340       1.945550       1.946680       1.947740       1.948720       1.949640       1.950490    
   1.814590       1.814590       1.819440       1.829150       1.829150       1.913520       2.040050       2.035730       2.031400       1.996820       1.979500       1.979410       1.979410       1.979410       1.979410       1.962570       1.953710       1.953710       1.948220       1.949790       1.951280       1.952700       1.954040       1.955310       1.956490       1.957600       1.958630       1.959590       1.960480       1.961290    
   1.814590       1.819440       1.829150       1.829150       1.930400       2.040070       2.040070       2.040050       2.035730       2.031400       1.996970       1.979680       1.979410       1.979410       1.979410       1.979410       1.966190       1.959190       1.959200       1.960770       1.962260       1.963670       1.965000       1.966250       1.967410       1.968500       1.969500       1.970430       1.971280       1.972060    
