iMOD/TUTORIALS/TUT_MetaswapAnalyser/model_MetaSWAP/meteo/Evaporation/Evaporation_20060402_L1.ASC
NCOLS                30
NROWS                30
XLLCORNER     160000.00
YLLCORNER     340000.00
CELLSIZE        1000.00
NODATA_VALUE   -9999.00
   1.528020       1.526330       1.524680       1.523070       1.521500       1.519970       1.518470       1.517010       1.515590       1.514200       1.512840       1.511510       1.510210       1.508940       1.507700       1.506480       1.505290       1.504110       1.502970       1.501840       1.500730       1.499630       1.498560       1.497500       1.496450       1.495420       1.494390       1.493380       1.492380       1.491380    
   1.532980       1.531320       1.529690       1.528100       1.526550       1.525040       1.523560       1.522120       1.520720       1.519340       1.518000       1.516680       1.515390       1.514130       1.512900       1.511690       1.510500       1.509330       1.508180       1.507050       1.505940       1.504850       1.503770       1.502700       1.501650       1.500600       1.499570       1.498550       1.497530       1.496520    
   1.537990       1.536350       1.534740       1.533180       1.531650       1.530160       1.528700       1.527280       1.525890       1.524530       1.523200       1.521900       1.520620       1.519370       1.518140       1.516940       1.515750       1.514590       1.513440       1.512320       1.511200       1.510110       1.509020       1.507950       1.506890       1.505830       1.504790       1.503750       1.502720       1.501700    
   1.543050       1.541430       1.539850       1.538310       1.536800       1.535330       1.533890       1.532480       1.531110       1.529760       1.528450       1.527160       1.525890       1.524650       1.523430       1.522230       1.521050       1.519890       1.518750       1.517620       1.516510       1.515400       1.514310       1.513240       1.512170       1.511100       1.510050       1.509000       1.507960       1.506920    
   1.548160       1.546560       1.545000       1.543480       1.541990       1.540540       1.539120       1.537730       1.536370       1.535040       1.533740       1.532460       1.531210       1.529970       1.528760       1.527570       1.526390       1.525240       1.524090       1.522960       1.521850       1.520740       1.519650       1.518560       1.517480       1.516410       1.515350       1.514290       1.513230       1.512170    
   1.553300       1.551730       1.550200       1.548700       1.547230       1.545800       1.544400       1.543020       1.541680       1.540360       1.539070       1.537810       1.536560       1.535340       1.534130       1.532940       1.531770       1.530620       1.529480       1.528350       1.527230       1.526120       1.525020       1.523930       1.522840       1.521760       1.520680       1.519610       1.518530       1.517460    
   1.558490       1.556940       1.555430       1.553950       1.552510       1.551090       1.549710       1.548350       1.547030       1.545720       1.544450       1.543190       1.541950       1.540740       1.539540       1.538360       1.537190       1.536040       1.534900       1.533770       1.532650       1.531530       1.530430       1.529330       1.528230       1.527140       1.526050       1.524960       1.523870       1.522780    
   1.563720       1.562190       1.560700       1.559250       1.557820       1.556430       1.555060       1.553720       1.552410       1.551120       1.549850       1.548610       1.547380       1.546180       1.544990       1.543810       1.542650       1.541500       1.540350       1.539220       1.538100       1.536980       1.535870       1.534760       1.533650       1.532550       1.531450       1.530350       1.529240       1.528140    
   1.568980       1.567480       1.566010       1.564580       1.563170       1.561790       1.560450       1.559120       1.557830       1.556550       1.555300       1.554070       1.552850       1.551650       1.550470       1.549290       1.548140       1.546990       1.545840       1.544710       1.543580       1.542460       1.541340       1.540230       1.539110       1.538000       1.536880       1.535760       1.534650       1.533520    
   1.574280       1.572800       1.571350       1.569940       1.568550       1.567200       1.565870       1.564560       1.563280       1.562020       1.560780       1.559550       1.558350       1.557160       1.555980       1.554810       1.553660       1.552510       1.551370       1.550230       1.549100       1.547970       1.546850       1.545720       1.544600       1.543470       1.542340       1.541210       1.540080       1.538940    
   1.574290       1.572810       1.572360       1.575340       1.573970       1.572630       1.571320       1.570030       1.568760       1.567510       1.566280       1.565070       1.563880       1.562690       1.561520       1.560360       1.559210       1.558060       1.556920       1.555780       1.554650       1.553510       1.552380       1.551250       1.550110       1.548970       1.547830       1.546690       1.545540       1.544380    
   1.574300       1.573700       1.575340       1.578400       1.579410       1.578090       1.576800       1.575520       1.574270       1.573040       1.571820       1.570620       1.569430       1.568260       1.567090       1.565930       1.564780       1.563640       1.562500       1.561360       1.560220       1.559080       1.557940       1.556800       1.555650       1.554500       1.553350       1.552190       1.551020       1.549840    
   1.574790       1.575340       1.580200       1.582150       1.584890       1.583580       1.582310       1.581050       1.579810       1.578590       1.577390       1.576200       1.575020       1.573850       1.572690       1.571540       1.570390       1.569250       1.568100       1.566960       1.565820       1.564680       1.563530       1.562380       1.561220       1.560060       1.558890       1.557710       1.556530       1.555330    
   1.575340       1.580990       1.583520       1.584890       1.585860       1.589100       1.587840       1.586600       1.585370       1.584170       1.582970       1.581790       1.580630       1.579470       1.578310       1.577160       1.576020       1.574880       1.573730       1.572590       1.571440       1.570290       1.569140       1.567980       1.566810       1.565640       1.564450       1.563260       1.562050       1.560840    
   1.581360       1.584200       1.584890       1.586620       1.589100       1.590110       1.593390       1.592170       1.590960       1.589770       1.588590       1.587420       1.586260       1.585100       1.583960       1.582810       1.581670       1.580530       1.579390       1.578240       1.577090       1.575930       1.574770       1.573600       1.572420       1.571230       1.570030       1.568820       1.567600       1.566370    
   1.584550       1.584890       1.586870       1.589100       1.590870       1.593390       1.592780       1.592170       1.592070       1.595390       1.594220       1.593060       1.591910       1.590760       1.589620       1.588480       1.587340       1.586200       1.585060       1.583910       1.582760       1.581590       1.580420       1.579240       1.578050       1.576850       1.575640       1.574410       1.573170       1.571920    
   1.584890       1.586950       1.589100       1.591120       1.593390       1.593090       1.592780       1.593100       1.595390       1.594810       1.597160       1.598720       1.597580       1.596440       1.595310       1.594170       1.593040       1.591900       1.590750       1.589600       1.588440       1.587270       1.586090       1.584900       1.583700       1.582480       1.581250       1.580010       1.578750       1.577480    
   1.586980       1.589100       1.591200       1.593390       1.593240       1.593090       1.593590       1.595390       1.595100       1.598660       1.601560       1.604400       1.603260       1.602140       1.601010       1.599880       1.598740       1.597600       1.596460       1.595310       1.594140       1.592970       1.591780       1.590580       1.589360       1.588130       1.586890       1.585630       1.584350       1.583060    
   1.589100       1.591230       1.593390       1.593310       1.593240       1.593830       1.595390       1.595240       1.599310       1.602980       1.604400       1.603830       1.604410       1.607840       1.606720       1.605600       1.604470       1.603330       1.602180       1.601030       1.599860       1.598680       1.597480       1.596270       1.595040       1.593800       1.592540       1.591260       1.589960       1.588650    
   1.591240       1.593390       1.593350       1.593310       1.593940       1.595390       1.595320       1.599610       1.603690       1.604400       1.604120       1.605120       1.607840       1.607280       1.606720       1.605600       1.604470       1.603330       1.605160       1.606760       1.605580       1.604400       1.603190       1.601970       1.600730       1.599470       1.598190       1.596900       1.595580       1.594250    
   1.593390       1.593370       1.593350       1.594000       1.595390       1.595350       1.599750       1.604050       1.604400       1.604260       1.605370       1.607840       1.607560       1.607280       1.606530       1.605590       1.604460       1.607020       1.609630       1.612500       1.611320       1.610130       1.608910       1.607680       1.606430       1.605160       1.603860       1.602550       1.601210       1.599850    
   1.593380       1.593370       1.594030       1.595390       1.595370       1.599820       1.604220       1.604400       1.604330       1.605470       1.607840       1.607700       1.607560       1.607120       1.606470       1.605530       1.608130       1.611060       1.612500       1.613630       1.617070       1.615870       1.614650       1.613400       1.612140       1.610850       1.609540       1.608200       1.606850       1.605470    
   1.593380       1.594040       1.595390       1.595380       1.599860       1.604310       1.604400       1.604360       1.605510       1.607840       1.607770       1.607700       1.607460       1.607050       1.606370       1.612340       1.611780       1.612500       1.620100       1.622820       1.622100       1.621610       1.620380       1.619130       1.617850       1.616540       1.615220       1.613860       1.612490       1.611080    
   1.594050       1.595390       1.595390       1.599880       1.604360       1.604400       1.604380       1.605530       1.607840       1.607810       1.607770       1.607640       1.607400       1.620160       1.627100       1.629780       1.629780       1.629580       1.629540       1.631460       1.628580       1.627360       1.626120       1.624860       1.623560       1.622250       1.620900       1.619530       1.618130       1.616700    
   1.595390       1.595390       1.599890       1.604380       1.604400       1.604390       1.605540       1.607840       1.607820       1.607810       1.607740       1.607610       1.631050       1.659930       1.659750       1.647340       1.647780       1.647060       1.638670       1.634340       1.634340       1.633120       1.631870       1.630590       1.629280       1.627950       1.626580       1.625190       1.623770       1.622320    
   1.595390       1.599890       1.604390       1.604400       1.604400       1.605540       1.607840       1.607830       1.607820       1.607790       1.635860       1.678080       1.666130       1.660110       1.660110       1.659750       1.652030       1.648500       1.647060       1.641840       1.640100       1.638870       1.637610       1.636320       1.635000       1.633650       1.632270       1.630850       1.629410       1.627940    
   1.599890       1.604390       1.604400       1.604400       1.605540       1.607840       1.607840       1.607830       1.607810       1.641530       1.678080       1.678080       1.678080       1.666390       1.660470       1.660470       1.659750       1.652820       1.649940       1.647060       1.645860       1.644620       1.643350       1.642050       1.640710       1.639350       1.637940       1.636510       1.635040       1.633550    
   1.604400       1.604400       1.604400       1.605550       1.607840       1.607840       1.607840       1.632710       1.655090       1.678100       1.678080       1.678080       1.678080       1.678080       1.666910       1.661180       1.661190       1.659750       1.654550       1.652820       1.651610       1.650370       1.649090       1.647770       1.646420       1.645040       1.643620       1.642160       1.640670       1.639150    
   1.604400       1.604400       1.605550       1.607840       1.607840       1.650280       1.713930       1.710650       1.707370       1.687890       1.678130       1.678080       1.678080       1.678080       1.678080       1.667920       1.662620       1.662620       1.659750       1.658570       1.657360       1.656100       1.654820       1.653490       1.652120       1.650720       1.649280       1.647800       1.646290       1.644740    
   1.604400       1.605550       1.607840       1.607840       1.658770       1.713940       1.713940       1.713930       1.710650       1.707370       1.687970       1.678220       1.678080       1.678080       1.678080       1.678080       1.669780       1.665490       1.665490       1.664310       1.663090       1.661830       1.660530       1.659200       1.657820       1.656390       1.654930       1.653430       1.651900       1.650320    
