iMOD/TUTORIALS/TUT_MetaswapAnalyser/model_MetaSWAP/meteo/Evaporation/Evaporation_20060813_L1.ASC
NCOLS                30
NROWS                30
XLLCORNER     160000.00
YLLCORNER     340000.00
CELLSIZE        1000.00
NODATA_VALUE   -9999.00
   3.219770       3.217810       3.215870       3.213970       3.212080       3.210220       3.208380       3.206550       3.204740       3.202950       3.201170       3.199400       3.197630       3.195880       3.194130       3.192380       3.190640       3.188900       3.187160       3.185420       3.183690       3.181950       3.180210       3.178470       3.176730       3.174980       3.173240       3.171490       3.169740       3.167990    
   3.215520       3.213590       3.211690       3.209810       3.207960       3.206120       3.204300       3.202500       3.200720       3.198950       3.197190       3.195440       3.193690       3.191960       3.190230       3.188510       3.186790       3.185070       3.183350       3.181630       3.179920       3.178200       3.176480       3.174770       3.173050       3.171320       3.169600       3.167870       3.166150       3.164420    
   3.211240       3.209350       3.207490       3.205640       3.203810       3.202000       3.200210       3.198440       3.196680       3.194930       3.193190       3.191470       3.189750       3.188030       3.186320       3.184620       3.182920       3.181220       3.179530       3.177830       3.176140       3.174440       3.172750       3.171050       3.169350       3.167650       3.165950       3.164250       3.162540       3.160830    
   3.206940       3.205090       3.203260       3.201450       3.199650       3.197870       3.196110       3.194360       3.192630       3.190900       3.189190       3.187480       3.185780       3.184090       3.182410       3.180730       3.179050       3.177370       3.175700       3.174020       3.172350       3.170670       3.169000       3.167320       3.165650       3.163970       3.162290       3.160600       3.158920       3.157230    
   3.202620       3.200810       3.199020       3.197240       3.195470       3.193720       3.191990       3.190270       3.188560       3.186860       3.185170       3.183490       3.181810       3.180140       3.178480       3.176820       3.175160       3.173510       3.171850       3.170200       3.168550       3.166890       3.165240       3.163590       3.161930       3.160270       3.158610       3.156950       3.155290       3.153620    
   3.198280       3.196510       3.194750       3.193000       3.191270       3.189560       3.187850       3.186160       3.184470       3.182800       3.181130       3.179470       3.177820       3.176180       3.174530       3.172900       3.171260       3.169630       3.168000       3.166360       3.164730       3.163100       3.161470       3.159840       3.158200       3.156560       3.154920       3.153280       3.151640       3.150000    
   3.193910       3.192180       3.190460       3.188750       3.187060       3.185370       3.183690       3.182030       3.180370       3.178720       3.177080       3.175450       3.173820       3.172200       3.170580       3.168960       3.167350       3.165740       3.164130       3.162520       3.160910       3.159300       3.157690       3.156070       3.154460       3.152840       3.151220       3.149600       3.147980       3.146360    
   3.189520       3.187830       3.186150       3.184480       3.182820       3.181160       3.179520       3.177880       3.176250       3.174630       3.173020       3.171410       3.169800       3.168200       3.166610       3.165010       3.163420       3.161830       3.160240       3.158660       3.157070       3.155480       3.153890       3.152300       3.150700       3.149110       3.147510       3.145910       3.144310       3.142710    
   3.185110       3.183460       3.181820       3.180180       3.178560       3.176930       3.175320       3.173710       3.172110       3.170520       3.168930       3.167350       3.165770       3.164190       3.162620       3.161050       3.159480       3.157920       3.156350       3.154780       3.153220       3.151650       3.150080       3.148510       3.146940       3.145360       3.143790       3.142210       3.140630       3.139040    
   3.180670       3.179070       3.177470       3.175870       3.174280       3.172690       3.171110       3.169530       3.167960       3.166390       3.164830       3.163270       3.161720       3.160170       3.158620       3.157070       3.155530       3.153980       3.152440       3.150890       3.149350       3.147800       3.146260       3.144710       3.143160       3.141600       3.140050       3.138490       3.136930       3.135370    
   3.180670       3.179070       3.175980       3.171530       3.169970       3.168420       3.166870       3.165330       3.163780       3.162250       3.160710       3.159180       3.157650       3.156130       3.154600       3.153080       3.151560       3.150040       3.148510       3.146990       3.145470       3.143940       3.142420       3.140890       3.139360       3.137830       3.136290       3.134760       3.133220       3.131680    
   3.180670       3.176810       3.171530       3.167110       3.165650       3.164130       3.162620       3.161100       3.159590       3.158080       3.156580       3.155070       3.153570       3.152070       3.150570       3.149070       3.147570       3.146080       3.144580       3.143080       3.141580       3.140070       3.138570       3.137060       3.135550       3.134040       3.132530       3.131010       3.129490       3.127970    
   3.177820       3.171530       3.165860       3.163480       3.161310       3.159820       3.158340       3.156860       3.155380       3.153900       3.152420       3.150950       3.149470       3.148000       3.146520       3.145050       3.143570       3.142100       3.140620       3.139150       3.137670       3.136190       3.134700       3.133220       3.131730       3.130240       3.128750       3.127250       3.125760       3.124250    
   3.171530       3.165270       3.162400       3.161310       3.158880       3.155500       3.154050       3.152600       3.151150       3.149700       3.148250       3.146800       3.145350       3.143910       3.142460       3.141010       3.139560       3.138110       3.136650       3.135200       3.133740       3.132280       3.130820       3.129360       3.127900       3.126430       3.124960       3.123480       3.122000       3.120520    
   3.164990       3.161850       3.161310       3.158560       3.155500       3.153090       3.149730       3.148320       3.146900       3.145480       3.144060       3.142640       3.141220       3.139800       3.138380       3.136950       3.135530       3.134100       3.132670       3.131240       3.129810       3.128370       3.126930       3.125490       3.124050       3.122600       3.121150       3.119690       3.118240       3.116780    
   3.161580       3.161310       3.158460       3.155500       3.152770       3.149730       3.149020       3.148320       3.145480       3.141240       3.139850       3.138460       3.137070       3.135670       3.134280       3.132880       3.131480       3.130080       3.128670       3.127260       3.125850       3.124440       3.123020       3.121600       3.120180       3.118760       3.117330       3.115890       3.114460       3.113020    
   3.161310       3.158420       3.155500       3.152670       3.149730       3.149380       3.149020       3.146020       3.141240       3.140540       3.136770       3.134260       3.132900       3.131530       3.130160       3.128790       3.127410       3.126040       3.124650       3.123270       3.121880       3.120490       3.119100       3.117700       3.116300       3.114900       3.113490       3.112080       3.110660       3.109250    
   3.158410       3.155500       3.152630       3.149730       3.149550       3.149380       3.146410       3.141240       3.140890       3.136150       3.132150       3.130050       3.128710       3.127370       3.126030       3.124680       3.123330       3.121980       3.120620       3.119260       3.117900       3.116530       3.115160       3.113790       3.112410       3.111030       3.109640       3.108250       3.106860       3.105460    
   3.155500       3.152620       3.149730       3.149640       3.149550       3.146650       3.141240       3.141070       3.135890       3.131100       3.130050       3.129380       3.127330       3.123200       3.121880       3.120560       3.119240       3.117910       3.116580       3.115240       3.113900       3.112560       3.111210       3.109860       3.108500       3.107140       3.105780       3.104410       3.103030       3.101660    
   3.152620       3.149730       3.149690       3.149640       3.146770       3.141240       3.141150       3.135760       3.130580       3.130050       3.129710       3.127490       3.123200       3.122540       3.121880       3.120560       3.119240       3.117910       3.113620       3.111200       3.109890       3.108570       3.107240       3.105910       3.104580       3.103240       3.101900       3.100550       3.099200       3.097840    
   3.149730       3.149710       3.149690       3.146830       3.141240       3.141200       3.135700       3.130310       3.130050       3.129880       3.127610       3.123200       3.122870       3.122540       3.121660       3.120560       3.119240       3.113420       3.109180       3.107150       3.105860       3.104560       3.103260       3.101950       3.100640       3.099320       3.098000       3.096680       3.095350       3.094010    
   3.149720       3.149710       3.146870       3.141240       3.141220       3.135670       3.130180       3.130050       3.129970       3.127690       3.123200       3.123030       3.122870       3.122360       3.121590       3.120480       3.113700       3.108160       3.107150       3.104940       3.101810       3.100540       3.099260       3.097980       3.096690       3.095390       3.094090       3.092790       3.091480       3.090170    
   3.149720       3.146880       3.141240       3.141230       3.135660       3.130120       3.130050       3.130010       3.127730       3.123200       3.123120       3.123030       3.122750       3.122270       3.121480       3.111650       3.107660       3.107150       3.100360       3.097740       3.096990       3.096500       3.095250       3.093990       3.092720       3.091450       3.090170       3.088890       3.087600       3.086310    
   3.146890       3.141240       3.141230       3.135650       3.130080       3.130050       3.130030       3.127750       3.123200       3.123160       3.123120       3.122970       3.122690       3.110440       3.101390       3.094820       3.094820       3.094020       3.092980       3.091620       3.093670       3.092450       3.091220       3.089980       3.088740       3.087490       3.086230       3.084970       3.083710       3.082440    
   3.141240       3.141240       3.135650       3.130070       3.130050       3.130040       3.127760       3.123200       3.123180       3.123160       3.123080       3.122920       3.101230       3.075110       3.075240       3.082890       3.081970       3.082490       3.087100       3.089570       3.089580       3.088380       3.087170       3.085960       3.084740       3.083510       3.082280       3.081040       3.079800       3.078550    
   3.141240       3.135650       3.130060       3.130050       3.130040       3.127760       3.123200       3.123190       3.123180       3.123140       3.099240       3.063530       3.071140       3.074980       3.074980       3.075240       3.079530       3.081450       3.082490       3.084720       3.085470       3.084300       3.083120       3.081930       3.080730       3.079520       3.078320       3.077100       3.075880       3.074650    
   3.135650       3.130050       3.130050       3.130050       3.127760       3.123200       3.123190       3.123190       3.123170       3.094520       3.063530       3.063530       3.063530       3.070940       3.074710       3.074710       3.075240       3.078920       3.080410       3.082490       3.081350       3.080200       3.079040       3.077880       3.076700       3.075520       3.074330       3.073140       3.071940       3.070730    
   3.130050       3.130050       3.130050       3.127770       3.123200       3.123200       3.123190       3.103080       3.083960       3.063520       3.063530       3.063530       3.063530       3.063530       3.070560       3.074180       3.074180       3.075240       3.077550       3.078330       3.077210       3.076090       3.074950       3.073810       3.072660       3.071500       3.070340       3.069170       3.067990       3.066800    
   3.130050       3.130050       3.127770       3.123200       3.123200       3.089590       3.039190       3.040980       3.042770       3.056580       3.063490       3.063530       3.063530       3.063530       3.063530       3.069810       3.073130       3.073130       3.075240       3.074150       3.073060       3.071960       3.070850       3.069730       3.068600       3.067470       3.066330       3.065180       3.064020       3.062860    
   3.130050       3.127770       3.123200       3.123200       3.082870       3.039180       3.039180       3.039190       3.040980       3.042770       3.056520       3.063420       3.063530       3.063530       3.063530       3.063530       3.068410       3.071010       3.071020       3.069960       3.068890       3.067820       3.066730       3.065640       3.064530       3.063420       3.062300       3.061180       3.060040       3.058900    
