iMOD/TUTORIALS/TUT_MetaswapAnalyser/model_MetaSWAP/meteo/Evaporation/Evaporation_20061109_L1.ASC
NCOLS                30
NROWS                30
XLLCORNER     160000.00
YLLCORNER     340000.00
CELLSIZE        1000.00
NODATA_VALUE   -9999.00
  0.7838000      0.7818000      0.7798200      0.7778400      0.7758800      0.7739300      0.7720000      0.7700700      0.7681500      0.7662400      0.7643400      0.7624400      0.7605600      0.7586700      0.7567900      0.7549200      0.7530500      0.7511800      0.7493200      0.7474600      0.7456100      0.7437600      0.7419100      0.7400700      0.7382300      0.7363900      0.7345600      0.7327400      0.7309200      0.7291000    
  0.7835800      0.7815800      0.7795900      0.7776100      0.7756500      0.7737000      0.7717600      0.7698300      0.7679000      0.7659900      0.7640900      0.7621900      0.7603000      0.7584100      0.7565300      0.7546600      0.7527900      0.7509200      0.7490600      0.7472100      0.7453600      0.7435100      0.7416600      0.7398300      0.7379900      0.7361600      0.7343300      0.7325100      0.7307000      0.7288900    
  0.7833600      0.7813500      0.7793600      0.7773800      0.7754100      0.7734500      0.7715100      0.7695700      0.7676500      0.7657300      0.7638300      0.7619300      0.7600300      0.7581500      0.7562700      0.7543900      0.7525200      0.7506600      0.7488000      0.7469400      0.7450900      0.7432500      0.7414100      0.7395700      0.7377400      0.7359200      0.7341000      0.7322800      0.7304700      0.7286700    
  0.7831200      0.7811100      0.7791200      0.7771300      0.7751600      0.7732000      0.7712600      0.7693200      0.7673900      0.7654700      0.7635600      0.7616600      0.7597600      0.7578800      0.7559900      0.7541200      0.7522500      0.7503900      0.7485300      0.7466800      0.7448300      0.7429900      0.7411500      0.7393200      0.7374900      0.7356700      0.7338500      0.7320500      0.7302400      0.7284400    
  0.7828800      0.7808700      0.7788700      0.7768800      0.7749100      0.7729500      0.7710000      0.7690600      0.7671200      0.7652000      0.7632900      0.7613900      0.7594900      0.7576000      0.7557200      0.7538400      0.7519700      0.7501100      0.7482500      0.7464000      0.7445600      0.7427200      0.7408800      0.7390500      0.7372300      0.7354200      0.7336000      0.7318000      0.7300000      0.7282100    
  0.7826300      0.7806200      0.7786200      0.7766300      0.7746500      0.7726900      0.7707300      0.7687900      0.7668500      0.7649300      0.7630100      0.7611100      0.7592100      0.7573200      0.7554400      0.7535600      0.7516900      0.7498300      0.7479700      0.7461200      0.7442800      0.7424400      0.7406100      0.7387900      0.7369700      0.7351500      0.7333500      0.7315500      0.7297600      0.7279700    
  0.7823700      0.7803600      0.7783500      0.7763600      0.7743800      0.7724200      0.7704600      0.7685100      0.7665800      0.7646500      0.7627300      0.7608200      0.7589200      0.7570300      0.7551500      0.7532700      0.7514000      0.7495400      0.7476800      0.7458400      0.7440000      0.7421600      0.7403300      0.7385100      0.7367000      0.7348900      0.7330900      0.7312900      0.7295100      0.7277300    
  0.7821100      0.7800900      0.7780900      0.7760900      0.7741100      0.7721400      0.7701800      0.7682300      0.7662900      0.7643700      0.7624500      0.7605400      0.7586300      0.7567400      0.7548600      0.7529800      0.7511100      0.7492500      0.7473900      0.7455500      0.7437100      0.7418700      0.7400500      0.7382300      0.7364200      0.7346200      0.7328200      0.7310300      0.7292500      0.7274800    
  0.7818400      0.7798200      0.7778100      0.7758200      0.7738300      0.7718600      0.7699000      0.7679500      0.7660100      0.7640800      0.7621500      0.7602400      0.7583400      0.7564400      0.7545600      0.7526800      0.7508100      0.7489500      0.7471000      0.7452500      0.7434100      0.7415800      0.7397600      0.7379500      0.7361400      0.7343400      0.7325500      0.7307600      0.7289900      0.7272200    
  0.7815600      0.7795400      0.7775300      0.7755400      0.7735500      0.7715700      0.7696100      0.7676600      0.7657100      0.7637800      0.7618600      0.7599400      0.7580400      0.7561400      0.7542600      0.7523800      0.7505100      0.7486500      0.7468000      0.7449500      0.7431200      0.7412900      0.7394700      0.7376600      0.7358500      0.7340600      0.7322700      0.7304900      0.7287200      0.7269600    
  0.7815630      0.7795430      0.7769650      0.7752500      0.7732600      0.7712800      0.7693200      0.7673600      0.7654200      0.7634800      0.7615600      0.7596400      0.7577400      0.7558400      0.7539500      0.7520700      0.7502100      0.7483400      0.7464900      0.7446500      0.7428200      0.7409900      0.7391700      0.7373600      0.7355600      0.7337700      0.7319900      0.7302100      0.7284500      0.7266900    
  0.7815670      0.7783300      0.7752500      0.7735350      0.7729600      0.7709900      0.7690200      0.7670600      0.7651100      0.7631800      0.7612500      0.7593300      0.7574300      0.7555300      0.7536400      0.7517600      0.7499000      0.7480400      0.7461800      0.7443400      0.7425100      0.7406900      0.7388700      0.7370700      0.7352700      0.7334800      0.7317000      0.7299300      0.7281700      0.7264200    
  0.7796860      0.7752500      0.7735670      0.7728150      0.7726700      0.7706800      0.7687200      0.7667600      0.7648100      0.7628700      0.7609400      0.7590200      0.7571200      0.7552200      0.7533300      0.7514500      0.7495800      0.7477200      0.7458700      0.7440300      0.7422000      0.7403800      0.7385700      0.7367600      0.7349700      0.7331900      0.7314100      0.7296500      0.7278900      0.7261400    
  0.7752500      0.7735570      0.7727430      0.7726700      0.7712430      0.7703800      0.7684100      0.7664500      0.7645000      0.7625600      0.7606300      0.7587100      0.7568000      0.7549000      0.7530100      0.7511300      0.7492600      0.7474100      0.7455600      0.7437200      0.7418900      0.7400700      0.7382600      0.7364600      0.7346700      0.7328900      0.7311200      0.7293600      0.7276100      0.7258600    
  0.7735460      0.7727060      0.7726700      0.7714310      0.7703800      0.7689630      0.7681000      0.7661300      0.7641800      0.7622400      0.7603100      0.7583900      0.7564800      0.7545800      0.7526900      0.7508100      0.7489400      0.7470900      0.7452400      0.7434000      0.7415700      0.7397500      0.7379500      0.7361500      0.7343600      0.7325900      0.7308200      0.7290600      0.7273200      0.7255800    
  0.7726880      0.7726700      0.7714940      0.7703800      0.7691480      0.7681000      0.7671150      0.7661370      0.7636180      0.7619200      0.7599900      0.7580700      0.7561600      0.7542600      0.7523700      0.7504900      0.7486200      0.7467600      0.7449100      0.7430800      0.7412500      0.7394400      0.7376300      0.7358400      0.7340600      0.7322800      0.7305200      0.7287700      0.7270300      0.7252900    
  0.7726700      0.7715150      0.7703800      0.7692090      0.7681000      0.7676080      0.7671170      0.7646970      0.7619200      0.7609550      0.7590260      0.7577400      0.7558300      0.7539300      0.7520400      0.7501600      0.7482900      0.7464400      0.7445900      0.7427500      0.7409300      0.7391200      0.7373200      0.7355200      0.7337400      0.7319700      0.7302200      0.7284700      0.7267300      0.7250100    
  0.7715220      0.7703800      0.7692300      0.7681000      0.7678540      0.7676080      0.7653360      0.7619200      0.7614370      0.7593770      0.7575750      0.7574100      0.7555000      0.7536000      0.7517100      0.7498300      0.7479600      0.7461100      0.7442600      0.7424300      0.7406100      0.7387900      0.7370000      0.7352100      0.7334300      0.7316600      0.7299100      0.7281700      0.7264400      0.7247100    
  0.7703800      0.7692370      0.7681000      0.7679770      0.7678540      0.7656790      0.7619200      0.7616790      0.7595270      0.7574930      0.7574100      0.7564550      0.7549450      0.7532700      0.7513800      0.7495000      0.7476300      0.7457800      0.7439300      0.7421000      0.7402800      0.7384700      0.7366700      0.7348900      0.7331100      0.7313500      0.7296000      0.7278600      0.7261400      0.7244200    
  0.7692390      0.7681000      0.7680380      0.7679770      0.7658580      0.7619200      0.7617990      0.7595970      0.7574510      0.7574100      0.7569320      0.7555200      0.7532700      0.7523250      0.7513830      0.7495030      0.7476370      0.7457800      0.7430040      0.7417700      0.7399500      0.7381400      0.7363500      0.7345700      0.7328000      0.7310400      0.7292900      0.7275600      0.7258400      0.7241300    
  0.7681000      0.7680690      0.7680380      0.7659480      0.7619200      0.7618600      0.7596320      0.7574310      0.7574100      0.7571710      0.7557830      0.7532700      0.7527970      0.7523260      0.7510710      0.7495080      0.7476400      0.7438930      0.7416050      0.7414400      0.7396200      0.7378200      0.7360200      0.7342400      0.7324800      0.7307200      0.7289800      0.7272500      0.7255300      0.7238300    
  0.7680850      0.7680690      0.7659940      0.7619200      0.7618900      0.7596480      0.7574200      0.7574100      0.7572910      0.7559090      0.7532700      0.7530340      0.7527980      0.7520650      0.7509680      0.7494060      0.7448010      0.7415230      0.7414400      0.7401170      0.7392900      0.7374900      0.7357000      0.7339200      0.7321600      0.7304100      0.7286700      0.7269400      0.7252300      0.7235300    
  0.7680850      0.7660170      0.7619200      0.7619050      0.7596570      0.7574150      0.7574100      0.7573500      0.7559700      0.7532700      0.7531520      0.7530340      0.7526320      0.7519440      0.7508130      0.7454180      0.7414810      0.7414400      0.7397420      0.7389550      0.7378760      0.7371600      0.7353700      0.7336000      0.7318400      0.7300900      0.7283600      0.7266400      0.7249300      0.7232300    
  0.7660280      0.7619200      0.7619120      0.7596610      0.7574130      0.7574100      0.7573800      0.7560000      0.7532700      0.7532110      0.7531520      0.7529390      0.7525370      0.7489920      0.7448720      0.7404350      0.7404350      0.7395600      0.7385660      0.7384550      0.7386200      0.7368200      0.7350400      0.7332700      0.7315100      0.7297700      0.7280400      0.7263300      0.7246200      0.7229300    
  0.7619200      0.7619160      0.7596630      0.7574110      0.7574100      0.7573950      0.7560150      0.7532700      0.7532400      0.7532110      0.7531010      0.7528760      0.7471190      0.7405700      0.7405800      0.7400410      0.7393880      0.7394300      0.7386240      0.7382870      0.7382900      0.7364900      0.7347100      0.7329400      0.7311900      0.7294500      0.7277300      0.7260200      0.7243200      0.7226400    
  0.7619180      0.7596640      0.7574110      0.7574100      0.7574030      0.7560230      0.7532700      0.7532550      0.7532400      0.7531840      0.7484060      0.7414200      0.7408440      0.7405590      0.7405590      0.7405800      0.7397600      0.7393450      0.7394300      0.7383220      0.7379500      0.7361600      0.7343800      0.7326200      0.7308700      0.7291300      0.7274100      0.7257100      0.7240200      0.7223400    
  0.7596640      0.7574100      0.7574100      0.7574060      0.7560260      0.7532700      0.7532630      0.7532550      0.7532270      0.7475340      0.7414200      0.7414200      0.7414200      0.7408290      0.7405390      0.7405390      0.7405800      0.7396840      0.7392600      0.7394300      0.7376200      0.7358300      0.7340500      0.7322900      0.7305500      0.7288200      0.7271000      0.7254000      0.7237100      0.7220400    
  0.7574100      0.7574100      0.7574080      0.7560280      0.7532700      0.7532660      0.7532630      0.7503590      0.7464390      0.7414190      0.7414200      0.7414200      0.7414200      0.7414200      0.7407970      0.7404970      0.7404970      0.7405800      0.7394650      0.7390900      0.7372900      0.7355000      0.7337300      0.7319700      0.7302300      0.7285000      0.7267900      0.7250900      0.7234100      0.7217400    
  0.7574100      0.7574090      0.7560290      0.7532700      0.7532680      0.7492600      0.7432500      0.7424700      0.7416900      0.7415080      0.7414170      0.7414200      0.7414200      0.7414200      0.7414200      0.7407320      0.7404150      0.7404150      0.7405800      0.7387600      0.7369600      0.7351700      0.7334000      0.7316500      0.7299100      0.7281900      0.7264800      0.7247900      0.7231100      0.7214500    
  0.7574100      0.7560300      0.7532700      0.7532690      0.7484590      0.7432490      0.7432490      0.7432500      0.7424700      0.7416900      0.7415030      0.7414120      0.7414200      0.7414200      0.7414200      0.7414200      0.7405950      0.7402500      0.7402500      0.7384300      0.7366300      0.7348400      0.7330800      0.7313300      0.7295900      0.7278700      0.7261700      0.7244900      0.7228100      0.7211600    
