iMOD/TUTORIALS/TUT_MetaswapAnalyser/model_MetaSWAP/meteo/Evaporation/Evaporation_20060601_L1.ASC
NCOLS                30
NROWS                30
XLLCORNER     160000.00
YLLCORNER     340000.00
CELLSIZE        1000.00
NODATA_VALUE   -9999.00
   1.649400       1.653650       1.657930       1.662220       1.666530       1.670850       1.675180       1.679510       1.683830       1.688150       1.692450       1.696740       1.701020       1.705270       1.709500       1.713710       1.717890       1.722030       1.726150       1.730230       1.734270       1.738280       1.742250       1.746190       1.750080       1.753940       1.757750       1.761530       1.765260       1.768960    
   1.641580       1.645780       1.650000       1.654240       1.658500       1.662770       1.667040       1.671320       1.675590       1.679860       1.684120       1.688370       1.692610       1.696820       1.701020       1.705190       1.709340       1.713460       1.717550       1.721610       1.725640       1.729630       1.733590       1.737520       1.741410       1.745260       1.749070       1.752850       1.756590       1.760290    
   1.633760       1.637910       1.642080       1.646260       1.650460       1.654680       1.658900       1.663130       1.667350       1.671580       1.675790       1.680000       1.684200       1.688370       1.692540       1.696680       1.700800       1.704890       1.708960       1.713000       1.717010       1.720980       1.724930       1.728850       1.732730       1.736580       1.740390       1.744170       1.747910       1.751620    
   1.625940       1.630030       1.634140       1.638280       1.642430       1.646590       1.650760       1.654940       1.659120       1.663290       1.667470       1.671630       1.675790       1.679930       1.684050       1.688160       1.692250       1.696320       1.700360       1.704380       1.708370       1.712340       1.716270       1.720170       1.724050       1.727890       1.731700       1.735480       1.739230       1.742940    
   1.618110       1.622150       1.626210       1.630290       1.634390       1.638500       1.642620       1.646750       1.650880       1.655010       1.659140       1.663260       1.667380       1.671480       1.675580       1.679650       1.683710       1.687750       1.691770       1.695770       1.699740       1.703690       1.707610       1.711500       1.715370       1.719210       1.723010       1.726790       1.730540       1.734260    
   1.610270       1.614260       1.618270       1.622300       1.626350       1.630410       1.634480       1.638560       1.642650       1.646730       1.650820       1.654900       1.658980       1.663040       1.667100       1.671140       1.675170       1.679190       1.683180       1.687160       1.691110       1.695040       1.698950       1.702830       1.706690       1.710520       1.714320       1.718100       1.721850       1.725570    
   1.602440       1.606380       1.610340       1.614320       1.618310       1.622320       1.626350       1.630380       1.634420       1.638460       1.642500       1.646540       1.650580       1.654610       1.658630       1.662640       1.666640       1.670630       1.674590       1.678550       1.682480       1.686400       1.690290       1.694160       1.698010       1.701830       1.705630       1.709410       1.713160       1.716880    
   1.594610       1.598490       1.602400       1.606330       1.610280       1.614240       1.618210       1.622200       1.626190       1.630190       1.634180       1.638180       1.642180       1.646180       1.650160       1.654140       1.658110       1.662070       1.666010       1.669940       1.673860       1.677750       1.681630       1.685490       1.689330       1.693150       1.696950       1.700720       1.704470       1.708200    
   1.586770       1.590610       1.594470       1.598350       1.602240       1.606160       1.610080       1.614020       1.617970       1.621920       1.625870       1.629830       1.633790       1.637750       1.641700       1.645650       1.649590       1.653520       1.657440       1.661340       1.665240       1.669120       1.672980       1.676830       1.680660       1.684470       1.688260       1.692030       1.695780       1.699510    
   1.578930       1.582720       1.586530       1.590360       1.594210       1.598080       1.601950       1.605850       1.609750       1.613660       1.617570       1.621490       1.625410       1.629330       1.633250       1.637160       1.641070       1.644970       1.648870       1.652750       1.656630       1.660490       1.664340       1.668170       1.671990       1.675790       1.679580       1.683350       1.687100       1.690830    
   1.578940       1.582730       1.585500       1.582380       1.586180       1.590000       1.593830       1.597680       1.601530       1.605400       1.609270       1.613150       1.617030       1.620910       1.624800       1.628680       1.632560       1.636430       1.640300       1.644170       1.648020       1.651860       1.655700       1.659520       1.663330       1.667120       1.670900       1.674670       1.678420       1.682150    
   1.578950       1.582390       1.582380       1.579220       1.578160       1.581930       1.585710       1.589510       1.593330       1.597150       1.600980       1.604820       1.608660       1.612510       1.616360       1.620210       1.624060       1.627900       1.631750       1.635590       1.639420       1.643250       1.647070       1.650870       1.654670       1.658460       1.662240       1.666000       1.669740       1.673480    
   1.579720       1.582380       1.576470       1.574150       1.570140       1.573860       1.577600       1.581360       1.585130       1.588910       1.592700       1.596490       1.600300       1.604110       1.607930       1.611740       1.615560       1.619380       1.623200       1.627020       1.630830       1.634640       1.638440       1.642240       1.646020       1.649800       1.653570       1.657330       1.661080       1.664810    
   1.582380       1.575280       1.572140       1.570140       1.569940       1.565810       1.569500       1.573210       1.576930       1.580670       1.584420       1.588180       1.591950       1.595720       1.599500       1.603290       1.607080       1.610870       1.614660       1.618460       1.622250       1.626040       1.629830       1.633610       1.637390       1.641160       1.644920       1.648670       1.652420       1.656150    
   1.574740       1.571140       1.570140       1.568630       1.565810       1.565570       1.561400       1.565070       1.568750       1.572450       1.576160       1.579880       1.583610       1.587340       1.591090       1.594850       1.598610       1.602370       1.606140       1.609910       1.613680       1.617450       1.621220       1.624990       1.628760       1.632520       1.636280       1.640030       1.643770       1.647500    
   1.570640       1.570140       1.568190       1.565810       1.564260       1.561400       1.563240       1.565070       1.567630       1.564230       1.567900       1.571580       1.575270       1.578980       1.582690       1.586410       1.590140       1.593880       1.597620       1.601370       1.605120       1.608870       1.612630       1.616390       1.620140       1.623890       1.627640       1.631390       1.635130       1.638870    
   1.570140       1.568050       1.565810       1.563820       1.561400       1.562320       1.563240       1.565040       1.564230       1.566060       1.564410       1.563300       1.566960       1.570620       1.574300       1.577990       1.581690       1.585400       1.589120       1.592850       1.596580       1.600310       1.604050       1.607790       1.611540       1.615280       1.619020       1.622770       1.626500       1.630240    
   1.568000       1.565810       1.563680       1.561400       1.561860       1.562320       1.563710       1.564230       1.565150       1.561780       1.559170       1.555030       1.558650       1.562280       1.565930       1.569590       1.573260       1.576940       1.580630       1.584330       1.588040       1.591760       1.595480       1.599210       1.602940       1.606680       1.610420       1.614150       1.617890       1.621630    
   1.565810       1.563630       1.561400       1.561630       1.561860       1.563030       1.564230       1.564690       1.560660       1.557100       1.555030       1.556840       1.557480       1.553960       1.557570       1.561200       1.564840       1.568490       1.572160       1.575840       1.579520       1.583220       1.586930       1.590640       1.594370       1.598090       1.601820       1.605560       1.609290       1.613030    
   1.563610       1.561400       1.561510       1.561630       1.562690       1.564230       1.564460       1.560130       1.556060       1.555030       1.555930       1.555830       1.553960       1.555760       1.557580       1.561200       1.564840       1.568500       1.568550       1.567350       1.571020       1.574700       1.578390       1.582090       1.585800       1.589520       1.593250       1.596980       1.600710       1.604450    
   1.561400       1.561460       1.561510       1.562520       1.564230       1.564340       1.559880       1.555550       1.555030       1.555480       1.555190       1.553960       1.554860       1.555770       1.558180       1.561210       1.564850       1.564780       1.563120       1.558890       1.562540       1.566200       1.569870       1.573560       1.577260       1.580970       1.584690       1.588410       1.592140       1.595880    
   1.561430       1.561460       1.562430       1.564230       1.564290       1.559750       1.555290       1.555030       1.555260       1.554920       1.553960       1.554410       1.554860       1.556270       1.558390       1.561410       1.562150       1.561000       1.558890       1.558500       1.554070       1.557710       1.561370       1.565050       1.568730       1.572430       1.576150       1.579870       1.583600       1.587330    
   1.561430       1.562390       1.564230       1.564260       1.559690       1.555160       1.555030       1.555140       1.554790       1.553960       1.554190       1.554410       1.555180       1.556510       1.558690       1.555120       1.559950       1.558890       1.549000       1.545630       1.547800       1.549250       1.552890       1.556550       1.560230       1.563920       1.567620       1.571340       1.575070       1.578810    
   1.562360       1.564230       1.564240       1.559660       1.555090       1.555030       1.555090       1.554730       1.553960       1.554070       1.554190       1.554590       1.555370       1.539710       1.533350       1.533710       1.533700       1.534830       1.535800       1.532990       1.537190       1.540800       1.544430       1.548080       1.551740       1.555430       1.559120       1.562840       1.566560       1.570300    
   1.564230       1.564240       1.559650       1.555060       1.555030       1.555060       1.554700       1.553960       1.554020       1.554070       1.554280       1.554720       1.525170       1.488220       1.488480       1.507610       1.507480       1.508520       1.521940       1.528790       1.528790       1.532380       1.535990       1.539620       1.543280       1.546950       1.550650       1.554360       1.558080       1.561820    
   1.564230       1.559640       1.555050       1.555030       1.555040       1.554690       1.553960       1.553990       1.554020       1.554120       1.516830       1.460550       1.478790       1.487970       1.487970       1.488480       1.500780       1.506440       1.508520       1.517440       1.520400       1.523980       1.527570       1.531190       1.534840       1.538510       1.542190       1.545900       1.549620       1.553360    
   1.559630       1.555040       1.555030       1.555040       1.554680       1.553960       1.553970       1.553990       1.554040       1.509210       1.460550       1.460550       1.460550       1.478410       1.487450       1.487450       1.488480       1.499660       1.504360       1.508520       1.512050       1.515600       1.519180       1.522790       1.526420       1.530080       1.533770       1.537470       1.541190       1.544930    
   1.555030       1.555030       1.555030       1.554680       1.553960       1.553970       1.553970       1.519820       1.490190       1.460530       1.460550       1.460550       1.460550       1.460550       1.477660       1.486420       1.486420       1.488480       1.497290       1.500210       1.503710       1.507250       1.510810       1.514410       1.518040       1.521690       1.525360       1.529070       1.532790       1.536530    
   1.555030       1.555030       1.554680       1.553960       1.553960       1.494920       1.406360       1.411820       1.417280       1.446070       1.460480       1.460550       1.460550       1.460550       1.460550       1.476230       1.484370       1.484360       1.488480       1.491930       1.495410       1.498930       1.502480       1.506060       1.509680       1.513320       1.516990       1.520690       1.524410       1.528160    
   1.555030       1.554670       1.553960       1.553960       1.483100       1.406340       1.406340       1.406360       1.411820       1.417280       1.445950       1.460350       1.460550       1.460550       1.460550       1.460550       1.473590       1.480260       1.480250       1.483670       1.487140       1.490630       1.494170       1.497740       1.501350       1.504980       1.508650       1.512350       1.516070       1.519820    
