iMOD/TUTORIALS/TUT_MetaswapAnalyser/model_MetaSWAP/meteo/Evaporation/Evaporation_20060606_L1.ASC
NCOLS                30
NROWS                30
XLLCORNER     160000.00
YLLCORNER     340000.00
CELLSIZE        1000.00
NODATA_VALUE   -9999.00
   4.078320       4.082540       4.086600       4.090520       4.094300       4.097940       4.101440       4.104820       4.108070       4.111200       4.114220       4.117120       4.119910       4.122600       4.125190       4.127680       4.130070       4.132380       4.134590       4.136720       4.138760       4.140720       4.142600       4.144400       4.146130       4.147780       4.149360       4.150870       4.152300       4.153670    
   4.082310       4.086530       4.090610       4.094540       4.098330       4.101990       4.105510       4.108910       4.112180       4.115330       4.118370       4.121290       4.124100       4.126810       4.129420       4.131930       4.134340       4.136660       4.138890       4.141040       4.143090       4.145070       4.146960       4.148780       4.150510       4.152180       4.153760       4.155280       4.156730       4.158100    
   4.086300       4.090530       4.094620       4.098560       4.102370       4.106040       4.109580       4.112990       4.116290       4.119460       4.122510       4.125460       4.128290       4.131020       4.133650       4.136170       4.138600       4.140940       4.143190       4.145350       4.147420       4.149410       4.151320       4.153140       4.154890       4.156560       4.158160       4.159690       4.161140       4.162530    
   4.090300       4.094530       4.098620       4.102580       4.106400       4.110080       4.113640       4.117070       4.120380       4.123570       4.126650       4.129610       4.132470       4.135220       4.137860       4.140410       4.142860       4.145210       4.147480       4.149650       4.151740       4.153740       4.155660       4.157500       4.159260       4.160950       4.162560       4.164090       4.165560       4.166950    
   4.094300       4.098540       4.102640       4.106600       4.110430       4.114130       4.117700       4.121150       4.124480       4.127690       4.130780       4.133760       4.136640       4.139410       4.142070       4.144640       4.147100       4.149480       4.151760       4.153950       4.156050       4.158070       4.160000       4.161850       4.163630       4.165320       4.166940       4.168490       4.169960       4.171370    
   4.098310       4.102550       4.106650       4.110620       4.114460       4.118180       4.121760       4.125230       4.128570       4.131800       4.134910       4.137910       4.140800       4.143590       4.146270       4.148860       4.151340       4.153730       4.156030       4.158240       4.160350       4.162390       4.164330       4.166200       4.167990       4.169690       4.171330       4.172880       4.174360       4.175780    
   4.102320       4.106560       4.110670       4.114650       4.118500       4.122220       4.125820       4.129300       4.132660       4.135900       4.139030       4.142050       4.144960       4.147770       4.150470       4.153070       4.155570       4.157980       4.160290       4.162520       4.164650       4.166700       4.168660       4.170540       4.172340       4.174060       4.175700       4.177270       4.178760       4.180180    
   4.106340       4.110580       4.114690       4.118680       4.122530       4.126270       4.129880       4.133370       4.136750       4.140010       4.143150       4.146190       4.149120       4.151940       4.154660       4.157280       4.159800       4.162220       4.164550       4.166790       4.168940       4.171000       4.172980       4.174870       4.176680       4.178420       4.180070       4.181650       4.183150       4.184580    
   4.110370       4.114610       4.118720       4.122710       4.126570       4.130320       4.133940       4.137450       4.140840       4.144110       4.147270       4.150330       4.153270       4.156110       4.158850       4.161480       4.164020       4.166460       4.168810       4.171060       4.173230       4.175300       4.177290       4.179200       4.181020       4.182770       4.184430       4.186020       4.187530       4.188970    
   4.114400       4.118640       4.122750       4.126740       4.130620       4.134370       4.138000       4.141520       4.144920       4.148210       4.151390       4.154460       4.157420       4.160280       4.163030       4.165680       4.168230       4.170690       4.173050       4.175320       4.177500       4.179600       4.181600       4.183520       4.185360       4.187110       4.188790       4.190390       4.191910       4.193360    
   4.114360       4.118600       4.124730       4.130780       4.134660       4.138420       4.142070       4.145600       4.149010       4.152310       4.155500       4.158590       4.161570       4.164440       4.167210       4.169880       4.172450       4.174920       4.177300       4.179580       4.181780       4.183880       4.185900       4.187830       4.189680       4.191450       4.193140       4.194740       4.196280       4.197740    
   4.114320       4.122120       4.130780       4.136730       4.138710       4.142480       4.146130       4.149670       4.153100       4.156410       4.159620       4.162720       4.165710       4.168600       4.171380       4.174070       4.176650       4.179140       4.181530       4.183830       4.186040       4.188160       4.190190       4.192140       4.194000       4.195780       4.197480       4.199100       4.200640       4.202110    
   4.119290       4.130780       4.137750       4.140730       4.142760       4.146540       4.150200       4.153750       4.157180       4.160510       4.163730       4.166840       4.169850       4.172750       4.175550       4.178250       4.180850       4.183360       4.185770       4.188080       4.190300       4.192440       4.194480       4.196440       4.198310       4.200100       4.201810       4.203440       4.205000       4.206470    
   4.130780       4.138260       4.141750       4.142760       4.146630       4.150600       4.154270       4.157820       4.161270       4.164610       4.167840       4.170970       4.173990       4.176910       4.179720       4.182440       4.185050       4.187570       4.189990       4.192320       4.194560       4.196700       4.198760       4.200730       4.202620       4.204420       4.206140       4.207780       4.209340       4.210830    
   4.138510       4.142250       4.142760       4.146660       4.150600       4.154400       4.158340       4.161900       4.165360       4.168710       4.171950       4.175090       4.178130       4.181060       4.183880       4.186610       4.189240       4.191780       4.194210       4.196560       4.198810       4.200970       4.203040       4.205020       4.206920       4.208730       4.210460       4.212110       4.213680       4.215180    
   4.142510       4.142760       4.146670       4.150600       4.154450       4.158340       4.160120       4.161870       4.167200       4.172810       4.176060       4.179210       4.182260       4.185200       4.188050       4.190790       4.193430       4.195980       4.198430       4.200790       4.203050       4.205220       4.207310       4.209300       4.211210       4.213030       4.214780       4.216440       4.218020       4.219520    
   4.142760       4.146680       4.150600       4.154460       4.158340       4.159230       4.160110       4.165500       4.172810       4.174440       4.179770       4.183330       4.186390       4.189350       4.192200       4.194960       4.197620       4.200180       4.202640       4.205010       4.207290       4.209480       4.211570       4.213580       4.215500       4.217330       4.219080       4.220750       4.222340       4.223850    
   4.146680       4.150600       4.154470       4.158340       4.158780       4.159230       4.164410       4.172810       4.173620       4.179970       4.185390       4.187450       4.190520       4.193490       4.196360       4.199130       4.201800       4.204370       4.206850       4.209230       4.211520       4.213720       4.215830       4.217840       4.219770       4.221620       4.223380       4.225060       4.226660       4.228180    
   4.150600       4.154470       4.158340       4.158560       4.158780       4.163810       4.172810       4.173220       4.180050       4.186420       4.187450       4.188980       4.192270       4.197630       4.200510       4.203290       4.205980       4.208560       4.211050       4.213450       4.215750       4.217960       4.220080       4.222100       4.224050       4.225900       4.227670       4.229360       4.230970       4.232490    
   4.154470       4.158340       4.158450       4.158560       4.163490       4.172810       4.173010       4.180090       4.186930       4.187450       4.188220       4.191580       4.197630       4.199070       4.200480       4.203260       4.205940       4.208530       4.214510       4.217650       4.219970       4.222190       4.224320       4.226360       4.228310       4.230170       4.231950       4.233650       4.235260       4.236800    
   4.158340       4.158400       4.158450       4.163330       4.172810       4.172910       4.180110       4.187190       4.187450       4.187830       4.191220       4.197630       4.198350       4.199060       4.200940       4.203230       4.205910       4.214120       4.219760       4.221860       4.224180       4.226410       4.228550       4.230600       4.232560       4.234440       4.236220       4.237930       4.239550       4.241100    
   4.158370       4.158400       4.163250       4.172810       4.172860       4.180120       4.187320       4.187450       4.187640       4.191030       4.197630       4.197990       4.198350       4.199450       4.201070       4.203360       4.213190       4.220810       4.221860       4.224810       4.228390       4.230630       4.232780       4.234840       4.236810       4.238690       4.240490       4.242200       4.243830       4.245380    
   4.158370       4.163210       4.172810       4.172840       4.180130       4.187390       4.187450       4.187550       4.190940       4.197630       4.197810       4.197990       4.198590       4.199620       4.201290       4.214670       4.221330       4.221860       4.229530       4.232580       4.233940       4.234840       4.237000       4.239070       4.241050       4.242940       4.244740       4.246460       4.248100       4.249660    
   4.163180       4.172810       4.172820       4.180130       4.187420       4.187450       4.187500       4.190890       4.197630       4.197720       4.197810       4.198130       4.198740       4.213050       4.224770       4.234380       4.234390       4.235770       4.237470       4.238870       4.236780       4.239040       4.241210       4.243290       4.245280       4.247170       4.248990       4.250710       4.252360       4.253920    
   4.172810       4.172820       4.180130       4.187430       4.187450       4.187470       4.190870       4.197630       4.197670       4.197720       4.197890       4.198230       4.223140       4.252830       4.252700       4.245980       4.247430       4.246910       4.243080       4.240960       4.240960       4.243230       4.245410       4.247500       4.249490       4.251400       4.253220       4.254950       4.256600       4.258170    
   4.172810       4.180130       4.187440       4.187450       4.187460       4.190860       4.197630       4.197650       4.197670       4.197760       4.223720       4.262380       4.256120       4.252960       4.252960       4.252700       4.249390       4.247950       4.246910       4.245580       4.245140       4.247420       4.249600       4.251700       4.253700       4.255620       4.257440       4.259180       4.260840       4.262410    
   4.180130       4.187450       4.187450       4.187460       4.190850       4.197630       4.197640       4.197650       4.197700       4.228780       4.262380       4.262380       4.262380       4.256310       4.253210       4.253210       4.252700       4.250020       4.248990       4.246910       4.249300       4.251590       4.253790       4.255890       4.257900       4.259820       4.261650       4.263400       4.265060       4.266630    
   4.187450       4.187450       4.187450       4.190850       4.197630       4.197640       4.197640       4.218190       4.239080       4.262390       4.262380       4.262380       4.262380       4.262380       4.256680       4.253730       4.253730       4.252700       4.251470       4.251060       4.253450       4.255750       4.257960       4.260070       4.262080       4.264010       4.265850       4.267600       4.269260       4.270840    
   4.187450       4.187450       4.190850       4.197630       4.197630       4.230920       4.280850       4.280300       4.279760       4.268200       4.262410       4.262380       4.262380       4.262380       4.262380       4.257420       4.254750       4.254760       4.252700       4.255200       4.257600       4.259910       4.262120       4.264230       4.266260       4.268190       4.270030       4.271790       4.273450       4.275040    
   4.187450       4.190840       4.197630       4.197630       4.237580       4.280860       4.280860       4.280850       4.280310       4.279760       4.268260       4.262480       4.262380       4.262380       4.262380       4.262380       4.258800       4.256810       4.256810       4.259320       4.261730       4.264050       4.266260       4.268390       4.270420       4.272350       4.274200       4.275960       4.277630       4.279220    
