iMOD/TUTORIALS/TUT_MetaswapAnalyser/model_MetaSWAP/meteo/Evaporation/Evaporation_20060908_L1.ASC
NCOLS                30
NROWS                30
XLLCORNER     160000.00
YLLCORNER     340000.00
CELLSIZE        1000.00
NODATA_VALUE   -9999.00
   2.667740       2.666590       2.665490       2.664440       2.663420       2.662450       2.661520       2.660620       2.659750       2.658910       2.658100       2.657310       2.656540       2.655790       2.655060       2.654340       2.653640       2.652950       2.652280       2.651610       2.650950       2.650290       2.649650       2.649010       2.648370       2.647740       2.647120       2.646490       2.645870       2.645260    
   2.667720       2.666590       2.665500       2.664450       2.663440       2.662480       2.661550       2.660650       2.659790       2.658960       2.658150       2.657360       2.656600       2.655860       2.655130       2.654420       2.653720       2.653040       2.652370       2.651710       2.651060       2.650410       2.649770       2.649140       2.648520       2.647890       2.647280       2.646660       2.646060       2.645450    
   2.667710       2.666580       2.665510       2.664470       2.663470       2.662510       2.661590       2.660700       2.659840       2.659010       2.658210       2.657430       2.656670       2.655930       2.655210       2.654500       2.653820       2.653140       2.652470       2.651820       2.651170       2.650540       2.649910       2.649280       2.648670       2.648060       2.647450       2.646850       2.646250       2.645650    
   2.667690       2.666590       2.665520       2.664490       2.663510       2.662560       2.661640       2.660760       2.659900       2.659080       2.658280       2.657500       2.656750       2.656020       2.655300       2.654600       2.653920       2.653250       2.652590       2.651940       2.651300       2.650670       2.650050       2.649440       2.648830       2.648220       2.647630       2.647030       2.646440       2.645860    
   2.667680       2.666590       2.665540       2.664520       2.663550       2.662610       2.661700       2.660820       2.659970       2.659150       2.658360       2.657590       2.656840       2.656110       2.655400       2.654710       2.654030       2.653360       2.652710       2.652070       2.651440       2.650820       2.650200       2.649600       2.648990       2.648400       2.647810       2.647230       2.646650       2.646070    
   2.667670       2.666600       2.665560       2.664560       2.663590       2.662660       2.661760       2.660890       2.660050       2.659240       2.658450       2.657680       2.656940       2.656220       2.655510       2.654820       2.654150       2.653490       2.652840       2.652210       2.651580       2.650970       2.650360       2.649760       2.649170       2.648580       2.648000       2.647430       2.646860       2.646290    
   2.667660       2.666600       2.665580       2.664590       2.663640       2.662720       2.661830       2.660960       2.660130       2.659320       2.658540       2.657780       2.657050       2.656330       2.655630       2.654950       2.654280       2.653630       2.652980       2.652360       2.651740       2.651130       2.650530       2.649940       2.649350       2.648770       2.648200       2.647640       2.647070       2.646520    
   2.667660       2.666610       2.665610       2.664630       2.663690       2.662780       2.661900       2.661040       2.660220       2.659420       2.658640       2.657890       2.657160       2.656450       2.655750       2.655080       2.654420       2.653770       2.653130       2.652510       2.651900       2.651300       2.650700       2.650120       2.649540       2.648970       2.648410       2.647850       2.647300       2.646750    
   2.667650       2.666620       2.665630       2.664670       2.663740       2.662840       2.661970       2.661130       2.660310       2.659520       2.658750       2.658000       2.657280       2.656570       2.655890       2.655210       2.654560       2.653920       2.653290       2.652670       2.652070       2.651470       2.650880       2.650310       2.649740       2.649170       2.648620       2.648070       2.647520       2.646980    
   2.667640       2.666630       2.665660       2.664710       2.663800       2.662910       2.662050       2.661210       2.660410       2.659620       2.658860       2.658120       2.657400       2.656700       2.656020       2.655360       2.654710       2.654070       2.653450       2.652840       2.652240       2.651650       2.651070       2.650500       2.649940       2.649380       2.648830       2.648290       2.647750       2.647220    
   2.667650       2.666640       2.665440       2.664750       2.663850       2.662980       2.662130       2.661300       2.660500       2.659730       2.658980       2.658240       2.657530       2.656840       2.656160       2.655510       2.654860       2.654230       2.653620       2.653010       2.652420       2.651840       2.651270       2.650700       2.650150       2.649600       2.649060       2.648520       2.647990       2.647470    
   2.667660       2.666120       2.664750       2.664120       2.663910       2.663040       2.662210       2.661390       2.660600       2.659840       2.659090       2.658370       2.657670       2.656980       2.656310       2.655660       2.655020       2.654400       2.653790       2.653190       2.652610       2.652030       2.651470       2.650910       2.650360       2.649820       2.649280       2.648760       2.648230       2.647720    
   2.666810       2.664750       2.664190       2.663930       2.663960       2.663110       2.662290       2.661490       2.660710       2.659950       2.659210       2.658500       2.657800       2.657120       2.656460       2.655820       2.655190       2.654570       2.653970       2.653380       2.652800       2.652230       2.651670       2.651120       2.650580       2.650040       2.649520       2.649000       2.648480       2.647970    
   2.664750       2.664210       2.663950       2.663960       2.663420       2.663180       2.662370       2.661580       2.660810       2.660060       2.659340       2.658630       2.657940       2.657270       2.656620       2.655980       2.655360       2.654750       2.654150       2.653570       2.652990       2.652430       2.651880       2.651330       2.650800       2.650270       2.649750       2.649240       2.648730       2.648230    
   2.664220       2.663950       2.663960       2.663520       2.663180       2.662670       2.662450       2.661670       2.660920       2.660180       2.659460       2.658760       2.658080       2.657420       2.656780       2.656140       2.655530       2.654930       2.654340       2.653760       2.653190       2.652640       2.652090       2.651550       2.651030       2.650500       2.649990       2.649490       2.648990       2.648490    
   2.663960       2.663960       2.663550       2.663180       2.662770       2.662450       2.662060       2.661680       2.660760       2.660290       2.659590       2.658900       2.658230       2.657570       2.656940       2.656310       2.655700       2.655110       2.654530       2.653950       2.653400       2.652850       2.652310       2.651780       2.651260       2.650740       2.650240       2.649740       2.649240       2.648760    
   2.663960       2.663560       2.663180       2.662800       2.662450       2.662260       2.662060       2.661200       2.660290       2.659940       2.659400       2.659040       2.658370       2.657730       2.657100       2.656480       2.655880       2.655290       2.654720       2.654150       2.653600       2.653060       2.652530       2.652000       2.651490       2.650980       2.650480       2.649990       2.649510       2.649030    
   2.663570       2.663180       2.662810       2.662450       2.662350       2.662260       2.661450       2.660290       2.660120       2.659580       2.659100       2.659170       2.658520       2.657880       2.657260       2.656650       2.656060       2.655480       2.654910       2.654360       2.653810       2.653280       2.652750       2.652230       2.651730       2.651230       2.650730       2.650250       2.649770       2.649300    
   2.663180       2.662810       2.662450       2.662400       2.662350       2.661590       2.660290       2.660200       2.659660       2.659140       2.659170       2.658840       2.658400       2.658040       2.657430       2.656830       2.656240       2.655670       2.655110       2.654560       2.654020       2.653490       2.652980       2.652470       2.651970       2.651470       2.650990       2.650510       2.650040       2.649570    
   2.662810       2.662450       2.662430       2.662400       2.661660       2.660290       2.660250       2.659690       2.659150       2.659170       2.659010       2.658610       2.658040       2.657730       2.657430       2.656830       2.656250       2.655670       2.655020       2.654770       2.654240       2.653720       2.653200       2.652700       2.652210       2.651720       2.651240       2.650770       2.650310       2.649850    
   2.662450       2.662440       2.662430       2.661690       2.660290       2.660270       2.659710       2.659160       2.659170       2.659090       2.658710       2.658040       2.657890       2.657740       2.657330       2.656840       2.656250       2.655360       2.654870       2.654980       2.654450       2.653940       2.653440       2.652940       2.652450       2.651980       2.651500       2.651040       2.650580       2.650130    
   2.662440       2.662440       2.661710       2.660290       2.660280       2.659720       2.659170       2.659170       2.659130       2.658750       2.658040       2.657960       2.657890       2.657650       2.657300       2.656810       2.655670       2.654930       2.654980       2.654700       2.654670       2.654160       2.653670       2.653180       2.652700       2.652230       2.651760       2.651310       2.650860       2.650410    
   2.662440       2.661720       2.660290       2.660280       2.659730       2.659170       2.659170       2.659150       2.658770       2.658040       2.658000       2.657960       2.657830       2.657610       2.657250       2.656070       2.654950       2.654980       2.654950       2.654890       2.654590       2.654390       2.653900       2.653420       2.652950       2.652480       2.652030       2.651580       2.651140       2.650700    
   2.661730       2.660290       2.660290       2.659730       2.659170       2.659170       2.659160       2.658780       2.658040       2.658020       2.658000       2.657930       2.657800       2.657460       2.656680       2.655610       2.655610       2.655390       2.655150       2.655220       2.655110       2.654620       2.654140       2.653660       2.653200       2.652740       2.652290       2.651850       2.651410       2.650980    
   2.660290       2.660290       2.659730       2.659170       2.659170       2.659160       2.658790       2.658040       2.658030       2.658020       2.657990       2.657910       2.657500       2.657160       2.657150       2.656400       2.656280       2.656250       2.655630       2.655330       2.655330       2.654850       2.654370       2.653910       2.653450       2.653000       2.652560       2.652120       2.651690       2.651270    
   2.660290       2.659730       2.659170       2.659170       2.659170       2.658790       2.658040       2.658040       2.658030       2.658010       2.658070       2.658210       2.657510       2.657160       2.657160       2.657150       2.656570       2.656300       2.656250       2.655730       2.655550       2.655080       2.654610       2.654150       2.653700       2.653260       2.652830       2.652400       2.651980       2.651560    
   2.659730       2.659170       2.659170       2.659170       2.658790       2.658040       2.658040       2.658040       2.658030       2.658110       2.658210       2.658210       2.658210       2.657520       2.657180       2.657180       2.657150       2.656600       2.656350       2.656250       2.655780       2.655310       2.654850       2.654400       2.653960       2.653520       2.653100       2.652670       2.652260       2.651850    
   2.659170       2.659170       2.659170       2.658790       2.658040       2.658040       2.658040       2.658420       2.658440       2.658210       2.658210       2.658210       2.658210       2.658210       2.657540       2.657200       2.657200       2.657150       2.656640       2.656460       2.656000       2.655540       2.655090       2.654650       2.654210       2.653790       2.653370       2.652950       2.652540       2.652140    
   2.659170       2.659170       2.658790       2.658040       2.658040       2.658890       2.660160       2.659870       2.659580       2.658670       2.658210       2.658210       2.658210       2.658210       2.658210       2.657570       2.657250       2.657250       2.657150       2.656680       2.656220       2.655770       2.655330       2.654900       2.654470       2.654050       2.653640       2.653230       2.652830       2.652440    
   2.659170       2.658790       2.658040       2.658040       2.659060       2.660160       2.660160       2.660160       2.659870       2.659580       2.658670       2.658210       2.658210       2.658210       2.658210       2.658210       2.657630       2.657350       2.657350       2.656890       2.656440       2.656000       2.655570       2.655140       2.654720       2.654310       2.653910       2.653510       2.653120       2.652730    
