iMOD/TUTORIALS/TUT_MetaswapAnalyser/model_MetaSWAP/meteo/Evaporation/Evaporation_20060113_L1.ASC
NCOLS                30
NROWS                30
XLLCORNER     160000.00
YLLCORNER     340000.00
CELLSIZE        1000.00
NODATA_VALUE   -9999.00
  0.4401900      0.4406400      0.4411000      0.4415600      0.4420300      0.4425000      0.4429700      0.4434500      0.4439300      0.4444100      0.4449000      0.4453900      0.4458900      0.4463900      0.4469000      0.4474100      0.4479300      0.4484500      0.4489800      0.4495100      0.4500500      0.4505900      0.4511500      0.4517000      0.4522700      0.4528300      0.4534100      0.4539900      0.4545800      0.4551700    
  0.4405100      0.4409700      0.4414300      0.4418900      0.4423600      0.4428300      0.4433100      0.4437900      0.4442700      0.4447500      0.4452400      0.4457400      0.4462400      0.4467400      0.4472500      0.4477700      0.4482800      0.4488100      0.4493400      0.4498700      0.4504200      0.4509600      0.4515200      0.4520700      0.4526400      0.4532100      0.4537900      0.4543700      0.4549600      0.4555500    
  0.4408300      0.4412900      0.4417500      0.4422200      0.4426900      0.4431700      0.4436400      0.4441200      0.4446100      0.4451000      0.4455900      0.4460900      0.4465900      0.4470900      0.4476100      0.4481200      0.4486400      0.4491700      0.4497000      0.4502400      0.4507800      0.4513300      0.4518900      0.4524500      0.4530100      0.4535800      0.4541600      0.4547500      0.4553400      0.4559400    
  0.4411400      0.4416100      0.4420800      0.4425500      0.4430200      0.4435000      0.4439800      0.4444600      0.4449500      0.4454400      0.4459300      0.4464300      0.4469400      0.4474500      0.4479600      0.4484800      0.4490000      0.4495300      0.4500600      0.4506000      0.4511500      0.4517000      0.4522500      0.4528200      0.4533800      0.4539600      0.4545400      0.4551300      0.4557200      0.4563200    
  0.4414600      0.4419300      0.4424000      0.4428700      0.4433500      0.4438300      0.4443100      0.4448000      0.4452900      0.4457800      0.4462800      0.4467800      0.4472800      0.4477900      0.4483100      0.4488300      0.4493600      0.4498900      0.4504200      0.4509600      0.4515100      0.4520600      0.4526200      0.4531900      0.4537600      0.4543300      0.4549100      0.4555000      0.4561000      0.4567000    
  0.4417700      0.4422400      0.4427200      0.4431900      0.4436700      0.4441600      0.4446400      0.4451300      0.4456200      0.4461200      0.4466200      0.4471200      0.4476300      0.4481400      0.4486600      0.4491800      0.4497100      0.4502400      0.4507800      0.4513200      0.4518700      0.4524300      0.4529900      0.4535500      0.4541300      0.4547000      0.4552900      0.4558800      0.4564700      0.4570800    
  0.4420800      0.4425500      0.4430300      0.4435100      0.4440000      0.4444800      0.4449700      0.4454600      0.4459600      0.4464600      0.4469600      0.4474600      0.4479700      0.4484900      0.4490100      0.4495300      0.4500600      0.4506000      0.4511400      0.4516800      0.4522300      0.4527900      0.4533500      0.4539200      0.4545000      0.4550800      0.4556600      0.4562500      0.4568500      0.4574600    
  0.4423800      0.4428600      0.4433500      0.4438300      0.4443200      0.4448100      0.4453000      0.4457900      0.4462900      0.4467900      0.4473000      0.4478000      0.4483200      0.4488300      0.4493600      0.4498800      0.4504100      0.4509500      0.4514900      0.4520400      0.4525900      0.4531500      0.4537200      0.4542900      0.4548600      0.4554500      0.4560300      0.4566300      0.4572300      0.4578400    
  0.4426900      0.4431700      0.4436600      0.4441500      0.4446400      0.4451300      0.4456200      0.4461200      0.4466200      0.4471200      0.4476300      0.4481400      0.4486600      0.4491800      0.4497000      0.4502300      0.4507700      0.4513000      0.4518500      0.4524000      0.4529500      0.4535100      0.4540800      0.4546500      0.4552300      0.4558200      0.4564100      0.4570000      0.4576100      0.4582100    
  0.4429900      0.4434800      0.4439700      0.4444600      0.4449500      0.4454500      0.4459500      0.4464500      0.4469500      0.4474600      0.4479700      0.4484800      0.4490000      0.4495200      0.4500500      0.4505800      0.4511100      0.4516600      0.4522000      0.4527500      0.4533100      0.4538700      0.4544400      0.4550200      0.4556000      0.4561900      0.4567800      0.4573800      0.4579800      0.4585900    
  0.4429900      0.4434800      0.4441700      0.4447700      0.4452700      0.4457700      0.4462700      0.4467700      0.4472800      0.4477900      0.4483000      0.4488200      0.4493400      0.4498600      0.4503900      0.4509200      0.4514600      0.4520100      0.4525500      0.4531100      0.4536700      0.4542300      0.4548100      0.4553800      0.4559600      0.4565500      0.4571500      0.4577500      0.4583600      0.4589700    
  0.4429900      0.4438530      0.4447700      0.4453770      0.4455800      0.4460800      0.4465900      0.4470900      0.4476000      0.4481100      0.4486300      0.4491500      0.4496700      0.4502000      0.4507300      0.4512700      0.4518100      0.4523500      0.4529100      0.4534600      0.4540200      0.4545900      0.4551700      0.4557500      0.4563300      0.4569200      0.4575200      0.4581200      0.4587300      0.4593500    
  0.4435280      0.4447700      0.4454430      0.4457350      0.4458900      0.4464000      0.4469000      0.4474100      0.4479300      0.4484400      0.4489600      0.4494800      0.4500100      0.4505400      0.4510700      0.4516100      0.4521500      0.4527000      0.4532600      0.4538200      0.4543800      0.4549500      0.4555300      0.4561100      0.4566900      0.4572900      0.4578900      0.4584900      0.4591000      0.4597200    
  0.4447700      0.4454790      0.4458130      0.4458900      0.4463330      0.4467100      0.4472200      0.4477300      0.4482500      0.4487700      0.4492900      0.4498100      0.4503400      0.4508700      0.4514100      0.4519500      0.4525000      0.4530500      0.4536100      0.4541700      0.4547300      0.4553100      0.4558800      0.4564700      0.4570600      0.4576500      0.4582600      0.4588600      0.4594800      0.4601000    
  0.4454980      0.4458510      0.4458900      0.4463110      0.4467100      0.4471570      0.4475400      0.4480500      0.4485700      0.4490900      0.4496100      0.4501400      0.4506700      0.4512100      0.4517500      0.4522900      0.4528400      0.4533900      0.4539500      0.4545200      0.4550900      0.4556600      0.4562400      0.4568300      0.4574200      0.4580200      0.4586200      0.4592300      0.4598500      0.4604700    
  0.4458710      0.4458900      0.4463040      0.4467100      0.4471360      0.4475400      0.4477950      0.4480530      0.4487800      0.4494100      0.4499400      0.4504700      0.4510000      0.4515400      0.4520800      0.4526300      0.4531800      0.4537400      0.4543000      0.4548700      0.4554400      0.4560200      0.4566000      0.4571900      0.4577800      0.4583800      0.4589900      0.4596000      0.4602200      0.4608500    
  0.4458900      0.4463010      0.4467100      0.4471290      0.4475400      0.4476670      0.4477960      0.4485100      0.4494100      0.4496750      0.4503480      0.4508000      0.4513300      0.4518800      0.4524200      0.4529700      0.4535200      0.4540800      0.4546500      0.4552200      0.4557900      0.4563700      0.4569600      0.4575500      0.4581400      0.4587500      0.4593600      0.4599700      0.4605900      0.4612200    
  0.4463000      0.4467100      0.4471260      0.4475400      0.4476040      0.4476680      0.4483460      0.4494100      0.4495420      0.4503030      0.4509600      0.4511200      0.4516600      0.4522100      0.4527500      0.4533100      0.4538600      0.4544200      0.4549900      0.4555600      0.4561400      0.4567200      0.4573100      0.4579100      0.4585100      0.4591100      0.4597200      0.4603400      0.4609700      0.4616000    
  0.4467100      0.4471250      0.4475400      0.4475720      0.4476040      0.4482570      0.4494100      0.4494760      0.4502830      0.4510400      0.4511200      0.4513900      0.4518830      0.4525400      0.4530900      0.4536400      0.4542000      0.4547700      0.4553400      0.4559100      0.4564900      0.4570700      0.4576700      0.4582600      0.4588700      0.4594700      0.4600900      0.4607100      0.4613400      0.4619700    
  0.4471250      0.4475400      0.4475560      0.4475720      0.4482110      0.4494100      0.4494430      0.4502740      0.4510800      0.4511200      0.4512550      0.4517330      0.4525400      0.4528150      0.4530900      0.4536430      0.4542030      0.4547700      0.4557760      0.4562600      0.4568400      0.4574300      0.4580200      0.4586200      0.4592300      0.4598400      0.4604500      0.4610800      0.4617100      0.4623400    
  0.4475400      0.4475480      0.4475560      0.4481870      0.4494100      0.4494270      0.4502690      0.4511000      0.4511200      0.4511870      0.4516620      0.4525400      0.4526770      0.4528150      0.4531830      0.4536460      0.4542060      0.4555560      0.4564300      0.4566000      0.4571900      0.4577800      0.4583700      0.4589800      0.4595800      0.4602000      0.4608200      0.4614500      0.4620800      0.4627200    
  0.4475440      0.4475480      0.4481750      0.4494100      0.4494180      0.4502670      0.4511100      0.4511200      0.4511540      0.4516270      0.4525400      0.4526090      0.4526770      0.4528920      0.4532140      0.4536780      0.4553040      0.4565150      0.4566000      0.4571070      0.4575300      0.4581300      0.4587300      0.4593300      0.4599400      0.4605600      0.4611800      0.4618100      0.4624500      0.4630900    
  0.4475440      0.4481690      0.4494100      0.4494140      0.4502660      0.4511150      0.4511200      0.4511370      0.4516100      0.4525400      0.4525740      0.4526090      0.4527260      0.4529280      0.4532610      0.4552770      0.4565580      0.4566000      0.4574970      0.4578800      0.4582400      0.4584800      0.4590800      0.4596900      0.4603000      0.4609200      0.4615500      0.4621800      0.4628200      0.4634700    
  0.4481660      0.4494100      0.4494120      0.4502660      0.4511180      0.4511200      0.4511280      0.4516020      0.4525400      0.4525570      0.4525740      0.4526360      0.4527540      0.4544160      0.4560500      0.4576300      0.4576300      0.4579330      0.4582840      0.4584000      0.4582300      0.4588300      0.4594300      0.4600400      0.4606600      0.4612800      0.4619100      0.4625500      0.4631900      0.4638400    
  0.4494100      0.4494110      0.4502650      0.4511190      0.4511200      0.4511240      0.4515980      0.4525400      0.4525490      0.4525570      0.4525890      0.4526550      0.4554680      0.4587610      0.4587500      0.4584560      0.4587040      0.4586600      0.4586220      0.4585730      0.4585700      0.4591800      0.4597800      0.4604000      0.4610200      0.4616500      0.4622800      0.4629200      0.4635600      0.4642100    
  0.4494100      0.4502650      0.4511190      0.4511200      0.4511220      0.4515950      0.4525400      0.4525440      0.4525490      0.4525650      0.4552280      0.4591700      0.4589060      0.4587710      0.4587710      0.4587500      0.4587390      0.4587480      0.4586600      0.4588550      0.4589200      0.4595300      0.4601400      0.4607500      0.4613800      0.4620100      0.4626400      0.4632800      0.4639300      0.4645900    
  0.4502650      0.4511200      0.4511200      0.4511210      0.4515940      0.4525400      0.4525420      0.4525440      0.4525530      0.4557360      0.4591700      0.4591700      0.4591700      0.4589220      0.4587930      0.4587930      0.4587500      0.4587970      0.4588350      0.4586600      0.4592700      0.4598700      0.4604900      0.4611100      0.4617400      0.4623700      0.4630100      0.4636500      0.4643000      0.4649600    
  0.4511200      0.4511200      0.4511200      0.4515940      0.4525400      0.4525410      0.4525420      0.4544770      0.4566360      0.4591710      0.4591700      0.4591700      0.4591700      0.4591700      0.4589530      0.4588350      0.4588350      0.4587500      0.4589430      0.4590100      0.4596100      0.4602200      0.4608400      0.4614600      0.4620900      0.4627300      0.4633700      0.4640200      0.4646800      0.4653400    
  0.4511200      0.4511200      0.4515940      0.4525400      0.4525410      0.4555250      0.4600000      0.4601350      0.4602700      0.4595390      0.4591730      0.4591700      0.4591700      0.4591700      0.4591700      0.4590150      0.4589200      0.4589200      0.4587500      0.4593500      0.4599600      0.4605700      0.4611900      0.4618200      0.4624500      0.4630900      0.4637400      0.4643900      0.4650500      0.4657100    
  0.4511200      0.4515930      0.4525400      0.4525400      0.4561220      0.4600010      0.4600010      0.4600000      0.4601350      0.4602700      0.4595440      0.4591780      0.4591700      0.4591700      0.4591700      0.4591700      0.4591360      0.4590900      0.4590900      0.4596900      0.4603100      0.4609200      0.4615500      0.4621800      0.4628100      0.4634600      0.4641100      0.4647600      0.4654200      0.4660900    
