iMOD/TUTORIALS/TUT_MetaswapAnalyser/model_MetaSWAP/meteo/Evaporation/Evaporation_20050811_L1.ASC
NCOLS                30
NROWS                30
XLLCORNER     160000.00
YLLCORNER     340000.00
CELLSIZE        1000.00
NODATA_VALUE   -9999.00
   2.043570       2.041380       2.039250       2.037190       2.035190       2.033250       2.031360       2.029530       2.027750       2.026020       2.024330       2.022680       2.021080       2.019510       2.017980       2.016480       2.015010       2.013580       2.012170       2.010790       2.009430       2.008090       2.006780       2.005480       2.004200       2.002940       2.001690       2.000460       1.999240       1.998030    
   2.051200       2.049020       2.046890       2.044830       2.042830       2.040890       2.039000       2.037160       2.035370       2.033620       2.031920       2.030270       2.028650       2.027070       2.025520       2.024010       2.022520       2.021070       2.019640       2.018240       2.016860       2.015500       2.014160       2.012840       2.011530       2.010240       2.008960       2.007700       2.006440       2.005200    
   2.058870       2.056680       2.054560       2.052500       2.050500       2.048550       2.046660       2.044810       2.043020       2.041260       2.039560       2.037890       2.036260       2.034660       2.033100       2.031570       2.030070       2.028600       2.027150       2.025730       2.024320       2.022940       2.021570       2.020230       2.018890       2.017570       2.016270       2.014970       2.013690       2.012410    
   2.066560       2.064380       2.062260       2.060200       2.058200       2.056250       2.054350       2.052500       2.050700       2.048940       2.047220       2.045540       2.043900       2.042290       2.040710       2.039170       2.037650       2.036160       2.034690       2.033250       2.031820       2.030410       2.029020       2.027650       2.026290       2.024940       2.023610       2.022280       2.020960       2.019650    
   2.074270       2.072100       2.069980       2.067920       2.065920       2.063970       2.062070       2.060210       2.058400       2.056640       2.054910       2.053220       2.051570       2.049950       2.048360       2.046800       2.045260       2.043750       2.042270       2.040800       2.039350       2.037920       2.036510       2.035110       2.033720       2.032340       2.030980       2.029620       2.028270       2.026930    
   2.082010       2.079840       2.077730       2.075670       2.073670       2.071720       2.069810       2.067950       2.066140       2.064360       2.062630       2.060930       2.059270       2.057630       2.056030       2.054450       2.052900       2.051380       2.049870       2.048380       2.046910       2.045460       2.044020       2.042590       2.041180       2.039770       2.038380       2.036990       2.035610       2.034240    
   2.089760       2.087600       2.085490       2.083440       2.081440       2.079480       2.077580       2.075720       2.073900       2.072120       2.070370       2.068660       2.066990       2.065340       2.063730       2.062140       2.060570       2.059020       2.057500       2.055990       2.054500       2.053020       2.051560       2.050110       2.048670       2.047230       2.045810       2.044390       2.042980       2.041570    
   2.097530       2.095370       2.093270       2.091220       2.089220       2.087270       2.085360       2.083500       2.081670       2.079890       2.078140       2.076420       2.074740       2.073080       2.071450       2.069840       2.068260       2.066700       2.065160       2.063630       2.062120       2.060620       2.059130       2.057650       2.056180       2.054720       2.053270       2.051820       2.050370       2.048930    
   2.105310       2.103170       2.101070       2.099020       2.097020       2.095070       2.093160       2.091300       2.089470       2.087680       2.085920       2.084200       2.082500       2.080840       2.079190       2.077580       2.075980       2.074400       2.072830       2.071290       2.069750       2.068230       2.066720       2.065220       2.063720       2.062230       2.060750       2.059270       2.057790       2.056320    
   2.113110       2.110970       2.108880       2.106840       2.104840       2.102890       2.100980       2.099110       2.097280       2.095490       2.093730       2.091990       2.090290       2.088610       2.086960       2.085330       2.083710       2.082120       2.080540       2.078970       2.077410       2.075870       2.074330       2.072800       2.071280       2.069760       2.068250       2.066740       2.065230       2.063730    
   2.113130       2.110990       2.110340       2.114660       2.112670       2.110720       2.108810       2.106940       2.105110       2.103310       2.101540       2.099810       2.098090       2.096410       2.094740       2.093090       2.091470       2.089850       2.088260       2.086670       2.085090       2.083530       2.081970       2.080410       2.078860       2.077320       2.075780       2.074230       2.072690       2.071150    
   2.113140       2.112280       2.114660       2.119050       2.120510       2.118560       2.116660       2.114790       2.112950       2.111150       2.109380       2.107630       2.105910       2.104210       2.102540       2.100880       2.099240       2.097610       2.095990       2.094390       2.092790       2.091200       2.089620       2.088040       2.086460       2.084890       2.083320       2.081750       2.080170       2.078600    
   2.113860       2.114660       2.121620       2.124430       2.128350       2.126410       2.124510       2.122640       2.120800       2.119000       2.117220       2.115470       2.113740       2.112030       2.110350       2.108680       2.107020       2.105380       2.103740       2.102120       2.100500       2.098890       2.097290       2.095680       2.094080       2.092480       2.090880       2.089280       2.087670       2.086060    
   2.114660       2.122760       2.126390       2.128350       2.129680       2.134270       2.132360       2.130500       2.128660       2.126850       2.125070       2.123310       2.121580       2.119860       2.118170       2.116490       2.114820       2.113160       2.111510       2.109870       2.108230       2.106600       2.104970       2.103340       2.101710       2.100080       2.098450       2.096820       2.095180       2.093540    
   2.123280       2.127370       2.128350       2.130770       2.134270       2.135620       2.140230       2.138360       2.136520       2.134710       2.132930       2.131170       2.129430       2.127700       2.126000       2.124300       2.122620       2.120950       2.119280       2.117620       2.115970       2.114320       2.112660       2.111010       2.109360       2.107700       2.106040       2.104370       2.102710       2.101030    
   2.127860       2.128350       2.131130       2.134270       2.136710       2.140230       2.139300       2.138370       2.138040       2.142580       2.140790       2.139030       2.137280       2.135550       2.133830       2.132130       2.130440       2.128750       2.127070       2.125390       2.123720       2.122040       2.120370       2.118690       2.117010       2.115320       2.113640       2.111940       2.110240       2.108530    
   2.128350       2.131250       2.134270       2.137070       2.140230       2.139760       2.139300       2.139570       2.142580       2.141690       2.144810       2.146890       2.145140       2.143400       2.141680       2.139960       2.138260       2.136560       2.134860       2.133170       2.131470       2.129780       2.128080       2.126380       2.124670       2.122960       2.121240       2.119520       2.117780       2.116040    
   2.131290       2.134270       2.137190       2.140230       2.140000       2.139760       2.140300       2.142580       2.142130       2.146930       2.150820       2.154750       2.152990       2.151250       2.149520       2.147800       2.146080       2.144370       2.142660       2.140950       2.139230       2.137520       2.135800       2.134070       2.132340       2.130600       2.128850       2.127100       2.125330       2.123560    
   2.134270       2.137230       2.140230       2.140110       2.140000       2.140660       2.142580       2.142360       2.147840       2.152790       2.154750       2.153870       2.154520       2.159100       2.157370       2.155630       2.153910       2.152180       2.150450       2.148730       2.147000       2.145260       2.143520       2.141770       2.140010       2.138250       2.136470       2.134680       2.132890       2.131080    
   2.137240       2.140230       2.140170       2.140110       2.140840       2.142580       2.142470       2.148260       2.153770       2.154750       2.154310       2.155560       2.159100       2.158240       2.157370       2.155640       2.153910       2.152180       2.154430       2.156510       2.154760       2.153010       2.151240       2.149470       2.147690       2.145890       2.144090       2.142270       2.140440       2.138600    
   2.140230       2.140200       2.140170       2.140930       2.142580       2.142520       2.148460       2.154260       2.154750       2.154530       2.155930       2.159100       2.158670       2.158230       2.157080       2.155640       2.153910       2.157040       2.160400       2.164290       2.162530       2.160750       2.158970       2.157170       2.155360       2.153540       2.151710       2.149860       2.148000       2.146120    
   2.140220       2.140200       2.140970       2.142580       2.142550       2.148560       2.154500       2.154750       2.154640       2.156080       2.159100       2.158880       2.158670       2.157990       2.156980       2.155540       2.158640       2.162340       2.164290       2.165700       2.170290       2.168490       2.166690       2.164870       2.163030       2.161180       2.159320       2.157440       2.155550       2.153640    
   2.140220       2.140990       2.142580       2.142570       2.148610       2.154630       2.154750       2.154700       2.156140       2.159100       2.158990       2.158880       2.158510       2.157880       2.156840       2.164410       2.163320       2.164290       2.174420       2.178040       2.176950       2.176230       2.174400       2.172560       2.170700       2.168820       2.166930       2.165020       2.163100       2.161160    
   2.141000       2.142580       2.142570       2.148640       2.154690       2.154750       2.154720       2.156170       2.159100       2.159050       2.158990       2.158800       2.158430       2.175330       2.184330       2.187550       2.187550       2.187200       2.187070       2.189660       2.185790       2.183960       2.182110       2.180240       2.178360       2.176460       2.174540       2.172600       2.170640       2.168660    
   2.142580       2.142580       2.148650       2.154720       2.154750       2.154740       2.156190       2.159100       2.159070       2.159050       2.158940       2.158740       2.189890       2.228320       2.228080       2.211250       2.211780       2.210820       2.199410       2.193520       2.193530       2.191680       2.189810       2.187920       2.186010       2.184080       2.182130       2.180160       2.178170       2.176160    
   2.142580       2.148660       2.154730       2.154750       2.154740       2.156190       2.159100       2.159090       2.159070       2.159020       2.196500       2.252880       2.236700       2.228560       2.228560       2.228080       2.217570       2.212750       2.210820       2.203640       2.201250       2.199380       2.197500       2.195590       2.193650       2.191700       2.189720       2.187710       2.185690       2.183640    
   2.148660       2.154740       2.154750       2.154750       2.156200       2.159100       2.159090       2.159090       2.159060       2.204070       2.252880       2.252880       2.252880       2.237060       2.229040       2.229040       2.228080       2.218620       2.214670       2.210820       2.208960       2.207080       2.205170       2.203240       2.201280       2.199290       2.197280       2.195250       2.193190       2.191110    
   2.154750       2.154750       2.154750       2.156200       2.159100       2.159100       2.159090       2.192380       2.222240       2.252900       2.252880       2.252880       2.252880       2.252880       2.237750       2.230000       2.230000       2.228080       2.220910       2.218530       2.216650       2.214750       2.212820       2.210870       2.208890       2.206880       2.204840       2.202770       2.200680       2.198570    
   2.154750       2.154750       2.156200       2.159100       2.159100       2.216040       2.301440       2.296860       2.292280       2.266070       2.252940       2.252880       2.252880       2.252880       2.252880       2.239090       2.231910       2.231910       2.228080       2.226220       2.224330       2.222410       2.220460       2.218480       2.216480       2.214440       2.212370       2.210270       2.208150       2.206000    
   2.154750       2.156200       2.159100       2.159100       2.227430       2.301450       2.301450       2.301440       2.296860       2.292280       2.266180       2.253070       2.252880       2.252880       2.252880       2.252880       2.241580       2.235740       2.235750       2.233880       2.231980       2.230040       2.228080       2.226080       2.224040       2.221980       2.219880       2.217750       2.215590       2.213410    
