iMOD/TUTORIALS/TUT_MetaswapAnalyser/model_MetaSWAP/meteo/Evaporation/Evaporation_20051103_L1.ASC
NCOLS                30
NROWS                30
XLLCORNER     160000.00
YLLCORNER     340000.00
CELLSIZE        1000.00
NODATA_VALUE   -9999.00
   1.136170       1.136980       1.137780       1.138560       1.139340       1.140100       1.140840       1.141580       1.142300       1.143010       1.143710       1.144400       1.145070       1.145740       1.146390       1.147030       1.147660       1.148280       1.148890       1.149490       1.150080       1.150660       1.151240       1.151800       1.152350       1.152890       1.153430       1.153960       1.154480       1.154990    
   1.137490       1.138300       1.139100       1.139890       1.140660       1.141420       1.142170       1.142910       1.143640       1.144350       1.145050       1.145740       1.146420       1.147080       1.147740       1.148380       1.149020       1.149640       1.150250       1.150860       1.151450       1.152030       1.152610       1.153170       1.153730       1.154280       1.154810       1.155340       1.155870       1.156380    
   1.138810       1.139620       1.140420       1.141210       1.141990       1.142750       1.143500       1.144240       1.144970       1.145680       1.146380       1.147070       1.147750       1.148420       1.149080       1.149730       1.150370       1.150990       1.151610       1.152210       1.152810       1.153400       1.153970       1.154540       1.155100       1.155650       1.156190       1.156720       1.157250       1.157770    
   1.140130       1.140940       1.141740       1.142530       1.143310       1.144070       1.144820       1.145560       1.146290       1.147010       1.147710       1.148410       1.149090       1.149760       1.150420       1.151070       1.151710       1.152340       1.152960       1.153570       1.154160       1.154750       1.155330       1.155900       1.156470       1.157020       1.157560       1.158100       1.158630       1.159150    
   1.141440       1.142250       1.143060       1.143840       1.144620       1.145390       1.146140       1.146880       1.147610       1.148330       1.149040       1.149730       1.150420       1.151090       1.151750       1.152410       1.153050       1.153680       1.154300       1.154910       1.155510       1.156110       1.156690       1.157260       1.157830       1.158380       1.158930       1.159470       1.160000       1.160520    
   1.142750       1.143570       1.144370       1.145160       1.145930       1.146700       1.147450       1.148200       1.148930       1.149650       1.150360       1.151050       1.151740       1.152420       1.153080       1.153740       1.154380       1.155020       1.155640       1.156250       1.156860       1.157450       1.158040       1.158610       1.159180       1.159740       1.160290       1.160830       1.161370       1.161890    
   1.144060       1.144870       1.145670       1.146460       1.147240       1.148010       1.148760       1.149510       1.150240       1.150960       1.151670       1.152370       1.153060       1.153740       1.154410       1.155060       1.155710       1.156350       1.156970       1.157590       1.158200       1.158790       1.159380       1.159960       1.160530       1.161090       1.161650       1.162190       1.162730       1.163260    
   1.145360       1.146180       1.146980       1.147770       1.148550       1.149310       1.150070       1.150810       1.151550       1.152270       1.152980       1.153690       1.154380       1.155060       1.155730       1.156390       1.157030       1.157670       1.158300       1.158920       1.159530       1.160130       1.160720       1.161300       1.161880       1.162440       1.163000       1.163540       1.164080       1.164610    
   1.146670       1.147480       1.148280       1.149070       1.149850       1.150620       1.151370       1.152120       1.152850       1.153580       1.154290       1.155000       1.155690       1.156370       1.157040       1.157700       1.158350       1.159000       1.159630       1.160250       1.160860       1.161460       1.162060       1.162640       1.163220       1.163780       1.164340       1.164890       1.165430       1.165970    
   1.147960       1.148780       1.149580       1.150370       1.151150       1.151910       1.152670       1.153420       1.154160       1.154880       1.155600       1.156300       1.157000       1.157680       1.158350       1.159020       1.159670       1.160310       1.160950       1.161570       1.162190       1.162790       1.163390       1.163970       1.164550       1.165120       1.165680       1.166230       1.166780       1.167310    
   1.147960       1.148770       1.150100       1.151660       1.152440       1.153210       1.153970       1.154720       1.155450       1.156180       1.156900       1.157600       1.158300       1.158990       1.159660       1.160330       1.160980       1.161630       1.162260       1.162890       1.163510       1.164110       1.164710       1.165300       1.165880       1.166450       1.167020       1.167570       1.168120       1.168660    
   1.147960       1.149620       1.151660       1.153210       1.153730       1.154500       1.155260       1.156010       1.156750       1.157480       1.158200       1.158900       1.159600       1.160290       1.160960       1.161630       1.162290       1.162940       1.163570       1.164200       1.164820       1.165430       1.166030       1.166620       1.167210       1.167780       1.168350       1.168900       1.169450       1.169990    
   1.149090       1.151660       1.153570       1.154380       1.155020       1.155790       1.156550       1.157300       1.158040       1.158770       1.159490       1.160200       1.160900       1.161590       1.162270       1.162930       1.163590       1.164240       1.164880       1.165510       1.166130       1.166750       1.167350       1.167940       1.168530       1.169100       1.169670       1.170230       1.170780       1.171330    
   1.151660       1.153740       1.154700       1.155020       1.155960       1.157080       1.157840       1.158590       1.159330       1.160060       1.160780       1.161490       1.162190       1.162880       1.163560       1.164230       1.164890       1.165540       1.166190       1.166820       1.167440       1.168060       1.168660       1.169260       1.169840       1.170420       1.170990       1.171560       1.172110       1.172660    
   1.153820       1.154860       1.155020       1.156020       1.157080       1.158020       1.159130       1.159880       1.160620       1.161350       1.162070       1.162780       1.163480       1.164170       1.164860       1.165530       1.166190       1.166840       1.167490       1.168120       1.168750       1.169360       1.169970       1.170570       1.171160       1.171740       1.172310       1.172880       1.173430       1.173980    
   1.154940       1.155020       1.156040       1.157080       1.158080       1.159130       1.159510       1.159880       1.161120       1.162630       1.163360       1.164070       1.164770       1.165460       1.166150       1.166820       1.167480       1.168140       1.168780       1.169420       1.170050       1.170670       1.171270       1.171880       1.172470       1.173050       1.173620       1.174190       1.174750       1.175300    
   1.155020       1.156050       1.157080       1.158100       1.159130       1.159320       1.159500       1.160780       1.162630       1.162990       1.164410       1.165350       1.166050       1.166750       1.167430       1.168110       1.168770       1.169430       1.170080       1.170720       1.171340       1.171960       1.172580       1.173180       1.173770       1.174360       1.174930       1.175500       1.176060       1.176620    
   1.156050       1.157080       1.158100       1.159130       1.159220       1.159320       1.160560       1.162630       1.162810       1.164530       1.165990       1.166630       1.167340       1.168030       1.168720       1.169390       1.170060       1.170720       1.171370       1.172010       1.172640       1.173260       1.173870       1.174480       1.175070       1.175660       1.176240       1.176810       1.177370       1.177930    
   1.157080       1.158100       1.159130       1.159180       1.159220       1.160430       1.162630       1.162720       1.164580       1.166310       1.166630       1.166990       1.167830       1.169310       1.170000       1.170680       1.171350       1.172010       1.172660       1.173300       1.173930       1.174550       1.175170       1.175770       1.176370       1.176960       1.177540       1.178110       1.178680       1.179230    
   1.158100       1.159130       1.159150       1.159180       1.160370       1.162630       1.162680       1.164610       1.166470       1.166630       1.166810       1.167690       1.169310       1.169650       1.170000       1.170680       1.171350       1.172010       1.173680       1.174580       1.175220       1.175840       1.176460       1.177070       1.177670       1.178260       1.178840       1.179410       1.179980       1.180540    
   1.159130       1.159140       1.159150       1.160330       1.162630       1.162650       1.164620       1.166550       1.166630       1.166720       1.167610       1.169310       1.169480       1.169650       1.170110       1.170670       1.171340       1.173630       1.175230       1.175870       1.176500       1.177130       1.177750       1.178350       1.178960       1.179550       1.180130       1.180710       1.181280       1.181840    
   1.159140       1.159140       1.160310       1.162630       1.162640       1.164620       1.166590       1.166630       1.166670       1.167570       1.169310       1.169400       1.169480       1.169750       1.170150       1.170710       1.173410       1.175550       1.175870       1.176720       1.177780       1.178410       1.179030       1.179640       1.180240       1.180840       1.181420       1.182000       1.182570       1.183130    
   1.159140       1.160310       1.162630       1.162640       1.164630       1.166610       1.166630       1.166650       1.167550       1.169310       1.169350       1.169400       1.169540       1.169790       1.170200       1.173930       1.175710       1.175870       1.178160       1.179060       1.179440       1.179690       1.180310       1.180920       1.181530       1.182120       1.182710       1.183290       1.183860       1.184430    
   1.160300       1.162630       1.162630       1.164630       1.166620       1.166630       1.166640       1.167530       1.169310       1.169330       1.169350       1.169430       1.169580       1.173730       1.177040       1.179680       1.179680       1.180070       1.180550       1.180970       1.180340       1.180970       1.181590       1.182200       1.182810       1.183410       1.184000       1.184580       1.185150       1.185720    
   1.162630       1.162630       1.164630       1.166630       1.166630       1.166640       1.167530       1.169310       1.169320       1.169330       1.169370       1.169450       1.176720       1.185410       1.185370       1.183250       1.183660       1.183500       1.182280       1.181610       1.181610       1.182240       1.182860       1.183480       1.184090       1.184690       1.185280       1.185860       1.186430       1.187000    
   1.162630       1.164630       1.166630       1.166630       1.166630       1.167530       1.169310       1.169320       1.169320       1.169340       1.177020       1.188480       1.186470       1.185450       1.185450       1.185370       1.184290       1.183820       1.183500       1.183040       1.182880       1.183510       1.184140       1.184750       1.185360       1.185960       1.186550       1.187140       1.187720       1.188280    
   1.164630       1.166630       1.166630       1.166630       1.167520       1.169310       1.169310       1.169320       1.169330       1.178530       1.188480       1.188480       1.188480       1.186520       1.185530       1.185530       1.185370       1.184480       1.184130       1.183500       1.184150       1.184780       1.185410       1.186020       1.186630       1.187240       1.187830       1.188420       1.188990       1.189560    
   1.166630       1.166630       1.166630       1.167520       1.169310       1.169310       1.169310       1.175500       1.181670       1.188480       1.188480       1.188480       1.188480       1.188480       1.186640       1.185680       1.185680       1.185370       1.184920       1.184770       1.185410       1.186050       1.186670       1.187290       1.187900       1.188510       1.189100       1.189690       1.190270       1.190840    
   1.166630       1.166630       1.167520       1.169310       1.169310       1.179420       1.194590       1.194310       1.194030       1.190340       1.188490       1.188480       1.188480       1.188480       1.188480       1.186860       1.186000       1.186000       1.185370       1.186030       1.186670       1.187310       1.187940       1.188560       1.189170       1.189770       1.190370       1.190960       1.191540       1.192110    
   1.166630       1.167520       1.169310       1.169310       1.181450       1.194590       1.194590       1.194590       1.194310       1.194030       1.190360       1.188510       1.188480       1.188480       1.188480       1.188480       1.187290       1.186630       1.186630       1.187290       1.187930       1.188570       1.189200       1.189820       1.190430       1.191040       1.191640       1.192230       1.192810       1.193380    
