iMOD/TUTORIALS/TUT_MetaswapAnalyser/model_MetaSWAP/meteo/Evaporation/Evaporation_20060119_L1.ASC
NCOLS                30
NROWS                30
XLLCORNER     160000.00
YLLCORNER     340000.00
CELLSIZE        1000.00
NODATA_VALUE   -9999.00
  0.2379400      0.2373300      0.2367200      0.2361200      0.2355300      0.2349400      0.2343600      0.2337900      0.2332300      0.2326800      0.2321400      0.2316100      0.2310900      0.2305800      0.2300800      0.2296000      0.2291300      0.2286700      0.2282200      0.2277800      0.2273600      0.2269600      0.2265600      0.2261800      0.2258100      0.2254600      0.2251200      0.2248000      0.2244800      0.2241900    
  0.2392500      0.2386400      0.2380400      0.2374400      0.2368500      0.2362600      0.2356800      0.2351200      0.2345600      0.2340100      0.2334700      0.2329400      0.2324200      0.2319100      0.2314200      0.2309300      0.2304600      0.2300000      0.2295500      0.2291200      0.2287000      0.2282900      0.2278900      0.2275100      0.2271400      0.2267900      0.2264500      0.2261200      0.2258100      0.2255100    
  0.2405600      0.2399500      0.2393500      0.2387500      0.2381600      0.2375800      0.2370000      0.2364400      0.2358800      0.2353300      0.2347900      0.2342700      0.2337500      0.2332400      0.2327500      0.2322600      0.2317900      0.2313300      0.2308800      0.2304500      0.2300300      0.2296200      0.2292200      0.2288400      0.2284700      0.2281100      0.2277700      0.2274400      0.2271200      0.2268200    
  0.2418600      0.2412500      0.2406500      0.2400500      0.2394700      0.2388900      0.2383100      0.2377500      0.2371900      0.2366500      0.2361100      0.2355800      0.2350700      0.2345600      0.2340700      0.2335800      0.2331100      0.2326500      0.2322100      0.2317700      0.2313500      0.2309400      0.2305400      0.2301600      0.2297900      0.2294300      0.2290800      0.2287500      0.2284400      0.2281300    
  0.2431500      0.2425400      0.2419400      0.2413500      0.2407700      0.2401900      0.2396200      0.2390600      0.2385000      0.2379600      0.2374200      0.2369000      0.2363800      0.2358800      0.2353800      0.2349000      0.2344300      0.2339700      0.2335200      0.2330900      0.2326700      0.2322500      0.2318600      0.2314700      0.2311000      0.2307400      0.2304000      0.2300600      0.2297400      0.2294400    
  0.2444400      0.2438300      0.2432400      0.2426500      0.2420600      0.2414900      0.2409200      0.2403600      0.2398100      0.2392600      0.2387300      0.2382100      0.2376900      0.2371900      0.2367000      0.2362100      0.2357400      0.2352800      0.2348400      0.2344000      0.2339800      0.2335700      0.2331700      0.2327800      0.2324100      0.2320500      0.2317000      0.2313700      0.2310500      0.2307400    
  0.2457200      0.2451200      0.2445200      0.2439300      0.2433500      0.2427800      0.2422100      0.2416500      0.2411000      0.2405600      0.2400300      0.2395100      0.2390000      0.2384900      0.2380000      0.2375200      0.2370500      0.2365900      0.2361400      0.2357100      0.2352800      0.2348700      0.2344700      0.2340900      0.2337100      0.2333500      0.2330100      0.2326700      0.2323500      0.2320400    
  0.2469900      0.2463900      0.2458000      0.2452200      0.2446400      0.2440700      0.2435000      0.2429400      0.2424000      0.2418600      0.2413300      0.2408100      0.2402900      0.2397900      0.2393000      0.2388200      0.2383500      0.2378900      0.2374500      0.2370100      0.2365900      0.2361800      0.2357800      0.2353900      0.2350100      0.2346500      0.2343000      0.2339700      0.2336400      0.2333300    
  0.2482600      0.2476700      0.2470800      0.2464900      0.2459200      0.2453500      0.2447800      0.2442300      0.2436800      0.2431500      0.2426200      0.2421000      0.2415900      0.2410900      0.2406000      0.2401200      0.2396500      0.2391900      0.2387400      0.2383100      0.2378800      0.2374700      0.2370700      0.2366800      0.2363100      0.2359500      0.2356000      0.2352600      0.2349300      0.2346200    
  0.2495300      0.2489400      0.2483500      0.2477700      0.2471900      0.2466200      0.2460600      0.2455100      0.2449700      0.2444300      0.2439000      0.2433800      0.2428700      0.2423700      0.2418900      0.2414100      0.2409400      0.2404800      0.2400300      0.2396000      0.2391800      0.2387600      0.2383600      0.2379800      0.2376000      0.2372400      0.2368900      0.2365500      0.2362200      0.2359100    
  0.2495330      0.2489400      0.2485220      0.2490300      0.2484600      0.2479000      0.2473400      0.2467900      0.2462400      0.2457100      0.2451800      0.2446600      0.2441600      0.2436600      0.2431700      0.2426900      0.2422200      0.2417700      0.2413200      0.2408900      0.2404600      0.2400500      0.2396500      0.2392600      0.2388900      0.2385200      0.2381700      0.2378300      0.2375000      0.2371900    
  0.2495360      0.2490060      0.2490300      0.2495530      0.2497300      0.2491600      0.2486100      0.2480600      0.2475100      0.2469800      0.2464600      0.2459400      0.2454300      0.2449400      0.2444500      0.2439700      0.2435100      0.2430500      0.2426000      0.2421700      0.2417500      0.2413300      0.2409300      0.2405500      0.2401700      0.2398000      0.2394500      0.2391100      0.2387800      0.2384600    
  0.2494270      0.2490300      0.2499830      0.2503600      0.2509900      0.2504200      0.2498700      0.2493200      0.2487800      0.2482500      0.2477300      0.2472100      0.2467100      0.2462100      0.2457200      0.2452500      0.2447800      0.2443300      0.2438800      0.2434500      0.2430200      0.2426100      0.2422100      0.2418200      0.2414500      0.2410800      0.2407300      0.2403800      0.2400600      0.2397400    
  0.2490300      0.2501700      0.2506750      0.2509900      0.2510300      0.2516800      0.2511300      0.2505800      0.2500400      0.2495100      0.2489900      0.2484800      0.2479800      0.2474800      0.2469900      0.2465200      0.2460500      0.2456000      0.2451500      0.2447200      0.2443000      0.2438900      0.2434900      0.2431000      0.2427200      0.2423500      0.2420000      0.2416600      0.2413300      0.2410100    
  0.2502560      0.2508320      0.2509900      0.2512330      0.2516800      0.2517300      0.2523800      0.2518400      0.2513000      0.2507700      0.2502500      0.2497400      0.2492400      0.2487400      0.2482600      0.2477900      0.2473200      0.2468700      0.2464200      0.2459900      0.2455700      0.2451600      0.2447500      0.2443700      0.2439900      0.2436200      0.2432700      0.2429200      0.2425900      0.2422700    
  0.2509110      0.2509900      0.2513010      0.2516800      0.2519300      0.2523800      0.2521100      0.2518400      0.2514850      0.2520300      0.2515100      0.2510000      0.2505000      0.2500100      0.2495200      0.2490500      0.2485800      0.2481300      0.2476900      0.2472500      0.2468300      0.2464200      0.2460200      0.2456300      0.2452500      0.2448900      0.2445300      0.2441900      0.2438500      0.2435300    
  0.2509900      0.2513240      0.2516800      0.2519970      0.2523800      0.2522450      0.2521100      0.2518660      0.2520300      0.2517700      0.2520580      0.2522500      0.2517500      0.2512600      0.2507800      0.2503100      0.2498400      0.2493900      0.2489500      0.2485100      0.2480900      0.2476800      0.2472800      0.2468900      0.2465100      0.2461500      0.2457900      0.2454500      0.2451100      0.2447900    
  0.2513310      0.2516800      0.2520190      0.2523800      0.2523130      0.2522450      0.2520630      0.2520300      0.2519000      0.2524470      0.2528750      0.2535000      0.2530000      0.2525100      0.2520300      0.2515600      0.2511000      0.2506500      0.2502000      0.2497700      0.2493500      0.2489400      0.2485400      0.2481500      0.2477700      0.2474000      0.2470500      0.2467000      0.2463700      0.2460500    
  0.2516800      0.2520260      0.2523800      0.2523460      0.2523130      0.2521630      0.2520300      0.2519650      0.2526130      0.2531880      0.2535000      0.2532500      0.2531930      0.2537600      0.2532800      0.2528100      0.2523500      0.2519000      0.2514500      0.2510200      0.2506000      0.2501900      0.2497900      0.2494000      0.2490200      0.2486600      0.2483000      0.2479500      0.2476200      0.2473000    
  0.2520290      0.2523800      0.2523630      0.2523460      0.2522130      0.2520300      0.2519970      0.2526900      0.2533440      0.2535000      0.2533750      0.2534260      0.2537600      0.2535200      0.2532830      0.2528130      0.2523530      0.2519000      0.2520300      0.2522700      0.2518500      0.2514400      0.2510400      0.2506500      0.2502700      0.2499000      0.2495500      0.2492000      0.2488700      0.2485400    
  0.2523800      0.2523720      0.2523630      0.2522380      0.2520300      0.2520140      0.2527280      0.2534220      0.2535000      0.2534380      0.2535150      0.2537600      0.2536400      0.2535210      0.2532060      0.2528170      0.2523560      0.2525370      0.2528900      0.2535100      0.2530900      0.2526800      0.2522800      0.2519000      0.2515200      0.2511500      0.2507900      0.2504500      0.2501100      0.2497900    
  0.2523760      0.2523720      0.2522510      0.2520300      0.2520220      0.2527470      0.2534610      0.2535000      0.2534690      0.2535530      0.2537600      0.2537000      0.2536400      0.2534560      0.2531810      0.2527930      0.2528840      0.2532000      0.2535100      0.2536470      0.2543400      0.2539300      0.2535300      0.2531400      0.2527600      0.2523900      0.2520300      0.2516900      0.2513500      0.2510300    
  0.2523760      0.2522570      0.2520300      0.2520260      0.2527560      0.2534800      0.2535000      0.2534840      0.2535700      0.2537600      0.2537300      0.2537000      0.2535990      0.2534260      0.2531430      0.2538840      0.2533550      0.2535100      0.2550390      0.2555750      0.2553280      0.2551600      0.2547600      0.2543800      0.2540000      0.2536300      0.2532700      0.2529300      0.2525900      0.2522700    
  0.2522600      0.2520300      0.2520280      0.2527600      0.2534900      0.2535000      0.2534920      0.2535790      0.2537600      0.2537450      0.2537300      0.2536760      0.2535750      0.2559840      0.2570730      0.2572050      0.2572050      0.2570940      0.2570120      0.2574250      0.2568100      0.2564000      0.2560000      0.2556100      0.2552300      0.2548600      0.2545100      0.2541600      0.2538200      0.2535000    
  0.2520300      0.2520290      0.2527630      0.2534950      0.2535000      0.2534960      0.2535830      0.2537600      0.2537530      0.2537450      0.2537170      0.2536600      0.2581780      0.2638080      0.2637700      0.2610110      0.2610540      0.2609000      0.2590090      0.2580370      0.2580400      0.2576300      0.2572300      0.2568400      0.2564600      0.2561000      0.2557400      0.2553900      0.2550600      0.2547300    
  0.2520290      0.2527640      0.2534980      0.2535000      0.2534980      0.2535850      0.2537600      0.2537560      0.2537530      0.2537380      0.2593560      0.2678300      0.2651800      0.2638460      0.2638460      0.2637700      0.2620140      0.2612070      0.2609000      0.2596720      0.2592600      0.2588600      0.2584600      0.2580700      0.2576900      0.2573200      0.2569700      0.2566200      0.2562800      0.2559600    
  0.2527640      0.2534990      0.2535000      0.2534990      0.2535860      0.2537600      0.2537580      0.2537560      0.2537490      0.2605010      0.2678300      0.2678300      0.2678300      0.2652350      0.2639210      0.2639210      0.2637700      0.2621800      0.2615150      0.2609000      0.2604900      0.2600800      0.2596800      0.2592900      0.2589200      0.2585500      0.2581900      0.2578500      0.2575100      0.2571800    
  0.2534990      0.2535000      0.2535000      0.2535860      0.2537600      0.2537590      0.2537580      0.2588860      0.2633520      0.2678330      0.2678300      0.2678300      0.2678300      0.2678300      0.2653450      0.2640730      0.2640730      0.2637700      0.2625350      0.2621300      0.2617100      0.2613000      0.2609000      0.2605200      0.2601400      0.2597700      0.2594100      0.2590700      0.2587300      0.2584100    
  0.2535000      0.2535000      0.2535860      0.2537600      0.2537600      0.2626240      0.2759200      0.2751000      0.2742800      0.2699890      0.2678400      0.2678300      0.2678300      0.2678300      0.2678300      0.2655560      0.2643750      0.2643750      0.2637700      0.2633400      0.2629300      0.2625200      0.2621200      0.2617300      0.2613600      0.2609900      0.2606300      0.2602900      0.2599500      0.2596200    
  0.2535000      0.2535870      0.2537600      0.2537600      0.2643990      0.2759220      0.2759220      0.2759200      0.2751000      0.2742800      0.2700060      0.2678600      0.2678300      0.2678300      0.2678300      0.2678300      0.2659460      0.2649800      0.2649800      0.2645600      0.2641400      0.2637300      0.2633400      0.2629500      0.2625700      0.2622100      0.2618500      0.2615000      0.2611700      0.2608400    
