iMOD/TUTORIALS/TUT_MetaswapAnalyser/model_MetaSWAP/meteo/Evaporation/Evaporation_20061211_L1.ASC
NCOLS                30
NROWS                30
XLLCORNER     160000.00
YLLCORNER     340000.00
CELLSIZE        1000.00
NODATA_VALUE   -9999.00
  0.3609000E-01  0.3611000E-01  0.3613000E-01  0.3616000E-01  0.3619000E-01  0.3621000E-01  0.3625000E-01  0.3628000E-01  0.3632000E-01  0.3635000E-01  0.3639000E-01  0.3643000E-01  0.3648000E-01  0.3652000E-01  0.3657000E-01  0.3661000E-01  0.3666000E-01  0.3671000E-01  0.3676000E-01  0.3681000E-01  0.3686000E-01  0.3691000E-01  0.3696000E-01  0.3701000E-01  0.3706000E-01  0.3711000E-01  0.3717000E-01  0.3722000E-01  0.3727000E-01  0.3732000E-01
  0.3631000E-01  0.3633000E-01  0.3635000E-01  0.3637000E-01  0.3640000E-01  0.3643000E-01  0.3646000E-01  0.3649000E-01  0.3653000E-01  0.3656000E-01  0.3660000E-01  0.3664000E-01  0.3669000E-01  0.3673000E-01  0.3677000E-01  0.3682000E-01  0.3687000E-01  0.3691000E-01  0.3696000E-01  0.3701000E-01  0.3706000E-01  0.3711000E-01  0.3716000E-01  0.3721000E-01  0.3726000E-01  0.3731000E-01  0.3737000E-01  0.3742000E-01  0.3747000E-01  0.3752000E-01
  0.3653000E-01  0.3654000E-01  0.3656000E-01  0.3659000E-01  0.3661000E-01  0.3664000E-01  0.3667000E-01  0.3671000E-01  0.3674000E-01  0.3678000E-01  0.3682000E-01  0.3686000E-01  0.3690000E-01  0.3694000E-01  0.3698000E-01  0.3703000E-01  0.3707000E-01  0.3712000E-01  0.3717000E-01  0.3722000E-01  0.3727000E-01  0.3731000E-01  0.3736000E-01  0.3741000E-01  0.3746000E-01  0.3752000E-01  0.3757000E-01  0.3762000E-01  0.3767000E-01  0.3772000E-01
  0.3674000E-01  0.3676000E-01  0.3678000E-01  0.3681000E-01  0.3683000E-01  0.3686000E-01  0.3689000E-01  0.3692000E-01  0.3696000E-01  0.3699000E-01  0.3703000E-01  0.3707000E-01  0.3711000E-01  0.3715000E-01  0.3720000E-01  0.3724000E-01  0.3728000E-01  0.3733000E-01  0.3738000E-01  0.3742000E-01  0.3747000E-01  0.3752000E-01  0.3757000E-01  0.3762000E-01  0.3767000E-01  0.3772000E-01  0.3777000E-01  0.3782000E-01  0.3787000E-01  0.3792000E-01
  0.3696000E-01  0.3698000E-01  0.3700000E-01  0.3703000E-01  0.3705000E-01  0.3708000E-01  0.3711000E-01  0.3714000E-01  0.3717000E-01  0.3721000E-01  0.3725000E-01  0.3729000E-01  0.3733000E-01  0.3737000E-01  0.3741000E-01  0.3745000E-01  0.3750000E-01  0.3754000E-01  0.3759000E-01  0.3763000E-01  0.3768000E-01  0.3773000E-01  0.3778000E-01  0.3783000E-01  0.3787000E-01  0.3792000E-01  0.3797000E-01  0.3802000E-01  0.3807000E-01  0.3812000E-01
  0.3719000E-01  0.3720000E-01  0.3722000E-01  0.3725000E-01  0.3727000E-01  0.3730000E-01  0.3733000E-01  0.3736000E-01  0.3739000E-01  0.3743000E-01  0.3746000E-01  0.3750000E-01  0.3754000E-01  0.3758000E-01  0.3762000E-01  0.3767000E-01  0.3771000E-01  0.3776000E-01  0.3780000E-01  0.3785000E-01  0.3789000E-01  0.3794000E-01  0.3799000E-01  0.3803000E-01  0.3808000E-01  0.3813000E-01  0.3818000E-01  0.3823000E-01  0.3828000E-01  0.3832000E-01
  0.3741000E-01  0.3743000E-01  0.3745000E-01  0.3747000E-01  0.3749000E-01  0.3752000E-01  0.3755000E-01  0.3758000E-01  0.3761000E-01  0.3765000E-01  0.3768000E-01  0.3772000E-01  0.3776000E-01  0.3780000E-01  0.3784000E-01  0.3788000E-01  0.3793000E-01  0.3797000E-01  0.3802000E-01  0.3806000E-01  0.3811000E-01  0.3815000E-01  0.3820000E-01  0.3825000E-01  0.3829000E-01  0.3834000E-01  0.3839000E-01  0.3843000E-01  0.3848000E-01  0.3853000E-01
  0.3763000E-01  0.3765000E-01  0.3767000E-01  0.3769000E-01  0.3772000E-01  0.3774000E-01  0.3777000E-01  0.3780000E-01  0.3784000E-01  0.3787000E-01  0.3791000E-01  0.3794000E-01  0.3798000E-01  0.3802000E-01  0.3806000E-01  0.3810000E-01  0.3814000E-01  0.3819000E-01  0.3823000E-01  0.3828000E-01  0.3832000E-01  0.3837000E-01  0.3841000E-01  0.3846000E-01  0.3850000E-01  0.3855000E-01  0.3860000E-01  0.3864000E-01  0.3869000E-01  0.3873000E-01
  0.3786000E-01  0.3788000E-01  0.3790000E-01  0.3792000E-01  0.3794000E-01  0.3797000E-01  0.3800000E-01  0.3803000E-01  0.3806000E-01  0.3809000E-01  0.3813000E-01  0.3817000E-01  0.3820000E-01  0.3824000E-01  0.3828000E-01  0.3832000E-01  0.3836000E-01  0.3841000E-01  0.3845000E-01  0.3849000E-01  0.3854000E-01  0.3858000E-01  0.3863000E-01  0.3867000E-01  0.3872000E-01  0.3876000E-01  0.3881000E-01  0.3885000E-01  0.3890000E-01  0.3894000E-01
  0.3809000E-01  0.3810000E-01  0.3812000E-01  0.3815000E-01  0.3817000E-01  0.3820000E-01  0.3822000E-01  0.3825000E-01  0.3829000E-01  0.3832000E-01  0.3835000E-01  0.3839000E-01  0.3843000E-01  0.3846000E-01  0.3850000E-01  0.3854000E-01  0.3858000E-01  0.3863000E-01  0.3867000E-01  0.3871000E-01  0.3875000E-01  0.3880000E-01  0.3884000E-01  0.3889000E-01  0.3893000E-01  0.3897000E-01  0.3902000E-01  0.3906000E-01  0.3911000E-01  0.3915000E-01
  0.3808670E-01  0.3810330E-01  0.3818500E-01  0.3837000E-01  0.3840000E-01  0.3842000E-01  0.3845000E-01  0.3848000E-01  0.3851000E-01  0.3854000E-01  0.3858000E-01  0.3861000E-01  0.3865000E-01  0.3869000E-01  0.3873000E-01  0.3877000E-01  0.3881000E-01  0.3885000E-01  0.3889000E-01  0.3893000E-01  0.3897000E-01  0.3902000E-01  0.3906000E-01  0.3910000E-01  0.3915000E-01  0.3919000E-01  0.3923000E-01  0.3928000E-01  0.3932000E-01  0.3936000E-01
  0.3808780E-01  0.3818630E-01  0.3837000E-01  0.3856500E-01  0.3863000E-01  0.3865000E-01  0.3868000E-01  0.3871000E-01  0.3874000E-01  0.3877000E-01  0.3881000E-01  0.3884000E-01  0.3888000E-01  0.3891000E-01  0.3895000E-01  0.3899000E-01  0.3903000E-01  0.3907000E-01  0.3911000E-01  0.3915000E-01  0.3919000E-01  0.3924000E-01  0.3928000E-01  0.3932000E-01  0.3936000E-01  0.3940000E-01  0.3945000E-01  0.3949000E-01  0.3953000E-01  0.3957000E-01
  0.3817930E-01  0.3837000E-01  0.3863500E-01  0.3874500E-01  0.3886000E-01  0.3888000E-01  0.3891000E-01  0.3894000E-01  0.3897000E-01  0.3900000E-01  0.3903000E-01  0.3907000E-01  0.3910000E-01  0.3914000E-01  0.3918000E-01  0.3922000E-01  0.3925000E-01  0.3929000E-01  0.3933000E-01  0.3937000E-01  0.3942000E-01  0.3946000E-01  0.3950000E-01  0.3954000E-01  0.3958000E-01  0.3962000E-01  0.3966000E-01  0.3970000E-01  0.3975000E-01  0.3979000E-01
  0.3837000E-01  0.3866690E-01  0.3880250E-01  0.3886000E-01  0.3895000E-01  0.3911000E-01  0.3914000E-01  0.3917000E-01  0.3920000E-01  0.3923000E-01  0.3926000E-01  0.3930000E-01  0.3933000E-01  0.3937000E-01  0.3940000E-01  0.3944000E-01  0.3948000E-01  0.3952000E-01  0.3956000E-01  0.3960000E-01  0.3964000E-01  0.3968000E-01  0.3972000E-01  0.3976000E-01  0.3980000E-01  0.3984000E-01  0.3988000E-01  0.3992000E-01  0.3996000E-01  0.4000000E-01
  0.3868200E-01  0.3883120E-01  0.3886000E-01  0.3897330E-01  0.3911000E-01  0.3920670E-01  0.3937000E-01  0.3940000E-01  0.3943000E-01  0.3946000E-01  0.3949000E-01  0.3953000E-01  0.3956000E-01  0.3960000E-01  0.3963000E-01  0.3967000E-01  0.3971000E-01  0.3975000E-01  0.3978000E-01  0.3982000E-01  0.3986000E-01  0.3990000E-01  0.3994000E-01  0.3998000E-01  0.4002000E-01  0.4006000E-01  0.4010000E-01  0.4014000E-01  0.4018000E-01  0.4022000E-01
  0.3884560E-01  0.3886000E-01  0.3898110E-01  0.3911000E-01  0.3922890E-01  0.3937000E-01  0.3938500E-01  0.3940000E-01  0.3949500E-01  0.3969000E-01  0.3972000E-01  0.3976000E-01  0.3979000E-01  0.3983000E-01  0.3986000E-01  0.3990000E-01  0.3993000E-01  0.3997000E-01  0.4001000E-01  0.4005000E-01  0.4009000E-01  0.4013000E-01  0.4016000E-01  0.4020000E-01  0.4024000E-01  0.4028000E-01  0.4032000E-01  0.4036000E-01  0.4039000E-01  0.4043000E-01
  0.3886000E-01  0.3898370E-01  0.3911000E-01  0.3923630E-01  0.3937000E-01  0.3937750E-01  0.3938500E-01  0.3949250E-01  0.3969000E-01  0.3970500E-01  0.3987600E-01  0.3999000E-01  0.4002000E-01  0.4006000E-01  0.4009000E-01  0.4013000E-01  0.4016000E-01  0.4020000E-01  0.4024000E-01  0.4027000E-01  0.4031000E-01  0.4035000E-01  0.4039000E-01  0.4043000E-01  0.4046000E-01  0.4050000E-01  0.4054000E-01  0.4058000E-01  0.4061000E-01  0.4065000E-01
  0.3898460E-01  0.3911000E-01  0.3923880E-01  0.3937000E-01  0.3937370E-01  0.3937750E-01  0.3948620E-01  0.3969000E-01  0.3969750E-01  0.3991920E-01  0.4010500E-01  0.4022000E-01  0.4025000E-01  0.4029000E-01  0.4032000E-01  0.4036000E-01  0.4039000E-01  0.4043000E-01  0.4047000E-01  0.4050000E-01  0.4054000E-01  0.4058000E-01  0.4061000E-01  0.4065000E-01  0.4069000E-01  0.4072000E-01  0.4076000E-01  0.4080000E-01  0.4083000E-01  0.4087000E-01
  0.3911000E-01  0.3923960E-01  0.3937000E-01  0.3937190E-01  0.3937370E-01  0.3948190E-01  0.3969000E-01  0.3969380E-01  0.3993780E-01  0.4016250E-01  0.4022000E-01  0.4023500E-01  0.4032000E-01  0.4052000E-01  0.4055000E-01  0.4059000E-01  0.4062000E-01  0.4066000E-01  0.4069000E-01  0.4073000E-01  0.4077000E-01  0.4080000E-01  0.4084000E-01  0.4087000E-01  0.4091000E-01  0.4095000E-01  0.4098000E-01  0.4102000E-01  0.4105000E-01  0.4109000E-01
  0.3923990E-01  0.3937000E-01  0.3937090E-01  0.3937190E-01  0.3947940E-01  0.3969000E-01  0.3969190E-01  0.3994660E-01  0.4019120E-01  0.4022000E-01  0.4022750E-01  0.4032370E-01  0.4052000E-01  0.4053500E-01  0.4055330E-01  0.4058670E-01  0.4062330E-01  0.4065670E-01  0.4084600E-01  0.4096000E-01  0.4099000E-01  0.4103000E-01  0.4107000E-01  0.4110000E-01  0.4113000E-01  0.4117000E-01  0.4120000E-01  0.4124000E-01  0.4127000E-01  0.4130000E-01
  0.3937000E-01  0.3937050E-01  0.3937090E-01  0.3947800E-01  0.3969000E-01  0.3969090E-01  0.3995080E-01  0.4020560E-01  0.4022000E-01  0.4022370E-01  0.4032280E-01  0.4052000E-01  0.4052750E-01  0.4053610E-01  0.4055830E-01  0.4058780E-01  0.4062220E-01  0.4087820E-01  0.4107500E-01  0.4119000E-01  0.4122000E-01  0.4126000E-01  0.4129000E-01  0.4133000E-01  0.4136000E-01  0.4139000E-01  0.4143000E-01  0.4146000E-01  0.4149000E-01  0.4152000E-01
  0.3937020E-01  0.3937050E-01  0.3947740E-01  0.3969000E-01  0.3969050E-01  0.3995290E-01  0.4021280E-01  0.4022000E-01  0.4022190E-01  0.4032160E-01  0.4052000E-01  0.4052380E-01  0.4052790E-01  0.4054070E-01  0.4056070E-01  0.4058940E-01  0.4088210E-01  0.4113250E-01  0.4119000E-01  0.4128670E-01  0.4145000E-01  0.4149000E-01  0.4152000E-01  0.4155000E-01  0.4159000E-01  0.4162000E-01  0.4165000E-01  0.4168000E-01  0.4171000E-01  0.4174000E-01
  0.3937020E-01  0.3947700E-01  0.3969000E-01  0.3969020E-01  0.3995400E-01  0.4021640E-01  0.4022000E-01  0.4022090E-01  0.4032090E-01  0.4052000E-01  0.4052190E-01  0.4052390E-01  0.4053080E-01  0.4054310E-01  0.4056360E-01  0.4101570E-01  0.4116120E-01  0.4119000E-01  0.4154540E-01  0.4168000E-01  0.4170400E-01  0.4172000E-01  0.4175000E-01  0.4178000E-01  0.4181000E-01  0.4184000E-01  0.4188000E-01  0.4191000E-01  0.4194000E-01  0.4197000E-01
  0.3947680E-01  0.3969000E-01  0.3969010E-01  0.3995450E-01  0.4021820E-01  0.4022000E-01  0.4022050E-01  0.4032050E-01  0.4052000E-01  0.4052090E-01  0.4052190E-01  0.4052550E-01  0.4053260E-01  0.4116190E-01  0.4159700E-01  0.4188500E-01  0.4188500E-01  0.4191120E-01  0.4194830E-01  0.4202500E-01  0.4191000E-01  0.4195000E-01  0.4198000E-01  0.4201000E-01  0.4204000E-01  0.4207000E-01  0.4210000E-01  0.4213000E-01  0.4216000E-01  0.4219000E-01
  0.3969000E-01  0.3969010E-01  0.3995470E-01  0.4021910E-01  0.4022000E-01  0.4022020E-01  0.4032020E-01  0.4052000E-01  0.4052050E-01  0.4052100E-01  0.4052280E-01  0.4052670E-01  0.4165230E-01  0.4301720E-01  0.4301000E-01  0.4256430E-01  0.4260880E-01  0.4258000E-01  0.4229250E-01  0.4214000E-01  0.4214000E-01  0.4218000E-01  0.4221000E-01  0.4224000E-01  0.4227000E-01  0.4230000E-01  0.4233000E-01  0.4235000E-01  0.4238000E-01  0.4241000E-01
  0.3969000E-01  0.3995490E-01  0.4021960E-01  0.4022000E-01  0.4022010E-01  0.4032010E-01  0.4052000E-01  0.4052020E-01  0.4052050E-01  0.4052140E-01  0.4178610E-01  0.4368000E-01  0.4324410E-01  0.4302440E-01  0.4302440E-01  0.4301000E-01  0.4275340E-01  0.4263750E-01  0.4258000E-01  0.4242500E-01  0.4237000E-01  0.4241000E-01  0.4244000E-01  0.4246000E-01  0.4249000E-01  0.4252000E-01  0.4255000E-01  0.4258000E-01  0.4260000E-01  0.4263000E-01
  0.3995490E-01  0.4021980E-01  0.4022000E-01  0.4022010E-01  0.4032010E-01  0.4052000E-01  0.4052010E-01  0.4052020E-01  0.4052070E-01  0.4203760E-01  0.4368000E-01  0.4368000E-01  0.4368000E-01  0.4325470E-01  0.4303870E-01  0.4303870E-01  0.4301000E-01  0.4278630E-01  0.4269500E-01  0.4258000E-01  0.4261000E-01  0.4264000E-01  0.4266000E-01  0.4269000E-01  0.4272000E-01  0.4275000E-01  0.4278000E-01  0.4280000E-01  0.4283000E-01  0.4285000E-01
  0.4021990E-01  0.4022000E-01  0.4022000E-01  0.4032000E-01  0.4052000E-01  0.4052010E-01  0.4052010E-01  0.4159030E-01  0.4260240E-01  0.4368060E-01  0.4368000E-01  0.4368000E-01  0.4368000E-01  0.4368000E-01  0.4327560E-01  0.4306750E-01  0.4306750E-01  0.4301000E-01  0.4286000E-01  0.4281000E-01  0.4284000E-01  0.4287000E-01  0.4289000E-01  0.4292000E-01  0.4295000E-01  0.4298000E-01  0.4300000E-01  0.4303000E-01  0.4305000E-01  0.4307000E-01
  0.4022000E-01  0.4022000E-01  0.4032000E-01  0.4052000E-01  0.4052000E-01  0.4231210E-01  0.4500000E-01  0.4490000E-01  0.4480000E-01  0.4405510E-01  0.4368190E-01  0.4368000E-01  0.4368000E-01  0.4368000E-01  0.4368000E-01  0.4331630E-01  0.4312500E-01  0.4312500E-01  0.4301000E-01  0.4304000E-01  0.4307000E-01  0.4310000E-01  0.4312000E-01  0.4315000E-01  0.4318000E-01  0.4320000E-01  0.4323000E-01  0.4325000E-01  0.4327000E-01  0.4330000E-01
  0.4022000E-01  0.4032000E-01  0.4052000E-01  0.4052000E-01  0.4267080E-01  0.4500040E-01  0.4500040E-01  0.4500000E-01  0.4490000E-01  0.4480000E-01  0.4405830E-01  0.4368570E-01  0.4368000E-01  0.4368000E-01  0.4368000E-01  0.4368000E-01  0.4339250E-01  0.4324000E-01  0.4324000E-01  0.4327000E-01  0.4330000E-01  0.4333000E-01  0.4335000E-01  0.4338000E-01  0.4340000E-01  0.4343000E-01  0.4345000E-01  0.4348000E-01  0.4350000E-01  0.4352000E-01
