iMOD/TUTORIALS/TUT_MetaswapAnalyser/model_MetaSWAP/meteo/Evaporation/Evaporation_20060910_L1.ASC
NCOLS                30
NROWS                30
XLLCORNER     160000.00
YLLCORNER     340000.00
CELLSIZE        1000.00
NODATA_VALUE   -9999.00
   3.056310       3.056770       3.057250       3.057740       3.058250       3.058770       3.059300       3.059850       3.060420       3.061000       3.061590       3.062200       3.062820       3.063460       3.064110       3.064780       3.065460       3.066150       3.066860       3.067580       3.068320       3.069060       3.069820       3.070590       3.071380       3.072170       3.072980       3.073800       3.074620       3.075460    
   3.056580       3.057040       3.057520       3.058010       3.058510       3.059030       3.059570       3.060110       3.060680       3.061250       3.061850       3.062450       3.063070       3.063710       3.064360       3.065020       3.065690       3.066380       3.067090       3.067800       3.068530       3.069280       3.070030       3.070800       3.071580       3.072360       3.073160       3.073980       3.074800       3.075630    
   3.056860       3.057320       3.057800       3.058290       3.058790       3.059310       3.059840       3.060390       3.060950       3.061520       3.062110       3.062710       3.063330       3.063960       3.064610       3.065270       3.065940       3.066630       3.067320       3.068040       3.068760       3.069500       3.070250       3.071010       3.071780       3.072570       3.073360       3.074160       3.074980       3.075800    
   3.057150       3.057610       3.058090       3.058580       3.059080       3.059590       3.060120       3.060670       3.061230       3.061800       3.062390       3.062990       3.063600       3.064230       3.064870       3.065530       3.066200       3.066880       3.067570       3.068280       3.069000       3.069730       3.070480       3.071230       3.072000       3.072780       3.073570       3.074360       3.075170       3.075990    
   3.057460       3.057920       3.058390       3.058880       3.059380       3.059890       3.060420       3.060960       3.061520       3.062090       3.062670       3.063270       3.063880       3.064510       3.065140       3.065800       3.066460       3.067140       3.067830       3.068530       3.069250       3.069970       3.070710       3.071460       3.072230       3.073000       3.073780       3.074570       3.075380       3.076190    
   3.057770       3.058230       3.058700       3.059180       3.059680       3.060200       3.060720       3.061260       3.061820       3.062380       3.062970       3.063560       3.064170       3.064790       3.065430       3.066070       3.066730       3.067410       3.068100       3.068790       3.069500       3.070230       3.070960       3.071710       3.072460       3.073230       3.074000       3.074790       3.075590       3.076390    
   3.058090       3.058550       3.059020       3.059500       3.060000       3.060510       3.061040       3.061570       3.062130       3.062690       3.063270       3.063860       3.064470       3.065090       3.065720       3.066360       3.067020       3.067690       3.068370       3.069060       3.069770       3.070490       3.071220       3.071960       3.072710       3.073470       3.074240       3.075020       3.075810       3.076610    
   3.058430       3.058880       3.059350       3.059830       3.060330       3.060840       3.061360       3.061890       3.062440       3.063010       3.063580       3.064170       3.064770       3.065390       3.066020       3.066660       3.067310       3.067980       3.068650       3.069340       3.070040       3.070760       3.071480       3.072220       3.072960       3.073720       3.074480       3.075260       3.076040       3.076830    
   3.058770       3.059220       3.059690       3.060170       3.060660       3.061170       3.061690       3.062220       3.062770       3.063330       3.063900       3.064490       3.065090       3.065700       3.066330       3.066960       3.067610       3.068270       3.068950       3.069630       3.070330       3.071040       3.071750       3.072480       3.073220       3.073970       3.074730       3.075500       3.076280       3.077070    
   3.059120       3.059570       3.060040       3.060520       3.061010       3.061510       3.062030       3.062560       3.063110       3.063660       3.064230       3.064820       3.065410       3.066020       3.066640       3.067280       3.067920       3.068580       3.069250       3.069930       3.070620       3.071320       3.072040       3.072760       3.073490       3.074240       3.074990       3.075750       3.076530       3.077310    
   3.059120       3.059580       3.060250       3.060870       3.061360       3.061860       3.062380       3.062910       3.063450       3.064000       3.064570       3.065150       3.065740       3.066350       3.066970       3.067600       3.068240       3.068890       3.069560       3.070230       3.070920       3.071620       3.072320       3.073040       3.073770       3.074510       3.075260       3.076020       3.076780       3.077560    
   3.059130       3.059960       3.060870       3.061510       3.061720       3.062220       3.062730       3.063260       3.063800       3.064350       3.064920       3.065490       3.066080       3.066690       3.067300       3.067930       3.068560       3.069210       3.069870       3.070540       3.071230       3.071920       3.072620       3.073340       3.074060       3.074790       3.075530       3.076280       3.077040       3.077810    
   3.059660       3.060870       3.061590       3.061900       3.062090       3.062590       3.063100       3.063620       3.064160       3.064710       3.065270       3.065850       3.066430       3.067030       3.067640       3.068260       3.068900       3.069540       3.070200       3.070860       3.071540       3.072230       3.072930       3.073640       3.074350       3.075080       3.075820       3.076560       3.077320       3.078080    
   3.060870       3.061640       3.062000       3.062090       3.062550       3.062960       3.063470       3.063990       3.064530       3.065070       3.065630       3.066200       3.066790       3.067380       3.067990       3.068610       3.069240       3.069880       3.070530       3.071190       3.071860       3.072550       3.073240       3.073940       3.074660       3.075380       3.076110       3.076850       3.077600       3.078350    
   3.061660       3.062040       3.062090       3.062530       3.062960       3.063430       3.063850       3.064370       3.064900       3.065440       3.066000       3.066570       3.067150       3.067740       3.068340       3.068960       3.069580       3.070220       3.070870       3.071530       3.072190       3.072870       3.073560       3.074260       3.074960       3.075680       3.076410       3.077140       3.077880       3.078630    
   3.062070       3.062090       3.062530       3.062960       3.063410       3.063850       3.064110       3.064370       3.065130       3.065820       3.066380       3.066940       3.067520       3.068110       3.068710       3.069320       3.069940       3.070570       3.071210       3.071870       3.072530       3.073200       3.073890       3.074580       3.075280       3.075990       3.076710       3.077440       3.078170       3.078920    
   3.062090       3.062530       3.062960       3.063410       3.063850       3.063980       3.064110       3.064860       3.065820       3.066100       3.066830       3.067320       3.067890       3.068480       3.069070       3.069680       3.070300       3.070930       3.071570       3.072220       3.072870       3.073540       3.074220       3.074910       3.075600       3.076310       3.077020       3.077740       3.078470       3.079210    
   3.062530       3.062960       3.063410       3.063850       3.063910       3.063980       3.064690       3.065820       3.065960       3.066790       3.067510       3.067700       3.068280       3.068860       3.069450       3.070050       3.070670       3.071290       3.071930       3.072570       3.073220       3.073890       3.074560       3.075240       3.075930       3.076630       3.077340       3.078060       3.078780       3.079510    
   3.062960       3.063410       3.063850       3.063880       3.063920       3.064600       3.065820       3.065890       3.066780       3.067610       3.067700       3.067990       3.068520       3.069240       3.069830       3.070430       3.071040       3.071660       3.072290       3.072930       3.073580       3.074240       3.074910       3.075580       3.076270       3.076960       3.077670       3.078380       3.079090       3.079820    
   3.063410       3.063850       3.063870       3.063880       3.064550       3.065820       3.065860       3.066770       3.067650       3.067700       3.067840       3.068360       3.069240       3.069540       3.069830       3.070430       3.071040       3.071660       3.072770       3.073300       3.073940       3.074600       3.075260       3.075930       3.076610       3.077300       3.078000       3.078700       3.079410       3.080130    
   3.063850       3.063860       3.063870       3.064530       3.065820       3.065840       3.066760       3.067680       3.067700       3.067770       3.068290       3.069240       3.069390       3.069540       3.069930       3.070440       3.071050       3.072530       3.073480       3.073670       3.074310       3.074960       3.075620       3.076290       3.076960       3.077640       3.078330       3.079030       3.079740       3.080450    
   3.063850       3.063860       3.064520       3.065820       3.065830       3.066760       3.067690       3.067700       3.067740       3.068250       3.069240       3.069310       3.069390       3.069620       3.069970       3.070470       3.072250       3.073580       3.073670       3.074220       3.074690       3.075330       3.075980       3.076640       3.077310       3.077990       3.078680       3.079370       3.080070       3.080780    
   3.063850       3.064510       3.065820       3.065820       3.066760       3.067690       3.067700       3.067720       3.068230       3.069240       3.069280       3.069310       3.069440       3.069660       3.070020       3.072230       3.073620       3.073670       3.074650       3.075070       3.075450       3.075700       3.076350       3.077010       3.077670       3.078350       3.079030       3.079710       3.080410       3.081110    
   3.064510       3.065820       3.065820       3.066760       3.067700       3.067700       3.067710       3.068220       3.069240       3.069260       3.069280       3.069340       3.069470       3.071340       3.073140       3.074850       3.074840       3.075160       3.075520       3.075640       3.075450       3.076080       3.076730       3.077380       3.078040       3.078710       3.079380       3.080060       3.080750       3.081450    
   3.065820       3.065820       3.066760       3.067700       3.067700       3.067700       3.068220       3.069240       3.069250       3.069260       3.069290       3.069360       3.072540       3.076250       3.076240       3.075830       3.076070       3.076020       3.075920       3.075840       3.075840       3.076470       3.077110       3.077760       3.078410       3.079070       3.079740       3.080420       3.081100       3.081790    
   3.065820       3.066760       3.067700       3.067700       3.067700       3.068220       3.069240       3.069240       3.069250       3.069270       3.072360       3.076940       3.076490       3.076270       3.076270       3.076240       3.076150       3.076120       3.076020       3.076180       3.076230       3.076860       3.077490       3.078140       3.078780       3.079440       3.080100       3.080770       3.081450       3.082130    
   3.066760       3.067700       3.067700       3.067700       3.068210       3.069240       3.069240       3.069240       3.069250       3.072950       3.076940       3.076940       3.076940       3.076510       3.076290       3.076290       3.076240       3.076220       3.076230       3.076020       3.076630       3.077260       3.077880       3.078520       3.079160       3.079820       3.080470       3.081140       3.081810       3.082490    
   3.067700       3.067700       3.067700       3.068210       3.069240       3.069240       3.069240       3.071580       3.074080       3.076940       3.076940       3.076940       3.076940       3.076940       3.076550       3.076350       3.076350       3.076240       3.076380       3.076430       3.077040       3.077650       3.078280       3.078910       3.079550       3.080190       3.080850       3.081500       3.082170       3.082840    
   3.067700       3.067700       3.068210       3.069240       3.069240       3.072940       3.078500       3.078550       3.078590       3.077490       3.076940       3.076940       3.076940       3.076940       3.076940       3.076630       3.076450       3.076460       3.076240       3.076840       3.077450       3.078060       3.078680       3.079300       3.079940       3.080580       3.081220       3.081880       3.082540       3.083200    
   3.067700       3.068210       3.069240       3.069240       3.073690       3.078500       3.078500       3.078500       3.078550       3.078590       3.077500       3.076950       3.076940       3.076940       3.076940       3.076940       3.076780       3.076670       3.076670       3.077260       3.077860       3.078470       3.079080       3.079700       3.080330       3.080960       3.081610       3.082250       3.082910       3.083570    
