iMOD/TUTORIALS/TUT_MetaswapAnalyser/model_MetaSWAP/meteo/Evaporation/Evaporation_20061013_L1.ASC
NCOLS                30
NROWS                30
XLLCORNER     160000.00
YLLCORNER     340000.00
CELLSIZE        1000.00
NODATA_VALUE   -9999.00
   1.275380       1.265120       1.254820       1.244490       1.234130       1.223750       1.213350       1.202950       1.192550       1.182150       1.171770       1.161410       1.151070       1.140760       1.130490       1.120260       1.110070       1.099930       1.089850       1.079820       1.069840       1.059940       1.050090       1.040310       1.030600       1.020970       1.011400       1.001910      0.9924900      0.9831500    
   1.278000       1.267810       1.257580       1.247310       1.237010       1.226690       1.216360       1.206020       1.195680       1.185340       1.175020       1.164710       1.154420       1.144170       1.133940       1.123760       1.113610       1.103520       1.093470       1.083470       1.073540       1.063660       1.053840       1.044090       1.034410       1.024790       1.015240       1.005770      0.9963700      0.9870400    
   1.280570       1.270440       1.260270       1.250070       1.239830       1.229580       1.219310       1.209030       1.198750       1.188470       1.178200       1.167950       1.157710       1.147510       1.137330       1.127190       1.117090       1.107040       1.097030       1.087070       1.077170       1.067320       1.057540       1.047810       1.038150       1.028560       1.019030       1.009580       1.000190      0.9908800    
   1.283080       1.273020       1.262910       1.252770       1.242590       1.232400       1.222190       1.211970       1.201750       1.191530       1.181320       1.171120       1.160940       1.150790       1.140660       1.130570       1.120510       1.110500       1.100530       1.090610       1.080740       1.070930       1.061170       1.051480       1.041840       1.032280       1.022770       1.013340       1.003970      0.9946800    
   1.285540       1.275530       1.265490       1.255410       1.245300       1.235170       1.225020       1.214860       1.204700       1.194530       1.184380       1.174230       1.164110       1.154000       1.143930       1.133880       1.123870       1.113900       1.103970       1.094090       1.084260       1.074480       1.064760       1.055090       1.045480       1.035940       1.026460       1.017050       1.007700      0.9984200    
   1.287950       1.278000       1.268020       1.258000       1.247950       1.237880       1.227790       1.217690       1.207580       1.197480       1.187380       1.177290       1.167220       1.157160       1.147130       1.137130       1.127170       1.117240       1.107350       1.097510       1.087720       1.077970       1.068280       1.058650       1.049070       1.039550       1.030100       1.020710       1.011380       1.002120    
   1.290300       1.280420       1.270490       1.260530       1.250540       1.240530       1.230500       1.220460       1.210410       1.200370       1.190320       1.180290       1.170270       1.160260       1.150280       1.140330       1.130410       1.120530       1.110680       1.100880       1.091120       1.081410       1.071760       1.062150       1.052600       1.043110       1.033680       1.024310       1.015010       1.005770    
   1.292610       1.282780       1.272910       1.263010       1.253080       1.243130       1.233160       1.223180       1.213190       1.203200       1.193210       1.183230       1.173260       1.163310       1.153380       1.143470       1.133600       1.123760       1.113950       1.104190       1.094470       1.084800       1.075180       1.065600       1.056090       1.046620       1.037220       1.027870       1.018590       1.009370    
   1.294870       1.285100       1.275290       1.265450       1.255580       1.245680       1.235770       1.225850       1.215910       1.205980       1.196040       1.186120       1.176200       1.166300       1.156420       1.146560       1.136730       1.126930       1.117170       1.107450       1.097770       1.088130       1.078540       1.069000       1.059520       1.050080       1.040710       1.031390       1.022130       1.012930    
   1.297080       1.287370       1.277620       1.267830       1.258020       1.248180       1.238330       1.228460       1.218590       1.208700       1.198820       1.188950       1.179080       1.169230       1.159400       1.149590       1.139810       1.130060       1.120340       1.110660       1.101010       1.091410       1.081860       1.072350       1.062900       1.053490       1.044140       1.034850       1.025610       1.016440    
   1.297070       1.287360       1.275750       1.270170       1.260420       1.250640       1.240840       1.231030       1.221210       1.211380       1.201550       1.191730       1.181920       1.172120       1.162340       1.152570       1.142840       1.133130       1.123450       1.113810       1.104210       1.094640       1.085120       1.075650       1.066230       1.056850       1.047530       1.038260       1.029050       1.019900    
   1.297050       1.282590       1.270170       1.264610       1.262770       1.253040       1.243300       1.233550       1.223780       1.214010       1.204230       1.194460       1.184700       1.174950       1.165220       1.155500       1.145810       1.136150       1.126510       1.116910       1.107350       1.097820       1.088340       1.078900       1.069510       1.060170       1.050870       1.041630       1.032450       1.023320    
   1.289130       1.270170       1.265940       1.263920       1.265070       1.255400       1.245720       1.236020       1.226300       1.216590       1.206870       1.197150       1.187440       1.177740       1.168050       1.158380       1.148740       1.139120       1.129520       1.119960       1.110440       1.100950       1.091510       1.082100       1.072740       1.063430       1.054170       1.044960       1.035800       1.026690    
   1.270170       1.266420       1.264500       1.265070       1.259400       1.257720       1.248090       1.238440       1.228780       1.219120       1.209450       1.199780       1.190120       1.180470       1.170830       1.161210       1.151610       1.142040       1.132490       1.122970       1.113480       1.104030       1.094620       1.085250       1.075930       1.066650       1.057420       1.048230       1.039100       1.030020    
   1.266610       1.264780       1.265070       1.260730       1.257720       1.252080       1.250420       1.240820       1.231220       1.221610       1.211990       1.202370       1.192760       1.183160       1.173570       1.164000       1.154440       1.144910       1.135400       1.125930       1.116480       1.107070       1.097700       1.088360       1.079070       1.069820       1.060620       1.051460       1.042360       1.033300    
   1.264930       1.265070       1.261170       1.257720       1.253410       1.250420       1.245620       1.240820       1.229420       1.224050       1.214480       1.204920       1.195360       1.185800       1.176260       1.166730       1.157220       1.147740       1.138270       1.128840       1.119430       1.110060       1.100720       1.091420       1.082160       1.072950       1.063780       1.054650       1.045570       1.036550    
   1.265070       1.261320       1.257720       1.253850       1.250420       1.248020       1.245620       1.234980       1.224050       1.219260       1.212150       1.207420       1.197910       1.188400       1.178910       1.169430       1.159960       1.150520       1.141100       1.131700       1.122340       1.113000       1.103700       1.094440       1.085220       1.076030       1.066890       1.057800       1.048750       1.039750    
   1.261370       1.257720       1.254000       1.250420       1.249220       1.248020       1.238170       1.224050       1.221660       1.214800       1.208650       1.209880       1.200420       1.190960       1.181510       1.172070       1.162660       1.153250       1.143880       1.134520       1.125200       1.115900       1.106640       1.097410       1.088220       1.079070       1.069960       1.060900       1.051880       1.042900    
   1.257720       1.254050       1.250420       1.249820       1.249220       1.239860       1.224050       1.222850       1.215930       1.209260       1.209880       1.205150       1.198680       1.193470       1.184070       1.174680       1.165310       1.155950       1.146610       1.137300       1.128010       1.118760       1.109530       1.100340       1.091190       1.082070       1.072990       1.063960       1.054970       1.046020    
   1.254060       1.250420       1.250120       1.249820       1.240740       1.224050       1.223450       1.216460       1.209570       1.209880       1.207520       1.201800       1.193470       1.188770       1.184070       1.174690       1.165310       1.155960       1.144520       1.140030       1.130790       1.121570       1.112380       1.103230       1.094110       1.085020       1.075980       1.066980       1.058020       1.049100    
   1.250420       1.250270       1.250120       1.241180       1.224050       1.223750       1.216710       1.209730       1.209880       1.208700       1.203170       1.193470       1.191120       1.188770       1.182510       1.174690       1.165320       1.149980       1.141380       1.142730       1.133520       1.124340       1.115190       1.106070       1.096990       1.087940       1.078930       1.069960       1.061030       1.052140    
   1.250340       1.250270       1.241410       1.224050       1.223900       1.216840       1.209800       1.209880       1.209290       1.203800       1.193470       1.192300       1.191120       1.187470       1.181990       1.174170       1.154960       1.142060       1.142730       1.137490       1.136210       1.127070       1.117960       1.108880       1.099830       1.090810       1.081840       1.072900       1.063990       1.055140    
   1.250340       1.241520       1.224050       1.223980       1.216900       1.209840       1.209880       1.209580       1.204110       1.193470       1.192880       1.192300       1.190290       1.186860       1.181210       1.160780       1.142390       1.142730       1.140460       1.138840       1.133390       1.129770       1.120690       1.111650       1.102630       1.093650       1.084700       1.075800       1.066930       1.058100    
   1.241570       1.224050       1.224010       1.216930       1.209860       1.209880       1.209730       1.204260       1.193470       1.193180       1.192880       1.191820       1.189820       1.182550       1.168660       1.150390       1.150400       1.146350       1.141890       1.142770       1.141480       1.132420       1.123380       1.114370       1.105390       1.096450       1.087540       1.078660       1.069820       1.061020    
   1.224050       1.224030       1.216950       1.209870       1.209880       1.209810       1.204340       1.193470       1.193320       1.193180       1.192630       1.191510       1.181610       1.171890       1.171820       1.160880       1.158380       1.158080       1.148590       1.144050       1.144060       1.135040       1.126040       1.117060       1.108120       1.099210       1.090330       1.081480       1.072680       1.063910    
   1.224040       1.216960       1.209880       1.209880       1.209840       1.204370       1.193470       1.193400       1.193320       1.193040       1.190470       1.187520       1.177160       1.171970       1.171970       1.171820       1.162930       1.158690       1.158080       1.149460       1.146600       1.137620       1.128650       1.119720       1.110810       1.101930       1.093090       1.084270       1.075500       1.066760    
   1.216960       1.209880       1.209880       1.209860       1.204390       1.193470       1.193430       1.193400       1.193250       1.190380       1.187520       1.187520       1.187520       1.177270       1.172110       1.172110       1.171820       1.163130       1.159290       1.158080       1.149110       1.140160       1.131230       1.122330       1.113460       1.104620       1.095810       1.087030       1.078280       1.069570    
   1.209880       1.209880       1.209870       1.204400       1.193470       1.193450       1.193430       1.196740       1.194230       1.187530       1.187520       1.187520       1.187520       1.187520       1.177470       1.172400       1.172400       1.171820       1.163330       1.160510       1.151580       1.142670       1.133780       1.124920       1.116080       1.107270       1.098490       1.089750       1.081030       1.072360    
   1.209880       1.209880       1.204410       1.193470       1.193460       1.203070       1.217500       1.212180       1.206870       1.193990       1.187540       1.187520       1.187520       1.187520       1.187520       1.177840       1.172980       1.172990       1.171820       1.162910       1.154020       1.145140       1.136290       1.127470       1.118670       1.109890       1.101150       1.092430       1.083750       1.075100    
   1.209880       1.204410       1.193470       1.193470       1.205000       1.217500       1.217500       1.217500       1.212180       1.206870       1.194020       1.187570       1.187520       1.187520       1.187520       1.187520       1.178460       1.174140       1.174150       1.165280       1.156420       1.147590       1.138770       1.129980       1.121220       1.112480       1.103770       1.095090       1.086440       1.077820    
