iMOD/TUTORIALS/TUT_MetaswapAnalyser/model_MetaSWAP/meteo/Evaporation/Evaporation_20060131_L1.ASC
NCOLS                30
NROWS                30
XLLCORNER     160000.00
YLLCORNER     340000.00
CELLSIZE        1000.00
NODATA_VALUE   -9999.00
  0.5639600      0.5620700      0.5601500      0.5581900      0.5562100      0.5541900      0.5521500      0.5500900      0.5480100      0.5459100      0.5437900      0.5416600      0.5395200      0.5373700      0.5352100      0.5330400      0.5308700      0.5287000      0.5265200      0.5243400      0.5221600      0.5199800      0.5178100      0.5156400      0.5134700      0.5113100      0.5091600      0.5070100      0.5048700      0.5027400    
  0.5620700      0.5601700      0.5582500      0.5562900      0.5543000      0.5522900      0.5502500      0.5481900      0.5461100      0.5440100      0.5418900      0.5397700      0.5376300      0.5354800      0.5333200      0.5311600      0.5289900      0.5268200      0.5246500      0.5224800      0.5203100      0.5181400      0.5159700      0.5138100      0.5116500      0.5095000      0.5073500      0.5052200      0.5030900      0.5009600    
  0.5601400      0.5582400      0.5563100      0.5543500      0.5523600      0.5503500      0.5483100      0.5462500      0.5441700      0.5420700      0.5399600      0.5378400      0.5357000      0.5335600      0.5314100      0.5292500      0.5270900      0.5249200      0.5227500      0.5205900      0.5184200      0.5162600      0.5141000      0.5119500      0.5098000      0.5076600      0.5055200      0.5033900      0.5012700      0.4991600    
  0.5581900      0.5562800      0.5543500      0.5523900      0.5503900      0.5483800      0.5463400      0.5442800      0.5422000      0.5401100      0.5380000      0.5358800      0.5337500      0.5316000      0.5294600      0.5273000      0.5251500      0.5229900      0.5208300      0.5186700      0.5165100      0.5143600      0.5122100      0.5100600      0.5079200      0.5057900      0.5036600      0.5015500      0.4994400      0.4973400    
  0.5562100      0.5543000      0.5523600      0.5503900      0.5484000      0.5463800      0.5443400      0.5422800      0.5402100      0.5381100      0.5360100      0.5338900      0.5317600      0.5296200      0.5274800      0.5253300      0.5231800      0.5210300      0.5188700      0.5167200      0.5145700      0.5124200      0.5102800      0.5081500      0.5060200      0.5038900      0.5017800      0.4996700      0.4975800      0.4954900    
  0.5542000      0.5522900      0.5503400      0.5483700      0.5463800      0.5443600      0.5423200      0.5402600      0.5381800      0.5360900      0.5339900      0.5318700      0.5297500      0.5276100      0.5254700      0.5233300      0.5211800      0.5190400      0.5168900      0.5147500      0.5126000      0.5104600      0.5083300      0.5062000      0.5040800      0.5019700      0.4998700      0.4977700      0.4956900      0.4936100    
  0.5521700      0.5502500      0.5483000      0.5463300      0.5443300      0.5423100      0.5402700      0.5382100      0.5361400      0.5340500      0.5319400      0.5298300      0.5277100      0.5255800      0.5234400      0.5213000      0.5191600      0.5170200      0.5148800      0.5127400      0.5106100      0.5084800      0.5063600      0.5042400      0.5021300      0.5000300      0.4979300      0.4958500      0.4937800      0.4917200    
  0.5501200      0.5481900      0.5462400      0.5442600      0.5422600      0.5402400      0.5382000      0.5361400      0.5340600      0.5319700      0.5298700      0.5277600      0.5256400      0.5235200      0.5213900      0.5192500      0.5171200      0.5149800      0.5128500      0.5107200      0.5085900      0.5064700      0.5043600      0.5022500      0.5001500      0.4980600      0.4959800      0.4939100      0.4918500      0.4898000    
  0.5480500      0.5461200      0.5441600      0.5421800      0.5401700      0.5381500      0.5361100      0.5340500      0.5319700      0.5298800      0.5277800      0.5256700      0.5235600      0.5214300      0.5193100      0.5171800      0.5150500      0.5129200      0.5107900      0.5086700      0.5065500      0.5044400      0.5023300      0.5002400      0.4981500      0.4960700      0.4940000      0.4919400      0.4898900      0.4878600    
  0.5459500      0.5440200      0.5420600      0.5400700      0.5380600      0.5360400      0.5339900      0.5319300      0.5298500      0.5277700      0.5256700      0.5235600      0.5214500      0.5193300      0.5172100      0.5150800      0.5129600      0.5108400      0.5087200      0.5066000      0.5044900      0.5023900      0.5002900      0.4982000      0.4961300      0.4940600      0.4920000      0.4899600      0.4879200      0.4859000    
  0.5459430      0.5440100      0.5410250      0.5379500      0.5359400      0.5339100      0.5318600      0.5298000      0.5277200      0.5256300      0.5235400      0.5214300      0.5193200      0.5172000      0.5150900      0.5129700      0.5108500      0.5087300      0.5066200      0.5045100      0.5024100      0.5003100      0.4982300      0.4961500      0.4940800      0.4920300      0.4899800      0.4879500      0.4859300      0.4839200    
  0.5459360      0.5422320      0.5379500      0.5348270      0.5337900      0.5317600      0.5297100      0.5276500      0.5255700      0.5234800      0.5213900      0.5192800      0.5171700      0.5150600      0.5129500      0.5108300      0.5087200      0.5066100      0.5045000      0.5024000      0.5003100      0.4982200      0.4961500      0.4940800      0.4920200      0.4899800      0.4879500      0.4859300      0.4839200      0.4819300    
  0.5434910      0.5379500      0.5342790      0.5327100      0.5316300      0.5296000      0.5275400      0.5254800      0.5234000      0.5213100      0.5192200      0.5171200      0.5150100      0.5129000      0.5107900      0.5086800      0.5065700      0.5044700      0.5023700      0.5002800      0.4981900      0.4961100      0.4940500      0.4919900      0.4899500      0.4879200      0.4859000      0.4838900      0.4819000      0.4799200    
  0.5379500      0.5340070      0.5321700      0.5316300      0.5295500      0.5274200      0.5253700      0.5233000      0.5212200      0.5191300      0.5170400      0.5149300      0.5128300      0.5107200      0.5086200      0.5065100      0.5044100      0.5023100      0.5002200      0.4981300      0.4960600      0.4939900      0.4919300      0.4898900      0.4878500      0.4858300      0.4838300      0.4818400      0.4798600      0.4779000    
  0.5338720      0.5319000      0.5316300      0.5295330      0.5274200      0.5253200      0.5231700      0.5211000      0.5190200      0.5169400      0.5148400      0.5127400      0.5106400      0.5085300      0.5064300      0.5043300      0.5022300      0.5001400      0.4980500      0.4959700      0.4939100      0.4918500      0.4898000      0.4877700      0.4857500      0.4837400      0.4817500      0.4797700      0.4778100      0.4758600    
  0.5317650      0.5316300      0.5295280      0.5274200      0.5253030      0.5231700      0.5221350      0.5210970      0.5179470      0.5147300      0.5126300      0.5105300      0.5084300      0.5063300      0.5042300      0.5021300      0.5000400      0.4979500      0.4958700      0.4938000      0.4917400      0.4896900      0.4876600      0.4856400      0.4836300      0.4816300      0.4796500      0.4776900      0.4757400      0.4738100    
  0.5316300      0.5295260      0.5274200      0.5252980      0.5231700      0.5226530      0.5221340      0.5189770      0.5147300      0.5136800      0.5104580      0.5083100      0.5062100      0.5041100      0.5020200      0.4999200      0.4978400      0.4957500      0.4936800      0.4916200      0.4895700      0.4875300      0.4855000      0.4834900      0.4814900      0.4795100      0.4775500      0.4756000      0.4736600      0.4717500    
  0.5295250      0.5274200      0.5252960      0.5231700      0.5229110      0.5226520      0.5196230      0.5147300      0.5142050      0.5104320      0.5072000      0.5060900      0.5039900      0.5018900      0.4998000      0.4977100      0.4956200      0.4935500      0.4914800      0.4894200      0.4873800      0.4853500      0.4833400      0.4813400      0.4793500      0.4773800      0.4754300      0.4735000      0.4715800      0.4696800    
  0.5274200      0.5252950      0.5231700      0.5230410      0.5229110      0.5199790      0.5147300      0.5144670      0.5104200      0.5066450      0.5060900      0.5050400      0.5029080      0.4996600      0.4975600      0.4954800      0.4934000      0.4913300      0.4892700      0.4872200      0.4851900      0.4831700      0.4811600      0.4791700      0.4772000      0.4752400      0.4733100      0.4713900      0.4694800      0.4676000    
  0.5252950      0.5231700      0.5231050      0.5230410      0.5201650      0.5147300      0.5145990      0.5104150      0.5063670      0.5060900      0.5055650      0.5034240      0.4996600      0.4986100      0.4975670      0.4954800      0.4934030      0.4913330      0.4871240      0.4850100      0.4829800      0.4809700      0.4789800      0.4770000      0.4750400      0.4731000      0.4711700      0.4692700      0.4673800      0.4655100    
  0.5231700      0.5231380      0.5231050      0.5202600      0.5147300      0.5146640      0.5104120      0.5062290      0.5060900      0.5058270      0.5036850      0.4996600      0.4991350      0.4986120      0.4972190      0.4954830      0.4934060      0.4877100      0.4839000      0.4827900      0.4807700      0.4787700      0.4767900      0.4748200      0.4728700      0.4709400      0.4690300      0.4671400      0.4652700      0.4634200    
  0.5231540      0.5231380      0.5203080      0.5147300      0.5146970      0.5104110      0.5061590      0.5060900      0.5059590      0.5038160      0.4996600      0.4993970      0.4991360      0.4983220      0.4971050      0.4953690      0.4885470      0.4833450      0.4827900      0.4807070      0.4785600      0.4765600      0.4745900      0.4726300      0.4707000      0.4687800      0.4668900      0.4650200      0.4631600      0.4613300    
  0.5231540      0.5203320      0.5147300      0.5147140      0.5104110      0.5061250      0.5060900      0.5060240      0.5038810      0.4996600      0.4995290      0.4993980      0.4989520      0.4981880      0.4969320      0.4880400      0.4830680      0.4827900      0.4782100      0.4763400      0.4751460      0.4743500      0.4723900      0.4704500      0.4685200      0.4666200      0.4647400      0.4628900      0.4610500      0.4592300    
  0.5203450      0.5147300      0.5147220      0.5104100      0.5061070      0.5060900      0.5060570      0.5039140      0.4996600      0.4995940      0.4995290      0.4992930      0.4988460      0.4902600      0.4827290      0.4761100      0.4761100      0.4750320      0.4737460      0.4730050      0.4741200      0.4721400      0.4701900      0.4682600      0.4663500      0.4644600      0.4625900      0.4607500      0.4589300      0.4571400    
  0.5147300      0.5147260      0.5104100      0.5060990      0.5060900      0.5060740      0.5039300      0.4996600      0.4996270      0.4995940      0.4994720      0.4992220      0.4844260      0.4669010      0.4669700      0.4701350      0.4691510      0.4694300      0.4709850      0.4718930      0.4718900      0.4699300      0.4679900      0.4660700      0.4641700      0.4623000      0.4604500      0.4586200      0.4568200      0.4550400    
  0.5147280      0.5104100      0.5060940      0.5060900      0.5060820      0.5039380      0.4996600      0.4996440      0.4996270      0.4995640      0.4846020      0.4623600      0.4653300      0.4668320      0.4668320      0.4669700      0.4683100      0.4688720      0.4694300      0.4696100      0.4696700      0.4677200      0.4657800      0.4638800      0.4619900      0.4601300      0.4583000      0.4564900      0.4547000      0.4529400    
  0.5104100      0.5060920      0.5060900      0.5060860      0.5039430      0.4996600      0.4996520      0.4996440      0.4996120      0.4817030      0.4623600      0.4623600      0.4623600      0.4652280      0.4666940      0.4666940      0.4669700      0.4679660      0.4683150      0.4694300      0.4674500      0.4655100      0.4635800      0.4616900      0.4598200      0.4579700      0.4561500      0.4543600      0.4525900      0.4508500    
  0.5060910      0.5060900      0.5060880      0.5039450      0.4996600      0.4996560      0.4996520      0.4881420      0.4760690      0.4623540      0.4623600      0.4623600      0.4623600      0.4623600      0.4650250      0.4664170      0.4664170      0.4669700      0.4671470      0.4672000      0.4652400      0.4633000      0.4613900      0.4595000      0.4576500      0.4558200      0.4540100      0.4522400      0.4504900      0.4487600    
  0.5060900      0.5060890      0.5039460      0.4996600      0.4996580      0.4812490      0.4536400      0.4536500      0.4536600      0.4594440      0.4623420      0.4623600      0.4623600      0.4623600      0.4623600      0.4646290      0.4658650      0.4658650      0.4669700      0.4649900      0.4630300      0.4611000      0.4592000      0.4573200      0.4554800      0.4536700      0.4518800      0.4501200      0.4483900      0.4466900    
  0.5060890      0.5039460      0.4996600      0.4996590      0.4775660      0.4536360      0.4536360      0.4536400      0.4536500      0.4536600      0.4594140      0.4623070      0.4623600      0.4623600      0.4623600      0.4623600      0.4638730      0.4647600      0.4647600      0.4627800      0.4608300      0.4589100      0.4570100      0.4551500      0.4533200      0.4515200      0.4497500      0.4480100      0.4463000      0.4446200    
