iMOD/TUTORIALS/TUT_MetaswapAnalyser/model_MetaSWAP/meteo/Evaporation/Evaporation_20050505_L1.ASC
NCOLS                30
NROWS                30
XLLCORNER     160000.00
YLLCORNER     340000.00
CELLSIZE        1000.00
NODATA_VALUE   -9999.00
   2.814450       2.814320       2.814180       2.814040       2.813890       2.813730       2.813570       2.813420       2.813260       2.813110       2.812960       2.812820       2.812690       2.812570       2.812460       2.812360       2.812280       2.812220       2.812170       2.812140       2.812130       2.812150       2.812180       2.812240       2.812320       2.812430       2.812570       2.812730       2.812920       2.813140    
   2.816760       2.816630       2.816490       2.816340       2.816190       2.816030       2.815870       2.815710       2.815550       2.815400       2.815250       2.815120       2.814980       2.814860       2.814760       2.814660       2.814590       2.814530       2.814480       2.814460       2.814460       2.814480       2.814520       2.814580       2.814680       2.814790       2.814940       2.815110       2.815310       2.815540    
   2.819040       2.818900       2.818760       2.818600       2.818450       2.818290       2.818130       2.817970       2.817810       2.817660       2.817510       2.817370       2.817240       2.817120       2.817020       2.816930       2.816860       2.816800       2.816760       2.816740       2.816750       2.816770       2.816820       2.816890       2.816990       2.817120       2.817270       2.817460       2.817670       2.817910    
   2.821280       2.821140       2.820990       2.820830       2.820670       2.820510       2.820350       2.820190       2.820030       2.819880       2.819730       2.819590       2.819460       2.819350       2.819250       2.819160       2.819090       2.819040       2.819000       2.818990       2.819000       2.819030       2.819090       2.819170       2.819280       2.819410       2.819580       2.819770       2.819990       2.820240    
   2.823490       2.823340       2.823190       2.823030       2.822870       2.822700       2.822540       2.822370       2.822210       2.822060       2.821920       2.821780       2.821650       2.821540       2.821440       2.821360       2.821290       2.821240       2.821210       2.821200       2.821220       2.821260       2.821320       2.821410       2.821530       2.821670       2.821850       2.822050       2.822280       2.822540    
   2.825670       2.825520       2.825360       2.825190       2.825030       2.824860       2.824690       2.824530       2.824370       2.824210       2.824070       2.823930       2.823810       2.823700       2.823600       2.823520       2.823460       2.823410       2.823390       2.823390       2.823410       2.823460       2.823530       2.823620       2.823750       2.823900       2.824090       2.824300       2.824540       2.824810    
   2.827820       2.827660       2.827500       2.827330       2.827160       2.826990       2.826820       2.826650       2.826490       2.826340       2.826190       2.826050       2.825930       2.825820       2.825730       2.825650       2.825590       2.825550       2.825530       2.825540       2.825570       2.825620       2.825700       2.825810       2.825940       2.826100       2.826300       2.826520       2.826770       2.827060    
   2.829940       2.829780       2.829610       2.829430       2.829260       2.829080       2.828910       2.828740       2.828580       2.828430       2.828280       2.828150       2.828030       2.827920       2.827830       2.827750       2.827700       2.827660       2.827650       2.827660       2.827700       2.827760       2.827840       2.827960       2.828100       2.828280       2.828480       2.828710       2.828980       2.829280    
   2.832040       2.831860       2.831690       2.831510       2.831330       2.831160       2.830980       2.830810       2.830650       2.830490       2.830350       2.830210       2.830090       2.829990       2.829900       2.829830       2.829780       2.829750       2.829740       2.829760       2.829800       2.829870       2.829960       2.830080       2.830240       2.830420       2.830630       2.830880       2.831160       2.831470    
   2.834110       2.833930       2.833750       2.833570       2.833380       2.833200       2.833020       2.832850       2.832690       2.832530       2.832380       2.832250       2.832130       2.832030       2.831940       2.831870       2.831830       2.831800       2.831800       2.831820       2.831870       2.831950       2.832050       2.832180       2.832350       2.832540       2.832770       2.833020       2.833310       2.833630    
   2.834110       2.833930       2.834210       2.835600       2.835410       2.835220       2.835040       2.834870       2.834700       2.834550       2.834400       2.834270       2.834150       2.834050       2.833960       2.833900       2.833850       2.833830       2.833840       2.833870       2.833920       2.834010       2.834120       2.834260       2.834430       2.834640       2.834870       2.835140       2.835440       2.835780    
   2.834110       2.834460       2.835600       2.836960       2.837410       2.837230       2.837040       2.836860       2.836700       2.836540       2.836390       2.836260       2.836140       2.836040       2.835960       2.835900       2.835860       2.835840       2.835850       2.835890       2.835950       2.836040       2.836160       2.836310       2.836490       2.836710       2.836960       2.837240       2.837550       2.837900    
   2.834610       2.835600       2.837590       2.838410       2.839400       2.839210       2.839020       2.838840       2.838670       2.838510       2.838360       2.838230       2.838110       2.838010       2.837930       2.837870       2.837840       2.837830       2.837840       2.837880       2.837950       2.838050       2.838180       2.838340       2.838530       2.838760       2.839020       2.839310       2.839640       2.840000    
   2.835600       2.837870       2.838900       2.839400       2.839930       2.841170       2.840980       2.840790       2.840620       2.840460       2.840310       2.840180       2.840060       2.839960       2.839890       2.839830       2.839800       2.839790       2.839810       2.839860       2.839940       2.840040       2.840180       2.840350       2.840550       2.840790       2.841060       2.841370       2.841710       2.842080    
   2.838010       2.839150       2.839400       2.840170       2.841170       2.841690       2.842920       2.842730       2.842560       2.842390       2.842240       2.842110       2.841990       2.841900       2.841820       2.841770       2.841740       2.841740       2.841760       2.841820       2.841900       2.842010       2.842160       2.842340       2.842550       2.842800       2.843080       2.843400       2.843760       2.844150    
   2.839280       2.839400       2.840250       2.841170       2.841930       2.842920       2.842820       2.842740       2.843000       2.844310       2.844160       2.844020       2.843910       2.843810       2.843740       2.843690       2.843660       2.843670       2.843700       2.843760       2.843850       2.843970       2.844120       2.844310       2.844540       2.844800       2.845090       2.845420       2.845790       2.846190    
   2.839400       2.840270       2.841170       2.842010       2.842920       2.842870       2.842830       2.843220       2.844310       2.844230       2.845240       2.845920       2.845810       2.845710       2.845640       2.845590       2.845570       2.845580       2.845610       2.845680       2.845780       2.845910       2.846070       2.846270       2.846510       2.846780       2.847080       2.847430       2.847810       2.848230    
   2.840280       2.841170       2.842030       2.842920       2.842900       2.842870       2.843310       2.844310       2.844270       2.845690       2.846870       2.847810       2.847690       2.847600       2.847530       2.847480       2.847460       2.847470       2.847510       2.847590       2.847690       2.847830       2.848000       2.848210       2.848460       2.848740       2.849060       2.849420       2.849810       2.850250    
   2.841170       2.842040       2.842920       2.842910       2.842900       2.843350       2.844310       2.844290       2.845880       2.847340       2.847810       2.847750       2.848140       2.849470       2.849400       2.849360       2.849340       2.849360       2.849400       2.849480       2.849590       2.849740       2.849920       2.850140       2.850400       2.850690       2.851020       2.851400       2.851810       2.852250    
   2.842040       2.842920       2.842910       2.842910       2.843370       2.844310       2.844300       2.845970       2.847570       2.847810       2.847780       2.848290       2.849470       2.849430       2.849410       2.849370       2.849350       2.849370       2.850570       2.851360       2.851480       2.851640       2.851830       2.852060       2.852330       2.852630       2.852980       2.853360       2.853790       2.854250    
   2.842920       2.842920       2.842910       2.843370       2.844310       2.844310       2.846020       2.847690       2.847810       2.847800       2.848340       2.849470       2.849450       2.849440       2.849400       2.849380       2.849360       2.850970       2.852300       2.853240       2.853360       2.853520       2.853730       2.853960       2.854240       2.854560       2.854920       2.855320       2.855760       2.856240    
   2.842920       2.842920       2.843380       2.844310       2.844310       2.846040       2.847750       2.847810       2.847800       2.848350       2.849470       2.849460       2.849450       2.849430       2.849410       2.849380       2.851140       2.852770       2.853240       2.853940       2.855230       2.855400       2.855610       2.855860       2.856150       2.856480       2.856860       2.857270       2.857720       2.858220    
   2.842920       2.843380       2.844310       2.844310       2.846050       2.847780       2.847810       2.847810       2.848360       2.849470       2.849470       2.849460       2.849450       2.849430       2.849410       2.852350       2.853000       2.853240       2.856040       2.857090       2.857200       2.857280       2.857490       2.857750       2.858060       2.858400       2.858780       2.859210       2.859680       2.860190    
   2.843380       2.844310       2.844310       2.846050       2.847800       2.847810       2.847810       2.848360       2.849470       2.849470       2.849470       2.849460       2.849450       2.854050       2.857030       2.858790       2.858800       2.858980       2.859260       2.859880       2.858950       2.859140       2.859370       2.859640       2.859950       2.860310       2.860710       2.861150       2.861640       2.862160    
   2.844310       2.844310       2.846060       2.847800       2.847810       2.847810       2.848360       2.849470       2.849470       2.849470       2.849460       2.849460       2.857790       2.867970       2.867910       2.864270       2.864580       2.864350       2.862030       2.860810       2.860810       2.861000       2.861240       2.861520       2.861840       2.862210       2.862630       2.863090       2.863590       2.864130    
   2.844310       2.846060       2.847810       2.847810       2.847810       2.848360       2.849470       2.849470       2.849470       2.849470       2.859040       2.873400       2.869830       2.868030       2.868030       2.867910       2.865780       2.864810       2.864350       2.863080       2.862660       2.862860       2.863110       2.863400       2.863740       2.864120       2.864550       2.865020       2.865540       2.866100    
   2.846060       2.847810       2.847810       2.847810       2.848360       2.849470       2.849470       2.849470       2.849470       2.860950       2.873400       2.873400       2.873400       2.869910       2.868140       2.868140       2.867910       2.866040       2.865270       2.864350       2.864510       2.864720       2.864980       2.865280       2.865630       2.866020       2.866460       2.866950       2.867490       2.868070    
   2.847810       2.847810       2.847810       2.848360       2.849470       2.849470       2.849470       2.857830       2.865470       2.873410       2.873400       2.873400       2.873400       2.873400       2.870080       2.868370       2.868370       2.867910       2.866620       2.866190       2.866360       2.866580       2.866840       2.867160       2.867520       2.867930       2.868380       2.868890       2.869440       2.870040    
   2.847810       2.847810       2.848360       2.849470       2.849470       2.863650       2.884920       2.883920       2.882920       2.876590       2.873420       2.873400       2.873400       2.873400       2.873400       2.870410       2.868840       2.868830       2.867910       2.868040       2.868220       2.868440       2.868720       2.869040       2.869410       2.869840       2.870310       2.870830       2.871400       2.872020    
   2.847810       2.848360       2.849470       2.849470       2.866490       2.884920       2.884920       2.884920       2.883920       2.882920       2.876610       2.873450       2.873400       2.873400       2.873400       2.873400       2.871020       2.869760       2.869760       2.869900       2.870080       2.870310       2.870590       2.870930       2.871310       2.871750       2.872240       2.872780       2.873360       2.874000    
