iMOD/TUTORIALS/TUT_MetaswapAnalyser/model_MetaSWAP/meteo/Evaporation/Evaporation_20050421_L1.ASC
NCOLS                30
NROWS                30
XLLCORNER     160000.00
YLLCORNER     340000.00
CELLSIZE        1000.00
NODATA_VALUE   -9999.00
   3.273860       3.273560       3.273220       3.272850       3.272440       3.272000       3.271520       3.271010       3.270460       3.269890       3.269280       3.268650       3.267990       3.267300       3.266580       3.265840       3.265080       3.264290       3.263470       3.262640       3.261780       3.260900       3.260000       3.259080       3.258140       3.257180       3.256200       3.255200       3.254180       3.253150    
   3.274330       3.274020       3.273690       3.273310       3.272900       3.272460       3.271980       3.271470       3.270920       3.270350       3.269750       3.269120       3.268460       3.267770       3.267060       3.266320       3.265560       3.264770       3.263960       3.263120       3.262270       3.261390       3.260500       3.259580       3.258640       3.257680       3.256710       3.255710       3.254700       3.253670    
   3.274800       3.274490       3.274150       3.273770       3.273360       3.272910       3.272440       3.271920       3.271380       3.270810       3.270210       3.269580       3.268920       3.268240       3.267530       3.266790       3.266030       3.265250       3.264440       3.263610       3.262760       3.261880       3.260990       3.260070       3.259140       3.258190       3.257210       3.256220       3.255210       3.254190    
   3.275260       3.274950       3.274610       3.274230       3.273810       3.273370       3.272890       3.272380       3.271840       3.271270       3.270670       3.270040       3.269380       3.268700       3.267990       3.267260       3.266500       3.265720       3.264910       3.264090       3.263240       3.262370       3.261480       3.260560       3.259630       3.258680       3.257710       3.256730       3.255720       3.254700    
   3.275740       3.275420       3.275070       3.274680       3.274270       3.273820       3.273340       3.272830       3.272290       3.271720       3.271120       3.270490       3.269840       3.269160       3.268450       3.267720       3.266960       3.266190       3.265380       3.264560       3.263710       3.262850       3.261960       3.261050       3.260120       3.259180       3.258210       3.257230       3.256220       3.255200    
   3.276210       3.275880       3.275530       3.275140       3.274720       3.274270       3.273790       3.273280       3.272740       3.272170       3.271570       3.270940       3.270290       3.269610       3.268910       3.268180       3.267430       3.266650       3.265850       3.265030       3.264190       3.263320       3.262440       3.261530       3.260610       3.259670       3.258700       3.257720       3.256720       3.255710    
   3.276680       3.276350       3.275990       3.275600       3.275180       3.274720       3.274240       3.273730       3.273190       3.272620       3.272020       3.271390       3.270740       3.270070       3.269360       3.268640       3.267890       3.267110       3.266320       3.265500       3.264660       3.263800       3.262910       3.262010       3.261090       3.260150       3.259190       3.258210       3.257220       3.256210    
   3.277150       3.276820       3.276450       3.276060       3.275630       3.275180       3.274690       3.274180       3.273630       3.273060       3.272470       3.271840       3.271190       3.270520       3.269820       3.269090       3.268340       3.267570       3.266780       3.265960       3.265120       3.264260       3.263390       3.262490       3.261570       3.260630       3.259680       3.258700       3.257710       3.256700    
   3.277630       3.277280       3.276910       3.276510       3.276090       3.275630       3.275140       3.274620       3.274080       3.273510       3.272910       3.272290       3.271640       3.270970       3.270270       3.269540       3.268800       3.268030       3.267230       3.266420       3.265590       3.264730       3.263860       3.262960       3.262040       3.261110       3.260160       3.259190       3.258200       3.257190    
   3.278100       3.277760       3.277380       3.276970       3.276540       3.276080       3.275590       3.275070       3.274530       3.273960       3.273360       3.272740       3.272090       3.271410       3.270710       3.269990       3.269250       3.268480       3.267690       3.266880       3.266050       3.265190       3.264320       3.263430       3.262520       3.261590       3.260640       3.259670       3.258680       3.257680    
   3.278090       3.277750       3.277390       3.277440       3.277000       3.276530       3.276040       3.275520       3.274980       3.274400       3.273800       3.273180       3.272530       3.271860       3.271160       3.270440       3.269700       3.268930       3.268140       3.267340       3.266510       3.265660       3.264780       3.263900       3.262990       3.262060       3.261110       3.260150       3.259170       3.258170    
   3.278080       3.277670       3.277440       3.277460       3.277460       3.276990       3.276490       3.275970       3.275420       3.274850       3.274250       3.273630       3.272980       3.272300       3.271610       3.270890       3.270150       3.269380       3.268600       3.267790       3.266960       3.266110       3.265250       3.264360       3.263450       3.262530       3.261590       3.260630       3.259650       3.258650    
   3.277900       3.277440       3.277630       3.277690       3.277920       3.277440       3.276950       3.276420       3.275870       3.275300       3.274700       3.274070       3.273420       3.272750       3.272050       3.271340       3.270590       3.269830       3.269050       3.268240       3.267420       3.266570       3.265710       3.264820       3.263920       3.263000       3.262060       3.261100       3.260120       3.259130    
   3.277440       3.277700       3.277800       3.277920       3.277750       3.277900       3.277400       3.276870       3.276320       3.275740       3.275140       3.274520       3.273870       3.273190       3.272500       3.271780       3.271040       3.270280       3.269500       3.268690       3.267870       3.267030       3.266160       3.265280       3.264380       3.263460       3.262530       3.261570       3.260600       3.259610    
   3.277730       3.277860       3.277920       3.277860       3.277900       3.277720       3.277860       3.277330       3.276770       3.276190       3.275590       3.274960       3.274310       3.273640       3.272940       3.272230       3.271490       3.270730       3.269950       3.269140       3.268320       3.267480       3.266620       3.265740       3.264840       3.263930       3.262990       3.262040       3.261070       3.260090    
   3.277890       3.277920       3.277890       3.277900       3.277830       3.277860       3.277600       3.277320       3.276730       3.276640       3.276040       3.275410       3.274760       3.274090       3.273390       3.272670       3.271930       3.271180       3.270400       3.269600       3.268780       3.267940       3.267080       3.266200       3.265300       3.264390       3.263460       3.262510       3.261550       3.260560    
   3.277920       3.277900       3.277900       3.277860       3.277860       3.277730       3.277590       3.277070       3.276640       3.276340       3.276050       3.275860       3.275210       3.274530       3.273840       3.273120       3.272380       3.271620       3.270840       3.270040       3.269230       3.268390       3.267530       3.266660       3.265760       3.264850       3.263920       3.262980       3.262020       3.261040    
   3.277910       3.277900       3.277870       3.277860       3.277790       3.277730       3.277260       3.276640       3.276490       3.276290       3.276080       3.276310       3.275650       3.274980       3.274280       3.273570       3.272830       3.272070       3.271290       3.270490       3.269680       3.268840       3.267990       3.267110       3.266220       3.265310       3.264390       3.263450       3.262490       3.261510    
   3.277900       3.277880       3.277860       3.277830       3.277790       3.277350       3.276640       3.276570       3.276380       3.276200       3.276310       3.275980       3.275590       3.275430       3.274730       3.274010       3.273280       3.272520       3.271740       3.270940       3.270130       3.269290       3.268440       3.267570       3.266680       3.265780       3.264850       3.263910       3.262960       3.261980    
   3.277880       3.277860       3.277840       3.277830       3.277400       3.276640       3.276600       3.276430       3.276250       3.276310       3.276140       3.275830       3.275430       3.275080       3.274720       3.274010       3.273270       3.272510       3.271690       3.271390       3.270580       3.269750       3.268900       3.268030       3.267140       3.266240       3.265310       3.264380       3.263420       3.262450    
   3.277860       3.277850       3.277840       3.277430       3.276640       3.276620       3.276450       3.276280       3.276310       3.276230       3.275930       3.275430       3.275250       3.275080       3.274600       3.274000       3.273260       3.272190       3.271620       3.271850       3.271030       3.270200       3.269350       3.268480       3.267600       3.266700       3.265780       3.264840       3.263890       3.262920    
   3.277860       3.277850       3.277440       3.276640       3.276630       3.276460       3.276300       3.276310       3.276270       3.275970       3.275430       3.275340       3.275250       3.274980       3.274560       3.273960       3.272610       3.271740       3.271850       3.271450       3.271480       3.270650       3.269800       3.268940       3.268060       3.267160       3.266240       3.265310       3.264360       3.263390    
   3.277860       3.277450       3.276640       3.276640       3.276470       3.276300       3.276310       3.276290       3.276000       3.275430       3.275390       3.275340       3.275190       3.274930       3.274500       3.273230       3.271790       3.271850       3.271960       3.271930       3.271440       3.271110       3.270260       3.269390       3.268510       3.267610       3.266700       3.265770       3.264820       3.263860    
   3.277450       3.276640       3.276640       3.276470       3.276310       3.276310       3.276300       3.276010       3.275430       3.275410       3.275390       3.275310       3.275160       3.275230       3.274500       3.273210       3.273210       3.272850       3.272470       3.272620       3.272390       3.271560       3.270720       3.269850       3.268970       3.268080       3.267160       3.266230       3.265290       3.264330    
   3.276640       3.276640       3.276470       3.276310       3.276310       3.276300       3.276010       3.275430       3.275420       3.275410       3.275370       3.275280       3.275660       3.276300       3.276290       3.274830       3.274630       3.274570       3.273410       3.272850       3.272850       3.272020       3.271170       3.270310       3.269430       3.268540       3.267620       3.266700       3.265760       3.264800    
   3.276640       3.276470       3.276310       3.276310       3.276310       3.276010       3.275430       3.275420       3.275420       3.275400       3.276600       3.278470       3.277040       3.276320       3.276320       3.276290       3.275200       3.274680       3.274570       3.273620       3.273300       3.272470       3.271630       3.270770       3.269890       3.269000       3.268090       3.267160       3.266220       3.265270    
   3.276470       3.276310       3.276310       3.276310       3.276020       3.275430       3.275430       3.275420       3.275410       3.276870       3.278470       3.278470       3.278470       3.277060       3.276350       3.276350       3.276290       3.275250       3.274800       3.274570       3.273760       3.272930       3.272090       3.271230       3.270350       3.269460       3.268550       3.267630       3.266690       3.265740    
   3.276310       3.276310       3.276310       3.276020       3.275430       3.275430       3.275430       3.276980       3.277890       3.278470       3.278470       3.278470       3.278470       3.278470       3.277100       3.276410       3.276400       3.276290       3.275340       3.275030       3.274220       3.273390       3.272550       3.271690       3.270810       3.269920       3.269020       3.268100       3.267160       3.266210    
   3.276310       3.276310       3.276020       3.275430       3.275430       3.278420       3.282900       3.282270       3.281640       3.279530       3.278470       3.278470       3.278470       3.278470       3.278470       3.277180       3.276520       3.276520       3.276290       3.275490       3.274680       3.273850       3.273010       3.272150       3.271280       3.270390       3.269480       3.268560       3.267630       3.266680    
   3.276310       3.276020       3.275430       3.275430       3.279020       3.282900       3.282900       3.282900       3.282270       3.281640       3.279540       3.278480       3.278470       3.278470       3.278470       3.278470       3.277320       3.276750       3.276750       3.275960       3.275150       3.274320       3.273480       3.272620       3.271740       3.270850       3.269950       3.269030       3.268100       3.267150    
