iMOD/TUTORIALS/TUT_MetaswapAnalyser/model_MetaSWAP/meteo/Evaporation/Evaporation_20050408_L1.ASC
NCOLS                30
NROWS                30
XLLCORNER     160000.00
YLLCORNER     340000.00
CELLSIZE        1000.00
NODATA_VALUE   -9999.00
   1.061090       1.061040       1.060990       1.060950       1.060910       1.060870       1.060810       1.060750       1.060660       1.060550       1.060420       1.060260       1.060070       1.059830       1.059560       1.059250       1.058890       1.058490       1.058040       1.057540       1.056990       1.056380       1.055720       1.055010       1.054250       1.053430       1.052560       1.051630       1.050650       1.049620    
   1.057240       1.057150       1.057070       1.057000       1.056930       1.056850       1.056770       1.056670       1.056560       1.056420       1.056260       1.056080       1.055860       1.055600       1.055310       1.054980       1.054610       1.054190       1.053730       1.053220       1.052650       1.052040       1.051380       1.050670       1.049900       1.049080       1.048210       1.047290       1.046320       1.045290    
   1.053390       1.053270       1.053160       1.053060       1.052960       1.052850       1.052740       1.052610       1.052470       1.052310       1.052120       1.051910       1.051670       1.051390       1.051080       1.050730       1.050340       1.049910       1.049430       1.048910       1.048340       1.047720       1.047050       1.046330       1.045570       1.044750       1.043880       1.042960       1.041990       1.040970    
   1.049540       1.049400       1.049270       1.049130       1.049000       1.048860       1.048720       1.048560       1.048390       1.048200       1.047990       1.047760       1.047490       1.047190       1.046860       1.046490       1.046090       1.045640       1.045150       1.044620       1.044040       1.043410       1.042740       1.042020       1.041240       1.040430       1.039560       1.038640       1.037670       1.036660    
   1.045710       1.045540       1.045380       1.045210       1.045050       1.044890       1.044710       1.044530       1.044330       1.044120       1.043880       1.043620       1.043330       1.043010       1.042660       1.042270       1.041850       1.041390       1.040880       1.040340       1.039750       1.039120       1.038440       1.037710       1.036940       1.036110       1.035250       1.034330       1.033370       1.032360    
   1.041880       1.041680       1.041490       1.041300       1.041110       1.040920       1.040720       1.040510       1.040280       1.040040       1.039780       1.039500       1.039180       1.038840       1.038470       1.038070       1.037630       1.037150       1.036630       1.036080       1.035480       1.034830       1.034150       1.033420       1.032640       1.031820       1.030950       1.030030       1.029070       1.028060    
   1.038060       1.037840       1.037620       1.037400       1.037190       1.036960       1.036740       1.036500       1.036250       1.035980       1.035690       1.035390       1.035050       1.034690       1.034300       1.033880       1.033420       1.032930       1.032400       1.031830       1.031220       1.030570       1.029870       1.029130       1.028350       1.027530       1.026660       1.025740       1.024780       1.023780    
   1.034240       1.033990       1.033750       1.033510       1.033270       1.033020       1.032760       1.032500       1.032220       1.031930       1.031620       1.031290       1.030930       1.030550       1.030140       1.029700       1.029230       1.028720       1.028180       1.027590       1.026970       1.026310       1.025610       1.024870       1.024080       1.023250       1.022380       1.021460       1.020510       1.019500    
   1.030430       1.030160       1.029890       1.029620       1.029350       1.029080       1.028800       1.028510       1.028210       1.027890       1.027560       1.027210       1.026830       1.026430       1.026000       1.025540       1.025050       1.024530       1.023970       1.023370       1.022740       1.022070       1.021360       1.020610       1.019820       1.018990       1.018110       1.017200       1.016240       1.015240    
   1.026620       1.026330       1.026030       1.025740       1.025450       1.025150       1.024850       1.024530       1.024210       1.023870       1.023510       1.023140       1.022740       1.022320       1.021870       1.021390       1.020880       1.020350       1.019770       1.019170       1.018520       1.017840       1.017130       1.016370       1.015570       1.014740       1.013860       1.012940       1.011980       1.010980    
   1.026620       1.026330       1.024990       1.021870       1.021550       1.021230       1.020900       1.020560       1.020210       1.019850       1.019470       1.019080       1.018660       1.018210       1.017750       1.017250       1.016730       1.016180       1.015590       1.014970       1.014320       1.013630       1.012900       1.012140       1.011340       1.010500       1.009620       1.008700       1.007740       1.006740    
   1.026620       1.024950       1.021870       1.018710       1.017660       1.017310       1.016960       1.016600       1.016230       1.015850       1.015440       1.015030       1.014590       1.014130       1.013640       1.013130       1.012590       1.012020       1.011420       1.010790       1.010130       1.009430       1.008690       1.007920       1.007110       1.006270       1.005380       1.004460       1.003500       1.002500    
   1.025090       1.021870       1.017520       1.015720       1.013770       1.013410       1.013030       1.012650       1.012260       1.011850       1.011430       1.010990       1.010530       1.010050       1.009550       1.009020       1.008460       1.007880       1.007270       1.006620       1.005950       1.005240       1.004490       1.003710       1.002900       1.002050       1.001160       1.000240      0.9992800      0.9982800    
   1.021870       1.016970       1.014740       1.013770       1.012230       1.009500       1.009110       1.008700       1.008290       1.007860       1.007420       1.006960       1.006480       1.005980       1.005460       1.004920       1.004350       1.003750       1.003120       1.002460       1.001780       1.001060       1.000310      0.9995200      0.9987000      0.9978400      0.9969500      0.9960200      0.9950600      0.9940600    
   1.016720       1.014260       1.013770       1.011830       1.009500       1.007930       1.005190       1.004770       1.004330       1.003880       1.003420       1.002940       1.002440       1.001930       1.001390       1.000830       1.000240      0.9996300      0.9989900      0.9983200      0.9976200      0.9968900      0.9961300      0.9953400      0.9945100      0.9936500      0.9927500      0.9918200      0.9908600      0.9898600    
   1.014010       1.013770       1.011700       1.009500       1.007540       1.005190       1.004980       1.004760       1.003220      0.9999100      0.9994300      0.9989300      0.9984100      0.9978800      0.9973200      0.9967500      0.9961400      0.9955200      0.9948600      0.9941800      0.9934700      0.9927300      0.9919600      0.9911600      0.9903300      0.9894600      0.9885600      0.9876300      0.9866600      0.9856600    
   1.013770       1.011660       1.009500       1.007410       1.005190       1.005080       1.004980       1.003220      0.9999100      0.9996700      0.9968260      0.9949300      0.9943900      0.9938400      0.9932700      0.9926800      0.9920600      0.9914200      0.9907500      0.9900600      0.9893400      0.9885900      0.9878100      0.9870000      0.9861600      0.9852900      0.9843800      0.9834500      0.9824800      0.9814700    
   1.011640       1.009500       1.007370       1.005190       1.005140       1.005080       1.003300      0.9999100      0.9997900      0.9960530      0.9929300      0.9909300      0.9903800      0.9898100      0.9892300      0.9886200      0.9879900      0.9873300      0.9866500      0.9859500      0.9852100      0.9844600      0.9836700      0.9828500      0.9820000      0.9811200      0.9802100      0.9792700      0.9783000      0.9772900    
   1.009500       1.007350       1.005190       1.005160       1.005140       1.003360      0.9999100      0.9998500      0.9957230      0.9919300      0.9909300      0.9906550      0.9892300      0.9858000      0.9851900      0.9845700      0.9839200      0.9832500      0.9825600      0.9818400      0.9811000      0.9803300      0.9795300      0.9787100      0.9778500      0.9769700      0.9760500      0.9751100      0.9741300      0.9731300    
   1.007350       1.005190       1.005180       1.005160       1.003390      0.9999100      0.9998800      0.9955690      0.9914300      0.9909300      0.9907930      0.9891540      0.9858000      0.9854950      0.9851870      0.9845600      0.9839130      0.9832430      0.9798140      0.9777500      0.9770000      0.9762200      0.9754100      0.9745800      0.9737200      0.9728200      0.9719100      0.9709600      0.9699800      0.9689700    
   1.005190       1.005180       1.005180       1.003410      0.9999100      0.9998950      0.9954940      0.9911800      0.9909300      0.9908610      0.9891690      0.9858000      0.9856470      0.9854940      0.9850810      0.9845530      0.9839060      0.9792700      0.9757100      0.9736700      0.9729000      0.9721100      0.9713000      0.9704600      0.9695900      0.9686900      0.9677700      0.9668100      0.9658300      0.9648200    
   1.005190       1.005180       1.003420      0.9999100      0.9999020      0.9954570      0.9910550      0.9909300      0.9908960      0.9891900      0.9858000      0.9857240      0.9856470      0.9854070      0.9850430      0.9845130      0.9792180      0.9746900      0.9736700      0.9717970      0.9688200      0.9680200      0.9671900      0.9663400      0.9654700      0.9645700      0.9636400      0.9626800      0.9616900      0.9606800    
   1.005190       1.003430      0.9999100      0.9999060      0.9954380      0.9909930      0.9909300      0.9909130      0.9892040      0.9858000      0.9857620      0.9857240      0.9855930      0.9853660      0.9849880      0.9768930      0.9741800      0.9736700      0.9672170      0.9647500      0.9642620      0.9639300      0.9631000      0.9622400      0.9613600      0.9604500      0.9595100      0.9585500      0.9575600      0.9565400    
   1.003430      0.9999100      0.9999080      0.9954290      0.9909610      0.9909300      0.9909210      0.9892120      0.9858000      0.9857810      0.9857620      0.9856930      0.9855610      0.9745220      0.9667710      0.9615130      0.9615100      0.9608680      0.9600080      0.9586500      0.9606800      0.9598600      0.9590200      0.9581500      0.9572600      0.9563400      0.9554000      0.9544300      0.9534400      0.9524200    
  0.9999100      0.9999090      0.9954250      0.9909460      0.9909300      0.9909260      0.9892160      0.9858000      0.9857900      0.9857810      0.9857450      0.9856720      0.9659360      0.9420150      0.9421400      0.9497290      0.9488480      0.9493500      0.9540980      0.9566230      0.9566200      0.9557900      0.9549400      0.9540700      0.9531700      0.9522500      0.9513000      0.9503300      0.9493300      0.9483100    
  0.9999100      0.9954220      0.9909380      0.9909300      0.9909280      0.9892180      0.9858000      0.9857950      0.9857900      0.9857720      0.9638440      0.9310100      0.9382430      0.9418900      0.9418900      0.9421400      0.9464190      0.9483450      0.9493500      0.9517680      0.9525700      0.9517300      0.9508700      0.9499900      0.9490900      0.9481600      0.9472000      0.9462300      0.9452300      0.9442000    
  0.9954210      0.9909340      0.9909300      0.9909290      0.9892190      0.9858000      0.9857980      0.9857950      0.9857860      0.9594850      0.9310100      0.9310100      0.9310100      0.9380590      0.9416400      0.9416400      0.9421400      0.9458410      0.9473400      0.9493500      0.9485300      0.9476800      0.9468100      0.9459200      0.9450100      0.9440800      0.9431200      0.9421400      0.9411300      0.9401000    
  0.9909320      0.9909300      0.9909290      0.9892190      0.9858000      0.9857990      0.9857980      0.9673750      0.9498120      0.9309990      0.9310100      0.9310100      0.9310100      0.9310100      0.9376950      0.9411400      0.9411400      0.9421400      0.9445330      0.9453300      0.9444900      0.9436400      0.9427600      0.9418600      0.9409500      0.9400000      0.9390400      0.9380500      0.9370500      0.9360100    
  0.9909300      0.9909300      0.9892200      0.9858000      0.9857990      0.9551060      0.9090700      0.9105950      0.9121200      0.9246840      0.9309770      0.9310100      0.9310100      0.9310100      0.9310100      0.9369890      0.9401410      0.9401400      0.9421400      0.9413100      0.9404700      0.9396000      0.9387200      0.9378100      0.9368900      0.9359400      0.9349700      0.9339800      0.9329700      0.9319300    
  0.9909300      0.9892200      0.9858000      0.9858000      0.9489630      0.9090620      0.9090620      0.9090700      0.9105950      0.9121200      0.9246280      0.9309120      0.9310100      0.9310100      0.9310100      0.9310100      0.9356650      0.9381430      0.9381400      0.9373100      0.9364500      0.9355800      0.9346800      0.9337700      0.9328400      0.9318900      0.9309100      0.9299100      0.9289000      0.9278600    
