iMOD/TUTORIALS/TUT_MetaswapAnalyser/model_MetaSWAP/meteo/Evaporation/Evaporation_20060831_L1.ASC
NCOLS                30
NROWS                30
XLLCORNER     160000.00
YLLCORNER     340000.00
CELLSIZE        1000.00
NODATA_VALUE   -9999.00
   1.265510       1.267020       1.268580       1.270190       1.271860       1.273570       1.275330       1.277140       1.279000       1.280910       1.282870       1.284870       1.286920       1.289020       1.291160       1.293360       1.295590       1.297880       1.300210       1.302580       1.305000       1.307470       1.309980       1.312540       1.315140       1.317790       1.320480       1.323220       1.326000       1.328830    
   1.268800       1.270300       1.271840       1.273430       1.275070       1.276770       1.278510       1.280300       1.282140       1.284030       1.285960       1.287950       1.289980       1.292060       1.294180       1.296360       1.298570       1.300840       1.303150       1.305510       1.307910       1.310360       1.312860       1.315400       1.317990       1.320620       1.323300       1.326020       1.328790       1.331600    
   1.272080       1.273560       1.275080       1.276650       1.278270       1.279950       1.281670       1.283440       1.285260       1.287130       1.289040       1.291010       1.293020       1.295080       1.297190       1.299340       1.301540       1.303790       1.306080       1.308420       1.310810       1.313240       1.315720       1.318250       1.320820       1.323440       1.326100       1.328800       1.331560       1.334360    
   1.275340       1.276800       1.278300       1.279860       1.281460       1.283110       1.284810       1.286570       1.288370       1.290210       1.292110       1.294060       1.296050       1.298090       1.300180       1.302310       1.304500       1.306730       1.309000       1.311330       1.313700       1.316110       1.318580       1.321080       1.323640       1.326240       1.328890       1.331580       1.334320       1.337100    
   1.278590       1.280020       1.281510       1.283040       1.284630       1.286260       1.287940       1.289670       1.291460       1.293280       1.295160       1.297090       1.299060       1.301090       1.303160       1.305270       1.307440       1.309650       1.311910       1.314220       1.316570       1.318970       1.321420       1.323910       1.326450       1.329030       1.331670       1.334340       1.337070       1.339840    
   1.281810       1.283230       1.284700       1.286210       1.287780       1.289390       1.291060       1.292770       1.294530       1.296340       1.298200       1.300110       1.302060       1.304070       1.306120       1.308220       1.310370       1.312560       1.314800       1.317090       1.319430       1.321810       1.324240       1.326720       1.329250       1.331820       1.334430       1.337100       1.339810       1.342560    
   1.285030       1.286420       1.287870       1.289370       1.290920       1.292510       1.294160       1.295850       1.297590       1.299380       1.301220       1.303110       1.305050       1.307040       1.309070       1.311150       1.313280       1.315460       1.317680       1.319960       1.322280       1.324650       1.327060       1.329520       1.332030       1.334590       1.337190       1.339840       1.342540       1.345280    
   1.288220       1.289600       1.291030       1.292510       1.294040       1.295610       1.297240       1.298920       1.300640       1.302410       1.304230       1.306110       1.308020       1.309990       1.312010       1.314070       1.316180       1.318350       1.320550       1.322810       1.325120       1.327470       1.329870       1.332310       1.334810       1.337350       1.339940       1.342570       1.345260       1.347980    
   1.291400       1.292760       1.294170       1.295640       1.297140       1.298700       1.300310       1.301970       1.303670       1.305430       1.307230       1.309080       1.310990       1.312940       1.314930       1.316980       1.319080       1.321220       1.323410       1.325650       1.327940       1.330280       1.332660       1.335100       1.337580       1.340100       1.342680       1.345300       1.347970       1.350680    
   1.294570       1.295910       1.297310       1.298750       1.300240       1.301780       1.303370       1.305010       1.306700       1.308430       1.310220       1.312050       1.313940       1.315870       1.317850       1.319880       1.321960       1.324090       1.326260       1.328490       1.330760       1.333080       1.335450       1.337870       1.340330       1.342850       1.345410       1.348010       1.350670       1.353370    
   1.294580       1.295930       1.298450       1.301850       1.303320       1.304840       1.306410       1.308040       1.309700       1.311420       1.313190       1.315010       1.316870       1.318790       1.320750       1.322770       1.324830       1.326940       1.329100       1.331310       1.333570       1.335870       1.338230       1.340630       1.343080       1.345580       1.348130       1.350720       1.353360       1.356050    
   1.294600       1.297700       1.301850       1.305250       1.306390       1.307890       1.309450       1.311050       1.312700       1.314400       1.316150       1.317950       1.319800       1.321700       1.323650       1.325640       1.327690       1.329780       1.331930       1.334120       1.336360       1.338650       1.340990       1.343380       1.345820       1.348300       1.350840       1.353420       1.356050       1.358720    
   1.296860       1.301850       1.306120       1.307920       1.309450       1.310930       1.312470       1.314060       1.315690       1.317370       1.319110       1.320890       1.322720       1.324600       1.326530       1.328510       1.330540       1.332620       1.334750       1.336920       1.339150       1.341430       1.343750       1.346130       1.348550       1.351020       1.353540       1.356110       1.358730       1.361390    
   1.301850       1.306530       1.308690       1.309450       1.311450       1.313960       1.315480       1.317050       1.318670       1.320330       1.322050       1.323810       1.325630       1.327490       1.329400       1.331370       1.333380       1.335440       1.337560       1.339720       1.341930       1.344190       1.346500       1.348860       1.351270       1.353730       1.356240       1.358790       1.361400       1.364050    
   1.306720       1.309070       1.309450       1.311620       1.313960       1.315970       1.318480       1.320030       1.321630       1.323280       1.324980       1.326730       1.328520       1.330370       1.332270       1.334220       1.336210       1.338260       1.340360       1.342500       1.344700       1.346950       1.349250       1.351590       1.353990       1.356440       1.358930       1.361470       1.364060       1.366700    
   1.309260       1.309450       1.311680       1.313960       1.316140       1.318480       1.319250       1.320050       1.322790       1.326220       1.327900       1.329630       1.331410       1.333240       1.335120       1.337060       1.339040       1.341070       1.343150       1.345280       1.347470       1.349700       1.351980       1.354320       1.356700       1.359130       1.361610       1.364140       1.366720       1.369350    
   1.309450       1.311700       1.313960       1.316190       1.318480       1.318870       1.319260       1.322080       1.326220       1.327060       1.330340       1.332530       1.334290       1.336110       1.337970       1.339890       1.341850       1.343870       1.345940       1.348050       1.350220       1.352440       1.354710       1.357030       1.359400       1.361820       1.364290       1.366810       1.369380       1.371990    
   1.311700       1.313960       1.316210       1.318480       1.318670       1.318870       1.321610       1.326220       1.326640       1.330600       1.333980       1.335420       1.337170       1.338960       1.340810       1.342710       1.344660       1.346660       1.348720       1.350820       1.352970       1.355180       1.357430       1.359740       1.362100       1.364510       1.366960       1.369470       1.372030       1.374630    
   1.313960       1.316220       1.318480       1.318580       1.318670       1.321340       1.326220       1.326430       1.330720       1.334700       1.335420       1.336300       1.338340       1.341810       1.343650       1.345530       1.347460       1.349450       1.351490       1.353580       1.355720       1.357910       1.360150       1.362440       1.364790       1.367180       1.369630       1.372130       1.374670       1.377260    
   1.316220       1.318480       1.318530       1.318580       1.321200       1.326220       1.326330       1.330770       1.335060       1.335420       1.335860       1.337970       1.341810       1.342730       1.343660       1.345550       1.347480       1.349470       1.353990       1.356330       1.358450       1.360630       1.362860       1.365140       1.367480       1.369860       1.372290       1.374780       1.377310       1.379890    
   1.318480       1.318500       1.318530       1.321130       1.326220       1.326270       1.330790       1.335240       1.335420       1.335640       1.337760       1.341810       1.342270       1.342730       1.343980       1.345560       1.347500       1.353540       1.357700       1.359080       1.361190       1.363350       1.365570       1.367840       1.370160       1.372530       1.374950       1.377420       1.379950       1.382520    
   1.318490       1.318500       1.321100       1.326220       1.326250       1.330810       1.335330       1.335420       1.335530       1.337660       1.341810       1.342040       1.342270       1.342990       1.344090       1.345680       1.352820       1.358390       1.359080       1.361400       1.363920       1.366070       1.368270       1.370530       1.372840       1.375200       1.377610       1.380070       1.382580       1.385150    
   1.318490       1.321080       1.326220       1.326230       1.330810       1.335370       1.335420       1.335470       1.337600       1.341810       1.341930       1.342040       1.342440       1.343120       1.344260       1.353720       1.358740       1.359080       1.364460       1.366640       1.367920       1.368780       1.370970       1.373210       1.375510       1.377860       1.380260       1.382710       1.385210       1.387770    
   1.321070       1.326220       1.326230       1.330820       1.335400       1.335420       1.335450       1.337580       1.341810       1.341870       1.341930       1.342130       1.342530       1.352200       1.360350       1.367270       1.367270       1.368430       1.369810       1.370720       1.369360       1.371490       1.373670       1.375900       1.378180       1.380520       1.382910       1.385350       1.387840       1.390390    
   1.326220       1.326220       1.330820       1.335410       1.335420       1.335430       1.337560       1.341810       1.341840       1.341870       1.341980       1.342200       1.359010       1.379060       1.378970       1.374760       1.375810       1.375470       1.373310       1.372080       1.372080       1.374190       1.376360       1.378580       1.380850       1.383180       1.385560       1.387990       1.390470       1.393010    
   1.326220       1.330820       1.335410       1.335420       1.335430       1.337560       1.341810       1.341820       1.341840       1.341890       1.359340       1.385340       1.381220       1.379140       1.379140       1.378970       1.377000       1.376150       1.375470       1.374960       1.374790       1.376890       1.379050       1.381260       1.383520       1.385840       1.388210       1.390630       1.393100       1.395630    
   1.330820       1.335420       1.335420       1.335420       1.337550       1.341810       1.341820       1.341820       1.341850       1.362750       1.385340       1.385340       1.385340       1.381350       1.379310       1.379310       1.378970       1.377420       1.376840       1.375470       1.377510       1.379600       1.381740       1.383940       1.386190       1.388490       1.390850       1.393270       1.395730       1.398250    
   1.335420       1.335420       1.335420       1.337550       1.341810       1.341810       1.341820       1.355730       1.369770       1.385350       1.385340       1.385340       1.385340       1.385340       1.381600       1.379660       1.379660       1.378970       1.378390       1.378200       1.380220       1.382300       1.384430       1.386610       1.388860       1.391150       1.393500       1.395900       1.398360       1.400870    
   1.335420       1.335420       1.337550       1.341810       1.341810       1.364520       1.398580       1.398010       1.397440       1.389390       1.385360       1.385340       1.385340       1.385340       1.385340       1.382090       1.380340       1.380340       1.378970       1.380920       1.382930       1.385000       1.387120       1.389290       1.391520       1.393810       1.396150       1.398540       1.400990       1.403490    
   1.335420       1.337550       1.341810       1.341810       1.369070       1.398590       1.398590       1.398580       1.398010       1.397440       1.389430       1.385410       1.385340       1.385340       1.385340       1.385340       1.383020       1.381710       1.381710       1.383650       1.385640       1.387700       1.389800       1.391970       1.394190       1.396470       1.398800       1.401190       1.403620       1.406120    
