iMOD/TUTORIALS/TUT_MetaswapAnalyser/model_MetaSWAP/meteo/Evaporation/Evaporation_20050530_L1.ASC
NCOLS                30
NROWS                30
XLLCORNER     160000.00
YLLCORNER     340000.00
CELLSIZE        1000.00
NODATA_VALUE   -9999.00
  0.7651000      0.7619000      0.7587200      0.7555500      0.7524100      0.7492700      0.7461300      0.7430000      0.7398600      0.7367200      0.7335600      0.7304000      0.7272200      0.7240200      0.7207900      0.7175400      0.7142700      0.7109700      0.7076400      0.7042700      0.7008800      0.6974500      0.6939800      0.6904800      0.6869400      0.6833700      0.6797600      0.6761100      0.6724300      0.6687100    
  0.7663800      0.7631600      0.7599600      0.7567700      0.7536000      0.7504400      0.7472800      0.7441200      0.7409700      0.7378000      0.7346300      0.7314400      0.7282400      0.7250200      0.7217800      0.7185100      0.7152200      0.7119100      0.7085600      0.7051800      0.7017700      0.6983300      0.6948500      0.6913400      0.6877900      0.6842100      0.6805900      0.6769300      0.6732400      0.6695100    
  0.7677100      0.7644600      0.7612400      0.7580300      0.7548400      0.7516500      0.7484700      0.7452900      0.7421100      0.7389300      0.7357300      0.7325200      0.7293000      0.7260600      0.7228000      0.7195200      0.7162200      0.7128800      0.7095200      0.7061300      0.7027000      0.6992500      0.6957600      0.6922300      0.6886800      0.6850800      0.6814500      0.6777900      0.6740900      0.6703500    
  0.7690600      0.7658000      0.7625500      0.7593200      0.7561100      0.7529000      0.7497000      0.7465000      0.7432900      0.7400900      0.7368700      0.7336400      0.7304000      0.7271500      0.7238700      0.7205700      0.7172400      0.7138900      0.7105200      0.7071100      0.7036700      0.7002000      0.6967000      0.6931600      0.6895900      0.6859900      0.6823500      0.6786700      0.6749600      0.6712100    
  0.7704500      0.7671600      0.7639000      0.7606500      0.7574100      0.7541800      0.7509600      0.7477400      0.7445100      0.7412800      0.7380500      0.7348000      0.7315400      0.7282600      0.7249700      0.7216500      0.7183100      0.7149400      0.7115500      0.7081300      0.7046700      0.7011900      0.6976700      0.6941200      0.6905400      0.6869200      0.6832700      0.6795800      0.6758600      0.6721000    
  0.7718600      0.7685600      0.7652700      0.7620000      0.7587500      0.7555000      0.7522500      0.7490100      0.7457600      0.7425200      0.7392600      0.7359900      0.7327100      0.7294200      0.7261000      0.7227700      0.7194100      0.7160200      0.7126100      0.7091800      0.7057100      0.7022100      0.6986800      0.6951200      0.6915200      0.6878900      0.6842200      0.6805200      0.6767900      0.6730200    
  0.7733000      0.7699800      0.7666800      0.7633900      0.7601100      0.7568400      0.7535800      0.7503100      0.7470500      0.7437800      0.7405000      0.7372200      0.7339200      0.7306000      0.7272700      0.7239200      0.7205400      0.7171400      0.7137100      0.7102600      0.7067700      0.7032600      0.6997200      0.6961400      0.6925300      0.6888800      0.6852100      0.6814900      0.6777500      0.6739700    
  0.7747700      0.7714300      0.7681100      0.7648000      0.7615100      0.7582200      0.7549300      0.7516500      0.7483600      0.7450700      0.7417800      0.7384700      0.7351500      0.7318200      0.7284700      0.7251000      0.7217000      0.7182900      0.7148400      0.7113700      0.7078700      0.7043400      0.7007800      0.6971900      0.6935700      0.6899100      0.6862200      0.6824900      0.6787300      0.6749400    
  0.7762700      0.7729100      0.7695700      0.7662400      0.7629300      0.7596200      0.7563100      0.7530100      0.7497100      0.7464000      0.7430800      0.7397600      0.7364200      0.7330700      0.7297000      0.7263100      0.7229000      0.7194600      0.7160000      0.7125100      0.7090000      0.7054500      0.7018800      0.6982700      0.6946300      0.6909600      0.6872500      0.6835100      0.6797400      0.6759300    
  0.7777800      0.7744100      0.7710500      0.7677100      0.7643700      0.7610400      0.7577200      0.7544000      0.7510800      0.7477500      0.7444100      0.7410700      0.7377100      0.7343400      0.7309600      0.7275500      0.7241200      0.7206700      0.7171900      0.7136900      0.7101500      0.7065900      0.7030000      0.6993800      0.6957200      0.6920300      0.6883100      0.6845600      0.6807700      0.6769500    
  0.7777900      0.7744130      0.7705900      0.7691900      0.7658400      0.7624900      0.7591500      0.7558100      0.7524700      0.7491200      0.7457700      0.7424100      0.7390400      0.7356500      0.7322400      0.7288100      0.7253700      0.7219000      0.7184000      0.7148800      0.7113300      0.7077600      0.7041500      0.7005100      0.6968400      0.6931400      0.6894000      0.6856300      0.6818300      0.6779900    
  0.7777960      0.7729960      0.7691900      0.7678000      0.7673300      0.7639700      0.7606100      0.7572500      0.7538900      0.7505300      0.7471500      0.7437700      0.7403800      0.7369700      0.7335500      0.7301100      0.7266400      0.7231600      0.7196400      0.7161100      0.7125400      0.7089500      0.7053200      0.7016700      0.6979800      0.6942600      0.6905100      0.6867300      0.6829100      0.6790600    
  0.7752930      0.7691900      0.7684790      0.7680850      0.7688400      0.7654600      0.7620800      0.7587100      0.7553300      0.7519500      0.7485600      0.7451600      0.7417500      0.7383300      0.7348800      0.7314200      0.7279400      0.7244400      0.7209100      0.7173500      0.7137700      0.7101600      0.7065200      0.7028500      0.6991500      0.6954100      0.6916400      0.6878400      0.6840100      0.6801400    
  0.7691900      0.7687430      0.7684630      0.7688400      0.7670900      0.7669700      0.7635800      0.7601800      0.7567900      0.7533900      0.7499800      0.7465700      0.7431400      0.7397000      0.7362400      0.7327600      0.7292600      0.7257400      0.7222000      0.7186200      0.7150300      0.7114000      0.7077400      0.7040500      0.7003300      0.6965800      0.6928000      0.6889800      0.6851300      0.6812400    
  0.7688560      0.7686510      0.7688400      0.7676330      0.7669700      0.7652130      0.7650900      0.7616800      0.7582700      0.7548500      0.7514300      0.7480000      0.7445500      0.7410900      0.7376200      0.7341200      0.7306100      0.7270700      0.7235100      0.7199200      0.7163000      0.7126600      0.7089800      0.7052800      0.7015400      0.6977700      0.6939700      0.6901300      0.6862700      0.6823700    
  0.7687460      0.7688400      0.7678140      0.7669700      0.7657580      0.7650900      0.7633850      0.7616800      0.7577830      0.7563300      0.7528900      0.7494400      0.7459800      0.7425100      0.7390100      0.7355000      0.7319700      0.7284100      0.7248300      0.7212300      0.7176000      0.7139300      0.7102400      0.7065200      0.7027600      0.6989800      0.6951600      0.6913100      0.6874200      0.6835100    
  0.7688400      0.7678750      0.7669700      0.7659390      0.7650900      0.7642380      0.7633850      0.7597940      0.7563300      0.7546100      0.7523920      0.7509100      0.7474300      0.7439400      0.7404300      0.7369000      0.7333500      0.7297800      0.7261800      0.7225600      0.7189100      0.7152300      0.7115200      0.7077800      0.7040100      0.7002000      0.6963700      0.6925000      0.6886000      0.6846600    
  0.7678950      0.7669700      0.7660000      0.7650900      0.7646640      0.7642380      0.7609370      0.7563300      0.7554700      0.7534740      0.7516500      0.7523900      0.7488900      0.7453800      0.7418600      0.7383100      0.7347500      0.7311600      0.7275500      0.7239100      0.7202400      0.7165400      0.7128200      0.7090600      0.7052700      0.7014500      0.6975900      0.6937100      0.6897900      0.6858300    
  0.7669700      0.7660200      0.7650900      0.7648770      0.7646640      0.7615420      0.7563300      0.7559000      0.7539370      0.7520200      0.7523900      0.7506400      0.7483780      0.7468500      0.7433000      0.7397400      0.7361600      0.7325600      0.7289300      0.7252700      0.7215900      0.7178700      0.7141300      0.7103500      0.7065500      0.7027100      0.6988300      0.6949300      0.6909900      0.6870200    
  0.7660270      0.7650900      0.7649830      0.7648770      0.7618530      0.7563300      0.7561150      0.7541520      0.7522050      0.7523900      0.7515150      0.7495640      0.7468500      0.7450750      0.7432970      0.7397330      0.7361530      0.7325500      0.7282900      0.7266500      0.7229500      0.7192200      0.7154500      0.7116600      0.7078400      0.7039800      0.7000900      0.6961600      0.6922100      0.6882100    
  0.7650900      0.7650370      0.7649830      0.7620110      0.7563300      0.7562220      0.7542570      0.7522980      0.7523900      0.7519530      0.7500800      0.7468500      0.7459630      0.7450740      0.7427020      0.7397280      0.7361460      0.7304760      0.7273450      0.7280400      0.7243200      0.7205700      0.7167900      0.7129800      0.7091400      0.7052600      0.7013500      0.6974100      0.6934300      0.6894200    
  0.7650630      0.7650370      0.7620900      0.7563300      0.7562760      0.7543090      0.7523440      0.7523900      0.7521710      0.7503180      0.7468500      0.7464060      0.7459620      0.7445790      0.7425010      0.7395250      0.7324160      0.7276920      0.7280400      0.7260230      0.7257100      0.7219400      0.7181400      0.7143100      0.7104500      0.7065600      0.7026300      0.6986700      0.6946700      0.6906400    
  0.7650630      0.7621300      0.7563300      0.7563030      0.7543340      0.7523670      0.7523900      0.7522810      0.7504320      0.7468500      0.7466280      0.7464060      0.7456490      0.7443480      0.7422020      0.7349230      0.7278660      0.7280400      0.7275950      0.7271050      0.7248340      0.7233200      0.7195000      0.7156600      0.7117800      0.7078600      0.7039100      0.6999300      0.6959200      0.6918700    
  0.7621500      0.7563300      0.7563170      0.7543470      0.7523780      0.7523900      0.7523350      0.7504880      0.7468500      0.7467390      0.7466280      0.7462280      0.7454680      0.7438650      0.7391430      0.7323070      0.7323050      0.7306070      0.7287440      0.7292100      0.7285000      0.7247000      0.7208700      0.7170100      0.7131100      0.7091700      0.7052100      0.7012100      0.6971700      0.6931000    
  0.7563300      0.7563230      0.7543540      0.7523840      0.7523900      0.7523630      0.7505160      0.7468500      0.7467950      0.7467390      0.7465320      0.7461080      0.7444430      0.7433060      0.7432600      0.7378210      0.7367500      0.7365700      0.7320850      0.7299170      0.7299200      0.7261000      0.7222500      0.7183600      0.7144500      0.7104900      0.7065100      0.7024900      0.6984300      0.6943400    
  0.7563270      0.7543570      0.7523870      0.7523900      0.7523760      0.7505300      0.7468500      0.7468220      0.7467950      0.7466880      0.7484480      0.7514300      0.7460510      0.7433510      0.7433510      0.7432600      0.7389680      0.7369300      0.7365700      0.7326430      0.7313300      0.7275000      0.7236300      0.7197300      0.7157900      0.7118200      0.7078100      0.7037700      0.6996900      0.6955800    
  0.7543580      0.7523890      0.7523900      0.7523830      0.7505370      0.7468500      0.7468360      0.7468220      0.7467680      0.7489580      0.7514300      0.7514300      0.7514300      0.7461170      0.7434420      0.7434430      0.7432600      0.7391110      0.7372900      0.7365700      0.7327500      0.7289000      0.7250200      0.7211000      0.7171400      0.7131500      0.7091200      0.7050600      0.7009600      0.6968300    
  0.7523890      0.7523900      0.7523870      0.7505400      0.7468500      0.7468430      0.7468360      0.7507090      0.7519160      0.7514340      0.7514300      0.7514300      0.7514300      0.7514300      0.7462460      0.7436250      0.7436250      0.7432600      0.7393220      0.7380100      0.7341700      0.7303100      0.7264000      0.7224700      0.7184900      0.7144800      0.7104300      0.7063500      0.7022300      0.6980700    
  0.7523900      0.7523880      0.7505420      0.7468500      0.7468470      0.7551500      0.7676100      0.7650100      0.7624100      0.7551010      0.7514420      0.7514300      0.7514300      0.7514300      0.7514300      0.7464870      0.7439890      0.7439900      0.7432600      0.7394500      0.7356000      0.7317100      0.7277900      0.7238400      0.7198400      0.7158100      0.7117400      0.7076400      0.7035000      0.6993200    
  0.7523890      0.7505430      0.7468500      0.7468480      0.7568160      0.7676130      0.7676130      0.7676100      0.7650100      0.7624100      0.7551210      0.7514650      0.7514300      0.7514300      0.7514300      0.7514300      0.7469050      0.7447170      0.7447200      0.7408900      0.7370200      0.7331200      0.7291800      0.7252100      0.7211900      0.7171400      0.7130500      0.7089200      0.7047600      0.7005600    
