iMOD/TUTORIALS/TUT_MetaswapAnalyser/model_MetaSWAP/meteo/Evaporation/Evaporation_20051022_L1.ASC
NCOLS                30
NROWS                30
XLLCORNER     160000.00
YLLCORNER     340000.00
CELLSIZE        1000.00
NODATA_VALUE   -9999.00
  0.6009100      0.6003900      0.5998400      0.5992400      0.5986000      0.5979200      0.5972100      0.5964600      0.5956800      0.5948600      0.5940200      0.5931500      0.5922500      0.5913300      0.5903900      0.5894200      0.5884300      0.5874300      0.5864100      0.5853700      0.5843100      0.5832500      0.5821700      0.5810700      0.5799700      0.5788500      0.5777300      0.5766000      0.5754600      0.5743200    
  0.5994000      0.5988800      0.5983200      0.5977200      0.5970800      0.5964000      0.5956800      0.5949300      0.5941500      0.5933400      0.5924900      0.5916200      0.5907300      0.5898100      0.5888700      0.5879000      0.5869200      0.5859200      0.5849000      0.5838600      0.5828100      0.5817500      0.5806800      0.5795900      0.5784900      0.5773800      0.5762600      0.5751400      0.5740100      0.5728700    
  0.5978600      0.5973400      0.5967700      0.5961700      0.5955200      0.5948400      0.5941200      0.5933700      0.5925900      0.5917700      0.5909300      0.5900600      0.5891700      0.5882500      0.5873100      0.5863500      0.5853700      0.5843700      0.5833600      0.5823300      0.5812800      0.5802200      0.5791500      0.5780700      0.5769800      0.5758800      0.5747700      0.5736500      0.5725200      0.5713900    
  0.5963000      0.5957700      0.5951900      0.5945800      0.5939300      0.5932500      0.5925300      0.5917700      0.5909900      0.5901800      0.5893400      0.5884700      0.5875800      0.5866600      0.5857200      0.5847600      0.5837900      0.5827900      0.5817800      0.5807600      0.5797200      0.5786600      0.5776000      0.5765200      0.5754400      0.5743400      0.5732400      0.5721300      0.5710100      0.5698800    
  0.5947000      0.5941600      0.5935800      0.5929700      0.5923100      0.5916200      0.5909000      0.5901500      0.5893600      0.5885500      0.5877100      0.5868400      0.5859500      0.5850400      0.5841000      0.5831500      0.5821700      0.5811800      0.5801800      0.5791500      0.5781200      0.5770700      0.5760100      0.5749400      0.5738600      0.5727700      0.5716800      0.5705700      0.5694600      0.5683500    
  0.5930800      0.5925300      0.5919500      0.5913200      0.5906700      0.5899700      0.5892500      0.5884900      0.5877100      0.5868900      0.5860500      0.5851900      0.5843000      0.5833900      0.5824500      0.5815000      0.5805300      0.5795400      0.5785400      0.5775200      0.5764900      0.5754500      0.5744000      0.5733300      0.5722600      0.5711800      0.5700900      0.5689900      0.5678900      0.5667800    
  0.5914400      0.5908800      0.5902900      0.5896600      0.5889900      0.5883000      0.5875700      0.5868100      0.5860200      0.5852100      0.5843700      0.5835000      0.5826100      0.5817000      0.5807700      0.5798200      0.5788600      0.5778700      0.5768800      0.5758600      0.5748400      0.5738000      0.5727500      0.5717000      0.5706300      0.5695600      0.5684700      0.5673900      0.5662900      0.5651900    
  0.5897700      0.5892000      0.5886000      0.5879600      0.5873000      0.5865900      0.5858600      0.5851000      0.5843100      0.5835000      0.5826600      0.5817900      0.5809000      0.5800000      0.5790700      0.5781200      0.5771600      0.5761800      0.5751800      0.5741800      0.5731600      0.5721300      0.5710800      0.5700300      0.5689700      0.5679100      0.5668300      0.5657500      0.5646700      0.5635800    
  0.5880700      0.5875000      0.5868900      0.5862500      0.5855700      0.5848700      0.5841300      0.5833700      0.5825800      0.5817600      0.5809200      0.5800600      0.5791700      0.5782600      0.5773400      0.5763900      0.5754300      0.5744600      0.5734700      0.5724600      0.5714500      0.5704200      0.5693900      0.5683400      0.5672900      0.5662300      0.5651600      0.5640900      0.5630200      0.5619300    
  0.5863600      0.5857800      0.5851600      0.5845100      0.5838300      0.5831200      0.5823800      0.5816100      0.5808200      0.5800000      0.5791600      0.5783000      0.5774100      0.5765000      0.5755800      0.5746400      0.5736800      0.5727100      0.5717200      0.5707200      0.5697100      0.5687000      0.5676700      0.5666300      0.5655800      0.5645300      0.5634700      0.5624100      0.5613400      0.5602700    
  0.5863500      0.5857670      0.5845500      0.5827500      0.5820700      0.5813500      0.5806100      0.5798400      0.5790400      0.5782200      0.5773800      0.5765100      0.5756300      0.5747200      0.5738000      0.5728600      0.5719100      0.5709400      0.5699600      0.5689600      0.5679600      0.5669400      0.5659200      0.5648900      0.5638500      0.5628100      0.5617600      0.5607000      0.5596400      0.5585800    
  0.5863390      0.5848540      0.5827500      0.5808950      0.5802800      0.5795600      0.5788100      0.5780400      0.5772400      0.5764200      0.5755700      0.5747100      0.5738200      0.5729200      0.5720000      0.5710600      0.5701100      0.5691400      0.5681700      0.5671800      0.5661800      0.5651700      0.5641500      0.5631300      0.5621000      0.5610600      0.5600200      0.5589700      0.5579200      0.5568700    
  0.5852080      0.5827500      0.5803760      0.5793800      0.5784800      0.5777500      0.5770000      0.5762200      0.5754200      0.5746000      0.5737500      0.5728800      0.5720000      0.5710900      0.5701700      0.5692400      0.5682900      0.5673300      0.5663600      0.5653700      0.5643800      0.5633700      0.5623600      0.5613500      0.5603200      0.5592900      0.5582600      0.5572200      0.5561800      0.5551400    
  0.5827500      0.5801340      0.5789300      0.5784800      0.5773870      0.5759300      0.5751700      0.5743900      0.5735800      0.5727600      0.5719100      0.5710400      0.5701500      0.5692500      0.5683300      0.5674000      0.5664500      0.5654900      0.5645200      0.5635400      0.5625600      0.5615600      0.5605500      0.5595400      0.5585300      0.5575100      0.5564800      0.5554500      0.5544200      0.5533900    
  0.5800170      0.5787050      0.5784800      0.5772660      0.5759300      0.5748070      0.5733200      0.5725400      0.5717300      0.5709000      0.5700500      0.5691800      0.5682900      0.5673900      0.5664700      0.5655400      0.5646000      0.5636400      0.5626700      0.5617000      0.5607100      0.5597200      0.5587300      0.5577200      0.5567100      0.5557000      0.5546800      0.5536600      0.5526400      0.5516100    
  0.5785930      0.5784800      0.5772250      0.5759300      0.5746860      0.5733200      0.5729300      0.5725300      0.5710470      0.5690200      0.5681700      0.5673000      0.5664100      0.5655100      0.5645900      0.5636600      0.5627200      0.5617700      0.5608100      0.5598400      0.5588600      0.5578700      0.5568800      0.5558800      0.5548800      0.5538700      0.5528700      0.5518600      0.5508400      0.5498300    
  0.5784800      0.5772120      0.5759300      0.5746450      0.5733200      0.5731250      0.5729270      0.5713820      0.5690200      0.5685950      0.5666800      0.5654100      0.5645200      0.5636200      0.5627000      0.5617700      0.5608300      0.5598800      0.5589200      0.5579500      0.5569800      0.5560000      0.5550100      0.5540200      0.5530300      0.5520300      0.5510300      0.5500300      0.5490300      0.5480200    
  0.5772070      0.5759300      0.5746320      0.5733200      0.5732230      0.5731240      0.5716130      0.5690200      0.5688070      0.5664500      0.5644550      0.5635000      0.5626100      0.5617100      0.5607900      0.5598700      0.5589300      0.5579800      0.5570200      0.5560600      0.5550900      0.5541100      0.5531300      0.5521500      0.5511600      0.5501800      0.5491800      0.5481900      0.5472000      0.5462000    
  0.5759300      0.5746270      0.5733200      0.5732710      0.5732220      0.5717450      0.5690200      0.5689140      0.5663510      0.5639770      0.5635000      0.5630550      0.5619030      0.5597900      0.5588700      0.5579400      0.5570100      0.5560600      0.5551100      0.5541500      0.5531800      0.5522100      0.5512400      0.5502600      0.5492800      0.5483000      0.5473200      0.5463400      0.5453500      0.5443700    
  0.5746260      0.5733200      0.5732960      0.5732710      0.5718150      0.5690200      0.5689670      0.5663050      0.5637390      0.5635000      0.5632770      0.5620620      0.5597900      0.5593300      0.5588670      0.5579400      0.5570030      0.5560600      0.5535680      0.5522300      0.5512600      0.5503000      0.5493300      0.5483600      0.5473900      0.5464200      0.5454400      0.5444700      0.5434900      0.5425200    
  0.5733200      0.5733080      0.5732960      0.5718500      0.5690200      0.5689930      0.5662820      0.5636190      0.5635000      0.5633890      0.5621570      0.5597900      0.5595600      0.5593290      0.5587120      0.5579370      0.5570010      0.5536360      0.5512600      0.5502900      0.5493300      0.5483700      0.5474100      0.5464500      0.5454800      0.5445200      0.5435500      0.5425900      0.5416200      0.5406600    
  0.5733140      0.5733080      0.5718680      0.5690200      0.5690070      0.5662710      0.5635600      0.5635000      0.5634440      0.5622090      0.5597900      0.5596750      0.5595600      0.5592000      0.5586590      0.5578830      0.5539280      0.5507750      0.5502900      0.5490030      0.5473900      0.5464400      0.5454800      0.5445200      0.5435700      0.5426100      0.5416500      0.5407000      0.5397400      0.5387900    
  0.5733140      0.5718770      0.5690200      0.5690130      0.5662660      0.5635300      0.5635000      0.5634720      0.5622360      0.5597900      0.5597320      0.5596750      0.5594780      0.5591400      0.5585810      0.5530790      0.5505320      0.5502900      0.5468060      0.5454350      0.5448660      0.5444900      0.5435400      0.5425900      0.5416400      0.5406900      0.5397400      0.5387900      0.5378500      0.5369100    
  0.5718820      0.5690200      0.5690170      0.5662630      0.5635150      0.5635000      0.5634860      0.5622490      0.5597900      0.5597610      0.5597320      0.5596290      0.5594310      0.5531600      0.5482410      0.5443880      0.5443900      0.5438340      0.5431460      0.5424950      0.5434800      0.5425300      0.5415900      0.5406400      0.5397000      0.5387600      0.5378200      0.5368800      0.5359500      0.5350200    
  0.5690200      0.5690180      0.5662610      0.5635070      0.5635000      0.5634930      0.5622560      0.5597900      0.5597760      0.5597610      0.5597070      0.5595970      0.5485820      0.5353780      0.5354400      0.5388200      0.5382410      0.5384900      0.5404400      0.5415070      0.5415100      0.5405700      0.5396300      0.5386900      0.5377500      0.5368200      0.5358900      0.5349600      0.5340400      0.5331200    
  0.5690190      0.5662610      0.5635040      0.5635000      0.5634960      0.5622600      0.5597900      0.5597830      0.5597760      0.5597480      0.5479690      0.5303900      0.5336630      0.5353150      0.5353150      0.5354400      0.5372090      0.5379920      0.5384900      0.5392700      0.5395300      0.5386000      0.5376600      0.5367300      0.5358000      0.5348800      0.5339600      0.5330400      0.5321200      0.5312100    
  0.5662600      0.5635020      0.5635000      0.5634980      0.5622620      0.5597900      0.5597860      0.5597830      0.5597690      0.5456550      0.5303900      0.5303900      0.5303900      0.5335710      0.5351900      0.5351900      0.5354400      0.5369150      0.5374950      0.5384900      0.5375500      0.5366200      0.5356900      0.5347600      0.5338400      0.5329300      0.5320100      0.5311100      0.5302000      0.5293000    
  0.5635010      0.5635000      0.5634990      0.5622620      0.5597900      0.5597880      0.5597860      0.5502000      0.5407420      0.5303850      0.5303900      0.5303900      0.5303900      0.5303900      0.5333890      0.5349400      0.5349400      0.5354400      0.5362350      0.5365000      0.5355700      0.5346400      0.5337100      0.5327900      0.5318800      0.5309700      0.5300700      0.5291700      0.5282800      0.5273900    
  0.5635000      0.5635000      0.5622630      0.5597900      0.5597890      0.5440600      0.5204700      0.5209650      0.5214600      0.5273990      0.5303740      0.5303900      0.5303900      0.5303900      0.5303900      0.5330340      0.5344410      0.5344400      0.5354400      0.5345100      0.5335800      0.5326500      0.5317300      0.5308200      0.5299100      0.5290100      0.5281200      0.5272300      0.5263500      0.5254700    
  0.5635000      0.5622630      0.5597900      0.5597900      0.5409130      0.5204660      0.5204660      0.5204700      0.5209650      0.5214600      0.5273710      0.5303410      0.5303900      0.5303900      0.5303900      0.5303900      0.5323650      0.5334430      0.5334400      0.5325100      0.5315900      0.5306700      0.5297500      0.5288500      0.5279500      0.5270500      0.5261700      0.5252900      0.5244200      0.5235500    
