iMOD/TUTORIALS/TUT_MetaswapAnalyser/model_MetaSWAP/meteo/Evaporation/Evaporation_20050316_L1.ASC
NCOLS                30
NROWS                30
XLLCORNER     160000.00
YLLCORNER     340000.00
CELLSIZE        1000.00
NODATA_VALUE   -9999.00
   2.237900       2.239080       2.240250       2.241410       2.242560       2.243690       2.244810       2.245910       2.247000       2.248070       2.249130       2.250170       2.251190       2.252190       2.253180       2.254150       2.255100       2.256030       2.256950       2.257850       2.258730       2.259590       2.260440       2.261270       2.262080       2.262880       2.263670       2.264440       2.265200       2.265950    
   2.239590       2.240770       2.241940       2.243090       2.244230       2.245360       2.246470       2.247570       2.248650       2.249720       2.250770       2.251810       2.252830       2.253830       2.254820       2.255790       2.256740       2.257670       2.258590       2.259490       2.260380       2.261250       2.262100       2.262940       2.263760       2.264570       2.265360       2.266140       2.266910       2.267670    
   2.241260       2.242440       2.243600       2.244740       2.245880       2.247000       2.248110       2.249200       2.250280       2.251340       2.252390       2.253430       2.254440       2.255440       2.256430       2.257400       2.258350       2.259290       2.260210       2.261110       2.262000       2.262880       2.263740       2.264580       2.265410       2.266230       2.267030       2.267820       2.268600       2.269370    
   2.242910       2.244070       2.245230       2.246370       2.247500       2.248610       2.249720       2.250810       2.251880       2.252940       2.253990       2.255020       2.256030       2.257030       2.258020       2.258990       2.259940       2.260880       2.261800       2.262710       2.263610       2.264480       2.265350       2.266200       2.267040       2.267860       2.268670       2.269470       2.270260       2.271040    
   2.244520       2.245680       2.246830       2.247970       2.249090       2.250200       2.251300       2.252390       2.253460       2.254510       2.255560       2.256590       2.257600       2.258600       2.259580       2.260550       2.261510       2.262450       2.263380       2.264290       2.265180       2.266070       2.266940       2.267800       2.268640       2.269470       2.270290       2.271100       2.271900       2.272690    
   2.246120       2.247270       2.248410       2.249540       2.250660       2.251770       2.252860       2.253940       2.255010       2.256060       2.257100       2.258130       2.259140       2.260140       2.261130       2.262100       2.263050       2.263990       2.264920       2.265840       2.266740       2.267630       2.268510       2.269370       2.270220       2.271060       2.271890       2.272710       2.273520       2.274310    
   2.247680       2.248830       2.249970       2.251100       2.252210       2.253310       2.254400       2.255480       2.256540       2.257590       2.258630       2.259650       2.260660       2.261660       2.262650       2.263620       2.264570       2.265520       2.266450       2.267370       2.268280       2.269170       2.270050       2.270920       2.271780       2.272630       2.273460       2.274290       2.275110       2.275920    
   2.249230       2.250370       2.251510       2.252630       2.253740       2.254830       2.255920       2.256990       2.258050       2.259100       2.260130       2.261160       2.262160       2.263160       2.264150       2.265120       2.266080       2.267020       2.267960       2.268880       2.269790       2.270690       2.271570       2.272450       2.273320       2.274170       2.275020       2.275850       2.276680       2.277500    
   2.250750       2.251890       2.253020       2.254140       2.255240       2.256330       2.257410       2.258480       2.259540       2.260580       2.261620       2.262640       2.263640       2.264640       2.265620       2.266600       2.267560       2.268510       2.269440       2.270370       2.271280       2.272190       2.273080       2.273960       2.274830       2.275700       2.276550       2.277400       2.278230       2.279060    
   2.252260       2.253390       2.254510       2.255620       2.256720       2.257810       2.258890       2.259950       2.261010       2.262050       2.263080       2.264100       2.265100       2.266100       2.267080       2.268060       2.269020       2.269970       2.270910       2.271840       2.272760       2.273660       2.274560       2.275450       2.276330       2.277200       2.278060       2.278920       2.279770       2.280600    
   2.252250       2.253390       2.255150       2.257090       2.258190       2.259270       2.260350       2.261410       2.262460       2.263500       2.264520       2.265540       2.266550       2.267540       2.268530       2.269500       2.270460       2.271410       2.272360       2.273290       2.274210       2.275120       2.276030       2.276920       2.277810       2.278690       2.279560       2.280420       2.281280       2.282130    
   2.252250       2.254470       2.257090       2.258990       2.259630       2.260710       2.261780       2.262840       2.263890       2.264920       2.265950       2.266970       2.267970       2.268960       2.269950       2.270920       2.271890       2.272840       2.273790       2.274720       2.275650       2.276570       2.277480       2.278380       2.279270       2.280160       2.281040       2.281910       2.282770       2.283630    
   2.253730       2.257090       2.259370       2.260340       2.261060       2.262140       2.263200       2.264260       2.265300       2.266340       2.267360       2.268370       2.269380       2.270370       2.271350       2.272330       2.273290       2.274250       2.275200       2.276140       2.277070       2.277990       2.278910       2.279820       2.280720       2.281610       2.282500       2.283380       2.284250       2.285120    
   2.257090       2.259560       2.260700       2.261060       2.262250       2.263550       2.264610       2.265660       2.266700       2.267730       2.268750       2.269760       2.270770       2.271760       2.272740       2.273720       2.274690       2.275640       2.276590       2.277540       2.278470       2.279400       2.280320       2.281240       2.282140       2.283040       2.283940       2.284830       2.285710       2.286590    
   2.259650       2.260880       2.261060       2.262290       2.263550       2.264720       2.266000       2.267040       2.268080       2.269110       2.270130       2.271140       2.272140       2.273130       2.274120       2.275090       2.276060       2.277020       2.277980       2.278920       2.279860       2.280790       2.281720       2.282640       2.283560       2.284460       2.285370       2.286270       2.287160       2.288050    
   2.260970       2.261060       2.262300       2.263550       2.264760       2.266000       2.266520       2.267040       2.268670       2.270470       2.271490       2.272500       2.273500       2.274490       2.275480       2.276450       2.277420       2.278390       2.279340       2.280290       2.281230       2.282170       2.283100       2.284030       2.284950       2.285870       2.286780       2.287690       2.288590       2.289490    
   2.261060       2.262300       2.263550       2.264770       2.266000       2.266260       2.266520       2.268180       2.270470       2.270980       2.272700       2.273850       2.274850       2.275840       2.276820       2.277800       2.278770       2.279740       2.280690       2.281650       2.282590       2.283540       2.284470       2.285410       2.286340       2.287260       2.288180       2.289090       2.290010       2.290920    
   2.262300       2.263550       2.264770       2.266000       2.266130       2.266260       2.267860       2.270470       2.270720       2.272770       2.274520       2.275180       2.276180       2.277170       2.278160       2.279130       2.280110       2.281070       2.282030       2.282990       2.283940       2.284890       2.285830       2.286770       2.287700       2.288640       2.289560       2.290490       2.291410       2.292330    
   2.263550       2.264770       2.266000       2.266070       2.266130       2.267680       2.270470       2.270600       2.272800       2.274850       2.275180       2.275680       2.276760       2.278490       2.279480       2.280450       2.281430       2.282400       2.283360       2.284320       2.285270       2.286230       2.287170       2.288120       2.289060       2.290000       2.290940       2.291870       2.292800       2.293730    
   2.264770       2.266000       2.266030       2.266070       2.267590       2.270470       2.270530       2.272810       2.275010       2.275180       2.275430       2.276530       2.278490       2.278990       2.279470       2.280450       2.281430       2.282400       2.284530       2.285640       2.286600       2.287550       2.288510       2.289460       2.290410       2.291350       2.292300       2.293240       2.294180       2.295120    
   2.266000       2.266020       2.266030       2.267540       2.270470       2.270500       2.272820       2.275100       2.275180       2.275310       2.276410       2.278490       2.278740       2.278980       2.279640       2.280450       2.281430       2.284320       2.286290       2.286940       2.287910       2.288870       2.289830       2.290790       2.291740       2.292700       2.293650       2.294600       2.295550       2.296500    
   2.266010       2.266020       2.267510       2.270470       2.270490       2.272820       2.275140       2.275180       2.275240       2.276350       2.278490       2.278610       2.278740       2.279120       2.279690       2.280500       2.283950       2.286620       2.286940       2.288020       2.289210       2.290180       2.291140       2.292100       2.293070       2.294030       2.294990       2.295950       2.296910       2.297870    
   2.266010       2.267500       2.270470       2.270480       2.272820       2.275160       2.275180       2.275210       2.276310       2.278490       2.278550       2.278610       2.278820       2.279180       2.279770       2.284340       2.286780       2.286940       2.289470       2.290490       2.291080       2.291470       2.292440       2.293410       2.294380       2.295350       2.296320       2.297290       2.298260       2.299230    
   2.267500       2.270470       2.270470       2.272820       2.275170       2.275180       2.275200       2.276300       2.278490       2.278520       2.278550       2.278660       2.278870       2.283470       2.287400       2.290770       2.290780       2.291330       2.291990       2.292420       2.291780       2.292760       2.293740       2.294710       2.295690       2.296660       2.297640       2.298620       2.299600       2.300580    
   2.270470       2.270470       2.272820       2.275180       2.275180       2.275190       2.276290       2.278490       2.278510       2.278520       2.278580       2.278700       2.286670       2.296160       2.296120       2.294240       2.294770       2.294610       2.293620       2.293060       2.293060       2.294040       2.295020       2.296000       2.296990       2.297970       2.298960       2.299940       2.300930       2.301920    
   2.270470       2.272820       2.275180       2.275180       2.275180       2.276290       2.278490       2.278500       2.278510       2.278540       2.286700       2.298860       2.297090       2.296200       2.296200       2.296120       2.295280       2.294920       2.294610       2.294400       2.294330       2.295310       2.296300       2.297290       2.298280       2.299270       2.300270       2.301260       2.302260       2.303260    
   2.272830       2.275180       2.275180       2.275180       2.276290       2.278490       2.278490       2.278500       2.278510       2.288290       2.298860       2.298860       2.298860       2.297150       2.296280       2.296280       2.296120       2.295470       2.295240       2.294610       2.295590       2.296580       2.297570       2.298570       2.299560       2.300560       2.301570       2.302570       2.303580       2.304590    
   2.275180       2.275180       2.275180       2.276280       2.278490       2.278490       2.278490       2.284900       2.291480       2.298860       2.298860       2.298860       2.298860       2.298860       2.297260       2.296430       2.296430       2.296120       2.295930       2.295860       2.296850       2.297840       2.298840       2.299840       2.300850       2.301850       2.302870       2.303880       2.304900       2.305920    
   2.275180       2.275180       2.276280       2.278490       2.278490       2.288850       2.304390       2.304240       2.304100       2.300620       2.298870       2.298860       2.298860       2.298860       2.298860       2.297490       2.296740       2.296740       2.296120       2.297110       2.298100       2.299100       2.300100       2.301110       2.302120       2.303140       2.304160       2.305180       2.306210       2.307240    
   2.275180       2.276280       2.278490       2.278490       2.290920       2.304390       2.304390       2.304390       2.304250       2.304100       2.300630       2.298890       2.298860       2.298860       2.298860       2.298860       2.297910       2.297370       2.297370       2.298360       2.299360       2.300360       2.301360       2.302380       2.303400       2.304420       2.305450       2.306480       2.307520       2.308560    
