iMOD/TUTORIALS/TUT_MetaswapAnalyser/model_MetaSWAP/meteo/Evaporation/Evaporation_20061203_L1.ASC
NCOLS                30
NROWS                30
XLLCORNER     160000.00
YLLCORNER     340000.00
CELLSIZE        1000.00
NODATA_VALUE   -9999.00
  0.2419900      0.2433800      0.2447700      0.2461600      0.2475600      0.2489600      0.2503600      0.2517700      0.2531800      0.2545900      0.2560100      0.2574300      0.2588600      0.2602900      0.2617300      0.2631700      0.2646100      0.2660700      0.2675200      0.2689800      0.2704500      0.2719200      0.2733900      0.2748700      0.2763600      0.2778500      0.2793500      0.2808500      0.2823500      0.2838600    
  0.2429100      0.2442900      0.2456800      0.2470700      0.2484700      0.2498600      0.2512700      0.2526700      0.2540800      0.2554900      0.2569100      0.2583300      0.2597600      0.2611900      0.2626200      0.2640600      0.2655000      0.2669500      0.2684100      0.2698600      0.2713300      0.2728000      0.2742700      0.2757500      0.2772300      0.2787200      0.2802100      0.2817100      0.2832200      0.2847200    
  0.2438200      0.2452100      0.2465900      0.2479800      0.2493800      0.2507700      0.2521700      0.2535800      0.2549800      0.2563900      0.2578100      0.2592300      0.2606500      0.2620800      0.2635100      0.2649500      0.2663900      0.2678400      0.2692900      0.2707500      0.2722100      0.2736700      0.2751400      0.2766200      0.2781000      0.2795900      0.2810800      0.2825800      0.2840800      0.2855900    
  0.2447400      0.2461200      0.2475100      0.2488900      0.2502800      0.2516800      0.2530800      0.2544800      0.2558800      0.2572900      0.2587100      0.2601200      0.2615500      0.2629700      0.2644000      0.2658400      0.2672800      0.2687200      0.2701700      0.2716300      0.2730900      0.2745500      0.2760200      0.2774900      0.2789700      0.2804600      0.2819500      0.2834400      0.2849400      0.2864500    
  0.2456600      0.2470400      0.2484200      0.2498000      0.2511900      0.2525900      0.2539800      0.2553800      0.2567800      0.2581900      0.2596000      0.2610200      0.2624400      0.2638600      0.2652900      0.2667300      0.2681700      0.2696100      0.2710600      0.2725100      0.2739700      0.2754300      0.2769000      0.2783700      0.2798400      0.2813300      0.2828100      0.2843100      0.2858000      0.2873100    
  0.2465700      0.2479500      0.2493300      0.2507100      0.2521000      0.2534900      0.2548900      0.2562800      0.2576900      0.2590900      0.2605000      0.2619200      0.2633300      0.2647600      0.2661800      0.2676200      0.2690500      0.2704900      0.2719400      0.2733900      0.2748400      0.2763000      0.2777700      0.2792400      0.2807200      0.2822000      0.2836800      0.2851700      0.2866700      0.2881700    
  0.2474900      0.2488600      0.2502400      0.2516200      0.2530100      0.2544000      0.2557900      0.2571900      0.2585900      0.2599900      0.2614000      0.2628100      0.2642300      0.2656500      0.2670700      0.2685000      0.2699400      0.2713800      0.2728200      0.2742700      0.2757200      0.2771800      0.2786400      0.2801100      0.2815900      0.2830600      0.2845500      0.2860400      0.2875300      0.2890300    
  0.2484100      0.2497800      0.2511500      0.2525300      0.2539200      0.2553000      0.2566900      0.2580900      0.2594900      0.2608900      0.2622900      0.2637000      0.2651200      0.2665400      0.2679600      0.2693900      0.2708200      0.2722600      0.2737000      0.2751500      0.2766000      0.2780600      0.2795200      0.2809800      0.2824600      0.2839300      0.2854100      0.2869000      0.2883900      0.2898900    
  0.2493200      0.2506900      0.2520700      0.2534400      0.2548200      0.2562100      0.2576000      0.2589900      0.2603900      0.2617900      0.2631900      0.2646000      0.2660100      0.2674300      0.2688500      0.2702800      0.2717100      0.2731400      0.2745800      0.2760300      0.2774800      0.2789300      0.2803900      0.2818600      0.2833300      0.2848000      0.2862800      0.2877600      0.2892500      0.2907500    
  0.2502400      0.2516000      0.2529800      0.2543500      0.2557300      0.2571100      0.2585000      0.2598900      0.2612900      0.2626800      0.2640900      0.2654900      0.2669000      0.2683200      0.2697400      0.2711600      0.2725900      0.2740300      0.2754700      0.2769100      0.2783600      0.2798100      0.2812700      0.2827300      0.2842000      0.2856700      0.2871500      0.2886300      0.2901100      0.2916100    
  0.2502370      0.2516070      0.2535470      0.2552600      0.2566400      0.2580200      0.2594000      0.2607900      0.2621800      0.2635800      0.2649800      0.2663900      0.2678000      0.2692100      0.2706300      0.2720500      0.2734800      0.2749100      0.2763500      0.2777900      0.2792300      0.2806800      0.2821400      0.2836000      0.2850700      0.2865400      0.2880100      0.2894900      0.2909800      0.2924700    
  0.2502390      0.2526630      0.2552600      0.2569720      0.2575400      0.2589200      0.2603100      0.2616900      0.2630800      0.2644800      0.2658800      0.2672800      0.2686900      0.2701000      0.2715200      0.2729400      0.2743600      0.2757900      0.2772300      0.2786700      0.2801100      0.2815600      0.2830100      0.2844700      0.2859300      0.2874000      0.2888800      0.2903500      0.2918400      0.2933200    
  0.2517590      0.2552600      0.2571690      0.2579950      0.2584500      0.2598300      0.2612100      0.2625900      0.2639800      0.2653800      0.2667700      0.2681700      0.2695800      0.2709900      0.2724000      0.2738200      0.2752500      0.2766700      0.2781100      0.2795400      0.2809900      0.2824300      0.2838900      0.2853400      0.2868000      0.2882700      0.2897400      0.2912200      0.2927000      0.2941800    
  0.2552600      0.2572750      0.2582230      0.2584500      0.2596700      0.2607300      0.2621100      0.2634900      0.2648800      0.2662700      0.2676700      0.2690700      0.2704700      0.2718800      0.2732900      0.2747100      0.2761300      0.2775600      0.2789900      0.2804200      0.2818600      0.2833100      0.2847600      0.2862100      0.2876700      0.2891400      0.2906100      0.2920800      0.2935600      0.2950400    
  0.2573300      0.2583360      0.2584500      0.2596170      0.2607300      0.2619500      0.2630100      0.2644000      0.2657800      0.2671700      0.2685600      0.2699600      0.2713600      0.2727700      0.2741800      0.2755900      0.2770100      0.2784400      0.2798700      0.2813000      0.2827400      0.2841800      0.2856300      0.2870800      0.2885400      0.2900100      0.2914700      0.2929400      0.2944200      0.2959000    
  0.2583930      0.2584500      0.2595990      0.2607300      0.2618970      0.2630100      0.2637050      0.2643970      0.2663550      0.2680700      0.2694600      0.2708500      0.2722500      0.2736600      0.2750700      0.2764800      0.2779000      0.2793200      0.2807500      0.2821800      0.2836200      0.2850600      0.2865000      0.2879600      0.2894100      0.2908700      0.2923400      0.2938100      0.2952800      0.2967600    
  0.2584500      0.2595930      0.2607300      0.2618790      0.2630100      0.2633580      0.2637040      0.2656320      0.2680700      0.2687650      0.2705540      0.2717500      0.2731400      0.2745500      0.2759500      0.2773700      0.2787800      0.2802000      0.2816300      0.2830600      0.2844900      0.2859300      0.2873800      0.2888300      0.2902800      0.2917400      0.2932000      0.2946700      0.2961500      0.2976200    
  0.2595910      0.2607300      0.2618730      0.2630100      0.2631840      0.2633570      0.2651910      0.2680700      0.2684180      0.2704450      0.2721950      0.2726400      0.2740300      0.2754400      0.2768400      0.2782500      0.2796600      0.2810800      0.2825100      0.2839400      0.2853700      0.2868100      0.2882500      0.2897000      0.2911500      0.2926100      0.2940700      0.2955400      0.2970100      0.2984800    
  0.2607300      0.2618710      0.2630100      0.2630970      0.2631840      0.2649500      0.2680700      0.2682440      0.2703980      0.2724170      0.2726400      0.2733350      0.2746080      0.2763200      0.2777300      0.2791400      0.2805500      0.2819700      0.2833900      0.2848100      0.2862500      0.2876800      0.2891200      0.2905700      0.2920200      0.2934700      0.2949300      0.2964000      0.2978700      0.2993400    
  0.2618700      0.2630100      0.2630530      0.2630970      0.2648250      0.2680700      0.2681570      0.2703760      0.2725290      0.2726400      0.2729870      0.2742260      0.2763200      0.2770250      0.2777300      0.2791400      0.2805530      0.2819700      0.2844860      0.2856900      0.2871200      0.2885600      0.2899900      0.2914400      0.2928900      0.2943400      0.2958000      0.2972600      0.2987300      0.3002000    
  0.2630100      0.2630320      0.2630530      0.2647610      0.2680700      0.2681130      0.2703650      0.2725840      0.2726400      0.2728140      0.2740430      0.2763200      0.2766720      0.2770250      0.2779650      0.2791410      0.2805540      0.2839420      0.2861300      0.2865700      0.2880000      0.2894300      0.2908700      0.2923100      0.2937600      0.2952100      0.2966700      0.2981300      0.2995900      0.3010600    
  0.2630210      0.2630320      0.2647290      0.2680700      0.2680920      0.2703600      0.2726120      0.2726400      0.2727270      0.2739540      0.2763200      0.2764960      0.2766720      0.2772210      0.2780440      0.2792200      0.2833110      0.2863500      0.2865700      0.2878130      0.2888700      0.2903100      0.2917400      0.2931800      0.2946300      0.2960800      0.2975300      0.2989900      0.3004600      0.3019200    
  0.2630210      0.2647130      0.2680700      0.2680810      0.2703580      0.2726260      0.2726400      0.2726830      0.2739100      0.2763200      0.2764080      0.2764960      0.2767970      0.2773120      0.2781620      0.2832480      0.2864600      0.2865700      0.2888000      0.2897500      0.2906080      0.2911800      0.2926100      0.2940500      0.2955000      0.2969400      0.2984000      0.2998500      0.3013200      0.3027800    
  0.2647050      0.2680700      0.2680750      0.2703560      0.2726330      0.2726400      0.2726620      0.2738880      0.2763200      0.2763640      0.2764080      0.2765670      0.2768680      0.2811150      0.2852450      0.2892050      0.2892050      0.2899290      0.2907730      0.2910650      0.2906300      0.2920500      0.2934900      0.2949200      0.2963700      0.2978100      0.2992600      0.3007200      0.3021800      0.3036500    
  0.2680700      0.2680730      0.2703560      0.2726370      0.2726400      0.2726510      0.2738780      0.2763200      0.2763420      0.2763640      0.2764460      0.2766140      0.2838030      0.2922170      0.2921900      0.2913560      0.2919500      0.2918400      0.2916630      0.2915030      0.2915000      0.2929300      0.2943600      0.2958000      0.2972300      0.2986800      0.3001300      0.3015800      0.3030400      0.3045100    
  0.2680710      0.2703550      0.2726380      0.2726400      0.2726450      0.2738720      0.2763200      0.2763310      0.2763420      0.2763840      0.2832610      0.2934400      0.2926480      0.2922450      0.2922450      0.2921900      0.2920790      0.2920600      0.2918400      0.2922450      0.2923800      0.2938000      0.2952300      0.2966700      0.2981000      0.2995500      0.3010000      0.3024500      0.3039100      0.3053700    
  0.2703550      0.2726390      0.2726400      0.2726430      0.2738690      0.2763200      0.2763260      0.2763310      0.2763520      0.2845730      0.2934400      0.2934400      0.2934400      0.2926890      0.2923000      0.2923000      0.2921900      0.2922240      0.2922800      0.2918400      0.2932600      0.2946800      0.2961100      0.2975400      0.2989800      0.3004200      0.3018600      0.3033100      0.3047700      0.3062300    
  0.2726400      0.2726400      0.2726410      0.2738680      0.2763200      0.2763230      0.2763260      0.2813750      0.2869420      0.2934420      0.2934400      0.2934400      0.2934400      0.2934400      0.2927700      0.2924100      0.2924100      0.2921900      0.2925870      0.2927200      0.2941400      0.2955600      0.2969800      0.2984100      0.2998500      0.3012900      0.3027300      0.3041800      0.3056300      0.3070900    
  0.2726400      0.2726410      0.2738670      0.2763200      0.2763210      0.2841940      0.2960000      0.2962450      0.2964900      0.2944630      0.2934470      0.2934400      0.2934400      0.2934400      0.2934400      0.2929310      0.2926310      0.2926300      0.2921900      0.2936000      0.2950100      0.2964300      0.2978600      0.2992800      0.3007200      0.3021500      0.3036000      0.3050500      0.3065000      0.3079600    
  0.2726400      0.2738670      0.2763200      0.2763210      0.2857680      0.2960020      0.2960020      0.2960000      0.2962450      0.2964900      0.2944760      0.2934620      0.2934400      0.2934400      0.2934400      0.2934400      0.2932430      0.2930730      0.2930700      0.2944800      0.2958900      0.2973100      0.2987300      0.3001600      0.3015900      0.3030200      0.3044700      0.3059100      0.3073600      0.3088200    
