iMOD/TUTORIALS/TUT_MetaswapAnalyser/model_MetaSWAP/meteo/Evaporation/Evaporation_20051215_L1.ASC
NCOLS                30
NROWS                30
XLLCORNER     160000.00
YLLCORNER     340000.00
CELLSIZE        1000.00
NODATA_VALUE   -9999.00
  0.1154900      0.1148800      0.1142700      0.1136700      0.1130700      0.1124700      0.1118800      0.1112900      0.1107000      0.1101100      0.1095200      0.1089400      0.1083600      0.1077800      0.1072000      0.1066200      0.1060500      0.1054700      0.1049000      0.1043300      0.1037600      0.1032000      0.1026300      0.1020700      0.1015100      0.1009500      0.1004000      0.9984000E-01  0.9929000E-01  0.9874000E-01
  0.1152200      0.1146100      0.1140000      0.1134000      0.1128000      0.1122000      0.1116100      0.1110200      0.1104300      0.1098400      0.1092600      0.1086700      0.1080900      0.1075100      0.1069300      0.1063600      0.1057800      0.1052100      0.1046400      0.1040700      0.1035100      0.1029400      0.1023800      0.1018100      0.1012500      0.1007000      0.1001400      0.9958000E-01  0.9903000E-01  0.9848000E-01
  0.1149500      0.1143400      0.1137400      0.1131400      0.1125400      0.1119400      0.1113500      0.1107600      0.1101700      0.1095800      0.1090000      0.1084100      0.1078300      0.1072500      0.1066800      0.1061000      0.1055300      0.1049600      0.1043900      0.1038200      0.1032500      0.1026900      0.1021200      0.1015600      0.1010000      0.1004400      0.9989000E-01  0.9933000E-01  0.9878000E-01  0.9823000E-01
  0.1146900      0.1140800      0.1134800      0.1128800      0.1122800      0.1116800      0.1110900      0.1105000      0.1099100      0.1093300      0.1087400      0.1081600      0.1075800      0.1070000      0.1064200      0.1058500      0.1052800      0.1047100      0.1041400      0.1035700      0.1030000      0.1024400      0.1018800      0.1013100      0.1007500      0.1002000      0.9964000E-01  0.9908000E-01  0.9853000E-01  0.9798000E-01
  0.1144300      0.1138300      0.1132200      0.1126200      0.1120300      0.1114300      0.1108400      0.1102500      0.1096600      0.1090800      0.1084900      0.1079100      0.1073300      0.1067500      0.1061800      0.1056000      0.1050300      0.1044600      0.1038900      0.1033200      0.1027600      0.1021900      0.1016300      0.1010700      0.1005100      0.9995000E-01  0.9940000E-01  0.9884000E-01  0.9829000E-01  0.9774000E-01
  0.1141800      0.1135800      0.1129800      0.1123800      0.1117800      0.1111900      0.1105900      0.1100000      0.1094200      0.1088300      0.1082500      0.1076700      0.1070900      0.1065100      0.1059400      0.1053600      0.1047900      0.1042200      0.1036500      0.1030800      0.1025200      0.1019500      0.1013900      0.1008300      0.1002700      0.9971000E-01  0.9916000E-01  0.9860000E-01  0.9805000E-01  0.9750000E-01
  0.1139400      0.1133400      0.1127300      0.1121300      0.1115400      0.1109400      0.1103500      0.1097600      0.1091800      0.1085900      0.1080100      0.1074300      0.1068500      0.1062700      0.1057000      0.1051300      0.1045500      0.1039800      0.1034200      0.1028500      0.1022800      0.1017200      0.1011600      0.1006000      0.1000400      0.9948000E-01  0.9892000E-01  0.9837000E-01  0.9781000E-01  0.9726000E-01
  0.1137000      0.1131000      0.1125000      0.1119000      0.1113000      0.1107100      0.1101200      0.1095300      0.1089400      0.1083600      0.1077800      0.1072000      0.1066200      0.1060400      0.1054700      0.1048900      0.1043200      0.1037500      0.1031800      0.1026200      0.1020500      0.1014900      0.1009300      0.1003600      0.9980000E-01  0.9925000E-01  0.9869000E-01  0.9813000E-01  0.9758000E-01  0.9703000E-01
  0.1134700      0.1128700      0.1122600      0.1116700      0.1110700      0.1104800      0.1098900      0.1093000      0.1087100      0.1081300      0.1075500      0.1069700      0.1063900      0.1058100      0.1052400      0.1046700      0.1041000      0.1035300      0.1029600      0.1023900      0.1018300      0.1012600      0.1007000      0.1001400      0.9958000E-01  0.9902000E-01  0.9846000E-01  0.9790000E-01  0.9735000E-01  0.9680000E-01
  0.1132400      0.1126400      0.1120400      0.1114400      0.1108400      0.1102500      0.1096600      0.1090700      0.1084900      0.1079000      0.1073200      0.1067400      0.1061700      0.1055900      0.1050200      0.1044400      0.1038700      0.1033000      0.1027300      0.1021700      0.1016000      0.1010400      0.1004800      0.9991000E-01  0.9935000E-01  0.9879000E-01  0.9824000E-01  0.9768000E-01  0.9712000E-01  0.9657000E-01
  0.1132430      0.1126400      0.1118350      0.1112200      0.1106200      0.1100300      0.1094400      0.1088500      0.1082700      0.1076800      0.1071000      0.1065200      0.1059500      0.1053700      0.1048000      0.1042200      0.1036500      0.1030800      0.1025200      0.1019500      0.1013800      0.1008200      0.1002600      0.9969000E-01  0.9913000E-01  0.9857000E-01  0.9802000E-01  0.9746000E-01  0.9690000E-01  0.9635000E-01
  0.1132440      0.1122350      0.1112200      0.1106100      0.1104100      0.1098100      0.1092200      0.1086400      0.1080500      0.1074700      0.1068900      0.1063100      0.1057300      0.1051600      0.1045800      0.1040100      0.1034400      0.1028700      0.1023000      0.1017300      0.1011700      0.1006000      0.1000400      0.9948000E-01  0.9892000E-01  0.9836000E-01  0.9780000E-01  0.9724000E-01  0.9668000E-01  0.9613000E-01
  0.1126380      0.1112200      0.1105800      0.1103000      0.1101900      0.1096000      0.1090100      0.1084200      0.1078400      0.1072600      0.1066800      0.1061000      0.1055200      0.1049400      0.1043700      0.1038000      0.1032300      0.1026600      0.1020900      0.1015200      0.1009600      0.1003900      0.9983000E-01  0.9927000E-01  0.9870000E-01  0.9814000E-01  0.9758000E-01  0.9702000E-01  0.9647000E-01  0.9591000E-01
  0.1112200      0.1105590      0.1102450      0.1101900      0.1097270      0.1093900      0.1088000      0.1082200      0.1076300      0.1070500      0.1064700      0.1058900      0.1053100      0.1047400      0.1041600      0.1035900      0.1030200      0.1024500      0.1018800      0.1013100      0.1007500      0.1001800      0.9962000E-01  0.9906000E-01  0.9849000E-01  0.9793000E-01  0.9737000E-01  0.9681000E-01  0.9625000E-01  0.9570000E-01
  0.1105470      0.1102170      0.1101900      0.1097690      0.1093900      0.1089300      0.1086000      0.1080100      0.1074300      0.1068400      0.1062600      0.1056900      0.1051100      0.1045300      0.1039600      0.1033900      0.1028200      0.1022500      0.1016800      0.1011100      0.1005400      0.9998000E-01  0.9941000E-01  0.9885000E-01  0.9829000E-01  0.9772000E-01  0.9716000E-01  0.9660000E-01  0.9604000E-01  0.9549000E-01
  0.1102040      0.1101900      0.1097830      0.1093900      0.1089730      0.1086000      0.1083050      0.1080130      0.1072300      0.1066400      0.1060600      0.1054900      0.1049100      0.1043300      0.1037600      0.1031900      0.1026200      0.1020500      0.1014800      0.1009100      0.1003400      0.9978000E-01  0.9921000E-01  0.9865000E-01  0.9808000E-01  0.9752000E-01  0.9696000E-01  0.9640000E-01  0.9584000E-01  0.9528000E-01
  0.1101900      0.1097880      0.1093900      0.1089880      0.1086000      0.1084520      0.1083060      0.1075470      0.1066400      0.1063500      0.1057140      0.1052900      0.1047100      0.1041400      0.1035600      0.1029900      0.1024200      0.1018500      0.1012800      0.1007100      0.1001400      0.9958000E-01  0.9901000E-01  0.9845000E-01  0.9788000E-01  0.9732000E-01  0.9676000E-01  0.9619000E-01  0.9563000E-01  0.9507000E-01
  0.1097890      0.1093900      0.1089930      0.1086000      0.1085260      0.1084530      0.1077360      0.1066400      0.1064950      0.1057970      0.1051900      0.1050900      0.1045200      0.1039400      0.1033700      0.1028000      0.1022200      0.1016500      0.1010800      0.1005200      0.9995000E-01  0.9938000E-01  0.9881000E-01  0.9825000E-01  0.9768000E-01  0.9712000E-01  0.9656000E-01  0.9599000E-01  0.9543000E-01  0.9487000E-01
  0.1093900      0.1089940      0.1086000      0.1085630      0.1085260      0.1078390      0.1066400      0.1065680      0.1058320      0.1051400      0.1050900      0.1048050      0.1043250      0.1037500      0.1031800      0.1026000      0.1020300      0.1014600      0.1008900      0.1003200      0.9976000E-01  0.9919000E-01  0.9862000E-01  0.9805000E-01  0.9749000E-01  0.9692000E-01  0.9636000E-01  0.9579000E-01  0.9523000E-01  0.9467000E-01
  0.1089950      0.1086000      0.1085820      0.1085630      0.1078920      0.1066400      0.1066040      0.1058490      0.1051150      0.1050900      0.1049470      0.1044930      0.1037500      0.1034650      0.1031770      0.1026030      0.1020300      0.1014600      0.1005500      0.1001300      0.9956000E-01  0.9900000E-01  0.9843000E-01  0.9786000E-01  0.9730000E-01  0.9673000E-01  0.9616000E-01  0.9560000E-01  0.9503000E-01  0.9447000E-01
  0.1086000      0.1085910      0.1085820      0.1079190      0.1066400      0.1066220      0.1058570      0.1051020      0.1050900      0.1050190      0.1045700      0.1037500      0.1036070      0.1034640      0.1030820      0.1026030      0.1020310      0.1008060      0.1000400      0.9995000E-01  0.9938000E-01  0.9881000E-01  0.9824000E-01  0.9767000E-01  0.9710000E-01  0.9654000E-01  0.9597000E-01  0.9540000E-01  0.9484000E-01  0.9427000E-01
  0.1085950      0.1085910      0.1079330      0.1066400      0.1066310      0.1058610      0.1050960      0.1050900      0.1050540      0.1046070      0.1037500      0.1036790      0.1036070      0.1033840      0.1030500      0.1025720      0.1010770      0.9999500E-01  0.9995000E-01  0.9950670E-01  0.9919000E-01  0.9862000E-01  0.9805000E-01  0.9748000E-01  0.9692000E-01  0.9635000E-01  0.9578000E-01  0.9521000E-01  0.9465000E-01  0.9408000E-01
  0.1085950      0.1079400      0.1066400      0.1066350      0.1058630      0.1050930      0.1050900      0.1050720      0.1046250      0.1037500      0.1037140      0.1036790      0.1035570      0.1033470      0.1030020      0.1012160      0.9997250E-01  0.9995000E-01  0.9930170E-01  0.9901000E-01  0.9866800E-01  0.9844000E-01  0.9787000E-01  0.9730000E-01  0.9673000E-01  0.9616000E-01  0.9559000E-01  0.9502000E-01  0.9445000E-01  0.9389000E-01
  0.1079430      0.1066400      0.1066380      0.1058640      0.1050920      0.1050900      0.1050810      0.1046340      0.1037500      0.1037320      0.1037140      0.1036500      0.1035270      0.1022510      0.1008580      0.9941040E-01  0.9941000E-01  0.9912600E-01  0.9880000E-01  0.9874000E-01  0.9883000E-01  0.9826000E-01  0.9769000E-01  0.9712000E-01  0.9654000E-01  0.9597000E-01  0.9540000E-01  0.9483000E-01  0.9426000E-01  0.9369000E-01
  0.1066400      0.1066390      0.1058650      0.1050910      0.1050900      0.1050860      0.1046390      0.1037500      0.1037410      0.1037320      0.1036990      0.1036310      0.1015230      0.9909470E-01  0.9910000E-01  0.9907000E-01  0.9884870E-01  0.9887000E-01  0.9870810E-01  0.9865000E-01  0.9865000E-01  0.9808000E-01  0.9751000E-01  0.9693000E-01  0.9636000E-01  0.9579000E-01  0.9522000E-01  0.9465000E-01  0.9408000E-01  0.9350000E-01
  0.1066390      0.1058650      0.1050900      0.1050900      0.1050880      0.1046410      0.1037500      0.1037460      0.1037410      0.1037240      0.1018760      0.9916000E-01  0.9911200E-01  0.9908940E-01  0.9908940E-01  0.9910000E-01  0.9892140E-01  0.9882750E-01  0.9887000E-01  0.9857250E-01  0.9847000E-01  0.9790000E-01  0.9733000E-01  0.9675000E-01  0.9618000E-01  0.9561000E-01  0.9503000E-01  0.9446000E-01  0.9389000E-01  0.9332000E-01
  0.1058650      0.1050900      0.1050900      0.1050890      0.1046420      0.1037500      0.1037480      0.1037460      0.1037370      0.1015320      0.9916000E-01  0.9916000E-01  0.9916000E-01  0.9910400E-01  0.9907870E-01  0.9907870E-01  0.9910000E-01  0.9888810E-01  0.9878500E-01  0.9887000E-01  0.9830000E-01  0.9772000E-01  0.9715000E-01  0.9657000E-01  0.9600000E-01  0.9543000E-01  0.9485000E-01  0.9428000E-01  0.9370000E-01  0.9313000E-01
  0.1050900      0.1050900      0.1050890      0.1046430      0.1037500      0.1037490      0.1037480      0.1025330      0.1010240      0.9915950E-01  0.9916000E-01  0.9916000E-01  0.9916000E-01  0.9916000E-01  0.9908800E-01  0.9905750E-01  0.9905750E-01  0.9910000E-01  0.9879750E-01  0.9870000E-01  0.9812000E-01  0.9755000E-01  0.9697000E-01  0.9640000E-01  0.9582000E-01  0.9525000E-01  0.9467000E-01  0.9410000E-01  0.9352000E-01  0.9294000E-01
  0.1050900      0.1050900      0.1046430      0.1037500      0.1037490      0.1019730      0.9931000E-01  0.9910500E-01  0.9890000E-01  0.9907210E-01  0.9915860E-01  0.9916000E-01  0.9916000E-01  0.9916000E-01  0.9916000E-01  0.9905590E-01  0.9901500E-01  0.9901500E-01  0.9910000E-01  0.9852000E-01  0.9795000E-01  0.9737000E-01  0.9680000E-01  0.9622000E-01  0.9565000E-01  0.9507000E-01  0.9449000E-01  0.9391000E-01  0.9334000E-01  0.9276000E-01
  0.1050900      0.1046430      0.1037500      0.1037500      0.1016180      0.9930970E-01  0.9930970E-01  0.9931000E-01  0.9910490E-01  0.9890000E-01  0.9906980E-01  0.9915590E-01  0.9916000E-01  0.9916000E-01  0.9916000E-01  0.9916000E-01  0.9899130E-01  0.9893000E-01  0.9893000E-01  0.9835000E-01  0.9778000E-01  0.9720000E-01  0.9662000E-01  0.9605000E-01  0.9547000E-01  0.9489000E-01  0.9431000E-01  0.9373000E-01  0.9315000E-01  0.9257000E-01
