iMOD/TUTORIALS/TUT_MetaswapAnalyser/model_MetaSWAP/meteo/Evaporation/Evaporation_20060111_L1.ASC
NCOLS                30
NROWS                30
XLLCORNER     160000.00
YLLCORNER     340000.00
CELLSIZE        1000.00
NODATA_VALUE   -9999.00
  0.1265700      0.1272800      0.1280100      0.1287300      0.1294700      0.1302200      0.1309700      0.1317200      0.1324900      0.1332500      0.1340200      0.1348000      0.1355800      0.1363600      0.1371400      0.1379200      0.1387100      0.1395000      0.1402800      0.1410700      0.1418600      0.1426500      0.1434300      0.1442200      0.1450000      0.1457900      0.1465700      0.1473400      0.1481200      0.1489000    
  0.1281700      0.1288800      0.1296100      0.1303400      0.1310800      0.1318300      0.1325800      0.1333400      0.1341000      0.1348700      0.1356400      0.1364200      0.1372000      0.1379800      0.1387600      0.1395400      0.1403300      0.1411200      0.1419000      0.1426900      0.1434800      0.1442600      0.1450500      0.1458300      0.1466100      0.1473900      0.1481700      0.1489500      0.1497200      0.1504900    
  0.1297700      0.1304900      0.1312200      0.1319500      0.1326900      0.1334400      0.1342000      0.1349600      0.1357200      0.1364900      0.1372700      0.1380400      0.1388200      0.1396000      0.1403900      0.1411700      0.1419600      0.1427400      0.1435300      0.1443200      0.1451000      0.1458900      0.1466700      0.1474500      0.1482300      0.1490100      0.1497800      0.1505600      0.1513300      0.1521000    
  0.1313800      0.1321000      0.1328300      0.1335700      0.1343200      0.1350700      0.1358300      0.1365900      0.1373600      0.1381300      0.1389000      0.1396800      0.1404600      0.1412400      0.1420200      0.1428100      0.1435900      0.1443800      0.1451600      0.1459500      0.1467300      0.1475200      0.1483000      0.1490800      0.1498600      0.1506300      0.1514000      0.1521700      0.1529400      0.1537100    
  0.1330000      0.1337200      0.1344600      0.1352000      0.1359500      0.1367000      0.1374600      0.1382300      0.1389900      0.1397700      0.1405400      0.1413200      0.1421000      0.1428800      0.1436700      0.1444500      0.1452400      0.1460200      0.1468100      0.1475900      0.1483700      0.1491500      0.1499300      0.1507100      0.1514900      0.1522600      0.1530300      0.1538000      0.1545600      0.1553200    
  0.1346200      0.1353500      0.1360900      0.1368300      0.1375800      0.1383400      0.1391000      0.1398700      0.1406400      0.1414100      0.1421900      0.1429700      0.1437500      0.1445300      0.1453200      0.1461000      0.1468900      0.1476700      0.1484600      0.1492400      0.1500200      0.1508000      0.1515800      0.1523500      0.1531300      0.1539000      0.1546600      0.1554300      0.1561900      0.1569500    
  0.1362500      0.1369800      0.1377300      0.1384700      0.1392300      0.1399900      0.1407500      0.1415200      0.1422900      0.1430700      0.1438500      0.1446300      0.1454100      0.1461900      0.1469800      0.1477600      0.1485400      0.1493300      0.1501100      0.1508900      0.1516700      0.1524500      0.1532300      0.1540000      0.1547700      0.1555400      0.1563000      0.1570700      0.1578200      0.1585800    
  0.1378800      0.1386200      0.1393700      0.1401200      0.1408800      0.1416400      0.1424000      0.1431800      0.1439500      0.1447300      0.1455100      0.1462900      0.1470700      0.1478500      0.1486400      0.1494200      0.1502100      0.1509900      0.1517700      0.1525500      0.1533300      0.1541100      0.1548800      0.1556600      0.1564200      0.1571900      0.1579500      0.1587100      0.1594600      0.1602100    
  0.1395200      0.1402700      0.1410100      0.1417700      0.1425300      0.1432900      0.1440600      0.1448400      0.1456100      0.1463900      0.1471700      0.1479600      0.1487400      0.1495200      0.1503100      0.1510900      0.1518800      0.1526600      0.1534400      0.1542200      0.1550000      0.1557700      0.1565500      0.1573100      0.1580800      0.1588400      0.1596000      0.1603600      0.1611100      0.1618500    
  0.1411700      0.1419100      0.1426700      0.1434200      0.1441900      0.1449600      0.1457300      0.1465000      0.1472800      0.1480600      0.1488400      0.1496300      0.1504100      0.1512000      0.1519800      0.1527700      0.1535500      0.1543300      0.1551100      0.1558900      0.1566700      0.1574400      0.1582100      0.1589800      0.1597400      0.1605000      0.1612600      0.1620100      0.1627600      0.1635000    
  0.1411670      0.1419170      0.1432700      0.1450800      0.1458500      0.1466200      0.1474000      0.1481700      0.1489500      0.1497400      0.1505200      0.1513100      0.1520900      0.1528800      0.1536600      0.1544500      0.1552300      0.1560100      0.1567900      0.1575700      0.1583500      0.1591200      0.1598800      0.1606500      0.1614100      0.1621700      0.1629200      0.1636700      0.1644100      0.1651500    
  0.1411700      0.1428580      0.1450800      0.1469100      0.1475200      0.1482900      0.1490700      0.1498500      0.1506300      0.1514200      0.1522000      0.1529900      0.1537700      0.1545600      0.1553500      0.1561300      0.1569200      0.1577000      0.1584800      0.1592500      0.1600300      0.1608000      0.1615600      0.1623200      0.1630800      0.1638400      0.1645900      0.1653300      0.1660700      0.1668100    
  0.1423840      0.1450800      0.1473840      0.1483550      0.1491900      0.1499600      0.1507400      0.1515300      0.1523100      0.1531000      0.1538900      0.1546700      0.1554600      0.1562500      0.1570400      0.1578200      0.1586000      0.1593800      0.1601600      0.1609400      0.1617100      0.1624800      0.1632400      0.1640000      0.1647600      0.1655100      0.1662600      0.1670000      0.1677300      0.1684600    
  0.1450800      0.1476070      0.1487730      0.1491900      0.1502630      0.1516400      0.1524200      0.1532100      0.1540000      0.1547800      0.1555700      0.1563600      0.1571500      0.1579400      0.1587300      0.1595100      0.1603000      0.1610800      0.1618500      0.1626300      0.1634000      0.1641600      0.1649300      0.1656800      0.1664400      0.1671900      0.1679300      0.1686700      0.1694000      0.1701300    
  0.1477140      0.1489810      0.1491900      0.1503640      0.1516400      0.1527200      0.1541000      0.1548900      0.1556800      0.1564700      0.1572600      0.1580500      0.1588400      0.1596300      0.1604200      0.1612100      0.1619900      0.1627700      0.1635500      0.1643200      0.1650900      0.1658500      0.1666100      0.1673700      0.1681200      0.1688600      0.1696000      0.1703400      0.1710700      0.1717900    
  0.1490860      0.1491900      0.1503980      0.1516400      0.1528200      0.1541000      0.1544950      0.1548900      0.1563000      0.1581600      0.1589600      0.1597500      0.1605400      0.1613300      0.1621200      0.1629000      0.1636900      0.1644700      0.1652400      0.1660200      0.1667800      0.1675500      0.1683000      0.1690600      0.1698100      0.1705500      0.1712800      0.1720100      0.1727400      0.1734600    
  0.1491900      0.1504090      0.1516400      0.1528530      0.1541000      0.1542980      0.1544950      0.1559610      0.1581600      0.1585600      0.1602920      0.1614500      0.1622400      0.1630300      0.1638200      0.1646000      0.1653900      0.1661700      0.1669400      0.1677100      0.1684800      0.1692400      0.1700000      0.1707500      0.1714900      0.1722300      0.1729600      0.1736900      0.1744100      0.1751300    
  0.1504130      0.1516400      0.1528640      0.1541000      0.1541990      0.1542980      0.1557280      0.1581600      0.1583600      0.1604890      0.1622950      0.1631400      0.1639400      0.1647300      0.1655200      0.1663100      0.1670900      0.1678700      0.1686400      0.1694100      0.1701800      0.1709400      0.1716900      0.1724400      0.1731800      0.1739200      0.1746500      0.1753700      0.1760900      0.1768000    
  0.1516400      0.1528680      0.1541000      0.1541490      0.1541990      0.1555960      0.1581600      0.1582600      0.1605730      0.1627170      0.1631400      0.1635400      0.1645600      0.1664300      0.1672200      0.1680100      0.1687900      0.1695700      0.1703500      0.1711200      0.1718800      0.1726400      0.1733900      0.1741300      0.1748700      0.1756100      0.1763300      0.1770500      0.1777600      0.1784700    
  0.1528690      0.1541000      0.1541250      0.1541490      0.1555260      0.1581600      0.1582100      0.1606120      0.1629290      0.1631400      0.1633400      0.1644180      0.1664300      0.1668250      0.1672200      0.1680070      0.1687900      0.1695700      0.1716760      0.1728200      0.1735800      0.1743400      0.1750900      0.1758300      0.1765700      0.1773000      0.1780200      0.1787300      0.1794400      0.1801400    
  0.1541000      0.1541120      0.1541250      0.1554900      0.1581600      0.1581850      0.1606310      0.1630340      0.1631400      0.1632400      0.1643320      0.1664300      0.1666270      0.1668250      0.1673510      0.1680060      0.1687890      0.1716450      0.1736700      0.1745200      0.1752800      0.1760400      0.1767800      0.1775300      0.1782600      0.1789900      0.1797000      0.1804200      0.1811200      0.1818200    
  0.1541060      0.1541120      0.1554720      0.1581600      0.1581730      0.1606410      0.1630870      0.1631400      0.1631900      0.1642850      0.1664300      0.1665290      0.1666270      0.1669340      0.1673940      0.1680480      0.1714110      0.1740950      0.1745200      0.1755930      0.1769800      0.1777400      0.1784800      0.1792200      0.1799500      0.1806700      0.1813900      0.1821000      0.1828000      0.1834900    
  0.1541060      0.1554630      0.1581600      0.1581660      0.1606450      0.1631140      0.1631400      0.1631650      0.1642610      0.1664300      0.1664790      0.1665290      0.1666970      0.1669850      0.1674590      0.1721570      0.1743070      0.1745200      0.1775100      0.1786850      0.1791380      0.1794400      0.1801800      0.1809200      0.1816400      0.1823600      0.1830800      0.1837800      0.1844700      0.1851600    
  0.1554580      0.1581600      0.1581630      0.1606480      0.1631270      0.1631400      0.1631530      0.1642490      0.1664300      0.1664550      0.1664790      0.1665680      0.1667370      0.1721230      0.1763350      0.1796250      0.1796250      0.1800900      0.1806720      0.1812400      0.1803900      0.1811400      0.1818800      0.1826100      0.1833400      0.1840500      0.1847600      0.1854600      0.1861500      0.1868300    
  0.1581600      0.1581620      0.1606490      0.1631330      0.1631400      0.1631460      0.1642430      0.1664300      0.1664420      0.1664550      0.1665010      0.1665950      0.1760570      0.1874030      0.1873500      0.1844360      0.1849410      0.1847300      0.1830210      0.1820900      0.1820900      0.1828400      0.1835800      0.1843100      0.1850300      0.1857400      0.1864400      0.1871400      0.1878300      0.1885000    
  0.1581610      0.1606490      0.1631370      0.1631400      0.1631430      0.1642400      0.1664300      0.1664360      0.1664420      0.1664660      0.1765580      0.1916200      0.1888520      0.1874560      0.1874560      0.1873500      0.1858270      0.1851530      0.1847300      0.1840230      0.1837900      0.1845300      0.1852700      0.1860000      0.1867200      0.1874300      0.1881300      0.1888200      0.1895000      0.1901700    
  0.1606500      0.1631380      0.1631400      0.1631420      0.1642380      0.1664300      0.1664330      0.1664360      0.1664480      0.1785410      0.1916200      0.1916200      0.1916200      0.1889300      0.1875610      0.1875610      0.1873500      0.1860770      0.1855750      0.1847300      0.1854800      0.1862300      0.1869600      0.1876900      0.1884000      0.1891100      0.1898100      0.1904900      0.1911700      0.1918400    
  0.1631390      0.1631400      0.1631410      0.1642370      0.1664300      0.1664320      0.1664330      0.1746070      0.1827150      0.1916250      0.1916200      0.1916200      0.1916200      0.1916200      0.1890840      0.1877720      0.1877730      0.1873500      0.1866520      0.1864200      0.1871800      0.1879200      0.1886500      0.1893800      0.1900900      0.1907900      0.1914800      0.1921600      0.1928300      0.1935000    
  0.1631400      0.1631400      0.1642370      0.1664300      0.1664310      0.1798320      0.1999300      0.1995200      0.1991100      0.1941290      0.1916340      0.1916200      0.1916200      0.1916200      0.1916200      0.1893840      0.1881940      0.1881950      0.1873500      0.1881100      0.1888700      0.1896100      0.1903400      0.1910600      0.1917700      0.1924700      0.1931500      0.1938300      0.1945000      0.1951600    
  0.1631400      0.1642370      0.1664300      0.1664300      0.1825130      0.1999330      0.1999330      0.1999300      0.1995200      0.1991100      0.1941530      0.1916610      0.1916200      0.1916200      0.1916200      0.1916200      0.1899490      0.1890370      0.1890400      0.1898000      0.1905500      0.1912900      0.1920200      0.1927400      0.1934500      0.1941400      0.1948200      0.1955000      0.1961600      0.1968100    
