iMOD/TUTORIALS/TUT_MetaswapAnalyser/model_MetaSWAP/meteo/Evaporation/Evaporation_20060305_L1.ASC
NCOLS                30
NROWS                30
XLLCORNER     160000.00
YLLCORNER     340000.00
CELLSIZE        1000.00
NODATA_VALUE   -9999.00
  0.8092500      0.8071100      0.8049800      0.8028600      0.8007600      0.7986800      0.7966100      0.7945600      0.7925200      0.7905000      0.7884900      0.7865000      0.7845200      0.7825600      0.7806200      0.7786800      0.7767700      0.7748600      0.7729800      0.7711000      0.7692400      0.7674000      0.7655700      0.7637600      0.7619500      0.7601700      0.7583900      0.7566400      0.7548900      0.7531600    
  0.8105000      0.8083500      0.8062300      0.8041200      0.8020300      0.7999500      0.7978800      0.7958400      0.7938000      0.7917900      0.7897800      0.7877900      0.7858200      0.7838600      0.7819200      0.7799900      0.7780700      0.7761700      0.7742800      0.7724100      0.7705500      0.7687000      0.7668700      0.7650500      0.7632500      0.7614600      0.7596800      0.7579100      0.7561600      0.7544300    
  0.8117600      0.8096300      0.8075100      0.8054000      0.8033100      0.8012400      0.7991800      0.7971400      0.7951100      0.7930900      0.7910900      0.7891100      0.7871400      0.7851800      0.7832400      0.7813100      0.7793900      0.7774900      0.7756100      0.7737300      0.7718700      0.7700200      0.7681900      0.7663700      0.7645600      0.7627600      0.7609800      0.7592100      0.7574500      0.7557100    
  0.8130600      0.8109200      0.8088100      0.8067100      0.8046200      0.8025600      0.8005000      0.7984600      0.7964400      0.7944300      0.7924300      0.7904500      0.7884800      0.7865200      0.7845800      0.7826500      0.7807400      0.7788400      0.7769500      0.7750800      0.7732100      0.7713600      0.7695300      0.7677000      0.7658900      0.7640900      0.7623000      0.7605300      0.7587600      0.7570100    
  0.8143700      0.8122400      0.8101300      0.8080400      0.8059600      0.8038900      0.8018400      0.7998100      0.7977900      0.7957800      0.7937900      0.7918100      0.7898400      0.7878900      0.7859500      0.7840200      0.7821100      0.7802000      0.7783100      0.7764400      0.7745700      0.7727200      0.7708800      0.7690500      0.7672400      0.7654300      0.7636400      0.7618600      0.7600900      0.7583300    
  0.8157100      0.8135900      0.8114800      0.8093900      0.8073100      0.8052500      0.8032100      0.8011700      0.7991600      0.7971500      0.7951600      0.7931800      0.7912200      0.7892700      0.7873300      0.7854000      0.7834900      0.7815900      0.7797000      0.7778200      0.7759500      0.7741000      0.7722600      0.7704200      0.7686000      0.7667900      0.7650000      0.7632100      0.7614300      0.7596600    
  0.8170700      0.8149500      0.8128500      0.8107600      0.8086900      0.8066300      0.8045900      0.8025600      0.8005500      0.7985500      0.7965600      0.7945800      0.7926200      0.7906700      0.7887300      0.7868100      0.7848900      0.7829900      0.7811000      0.7792200      0.7773500      0.7754900      0.7736500      0.7718100      0.7699900      0.7681700      0.7663700      0.7645700      0.7627900      0.7610200    
  0.8184500      0.8163300      0.8142400      0.8121500      0.8100900      0.8080300      0.8059900      0.8039700      0.8019600      0.7999600      0.7979700      0.7960000      0.7940400      0.7920900      0.7901500      0.7882300      0.7863100      0.7844100      0.7825200      0.7806400      0.7787600      0.7769000      0.7750500      0.7732100      0.7713800      0.7695600      0.7677500      0.7659500      0.7641600      0.7623800    
  0.8198400      0.8177400      0.8156400      0.8135600      0.8115000      0.8094500      0.8074200      0.8053900      0.8033900      0.8013900      0.7994100      0.7974300      0.7954700      0.7935300      0.7915900      0.7896600      0.7877500      0.7858500      0.7839500      0.7820700      0.7802000      0.7783300      0.7764800      0.7746300      0.7728000      0.7709700      0.7691600      0.7673500      0.7655500      0.7637600    
  0.8212600      0.8191600      0.8170700      0.8149900      0.8129300      0.8108900      0.8088600      0.8068400      0.8048300      0.8028400      0.8008600      0.7988900      0.7969300      0.7949800      0.7930400      0.7911200      0.7892000      0.7873000      0.7854000      0.7835200      0.7816400      0.7797700      0.7779200      0.7760700      0.7742300      0.7723900      0.7705700      0.7687600      0.7669500      0.7651500    
  0.8212670      0.8191630      0.8169150      0.8164400      0.8143800      0.8123400      0.8103100      0.8083000      0.8062900      0.8043000      0.8023200      0.8003500      0.7984000      0.7964500      0.7945100      0.7925900      0.7906700      0.7887700      0.7868700      0.7849800      0.7831000      0.7812300      0.7793700      0.7775100      0.7756700      0.7738300      0.7720000      0.7701800      0.7683700      0.7665600    
  0.8212720      0.8184460      0.8164400      0.8160000      0.8158500      0.8138100      0.8117800      0.8097700      0.8077700      0.8057800      0.8038000      0.8018400      0.7998800      0.7979300      0.7960000      0.7940700      0.7921600      0.7902500      0.7883500      0.7864600      0.7845800      0.7827000      0.7808300      0.7789700      0.7771200      0.7752800      0.7734400      0.7716100      0.7697900      0.7679800    
  0.8198880      0.8164400      0.8165900      0.8165900      0.8173300      0.8152900      0.8132700      0.8112600      0.8092600      0.8072700      0.8053000      0.8033300      0.8013800      0.7994300      0.7975000      0.7955700      0.7936500      0.7917400      0.7898400      0.7879500      0.7860600      0.7841800      0.7823100      0.7804500      0.7785900      0.7767400      0.7749000      0.7730600      0.7712300      0.7694100    
  0.8164400      0.8168300      0.8169600      0.8173300      0.8164700      0.8167900      0.8147700      0.8127600      0.8107700      0.8087800      0.8068100      0.8048400      0.8028900      0.8009400      0.7990100      0.7970800      0.7951600      0.7932500      0.7913500      0.7894500      0.7875600      0.7856800      0.7838000      0.7819300      0.7800700      0.7782100      0.7763600      0.7745200      0.7726800      0.7708500    
  0.8169360      0.8171450      0.8173300      0.8168630      0.8167900      0.8159500      0.8162900      0.8142800      0.8122900      0.8103000      0.8083300      0.8063700      0.8044100      0.8024700      0.8005300      0.7986100      0.7966900      0.7947700      0.7928700      0.7909700      0.7890700      0.7871900      0.7853100      0.7834300      0.7815600      0.7797000      0.7778400      0.7759900      0.7741400      0.7723000    
  0.8172370      0.8173300      0.8169940      0.8167900      0.8163430      0.8162900      0.8152850      0.8142870      0.8121770      0.8118400      0.8098600      0.8079000      0.8059500      0.8040100      0.8020700      0.8001400      0.7982200      0.7963000      0.7944000      0.7924900      0.7906000      0.7887100      0.7868200      0.7849400      0.7830600      0.7811900      0.7793300      0.7774700      0.7756100      0.7737600    
  0.8173300      0.8170380      0.8167900      0.8164740      0.8162900      0.8157870      0.8152870      0.8133970      0.8118400      0.8108500      0.8100100      0.8094500      0.8075000      0.8055500      0.8036200      0.8016900      0.7997600      0.7978500      0.7959400      0.7940300      0.7921300      0.7902300      0.7883400      0.7864600      0.7845800      0.7827000      0.7808300      0.7789600      0.7770900      0.7752300    
  0.8170530      0.8167900      0.8165180      0.8162900      0.8160390      0.8157880      0.8140780      0.8118400      0.8113450      0.8107850      0.8102250      0.8110000      0.8090500      0.8071100      0.8051700      0.8032400      0.8013200      0.7994000      0.7974900      0.7955800      0.7936700      0.7917700      0.7898800      0.7879800      0.7861000      0.7842100      0.7823300      0.7804500      0.7785800      0.7767100    
  0.8167900      0.8165330      0.8162900      0.8161640      0.8160390      0.8144360      0.8118400      0.8115920      0.8111170      0.8106120      0.8110000      0.8100250      0.8089600      0.8086800      0.8067400      0.8048100      0.8028800      0.8009600      0.7990400      0.7971300      0.7952200      0.7933200      0.7914200      0.7895200      0.7876200      0.7857300      0.7838400      0.7819600      0.7800800      0.7782000    
  0.8165380      0.8162900      0.8162270      0.8161640      0.8146200      0.8118400      0.8117160      0.8112710      0.8108060      0.8110000      0.8105120      0.8096660      0.8086800      0.8077100      0.8067430      0.8048100      0.8028830      0.8009600      0.7992200      0.7987000      0.7967800      0.7948700      0.7929700      0.7910600      0.7891600      0.7872600      0.7853600      0.7834700      0.7815800      0.7796900    
  0.8162900      0.8162590      0.8162270      0.8147130      0.8118400      0.8117780      0.8113460      0.8109030      0.8110000      0.8107560      0.8099650      0.8086800      0.8081950      0.8077110      0.8064210      0.8048120      0.8028840      0.8005640      0.7994850      0.8002700      0.7983500      0.7964400      0.7945200      0.7926100      0.7907000      0.7888000      0.7868900      0.7849900      0.7830900      0.7811900    
  0.8162740      0.8162590      0.8147600      0.8118400      0.8118090      0.8113830      0.8109520      0.8110000      0.8108780      0.8101000      0.8086800      0.8084370      0.8081950      0.8074420      0.8063150      0.8047060      0.8016820      0.7998780      0.8002700      0.7995130      0.7999200      0.7980000      0.7960900      0.7941700      0.7922500      0.7903400      0.7884200      0.7865100      0.7846000      0.7826900    
  0.8162740      0.8147830      0.8118400      0.8118250      0.8114020      0.8109760      0.8110000      0.8109390      0.8101650      0.8086800      0.8085590      0.8084380      0.8080250      0.8073180      0.8061540      0.8035620      0.8000740      0.8002700      0.8012900      0.8015000      0.8003480      0.7995800      0.7976500      0.7957300      0.7938100      0.7918800      0.7899600      0.7880400      0.7861200      0.7842000    
  0.8147950      0.8118400      0.8118320      0.8114110      0.8109880      0.8110000      0.8109700      0.8101960      0.8086800      0.8086190      0.8085590      0.8083400      0.8079270      0.8091090      0.8079050      0.8050360      0.8050350      0.8042160      0.8033480      0.8038750      0.8030800      0.8011600      0.7992300      0.7973000      0.7953600      0.7934300      0.7915000      0.7895700      0.7876400      0.7857100    
  0.8118400      0.8118360      0.8114150      0.8109940      0.8110000      0.8109850      0.8102110      0.8086800      0.8086500      0.8086190      0.8085060      0.8082750      0.8110810      0.8149900      0.8149400      0.8104210      0.8099990      0.8098000      0.8063730      0.8046700      0.8046700      0.8027400      0.8008000      0.7988600      0.7969300      0.7949900      0.7930500      0.7911000      0.7891600      0.7872200    
  0.8118380      0.8114180      0.8109970      0.8110000      0.8109920      0.8102190      0.8086800      0.8086650      0.8086500      0.8085920      0.8137560      0.8216900      0.8172640      0.8150400      0.8150400      0.8149400      0.8117100      0.8101980      0.8098000      0.8071450      0.8062600      0.8043200      0.8023800      0.8004400      0.7984900      0.7965400      0.7945900      0.7926400      0.7906900      0.7887300    
  0.8114190      0.8109980      0.8110000      0.8109960      0.8102230      0.8086800      0.8086720      0.8086650      0.8086350      0.8148760      0.8216900      0.8216900      0.8216900      0.8173380      0.8151400      0.8151400      0.8149400      0.8119040      0.8105950      0.8098000      0.8078500      0.8059100      0.8039600      0.8020100      0.8000600      0.7981000      0.7961400      0.7941800      0.7922100      0.7902500    
  0.8109990      0.8110000      0.8109980      0.8102250      0.8086800      0.8086760      0.8086720      0.8143810      0.8184010      0.8216940      0.8216900      0.8216900      0.8216900      0.8216900      0.8174810      0.8153400      0.8153400      0.8149400      0.8122800      0.8113900      0.8094500      0.8075000      0.8055400      0.8035900      0.8016200      0.7996600      0.7976900      0.7957200      0.7937400      0.7917600    
  0.8110000      0.8109990      0.8102260      0.8086800      0.8086780      0.8192220      0.8350400      0.8332950      0.8315500      0.8249890      0.8217030      0.8216900      0.8216900      0.8216900      0.8216900      0.8177550      0.8157400      0.8157400      0.8149400      0.8129900      0.8110400      0.8090900      0.8071300      0.8051600      0.8031900      0.8012200      0.7992400      0.7972500      0.7952700      0.7932800    
  0.8110000      0.8102260      0.8086800      0.8086790      0.8213340      0.8350430      0.8350430      0.8350400      0.8332950      0.8315500      0.8250110      0.8217290      0.8216900      0.8216900      0.8216900      0.8216900      0.8182490      0.8165400      0.8165400      0.8145900      0.8126300      0.8106700      0.8087100      0.8067300      0.8047600      0.8027700      0.8007800      0.7987900      0.7967900      0.7947900    
