iMOD/TUTORIALS/TUT_MetaswapAnalyser/model_MetaSWAP/meteo/Evaporation/Evaporation_20050503_L1.ASC
NCOLS                30
NROWS                30
XLLCORNER     160000.00
YLLCORNER     340000.00
CELLSIZE        1000.00
NODATA_VALUE   -9999.00
   2.003040       2.003200       2.003310       2.003360       2.003350       2.003290       2.003180       2.003020       2.002810       2.002550       2.002240       2.001880       2.001480       2.001030       2.000540       2.000000       1.999420       1.998800       1.998140       1.997440       1.996700       1.995920       1.995100       1.994240       1.993350       1.992420       1.991460       1.990460       1.989430       1.988370    
   2.009630       2.009780       2.009890       2.009940       2.009940       2.009880       2.009780       2.009620       2.009410       2.009150       2.008850       2.008500       2.008100       2.007660       2.007170       2.006640       2.006060       2.005440       2.004780       2.004080       2.003340       2.002560       2.001750       2.000890       2.000000       1.999070       1.998100       1.997100       1.996070       1.995000    
   2.016210       2.016370       2.016470       2.016520       2.016520       2.016470       2.016370       2.016210       2.016010       2.015760       2.015460       2.015110       2.014720       2.014280       2.013790       2.013270       2.012690       2.012080       2.011420       2.010720       2.009990       2.009210       2.008390       2.007530       2.006640       2.005710       2.004740       2.003740       2.002700       2.001630    
   2.022800       2.022950       2.023050       2.023100       2.023110       2.023060       2.022960       2.022810       2.022610       2.022360       2.022060       2.021720       2.021330       2.020900       2.020420       2.019890       2.019320       2.018710       2.018060       2.017360       2.016620       2.015840       2.015030       2.014170       2.013270       2.012340       2.011370       2.010370       2.009330       2.008250    
   2.029390       2.029540       2.029640       2.029690       2.029690       2.029640       2.029540       2.029400       2.029200       2.028960       2.028670       2.028330       2.027940       2.027510       2.027030       2.026510       2.025950       2.025340       2.024680       2.023990       2.023250       2.022480       2.021660       2.020800       2.019900       2.018970       2.018000       2.016990       2.015950       2.014870    
   2.035980       2.036130       2.036220       2.036270       2.036270       2.036230       2.036130       2.035990       2.035790       2.035550       2.035260       2.034930       2.034550       2.034120       2.033650       2.033130       2.032560       2.031960       2.031310       2.030610       2.029880       2.029100       2.028280       2.027430       2.026530       2.025590       2.024620       2.023610       2.022560       2.021480    
   2.042580       2.042720       2.042810       2.042860       2.042860       2.042810       2.042720       2.042570       2.042380       2.042150       2.041860       2.041530       2.041150       2.040730       2.040260       2.039740       2.039180       2.038580       2.037930       2.037240       2.036500       2.035720       2.034910       2.034050       2.033150       2.032210       2.031240       2.030220       2.029170       2.028080    
   2.049180       2.049310       2.049400       2.049440       2.049440       2.049400       2.049300       2.049160       2.048970       2.048740       2.048460       2.048130       2.047750       2.047330       2.046860       2.046350       2.045790       2.045190       2.044540       2.043850       2.043120       2.042340       2.041520       2.040660       2.039760       2.038820       2.037850       2.036830       2.035770       2.034680    
   2.055780       2.055900       2.055990       2.056030       2.056030       2.055980       2.055890       2.055750       2.055560       2.055330       2.055050       2.054720       2.054350       2.053930       2.053460       2.052950       2.052400       2.051800       2.051150       2.050460       2.049730       2.048950       2.048130       2.047270       2.046370       2.045430       2.044450       2.043430       2.042370       2.041270    
   2.062380       2.062500       2.062580       2.062620       2.062620       2.062570       2.062470       2.062330       2.062150       2.061920       2.061640       2.061310       2.060940       2.060530       2.060060       2.059550       2.059000       2.058400       2.057760       2.057070       2.056330       2.055560       2.054740       2.053880       2.052970       2.052030       2.051050       2.050020       2.048960       2.047860    
   2.062360       2.062490       2.064230       2.069210       2.069200       2.069150       2.069060       2.068920       2.068730       2.068500       2.068220       2.067900       2.067530       2.067120       2.066660       2.066150       2.065600       2.065000       2.064360       2.063670       2.062940       2.062160       2.061340       2.060480       2.059570       2.058620       2.057640       2.056610       2.055540       2.054440    
   2.062350       2.064570       2.069210       2.074140       2.075790       2.075730       2.075640       2.075500       2.075310       2.075080       2.074810       2.074490       2.074120       2.073710       2.073250       2.072740       2.072190       2.071590       2.070950       2.070260       2.069530       2.068750       2.067930       2.067070       2.066160       2.065210       2.064220       2.063190       2.062120       2.061010    
   2.064580       2.069210       2.076200       2.079080       2.082370       2.082320       2.082220       2.082080       2.081890       2.081660       2.081390       2.081070       2.080700       2.080290       2.079830       2.079330       2.078780       2.078180       2.077540       2.076850       2.076120       2.075340       2.074520       2.073650       2.072740       2.071790       2.070800       2.069760       2.068690       2.067570    
   2.069210       2.077130       2.080730       2.082370       2.084530       2.088900       2.088800       2.088660       2.088470       2.088240       2.087970       2.087650       2.087280       2.086870       2.086420       2.085910       2.085360       2.084770       2.084130       2.083440       2.082700       2.081920       2.081100       2.080230       2.079320       2.078360       2.077370       2.076330       2.075250       2.074120    
   2.077560       2.081550       2.082370       2.085270       2.088900       2.091020       2.095370       2.095230       2.095050       2.094820       2.094540       2.094230       2.093860       2.093450       2.093000       2.092490       2.091940       2.091350       2.090710       2.090020       2.089280       2.088500       2.087680       2.086800       2.085890       2.084930       2.083930       2.082880       2.081800       2.080670    
   2.081960       2.082370       2.085510       2.088900       2.091760       2.095370       2.095300       2.095220       2.096620       2.101390       2.101110       2.100800       2.100430       2.100020       2.099570       2.099070       2.098520       2.097920       2.097280       2.096590       2.095850       2.095070       2.094240       2.093370       2.092450       2.091490       2.090480       2.089430       2.088340       2.087210    
   2.082370       2.085590       2.088900       2.092010       2.095370       2.095340       2.095300       2.097130       2.101390       2.101250       2.104920       2.107360       2.107000       2.106590       2.106140       2.105630       2.105080       2.104490       2.103850       2.103150       2.102420       2.101630       2.100800       2.099930       2.099000       2.098040       2.097030       2.095970       2.094870       2.093730    
   2.085620       2.088900       2.092090       2.095370       2.095350       2.095330       2.097290       2.101390       2.101320       2.106420       2.110640       2.113920       2.113560       2.113150       2.112700       2.112190       2.111650       2.111050       2.110410       2.109710       2.108980       2.108190       2.107360       2.106480       2.105550       2.104580       2.103560       2.102500       2.101400       2.100250    
   2.088900       2.092120       2.095370       2.095360       2.095350       2.097340       2.101390       2.101350       2.107070       2.112280       2.113920       2.113740       2.115080       2.119710       2.119250       2.118750       2.118200       2.117600       2.116960       2.116270       2.115520       2.114740       2.113900       2.113020       2.112090       2.111110       2.110090       2.109020       2.107910       2.106760    
   2.092130       2.095370       2.095370       2.095360       2.097360       2.101390       2.101370       2.107370       2.113100       2.113920       2.113830       2.115610       2.119710       2.119480       2.119240       2.118730       2.118180       2.117590       2.120600       2.122810       2.122070       2.121280       2.120440       2.119550       2.118610       2.117630       2.116600       2.115530       2.114410       2.113250    
   2.095370       2.095370       2.095370       2.097370       2.101390       2.101380       2.107510       2.113510       2.113920       2.113870       2.115770       2.119710       2.119600       2.119480       2.119150       2.118720       2.118170       2.122360       2.126070       2.129340       2.128600       2.127800       2.126960       2.126070       2.125130       2.124140       2.123110       2.122030       2.120910       2.119740    
   2.095370       2.095370       2.097370       2.101390       2.101390       2.107580       2.113720       2.113920       2.113900       2.115820       2.119710       2.119650       2.119590       2.119410       2.119110       2.118680       2.123260       2.127710       2.129340       2.131020       2.135120       2.134330       2.133480       2.132580       2.131640       2.130650       2.129610       2.128520       2.127390       2.126210    
   2.095370       2.097370       2.101390       2.101390       2.107620       2.113820       2.113920       2.113910       2.115840       2.119710       2.119680       2.119650       2.119550       2.119370       2.119070       2.127680       2.128520       2.129340       2.138340       2.141630       2.141150       2.140840       2.139980       2.139080       2.138130       2.137140       2.136090       2.134990       2.133850       2.132670    
   2.097380       2.101390       2.101390       2.107640       2.113870       2.113920       2.113910       2.115840       2.119710       2.119700       2.119680       2.119630       2.119520       2.134990       2.144220       2.148840       2.148840       2.148910       2.149210       2.151380       2.148140       2.147340       2.146480       2.145570       2.144620       2.143610       2.142560       2.141460       2.140310       2.139110    
   2.101390       2.101390       2.107650       2.113890       2.113920       2.113920       2.115850       2.119710       2.119700       2.119700       2.119670       2.119610       2.147730       2.182160       2.181960       2.168420       2.169150       2.168340       2.159320       2.154630       2.154630       2.153820       2.152960       2.152050       2.151090       2.150080       2.149020       2.147910       2.146750       2.145550    
   2.101390       2.107650       2.113910       2.113920       2.113920       2.115850       2.119710       2.119710       2.119700       2.119690       2.152540       2.201870       2.188900       2.182360       2.182360       2.181960       2.173720       2.169950       2.168340       2.162910       2.161110       2.160300       2.159440       2.158520       2.157550       2.156530       2.155460       2.154340       2.153180       2.151960    
   2.107650       2.113910       2.113920       2.113920       2.115850       2.119710       2.119710       2.119710       2.119700       2.159130       2.201870       2.201870       2.201870       2.189190       2.182760       2.182760       2.181960       2.174610       2.171570       2.168340       2.167580       2.166760       2.165890       2.164970       2.164000       2.162970       2.161890       2.160760       2.159590       2.158360    
   2.113920       2.113920       2.113920       2.115850       2.119710       2.119710       2.119710       2.148320       2.174540       2.201890       2.201870       2.201870       2.201870       2.201870       2.189780       2.183570       2.183570       2.181960       2.176580       2.174800       2.174030       2.173210       2.172340       2.171410       2.170430       2.169390       2.168300       2.167170       2.165980       2.164750    
   2.113920       2.113920       2.115850       2.119710       2.119710       2.168220       2.240980       2.237570       2.234160       2.212680       2.201920       2.201870       2.201870       2.201870       2.201870       2.190900       2.185170       2.185170       2.181960       2.181240       2.180470       2.179650       2.178770       2.177830       2.176840       2.175800       2.174700       2.173560       2.172360       2.171110    
   2.113920       2.115850       2.119710       2.119710       2.177930       2.240990       2.240990       2.240980       2.237570       2.234160       2.212770       2.202030       2.201870       2.201870       2.201870       2.201870       2.193000       2.188390       2.188390       2.187670       2.186900       2.186070       2.185180       2.184240       2.183240       2.182190       2.181080       2.179920       2.178720       2.177460    
