iMOD/TUTORIALS/TUT_MetaswapAnalyser/model_MetaSWAP/meteo/Evaporation/Evaporation_20061124_L1.ASC
NCOLS                30
NROWS                30
XLLCORNER     160000.00
YLLCORNER     340000.00
CELLSIZE        1000.00
NODATA_VALUE   -9999.00
  0.3141600      0.3136800      0.3131900      0.3127100      0.3122300      0.3117600      0.3112900      0.3108300      0.3103700      0.3099100      0.3094700      0.3090200      0.3085900      0.3081600      0.3077500      0.3073400      0.3069300      0.3065400      0.3061600      0.3057800      0.3054200      0.3050600      0.3047200      0.3043900      0.3040600      0.3037500      0.3034400      0.3031500      0.3028700      0.3025900    
  0.3127900      0.3123000      0.3118200      0.3113300      0.3108500      0.3103800      0.3099100      0.3094400      0.3089800      0.3085300      0.3080800      0.3076400      0.3072000      0.3067800      0.3063600      0.3059500      0.3055500      0.3051500      0.3047700      0.3044000      0.3040300      0.3036800      0.3033300      0.3030000      0.3026700      0.3023600      0.3020600      0.3017600      0.3014800      0.3012100    
  0.3114200      0.3109300      0.3104400      0.3099600      0.3094800      0.3090000      0.3085300      0.3080600      0.3076000      0.3071400      0.3066900      0.3062500      0.3058200      0.3053900      0.3049700      0.3045600      0.3041600      0.3037600      0.3033800      0.3030100      0.3026400      0.3022900      0.3019400      0.3016100      0.3012900      0.3009700      0.3006700      0.3003800      0.3001000      0.2998300    
  0.3100600      0.3095600      0.3090700      0.3085800      0.3081000      0.3076200      0.3071500      0.3066800      0.3062200      0.3057600      0.3053100      0.3048700      0.3044300      0.3040000      0.3035800      0.3031700      0.3027700      0.3023800      0.3019900      0.3016200      0.3012500      0.3009000      0.3005600      0.3002200      0.2999000      0.2995900      0.2992800      0.2989900      0.2987100      0.2984400    
  0.3087000      0.3082000      0.3077000      0.3072100      0.3067300      0.3062500      0.3057700      0.3053000      0.3048300      0.3043800      0.3039200      0.3034800      0.3030400      0.3026200      0.3021900      0.3017800      0.3013800      0.3009900      0.3006000      0.3002300      0.2998700      0.2995100      0.2991700      0.2988300      0.2985100      0.2982000      0.2979000      0.2976100      0.2973300      0.2970600    
  0.3073400      0.3068400      0.3063400      0.3058400      0.3053600      0.3048700      0.3043900      0.3039200      0.3034500      0.3029900      0.3025400      0.3021000      0.3016600      0.3012300      0.3008100      0.3004000      0.2999900      0.2996000      0.2992200      0.2988400      0.2984800      0.2981200      0.2977800      0.2974500      0.2971200      0.2968100      0.2965100      0.2962200      0.2959400      0.2956700    
  0.3059800      0.3054800      0.3049800      0.3044800      0.3039900      0.3035000      0.3030200      0.3025400      0.3020800      0.3016100      0.3011600      0.3007100      0.3002800      0.2998400      0.2994200      0.2990100      0.2986100      0.2982100      0.2978300      0.2974500      0.2970900      0.2967400      0.2963900      0.2960600      0.2957400      0.2954300      0.2951200      0.2948300      0.2945600      0.2942900    
  0.3046300      0.3041200      0.3036200      0.3031200      0.3026200      0.3021300      0.3016500      0.3011700      0.3007000      0.3002400      0.2997800      0.2993300      0.2988900      0.2984600      0.2980400      0.2976300      0.2972200      0.2968300      0.2964400      0.2960700      0.2957000      0.2953500      0.2950000      0.2946700      0.2943500      0.2940400      0.2937400      0.2934500      0.2931700      0.2929000    
  0.3032800      0.3027700      0.3022600      0.3017600      0.3012600      0.3007700      0.3002800      0.2998000      0.2993300      0.2988600      0.2984000      0.2979500      0.2975100      0.2970800      0.2966600      0.2962400      0.2958400      0.2954400      0.2950600      0.2946800      0.2943200      0.2939600      0.2936200      0.2932900      0.2929600      0.2926500      0.2923500      0.2920700      0.2917900      0.2915200    
  0.3019400      0.3014200      0.3009100      0.3004000      0.2999000      0.2994000      0.2989100      0.2984300      0.2979600      0.2974900      0.2970300      0.2965800      0.2961400      0.2957000      0.2952800      0.2948600      0.2944500      0.2940600      0.2936700      0.2933000      0.2929300      0.2925800      0.2922300      0.2919000      0.2915800      0.2912700      0.2909700      0.2906800      0.2904100      0.2901400    
  0.3019400      0.3014230      0.3004450      0.2990500      0.2985400      0.2980400      0.2975500      0.2970700      0.2965900      0.2961200      0.2956600      0.2952000      0.2947600      0.2943200      0.2939000      0.2934800      0.2930700      0.2926800      0.2922900      0.2919100      0.2915500      0.2911900      0.2908500      0.2905200      0.2902000      0.2898900      0.2895900      0.2893000      0.2890200      0.2887600    
  0.3019420      0.3007150      0.2990500      0.2976550      0.2971900      0.2966900      0.2961900      0.2957000      0.2952200      0.2947500      0.2942900      0.2938300      0.2933900      0.2929500      0.2925200      0.2921000      0.2916900      0.2913000      0.2909100      0.2905300      0.2901700      0.2898100      0.2894700      0.2891400      0.2888200      0.2885100      0.2882100      0.2879200      0.2876400      0.2873800    
  0.3010430      0.2990500      0.2972650      0.2965150      0.2958400      0.2953400      0.2948400      0.2943500      0.2938600      0.2933900      0.2929200      0.2924600      0.2920200      0.2915800      0.2911500      0.2907300      0.2903200      0.2899200      0.2895300      0.2891500      0.2887900      0.2884300      0.2880900      0.2877600      0.2874400      0.2871300      0.2868300      0.2865400      0.2862700      0.2860000    
  0.2990500      0.2970830      0.2961780      0.2958400      0.2950570      0.2939900      0.2934900      0.2929900      0.2925100      0.2920300      0.2915600      0.2911000      0.2906500      0.2902100      0.2897800      0.2893600      0.2889400      0.2885400      0.2881600      0.2877800      0.2874100      0.2870500      0.2867100      0.2863800      0.2860600      0.2857500      0.2854500      0.2851700      0.2848900      0.2846300    
  0.2969950      0.2960090      0.2958400      0.2949620      0.2939900      0.2932070      0.2921400      0.2916400      0.2911500      0.2906700      0.2902000      0.2897400      0.2892800      0.2888400      0.2884100      0.2879900      0.2875700      0.2871700      0.2867800      0.2864000      0.2860400      0.2856800      0.2853400      0.2850000      0.2846800      0.2843700      0.2840800      0.2837900      0.2835200      0.2832600    
  0.2959240      0.2958400      0.2949310      0.2939900      0.2931120      0.2921400      0.2918900      0.2916430      0.2906950      0.2893200      0.2888400      0.2883800      0.2879200      0.2874800      0.2870400      0.2866200      0.2862100      0.2858000      0.2854100      0.2850300      0.2846600      0.2843100      0.2839600      0.2836300      0.2833100      0.2830000      0.2827000      0.2824200      0.2821500      0.2818900    
  0.2958400      0.2949200      0.2939900      0.2930810      0.2921400      0.2920150      0.2918910      0.2908870      0.2893200      0.2890800      0.2878460      0.2870200      0.2865700      0.2861200      0.2856800      0.2852600      0.2848400      0.2844400      0.2840400      0.2836600      0.2832900      0.2829400      0.2825900      0.2822600      0.2819400      0.2816300      0.2813300      0.2810500      0.2807800      0.2805200    
  0.2949170      0.2939900      0.2930700      0.2921400      0.2920780      0.2920150      0.2910280      0.2893200      0.2892000      0.2876520      0.2863450      0.2856700      0.2852100      0.2847600      0.2843200      0.2839000      0.2834800      0.2830700      0.2826800      0.2823000      0.2819300      0.2815700      0.2812300      0.2808900      0.2805700      0.2802600      0.2799700      0.2796800      0.2794100      0.2791500    
  0.2939900      0.2930670      0.2921400      0.2921090      0.2920780      0.2911100      0.2893200      0.2892600      0.2875700      0.2860080      0.2856700      0.2854400      0.2847630      0.2834100      0.2829700      0.2825400      0.2821200      0.2817100      0.2813200      0.2809400      0.2805700      0.2802100      0.2798600      0.2795300      0.2792100      0.2789000      0.2786000      0.2783200      0.2780500      0.2777900    
  0.2930660      0.2921400      0.2921240      0.2921090      0.2911540      0.2893200      0.2892900      0.2875320      0.2858390      0.2856700      0.2855550      0.2848210      0.2834100      0.2831900      0.2829730      0.2825430      0.2821230      0.2817170      0.2803540      0.2795800      0.2792100      0.2788500      0.2785000      0.2781700      0.2778500      0.2775400      0.2772400      0.2769600      0.2766900      0.2764400    
  0.2921400      0.2921320      0.2921240      0.2911770      0.2893200      0.2893050      0.2875130      0.2857540      0.2856700      0.2856130      0.2848640      0.2834100      0.2833000      0.2831910      0.2829020      0.2825470      0.2821280      0.2802630      0.2789000      0.2782200      0.2778500      0.2774900      0.2771400      0.2768100      0.2764900      0.2761800      0.2758900      0.2756100      0.2753400      0.2750800    
  0.2921360      0.2921320      0.2911880      0.2893200      0.2893120      0.2875040      0.2857120      0.2856700      0.2856410      0.2848890      0.2834100      0.2833550      0.2833000      0.2831310      0.2828800      0.2825260      0.2803430      0.2785600      0.2782200      0.2775230      0.2765000      0.2761400      0.2757900      0.2754600      0.2751400      0.2748300      0.2745400      0.2742500      0.2739900      0.2737300    
  0.2921360      0.2911940      0.2893200      0.2893160      0.2875000      0.2856910      0.2856700      0.2856560      0.2849030      0.2834100      0.2833830      0.2833550      0.2832620      0.2831040      0.2828460      0.2796700      0.2783900      0.2782200      0.2760110      0.2751550      0.2749380      0.2747900      0.2744400      0.2741100      0.2737900      0.2734800      0.2731900      0.2729100      0.2726400      0.2723900    
  0.2911970      0.2893200      0.2893180      0.2874970      0.2856810      0.2856700      0.2856630      0.2849100      0.2834100      0.2833960      0.2833830      0.2833330      0.2832400      0.2792950      0.2763630      0.2742120      0.2742100      0.2739410      0.2735920      0.2731450      0.2738100      0.2734500      0.2731000      0.2727700      0.2724500      0.2721400      0.2718500      0.2715700      0.2713000      0.2710500    
  0.2893200      0.2893190      0.2874960      0.2856750      0.2856700      0.2856660      0.2849130      0.2834100      0.2834030      0.2833960      0.2833710      0.2833190      0.2763370      0.2679290      0.2679700      0.2703740      0.2700350      0.2702000      0.2716830      0.2724770      0.2724800      0.2721100      0.2717600      0.2714300      0.2711100      0.2708000      0.2705100      0.2702300      0.2699600      0.2697100    
  0.2893200      0.2874960      0.2856730      0.2856700      0.2856680      0.2849150      0.2834100      0.2834070      0.2834030      0.2833900      0.2758170      0.2645000      0.2667520      0.2678880      0.2678880      0.2679700      0.2692830      0.2698700      0.2702000      0.2709100      0.2711400      0.2707800      0.2704300      0.2700900      0.2697700      0.2694700      0.2691700      0.2689000      0.2686300      0.2683800    
  0.2874950      0.2856710      0.2856700      0.2856690      0.2849160      0.2834100      0.2834080      0.2834070      0.2834000      0.2743220      0.2645000      0.2645000      0.2645000      0.2666920      0.2678070      0.2678060      0.2679700      0.2690910      0.2695400      0.2702000      0.2698200      0.2694500      0.2691000      0.2687700      0.2684400      0.2681400      0.2678500      0.2675700      0.2673000      0.2670500    
  0.2856710      0.2856700      0.2856700      0.2849160      0.2834100      0.2834090      0.2834080      0.2772160      0.2711360      0.2644970      0.2645000      0.2645000      0.2645000      0.2645000      0.2665730      0.2676430      0.2676420      0.2679700      0.2686550      0.2688800      0.2685000      0.2681300      0.2677800      0.2674400      0.2671200      0.2668200      0.2665200      0.2662500      0.2659800      0.2657400    
  0.2856700      0.2856700      0.2849160      0.2834100      0.2834100      0.2732010      0.2578900      0.2582700      0.2586500      0.2625410      0.2644900      0.2645000      0.2645000      0.2645000      0.2645000      0.2663420      0.2673170      0.2673150      0.2679700      0.2675700      0.2671900      0.2668200      0.2664600      0.2661300      0.2658100      0.2655000      0.2652100      0.2649300      0.2646700      0.2644200    
  0.2856700      0.2849170      0.2834100      0.2834100      0.2711580      0.2578880      0.2578880      0.2578900      0.2582700      0.2586500      0.2625230      0.2644690      0.2645000      0.2645000      0.2645000      0.2645000      0.2659090      0.2666670      0.2666600      0.2662600      0.2658800      0.2655100      0.2651500      0.2648200      0.2645000      0.2641900      0.2639000      0.2636200      0.2633600      0.2631200    
