iMOD/TUTORIALS/TUT_MetaswapAnalyser/model_MetaSWAP/meteo/Evaporation/Evaporation_20060118_L1.ASC
NCOLS                30
NROWS                30
XLLCORNER     160000.00
YLLCORNER     340000.00
CELLSIZE        1000.00
NODATA_VALUE   -9999.00
  0.2662100      0.2661800      0.2661400      0.2661100      0.2660800      0.2660400      0.2660100      0.2659800      0.2659500      0.2659200      0.2658900      0.2658600      0.2658300      0.2658000      0.2657700      0.2657500      0.2657200      0.2656900      0.2656700      0.2656400      0.2656200      0.2656000      0.2655800      0.2655600      0.2655500      0.2655400      0.2655300      0.2655200      0.2655100      0.2655100    
  0.2645300      0.2644800      0.2644400      0.2644000      0.2643600      0.2643200      0.2642800      0.2642400      0.2642000      0.2641600      0.2641200      0.2640900      0.2640500      0.2640200      0.2639900      0.2639600      0.2639300      0.2639000      0.2638700      0.2638400      0.2638200      0.2638000      0.2637800      0.2637600      0.2637500      0.2637400      0.2637300      0.2637300      0.2637300      0.2637300    
  0.2628400      0.2627800      0.2627300      0.2626800      0.2626300      0.2625800      0.2625300      0.2624800      0.2624400      0.2623900      0.2623500      0.2623100      0.2622700      0.2622300      0.2621900      0.2621600      0.2621200      0.2620900      0.2620600      0.2620400      0.2620100      0.2619900      0.2619700      0.2619500      0.2619400      0.2619300      0.2619300      0.2619300      0.2619300      0.2619400    
  0.2611400      0.2610700      0.2610100      0.2609500      0.2608900      0.2608300      0.2607700      0.2607200      0.2606700      0.2606100      0.2605600      0.2605200      0.2604700      0.2604300      0.2603900      0.2603500      0.2603100      0.2602800      0.2602500      0.2602200      0.2601900      0.2601700      0.2601500      0.2601400      0.2601300      0.2601200      0.2601200      0.2601200      0.2601200      0.2601300    
  0.2594300      0.2593500      0.2592800      0.2592100      0.2591400      0.2590700      0.2590100      0.2589500      0.2588900      0.2588300      0.2587700      0.2587200      0.2586700      0.2586200      0.2585700      0.2585300      0.2584900      0.2584500      0.2584200      0.2583900      0.2583600      0.2583400      0.2583200      0.2583100      0.2583000      0.2582900      0.2582900      0.2583000      0.2583100      0.2583200    
  0.2577100      0.2576200      0.2575400      0.2574600      0.2573900      0.2573100      0.2572400      0.2571700      0.2571000      0.2570300      0.2569700      0.2569100      0.2568500      0.2568000      0.2567500      0.2567000      0.2566600      0.2566200      0.2565900      0.2565500      0.2565300      0.2565000      0.2564900      0.2564700      0.2564600      0.2564600      0.2564600      0.2564700      0.2564800      0.2565000    
  0.2559800      0.2558900      0.2558000      0.2557100      0.2556200      0.2555400      0.2554600      0.2553800      0.2553000      0.2552300      0.2551600      0.2551000      0.2550300      0.2549800      0.2549200      0.2548700      0.2548200      0.2547800      0.2547400      0.2547100      0.2546800      0.2546600      0.2546400      0.2546300      0.2546200      0.2546200      0.2546200      0.2546300      0.2546500      0.2546700    
  0.2542500      0.2541500      0.2540500      0.2539500      0.2538500      0.2537600      0.2536700      0.2535900      0.2535000      0.2534200      0.2533500      0.2532800      0.2532100      0.2531400      0.2530900      0.2530300      0.2529800      0.2529400      0.2529000      0.2528600      0.2528300      0.2528100      0.2527900      0.2527800      0.2527700      0.2527700      0.2527800      0.2527900      0.2528100      0.2528400    
  0.2525200      0.2524000      0.2522900      0.2521800      0.2520800      0.2519800      0.2518800      0.2517900      0.2516900      0.2516100      0.2515300      0.2514500      0.2513800      0.2513100      0.2512400      0.2511800      0.2511300      0.2510800      0.2510400      0.2510000      0.2509700      0.2509500      0.2509300      0.2509200      0.2509200      0.2509200      0.2509300      0.2509400      0.2509600      0.2509900    
  0.2507700      0.2506500      0.2505300      0.2504100      0.2503000      0.2501900      0.2500800      0.2499800      0.2498800      0.2497900      0.2497000      0.2496200      0.2495400      0.2494600      0.2493900      0.2493300      0.2492800      0.2492200      0.2491800      0.2491400      0.2491100      0.2490900      0.2490700      0.2490600      0.2490500      0.2490600      0.2490700      0.2490900      0.2491100      0.2491400    
  0.2507730      0.2506500      0.2500550      0.2486300      0.2485100      0.2483900      0.2482800      0.2481700      0.2480600      0.2479600      0.2478700      0.2477800      0.2476900      0.2476100      0.2475400      0.2474700      0.2474100      0.2473600      0.2473100      0.2472700      0.2472400      0.2472200      0.2472000      0.2471900      0.2471900      0.2471900      0.2472000      0.2472200      0.2472500      0.2472900    
  0.2507740      0.2500270      0.2486300      0.2471980      0.2467200      0.2465900      0.2464700      0.2463500      0.2462400      0.2461300      0.2460300      0.2459400      0.2458500      0.2457600      0.2456800      0.2456100      0.2455500      0.2454900      0.2454400      0.2454000      0.2453700      0.2453400      0.2453200      0.2453100      0.2453100      0.2453200      0.2453300      0.2453600      0.2453900      0.2454300    
  0.2500830      0.2486300      0.2466460      0.2458250      0.2449300      0.2447900      0.2446600      0.2445400      0.2444200      0.2443000      0.2441900      0.2440900      0.2439900      0.2439000      0.2438200      0.2437500      0.2436800      0.2436200      0.2435700      0.2435200      0.2434900      0.2434600      0.2434400      0.2434300      0.2434300      0.2434400      0.2434600      0.2434900      0.2435200      0.2435700    
  0.2486300      0.2463960      0.2453770      0.2449300      0.2442370      0.2429900      0.2428500      0.2427100      0.2425900      0.2424600      0.2423500      0.2422400      0.2421400      0.2420400      0.2419600      0.2418800      0.2418100      0.2417400      0.2416900      0.2416400      0.2416100      0.2415800      0.2415600      0.2415500      0.2415500      0.2415600      0.2415800      0.2416100      0.2416500      0.2417000    
  0.2462770      0.2451540      0.2449300      0.2440520      0.2429900      0.2422900      0.2410300      0.2408900      0.2407500      0.2406200      0.2405000      0.2403900      0.2402800      0.2401800      0.2400900      0.2400000      0.2399300      0.2398600      0.2398100      0.2397600      0.2397200      0.2396900      0.2396700      0.2396700      0.2396700      0.2396800      0.2397000      0.2397300      0.2397800      0.2398300    
  0.2450420      0.2449300      0.2439910      0.2429900      0.2421030      0.2410300      0.2409600      0.2408900      0.2402600      0.2387800      0.2386500      0.2385300      0.2384200      0.2383100      0.2382200      0.2381300      0.2380500      0.2379800      0.2379200      0.2378700      0.2378300      0.2378000      0.2377900      0.2377800      0.2377800      0.2377900      0.2378200      0.2378500      0.2379000      0.2379600    
  0.2449300      0.2439700      0.2429900      0.2420410      0.2410300      0.2409950      0.2409600      0.2402220      0.2387800      0.2387150      0.2374920      0.2366800      0.2365600      0.2364500      0.2363400      0.2362500      0.2361700      0.2361000      0.2360300      0.2359800      0.2359400      0.2359100      0.2358900      0.2358900      0.2358900      0.2359100      0.2359300      0.2359700      0.2360200      0.2360800    
  0.2439630      0.2429900      0.2420200      0.2410300      0.2410120      0.2409950      0.2402390      0.2387800      0.2387480      0.2371110      0.2357500      0.2348200      0.2346900      0.2345800      0.2344700      0.2343700      0.2342900      0.2342100      0.2341500      0.2340900      0.2340500      0.2340200      0.2340000      0.2340000      0.2340000      0.2340200      0.2340500      0.2340900      0.2341400      0.2342000    
  0.2429900      0.2420130      0.2410300      0.2410210      0.2410120      0.2402570      0.2387800      0.2387640      0.2369490      0.2352850      0.2348200      0.2347550      0.2342000      0.2327100      0.2326000      0.2324900      0.2324000      0.2323200      0.2322600      0.2322000      0.2321600      0.2321300      0.2321100      0.2321000      0.2321100      0.2321300      0.2321600      0.2322000      0.2322600      0.2323300    
  0.2420110      0.2410300      0.2410260      0.2410210      0.2402680      0.2387800      0.2387720      0.2368730      0.2350520      0.2348200      0.2347870      0.2341210      0.2327100      0.2326550      0.2326000      0.2324970      0.2324030      0.2323270      0.2311020      0.2303100      0.2302700      0.2302300      0.2302100      0.2302100      0.2302200      0.2302400      0.2302700      0.2303200      0.2303800      0.2304500    
  0.2410300      0.2410280      0.2410260      0.2402740      0.2387800      0.2387760      0.2368360      0.2349360      0.2348200      0.2348040      0.2341100      0.2327100      0.2326820      0.2326550      0.2325840      0.2325000      0.2324090      0.2307230      0.2293650      0.2284200      0.2283700      0.2283400      0.2283200      0.2283200      0.2283200      0.2283500      0.2283800      0.2284300      0.2285000      0.2285700    
  0.2410290      0.2410280      0.2402770      0.2387800      0.2387780      0.2368180      0.2348780      0.2348200      0.2348120      0.2341110      0.2327100      0.2326960      0.2326820      0.2326400      0.2325800      0.2324980      0.2305890      0.2288930      0.2284200      0.2277570      0.2264800      0.2264500      0.2264300      0.2264200      0.2264300      0.2264600      0.2265000      0.2265500      0.2266200      0.2267000    
  0.2410290      0.2402780      0.2387800      0.2387790      0.2368090      0.2348490      0.2348200      0.2348160      0.2341130      0.2327100      0.2327030      0.2326960      0.2326730      0.2326340      0.2325730      0.2294180      0.2286560      0.2284200      0.2256320      0.2245900      0.2245720      0.2245600      0.2245400      0.2245300      0.2245400      0.2245700      0.2246100      0.2246700      0.2247400      0.2248200    
  0.2402790      0.2387800      0.2387790      0.2368050      0.2348350      0.2348200      0.2348180      0.2341150      0.2327100      0.2327070      0.2327030      0.2326910      0.2326680      0.2278350      0.2246750      0.2227710      0.2227700      0.2226220      0.2223900      0.2217600      0.2227000      0.2226700      0.2226500      0.2226400      0.2226600      0.2226800      0.2227300      0.2227900      0.2228600      0.2229500    
  0.2387800      0.2387800      0.2368020      0.2348270      0.2348200      0.2348190      0.2341160      0.2327100      0.2327080      0.2327070      0.2327000      0.2326870      0.2239880      0.2134020      0.2134600      0.2171930      0.2168860      0.2171200      0.2195460      0.2208200      0.2208200      0.2207800      0.2207600      0.2207600      0.2207700      0.2208000      0.2208500      0.2209100      0.2209900      0.2210800    
  0.2387800      0.2368010      0.2348240      0.2348200      0.2348190      0.2341160      0.2327100      0.2327090      0.2327080      0.2327050      0.2228310      0.2080300      0.2115640      0.2133440      0.2133440      0.2134600      0.2156560      0.2166530      0.2171200      0.2184850      0.2189400      0.2189000      0.2188800      0.2188800      0.2188900      0.2189200      0.2189700      0.2190400      0.2191200      0.2192200    
  0.2368010      0.2348220      0.2348200      0.2348200      0.2341160      0.2327100      0.2327100      0.2327090      0.2327070      0.2208610      0.2080300      0.2080300      0.2080300      0.2114780      0.2132290      0.2132290      0.2134600      0.2153920      0.2161850      0.2171200      0.2170600      0.2170200      0.2170000      0.2170000      0.2170200      0.2170500      0.2171000      0.2171700      0.2172600      0.2173600    
  0.2348210      0.2348200      0.2348200      0.2341170      0.2327100      0.2327100      0.2327100      0.2243270      0.2164250      0.2080250      0.2080300      0.2080300      0.2080300      0.2080300      0.2113100      0.2129970      0.2129970      0.2134600      0.2148030      0.2152500      0.2151900      0.2151500      0.2151300      0.2151300      0.2151400      0.2151800      0.2152400      0.2153100      0.2154000      0.2155100    
  0.2348200      0.2348200      0.2341170      0.2327100      0.2327100      0.2186690      0.1976100      0.1983950      0.1991800      0.2050670      0.2080150      0.2080300      0.2080300      0.2080300      0.2080300      0.2109850      0.2125350      0.2125350      0.2134600      0.2133800      0.2133200      0.2132800      0.2132600      0.2132600      0.2132800      0.2133200      0.2133700      0.2134500      0.2135500      0.2136600    
  0.2348200      0.2341170      0.2327100      0.2327100      0.2158590      0.1976070      0.1976070      0.1976100      0.1983950      0.1991800      0.2050410      0.2079850      0.2080300      0.2080300      0.2080300      0.2080300      0.2103760      0.2116100      0.2116100      0.2115200      0.2114600      0.2114200      0.2114000      0.2114000      0.2114200      0.2114600      0.2115200      0.2116000      0.2117000      0.2118200    
