iMOD/TUTORIALS/TUT_MetaswapAnalyser/model_MetaSWAP/meteo/Evaporation/Evaporation_20060528_L1.ASC
NCOLS                30
NROWS                30
XLLCORNER     160000.00
YLLCORNER     340000.00
CELLSIZE        1000.00
NODATA_VALUE   -9999.00
   3.095820       3.093250       3.090530       3.087680       3.084680       3.081540       3.078260       3.074830       3.071260       3.067540       3.063680       3.059680       3.055530       3.051240       3.046810       3.042240       3.037530       3.032670       3.027680       3.022550       3.017280       3.011870       3.006330       3.000650       2.994840       2.988890       2.982820       2.976620       2.970300       2.963850    
   3.101760       3.099150       3.096390       3.093500       3.090470       3.087300       3.083990       3.080530       3.076940       3.073200       3.069320       3.065300       3.061130       3.056830       3.052380       3.047790       3.043070       3.038200       3.033190       3.028050       3.022770       3.017350       3.011800       3.006120       3.000300       2.994350       2.988270       2.982070       2.975740       2.969280    
   3.107700       3.105040       3.102250       3.099320       3.096260       3.093050       3.089710       3.086230       3.082610       3.078850       3.074950       3.070900       3.066720       3.062400       3.057940       3.053330       3.048590       3.043710       3.038700       3.033540       3.028250       3.022820       3.017260       3.011570       3.005740       2.999790       2.993710       2.987500       2.981160       2.974710    
   3.113630       3.110930       3.108100       3.105130       3.102030       3.098800       3.095430       3.091920       3.088270       3.084490       3.080560       3.076500       3.072300       3.067960       3.063480       3.058860       3.054110       3.049220       3.044190       3.039020       3.033720       3.028280       3.022710       3.017010       3.011180       3.005220       2.999130       2.992910       2.986570       2.980110    
   3.119560       3.116810       3.113940       3.110940       3.107800       3.104540       3.101140       3.097600       3.093930       3.090120       3.086170       3.082090       3.077870       3.073510       3.069020       3.064380       3.059610       3.054710       3.049670       3.044490       3.039180       3.033730       3.028150       3.022440       3.016600       3.010630       3.004540       2.998310       2.991970       2.985500    
   3.125480       3.122690       3.119780       3.116740       3.113570       3.110270       3.106840       3.103270       3.099580       3.095740       3.091780       3.087670       3.083430       3.079060       3.074540       3.069890       3.065110       3.060190       3.055130       3.049940       3.044620       3.039160       3.033580       3.027860       3.022010       3.016030       3.009930       3.003700       2.997350       2.990880    
   3.131410       3.128570       3.125610       3.122530       3.119330       3.116000       3.112540       3.108940       3.105220       3.101360       3.097370       3.093240       3.088980       3.084590       3.080060       3.075400       3.070600       3.065660       3.060590       3.055390       3.050060       3.044590       3.038990       3.033260       3.027410       3.021420       3.015310       3.009080       3.002720       2.996240    
   3.137330       3.134440       3.131450       3.128330       3.125090       3.121720       3.118230       3.114610       3.110850       3.106970       3.102960       3.098810       3.094530       3.090120       3.085570       3.080890       3.076070       3.071120       3.066040       3.060830       3.055480       3.050000       3.044400       3.038660       3.032790       3.026800       3.020680       3.014440       3.008070       3.001590    
   3.143240       3.140320       3.137280       3.134120       3.130840       3.127440       3.123920       3.120260       3.116490       3.112580       3.108540       3.104370       3.100070       3.095640       3.091070       3.086370       3.081540       3.076580       3.071480       3.066260       3.060900       3.055410       3.049790       3.044040       3.038170       3.032170       3.026040       3.019790       3.013420       3.006920    
   3.149160       3.146190       3.143100       3.139910       3.136590       3.133160       3.129600       3.125920       3.122110       3.118180       3.114120       3.109920       3.105600       3.101150       3.096570       3.091850       3.087000       3.082030       3.076920       3.071680       3.066300       3.060800       3.055170       3.049420       3.043530       3.037520       3.031380       3.025120       3.018740       3.012240    
   3.149120       3.146150       3.143720       3.145690       3.142340       3.138870       3.135280       3.131570       3.127730       3.123770       3.119690       3.115470       3.111130       3.106660       3.102050       3.097320       3.092460       3.087460       3.082340       3.077090       3.071700       3.066190       3.060550       3.054780       3.048880       3.042860       3.036720       3.030450       3.024060       3.017550    
   3.149090       3.146170       3.145690       3.147480       3.148080       3.144580       3.140950       3.137210       3.133350       3.129360       3.125250       3.121010       3.116650       3.112160       3.107530       3.102780       3.097900       3.092890       3.087760       3.082490       3.077090       3.071560       3.065910       3.060130       3.054220       3.048190       3.042040       3.035760       3.029360       3.022840    
   3.148220       3.145690       3.149490       3.150950       3.153820       3.150280       3.146620       3.142850       3.138960       3.134950       3.130810       3.126550       3.122160       3.117650       3.113010       3.108240       3.103340       3.098320       3.093160       3.087880       3.082470       3.076930       3.071260       3.065470       3.059550       3.053510       3.047340       3.041060       3.034650       3.028120    
   3.145690       3.150350       3.152380       3.153820       3.153360       3.155980       3.152290       3.148490       3.144570       3.140530       3.136360       3.132080       3.127670       3.123140       3.118470       3.113690       3.108770       3.103730       3.098560       3.093260       3.087840       3.082290       3.076610       3.070800       3.064870       3.058820       3.052640       3.046340       3.039920       3.033380    
   3.150740       3.153100       3.153820       3.154390       3.155980       3.155410       3.157950       3.154120       3.150170       3.146100       3.141910       3.137600       3.133170       3.128620       3.123940       3.119130       3.114200       3.109140       3.103950       3.098640       3.093200       3.087630       3.081940       3.076120       3.070180       3.064110       3.057920       3.051610       3.045180       3.038630    
   3.153460       3.153820       3.154730       3.155980       3.156450       3.157950       3.156030       3.154080       3.150520       3.151670       3.147450       3.143120       3.138670       3.134090       3.129390       3.124560       3.119610       3.114540       3.109330       3.104000       3.098550       3.092970       3.087260       3.081430       3.075470       3.069400       3.063190       3.056870       3.050430       3.043870    
   3.153820       3.154840       3.155980       3.156790       3.157950       3.156990       3.156020       3.153070       3.151670       3.149560       3.149000       3.148630       3.144150       3.139560       3.134830       3.129990       3.125020       3.119930       3.114710       3.109360       3.103890       3.098300       3.092570       3.086730       3.080760       3.074670       3.068450       3.062120       3.055660       3.049090    
   3.154880       3.155980       3.156910       3.157950       3.157470       3.156990       3.154440       3.151670       3.150610       3.151150       3.151380       3.154140       3.149640       3.145020       3.140270       3.135410       3.130420       3.125310       3.120070       3.114710       3.109220       3.103610       3.097880       3.092020       3.086030       3.079930       3.073700       3.067350       3.060880       3.054300    
   3.155980       3.156950       3.157950       3.157710       3.157470       3.155140       3.151670       3.151140       3.152070       3.152760       3.154140       3.151890       3.149820       3.150470       3.145700       3.140820       3.135810       3.130680       3.125430       3.120050       3.114550       3.108920       3.103170       3.097290       3.091290       3.085170       3.078930       3.072570       3.066090       3.059490    
   3.156960       3.157950       3.157830       3.157710       3.155500       3.151670       3.151410       3.152490       3.153450       3.154140       3.153020       3.151580       3.150470       3.148090       3.145660       3.140780       3.135770       3.130640       3.126450       3.125380       3.119860       3.114210       3.108450       3.102560       3.096540       3.090410       3.084150       3.077770       3.071280       3.064670    
   3.157950       3.157890       3.157830       3.155680       3.151670       3.151540       3.152700       3.153800       3.154140       3.153580       3.152300       3.150470       3.149280       3.148070       3.144840       3.140740       3.135730       3.130320       3.128040       3.130700       3.125160       3.119500       3.113710       3.107810       3.101780       3.095630       3.089360       3.082960       3.076460       3.069830    
   3.157920       3.157890       3.155770       3.151670       3.151600       3.152800       3.153970       3.154140       3.153860       3.152620       3.150470       3.149870       3.149270       3.147400       3.144550       3.140440       3.133370       3.129370       3.130700       3.128770       3.130450       3.124770       3.118970       3.113050       3.107000       3.100830       3.094550       3.088140       3.081610       3.074970    
   3.157920       3.155810       3.151670       3.151640       3.152850       3.154050       3.154140       3.154000       3.152770       3.150470       3.150170       3.149870       3.148850       3.147070       3.144130       3.138980       3.130040       3.130700       3.134700       3.135720       3.132300       3.130030       3.124210       3.118270       3.112210       3.106030       3.099720       3.093300       3.086760       3.080100    
   3.155830       3.151670       3.151650       3.152880       3.154100       3.154140       3.154070       3.152850       3.150470       3.150320       3.150170       3.149630       3.148600       3.154600       3.153180       3.146520       3.146520       3.144240       3.141860       3.143620       3.140990       3.135280       3.129440       3.123480       3.117410       3.111200       3.104880       3.098440       3.091880       3.085210    
   3.151670       3.151660       3.152890       3.154120       3.154140       3.154100       3.152880       3.150470       3.150400       3.150320       3.150040       3.149470       3.162000       3.178510       3.178350       3.164050       3.163000       3.162350       3.151600       3.146240       3.146240       3.140510       3.134660       3.128680       3.122580       3.116370       3.110030       3.103570       3.096990       3.090300    
   3.151670       3.152900       3.154130       3.154140       3.154120       3.152900       3.150470       3.150430       3.150400       3.150250       3.169730       3.199420       3.185620       3.178680       3.178680       3.178350       3.168330       3.163660       3.162350       3.154190       3.151480       3.145730       3.139860       3.133860       3.127750       3.121510       3.115150       3.108680       3.102080       3.095370    
   3.152900       3.154130       3.154140       3.154130       3.152910       3.150470       3.150450       3.150430       3.150360       3.173840       3.199420       3.199420       3.199420       3.185850       3.179000       3.179000       3.178350       3.168980       3.164960       3.162350       3.156700       3.150940       3.145040       3.139030       3.132900       3.126640       3.120260       3.113770       3.107150       3.100420    
   3.154140       3.154140       3.154140       3.152910       3.150470       3.150460       3.150450       3.170430       3.185730       3.199430       3.199420       3.199420       3.199420       3.199420       3.186320       3.179650       3.179650       3.178350       3.170260       3.167580       3.161910       3.156120       3.150210       3.144180       3.138020       3.131750       3.125350       3.118840       3.112200       3.105450    
   3.154140       3.154140       3.152910       3.150470       3.150470       3.186640       3.240900       3.235690       3.230480       3.209810       3.199460       3.199420       3.199420       3.199420       3.199420       3.187220       3.180950       3.180950       3.178350       3.172780       3.167100       3.161290       3.155360       3.149310       3.143130       3.136840       3.130420       3.123880       3.117230       3.110460    
   3.154140       3.152920       3.150470       3.150470       3.193880       3.240910       3.240910       3.240900       3.235690       3.230480       3.209880       3.199550       3.199420       3.199420       3.199420       3.199420       3.188840       3.183550       3.183560       3.177980       3.172270       3.166440       3.160490       3.154420       3.148230       3.141910       3.135470       3.128910       3.122240       3.115450    
