iMOD/TUTORIALS/TUT_MetaswapAnalyser/model_MetaSWAP/meteo/Evaporation/Evaporation_20060626_L1.ASC
NCOLS                30
NROWS                30
XLLCORNER     160000.00
YLLCORNER     340000.00
CELLSIZE        1000.00
NODATA_VALUE   -9999.00
   1.442020       1.450040       1.458160       1.466390       1.474710       1.483110       1.491580       1.500120       1.508720       1.517360       1.526040       1.534750       1.543490       1.552250       1.561010       1.569780       1.578550       1.587320       1.596070       1.604810       1.613530       1.622230       1.630900       1.639540       1.648150       1.656730       1.665270       1.673770       1.682230       1.690650    
   1.455150       1.463190       1.471340       1.479590       1.487920       1.496340       1.504820       1.513370       1.521970       1.530620       1.539310       1.548030       1.556770       1.565530       1.574300       1.583070       1.591840       1.600610       1.609360       1.618100       1.626810       1.635510       1.644180       1.652810       1.661420       1.669980       1.678510       1.687000       1.695450       1.703860    
   1.468380       1.476460       1.484630       1.492900       1.501250       1.509680       1.518180       1.526740       1.535350       1.544000       1.552690       1.561420       1.570160       1.578920       1.587690       1.596470       1.605240       1.614000       1.622750       1.631490       1.640200       1.648890       1.657550       1.666180       1.674770       1.683330       1.691850       1.700330       1.708770       1.717160    
   1.481720       1.489820       1.498020       1.506310       1.514680       1.523120       1.531640       1.540200       1.548820       1.557490       1.566190       1.574910       1.583660       1.592420       1.601190       1.609970       1.618740       1.627500       1.636250       1.644980       1.653690       1.662370       1.671020       1.679640       1.688230       1.696780       1.705280       1.713750       1.722170       1.730550    
   1.495150       1.503280       1.511510       1.519820       1.528210       1.536670       1.545200       1.553780       1.562410       1.571080       1.579780       1.588510       1.597260       1.606030       1.614800       1.623570       1.632340       1.641100       1.649840       1.658570       1.667270       1.675950       1.684590       1.693200       1.701780       1.710310       1.718800       1.727260       1.735660       1.744020    
   1.508670       1.516840       1.525090       1.533420       1.541830       1.550310       1.558850       1.567440       1.576080       1.584760       1.593470       1.602210       1.610960       1.619730       1.628500       1.637270       1.646040       1.654800       1.663540       1.672250       1.680950       1.689610       1.698250       1.706850       1.715410       1.723930       1.732410       1.740850       1.749230       1.757580    
   1.522280       1.530470       1.538750       1.547110       1.555540       1.564040       1.572600       1.581200       1.589850       1.598540       1.607260       1.616000       1.624760       1.633530       1.642300       1.651070       1.659830       1.668580       1.677320       1.686030       1.694720       1.703370       1.711990       1.720580       1.729130       1.737630       1.746100       1.754510       1.762880       1.771200    
   1.535960       1.544190       1.552500       1.560880       1.569340       1.577850       1.586420       1.595040       1.603710       1.612400       1.621130       1.629880       1.638640       1.647410       1.656180       1.664950       1.673710       1.682460       1.691180       1.699890       1.708570       1.717210       1.725820       1.734400       1.742930       1.751420       1.759860       1.768260       1.776610       1.784910    
   1.549720       1.557980       1.566320       1.574730       1.583210       1.591740       1.600330       1.608970       1.617640       1.626350       1.635080       1.643830       1.652600       1.661370       1.670150       1.678910       1.687670       1.696410       1.705130       1.713830       1.722500       1.731130       1.739730       1.748290       1.756800       1.765280       1.773700       1.782080       1.790400       1.798680    
   1.563550       1.571840       1.580210       1.588650       1.597150       1.605700       1.614310       1.622960       1.631650       1.640370       1.649110       1.657870       1.666640       1.675410       1.684190       1.692950       1.701710       1.710450       1.719160       1.727850       1.736510       1.745130       1.753710       1.762250       1.770750       1.779210       1.787610       1.795970       1.804270       1.812520    
   1.563580       1.571870       1.585830       1.602630       1.611160       1.619730       1.628360       1.637030       1.645730       1.654460       1.663210       1.671980       1.680750       1.689530       1.698300       1.707070       1.715820       1.724550       1.733260       1.741940       1.750590       1.759190       1.767760       1.776290       1.784770       1.793200       1.801590       1.809920       1.818200       1.826420    
   1.563600       1.580980       1.602630       1.619590       1.625230       1.633830       1.642470       1.651160       1.659870       1.668620       1.677380       1.686150       1.694930       1.703710       1.712490       1.721250       1.730000       1.738730       1.747430       1.756100       1.764730       1.773330       1.781880       1.790390       1.798850       1.807270       1.815630       1.823930       1.832190       1.840380    
   1.575650       1.602630       1.623470       1.632290       1.639350       1.647980       1.656640       1.665340       1.674080       1.682830       1.691600       1.700390       1.709170       1.717960       1.726740       1.735500       1.744250       1.752970       1.761660       1.770320       1.778940       1.787530       1.796060       1.804560       1.813000       1.821390       1.829720       1.838010       1.846230       1.854400    
   1.602630       1.625320       1.635820       1.639350       1.649840       1.662180       1.670860       1.679590       1.688330       1.697100       1.705890       1.714680       1.723470       1.732260       1.741040       1.749810       1.758550       1.767270       1.775950       1.784600       1.793210       1.801780       1.810300       1.818780       1.827200       1.835570       1.843880       1.852130       1.860330       1.868470    
   1.626220       1.637590       1.639350       1.650460       1.662180       1.672730       1.685140       1.693880       1.702640       1.711430       1.720220       1.729020       1.737830       1.746620       1.755400       1.764170       1.772910       1.781620       1.790300       1.798940       1.807540       1.816090       1.824600       1.833050       1.841450       1.849800       1.858080       1.866310       1.874480       1.882580    
   1.638470       1.639350       1.650660       1.662180       1.673350       1.685140       1.689510       1.693890       1.708440       1.725800       1.734600       1.743420       1.752230       1.761030       1.769810       1.778580       1.787320       1.796020       1.804700       1.813330       1.821910       1.830450       1.838940       1.847380       1.855750       1.864070       1.872330       1.880530       1.888670       1.896740    
   1.639350       1.650730       1.662180       1.673560       1.685140       1.687330       1.689510       1.704410       1.725800       1.730200       1.746800       1.757850       1.766670       1.775480       1.784270       1.793030       1.801770       1.810470       1.819140       1.827760       1.836340       1.844860       1.853330       1.861740       1.870100       1.878390       1.886630       1.894800       1.902900       1.910940    
   1.650750       1.662180       1.673630       1.685140       1.686230       1.687330       1.701760       1.725800       1.728000       1.748040       1.765080       1.772320       1.781150       1.789970       1.798760       1.807530       1.816260       1.824960       1.833620       1.842240       1.850800       1.859310       1.867760       1.876150       1.884490       1.892750       1.900960       1.909100       1.917170       1.925170    
   1.662180       1.673650       1.685140       1.685690       1.686230       1.700280       1.725800       1.726900       1.748570       1.768700       1.772320       1.776740       1.786980       1.804490       1.813290       1.822060       1.830790       1.839490       1.848140       1.856750       1.865300       1.873790       1.882230       1.890600       1.898910       1.907150       1.915320       1.923430       1.931470       1.939440    
   1.673660       1.685140       1.685410       1.685690       1.699500       1.725800       1.726350       1.748820       1.770510       1.772320       1.774530       1.785130       1.804490       1.808890       1.813280       1.822050       1.830780       1.839470       1.860310       1.871290       1.879830       1.888310       1.896730       1.905080       1.913360       1.921580       1.929720       1.937800       1.945800       1.953730    
   1.685140       1.685280       1.685410       1.699100       1.725800       1.726080       1.748940       1.771420       1.772320       1.773420       1.784120       1.804490       1.806690       1.808890       1.814740       1.822040       1.830770       1.859000       1.878570       1.885860       1.894390       1.902850       1.911250       1.919580       1.927840       1.936030       1.944140       1.952180       1.960150       1.968050    
   1.685210       1.685280       1.698900       1.725800       1.725940       1.749000       1.771870       1.772320       1.772870       1.783590       1.804490       1.805590       1.806690       1.810110       1.815220       1.822510       1.855980       1.882220       1.885860       1.896410       1.908970       1.917420       1.925800       1.934110       1.942340       1.950500       1.958590       1.966590       1.974520       1.982380    
   1.685210       1.698800       1.725800       1.725870       1.749030       1.772090       1.772320       1.772600       1.783320       1.804490       1.805040       1.805590       1.807460       1.810670       1.815950       1.861500       1.884040       1.885860       1.912840       1.923580       1.928640       1.932010       1.940370       1.948660       1.956860       1.964990       1.973040       1.981020       1.988910       1.996720    
   1.698740       1.725800       1.725830       1.749050       1.772210       1.772320       1.772460       1.783180       1.804490       1.804760       1.805040       1.806030       1.807910       1.857100       1.897110       1.929740       1.929730       1.934630       1.940630       1.945500       1.938190       1.946610       1.954950       1.963220       1.971400       1.979500       1.987520       1.995450       2.003310       2.011080    
   1.725800       1.725820       1.749050       1.772260       1.772320       1.772390       1.783110       1.804490       1.804630       1.804760       1.805280       1.806330       1.892210       1.994790       1.994330       1.970490       1.975440       1.973610       1.960230       1.952820       1.952820       1.961220       1.969540       1.977780       1.985940       1.994010       2.001990       2.009890       2.017710       2.025440    
   1.725810       1.749060       1.772290       1.772320       1.772350       1.783080       1.804490       1.804560       1.804630       1.804890       1.895050       2.029450       2.006720       1.995240       1.995240       1.994330       1.982470       1.977270       1.973610       1.968990       1.967450       1.975840       1.984140       1.992360       2.000480       2.008520       2.016470       2.024330       2.032110       2.039800    
   1.749060       1.772310       1.772320       1.772340       1.783060       1.804490       1.804520       1.804560       1.804690       1.912690       2.029450       2.029450       2.029450       2.007390       1.996160       1.996160       1.994330       1.984660       1.980930       1.973610       1.982080       1.990450       1.998730       2.006930       2.015030       2.023030       2.030950       2.038770       2.046500       2.054150    
   1.772310       1.772320       1.772330       1.783050       1.804490       1.804510       1.804520       1.876620       1.949130       2.029490       2.029450       2.029450       2.029450       2.029450       2.008730       1.997980       1.997980       1.994330       1.989770       1.988250       1.996700       2.005060       2.013320       2.021490       2.029560       2.037540       2.045420       2.053200       2.060890       2.068490    
   1.772320       1.772320       1.783050       1.804490       1.804500       1.921910       2.097990       2.095350       2.092710       2.050640       2.029570       2.029450       2.029450       2.029450       2.029450       2.011330       2.001630       2.001640       1.994330       2.002870       2.011310       2.019650       2.027900       2.036050       2.044090       2.052030       2.059870       2.067610       2.075260       2.082810    
   1.772320       1.783050       1.804490       1.804490       1.945400       2.098020       2.098020       2.097990       2.095350       2.092710       2.050850       2.029810       2.029450       2.029450       2.029450       2.029450       2.016250       2.008930       2.008940       2.017470       2.025900       2.034230       2.042460       2.050580       2.058600       2.066500       2.074310       2.082010       2.089610       2.097110    
