iMOD/TUTORIALS/TUT_MetaswapAnalyser/model_MetaSWAP/meteo/Evaporation/Evaporation_20050924_L1.ASC
NCOLS                30
NROWS                30
XLLCORNER     160000.00
YLLCORNER     340000.00
CELLSIZE        1000.00
NODATA_VALUE   -9999.00
   1.843090       1.844420       1.845580       1.846580       1.847430       1.848120       1.848670       1.849080       1.849350       1.849490       1.849510       1.849410       1.849190       1.848860       1.848430       1.847890       1.847250       1.846510       1.845680       1.844760       1.843750       1.842660       1.841480       1.840230       1.838900       1.837490       1.836020       1.834470       1.832850       1.831160    
   1.842130       1.843420       1.844560       1.845540       1.846360       1.847040       1.847580       1.847980       1.848240       1.848380       1.848390       1.848290       1.848070       1.847740       1.847300       1.846760       1.846120       1.845380       1.844550       1.843640       1.842630       1.841540       1.840370       1.839130       1.837800       1.836400       1.834930       1.833390       1.831780       1.830110    
   1.841120       1.842380       1.843490       1.844450       1.845260       1.845920       1.846440       1.846830       1.847090       1.847220       1.847230       1.847120       1.846890       1.846560       1.846120       1.845580       1.844940       1.844210       1.843380       1.842470       1.841460       1.840380       1.839220       1.837970       1.836660       1.835260       1.833800       1.832270       1.830670       1.829000    
   1.840070       1.841300       1.842380       1.843310       1.844100       1.844750       1.845260       1.845640       1.845880       1.846010       1.846010       1.845890       1.845670       1.845330       1.844890       1.844350       1.843710       1.842980       1.842160       1.841250       1.840250       1.839170       1.838010       1.836780       1.835460       1.834080       1.832630       1.831100       1.829510       1.827860    
   1.838980       1.840180       1.841230       1.842140       1.842910       1.843540       1.844030       1.844400       1.844630       1.844750       1.844740       1.844620       1.844390       1.844060       1.843620       1.843080       1.842440       1.841710       1.840890       1.839980       1.838990       1.837910       1.836760       1.835530       1.834230       1.832850       1.831410       1.829900       1.828320       1.826680    
   1.837870       1.839030       1.840050       1.840940       1.841680       1.842290       1.842770       1.843120       1.843340       1.843450       1.843440       1.843310       1.843080       1.842740       1.842300       1.841760       1.841120       1.840390       1.839570       1.838670       1.837680       1.836620       1.835470       1.834250       1.832950       1.831590       1.830150       1.828650       1.827080       1.825450    
   1.836720       1.837850       1.838840       1.839700       1.840420       1.841010       1.841470       1.841800       1.842020       1.842110       1.842090       1.841960       1.841720       1.841380       1.840940       1.840400       1.839760       1.839030       1.838220       1.837320       1.836340       1.835280       1.834140       1.832920       1.831640       1.830280       1.828860       1.827370       1.825810       1.824190    
   1.835550       1.836640       1.837600       1.838430       1.839120       1.839690       1.840130       1.840450       1.840650       1.840740       1.840710       1.840570       1.840330       1.839980       1.839540       1.839000       1.838360       1.837640       1.836830       1.835930       1.834950       1.833900       1.832770       1.831560       1.830280       1.828940       1.827520       1.826040       1.824500       1.822900    
   1.834350       1.835400       1.836330       1.837130       1.837800       1.838340       1.838770       1.839070       1.839260       1.839330       1.839300       1.839150       1.838900       1.838550       1.838100       1.837560       1.836930       1.836200       1.835400       1.834510       1.833530       1.832480       1.831360       1.830160       1.828890       1.827560       1.826150       1.824690       1.823160       1.821560    
   1.833130       1.834150       1.835040       1.835810       1.836450       1.836970       1.837380       1.837660       1.837840       1.837900       1.837850       1.837700       1.837440       1.837090       1.836640       1.836090       1.835460       1.834740       1.833930       1.833040       1.832080       1.831040       1.829920       1.828730       1.827470       1.826140       1.824750       1.823300       1.821780       1.820200    
   1.833090       1.834110       1.834860       1.834460       1.835080       1.835580       1.835960       1.836230       1.836390       1.836430       1.836380       1.836210       1.835950       1.835590       1.835140       1.834590       1.833960       1.833240       1.832440       1.831550       1.830590       1.829550       1.828440       1.827260       1.826010       1.824700       1.823320       1.821870       1.820370       1.818810    
   1.833040       1.834130       1.834460       1.833880       1.833690       1.834160       1.834520       1.834770       1.834910       1.834950       1.834880       1.834700       1.834430       1.834070       1.833610       1.833060       1.832430       1.831710       1.830910       1.830030       1.829070       1.828040       1.826940       1.825770       1.824530       1.823220       1.821850       1.820420       1.818930       1.817380    
   1.833380       1.834460       1.833400       1.832990       1.832280       1.832730       1.833060       1.833290       1.833420       1.833430       1.833350       1.833170       1.832890       1.832520       1.832060       1.831510       1.830870       1.830150       1.829360       1.828480       1.827530       1.826500       1.825410       1.824240       1.823010       1.821720       1.820360       1.818940       1.817470       1.815930    
   1.834460       1.833190       1.832630       1.832280       1.832090       1.831270       1.831590       1.831800       1.831900       1.831900       1.831810       1.831620       1.831330       1.830950       1.830480       1.829930       1.829290       1.828570       1.827780       1.826900       1.825960       1.824940       1.823850       1.822690       1.821470       1.820190       1.818840       1.817440       1.815970       1.814450    
   1.833100       1.832460       1.832280       1.831880       1.831270       1.830980       1.830090       1.830280       1.830370       1.830350       1.830240       1.830040       1.829740       1.829360       1.828890       1.828330       1.827690       1.826970       1.826170       1.825300       1.824360       1.823350       1.822260       1.821120       1.819910       1.818630       1.817300       1.815910       1.814460       1.812950    
   1.832370       1.832280       1.831810       1.831270       1.830780       1.830090       1.830180       1.830250       1.829950       1.828790       1.828670       1.828450       1.828140       1.827750       1.827270       1.826710       1.826060       1.825340       1.824550       1.823680       1.822740       1.821730       1.820660       1.819520       1.818320       1.817060       1.815730       1.814350       1.812920       1.811430    
   1.832280       1.831790       1.831270       1.830710       1.830090       1.830140       1.830170       1.829790       1.828790       1.828730       1.827590       1.826840       1.826520       1.826120       1.825630       1.825070       1.824420       1.823700       1.822910       1.822040       1.821100       1.820100       1.819030       1.817900       1.816710       1.815460       1.814150       1.812780       1.811360       1.809880    
   1.831780       1.831270       1.830690       1.830090       1.830110       1.830130       1.829720       1.828790       1.828760       1.827270       1.826030       1.825220       1.824890       1.824480       1.823980       1.823410       1.822760       1.822040       1.821240       1.820380       1.819450       1.818450       1.817390       1.816260       1.815080       1.813840       1.812540       1.811180       1.809780       1.808320    
   1.831270       1.830680       1.830090       1.830100       1.830110       1.829690       1.828790       1.828770       1.827130       1.825620       1.825220       1.825060       1.824350       1.822820       1.822320       1.821740       1.821090       1.820360       1.819570       1.818700       1.817770       1.816780       1.815720       1.814610       1.813430       1.812200       1.810910       1.809570       1.808180       1.806730    
   1.830680       1.830090       1.830100       1.830100       1.829670       1.828790       1.828780       1.827070       1.825420       1.825220       1.825140       1.824360       1.822820       1.822570       1.822290       1.821720       1.821060       1.820340       1.818190       1.817010       1.816090       1.815100       1.814050       1.812940       1.811770       1.810550       1.809270       1.807950       1.806570       1.805140    
   1.830090       1.830090       1.830100       1.829670       1.828790       1.828790       1.827040       1.825320       1.825220       1.825180       1.824380       1.822820       1.822700       1.822560       1.822190       1.821690       1.821040       1.818210       1.816160       1.815310       1.814390       1.813400       1.812360       1.811250       1.810100       1.808880       1.807620       1.806300       1.804940       1.803520    
   1.830090       1.830090       1.829660       1.828790       1.828790       1.827020       1.825270       1.825220       1.825200       1.824400       1.822820       1.822760       1.822690       1.822480       1.822150       1.821640       1.818400       1.815730       1.815310       1.814120       1.812670       1.811690       1.810650       1.809560       1.808410       1.807210       1.805950       1.804650       1.803300       1.801900    
   1.830090       1.829660       1.828790       1.828790       1.827010       1.825250       1.825220       1.825210       1.824410       1.822820       1.822790       1.822760       1.822640       1.822440       1.822090       1.817570       1.815520       1.815310       1.812190       1.810950       1.810360       1.809970       1.808940       1.807850       1.806710       1.805520       1.804280       1.802990       1.801650       1.800260    
   1.829660       1.828790       1.828790       1.827010       1.825230       1.825220       1.825210       1.824410       1.822820       1.822800       1.822790       1.822730       1.822610       1.817380       1.813300       1.810120       1.810120       1.809590       1.808930       1.808360       1.809230       1.808250       1.807220       1.806140       1.805000       1.803820       1.802590       1.801310       1.799990       1.798620    
   1.828790       1.828790       1.827010       1.825230       1.825220       1.825220       1.824420       1.822820       1.822810       1.822800       1.822770       1.822710       1.813450       1.802290       1.802340       1.805260       1.804720       1.804940       1.806590       1.807490       1.807490       1.806520       1.805490       1.804420       1.803290       1.802120       1.800900       1.799630       1.798320       1.796970    
   1.828790       1.827010       1.825220       1.825220       1.825220       1.824420       1.822820       1.822820       1.822810       1.822800       1.812870       1.798020       1.800820       1.802230       1.802230       1.802340       1.803840       1.804500       1.804940       1.805550       1.805760       1.804780       1.803760       1.802690       1.801570       1.800410       1.799200       1.797950       1.796650       1.795310    
   1.827010       1.825220       1.825220       1.825220       1.824420       1.822820       1.822820       1.822820       1.822810       1.810900       1.798020       1.798020       1.798020       1.800740       1.802120       1.802120       1.802340       1.803580       1.804070       1.804940       1.804020       1.803040       1.802030       1.800960       1.799850       1.798700       1.797500       1.796260       1.794970       1.793650    
   1.825220       1.825220       1.825220       1.824420       1.822820       1.822820       1.822820       1.814750       1.806770       1.798020       1.798020       1.798020       1.798020       1.798020       1.800580       1.801910       1.801910       1.802340       1.802980       1.803200       1.802280       1.801310       1.800290       1.799230       1.798130       1.796980       1.795790       1.794570       1.793300       1.791990    
   1.825220       1.825220       1.824420       1.822820       1.822820       1.809610       1.789790       1.790160       1.790540       1.795510       1.798010       1.798020       1.798020       1.798020       1.798020       1.800270       1.801480       1.801480       1.802340       1.801460       1.800540       1.799570       1.798560       1.797500       1.796400       1.795270       1.794090       1.792870       1.791620       1.790320    
   1.825220       1.824420       1.822820       1.822820       1.806960       1.789790       1.789790       1.789790       1.790160       1.790540       1.795490       1.797980       1.798020       1.798020       1.798020       1.798020       1.799700       1.800610       1.800610       1.799730       1.798800       1.797830       1.796820       1.795770       1.794680       1.793550       1.792390       1.791180       1.789940       1.788660    
