iMOD/TUTORIALS/TUT_MetaswapAnalyser/model_MetaSWAP/meteo/Evaporation/Evaporation_20060220_L1.ASC
NCOLS                30
NROWS                30
XLLCORNER     160000.00
YLLCORNER     340000.00
CELLSIZE        1000.00
NODATA_VALUE   -9999.00
  0.1363000      0.1364100      0.1365300      0.1366600      0.1368100      0.1369600      0.1371200      0.1373000      0.1374800      0.1376700      0.1378700      0.1380700      0.1382900      0.1385100      0.1387300      0.1389700      0.1392000      0.1394500      0.1397000      0.1399500      0.1402100      0.1404700      0.1407300      0.1410000      0.1412700      0.1415500      0.1418300      0.1421100      0.1423900      0.1426700    
  0.1360900      0.1362000      0.1363200      0.1364500      0.1365900      0.1367400      0.1369000      0.1370800      0.1372600      0.1374400      0.1376400      0.1378400      0.1380500      0.1382700      0.1385000      0.1387200      0.1389600      0.1392000      0.1394500      0.1396900      0.1399500      0.1402100      0.1404700      0.1407300      0.1410000      0.1412700      0.1415400      0.1418200      0.1420900      0.1423700    
  0.1358800      0.1359900      0.1361100      0.1362400      0.1363800      0.1365300      0.1366900      0.1368600      0.1370400      0.1372200      0.1374200      0.1376200      0.1378300      0.1380400      0.1382600      0.1384900      0.1387200      0.1389600      0.1392000      0.1394400      0.1396900      0.1399500      0.1402100      0.1404700      0.1407300      0.1410000      0.1412600      0.1415300      0.1418100      0.1420800    
  0.1356800      0.1357800      0.1359000      0.1360300      0.1361700      0.1363200      0.1364800      0.1366500      0.1368200      0.1370100      0.1372000      0.1374000      0.1376000      0.1378100      0.1380300      0.1382500      0.1384800      0.1387200      0.1389600      0.1392000      0.1394400      0.1396900      0.1399500      0.1402000      0.1404600      0.1407200      0.1409900      0.1412500      0.1415200      0.1417900    
  0.1354800      0.1355800      0.1357000      0.1358300      0.1359700      0.1361200      0.1362700      0.1364400      0.1366100      0.1367900      0.1369800      0.1371800      0.1373800      0.1375900      0.1378100      0.1380300      0.1382500      0.1384800      0.1387200      0.1389600      0.1392000      0.1394400      0.1396900      0.1399500      0.1402000      0.1404600      0.1407200      0.1409800      0.1412400      0.1415000    
  0.1352800      0.1353900      0.1355100      0.1356300      0.1357700      0.1359200      0.1360700      0.1362400      0.1364100      0.1365900      0.1367700      0.1369700      0.1371700      0.1373700      0.1375800      0.1378000      0.1380200      0.1382500      0.1384800      0.1387200      0.1389600      0.1392000      0.1394400      0.1396900      0.1399400      0.1402000      0.1404500      0.1407100      0.1409600      0.1412200    
  0.1350900      0.1352000      0.1353100      0.1354400      0.1355700      0.1357200      0.1358700      0.1360400      0.1362000      0.1363800      0.1365700      0.1367600      0.1369500      0.1371600      0.1373700      0.1375800      0.1378000      0.1380200      0.1382500      0.1384800      0.1387200      0.1389600      0.1392000      0.1394400      0.1396900      0.1399400      0.1401900      0.1404400      0.1406900      0.1409400    
  0.1349000      0.1350100      0.1351200      0.1352500      0.1353800      0.1355300      0.1356800      0.1358400      0.1360100      0.1361800      0.1363600      0.1365500      0.1367500      0.1369500      0.1371500      0.1373600      0.1375800      0.1378000      0.1380200      0.1382500      0.1384800      0.1387200      0.1389500      0.1391900      0.1394400      0.1396800      0.1399300      0.1401700      0.1404200      0.1406700    
  0.1347100      0.1348200      0.1349300      0.1350600      0.1351900      0.1353400      0.1354900      0.1356400      0.1358100      0.1359800      0.1361600      0.1363500      0.1365400      0.1367400      0.1369400      0.1371500      0.1373600      0.1375800      0.1378000      0.1380200      0.1382500      0.1384800      0.1387200      0.1389500      0.1391900      0.1394300      0.1396700      0.1399100      0.1401500      0.1404000    
  0.1345300      0.1346300      0.1347500      0.1348700      0.1350100      0.1351500      0.1353000      0.1354500      0.1356200      0.1357900      0.1359700      0.1361500      0.1363400      0.1365300      0.1367300      0.1369400      0.1371500      0.1373600      0.1375800      0.1378000      0.1380200      0.1382500      0.1384800      0.1387100      0.1389400      0.1391800      0.1394100      0.1396500      0.1398900      0.1401300    
  0.1345300      0.1346370      0.1347350      0.1346900      0.1348200      0.1349600      0.1351100      0.1352600      0.1354300      0.1356000      0.1357700      0.1359500      0.1361400      0.1363300      0.1365300      0.1367300      0.1369400      0.1371500      0.1373600      0.1375800      0.1378000      0.1380200      0.1382400      0.1384700      0.1387000      0.1389300      0.1391600      0.1393900      0.1396300      0.1398600    
  0.1345340      0.1346480      0.1346900      0.1346520      0.1346400      0.1347800      0.1349200      0.1350800      0.1352400      0.1354100      0.1355800      0.1357600      0.1359400      0.1361300      0.1363300      0.1365300      0.1367300      0.1369400      0.1371500      0.1373600      0.1375800      0.1377900      0.1380100      0.1382400      0.1384600      0.1386900      0.1389100      0.1391400      0.1393700      0.1396000    
  0.1345780      0.1346900      0.1345880      0.1345500      0.1344600      0.1346000      0.1347400      0.1348900      0.1350500      0.1352200      0.1353900      0.1355700      0.1357500      0.1359400      0.1361300      0.1363200      0.1365200      0.1367300      0.1369300      0.1371400      0.1373500      0.1375700      0.1377800      0.1380000      0.1382200      0.1384400      0.1386600      0.1388900      0.1391100      0.1393300    
  0.1346900      0.1345610      0.1345050      0.1344600      0.1344930      0.1344200      0.1345600      0.1347100      0.1348700      0.1350300      0.1352000      0.1353800      0.1355600      0.1357400      0.1359300      0.1361200      0.1363200      0.1365200      0.1367200      0.1369300      0.1371400      0.1373500      0.1375600      0.1377700      0.1379900      0.1382000      0.1384200      0.1386400      0.1388500      0.1390700    
  0.1345480      0.1344830      0.1344600      0.1344580      0.1344200      0.1344530      0.1343800      0.1345300      0.1346900      0.1348500      0.1350100      0.1351900      0.1353600      0.1355500      0.1357300      0.1359200      0.1361200      0.1363100      0.1365100      0.1367200      0.1369200      0.1371300      0.1373300      0.1375400      0.1377500      0.1379600      0.1381800      0.1383900      0.1386000      0.1388100    
  0.1344710      0.1344600      0.1344460      0.1344200      0.1344180      0.1343800      0.1344550      0.1345330      0.1346830      0.1346600      0.1348300      0.1350000      0.1351800      0.1353500      0.1355400      0.1357300      0.1359200      0.1361100      0.1363100      0.1365000      0.1367000      0.1369100      0.1371100      0.1373200      0.1375200      0.1377300      0.1379300      0.1381400      0.1383500      0.1385600    
  0.1344600      0.1344420      0.1344200      0.1344060      0.1343800      0.1344180      0.1344560      0.1345830      0.1346600      0.1347450      0.1347860      0.1348100      0.1349900      0.1351600      0.1353400      0.1355300      0.1357200      0.1359100      0.1361000      0.1362900      0.1364900      0.1366900      0.1368900      0.1370900      0.1372900      0.1374900      0.1376900      0.1379000      0.1381000      0.1383000    
  0.1344410      0.1344200      0.1344020      0.1343800      0.1343990      0.1344180      0.1345290      0.1346600      0.1347030      0.1347080      0.1347200      0.1346300      0.1348000      0.1349700      0.1351500      0.1353300      0.1355200      0.1357100      0.1358900      0.1360900      0.1362800      0.1364700      0.1366700      0.1368600      0.1370600      0.1372600      0.1374600      0.1376500      0.1378500      0.1380500    
  0.1344200      0.1344010      0.1343800      0.1343890      0.1343990      0.1345010      0.1346600      0.1346810      0.1346750      0.1346750      0.1346300      0.1347150      0.1347970      0.1347900      0.1349600      0.1351400      0.1353200      0.1355100      0.1356900      0.1358800      0.1360700      0.1362600      0.1364500      0.1366400      0.1368300      0.1370200      0.1372200      0.1374100      0.1376000      0.1377900    
  0.1344000      0.1343800      0.1343850      0.1343890      0.1344870      0.1346600      0.1346710      0.1346600      0.1346520      0.1346300      0.1346720      0.1347330      0.1347900      0.1348750      0.1349630      0.1351400      0.1353230      0.1355070      0.1356440      0.1356700      0.1358600      0.1360400      0.1362300      0.1364200      0.1366100      0.1367900      0.1369800      0.1371700      0.1373500      0.1375400    
  0.1343800      0.1343820      0.1343850      0.1344800      0.1346600      0.1346650      0.1346520      0.1346410      0.1346300      0.1346510      0.1347060      0.1347900      0.1348330      0.1348760      0.1349930      0.1351420      0.1353230      0.1355030      0.1355700      0.1354700      0.1356500      0.1358300      0.1360100      0.1362000      0.1363800      0.1365600      0.1367400      0.1369300      0.1371100      0.1372900    
  0.1343810      0.1343820      0.1344770      0.1346600      0.1346630      0.1346490      0.1346360      0.1346300      0.1346410      0.1346940      0.1347900      0.1348110      0.1348330      0.1349000      0.1350040      0.1351530      0.1353920      0.1355200      0.1354700      0.1355200      0.1354400      0.1356200      0.1358000      0.1359700      0.1361500      0.1363300      0.1365100      0.1366800      0.1368600      0.1370300    
  0.1343810      0.1344750      0.1346600      0.1346610      0.1346470      0.1346330      0.1346300      0.1346350      0.1346890      0.1347900      0.1348010      0.1348110      0.1348480      0.1349120      0.1350190      0.1351790      0.1354950      0.1354700      0.1352840      0.1352300      0.1353340      0.1354000      0.1355800      0.1357500      0.1359300      0.1361000      0.1362700      0.1364400      0.1366100      0.1367800    
  0.1344740      0.1346600      0.1346610      0.1346460      0.1346310      0.1346300      0.1346330      0.1346860      0.1347900      0.1347950      0.1348010      0.1348200      0.1348570      0.1346100      0.1346340      0.1348500      0.1348500      0.1349170      0.1349850      0.1349150      0.1350200      0.1351900      0.1353600      0.1355300      0.1357000      0.1358700      0.1360400      0.1362000      0.1363700      0.1365300    
  0.1346600      0.1346600      0.1346450      0.1346310      0.1346300      0.1346310      0.1346850      0.1347900      0.1347930      0.1347950      0.1348050      0.1348260      0.1343180      0.1336530      0.1336600      0.1341820      0.1342040      0.1342300      0.1346160      0.1348100      0.1348100      0.1349800      0.1351400      0.1353100      0.1354700      0.1356400      0.1358000      0.1359600      0.1361200      0.1362800    
  0.1346600      0.1346450      0.1346300      0.1346300      0.1346310      0.1346840      0.1347900      0.1347910      0.1347930      0.1347980      0.1340370      0.1328800      0.1333900      0.1336470      0.1336470      0.1336600      0.1340130      0.1341780      0.1342300      0.1345080      0.1346000      0.1347600      0.1349200      0.1350900      0.1352500      0.1354000      0.1355600      0.1357200      0.1358700      0.1360200    
  0.1346450      0.1346300      0.1346300      0.1346300      0.1346840      0.1347900      0.1347910      0.1347910      0.1347940      0.1338780      0.1328800      0.1328800      0.1328800      0.1333810      0.1336340      0.1336340      0.1336600      0.1339860      0.1341250      0.1342300      0.1343900      0.1345500      0.1347100      0.1348600      0.1350200      0.1351700      0.1353200      0.1354700      0.1356200      0.1357700    
  0.1346300      0.1346300      0.1346300      0.1346830      0.1347900      0.1347900      0.1347910      0.1340060      0.1334100      0.1328790      0.1328800      0.1328800      0.1328800      0.1328800      0.1333620      0.1336080      0.1336080      0.1336600      0.1339300      0.1340200      0.1341800      0.1343300      0.1344900      0.1346400      0.1347900      0.1349400      0.1350800      0.1352300      0.1353700      0.1355100    
  0.1346300      0.1346300      0.1346830      0.1347900      0.1347900      0.1333860      0.1312800      0.1314650      0.1316500      0.1324680      0.1328780      0.1328800      0.1328800      0.1328800      0.1328800      0.1333250      0.1335550      0.1335550      0.1336600      0.1338100      0.1339600      0.1341100      0.1342600      0.1344100      0.1345600      0.1347000      0.1348400      0.1349800      0.1351200      0.1352600    
  0.1346300      0.1346830      0.1347900      0.1347900      0.1331050      0.1312800      0.1312800      0.1312800      0.1314650      0.1316500      0.1324650      0.1328750      0.1328800      0.1328800      0.1328800      0.1328800      0.1332590      0.1334500      0.1334500      0.1336000      0.1337500      0.1339000      0.1340400      0.1341900      0.1343300      0.1344700      0.1346000      0.1347400      0.1348700      0.1350000    
