iMOD/TUTORIALS/TUT_MetaswapAnalyser/model_MetaSWAP/meteo/Evaporation/Evaporation_20050620_L1.ASC
NCOLS                30
NROWS                30
XLLCORNER     160000.00
YLLCORNER     340000.00
CELLSIZE        1000.00
NODATA_VALUE   -9999.00
   5.640990       5.642190       5.643410       5.644650       5.645900       5.647160       5.648430       5.649700       5.650960       5.652230       5.653480       5.654720       5.655950       5.657150       5.658340       5.659490       5.660630       5.661730       5.662800       5.663840       5.664850       5.665820       5.666750       5.667640       5.668500       5.669320       5.670090       5.670830       5.671530       5.672180    
   5.642990       5.644190       5.645410       5.646650       5.647900       5.649160       5.650420       5.651690       5.652950       5.654210       5.655460       5.656700       5.657920       5.659130       5.660310       5.661470       5.662600       5.663700       5.664780       5.665820       5.666830       5.667800       5.668740       5.669640       5.670510       5.671330       5.672120       5.672860       5.673560       5.674230    
   5.645010       5.646220       5.647440       5.648670       5.649920       5.651180       5.652440       5.653710       5.654970       5.656220       5.657470       5.658710       5.659930       5.661130       5.662310       5.663470       5.664600       5.665710       5.666780       5.667830       5.668840       5.669820       5.670760       5.671670       5.672540       5.673370       5.674160       5.674910       5.675630       5.676300    
   5.647050       5.648260       5.649480       5.650720       5.651970       5.653230       5.654490       5.655750       5.657010       5.658260       5.659510       5.660740       5.661960       5.663160       5.664340       5.665500       5.666630       5.667740       5.668820       5.669860       5.670880       5.671860       5.672810       5.673720       5.674590       5.675430       5.676230       5.676990       5.677710       5.678390    
   5.649100       5.650320       5.651550       5.652790       5.654040       5.655300       5.656560       5.657820       5.659080       5.660330       5.661570       5.662800       5.664020       5.665220       5.666400       5.667560       5.668690       5.669800       5.670880       5.671920       5.672940       5.673930       5.674880       5.675790       5.676670       5.677510       5.678320       5.679080       5.679810       5.680500    
   5.651170       5.652400       5.653630       5.654880       5.656130       5.657390       5.658650       5.659910       5.661160       5.662420       5.663660       5.664890       5.666100       5.667300       5.668480       5.669640       5.670770       5.671880       5.672960       5.674010       5.675030       5.676020       5.676970       5.677890       5.678770       5.679620       5.680430       5.681200       5.681930       5.682630    
   5.653260       5.654490       5.655730       5.656980       5.658240       5.659500       5.660760       5.662020       5.663270       5.664520       5.665770       5.666990       5.668210       5.669410       5.670590       5.671740       5.672880       5.673980       5.675070       5.676120       5.677140       5.678130       5.679080       5.680010       5.680890       5.681740       5.682560       5.683340       5.684080       5.684780    
   5.655360       5.656600       5.657840       5.659100       5.660360       5.661620       5.662880       5.664150       5.665400       5.666650       5.667890       5.669120       5.670340       5.671530       5.672710       5.673870       5.675000       5.676110       5.677190       5.678250       5.679270       5.680260       5.681220       5.682150       5.683040       5.683890       5.684710       5.685490       5.686240       5.686950    
   5.657470       5.658720       5.659970       5.661230       5.662500       5.663760       5.665030       5.666290       5.667550       5.668800       5.670040       5.671270       5.672480       5.673680       5.674860       5.676020       5.677150       5.678260       5.679340       5.680400       5.681420       5.682420       5.683380       5.684310       5.685200       5.686060       5.686880       5.687670       5.688420       5.689130    
   5.659590       5.660850       5.662110       5.663380       5.664650       5.665920       5.667190       5.668450       5.669710       5.670960       5.672210       5.673440       5.674650       5.675850       5.677030       5.678180       5.679320       5.680430       5.681510       5.682570       5.683600       5.684590       5.685550       5.686490       5.687380       5.688240       5.689070       5.689860       5.690620       5.691340    
   5.659590       5.660850       5.662970       5.665530       5.666810       5.668080       5.669360       5.670630       5.671890       5.673140       5.674390       5.675620       5.676830       5.678030       5.679210       5.680370       5.681510       5.682620       5.683700       5.684760       5.685790       5.686780       5.687750       5.688680       5.689580       5.690450       5.691280       5.692080       5.692830       5.693560    
   5.659600       5.662240       5.665530       5.668120       5.668980       5.670260       5.671540       5.672820       5.674080       5.675340       5.676580       5.677820       5.679030       5.680230       5.681410       5.682570       5.683710       5.684820       5.685910       5.686970       5.688000       5.688990       5.689960       5.690900       5.691800       5.692670       5.693500       5.694300       5.695060       5.695790    
   5.661430       5.665530       5.668720       5.670080       5.671170       5.672460       5.673740       5.675020       5.676280       5.677540       5.678790       5.680030       5.681250       5.682450       5.683630       5.684790       5.685930       5.687040       5.688130       5.689190       5.690220       5.691220       5.692190       5.693130       5.694030       5.694910       5.695740       5.696540       5.697310       5.698040    
   5.665530       5.669010       5.670620       5.671170       5.672760       5.674660       5.675940       5.677230       5.678500       5.679760       5.681020       5.682250       5.683470       5.684680       5.685860       5.687020       5.688160       5.689280       5.690370       5.691430       5.692460       5.693460       5.694440       5.695380       5.696280       5.697160       5.698000       5.698800       5.699570       5.700310    
   5.669150       5.670900       5.671170       5.672860       5.674660       5.676250       5.678160       5.679450       5.680730       5.681990       5.683250       5.684490       5.685710       5.686920       5.688100       5.689270       5.690410       5.691530       5.692620       5.693680       5.694720       5.695720       5.696700       5.697640       5.698550       5.699420       5.700260       5.701070       5.701840       5.702580    
   5.671030       5.671170       5.672900       5.674660       5.676360       5.678160       5.678810       5.679450       5.681600       5.684230       5.685490       5.686740       5.687960       5.689170       5.690360       5.691530       5.692670       5.693790       5.694880       5.695950       5.696990       5.697990       5.698970       5.699910       5.700820       5.701700       5.702550       5.703360       5.704130       5.704870    
   5.671170       5.672910       5.674660       5.676390       5.678160       5.678480       5.678800       5.681020       5.684230       5.684860       5.687340       5.688990       5.690220       5.691440       5.692630       5.693800       5.694940       5.696070       5.697160       5.698230       5.699270       5.700280       5.701250       5.702200       5.703110       5.703990       5.704840       5.705650       5.706430       5.707170    
   5.672910       5.674660       5.676400       5.678160       5.678320       5.678480       5.680630       5.684230       5.684550       5.687560       5.690120       5.691260       5.692490       5.693710       5.694910       5.696080       5.697230       5.698350       5.699450       5.700520       5.701560       5.702570       5.703550       5.704500       5.705410       5.706300       5.707140       5.707960       5.708740       5.709480    
   5.674660       5.676410       5.678160       5.678240       5.678320       5.680420       5.684230       5.684390       5.687660       5.690690       5.691260       5.691870       5.693360       5.695990       5.697190       5.698370       5.699520       5.700650       5.701750       5.702820       5.703860       5.704880       5.705860       5.706810       5.707730       5.708610       5.709460       5.710280       5.711060       5.711810    
   5.676410       5.678160       5.678200       5.678240       5.680300       5.684230       5.684310       5.687700       5.690980       5.691260       5.691570       5.693120       5.695990       5.696590       5.697180       5.698360       5.699510       5.700640       5.703560       5.705130       5.706180       5.707190       5.708180       5.709130       5.710050       5.710930       5.711780       5.712600       5.713390       5.714140    
   5.678160       5.678180       5.678200       5.680240       5.684230       5.684270       5.687720       5.691120       5.691260       5.691410       5.692980       5.695990       5.696290       5.696590       5.697380       5.698350       5.699500       5.703490       5.706290       5.707450       5.708500       5.709520       5.710500       5.711460       5.712380       5.713260       5.714120       5.714940       5.715720       5.716470    
   5.678170       5.678180       5.680210       5.684230       5.684250       5.687730       5.691190       5.691260       5.691340       5.692910       5.695990       5.696140       5.696290       5.696750       5.697440       5.698410       5.703130       5.706870       5.707450       5.708930       5.710830       5.711850       5.712840       5.713790       5.714710       5.715600       5.716460       5.717280       5.718070       5.718820    
   5.678170       5.680200       5.684230       5.684240       5.687740       5.691220       5.691260       5.691300       5.692870       5.695990       5.696060       5.696140       5.696390       5.696830       5.697530       5.704120       5.707160       5.707450       5.711550       5.713170       5.713780       5.714180       5.715180       5.716130       5.717060       5.717950       5.718810       5.719630       5.720420       5.721170    
   5.680190       5.684230       5.684230       5.687740       5.691240       5.691260       5.691280       5.692860       5.695990       5.696030       5.696060       5.696200       5.696450       5.703960       5.709850       5.714470       5.714470       5.715100       5.715900       5.716670       5.715500       5.716530       5.717520       5.718480       5.719410       5.720300       5.721160       5.721980       5.722770       5.723530    
   5.684230       5.684230       5.687740       5.691250       5.691260       5.691270       5.692850       5.695990       5.696010       5.696030       5.696100       5.696240       5.709390       5.725140       5.725070       5.721070       5.721770       5.721480       5.719130       5.717850       5.717850       5.718880       5.719870       5.720840       5.721760       5.722660       5.723520       5.724340       5.725130       5.725890    
   5.684230       5.687740       5.691260       5.691260       5.691270       5.692840       5.695990       5.696000       5.696010       5.696040       5.710050       5.730940       5.727140       5.725220       5.725220       5.725070       5.722990       5.722070       5.721480       5.720520       5.720200       5.721230       5.722230       5.723190       5.724120       5.725020       5.725880       5.726710       5.727500       5.728250    
   5.687740       5.691260       5.691260       5.691260       5.692840       5.695990       5.695990       5.696000       5.696020       5.712800       5.730940       5.730940       5.730940       5.727240       5.725360       5.725360       5.725070       5.723340       5.722660       5.721480       5.722550       5.723580       5.724590       5.725550       5.726480       5.727380       5.728240       5.729070       5.729860       5.730620    
   5.691260       5.691260       5.691260       5.692840       5.695990       5.695990       5.695990       5.707320       5.718580       5.730950       5.730940       5.730940       5.730940       5.730940       5.727460       5.725660       5.725660       5.725070       5.724140       5.723830       5.724900       5.725940       5.726950       5.727920       5.728850       5.729750       5.730610       5.731440       5.732230       5.732990    
   5.691260       5.691260       5.692840       5.695990       5.695990       5.714510       5.742290       5.741790       5.741290       5.734410       5.730960       5.730940       5.730940       5.730940       5.730940       5.727880       5.726240       5.726240       5.725070       5.726180       5.727260       5.728300       5.729310       5.730280       5.731210       5.732120       5.732980       5.733810       5.734600       5.735360    
   5.691260       5.692840       5.695990       5.695990       5.718220       5.742290       5.742290       5.742290       5.741790       5.741290       5.734440       5.731000       5.730940       5.730940       5.730940       5.730940       5.728660       5.727420       5.727420       5.728530       5.729610       5.730660       5.731670       5.732640       5.733580       5.734480       5.735350       5.736180       5.736970       5.737730    
