iMOD/TUTORIALS/TUT_MetaswapAnalyser/model_MetaSWAP/meteo/Evaporation/Evaporation_20051209_L1.ASC
NCOLS                30
NROWS                30
XLLCORNER     160000.00
YLLCORNER     340000.00
CELLSIZE        1000.00
NODATA_VALUE   -9999.00
  0.2900200      0.2889000      0.2877700      0.2866000      0.2854100      0.2842000      0.2829700      0.2817200      0.2804400      0.2791500      0.2778400      0.2765200      0.2751800      0.2738200      0.2724500      0.2710700      0.2696800      0.2682800      0.2668600      0.2654400      0.2640100      0.2625800      0.2611300      0.2596800      0.2582300      0.2567700      0.2553100      0.2538400      0.2523700      0.2509000    
  0.2897100      0.2885900      0.2874500      0.2862900      0.2851000      0.2838900      0.2826600      0.2814100      0.2801400      0.2788500      0.2775500      0.2762300      0.2748900      0.2735400      0.2721700      0.2707900      0.2694100      0.2680100      0.2666000      0.2651800      0.2637600      0.2623200      0.2608800      0.2594400      0.2579900      0.2565400      0.2550800      0.2536200      0.2521500      0.2506900    
  0.2893800      0.2882700      0.2871300      0.2859700      0.2847800      0.2835700      0.2823400      0.2810900      0.2798300      0.2785400      0.2772400      0.2759200      0.2745800      0.2732400      0.2718800      0.2705000      0.2691200      0.2677200      0.2663200      0.2649100      0.2634900      0.2620600      0.2606200      0.2591800      0.2577400      0.2562900      0.2548300      0.2533800      0.2519200      0.2504600    
  0.2890400      0.2879300      0.2867900      0.2856300      0.2844400      0.2832400      0.2820100      0.2807600      0.2795000      0.2782100      0.2769100      0.2756000      0.2742700      0.2729200      0.2715600      0.2702000      0.2688200      0.2674300      0.2660300      0.2646200      0.2632000      0.2617800      0.2603500      0.2589100      0.2574700      0.2560300      0.2545800      0.2531300      0.2516700      0.2502200    
  0.2886900      0.2875800      0.2864400      0.2852700      0.2840900      0.2828800      0.2816600      0.2804100      0.2791500      0.2778700      0.2765700      0.2752600      0.2739300      0.2725900      0.2712400      0.2698700      0.2685000      0.2671100      0.2657200      0.2643100      0.2629000      0.2614800      0.2600600      0.2586300      0.2571900      0.2557500      0.2543100      0.2528600      0.2514100      0.2499700    
  0.2883300      0.2872100      0.2860700      0.2849100      0.2837300      0.2825200      0.2813000      0.2800500      0.2787900      0.2775200      0.2762200      0.2749100      0.2735900      0.2722500      0.2709000      0.2695400      0.2681700      0.2667900      0.2653900      0.2640000      0.2625900      0.2611700      0.2597500      0.2583300      0.2569000      0.2554600      0.2540300      0.2525900      0.2511400      0.2497000    
  0.2879600      0.2868400      0.2857000      0.2845300      0.2833500      0.2821500      0.2809200      0.2796800      0.2784200      0.2771500      0.2758600      0.2745500      0.2732300      0.2719000      0.2705500      0.2691900      0.2678200      0.2664500      0.2650600      0.2636700      0.2622600      0.2608500      0.2594400      0.2580200      0.2565900      0.2551600      0.2537300      0.2523000      0.2508600      0.2494200    
  0.2875700      0.2864500      0.2853100      0.2841500      0.2829600      0.2817600      0.2805400      0.2793000      0.2780400      0.2767700      0.2754800      0.2741800      0.2728600      0.2715300      0.2701900      0.2688300      0.2674700      0.2661000      0.2647100      0.2633200      0.2619200      0.2605200      0.2591100      0.2576900      0.2562700      0.2548500      0.2534200      0.2519900      0.2505600      0.2491300    
  0.2871800      0.2860600      0.2849100      0.2837500      0.2825700      0.2813600      0.2801400      0.2789000      0.2776500      0.2763800      0.2750900      0.2737900      0.2724800      0.2711500      0.2698100      0.2684600      0.2671000      0.2657300      0.2643500      0.2629700      0.2615700      0.2601800      0.2587700      0.2573600      0.2559400      0.2545300      0.2531000      0.2516800      0.2502500      0.2488300    
  0.2867800      0.2856500      0.2845100      0.2833400      0.2821600      0.2809600      0.2797400      0.2785000      0.2772500      0.2759800      0.2746900      0.2733900      0.2720800      0.2707600      0.2694200      0.2680800      0.2667200      0.2653600      0.2639800      0.2626000      0.2612100      0.2598200      0.2584200      0.2570100      0.2556000      0.2541900      0.2527700      0.2513600      0.2499300      0.2485100    
  0.2867700      0.2856470      0.2841080      0.2829300      0.2817400      0.2805400      0.2793200      0.2780800      0.2768300      0.2755600      0.2742800      0.2729900      0.2716800      0.2703600      0.2690300      0.2676800      0.2663300      0.2649700      0.2636000      0.2622200      0.2608400      0.2594500      0.2580600      0.2566600      0.2552500      0.2538400      0.2524300      0.2510200      0.2496000      0.2481900    
  0.2867630      0.2848640      0.2829300      0.2817180      0.2813200      0.2801100      0.2788900      0.2776600      0.2764100      0.2751400      0.2738600      0.2725700      0.2712600      0.2699500      0.2686200      0.2672800      0.2659300      0.2645700      0.2632100      0.2618400      0.2604600      0.2590700      0.2576800      0.2562900      0.2548900      0.2534900      0.2520800      0.2506700      0.2492600      0.2478500    
  0.2856060      0.2829300      0.2816570      0.2811000      0.2808800      0.2796800      0.2784600      0.2772300      0.2759800      0.2747100      0.2734300      0.2721400      0.2708400      0.2695300      0.2682000      0.2668700      0.2655200      0.2641700      0.2628100      0.2614400      0.2600600      0.2586800      0.2573000      0.2559100      0.2545200      0.2531200      0.2517200      0.2503200      0.2489100      0.2475100    
  0.2829300      0.2816140      0.2809900      0.2808800      0.2799330      0.2792400      0.2780200      0.2767800      0.2755400      0.2742700      0.2730000      0.2717100      0.2704100      0.2691000      0.2677700      0.2664400      0.2651000      0.2637500      0.2623900      0.2610300      0.2596600      0.2582900      0.2569100      0.2555200      0.2541300      0.2527400      0.2513500      0.2499500      0.2485500      0.2471500    
  0.2815900      0.2809350      0.2808800      0.2800180      0.2792400      0.2782770      0.2775700      0.2763300      0.2750900      0.2738300      0.2725500      0.2712600      0.2699700      0.2686600      0.2673400      0.2660100      0.2646700      0.2633300      0.2619700      0.2606100      0.2592500      0.2578800      0.2565000      0.2551200      0.2537400      0.2523500      0.2509700      0.2495700      0.2481800      0.2467900    
  0.2809080      0.2808800      0.2800460      0.2792400      0.2783620      0.2775700      0.2769500      0.2763300      0.2746550      0.2733700      0.2721000      0.2708100      0.2695200      0.2682100      0.2668900      0.2655700      0.2642300      0.2628900      0.2615400      0.2601900      0.2588300      0.2574600      0.2560900      0.2547200      0.2533400      0.2519600      0.2505800      0.2491900      0.2478000      0.2464200    
  0.2808800      0.2800550      0.2792400      0.2783910      0.2775700      0.2772600      0.2769500      0.2753260      0.2733700      0.2727350      0.2713040      0.2703500      0.2690600      0.2677600      0.2664400      0.2651200      0.2637900      0.2624500      0.2611100      0.2597500      0.2584000      0.2570400      0.2556700      0.2543000      0.2529300      0.2515500      0.2501800      0.2488000      0.2474200      0.2460400    
  0.2800580      0.2792400      0.2784000      0.2775700      0.2774150      0.2772600      0.2757270      0.2733700      0.2730530      0.2714840      0.2701200      0.2698900      0.2686000      0.2672900      0.2659800      0.2646600      0.2633400      0.2620000      0.2606600      0.2593100      0.2579600      0.2566000      0.2552400      0.2538800      0.2525100      0.2511400      0.2497700      0.2484000      0.2470200      0.2456500    
  0.2792400      0.2784030      0.2775700      0.2774930      0.2774150      0.2759430      0.2733700      0.2732110      0.2715600      0.2700050      0.2698900      0.2692450      0.2681500      0.2668200      0.2655200      0.2642000      0.2628800      0.2615400      0.2602100      0.2588600      0.2575200      0.2561600      0.2548100      0.2534500      0.2520900      0.2507200      0.2493600      0.2479900      0.2466200      0.2452500    
  0.2784040      0.2775700      0.2775310      0.2774930      0.2760550      0.2733700      0.2732910      0.2715960      0.2699480      0.2698900      0.2695670      0.2685260      0.2668200      0.2661700      0.2655130      0.2642000      0.2628730      0.2615430      0.2593940      0.2584100      0.2570600      0.2557200      0.2543700      0.2530100      0.2516500      0.2503000      0.2489300      0.2475700      0.2462100      0.2448500    
  0.2775700      0.2775510      0.2775310      0.2761120      0.2733700      0.2733300      0.2716130      0.2699190      0.2698900      0.2697290      0.2687010      0.2668200      0.2664950      0.2661680      0.2652940      0.2641960      0.2628720      0.2599880      0.2581800      0.2579500      0.2566100      0.2552600      0.2539200      0.2525700      0.2512100      0.2498600      0.2485100      0.2471500      0.2457900      0.2444400    
  0.2775600      0.2775510      0.2761410      0.2733700      0.2733500      0.2716220      0.2699040      0.2698900      0.2698090      0.2687850      0.2668200      0.2666580      0.2664940      0.2659860      0.2652190      0.2641210      0.2606140      0.2580650      0.2579500      0.2569000      0.2561400      0.2548000      0.2534600      0.2521200      0.2507700      0.2494200      0.2480700      0.2467200      0.2453700      0.2440200    
  0.2775600      0.2761560      0.2733700      0.2733600      0.2716260      0.2698970      0.2698900      0.2698500      0.2688260      0.2668200      0.2667390      0.2666570      0.2663790      0.2659000      0.2651090      0.2608930      0.2580080      0.2579500      0.2563660      0.2556650      0.2548660      0.2543400      0.2530000      0.2516600      0.2503200      0.2489700      0.2476300      0.2462900      0.2449400      0.2436000    
  0.2761630      0.2733700      0.2733650      0.2716280      0.2698940      0.2698900      0.2698700      0.2688460      0.2668200      0.2667790      0.2667390      0.2665920      0.2663120      0.2631890      0.2598780      0.2565030      0.2565050      0.2558550      0.2551080      0.2549500      0.2551900      0.2538600      0.2525300      0.2512000      0.2498600      0.2485200      0.2471800      0.2458400      0.2445100      0.2431700    
  0.2733700      0.2733680      0.2716290      0.2698920      0.2698900      0.2698800      0.2688570      0.2668200      0.2668000      0.2667790      0.2667030      0.2665480      0.2613570      0.2553540      0.2553700      0.2554910      0.2549970      0.2550600      0.2547890      0.2547100      0.2547100      0.2533900      0.2520600      0.2507300      0.2494000      0.2480600      0.2467300      0.2454000      0.2440700      0.2427300    
  0.2733690      0.2716290      0.2698910      0.2698900      0.2698850      0.2688620      0.2668200      0.2668100      0.2668000      0.2667610      0.2620620      0.2551400      0.2552690      0.2553380      0.2553380      0.2553700      0.2550910      0.2549350      0.2550600      0.2544350      0.2542300      0.2529100      0.2515800      0.2502600      0.2489300      0.2476000      0.2462800      0.2449500      0.2436200      0.2422900    
  0.2716300      0.2698900      0.2698900      0.2698880      0.2688640      0.2668200      0.2668150      0.2668100      0.2667900      0.2611800      0.2551400      0.2551400      0.2551400      0.2552460      0.2553060      0.2553060      0.2553700      0.2550010      0.2548100      0.2550600      0.2537400      0.2524200      0.2511000      0.2497800      0.2484600      0.2471400      0.2458100      0.2444900      0.2431700      0.2418500    
  0.2698900      0.2698900      0.2698890      0.2688650      0.2668200      0.2668170      0.2668150      0.2635690      0.2597480      0.2551390      0.2551400      0.2551400      0.2551400      0.2551400      0.2551980      0.2552420      0.2552420      0.2553700      0.2547630      0.2545600      0.2532500      0.2519300      0.2506200      0.2493000      0.2479800      0.2466700      0.2453500      0.2440300      0.2427200      0.2414000    
  0.2698900      0.2698890      0.2688660      0.2668200      0.2668190      0.2619460      0.2546400      0.2542500      0.2538600      0.2547100      0.2551360      0.2551400      0.2551400      0.2551400      0.2551400      0.2551030      0.2551150      0.2551150      0.2553700      0.2540600      0.2527500      0.2514400      0.2501300      0.2488200      0.2475000      0.2461900      0.2448800      0.2435700      0.2422600      0.2409500    
  0.2698900      0.2688660      0.2668200      0.2668190      0.2609720      0.2546390      0.2546390      0.2546400      0.2542500      0.2538600      0.2547020      0.2551270      0.2551400      0.2551400      0.2551400      0.2551400      0.2549160      0.2548600      0.2548600      0.2535600      0.2522500      0.2509400      0.2496400      0.2483300      0.2470200      0.2457200      0.2444100      0.2431100      0.2418000      0.2405000    
