iMOD/TUTORIALS/TUT_MetaswapAnalyser/model_MetaSWAP/meteo/Evaporation/Evaporation_20060321_L1.ASC
NCOLS                30
NROWS                30
XLLCORNER     160000.00
YLLCORNER     340000.00
CELLSIZE        1000.00
NODATA_VALUE   -9999.00
   1.281010       1.280860       1.280670       1.280460       1.280210       1.279930       1.279630       1.279310       1.278970       1.278610       1.278240       1.277850       1.277460       1.277060       1.276650       1.276240       1.275830       1.275420       1.275010       1.274610       1.274210       1.273810       1.273430       1.273050       1.272670       1.272310       1.271950       1.271610       1.271280       1.270950    
   1.274730       1.274550       1.274330       1.274090       1.273810       1.273510       1.273180       1.272840       1.272480       1.272100       1.271700       1.271300       1.270890       1.270480       1.270060       1.269630       1.269210       1.268790       1.268380       1.267960       1.267560       1.267160       1.266770       1.266380       1.266010       1.265650       1.265290       1.264950       1.264620       1.264310    
   1.268400       1.268190       1.267940       1.267670       1.267370       1.267040       1.266690       1.266320       1.265940       1.265540       1.265130       1.264710       1.264280       1.263850       1.263420       1.262980       1.262550       1.262120       1.261690       1.261270       1.260860       1.260460       1.260060       1.259680       1.259300       1.258940       1.258590       1.258260       1.257930       1.257620    
   1.262030       1.261790       1.261510       1.261210       1.260880       1.260530       1.260150       1.259760       1.259350       1.258930       1.258500       1.258070       1.257620       1.257180       1.256730       1.256280       1.255840       1.255400       1.254970       1.254540       1.254120       1.253710       1.253320       1.252930       1.252560       1.252200       1.251850       1.251520       1.251200       1.250900    
   1.255630       1.255350       1.255040       1.254710       1.254350       1.253970       1.253570       1.253160       1.252730       1.252290       1.251840       1.251390       1.250930       1.250470       1.250000       1.249550       1.249090       1.248640       1.248200       1.247770       1.247340       1.246930       1.246530       1.246150       1.245780       1.245420       1.245080       1.244750       1.244440       1.244140    
   1.249190       1.248880       1.248540       1.248170       1.247790       1.247380       1.246960       1.246520       1.246070       1.245610       1.245140       1.244670       1.244190       1.243710       1.243240       1.242770       1.242300       1.241840       1.241400       1.240960       1.240530       1.240120       1.239710       1.239330       1.238960       1.238600       1.238270       1.237950       1.237640       1.237350    
   1.242720       1.242370       1.242000       1.241600       1.241190       1.240760       1.240310       1.239840       1.239370       1.238890       1.238400       1.237910       1.237420       1.236930       1.236440       1.235960       1.235480       1.235010       1.234560       1.234110       1.233680       1.233260       1.232860       1.232470       1.232110       1.231760       1.231420       1.231110       1.230810       1.230530    
   1.236210       1.235830       1.235430       1.235000       1.234560       1.234100       1.233620       1.233140       1.232640       1.232140       1.231630       1.231120       1.230610       1.230110       1.229600       1.229110       1.228620       1.228150       1.227680       1.227230       1.226800       1.226380       1.225970       1.225590       1.225220       1.224880       1.224550       1.224240       1.223950       1.223680    
   1.229680       1.229270       1.228830       1.228380       1.227900       1.227410       1.226910       1.226400       1.225880       1.225360       1.224830       1.224300       1.223780       1.223250       1.222740       1.222230       1.221730       1.221250       1.220780       1.220320       1.219880       1.219460       1.219060       1.218670       1.218310       1.217970       1.217650       1.217350       1.217070       1.216810    
   1.223120       1.222680       1.222210       1.221720       1.221220       1.220700       1.220170       1.219640       1.219100       1.218550       1.218000       1.217450       1.216910       1.216370       1.215840       1.215330       1.214820       1.214320       1.213850       1.213380       1.212940       1.212520       1.212110       1.211730       1.211370       1.211030       1.210720       1.210420       1.210160       1.209910    
   1.223120       1.222670       1.220410       1.215040       1.214510       1.213970       1.213410       1.212850       1.212280       1.211720       1.211150       1.210580       1.210020       1.209470       1.208920       1.208390       1.207870       1.207370       1.206890       1.206420       1.205970       1.205550       1.205140       1.204760       1.204400       1.204070       1.203760       1.203480       1.203220       1.202990    
   1.223110       1.220310       1.215040       1.209590       1.207780       1.207210       1.206630       1.206040       1.205450       1.204860       1.204270       1.203690       1.203110       1.202540       1.201980       1.201440       1.200910       1.200400       1.199900       1.199430       1.198980       1.198550       1.198150       1.197770       1.197420       1.197090       1.196790       1.196510       1.196270       1.196040    
   1.220500       1.215040       1.207520       1.204410       1.201040       1.200440       1.199830       1.199220       1.198600       1.197990       1.197380       1.196770       1.196180       1.195590       1.195020       1.194460       1.193920       1.193400       1.192900       1.192420       1.191970       1.191540       1.191140       1.190760       1.190410       1.190090       1.189800       1.189530       1.189290       1.189080    
   1.215040       1.206580       1.202730       1.201040       1.198380       1.193650       1.193010       1.192370       1.191730       1.191100       1.190460       1.189840       1.189220       1.188620       1.188040       1.187470       1.186920       1.186390       1.185880       1.185400       1.184940       1.184510       1.184100       1.183730       1.183390       1.183070       1.182790       1.182530       1.182300       1.182110    
   1.206140       1.201880       1.201040       1.197690       1.193650       1.190950       1.186180       1.185520       1.184850       1.184190       1.183540       1.182890       1.182260       1.181640       1.181040       1.180460       1.179890       1.179350       1.178840       1.178350       1.177890       1.177460       1.177060       1.176690       1.176350       1.176040       1.175760       1.175510       1.175300       1.175120    
   1.201460       1.201040       1.197460       1.193650       1.190260       1.186180       1.185850       1.185520       1.182960       1.177270       1.176600       1.175930       1.175280       1.174640       1.174030       1.173430       1.172860       1.172310       1.171790       1.171290       1.170830       1.170400       1.170000       1.169630       1.169290       1.168990       1.168720       1.168490       1.168290       1.168120    
   1.201040       1.197380       1.193650       1.190030       1.186180       1.186020       1.185850       1.182900       1.177270       1.176930       1.172150       1.168960       1.168290       1.167640       1.167010       1.166400       1.165810       1.165250       1.164720       1.164220       1.163760       1.163320       1.162920       1.162560       1.162230       1.161930       1.161670       1.161450       1.161260       1.161110    
   1.197360       1.193650       1.189950       1.186180       1.186100       1.186010       1.183010       1.177270       1.177100       1.170760       1.165480       1.161990       1.161300       1.160630       1.159980       1.159350       1.158760       1.158190       1.157650       1.157150       1.156680       1.156240       1.155840       1.155480       1.155160       1.154870       1.154620       1.154410       1.154230       1.154090    
   1.193650       1.189930       1.186180       1.186140       1.186100       1.183100       1.177270       1.177190       1.170170       1.163730       1.161990       1.161640       1.159380       1.153610       1.152950       1.152310       1.151700       1.151120       1.150570       1.150060       1.149590       1.149150       1.148760       1.148400       1.148080       1.147800       1.147560       1.147360       1.147200       1.147080    
   1.189920       1.186180       1.186160       1.186140       1.183150       1.177270       1.177230       1.169900       1.162860       1.161990       1.161820       1.159160       1.153610       1.153280       1.152960       1.152320       1.151710       1.151130       1.146120       1.142980       1.142500       1.142060       1.141670       1.141310       1.141000       1.140730       1.140500       1.140310       1.140160       1.140060    
   1.186180       1.186170       1.186160       1.183180       1.177270       1.177250       1.169760       1.162430       1.161990       1.161900       1.159140       1.153610       1.153450       1.153280       1.152850       1.152330       1.151720       1.144860       1.139440       1.135890       1.135410       1.134970       1.134570       1.134220       1.133920       1.133660       1.133440       1.133260       1.133130       1.133040    
   1.186170       1.186170       1.183190       1.177270       1.177260       1.169700       1.162210       1.161990       1.161950       1.159160       1.153610       1.153530       1.153450       1.153190       1.152820       1.152300       1.144490       1.137660       1.135890       1.133210       1.128320       1.127880       1.127490       1.127140       1.126840       1.126590       1.126380       1.126220       1.126100       1.126030    
   1.186170       1.183200       1.177270       1.177260       1.169660       1.162100       1.161990       1.161970       1.159180       1.153610       1.153570       1.153530       1.153390       1.153150       1.152770       1.140220       1.136780       1.135890       1.125240       1.121240       1.120970       1.120790       1.120400       1.120060       1.119760       1.119520       1.119330       1.119180       1.119080       1.119020    
   1.183210       1.177270       1.177270       1.169650       1.162040       1.161990       1.161980       1.159190       1.153610       1.153590       1.153570       1.153500       1.153360       1.134850       1.122460       1.114700       1.114700       1.114000       1.112990       1.110630       1.114160       1.113710       1.113320       1.112980       1.112700       1.112460       1.112280       1.112150       1.112060       1.112030    
   1.177270       1.177270       1.169640       1.162020       1.161990       1.161980       1.159190       1.153610       1.153600       1.153590       1.153550       1.153470       1.120240       1.079850       1.080070       1.093870       1.092620       1.093500       1.102410       1.107090       1.107090       1.106640       1.106260       1.105920       1.105640       1.105420       1.105250       1.105130       1.105060       1.105050    
   1.177270       1.169630       1.162000       1.161990       1.161990       1.159190       1.153610       1.153600       1.153600       1.153580       1.116110       1.059960       1.073040       1.079640       1.079640       1.080070       1.088110       1.091750       1.093500       1.098400       1.100030       1.099590       1.099200       1.098870       1.098600       1.098390       1.098230       1.098130       1.098080       1.098080    
   1.169630       1.162000       1.161990       1.161990       1.159200       1.153610       1.153610       1.153600       1.153590       1.108640       1.059960       1.059960       1.059960       1.072720       1.079200       1.079200       1.080070       1.087110       1.089990       1.093500       1.092990       1.092550       1.092160       1.091840       1.091570       1.091370       1.091230       1.091140       1.091110       1.091130    
   1.161990       1.161990       1.161990       1.159200       1.153610       1.153610       1.153610       1.121960       1.091960       1.059940       1.059960       1.059960       1.059960       1.059960       1.072090       1.078330       1.078330       1.080070       1.084890       1.086480       1.085970       1.085530       1.085140       1.084820       1.084570       1.084380       1.084250       1.084180       1.084170       1.084210    
   1.161990       1.161990       1.159200       1.153610       1.153610       1.100730       1.021430       1.024240       1.027050       1.048940       1.059900       1.059960       1.059960       1.059960       1.059960       1.070860       1.076590       1.076590       1.080070       1.079490       1.078970       1.078530       1.078140       1.077830       1.077580       1.077400       1.077290       1.077240       1.077250       1.077310    
   1.161990       1.159200       1.153610       1.153610       1.090150       1.021420       1.021420       1.021430       1.024240       1.027050       1.048840       1.059790       1.059960       1.059960       1.059960       1.059960       1.068580       1.073120       1.073110       1.072520       1.072000       1.071550       1.071170       1.070860       1.070630       1.070460       1.070360       1.070330       1.070350       1.070440    
