iMOD/TUTORIALS/TUT_MetaswapAnalyser/model_MetaSWAP/meteo/Evaporation/Evaporation_20051021_L1.ASC
NCOLS                30
NROWS                30
XLLCORNER     160000.00
YLLCORNER     340000.00
CELLSIZE        1000.00
NODATA_VALUE   -9999.00
  0.5370000      0.5369900      0.5369900      0.5370100      0.5370400      0.5370800      0.5371400      0.5372100      0.5372800      0.5373700      0.5374600      0.5375700      0.5376800      0.5378000      0.5379300      0.5380600      0.5382100      0.5383500      0.5385100      0.5386700      0.5388300      0.5390000      0.5391800      0.5393500      0.5395400      0.5397300      0.5399200      0.5401100      0.5403100      0.5405100    
  0.5397500      0.5397400      0.5397500      0.5397700      0.5398100      0.5398500      0.5399100      0.5399800      0.5400500      0.5401400      0.5402400      0.5403400      0.5404600      0.5405800      0.5407000      0.5408400      0.5409800      0.5411300      0.5412800      0.5414400      0.5416000      0.5417700      0.5419400      0.5421100      0.5422900      0.5424800      0.5426700      0.5428600      0.5430500      0.5432500    
  0.5424900      0.5424900      0.5425100      0.5425300      0.5425700      0.5426200      0.5426800      0.5427500      0.5428300      0.5429200      0.5430100      0.5431200      0.5432300      0.5433500      0.5434800      0.5436100      0.5437500      0.5439000      0.5440500      0.5442100      0.5443700      0.5445300      0.5447000      0.5448800      0.5450500      0.5452300      0.5454200      0.5456100      0.5458000      0.5459900    
  0.5452400      0.5452500      0.5452600      0.5452900      0.5453300      0.5453900      0.5454500      0.5455200      0.5456000      0.5456900      0.5457900      0.5459000      0.5460100      0.5461300      0.5462600      0.5463900      0.5465300      0.5466800      0.5468300      0.5469800      0.5471400      0.5473000      0.5474700      0.5476400      0.5478100      0.5479900      0.5481700      0.5483600      0.5485400      0.5487300    
  0.5479900      0.5480000      0.5480200      0.5480500      0.5481000      0.5481500      0.5482200      0.5482900      0.5483700      0.5484700      0.5485700      0.5486700      0.5487900      0.5489100      0.5490400      0.5491700      0.5493100      0.5494500      0.5496000      0.5497500      0.5499100      0.5500700      0.5502400      0.5504100      0.5505800      0.5507500      0.5509300      0.5511100      0.5512900      0.5514800    
  0.5507300      0.5507500      0.5507700      0.5508100      0.5508600      0.5509200      0.5509900      0.5510600      0.5511500      0.5512400      0.5513400      0.5514500      0.5515700      0.5516900      0.5518100      0.5519500      0.5520900      0.5522300      0.5523800      0.5525300      0.5526800      0.5528400      0.5530100      0.5531700      0.5533400      0.5535100      0.5536900      0.5538600      0.5540400      0.5542200    
  0.5534700      0.5534900      0.5535200      0.5535700      0.5536200      0.5536800      0.5537500      0.5538300      0.5539200      0.5540200      0.5541200      0.5542300      0.5543400      0.5544700      0.5545900      0.5547300      0.5548600      0.5550100      0.5551500      0.5553000      0.5554600      0.5556100      0.5557700      0.5559400      0.5561000      0.5562700      0.5564400      0.5566200      0.5567900      0.5569700    
  0.5562100      0.5562400      0.5562700      0.5563200      0.5563800      0.5564400      0.5565200      0.5566000      0.5566900      0.5567900      0.5568900      0.5570000      0.5571200      0.5572400      0.5573700      0.5575100      0.5576400      0.5577800      0.5579300      0.5580800      0.5582300      0.5583900      0.5585400      0.5587000      0.5588700      0.5590300      0.5592000      0.5593700      0.5595400      0.5597100    
  0.5589400      0.5589800      0.5590200      0.5590700      0.5591300      0.5592000      0.5592800      0.5593700      0.5594600      0.5595600      0.5596700      0.5597800      0.5599000      0.5600200      0.5601500      0.5602800      0.5604200      0.5605600      0.5607100      0.5608500      0.5610000      0.5611600      0.5613100      0.5614700      0.5616300      0.5617900      0.5619600      0.5621200      0.5622900      0.5624600    
  0.5616700      0.5617100      0.5617600      0.5618200      0.5618900      0.5619600      0.5620400      0.5621300      0.5622300      0.5623300      0.5624400      0.5625500      0.5626700      0.5628000      0.5629300      0.5630600      0.5632000      0.5633400      0.5634800      0.5636300      0.5637800      0.5639300      0.5640800      0.5642400      0.5644000      0.5645600      0.5647200      0.5648800      0.5650400      0.5652100    
  0.5616730      0.5617130      0.5624650      0.5645700      0.5646400      0.5647200      0.5648000      0.5648900      0.5649900      0.5651000      0.5652100      0.5653200      0.5654500      0.5655700      0.5657000      0.5658400      0.5659700      0.5661100      0.5662600      0.5664000      0.5665500      0.5667000      0.5668500      0.5670100      0.5671600      0.5673200      0.5674700      0.5676300      0.5677900      0.5679500    
  0.5616770      0.5626050      0.5645700      0.5666800      0.5673800      0.5674700      0.5675600      0.5676500      0.5677500      0.5678600      0.5679800      0.5680900      0.5682200      0.5683400      0.5684700      0.5686100      0.5687500      0.5688900      0.5690300      0.5691700      0.5693200      0.5694700      0.5696200      0.5697700      0.5699200      0.5700800      0.5702300      0.5703800      0.5705400      0.5707000    
  0.5626250      0.5645700      0.5675340      0.5687550      0.5701300      0.5702100      0.5703100      0.5704100      0.5705100      0.5706200      0.5707400      0.5708600      0.5709900      0.5711100      0.5712500      0.5713800      0.5715200      0.5716600      0.5718000      0.5719400      0.5720900      0.5722400      0.5723800      0.5725300      0.5726800      0.5728300      0.5729800      0.5731400      0.5732900      0.5734400    
  0.5645700      0.5679190      0.5694430      0.5701300      0.5711000      0.5729600      0.5730600      0.5731600      0.5732700      0.5733800      0.5735000      0.5736200      0.5737500      0.5738800      0.5740100      0.5741500      0.5742900      0.5744300      0.5745700      0.5747100      0.5748600      0.5750000      0.5751500      0.5753000      0.5754400      0.5755900      0.5757400      0.5758900      0.5760300      0.5761800    
  0.5681010      0.5697860      0.5701300      0.5713970      0.5729600      0.5739400      0.5758000      0.5759100      0.5760200      0.5761400      0.5762600      0.5763800      0.5765100      0.5766500      0.5767800      0.5769200      0.5770500      0.5772000      0.5773400      0.5774800      0.5776200      0.5777700      0.5779100      0.5780600      0.5782000      0.5783400      0.5784900      0.5786300      0.5787800      0.5789200    
  0.5699580      0.5701300      0.5714960      0.5729600      0.5742330      0.5758000      0.5758550      0.5759100      0.5767400      0.5788900      0.5790100      0.5791400      0.5792700      0.5794100      0.5795400      0.5796800      0.5798200      0.5799600      0.5801000      0.5802400      0.5803900      0.5805300      0.5806700      0.5808100      0.5809600      0.5811000      0.5812400      0.5813800      0.5815200      0.5816600    
  0.5701300      0.5715280      0.5729600      0.5743310      0.5758000      0.5758270      0.5758550      0.5768490      0.5788900      0.5789500      0.5807140      0.5818900      0.5820300      0.5821600      0.5823000      0.5824400      0.5825800      0.5827200      0.5828600      0.5830000      0.5831400      0.5832900      0.5834300      0.5835700      0.5837100      0.5838500      0.5839800      0.5841200      0.5842600      0.5843900    
  0.5715400      0.5729600      0.5743640      0.5758000      0.5758140      0.5758270      0.5768550      0.5788900      0.5789200      0.5812920      0.5832650      0.5846400      0.5847800      0.5849200      0.5850500      0.5851900      0.5853400      0.5854800      0.5856200      0.5857600      0.5859000      0.5860400      0.5861800      0.5863200      0.5864600      0.5865900      0.5867300      0.5868600      0.5869900      0.5871300    
  0.5729600      0.5743750      0.5758000      0.5758070      0.5758140      0.5768470      0.5788900      0.5789050      0.5815390      0.5839530      0.5846400      0.5847100      0.5855000      0.5876600      0.5878000      0.5879500      0.5880900      0.5882300      0.5883700      0.5885100      0.5886500      0.5887900      0.5889300      0.5890700      0.5892000      0.5893400      0.5894700      0.5896000      0.5897300      0.5898600    
  0.5743780      0.5758000      0.5758030      0.5758070      0.5768390      0.5788900      0.5788970      0.5816540      0.5842960      0.5846400      0.5846750      0.5856270      0.5876600      0.5877300      0.5878030      0.5879470      0.5880900      0.5882300      0.5900760      0.5912600      0.5914000      0.5915400      0.5916800      0.5918100      0.5919400      0.5920800      0.5922000      0.5923300      0.5924600      0.5925800    
  0.5758000      0.5758020      0.5758030      0.5768350      0.5788900      0.5788940      0.5817100      0.5844680      0.5846400      0.5846580      0.5856510      0.5876600      0.5876950      0.5877310      0.5878270      0.5879470      0.5880890      0.5906080      0.5926350      0.5940100      0.5941500      0.5942800      0.5944200      0.5945500      0.5946800      0.5948100      0.5949400      0.5950600      0.5951800      0.5953000    
  0.5758010      0.5758020      0.5768330      0.5788900      0.5788920      0.5817380      0.5845540      0.5846400      0.5846490      0.5856520      0.5876600      0.5876770      0.5876950      0.5877510      0.5878350      0.5879540      0.5907950      0.5933230      0.5940100      0.5950170      0.5968900      0.5970200      0.5971600      0.5972900      0.5974200      0.5975400      0.5976600      0.5977800      0.5979000      0.5980200    
  0.5758010      0.5768310      0.5788900      0.5788910      0.5817510      0.5845970      0.5846400      0.5846440      0.5856500      0.5876600      0.5876690      0.5876780      0.5877080      0.5877600      0.5878470      0.5924870      0.5936660      0.5940100      0.5980890      0.5996200      0.5997000      0.5997600      0.5998900      0.6000200      0.6001400      0.6002700      0.6003900      0.6005000      0.6006200      0.6007300    
  0.5768310      0.5788900      0.5788900      0.5817580      0.5846190      0.5846400      0.5846420      0.5856490      0.5876600      0.5876640      0.5876690      0.5876850      0.5877150      0.5947310      0.5993540      0.6021830      0.6021850      0.6024300      0.6028000      0.6037100      0.6023500      0.6024800      0.6026100      0.6027400      0.6028700      0.6029900      0.6031000      0.6032200      0.6033300      0.6034300    
  0.5788900      0.5788900      0.5817620      0.5846290      0.5846400      0.5846410      0.5856480      0.5876600      0.5876620      0.5876640      0.5876730      0.5876900      0.6003210      0.6156940      0.6156100      0.6102390      0.6106980      0.6103600      0.6068930      0.6050700      0.6050700      0.6052100      0.6053400      0.6054600      0.6055800      0.6057000      0.6058200      0.6059300      0.6060300      0.6061300    
  0.5788900      0.5817630      0.5846350      0.5846400      0.5846410      0.5856470      0.5876600      0.5876610      0.5876620      0.5876660      0.6019970      0.6234800      0.6183590      0.6157780      0.6157780      0.6156100      0.6124620      0.6110350      0.6103600      0.6084300      0.6077900      0.6079200      0.6080500      0.6081800      0.6083000      0.6084100      0.6085200      0.6086300      0.6087300      0.6088300    
  0.5817640      0.5846370      0.5846400      0.5846400      0.5856470      0.5876600      0.5876610      0.5876610      0.5876630      0.6048570      0.6234800      0.6234800      0.6234800      0.6184830      0.6159460      0.6159460      0.6156100      0.6128440      0.6117100      0.6103600      0.6105000      0.6106300      0.6107600      0.6108800      0.6110000      0.6111100      0.6112200      0.6113200      0.6114200      0.6115200    
  0.5846390      0.5846400      0.5846400      0.5856470      0.5876600      0.5876600      0.5876610      0.5998660      0.6113300      0.6234870      0.6234800      0.6234800      0.6234800      0.6234800      0.6187270      0.6162820      0.6162830      0.6156100      0.6136980      0.6130600      0.6132000      0.6133300      0.6134600      0.6135800      0.6137000      0.6138100      0.6139100      0.6140100      0.6141100      0.6142000    
  0.5846400      0.5846400      0.5856470      0.5876600      0.5876600      0.6081490      0.6388800      0.6376800      0.6364800      0.6278330      0.6235020      0.6234800      0.6234800      0.6234800      0.6234800      0.6191990      0.6169530      0.6169550      0.6156100      0.6157600      0.6158900      0.6160300      0.6161500      0.6162700      0.6163900      0.6165000      0.6166000      0.6166900      0.6167800      0.6168700    
  0.5846400      0.5856470      0.5876600      0.5876600      0.6122500      0.6388850      0.6388850      0.6388800      0.6376800      0.6364800      0.6278710      0.6235450      0.6234800      0.6234800      0.6234800      0.6234800      0.6200810      0.6182930      0.6183000      0.6184400      0.6185800      0.6187100      0.6188400      0.6189600      0.6190700      0.6191800      0.6192700      0.6193700      0.6194500      0.6195400    
