iMOD/TUTORIALS/TUT_MetaswapAnalyser/model_MetaSWAP/meteo/Evaporation/Evaporation_20060926_L1.ASC
NCOLS                30
NROWS                30
XLLCORNER     160000.00
YLLCORNER     340000.00
CELLSIZE        1000.00
NODATA_VALUE   -9999.00
   1.083110       1.075920       1.068820       1.061820       1.054920       1.048100       1.041380       1.034740       1.028200       1.021750       1.015380       1.009110       1.002920      0.9968200      0.9908000      0.9848700      0.9790200      0.9732500      0.9675700      0.9619700      0.9564400      0.9510000      0.9456300      0.9403400      0.9351200      0.9299800      0.9249000      0.9199000      0.9149700      0.9101100    
   1.085730       1.078540       1.071440       1.064430       1.057520       1.050690       1.043960       1.037310       1.030760       1.024290       1.017920       1.011620       1.005420      0.9993000      0.9932700      0.9873200      0.9814500      0.9756700      0.9699700      0.9643400      0.9588000      0.9533300      0.9479400      0.9426300      0.9373900      0.9322200      0.9271300      0.9221000      0.9171500      0.9122600    
   1.088350       1.081160       1.074060       1.067050       1.060120       1.053290       1.046550       1.039890       1.033330       1.026850       1.020460       1.014160       1.007940       1.001800      0.9957500      0.9897900      0.9839000      0.9781000      0.9723800      0.9667300      0.9611700      0.9556800      0.9502700      0.9449400      0.9396700      0.9344800      0.9293700      0.9243200      0.9193400      0.9144300    
   1.090980       1.083790       1.076690       1.069670       1.062740       1.055900       1.049150       1.042490       1.035910       1.029420       1.023020       1.016700       1.010460       1.004310      0.9982500      0.9922600      0.9863600      0.9805400      0.9748000      0.9691400      0.9635500      0.9580500      0.9526200      0.9472600      0.9419800      0.9367600      0.9316200      0.9265500      0.9215500      0.9166100    
   1.093620       1.086430       1.079320       1.072300       1.065370       1.058520       1.051760       1.045090       1.038500       1.032000       1.025580       1.019250       1.013000       1.006840       1.000760      0.9947600      0.9888400      0.9830000      0.9772400      0.9715600      0.9659600      0.9604300      0.9549800      0.9496000      0.9442900      0.9390600      0.9339000      0.9288000      0.9237800      0.9188200    
   1.096260       1.089070       1.081960       1.074940       1.068000       1.061150       1.054380       1.047700       1.041100       1.034590       1.028160       1.021820       1.015550       1.009370       1.003280      0.9972600      0.9913300      0.9854700      0.9796900      0.9739900      0.9683700      0.9628200      0.9573500      0.9519500      0.9466300      0.9413700      0.9361900      0.9310700      0.9260200      0.9210400    
   1.098910       1.091720       1.084610       1.077580       1.070640       1.063780       1.057010       1.050320       1.043710       1.037190       1.030750       1.024390       1.018110       1.011920       1.005810      0.9997800      0.9938200      0.9879500      0.9821600      0.9764400      0.9708000      0.9652300      0.9597400      0.9543200      0.9489700      0.9437000      0.9384900      0.9333500      0.9282800      0.9232800    
   1.101560       1.094370       1.087260       1.080230       1.073280       1.066420       1.059640       1.052940       1.046330       1.039790       1.033340       1.026970       1.020680       1.014480       1.008350       1.002300      0.9963300      0.9904400      0.9846300      0.9789000      0.9732400      0.9676500      0.9621400      0.9567000      0.9513300      0.9460400      0.9408100      0.9356500      0.9305600      0.9255300    
   1.104210       1.097020       1.089910       1.082880       1.075930       1.069060       1.062280       1.055570       1.048950       1.042400       1.035940       1.029560       1.023260       1.017040       1.010900       1.004840      0.9988500      0.9929500      0.9871200      0.9813600      0.9756900      0.9700800      0.9645500      0.9590900      0.9537100      0.9483900      0.9431400      0.9379600      0.9328500      0.9278000    
   1.106860       1.099680       1.092570       1.085540       1.078580       1.071710       1.064920       1.058210       1.051580       1.045020       1.038550       1.032160       1.025850       1.019610       1.013460       1.007380       1.001380      0.9954600      0.9896100      0.9838400      0.9781500      0.9725300      0.9669800      0.9615000      0.9560900      0.9507500      0.9454900      0.9402900      0.9351500      0.9300800    
   1.106890       1.099700       1.091500       1.088200       1.081240       1.074360       1.067570       1.060850       1.054210       1.047650       1.041170       1.034760       1.028440       1.022190       1.016020       1.009930       1.003920      0.9979800      0.9921200      0.9863300      0.9806200      0.9749800      0.9694100      0.9639200      0.9584900      0.9531300      0.9478400      0.9426200      0.9374700      0.9323800    
   1.106910       1.096570       1.088200       1.084980       1.083900       1.077020       1.070220       1.063490       1.056850       1.050280       1.043790       1.037370       1.031040       1.024780       1.018600       1.012490       1.006470       1.000510      0.9946300      0.9888300      0.9831000      0.9774400      0.9718600      0.9663400      0.9609000      0.9555200      0.9502100      0.9449700      0.9398000      0.9346900    
   1.101460       1.088200       1.086240       1.085230       1.086560       1.079680       1.072870       1.066140       1.059490       1.052910       1.046410       1.039990       1.033640       1.027370       1.021180       1.015060       1.009020       1.003050      0.9971600      0.9913400      0.9855900      0.9799200      0.9743100      0.9687800      0.9633200      0.9579200      0.9526000      0.9473400      0.9421400      0.9370100    
   1.088200       1.086720       1.085900       1.086560       1.082860       1.082340       1.075530       1.068800       1.062140       1.055550       1.049040       1.042610       1.036250       1.029970       1.023770       1.017640       1.011580       1.005600      0.9996900      0.9938500      0.9880900      0.9824000      0.9767800      0.9712300      0.9657500      0.9603400      0.9549900      0.9497100      0.9445000      0.9393400    
   1.086930       1.086230       1.086560       1.083920       1.082340       1.078690       1.078190       1.071450       1.064780       1.058190       1.051680       1.045240       1.038870       1.032580       1.026360       1.020220       1.014150       1.008150       1.002230      0.9963800      0.9906000      0.9848900      0.9792600      0.9736900      0.9681900      0.9627600      0.9573900      0.9521000      0.9468600      0.9416900    
   1.086390       1.086560       1.084270       1.082340       1.079740       1.078190       1.074820       1.071470       1.063810       1.060840       1.054320       1.047870       1.041490       1.035190       1.028960       1.022800       1.016720       1.010710       1.004770      0.9989100      0.9931200      0.9873900      0.9817400      0.9761600      0.9706400      0.9651900      0.9598100      0.9544900      0.9492400      0.9440500    
   1.086560       1.084390       1.082340       1.080090       1.078190       1.076500       1.074830       1.067740       1.060840       1.057580       1.053330       1.050500       1.044110       1.037800       1.031560       1.025390       1.019300       1.013280       1.007330       1.001450      0.9956400      0.9899000      0.9842300      0.9786300      0.9731000      0.9676300      0.9622300      0.9569000      0.9516300      0.9464200    
   1.084430       1.082340       1.080210       1.078190       1.077350       1.076510       1.069980       1.060840       1.059210       1.055340       1.051820       1.053140       1.046740       1.040420       1.034170       1.027990       1.021880       1.015850       1.009890       1.003990      0.9981700      0.9924200      0.9867300      0.9811200      0.9755700      0.9700800      0.9646700      0.9593200      0.9540300      0.9488000    
   1.082340       1.080250       1.078190       1.077770       1.077350       1.071170       1.060840       1.060020       1.056200       1.052480       1.053140       1.049940       1.045840       1.043040       1.036780       1.030590       1.024480       1.018430       1.012450       1.006540       1.000710      0.9949400      0.9892400      0.9836100      0.9780400      0.9725400      0.9671100      0.9617400      0.9564400      0.9511900    
   1.080260       1.078190       1.077980       1.077770       1.071780       1.060840       1.060430       1.056600       1.052810       1.053140       1.051540       1.047990       1.043040       1.039910       1.036800       1.030620       1.024500       1.018450       1.011640       1.009100       1.003250      0.9974700      0.9917500      0.9861100      0.9805300      0.9750100      0.9695600      0.9641800      0.9588500      0.9535900    
   1.078190       1.078080       1.077980       1.072090       1.060840       1.060640       1.056800       1.052970       1.053140       1.052340       1.048930       1.043040       1.041480       1.039920       1.035780       1.030640       1.024520       1.015330       1.010390       1.011670       1.005800       1.000010      0.9942800      0.9886100      0.9830200      0.9774900      0.9720200      0.9666200      0.9612800      0.9560100    
   1.078140       1.078080       1.072250       1.060840       1.060740       1.056890       1.053060       1.053140       1.052740       1.049360       1.043040       1.042260       1.041480       1.039060       1.035440       1.030310       1.018640       1.011030       1.011670       1.008610       1.008360       1.002550      0.9968100      0.9911300      0.9855200      0.9799700      0.9744900      0.9690800      0.9637200      0.9584300    
   1.078140       1.072330       1.060840       1.060790       1.056940       1.053100       1.053140       1.052940       1.049570       1.043040       1.042650       1.042260       1.040930       1.038660       1.034940       1.023030       1.011350       1.011670       1.011490       1.010930       1.007430       1.005100      0.9993400      0.9936500      0.9880300      0.9824700      0.9769700      0.9715400      0.9661700      0.9608600    
   1.072370       1.060840       1.060810       1.056970       1.053120       1.053140       1.053040       1.049670       1.043040       1.042840       1.042650       1.041950       1.040620       1.038230       1.030590       1.019420       1.019420       1.016790       1.013920       1.014780       1.013490       1.007650       1.001880      0.9961800      0.9905400      0.9849700      0.9794600      0.9740100      0.9686200      0.9633000    
   1.060840       1.060830       1.056980       1.053130       1.053140       1.053090       1.049720       1.043040       1.042940       1.042840       1.042480       1.041740       1.039560       1.038470       1.038390       1.029130       1.027490       1.027160       1.019690       1.016060       1.016060       1.010210       1.004430      0.9987100      0.9930600      0.9874700      0.9819500      0.9764900      0.9710900      0.9657500    
   1.060830       1.056980       1.053130       1.053140       1.053120       1.049750       1.043040       1.042990       1.042940       1.042760       1.046360       1.052370       1.043170       1.038550       1.038550       1.038390       1.031210       1.027810       1.027160       1.020770       1.018640       1.012780       1.006980       1.001260      0.9955900      0.9899900      0.9844500      0.9789800      0.9735600      0.9682100    
   1.056990       1.053140       1.053140       1.053130       1.049760       1.043040       1.043020       1.042990       1.042900       1.047360       1.052370       1.052370       1.052370       1.043290       1.038720       1.038720       1.038390       1.031480       1.028460       1.027160       1.021220       1.015350       1.009550       1.003800      0.9981300      0.9925100      0.9869600      0.9814700      0.9760400      0.9706700    
   1.053140       1.053140       1.053130       1.049770       1.043040       1.043030       1.043020       1.050190       1.052730       1.052380       1.052370       1.052370       1.052370       1.052370       1.043520       1.039050       1.039050       1.038390       1.031920       1.029760       1.023810       1.017930       1.012110       1.006360       1.000670      0.9950400      0.9894800      0.9839700      0.9785300      0.9731500    
   1.053140       1.053140       1.049770       1.043040       1.043030       1.058150       1.080820       1.076340       1.071860       1.058890       1.052390       1.052370       1.052370       1.052370       1.052370       1.043960       1.039700       1.039700       1.038390       1.032360       1.026410       1.020510       1.014680       1.008920       1.003220      0.9975800      0.9920000      0.9864800      0.9810300      0.9756300    
   1.053140       1.049770       1.043040       1.043040       1.061180       1.080830       1.080830       1.080820       1.076340       1.071860       1.058920       1.052440       1.052370       1.052370       1.052370       1.052370       1.044720       1.041010       1.041010       1.034970       1.029000       1.023100       1.017260       1.011480       1.005770       1.000120      0.9945300      0.9890000      0.9835300      0.9781300    
