iMOD/TUTORIALS/TUT_MetaswapAnalyser/model_MetaSWAP/meteo/Evaporation/Evaporation_20060622_L1.ASC
NCOLS                30
NROWS                30
XLLCORNER     160000.00
YLLCORNER     340000.00
CELLSIZE        1000.00
NODATA_VALUE   -9999.00
   2.315940       2.312560       2.309440       2.306580       2.303970       2.301610       2.299490       2.297600       2.295940       2.294500       2.293280       2.292280       2.291470       2.290880       2.290470       2.290260       2.290240       2.290390       2.290730       2.291240       2.291920       2.292770       2.293780       2.294960       2.296280       2.297760       2.299390       2.301170       2.303080       2.305140    
   2.319360       2.315940       2.312780       2.309880       2.307230       2.304820       2.302650       2.300710       2.299000       2.297510       2.296240       2.295180       2.294320       2.293670       2.293210       2.292940       2.292870       2.292970       2.293250       2.293710       2.294340       2.295130       2.296090       2.297210       2.298480       2.299910       2.301480       2.303200       2.305070       2.307070    
   2.322810       2.319350       2.316160       2.313210       2.310520       2.308060       2.305840       2.303860       2.302090       2.300550       2.299230       2.298120       2.297210       2.296500       2.295990       2.295670       2.295540       2.295590       2.295810       2.296220       2.296790       2.297530       2.298430       2.299500       2.300720       2.302090       2.303610       2.305280       2.307090       2.309040    
   2.326290       2.322800       2.319570       2.316580       2.313840       2.311340       2.309080       2.307040       2.305230       2.303640       2.302260       2.301090       2.300130       2.299370       2.298810       2.298430       2.298240       2.298240       2.298410       2.298760       2.299280       2.299970       2.300810       2.301820       2.302990       2.304310       2.305770       2.307390       2.309140       2.311040    
   2.329800       2.326280       2.323010       2.319980       2.317200       2.314650       2.312340       2.310260       2.308400       2.306760       2.305330       2.304110       2.303090       2.302280       2.301660       2.301230       2.300990       2.300930       2.301050       2.301340       2.301810       2.302440       2.303230       2.304190       2.305300       2.306560       2.307970       2.309530       2.311230       2.313070    
   2.333340       2.329780       2.326470       2.323410       2.320590       2.318000       2.315640       2.313510       2.311600       2.309910       2.308430       2.307160       2.306090       2.305220       2.304550       2.304070       2.303770       2.303660       2.303720       2.303960       2.304370       2.304940       2.305680       2.306580       2.307640       2.308840       2.310200       2.311710       2.313350       2.315140    
   2.336900       2.333310       2.329970       2.326870       2.324000       2.321370       2.318970       2.316790       2.314840       2.313090       2.311560       2.310240       2.309120       2.308200       2.307470       2.306940       2.306590       2.306420       2.306430       2.306610       2.306970       2.307490       2.308170       2.309010       2.310010       2.311170       2.312470       2.313920       2.315510       2.317240    
   2.340490       2.336870       2.333490       2.330360       2.327450       2.324780       2.322330       2.320110       2.318100       2.316310       2.314730       2.313360       2.312190       2.311210       2.310430       2.309840       2.309440       2.309210       2.309170       2.309300       2.309600       2.310060       2.310690       2.311480       2.312420       2.313520       2.314770       2.316160       2.317700       2.319370    
   2.344110       2.340460       2.337040       2.333870       2.330920       2.328210       2.325720       2.323450       2.321400       2.319560       2.317930       2.316500       2.315280       2.314260       2.313420       2.312780       2.312320       2.312040       2.311940       2.312020       2.312260       2.312670       2.313240       2.313980       2.314870       2.315910       2.317100       2.318440       2.319920       2.321540    
   2.347740       2.344060       2.340620       2.337400       2.334420       2.331660       2.329130       2.326820       2.324720       2.322830       2.321160       2.319680       2.318410       2.317330       2.316440       2.315750       2.315230       2.314900       2.314750       2.314770       2.314960       2.315310       2.315830       2.316510       2.317340       2.318330       2.319460       2.320750       2.322170       2.323740    
   2.347820       2.344140       2.340760       2.340960       2.337940       2.335150       2.332570       2.330210       2.328070       2.326140       2.324410       2.322890       2.321560       2.320430       2.319490       2.318740       2.318180       2.317790       2.317580       2.317550       2.317680       2.317980       2.318450       2.319070       2.319850       2.320780       2.321860       2.323090       2.324460       2.325970    
   2.347900       2.343420       2.340960       2.341360       2.341490       2.338650       2.336040       2.333630       2.331450       2.329470       2.327690       2.326120       2.324740       2.323560       2.322570       2.321770       2.321150       2.320710       2.320450       2.320360       2.320440       2.320690       2.321090       2.321660       2.322380       2.323260       2.324280       2.325460       2.326770       2.328230    
   2.346030       2.340960       2.342660       2.343280       2.345060       2.342180       2.339520       2.337080       2.334850       2.332820       2.331000       2.329380       2.327950       2.326720       2.325680       2.324830       2.324150       2.323660       2.323350       2.323200       2.323230       2.323420       2.323770       2.324280       2.324950       2.325770       2.326740       2.327860       2.329120       2.330520    
   2.340960       2.343210       2.344170       2.345060       2.344320       2.345730       2.343030       2.340550       2.338270       2.336200       2.334330       2.332660       2.331190       2.329910       2.328810       2.327910       2.327180       2.326640       2.326270       2.326070       2.326040       2.326180       2.326480       2.326940       2.327550       2.328310       2.329230       2.330290       2.331490       2.332840    
   2.343460       2.344610       2.345060       2.345040       2.345730       2.345110       2.346560       2.344040       2.341720       2.339600       2.337690       2.335970       2.334450       2.333120       2.331970       2.331020       2.330240       2.329640       2.329220       2.328970       2.328890       2.328970       2.329210       2.329620       2.330170       2.330880       2.331740       2.332750       2.333900       2.335190    
   2.344840       2.345060       2.345280       2.345730       2.345800       2.346560       2.345300       2.344110       2.342090       2.343020       2.341060       2.339300       2.337730       2.336350       2.335160       2.334150       2.333320       2.332670       2.332200       2.331890       2.331760       2.331790       2.331980       2.332320       2.332830       2.333480       2.334290       2.335240       2.336330       2.337560    
   2.345060       2.345360       2.345730       2.346030       2.346560       2.345930       2.345320       2.343630       2.343020       2.342040       2.342410       2.342660       2.341040       2.339610       2.338370       2.337310       2.336430       2.335730       2.335200       2.334840       2.334660       2.334630       2.334770       2.335060       2.335510       2.336110       2.336860       2.337760       2.338790       2.339970    
   2.345380       2.345730       2.346110       2.346560       2.346250       2.345940       2.344480       2.343020       2.342530       2.343570       2.344350       2.346030       2.344370       2.342890       2.341600       2.340490       2.339560       2.338810       2.338230       2.337820       2.337580       2.337500       2.337580       2.337820       2.338220       2.338770       2.339460       2.340300       2.341280       2.342410    
   2.345730       2.346130       2.346560       2.346400       2.346250       2.344920       2.343020       2.342770       2.344070       2.345190       2.346030       2.345200       2.344870       2.346190       2.344850       2.343700       2.342720       2.341910       2.341280       2.340820       2.340530       2.340400       2.340430       2.340610       2.340950       2.341450       2.342090       2.342870       2.343800       2.344870    
   2.346140       2.346560       2.346480       2.346400       2.345150       2.343020       2.342900       2.344300       2.345610       2.346030       2.345610       2.345570       2.346190       2.345520       2.344910       2.343760       2.342780       2.341970       2.342950       2.343850       2.343500       2.343320       2.343290       2.343430       2.343710       2.344150       2.344740       2.345470       2.346350       2.347360    
   2.346560       2.346520       2.346480       2.345260       2.343020       2.342960       2.344410       2.345820       2.346030       2.345820       2.345850       2.346190       2.345850       2.345540       2.344730       2.343820       2.342830       2.343990       2.345380       2.346900       2.346500       2.346260       2.346190       2.346270       2.346500       2.346890       2.347420       2.348100       2.348920       2.349880    
   2.346540       2.346520       2.345320       2.343020       2.342990       2.344470       2.345920       2.346030       2.345930       2.345970       2.346190       2.346020       2.345860       2.345380       2.344700       2.343790       2.344740       2.346140       2.346900       2.347640       2.349520       2.349230       2.349100       2.349130       2.349310       2.349640       2.350120       2.350750       2.351520       2.352420    
   2.346540       2.345350       2.343020       2.343000       2.344500       2.345980       2.346030       2.345980       2.346030       2.346190       2.346110       2.346020       2.345750       2.345310       2.344620       2.347200       2.346520       2.346900       2.351070       2.352570       2.352360       2.352220       2.352040       2.352020       2.352150       2.352430       2.352850       2.353430       2.354140       2.354990    
   2.345370       2.343020       2.343010       2.344510       2.346000       2.346030       2.346000       2.346060       2.346190       2.346150       2.346110       2.345960       2.345700       2.352180       2.355400       2.356280       2.356280       2.356170       2.356150       2.357160       2.355620       2.355230       2.355000       2.354930       2.355010       2.355230       2.355610       2.356130       2.356790       2.357590    
   2.343020       2.343020       2.344520       2.346020       2.346030       2.346020       2.346070       2.346190       2.346170       2.346150       2.346070       2.345920       2.358040       2.373120       2.373020       2.365970       2.366050       2.365650       2.361080       2.358720       2.358710       2.358270       2.357990       2.357860       2.357890       2.358060       2.358390       2.358850       2.359460       2.360210    
   2.343020       2.344520       2.346020       2.346030       2.346020       2.346080       2.346190       2.346180       2.346170       2.346130       2.361300       2.384180       2.376890       2.373220       2.373220       2.373020       2.368520       2.366450       2.365650       2.362780       2.361820       2.361330       2.361000       2.360820       2.360790       2.360920       2.361190       2.361600       2.362160       2.362850    
   2.344520       2.346030       2.346030       2.346030       2.346080       2.346190       2.346180       2.346180       2.346160       2.364390       2.384180       2.384180       2.384180       2.377040       2.373430       2.373430       2.373020       2.368950       2.367240       2.365650       2.364950       2.364410       2.364020       2.363800       2.363720       2.363790       2.364010       2.364380       2.364880       2.365520    
   2.346030       2.346030       2.346030       2.346080       2.346190       2.346190       2.346180       2.360360       2.372380       2.384190       2.384180       2.384180       2.384180       2.384180       2.377340       2.373840       2.373840       2.373020       2.369890       2.368840       2.368090       2.367510       2.367070       2.366800       2.366670       2.366690       2.366860       2.367180       2.367630       2.368220    
   2.346030       2.346030       2.346080       2.346190       2.346190       2.371020       2.408270       2.405590       2.402910       2.390450       2.384210       2.384180       2.384180       2.384180       2.384180       2.377910       2.374660       2.374660       2.373020       2.372060       2.371260       2.370620       2.370140       2.369820       2.369640       2.369620       2.369730       2.370000       2.370400       2.370940    
   2.346030       2.346080       2.346190       2.346190       2.375990       2.408280       2.408280       2.408270       2.405590       2.402910       2.390500       2.384260       2.384180       2.384180       2.384180       2.384180       2.378970       2.376310       2.376300       2.375290       2.374450       2.373760       2.373240       2.372860       2.372630       2.372560       2.372630       2.372840       2.373190       2.373680    
