iMOD/TUTORIALS/TUT_MetaswapAnalyser/model_MetaSWAP/meteo/Evaporation/Evaporation_20060718_L1.ASC
NCOLS                30
NROWS                30
XLLCORNER     160000.00
YLLCORNER     340000.00
CELLSIZE        1000.00
NODATA_VALUE   -9999.00
   5.495620       5.497050       5.498510       5.499990       5.501490       5.503010       5.504550       5.506110       5.507690       5.509290       5.510900       5.512530       5.514170       5.515830       5.517500       5.519190       5.520880       5.522590       5.524310       5.526040       5.527780       5.529530       5.531290       5.533060       5.534840       5.536620       5.538410       5.540200       5.542000       5.543810    
   5.497390       5.498820       5.500280       5.501760       5.503260       5.504780       5.506320       5.507880       5.509460       5.511050       5.512660       5.514290       5.515930       5.517590       5.519260       5.520940       5.522630       5.524340       5.526060       5.527780       5.529520       5.531270       5.533020       5.534790       5.536560       5.538340       5.540120       5.541910       5.543710       5.545510    
   5.499160       5.500600       5.502060       5.503540       5.505040       5.506560       5.508100       5.509660       5.511230       5.512830       5.514430       5.516060       5.517700       5.519350       5.521020       5.522700       5.524390       5.526090       5.527810       5.529530       5.531270       5.533010       5.534760       5.536520       5.538290       5.540060       5.541840       5.543630       5.545420       5.547220    
   5.500950       5.502390       5.503840       5.505330       5.506830       5.508350       5.509880       5.511440       5.513020       5.514610       5.516210       5.517840       5.519470       5.521120       5.522790       5.524470       5.526160       5.527860       5.529570       5.531290       5.533020       5.534760       5.536510       5.538260       5.540030       5.541800       5.543580       5.545360       5.547150       5.548940    
   5.502740       5.504180       5.505640       5.507120       5.508620       5.510140       5.511680       5.513230       5.514810       5.516400       5.518000       5.519620       5.521260       5.522910       5.524570       5.526240       5.527930       5.529630       5.531330       5.533050       5.534780       5.536520       5.538260       5.540010       5.541770       5.543540       5.545310       5.547090       5.548880       5.550660    
   5.504540       5.505980       5.507440       5.508920       5.510420       5.511940       5.513480       5.515030       5.516600       5.518190       5.519800       5.521410       5.523050       5.524690       5.526350       5.528020       5.529710       5.531400       5.533110       5.534820       5.536540       5.538280       5.540020       5.541770       5.543520       5.545290       5.547060       5.548830       5.550610       5.552390    
   5.506340       5.507780       5.509250       5.510730       5.512230       5.513750       5.515280       5.516840       5.518410       5.520000       5.521600       5.523210       5.524840       5.526490       5.528140       5.529810       5.531490       5.533180       5.534890       5.536600       5.538320       5.540050       5.541780       5.543530       5.545280       5.547040       5.548800       5.550580       5.552350       5.554130    
   5.508150       5.509600       5.511060       5.512540       5.514040       5.515560       5.517100       5.518650       5.520220       5.521800       5.523400       5.525020       5.526650       5.528290       5.529940       5.531610       5.533290       5.534970       5.536670       5.538380       5.540100       5.541820       5.543560       5.545300       5.547050       5.548800       5.550560       5.552330       5.554100       5.555870    
   5.509970       5.511410       5.512880       5.514360       5.515860       5.517380       5.518910       5.520470       5.522030       5.523620       5.525220       5.526830       5.528460       5.530100       5.531750       5.533410       5.535080       5.536770       5.538470       5.540170       5.541880       5.543610       5.545340       5.547070       5.548820       5.550570       5.552320       5.554080       5.555850       5.557620    
   5.511790       5.513240       5.514700       5.516180       5.517680       5.519200       5.520740       5.522290       5.523860       5.525440       5.527040       5.528650       5.530270       5.531910       5.533560       5.535220       5.536890       5.538570       5.540260       5.541960       5.543680       5.545390       5.547120       5.548850       5.550590       5.552340       5.554090       5.555850       5.557610       5.559380    
   5.511800       5.513240       5.515530       5.518010       5.519510       5.521030       5.522570       5.524120       5.525680       5.527260       5.528860       5.530470       5.532090       5.533730       5.535370       5.537030       5.538700       5.540380       5.542070       5.543770       5.545470       5.547190       5.548910       5.550640       5.552370       5.554120       5.555860       5.557620       5.559370       5.561140    
   5.511800       5.514650       5.518010       5.520510       5.521350       5.522870       5.524400       5.525950       5.527520       5.529100       5.530690       5.532300       5.533920       5.535550       5.537200       5.538850       5.540520       5.542190       5.543880       5.545570       5.547270       5.548990       5.550700       5.552430       5.554160       5.555900       5.557640       5.559390       5.561140       5.562900    
   5.513710       5.518010       5.521000       5.522270       5.523190       5.524710       5.526240       5.527790       5.529350       5.530930       5.532520       5.534130       5.535750       5.537380       5.539020       5.540670       5.542340       5.544010       5.545690       5.547380       5.549080       5.550790       5.552500       5.554220       5.555950       5.557690       5.559420       5.561170       5.562920       5.564670    
   5.518010       5.521230       5.522730       5.523190       5.524820       5.526550       5.528080       5.529630       5.531200       5.532770       5.534360       5.535970       5.537580       5.539210       5.540850       5.542500       5.544160       5.545830       5.547510       5.549200       5.550900       5.552600       5.554310       5.556030       5.557750       5.559480       5.561210       5.562950       5.564700       5.566440    
   5.521350       5.522960       5.523190       5.524850       5.526550       5.528190       5.529930       5.531480       5.533040       5.534620       5.536210       5.537810       5.539420       5.541050       5.542690       5.544340       5.545990       5.547660       5.549340       5.551020       5.552710       5.554410       5.556120       5.557830       5.559550       5.561280       5.563010       5.564740       5.566480       5.568220    
   5.523080       5.523190       5.524860       5.526550       5.528220       5.529930       5.530700       5.531480       5.533900       5.536470       5.538060       5.539660       5.541270       5.542890       5.544530       5.546170       5.547830       5.549490       5.551160       5.552850       5.554530       5.556230       5.557930       5.559640       5.561360       5.563080       5.564800       5.566530       5.568270       5.570010    
   5.523190       5.524870       5.526550       5.528230       5.529930       5.530320       5.530710       5.533140       5.536470       5.537260       5.539810       5.541510       5.543120       5.544740       5.546370       5.548010       5.549670       5.551330       5.553000       5.554680       5.556360       5.558050       5.559750       5.561460       5.563170       5.564880       5.566600       5.568330       5.570060       5.571790    
   5.524870       5.526550       5.528240       5.529930       5.530120       5.530320       5.532660       5.536470       5.536870       5.539870       5.542440       5.543360       5.544970       5.546590       5.548220       5.549860       5.551510       5.553170       5.554830       5.556510       5.558190       5.559880       5.561570       5.563280       5.564980       5.566690       5.568410       5.570130       5.571860       5.573580    
   5.526550       5.528240       5.529930       5.530030       5.530120       5.532390       5.536470       5.536670       5.539890       5.542900       5.543360       5.544170       5.545840       5.548440       5.550070       5.551710       5.553360       5.555010       5.556680       5.558350       5.560020       5.561710       5.563400       5.565100       5.566800       5.568510       5.570220       5.571940       5.573660       5.575380    
   5.528240       5.529930       5.529980       5.530030       5.532250       5.536470       5.536570       5.539900       5.543130       5.543360       5.543760       5.545450       5.548440       5.549250       5.550070       5.551710       5.553360       5.555020       5.558450       5.560190       5.561860       5.563540       5.565230       5.566920       5.568620       5.570320       5.572030       5.573740       5.575460       5.577180    
   5.529930       5.529950       5.529980       5.532180       5.536470       5.536520       5.539910       5.543240       5.543360       5.543560       5.545250       5.548440       5.548850       5.549260       5.550350       5.551720       5.553360       5.557990       5.561110       5.562030       5.563700       5.565380       5.567060       5.568750       5.570450       5.572150       5.573850       5.575560       5.577270       5.578980    
   5.529940       5.529950       5.532150       5.536470       5.536500       5.539910       5.543300       5.543360       5.543460       5.545150       5.548440       5.548640       5.548850       5.549480       5.550440       5.551810       5.557330       5.561570       5.562030       5.563760       5.565550       5.567220       5.568900       5.570580       5.572280       5.573970       5.575670       5.577370       5.579080       5.580780    
   5.529940       5.532130       5.536470       5.536480       5.539910       5.543330       5.543360       5.543410       5.545100       5.548440       5.548540       5.548640       5.548990       5.549590       5.550580       5.557790       5.561800       5.562030       5.565840       5.567400       5.568400       5.569060       5.570740       5.572420       5.574110       5.575800       5.577490       5.579190       5.580890       5.582590    
   5.532120       5.536470       5.536480       5.539910       5.543350       5.543360       5.543390       5.545080       5.548440       5.548490       5.548540       5.548730       5.549080       5.556100       5.562230       5.567590       5.567590       5.568480       5.569550       5.570170       5.569240       5.570910       5.572580       5.574260       5.575940       5.577620       5.579320       5.581010       5.582700       5.584400    
   5.536470       5.536470       5.539910       5.543350       5.543360       5.543370       5.545070       5.548440       5.548470       5.548490       5.548590       5.548780       5.560910       5.575290       5.575230       5.572570       5.573380       5.573150       5.571850       5.571090       5.571090       5.572760       5.574430       5.576100       5.577780       5.579460       5.581140       5.582830       5.584520       5.586220    
   5.536470       5.539920       5.543360       5.543360       5.543370       5.545060       5.548440       5.548450       5.548470       5.548510       5.560850       5.579200       5.576640       5.575350       5.575350       5.575230       5.574090       5.573620       5.573150       5.573000       5.572950       5.574610       5.576270       5.577940       5.579610       5.581290       5.582970       5.584660       5.586340       5.588030    
   5.539920       5.543360       5.543360       5.543360       5.545060       5.548440       5.548450       5.548450       5.548480       5.563250       5.579200       5.579200       5.579200       5.576730       5.575460       5.575460       5.575230       5.574380       5.574080       5.573150       5.574800       5.576460       5.578120       5.579790       5.581460       5.583130       5.584800       5.586480       5.588160       5.589850    
   5.543360       5.543360       5.543360       5.545050       5.548440       5.548440       5.548450       5.558080       5.568020       5.579210       5.579200       5.579200       5.579200       5.579200       5.576900       5.575700       5.575700       5.575230       5.575070       5.575010       5.576660       5.578310       5.579970       5.581630       5.583300       5.584960       5.586640       5.588310       5.589990       5.591660    
   5.543360       5.543360       5.545050       5.548440       5.548440       5.563940       5.587190       5.587060       5.586930       5.581790       5.579220       5.579200       5.579200       5.579200       5.579200       5.577230       5.576160       5.576170       5.575230       5.576870       5.578520       5.580170       5.581820       5.583480       5.585140       5.586800       5.588470       5.590140       5.591810       5.593480    
   5.543360       5.545050       5.548440       5.548440       5.567040       5.587190       5.587190       5.587190       5.587060       5.586930       5.581820       5.579250       5.579200       5.579200       5.579200       5.579200       5.577870       5.577100       5.577100       5.578740       5.580380       5.582030       5.583680       5.585330       5.586990       5.588640       5.590310       5.591970       5.593640       5.595310    
