iMOD/TUTORIALS/TUT_MetaswapAnalyser/model_MetaSWAP/meteo/Evaporation/Evaporation_20061205_L1.ASC
NCOLS                30
NROWS                30
XLLCORNER     160000.00
YLLCORNER     340000.00
CELLSIZE        1000.00
NODATA_VALUE   -9999.00
  0.2228100      0.2233300      0.2238600      0.2244200      0.2249900      0.2255900      0.2262000      0.2268300      0.2274800      0.2281400      0.2288200      0.2295200      0.2302300      0.2309500      0.2316900      0.2324400      0.2332100      0.2339900      0.2347800      0.2355800      0.2363900      0.2372200      0.2380500      0.2389000      0.2397500      0.2406200      0.2414900      0.2423700      0.2432700      0.2441700    
  0.2249900      0.2255100      0.2260500      0.2266200      0.2272000      0.2278000      0.2284200      0.2290500      0.2297100      0.2303700      0.2310600      0.2317600      0.2324700      0.2332000      0.2339400      0.2346900      0.2354600      0.2362400      0.2370300      0.2378300      0.2386400      0.2394700      0.2403000      0.2411500      0.2420000      0.2428600      0.2437300      0.2446100      0.2455000      0.2464000    
  0.2271700      0.2277000      0.2282600      0.2288300      0.2294200      0.2300200      0.2306500      0.2312900      0.2319400      0.2326200      0.2333100      0.2340100      0.2347200      0.2354500      0.2362000      0.2369500      0.2377200      0.2385000      0.2392900      0.2401000      0.2409100      0.2417300      0.2425600      0.2434100      0.2442600      0.2451200      0.2459900      0.2468600      0.2477500      0.2486400    
  0.2293700      0.2299100      0.2304700      0.2310500      0.2316400      0.2322600      0.2328900      0.2335300      0.2341900      0.2348700      0.2355600      0.2362700      0.2369900      0.2377200      0.2384700      0.2392300      0.2400000      0.2407800      0.2415700      0.2423700      0.2431800      0.2440100      0.2448400      0.2456800      0.2465300      0.2473800      0.2482500      0.2491200      0.2500000      0.2508900    
  0.2315700      0.2321200      0.2326900      0.2332800      0.2338800      0.2345000      0.2351400      0.2357900      0.2364600      0.2371400      0.2378300      0.2385400      0.2392700      0.2400000      0.2407500      0.2415100      0.2422800      0.2430600      0.2438600      0.2446600      0.2454700      0.2462900      0.2471200      0.2479600      0.2488100      0.2496600      0.2505200      0.2513900      0.2522700      0.2531500    
  0.2337900      0.2343500      0.2349200      0.2355200      0.2361300      0.2367500      0.2374000      0.2380500      0.2387300      0.2394100      0.2401100      0.2408300      0.2415500      0.2422900      0.2430400      0.2438000      0.2445800      0.2453600      0.2461500      0.2469500      0.2477700      0.2485900      0.2494100      0.2502500      0.2511000      0.2519500      0.2528100      0.2536700      0.2545400      0.2554200    
  0.2360100      0.2365800      0.2371600      0.2377700      0.2383800      0.2390200      0.2396600      0.2403300      0.2410100      0.2417000      0.2424000      0.2431200      0.2438500      0.2445900      0.2453400      0.2461100      0.2468800      0.2476600      0.2484600      0.2492600      0.2500700      0.2508900      0.2517200      0.2525500      0.2533900      0.2542400      0.2551000      0.2559600      0.2568300      0.2577000    
  0.2382400      0.2388200      0.2394100      0.2400200      0.2406500      0.2412900      0.2419400      0.2426100      0.2432900      0.2439900      0.2447000      0.2454200      0.2461500      0.2469000      0.2476500      0.2484200      0.2491900      0.2499800      0.2507700      0.2515700      0.2523800      0.2532000      0.2540300      0.2548600      0.2557000      0.2565500      0.2574000      0.2582600      0.2591200      0.2599900    
  0.2404800      0.2410600      0.2416700      0.2422800      0.2429200      0.2435600      0.2442300      0.2449000      0.2455900      0.2462900      0.2470000      0.2477300      0.2484700      0.2492100      0.2499700      0.2507400      0.2515100      0.2523000      0.2530900      0.2539000      0.2547100      0.2555200      0.2563500      0.2571800      0.2580100      0.2588600      0.2597100      0.2605600      0.2614200      0.2622900    
  0.2427200      0.2433200      0.2439300      0.2445500      0.2451900      0.2458500      0.2465200      0.2472000      0.2478900      0.2486000      0.2493200      0.2500500      0.2507900      0.2515400      0.2523000      0.2530600      0.2538400      0.2546300      0.2554200      0.2562300      0.2570400      0.2578500      0.2586700      0.2595000      0.2603400      0.2611800      0.2620200      0.2628700      0.2637300      0.2645900    
  0.2427270      0.2433230      0.2446580      0.2468300      0.2474800      0.2481400      0.2488100      0.2495000      0.2502000      0.2509100      0.2516300      0.2523700      0.2531100      0.2538600      0.2546300      0.2554000      0.2561800      0.2569700      0.2577600      0.2585600      0.2593700      0.2601900      0.2610100      0.2618300      0.2626700      0.2635000      0.2643400      0.2651900      0.2660400      0.2669000    
  0.2427320      0.2443840      0.2468300      0.2490350      0.2497700      0.2504300      0.2511200      0.2518100      0.2525100      0.2532300      0.2539600      0.2547000      0.2554400      0.2562000      0.2569600      0.2577400      0.2585200      0.2593100      0.2601000      0.2609100      0.2617100      0.2625300      0.2633500      0.2641700      0.2650000      0.2658300      0.2666700      0.2675200      0.2683600      0.2692100    
  0.2440250      0.2468300      0.2497100      0.2509150      0.2520600      0.2527300      0.2534200      0.2541200      0.2548300      0.2555600      0.2562900      0.2570300      0.2577800      0.2585400      0.2593100      0.2600800      0.2608700      0.2616600      0.2624500      0.2632500      0.2640600      0.2648700      0.2656900      0.2665100      0.2673400      0.2681700      0.2690100      0.2698500      0.2706900      0.2715300    
  0.2468300      0.2500220      0.2514870      0.2520600      0.2532770      0.2550400      0.2557300      0.2564400      0.2571600      0.2578800      0.2586200      0.2593700      0.2601200      0.2608900      0.2616600      0.2624300      0.2632200      0.2640100      0.2648100      0.2656100      0.2664100      0.2672300      0.2680400      0.2688600      0.2696900      0.2705100      0.2713500      0.2721800      0.2730200      0.2738600    
  0.2501710      0.2517740      0.2520600      0.2534590      0.2550400      0.2562730      0.2580500      0.2587600      0.2594800      0.2602200      0.2609600      0.2617100      0.2624700      0.2632300      0.2640100      0.2647900      0.2655700      0.2663700      0.2671600      0.2679700      0.2687700      0.2695800      0.2704000      0.2712200      0.2720400      0.2728600      0.2736900      0.2745200      0.2753500      0.2761900    
  0.2519170      0.2520600      0.2535200      0.2550400      0.2564540      0.2580500      0.2584050      0.2587630      0.2602530      0.2625500      0.2633000      0.2640500      0.2648200      0.2655900      0.2663600      0.2671500      0.2679300      0.2687300      0.2695300      0.2703300      0.2711300      0.2719400      0.2727600      0.2735700      0.2743900      0.2752100      0.2760400      0.2768600      0.2776900      0.2785200    
  0.2520600      0.2535400      0.2550400      0.2565150      0.2580500      0.2582270      0.2584060      0.2599930      0.2625500      0.2629250      0.2650100      0.2664000      0.2671700      0.2679400      0.2687200      0.2695100      0.2703000      0.2710900      0.2718900      0.2726900      0.2735000      0.2743100      0.2751200      0.2759300      0.2767500      0.2775700      0.2783900      0.2792100      0.2800300      0.2808600    
  0.2535470      0.2550400      0.2565350      0.2580500      0.2581390      0.2582280      0.2597940      0.2625500      0.2627380      0.2653620      0.2675750      0.2687500      0.2695200      0.2703000      0.2710800      0.2718700      0.2726600      0.2734600      0.2742600      0.2750600      0.2758700      0.2766700      0.2774800      0.2783000      0.2791100      0.2799200      0.2807400      0.2815600      0.2823800      0.2832000    
  0.2550400      0.2565420      0.2580500      0.2580940      0.2581390      0.2596780      0.2625500      0.2626440      0.2655120      0.2681630      0.2687500      0.2691350      0.2703080      0.2726600      0.2734500      0.2742400      0.2750300      0.2758300      0.2766300      0.2774300      0.2782400      0.2790400      0.2798500      0.2806600      0.2814700      0.2822800      0.2830900      0.2839100      0.2847200      0.2855400    
  0.2565440      0.2580500      0.2580720      0.2580940      0.2596150      0.2625500      0.2625970      0.2655830      0.2684560      0.2687500      0.2689430      0.2702130      0.2726600      0.2730550      0.2734500      0.2742400      0.2750330      0.2758300      0.2783740      0.2798000      0.2806100      0.2814100      0.2822200      0.2830300      0.2838400      0.2846400      0.2854500      0.2862600      0.2870700      0.2878800    
  0.2580500      0.2580610      0.2580720      0.2595830      0.2625500      0.2625730      0.2656170      0.2686030      0.2687500      0.2688460      0.2701410      0.2726600      0.2728570      0.2730550      0.2735820      0.2742410      0.2750340      0.2784810      0.2809900      0.2821800      0.2829800      0.2837900      0.2845900      0.2854000      0.2862000      0.2870100      0.2878100      0.2886100      0.2894200      0.2902200    
  0.2580560      0.2580610      0.2595670      0.2625500      0.2625620      0.2656330      0.2686770      0.2687500      0.2687980      0.2700990      0.2726600      0.2727590      0.2728570      0.2731650      0.2736260      0.2742860      0.2783040      0.2815850      0.2821800      0.2835030      0.2853500      0.2861600      0.2869600      0.2877600      0.2885700      0.2893700      0.2901700      0.2909700      0.2917700      0.2925600    
  0.2580560      0.2595580      0.2625500      0.2625560      0.2656420      0.2687130      0.2687500      0.2687740      0.2700770      0.2726600      0.2727090      0.2727590      0.2729270      0.2732160      0.2736920      0.2794780      0.2818830      0.2821800      0.2861730      0.2877250      0.2882080      0.2885300      0.2893300      0.2901300      0.2909300      0.2917300      0.2925300      0.2933200      0.2941100      0.2949100    
  0.2595540      0.2625500      0.2625530      0.2656460      0.2687320      0.2687500      0.2687620      0.2700650      0.2726600      0.2726850      0.2727090      0.2727980      0.2729670      0.2800340      0.2853420      0.2892890      0.2892900      0.2898180      0.2904920      0.2912850      0.2901000      0.2909000      0.2917000      0.2925000      0.2933000      0.2940900      0.2948800      0.2956700      0.2964600      0.2972500    
  0.2625500      0.2625510      0.2656480      0.2687410      0.2687500      0.2687560      0.2700590      0.2726600      0.2726720      0.2726850      0.2727310      0.2728250      0.2853240      0.3003730      0.3003000      0.2960740      0.2966950      0.2964000      0.2938440      0.2924670      0.2924700      0.2932700      0.2940700      0.2948600      0.2956600      0.2964500      0.2972400      0.2980200      0.2988100      0.2995900    
  0.2625510      0.2656490      0.2687450      0.2687500      0.2687530      0.2700560      0.2726600      0.2726660      0.2726720      0.2726960      0.2862520      0.3065100      0.3024800      0.3004470      0.3004470      0.3003000      0.2980110      0.2969900      0.2964000      0.2952250      0.2948300      0.2956400      0.2964300      0.2972300      0.2980200      0.2988100      0.2995900      0.3003700      0.3011500      0.3019200    
  0.2656490      0.2687480      0.2687500      0.2687520      0.2700550      0.2726600      0.2726630      0.2726660      0.2726780      0.2889280      0.3065100      0.3065100      0.3065100      0.3025880      0.3005940      0.3005940      0.3003000      0.2983560      0.2975800      0.2964000      0.2972000      0.2980000      0.2988000      0.2995900      0.3003800      0.3011600      0.3019400      0.3027200      0.3034900      0.3042600    
  0.2687490      0.2687500      0.2687510      0.2700540      0.2726600      0.2726620      0.2726630      0.2838040      0.2946820      0.3065160      0.3065100      0.3065100      0.3065100      0.3065100      0.3028030      0.3008870      0.3008870      0.3003000      0.2991430      0.2987600      0.2995600      0.3003600      0.3011600      0.3019500      0.3027300      0.3035100      0.3042900      0.3050600      0.3058200      0.3065900    
  0.2687500      0.2687500      0.2700540      0.2726600      0.2726610      0.2910460      0.3186200      0.3179150      0.3172100      0.3100940      0.3065290      0.3065100      0.3065100      0.3065100      0.3065100      0.3032190      0.3014750      0.3014750      0.3003000      0.3011100      0.3019200      0.3027200      0.3035100      0.3043000      0.3050800      0.3058600      0.3066300      0.3073900      0.3081500      0.3089100    
  0.2687500      0.2700540      0.2726600      0.2726600      0.2947250      0.3186240      0.3186240      0.3186200      0.3179150      0.3172100      0.3101270      0.3065670      0.3065100      0.3065100      0.3065100      0.3065100      0.3040020      0.3026500      0.3026500      0.3034600      0.3042700      0.3050700      0.3058600      0.3066500      0.3074300      0.3082000      0.3089700      0.3097300      0.3104800      0.3112300    
