iMOD/TUTORIALS/TUT_MetaswapAnalyser/model_MetaSWAP/meteo/Evaporation/Evaporation_20050307_L1.ASC
NCOLS                30
NROWS                30
XLLCORNER     160000.00
YLLCORNER     340000.00
CELLSIZE        1000.00
NODATA_VALUE   -9999.00
  0.6486500      0.6483100      0.6479700      0.6476200      0.6472700      0.6469100      0.6465400      0.6461700      0.6458000      0.6454100      0.6450200      0.6446200      0.6442100      0.6437900      0.6433600      0.6429300      0.6424800      0.6420300      0.6415600      0.6410900      0.6406100      0.6401100      0.6396100      0.6391000      0.6385800      0.6380500      0.6375200      0.6369700      0.6364200      0.6358500    
  0.6463200      0.6459600      0.6456000      0.6452400      0.6448700      0.6445000      0.6441200      0.6437400      0.6433500      0.6429500      0.6425500      0.6421400      0.6417200      0.6412900      0.6408600      0.6404200      0.6399700      0.6395100      0.6390400      0.6385600      0.6380700      0.6375800      0.6370800      0.6365700      0.6360500      0.6355200      0.6349800      0.6344400      0.6338900      0.6333300    
  0.6439800      0.6436000      0.6432300      0.6428500      0.6424700      0.6420800      0.6416900      0.6413000      0.6408900      0.6404900      0.6400700      0.6396500      0.6392200      0.6387900      0.6383500      0.6379000      0.6374400      0.6369700      0.6365000      0.6360200      0.6355300      0.6350400      0.6345300      0.6340200      0.6335000      0.6329700      0.6324400      0.6319000      0.6313500      0.6308000    
  0.6416200      0.6412300      0.6408400      0.6404500      0.6400600      0.6396600      0.6392500      0.6388400      0.6384300      0.6380100      0.6375900      0.6371500      0.6367200      0.6362700      0.6358200      0.6353700      0.6349000      0.6344300      0.6339600      0.6334700      0.6329800      0.6324800      0.6319800      0.6314600      0.6309500      0.6304200      0.6298900      0.6293500      0.6288100      0.6282600    
  0.6392500      0.6388500      0.6384500      0.6380400      0.6376300      0.6372200      0.6368000      0.6363800      0.6359500      0.6355200      0.6350900      0.6346500      0.6342000      0.6337500      0.6332900      0.6328300      0.6323600      0.6318800      0.6314000      0.6309100      0.6304200      0.6299200      0.6294100      0.6289000      0.6283800      0.6278600      0.6273300      0.6267900      0.6262500      0.6257000    
  0.6368800      0.6364600      0.6360400      0.6356200      0.6352000      0.6347700      0.6343400      0.6339100      0.6334700      0.6330300      0.6325800      0.6321300      0.6316800      0.6312200      0.6307500      0.6302800      0.6298100      0.6293200      0.6288400      0.6283500      0.6278500      0.6273500      0.6268400      0.6263300      0.6258100      0.6252800      0.6247600      0.6242200      0.6236800      0.6231400    
  0.6345000      0.6340700      0.6336300      0.6332000      0.6327600      0.6323200      0.6318800      0.6314300      0.6309800      0.6305300      0.6300700      0.6296100      0.6291500      0.6286800      0.6282000      0.6277300      0.6272500      0.6267600      0.6262700      0.6257700      0.6252700      0.6247700      0.6242600      0.6237400      0.6232300      0.6227000      0.6221800      0.6216500      0.6211100      0.6205700    
  0.6321100      0.6316600      0.6312100      0.6307600      0.6303100      0.6298600      0.6294000      0.6289500      0.6284800      0.6280200      0.6275500      0.6270800      0.6266100      0.6261300      0.6256500      0.6251700      0.6246800      0.6241900      0.6236900      0.6231900      0.6226900      0.6221800      0.6216700      0.6211500      0.6206400      0.6201200      0.6195900      0.6190600      0.6185300      0.6179900    
  0.6297100      0.6292500      0.6287900      0.6283200      0.6278600      0.6273900      0.6269200      0.6264500      0.6259800      0.6255100      0.6250300      0.6245500      0.6240600      0.6235800      0.6230900      0.6226000      0.6221000      0.6216100      0.6211100      0.6206000      0.6201000      0.6195900      0.6190700      0.6185600      0.6180400      0.6175200      0.6170000      0.6164700      0.6159400      0.6154100    
  0.6273100      0.6268300      0.6263500      0.6258800      0.6254000      0.6249200      0.6244400      0.6239500      0.6234700      0.6229800      0.6225000      0.6220100      0.6215100      0.6210200      0.6205200      0.6200200      0.6195200      0.6190200      0.6185100      0.6180100      0.6175000      0.6169900      0.6164700      0.6159600      0.6154400      0.6149200      0.6144000      0.6138700      0.6133500      0.6128200    
  0.6273070      0.6268300      0.6256200      0.6234200      0.6229300      0.6224400      0.6219500      0.6214500      0.6209600      0.6204600      0.6199600      0.6194600      0.6189600      0.6184500      0.6179500      0.6174400      0.6169400      0.6164300      0.6159200      0.6154100      0.6149000      0.6143800      0.6138700      0.6133500      0.6128300      0.6123100      0.6117900      0.6112700      0.6107500      0.6102200    
  0.6273070      0.6257940      0.6234200      0.6212000      0.6204600      0.6199600      0.6194500      0.6189400      0.6184400      0.6179300      0.6174200      0.6169100      0.6164000      0.6158900      0.6153700      0.6148600      0.6143500      0.6138300      0.6133200      0.6128000      0.6122900      0.6117700      0.6112500      0.6107400      0.6102200      0.6097000      0.6091800      0.6086600      0.6081400      0.6076200    
  0.6260760      0.6234200      0.6204590      0.6192250      0.6179900      0.6174700      0.6169500      0.6164300      0.6159100      0.6153900      0.6148700      0.6143500      0.6138300      0.6133100      0.6127900      0.6122700      0.6117500      0.6112300      0.6107100      0.6102000      0.6096800      0.6091600      0.6086400      0.6081200      0.6076000      0.6070900      0.6065700      0.6060500      0.6055300      0.6050200    
  0.6234200      0.6201190      0.6186080      0.6179900      0.6168130      0.6149800      0.6144500      0.6139200      0.6133800      0.6128500      0.6123200      0.6117900      0.6112700      0.6107400      0.6102100      0.6096800      0.6091600      0.6086300      0.6081100      0.6075800      0.6070600      0.6065400      0.6060200      0.6055000      0.6049800      0.6044700      0.6039500      0.6034300      0.6029200      0.6024100    
  0.6199570      0.6182990      0.6179900      0.6165940      0.6149800      0.6137900      0.6119400      0.6114000      0.6108500      0.6103100      0.6097700      0.6092300      0.6087000      0.6081600      0.6076200      0.6070900      0.6065600      0.6060200      0.6055000      0.6049700      0.6044400      0.6039200      0.6034000      0.6028800      0.6023600      0.6018400      0.6013300      0.6008200      0.6003000      0.5997900    
  0.6181440      0.6179900      0.6165210      0.6149800      0.6135700      0.6119400      0.6116700      0.6113970      0.6100830      0.6077700      0.6072200      0.6066700      0.6061200      0.6055800      0.6050300      0.6044900      0.6039500      0.6034200      0.6028800      0.6023500      0.6018200      0.6013000      0.6007700      0.6002500      0.5997300      0.5992200      0.5987100      0.5981900      0.5976900      0.5971800    
  0.6179900      0.6164970      0.6149800      0.6134970      0.6119400      0.6118050      0.6116690      0.6102300      0.6077700      0.6074950      0.6054620      0.6041100      0.6035500      0.6029900      0.6024400      0.6018900      0.6013500      0.6008100      0.6002700      0.5997300      0.5992000      0.5986700      0.5981500      0.5976200      0.5971100      0.5965900      0.5960800      0.5955700      0.5950700      0.5945600    
  0.6164890      0.6149800      0.6134720      0.6119400      0.6118730      0.6118050      0.6103680      0.6077700      0.6076330      0.6050180      0.6028250      0.6015400      0.6009700      0.6004100      0.5998500      0.5993000      0.5987400      0.5982000      0.5976500      0.5971100      0.5965800      0.5960500      0.5955200      0.5950000      0.5944800      0.5939600      0.5934500      0.5929500      0.5924400      0.5919500    
  0.6149800      0.6134640      0.6119400      0.6119060      0.6118720      0.6104540      0.6077700      0.6077010      0.6048290      0.6021830      0.6015400      0.6012550      0.6001870      0.5978300      0.5972600      0.5967000      0.5961400      0.5955800      0.5950400      0.5944900      0.5939500      0.5934200      0.5928900      0.5923700      0.5918500      0.5913300      0.5908300      0.5903200      0.5898200      0.5893300    
  0.6134610      0.6119400      0.6119230      0.6119060      0.6105010      0.6077700      0.6077360      0.6047400      0.6018610      0.6015400      0.6013980      0.6002030      0.5978300      0.5975450      0.5972630      0.5967000      0.5961400      0.5955870      0.5932460      0.5918700      0.5913300      0.5907900      0.5902600      0.5897400      0.5892200      0.5887100      0.5882000      0.5877000      0.5872000      0.5867100    
  0.6119400      0.6119320      0.6119230      0.6105250      0.6077700      0.6077530      0.6046970      0.6017010      0.6015400      0.6014690      0.6002430      0.5978300      0.5976870      0.5975460      0.5971690      0.5967010      0.5961420      0.5929570      0.5905600      0.5892500      0.5887100      0.5881700      0.5876300      0.5871100      0.5865900      0.5860800      0.5855700      0.5850700      0.5845800      0.5840900    
  0.6119360      0.6119320      0.6105370      0.6077700      0.6077610      0.6046760      0.6016200      0.6015400      0.6015040      0.6002700      0.5978300      0.5977590      0.5976880      0.5974680      0.5971390      0.5966710      0.5929910      0.5899050      0.5892500      0.5880130      0.5860800      0.5855400      0.5850100      0.5844800      0.5839600      0.5834500      0.5829500      0.5824500      0.5819600      0.5814800    
  0.6119360      0.6105440      0.6077700      0.6077660      0.6046660      0.6015800      0.6015400      0.6015220      0.6002860      0.5978300      0.5977940      0.5977590      0.5976380      0.5974310      0.5970930      0.5915600      0.5895780      0.5892500      0.5850670      0.5834650      0.5831380      0.5829200      0.5823800      0.5818600      0.5813400      0.5808300      0.5803300      0.5798300      0.5793500      0.5788600    
  0.6105470      0.6077700      0.6077680      0.6046600      0.6015600      0.6015400      0.6015310      0.6002950      0.5978300      0.5978120      0.5977940      0.5977300      0.5976090      0.5902880      0.5850570      0.5814210      0.5814200      0.5809880      0.5804140      0.5795400      0.5808500      0.5803000      0.5797600      0.5792400      0.5787200      0.5782100      0.5777100      0.5772200      0.5767300      0.5762600    
  0.6077700      0.6077690      0.6046580      0.6015500      0.6015400      0.6015360      0.6002990      0.5978300      0.5978210      0.5978120      0.5977790      0.5977110      0.5846730      0.5689100      0.5689900      0.5738480      0.5732650      0.5735900      0.5766210      0.5782370      0.5782300      0.5776900      0.5771500      0.5766200      0.5761000      0.5755900      0.5750900      0.5746000      0.5741200      0.5736500    
  0.6077690      0.6046560      0.6015450      0.6015400      0.6015380      0.6003010      0.5978300      0.5978260      0.5978210      0.5978040      0.5834250      0.5619100      0.5665100      0.5688290      0.5688290      0.5689900      0.5717150      0.5729400      0.5735900      0.5751170      0.5756300      0.5750700      0.5745300      0.5740000      0.5734800      0.5729800      0.5724800      0.5719900      0.5715200      0.5710500    
  0.6046560      0.6015430      0.6015400      0.6015390      0.6003020      0.5978300      0.5978280      0.5978260      0.5978170      0.5805740      0.5619100      0.5619100      0.5619100      0.5663910      0.5686690      0.5686690      0.5689900      0.5713410      0.5722900      0.5735900      0.5730200      0.5724700      0.5719200      0.5713900      0.5708800      0.5703700      0.5698700      0.5693900      0.5689200      0.5684500    
  0.6015410      0.6015400      0.6015390      0.6003030      0.5978300      0.5978290      0.5978280      0.5858700      0.5743420      0.5619030      0.5619100      0.5619100      0.5619100      0.5619100      0.5661570      0.5683480      0.5683480      0.5689900      0.5704950      0.5709900      0.5704200      0.5698700      0.5693200      0.5687900      0.5682700      0.5677700      0.5672700      0.5667900      0.5663200      0.5658600    
  0.6015400      0.6015400      0.6003030      0.5978300      0.5978290      0.5779960      0.5482500      0.5491300      0.5500100      0.5579250      0.5618890      0.5619100      0.5619100      0.5619100      0.5619100      0.5657030      0.5677050      0.5677050      0.5689900      0.5684100      0.5678300      0.5672700      0.5667200      0.5661900      0.5656800      0.5651700      0.5646800      0.5642000      0.5637400      0.5632800    
  0.6015400      0.6003030      0.5978300      0.5978300      0.5740270      0.5482450      0.5482450      0.5482500      0.5491300      0.5500100      0.5578890      0.5618480      0.5619100      0.5619100      0.5619100      0.5619100      0.5648510      0.5664200      0.5664200      0.5658300      0.5652500      0.5646800      0.5641400      0.5636000      0.5630900      0.5625800      0.5621000      0.5616200      0.5611600      0.5607100    
