iMOD/TUTORIALS/TUT_MetaswapAnalyser/model_MetaSWAP/meteo/Evaporation/Evaporation_20050105_L1.ASC
NCOLS                30
NROWS                30
XLLCORNER     160000.00
YLLCORNER     340000.00
CELLSIZE        1000.00
NODATA_VALUE   -9999.00
  0.2432900      0.2436600      0.2440300      0.2443800      0.2447300      0.2450600      0.2453900      0.2457000      0.2460100      0.2463000      0.2465900      0.2468600      0.2471200      0.2473800      0.2476200      0.2478500      0.2480700      0.2482800      0.2484800      0.2486800      0.2488600      0.2490300      0.2491900      0.2493400      0.2494800      0.2496100      0.2497400      0.2498500      0.2499500      0.2500500    
  0.2435700      0.2439500      0.2443100      0.2446700      0.2450100      0.2453400      0.2456700      0.2459800      0.2462900      0.2465800      0.2468700      0.2471400      0.2474100      0.2476600      0.2479000      0.2481400      0.2483600      0.2485700      0.2487800      0.2489700      0.2491500      0.2493200      0.2494900      0.2496400      0.2497800      0.2499200      0.2500400      0.2501600      0.2502700      0.2503700    
  0.2438500      0.2442300      0.2445900      0.2449400      0.2452900      0.2456200      0.2459500      0.2462600      0.2465700      0.2468600      0.2471500      0.2474200      0.2476900      0.2479400      0.2481900      0.2484200      0.2486400      0.2488600      0.2490600      0.2492600      0.2494400      0.2496200      0.2497800      0.2499400      0.2500800      0.2502200      0.2503500      0.2504700      0.2505800      0.2506800    
  0.2441300      0.2445000      0.2448600      0.2452200      0.2455600      0.2459000      0.2462200      0.2465400      0.2468400      0.2471400      0.2474200      0.2477000      0.2479600      0.2482200      0.2484600      0.2487000      0.2489300      0.2491400      0.2493500      0.2495400      0.2497300      0.2499100      0.2500800      0.2502300      0.2503800      0.2505200      0.2506500      0.2507700      0.2508900      0.2509900    
  0.2444000      0.2447800      0.2451400      0.2454900      0.2458400      0.2461700      0.2464900      0.2468100      0.2471200      0.2474100      0.2477000      0.2479700      0.2482400      0.2485000      0.2487400      0.2489800      0.2492100      0.2494200      0.2496300      0.2498300      0.2500200      0.2502000      0.2503700      0.2505300      0.2506800      0.2508200      0.2509500      0.2510800      0.2511900      0.2513000    
  0.2446800      0.2450500      0.2454100      0.2457600      0.2461100      0.2464400      0.2467600      0.2470800      0.2473900      0.2476800      0.2479700      0.2482400      0.2485100      0.2487700      0.2490200      0.2492500      0.2494800      0.2497000      0.2499100      0.2501100      0.2503000      0.2504800      0.2506500      0.2508200      0.2509700      0.2511100      0.2512500      0.2513800      0.2514900      0.2516100    
  0.2449500      0.2453200      0.2456800      0.2460300      0.2463700      0.2467100      0.2470300      0.2473500      0.2476500      0.2479500      0.2482400      0.2485100      0.2487800      0.2490400      0.2492900      0.2495300      0.2497600      0.2499800      0.2501900      0.2503900      0.2505800      0.2507600      0.2509400      0.2511000      0.2512600      0.2514000      0.2515400      0.2516700      0.2517900      0.2519100    
  0.2452100      0.2455800      0.2459400      0.2463000      0.2466400      0.2469700      0.2473000      0.2476100      0.2479200      0.2482200      0.2485000      0.2487800      0.2490500      0.2493100      0.2495600      0.2498000      0.2500300      0.2502500      0.2504600      0.2506700      0.2508600      0.2510400      0.2512200      0.2513900      0.2515400      0.2516900      0.2518400      0.2519700      0.2520900      0.2522100    
  0.2454800      0.2458500      0.2462100      0.2465600      0.2469000      0.2472400      0.2475600      0.2478800      0.2481800      0.2484800      0.2487700      0.2490500      0.2493200      0.2495800      0.2498300      0.2500700      0.2503000      0.2505200      0.2507400      0.2509400      0.2511400      0.2513200      0.2515000      0.2516700      0.2518300      0.2519800      0.2521200      0.2522600      0.2523900      0.2525000    
  0.2457400      0.2461100      0.2464700      0.2468200      0.2471700      0.2475000      0.2478200      0.2481400      0.2484500      0.2487400      0.2490300      0.2493100      0.2495800      0.2498400      0.2500900      0.2503300      0.2505700      0.2507900      0.2510100      0.2512100      0.2514100      0.2516000      0.2517800      0.2519500      0.2521100      0.2522700      0.2524100      0.2525500      0.2526800      0.2528000    
  0.2457400      0.2461070      0.2466200      0.2470800      0.2474300      0.2477600      0.2480800      0.2484000      0.2487100      0.2490000      0.2492900      0.2495700      0.2498400      0.2501000      0.2503600      0.2506000      0.2508300      0.2510600      0.2512800      0.2514800      0.2516800      0.2518700      0.2520500      0.2522300      0.2523900      0.2525500      0.2527000      0.2528400      0.2529700      0.2530900    
  0.2457370      0.2463870      0.2470800      0.2475330      0.2476800      0.2480200      0.2483400      0.2486600      0.2489600      0.2492600      0.2495500      0.2498300      0.2501000      0.2503600      0.2506200      0.2508600      0.2511000      0.2513200      0.2515400      0.2517500      0.2519500      0.2521400      0.2523300      0.2525000      0.2526700      0.2528300      0.2529800      0.2531200      0.2532600      0.2533800    
  0.2461410      0.2470800      0.2475910      0.2478100      0.2479400      0.2482700      0.2486000      0.2489100      0.2492200      0.2495200      0.2498100      0.2500900      0.2503600      0.2506200      0.2508800      0.2511200      0.2513600      0.2515900      0.2518100      0.2520200      0.2522200      0.2524100      0.2526000      0.2527800      0.2529500      0.2531100      0.2532600      0.2534000      0.2535400      0.2536700    
  0.2470800      0.2476210      0.2478750      0.2479400      0.2482470      0.2485300      0.2488500      0.2491700      0.2494800      0.2497700      0.2500600      0.2503500      0.2506200      0.2508800      0.2511400      0.2513800      0.2516200      0.2518500      0.2520700      0.2522800      0.2524900      0.2526800      0.2528700      0.2530500      0.2532200      0.2533800      0.2535400      0.2536800      0.2538200      0.2539600    
  0.2476370      0.2479080      0.2479400      0.2482390      0.2485300      0.2488300      0.2491100      0.2494200      0.2497300      0.2500300      0.2503200      0.2506000      0.2508700      0.2511400      0.2513900      0.2516400      0.2518800      0.2521100      0.2523300      0.2525500      0.2527500      0.2529500      0.2531400      0.2533200      0.2534900      0.2536600      0.2538100      0.2539600      0.2541100      0.2542400    
  0.2479240      0.2479400      0.2482360      0.2485300      0.2488230      0.2491100      0.2492650      0.2494200      0.2498650      0.2502800      0.2505700      0.2508500      0.2511300      0.2513900      0.2516500      0.2519000      0.2521400      0.2523700      0.2525900      0.2528100      0.2530200      0.2532100      0.2534100      0.2535900      0.2537600      0.2539300      0.2540900      0.2542400      0.2543900      0.2545200    
  0.2479400      0.2482350      0.2485300      0.2488210      0.2491100      0.2491870      0.2492650      0.2497070      0.2502800      0.2504250      0.2508320      0.2511000      0.2513800      0.2516500      0.2519000      0.2521500      0.2523900      0.2526300      0.2528500      0.2530700      0.2532800      0.2534800      0.2536700      0.2538600      0.2540300      0.2542000      0.2543600      0.2545200      0.2546600      0.2548000    
  0.2482350      0.2485300      0.2488200      0.2491100      0.2491490      0.2491870      0.2496100      0.2502800      0.2503530      0.2508250      0.2512300      0.2513600      0.2516300      0.2519000      0.2521600      0.2524100      0.2526500      0.2528800      0.2531100      0.2533300      0.2535400      0.2537400      0.2539300      0.2541200      0.2543000      0.2544700      0.2546300      0.2547900      0.2549400      0.2550800    
  0.2485300      0.2488200      0.2491100      0.2491290      0.2491490      0.2495570      0.2502800      0.2503160      0.2508230      0.2512950      0.2513600      0.2514950      0.2517600      0.2521500      0.2524100      0.2526600      0.2529000      0.2531400      0.2533600      0.2535800      0.2538000      0.2540000      0.2542000      0.2543800      0.2545600      0.2547400      0.2549000      0.2550600      0.2552100      0.2553600    
  0.2488200      0.2491100      0.2491200      0.2491290      0.2495290      0.2502800      0.2502980      0.2508210      0.2513280      0.2513600      0.2514280      0.2516910      0.2521500      0.2522800      0.2524070      0.2526570      0.2529000      0.2531330      0.2536020      0.2538400      0.2540500      0.2542600      0.2544600      0.2546500      0.2548300      0.2550000      0.2551700      0.2553300      0.2554900      0.2556300    
  0.2491100      0.2491150      0.2491200      0.2495140      0.2502800      0.2502890      0.2508210      0.2513440      0.2513600      0.2513940      0.2516570      0.2521500      0.2522150      0.2522790      0.2524480      0.2526540      0.2528970      0.2535380      0.2539650      0.2540900      0.2543100      0.2545200      0.2547200      0.2549100      0.2550900      0.2552700      0.2554400      0.2556000      0.2557600      0.2559100    
  0.2491120      0.2491150      0.2495070      0.2502800      0.2502850      0.2508200      0.2513520      0.2513600      0.2513770      0.2516400      0.2521500      0.2521820      0.2522150      0.2523140      0.2524600      0.2526660      0.2534410      0.2540280      0.2540900      0.2543200      0.2545600      0.2547700      0.2549700      0.2551700      0.2553500      0.2555300      0.2557000      0.2558700      0.2560300      0.2561800    
  0.2491120      0.2495040      0.2502800      0.2502820      0.2508200      0.2513560      0.2513600      0.2513680      0.2516320      0.2521500      0.2521660      0.2521820      0.2522370      0.2523300      0.2524800      0.2534940      0.2540590      0.2540900      0.2546050      0.2548150      0.2549420      0.2550300      0.2552300      0.2554300      0.2556100      0.2557900      0.2559700      0.2561300      0.2562900      0.2564500    
  0.2495020      0.2502800      0.2502810      0.2508200      0.2513580      0.2513600      0.2513640      0.2516280      0.2521500      0.2521580      0.2521660      0.2521950      0.2522500      0.2532270      0.2540870      0.2548450      0.2548450      0.2549660      0.2551100      0.2551950      0.2550700      0.2552800      0.2554900      0.2556800      0.2558700      0.2560500      0.2562300      0.2564000      0.2565600      0.2567200    
  0.2502800      0.2502810      0.2508200      0.2513590      0.2513600      0.2513620      0.2516250      0.2521500      0.2521540      0.2521580      0.2521730      0.2522040      0.2538830      0.2558670      0.2558600      0.2555140      0.2556310      0.2556000      0.2554230      0.2553200      0.2553200      0.2555300      0.2557400      0.2559400      0.2561300      0.2563100      0.2564900      0.2566600      0.2568300      0.2569800    
  0.2502800      0.2508200      0.2513590      0.2513600      0.2513610      0.2516240      0.2521500      0.2521520      0.2521540      0.2521620      0.2538470      0.2563500      0.2560350      0.2558750      0.2558750      0.2558600      0.2557200      0.2556630      0.2556000      0.2555780      0.2555700      0.2557900      0.2559900      0.2561900      0.2563900      0.2565700      0.2567500      0.2569300      0.2570900      0.2572500    
  0.2508200      0.2513600      0.2513600      0.2513610      0.2516240      0.2521500      0.2521510      0.2521520      0.2521560      0.2541730      0.2563500      0.2563500      0.2563500      0.2560460      0.2558900      0.2558900      0.2558600      0.2557590      0.2557250      0.2556000      0.2558200      0.2560400      0.2562500      0.2564500      0.2566400      0.2568300      0.2570100      0.2571900      0.2573500      0.2575200    
  0.2513600      0.2513600      0.2513600      0.2516240      0.2521500      0.2521510      0.2521510      0.2534400      0.2548000      0.2563510      0.2563500      0.2563500      0.2563500      0.2563500      0.2560680      0.2559200      0.2559200      0.2558600      0.2558500      0.2558500      0.2560700      0.2562900      0.2565000      0.2567000      0.2569000      0.2570900      0.2572700      0.2574500      0.2576200      0.2577800    
  0.2513600      0.2513600      0.2516230      0.2521500      0.2521500      0.2542020      0.2572800      0.2572900      0.2573000      0.2566680      0.2563520      0.2563500      0.2563500      0.2563500      0.2563500      0.2561120      0.2559810      0.2559800      0.2558600      0.2560900      0.2563200      0.2565400      0.2567500      0.2569500      0.2571500      0.2573400      0.2575300      0.2577100      0.2578800      0.2580400    
  0.2513600      0.2516230      0.2521500      0.2521500      0.2546130      0.2572800      0.2572800      0.2572800      0.2572900      0.2573000      0.2566720      0.2563560      0.2563500      0.2563500      0.2563500      0.2563500      0.2561950      0.2561030      0.2561000      0.2563400      0.2565600      0.2567800      0.2570000      0.2572000      0.2574000      0.2576000      0.2577800      0.2579600      0.2581400      0.2583100    
