iMOD/TUTORIALS/TUT_MetaswapAnalyser/model_MetaSWAP/meteo/Evaporation/Evaporation_20061206_L1.ASC
NCOLS                30
NROWS                30
XLLCORNER     160000.00
YLLCORNER     340000.00
CELLSIZE        1000.00
NODATA_VALUE   -9999.00
  0.2828700      0.2826600      0.2824300      0.2821900      0.2819300      0.2816600      0.2813700      0.2810600      0.2807400      0.2804100      0.2800700      0.2797100      0.2793500      0.2789700      0.2785800      0.2781800      0.2777700      0.2773600      0.2769300      0.2765000      0.2760600      0.2756200      0.2751600      0.2747000      0.2742400      0.2737700      0.2732900      0.2728100      0.2723200      0.2718300    
  0.2841800      0.2839800      0.2837600      0.2835200      0.2832600      0.2829900      0.2827000      0.2824000      0.2820800      0.2817500      0.2814100      0.2810600      0.2806900      0.2803200      0.2799300      0.2795300      0.2791300      0.2787100      0.2782900      0.2778600      0.2774200      0.2769800      0.2765200      0.2760600      0.2756000      0.2751300      0.2746500      0.2741700      0.2736800      0.2731800    
  0.2855000      0.2852900      0.2850700      0.2848300      0.2845800      0.2843100      0.2840300      0.2837300      0.2834100      0.2830900      0.2827500      0.2824000      0.2820300      0.2816600      0.2812800      0.2808800      0.2804800      0.2800600      0.2796400      0.2792100      0.2787800      0.2783300      0.2778800      0.2774200      0.2769500      0.2764800      0.2760000      0.2755200      0.2750300      0.2745400    
  0.2868100      0.2866000      0.2863800      0.2861500      0.2858900      0.2856300      0.2853400      0.2850500      0.2847400      0.2844100      0.2840800      0.2837300      0.2833700      0.2830000      0.2826100      0.2822200      0.2818200      0.2814100      0.2809900      0.2805600      0.2801200      0.2796800      0.2792300      0.2787700      0.2783000      0.2778300      0.2773500      0.2768700      0.2763800      0.2758800    
  0.2881100      0.2879100      0.2876900      0.2874500      0.2872000      0.2869400      0.2866600      0.2863600      0.2860600      0.2857300      0.2854000      0.2850500      0.2847000      0.2843300      0.2839500      0.2835600      0.2831600      0.2827500      0.2823300      0.2819000      0.2814600      0.2810200      0.2805700      0.2801100      0.2796400      0.2791700      0.2786900      0.2782100      0.2777200      0.2772200    
  0.2894100      0.2892000      0.2889900      0.2887600      0.2885100      0.2882400      0.2879700      0.2876700      0.2873700      0.2870500      0.2867200      0.2863700      0.2860200      0.2856500      0.2852700      0.2848800      0.2844900      0.2840800      0.2836600      0.2832300      0.2828000      0.2823600      0.2819100      0.2814500      0.2809800      0.2805100      0.2800300      0.2795500      0.2790600      0.2785600    
  0.2907000      0.2905000      0.2902800      0.2900500      0.2898000      0.2895400      0.2892700      0.2889800      0.2886800      0.2883600      0.2880300      0.2876900      0.2873300      0.2869700      0.2865900      0.2862100      0.2858100      0.2854000      0.2849900      0.2845600      0.2841300      0.2836900      0.2832400      0.2827800      0.2823200      0.2818400      0.2813700      0.2808800      0.2803900      0.2798900    
  0.2919800      0.2917900      0.2915700      0.2913400      0.2911000      0.2908400      0.2905600      0.2902800      0.2899800      0.2896600      0.2893400      0.2890000      0.2886400      0.2882800      0.2879100      0.2875200      0.2871300      0.2867200      0.2863100      0.2858900      0.2854500      0.2850100      0.2845600      0.2841100      0.2836400      0.2831700      0.2826900      0.2822100      0.2817200      0.2812200    
  0.2932700      0.2930700      0.2928600      0.2926300      0.2923900      0.2921300      0.2918600      0.2915700      0.2912700      0.2909600      0.2906400      0.2903000      0.2899500      0.2895900      0.2892200      0.2888300      0.2884400      0.2880400      0.2876300      0.2872000      0.2867700      0.2863300      0.2858900      0.2854300      0.2849700      0.2844900      0.2840200      0.2835300      0.2830400      0.2825400    
  0.2945400      0.2943500      0.2941400      0.2939100      0.2936700      0.2934100      0.2931400      0.2928600      0.2925600      0.2922500      0.2919300      0.2916000      0.2912500      0.2908900      0.2905200      0.2901400      0.2897500      0.2893500      0.2889400      0.2885200      0.2880900      0.2876500      0.2872000      0.2867500      0.2862800      0.2858100      0.2853300      0.2848500      0.2843600      0.2838600    
  0.2945400      0.2943430      0.2943950      0.2951800      0.2949400      0.2946900      0.2944200      0.2941400      0.2938500      0.2935400      0.2932200      0.2928900      0.2925400      0.2921900      0.2918200      0.2914400      0.2910500      0.2906500      0.2902400      0.2898200      0.2893900      0.2889600      0.2885100      0.2880600      0.2875900      0.2871200      0.2866500      0.2861600      0.2856700      0.2851700    
  0.2945340      0.2946150      0.2951800      0.2959580      0.2962200      0.2959700      0.2957000      0.2954200      0.2951300      0.2948200      0.2945000      0.2941700      0.2938300      0.2934800      0.2931100      0.2927400      0.2923500      0.2919500      0.2915400      0.2911200      0.2907000      0.2902600      0.2898200      0.2893600      0.2889000      0.2884300      0.2879500      0.2874700      0.2869800      0.2864800    
  0.2947610      0.2951800      0.2963710      0.2968550      0.2974900      0.2972300      0.2969700      0.2966900      0.2964000      0.2961000      0.2957800      0.2954600      0.2951200      0.2947600      0.2944000      0.2940200      0.2936400      0.2932400      0.2928400      0.2924200      0.2919900      0.2915600      0.2911200      0.2906600      0.2902000      0.2897300      0.2892500      0.2887700      0.2882800      0.2877800    
  0.2951800      0.2965530      0.2971720      0.2974900      0.2977400      0.2985000      0.2982400      0.2979600      0.2976700      0.2973700      0.2970600      0.2967300      0.2963900      0.2960400      0.2956800      0.2953100      0.2949300      0.2945300      0.2941300      0.2937100      0.2932900      0.2928500      0.2924100      0.2919600      0.2915000      0.2910300      0.2905500      0.2900700      0.2895800      0.2890800    
  0.2966390      0.2973310      0.2974900      0.2979100      0.2985000      0.2987470      0.2995000      0.2992200      0.2989400      0.2986400      0.2983300      0.2980000      0.2976700      0.2973200      0.2969600      0.2965900      0.2962100      0.2958100      0.2954100      0.2950000      0.2945700      0.2941400      0.2937000      0.2932500      0.2927900      0.2923200      0.2918400      0.2913600      0.2908700      0.2903700    
  0.2974110      0.2974900      0.2979670      0.2985000      0.2989160      0.2995000      0.2993600      0.2992200      0.2991750      0.2999000      0.2995900      0.2992700      0.2989300      0.2985900      0.2982300      0.2978600      0.2974800      0.2970900      0.2966900      0.2962800      0.2958600      0.2954200      0.2949800      0.2945300      0.2940700      0.2936100      0.2931300      0.2926500      0.2921500      0.2916500    
  0.2974900      0.2979860      0.2985000      0.2989720      0.2995000      0.2994300      0.2993600      0.2994140      0.2999000      0.2997450      0.3002160      0.3005300      0.3002000      0.2998500      0.2995000      0.2991300      0.2987500      0.2983600      0.2979600      0.2975500      0.2971300      0.2967000      0.2962600      0.2958100      0.2953500      0.2948900      0.2944100      0.2939300      0.2934300      0.2929400    
  0.2979920      0.2985000      0.2989910      0.2995000      0.2994650      0.2994300      0.2995260      0.2999000      0.2998230      0.3005620      0.3011600      0.3017900      0.3014600      0.3011100      0.3007600      0.3003900      0.3000200      0.2996300      0.2992300      0.2988200      0.2984000      0.2979700      0.2975300      0.2970900      0.2966300      0.2961600      0.2956900      0.2952000      0.2947100      0.2942100    
  0.2985000      0.2989970      0.2995000      0.2994820      0.2994650      0.2995800      0.2999000      0.2998610      0.3007100      0.3014750      0.3017900      0.3016250      0.3016830      0.3023700      0.3020200      0.3016500      0.3012800      0.3008900      0.3004900      0.3000900      0.2996700      0.2992400      0.2988000      0.2983600      0.2979000      0.2974300      0.2969600      0.2964700      0.2959800      0.2954800    
  0.2989990      0.2995000      0.2994910      0.2994820      0.2996070      0.2999000      0.2998810      0.3007790      0.3016320      0.3017900      0.3017080      0.3018670      0.3023700      0.3021950      0.3020130      0.3016500      0.3012730      0.3008870      0.3010840      0.3013500      0.3009300      0.3005000      0.3000700      0.2996200      0.2991600      0.2987000      0.2982200      0.2977400      0.2972500      0.2967500    
  0.2995000      0.2994960      0.2994910      0.2996200      0.2999000      0.2998900      0.3008120      0.3017110      0.3017900      0.3017490      0.3019340      0.3023700      0.3022830      0.3021930      0.3019530      0.3016460      0.3012700      0.3015640      0.3019750      0.3026000      0.3021900      0.3017600      0.3013200      0.3008800      0.3004200      0.2999600      0.2994800      0.2990000      0.2985100      0.2980100    
  0.2994980      0.2994960      0.2996270      0.2999000      0.2998950      0.3008290      0.3017510      0.3017900      0.3017690      0.3019610      0.3023700      0.3023260      0.3022820      0.3021430      0.3019300      0.3016230      0.3018730      0.3022880      0.3026000      0.3027430      0.3034400      0.3030100      0.3025800      0.3021300      0.3016700      0.3012100      0.3007400      0.3002500      0.2997600      0.2992600    
  0.2994980      0.2996300      0.2999000      0.2998980      0.3008370      0.3017700      0.3017900      0.3017800      0.3019730      0.3023700      0.3023480      0.3023260      0.3022500      0.3021180      0.3018990      0.3028350      0.3024440      0.3026000      0.3041400      0.3046800      0.3044260      0.3042600      0.3038200      0.3033800      0.3029200      0.3024600      0.3019800      0.3015000      0.3010100      0.3005100    
  0.2996320      0.2999000      0.2998990      0.3008410      0.3017800      0.3017900      0.3017850      0.3019780      0.3023700      0.3023590      0.3023480      0.3023080      0.3022320      0.3047740      0.3060140      0.3063040      0.3063050      0.3061980      0.3061220      0.3065350      0.3059200      0.3055000      0.3050600      0.3046200      0.3041700      0.3037000      0.3032300      0.3027500      0.3022500      0.3017500    
  0.2999000      0.2998990      0.3008430      0.3017850      0.3017900      0.3017870      0.3019810      0.3023700      0.3023650      0.3023590      0.3023380      0.3022960      0.3070170      0.3128680      0.3128300      0.3101010      0.3101620      0.3100100      0.3081210      0.3071500      0.3071500      0.3067300      0.3063000      0.3058600      0.3054000      0.3049400      0.3044700      0.3039800      0.3034900      0.3029900    
  0.2999000      0.3008440      0.3017880      0.3017900      0.3017890      0.3019820      0.3023700      0.3023670      0.3023650      0.3023540      0.3081230      0.3168100      0.3142130      0.3129060      0.3129060      0.3128300      0.3111070      0.3103150      0.3100100      0.3087870      0.3083800      0.3079600      0.3075300      0.3070900      0.3066300      0.3061700      0.3057000      0.3052200      0.3047200      0.3042200    
  0.3008440      0.3017890      0.3017900      0.3017890      0.3019830      0.3023700      0.3023690      0.3023670      0.3023620      0.3092920      0.3168100      0.3168100      0.3168100      0.3142690      0.3129810      0.3129810      0.3128300      0.3112720      0.3106200      0.3100100      0.3096100      0.3091900      0.3087500      0.3083100      0.3078600      0.3074000      0.3069200      0.3064400      0.3059500      0.3054500    
  0.3017890      0.3017900      0.3017900      0.3019830      0.3023700      0.3023690      0.3023690      0.3075290      0.3121240      0.3168130      0.3168100      0.3168100      0.3168100      0.3168100      0.3143780      0.3131320      0.3131330      0.3128300      0.3116280      0.3112300      0.3108200      0.3104000      0.3099700      0.3095300      0.3090800      0.3086200      0.3081400      0.3076600      0.3071700      0.3066700    
  0.3017900      0.3017900      0.3019830      0.3023700      0.3023700      0.3112260      0.3245100      0.3237650      0.3230200      0.3188890      0.3168200      0.3168100      0.3168100      0.3168100      0.3168100      0.3145890      0.3134340      0.3134350      0.3128300      0.3124400      0.3120300      0.3116200      0.3111900      0.3107500      0.3102900      0.3098300      0.3093600      0.3088800      0.3083800      0.3078800    
  0.3017900      0.3019830      0.3023700      0.3023700      0.3129990      0.3245120      0.3245120      0.3245100      0.3237650      0.3230200      0.3189050      0.3168390      0.3168100      0.3168100      0.3168100      0.3168100      0.3149780      0.3140370      0.3140400      0.3136500      0.3132400      0.3128200      0.3123900      0.3119500      0.3115000      0.3110400      0.3105700      0.3100800      0.3095900      0.3090900    
