iMOD/TUTORIALS/TUT_MetaswapAnalyser/model_MetaSWAP/meteo/Evaporation/Evaporation_20050328_L1.ASC
NCOLS                30
NROWS                30
XLLCORNER     160000.00
YLLCORNER     340000.00
CELLSIZE        1000.00
NODATA_VALUE   -9999.00
  0.8940200      0.9017500      0.9095500      0.9173900      0.9252700      0.9331600      0.9410600      0.9489600      0.9568300      0.9646600      0.9724500      0.9801800      0.9878400      0.9954100       1.002900       1.010290       1.017570       1.024730       1.031780       1.038690       1.045470       1.052120       1.058620       1.064970       1.071180       1.077230       1.083130       1.088870       1.094450       1.099880    
  0.8969700      0.9046400      0.9123600      0.9201200      0.9279200      0.9357300      0.9435600      0.9513700      0.9591600      0.9669200      0.9746400      0.9823000      0.9898900      0.9974000       1.004830       1.012160       1.019390       1.026510       1.033510       1.040380       1.047130       1.053740       1.060210       1.066540       1.072730       1.078760       1.084640       1.090380       1.095950       1.101380    
  0.9000000      0.9075900      0.9152400      0.9229300      0.9306500      0.9383900      0.9461300      0.9538700      0.9615900      0.9692700      0.9769200      0.9845100      0.9920300      0.9994800       1.006850       1.014130       1.021310       1.028370       1.035330       1.042160       1.048870       1.055450       1.061890       1.068190       1.074350       1.080370       1.086230       1.091950       1.097520       1.102940    
  0.9030900      0.9106100      0.9181900      0.9258100      0.9334500      0.9411200      0.9487900      0.9564500      0.9640900      0.9717100      0.9792800      0.9868000      0.9942600       1.001650       1.008960       1.016180       1.023300       1.030320       1.037230       1.044020       1.050690       1.057230       1.063640       1.069920       1.076050       1.082050       1.087900       1.093600       1.099150       1.104560    
  0.9062400      0.9137000      0.9212100      0.9287600      0.9363300      0.9439200      0.9515200      0.9591100      0.9666800      0.9742200      0.9817200      0.9891800      0.9965800       1.003900       1.011150       1.018320       1.025390       1.032360       1.039220       1.045970       1.052590       1.059100       1.065480       1.071720       1.077830       1.083800       1.089630       1.095310       1.100860       1.106250    
  0.9094500      0.9168500      0.9242900      0.9317700      0.9392700      0.9467900      0.9543200      0.9618400      0.9693400      0.9768100      0.9842500      0.9916400      0.9989700       1.006230       1.013420       1.020530       1.027550       1.034470       1.041280       1.047990       1.054570       1.061040       1.067380       1.073600       1.079680       1.085620       1.091430       1.097100       1.102620       1.108000    
  0.9127200      0.9200500      0.9274300      0.9348400      0.9422800      0.9497300      0.9571900      0.9646400      0.9720700      0.9794700      0.9868400      0.9941700       1.001440       1.008640       1.015770       1.022820       1.029790       1.036660       1.043420       1.050080       1.056630       1.063060       1.069370       1.075550       1.081600       1.087520       1.093300       1.098940       1.104450       1.109820    
  0.9160400      0.9233100      0.9306300      0.9379800      0.9453500      0.9527300      0.9601200      0.9675000      0.9748700      0.9822100      0.9895100      0.9967700       1.003980       1.011120       1.018200       1.025190       1.032100       1.038920       1.045640       1.052250       1.058760       1.065150       1.071420       1.077560       1.083590       1.089480       1.095230       1.100860       1.106340       1.111690    
  0.9194000      0.9266200      0.9338800      0.9411600      0.9484700      0.9557900      0.9631100      0.9704300      0.9777300      0.9850100      0.9922500      0.9994400       1.006590       1.013670       1.020690       1.027630       1.034490       1.041250       1.047930       1.054500       1.060960       1.067310       1.073540       1.079650       1.085640       1.091500       1.097230       1.102830       1.108300       1.113630    
  0.9228200      0.9299800      0.9371800      0.9444000      0.9516500      0.9589100      0.9661700      0.9734200      0.9806500      0.9878700      0.9950400       1.002180       1.009270       1.016290       1.023250       1.030140       1.036940       1.043660       1.050280       1.056810       1.063220       1.069530       1.075730       1.081800       1.087760       1.093590       1.099290       1.104870       1.110310       1.115620    
  0.9228330      0.9299930      0.9398120      0.9476900      0.9548800      0.9620700      0.9692700      0.9764600      0.9836400      0.9907900      0.9979000       1.004980       1.012010       1.018970       1.025880       1.032710       1.039460       1.046130       1.052700       1.059180       1.065560       1.071820       1.077980       1.084020       1.089940       1.095740       1.101420       1.106960       1.112380       1.117670    
  0.9228480      0.9350820      0.9476900      0.9555480      0.9581500      0.9652900      0.9724300      0.9795600      0.9866700      0.9937600       1.000820       1.007840       1.014810       1.021720       1.028570       1.035340       1.042050       1.048660       1.055190       1.061620       1.067950       1.074180       1.080300       1.086300       1.092190       1.097950       1.103600       1.109120       1.114510       1.119780    
  0.9303390      0.9476900      0.9561290      0.9598100      0.9614700      0.9685500      0.9756300      0.9827000      0.9897600      0.9967900       1.003790       1.010750       1.017660       1.024520       1.031310       1.038040       1.044690       1.051260       1.057740       1.064120       1.070410       1.076600       1.082670       1.088640       1.094490       1.100220       1.105840       1.111330       1.116690       1.121940    
  0.9476900      0.9564820      0.9606400      0.9614700      0.9672930      0.9718600      0.9788800      0.9859000      0.9928900      0.9998700       1.006810       1.013720       1.020570       1.027380       1.034120       1.040790       1.047390       1.053910       1.060340       1.066680       1.072930       1.079070       1.085110       1.091030       1.096850       1.102550       1.108130       1.113590       1.118930       1.124150    
  0.9566740      0.9610550      0.9614700      0.9668740      0.9718600      0.9776370      0.9821700      0.9891300      0.9960800       1.003000       1.009880       1.016730       1.023540       1.030290       1.036970       1.043600       1.050150       1.056620       1.063000       1.069300       1.075500       1.081600       1.087600       1.093490       1.099270       1.104930       1.110480       1.115910       1.121220       1.126410    
  0.9612630      0.9614700      0.9667350      0.9718600      0.9772220      0.9821700      0.9856500      0.9891270      0.9985950       1.006170       1.013000       1.019800       1.026550       1.033240       1.039880       1.046450       1.052950       1.059380       1.065720       1.071970       1.078120       1.084180       1.090140       1.095990       1.101730       1.107360       1.112880       1.118280       1.123560       1.128720    
  0.9614700      0.9666880      0.9718600      0.9770840      0.9821700      0.9839100      0.9856490      0.9948850       1.006170       1.009590       1.017580       1.022900       1.029600       1.036250       1.042840       1.049360       1.055810       1.062190       1.068480       1.074690       1.080800       1.086820       1.092730       1.098550       1.104250       1.109840       1.115330       1.120690       1.125940       1.131070    
  0.9666730      0.9718600      0.9770380      0.9821700      0.9830400      0.9839100      0.9926540       1.006170       1.007880       1.016770       1.024470       1.026050       1.032700       1.039300       1.045840       1.052310       1.058720       1.065040       1.071290       1.077450       1.083520       1.089500       1.095380       1.101150       1.106820       1.112370       1.117820       1.123150       1.128370       1.133470    
  0.9718600      0.9770230      0.9821700      0.9826050      0.9830400      0.9914430       1.006170       1.007020       1.016430       1.025260       1.026050       1.029370       1.035110       1.042390       1.048880       1.055310       1.061660       1.067950       1.074150       1.080270       1.086300       1.092230       1.098060       1.103800       1.109430       1.114950       1.120360       1.125660       1.130850       1.135920    
  0.9770180      0.9821700      0.9823870      0.9826050      0.9908150       1.006170       1.006600       1.016270       1.025660       1.026050       1.027710       1.033230       1.042390       1.045630       1.048860       1.055280       1.061640       1.067920       1.078300       1.083120       1.089110       1.095000       1.100800       1.106490       1.112080       1.117570       1.122940       1.128210       1.133360       1.138400    
  0.9821700      0.9822790      0.9823870      0.9904940       1.006170       1.006380       1.016190       1.025850       1.026050       1.026880       1.032350       1.042390       1.044010       1.045630       1.049930       1.055260       1.061610       1.075690       1.084570       1.086020       1.091970       1.097820       1.103570       1.109230       1.114780       1.120230       1.125570       1.130800       1.135920       1.140920    
  0.9822240      0.9822790      0.9903330       1.006170       1.006280       1.016150       1.025950       1.026050       1.026470       1.031920       1.042390       1.043200       1.044010       1.046520       1.050270       1.055600       1.072780       1.085290       1.086020       1.090950       1.094860       1.100670       1.106380       1.112000       1.117510       1.122920       1.128230       1.133420       1.138510       1.143480    
  0.9822240      0.9902510       1.006170       1.006220       1.016130       1.026000       1.026050       1.026260       1.031710       1.042390       1.042800       1.043200       1.044580       1.046930       1.050800       1.071880       1.085660       1.086020       1.094260       1.097810       1.101270       1.103560       1.109230       1.114810       1.120290       1.125660       1.130920       1.136080       1.141130       1.146080    
  0.9902110       1.006170       1.006200       1.016120       1.026030       1.026050       1.026150       1.031600       1.042390       1.042590       1.042800       1.043520       1.044900       1.061750       1.078600       1.095080       1.095080       1.097950       1.101280       1.102250       1.100760       1.106480       1.112120       1.117660       1.123090       1.128430       1.133660       1.138780       1.143790       1.148700    
   1.006170       1.006180       1.016110       1.026040       1.026050       1.026100       1.031550       1.042390       1.042490       1.042590       1.042970       1.043740       1.071960       1.104770       1.104670       1.102250       1.104520       1.104130       1.104070       1.103760       1.103750       1.109440       1.115030       1.120530       1.125930       1.131230       1.136420       1.141500       1.146480       1.151360    
   1.006180       1.016110       1.026040       1.026050       1.026080       1.031520       1.042390       1.042440       1.042490       1.042690       1.069300       1.108600       1.106130       1.104870       1.104870       1.104670       1.104750       1.104910       1.104130       1.106120       1.106780       1.112430       1.117980       1.123440       1.128800       1.134060       1.139210       1.144260       1.149200       1.154040    
   1.016110       1.026050       1.026050       1.026060       1.031510       1.042390       1.042420       1.042440       1.042540       1.074340       1.108600       1.108600       1.108600       1.106280       1.105070       1.105070       1.104670       1.105270       1.105680       1.104130       1.109830       1.115440       1.120950       1.126370       1.131690       1.136910       1.142030       1.147040       1.151950       1.156750    
   1.026050       1.026050       1.026060       1.031500       1.042390       1.042400       1.042420       1.061670       1.083240       1.108610       1.108600       1.108600       1.108600       1.108600       1.106570       1.105470       1.105470       1.104670       1.106610       1.107240       1.112900       1.118470       1.123950       1.129330       1.134610       1.139790       1.144870       1.149850       1.154710       1.159480    
   1.026050       1.026050       1.031500       1.042390       1.042400       1.072210       1.116920       1.118110       1.119300       1.112190       1.108630       1.108600       1.108600       1.108600       1.108600       1.107160       1.106270       1.106270       1.104670       1.110380       1.116000       1.121530       1.126970       1.132310       1.137550       1.142700       1.147740       1.152670       1.157500       1.162230    
   1.026050       1.031500       1.042390       1.042390       1.078170       1.116930       1.116930       1.116920       1.118110       1.119300       1.112240       1.108680       1.108600       1.108600       1.108600       1.108600       1.108290       1.107860       1.107860       1.113530       1.119120       1.124610       1.130010       1.135310       1.140520       1.145620       1.150620       1.155520       1.160310       1.165000    
