iMOD/TUTORIALS/TUT_MetaswapAnalyser/model_MetaSWAP/meteo/Evaporation/Evaporation_20050622_L1.ASC
NCOLS                30
NROWS                30
XLLCORNER     160000.00
YLLCORNER     340000.00
CELLSIZE        1000.00
NODATA_VALUE   -9999.00
   4.696580       4.697290       4.698060       4.698870       4.699720       4.700610       4.701550       4.702520       4.703520       4.704560       4.705630       4.706740       4.707870       4.709030       4.710220       4.711430       4.712660       4.713920       4.715200       4.716500       4.717820       4.719160       4.720520       4.721890       4.723290       4.724700       4.726130       4.727570       4.729030       4.730510    
   4.701480       4.702220       4.703000       4.703840       4.704710       4.705620       4.706580       4.707570       4.708590       4.709650       4.710740       4.711860       4.713000       4.714180       4.715380       4.716600       4.717840       4.719110       4.720400       4.721700       4.723030       4.724370       4.725730       4.727100       4.728500       4.729900       4.731330       4.732760       4.734220       4.735680    
   4.706430       4.707200       4.708010       4.708860       4.709760       4.710700       4.711670       4.712680       4.713720       4.714800       4.715900       4.717030       4.718190       4.719380       4.720590       4.721820       4.723080       4.724350       4.725640       4.726950       4.728280       4.729630       4.730990       4.732360       4.733750       4.735150       4.736570       4.738000       4.739450       4.740900    
   4.711450       4.712240       4.713070       4.713950       4.714870       4.715820       4.716810       4.717840       4.718900       4.719990       4.721110       4.722260       4.723440       4.724630       4.725850       4.727100       4.728360       4.729640       4.730940       4.732250       4.733580       4.734930       4.736290       4.737660       4.739050       4.740450       4.741860       4.743280       4.744720       4.746160    
   4.716520       4.717330       4.718190       4.719090       4.720020       4.721000       4.722010       4.723060       4.724140       4.725240       4.726380       4.727540       4.728730       4.729940       4.731170       4.732420       4.733690       4.734980       4.736280       4.737600       4.738930       4.740280       4.741640       4.743010       4.744390       4.745780       4.747190       4.748600       4.750030       4.751460    
   4.721640       4.722470       4.723350       4.724270       4.725230       4.726230       4.727260       4.728320       4.729420       4.730540       4.731690       4.732870       4.734070       4.735290       4.736530       4.737790       4.739070       4.740360       4.741670       4.742990       4.744320       4.745670       4.747030       4.748400       4.749770       4.751160       4.752560       4.753960       4.755370       4.756800    
   4.726810       4.727670       4.728570       4.729510       4.730490       4.731500       4.732550       4.733630       4.734750       4.735880       4.737050       4.738240       4.739450       4.740680       4.741930       4.743200       4.744490       4.745780       4.747100       4.748420       4.749760       4.751100       4.752460       4.753820       4.755200       4.756580       4.757960       4.759360       4.760760       4.762170    
   4.732020       4.732900       4.733830       4.734790       4.735790       4.736820       4.737890       4.738990       4.740120       4.741270       4.742450       4.743650       4.744880       4.746120       4.747380       4.748660       4.749950       4.751250       4.752570       4.753890       4.755230       4.756570       4.757930       4.759290       4.760650       4.762030       4.763400       4.764790       4.766180       4.767570    
   4.737280       4.738180       4.739130       4.740110       4.741130       4.742190       4.743270       4.744390       4.745530       4.746700       4.747900       4.749110       4.750350       4.751600       4.752870       4.754150       4.755450       4.756760       4.758080       4.759400       4.760740       4.762080       4.763430       4.764790       4.766150       4.767510       4.768880       4.770250       4.771630       4.773010    
   4.742580       4.743500       4.744470       4.745480       4.746510       4.747590       4.748690       4.749830       4.750990       4.752170       4.753380       4.754600       4.755850       4.757110       4.758390       4.759680       4.760990       4.762300       4.763620       4.764950       4.766280       4.767630       4.768970       4.770320       4.771670       4.773030       4.774390       4.775750       4.777110       4.778470    
   4.742590       4.743520       4.746080       4.750880       4.751940       4.753030       4.754150       4.755300       4.756480       4.757670       4.758900       4.760140       4.761390       4.762670       4.763950       4.765250       4.766560       4.767870       4.769200       4.770530       4.771860       4.773200       4.774540       4.775890       4.777230       4.778580       4.779920       4.781270       4.782620       4.783970    
   4.742610       4.745770       4.750880       4.755770       4.757390       4.758500       4.759640       4.760810       4.762000       4.763210       4.764450       4.765700       4.766970       4.768250       4.769540       4.770850       4.772160       4.773480       4.774810       4.776140       4.777470       4.778810       4.780140       4.781480       4.782820       4.784160       4.785490       4.786820       4.788160       4.789490    
   4.745250       4.750880       4.757420       4.760130       4.762880       4.764000       4.765160       4.766350       4.767550       4.768780       4.770030       4.771300       4.772580       4.773870       4.775170       4.776480       4.777800       4.779120       4.780450       4.781780       4.783110       4.784440       4.785770       4.787100       4.788430       4.789760       4.791080       4.792400       4.793720       4.795040    
   4.750880       4.758170       4.761510       4.762880       4.765470       4.769540       4.770710       4.771920       4.773140       4.774380       4.775640       4.776920       4.778210       4.779510       4.780820       4.782140       4.783460       4.784790       4.786120       4.787450       4.788780       4.790110       4.791430       4.792750       4.794070       4.795390       4.796700       4.798000       4.799310       4.800600    
   4.758530       4.762190       4.762880       4.765960       4.769540       4.772180       4.776290       4.777510       4.778750       4.780010       4.781280       4.782570       4.783870       4.785180       4.786500       4.787820       4.789150       4.790480       4.791810       4.793140       4.794470       4.795790       4.797110       4.798430       4.799740       4.801040       4.802340       4.803630       4.804910       4.806190    
   4.762540       4.762880       4.766130       4.769540       4.772670       4.776290       4.776900       4.777520       4.780480       4.785660       4.786940       4.788240       4.789560       4.790880       4.792200       4.793530       4.794860       4.796200       4.797530       4.798860       4.800180       4.801500       4.802810       4.804120       4.805420       4.806710       4.807990       4.809270       4.810540       4.811800    
   4.762880       4.766180       4.769540       4.772830       4.776290       4.776600       4.776900       4.780140       4.785660       4.786300       4.790890       4.793940       4.795260       4.796590       4.797920       4.799260       4.800600       4.801930       4.803260       4.804590       4.805910       4.807230       4.808540       4.809830       4.811120       4.812400       4.813670       4.814930       4.816180       4.817420    
   4.766200       4.769540       4.772890       4.776290       4.776440       4.776600       4.779820       4.785660       4.785980       4.791860       4.796790       4.799650       4.800990       4.802320       4.803670       4.805010       4.806350       4.807690       4.809020       4.810350       4.811670       4.812980       4.814270       4.815560       4.816840       4.818110       4.819360       4.820600       4.821830       4.823050    
   4.769540       4.772910       4.776290       4.776370       4.776440       4.779630       4.785660       4.785820       4.792270       4.798220       4.799650       4.800320       4.802760       4.808070       4.809420       4.810770       4.812120       4.813460       4.814790       4.816120       4.817430       4.818740       4.820030       4.821310       4.822570       4.823820       4.825060       4.826290       4.827500       4.828700    
   4.772910       4.776290       4.776330       4.776370       4.779520       4.785660       4.785740       4.792470       4.798940       4.799650       4.799980       4.802700       4.808070       4.808750       4.809420       4.810770       4.812120       4.813460       4.818790       4.821900       4.823210       4.824510       4.825800       4.827060       4.828320       4.829560       4.830780       4.831990       4.833180       4.834360    
   4.776290       4.776310       4.776330       4.779470       4.785660       4.785700       4.792560       4.799290       4.799650       4.799820       4.802600       4.808070       4.808410       4.808750       4.809650       4.810770       4.812110       4.819370       4.824800       4.827700       4.829000       4.830300       4.831570       4.832830       4.834070       4.835300       4.836500       4.837690       4.838860       4.840020    
   4.776300       4.776310       4.779440       4.785660       4.785680       4.792610       4.799470       4.799650       4.799730       4.802540       4.808070       4.808240       4.808410       4.808930       4.809720       4.810840       4.819240       4.826250       4.827700       4.830500       4.834800       4.836090       4.837360       4.838610       4.839840       4.841040       4.842230       4.843400       4.844550       4.845690    
   4.776300       4.779430       4.785660       4.785670       4.792630       4.799560       4.799650       4.799690       4.802500       4.808070       4.808150       4.808240       4.808530       4.809020       4.809830       4.822380       4.826970       4.827700       4.837030       4.840610       4.841380       4.841890       4.843150       4.844390       4.845600       4.846800       4.847970       4.849120       4.850250       4.851350    
   4.779420       4.785660       4.785660       4.792640       4.799610       4.799650       4.799670       4.802480       4.808070       4.808110       4.808150       4.808310       4.808600       4.825050       4.836870       4.845130       4.845130       4.846100       4.847390       4.849330       4.846420       4.847690       4.848940       4.850170       4.851370       4.852550       4.853700       4.854830       4.855940       4.857020    
   4.785660       4.785660       4.792650       4.799630       4.799650       4.799660       4.802470       4.808070       4.808090       4.808110       4.808190       4.808350       4.837640       4.873020       4.872840       4.862000       4.863290       4.862560       4.855820       4.852230       4.852230       4.853500       4.854740       4.855950       4.857140       4.858300       4.859440       4.860550       4.861630       4.862690    
   4.785660       4.792650       4.799640       4.799650       4.799660       4.802460       4.808070       4.808080       4.808090       4.808130       4.840440       4.888770       4.878420       4.873200       4.873200       4.872840       4.866750       4.864010       4.862560       4.859170       4.858040       4.859300       4.860530       4.861740       4.862910       4.864050       4.865170       4.866250       4.867310       4.868350    
   4.792650       4.799640       4.799650       4.799650       4.802460       4.808070       4.808080       4.808080       4.808100       4.846840       4.888770       4.888770       4.888770       4.878690       4.873560       4.873560       4.872840       4.867580       4.865460       4.862560       4.863840       4.865100       4.866320       4.867510       4.868670       4.869800       4.870890       4.871960       4.872990       4.874000    
   4.799650       4.799650       4.799650       4.802460       4.808070       4.808070       4.808080       4.834960       4.860860       4.888790       4.888770       4.888770       4.888770       4.888770       4.879210       4.874280       4.874280       4.872840       4.869480       4.868360       4.869640       4.870890       4.872100       4.873280       4.874420       4.875530       4.876600       4.877650       4.878660       4.879640    
   4.799650       4.799650       4.802460       4.808070       4.808070       4.852690       4.919620       4.917600       4.915580       4.897750       4.888820       4.888770       4.888770       4.888770       4.888770       4.880230       4.875730       4.875730       4.872840       4.874150       4.875430       4.876670       4.877870       4.879040       4.880160       4.881250       4.882310       4.883320       4.884310       4.885260    
   4.799650       4.802460       4.808070       4.808070       4.861620       4.919630       4.919630       4.919620       4.917600       4.915580       4.897830       4.888910       4.888770       4.888770       4.888770       4.888770       4.882150       4.878610       4.878620       4.879930       4.881200       4.882440       4.883630       4.884780       4.885890       4.886960       4.887990       4.888990       4.889950       4.890870    
