iMOD/TUTORIALS/TUT_MetaswapAnalyser/model_MetaSWAP/meteo/Evaporation/Evaporation_20060722_L1.ASC
NCOLS                30
NROWS                30
XLLCORNER     160000.00
YLLCORNER     340000.00
CELLSIZE        1000.00
NODATA_VALUE   -9999.00
   3.054530       3.052730       3.051050       3.049500       3.048070       3.046770       3.045580       3.044510       3.043540       3.042690       3.041940       3.041290       3.040740       3.040290       3.039930       3.039670       3.039490       3.039400       3.039390       3.039460       3.039620       3.039850       3.040160       3.040540       3.041000       3.041520       3.042120       3.042780       3.043500       3.044290    
   3.058860       3.057070       3.055400       3.053860       3.052430       3.051120       3.049930       3.048850       3.047880       3.047020       3.046260       3.045600       3.045040       3.044580       3.044210       3.043930       3.043730       3.043630       3.043600       3.043660       3.043800       3.044010       3.044300       3.044670       3.045100       3.045610       3.046180       3.046820       3.047520       3.048280    
   3.063210       3.061430       3.059780       3.058240       3.056820       3.055510       3.054320       3.053240       3.052260       3.051390       3.050620       3.049960       3.049380       3.048910       3.048520       3.048230       3.048020       3.047900       3.047860       3.047900       3.048020       3.048220       3.048490       3.048830       3.049240       3.049730       3.050280       3.050900       3.051580       3.052320    
   3.067580       3.065820       3.064180       3.062650       3.061230       3.059930       3.058740       3.057650       3.056670       3.055800       3.055020       3.054340       3.053760       3.053270       3.052880       3.052570       3.052350       3.052210       3.052150       3.052180       3.052280       3.052460       3.052710       3.053030       3.053430       3.053890       3.054420       3.055010       3.055670       3.056390    
   3.071970       3.070230       3.068600       3.067080       3.065670       3.064370       3.063180       3.062090       3.061110       3.060230       3.059450       3.058760       3.058170       3.057670       3.057260       3.056940       3.056710       3.056550       3.056480       3.056490       3.056570       3.056730       3.056970       3.057270       3.057650       3.058090       3.058600       3.059170       3.059810       3.060500    
   3.076380       3.074650       3.073040       3.071530       3.070130       3.068840       3.067650       3.066560       3.065580       3.064690       3.063900       3.063210       3.062610       3.062100       3.061680       3.061350       3.061100       3.060930       3.060840       3.060840       3.060900       3.061050       3.061260       3.061550       3.061900       3.062320       3.062810       3.063360       3.063980       3.064650    
   3.080800       3.079100       3.077500       3.076000       3.074610       3.073320       3.072140       3.071050       3.070070       3.069180       3.068390       3.067690       3.067080       3.066560       3.066130       3.065780       3.065520       3.065340       3.065240       3.065220       3.065270       3.065390       3.065590       3.065850       3.066190       3.066590       3.067060       3.067590       3.068180       3.068830    
   3.085230       3.083550       3.081970       3.080490       3.079110       3.077830       3.076650       3.075560       3.074580       3.073690       3.072890       3.072190       3.071570       3.071050       3.070610       3.070250       3.069970       3.069780       3.069660       3.069620       3.069660       3.069770       3.069950       3.070190       3.070510       3.070890       3.071340       3.071850       3.072420       3.073040    
   3.089680       3.088020       3.086450       3.084990       3.083620       3.082350       3.081170       3.080090       3.079110       3.078220       3.077420       3.076710       3.076090       3.075560       3.075110       3.074740       3.074450       3.074250       3.074120       3.074060       3.074080       3.074170       3.074330       3.074560       3.074860       3.075220       3.075650       3.076130       3.076680       3.077290    
   3.094130       3.092490       3.090950       3.089500       3.088140       3.086880       3.085710       3.084640       3.083660       3.082770       3.081970       3.081250       3.080630       3.080090       3.079630       3.079250       3.078960       3.078740       3.078590       3.078520       3.078530       3.078600       3.078750       3.078960       3.079240       3.079580       3.079980       3.080450       3.080980       3.081560    
   3.094160       3.092520       3.091740       3.094020       3.092680       3.091430       3.090270       3.089200       3.088220       3.087330       3.086530       3.085820       3.085190       3.084640       3.084170       3.083790       3.083480       3.083250       3.083090       3.083010       3.083000       3.083060       3.083190       3.083380       3.083640       3.083960       3.084350       3.084800       3.085300       3.085860    
   3.094190       3.093110       3.094020       3.096420       3.097220       3.095980       3.094830       3.093770       3.092800       3.091910       3.091110       3.090390       3.089760       3.089210       3.088740       3.088340       3.088030       3.087780       3.087620       3.087520       3.087500       3.087540       3.087650       3.087830       3.088070       3.088380       3.088740       3.089170       3.089650       3.090190    
   3.094310       3.094020       3.097930       3.099490       3.101770       3.100540       3.099410       3.098350       3.097390       3.096500       3.095700       3.094990       3.094350       3.093790       3.093320       3.092910       3.092590       3.092340       3.092160       3.092050       3.092010       3.092040       3.092140       3.092300       3.092520       3.092810       3.093160       3.093560       3.094020       3.094550    
   3.094020       3.098590       3.100630       3.101770       3.102480       3.105120       3.103990       3.102940       3.101980       3.101100       3.100310       3.099590       3.098950       3.098390       3.097910       3.097500       3.097170       3.096910       3.096720       3.096600       3.096550       3.096560       3.096640       3.096790       3.097000       3.097260       3.097590       3.097980       3.098420       3.098920    
   3.098890       3.101200       3.101770       3.103120       3.105120       3.105900       3.108580       3.107540       3.106590       3.105710       3.104920       3.104200       3.103570       3.103000       3.102520       3.102110       3.101770       3.101500       3.101300       3.101170       3.101100       3.101100       3.101170       3.101300       3.101490       3.101740       3.102050       3.102420       3.102840       3.103320    
   3.101490       3.101770       3.103340       3.105120       3.106530       3.108580       3.108060       3.107570       3.107540       3.110330       3.109540       3.108830       3.108190       3.107630       3.107140       3.106720       3.106370       3.106100       3.105890       3.105750       3.105670       3.105660       3.105710       3.105830       3.106000       3.106230       3.106530       3.106880       3.107280       3.107740    
   3.101770       3.103410       3.105120       3.106740       3.108580       3.108320       3.108070       3.108380       3.110330       3.109940       3.112050       3.113460       3.112820       3.112260       3.111770       3.111350       3.110990       3.110710       3.110490       3.110340       3.110260       3.110230       3.110270       3.110370       3.110530       3.110750       3.111020       3.111350       3.111740       3.112180    
   3.103430       3.105120       3.106810       3.108580       3.108450       3.108320       3.108770       3.110330       3.110130       3.113240       3.115780       3.118100       3.117460       3.116900       3.116410       3.115980       3.115620       3.115340       3.115110       3.114950       3.114850       3.114820       3.114840       3.114930       3.115070       3.115270       3.115530       3.115840       3.116210       3.116630    
   3.105120       3.106840       3.108580       3.108520       3.108450       3.108970       3.110330       3.110230       3.113750       3.116940       3.118100       3.117780       3.118500       3.121550       3.121050       3.120630       3.120260       3.119970       3.119740       3.119570       3.119460       3.119420       3.119430       3.119500       3.119630       3.119820       3.120060       3.120350       3.120700       3.121100    
   3.106850       3.108580       3.108550       3.108520       3.109070       3.110330       3.110280       3.113990       3.117520       3.118100       3.117940       3.118980       3.121550       3.121300       3.121080       3.120650       3.120290       3.119990       3.122460       3.124200       3.124080       3.124020       3.124030       3.124080       3.124200       3.124370       3.124590       3.124870       3.125200       3.125580    
   3.108580       3.108560       3.108550       3.109110       3.110330       3.110310       3.114100       3.117810       3.118100       3.118020       3.119140       3.121550       3.121430       3.121310       3.121010       3.120670       3.120310       3.123620       3.126510       3.128830       3.128710       3.128640       3.128630       3.128680       3.128780       3.128940       3.129140       3.129410       3.129720       3.130080    
   3.108570       3.108560       3.109140       3.110330       3.110320       3.114160       3.117950       3.118100       3.118060       3.119200       3.121550       3.121490       3.121430       3.121250       3.121000       3.120660       3.124220       3.127670       3.128830       3.130290       3.133340       3.133270       3.133250       3.133280       3.133370       3.133510       3.133710       3.133950       3.134250       3.134590    
   3.108570       3.109150       3.110330       3.110320       3.114190       3.118030       3.118100       3.118080       3.119230       3.121550       3.121520       3.121490       3.121390       3.121220       3.120970       3.127380       3.128250       3.128830       3.135520       3.137980       3.137940       3.137900       3.137870       3.137890       3.137970       3.138100       3.138280       3.138510       3.138780       3.139110    
   3.109160       3.110330       3.110330       3.114200       3.118060       3.118100       3.118090       3.119240       3.121550       3.121530       3.121520       3.121460       3.121370       3.132460       3.139230       3.142790       3.142790       3.143000       3.143410       3.144960       3.142630       3.142540       3.142500       3.142510       3.142570       3.142690       3.142850       3.143070       3.143330       3.143640    
   3.110330       3.110330       3.114210       3.118080       3.118100       3.118090       3.119250       3.121550       3.121540       3.121530       3.121510       3.121450       3.141650       3.166420       3.166270       3.156720       3.157320       3.156740       3.150530       3.147280       3.147280       3.147180       3.147130       3.147130       3.147190       3.147290       3.147440       3.147640       3.147880       3.148180    
   3.110330       3.114210       3.118090       3.118100       3.118100       3.119250       3.121550       3.121550       3.121540       3.121530       3.145090       3.180470       3.171220       3.166560       3.166560       3.166270       3.160520       3.157910       3.156740       3.153130       3.151930       3.151820       3.151770       3.151760       3.151800       3.151890       3.152030       3.152210       3.152440       3.152720    
   3.114210       3.118100       3.118100       3.118100       3.119250       3.121550       3.121550       3.121550       3.121540       3.149820       3.180470       3.180470       3.180470       3.171430       3.166850       3.166850       3.166270       3.161170       3.159070       3.156740       3.156580       3.156470       3.156400       3.156390       3.156420       3.156500       3.156620       3.156790       3.157010       3.157270    
   3.118100       3.118100       3.118100       3.119250       3.121550       3.121550       3.121550       3.142110       3.160910       3.180480       3.180470       3.180470       3.180470       3.180470       3.171860       3.167430       3.167430       3.166270       3.162620       3.161400       3.161230       3.161110       3.161040       3.161020       3.161040       3.161110       3.161220       3.161380       3.161580       3.161820    
   3.118100       3.118100       3.119250       3.121550       3.121550       3.156410       3.208690       3.206250       3.203810       3.188280       3.180510       3.180470       3.180470       3.180470       3.180470       3.172670       3.168590       3.168590       3.166270       3.166050       3.165880       3.165760       3.165680       3.165650       3.165660       3.165720       3.165820       3.165960       3.166150       3.166380    
   3.118100       3.119250       3.121550       3.121550       3.163380       3.208700       3.208700       3.208690       3.206250       3.203810       3.188350       3.180580       3.180470       3.180470       3.180470       3.180470       3.174190       3.170920       3.170920       3.170700       3.170530       3.170400       3.170320       3.170280       3.170280       3.170330       3.170420       3.170550       3.170720       3.170930    
