iMOD/TUTORIALS/TUT_MetaswapAnalyser/model_MetaSWAP/meteo/Evaporation/Evaporation_20050225_L1.ASC
NCOLS                30
NROWS                30
XLLCORNER     160000.00
YLLCORNER     340000.00
CELLSIZE        1000.00
NODATA_VALUE   -9999.00
  0.9433300      0.9408500      0.9383100      0.9357100      0.9330500      0.9303300      0.9275600      0.9247300      0.9218600      0.9189300      0.9159600      0.9129400      0.9098800      0.9067800      0.9036300      0.9004500      0.8972300      0.8939700      0.8906800      0.8873500      0.8840000      0.8806100      0.8771900      0.8737500      0.8702800      0.8667800      0.8632600      0.8597200      0.8561600      0.8525700    
  0.9457700      0.9433000      0.9407600      0.9381600      0.9355100      0.9328000      0.9300300      0.9272100      0.9243500      0.9214300      0.9184700      0.9154600      0.9124000      0.9093100      0.9061700      0.9030000      0.8997900      0.8965400      0.8932600      0.8899400      0.8866000      0.8832200      0.8798100      0.8763800      0.8729200      0.8694400      0.8659300      0.8624000      0.8588400      0.8552700    
  0.9481900      0.9457200      0.9431800      0.9405900      0.9379400      0.9352300      0.9324800      0.9296700      0.9268000      0.9239000      0.9209400      0.9179400      0.9149000      0.9118100      0.9086900      0.9055200      0.9023200      0.8990800      0.8958100      0.8925100      0.8891700      0.8858000      0.8824100      0.8789900      0.8755400      0.8720600      0.8685700      0.8650500      0.8615100      0.8579500    
  0.9505900      0.9481100      0.9455800      0.9429900      0.9403500      0.9376500      0.9348900      0.9320900      0.9292400      0.9263400      0.9233900      0.9204000      0.9173600      0.9142900      0.9111700      0.9080200      0.9048200      0.9016000      0.8983400      0.8950400      0.8917200      0.8883600      0.8849800      0.8815700      0.8781300      0.8746700      0.8711800      0.8676800      0.8641500      0.8606000    
  0.9529600      0.9504900      0.9479600      0.9453700      0.9427300      0.9400300      0.9372900      0.9344900      0.9316500      0.9287500      0.9258100      0.9228300      0.9198000      0.9167400      0.9136300      0.9104900      0.9073100      0.9040900      0.9008400      0.8975600      0.8942400      0.8909000      0.8875200      0.8841200      0.8807000      0.8772500      0.8737800      0.8702800      0.8667600      0.8632200    
  0.9553100      0.9528400      0.9503100      0.9477200      0.9450900      0.9424000      0.9396600      0.9368700      0.9340300      0.9311400      0.9282100      0.9252400      0.9222200      0.9191600      0.9160700      0.9129300      0.9097600      0.9065600      0.9033200      0.9000400      0.8967400      0.8934100      0.8900500      0.8866600      0.8832400      0.8798100      0.8763400      0.8728600      0.8693500      0.8658300    
  0.9576400      0.9551600      0.9526400      0.9500600      0.9474200      0.9447400      0.9420100      0.9392200      0.9363900      0.9335100      0.9305900      0.9276200      0.9246200      0.9215700      0.9184800      0.9153500      0.9121900      0.9090000      0.9057700      0.9025100      0.8992200      0.8958900      0.8925400      0.8891700      0.8857700      0.8823400      0.8788900      0.8754200      0.8719200      0.8684100    
  0.9599400      0.9574700      0.9549500      0.9523700      0.9497400      0.9470600      0.9443300      0.9415500      0.9387300      0.9358600      0.9329400      0.9299800      0.9269900      0.9239500      0.9208700      0.9177500      0.9146000      0.9114200      0.9082000      0.9049500      0.9016700      0.8983600      0.8950200      0.8916600      0.8882700      0.8848500      0.8814100      0.8779500      0.8744700      0.8709700    
  0.9622300      0.9597600      0.9572400      0.9546600      0.9520400      0.9493600      0.9466400      0.9438600      0.9410400      0.9381800      0.9352700      0.9323200      0.9293300      0.9263000      0.9232400      0.9201300      0.9169900      0.9138200      0.9106100      0.9073700      0.9041000      0.9008000      0.8974700      0.8941200      0.8907400      0.8873400      0.8839100      0.8804700      0.8770000      0.8735100    
  0.9645000      0.9620300      0.9595100      0.9569300      0.9543100      0.9516400      0.9489200      0.9461500      0.9433400      0.9404900      0.9375900      0.9346400      0.9316600      0.9286400      0.9255800      0.9224900      0.9193600      0.9161900      0.9130000      0.9097700      0.9065100      0.9032200      0.8999100      0.8965700      0.8932000      0.8898100      0.8864000      0.8829600      0.8795100      0.8760300    
  0.9644830      0.9620130      0.9594150      0.9591900      0.9565700      0.9539000      0.9511900      0.9484200      0.9456200      0.9427700      0.9398800      0.9369400      0.9339700      0.9309600      0.9279100      0.9248200      0.9217000      0.9185500      0.9153600      0.9121400      0.9089000      0.9056200      0.9023200      0.8989900      0.8956400      0.8922600      0.8888600      0.8854300      0.8819900      0.8785300    
  0.9644660      0.9612750      0.9591900      0.9589000      0.9588100      0.9561400      0.9534300      0.9506800      0.9478800      0.9450300      0.9421500      0.9392200      0.9362600      0.9332600      0.9302200      0.9271400      0.9240300      0.9208800      0.9177100      0.9145000      0.9112700      0.9080000      0.9047100      0.9013900      0.8980500      0.8946900      0.8913000      0.8878900      0.8844600      0.8810100    
  0.9629530      0.9591900      0.9597600      0.9599200      0.9610300      0.9583700      0.9556600      0.9529100      0.9501200      0.9472800      0.9444000      0.9414900      0.9385300      0.9355300      0.9325000      0.9294400      0.9263400      0.9232000      0.9200400      0.9168400      0.9136200      0.9103600      0.9070800      0.9037800      0.9004500      0.8971000      0.8937200      0.8903200      0.8869000      0.8834700    
  0.9591900      0.9601140      0.9604750      0.9610300      0.9599930      0.9605800      0.9578800      0.9551300      0.9523400      0.9495100      0.9466400      0.9437300      0.9407800      0.9378000      0.9347700      0.9317200      0.9286200      0.9255000      0.9223500      0.9191600      0.9159500      0.9127100      0.9094400      0.9061400      0.9028300      0.8994900      0.8961200      0.8927400      0.8893300      0.8859100    
  0.9602720      0.9607520      0.9610300      0.9605340      0.9605800      0.9595130      0.9600800      0.9573300      0.9545500      0.9517300      0.9488600      0.9459600      0.9430200      0.9400400      0.9370300      0.9339800      0.9309000      0.9277800      0.9246400      0.9214600      0.9182600      0.9150300      0.9117700      0.9084900      0.9051900      0.9018600      0.8985100      0.8951400      0.8917400      0.8883300    
  0.9608910      0.9610300      0.9607150      0.9605800      0.9600580      0.9600800      0.9587050      0.9573200      0.9543830      0.9539200      0.9510700      0.9481700      0.9452400      0.9422700      0.9392600      0.9362200      0.9331500      0.9300500      0.9269100      0.9237500      0.9205600      0.9173400      0.9140900      0.9108200      0.9075300      0.9042100      0.9008700      0.8975200      0.8941400      0.8907400    
  0.9610300      0.9607750      0.9605800      0.9602390      0.9600800      0.9593930      0.9587020      0.9560820      0.9539200      0.9524950      0.9512160      0.9503700      0.9474400      0.9444800      0.9414800      0.9384500      0.9353900      0.9322900      0.9291700      0.9260200      0.9228400      0.9196300      0.9164000      0.9131400      0.9098600      0.9065500      0.9032300      0.8998800      0.8965100      0.8931300    
  0.9607950      0.9605800      0.9603000      0.9600800      0.9597360      0.9593910      0.9570240      0.9539200      0.9532070      0.9523280      0.9514600      0.9525500      0.9496300      0.9466700      0.9436900      0.9406600      0.9376100      0.9345300      0.9314100      0.9282700      0.9251000      0.9219000      0.9186800      0.9154400      0.9121700      0.9088700      0.9055600      0.9022300      0.8988700      0.8955000    
  0.9605800      0.9603200      0.9600800      0.9599080      0.9597360      0.9575180      0.9539200      0.9535640      0.9528020      0.9520050      0.9525500      0.9510900      0.9494270      0.9488600      0.9458800      0.9428600      0.9398200      0.9367400      0.9336400      0.9305100      0.9273500      0.9241600      0.9209500      0.9177200      0.9144600      0.9111800      0.9078800      0.9045600      0.9012200      0.8978600    
  0.9603270      0.9600800      0.9599940      0.9599080      0.9577700      0.9539200      0.9537420      0.9530230      0.9522780      0.9525500      0.9518200      0.9504820      0.9488600      0.9473700      0.9458670      0.9428530      0.9398070      0.9367330      0.9337120      0.9327300      0.9295800      0.9264100      0.9232100      0.9199800      0.9167400      0.9134700      0.9101800      0.9068700      0.9035400      0.9002000    
  0.9600800      0.9600370      0.9599940      0.9578980      0.9539200      0.9538310      0.9531300      0.9524140      0.9525500      0.9521850      0.9509280      0.9488600      0.9481150      0.9473660      0.9453630      0.9428420      0.9397980      0.9358050      0.9338350      0.9349400      0.9318000      0.9286400      0.9254500      0.9222400      0.9190000      0.9157500      0.9124700      0.9091700      0.9058600      0.9025300    
  0.9600590      0.9600370      0.9579620      0.9539200      0.9538750      0.9531830      0.9524820      0.9525500      0.9523680      0.9511310      0.9488600      0.9484880      0.9481140      0.9469480      0.9451900      0.9426680      0.9375550      0.9343880      0.9349400      0.9335830      0.9340100      0.9308500      0.9276800      0.9244800      0.9212500      0.9180100      0.9147500      0.9114600      0.9081600      0.9048400    
  0.9600590      0.9579940      0.9539200      0.9538980      0.9532090      0.9525160      0.9525500      0.9524590      0.9512270      0.9488600      0.9486740      0.9484870      0.9478500      0.9467510      0.9449350      0.9403020      0.9346640      0.9349400      0.9360460      0.9361950      0.9343100      0.9330600      0.9298900      0.9267000      0.9234900      0.9202600      0.9170100      0.9137400      0.9104500      0.9071400    
  0.9580110      0.9539200      0.9539090      0.9532220      0.9525330      0.9525500      0.9525040      0.9512740      0.9488600      0.9487670      0.9486740      0.9483370      0.9476960      0.9486860      0.9462490      0.9414320      0.9414350      0.9401280      0.9387360      0.9394650      0.9383800      0.9352500      0.9320900      0.9289100      0.9257200      0.9225000      0.9192600      0.9160000      0.9127200      0.9094200    
  0.9539200      0.9539140      0.9532280      0.9525410      0.9525500      0.9525270      0.9512970      0.9488600      0.9488130      0.9487670      0.9485920      0.9482350      0.9510670      0.9552760      0.9552100      0.9488650      0.9481960      0.9479300      0.9429880      0.9405470      0.9405500      0.9374300      0.9342800      0.9311200      0.9279300      0.9247200      0.9214900      0.9182400      0.9149800      0.9117000    
  0.9539170      0.9532320      0.9525460      0.9525500      0.9525390      0.9513090      0.9488600      0.9488370      0.9488130      0.9487240      0.9549070      0.9644700      0.9583940      0.9553410      0.9553410      0.9552100      0.9506180      0.9484620      0.9479300      0.9440100      0.9427100      0.9395900      0.9364600      0.9333000      0.9301300      0.9269300      0.9237200      0.9204800      0.9172300      0.9139600    
  0.9532330      0.9525480      0.9525500      0.9525440      0.9513140      0.9488600      0.9488480      0.9488370      0.9487910      0.9562770      0.9644700      0.9644700      0.9644700      0.9584900      0.9554720      0.9554720      0.9552100      0.9508690      0.9489950      0.9479300      0.9448500      0.9417500      0.9386300      0.9354800      0.9323200      0.9291300      0.9259300      0.9227100      0.9194700      0.9162100    
  0.9525490      0.9525500      0.9525470      0.9513170      0.9488600      0.9488540      0.9488480      0.9560420      0.9608270      0.9644760      0.9644700      0.9644700      0.9644700      0.9644700      0.9586780      0.9557350      0.9557350      0.9552100      0.9513420      0.9500600      0.9469900      0.9439000      0.9407800      0.9376500      0.9345000      0.9313200      0.9281300      0.9249200      0.9216900      0.9184500    
  0.9525500      0.9525490      0.9513190      0.9488600      0.9488570      0.9623650      0.9826300      0.9801600      0.9776900      0.9688920      0.9644870      0.9644700      0.9644700      0.9644700      0.9644700      0.9590350      0.9562590      0.9562600      0.9552100      0.9521700      0.9491100      0.9460300      0.9429300      0.9398100      0.9366600      0.9335000      0.9303200      0.9271200      0.9239100      0.9206800    
  0.9525490      0.9513190      0.9488600      0.9488580      0.9650720      0.9826340      0.9826340      0.9826300      0.9801600      0.9776900      0.9689220      0.9645210      0.9644700      0.9644700      0.9644700      0.9644700      0.9596750      0.9573070      0.9573100      0.9542800      0.9512300      0.9481600      0.9450700      0.9419500      0.9388200      0.9356700      0.9325000      0.9293200      0.9261200      0.9229000    
