iMOD/TUTORIALS/TUT_MetaswapAnalyser/model_MetaSWAP/meteo/Evaporation/Evaporation_20051001_L1.ASC
NCOLS                30
NROWS                30
XLLCORNER     160000.00
YLLCORNER     340000.00
CELLSIZE        1000.00
NODATA_VALUE   -9999.00
   1.324780       1.324180       1.323600       1.323030       1.322480       1.321920       1.321360       1.320790       1.320200       1.319590       1.318960       1.318290       1.317590       1.316850       1.316060       1.315220       1.314340       1.313400       1.312400       1.311340       1.310230       1.309050       1.307810       1.306500       1.305130       1.303690       1.302190       1.300620       1.298980       1.297280    
   1.322660       1.322020       1.321400       1.320790       1.320190       1.319590       1.318990       1.318370       1.317750       1.317100       1.316430       1.315730       1.314990       1.314220       1.313410       1.312550       1.311640       1.310680       1.309660       1.308590       1.307460       1.306270       1.305020       1.303710       1.302330       1.300890       1.299390       1.297820       1.296190       1.294490    
   1.320570       1.319890       1.319220       1.318570       1.317930       1.317290       1.316640       1.315990       1.315320       1.314640       1.313930       1.313200       1.312430       1.311630       1.310790       1.309900       1.308970       1.307990       1.306950       1.305860       1.304720       1.303520       1.302260       1.300940       1.299560       1.298110       1.296610       1.295040       1.293410       1.291720    
   1.318510       1.317780       1.317080       1.316380       1.315700       1.315010       1.314330       1.313640       1.312930       1.312210       1.311470       1.310700       1.309900       1.309070       1.308200       1.307290       1.306330       1.305330       1.304270       1.303170       1.302010       1.300800       1.299530       1.298200       1.296810       1.295360       1.293850       1.292290       1.290660       1.288970    
   1.316480       1.315710       1.314960       1.314220       1.313500       1.312770       1.312050       1.311320       1.310570       1.309820       1.309040       1.308240       1.307400       1.306540       1.305640       1.304700       1.303720       1.302700       1.301630       1.300500       1.299330       1.298100       1.296820       1.295480       1.294090       1.292630       1.291120       1.289550       1.287920       1.286230    
   1.314470       1.313660       1.312870       1.312090       1.311320       1.310560       1.309800       1.309030       1.308250       1.307450       1.306640       1.305800       1.304940       1.304050       1.303120       1.302150       1.301150       1.300100       1.299010       1.297870       1.296680       1.295440       1.294140       1.292790       1.291390       1.289930       1.288410       1.286840       1.285210       1.283520    
   1.312480       1.311630       1.310800       1.309990       1.309180       1.308380       1.307570       1.306760       1.305950       1.305120       1.304270       1.303400       1.302500       1.301580       1.300620       1.299630       1.298600       1.297530       1.296420       1.295260       1.294050       1.292800       1.291490       1.290130       1.288720       1.287250       1.285730       1.284150       1.282520       1.280830    
   1.310520       1.309630       1.308760       1.307910       1.307060       1.306220       1.305370       1.304530       1.303670       1.302810       1.301930       1.301020       1.300100       1.299140       1.298160       1.297140       1.296090       1.294990       1.293860       1.292680       1.291460       1.290180       1.288860       1.287490       1.286070       1.284600       1.283070       1.281490       1.279850       1.278160    
   1.308580       1.307650       1.306740       1.305850       1.304960       1.304080       1.303200       1.302320       1.301430       1.300530       1.299610       1.298680       1.297720       1.296740       1.295720       1.294680       1.293600       1.292480       1.291330       1.290130       1.288890       1.287600       1.286260       1.284880       1.283450       1.281970       1.280430       1.278840       1.277210       1.275510    
   1.306660       1.305700       1.304750       1.303820       1.302890       1.301980       1.301060       1.300140       1.299210       1.298280       1.297330       1.296360       1.295370       1.294360       1.293320       1.292240       1.291140       1.290000       1.288820       1.287600       1.286340       1.285040       1.283690       1.282300       1.280850       1.279360       1.277820       1.276220       1.274580       1.272890    
   1.306670       1.305700       1.304020       1.301810       1.300850       1.299890       1.298940       1.297980       1.297020       1.296050       1.295070       1.294070       1.293050       1.292000       1.290940       1.289840       1.288710       1.287540       1.286350       1.285110       1.283830       1.282510       1.281140       1.279730       1.278280       1.276780       1.275230       1.273630       1.271980       1.270280    
   1.306670       1.304550       1.301810       1.299580       1.298830       1.297830       1.296840       1.295850       1.294860       1.293850       1.292830       1.291800       1.290750       1.289680       1.288580       1.287460       1.286300       1.285120       1.283890       1.282640       1.281340       1.280000       1.278620       1.277200       1.275730       1.274220       1.272660       1.271050       1.269400       1.267690    
   1.305170       1.301810       1.299010       1.297830       1.296820       1.295800       1.294770       1.293750       1.292710       1.291680       1.290630       1.289560       1.288480       1.287380       1.286260       1.285100       1.283920       1.282710       1.281470       1.280190       1.278880       1.277520       1.276120       1.274690       1.273210       1.271680       1.270110       1.268500       1.266840       1.265130    
   1.301810       1.298740       1.297320       1.296820       1.295470       1.293780       1.292720       1.291660       1.290600       1.289530       1.288440       1.287350       1.286240       1.285110       1.283950       1.282780       1.281570       1.280340       1.279070       1.277770       1.276440       1.275060       1.273650       1.272200       1.270710       1.269170       1.267590       1.265970       1.264300       1.262580    
   1.298610       1.297070       1.296820       1.295360       1.293780       1.292400       1.290690       1.289600       1.288500       1.287400       1.286280       1.285160       1.284020       1.282860       1.281680       1.280470       1.279240       1.277990       1.276700       1.275380       1.274020       1.272630       1.271200       1.269740       1.268230       1.266680       1.265090       1.263460       1.261780       1.260060    
   1.296950       1.296820       1.295320       1.293780       1.292290       1.290690       1.290140       1.289600       1.287700       1.285290       1.284150       1.282990       1.281820       1.280630       1.279430       1.278200       1.276940       1.275660       1.274350       1.273010       1.271630       1.270220       1.268780       1.267300       1.265780       1.264210       1.262610       1.260970       1.259280       1.257560    
   1.296820       1.295310       1.293780       1.292250       1.290690       1.290420       1.290140       1.288180       1.285290       1.284720       1.282400       1.280850       1.279650       1.278430       1.277200       1.275940       1.274660       1.273360       1.272020       1.270660       1.269270       1.267840       1.266380       1.264880       1.263340       1.261770       1.260160       1.258500       1.256810       1.255070    
   1.295300       1.293780       1.292240       1.290690       1.290550       1.290420       1.288510       1.285290       1.285000       1.282190       1.279790       1.278730       1.277500       1.276250       1.274990       1.273710       1.272410       1.271080       1.269720       1.268340       1.266920       1.265480       1.264000       1.262480       1.260930       1.259350       1.257720       1.256060       1.254350       1.252610    
   1.293780       1.292240       1.290690       1.290620       1.290550       1.288690       1.285290       1.285150       1.282090       1.279260       1.278730       1.278120       1.276640       1.274100       1.272810       1.271500       1.270170       1.268820       1.267440       1.266040       1.264600       1.263140       1.261640       1.260110       1.258550       1.256950       1.255310       1.253630       1.251920       1.250170    
   1.292240       1.290690       1.290660       1.290620       1.288790       1.285290       1.285220       1.282050       1.279000       1.278730       1.278420       1.276900       1.274100       1.273450       1.272800       1.271490       1.270160       1.268810       1.265510       1.263760       1.262310       1.260820       1.259310       1.257760       1.256180       1.254570       1.252920       1.251230       1.249510       1.247750    
   1.290690       1.290670       1.290660       1.288840       1.285290       1.285250       1.282030       1.278860       1.278730       1.278580       1.277040       1.274100       1.273780       1.273450       1.272580       1.271490       1.270160       1.265730       1.262630       1.261510       1.260030       1.258530       1.257000       1.255430       1.253840       1.252210       1.250550       1.248850       1.247110       1.245340    
   1.290680       1.290670       1.288860       1.285290       1.285270       1.282020       1.278800       1.278730       1.278650       1.277110       1.274100       1.273940       1.273780       1.273270       1.272510       1.271410       1.266190       1.262070       1.261510       1.259770       1.257780       1.256260       1.254710       1.253130       1.251520       1.249870       1.248200       1.246480       1.244740       1.242960    
   1.290680       1.288880       1.285290       1.285280       1.282020       1.278760       1.278730       1.278690       1.277150       1.274100       1.274020       1.273940       1.273660       1.273190       1.272400       1.265370       1.261790       1.261510       1.257270       1.255550       1.254630       1.254000       1.252440       1.250840       1.249210       1.247550       1.245860       1.244140       1.242380       1.240590    
   1.288880       1.285290       1.285290       1.282010       1.278750       1.278730       1.278710       1.277170       1.274100       1.274060       1.274020       1.273870       1.273600       1.266260       1.260120       1.254960       1.254960       1.254060       1.252980       1.252230       1.253330       1.251770       1.250190       1.248570       1.246930       1.245260       1.243550       1.241820       1.240050       1.238250    
   1.285290       1.285290       1.282010       1.278740       1.278730       1.278720       1.277180       1.274100       1.274080       1.274060       1.273980       1.273830       1.261030       1.245740       1.245800       1.249030       1.248130       1.248400       1.250150       1.251140       1.251140       1.249560       1.247960       1.246320       1.244670       1.242980       1.241260       1.239510       1.237730       1.235920    
   1.285290       1.282010       1.278730       1.278730       1.278730       1.277180       1.274100       1.274090       1.274080       1.274040       1.260900       1.241320       1.244210       1.245670       1.245670       1.245800       1.247250       1.247870       1.248400       1.248830       1.248960       1.247370       1.245740       1.244100       1.242420       1.240720       1.238990       1.237230       1.235430       1.233610    
   1.282010       1.278730       1.278730       1.278730       1.277180       1.274100       1.274090       1.274090       1.274070       1.258330       1.241320       1.241320       1.241320       1.244120       1.245540       1.245540       1.245800       1.246930       1.247340       1.248400       1.246810       1.245190       1.243550       1.241890       1.240200       1.238480       1.236730       1.234960       1.233150       1.231320    
   1.278730       1.278730       1.278730       1.277190       1.274100       1.274100       1.274090       1.263880       1.253280       1.241310       1.241320       1.241320       1.241320       1.241320       1.243930       1.245290       1.245290       1.245800       1.246170       1.246280       1.244670       1.243040       1.241380       1.239700       1.237990       1.236260       1.234500       1.232710       1.230890       1.229040    
   1.278730       1.278730       1.277190       1.274100       1.274100       1.257700       1.233110       1.233180       1.233250       1.238620       1.241300       1.241320       1.241320       1.241320       1.241320       1.243560       1.244770       1.244770       1.245800       1.244180       1.242550       1.240900       1.239220       1.237520       1.235800       1.234050       1.232280       1.230470       1.228640       1.226780    
   1.278730       1.277190       1.274100       1.274100       1.254420       1.233110       1.233110       1.233110       1.233180       1.233250       1.238590       1.241270       1.241320       1.241320       1.241320       1.241320       1.242860       1.243740       1.243740       1.242100       1.240450       1.238780       1.237080       1.235370       1.233630       1.231860       1.230070       1.228260       1.226420       1.224540    
