iMOD/TUTORIALS/TUT_MetaswapAnalyser/model_MetaSWAP/meteo/Evaporation/Evaporation_20061027_L1.ASC
NCOLS                30
NROWS                30
XLLCORNER     160000.00
YLLCORNER     340000.00
CELLSIZE        1000.00
NODATA_VALUE   -9999.00
   1.187770       1.185550       1.183310       1.181050       1.178770       1.176490       1.174200       1.171910       1.169620       1.167340       1.165080       1.162830       1.160600       1.158400       1.156220       1.154070       1.151960       1.149880       1.147840       1.145850       1.143890       1.141980       1.140110       1.138300       1.136530       1.134810       1.133150       1.131530       1.129970       1.128460    
   1.185380       1.183140       1.180870       1.178600       1.176300       1.174000       1.171700       1.169400       1.167100       1.164810       1.162530       1.160270       1.158040       1.155820       1.153640       1.151480       1.149360       1.147280       1.145230       1.143230       1.141270       1.139360       1.137490       1.135670       1.133900       1.132190       1.130520       1.128910       1.127350       1.125850    
   1.182920       1.180650       1.178370       1.176070       1.173770       1.171450       1.169130       1.166810       1.164500       1.162200       1.159920       1.157650       1.155400       1.153180       1.150980       1.148820       1.146700       1.144610       1.142560       1.140550       1.138590       1.136670       1.134800       1.132980       1.131220       1.129500       1.127840       1.126230       1.124680       1.123180    
   1.180390       1.178110       1.175800       1.173490       1.171160       1.168830       1.166500       1.164160       1.161840       1.159530       1.157230       1.154950       1.152690       1.150460       1.148260       1.146100       1.143960       1.141870       1.139820       1.137810       1.135840       1.133920       1.132050       1.130240       1.128470       1.126760       1.125100       1.123490       1.121940       1.120450    
   1.177800       1.175500       1.173170       1.170840       1.168490       1.166140       1.163790       1.161450       1.159110       1.156790       1.154480       1.152190       1.149930       1.147690       1.145480       1.143300       1.141170       1.139070       1.137010       1.135000       1.133030       1.131110       1.129240       1.127430       1.125660       1.123950       1.122300       1.120700       1.119160       1.117670    
   1.175160       1.172830       1.170480       1.168130       1.165760       1.163400       1.161030       1.158670       1.156320       1.153990       1.151670       1.149370       1.147090       1.144850       1.142630       1.140450       1.138310       1.136210       1.134150       1.132130       1.130160       1.128250       1.126380       1.124560       1.122800       1.121100       1.119450       1.117850       1.116320       1.114840    
   1.172460       1.170100       1.167740       1.165360       1.162980       1.160600       1.158220       1.155840       1.153480       1.151130       1.148800       1.146490       1.144210       1.141950       1.139730       1.137540       1.135400       1.133290       1.131230       1.129210       1.127240       1.125320       1.123460       1.121650       1.119890       1.118190       1.116540       1.114960       1.113430       1.111960    
   1.169710       1.167330       1.164940       1.162540       1.160140       1.157740       1.155340       1.152950       1.150580       1.148220       1.145870       1.143550       1.141260       1.139000       1.136770       1.134580       1.132430       1.130320       1.128250       1.126230       1.124270       1.122350       1.120490       1.118680       1.116920       1.115230       1.113590       1.112010       1.110500       1.109040    
   1.166910       1.164510       1.162090       1.159670       1.157250       1.154840       1.152420       1.150020       1.147630       1.145250       1.142900       1.140570       1.138270       1.136000       1.133760       1.131560       1.129410       1.127290       1.125230       1.123210       1.121240       1.119320       1.117460       1.115660       1.113910       1.112220       1.110590       1.109020       1.107520       1.106070    
   1.164070       1.161640       1.159200       1.156760       1.154320       1.151880       1.149450       1.147030       1.144630       1.142240       1.139870       1.137530       1.135220       1.132940       1.130700       1.128500       1.126340       1.124220       1.122150       1.120130       1.118170       1.116250       1.114400       1.112600       1.110860       1.109170       1.107550       1.105990       1.104490       1.103060    
   1.164060       1.161640       1.157850       1.153810       1.151350       1.148890       1.146440       1.144000       1.141580       1.139180       1.136800       1.134450       1.132130       1.129850       1.127600       1.125390       1.123220       1.121100       1.119030       1.117010       1.115050       1.113140       1.111280       1.109490       1.107760       1.106080       1.104470       1.102920       1.101430       1.100010    
   1.164060       1.159340       1.153810       1.149690       1.148330       1.145860       1.143390       1.140940       1.138500       1.136080       1.133690       1.131330       1.129000       1.126710       1.124450       1.122240       1.120070       1.117940       1.115870       1.113850       1.111890       1.109980       1.108130       1.106340       1.104620       1.102950       1.101350       1.099810       1.098340       1.096930    
   1.160920       1.153810       1.148900       1.146810       1.145280       1.142790       1.140300       1.137830       1.135380       1.132950       1.130550       1.128170       1.125830       1.123530       1.121260       1.119040       1.116870       1.114740       1.112670       1.110650       1.108690       1.106790       1.104940       1.103160       1.101440       1.099780       1.098190       1.096670       1.095210       1.093810    
   1.153810       1.148510       1.146040       1.145280       1.142580       1.139680       1.137180       1.134690       1.132220       1.129780       1.127360       1.124980       1.122630       1.120310       1.118040       1.115810       1.113640       1.111510       1.109430       1.107420       1.105450       1.103550       1.101720       1.099940       1.098230       1.096580       1.095000       1.093490       1.092040       1.090660    
   1.148310       1.145660       1.145280       1.142510       1.139680       1.136960       1.134030       1.131520       1.129040       1.126580       1.124150       1.121750       1.119390       1.117060       1.114790       1.112550       1.110370       1.108240       1.106160       1.104150       1.102190       1.100290       1.098460       1.096690       1.094990       1.093350       1.091780       1.090280       1.088850       1.087490    
   1.145470       1.145280       1.142490       1.139680       1.136890       1.134030       1.132780       1.131530       1.127620       1.123350       1.120900       1.118490       1.116120       1.113790       1.111500       1.109260       1.107070       1.104940       1.102860       1.100850       1.098890       1.097000       1.095170       1.093410       1.091720       1.090090       1.088530       1.087050       1.085630       1.084280    
   1.145280       1.142480       1.139680       1.136870       1.134030       1.133400       1.132780       1.128820       1.123350       1.122130       1.117970       1.115210       1.112830       1.110480       1.108190       1.105940       1.103750       1.101610       1.099530       1.097520       1.095560       1.093680       1.091850       1.090100       1.088420       1.086800       1.085260       1.083790       1.082390       1.081060    
   1.142480       1.139680       1.136860       1.134030       1.133720       1.133400       1.129590       1.123350       1.122740       1.117780       1.113560       1.111910       1.109510       1.107160       1.104850       1.102600       1.100400       1.098260       1.096180       1.094170       1.092210       1.090330       1.088520       1.086770       1.085100       1.083500       1.081970       1.080510       1.079130       1.077820    
   1.139680       1.136860       1.134030       1.133870       1.133720       1.130010       1.123350       1.123040       1.117700       1.112740       1.111910       1.110710       1.108100       1.103810       1.101500       1.099240       1.097030       1.094890       1.092810       1.090790       1.088840       1.086960       1.085160       1.083420       1.081760       1.080170       1.078650       1.077210       1.075850       1.074560    
   1.136860       1.134030       1.133950       1.133870       1.130240       1.123350       1.123200       1.117670       1.112320       1.111910       1.111310       1.108630       1.103810       1.102650       1.101520       1.099260       1.097050       1.094910       1.089980       1.087400       1.085450       1.083580       1.081780       1.080050       1.078400       1.076820       1.075320       1.073900       1.072550       1.071280    
   1.134030       1.133990       1.133950       1.130350       1.123350       1.123270       1.117650       1.112120       1.111910       1.111610       1.108920       1.103810       1.103230       1.102660       1.101140       1.099280       1.097070       1.090320       1.085700       1.083990       1.082050       1.080180       1.078390       1.076670       1.075030       1.073470       1.071980       1.070580       1.069250       1.067990    
   1.134010       1.133990       1.130410       1.123350       1.123310       1.117640       1.112010       1.111910       1.111760       1.109060       1.103810       1.103520       1.103230       1.102350       1.101030       1.099160       1.091100       1.084840       1.083990       1.081560       1.078630       1.076770       1.074980       1.073270       1.071640       1.070100       1.068630       1.067240       1.065930       1.064700    
   1.134010       1.130440       1.123350       1.123330       1.117630       1.111960       1.111910       1.111840       1.109140       1.103810       1.103670       1.103520       1.103030       1.102200       1.100850       1.089880       1.084420       1.083990       1.077700       1.075200       1.074090       1.073350       1.071570       1.069870       1.068250       1.066720       1.065270       1.063900       1.062610       1.061400    
   1.130460       1.123350       1.123340       1.117630       1.111940       1.111910       1.111870       1.109170       1.103810       1.103740       1.103670       1.103410       1.102920       1.091170       1.081570       1.073700       1.073700       1.072580       1.071210       1.070070       1.071780       1.069920       1.068150       1.066460       1.064860       1.063340       1.061910       1.060560       1.059290       1.058100    
   1.123350       1.123350       1.117630       1.111920       1.111910       1.111890       1.109190       1.103810       1.103770       1.103740       1.103600       1.103330       1.082880       1.058500       1.058610       1.064170       1.062990       1.063420       1.066600       1.068350       1.068350       1.066500       1.064730       1.063050       1.061460       1.059960       1.058540       1.057210       1.055970       1.054810    
   1.123350       1.117630       1.111920       1.111910       1.111900       1.109200       1.103810       1.103790       1.103770       1.103710       1.082390       1.050640       1.055800       1.058400       1.058400       1.058610       1.061360       1.062570       1.063420       1.064550       1.064920       1.063070       1.061310       1.059640       1.058070       1.056580       1.055180       1.053870       1.052650       1.051510    
   1.117630       1.111910       1.111910       1.111910       1.109210       1.103810       1.103800       1.103790       1.103760       1.078230       1.050640       1.050640       1.050640       1.055640       1.058190       1.058190       1.058610       1.060850       1.061710       1.063420       1.061490       1.059650       1.057900       1.056240       1.054680       1.053210       1.051830       1.050540       1.049340       1.048230    
   1.111910       1.111910       1.111910       1.109210       1.103810       1.103810       1.103800       1.087040       1.069870       1.050630       1.050640       1.050640       1.050640       1.050640       1.055330       1.057760       1.057760       1.058610       1.059650       1.060000       1.058070       1.056230       1.054490       1.052850       1.051300       1.049840       1.048490       1.047220       1.046050       1.044960    
   1.111910       1.111910       1.109210       1.103810       1.103810       1.076750       1.036160       1.036480       1.036800       1.046000       1.050610       1.050640       1.050640       1.050640       1.050640       1.054730       1.056920       1.056920       1.058610       1.056590       1.054660       1.052830       1.051100       1.049460       1.047930       1.046490       1.045160       1.043910       1.042760       1.041710    
   1.111910       1.109210       1.103810       1.103810       1.071330       1.036150       1.036150       1.036160       1.036480       1.036800       1.045960       1.050560       1.050640       1.050640       1.050640       1.050640       1.053580       1.055230       1.055220       1.053200       1.051270       1.049440       1.047720       1.046100       1.044580       1.043160       1.041840       1.040630       1.039500       1.038470    
