iMOD/TUTORIALS/TUT_MetaswapAnalyser/model_MetaSWAP/meteo/Evaporation/Evaporation_20050901_L1.ASC
NCOLS                30
NROWS                30
XLLCORNER     160000.00
YLLCORNER     340000.00
CELLSIZE        1000.00
NODATA_VALUE   -9999.00
   1.899550       1.908060       1.916600       1.925170       1.933750       1.942340       1.950940       1.959550       1.968150       1.976740       1.985330       1.993900       2.002440       2.010970       2.019470       2.027930       2.036370       2.044770       2.053130       2.061450       2.069720       2.077950       2.086140       2.094280       2.102370       2.110420       2.118410       2.126360       2.134250       2.142100    
   1.900660       1.909140       1.917650       1.926180       1.934720       1.943280       1.951850       1.960420       1.968990       1.977550       1.986110       1.994640       2.003160       2.011660       2.020130       2.028580       2.036990       2.045360       2.053700       2.062000       2.070260       2.078480       2.086650       2.094780       2.102860       2.110900       2.118880       2.126820       2.134710       2.142550    
   1.901800       1.910240       1.918710       1.927210       1.935720       1.944250       1.952780       1.961320       1.969860       1.978390       1.986910       1.995420       2.003910       2.012380       2.020820       2.029240       2.037630       2.045980       2.054300       2.062590       2.070830       2.079030       2.087190       2.095300       2.103370       2.111390       2.119370       2.127300       2.135180       2.143010    
   1.902940       1.911360       1.919800       1.928260       1.936740       1.945230       1.953730       1.962240       1.970740       1.979240       1.987730       1.996210       2.004670       2.013120       2.021540       2.029930       2.038290       2.046630       2.054920       2.063190       2.071410       2.079590       2.087740       2.095840       2.103890       2.111900       2.119870       2.127790       2.135660       2.143490    
   1.904110       1.912490       1.920900       1.929330       1.937770       1.946230       1.954700       1.963170       1.971650       1.980120       1.988580       1.997030       2.005460       2.013870       2.022270       2.030640       2.038980       2.047290       2.055560       2.063810       2.072010       2.080180       2.088310       2.096390       2.104430       2.112430       2.120390       2.128300       2.136160       2.143980    
   1.905290       1.913640       1.922010       1.930410       1.938830       1.947250       1.955690       1.964130       1.972570       1.981010       1.989440       1.997860       2.006270       2.014650       2.023020       2.031370       2.039680       2.047970       2.056230       2.064450       2.072630       2.080780       2.088890       2.096960       2.104990       2.112980       2.120920       2.128820       2.136680       2.144490    
   1.906480       1.914800       1.923140       1.931510       1.939890       1.948290       1.956690       1.965100       1.973510       1.981920       1.990320       1.998720       2.007090       2.015450       2.023800       2.032110       2.040410       2.048670       2.056910       2.065110       2.073280       2.081410       2.089500       2.097550       2.105570       2.113540       2.121470       2.129360       2.137200       2.145000    
   1.907680       1.915970       1.924290       1.932630       1.940980       1.949340       1.957720       1.966100       1.974480       1.982850       1.991230       1.999590       2.007940       2.016270       2.024590       2.032880       2.041150       2.049390       2.057610       2.065790       2.073940       2.082050       2.090120       2.098160       2.106160       2.114120       2.122040       2.129910       2.137750       2.145540    
   1.908900       1.917160       1.925450       1.933750       1.942080       1.950410       1.958750       1.967100       1.975450       1.983800       1.992150       2.000480       2.008800       2.017110       2.025400       2.033670       2.041910       2.050130       2.058320       2.066480       2.074610       2.082710       2.090760       2.098790       2.106770       2.114710       2.122620       2.130480       2.138300       2.146080    
   1.910130       1.918360       1.926620       1.934900       1.943190       1.951490       1.959810       1.968130       1.976450       1.984770       1.993080       2.001390       2.009680       2.017970       2.026230       2.034470       2.042690       2.050890       2.059060       2.067200       2.075310       2.083380       2.091420       2.099430       2.107390       2.115320       2.123210       2.131060       2.138870       2.146640    
   1.910140       1.918370       1.928980       1.936050       1.944310       1.952590       1.960870       1.969160       1.977460       1.985750       1.994040       2.002310       2.010580       2.018840       2.027080       2.035300       2.043490       2.051670       2.059810       2.067930       2.076020       2.084070       2.092100       2.100080       2.108040       2.115950       2.123820       2.131660       2.139460       2.147210    
   1.910150       1.923380       1.936050       1.943100       1.945450       1.953700       1.961950       1.970220       1.978480       1.986740       1.995000       2.003260       2.011500       2.019730       2.027940       2.036130       2.044310       2.052460       2.060580       2.068680       2.076750       2.084780       2.092790       2.100760       2.108690       2.116590       2.124450       2.132270       2.140050       2.147800    
   1.917880       1.936050       1.942940       1.946020       1.946600       1.954820       1.963050       1.971280       1.979520       1.987750       1.995990       2.004210       2.012430       2.020630       2.028820       2.036990       2.045140       2.053270       2.061370       2.069440       2.077490       2.085510       2.093490       2.101440       2.109360       2.117240       2.125090       2.132890       2.140660       2.148400    
   1.936050       1.942980       1.946310       1.946600       1.952460       1.955950       1.964150       1.972360       1.980570       1.988780       1.996980       2.005180       2.013370       2.021550       2.029710       2.037860       2.045980       2.054090       2.062170       2.070220       2.078250       2.086250       2.094210       2.102150       2.110050       2.117910       2.125740       2.133530       2.141290       2.149000    
   1.943020       1.946460       1.946600       1.951670       1.955950       1.961790       1.965270       1.973450       1.981630       1.989810       1.997990       2.006160       2.014330       2.022480       2.030620       2.038740       2.046840       2.054930       2.062980       2.071020       2.079020       2.087000       2.094950       2.102860       2.110740       2.118590       2.126400       2.134180       2.141920       2.149630    
   1.946530       1.946600       1.951410       1.955950       1.961000       1.965270       1.969360       1.973450       1.983940       1.990860       1.999010       2.007160       2.015300       2.023430       2.031540       2.039640       2.047720       2.055780       2.063810       2.071820       2.079810       2.087770       2.095690       2.103590       2.111460       2.119290       2.127080       2.134840       2.142570       2.150260    
   1.946600       1.951320       1.955950       1.960740       1.965270       1.967310       1.969360       1.979400       1.990860       1.994940       2.002880       2.008170       2.016280       2.024380       2.032470       2.040550       2.048600       2.056640       2.064660       2.072650       2.080610       2.088550       2.096460       2.104330       2.112180       2.119990       2.127770       2.135520       2.143230       2.150900    
   1.951290       1.955950       1.960650       1.965270       1.966290       1.967310       1.976730       1.990860       1.992900       2.001310       2.008680       2.009180       2.017270       2.025350       2.033420       2.041470       2.049500       2.057520       2.065510       2.073480       2.081420       2.089340       2.097230       2.105090       2.112920       2.120710       2.128470       2.136200       2.143900       2.151560    
   1.955950       1.960620       1.965270       1.965780       1.966290       1.975300       1.990860       1.991880       2.000630       2.008930       2.009180       2.013230       2.019530       2.026330       2.034380       2.042400       2.050420       2.058410       2.066380       2.074330       2.082250       2.090150       2.098010       2.105850       2.113660       2.121440       2.129190       2.136900       2.144580       2.152220    
   1.960610       1.965270       1.965530       1.965780       1.974560       1.990860       1.991370       2.000320       2.009050       2.009180       2.011200       2.017070       2.026330       2.030350       2.034370       2.042400       2.050410       2.058400       2.070070       2.075180       2.083090       2.090960       2.098810       2.106630       2.114420       2.122180       2.129910       2.137600       2.145270       2.152890    
   1.965270       1.965400       1.965530       1.974180       1.990860       1.991110       2.000170       2.009120       2.009180       2.010190       2.015940       2.026330       2.028340       2.030350       2.035710       2.042390       2.050400       2.066110       2.075610       2.076050       2.083930       2.091790       2.099620       2.107420       2.115190       2.122930       2.130640       2.138320       2.145970       2.153580    
   1.965330       1.965400       1.973990       1.990860       1.990990       2.000090       2.009150       2.009180       2.009690       2.015410       2.026330       2.027340       2.028340       2.031470       2.036150       2.042840       2.062160       2.075830       2.076050       2.081590       2.084790       2.092630       2.100440       2.108220       2.115970       2.123690       2.131390       2.139050       2.146670       2.154270    
   1.965330       1.973900       1.990860       1.990920       2.000060       2.009160       2.009180       2.009430       2.015150       2.026330       2.026830       2.027340       2.029050       2.031990       2.036820       2.059170       2.075940       2.076050       2.082570       2.085660       2.090350       2.093470       2.101260       2.109030       2.116760       2.124460       2.132140       2.139780       2.147390       2.154970    
   1.973850       1.990860       1.990890       2.000040       2.009170       2.009180       2.009310       2.015020       2.026330       2.026580       2.026830       2.027740       2.029460       2.043350       2.060190       2.078750       2.078750       2.082470       2.086680       2.086980       2.086530       2.094330       2.102100       2.109840       2.117560       2.125240       2.132900       2.140520       2.148110       2.155680    
   1.990860       1.990880       2.000030       2.009180       2.009180       2.009240       2.014960       2.026330       2.026460       2.026580       2.027050       2.028010       2.050350       2.075590       2.075560       2.078880       2.081560       2.081450       2.085610       2.087420       2.087420       2.095190       2.102940       2.110670       2.118360       2.126030       2.133660       2.141270       2.148850       2.156390    
   1.990870       2.000020       2.009180       2.009180       2.009210       2.014930       2.026330       2.026390       2.026460       2.026700       2.044620       2.070720       2.073990       2.075620       2.075620       2.075560       2.079650       2.081680       2.081450       2.086600       2.088310       2.096060       2.103800       2.111500       2.119170       2.126820       2.134440       2.142030       2.149580       2.157110    
   2.000020       2.009180       2.009180       2.009200       2.014910       2.026330       2.026360       2.026390       2.026520       2.047840       2.070720       2.070720       2.070720       2.074040       2.075680       2.075680       2.075560       2.079900       2.081910       2.081450       2.089210       2.096940       2.104650       2.112340       2.119990       2.127620       2.135220       2.142790       2.150330       2.157840    
   2.009180       2.009180       2.009190       2.014900       2.026330       2.026350       2.026360       2.036810       2.051540       2.070720       2.070720       2.070720       2.070720       2.070720       2.074130       2.075800       2.075800       2.075560       2.080670       2.082370       2.090110       2.097830       2.105520       2.113180       2.120820       2.128430       2.136010       2.143560       2.151080       2.158570    
   2.009180       2.009180       2.014900       2.026330       2.026340       2.040340       2.061320       2.064650       2.067970       2.069810       2.070730       2.070720       2.070720       2.070720       2.070720       2.074330       2.076040       2.076040       2.075560       2.083300       2.091020       2.098720       2.106390       2.114030       2.121650       2.129240       2.136800       2.144330       2.151830       2.159300    
   2.009180       2.014900       2.026330       2.026330       2.043130       2.061320       2.061320       2.061320       2.064650       2.067970       2.069820       2.070740       2.070720       2.070720       2.070720       2.070720       2.074760       2.076510       2.076510       2.084230       2.091930       2.099610       2.107260       2.114890       2.122480       2.130050       2.137590       2.145110       2.152590       2.160040    
