iMOD/TUTORIALS/TUT_MetaswapAnalyser/model_MetaSWAP/meteo/Evaporation/Evaporation_20060201_L1.ASC
NCOLS                30
NROWS                30
XLLCORNER     160000.00
YLLCORNER     340000.00
CELLSIZE        1000.00
NODATA_VALUE   -9999.00
  0.2943400      0.2959100      0.2975100      0.2991400      0.3008000      0.3024800      0.3041900      0.3059200      0.3076800      0.3094600      0.3112500      0.3130700      0.3149000      0.3167500      0.3186100      0.3204900      0.3223800      0.3242700      0.3261800      0.3281000      0.3300200      0.3319400      0.3338800      0.3358100      0.3377500      0.3396900      0.3416200      0.3435600      0.3454900      0.3474300    
  0.2975800      0.2991700      0.3007900      0.3024300      0.3041000      0.3058000      0.3075200      0.3092600      0.3110300      0.3128200      0.3146200      0.3164400      0.3182800      0.3201400      0.3220000      0.3238800      0.3257700      0.3276700      0.3295700      0.3314900      0.3334100      0.3353300      0.3372600      0.3391900      0.3411200      0.3430500      0.3449800      0.3469000      0.3488300      0.3507400    
  0.3008700      0.3024700      0.3041000      0.3057600      0.3074500      0.3091600      0.3108900      0.3126500      0.3144200      0.3162200      0.3180300      0.3198600      0.3217000      0.3235600      0.3254300      0.3273100      0.3292000      0.3311000      0.3330100      0.3349200      0.3368400      0.3387600      0.3406800      0.3426000      0.3445200      0.3464500      0.3483700      0.3502800      0.3522000      0.3541000    
  0.3041900      0.3058100      0.3074600      0.3091400      0.3108300      0.3125600      0.3143000      0.3160700      0.3178600      0.3196600      0.3214800      0.3233200      0.3251700      0.3270300      0.3289000      0.3307900      0.3326800      0.3345800      0.3364800      0.3383900      0.3403100      0.3422200      0.3441400      0.3460500      0.3479700      0.3498800      0.3517900      0.3537000      0.3556000      0.3575000    
  0.3075600      0.3091900      0.3108600      0.3125500      0.3142600      0.3160000      0.3177500      0.3195300      0.3213300      0.3231400      0.3249700      0.3268100      0.3286700      0.3305300      0.3324100      0.3343000      0.3361900      0.3380900      0.3399900      0.3419000      0.3438100      0.3457200      0.3476300      0.3495400      0.3514500      0.3533600      0.3552600      0.3571500      0.3590400      0.3609300    
  0.3109600      0.3126100      0.3142900      0.3159900      0.3177200      0.3194700      0.3212400      0.3230300      0.3248300      0.3266600      0.3284900      0.3303400      0.3322000      0.3340700      0.3359600      0.3378400      0.3397400      0.3416400      0.3435400      0.3454500      0.3473500      0.3492600      0.3511700      0.3530700      0.3549700      0.3568700      0.3587600      0.3606400      0.3625200      0.3643900    
  0.3143900      0.3160600      0.3177600      0.3194800      0.3212200      0.3229800      0.3247600      0.3265600      0.3283800      0.3302100      0.3320500      0.3339100      0.3357700      0.3376500      0.3395300      0.3414300      0.3433200      0.3452200      0.3471200      0.3490300      0.3509300      0.3528300      0.3547300      0.3566300      0.3585200      0.3604100      0.3622900      0.3641600      0.3660300      0.3678900    
  0.3178500      0.3195400      0.3212600      0.3229900      0.3247500      0.3265200      0.3283100      0.3301200      0.3319500      0.3337900      0.3356400      0.3375100      0.3393800      0.3412600      0.3431500      0.3450400      0.3469400      0.3488400      0.3507400      0.3526400      0.3545400      0.3564400      0.3583300      0.3602200      0.3621000      0.3639800      0.3658500      0.3677200      0.3695700      0.3714200    
  0.3213500      0.3230500      0.3247800      0.3265300      0.3283000      0.3300900      0.3319000      0.3337200      0.3355600      0.3374000      0.3392600      0.3411300      0.3430100      0.3449000      0.3467900      0.3486800      0.3505800      0.3524800      0.3543800      0.3562800      0.3581800      0.3600700      0.3619600      0.3638400      0.3657200      0.3675900      0.3694500      0.3713000      0.3731400      0.3749700    
  0.3248700      0.3265900      0.3283400      0.3301100      0.3318900      0.3336900      0.3355100      0.3373400      0.3391900      0.3410500      0.3429200      0.3447900      0.3466800      0.3485700      0.3504600      0.3523600      0.3542600      0.3561600      0.3580600      0.3599500      0.3618400      0.3637300      0.3656200      0.3674900      0.3693600      0.3712200      0.3730700      0.3749100      0.3767400      0.3785600    
  0.3248770      0.3266000      0.3296850      0.3337000      0.3355000      0.3373200      0.3391500      0.3409900      0.3428500      0.3447200      0.3465900      0.3484800      0.3503700      0.3522600      0.3541600      0.3560600      0.3579600      0.3598600      0.3617600      0.3636500      0.3655400      0.3674200      0.3693000      0.3711700      0.3730300      0.3748800      0.3767200      0.3785500      0.3803600      0.3821700    
  0.3248840      0.3287150      0.3337000      0.3377850      0.3391400      0.3409700      0.3428100      0.3446700      0.3465400      0.3484100      0.3503000      0.3521900      0.3540900      0.3559900      0.3578900      0.3597900      0.3616900      0.3635900      0.3654900      0.3673800      0.3692600      0.3711400      0.3730100      0.3748700      0.3767200      0.3785600      0.3803900      0.3822100      0.3840100      0.3858000    
  0.3276210      0.3337000      0.3388140      0.3409700      0.3428000      0.3446400      0.3465000      0.3483700      0.3502500      0.3521300      0.3540300      0.3559200      0.3578300      0.3597300      0.3616400      0.3635400      0.3654500      0.3673400      0.3692400      0.3711300      0.3730100      0.3748800      0.3767500      0.3786000      0.3804400      0.3822700      0.3840900      0.3858900      0.3876800      0.3894600    
  0.3337000      0.3393000      0.3418850      0.3428000      0.3452600      0.3483400      0.3502100      0.3520900      0.3539800      0.3558700      0.3577700      0.3596800      0.3615900      0.3635000      0.3654100      0.3673200      0.3692200      0.3711200      0.3730100      0.3749000      0.3767800      0.3786500      0.3805000      0.3823500      0.3841800      0.3860000      0.3878100      0.3896000      0.3913800      0.3931400    
  0.3395360      0.3423420      0.3428000      0.3454670      0.3483400      0.3508270      0.3539300      0.3558300      0.3577300      0.3596300      0.3615400      0.3634600      0.3653700      0.3672900      0.3692000      0.3711100      0.3730200      0.3749200      0.3768100      0.3786900      0.3805700      0.3824300      0.3842800      0.3861200      0.3879400      0.3897500      0.3915500      0.3933300      0.3950900      0.3968400    
  0.3425710      0.3428000      0.3455360      0.3483400      0.3510320      0.3539300      0.3548800      0.3558300      0.3591500      0.3634100      0.3653300      0.3672500      0.3691700      0.3711000      0.3730100      0.3749300      0.3768300      0.3787300      0.3806300      0.3825100      0.3843800      0.3862400      0.3880800      0.3899100      0.3917300      0.3935200      0.3953100      0.3970800      0.3988300      0.4005600    
  0.3428000      0.3455590      0.3483400      0.3511010      0.3539300      0.3544050      0.3548800      0.3583170      0.3634100      0.3643700      0.3683880      0.3710600      0.3729900      0.3749200      0.3768400      0.3787600      0.3806700      0.3825700      0.3844600      0.3863400      0.3882000      0.3900600      0.3919000      0.3937200      0.3955200      0.3973100      0.3990800      0.4008400      0.4025800      0.4042900    
  0.3455660      0.3483400      0.3511240      0.3539300      0.3541670      0.3544050      0.3577530      0.3634100      0.3638900      0.3688070      0.3729750      0.3748900      0.3768300      0.3787600      0.3806900      0.3826100      0.3845200      0.3864200      0.3883100      0.3901900      0.3920500      0.3939000      0.3957300      0.3975400      0.3993400      0.4011200      0.4028800      0.4046200      0.4063400      0.4080400    
  0.3483400      0.3511310      0.3539300      0.3540490      0.3541670      0.3574340      0.3634100      0.3636500      0.3689860      0.3739320      0.3748900      0.3758600      0.3782730      0.3826100      0.3845400      0.3864700      0.3883800      0.3902800      0.3921700      0.3940500      0.3959100      0.3977500      0.3995700      0.4013800      0.4031700      0.4049400      0.4066800      0.4084100      0.4101200      0.4118100    
  0.3511340      0.3539300      0.3539890      0.3540490      0.3572650      0.3634100      0.3635300      0.3690690      0.3744110      0.3748900      0.3753750      0.3779080      0.3826100      0.3835750      0.3845400      0.3864630      0.3883770      0.3902770      0.3952440      0.3979200      0.3997800      0.4016100      0.4034300      0.4052300      0.4070100      0.4087700      0.4105000      0.4122200      0.4139100      0.4155800    
  0.3539300      0.3539600      0.3539890      0.3571780      0.3634100      0.3634700      0.3691100      0.3746510      0.3748900      0.3751330      0.3776960      0.3826100      0.3830920      0.3835750      0.3848590      0.3864600      0.3883720      0.3951110      0.3998600      0.4018000      0.4036600      0.4054900      0.4073000      0.4090900      0.4108600      0.4126100      0.4143300      0.4160300      0.4177100      0.4193700    
  0.3539450      0.3539600      0.3571340      0.3634100      0.3634400      0.3691300      0.3747700      0.3748900      0.3750110      0.3775820      0.3826100      0.3828510      0.3830920      0.3838420      0.3849650      0.3865640      0.3945150      0.4008300      0.4018000      0.4043370      0.4075500      0.4093800      0.4111800      0.4129600      0.4147200      0.4164600      0.4181700      0.4198600      0.4215200      0.4231600    
  0.3539450      0.3571120      0.3634100      0.3634250      0.3691400      0.3748300      0.3748900      0.3749510      0.3775230      0.3826100      0.3827310      0.3828510      0.3832620      0.3839670      0.3851240      0.3961760      0.4013150      0.4018000      0.4087230      0.4114500      0.4125440      0.4132700      0.4150700      0.4168400      0.4185900      0.4203200      0.4220100      0.4236900      0.4253300      0.4269600    
  0.3571010      0.3634100      0.3634180      0.3691450      0.3748600      0.3748900      0.3749200      0.3774940      0.3826100      0.3826700      0.3827310      0.3829480      0.3833600      0.3958880      0.4057560      0.4135210      0.4135200      0.4146280      0.4160050      0.4173050      0.4153500      0.4171700      0.4189600      0.4207300      0.4224700      0.4241800      0.4258600      0.4275200      0.4291500      0.4307600    
  0.3634100      0.3634140      0.3691480      0.3748750      0.3748900      0.3749050      0.3774780      0.3826100      0.3826400      0.3826700      0.3827830      0.3830130      0.4049920      0.4313220      0.4312000      0.4245490      0.4257290      0.4252400      0.4213730      0.4192600      0.4192600      0.4210700      0.4228600      0.4246100      0.4263400      0.4280500      0.4297200      0.4313600      0.4329800      0.4345700    
  0.3634120      0.3691490      0.3748830      0.3748900      0.3748980      0.3774710      0.3826100      0.3826250      0.3826400      0.3826980      0.4060810      0.4409700      0.4346390      0.4314440      0.4314440      0.4312000      0.4277450      0.4262170      0.4252400      0.4236880      0.4231700      0.4249800      0.4267600      0.4285100      0.4302200      0.4319100      0.4335700      0.4352000      0.4368000      0.4383700    
  0.3691490      0.3748860      0.3748900      0.3748940      0.3774670      0.3826100      0.3826180      0.3826250      0.3826540      0.4106720      0.4409700      0.4409700      0.4409700      0.4348190      0.4316870      0.4316870      0.4312000      0.4283240      0.4271950      0.4252400      0.4270800      0.4288800      0.4306500      0.4324000      0.4341000      0.4357800      0.4374300      0.4390400      0.4406300      0.4421800    
  0.3748880      0.3748900      0.3748920      0.3774650      0.3826100      0.3826140      0.3826180      0.4015070      0.4202970      0.4409810      0.4409700      0.4409700      0.4409700      0.4409700      0.4351750      0.4321750      0.4321750      0.4312000      0.4296620      0.4291500      0.4309800      0.4327800      0.4345500      0.4362800      0.4379800      0.4396500      0.4412800      0.4428800      0.4444500      0.4459800    
  0.3748900      0.3748910      0.3774640      0.3826100      0.3826120      0.4135140      0.4598600      0.4589950      0.4581300      0.4467190      0.4410020      0.4409700      0.4409700      0.4409700      0.4409700      0.4358670      0.4331490      0.4331500      0.4312000      0.4330600      0.4348900      0.4366800      0.4384400      0.4401700      0.4418600      0.4435100      0.4451300      0.4467100      0.4482600      0.4497800    
  0.3748900      0.3774640      0.3826100      0.3826110      0.4196970      0.4598670      0.4598670      0.4598600      0.4589950      0.4581300      0.4467730      0.4410650      0.4409700      0.4409700      0.4409700      0.4409700      0.4371750      0.4350970      0.4351000      0.4369600      0.4387900      0.4405800      0.4423300      0.4440500      0.4457300      0.4473700      0.4489700      0.4505400      0.4520700      0.4535700    
