iMOD/TUTORIALS/TUT_MetaswapAnalyser/model_MetaSWAP/meteo/Evaporation/Evaporation_20061129_L1.ASC
NCOLS                30
NROWS                30
XLLCORNER     160000.00
YLLCORNER     340000.00
CELLSIZE        1000.00
NODATA_VALUE   -9999.00
  0.5344800      0.5331300      0.5317700      0.5304000      0.5290200      0.5276400      0.5262500      0.5248500      0.5234500      0.5220500      0.5206500      0.5192500      0.5178400      0.5164400      0.5150400      0.5136400      0.5122400      0.5108500      0.5094600      0.5080700      0.5067000      0.5053200      0.5039500      0.5025900      0.5012300      0.4998900      0.4985400      0.4972100      0.4958800      0.4945500    
  0.5338000      0.5324500      0.5310900      0.5297200      0.5283400      0.5269500      0.5255600      0.5241600      0.5227600      0.5213600      0.5199600      0.5185500      0.5171500      0.5157500      0.5143400      0.5129400      0.5115500      0.5101600      0.5087700      0.5073800      0.5060000      0.5046300      0.5032600      0.5019000      0.5005400      0.4991900      0.4978500      0.4965100      0.4951800      0.4938600    
  0.5331100      0.5317600      0.5303900      0.5290200      0.5276400      0.5262500      0.5248600      0.5234600      0.5220600      0.5206600      0.5192600      0.5178500      0.5164500      0.5150500      0.5136400      0.5122400      0.5108500      0.5094500      0.5080700      0.5066800      0.5053000      0.5039300      0.5025600      0.5012000      0.4998400      0.4984900      0.4971500      0.4958200      0.4944900      0.4931700    
  0.5324200      0.5310600      0.5296900      0.5283200      0.5269300      0.5255500      0.5241500      0.5227600      0.5213600      0.5199500      0.5185500      0.5171400      0.5157400      0.5143400      0.5129300      0.5115300      0.5101400      0.5087400      0.5073600      0.5059700      0.5045900      0.5032200      0.5018500      0.5004900      0.4991400      0.4977900      0.4964500      0.4951100      0.4937800      0.4924600    
  0.5317100      0.5303500      0.5289800      0.5276000      0.5262200      0.5248300      0.5234400      0.5220400      0.5206400      0.5192400      0.5178300      0.5164300      0.5150200      0.5136200      0.5122200      0.5108200      0.5094200      0.5080300      0.5066400      0.5052600      0.5038800      0.5025000      0.5011400      0.4997800      0.4984200      0.4970700      0.4957300      0.4944000      0.4930700      0.4917500    
  0.5310000      0.5296400      0.5282600      0.5268900      0.5255000      0.5241100      0.5227100      0.5213200      0.5199100      0.5185100      0.5171100      0.5157000      0.5143000      0.5128900      0.5114900      0.5100900      0.5086900      0.5073000      0.5059100      0.5045300      0.5031500      0.5017800      0.5004100      0.4990500      0.4977000      0.4963500      0.4950100      0.4936800      0.4923500      0.4910300    
  0.5302800      0.5289200      0.5275400      0.5261600      0.5247700      0.5233800      0.5219900      0.5205900      0.5191800      0.5177800      0.5163700      0.5149700      0.5135600      0.5121600      0.5107600      0.5093600      0.5079600      0.5065700      0.5051800      0.5038000      0.5024200      0.5010500      0.4996800      0.4983200      0.4969700      0.4956300      0.4942900      0.4929500      0.4916300      0.4903100    
  0.5295600      0.5281900      0.5268100      0.5254300      0.5240400      0.5226500      0.5212500      0.5198500      0.5184400      0.5170400      0.5156300      0.5142300      0.5128200      0.5114200      0.5100200      0.5086200      0.5072200      0.5058300      0.5044400      0.5030600      0.5016800      0.5003100      0.4989500      0.4975900      0.4962400      0.4948900      0.4935600      0.4922200      0.4909000      0.4895900    
  0.5288300      0.5274600      0.5260800      0.5246900      0.5233000      0.5219100      0.5205100      0.5191100      0.5177000      0.5162900      0.5148900      0.5134800      0.5120800      0.5106700      0.5092700      0.5078700      0.5064800      0.5050800      0.5037000      0.5023200      0.5009400      0.4995700      0.4982100      0.4968500      0.4955000      0.4941500      0.4928200      0.4914900      0.4901700      0.4888500    
  0.5281000      0.5267200      0.5253400      0.5239500      0.5225600      0.5211600      0.5197600      0.5183600      0.5169500      0.5155400      0.5141400      0.5127300      0.5113200      0.5099200      0.5085200      0.5071200      0.5057200      0.5043300      0.5029500      0.5015700      0.5001900      0.4988200      0.4974600      0.4961000      0.4947500      0.4934100      0.4920800      0.4907500      0.4894300      0.4881200    
  0.5280970      0.5267200      0.5248050      0.5232100      0.5218100      0.5204100      0.5190100      0.5176000      0.5162000      0.5147900      0.5133800      0.5119700      0.5105700      0.5091600      0.5077600      0.5063600      0.5049700      0.5035800      0.5021900      0.5008100      0.4994300      0.4980700      0.4967000      0.4953500      0.4940000      0.4926600      0.4913300      0.4900000      0.4886900      0.4873800    
  0.5280940      0.5257080      0.5232100      0.5215950      0.5210600      0.5196600      0.5182500      0.5168500      0.5154400      0.5140300      0.5126200      0.5112100      0.5098000      0.5084000      0.5070000      0.5056000      0.5042000      0.5028100      0.5014300      0.5000500      0.4986700      0.4973100      0.4959500      0.4945900      0.4932500      0.4919100      0.4905800      0.4892500      0.4879400      0.4866300    
  0.5266190      0.5232100      0.5214460      0.5206800      0.5203000      0.5189000      0.5174900      0.5160800      0.5146700      0.5132600      0.5118500      0.5104400      0.5090400      0.5076300      0.5062300      0.5048300      0.5034400      0.5020500      0.5006600      0.4992800      0.4979100      0.4965400      0.4951800      0.4938300      0.4924900      0.4911500      0.4898200      0.4885000      0.4871900      0.4858800    
  0.5232100      0.5213620      0.5204900      0.5203000      0.5191130      0.5181400      0.5167300      0.5153200      0.5139100      0.5124900      0.5110800      0.5096700      0.5082600      0.5068600      0.5054600      0.5040600      0.5026600      0.5012700      0.4998900      0.4985100      0.4971400      0.4957700      0.4944200      0.4930700      0.4917200      0.4903900      0.4890600      0.4877400      0.4864300      0.4851300    
  0.5213170      0.5203950      0.5203000      0.5191840      0.5181400      0.5169430      0.5159600      0.5145500      0.5131400      0.5117200      0.5103100      0.5089000      0.5074900      0.5060800      0.5046800      0.5032800      0.5018900      0.5005000      0.4991200      0.4977400      0.4963700      0.4950000      0.4936500      0.4923000      0.4909600      0.4896200      0.4883000      0.4869800      0.4856700      0.4843700    
  0.5203470      0.5203000      0.5192080      0.5181400      0.5170140      0.5159600      0.5152550      0.5145500      0.5125900      0.5109500      0.5095300      0.5081200      0.5067100      0.5053100      0.5039000      0.5025000      0.5011100      0.4997200      0.4983400      0.4969600      0.4955900      0.4942300      0.4928700      0.4915300      0.4901900      0.4888500      0.4875300      0.4862200      0.4849100      0.4836100    
  0.5203000      0.5192160      0.5181400      0.5170380      0.5159600      0.5156070      0.5152550      0.5133360      0.5109500      0.5102400      0.5085000      0.5073400      0.5059300      0.5045200      0.5031200      0.5017200      0.5003300      0.4989400      0.4975600      0.4961800      0.4948100      0.4934500      0.4921000      0.4907500      0.4894100      0.4880800      0.4867600      0.4854500      0.4841500      0.4828500    
  0.5192190      0.5181400      0.5170460      0.5159600      0.5157840      0.5156070      0.5137870      0.5109500      0.5105950      0.5086400      0.5069500      0.5065600      0.5051500      0.5037400      0.5023400      0.5009400      0.4995400      0.4981500      0.4967700      0.4954000      0.4940300      0.4926700      0.4913200      0.4899700      0.4886400      0.4873100      0.4859900      0.4846800      0.4833800      0.4820900    
  0.5181400      0.5170490      0.5159600      0.5158720      0.5157840      0.5140320      0.5109500      0.5107730      0.5087000      0.5067550      0.5065600      0.5058550      0.5046030      0.5029600      0.5015500      0.5001500      0.4987600      0.4973700      0.4959900      0.4946100      0.4932500      0.4918900      0.4905400      0.4891900      0.4878600      0.4865400      0.4852200      0.4839100      0.4826200      0.4813300    
  0.5170500      0.5159600      0.5159160      0.5158720      0.5141590      0.5109500      0.5108610      0.5087280      0.5066570      0.5065600      0.5062080      0.5049940      0.5029600      0.5022550      0.5015530      0.5001530      0.4987600      0.4973730      0.4949680      0.4938300      0.4924600      0.4911000      0.4897500      0.4884100      0.4870800      0.4857600      0.4844500      0.4831400      0.4818500      0.4805600    
  0.5159600      0.5159380      0.5159160      0.5142240      0.5109500      0.5109060      0.5087420      0.5066090      0.5065600      0.5063840      0.5051800      0.5029600      0.5026080      0.5022560      0.5013210      0.5001560      0.4987620      0.4955150      0.4934350      0.4930400      0.4916700      0.4903200      0.4889700      0.4876300      0.4863000      0.4849800      0.4836700      0.4823700      0.4810800      0.4798000    
  0.5159490      0.5159380      0.5142570      0.5109500      0.5109280      0.5087480      0.5065840      0.5065600      0.5064720      0.5052710      0.5029600      0.5027840      0.5026080      0.5020610      0.5012440      0.5000790      0.4961420      0.4932370      0.4930400      0.4918670      0.4908900      0.4895300      0.4881800      0.4868500      0.4855200      0.4842000      0.4829000      0.4816000      0.4803100      0.4790300    
  0.5159490      0.5142740      0.5109500      0.5109390      0.5087520      0.5065720      0.5065600      0.5065160      0.5053160      0.5029600      0.5028720      0.5027840      0.5024840      0.5019710      0.5011280      0.4962560      0.4931390      0.4930400      0.4909800      0.4901000      0.4892860      0.4887400      0.4874000      0.4860600      0.4847400      0.4834200      0.4821200      0.4808300      0.4795400      0.4782700    
  0.5142820      0.5109500      0.5109440      0.5087530      0.5065660      0.5065600      0.5065380      0.5053380      0.5029600      0.5029160      0.5028720      0.5027130      0.5024130      0.4984260      0.4944900      0.4906750      0.4906750      0.4899830      0.4891790      0.4889150      0.4893100      0.4879600      0.4866100      0.4852800      0.4839600      0.4826500      0.4813400      0.4800500      0.4787700      0.4775000    
  0.5109500      0.5109470      0.5087540      0.5065630      0.5065600      0.5065490      0.5053490      0.5029600      0.5029380      0.5029160      0.5028340      0.5026660      0.4959440      0.4880960      0.4881200      0.4887860      0.4882130      0.4883100      0.4884070      0.4885230      0.4885200      0.4871700      0.4858300      0.4845000      0.4831800      0.4818700      0.4805700      0.4792800      0.4780000      0.4767400    
  0.5109490      0.5087550      0.5065620      0.5065600      0.5065540      0.5053550      0.5029600      0.5029490      0.5029380      0.5028960      0.4965550      0.4871800      0.4877700      0.4880710      0.4880710      0.4881200      0.4881380      0.4881150      0.4883100      0.4878800      0.4877400      0.4863900      0.4850500      0.4837200      0.4824000      0.4810900      0.4798000      0.4785100      0.4772400      0.4759800    
  0.5087550      0.5065610      0.5065600      0.5065570      0.5053570      0.5029600      0.5029540      0.5029490      0.5029280      0.4953500      0.4871800      0.4871800      0.4871800      0.4877340      0.4880230      0.4880230      0.4881200      0.4880070      0.4879200      0.4883100      0.4869500      0.4856000      0.4842600      0.4829400      0.4816200      0.4803200      0.4790300      0.4777500      0.4764800      0.4752200    
  0.5065600      0.5065600      0.5065590      0.5053590      0.5029600      0.5029570      0.5029540      0.4984150      0.4932710      0.4871780      0.4871800      0.4871800      0.4871800      0.4871800      0.4876620      0.4879250      0.4879250      0.4881200      0.4876780      0.4875300      0.4861700      0.4848200      0.4834800      0.4821600      0.4808500      0.4795500      0.4782600      0.4769800      0.4757100      0.4744600    
  0.5065600      0.5065590      0.5053590      0.5029600      0.5029590      0.4959820      0.4855200      0.4851750      0.4848300      0.4863910      0.4871740      0.4871800      0.4871800      0.4871800      0.4871800      0.4875200      0.4877310      0.4877300      0.4881200      0.4867500      0.4853900      0.4840400      0.4827100      0.4813900      0.4800800      0.4787800      0.4774900      0.4762200      0.4749600      0.4737100    
  0.5065600      0.5053600      0.5029600      0.5029590      0.4945870      0.4855190      0.4855190      0.4855200      0.4851750      0.4848300      0.4863810      0.4871610      0.4871800      0.4871800      0.4871800      0.4871800      0.4872440      0.4873430      0.4873400      0.4859700      0.4846100      0.4832700      0.4819300      0.4806100      0.4793100      0.4780100      0.4767300      0.4754600      0.4742000      0.4729600    
