iMOD/TUTORIALS/TUT_MetaswapAnalyser/model_MetaSWAP/meteo/Evaporation/Evaporation_20060613_L1.ASC
NCOLS                30
NROWS                30
XLLCORNER     160000.00
YLLCORNER     340000.00
CELLSIZE        1000.00
NODATA_VALUE   -9999.00
   5.545850       5.546830       5.547800       5.548770       5.549740       5.550720       5.551700       5.552700       5.553710       5.554740       5.555800       5.556880       5.557990       5.559130       5.560300       5.561510       5.562760       5.564050       5.565370       5.566740       5.568150       5.569610       5.571110       5.572650       5.574240       5.575870       5.577540       5.579260       5.581020       5.582830    
   5.548750       5.549760       5.550760       5.551760       5.552760       5.553770       5.554780       5.555810       5.556840       5.557900       5.558980       5.560080       5.561210       5.562370       5.563560       5.564790       5.566050       5.567350       5.568680       5.570060       5.571480       5.572940       5.574440       5.575980       5.577570       5.579200       5.580870       5.582580       5.584330       5.586130    
   5.551650       5.552680       5.553720       5.554750       5.555780       5.556810       5.557850       5.558900       5.559970       5.561050       5.562150       5.563280       5.564420       5.565600       5.566810       5.568050       5.569330       5.570640       5.571980       5.573370       5.574790       5.576250       5.577760       5.579300       5.580890       5.582510       5.584180       5.585890       5.587640       5.589430    
   5.554530       5.555600       5.556660       5.557720       5.558770       5.559840       5.560900       5.561980       5.563070       5.564180       5.565300       5.566450       5.567620       5.568820       5.570040       5.571300       5.572590       5.573910       5.575270       5.576660       5.578090       5.579560       5.581070       5.582610       5.584200       5.585820       5.587490       5.589190       5.590940       5.592720    
   5.557400       5.558500       5.559590       5.560670       5.561760       5.562850       5.563940       5.565050       5.566170       5.567300       5.568450       5.569610       5.570810       5.572020       5.573260       5.574540       5.575840       5.577170       5.578540       5.579940       5.581380       5.582860       5.584370       5.585920       5.587500       5.589130       5.590790       5.592490       5.594230       5.596010    
   5.560270       5.561390       5.562510       5.563620       5.564740       5.565850       5.566970       5.568100       5.569250       5.570400       5.571570       5.572760       5.573970       5.575210       5.576470       5.577760       5.579070       5.580420       5.581800       5.583210       5.584660       5.586140       5.587650       5.589210       5.590800       5.592420       5.594080       5.595780       5.597520       5.599290    
   5.563120       5.564270       5.565420       5.566560       5.567700       5.568840       5.569990       5.571150       5.572310       5.573490       5.574690       5.575900       5.577130       5.578380       5.579660       5.580970       5.582300       5.583660       5.585050       5.586470       5.587920       5.589410       5.590930       5.592490       5.594080       5.595700       5.597370       5.599060       5.600790       5.602560    
   5.565970       5.567140       5.568320       5.569480       5.570650       5.571820       5.573000       5.574180       5.575370       5.576570       5.577790       5.579020       5.580270       5.581550       5.582840       5.584160       5.585510       5.586880       5.588280       5.589710       5.591180       5.592670       5.594200       5.595760       5.597350       5.598980       5.600640       5.602340       5.604060       5.605830    
   5.568800       5.570010       5.571210       5.572400       5.573590       5.574790       5.575990       5.577200       5.578410       5.579640       5.580880       5.582130       5.583400       5.584690       5.586010       5.587340       5.588700       5.590090       5.591500       5.592950       5.594420       5.595920       5.597450       5.599020       5.600610       5.602240       5.603900       5.605600       5.607330       5.609090    
   5.571630       5.572860       5.574090       5.575310       5.576530       5.577750       5.578970       5.580200       5.581440       5.582690       5.583950       5.585230       5.586520       5.587830       5.589160       5.590510       5.591890       5.593290       5.594710       5.596170       5.597650       5.599160       5.600700       5.602270       5.603870       5.605500       5.607160       5.608860       5.610580       5.612340    
   5.571630       5.572860       5.575120       5.578200       5.579450       5.580700       5.581940       5.583200       5.584460       5.585730       5.587010       5.588310       5.589620       5.590950       5.592300       5.593670       5.595060       5.596470       5.597910       5.599370       5.600860       5.602380       5.603930       5.605500       5.607110       5.608740       5.610410       5.612100       5.613830       5.615580    
   5.571630       5.574450       5.578200       5.581320       5.582360       5.583630       5.584910       5.586180       5.587470       5.588760       5.590070       5.591380       5.592710       5.594060       5.595430       5.596810       5.598220       5.599640       5.601100       5.602570       5.604070       5.605600       5.607150       5.608730       5.610340       5.611980       5.613640       5.615340       5.617070       5.618820    
   5.573670       5.578200       5.582150       5.583810       5.585260       5.586560       5.587860       5.589160       5.590470       5.591780       5.593110       5.594440       5.595790       5.597160       5.598540       5.599940       5.601360       5.602810       5.604270       5.605760       5.607270       5.608800       5.610360       5.611950       5.613560       5.615200       5.616870       5.618570       5.620290       5.622050    
   5.578200       5.582540       5.584530       5.585260       5.587100       5.589480       5.590800       5.592120       5.593450       5.594790       5.596140       5.597490       5.598860       5.600250       5.601650       5.603060       5.604500       5.605950       5.607430       5.608930       5.610450       5.611990       5.613560       5.615150       5.616770       5.618420       5.620090       5.621790       5.623510       5.625270    
   5.582720       5.584900       5.585260       5.587280       5.589480       5.591340       5.593730       5.595080       5.596430       5.597790       5.599150       5.600530       5.601920       5.603320       5.604740       5.606170       5.607620       5.609090       5.610580       5.612090       5.613620       5.615170       5.616750       5.618350       5.619970       5.621620       5.623300       5.625000       5.626720       5.628480    
   5.585080       5.585260       5.587340       5.589480       5.591520       5.593730       5.594410       5.595080       5.597520       5.600770       5.602160       5.603560       5.604960       5.606380       5.607820       5.609270       5.610730       5.612220       5.613720       5.615240       5.616780       5.618340       5.619930       5.621530       5.623160       5.624820       5.626500       5.628200       5.629920       5.631680    
   5.585260       5.587360       5.589480       5.591580       5.593730       5.594070       5.594410       5.596940       5.600770       5.601470       5.604530       5.606570       5.608000       5.609440       5.610890       5.612350       5.613830       5.615330       5.616840       5.618380       5.619930       5.621500       5.623090       5.624710       5.626340       5.628000       5.629680       5.631390       5.633120       5.634870    
   5.587370       5.589480       5.591600       5.593730       5.593900       5.594070       5.596550       5.600770       5.601120       5.604880       5.608080       5.609580       5.611020       5.612480       5.613940       5.615420       5.616920       5.618430       5.619960       5.621500       5.623060       5.624640       5.626250       5.627870       5.629510       5.631170       5.632860       5.634570       5.636300       5.638050    
   5.589480       5.591600       5.593730       5.593810       5.593900       5.596320       5.600770       5.600940       5.605040       5.608830       5.609580       5.610300       5.612150       5.615510       5.616990       5.618490       5.620000       5.621520       5.623060       5.624620       5.626190       5.627780       5.629390       5.631020       5.632670       5.634340       5.636030       5.637740       5.639470       5.641230    
   5.591600       5.593730       5.593770       5.593810       5.596200       5.600770       5.600860       5.605110       5.609200       5.609580       5.609940       5.611880       5.615510       5.616250       5.617000       5.618490       5.620000       5.621530       5.625550       5.627720       5.629300       5.630900       5.632520       5.634160       5.635810       5.637490       5.639180       5.640900       5.642630       5.644390    
   5.593730       5.593750       5.593770       5.596140       5.600770       5.600810       5.605140       5.609390       5.609580       5.609760       5.611730       5.615510       5.615880       5.616250       5.617250       5.618500       5.620010       5.625430       5.629260       5.630810       5.632410       5.634020       5.635640       5.637290       5.638950       5.640630       5.642330       5.644050       5.645790       5.647540    
   5.593740       5.593750       5.596110       5.600770       5.600790       5.605160       5.609490       5.609580       5.609670       5.611640       5.615510       5.615690       5.615880       5.616460       5.617330       5.618580       5.624960       5.630040       5.630810       5.632910       5.635500       5.637120       5.638760       5.640410       5.642080       5.643760       5.645470       5.647190       5.648930       5.650690    
   5.593740       5.596090       5.600770       5.600780       5.605170       5.609530       5.609580       5.609620       5.611600       5.615510       5.615600       5.615700       5.616010       5.616560       5.617460       5.626250       5.630420       5.630810       5.636370       5.638580       5.639550       5.640210       5.641860       5.643510       5.645190       5.646880       5.648590       5.650320       5.652060       5.653820    
   5.596080       5.600770       5.600780       5.605170       5.609560       5.609580       5.609600       5.611580       5.615510       5.615560       5.615600       5.615770       5.616090       5.625880       5.633700       5.639970       5.639970       5.640950       5.642150       5.643180       5.641650       5.643290       5.644940       5.646610       5.648290       5.649990       5.651710       5.653440       5.655180       5.656950    
   5.600770       5.600770       5.605170       5.609570       5.609580       5.609590       5.611570       5.615510       5.615530       5.615560       5.615640       5.615820       5.633000       5.653570       5.653480       5.648480       5.649510       5.649130       5.646280       5.644710       5.644710       5.646360       5.648020       5.649700       5.651390       5.653090       5.654810       5.656540       5.658300       5.660060    
   5.600770       5.605170       5.609570       5.609580       5.609590       5.611560       5.615510       5.615520       5.615530       5.615580       5.633680       5.660680       5.656020       5.653670       5.653670       5.653480       5.650980       5.649890       5.649130       5.648100       5.647760       5.649420       5.651090       5.652770       5.654470       5.656180       5.657900       5.659640       5.661400       5.663170    
   5.605170       5.609580       5.609580       5.609580       5.611560       5.615510       5.615520       5.615520       5.615540       5.637230       5.660680       5.660680       5.660680       5.656160       5.653850       5.653850       5.653480       5.651430       5.650640       5.649130       5.650790       5.652460       5.654140       5.655840       5.657540       5.659260       5.660990       5.662730       5.664490       5.666260    
   5.609580       5.609580       5.609580       5.611560       5.615510       5.615510       5.615520       5.630020       5.644570       5.660690       5.660680       5.660680       5.660680       5.660680       5.656430       5.654220       5.654230       5.653480       5.652480       5.652150       5.653820       5.655500       5.657190       5.658890       5.660600       5.662320       5.664060       5.665810       5.667570       5.669340    
   5.609580       5.609580       5.611560       5.615510       5.615510       5.639130       5.674560       5.674020       5.673480       5.664970       5.660700       5.660680       5.660680       5.660680       5.660680       5.656960       5.654970       5.654970       5.653480       5.655150       5.656830       5.658520       5.660220       5.661930       5.663650       5.665380       5.667120       5.668870       5.670640       5.672420    
   5.609580       5.611560       5.615510       5.615510       5.643860       5.674570       5.674570       5.674560       5.674020       5.673480       5.665010       5.660750       5.660680       5.660680       5.660680       5.660680       5.657960       5.656460       5.656460       5.658140       5.659840       5.661540       5.663240       5.664960       5.666690       5.668420       5.670170       5.671930       5.673700       5.675480    
