iMOD/TUTORIALS/TUT_MetaswapAnalyser/model_MetaSWAP/meteo/Evaporation/Evaporation_20050813_L1.ASC
NCOLS                30
NROWS                30
XLLCORNER     160000.00
YLLCORNER     340000.00
CELLSIZE        1000.00
NODATA_VALUE   -9999.00
   3.175060       3.179990       3.184850       3.189640       3.194370       3.199030       3.203640       3.208180       3.212680       3.217120       3.221510       3.225850       3.230150       3.234400       3.238620       3.242790       3.246930       3.251040       3.255120       3.259170       3.263190       3.267190       3.271160       3.275120       3.279060       3.282980       3.286890       3.290780       3.294670       3.298540    
   3.178760       3.183670       3.188510       3.193290       3.198000       3.202650       3.207250       3.211790       3.216270       3.220710       3.225090       3.229430       3.233730       3.237990       3.242210       3.246390       3.250530       3.254650       3.258730       3.262790       3.266820       3.270830       3.274820       3.278790       3.282740       3.286680       3.290600       3.294520       3.298420       3.302320    
   3.182430       3.187310       3.192130       3.196890       3.201590       3.206230       3.210820       3.215350       3.219820       3.224250       3.228640       3.232980       3.237270       3.241530       3.245750       3.249930       3.254090       3.258210       3.262300       3.266370       3.270410       3.274430       3.278430       3.282420       3.286380       3.290340       3.294280       3.298210       3.302130       3.306050    
   3.186060       3.190920       3.195720       3.200460       3.205140       3.209770       3.214340       3.218860       3.223340       3.227760       3.232140       3.236480       3.240770       3.245030       3.249250       3.253440       3.257600       3.261720       3.265820       3.269900       3.273950       3.277990       3.282000       3.286000       3.289980       3.293950       3.297910       3.301860       3.305800       3.309740    
   3.189660       3.194500       3.199280       3.204000       3.208660       3.213280       3.217840       3.222350       3.226810       3.231230       3.235600       3.239940       3.244230       3.248490       3.252710       3.256900       3.261070       3.265200       3.269310       3.273390       3.277460       3.281500       3.285520       3.289540       3.293530       3.297520       3.301490       3.305460       3.309420       3.313380    
   3.193240       3.198050       3.202800       3.207500       3.212150       3.216750       3.221300       3.225800       3.230250       3.234660       3.239030       3.243360       3.247650       3.251910       3.256140       3.260330       3.264500       3.268640       3.272750       3.276840       3.280920       3.284970       3.289010       3.293040       3.297050       3.301050       3.305040       3.309030       3.313010       3.316990    
   3.196790       3.201570       3.206300       3.210980       3.215610       3.220190       3.224720       3.229210       3.233660       3.238060       3.242420       3.246750       3.251040       3.255300       3.259520       3.263720       3.267890       3.272040       3.276160       3.280260       3.284340       3.288410       3.292460       3.296500       3.300530       3.304540       3.308550       3.312560       3.316560       3.320550    
   3.200310       3.205060       3.209770       3.214430       3.219040       3.223610       3.228120       3.232600       3.237040       3.241430       3.245790       3.250110       3.254400       3.258650       3.262880       3.267080       3.271250       3.275400       3.279530       3.283640       3.287730       3.291810       3.295870       3.299930       3.303970       3.308000       3.312030       3.316050       3.320070       3.324090    
   3.203810       3.208540       3.213220       3.217860       3.222450       3.227000       3.231500       3.235960       3.240390       3.244770       3.249120       3.253440       3.257720       3.261980       3.266200       3.270400       3.274580       3.278740       3.282870       3.286990       3.291090       3.295180       3.299250       3.303320       3.307380       3.311430       3.315470       3.319510       3.323550       3.327580    
   3.207290       3.211990       3.216650       3.221260       3.225830       3.230360       3.234850       3.239300       3.243710       3.248090       3.252430       3.256740       3.261020       3.265280       3.269500       3.273700       3.277880       3.282040       3.286180       3.290310       3.294420       3.298520       3.302600       3.306680       3.310750       3.314820       3.318880       3.322940       3.326990       3.331050    
   3.207280       3.211980       3.218640       3.224650       3.229200       3.233710       3.238180       3.242620       3.247020       3.251380       3.255720       3.260020       3.264300       3.268550       3.272770       3.276970       3.281160       3.285320       3.289470       3.293600       3.297720       3.301830       3.305920       3.310020       3.314100       3.318180       3.322260       3.326340       3.330410       3.334490    
   3.207260       3.215640       3.224650       3.230570       3.232550       3.237040       3.241500       3.245920       3.250300       3.254660       3.258980       3.263280       3.267550       3.271800       3.276020       3.280220       3.284410       3.288570       3.292720       3.296860       3.300990       3.305110       3.309220       3.313320       3.317420       3.321520       3.325610       3.329710       3.333800       3.337900    
   3.212520       3.224650       3.231330       3.234210       3.235880       3.240350       3.244790       3.249200       3.253570       3.257910       3.262230       3.266520       3.270780       3.275020       3.279250       3.283450       3.287630       3.291800       3.295960       3.300100       3.304240       3.308370       3.312490       3.316600       3.320720       3.324830       3.328940       3.333050       3.337160       3.341280    
   3.224650       3.231730       3.235050       3.235880       3.239960       3.243650       3.248070       3.252460       3.256820       3.261150       3.265460       3.269740       3.274000       3.278230       3.282450       3.286650       3.290840       3.295010       3.299170       3.303320       3.307470       3.311600       3.315740       3.319860       3.323990       3.328120       3.332240       3.336370       3.340500       3.344640    
   3.231930       3.235460       3.235880       3.239830       3.243650       3.247690       3.251340       3.255710       3.260060       3.264380       3.268670       3.272940       3.277190       3.281430       3.285640       3.289840       3.294030       3.298200       3.302370       3.306520       3.310670       3.314820       3.318960       3.323100       3.327240       3.331380       3.335530       3.339670       3.343820       3.347980    
   3.235670       3.235880       3.239790       3.243650       3.247560       3.251340       3.253520       3.255700       3.261930       3.267590       3.271870       3.276140       3.280380       3.284600       3.288820       3.293010       3.297200       3.301380       3.305540       3.309700       3.313860       3.318020       3.322170       3.326320       3.330470       3.334630       3.338790       3.342950       3.347120       3.351300    
   3.235880       3.239770       3.243650       3.247520       3.251340       3.252430       3.253520       3.259690       3.267590       3.269730       3.275480       3.279320       3.283550       3.287770       3.291980       3.296170       3.300360       3.304530       3.308700       3.312870       3.317030       3.321200       3.325360       3.329520       3.333690       3.337860       3.342030       3.346210       3.350400       3.354600    
   3.239770       3.243650       3.247500       3.251340       3.251890       3.252430       3.258310       3.267590       3.268660       3.275240       3.280910       3.282490       3.286710       3.290930       3.295130       3.299320       3.303500       3.307680       3.311850       3.316020       3.320190       3.324360       3.328530       3.332710       3.336890       3.341070       3.345260       3.349460       3.353670       3.357880    
   3.243650       3.247500       3.251340       3.251610       3.251890       3.257550       3.267590       3.268130       3.275140       3.281700       3.282490       3.284600       3.288550       3.294070       3.298270       3.302460       3.306640       3.310820       3.314990       3.319160       3.323340       3.327520       3.331700       3.335880       3.340070       3.344270       3.348480       3.352690       3.356920       3.361150    
   3.247500       3.251340       3.251480       3.251610       3.257160       3.267590       3.267860       3.275090       3.282090       3.282490       3.283550       3.287430       3.294070       3.296170       3.298270       3.302460       3.306640       3.310820       3.318540       3.322300       3.326480       3.330660       3.334850       3.339040       3.343250       3.347460       3.351680       3.355910       3.360160       3.364410    
   3.251340       3.251410       3.251480       3.256960       3.267590       3.267720       3.275060       3.282290       3.282490       3.283020       3.286880       3.294070       3.295120       3.296170       3.298960       3.302450       3.306640       3.317050       3.323860       3.325420       3.329600       3.333790       3.337990       3.342200       3.346410       3.350640       3.354880       3.359120       3.363380       3.367660    
   3.251370       3.251410       3.256860       3.267590       3.267660       3.275050       3.282390       3.282490       3.282750       3.286620       3.294070       3.294600       3.295120       3.296750       3.299200       3.302690       3.315240       3.324640       3.325420       3.329250       3.332720       3.336920       3.341130       3.345340       3.349570       3.353810       3.358060       3.362330       3.366600       3.370900    
   3.251370       3.256810       3.267590       3.267620       3.275050       3.282440       3.282490       3.282620       3.286480       3.294070       3.294330       3.294590       3.295490       3.297020       3.299540       3.315380       3.325030       3.325420       3.332760       3.335840       3.338360       3.340040       3.344260       3.348480       3.352720       3.356980       3.361240       3.365520       3.369820       3.374130    
   3.256780       3.267590       3.267610       3.275040       3.282470       3.282490       3.282560       3.286420       3.294070       3.294200       3.294330       3.294810       3.295700       3.309560       3.322590       3.334760       3.334760       3.336930       3.339480       3.340520       3.338960       3.343160       3.347390       3.351620       3.355870       3.360140       3.364420       3.368720       3.373030       3.377360    
   3.267590       3.267600       3.275040       3.282480       3.282490       3.282520       3.286380       3.294070       3.294140       3.294200       3.294450       3.294950       3.318540       3.346270       3.346170       3.342660       3.344490       3.344100       3.342900       3.342070       3.342070       3.346280       3.350510       3.354760       3.359020       3.363300       3.367590       3.371910       3.376240       3.380590    
   3.267590       3.275040       3.282480       3.282490       3.282510       3.286370       3.294070       3.294100       3.294140       3.294260       3.317310       3.351490       3.348090       3.346370       3.346370       3.346170       3.345220       3.344880       3.344100       3.344920       3.345190       3.349400       3.353640       3.357890       3.362160       3.366460       3.370770       3.375100       3.379450       3.383820    
   3.275040       3.282490       3.282490       3.282500       3.286360       3.294070       3.294090       3.294100       3.294170       3.321740       3.351490       3.351490       3.351490       3.348240       3.346560       3.346560       3.346170       3.345730       3.345660       3.344100       3.348310       3.352530       3.356770       3.361030       3.365310       3.369620       3.373950       3.378290       3.382660       3.387050    
   3.282490       3.282490       3.282490       3.286350       3.294070       3.294080       3.294090       3.311500       3.330120       3.351500       3.351490       3.351490       3.351490       3.351490       3.348530       3.346960       3.346960       3.346170       3.346960       3.347230       3.351430       3.355660       3.359900       3.364180       3.368470       3.372790       3.377130       3.381490       3.385880       3.390280    
   3.282490       3.282490       3.286350       3.294070       3.294070       3.321620       3.362940       3.363290       3.363630       3.355560       3.351520       3.351490       3.351490       3.351490       3.351490       3.349100       3.347740       3.347740       3.346170       3.350360       3.354560       3.358790       3.363050       3.367330       3.371630       3.375960       3.380320       3.384700       3.389100       3.393530    
   3.282490       3.286350       3.294070       3.294070       3.327130       3.362950       3.362950       3.362940       3.363290       3.363630       3.355610       3.351570       3.351490       3.351490       3.351490       3.351490       3.350200       3.349320       3.349320       3.353500       3.357700       3.361940       3.366200       3.370480       3.374800       3.379140       3.383510       3.387910       3.392330       3.396780    
