iMOD/TUTORIALS/TUT_MetaswapAnalyser/model_MetaSWAP/meteo/Evaporation/Evaporation_20061120_L1.ASC
NCOLS                30
NROWS                30
XLLCORNER     160000.00
YLLCORNER     340000.00
CELLSIZE        1000.00
NODATA_VALUE   -9999.00
  0.1412900      0.1414700      0.1416400      0.1417900      0.1419300      0.1420600      0.1421900      0.1423100      0.1424200      0.1425300      0.1426300      0.1427400      0.1428400      0.1429400      0.1430500      0.1431600      0.1432700      0.1433800      0.1435000      0.1436300      0.1437600      0.1438900      0.1440400      0.1441900      0.1443500      0.1445100      0.1446900      0.1448700      0.1450600      0.1452600    
  0.1419000      0.1420800      0.1422400      0.1424000      0.1425400      0.1426800      0.1428100      0.1429300      0.1430400      0.1431500      0.1432600      0.1433700      0.1434800      0.1435800      0.1436900      0.1438000      0.1439100      0.1440300      0.1441500      0.1442700      0.1444100      0.1445400      0.1446900      0.1448400      0.1449900      0.1451600      0.1453300      0.1455100      0.1457000      0.1459000    
  0.1424900      0.1426700      0.1428400      0.1430000      0.1431400      0.1432800      0.1434100      0.1435400      0.1436600      0.1437700      0.1438800      0.1439900      0.1441000      0.1442100      0.1443200      0.1444300      0.1445500      0.1446600      0.1447900      0.1449100      0.1450400      0.1451800      0.1453300      0.1454800      0.1456300      0.1458000      0.1459700      0.1461500      0.1463400      0.1465400    
  0.1430800      0.1432600      0.1434300      0.1435900      0.1437400      0.1438800      0.1440100      0.1441400      0.1442600      0.1443800      0.1444900      0.1446000      0.1447200      0.1448300      0.1449400      0.1450500      0.1451700      0.1452900      0.1454100      0.1455400      0.1456700      0.1458100      0.1459600      0.1461100      0.1462700      0.1464300      0.1466000      0.1467800      0.1469700      0.1471700    
  0.1436600      0.1438400      0.1440100      0.1441700      0.1443200      0.1444600      0.1446000      0.1447300      0.1448500      0.1449700      0.1450900      0.1452100      0.1453200      0.1454300      0.1455500      0.1456700      0.1457800      0.1459100      0.1460300      0.1461600      0.1462900      0.1464300      0.1465800      0.1467300      0.1468900      0.1470500      0.1472300      0.1474100      0.1475900      0.1477900    
  0.1442300      0.1444100      0.1445800      0.1447400      0.1449000      0.1450400      0.1451800      0.1453100      0.1454400      0.1455600      0.1456800      0.1458000      0.1459200      0.1460300      0.1461500      0.1462700      0.1463900      0.1465100      0.1466400      0.1467700      0.1469000      0.1470500      0.1471900      0.1473400      0.1475000      0.1476700      0.1478400      0.1480200      0.1482100      0.1484000    
  0.1447900      0.1449800      0.1451500      0.1453100      0.1454700      0.1456100      0.1457500      0.1458900      0.1460200      0.1461400      0.1462700      0.1463900      0.1465000      0.1466200      0.1467400      0.1468600      0.1469900      0.1471100      0.1472400      0.1473700      0.1475100      0.1476500      0.1478000      0.1479500      0.1481100      0.1482700      0.1484500      0.1486300      0.1488100      0.1490100    
  0.1453500      0.1455300      0.1457100      0.1458700      0.1460300      0.1461800      0.1463200      0.1464500      0.1465900      0.1467100      0.1468400      0.1469600      0.1470800      0.1472000      0.1473300      0.1474500      0.1475700      0.1477000      0.1478300      0.1479600      0.1481000      0.1482500      0.1483900      0.1485500      0.1487100      0.1488700      0.1490500      0.1492300      0.1494100      0.1496100    
  0.1459100      0.1460900      0.1462600      0.1464300      0.1465800      0.1467300      0.1468800      0.1470200      0.1471500      0.1472800      0.1474100      0.1475300      0.1476500      0.1477800      0.1479000      0.1480300      0.1481500      0.1482800      0.1484100      0.1485500      0.1486900      0.1488300      0.1489800      0.1491400      0.1493000      0.1494700      0.1496400      0.1498200      0.1500100      0.1502000    
  0.1464500      0.1466400      0.1468100      0.1469700      0.1471300      0.1472800      0.1474300      0.1475700      0.1477000      0.1478400      0.1479700      0.1480900      0.1482200      0.1483400      0.1484700      0.1486000      0.1487200      0.1488600      0.1489900      0.1491300      0.1492700      0.1494100      0.1495600      0.1497200      0.1498800      0.1500500      0.1502200      0.1504100      0.1505900      0.1507900    
  0.1464500      0.1466330      0.1469850      0.1475200      0.1476800      0.1478300      0.1479700      0.1481200      0.1482500      0.1483900      0.1485200      0.1486500      0.1487800      0.1489000      0.1490300      0.1491600      0.1492900      0.1494200      0.1495600      0.1497000      0.1498400      0.1499900      0.1501400      0.1503000      0.1504600      0.1506300      0.1508000      0.1509800      0.1511700      0.1513700    
  0.1464470      0.1468970      0.1475200      0.1480400      0.1482100      0.1483700      0.1485100      0.1486600      0.1488000      0.1489300      0.1490600      0.1492000      0.1493200      0.1494500      0.1495800      0.1497100      0.1498500      0.1499800      0.1501200      0.1502600      0.1504000      0.1505500      0.1507100      0.1508600      0.1510300      0.1512000      0.1513700      0.1515600      0.1517500      0.1519400    
  0.1467800      0.1475200      0.1481980      0.1484800      0.1487500      0.1489000      0.1490500      0.1491900      0.1493300      0.1494700      0.1496000      0.1497400      0.1498700      0.1500000      0.1501300      0.1502600      0.1504000      0.1505300      0.1506700      0.1508200      0.1509600      0.1511100      0.1512700      0.1514300      0.1515900      0.1517600      0.1519400      0.1521200      0.1523100      0.1525100    
  0.1475200      0.1482710      0.1486150      0.1487500      0.1490270      0.1494300      0.1495800      0.1497200      0.1498600      0.1500000      0.1501400      0.1502700      0.1504100      0.1505400      0.1506700      0.1508100      0.1509400      0.1510800      0.1512200      0.1513700      0.1515100      0.1516700      0.1518200      0.1519800      0.1521500      0.1523200      0.1525000      0.1526800      0.1528800      0.1530700    
  0.1483060      0.1486830      0.1487500      0.1490690      0.1494300      0.1497030      0.1501000      0.1502500      0.1503900      0.1505300      0.1506700      0.1508000      0.1509400      0.1510700      0.1512100      0.1513400      0.1514800      0.1516200      0.1517600      0.1519100      0.1520600      0.1522100      0.1523700      0.1525300      0.1527000      0.1528700      0.1530500      0.1532400      0.1534300      0.1536300    
  0.1487160      0.1487500      0.1490830      0.1494300      0.1497440      0.1501000      0.1501750      0.1502470      0.1505550      0.1510500      0.1511900      0.1513300      0.1514700      0.1516000      0.1517400      0.1518800      0.1520200      0.1521600      0.1523000      0.1524500      0.1526000      0.1527500      0.1529100      0.1530800      0.1532500      0.1534200      0.1536000      0.1537900      0.1539800      0.1541800    
  0.1487500      0.1490880      0.1494300      0.1497580      0.1501000      0.1501370      0.1501740      0.1505070      0.1510500      0.1511200      0.1515580      0.1518500      0.1519900      0.1521200      0.1522600      0.1524000      0.1525400      0.1526900      0.1528300      0.1529800      0.1531300      0.1532900      0.1534500      0.1536200      0.1537900      0.1539600      0.1541500      0.1543300      0.1545300      0.1547300    
  0.1490890      0.1494300      0.1497630      0.1501000      0.1501190      0.1501370      0.1504670      0.1510500      0.1510850      0.1516420      0.1521100      0.1523700      0.1525000      0.1526400      0.1527800      0.1529200      0.1530700      0.1532100      0.1533600      0.1535100      0.1536600      0.1538200      0.1539800      0.1541500      0.1543200      0.1545000      0.1546800      0.1548700      0.1550700      0.1552700    
  0.1494300      0.1497640      0.1501000      0.1501090      0.1501190      0.1504430      0.1510500      0.1510670      0.1516770      0.1522400      0.1523700      0.1524350      0.1526680      0.1531600      0.1533000      0.1534400      0.1535800      0.1537300      0.1538800      0.1540300      0.1541900      0.1543500      0.1545100      0.1546800      0.1548500      0.1550300      0.1552200      0.1554100      0.1556000      0.1558100    
  0.1497650      0.1501000      0.1501050      0.1501090      0.1504300      0.1510500      0.1510590      0.1516940      0.1523050      0.1523700      0.1524030      0.1526580      0.1531600      0.1532300      0.1533000      0.1534400      0.1535830      0.1537300      0.1542500      0.1545500      0.1547100      0.1548700      0.1550300      0.1552000      0.1553800      0.1555600      0.1557500      0.1559400      0.1561400      0.1563400    
  0.1501000      0.1501020      0.1501050      0.1504240      0.1510500      0.1510540      0.1517020      0.1523380      0.1523700      0.1523860      0.1526480      0.1531600      0.1531950      0.1532300      0.1533230      0.1534410      0.1535840      0.1542860      0.1548050      0.1550600      0.1552200      0.1553800      0.1555500      0.1557200      0.1559000      0.1560800      0.1562700      0.1564600      0.1566600      0.1568700    
  0.1501010      0.1501020      0.1504200      0.1510500      0.1510520      0.1517060      0.1523540      0.1523700      0.1523780      0.1526410      0.1531600      0.1531770      0.1531950      0.1532490      0.1533310      0.1534500      0.1542610      0.1549320      0.1550600      0.1553370      0.1557300      0.1559000      0.1560700      0.1562400      0.1564200      0.1566000      0.1567900      0.1569900      0.1571900      0.1574000    
  0.1501010      0.1504180      0.1510500      0.1510510      0.1517080      0.1523620      0.1523700      0.1523740      0.1526370      0.1531600      0.1531690      0.1531770      0.1532070      0.1532590      0.1533440      0.1545210      0.1549960      0.1550600      0.1559090      0.1562400      0.1563400      0.1564100      0.1565800      0.1567500      0.1569300      0.1571200      0.1573100      0.1575100      0.1577100      0.1579200    
  0.1504180      0.1510500      0.1510510      0.1517090      0.1523660      0.1523700      0.1523720      0.1526350      0.1531600      0.1531640      0.1531690      0.1531850      0.1532140      0.1546750      0.1557630      0.1565650      0.1565650      0.1566810      0.1568290      0.1570000      0.1567500      0.1569100      0.1570800      0.1572600      0.1574400      0.1576300      0.1578200      0.1580200      0.1582200      0.1584400    
  0.1510500      0.1510500      0.1517100      0.1523680      0.1523700      0.1523710      0.1526340      0.1531600      0.1531620      0.1531640      0.1531730      0.1531890      0.1557800      0.1589050      0.1588900      0.1579990      0.1581320      0.1580700      0.1575350      0.1572470      0.1572500      0.1574100      0.1575900      0.1577700      0.1579500      0.1581400      0.1583300      0.1585300      0.1587400      0.1589500    
  0.1510500      0.1517100      0.1523690      0.1523700      0.1523710      0.1526340      0.1531600      0.1531610      0.1531620      0.1531660      0.1559810      0.1601900      0.1593460      0.1589210      0.1589210      0.1588900      0.1584090      0.1581950      0.1580700      0.1578250      0.1577400      0.1579100      0.1580900      0.1582700      0.1584500      0.1586400      0.1588400      0.1590400      0.1592500      0.1594600    
  0.1517100      0.1523690      0.1523700      0.1523700      0.1526340      0.1531600      0.1531610      0.1531610      0.1531630      0.1565380      0.1601900      0.1601900      0.1601900      0.1593690      0.1589510      0.1589510      0.1588900      0.1584820      0.1583200      0.1580700      0.1582400      0.1584100      0.1585900      0.1587700      0.1589500      0.1591500      0.1593400      0.1595500      0.1597600      0.1599700    
  0.1523700      0.1523700      0.1523700      0.1526330      0.1531600      0.1531600      0.1531610      0.1554840      0.1577420      0.1601910      0.1601900      0.1601900      0.1601900      0.1601900      0.1594130      0.1590120      0.1590120      0.1588900      0.1586480      0.1585700      0.1587300      0.1589100      0.1590800      0.1592700      0.1594500      0.1596500      0.1598500      0.1600500      0.1602600      0.1604800    
  0.1523700      0.1523700      0.1526330      0.1531600      0.1531600      0.1570080      0.1627800      0.1626150      0.1624500      0.1609470      0.1601940      0.1601900      0.1601900      0.1601900      0.1601900      0.1595000      0.1591350      0.1591350      0.1588900      0.1590600      0.1592200      0.1594000      0.1595800      0.1597600      0.1599500      0.1601500      0.1603500      0.1605500      0.1607700      0.1609900    
  0.1523700      0.1526330      0.1531600      0.1531600      0.1577780      0.1627810      0.1627810      0.1627800      0.1626150      0.1624500      0.1609540      0.1602020      0.1601900      0.1601900      0.1601900      0.1601900      0.1596630      0.1593800      0.1593800      0.1595400      0.1597100      0.1598900      0.1600700      0.1602500      0.1604400      0.1606400      0.1608400      0.1610500      0.1612700      0.1614900    
