iMOD/TUTORIALS/TUT_MetaswapAnalyser/model_MetaSWAP/meteo/Evaporation/Evaporation_20050118_L1.ASC
NCOLS                30
NROWS                30
XLLCORNER     160000.00
YLLCORNER     340000.00
CELLSIZE        1000.00
NODATA_VALUE   -9999.00
  0.1101700      0.1096100      0.1090600      0.1085100      0.1079600      0.1074200      0.1068900      0.1063600      0.1058500      0.1053300      0.1048300      0.1043400      0.1038500      0.1033700      0.1029000      0.1024400      0.1019900      0.1015400      0.1011100      0.1006800      0.1002600      0.9985000E-01  0.9945000E-01  0.9906000E-01  0.9868000E-01  0.9831000E-01  0.9794000E-01  0.9759000E-01  0.9724000E-01  0.9690000E-01
  0.1095300      0.1089700      0.1084100      0.1078600      0.1073100      0.1067700      0.1062400      0.1057100      0.1051900      0.1046700      0.1041700      0.1036700      0.1031800      0.1027000      0.1022300      0.1017600      0.1013100      0.1008600      0.1004200      0.9999000E-01  0.9957000E-01  0.9916000E-01  0.9875000E-01  0.9836000E-01  0.9797000E-01  0.9760000E-01  0.9723000E-01  0.9687000E-01  0.9651000E-01  0.9617000E-01
  0.1088900      0.1083300      0.1077700      0.1072100      0.1066600      0.1061200      0.1055800      0.1050500      0.1045300      0.1040200      0.1035100      0.1030100      0.1025200      0.1020300      0.1015600      0.1010900      0.1006300      0.1001800      0.9974000E-01  0.9930000E-01  0.9888000E-01  0.9846000E-01  0.9806000E-01  0.9766000E-01  0.9727000E-01  0.9688000E-01  0.9651000E-01  0.9615000E-01  0.9579000E-01  0.9544000E-01
  0.1082500      0.1076800      0.1071200      0.1065700      0.1060200      0.1054700      0.1049300      0.1044000      0.1038800      0.1033600      0.1028500      0.1023500      0.1018500      0.1013700      0.1008900      0.1004200      0.9996000E-01  0.9950000E-01  0.9906000E-01  0.9862000E-01  0.9819000E-01  0.9777000E-01  0.9736000E-01  0.9696000E-01  0.9656000E-01  0.9618000E-01  0.9580000E-01  0.9543000E-01  0.9507000E-01  0.9471000E-01
  0.1076200      0.1070500      0.1064800      0.1059200      0.1053700      0.1048200      0.1042800      0.1037500      0.1032200      0.1027100      0.1021900      0.1016900      0.1011900      0.1007000      0.1002200      0.9975000E-01  0.9928000E-01  0.9883000E-01  0.9838000E-01  0.9794000E-01  0.9750000E-01  0.9708000E-01  0.9667000E-01  0.9626000E-01  0.9586000E-01  0.9547000E-01  0.9509000E-01  0.9471000E-01  0.9435000E-01  0.9399000E-01
  0.1069800      0.1064100      0.1058400      0.1052800      0.1047300      0.1041800      0.1036400      0.1031000      0.1025700      0.1020500      0.1015400      0.1010300      0.1005300      0.1000400      0.9955000E-01  0.9908000E-01  0.9861000E-01  0.9815000E-01  0.9770000E-01  0.9726000E-01  0.9682000E-01  0.9639000E-01  0.9597000E-01  0.9556000E-01  0.9516000E-01  0.9477000E-01  0.9438000E-01  0.9400000E-01  0.9363000E-01  0.9327000E-01
  0.1063500      0.1057700      0.1052100      0.1046400      0.1040900      0.1035400      0.1029900      0.1024500      0.1019200      0.1014000      0.1008800      0.1003700      0.9987000E-01  0.9938000E-01  0.9889000E-01  0.9841000E-01  0.9794000E-01  0.9748000E-01  0.9702000E-01  0.9658000E-01  0.9614000E-01  0.9571000E-01  0.9528000E-01  0.9487000E-01  0.9446000E-01  0.9406000E-01  0.9367000E-01  0.9329000E-01  0.9291000E-01  0.9255000E-01
  0.1057200      0.1051400      0.1045700      0.1040100      0.1034500      0.1028900      0.1023500      0.1018100      0.1012800      0.1007500      0.1002300      0.9972000E-01  0.9921000E-01  0.9872000E-01  0.9823000E-01  0.9775000E-01  0.9727000E-01  0.9681000E-01  0.9635000E-01  0.9590000E-01  0.9546000E-01  0.9502000E-01  0.9460000E-01  0.9418000E-01  0.9377000E-01  0.9336000E-01  0.9297000E-01  0.9258000E-01  0.9220000E-01  0.9183000E-01
  0.1050900      0.1045100      0.1039400      0.1033700      0.1028100      0.1022500      0.1017100      0.1011600      0.1006300      0.1001000      0.9958000E-01  0.9907000E-01  0.9856000E-01  0.9806000E-01  0.9757000E-01  0.9708000E-01  0.9661000E-01  0.9614000E-01  0.9568000E-01  0.9522000E-01  0.9478000E-01  0.9434000E-01  0.9391000E-01  0.9349000E-01  0.9307000E-01  0.9267000E-01  0.9227000E-01  0.9188000E-01  0.9149000E-01  0.9112000E-01
  0.1044600      0.1038800      0.1033000      0.1027400      0.1021700      0.1016200      0.1010700      0.1005200      0.9998000E-01  0.9945000E-01  0.9893000E-01  0.9841000E-01  0.9790000E-01  0.9740000E-01  0.9691000E-01  0.9642000E-01  0.9594000E-01  0.9547000E-01  0.9500000E-01  0.9455000E-01  0.9410000E-01  0.9366000E-01  0.9322000E-01  0.9280000E-01  0.9238000E-01  0.9197000E-01  0.9157000E-01  0.9117000E-01  0.9078000E-01  0.9040000E-01
  0.1044630      0.1038800      0.1030050      0.1021000      0.1015400      0.1009800      0.1004300      0.9988000E-01  0.9934000E-01  0.9881000E-01  0.9828000E-01  0.9776000E-01  0.9725000E-01  0.9675000E-01  0.9625000E-01  0.9576000E-01  0.9528000E-01  0.9480000E-01  0.9434000E-01  0.9388000E-01  0.9342000E-01  0.9298000E-01  0.9254000E-01  0.9211000E-01  0.9169000E-01  0.9128000E-01  0.9087000E-01  0.9047000E-01  0.9008000E-01  0.8969000E-01
  0.1044640      0.1033620      0.1021000      0.1012050      0.1009100      0.1003400      0.9979000E-01  0.9924000E-01  0.9870000E-01  0.9816000E-01  0.9764000E-01  0.9711000E-01  0.9660000E-01  0.9609000E-01  0.9559000E-01  0.9510000E-01  0.9462000E-01  0.9414000E-01  0.9367000E-01  0.9320000E-01  0.9275000E-01  0.9230000E-01  0.9186000E-01  0.9143000E-01  0.9100000E-01  0.9059000E-01  0.9017000E-01  0.8977000E-01  0.8938000E-01  0.8899000E-01
  0.1037450      0.1021000      0.1010410      0.1005900      0.1002700      0.9971000E-01  0.9915000E-01  0.9860000E-01  0.9806000E-01  0.9752000E-01  0.9699000E-01  0.9647000E-01  0.9595000E-01  0.9544000E-01  0.9494000E-01  0.9444000E-01  0.9395000E-01  0.9347000E-01  0.9300000E-01  0.9253000E-01  0.9208000E-01  0.9163000E-01  0.9118000E-01  0.9075000E-01  0.9032000E-01  0.8990000E-01  0.8948000E-01  0.8907000E-01  0.8867000E-01  0.8828000E-01
  0.1021000      0.1009600      0.1004300      0.1002700      0.9968670E-01  0.9908000E-01  0.9852000E-01  0.9797000E-01  0.9742000E-01  0.9688000E-01  0.9635000E-01  0.9582000E-01  0.9530000E-01  0.9479000E-01  0.9428000E-01  0.9379000E-01  0.9330000E-01  0.9281000E-01  0.9234000E-01  0.9187000E-01  0.9141000E-01  0.9095000E-01  0.9050000E-01  0.9006000E-01  0.8963000E-01  0.8921000E-01  0.8879000E-01  0.8838000E-01  0.8797000E-01  0.8758000E-01
  0.1009200      0.1003500      0.1002700      0.9967890E-01  0.9908000E-01  0.9849330E-01  0.9788000E-01  0.9733000E-01  0.9678000E-01  0.9624000E-01  0.9570000E-01  0.9518000E-01  0.9465000E-01  0.9414000E-01  0.9363000E-01  0.9313000E-01  0.9264000E-01  0.9215000E-01  0.9167000E-01  0.9120000E-01  0.9074000E-01  0.9028000E-01  0.8983000E-01  0.8938000E-01  0.8895000E-01  0.8852000E-01  0.8810000E-01  0.8768000E-01  0.8728000E-01  0.8688000E-01
  0.1003100      0.1002700      0.9967630E-01  0.9908000E-01  0.9848440E-01  0.9788000E-01  0.9760500E-01  0.9733000E-01  0.9648750E-01  0.9560000E-01  0.9506000E-01  0.9453000E-01  0.9401000E-01  0.9349000E-01  0.9298000E-01  0.9248000E-01  0.9198000E-01  0.9149000E-01  0.9101000E-01  0.9054000E-01  0.9007000E-01  0.8961000E-01  0.8915000E-01  0.8871000E-01  0.8827000E-01  0.8784000E-01  0.8741000E-01  0.8699000E-01  0.8658000E-01  0.8618000E-01
  0.1002700      0.9967540E-01  0.9908000E-01  0.9848150E-01  0.9788000E-01  0.9774250E-01  0.9760500E-01  0.9675560E-01  0.9560000E-01  0.9533000E-01  0.9446600E-01  0.9389000E-01  0.9336000E-01  0.9284000E-01  0.9233000E-01  0.9182000E-01  0.9133000E-01  0.9083000E-01  0.9035000E-01  0.8987000E-01  0.8940000E-01  0.8894000E-01  0.8848000E-01  0.8803000E-01  0.8759000E-01  0.8715000E-01  0.8672000E-01  0.8630000E-01  0.8589000E-01  0.8548000E-01
  0.9967510E-01  0.9908000E-01  0.9848050E-01  0.9788000E-01  0.9781130E-01  0.9774250E-01  0.9692580E-01  0.9560000E-01  0.9546500E-01  0.9444320E-01  0.9357000E-01  0.9325000E-01  0.9272000E-01  0.9220000E-01  0.9168000E-01  0.9117000E-01  0.9067000E-01  0.9018000E-01  0.8969000E-01  0.8921000E-01  0.8874000E-01  0.8827000E-01  0.8781000E-01  0.8736000E-01  0.8691000E-01  0.8647000E-01  0.8604000E-01  0.8561000E-01  0.8519000E-01  0.8478000E-01
  0.9908000E-01  0.9848020E-01  0.9788000E-01  0.9784560E-01  0.9781130E-01  0.9701990E-01  0.9560000E-01  0.9553250E-01  0.9443360E-01  0.9341000E-01  0.9325000E-01  0.9298500E-01  0.9243000E-01  0.9155000E-01  0.9103000E-01  0.9052000E-01  0.9002000E-01  0.8952000E-01  0.8903000E-01  0.8855000E-01  0.8807000E-01  0.8760000E-01  0.8714000E-01  0.8668000E-01  0.8623000E-01  0.8579000E-01  0.8535000E-01  0.8493000E-01  0.8450000E-01  0.8409000E-01
  0.9848010E-01  0.9788000E-01  0.9786280E-01  0.9784560E-01  0.9706920E-01  0.9560000E-01  0.9556630E-01  0.9442920E-01  0.9333000E-01  0.9325000E-01  0.9311750E-01  0.9255370E-01  0.9155000E-01  0.9129000E-01  0.9103330E-01  0.9052330E-01  0.9002000E-01  0.8952330E-01  0.8844400E-01  0.8789000E-01  0.8741000E-01  0.8694000E-01  0.8647000E-01  0.8601000E-01  0.8556000E-01  0.8511000E-01  0.8467000E-01  0.8424000E-01  0.8381000E-01  0.8340000E-01
  0.9788000E-01  0.9787140E-01  0.9786280E-01  0.9709440E-01  0.9560000E-01  0.9558310E-01  0.9442710E-01  0.9329000E-01  0.9325000E-01  0.9318380E-01  0.9261780E-01  0.9155000E-01  0.9142000E-01  0.9129110E-01  0.9094890E-01  0.9052560E-01  0.9002220E-01  0.8855550E-01  0.8756000E-01  0.8723000E-01  0.8675000E-01  0.8627000E-01  0.8580000E-01  0.8534000E-01  0.8488000E-01  0.8443000E-01  0.8399000E-01  0.8356000E-01  0.8313000E-01  0.8270000E-01
  0.9787570E-01  0.9787140E-01  0.9710720E-01  0.9560000E-01  0.9559160E-01  0.9442600E-01  0.9327000E-01  0.9325000E-01  0.9321690E-01  0.9265040E-01  0.9155000E-01  0.9148500E-01  0.9142040E-01  0.9122000E-01  0.9092180E-01  0.9049890E-01  0.8874560E-01  0.8739500E-01  0.8723000E-01  0.8669000E-01  0.8609000E-01  0.8561000E-01  0.8514000E-01  0.8467000E-01  0.8421000E-01  0.8376000E-01  0.8331000E-01  0.8287000E-01  0.8244000E-01  0.8201000E-01
  0.9787570E-01  0.9711360E-01  0.9560000E-01  0.9559580E-01  0.9442550E-01  0.9326000E-01  0.9325000E-01  0.9323340E-01  0.9266680E-01  0.9155000E-01  0.9151750E-01  0.9148510E-01  0.9137510E-01  0.9118740E-01  0.9088020E-01  0.8854880E-01  0.8731250E-01  0.8723000E-01  0.8594750E-01  0.8543000E-01  0.8514000E-01  0.8495000E-01  0.8447000E-01  0.8400000E-01  0.8354000E-01  0.8308000E-01  0.8263000E-01  0.8219000E-01  0.8176000E-01  0.8133000E-01
  0.9711680E-01  0.9560000E-01  0.9559790E-01  0.9442530E-01  0.9325500E-01  0.9325000E-01  0.9324170E-01  0.9267510E-01  0.9155000E-01  0.9153380E-01  0.9151750E-01  0.9145920E-01  0.9134920E-01  0.8898820E-01  0.8697960E-01  0.8526540E-01  0.8526500E-01  0.8499130E-01  0.8466110E-01  0.8444000E-01  0.8477000E-01  0.8428000E-01  0.8381000E-01  0.8333000E-01  0.8287000E-01  0.8241000E-01  0.8196000E-01  0.8151000E-01  0.8107000E-01  0.8064000E-01
  0.9560000E-01  0.9559900E-01  0.9442510E-01  0.9325250E-01  0.9325000E-01  0.9324590E-01  0.9267920E-01  0.9155000E-01  0.9154190E-01  0.9153380E-01  0.9150350E-01  0.9144200E-01  0.8735120E-01  0.8248970E-01  0.8251000E-01  0.8348580E-01  0.8321880E-01  0.8330000E-01  0.8381770E-01  0.8411330E-01  0.8411000E-01  0.8362000E-01  0.8314000E-01  0.8267000E-01  0.8220000E-01  0.8174000E-01  0.8128000E-01  0.8083000E-01  0.8039000E-01  0.7996000E-01
  0.9559950E-01  0.9442510E-01  0.9325120E-01  0.9325000E-01  0.9324790E-01  0.9268130E-01  0.9155000E-01  0.9154590E-01  0.9154190E-01  0.9152640E-01  0.8733590E-01  0.8110000E-01  0.8200970E-01  0.8246940E-01  0.8246940E-01  0.8251000E-01  0.8294940E-01  0.8313750E-01  0.8330000E-01  0.8341750E-01  0.8346000E-01  0.8297000E-01  0.8248000E-01  0.8200000E-01  0.8153000E-01  0.8107000E-01  0.8061000E-01  0.8016000E-01  0.7971000E-01  0.7927000E-01
  0.9442500E-01  0.9325060E-01  0.9325000E-01  0.9324900E-01  0.9268230E-01  0.9155000E-01  0.9154800E-01  0.9154590E-01  0.9153810E-01  0.8652080E-01  0.8110000E-01  0.8110000E-01  0.8110000E-01  0.8197960E-01  0.8242890E-01  0.8242880E-01  0.8251000E-01  0.8285000E-01  0.8297500E-01  0.8330000E-01  0.8280000E-01  0.8231000E-01  0.8182000E-01  0.8134000E-01  0.8087000E-01  0.8040000E-01  0.7994000E-01  0.7948000E-01  0.7903000E-01  0.7859000E-01
  0.9325030E-01  0.9325000E-01  0.9324950E-01  0.9268280E-01  0.9155000E-01  0.9154900E-01  0.9154800E-01  0.8826800E-01  0.8489190E-01  0.8109820E-01  0.8110000E-01  0.8110000E-01  0.8110000E-01  0.8110000E-01  0.8192030E-01  0.8234790E-01  0.8234750E-01  0.8251000E-01  0.8261500E-01  0.8265000E-01  0.8215000E-01  0.8165000E-01  0.8116000E-01  0.8068000E-01  0.8020000E-01  0.7973000E-01  0.7927000E-01  0.7881000E-01  0.7835000E-01  0.7791000E-01
  0.9325000E-01  0.9324970E-01  0.9268310E-01  0.9155000E-01  0.9154950E-01  0.8627310E-01  0.7836000E-01  0.7840000E-01  0.7844000E-01  0.8020860E-01  0.8109470E-01  0.8110000E-01  0.8110000E-01  0.8110000E-01  0.8110000E-01  0.8180440E-01  0.8218610E-01  0.8218500E-01  0.8251000E-01  0.8200000E-01  0.8149000E-01  0.8100000E-01  0.8050000E-01  0.8002000E-01  0.7954000E-01  0.7906000E-01  0.7859000E-01  0.7813000E-01  0.7768000E-01  0.7723000E-01
  0.9324990E-01  0.9268320E-01  0.9155000E-01  0.9154970E-01  0.8521750E-01  0.7835880E-01  0.7835880E-01  0.7836000E-01  0.7839990E-01  0.7844000E-01  0.8019950E-01  0.8108420E-01  0.8110000E-01  0.8110000E-01  0.8110000E-01  0.8110000E-01  0.8158400E-01  0.8186330E-01  0.8186000E-01  0.8135000E-01  0.8084000E-01  0.8034000E-01  0.7985000E-01  0.7936000E-01  0.7887000E-01  0.7840000E-01  0.7793000E-01  0.7746000E-01  0.7700000E-01  0.7655000E-01
