iMOD/TUTORIALS/TUT_MetaswapAnalyser/model_MetaSWAP/meteo/Evaporation/Evaporation_20060128_L1.ASC
NCOLS                30
NROWS                30
XLLCORNER     160000.00
YLLCORNER     340000.00
CELLSIZE        1000.00
NODATA_VALUE   -9999.00
  0.5412600      0.5407500      0.5402500      0.5397600      0.5392600      0.5387800      0.5383000      0.5378200      0.5373500      0.5368900      0.5364300      0.5359700      0.5355200      0.5350800      0.5346400      0.5342000      0.5337600      0.5333300      0.5329100      0.5324900      0.5320700      0.5316600      0.5312400      0.5308400      0.5304300      0.5300300      0.5296300      0.5292300      0.5288400      0.5284500    
  0.5412900      0.5407800      0.5402800      0.5397800      0.5392800      0.5388000      0.5383100      0.5378400      0.5373700      0.5369000      0.5364400      0.5359800      0.5355300      0.5350800      0.5346300      0.5341900      0.5337600      0.5333300      0.5329000      0.5324700      0.5320500      0.5316400      0.5312200      0.5308100      0.5304100      0.5300000      0.5296000      0.5292100      0.5288100      0.5284200    
  0.5413200      0.5408100      0.5403000      0.5398000      0.5393100      0.5388200      0.5383300      0.5378500      0.5373800      0.5369100      0.5364400      0.5359800      0.5355300      0.5350800      0.5346300      0.5341900      0.5337500      0.5333200      0.5328900      0.5324600      0.5320400      0.5316200      0.5312100      0.5308000      0.5303900      0.5299800      0.5295800      0.5291800      0.5287800      0.5283900    
  0.5413500      0.5408400      0.5403300      0.5398300      0.5393300      0.5388400      0.5383500      0.5378700      0.5373900      0.5369200      0.5364600      0.5359900      0.5355400      0.5350800      0.5346300      0.5341900      0.5337500      0.5333100      0.5328800      0.5324500      0.5320300      0.5316100      0.5311900      0.5307800      0.5303700      0.5299600      0.5295600      0.5291500      0.5287600      0.5283600    
  0.5413900      0.5408700      0.5403600      0.5398600      0.5393600      0.5388600      0.5383700      0.5378900      0.5374100      0.5369400      0.5364700      0.5360000      0.5355400      0.5350900      0.5346400      0.5341900      0.5337500      0.5333100      0.5328800      0.5324500      0.5320200      0.5316000      0.5311800      0.5307600      0.5303500      0.5299400      0.5295400      0.5291300      0.5287300      0.5283300    
  0.5414300      0.5409100      0.5404000      0.5398900      0.5393900      0.5388900      0.5384000      0.5379100      0.5374300      0.5369600      0.5364800      0.5360200      0.5355600      0.5351000      0.5346400      0.5342000      0.5337500      0.5333100      0.5328800      0.5324400      0.5320200      0.5315900      0.5311700      0.5307500      0.5303400      0.5299300      0.5295200      0.5291100      0.5287100      0.5283100    
  0.5414700      0.5409500      0.5404300      0.5399200      0.5394200      0.5389200      0.5384300      0.5379400      0.5374500      0.5369800      0.5365000      0.5360300      0.5355700      0.5351100      0.5346500      0.5342000      0.5337600      0.5333100      0.5328800      0.5324400      0.5320100      0.5315800      0.5311600      0.5307400      0.5303300      0.5299100      0.5295000      0.5291000      0.5286900      0.5282900    
  0.5415100      0.5409900      0.5404700      0.5399600      0.5394500      0.5389500      0.5384500      0.5379600      0.5374800      0.5370000      0.5365200      0.5360500      0.5355800      0.5351200      0.5346600      0.5342100      0.5337600      0.5333200      0.5328800      0.5324400      0.5320100      0.5315800      0.5311500      0.5307300      0.5303200      0.5299000      0.5294900      0.5290800      0.5286700      0.5282700    
  0.5415500      0.5410300      0.5405100      0.5399900      0.5394900      0.5389800      0.5384800      0.5379900      0.5375000      0.5370200      0.5365400      0.5360700      0.5356000      0.5351400      0.5346800      0.5342200      0.5337700      0.5333200      0.5328800      0.5324400      0.5320100      0.5315800      0.5311500      0.5307300      0.5303100      0.5298900      0.5294800      0.5290700      0.5286600      0.5282500    
  0.5416000      0.5410700      0.5405500      0.5400300      0.5395200      0.5390200      0.5385200      0.5380200      0.5375300      0.5370500      0.5365700      0.5360900      0.5356200      0.5351500      0.5346900      0.5342300      0.5337800      0.5333300      0.5328900      0.5324500      0.5320100      0.5315800      0.5311500      0.5307200      0.5303000      0.5298800      0.5294700      0.5290600      0.5286500      0.5282400    
  0.5416000      0.5410730      0.5404300      0.5400700      0.5395600      0.5390500      0.5385500      0.5380500      0.5375600      0.5370700      0.5365900      0.5361100      0.5356400      0.5351700      0.5347100      0.5342500      0.5337900      0.5333400      0.5329000      0.5324500      0.5320100      0.5315800      0.5311500      0.5307200      0.5303000      0.5298800      0.5294600      0.5290500      0.5286400      0.5282300    
  0.5416020      0.5407930      0.5400700      0.5397200      0.5396000      0.5390900      0.5385900      0.5380900      0.5375900      0.5371000      0.5366200      0.5361400      0.5356600      0.5351900      0.5347300      0.5342700      0.5338100      0.5333600      0.5329100      0.5324600      0.5320200      0.5315800      0.5311500      0.5307200      0.5303000      0.5298700      0.5294600      0.5290400      0.5286300      0.5282200    
  0.5411500      0.5400700      0.5397660      0.5396250      0.5396500      0.5391300      0.5386300      0.5381300      0.5376300      0.5371400      0.5366500      0.5361700      0.5356900      0.5352200      0.5347500      0.5342800      0.5338200      0.5333700      0.5329200      0.5324700      0.5320300      0.5315900      0.5311600      0.5307200      0.5303000      0.5298700      0.5294500      0.5290400      0.5286200      0.5282100    
  0.5400700      0.5397810      0.5396380      0.5396500      0.5393200      0.5391800      0.5386700      0.5381600      0.5376600      0.5371700      0.5366800      0.5362000      0.5357200      0.5352400      0.5347700      0.5343100      0.5338400      0.5333900      0.5329300      0.5324800      0.5320400      0.5316000      0.5311600      0.5307300      0.5303000      0.5298700      0.5294500      0.5290300      0.5286200      0.5282000    
  0.5397860      0.5396440      0.5396500      0.5393830      0.5391800      0.5388530      0.5387100      0.5382000      0.5377000      0.5372100      0.5367100      0.5362300      0.5357500      0.5352700      0.5348000      0.5343300      0.5338600      0.5334100      0.5329500      0.5325000      0.5320500      0.5316100      0.5311700      0.5307400      0.5303100      0.5298800      0.5294500      0.5290300      0.5286200      0.5282000    
  0.5396470      0.5396500      0.5394040      0.5391800      0.5389140      0.5387100      0.5384550      0.5382030      0.5375880      0.5372400      0.5367500      0.5362600      0.5357800      0.5353000      0.5348200      0.5343500      0.5338900      0.5334300      0.5329700      0.5325200      0.5320700      0.5316200      0.5311800      0.5307500      0.5303100      0.5298800      0.5294600      0.5290300      0.5286200      0.5282000    
  0.5396500      0.5394110      0.5391800      0.5389350      0.5387100      0.5385830      0.5384560      0.5378710      0.5372400      0.5369950      0.5365760      0.5363000      0.5358100      0.5353300      0.5348500      0.5343800      0.5339100      0.5334500      0.5329900      0.5325300      0.5320800      0.5316400      0.5312000      0.5307600      0.5303200      0.5298900      0.5294600      0.5290400      0.5286200      0.5282000    
  0.5394140      0.5391800      0.5389420      0.5387100      0.5386460      0.5385830      0.5380380      0.5372400      0.5371180      0.5366910      0.5363150      0.5363300      0.5358500      0.5353600      0.5348800      0.5344100      0.5339400      0.5334700      0.5330100      0.5325600      0.5321000      0.5316500      0.5312100      0.5307700      0.5303300      0.5299000      0.5294700      0.5290500      0.5286200      0.5282000    
  0.5391800      0.5389440      0.5387100      0.5386780      0.5386460      0.5381270      0.5372400      0.5371790      0.5367400      0.5363220      0.5363300      0.5360900      0.5357350      0.5354000      0.5349200      0.5344400      0.5339700      0.5335000      0.5330400      0.5325800      0.5321200      0.5316700      0.5312300      0.5307900      0.5303500      0.5299100      0.5294800      0.5290500      0.5286300      0.5282100    
  0.5389450      0.5387100      0.5386940      0.5386780      0.5381730      0.5372400      0.5372090      0.5367630      0.5363260      0.5363300      0.5362100      0.5358890      0.5354000      0.5351600      0.5349200      0.5344430      0.5339700      0.5335030      0.5328700      0.5326000      0.5321500      0.5316900      0.5312500      0.5308000      0.5303600      0.5299300      0.5294900      0.5290600      0.5286400      0.5282200    
  0.5387100      0.5387020      0.5386940      0.5381960      0.5372400      0.5372250      0.5367740      0.5363280      0.5363300      0.5362700      0.5359570      0.5354000      0.5352800      0.5351600      0.5348410      0.5344440      0.5339720      0.5331180      0.5326150      0.5326300      0.5321700      0.5317200      0.5312700      0.5308200      0.5303800      0.5299400      0.5295100      0.5290800      0.5286500      0.5282300    
  0.5387060      0.5387020      0.5382080      0.5372400      0.5372320      0.5367800      0.5363290      0.5363300      0.5363000      0.5359890      0.5354000      0.5353400      0.5352800      0.5350940      0.5348150      0.5344190      0.5333570      0.5326230      0.5326300      0.5323330      0.5322000      0.5317400      0.5312900      0.5308400      0.5304000      0.5299600      0.5295200      0.5290900      0.5286600      0.5282400    
  0.5387060      0.5382140      0.5372400      0.5372360      0.5367820      0.5363300      0.5363300      0.5363150      0.5360050      0.5354000      0.5353700      0.5353400      0.5352380      0.5350630      0.5347760      0.5335910      0.5326260      0.5326300      0.5323670      0.5322300      0.5319540      0.5317700      0.5313200      0.5308700      0.5304200      0.5299800      0.5295400      0.5291100      0.5286800      0.5282500    
  0.5382170      0.5372400      0.5372380      0.5367840      0.5363300      0.5363300      0.5363220      0.5360120      0.5354000      0.5353850      0.5353700      0.5353160      0.5352140      0.5346190      0.5337610      0.5327350      0.5327350      0.5325140      0.5322660      0.5322750      0.5322600      0.5318000      0.5313400      0.5308900      0.5304500      0.5300000      0.5295600      0.5291300      0.5287000      0.5282700    
  0.5372400      0.5372390      0.5367840      0.5363300      0.5363300      0.5363260      0.5360160      0.5354000      0.5353930      0.5353850      0.5353570      0.5353000      0.5343910      0.5334020      0.5334000      0.5330020      0.5328450      0.5328400      0.5324660      0.5322930      0.5322900      0.5318300      0.5313700      0.5309200      0.5304700      0.5300300      0.5295900      0.5291500      0.5287200      0.5282900    
  0.5372400      0.5367850      0.5363300      0.5363300      0.5363280      0.5360180      0.5354000      0.5353960      0.5353930      0.5353780      0.5348240      0.5340400      0.5336160      0.5334030      0.5334030      0.5334000      0.5330290      0.5328500      0.5328400      0.5324570      0.5323300      0.5318700      0.5314100      0.5309500      0.5305000      0.5300600      0.5296100      0.5291800      0.5287400      0.5283100    
  0.5367850      0.5363300      0.5363300      0.5363290      0.5360190      0.5354000      0.5353980      0.5353960      0.5353890      0.5347350      0.5340400      0.5340400      0.5340400      0.5336180      0.5334060      0.5334060      0.5334000      0.5330280      0.5328600      0.5328400      0.5323700      0.5319000      0.5314400      0.5309800      0.5305300      0.5300800      0.5296400      0.5292000      0.5287700      0.5283300    
  0.5363300      0.5363300      0.5363300      0.5360200      0.5354000      0.5353990      0.5353980      0.5352580      0.5347870      0.5340400      0.5340400      0.5340400      0.5340400      0.5340400      0.5336220      0.5334120      0.5334120      0.5334000      0.5330100      0.5328800      0.5324100      0.5319400      0.5314800      0.5310200      0.5305700      0.5301200      0.5296700      0.5292300      0.5287900      0.5283600    
  0.5363300      0.5363300      0.5360200      0.5354000      0.5354000      0.5354110      0.5354300      0.5351400      0.5348500      0.5343100      0.5340400      0.5340400      0.5340400      0.5340400      0.5340400      0.5336290      0.5334250      0.5334250      0.5334000      0.5329200      0.5324500      0.5319800      0.5315200      0.5310600      0.5306000      0.5301500      0.5297000      0.5292600      0.5288200      0.5283900    
  0.5363300      0.5360200      0.5354000      0.5354000      0.5354140      0.5354300      0.5354300      0.5354300      0.5351400      0.5348500      0.5343110      0.5340410      0.5340400      0.5340400      0.5340400      0.5340400      0.5336380      0.5334500      0.5334500      0.5329700      0.5324900      0.5320200      0.5315600      0.5311000      0.5306400      0.5301900      0.5297400      0.5292900      0.5288500      0.5284200    
