iMOD/TUTORIALS/TUT_MetaswapAnalyser/model_MetaSWAP/meteo/Evaporation/Evaporation_20060110_L1.ASC
NCOLS                30
NROWS                30
XLLCORNER     160000.00
YLLCORNER     340000.00
CELLSIZE        1000.00
NODATA_VALUE   -9999.00
  0.3592000      0.3594400      0.3596800      0.3599300      0.3601700      0.3604200      0.3606700      0.3609200      0.3611800      0.3614400      0.3617000      0.3619600      0.3622300      0.3625000      0.3627700      0.3630500      0.3633300      0.3636100      0.3639000      0.3641900      0.3644800      0.3647800      0.3650800      0.3653900      0.3657000      0.3660100      0.3663300      0.3666500      0.3669800      0.3673100    
  0.3607000      0.3609500      0.3612000      0.3614500      0.3617000      0.3619600      0.3622100      0.3624700      0.3627300      0.3629900      0.3632600      0.3635300      0.3638000      0.3640700      0.3643500      0.3646300      0.3649200      0.3652000      0.3654900      0.3657900      0.3660800      0.3663800      0.3666900      0.3670000      0.3673100      0.3676300      0.3679500      0.3682700      0.3686000      0.3689300    
  0.3621900      0.3624500      0.3627100      0.3629700      0.3632300      0.3634900      0.3637500      0.3640100      0.3642800      0.3645500      0.3648200      0.3650900      0.3653700      0.3656500      0.3659300      0.3662100      0.3665000      0.3667900      0.3670900      0.3673800      0.3676800      0.3679900      0.3683000      0.3686100      0.3689200      0.3692400      0.3695600      0.3698800      0.3702100      0.3705400    
  0.3636900      0.3639500      0.3642200      0.3644800      0.3647500      0.3650100      0.3652800      0.3655500      0.3658300      0.3661000      0.3663800      0.3666600      0.3669400      0.3672200      0.3675100      0.3678000      0.3680900      0.3683800      0.3686800      0.3689800      0.3692800      0.3695900      0.3699000      0.3702100      0.3705300      0.3708500      0.3711700      0.3715000      0.3718300      0.3721600    
  0.3651800      0.3654500      0.3657200      0.3659900      0.3662700      0.3665400      0.3668200      0.3670900      0.3673700      0.3676500      0.3679300      0.3682200      0.3685000      0.3687900      0.3690800      0.3693700      0.3696700      0.3699700      0.3702700      0.3705700      0.3708800      0.3711900      0.3715000      0.3718200      0.3721300      0.3724600      0.3727800      0.3731100      0.3734400      0.3737800    
  0.3666700      0.3669500      0.3672300      0.3675000      0.3677800      0.3680600      0.3683500      0.3686300      0.3689100      0.3692000      0.3694900      0.3697700      0.3700700      0.3703600      0.3706500      0.3709500      0.3712500      0.3715500      0.3718600      0.3721600      0.3724700      0.3727900      0.3731000      0.3734200      0.3737400      0.3740600      0.3743900      0.3747200      0.3750500      0.3753900    
  0.3681500      0.3684400      0.3687300      0.3690100      0.3693000      0.3695900      0.3698700      0.3701600      0.3704500      0.3707400      0.3710400      0.3713300      0.3716300      0.3719200      0.3722200      0.3725200      0.3728300      0.3731300      0.3734400      0.3737500      0.3740700      0.3743800      0.3747000      0.3750200      0.3753400      0.3756700      0.3760000      0.3763300      0.3766600      0.3770000    
  0.3696400      0.3699300      0.3702200      0.3705200      0.3708100      0.3711000      0.3714000      0.3716900      0.3719900      0.3722900      0.3725800      0.3728800      0.3731800      0.3734900      0.3737900      0.3741000      0.3744000      0.3747100      0.3750200      0.3753400      0.3756500      0.3759700      0.3762900      0.3766200      0.3769400      0.3772700      0.3776000      0.3779300      0.3782700      0.3786100    
  0.3711200      0.3714200      0.3717200      0.3720200      0.3723200      0.3726200      0.3729200      0.3732200      0.3735200      0.3738200      0.3741300      0.3744300      0.3747400      0.3750500      0.3753500      0.3756600      0.3759800      0.3762900      0.3766100      0.3769200      0.3772400      0.3775600      0.3778900      0.3782100      0.3785400      0.3788700      0.3792000      0.3795400      0.3798700      0.3802100    
  0.3725900      0.3729000      0.3732100      0.3735200      0.3738200      0.3741300      0.3744400      0.3747400      0.3750500      0.3753600      0.3756700      0.3759800      0.3762900      0.3766000      0.3769200      0.3772300      0.3775500      0.3778600      0.3781800      0.3785000      0.3788300      0.3791500      0.3794800      0.3798100      0.3801400      0.3804700      0.3808000      0.3811400      0.3814800      0.3818200    
  0.3725900      0.3729000      0.3736600      0.3750100      0.3753300      0.3756400      0.3759500      0.3762700      0.3765800      0.3768900      0.3772100      0.3775200      0.3778400      0.3781600      0.3784800      0.3787900      0.3791100      0.3794400      0.3797600      0.3800800      0.3804100      0.3807400      0.3810700      0.3814000      0.3817300      0.3820600      0.3824000      0.3827400      0.3830800      0.3834200    
  0.3725900      0.3735400      0.3750100      0.3763730      0.3768300      0.3771500      0.3774700      0.3777900      0.3781000      0.3784200      0.3787400      0.3790700      0.3793900      0.3797100      0.3800300      0.3803500      0.3806800      0.3810000      0.3813300      0.3816600      0.3819900      0.3823200      0.3826500      0.3829800      0.3833200      0.3836600      0.3839900      0.3843300      0.3846800      0.3850200    
  0.3733550      0.3750100      0.3768190      0.3775750      0.3783200      0.3786500      0.3789700      0.3793000      0.3796300      0.3799500      0.3802800      0.3806000      0.3809300      0.3812600      0.3815800      0.3819100      0.3822400      0.3825700      0.3829000      0.3832300      0.3835700      0.3839000      0.3842300      0.3845700      0.3849100      0.3852500      0.3855900      0.3859300      0.3862700      0.3866200    
  0.3750100      0.3770240      0.3779480      0.3783200      0.3790400      0.3801500      0.3804800      0.3808100      0.3811400      0.3814800      0.3818100      0.3821400      0.3824700      0.3828000      0.3831300      0.3834700      0.3838000      0.3841300      0.3844700      0.3848000      0.3851400      0.3854800      0.3858100      0.3861500      0.3864900      0.3868300      0.3871800      0.3875200      0.3878700      0.3882100    
  0.3771220      0.3781340      0.3783200      0.3791700      0.3801500      0.3808700      0.3819800      0.3823200      0.3826600      0.3830000      0.3833300      0.3836700      0.3840100      0.3843400      0.3846800      0.3850200      0.3853600      0.3856900      0.3860300      0.3863700      0.3867100      0.3870500      0.3873900      0.3877300      0.3880700      0.3884200      0.3887600      0.3891100      0.3894600      0.3898000    
  0.3782270      0.3783200      0.3792130      0.3801500      0.3810000      0.3819800      0.3821500      0.3823200      0.3831230      0.3845100      0.3848600      0.3852000      0.3855400      0.3858800      0.3862300      0.3865700      0.3869100      0.3872500      0.3875900      0.3879300      0.3882800      0.3886200      0.3889600      0.3893100      0.3896500      0.3900000      0.3903500      0.3906900      0.3910400      0.3913900    
  0.3783200      0.3792280      0.3801500      0.3810430      0.3819800      0.3820650      0.3821500      0.3830260      0.3845100      0.3846850      0.3859080      0.3867200      0.3870700      0.3874200      0.3877700      0.3881100      0.3884600      0.3888000      0.3891500      0.3895000      0.3898400      0.3901900      0.3905400      0.3908800      0.3912300      0.3915800      0.3919300      0.3922800      0.3926300      0.3929800    
  0.3792330      0.3801500      0.3810580      0.3819800      0.3820230      0.3820650      0.3829380      0.3845100      0.3845980      0.3861680      0.3874850      0.3882500      0.3886000      0.3889500      0.3893000      0.3896500      0.3900000      0.3903500      0.3907000      0.3910500      0.3914000      0.3917500      0.3921000      0.3924500      0.3928000      0.3931500      0.3935100      0.3938600      0.3942100      0.3945600    
  0.3801500      0.3810630      0.3819800      0.3820010      0.3820230      0.3828840      0.3845100      0.3845540      0.3862790      0.3878680      0.3882500      0.3884250      0.3890700      0.3904800      0.3908400      0.3911900      0.3915500      0.3919000      0.3922600      0.3926100      0.3929600      0.3933200      0.3936700      0.3940200      0.3943700      0.3947300      0.3950800      0.3954300      0.3957900      0.3961400    
  0.3810640      0.3819800      0.3819910      0.3820010      0.3828540      0.3845100      0.3845320      0.3863300      0.3880590      0.3882500      0.3883370      0.3890560      0.3904800      0.3906600      0.3908370      0.3911930      0.3915470      0.3919030      0.3933280      0.3941600      0.3945200      0.3948700      0.3952300      0.3955800      0.3959400      0.3963000      0.3966500      0.3970100      0.3973600      0.3977200    
  0.3819800      0.3819850      0.3819910      0.3828390      0.3845100      0.3845210      0.3863550      0.3881540      0.3882500      0.3882940      0.3890310      0.3904800      0.3905700      0.3906590      0.3908970      0.3911920      0.3915480      0.3934850      0.3949350      0.3957100      0.3960700      0.3964300      0.3967900      0.3971500      0.3975000      0.3978600      0.3982200      0.3985800      0.3989300      0.3992900    
  0.3819830      0.3819850      0.3828310      0.3845100      0.3845150      0.3863680      0.3882020      0.3882500      0.3882720      0.3890140      0.3904800      0.3905250      0.3905700      0.3907090      0.3909160      0.3912120      0.3934510      0.3953230      0.3957100      0.3964670      0.3976200      0.3979800      0.3983400      0.3987000      0.3990600      0.3994200      0.3997800      0.4001400      0.4005000      0.4008600    
  0.3819830      0.3828270      0.3845100      0.3845130      0.3863740      0.3882260      0.3882500      0.3882610      0.3890040      0.3904800      0.3905030      0.3905250      0.3906010      0.3907310      0.3909460      0.3942820      0.3955160      0.3957100      0.3982020      0.3991600      0.3993800      0.3995300      0.3998900      0.4002600      0.4006200      0.4009800      0.4013400      0.4017100      0.4020700      0.4024300    
  0.3828250      0.3845100      0.3845110      0.3863770      0.3882380      0.3882500      0.3882550      0.3889990      0.3904800      0.3904910      0.3905020      0.3905430      0.3906190      0.3949590      0.3980970      0.4003140      0.4003150      0.4005920      0.4009560      0.4014700      0.4007000      0.4010700      0.4014400      0.4018100      0.4021700      0.4025400      0.4029000      0.4032700      0.4036300      0.4039900    
  0.3845100      0.3845110      0.3863780      0.3882440      0.3882500      0.3882530      0.3889960      0.3904800      0.3904860      0.3904910      0.3905120      0.3905550      0.3982770      0.4076070      0.4075600      0.4047460      0.4051100      0.4049200      0.4031710      0.4022370      0.4022400      0.4026100      0.4029800      0.4033500      0.4037200      0.4040900      0.4044600      0.4048200      0.4051900      0.4055500    
  0.3845100      0.3863790      0.3882470      0.3882500      0.3882510      0.3889950      0.3904800      0.3904830      0.3904860      0.3904960      0.3989800      0.4116700      0.4090000      0.4076540      0.4076540      0.4075600      0.4060000      0.4053000      0.4049200      0.4040580      0.4037700      0.4041500      0.4045200      0.4049000      0.4052700      0.4056400      0.4060100      0.4063700      0.4067400      0.4071100    
  0.3863800      0.3882490      0.3882500      0.3882510      0.3889940      0.3904800      0.3904810      0.3904830      0.3904880      0.4006600      0.4116700      0.4116700      0.4116700      0.4090700      0.4077490      0.4077490      0.4075600      0.4062200      0.4056800      0.4049200      0.4053000      0.4056800      0.4060600      0.4064300      0.4068100      0.4071800      0.4075500      0.4079200      0.4082900      0.4086600    
  0.3882490      0.3882500      0.3882500      0.3889940      0.3904800      0.3904810      0.3904810      0.3975230      0.4043250      0.4116740      0.4116700      0.4116700      0.4116700      0.4116700      0.4092080      0.4079370      0.4079370      0.4075600      0.4067200      0.4064400      0.4068200      0.4072100      0.4075900      0.4079700      0.4083500      0.4087200      0.4090900      0.4094700      0.4098400      0.4102100    
  0.3882500      0.3882500      0.3889940      0.3904800      0.3904800      0.4021530      0.4196600      0.4191500      0.4186400      0.4140040      0.4116820      0.4116700      0.4116700      0.4116700      0.4116700      0.4094750      0.4083150      0.4083150      0.4075600      0.4079600      0.4083500      0.4087300      0.4091200      0.4095000      0.4098800      0.4102600      0.4106300      0.4110100      0.4113800      0.4117500    
  0.3882500      0.3889930      0.3904800      0.3904800      0.4044890      0.4196630      0.4196630      0.4196600      0.4191500      0.4186400      0.4140250      0.4117070      0.4116700      0.4116700      0.4116700      0.4116700      0.4099760      0.4090700      0.4090700      0.4094700      0.4098600      0.4102500      0.4106400      0.4110300      0.4114100      0.4117900      0.4121700      0.4125400      0.4129200      0.4132900    
