iMOD/TUTORIALS/TUT_MetaswapAnalyser/model_MetaSWAP/meteo/Evaporation/Evaporation_20050310_L1.ASC
NCOLS                30
NROWS                30
XLLCORNER     160000.00
YLLCORNER     340000.00
CELLSIZE        1000.00
NODATA_VALUE   -9999.00
   1.279090       1.283680       1.288300       1.292950       1.297610       1.302300       1.307000       1.311720       1.316460       1.321210       1.325980       1.330760       1.335540       1.340340       1.345150       1.349960       1.354780       1.359600       1.364430       1.369270       1.374100       1.378950       1.383790       1.388630       1.393480       1.398320       1.403170       1.408010       1.412860       1.417700    
   1.281690       1.286260       1.290850       1.295460       1.300100       1.304760       1.309440       1.314130       1.318840       1.323570       1.328310       1.333060       1.337830       1.342600       1.347390       1.352180       1.356980       1.361780       1.366600       1.371410       1.376240       1.381060       1.385890       1.390720       1.395550       1.400390       1.405220       1.410060       1.414890       1.419730    
   1.284290       1.288830       1.293390       1.297980       1.302590       1.307220       1.311870       1.316540       1.321220       1.325930       1.330640       1.335370       1.340110       1.344860       1.349630       1.354400       1.359180       1.363970       1.368760       1.373560       1.378370       1.383180       1.387990       1.392810       1.397630       1.402450       1.407270       1.412100       1.416930       1.421750    
   1.286890       1.291400       1.295940       1.300500       1.305080       1.309680       1.314310       1.318950       1.323610       1.328280       1.332980       1.337680       1.342400       1.347130       1.351870       1.356620       1.361380       1.366150       1.370930       1.375710       1.380500       1.385290       1.390090       1.394900       1.399700       1.404510       1.409330       1.414140       1.418960       1.423780    
   1.289490       1.293970       1.298480       1.303010       1.307570       1.312150       1.316740       1.321360       1.325990       1.330650       1.335310       1.339990       1.344690       1.349400       1.354120       1.358850       1.363590       1.368340       1.373100       1.377860       1.382630       1.387410       1.392200       1.396990       1.401780       1.406580       1.411380       1.416190       1.420990       1.425800    
   1.292090       1.296550       1.301030       1.305530       1.310060       1.314610       1.319180       1.323770       1.328380       1.333010       1.337650       1.342310       1.346980       1.351670       1.356370       1.361080       1.365800       1.370530       1.375270       1.380020       1.384770       1.389530       1.394300       1.399080       1.403860       1.408650       1.413440       1.418230       1.423030       1.427830    
   1.294690       1.299120       1.303580       1.308050       1.312560       1.317080       1.321620       1.326190       1.330770       1.335370       1.339990       1.344630       1.349280       1.353940       1.358620       1.363310       1.368010       1.372720       1.377440       1.382170       1.386910       1.391660       1.396410       1.401170       1.405940       1.410720       1.415500       1.420280       1.425070       1.429860    
   1.297300       1.301700       1.306130       1.310580       1.315050       1.319550       1.324070       1.328610       1.333170       1.337740       1.342340       1.346950       1.351580       1.356220       1.360870       1.365540       1.370220       1.374910       1.379620       1.384330       1.389050       1.393780       1.398520       1.403270       1.408030       1.412790       1.417560       1.422330       1.427110       1.431890    
   1.299900       1.304280       1.308680       1.313100       1.317550       1.322020       1.326520       1.331030       1.335560       1.340120       1.344690       1.349270       1.353880       1.358500       1.363130       1.367780       1.372440       1.377110       1.381800       1.386490       1.391200       1.395910       1.400640       1.405370       1.410110       1.414860       1.419620       1.424380       1.429150       1.433920    
   1.302510       1.306860       1.311230       1.315630       1.320050       1.324500       1.328970       1.333450       1.337960       1.342490       1.347040       1.351600       1.356180       1.360780       1.365390       1.370020       1.374660       1.379310       1.383980       1.388660       1.393350       1.398050       1.402760       1.407480       1.412200       1.416940       1.421680       1.426440       1.431190       1.435960    
   1.302520       1.306870       1.312970       1.318160       1.322560       1.326980       1.331420       1.335880       1.340370       1.344870       1.349390       1.353930       1.358490       1.363070       1.367660       1.372260       1.376880       1.381520       1.386170       1.390830       1.395500       1.400180       1.404880       1.409580       1.414300       1.419020       1.423750       1.428490       1.433240       1.437990    
   1.302530       1.310130       1.318160       1.323340       1.325070       1.329460       1.333880       1.338310       1.342770       1.347250       1.351750       1.356270       1.360800       1.365360       1.369930       1.374510       1.379110       1.383730       1.388360       1.393000       1.397660       1.402330       1.407010       1.411700       1.416400       1.421110       1.425830       1.430560       1.435290       1.440040    
   1.307260       1.318160       1.323850       1.326320       1.327580       1.331950       1.336340       1.340750       1.345180       1.349640       1.354110       1.358610       1.363120       1.367650       1.372200       1.376770       1.381350       1.385940       1.390550       1.395180       1.399820       1.404470       1.409140       1.413810       1.418500       1.423200       1.427910       1.432620       1.437350       1.442080    
   1.318160       1.324140       1.326950       1.327580       1.331320       1.334440       1.338800       1.343190       1.347600       1.352030       1.356480       1.360950       1.365440       1.369950       1.374480       1.379020       1.383590       1.388160       1.392760       1.397360       1.401990       1.406620       1.411270       1.415930       1.420610       1.425290       1.429990       1.434700       1.439410       1.444140    
   1.324290       1.327270       1.327580       1.331110       1.334440       1.338170       1.341270       1.345640       1.350020       1.354430       1.358850       1.363300       1.367770       1.372260       1.376760       1.381290       1.385830       1.390390       1.394960       1.399550       1.404160       1.408780       1.413410       1.418060       1.422720       1.427390       1.432080       1.436770       1.441480       1.446190    
   1.327420       1.327580       1.331040       1.334440       1.337960       1.341270       1.343450       1.345640       1.351730       1.356830       1.361230       1.365660       1.370100       1.374570       1.379050       1.383560       1.388080       1.392620       1.397170       1.401750       1.406340       1.410940       1.415560       1.420190       1.424840       1.429500       1.434170       1.438860       1.443550       1.448260    
   1.327580       1.331020       1.334440       1.337890       1.341270       1.342360       1.343460       1.349410       1.356830       1.359030       1.364430       1.368020       1.372440       1.376890       1.381350       1.385830       1.390330       1.394860       1.399390       1.403950       1.408520       1.413110       1.417710       1.422330       1.426970       1.431610       1.436270       1.440940       1.445630       1.450320    
   1.331010       1.334440       1.337870       1.341270       1.341820       1.342360       1.348020       1.356830       1.357930       1.363980       1.369200       1.370390       1.374790       1.379210       1.383650       1.388110       1.392600       1.397100       1.401620       1.406160       1.410710       1.415280       1.419870       1.424480       1.429100       1.433730       1.438380       1.443040       1.447710       1.452400    
   1.334440       1.337860       1.341270       1.341540       1.341820       1.347260       1.356830       1.357380       1.363780       1.369800       1.370390       1.372590       1.376480       1.381540       1.385960       1.390400       1.394870       1.399350       1.403850       1.408370       1.412910       1.417460       1.422040       1.426630       1.431240       1.435860       1.440490       1.445140       1.449810       1.454480    
   1.337860       1.341270       1.341410       1.341540       1.346860       1.356830       1.357110       1.363700       1.370090       1.370390       1.371490       1.375250       1.381540       1.383750       1.385970       1.390410       1.394870       1.399360       1.407000       1.410590       1.415110       1.419650       1.424210       1.428790       1.433380       1.437990       1.442610       1.447250       1.451910       1.456570    
   1.341270       1.341340       1.341410       1.346660       1.356830       1.356970       1.363650       1.370240       1.370390       1.370940       1.374670       1.381540       1.382640       1.383750       1.386710       1.390420       1.394880       1.405150       1.411710       1.412820       1.417320       1.421850       1.426390       1.430960       1.435530       1.440130       1.444740       1.449370       1.454010       1.458670    
   1.341300       1.341340       1.346560       1.356830       1.356900       1.363630       1.370320       1.370390       1.370670       1.374380       1.381540       1.382090       1.382650       1.384370       1.386960       1.390670       1.403110       1.412260       1.412820       1.416560       1.419540       1.424050       1.428580       1.433130       1.437700       1.442280       1.446880       1.451500       1.456130       1.460780    
   1.341300       1.346510       1.356830       1.356860       1.363620       1.370350       1.370390       1.370530       1.374240       1.381540       1.381820       1.382090       1.383040       1.384660       1.387330       1.402580       1.412540       1.412820       1.419070       1.421780       1.424470       1.426270       1.430780       1.435310       1.439870       1.444440       1.449030       1.453630       1.458260       1.462890    
   1.346480       1.356830       1.356850       1.363620       1.370370       1.370390       1.370460       1.374180       1.381540       1.381680       1.381820       1.382310       1.383260       1.395410       1.407620       1.419600       1.419600       1.421820       1.424390       1.425140       1.424010       1.428490       1.432990       1.437510       1.442050       1.446610       1.451180       1.455780       1.460390       1.465020    
   1.356830       1.356840       1.363610       1.370380       1.370390       1.370420       1.374140       1.381540       1.381610       1.381680       1.381940       1.382460       1.402890       1.426700       1.426630       1.424920       1.426670       1.426380       1.426440       1.426260       1.426260       1.430720       1.435200       1.439710       1.444240       1.448780       1.453350       1.457930       1.462540       1.467160    
   1.356830       1.363610       1.370390       1.370390       1.370410       1.374120       1.381540       1.381570       1.381610       1.381740       1.400980       1.429410       1.427670       1.426780       1.426780       1.426630       1.426780       1.426950       1.426380       1.427980       1.428520       1.432960       1.437430       1.441920       1.446440       1.450970       1.455530       1.460100       1.464690       1.469300    
   1.363610       1.370390       1.370390       1.370400       1.374120       1.381540       1.381560       1.381570       1.381640       1.404630       1.429410       1.429410       1.429410       1.427780       1.426920       1.426920       1.426630       1.427180       1.427530       1.426380       1.430780       1.435210       1.439670       1.444140       1.448650       1.453170       1.457710       1.462280       1.466860       1.471460    
   1.370390       1.370390       1.370390       1.374110       1.381540       1.381550       1.381560       1.395550       1.411130       1.429420       1.429410       1.429410       1.429410       1.429410       1.427990       1.427220       1.427210       1.426630       1.428160       1.428670       1.433060       1.437480       1.441920       1.446380       1.450870       1.455380       1.459910       1.464470       1.469040       1.473630    
   1.370390       1.370390       1.374110       1.381540       1.381540       1.403260       1.435830       1.436620       1.437410       1.432090       1.429430       1.429410       1.429410       1.429410       1.429410       1.428420       1.427800       1.427800       1.426630       1.430980       1.435350       1.439750       1.444170       1.448630       1.453100       1.457600       1.462120       1.466670       1.471230       1.475810    
   1.370390       1.374110       1.381540       1.381540       1.407610       1.435830       1.435830       1.435830       1.436620       1.437410       1.432130       1.429470       1.429410       1.429410       1.429410       1.429410       1.429260       1.428970       1.428970       1.433300       1.437650       1.442040       1.446450       1.450880       1.455350       1.459830       1.464350       1.468880       1.473440       1.478010    
