iMOD/TUTORIALS/TUT_MetaswapAnalyser/model_MetaSWAP/meteo/Evaporation/Evaporation_20060702_L1.ASC
NCOLS                30
NROWS                30
XLLCORNER     160000.00
YLLCORNER     340000.00
CELLSIZE        1000.00
NODATA_VALUE   -9999.00
   5.564690       5.565200       5.565670       5.566100       5.566490       5.566840       5.567180       5.567490       5.567780       5.568060       5.568340       5.568620       5.568900       5.569180       5.569470       5.569780       5.570100       5.570440       5.570790       5.571180       5.571580       5.572010       5.572470       5.572950       5.573460       5.574000       5.574570       5.575170       5.575800       5.576460    
   5.566670       5.567180       5.567660       5.568090       5.568490       5.568850       5.569200       5.569520       5.569820       5.570110       5.570400       5.570680       5.570960       5.571250       5.571550       5.571850       5.572180       5.572510       5.572870       5.573250       5.573650       5.574070       5.574520       5.575000       5.575500       5.576030       5.576590       5.577170       5.577790       5.578430    
   5.568630       5.569150       5.569620       5.570060       5.570470       5.570840       5.571190       5.571520       5.571830       5.572130       5.572420       5.572710       5.573000       5.573290       5.573590       5.573900       5.574230       5.574560       5.574920       5.575300       5.575690       5.576110       5.576550       5.577020       5.577510       5.578030       5.578580       5.579160       5.579760       5.580390    
   5.570580       5.571090       5.571570       5.572010       5.572420       5.572800       5.573160       5.573500       5.573820       5.574120       5.574420       5.574720       5.575020       5.575310       5.575620       5.575930       5.576250       5.576590       5.576950       5.577320       5.577710       5.578130       5.578560       5.579020       5.579510       5.580020       5.580560       5.581120       5.581720       5.582330    
   5.572510       5.573020       5.573500       5.573950       5.574360       5.574750       5.575110       5.575450       5.575780       5.576100       5.576400       5.576700       5.577000       5.577310       5.577620       5.577930       5.578260       5.578600       5.578950       5.579320       5.579710       5.580120       5.580550       5.581010       5.581490       5.581990       5.582520       5.583070       5.583660       5.584260    
   5.574420       5.574940       5.575420       5.575860       5.576280       5.576670       5.577040       5.577390       5.577720       5.578050       5.578360       5.578670       5.578970       5.579280       5.579590       5.579910       5.580240       5.580580       5.580930       5.581300       5.581690       5.582100       5.582520       5.582970       5.583450       5.583940       5.584460       5.585010       5.585580       5.586170    
   5.576320       5.576840       5.577320       5.577770       5.578190       5.578580       5.578950       5.579310       5.579650       5.579970       5.580290       5.580610       5.580920       5.581230       5.581540       5.581860       5.582200       5.582540       5.582890       5.583260       5.583650       5.584050       5.584480       5.584920       5.585390       5.585880       5.586390       5.586930       5.587490       5.588070    
   5.578210       5.578720       5.579200       5.579650       5.580070       5.580470       5.580850       5.581210       5.581550       5.581880       5.582210       5.582530       5.582840       5.583160       5.583480       5.583800       5.584130       5.584480       5.584830       5.585200       5.585580       5.585990       5.586410       5.586850       5.587310       5.587790       5.588300       5.588830       5.589380       5.589960    
   5.580090       5.580600       5.581080       5.581530       5.581950       5.582350       5.582730       5.583090       5.583440       5.583780       5.584110       5.584430       5.584750       5.585070       5.585390       5.585720       5.586050       5.586400       5.586750       5.587120       5.587500       5.587900       5.588320       5.588760       5.589220       5.589700       5.590200       5.590720       5.591260       5.591830    
   5.581960       5.582460       5.582940       5.583390       5.583810       5.584210       5.584600       5.584960       5.585310       5.585650       5.585990       5.586310       5.586640       5.586960       5.587290       5.587620       5.587950       5.588300       5.588650       5.589020       5.589400       5.589800       5.590220       5.590650       5.591110       5.591580       5.592070       5.592590       5.593130       5.593690    
   5.581950       5.582450       5.583510       5.585240       5.585660       5.586060       5.586450       5.586820       5.587170       5.587520       5.587850       5.588180       5.588510       5.588840       5.589160       5.589500       5.589830       5.590180       5.590540       5.590910       5.591290       5.591690       5.592100       5.592530       5.592980       5.593450       5.593940       5.594450       5.594980       5.595530    
   5.581940       5.583290       5.585240       5.586930       5.587500       5.587900       5.588290       5.588660       5.589020       5.589360       5.589700       5.590030       5.590360       5.590690       5.591020       5.591360       5.591700       5.592050       5.592400       5.592770       5.593160       5.593550       5.593960       5.594390       5.594840       5.595300       5.595790       5.596290       5.596820       5.597360    
   5.582970       5.585240       5.587480       5.588420       5.589330       5.589730       5.590120       5.590490       5.590850       5.591200       5.591540       5.591870       5.592200       5.592540       5.592870       5.593210       5.593550       5.593900       5.594260       5.594630       5.595010       5.595400       5.595810       5.596240       5.596680       5.597140       5.597620       5.598120       5.598640       5.599180    
   5.585240       5.587730       5.588870       5.589330       5.590200       5.591550       5.591930       5.592300       5.592660       5.593020       5.593360       5.593700       5.594030       5.594370       5.594700       5.595040       5.595380       5.595730       5.596090       5.596460       5.596840       5.597240       5.597650       5.598070       5.598510       5.598970       5.599440       5.599940       5.600450       5.600990    
   5.587850       5.589100       5.589330       5.590360       5.591550       5.592410       5.593740       5.594110       5.594470       5.594820       5.595170       5.595510       5.595850       5.596180       5.596520       5.596860       5.597200       5.597560       5.597920       5.598280       5.598660       5.599060       5.599470       5.599890       5.600330       5.600780       5.601250       5.601740       5.602250       5.602780    
   5.589220       5.589330       5.590410       5.591550       5.592570       5.593740       5.593920       5.594110       5.595010       5.596620       5.596970       5.597310       5.597650       5.597990       5.598320       5.598660       5.599010       5.599360       5.599720       5.600090       5.600470       5.600870       5.601270       5.601690       5.602130       5.602580       5.603050       5.603540       5.604040       5.604570    
   5.589330       5.590430       5.591550       5.592620       5.593740       5.593830       5.593920       5.594910       5.596620       5.596800       5.598180       5.599100       5.599440       5.599780       5.600120       5.600460       5.600810       5.601160       5.601520       5.601890       5.602270       5.602660       5.603070       5.603480       5.603920       5.604370       5.604840       5.605320       5.605820       5.606340    
   5.590440       5.591550       5.592640       5.593740       5.593790       5.593830       5.594820       5.596620       5.596710       5.598490       5.599990       5.600880       5.601220       5.601560       5.601900       5.602240       5.602590       5.602940       5.603300       5.603670       5.604050       5.604440       5.604850       5.605260       5.605700       5.606140       5.606610       5.607090       5.607590       5.608100    
   5.591550       5.592640       5.593740       5.593760       5.593790       5.594770       5.596620       5.596660       5.598630       5.600440       5.600880       5.601050       5.601750       5.603330       5.603670       5.604010       5.604360       5.604710       5.605080       5.605440       5.605820       5.606220       5.606620       5.607030       5.607460       5.607910       5.608370       5.608850       5.609340       5.609850    
   5.592640       5.593740       5.593750       5.593760       5.594730       5.596620       5.596640       5.598690       5.600660       5.600880       5.600970       5.601750       5.603330       5.603500       5.603670       5.604010       5.604360       5.604720       5.606280       5.607210       5.607590       5.607980       5.608380       5.608790       5.609220       5.609660       5.610120       5.610600       5.611090       5.611600    
   5.593740       5.593750       5.593750       5.594720       5.596620       5.596630       5.598720       5.600770       5.600880       5.600920       5.601730       5.603330       5.603420       5.603500       5.603730       5.604010       5.604360       5.606480       5.608090       5.608960       5.609340       5.609730       5.610130       5.610540       5.610970       5.611410       5.611870       5.612340       5.612830       5.613330    
   5.593740       5.593750       5.594710       5.596620       5.596630       5.598740       5.600820       5.600880       5.600900       5.601720       5.603330       5.603370       5.603420       5.603550       5.603750       5.604040       5.606470       5.608520       5.608960       5.609790       5.611080       5.611470       5.611870       5.612280       5.612700       5.613140       5.613600       5.614070       5.614550       5.615060    
   5.593740       5.594700       5.596620       5.596620       5.598740       5.600850       5.600880       5.600890       5.601710       5.603330       5.603350       5.603370       5.603450       5.603570       5.603780       5.607420       5.608740       5.608960       5.611740       5.612810       5.613040       5.613200       5.613600       5.614010       5.614430       5.614870       5.615320       5.615790       5.616270       5.616770    
   5.594700       5.596620       5.596620       5.598750       5.600870       5.600880       5.600890       5.601700       5.603330       5.603340       5.603350       5.603390       5.603460       5.608280       5.611720       5.614120       5.614130       5.614420       5.614810       5.615390       5.614530       5.614920       5.615320       5.615730       5.616150       5.616590       5.617040       5.617500       5.617990       5.618480    
   5.596620       5.596620       5.598750       5.600870       5.600880       5.600880       5.601700       5.603330       5.603340       5.603340       5.603360       5.603400       5.611990       5.622370       5.622320       5.619120       5.619500       5.619290       5.617300       5.616250       5.616250       5.616640       5.617030       5.617440       5.617860       5.618300       5.618750       5.619210       5.619690       5.620180    
   5.596620       5.598750       5.600880       5.600880       5.600880       5.601700       5.603330       5.603330       5.603340       5.603350       5.612830       5.627030       5.623970       5.622430       5.622430       5.622320       5.620520       5.619710       5.619290       5.618290       5.617960       5.618340       5.618740       5.619150       5.619570       5.620000       5.620450       5.620910       5.621390       5.621880    
   5.598750       5.600880       5.600880       5.600880       5.601700       5.603330       5.603330       5.603330       5.603340       5.614710       5.627030       5.627030       5.627030       5.624050       5.622530       5.622530       5.622320       5.620770       5.620140       5.619290       5.619660       5.620040       5.620440       5.620850       5.621270       5.621700       5.622140       5.622600       5.623080       5.623570    
   5.600880       5.600880       5.600880       5.601700       5.603330       5.603330       5.603330       5.611280       5.618880       5.627030       5.627030       5.627030       5.627030       5.627030       5.624200       5.622740       5.622740       5.622320       5.621320       5.620990       5.621360       5.621740       5.622130       5.622540       5.622960       5.623390       5.623830       5.624290       5.624760       5.625250    
   5.600880       5.600880       5.601700       5.603330       5.603330       5.616590       5.636470       5.635790       5.635100       5.629730       5.627040       5.627030       5.627030       5.627030       5.627030       5.624500       5.623160       5.623170       5.622320       5.622680       5.623050       5.623430       5.623820       5.624230       5.624640       5.625070       5.625520       5.625970       5.626440       5.626930    
   5.600880       5.601700       5.603330       5.603330       5.619240       5.636470       5.636470       5.636470       5.635790       5.635100       5.629760       5.627070       5.627030       5.627030       5.627030       5.627030       5.625060       5.624010       5.624010       5.624370       5.624740       5.625110       5.625500       5.625910       5.626320       5.626750       5.627190       5.627650       5.628120       5.628610    
