iMOD/TUTORIALS/TUT_MetaswapAnalyser/model_MetaSWAP/meteo/Evaporation/Evaporation_20061218_L1.ASC
NCOLS                30
NROWS                30
XLLCORNER     160000.00
YLLCORNER     340000.00
CELLSIZE        1000.00
NODATA_VALUE   -9999.00
  0.1890600      0.1876900      0.1863400      0.1850100      0.1837100      0.1824400      0.1811900      0.1799600      0.1787400      0.1775500      0.1763800      0.1752200      0.1740800      0.1729600      0.1718400      0.1707500      0.1696600      0.1685900      0.1675200      0.1664700      0.1654200      0.1643900      0.1633600      0.1623400      0.1613200      0.1603100      0.1593100      0.1583000      0.1573100      0.1563100    
  0.1886400      0.1872700      0.1859200      0.1846000      0.1833000      0.1820300      0.1807700      0.1795400      0.1783300      0.1771400      0.1759700      0.1748100      0.1736700      0.1725400      0.1714300      0.1703300      0.1692400      0.1681600      0.1671000      0.1660400      0.1649900      0.1639500      0.1629200      0.1619000      0.1608800      0.1598600      0.1588500      0.1578500      0.1568400      0.1558400    
  0.1882300      0.1868700      0.1855200      0.1842000      0.1829100      0.1816400      0.1803900      0.1791600      0.1779500      0.1767500      0.1755800      0.1744200      0.1732800      0.1721500      0.1710300      0.1699300      0.1688400      0.1677600      0.1667000      0.1656400      0.1645800      0.1635400      0.1625100      0.1614800      0.1604500      0.1594300      0.1584200      0.1574100      0.1564000      0.1554000    
  0.1878500      0.1864900      0.1851500      0.1838300      0.1825400      0.1812700      0.1800200      0.1787900      0.1775800      0.1763900      0.1752100      0.1740500      0.1729100      0.1717800      0.1706600      0.1695600      0.1684700      0.1673900      0.1663200      0.1652500      0.1642000      0.1631500      0.1621100      0.1610800      0.1600500      0.1590300      0.1580100      0.1569900      0.1559800      0.1549700    
  0.1874800      0.1861300      0.1847900      0.1834800      0.1821900      0.1809200      0.1796700      0.1784500      0.1772400      0.1760400      0.1748700      0.1737100      0.1725600      0.1714300      0.1703200      0.1692100      0.1681100      0.1670300      0.1659600      0.1648900      0.1638300      0.1627800      0.1617400      0.1607000      0.1596700      0.1586400      0.1576200      0.1566000      0.1555800      0.1545700    
  0.1871400      0.1857800      0.1844500      0.1831500      0.1818600      0.1805900      0.1793500      0.1781200      0.1769100      0.1757200      0.1745400      0.1733800      0.1722400      0.1711100      0.1699900      0.1688800      0.1677800      0.1667000      0.1656200      0.1645500      0.1634900      0.1624400      0.1613900      0.1603500      0.1593100      0.1582800      0.1572500      0.1562200      0.1552000      0.1541800    
  0.1868100      0.1854600      0.1841400      0.1828300      0.1815500      0.1802800      0.1790400      0.1778100      0.1766100      0.1754100      0.1742400      0.1730800      0.1719300      0.1708000      0.1696800      0.1685700      0.1674700      0.1663800      0.1653000      0.1642300      0.1631600      0.1621100      0.1610500      0.1600100      0.1589700      0.1579300      0.1569000      0.1558700      0.1548400      0.1538100    
  0.1865000      0.1851500      0.1838300      0.1825300      0.1812500      0.1799900      0.1787500      0.1775300      0.1763200      0.1751300      0.1739500      0.1727900      0.1716400      0.1705100      0.1693900      0.1682800      0.1671700      0.1660800      0.1650000      0.1639200      0.1628600      0.1618000      0.1607400      0.1596900      0.1586400      0.1576000      0.1565600      0.1555300      0.1544900      0.1534600    
  0.1862000      0.1848600      0.1835500      0.1822500      0.1809700      0.1797200      0.1784800      0.1772500      0.1760500      0.1748600      0.1736800      0.1725200      0.1713700      0.1702400      0.1691100      0.1680000      0.1669000      0.1658000      0.1647200      0.1636400      0.1625700      0.1615000      0.1604400      0.1593900      0.1583400      0.1572900      0.1562500      0.1552100      0.1541700      0.1531300    
  0.1859200      0.1845900      0.1832800      0.1819800      0.1807100      0.1794600      0.1782200      0.1770000      0.1757900      0.1746000      0.1734300      0.1722700      0.1711200      0.1699800      0.1688600      0.1677400      0.1666400      0.1655400      0.1644500      0.1633700      0.1623000      0.1612300      0.1601600      0.1591100      0.1580500      0.1570000      0.1559500      0.1549000      0.1538600      0.1528100    
  0.1859270      0.1845970      0.1828950      0.1817300      0.1804600      0.1792100      0.1779800      0.1767600      0.1755600      0.1743700      0.1731900      0.1720300      0.1708800      0.1697500      0.1686200      0.1675000      0.1664000      0.1653000      0.1642000      0.1631200      0.1620400      0.1609700      0.1599000      0.1588400      0.1577800      0.1567200      0.1556700      0.1546100      0.1535600      0.1525100    
  0.1859330      0.1837870      0.1817300      0.1806070      0.1802300      0.1789800      0.1777500      0.1765300      0.1753300      0.1741400      0.1729700      0.1718100      0.1706600      0.1695200      0.1683900      0.1672800      0.1661700      0.1650700      0.1639700      0.1628800      0.1618000      0.1607300      0.1596500      0.1585900      0.1575200      0.1564600      0.1554000      0.1543400      0.1532900      0.1522300    
  0.1846830      0.1817300      0.1806170      0.1801200      0.1800100      0.1787600      0.1775300      0.1763200      0.1751200      0.1739300      0.1727600      0.1716000      0.1704500      0.1693100      0.1681900      0.1670700      0.1659500      0.1648500      0.1637500      0.1626600      0.1615800      0.1605000      0.1594200      0.1583500      0.1572800      0.1562100      0.1551500      0.1540900      0.1530200      0.1519600    
  0.1817300      0.1806050      0.1800650      0.1800100      0.1791100      0.1785600      0.1773300      0.1761200      0.1749200      0.1737400      0.1725700      0.1714100      0.1702600      0.1691200      0.1679900      0.1668700      0.1657600      0.1646500      0.1635500      0.1624600      0.1613700      0.1602800      0.1592000      0.1581300      0.1570500      0.1559800      0.1549100      0.1538400      0.1527700      0.1517100    
  0.1805960      0.1800370      0.1800100      0.1792270      0.1785600      0.1776770      0.1771400      0.1759300      0.1747400      0.1735500      0.1723800      0.1712200      0.1700800      0.1689400      0.1678100      0.1666800      0.1655700      0.1644600      0.1633600      0.1622600      0.1611700      0.1600800      0.1590000      0.1579200      0.1568400      0.1557600      0.1546900      0.1536100      0.1525400      0.1514600    
  0.1800240      0.1800100      0.1792660      0.1785600      0.1777920      0.1771400      0.1765350      0.1759370      0.1744000      0.1733800      0.1722100      0.1710500      0.1699000      0.1687700      0.1676400      0.1665100      0.1654000      0.1642900      0.1631800      0.1620800      0.1609900      0.1599000      0.1588100      0.1577200      0.1566400      0.1555600      0.1544800      0.1534000      0.1523200      0.1512400    
  0.1800100      0.1792790      0.1785600      0.1778310      0.1771400      0.1768380      0.1765370      0.1750630      0.1733800      0.1727950      0.1716540      0.1708900      0.1697500      0.1686100      0.1674800      0.1663500      0.1652300      0.1641200      0.1630200      0.1619200      0.1608200      0.1597200      0.1586300      0.1575400      0.1564500      0.1553600      0.1542800      0.1531900      0.1521000      0.1510200    
  0.1792830      0.1785600      0.1778440      0.1771400      0.1769890      0.1768380      0.1754540      0.1733800      0.1730880      0.1718770      0.1708150      0.1707400      0.1696000      0.1684600      0.1673300      0.1662000      0.1650800      0.1639700      0.1628600      0.1617600      0.1606600      0.1595600      0.1584600      0.1573700      0.1562700      0.1551800      0.1540900      0.1530000      0.1519100      0.1508100    
  0.1785600      0.1778480      0.1771400      0.1770640      0.1769890      0.1756650      0.1733800      0.1732340      0.1719720      0.1707770      0.1707400      0.1701700      0.1692800      0.1683200      0.1671900      0.1660600      0.1649400      0.1638300      0.1627200      0.1616100      0.1605100      0.1594100      0.1583100      0.1572100      0.1561100      0.1550100      0.1539100      0.1528200      0.1517200      0.1506200    
  0.1778490      0.1771400      0.1771020      0.1770640      0.1757750      0.1733800      0.1733070      0.1720170      0.1707590      0.1707400      0.1704550      0.1696270      0.1683200      0.1677550      0.1671900      0.1660630      0.1649430      0.1638300      0.1621960      0.1614700      0.1603700      0.1592600      0.1581600      0.1570600      0.1559500      0.1548500      0.1537500      0.1526400      0.1515400      0.1504300    
  0.1771400      0.1771210      0.1771020      0.1758300      0.1733800      0.1733430      0.1720390      0.1707490      0.1707400      0.1705970      0.1697860      0.1683200      0.1680380      0.1677550      0.1670030      0.1660660      0.1649460      0.1627460      0.1614100      0.1613500      0.1602400      0.1591300      0.1580200      0.1569100      0.1558100      0.1547000      0.1535900      0.1524800      0.1513700      0.1502600    
  0.1771310      0.1771210      0.1758580      0.1733800      0.1733620      0.1720490      0.1707450      0.1707400      0.1706690      0.1698610      0.1683200      0.1681790      0.1680380      0.1675980      0.1669410      0.1660050      0.1632970      0.1613800      0.1613500      0.1605700      0.1601200      0.1590000      0.1578900      0.1567800      0.1556700      0.1545600      0.1534400      0.1523300      0.1512100      0.1500900    
  0.1771310      0.1758730      0.1733800      0.1733710      0.1720550      0.1707420      0.1707400      0.1707040      0.1698970      0.1683200      0.1682490      0.1681790      0.1679380      0.1675260      0.1668480      0.1637300      0.1613650      0.1613500      0.1604410      0.1600050      0.1593360      0.1588900      0.1577700      0.1566600      0.1555400      0.1544200      0.1533000      0.1521800      0.1510600      0.1499300    
  0.1758800      0.1733800      0.1733750      0.1720570      0.1707410      0.1707400      0.1707220      0.1699150      0.1683200      0.1682850      0.1682490      0.1681220      0.1678810      0.1660000      0.1636590      0.1610420      0.1610400      0.1604960      0.1598790      0.1598400      0.1598900      0.1587800      0.1576600      0.1565400      0.1554200      0.1542900      0.1531700      0.1520400      0.1509100      0.1497800    
  0.1733800      0.1733780      0.1720590      0.1707410      0.1707400      0.1707310      0.1699240      0.1683200      0.1683020      0.1682850      0.1682190      0.1680840      0.1650750      0.1616880      0.1616900      0.1611210      0.1607200      0.1607300      0.1600800      0.1597930      0.1597900      0.1586700      0.1575500      0.1564300      0.1553000      0.1541700      0.1530400      0.1519100      0.1507700      0.1496400    
  0.1733790      0.1720590      0.1707400      0.1707400      0.1707360      0.1699290      0.1683200      0.1683110      0.1683020      0.1682690      0.1659540      0.1625900      0.1619870      0.1616860      0.1616860      0.1616900      0.1610340      0.1607100      0.1607300      0.1599570      0.1597000      0.1585800      0.1574500      0.1563200      0.1551900      0.1540600      0.1529200      0.1517800      0.1506400      0.1495000    
  0.1720600      0.1707400      0.1707400      0.1707380      0.1699310      0.1683200      0.1683160      0.1683110      0.1682940      0.1655410      0.1625900      0.1625900      0.1625900      0.1619830      0.1616810      0.1616810      0.1616900      0.1610050      0.1606900      0.1607300      0.1596100      0.1584800      0.1573500      0.1562200      0.1550900      0.1539500      0.1528100      0.1516600      0.1505100      0.1493600    
  0.1707400      0.1707400      0.1707390      0.1699320      0.1683200      0.1683180      0.1683160      0.1670580      0.1651460      0.1625900      0.1625900      0.1625900      0.1625900      0.1625900      0.1619750      0.1616720      0.1616730      0.1616900      0.1609100      0.1606500      0.1595200      0.1583900      0.1572600      0.1561300      0.1549900      0.1538400      0.1527000      0.1515500      0.1503900      0.1492300    
  0.1707400      0.1707390      0.1699330      0.1683200      0.1683190      0.1667190      0.1643200      0.1638150      0.1633100      0.1628290      0.1625890      0.1625900      0.1625900      0.1625900      0.1625900      0.1619580      0.1616540      0.1616550      0.1616900      0.1605700      0.1594400      0.1583100      0.1571700      0.1560300      0.1548900      0.1537400      0.1525900      0.1514300      0.1502700      0.1491000    
  0.1707400      0.1699330      0.1683200      0.1683190      0.1663990      0.1643200      0.1643200      0.1643200      0.1638150      0.1633100      0.1628280      0.1625880      0.1625900      0.1625900      0.1625900      0.1625900      0.1619170      0.1616170      0.1616200      0.1604900      0.1593600      0.1582300      0.1570900      0.1559500      0.1548000      0.1536400      0.1524900      0.1513200      0.1501500      0.1489800    
