iMOD/TUTORIALS/TUT_MetaswapAnalyser/model_MetaSWAP/meteo/Evaporation/Evaporation_20050703_L1.ASC
NCOLS                30
NROWS                30
XLLCORNER     160000.00
YLLCORNER     340000.00
CELLSIZE        1000.00
NODATA_VALUE   -9999.00
   4.289570       4.289980       4.290320       4.290610       4.290850       4.291040       4.291180       4.291280       4.291340       4.291370       4.291370       4.291340       4.291290       4.291220       4.291120       4.291010       4.290890       4.290760       4.290610       4.290470       4.290320       4.290160       4.290010       4.289860       4.289710       4.289560       4.289430       4.289300       4.289180       4.289070    
   4.292600       4.293040       4.293420       4.293740       4.294010       4.294240       4.294410       4.294550       4.294650       4.294710       4.294750       4.294750       4.294730       4.294690       4.294630       4.294550       4.294460       4.294360       4.294240       4.294130       4.294000       4.293880       4.293750       4.293630       4.293510       4.293390       4.293280       4.293180       4.293080       4.293000    
   4.295590       4.296060       4.296470       4.296830       4.297140       4.297390       4.297600       4.297780       4.297910       4.298010       4.298070       4.298110       4.298120       4.298120       4.298090       4.298040       4.297980       4.297910       4.297830       4.297740       4.297650       4.297550       4.297460       4.297360       4.297270       4.297180       4.297100       4.297020       4.296950       4.296890    
   4.298540       4.299040       4.299480       4.299870       4.300210       4.300500       4.300750       4.300960       4.301120       4.301260       4.301360       4.301430       4.301470       4.301500       4.301500       4.301490       4.301460       4.301420       4.301370       4.301310       4.301250       4.301190       4.301120       4.301050       4.300990       4.300930       4.300870       4.300820       4.300780       4.300750    
   4.301440       4.301980       4.302450       4.302880       4.303250       4.303580       4.303860       4.304090       4.304300       4.304460       4.304600       4.304700       4.304780       4.304840       4.304880       4.304890       4.304900       4.304890       4.304870       4.304850       4.304810       4.304780       4.304740       4.304700       4.304660       4.304630       4.304600       4.304580       4.304570       4.304560    
   4.304310       4.304870       4.305380       4.305840       4.306250       4.306610       4.306920       4.307190       4.307430       4.307630       4.307800       4.307930       4.308050       4.308140       4.308210       4.308260       4.308300       4.308320       4.308330       4.308340       4.308330       4.308330       4.308320       4.308310       4.308310       4.308300       4.308300       4.308310       4.308320       4.308340    
   4.307140       4.307740       4.308280       4.308770       4.309210       4.309600       4.309940       4.310250       4.310520       4.310750       4.310950       4.311130       4.311270       4.311400       4.311500       4.311580       4.311650       4.311710       4.311750       4.311790       4.311820       4.311840       4.311860       4.311880       4.311910       4.311930       4.311960       4.311990       4.312040       4.312080    
   4.309930       4.310560       4.311140       4.311660       4.312130       4.312550       4.312930       4.313270       4.313570       4.313840       4.314080       4.314280       4.314460       4.314620       4.314750       4.314870       4.314970       4.315060       4.315130       4.315200       4.315260       4.315320       4.315370       4.315420       4.315470       4.315530       4.315580       4.315650       4.315720       4.315790    
   4.312690       4.313350       4.313960       4.314510       4.315010       4.315470       4.315880       4.316260       4.316590       4.316890       4.317160       4.317400       4.317610       4.317800       4.317970       4.318120       4.318250       4.318370       4.318480       4.318580       4.318670       4.318750       4.318840       4.318920       4.319000       4.319080       4.319170       4.319260       4.319360       4.319470    
   4.315420       4.316110       4.316750       4.317330       4.317870       4.318360       4.318800       4.319210       4.319570       4.319910       4.320210       4.320480       4.320720       4.320940       4.321140       4.321330       4.321490       4.321640       4.321780       4.321910       4.322040       4.322160       4.322270       4.322380       4.322490       4.322610       4.322720       4.322850       4.322970       4.323110    
   4.315400       4.316090       4.317580       4.320120       4.320690       4.321210       4.321680       4.322120       4.322520       4.322890       4.323220       4.323520       4.323800       4.324060       4.324290       4.324500       4.324700       4.324880       4.325060       4.325220       4.325370       4.325520       4.325670       4.325810       4.325950       4.326100       4.326240       4.326400       4.326550       4.326710    
   4.315380       4.317300       4.320120       4.322630       4.323480       4.324030       4.324540       4.325010       4.325440       4.325830       4.326200       4.326540       4.326850       4.327130       4.327400       4.327650       4.327880       4.328090       4.328290       4.328490       4.328670       4.328850       4.329030       4.329200       4.329380       4.329550       4.329730       4.329910       4.330100       4.330290    
   4.316860       4.320120       4.323460       4.324860       4.326240       4.326820       4.327360       4.327860       4.328320       4.328750       4.329150       4.329520       4.329860       4.330180       4.330480       4.330750       4.331020       4.331260       4.331500       4.331730       4.331940       4.332160       4.332360       4.332570       4.332770       4.332980       4.333190       4.333400       4.333610       4.333840    
   4.320120       4.323840       4.325550       4.326240       4.327550       4.329580       4.330150       4.330680       4.331180       4.331640       4.332070       4.332470       4.332840       4.333190       4.333520       4.333830       4.334130       4.334410       4.334670       4.334930       4.335180       4.335420       4.335660       4.335900       4.336140       4.336370       4.336610       4.336850       4.337100       4.337350    
   4.324020       4.325900       4.326240       4.327790       4.329580       4.330880       4.332920       4.333480       4.334010       4.334500       4.334960       4.335390       4.335800       4.336180       4.336540       4.336880       4.337210       4.337520       4.337820       4.338110       4.338390       4.338660       4.338930       4.339200       4.339470       4.339730       4.340000       4.340280       4.340550       4.340840    
   4.326070       4.326240       4.327870       4.329580       4.331130       4.332920       4.333200       4.333470       4.334830       4.337330       4.337820       4.338280       4.338720       4.339130       4.339530       4.339900       4.340260       4.340600       4.340930       4.341250       4.341560       4.341870       4.342170       4.342470       4.342770       4.343070       4.343370       4.343670       4.343980       4.344290    
   4.326240       4.327900       4.329580       4.331210       4.332920       4.333060       4.333200       4.334710       4.337330       4.337570       4.339710       4.341150       4.341620       4.342060       4.342490       4.342890       4.343280       4.343650       4.344020       4.344370       4.344710       4.345050       4.345380       4.345720       4.346040       4.346370       4.346710       4.347040       4.347380       4.347720    
   4.327910       4.329580       4.331240       4.332920       4.332990       4.333060       4.334570       4.337330       4.337450       4.340240       4.342570       4.343990       4.344490       4.344970       4.345420       4.345860       4.346280       4.346680       4.347080       4.347460       4.347840       4.348200       4.348570       4.348930       4.349290       4.349650       4.350020       4.350380       4.350750       4.351130    
   4.329580       4.331250       4.332920       4.332960       4.332990       4.334490       4.337330       4.337390       4.340460       4.343280       4.343990       4.344240       4.345320       4.347840       4.348330       4.348800       4.349250       4.349680       4.350110       4.350520       4.350930       4.351330       4.351730       4.352120       4.352510       4.352910       4.353300       4.353700       4.354100       4.354500    
   4.331250       4.332920       4.332940       4.332950       4.334440       4.337330       4.337360       4.340560       4.343630       4.343990       4.344120       4.345350       4.347840       4.348080       4.348320       4.348790       4.349240       4.349680       4.352090       4.353560       4.354000       4.354430       4.354860       4.355290       4.355710       4.356130       4.356560       4.356990       4.357420       4.357860    
   4.332920       4.332930       4.332940       4.334420       4.337330       4.337350       4.340610       4.343810       4.343990       4.344050       4.345320       4.347840       4.347960       4.348080       4.348400       4.348790       4.349240       4.352530       4.355070       4.356580       4.357050       4.357510       4.357970       4.358430       4.358880       4.359340       4.359800       4.360260       4.360720       4.361190    
   4.332920       4.332930       4.334400       4.337330       4.337340       4.340640       4.343900       4.343990       4.344020       4.345300       4.347840       4.347900       4.347960       4.348150       4.348420       4.348810       4.352590       4.355820       4.356580       4.357900       4.360070       4.360570       4.361060       4.361540       4.362030       4.362520       4.363010       4.363500       4.364000       4.364500    
   4.332920       4.334400       4.337330       4.337330       4.340650       4.343950       4.343990       4.344010       4.345290       4.347840       4.347870       4.347900       4.348000       4.348180       4.348460       4.354290       4.356200       4.356580       4.361270       4.363060       4.363380       4.363600       4.364120       4.364640       4.365160       4.365680       4.366200       4.366720       4.367250       4.367780    
   4.334390       4.337330       4.337330       4.340650       4.343970       4.343990       4.344000       4.345280       4.347840       4.347860       4.347870       4.347930       4.348030       4.355980       4.361580       4.365400       4.365410       4.365890       4.366530       4.367530       4.366050       4.366610       4.367160       4.367710       4.368260       4.368820       4.369370       4.369920       4.370480       4.371050    
   4.337330       4.337330       4.340660       4.343980       4.343990       4.343990       4.345280       4.347840       4.347850       4.347860       4.347880       4.347940       4.362140       4.379350       4.379260       4.373890       4.374590       4.374230       4.370820       4.369010       4.369020       4.369600       4.370190       4.370770       4.371350       4.371930       4.372520       4.373110       4.373700       4.374290    
   4.337330       4.340660       4.343980       4.343990       4.343990       4.345270       4.347840       4.347840       4.347850       4.347860       4.363490       4.386890       4.381940       4.379440       4.379440       4.379260       4.376290       4.374950       4.374230       4.372520       4.371960       4.372580       4.373190       4.373810       4.374420       4.375030       4.375650       4.376270       4.376890       4.377520    
   4.340660       4.343990       4.343990       4.343990       4.345270       4.347840       4.347840       4.347840       4.347850       4.366600       4.386890       4.386890       4.386890       4.382070       4.379610       4.379610       4.379260       4.376700       4.375670       4.374230       4.374880       4.375530       4.376180       4.376820       4.377470       4.378120       4.378760       4.379420       4.380070       4.380730    
   4.343990       4.343990       4.343990       4.345270       4.347840       4.347840       4.347840       4.360810       4.373340       4.386900       4.386890       4.386890       4.386890       4.386890       4.382320       4.379960       4.379960       4.379260       4.377650       4.377110       4.377790       4.378470       4.379150       4.379830       4.380500       4.381180       4.381860       4.382550       4.383230       4.383930    
   4.343990       4.343990       4.345270       4.347840       4.347840       4.369280       4.401440       4.400570       4.399700       4.391180       4.386910       4.386890       4.386890       4.386890       4.386890       4.382820       4.380670       4.380670       4.379260       4.379980       4.380690       4.381400       4.382110       4.382810       4.383520       4.384230       4.384940       4.385660       4.386380       4.387110    
   4.343990       4.345270       4.347840       4.347840       4.373570       4.401450       4.401450       4.401440       4.400570       4.399700       4.391220       4.386960       4.386890       4.386890       4.386890       4.386890       4.383760       4.382080       4.382080       4.382830       4.383570       4.384310       4.385050       4.385790       4.386530       4.387270       4.388010       4.388760       4.389510       4.390270    
