iMOD/TUTORIALS/TUT_MetaswapAnalyser/model_MetaSWAP/meteo/Evaporation/Evaporation_20050228_L1.ASC
NCOLS                30
NROWS                30
XLLCORNER     160000.00
YLLCORNER     340000.00
CELLSIZE        1000.00
NODATA_VALUE   -9999.00
   1.035350       1.035150       1.034960       1.034780       1.034590       1.034410       1.034230       1.034060       1.033870       1.033690       1.033500       1.033300       1.033100       1.032890       1.032670       1.032450       1.032210       1.031960       1.031690       1.031420       1.031130       1.030830       1.030510       1.030180       1.029840       1.029480       1.029100       1.028710       1.028310       1.027880    
   1.035430       1.035220       1.035020       1.034820       1.034630       1.034440       1.034250       1.034060       1.033870       1.033680       1.033480       1.033270       1.033060       1.032850       1.032620       1.032390       1.032140       1.031890       1.031620       1.031340       1.031050       1.030740       1.030420       1.030090       1.029740       1.029380       1.029010       1.028620       1.028210       1.027790    
   1.035510       1.035290       1.035080       1.034880       1.034670       1.034470       1.034280       1.034080       1.033880       1.033670       1.033470       1.033260       1.033040       1.032820       1.032580       1.032340       1.032090       1.031830       1.031560       1.031270       1.030980       1.030670       1.030350       1.030010       1.029660       1.029300       1.028920       1.028530       1.028120       1.027700    
   1.035610       1.035380       1.035160       1.034940       1.034730       1.034520       1.034310       1.034110       1.033900       1.033690       1.033470       1.033250       1.033030       1.032800       1.032560       1.032310       1.032050       1.031790       1.031510       1.031220       1.030920       1.030610       1.030280       1.029940       1.029590       1.029230       1.028850       1.028450       1.028050       1.027630    
   1.035720       1.035480       1.035250       1.035020       1.034800       1.034580       1.034370       1.034150       1.033930       1.033710       1.033490       1.033260       1.033030       1.032790       1.032540       1.032290       1.032020       1.031750       1.031470       1.031180       1.030870       1.030560       1.030230       1.029890       1.029530       1.029160       1.028780       1.028390       1.027980       1.027560    
   1.035840       1.035590       1.035350       1.035110       1.034880       1.034650       1.034430       1.034200       1.033970       1.033750       1.033510       1.033280       1.033040       1.032790       1.032540       1.032280       1.032010       1.031730       1.031440       1.031140       1.030840       1.030510       1.030180       1.029840       1.029480       1.029110       1.028730       1.028330       1.027920       1.027500    
   1.035960       1.035710       1.035460       1.035220       1.034980       1.034740       1.034500       1.034270       1.034030       1.033790       1.033550       1.033310       1.033060       1.032810       1.032550       1.032280       1.032000       1.031720       1.031430       1.031120       1.030810       1.030480       1.030150       1.029800       1.029440       1.029070       1.028680       1.028280       1.027870       1.027450    
   1.036100       1.035840       1.035580       1.035330       1.035080       1.034830       1.034590       1.034340       1.034100       1.033850       1.033600       1.033350       1.033100       1.032830       1.032570       1.032290       1.032010       1.031720       1.031420       1.031110       1.030790       1.030470       1.030120       1.029770       1.029410       1.029030       1.028650       1.028250       1.027830       1.027410    
   1.036250       1.035980       1.035710       1.035450       1.035190       1.034930       1.034680       1.034430       1.034170       1.033920       1.033660       1.033400       1.033140       1.032870       1.032600       1.032320       1.032030       1.031730       1.031430       1.031110       1.030790       1.030460       1.030110       1.029760       1.029390       1.029010       1.028620       1.028220       1.027800       1.027370    
   1.036410       1.036130       1.035850       1.035580       1.035310       1.035050       1.034790       1.034520       1.034260       1.034000       1.033730       1.033470       1.033200       1.032920       1.032640       1.032350       1.032060       1.031750       1.031440       1.031120       1.030800       1.030460       1.030110       1.029750       1.029380       1.029000       1.028600       1.028200       1.027780       1.027350    
   1.036410       1.036130       1.035820       1.035720       1.035440       1.035170       1.034900       1.034630       1.034360       1.034090       1.033820       1.033540       1.033260       1.032980       1.032690       1.032400       1.032090       1.031790       1.031470       1.031140       1.030810       1.030470       1.030110       1.029750       1.029380       1.028990       1.028590       1.028190       1.027770       1.027330    
   1.036410       1.036020       1.035720       1.035620       1.035580       1.035300       1.035020       1.034740       1.034470       1.034190       1.033910       1.033620       1.033340       1.033050       1.032750       1.032450       1.032140       1.031830       1.031510       1.031180       1.030840       1.030490       1.030130       1.029760       1.029380       1.028990       1.028590       1.028180       1.027760       1.027330    
   1.036210       1.035720       1.035680       1.035660       1.035730       1.035440       1.035160       1.034870       1.034580       1.034300       1.034010       1.033720       1.033420       1.033120       1.032820       1.032510       1.032200       1.031880       1.031550       1.031220       1.030870       1.030520       1.030150       1.029780       1.029400       1.029010       1.028600       1.028190       1.027760       1.027330    
   1.035720       1.035710       1.035690       1.035730       1.035590       1.035590       1.035300       1.035000       1.034710       1.034410       1.034120       1.033820       1.033520       1.033210       1.032900       1.032590       1.032270       1.031940       1.031610       1.031260       1.030910       1.030560       1.030190       1.029810       1.029430       1.029030       1.028620       1.028200       1.027770       1.027330    
   1.035720       1.035710       1.035730       1.035640       1.035590       1.035450       1.035450       1.035140       1.034840       1.034540       1.034230       1.033930       1.033620       1.033310       1.032990       1.032670       1.032340       1.032010       1.031670       1.031320       1.030970       1.030600       1.030230       1.029850       1.029460       1.029060       1.028650       1.028230       1.027790       1.027350    
   1.035720       1.035730       1.035650       1.035590       1.035500       1.035450       1.035300       1.035140       1.034800       1.034670       1.034360       1.034050       1.033730       1.033410       1.033090       1.032760       1.032430       1.032090       1.031740       1.031390       1.031030       1.030660       1.030280       1.029900       1.029500       1.029100       1.028680       1.028260       1.027820       1.027380    
   1.035730       1.035660       1.035590       1.035510       1.035450       1.035370       1.035300       1.034980       1.034670       1.034520       1.034310       1.034180       1.033850       1.033530       1.033200       1.032860       1.032520       1.032180       1.031820       1.031470       1.031100       1.030720       1.030340       1.029950       1.029550       1.029140       1.028720       1.028290       1.027860       1.027410    
   1.035660       1.035590       1.035520       1.035450       1.035410       1.035370       1.035080       1.034670       1.034590       1.034410       1.034250       1.034310       1.033980       1.033650       1.033310       1.032970       1.032620       1.032270       1.031910       1.031550       1.031180       1.030800       1.030410       1.030010       1.029610       1.029200       1.028770       1.028340       1.027900       1.027450    
   1.035590       1.035520       1.035450       1.035430       1.035410       1.035130       1.034670       1.034630       1.034450       1.034280       1.034310       1.034140       1.033930       1.033780       1.033430       1.033080       1.032730       1.032370       1.032010       1.031640       1.031260       1.030880       1.030490       1.030090       1.029680       1.029260       1.028830       1.028390       1.027950       1.027490    
   1.035520       1.035450       1.035440       1.035430       1.035160       1.034670       1.034650       1.034470       1.034290       1.034310       1.034230       1.034040       1.033780       1.033600       1.033430       1.033080       1.032730       1.032370       1.031920       1.031740       1.031360       1.030970       1.030570       1.030160       1.029750       1.029330       1.028900       1.028450       1.028000       1.027550    
   1.035450       1.035450       1.035440       1.035180       1.034670       1.034660       1.034480       1.034300       1.034310       1.034270       1.034090       1.033780       1.033690       1.033600       1.033370       1.033080       1.032730       1.032130       1.031800       1.031850       1.031460       1.031060       1.030660       1.030250       1.029830       1.029400       1.028970       1.028520       1.028070       1.027610    
   1.035450       1.035450       1.035180       1.034670       1.034670       1.034490       1.034310       1.034310       1.034290       1.034110       1.033780       1.033740       1.033690       1.033560       1.033350       1.033060       1.032320       1.031820       1.031850       1.031630       1.031570       1.031170       1.030760       1.030340       1.029920       1.029490       1.029050       1.028600       1.028140       1.027670    
   1.035450       1.035190       1.034670       1.034670       1.034490       1.034310       1.034310       1.034300       1.034120       1.033780       1.033760       1.033740       1.033660       1.033530       1.033320       1.032560       1.031840       1.031850       1.031760       1.031680       1.031440       1.031280       1.030860       1.030440       1.030010       1.029580       1.029130       1.028680       1.028220       1.027750    
   1.035190       1.034670       1.034670       1.034490       1.034310       1.034310       1.034300       1.034130       1.033780       1.033770       1.033760       1.033720       1.033640       1.033470       1.032970       1.032240       1.032240       1.032040       1.031830       1.031870       1.031800       1.031390       1.030970       1.030550       1.030120       1.029670       1.029220       1.028770       1.028300       1.027820    
   1.034670       1.034670       1.034490       1.034310       1.034310       1.034310       1.034130       1.033780       1.033770       1.033770       1.033750       1.033710       1.033520       1.033380       1.033370       1.032790       1.032650       1.032630       1.032160       1.031930       1.031930       1.031520       1.031090       1.030660       1.030220       1.029780       1.029320       1.028860       1.028390       1.027910    
   1.034670       1.034490       1.034310       1.034310       1.034310       1.034130       1.033780       1.033780       1.033770       1.033760       1.033980       1.034330       1.033700       1.033380       1.033380       1.033370       1.032890       1.032670       1.032630       1.032210       1.032070       1.031650       1.031220       1.030780       1.030340       1.029890       1.029430       1.028960       1.028490       1.028000    
   1.034490       1.034310       1.034310       1.034310       1.034130       1.033780       1.033780       1.033780       1.033770       1.034040       1.034330       1.034330       1.034330       1.033710       1.033390       1.033390       1.033370       1.032910       1.032710       1.032630       1.032210       1.031780       1.031350       1.030910       1.030460       1.030000       1.029540       1.029070       1.028590       1.028100    
   1.034310       1.034310       1.034310       1.034130       1.033780       1.033780       1.033780       1.034270       1.034410       1.034330       1.034330       1.034330       1.034330       1.034330       1.033720       1.033410       1.033410       1.033370       1.032930       1.032780       1.032360       1.031920       1.031480       1.031040       1.030580       1.030120       1.029650       1.029180       1.028690       1.028200    
   1.034310       1.034310       1.034130       1.033780       1.033780       1.034840       1.036440       1.036100       1.035760       1.034810       1.034330       1.034330       1.034330       1.034330       1.034330       1.033750       1.033460       1.033460       1.033370       1.032940       1.032510       1.032070       1.031630       1.031170       1.030720       1.030250       1.029780       1.029300       1.028810       1.028310    
   1.034310       1.034130       1.033780       1.033780       1.035060       1.036440       1.036440       1.036440       1.036100       1.035760       1.034810       1.034330       1.034330       1.034330       1.034330       1.034330       1.033800       1.033540       1.033540       1.033100       1.032670       1.032220       1.031770       1.031320       1.030850       1.030380       1.029900       1.029420       1.028920       1.028420    
