iMOD/TUTORIALS/TUT_MetaswapAnalyser/model_MetaSWAP/meteo/Evaporation/Evaporation_20061002_L1.ASC
NCOLS                30
NROWS                30
XLLCORNER     160000.00
YLLCORNER     340000.00
CELLSIZE        1000.00
NODATA_VALUE   -9999.00
  0.9541000      0.9544300      0.9546900      0.9548900      0.9550300      0.9551000      0.9551200      0.9550900      0.9550000      0.9548700      0.9546800      0.9544500      0.9541800      0.9538600      0.9535100      0.9531200      0.9526900      0.9522200      0.9517200      0.9511900      0.9506300      0.9500400      0.9494200      0.9487700      0.9481000      0.9474100      0.9466900      0.9459500      0.9451900      0.9444100    
  0.9532800      0.9535800      0.9538100      0.9539900      0.9541000      0.9541600      0.9541600      0.9541000      0.9540000      0.9538400      0.9536400      0.9534000      0.9531100      0.9527800      0.9524100      0.9520000      0.9515600      0.9510800      0.9505700      0.9500300      0.9494600      0.9488500      0.9482300      0.9475700      0.9468900      0.9461900      0.9454600      0.9447200      0.9439500      0.9431600    
  0.9524000      0.9526800      0.9528900      0.9530400      0.9531300      0.9531600      0.9531400      0.9530700      0.9529500      0.9527800      0.9525600      0.9523000      0.9519900      0.9516500      0.9512600      0.9508400      0.9503900      0.9499000      0.9493800      0.9488200      0.9482400      0.9476300      0.9469900      0.9463300      0.9456400      0.9449400      0.9442000      0.9434500      0.9426800      0.9418900    
  0.9514900      0.9517300      0.9519200      0.9520400      0.9521100      0.9521200      0.9520800      0.9519900      0.9518500      0.9516600      0.9514300      0.9511500      0.9508300      0.9504700      0.9500800      0.9496400      0.9491800      0.9486700      0.9481400      0.9475800      0.9469900      0.9463700      0.9457200      0.9450500      0.9443600      0.9436400      0.9429100      0.9421500      0.9413700      0.9405800    
  0.9505300      0.9507400      0.9509000      0.9510000      0.9510500      0.9510400      0.9509800      0.9508700      0.9507100      0.9505100      0.9502600      0.9499700      0.9496300      0.9492600      0.9488500      0.9484000      0.9479200      0.9474100      0.9468700      0.9462900      0.9456900      0.9450700      0.9444100      0.9437400      0.9430400      0.9423200      0.9415700      0.9408100      0.9400300      0.9392300    
  0.9495300      0.9497200      0.9498500      0.9499300      0.9499500      0.9499200      0.9498400      0.9497100      0.9495400      0.9493100      0.9490500      0.9487400      0.9483900      0.9480000      0.9475800      0.9471200      0.9466300      0.9461100      0.9455600      0.9449700      0.9443600      0.9437300      0.9430700      0.9423900      0.9416800      0.9409500      0.9402100      0.9394400      0.9386600      0.9378600    
  0.9484900      0.9486500      0.9487600      0.9488100      0.9488100      0.9487600      0.9486600      0.9485100      0.9483200      0.9480800      0.9478000      0.9474700      0.9471100      0.9467100      0.9462800      0.9458100      0.9453000      0.9447700      0.9442100      0.9436200      0.9430000      0.9423600      0.9416900      0.9410000      0.9402900      0.9395600      0.9388100      0.9380400      0.9372500      0.9364500    
  0.9474200      0.9475500      0.9476300      0.9476600      0.9476400      0.9475700      0.9474500      0.9472800      0.9470700      0.9468100      0.9465100      0.9461700      0.9458000      0.9453800      0.9449300      0.9444500      0.9439400      0.9434000      0.9428200      0.9422300      0.9416000      0.9409500      0.9402800      0.9395800      0.9388700      0.9381300      0.9373800      0.9366100      0.9358200      0.9350100    
  0.9463100      0.9464200      0.9464700      0.9464800      0.9464300      0.9463400      0.9462000      0.9460100      0.9457800      0.9455000      0.9451900      0.9448400      0.9444500      0.9440200      0.9435600      0.9430700      0.9425400      0.9419900      0.9414100      0.9408000      0.9401700      0.9395100      0.9388300      0.9381300      0.9374100      0.9366700      0.9359200      0.9351400      0.9343500      0.9335500    
  0.9451700      0.9452500      0.9452800      0.9452600      0.9451900      0.9450700      0.9449100      0.9447100      0.9444600      0.9441700      0.9438400      0.9434700      0.9430600      0.9426200      0.9421500      0.9416500      0.9411100      0.9405500      0.9399600      0.9393500      0.9387100      0.9380400      0.9373600      0.9366500      0.9359300      0.9351900      0.9344300      0.9336500      0.9328600      0.9320500    
  0.9451530      0.9452330      0.9449500      0.9440100      0.9439200      0.9437800      0.9436000      0.9433700      0.9431000      0.9428000      0.9424500      0.9420700      0.9416500      0.9412000      0.9407100      0.9402000      0.9396500      0.9390800      0.9384800      0.9378600      0.9372100      0.9365400      0.9358500      0.9351400      0.9344200      0.9336700      0.9329100      0.9321300      0.9313400      0.9305300    
  0.9451370      0.9448370      0.9440100      0.9429600      0.9426200      0.9424600      0.9422500      0.9420100      0.9417200      0.9414000      0.9410400      0.9406400      0.9402000      0.9397400      0.9392400      0.9387200      0.9381600      0.9375800      0.9369700      0.9363400      0.9356900      0.9350200      0.9343200      0.9336100      0.9328800      0.9321300      0.9313600      0.9305800      0.9297900      0.9289800    
  0.9447470      0.9440100      0.9425540      0.9419550      0.9412900      0.9411100      0.9408800      0.9406200      0.9403100      0.9399700      0.9395900      0.9391800      0.9387300      0.9382500      0.9377500      0.9372100      0.9366400      0.9360500      0.9354400      0.9348000      0.9341400      0.9334600      0.9327600      0.9320400      0.9313100      0.9305600      0.9297900      0.9290100      0.9282200      0.9274100    
  0.9440100      0.9423690      0.9416220      0.9412900      0.9407100      0.9397300      0.9394900      0.9392000      0.9388800      0.9385200      0.9381200      0.9377000      0.9372300      0.9367400      0.9362200      0.9356700      0.9351000      0.9345000      0.9338800      0.9332300      0.9325600      0.9318800      0.9311800      0.9304500      0.9297200      0.9289600      0.9282000      0.9274200      0.9266200      0.9258200    
  0.9422810      0.9414560      0.9412900      0.9405770      0.9397300      0.9390930      0.9380600      0.9377600      0.9374200      0.9370400      0.9366300      0.9361900      0.9357100      0.9352100      0.9346700      0.9341100      0.9335300      0.9329200      0.9322900      0.9316400      0.9309600      0.9302700      0.9295700      0.9288400      0.9281000      0.9273500      0.9265800      0.9258000      0.9250000      0.9242000    
  0.9413730      0.9412900      0.9405320      0.9397300      0.9389610      0.9380600      0.9379100      0.9377470      0.9369400      0.9355400      0.9351100      0.9346500      0.9341600      0.9336500      0.9331000      0.9325300      0.9319400      0.9313200      0.9306800      0.9300200      0.9293400      0.9286400      0.9279300      0.9272000      0.9264600      0.9257000      0.9249400      0.9241500      0.9233600      0.9225600    
  0.9412900      0.9405170      0.9397300      0.9389170      0.9380600      0.9379850      0.9379060      0.9370340      0.9355400      0.9353250      0.9339840      0.9331000      0.9325900      0.9320600      0.9315100      0.9309200      0.9303200      0.9296900      0.9290400      0.9283800      0.9276900      0.9269900      0.9262800      0.9255400      0.9248000      0.9240400      0.9232700      0.9224900      0.9217000      0.9209000    
  0.9405120      0.9397300      0.9389020      0.9380600      0.9380220      0.9379840      0.9371160      0.9355400      0.9354330      0.9337360      0.9323100      0.9315200      0.9310100      0.9304600      0.9298900      0.9293000      0.9286800      0.9280500      0.9273900      0.9267200      0.9260300      0.9253200      0.9246000      0.9238700      0.9231200      0.9223600      0.9215900      0.9208100      0.9200200      0.9192200    
  0.9397300      0.9388970      0.9380600      0.9380410      0.9380220      0.9371660      0.9355400      0.9354860      0.9336290      0.9319150      0.9315200      0.9312650      0.9304570      0.9288400      0.9282600      0.9276500      0.9270300      0.9263800      0.9257200      0.9250400      0.9243400      0.9236300      0.9229000      0.9221700      0.9214200      0.9206600      0.9198900      0.9191100      0.9183200      0.9175200    
  0.9388960      0.9380600      0.9380510      0.9380410      0.9371920      0.9355400      0.9355130      0.9335780      0.9317180      0.9315200      0.9313920      0.9305210      0.9288400      0.9285500      0.9282500      0.9276470      0.9270200      0.9263770      0.9244200      0.9233400      0.9226300      0.9219200      0.9211900      0.9204500      0.9197000      0.9189400      0.9181700      0.9173900      0.9166000      0.9158100    
  0.9380600      0.9380550      0.9380510      0.9372060      0.9355400      0.9355270      0.9335540      0.9316190      0.9315200      0.9314560      0.9305680      0.9288400      0.9286950      0.9285470      0.9281490      0.9276390      0.9270140      0.9243830      0.9224800      0.9216200      0.9209100      0.9201900      0.9194600      0.9187200      0.9179600      0.9172000      0.9164300      0.9156600      0.9148700      0.9140800    
  0.9380580      0.9380550      0.9372130      0.9355400      0.9355330      0.9335420      0.9315690      0.9315200      0.9314880      0.9305960      0.9288400      0.9287670      0.9286940      0.9284640      0.9281110      0.9276010      0.9245410      0.9220500      0.9216200      0.9205700      0.9191800      0.9184500      0.9177100      0.9169700      0.9162100      0.9154500      0.9146800      0.9139100      0.9131200      0.9123300    
  0.9380580      0.9372160      0.9355400      0.9355370      0.9335360      0.9315450      0.9315200      0.9315040      0.9306110      0.9288400      0.9288040      0.9287670      0.9286420      0.9284230      0.9280590      0.9236840      0.9218350      0.9216200      0.9185950      0.9174200      0.9169800      0.9166900      0.9159500      0.9152100      0.9144500      0.9136900      0.9129200      0.9121400      0.9113600      0.9105800    
  0.9372180      0.9355400      0.9355380      0.9335330      0.9315320      0.9315200      0.9315120      0.9306190      0.9288400      0.9288220      0.9288040      0.9287370      0.9286110      0.9233280      0.9193300      0.9163270      0.9163300      0.9158980      0.9153560      0.9147700      0.9156600      0.9149200      0.9141800      0.9134300      0.9126700      0.9119100      0.9111400      0.9103700      0.9095900      0.9088100    
  0.9355400      0.9355390      0.9335320      0.9315260      0.9315200      0.9315160      0.9306230      0.9288400      0.9288310      0.9288220      0.9287880      0.9287170      0.9193780      0.9081340      0.9081900      0.9112970      0.9108150      0.9110400      0.9128780      0.9138770      0.9138800      0.9131400      0.9123900      0.9116400      0.9108800      0.9101200      0.9093500      0.9085800      0.9078100      0.9070300    
  0.9355400      0.9335310      0.9315230      0.9315200      0.9315180      0.9306250      0.9288400      0.9288350      0.9288310      0.9288130      0.9186850      0.9035500      0.9065590      0.9080770      0.9080770      0.9081900      0.9098520      0.9105900      0.9110400      0.9118250      0.9120900      0.9113500      0.9106000      0.9098400      0.9090800      0.9083200      0.9075600      0.9067900      0.9060200      0.9052400    
  0.9335300      0.9315220      0.9315200      0.9315190      0.9306260      0.9288400      0.9288380      0.9288350      0.9288270      0.9166860      0.9035500      0.9035500      0.9035500      0.9064760      0.9079650      0.9079650      0.9081900      0.9095870      0.9101400      0.9110400      0.9102900      0.9095500      0.9087900      0.9080400      0.9072800      0.9065100      0.9057500      0.9049800      0.9042200      0.9034500    
  0.9315210      0.9315200      0.9315200      0.9306260      0.9288400      0.9288390      0.9288380      0.9204820      0.9123590      0.9035450      0.9035500      0.9035500      0.9035500      0.9035500      0.9063120      0.9077400      0.9077400      0.9081900      0.9089780      0.9092400      0.9084900      0.9077400      0.9069800      0.9062200      0.9054600      0.9047000      0.9039400      0.9031700      0.9024100      0.9016400    
  0.9315200      0.9315200      0.9306260      0.9288400      0.9288390      0.9151110      0.8945200      0.8949750      0.8954300      0.9008300      0.9035350      0.9035500      0.9035500      0.9035500      0.9035500      0.9059920      0.9072890      0.9072900      0.9081900      0.9074400      0.9066800      0.9059200      0.9051600      0.9044000      0.9036400      0.9028800      0.9021200      0.9013600      0.9006000      0.8998400    
  0.9315200      0.9306270      0.9288400      0.9288400      0.9123630      0.8945170      0.8945170      0.8945200      0.8949750      0.8954300      0.9008050      0.9035060      0.9035500      0.9035500      0.9035500      0.9035500      0.9053870      0.9063870      0.9063900      0.9056200      0.9048600      0.9041000      0.9033400      0.9025700      0.9018100      0.9010500      0.9002900      0.8995400      0.8987800      0.8980200    
