iMOD/TUTORIALS/TUT_MetaswapAnalyser/model_MetaSWAP/meteo/Evaporation/Evaporation_20060911_L1.ASC
NCOLS                30
NROWS                30
XLLCORNER     160000.00
YLLCORNER     340000.00
CELLSIZE        1000.00
NODATA_VALUE   -9999.00
   2.967130       2.966680       2.966280       2.965920       2.965590       2.965310       2.965060       2.964840       2.964670       2.964520       2.964410       2.964320       2.964270       2.964250       2.964260       2.964290       2.964350       2.964430       2.964540       2.964670       2.964830       2.965000       2.965200       2.965410       2.965650       2.965900       2.966170       2.966450       2.966750       2.967070    
   2.969290       2.968850       2.968440       2.968080       2.967750       2.967470       2.967210       2.966990       2.966810       2.966660       2.966540       2.966450       2.966390       2.966360       2.966360       2.966380       2.966430       2.966510       2.966600       2.966720       2.966870       2.967030       2.967210       2.967420       2.967640       2.967880       2.968130       2.968400       2.968690       2.968990    
   2.971460       2.971020       2.970620       2.970260       2.969930       2.969640       2.969380       2.969160       2.968970       2.968820       2.968690       2.968590       2.968530       2.968490       2.968480       2.968490       2.968530       2.968600       2.968690       2.968800       2.968930       2.969080       2.969250       2.969440       2.969650       2.969870       2.970120       2.970370       2.970640       2.970930    
   2.973650       2.973210       2.972810       2.972450       2.972120       2.971830       2.971570       2.971340       2.971150       2.970990       2.970850       2.970750       2.970680       2.970630       2.970610       2.970620       2.970650       2.970710       2.970780       2.970880       2.971000       2.971140       2.971300       2.971480       2.971680       2.971890       2.972120       2.972360       2.972610       2.972880    
   2.975850       2.975420       2.975020       2.974650       2.974320       2.974030       2.973760       2.973540       2.973340       2.973170       2.973030       2.972930       2.972850       2.972790       2.972770       2.972760       2.972790       2.972830       2.972900       2.972990       2.973100       2.973230       2.973370       2.973540       2.973720       2.973920       2.974130       2.974360       2.974600       2.974860    
   2.978060       2.977630       2.977230       2.976870       2.976540       2.976240       2.975970       2.975740       2.975540       2.975370       2.975230       2.975110       2.975030       2.974970       2.974930       2.974920       2.974940       2.974970       2.975030       2.975110       2.975210       2.975320       2.975460       2.975610       2.975780       2.975970       2.976170       2.976380       2.976610       2.976850    
   2.980280       2.979850       2.979450       2.979090       2.978760       2.978460       2.978200       2.977960       2.977760       2.977580       2.977430       2.977310       2.977220       2.977150       2.977110       2.977090       2.977100       2.977130       2.977170       2.977240       2.977330       2.977440       2.977560       2.977700       2.977860       2.978030       2.978220       2.978420       2.978630       2.978860    
   2.982510       2.982080       2.981690       2.981320       2.980990       2.980700       2.980430       2.980190       2.979980       2.979800       2.979650       2.979530       2.979430       2.979350       2.979300       2.979280       2.979280       2.979290       2.979330       2.979390       2.979470       2.979560       2.979670       2.979800       2.979950       2.980110       2.980280       2.980470       2.980670       2.980880    
   2.984750       2.984320       2.983930       2.983570       2.983240       2.982940       2.982670       2.982430       2.982220       2.982040       2.981880       2.981750       2.981650       2.981570       2.981510       2.981480       2.981460       2.981470       2.981500       2.981550       2.981620       2.981700       2.981800       2.981920       2.982050       2.982200       2.982360       2.982530       2.982710       2.982910    
   2.986990       2.986570       2.986180       2.985820       2.985490       2.985190       2.984920       2.984680       2.984460       2.984280       2.984120       2.983980       2.983870       2.983790       2.983720       2.983680       2.983660       2.983660       2.983680       2.983720       2.983780       2.983850       2.983940       2.984050       2.984170       2.984300       2.984450       2.984610       2.984780       2.984960    
   2.987000       2.986580       2.986660       2.988080       2.987750       2.987450       2.987180       2.986930       2.986720       2.986530       2.986370       2.986230       2.986110       2.986020       2.985950       2.985900       2.985870       2.985870       2.985880       2.985910       2.985950       2.986010       2.986090       2.986190       2.986290       2.986410       2.986550       2.986690       2.986850       2.987020    
   2.987010       2.987080       2.988080       2.989530       2.990010       2.989710       2.989440       2.989200       2.988980       2.988790       2.988620       2.988480       2.988360       2.988260       2.988180       2.988130       2.988090       2.988080       2.988080       2.988100       2.988140       2.988190       2.988260       2.988340       2.988430       2.988540       2.988660       2.988790       2.988940       2.989090    
   2.987410       2.988080       2.990260       2.991150       2.992280       2.991980       2.991710       2.991470       2.991250       2.991050       2.990880       2.990740       2.990610       2.990510       2.990430       2.990370       2.990320       2.990300       2.990290       2.990300       2.990330       2.990370       2.990430       2.990500       2.990580       2.990680       2.990780       2.990900       2.991030       2.991180    
   2.988080       2.990580       2.991710       2.992280       2.992840       2.994260       2.993990       2.993740       2.993520       2.993330       2.993150       2.993000       2.992870       2.992770       2.992680       2.992610       2.992560       2.992530       2.992510       2.992520       2.992530       2.992560       2.992610       2.992670       2.992740       2.992820       2.992920       2.993020       2.993140       2.993270    
   2.990730       2.992000       2.992280       2.993130       2.994260       2.994840       2.996270       2.996020       2.995800       2.995600       2.995430       2.995270       2.995140       2.995030       2.994940       2.994860       2.994810       2.994770       2.994740       2.994740       2.994740       2.994770       2.994800       2.994850       2.994910       2.994980       2.995060       2.995160       2.995260       2.995370    
   2.992140       2.992280       2.993220       2.994260       2.995120       2.996270       2.996150       2.996030       2.996330       2.997890       2.997710       2.997550       2.997410       2.997300       2.997200       2.997120       2.997060       2.997010       2.996980       2.996960       2.996960       2.996970       2.997000       2.997040       2.997080       2.997140       2.997210       2.997290       2.997380       2.997480    
   2.992280       2.993250       2.994260       2.995220       2.996270       2.996210       2.996150       2.996600       2.997890       2.997800       2.999020       2.999830       2.999690       2.999570       2.999470       2.999380       2.999310       2.999260       2.999220       2.999200       2.999190       2.999190       2.999200       2.999230       2.999270       2.999320       2.999370       2.999440       2.999520       2.999600    
   2.993260       2.994260       2.995250       2.996270       2.996240       2.996210       2.996710       2.997890       2.997840       2.999560       3.000980       3.002120       3.001970       3.001850       3.001740       3.001650       3.001580       3.001520       3.001470       3.001440       3.001420       3.001410       3.001420       3.001430       3.001460       3.001490       3.001540       3.001590       3.001660       3.001730    
   2.994260       2.995260       2.996270       2.996250       2.996240       2.996760       2.997890       2.997870       2.999790       3.001550       3.002120       3.002050       3.002520       3.004130       3.004020       3.003920       3.003840       3.003780       3.003720       3.003680       3.003650       3.003640       3.003630       3.003640       3.003650       3.003680       3.003710       3.003750       3.003800       3.003860    
   2.995260       2.996270       2.996260       2.996250       2.996790       2.997890       2.997880       2.999900       3.001830       3.002120       3.002080       3.002700       3.004130       3.004080       3.004020       3.003930       3.003850       3.003780       3.005060       3.005930       3.005900       3.005870       3.005860       3.005850       3.005850       3.005870       3.005890       3.005920       3.005950       3.006000    
   2.996270       2.996270       2.996260       2.996800       2.997890       2.997880       2.999950       3.001980       3.002120       3.002100       3.002760       3.004130       3.004100       3.004080       3.004010       3.003930       3.003850       3.005580       3.007050       3.008180       3.008140       3.008110       3.008080       3.008070       3.008060       3.008060       3.008070       3.008090       3.008110       3.008140    
   2.996270       2.996270       2.996800       2.997890       2.997890       2.999980       3.002050       3.002120       3.002110       3.002780       3.004130       3.004120       3.004100       3.004060       3.004010       3.003930       3.005830       3.007620       3.008180       3.008900       3.010390       3.010340       3.010310       3.010290       3.010270       3.010260       3.010260       3.010260       3.010270       3.010290    
   2.996270       2.996810       2.997890       2.997890       2.999990       3.002080       3.002120       3.002120       3.002780       3.004130       3.004120       3.004120       3.004090       3.004060       3.004000       3.007320       3.007900       3.008180       3.011430       3.012640       3.012610       3.012590       3.012540       3.012510       3.012480       3.012460       3.012440       3.012440       3.012430       3.012440    
   2.996810       2.997890       2.997890       3.000000       3.002100       3.002120       3.002120       3.002790       3.004130       3.004130       3.004120       3.004110       3.004090       3.009620       3.013070       3.014960       3.014960       3.015060       3.015260       3.016020       3.014890       3.014830       3.014780       3.014730       3.014690       3.014660       3.014640       3.014610       3.014600       3.014590    
   2.997890       2.997890       3.000000       3.002110       3.002120       3.002120       3.002790       3.004130       3.004130       3.004130       3.004120       3.004110       3.014140       3.026410       3.026340       3.021720       3.022010       3.021730       3.018710       3.017140       3.017140       3.017070       3.017010       3.016960       3.016910       3.016870       3.016830       3.016800       3.016770       3.016740    
   2.997890       3.000000       3.002120       3.002120       3.002120       3.002790       3.004130       3.004130       3.004130       3.004120       3.015760       3.033220       3.028740       3.026480       3.026480       3.026340       3.023560       3.022290       3.021730       3.019970       3.019390       3.019320       3.019250       3.019180       3.019120       3.019070       3.019020       3.018980       3.018940       3.018900    
   3.000000       3.002120       3.002120       3.002120       3.002790       3.004130       3.004130       3.004130       3.004130       3.018090       3.033220       3.033220       3.033220       3.028840       3.026620       3.026620       3.026340       3.023880       3.022860       3.021730       3.021640       3.021560       3.021480       3.021410       3.021340       3.021280       3.021220       3.021160       3.021100       3.021050    
   3.002120       3.002120       3.002120       3.002790       3.004130       3.004130       3.004130       3.014220       3.023510       3.033230       3.033220       3.033220       3.033220       3.033220       3.029050       3.026900       3.026910       3.026340       3.024570       3.023990       3.023890       3.023800       3.023720       3.023630       3.023560       3.023480       3.023410       3.023340       3.023270       3.023210    
   3.002120       3.002120       3.002790       3.004130       3.004130       3.021200       3.046810       3.045640       3.044480       3.036990       3.033240       3.033220       3.033220       3.033220       3.033220       3.029440       3.027470       3.027470       3.026340       3.026240       3.026140       3.026040       3.025950       3.025860       3.025770       3.025680       3.025600       3.025520       3.025440       3.025360    
   3.002120       3.002790       3.004130       3.004130       3.024620       3.046810       3.046810       3.046810       3.045650       3.044480       3.037020       3.033280       3.033220       3.033220       3.033220       3.033220       3.030180       3.028600       3.028600       3.028490       3.028380       3.028280       3.028180       3.028080       3.027980       3.027880       3.027790       3.027690       3.027600       3.027510    
