iMOD/TUTORIALS/TUT_MetaswapAnalyser/model_MetaSWAP/meteo/Evaporation/Evaporation_20060629_L1.ASC
NCOLS                30
NROWS                30
XLLCORNER     160000.00
YLLCORNER     340000.00
CELLSIZE        1000.00
NODATA_VALUE   -9999.00
   4.948050       4.947640       4.947200       4.946720       4.946210       4.945680       4.945120       4.944550       4.943950       4.943340       4.942720       4.942100       4.941460       4.940830       4.940190       4.939550       4.938920       4.938290       4.937660       4.937050       4.936440       4.935840       4.935260       4.934680       4.934120       4.933580       4.933050       4.932530       4.932030       4.931550    
   4.946940       4.946520       4.946080       4.945600       4.945090       4.944560       4.944000       4.943430       4.942840       4.942230       4.941620       4.940990       4.940360       4.939730       4.939100       4.938460       4.937830       4.937200       4.936580       4.935970       4.935370       4.934780       4.934200       4.933630       4.933070       4.932530       4.932000       4.931490       4.931000       4.930520    
   4.945800       4.945380       4.944930       4.944440       4.943940       4.943400       4.942850       4.942280       4.941690       4.941090       4.940470       4.939850       4.939230       4.938600       4.937970       4.937340       4.936710       4.936090       4.935470       4.934870       4.934270       4.933680       4.933100       4.932540       4.931990       4.931450       4.930930       4.930420       4.929930       4.929460    
   4.944640       4.944210       4.943750       4.943270       4.942760       4.942220       4.941670       4.941100       4.940510       4.939910       4.939300       4.938680       4.938060       4.937430       4.936810       4.936180       4.935560       4.934940       4.934330       4.933730       4.933130       4.932550       4.931980       4.931420       4.930870       4.930340       4.929820       4.929320       4.928840       4.928370    
   4.943450       4.943010       4.942550       4.942060       4.941550       4.941010       4.940460       4.939890       4.939300       4.938700       4.938100       4.937480       4.936860       4.936240       4.935620       4.935000       4.934380       4.933760       4.933160       4.932560       4.931970       4.931390       4.930820       4.930270       4.929730       4.929200       4.928690       4.928190       4.927710       4.927250    
   4.942240       4.941800       4.941330       4.940840       4.940320       4.939780       4.939220       4.938650       4.938070       4.937470       4.936870       4.936250       4.935640       4.935020       4.934400       4.933780       4.933170       4.932560       4.931950       4.931360       4.930770       4.930200       4.929640       4.929090       4.928550       4.928030       4.927530       4.927040       4.926560       4.926110    
   4.941020       4.940560       4.940090       4.939590       4.939070       4.938520       4.937970       4.937390       4.936810       4.936210       4.935610       4.935000       4.934380       4.933770       4.933150       4.932540       4.931930       4.931320       4.930720       4.930130       4.929550       4.928980       4.928430       4.927880       4.927350       4.926840       4.926340       4.925850       4.925390       4.924940    
   4.939780       4.939310       4.938830       4.938320       4.937790       4.937250       4.936690       4.936110       4.935530       4.934930       4.934330       4.933720       4.933110       4.932490       4.931880       4.931270       4.930660       4.930060       4.929470       4.928880       4.928300       4.927740       4.927190       4.926650       4.926130       4.925620       4.925120       4.924650       4.924190       4.923740    
   4.938520       4.938040       4.937550       4.937040       4.936500       4.935950       4.935390       4.934810       4.934230       4.933630       4.933030       4.932420       4.931810       4.931190       4.930580       4.929980       4.929370       4.928770       4.928180       4.927600       4.927030       4.926470       4.925930       4.925400       4.924880       4.924370       4.923890       4.923420       4.922960       4.922530    
   4.937250       4.936760       4.936260       4.935740       4.935200       4.934640       4.934080       4.933490       4.932900       4.932310       4.931700       4.931100       4.930490       4.929880       4.929270       4.928660       4.928060       4.927470       4.926880       4.926300       4.925740       4.925180       4.924640       4.924120       4.923600       4.923110       4.922630       4.922160       4.921720       4.921290    
   4.937240       4.936760       4.935790       4.934420       4.933880       4.933320       4.932740       4.932160       4.931570       4.930970       4.930360       4.929750       4.929140       4.928540       4.927930       4.927320       4.926730       4.926140       4.925550       4.924980       4.924420       4.923870       4.923340       4.922820       4.922310       4.921820       4.921350       4.920890       4.920450       4.920030    
   4.937230       4.936050       4.934420       4.933010       4.932540       4.931980       4.931400       4.930810       4.930210       4.929610       4.929000       4.928400       4.927790       4.927180       4.926570       4.925970       4.925380       4.924790       4.924210       4.923640       4.923080       4.922540       4.922010       4.921500       4.921000       4.920510       4.920050       4.919600       4.919160       4.918750    
   4.936350       4.934420       4.932620       4.931870       4.931200       4.930620       4.930040       4.929450       4.928850       4.928240       4.927630       4.927020       4.926410       4.925800       4.925200       4.924600       4.924010       4.923420       4.922850       4.922280       4.921730       4.921190       4.920670       4.920160       4.919660       4.919190       4.918730       4.918280       4.917860       4.917450    
   4.934420       4.932450       4.931530       4.931200       4.930360       4.929260       4.928670       4.928070       4.927470       4.926860       4.926250       4.925630       4.925020       4.924410       4.923810       4.923210       4.922620       4.922040       4.921470       4.920900       4.920360       4.919820       4.919300       4.918800       4.918310       4.917840       4.917390       4.916960       4.916540       4.916140    
   4.932360       4.931370       4.931200       4.930270       4.929260       4.928410       4.927290       4.926680       4.926080       4.925460       4.924850       4.924230       4.923620       4.923010       4.922410       4.921810       4.921220       4.920640       4.920070       4.919510       4.918970       4.918440       4.917930       4.917430       4.916950       4.916480       4.916040       4.915610       4.915200       4.914820    
   4.931280       4.931200       4.930240       4.929260       4.928320       4.927290       4.926980       4.926680       4.925570       4.924060       4.923440       4.922820       4.922210       4.921600       4.920990       4.920390       4.919810       4.919230       4.918660       4.918110       4.917570       4.917040       4.916530       4.916040       4.915570       4.915110       4.914670       4.914250       4.913850       4.913470    
   4.931200       4.930230       4.929260       4.928290       4.927290       4.927140       4.926990       4.925820       4.924060       4.923750       4.922340       4.921400       4.920780       4.920170       4.919570       4.918970       4.918380       4.917800       4.917240       4.916690       4.916150       4.915630       4.915130       4.914640       4.914170       4.913720       4.913290       4.912880       4.912490       4.912120    
   4.930230       4.929260       4.928280       4.927290       4.927210       4.927140       4.926000       4.924060       4.923900       4.922160       4.920680       4.919970       4.919350       4.918740       4.918130       4.917530       4.916940       4.916370       4.915810       4.915260       4.914730       4.914210       4.913710       4.913230       4.912770       4.912330       4.911900       4.911500       4.911120       4.910750    
   4.929260       4.928280       4.927290       4.927250       4.927210       4.926100       4.924060       4.923980       4.922080       4.920330       4.919970       4.919660       4.918840       4.917300       4.916690       4.916090       4.915500       4.914930       4.914360       4.913820       4.913290       4.912780       4.912280       4.911810       4.911350       4.910920       4.910500       4.910110       4.909730       4.909380    
   4.928280       4.927290       4.927270       4.927250       4.926160       4.924060       4.924020       4.922050       4.920150       4.919970       4.919820       4.918940       4.917300       4.917000       4.916690       4.916090       4.915510       4.914930       4.913280       4.912370       4.911850       4.911340       4.910850       4.910380       4.909930       4.909500       4.909090       4.908710       4.908340       4.908000    
   4.927290       4.927280       4.927270       4.926180       4.924060       4.924040       4.922030       4.920060       4.919970       4.919890       4.919010       4.917300       4.917150       4.917000       4.916590       4.916100       4.915510       4.913260       4.911640       4.910920       4.910390       4.909890       4.909400       4.908940       4.908500       4.908080       4.907670       4.907300       4.906940       4.906600    
   4.927290       4.927280       4.926200       4.924060       4.924050       4.922020       4.920010       4.919970       4.919930       4.919040       4.917300       4.917220       4.917150       4.916910       4.916560       4.916070       4.913410       4.911280       4.910920       4.910080       4.908940       4.908440       4.907950       4.907500       4.907060       4.906640       4.906250       4.905880       4.905530       4.905210    
   4.927290       4.926210       4.924060       4.924060       4.922020       4.919990       4.919970       4.919950       4.919060       4.917300       4.917260       4.917220       4.917090       4.916870       4.916510       4.912730       4.911100       4.910920       4.908440       4.907470       4.907180       4.906980       4.906500       4.906050       4.905620       4.905210       4.904820       4.904460       4.904120       4.903810    
   4.926210       4.924060       4.924060       4.922020       4.919980       4.919970       4.919960       4.919070       4.917300       4.917280       4.917260       4.917190       4.917060       4.912560       4.909120       4.906520       4.906530       4.906190       4.905770       4.905280       4.906010       4.905520       4.905040       4.904600       4.904170       4.903770       4.903390       4.903040       4.902710       4.902400    
   4.924060       4.924060       4.922020       4.919980       4.919970       4.919960       4.919080       4.917300       4.917290       4.917280       4.917250       4.917170       4.909240       4.899700       4.899750       4.902340       4.901950       4.902130       4.903700       4.904550       4.904550       4.904050       4.903590       4.903140       4.902720       4.902330       4.901960       4.901610       4.901290       4.901000    
   4.924060       4.922020       4.919970       4.919970       4.919970       4.919080       4.917300       4.917300       4.917290       4.917270       4.908740       4.896010       4.898440       4.899660       4.899660       4.899750       4.901140       4.901760       4.902130       4.902840       4.903080       4.902590       4.902130       4.901690       4.901270       4.900890       4.900530       4.900190       4.899880       4.899590    
   4.922020       4.919970       4.919970       4.919970       4.919080       4.917300       4.917300       4.917300       4.917290       4.907070       4.896010       4.896010       4.896010       4.898370       4.899570       4.899570       4.899750       4.900930       4.901400       4.902130       4.901620       4.901130       4.900670       4.900230       4.899830       4.899450       4.899090       4.898770       4.898470       4.898190    
   4.919970       4.919970       4.919970       4.919080       4.917300       4.917300       4.917300       4.910410       4.903550       4.896010       4.896010       4.896010       4.896010       4.896010       4.898240       4.899390       4.899390       4.899750       4.900440       4.900670       4.900160       4.899670       4.899210       4.898780       4.898380       4.898010       4.897660       4.897350       4.897060       4.896790    
   4.919970       4.919970       4.919080       4.917300       4.917300       4.906030       4.889120       4.889430       4.889750       4.893910       4.896000       4.896010       4.896010       4.896010       4.896010       4.897980       4.899030       4.899030       4.899750       4.899210       4.898700       4.898220       4.897760       4.897340       4.896940       4.896580       4.896240       4.895930       4.895650       4.895400    
   4.919970       4.919080       4.917300       4.917300       4.903770       4.889120       4.889120       4.889120       4.889430       4.889750       4.893890       4.895980       4.896010       4.896010       4.896010       4.896010       4.897500       4.898310       4.898310       4.897770       4.897250       4.896770       4.896320       4.895900       4.895510       4.895150       4.894820       4.894520       4.894250       4.894010    
