iMOD/TUTORIALS/TUT_MetaswapAnalyser/model_MetaSWAP/meteo/Evaporation/Evaporation_20060413_L1.ASC
NCOLS                30
NROWS                30
XLLCORNER     160000.00
YLLCORNER     340000.00
CELLSIZE        1000.00
NODATA_VALUE   -9999.00
  0.7542400      0.7489400      0.7435900      0.7381800      0.7327100      0.7272000      0.7216300      0.7160200      0.7103600      0.7046600      0.6989200      0.6931400      0.6873300      0.6814900      0.6756200      0.6697200      0.6637900      0.6578400      0.6518600      0.6458600      0.6398500      0.6338100      0.6277700      0.6217000      0.6156200      0.6095300      0.6034400      0.5973300      0.5912100      0.5850900    
  0.7512200      0.7459400      0.7406100      0.7352200      0.7297700      0.7242700      0.7187300      0.7131400      0.7075000      0.7018200      0.6961000      0.6903500      0.6845500      0.6787300      0.6728800      0.6669900      0.6610800      0.6551400      0.6491800      0.6432000      0.6372000      0.6311800      0.6251400      0.6190900      0.6130200      0.6069400      0.6008500      0.5947500      0.5886400      0.5825300    
  0.7481600      0.7429000      0.7375900      0.7322200      0.7267900      0.7213200      0.7157900      0.7102200      0.7046000      0.6989500      0.6932500      0.6875100      0.6817400      0.6759300      0.6701000      0.6642300      0.6583400      0.6524200      0.6464700      0.6405000      0.6345100      0.6285100      0.6224800      0.6164400      0.6103800      0.6043100      0.5982300      0.5921400      0.5860400      0.5799300    
  0.7450700      0.7398300      0.7345400      0.7291800      0.7237800      0.7183300      0.7128200      0.7072700      0.7016800      0.6960400      0.6903600      0.6846400      0.6788900      0.6731000      0.6672900      0.6614400      0.6555600      0.6496500      0.6437200      0.6377700      0.6318000      0.6258000      0.6197900      0.6137600      0.6077200      0.6016600      0.5955900      0.5895000      0.5834100      0.5773100    
  0.7419500      0.7367300      0.7314500      0.7261200      0.7207400      0.7153000      0.7098200      0.7042900      0.6987100      0.6930900      0.6874400      0.6817400      0.6760100      0.6702400      0.6644400      0.6586100      0.6527500      0.6468600      0.6409500      0.6350100      0.6290500      0.6230700      0.6170700      0.6110500      0.6050200      0.5989700      0.5929100      0.5868300      0.5807500      0.5746600    
  0.7388000      0.7336000      0.7283400      0.7230200      0.7176600      0.7122400      0.7067800      0.7012700      0.6957200      0.6901200      0.6844800      0.6788000      0.6730900      0.6673400      0.6615600      0.6557500      0.6499000      0.6440300      0.6381400      0.6322100      0.6262700      0.6203000      0.6143200      0.6083100      0.6022900      0.5962500      0.5902000      0.5841400      0.5780600      0.5719700    
  0.7356200      0.7304300      0.7251900      0.7199000      0.7145500      0.7091600      0.7037100      0.6982200      0.6926900      0.6871100      0.6814900      0.6758400      0.6701400      0.6644100      0.6586500      0.6528500      0.6470300      0.6411700      0.6352900      0.6293900      0.6234600      0.6175000      0.6115300      0.6055400      0.5995300      0.5935000      0.5874600      0.5814100      0.5753400      0.5692600    
  0.7324100      0.7272400      0.7220200      0.7167400      0.7114100      0.7060400      0.7006100      0.6951400      0.6896300      0.6840700      0.6784700      0.6728400      0.6671600      0.6614500      0.6557100      0.6499300      0.6441200      0.6382800      0.6324200      0.6265300      0.6206100      0.6146800      0.6087200      0.6027400      0.5967400      0.5907200      0.5846900      0.5786500      0.5725900      0.5665200    
  0.7291700      0.7240200      0.7188100      0.7135500      0.7082500      0.7028900      0.6974800      0.6920300      0.6865400      0.6810000      0.6754200      0.6698100      0.6641500      0.6584600      0.6527300      0.6469700      0.6411800      0.6353600      0.6295100      0.6236400      0.6177400      0.6118200      0.6058700      0.5999000      0.5939200      0.5879100      0.5818900      0.5758600      0.5698100      0.5637500    
  0.7259100      0.7207700      0.7155800      0.7103400      0.7050500      0.6997100      0.6943300      0.6888900      0.6834200      0.6779000      0.6723400      0.6667400      0.6611100      0.6554400      0.6497300      0.6439900      0.6382100      0.6324100      0.6265800      0.6207200      0.6148400      0.6089300      0.6029900      0.5970400      0.5910700      0.5850800      0.5790700      0.5730400      0.5670000      0.5609500    
  0.7258900      0.7207530      0.7134480      0.7071000      0.7018200      0.6965000      0.6911400      0.6857300      0.6802700      0.6747700      0.6692300      0.6636500      0.6580400      0.6523800      0.6466900      0.6409700      0.6352100      0.6294300      0.6236100      0.6177700      0.6119000      0.6060100      0.6000900      0.5941500      0.5881900      0.5822100      0.5762100      0.5702000      0.5641700      0.5581200    
  0.7258730      0.7167980      0.7071000      0.7006950      0.6985700      0.6932700      0.6879200      0.6825300      0.6770900      0.6716100      0.6660900      0.6605300      0.6549300      0.6493000      0.6436300      0.6379200      0.6321900      0.6264200      0.6206200      0.6147900      0.6089400      0.6030600      0.5971500      0.5912300      0.5852800      0.5793100      0.5733200      0.5673200      0.5613000      0.5552700    
  0.7201820      0.7071000      0.7000040      0.6969300      0.6952900      0.6900100      0.6846800      0.6793000      0.6738900      0.6684300      0.6629300      0.6573800      0.6518000      0.6461900      0.6405300      0.6348500      0.6291300      0.6233800      0.6175900      0.6117800      0.6059400      0.6000800      0.5941900      0.5882800      0.5823400      0.5763800      0.5704100      0.5644200      0.5584100      0.5523800    
  0.7071000      0.6996260      0.6961100      0.6952900      0.6906730      0.6867200      0.6814100      0.6760500      0.6706500      0.6652100      0.6597300      0.6542100      0.6486500      0.6430500      0.6374100      0.6317400      0.6260400      0.6203100      0.6145400      0.6087400      0.6029200      0.5970700      0.5911900      0.5852900      0.5793700      0.5734300      0.5674600      0.5614800      0.5554800      0.5494700    
  0.6994290      0.6957000      0.6952900      0.6908940      0.6867200      0.6820800      0.6781100      0.6727700      0.6673900      0.6619700      0.6565000      0.6510000      0.6454600      0.6398800      0.6342600      0.6286100      0.6229200      0.6172100      0.6114600      0.6056800      0.5998700      0.5940300      0.5881700      0.5822900      0.5763800      0.5704400      0.5644900      0.5585200      0.5525300      0.5465300    
  0.6954950      0.6952900      0.6909680      0.6867200      0.6823030      0.6781100      0.6754400      0.6727570      0.6652080      0.6587000      0.6532500      0.6477700      0.6422400      0.6366800      0.6310800      0.6254500      0.6197800      0.6140800      0.6083500      0.6025800      0.5967900      0.5909700      0.5851200      0.5792500      0.5733500      0.5674300      0.5614900      0.5555300      0.5495500      0.5435500    
  0.6952900      0.6909930      0.6867200      0.6823780      0.6781100      0.6767750      0.6754360      0.6680260      0.6587000      0.6559750      0.6490900      0.6445100      0.6390000      0.6334600      0.6278800      0.6222600      0.6166100      0.6109200      0.6052100      0.5994600      0.5936800      0.5878800      0.5820400      0.5761800      0.5703000      0.5643900      0.5584600      0.5525100      0.5465400      0.5405600    
  0.6910010      0.6867200      0.6824030      0.6781100      0.6774420      0.6767730      0.6697340      0.6587000      0.6573370      0.6495700      0.6428650      0.6412200      0.6357300      0.6302000      0.6246400      0.6190400      0.6134100      0.6077400      0.6020400      0.5963100      0.5905500      0.5847500      0.5789300      0.5730900      0.5672200      0.5613200      0.5554000      0.5494700      0.5435100      0.5375300    
  0.6867200      0.6824110      0.6781100      0.6777760      0.6774420      0.6706630      0.6587000      0.6580190      0.6497740      0.6420420      0.6412200      0.6384750      0.6335200      0.6269300      0.6213800      0.6158000      0.6101800      0.6045300      0.5988500      0.5931300      0.5873800      0.5816000      0.5758000      0.5699700      0.5641100      0.5582300      0.5523200      0.5463900      0.5404400      0.5344700    
  0.6824140      0.6781100      0.6779430      0.6777760      0.6711450      0.6587000      0.6583590      0.6498690      0.6416310      0.6412200      0.6398480      0.6350360      0.6269300      0.6241550      0.6213700      0.6157870      0.6101700      0.6045200      0.5946240      0.5899200      0.5841900      0.5784300      0.5726400      0.5668200      0.5609700      0.5551000      0.5492100      0.5432900      0.5373500      0.5313900    
  0.6781100      0.6780270      0.6779430      0.6713910      0.6587000      0.6585300      0.6499150      0.6414260      0.6412200      0.6405340      0.6357580      0.6269300      0.6255430      0.6241520      0.6204370      0.6157760      0.6101590      0.5968620      0.5883050      0.5866900      0.5809700      0.5752200      0.5694500      0.5636400      0.5578100      0.5519500      0.5460600      0.5401600      0.5342300      0.5282800    
  0.6780680      0.6780270      0.6715150      0.6587000      0.6586150      0.6499370      0.6413230      0.6412200      0.6408770      0.6361110      0.6269300      0.6262360      0.6255410      0.6233770      0.6201210      0.6154570      0.5993970      0.5874970      0.5866900      0.5817970      0.5777300      0.5719900      0.5662300      0.5604400      0.5546100      0.5487700      0.5429000      0.5370000      0.5310800      0.5251400    
  0.6780680      0.6715780      0.6587000      0.6586570      0.6499490      0.6412710      0.6412200      0.6410480      0.6362840      0.6269300      0.6265830      0.6262360      0.6250520      0.6230130      0.6196520      0.5997550      0.5870940      0.5866900      0.5781030      0.5744400      0.5710100      0.5687300      0.5629800      0.5572000      0.5513900      0.5455600      0.5397000      0.5338100      0.5279000      0.5219700    
  0.6716090      0.6587000      0.6586790      0.6499540      0.6412460      0.6412200      0.6411340      0.6363710      0.6269300      0.6267570      0.6265830      0.6259570      0.6247670      0.6082820      0.5921800      0.5766970      0.5767050      0.5738710      0.5705790      0.5694850      0.5711500      0.5654500      0.5597100      0.5539400      0.5481500      0.5423200      0.5364700      0.5306000      0.5247000      0.5187800    
  0.6587000      0.6586890      0.6499570      0.6412330      0.6412200      0.6411770      0.6364140      0.6269300      0.6268430      0.6267560      0.6264320      0.6257690      0.5979000      0.5653010      0.5654100      0.5685530      0.5662910      0.5667200      0.5672610      0.5678130      0.5678200      0.5621300      0.5564100      0.5506600      0.5448700      0.5390600      0.5332200      0.5273600      0.5214700      0.5155500    
  0.6586950      0.6499590      0.6412260      0.6412200      0.6411990      0.6364350      0.6269300      0.6268870      0.6268430      0.6266770      0.5999230      0.5603300      0.5635530      0.5651920      0.5651920      0.5654100      0.5658080      0.5658630      0.5667200      0.5650250      0.5644700      0.5587900      0.5530800      0.5473400      0.5415700      0.5357700      0.5299400      0.5240900      0.5182000      0.5123000    
  0.6499590      0.6412230      0.6412200      0.6412090      0.6364460      0.6269300      0.6269080      0.6268870      0.6268020      0.5948210      0.5603300      0.5603300      0.5603300      0.5633910      0.5649730      0.5649740      0.5654100      0.5652380      0.5650050      0.5667200      0.5610900      0.5554300      0.5497300      0.5440000      0.5382400      0.5324500      0.5266300      0.5207900      0.5149200      0.5090200    
  0.6412220      0.6412200      0.6412150      0.6364510      0.6269300      0.6269190      0.6269080      0.6070140      0.5853840      0.5603200      0.5603300      0.5603300      0.5603300      0.5603300      0.5630680      0.5645360      0.5645380      0.5654100      0.5638150      0.5632900      0.5576800      0.5520300      0.5463500      0.5406300      0.5348800      0.5291000      0.5233000      0.5174600      0.5116000      0.5057100    
  0.6412200      0.6412170      0.6364540      0.6269300      0.6269250      0.5957580      0.5490200      0.5482400      0.5474600      0.5560130      0.5603000      0.5603300      0.5603300      0.5603300      0.5603300      0.5624310      0.5636620      0.5636650      0.5654100      0.5598400      0.5542400      0.5486100      0.5429400      0.5372300      0.5315000      0.5257300      0.5199300      0.5141100      0.5082500      0.5023700    
  0.6412190      0.6364550      0.6269300      0.6269270      0.5895250      0.5490130      0.5490130      0.5490200      0.5482390      0.5474600      0.5559620      0.5602400      0.5603300      0.5603300      0.5603300      0.5603300      0.5611950      0.5619100      0.5619200      0.5563700      0.5507800      0.5451600      0.5395000      0.5338100      0.5280800      0.5223300      0.5165400      0.5107200      0.5048800      0.4990100    
