iMOD/TUTORIALS/TUT_MetaswapAnalyser/model_MetaSWAP/meteo/Evaporation/Evaporation_20061110_L1.ASC
NCOLS                30
NROWS                30
XLLCORNER     160000.00
YLLCORNER     340000.00
CELLSIZE        1000.00
NODATA_VALUE   -9999.00
  0.6721500      0.6721800      0.6722300      0.6722800      0.6723400      0.6724200      0.6725000      0.6726000      0.6727100      0.6728200      0.6729500      0.6730900      0.6732400      0.6734000      0.6735700      0.6737500      0.6739400      0.6741400      0.6743600      0.6745800      0.6748100      0.6750600      0.6753200      0.6755800      0.6758600      0.6761500      0.6764400      0.6767500      0.6770700      0.6774000    
  0.6726500      0.6726700      0.6727000      0.6727300      0.6727800      0.6728400      0.6729100      0.6729900      0.6730800      0.6731800      0.6733000      0.6734200      0.6735600      0.6737000      0.6738600      0.6740300      0.6742100      0.6744000      0.6746100      0.6748200      0.6750500      0.6752800      0.6755300      0.6757900      0.6760600      0.6763400      0.6766400      0.6769400      0.6772500      0.6775800    
  0.6731500      0.6731500      0.6731600      0.6731800      0.6732100      0.6732600      0.6733100      0.6733800      0.6734500      0.6735400      0.6736400      0.6737500      0.6738700      0.6740100      0.6741500      0.6743100      0.6744800      0.6746600      0.6748500      0.6750600      0.6752800      0.6755000      0.6757400      0.6760000      0.6762600      0.6765400      0.6768200      0.6771200      0.6774300      0.6777500    
  0.6736400      0.6736300      0.6736200      0.6736200      0.6736400      0.6736700      0.6737000      0.6737500      0.6738200      0.6738900      0.6739800      0.6740700      0.6741800      0.6743000      0.6744400      0.6745800      0.6747400      0.6749100      0.6751000      0.6752900      0.6755000      0.6757200      0.6759500      0.6762000      0.6764500      0.6767200      0.6770000      0.6773000      0.6776000      0.6779200    
  0.6741300      0.6740900      0.6740700      0.6740600      0.6740600      0.6740700      0.6740900      0.6741300      0.6741800      0.6742400      0.6743100      0.6743900      0.6744900      0.6746000      0.6747200      0.6748500      0.6750000      0.6751600      0.6753400      0.6755200      0.6757200      0.6759300      0.6761600      0.6764000      0.6766500      0.6769100      0.6771800      0.6774700      0.6777700      0.6780900    
  0.6746100      0.6745600      0.6745200      0.6744900      0.6744700      0.6744700      0.6744800      0.6745000      0.6745300      0.6745800      0.6746300      0.6747100      0.6747900      0.6748900      0.6750000      0.6751200      0.6752600      0.6754100      0.6755700      0.6757500      0.6759400      0.6761400      0.6763600      0.6765900      0.6768300      0.6770900      0.6773600      0.6776400      0.6779400      0.6782500    
  0.6750800      0.6750100      0.6749600      0.6749200      0.6748800      0.6748600      0.6748600      0.6748600      0.6748800      0.6749100      0.6749600      0.6750200      0.6750900      0.6751700      0.6752700      0.6753800      0.6755100      0.6756500      0.6758000      0.6759700      0.6761500      0.6763500      0.6765600      0.6767800      0.6770200      0.6772700      0.6775400      0.6778100      0.6781100      0.6784100    
  0.6755500      0.6754700      0.6754000      0.6753400      0.6752900      0.6752600      0.6752300      0.6752200      0.6752300      0.6752500      0.6752800      0.6753200      0.6753800      0.6754500      0.6755400      0.6756400      0.6757600      0.6758900      0.6760300      0.6761900      0.6763600      0.6765500      0.6767500      0.6769700      0.6772000      0.6774500      0.6777100      0.6779800      0.6782700      0.6785700    
  0.6760200      0.6759200      0.6758300      0.6757500      0.6756900      0.6756400      0.6756100      0.6755800      0.6755700      0.6755800      0.6755900      0.6756300      0.6756700      0.6757300      0.6758100      0.6759000      0.6760000      0.6761200      0.6762600      0.6764100      0.6765700      0.6767500      0.6769500      0.6771600      0.6773800      0.6776300      0.6778800      0.6781500      0.6784300      0.6787300    
  0.6764800      0.6763600      0.6762600      0.6761700      0.6760900      0.6760300      0.6759800      0.6759400      0.6759100      0.6759000      0.6759100      0.6759300      0.6759600      0.6760100      0.6760700      0.6761500      0.6762500      0.6763600      0.6764800      0.6766200      0.6767800      0.6769500      0.6771400      0.6773500      0.6775600      0.6778000      0.6780500      0.6783200      0.6786000      0.6788900    
  0.6764800      0.6763670      0.6763420      0.6765800      0.6764900      0.6764100      0.6763400      0.6762900      0.6762500      0.6762300      0.6762200      0.6762300      0.6762500      0.6762800      0.6763400      0.6764000      0.6764900      0.6765900      0.6767000      0.6768400      0.6769900      0.6771500      0.6773300      0.6775300      0.6777400      0.6779700      0.6782200      0.6784800      0.6787600      0.6790500    
  0.6764840      0.6764420      0.6765800      0.6768080      0.6768800      0.6767900      0.6767100      0.6766400      0.6765900      0.6765500      0.6765300      0.6765200      0.6765300      0.6765600      0.6766000      0.6766600      0.6767300      0.6768200      0.6769300      0.6770500      0.6771900      0.6773500      0.6775200      0.6777200      0.6779200      0.6781500      0.6783900      0.6786500      0.6789200      0.6792100    
  0.6765290      0.6765800      0.6769370      0.6770800      0.6772800      0.6771700      0.6770700      0.6769900      0.6769300      0.6768800      0.6768400      0.6768200      0.6768200      0.6768300      0.6768600      0.6769100      0.6769700      0.6770500      0.6771500      0.6772600      0.6774000      0.6775500      0.6777100      0.6779000      0.6781000      0.6783200      0.6785600      0.6788100      0.6790800      0.6793700    
  0.6765800      0.6769940      0.6771800      0.6772800      0.6773300      0.6775400      0.6774400      0.6773400      0.6772600      0.6772000      0.6771500      0.6771200      0.6771000      0.6771000      0.6771200      0.6771600      0.6772100      0.6772800      0.6773700      0.6774800      0.6776000      0.6777400      0.6779100      0.6780800      0.6782800      0.6785000      0.6787300      0.6789800      0.6792500      0.6795300    
  0.6770210      0.6772300      0.6772800      0.6773830      0.6775400      0.6775930      0.6778000      0.6776900      0.6776000      0.6775200      0.6774600      0.6774100      0.6773800      0.6773700      0.6773800      0.6774100      0.6774500      0.6775100      0.6775900      0.6776900      0.6778100      0.6779400      0.6781000      0.6782700      0.6784600      0.6786700      0.6789000      0.6791500      0.6794100      0.6797000    
  0.6772550      0.6772800      0.6774010      0.6775400      0.6776440      0.6778000      0.6777450      0.6776970      0.6776620      0.6778400      0.6777700      0.6777100      0.6776700      0.6776500      0.6776400      0.6776600      0.6776900      0.6777400      0.6778100      0.6779000      0.6780100      0.6781400      0.6782900      0.6784600      0.6786400      0.6788500      0.6790800      0.6793200      0.6795800      0.6798600    
  0.6772800      0.6774070      0.6775400      0.6776610      0.6778000      0.6777730      0.6777470      0.6777360      0.6778400      0.6778050      0.6779260      0.6780100      0.6779500      0.6779200      0.6779000      0.6779100      0.6779300      0.6779700      0.6780400      0.6781200      0.6782200      0.6783400      0.6784800      0.6786500      0.6788300      0.6790300      0.6792500      0.6794900      0.6797500      0.6800300    
  0.6774090      0.6775400      0.6776670      0.6778000      0.6777860      0.6777730      0.6777740      0.6778400      0.6778220      0.6780050      0.6781550      0.6783000      0.6782400      0.6782000      0.6781700      0.6781600      0.6781800      0.6782100      0.6782600      0.6783400      0.6784300      0.6785400      0.6786800      0.6788400      0.6790100      0.6792100      0.6794300      0.6796700      0.6799200      0.6802000    
  0.6775400      0.6776690      0.6778000      0.6777930      0.6777860      0.6777930      0.6778400      0.6778310      0.6780390      0.6782280      0.6783000      0.6782700      0.6783030      0.6784700      0.6784400      0.6784200      0.6784200      0.6784400      0.6784900      0.6785600      0.6786400      0.6787500      0.6788800      0.6790300      0.6792000      0.6794000      0.6796100      0.6798500      0.6801000      0.6803800    
  0.6776700      0.6778000      0.6777970      0.6777930      0.6778030      0.6778400      0.6778360      0.6780550      0.6782640      0.6783000      0.6782850      0.6783360      0.6784700      0.6784550      0.6784430      0.6784270      0.6784270      0.6784500      0.6786540      0.6787800      0.6788600      0.6789600      0.6790800      0.6792300      0.6794000      0.6795900      0.6798000      0.6800300      0.6802800      0.6805500    
  0.6778000      0.6777980      0.6777970      0.6778080      0.6778400      0.6778380      0.6780620      0.6782820      0.6783000      0.6782930      0.6783480      0.6784700      0.6784630      0.6784560      0.6784420      0.6784320      0.6784340      0.6786840      0.6788900      0.6790000      0.6790800      0.6791700      0.6792900      0.6794300      0.6795900      0.6797800      0.6799900      0.6802200      0.6804700      0.6807400    
  0.6777990      0.6777980      0.6778110      0.6778400      0.6778390      0.6780660      0.6782910      0.6783000      0.6782960      0.6783530      0.6784700      0.6784660      0.6784630      0.6784530      0.6784430      0.6784360      0.6786990      0.6789450      0.6790000      0.6791270      0.6793000      0.6793900      0.6795000      0.6796400      0.6797900      0.6799800      0.6801800      0.6804100      0.6806600      0.6809300    
  0.6777990      0.6778120      0.6778400      0.6778390      0.6780680      0.6782950      0.6783000      0.6782980      0.6783550      0.6784700      0.6784680      0.6784660      0.6784610      0.6784530      0.6784440      0.6788570      0.6789720      0.6790000      0.6793840      0.6795300      0.6795800      0.6796100      0.6797200      0.6798500      0.6800000      0.6801800      0.6803800      0.6806100      0.6808600      0.6811300    
  0.6778130      0.6778400      0.6778400      0.6780690      0.6782980      0.6783000      0.6782990      0.6783560      0.6784700      0.6784690      0.6784680      0.6784650      0.6784600      0.6790970      0.6795020      0.6797370      0.6797350      0.6797650      0.6798040      0.6798800      0.6797600      0.6798400      0.6799400      0.6800600      0.6802100      0.6803900      0.6805900      0.6808100      0.6810600      0.6813300    
  0.6778400      0.6778400      0.6780700      0.6782990      0.6783000      0.6783000      0.6783560      0.6784700      0.6784700      0.6784690      0.6784670      0.6784640      0.6796220      0.6810390      0.6810300      0.6804900      0.6805040      0.6804700      0.6801650      0.6800030      0.6800000      0.6800700      0.6801600      0.6802900      0.6804300      0.6806100      0.6808000      0.6810200      0.6812700      0.6815400    
  0.6778400      0.6780700      0.6782990      0.6783000      0.6783000      0.6783560      0.6784700      0.6784700      0.6784700      0.6784690      0.6798840      0.6820100      0.6813700      0.6810480      0.6810480      0.6810300      0.6806920      0.6805370      0.6804700      0.6803050      0.6802500      0.6803100      0.6804000      0.6805200      0.6806600      0.6808300      0.6810200      0.6812400      0.6814900      0.6817600    
  0.6780700      0.6783000      0.6783000      0.6783000      0.6783570      0.6784700      0.6784700      0.6784700      0.6784690      0.6801690      0.6820100      0.6820100      0.6820100      0.6813840      0.6810670      0.6810660      0.6810300      0.6807290      0.6806050      0.6804700      0.6805000      0.6805600      0.6806400      0.6807500      0.6808900      0.6810600      0.6812500      0.6814700      0.6817200      0.6819800    
  0.6783000      0.6783000      0.6783000      0.6783570      0.6784700      0.6784700      0.6784700      0.6798500      0.6809640      0.6820110      0.6820100      0.6820100      0.6820100      0.6820100      0.6814100      0.6811030      0.6811030      0.6810300      0.6808120      0.6807400      0.6807600      0.6808100      0.6808900      0.6810000      0.6811400      0.6813000      0.6814900      0.6817100      0.6819500      0.6822200    
  0.6783000      0.6783000      0.6783570      0.6784700      0.6784700      0.6809260      0.6846100      0.6843000      0.6839900      0.6826730      0.6820130      0.6820100      0.6820100      0.6820100      0.6820100      0.6814620      0.6811770      0.6811750      0.6810300      0.6810100      0.6810300      0.6810800      0.6811500      0.6812500      0.6813900      0.6815500      0.6817400      0.6819600      0.6822000      0.6824700    
  0.6783000      0.6783570      0.6784700      0.6784700      0.6814180      0.6846110      0.6846110      0.6846100      0.6843000      0.6839900      0.6826780      0.6820190      0.6820100      0.6820100      0.6820100      0.6820100      0.6815590      0.6813270      0.6813200      0.6813000      0.6813100      0.6813500      0.6814200      0.6815200      0.6816500      0.6818100      0.6820000      0.6822100      0.6824600      0.6827300    
