iMOD/TUTORIALS/TUT_MetaswapAnalyser/model_MetaSWAP/meteo/Evaporation/Evaporation_20050511_L1.ASC
NCOLS                30
NROWS                30
XLLCORNER     160000.00
YLLCORNER     340000.00
CELLSIZE        1000.00
NODATA_VALUE   -9999.00
   2.552660       2.547770       2.542900       2.538030       2.533180       2.528350       2.523550       2.518790       2.514060       2.509370       2.504730       2.500150       2.495620       2.491160       2.486760       2.482430       2.478170       2.473980       2.469870       2.465840       2.461900       2.458030       2.454250       2.450560       2.446950       2.443420       2.439990       2.436640       2.433380       2.430200    
   2.553160       2.548320       2.543480       2.538650       2.533840       2.529050       2.524290       2.519560       2.514860       2.510210       2.505610       2.501060       2.496560       2.492120       2.487750       2.483440       2.479200       2.475040       2.470950       2.466930       2.463000       2.459150       2.455380       2.451690       2.448080       2.444570       2.441130       2.437780       2.434520       2.431340    
   2.553660       2.548850       2.544050       2.539250       2.534480       2.529730       2.525000       2.520310       2.515650       2.511030       2.506460       2.501940       2.497470       2.493060       2.488710       2.484430       2.480220       2.476070       2.472000       2.468000       2.464080       2.460240       2.456480       2.452800       2.449200       2.445690       2.442260       2.438910       2.435650       2.432470    
   2.554140       2.549370       2.544600       2.539840       2.535110       2.530390       2.525700       2.521040       2.516420       2.511830       2.507290       2.502800       2.498360       2.493980       2.489660       2.485400       2.481210       2.477080       2.473030       2.469050       2.465150       2.461320       2.457570       2.453900       2.450310       2.446800       2.443370       2.440020       2.436760       2.433580    
   2.554620       2.549880       2.545140       2.540420       2.535720       2.531040       2.526380       2.521750       2.517160       2.512610       2.508110       2.503640       2.499240       2.494880       2.490590       2.486350       2.482180       2.478080       2.474040       2.470080       2.466190       2.462370       2.458640       2.454970       2.451390       2.447890       2.444470       2.441120       2.437860       2.434680    
   2.555090       2.550380       2.545670       2.540990       2.536320       2.531670       2.527050       2.522450       2.517900       2.513380       2.508900       2.504470       2.500090       2.495760       2.491490       2.487280       2.483130       2.479050       2.475030       2.471090       2.467210       2.463410       2.459680       2.456030       2.452460       2.448960       2.445550       2.442210       2.438950       2.435760    
   2.555540       2.550860       2.546200       2.541540       2.536900       2.532290       2.527700       2.523140       2.518610       2.514120       2.509680       2.505280       2.500920       2.496620       2.492380       2.488190       2.484070       2.480000       2.476010       2.472080       2.468220       2.464430       2.460720       2.457080       2.453510       2.450020       2.446610       2.443270       2.440020       2.436840    
   2.556000       2.551350       2.546710       2.542080       2.537480       2.532900       2.528340       2.523810       2.519320       2.514860       2.510440       2.506070       2.501740       2.497470       2.493250       2.489080       2.484980       2.480940       2.476960       2.473050       2.469210       2.465430       2.461730       2.458100       2.454540       2.451060       2.447660       2.444330       2.441070       2.437890    
   2.556440       2.551820       2.547210       2.542620       2.538040       2.533490       2.528970       2.524470       2.520000       2.515580       2.511190       2.506840       2.502540       2.498300       2.494100       2.489960       2.485880       2.481860       2.477900       2.474000       2.470180       2.466420       2.462730       2.459110       2.455560       2.452090       2.448690       2.445370       2.442110       2.438940    
   2.556880       2.552290       2.547710       2.543150       2.538600       2.534080       2.529580       2.525110       2.520680       2.516280       2.511920       2.507600       2.503330       2.499110       2.494940       2.490820       2.486760       2.482760       2.478820       2.474940       2.471130       2.467390       2.463710       2.460100       2.456570       2.453100       2.449710       2.446390       2.443140       2.439970    
   2.556880       2.552290       2.546700       2.543660       2.539150       2.534660       2.530190       2.525750       2.521340       2.516970       2.512640       2.508350       2.504100       2.499900       2.495760       2.491660       2.487620       2.483640       2.479720       2.475860       2.472070       2.468340       2.464670       2.461080       2.457550       2.454100       2.450710       2.447400       2.444160       2.440990    
   2.556890       2.549880       2.543660       2.540680       2.539690       2.535220       2.530780       2.526370       2.522000       2.517650       2.513350       2.509080       2.504860       2.500690       2.496560       2.492490       2.488470       2.484510       2.480610       2.476770       2.472990       2.469270       2.465620       2.462040       2.458530       2.455080       2.451700       2.448400       2.445160       2.442000    
   2.552980       2.543660       2.541130       2.539960       2.540220       2.535780       2.531370       2.526990       2.522640       2.518320       2.514040       2.509800       2.505610       2.501460       2.497360       2.493300       2.489310       2.485370       2.481480       2.477660       2.473900       2.470200       2.466560       2.462990       2.459490       2.456050       2.452680       2.449380       2.446150       2.442990    
   2.543660       2.541270       2.540090       2.540220       2.537450       2.536340       2.531950       2.527600       2.523270       2.518980       2.514730       2.510510       2.506340       2.502210       2.498130       2.494110       2.490130       2.486210       2.482340       2.478540       2.474790       2.471100       2.467480       2.463920       2.460430       2.457000       2.453640       2.450350       2.447130       2.443970    
   2.541330       2.540150       2.540220       2.538000       2.536340       2.533600       2.532520       2.528190       2.523890       2.519630       2.515400       2.511210       2.507060       2.502960       2.498900       2.494890       2.490940       2.487040       2.483190       2.479400       2.475670       2.472000       2.468390       2.464840       2.461360       2.457940       2.454590       2.451310       2.448090       2.444940    
   2.540190       2.540220       2.538190       2.536340       2.534150       2.532520       2.530350       2.528200       2.522990       2.520270       2.516060       2.511900       2.507770       2.503690       2.499660       2.495670       2.491730       2.487850       2.484020       2.480250       2.476530       2.472880       2.469280       2.465750       2.462280       2.458870       2.455530       2.452260       2.449040       2.445900    
   2.540220       2.538250       2.536340       2.534340       2.532520       2.531440       2.530360       2.525450       2.520270       2.518170       2.514810       2.512580       2.508470       2.504410       2.500400       2.496430       2.492520       2.488650       2.484840       2.481090       2.477390       2.473750       2.470160       2.466640       2.463190       2.459790       2.456460       2.453190       2.449990       2.446850    
   2.538270       2.536340       2.534400       2.532520       2.531980       2.531440       2.526880       2.520270       2.519220       2.515880       2.512910       2.513240       2.509160       2.505130       2.501130       2.497190       2.493290       2.489440       2.485650       2.481910       2.478230       2.474600       2.471040       2.467530       2.464080       2.460700       2.457370       2.454110       2.450920       2.447790    
   2.536340       2.534420       2.532520       2.532250       2.531980       2.527640       2.520270       2.519740       2.516340       2.513070       2.513240       2.511200       2.508340       2.505830       2.501860       2.497930       2.494050       2.490230       2.486450       2.482730       2.479060       2.475450       2.471890       2.468400       2.464960       2.461590       2.458280       2.455030       2.451840       2.448710    
   2.534430       2.532520       2.532380       2.532250       2.528040       2.520270       2.520010       2.516550       2.513160       2.513240       2.512220       2.509650       2.505830       2.503840       2.501870       2.497950       2.494070       2.490240       2.485450       2.483530       2.479880       2.476280       2.472740       2.469260       2.465840       2.462470       2.459170       2.455930       2.452750       2.449630    
   2.532520       2.532450       2.532380       2.528230       2.520270       2.520140       2.516650       2.513200       2.513240       2.512730       2.510240       2.505830       2.504840       2.503850       2.501220       2.497960       2.494090       2.487610       2.483930       2.484330       2.480690       2.477110       2.473580       2.470110       2.466700       2.463350       2.460050       2.456820       2.453650       2.450540    
   2.532490       2.532450       2.528340       2.520270       2.520200       2.516700       2.513220       2.513240       2.512990       2.510510       2.505830       2.505330       2.504840       2.503300       2.501010       2.497760       2.489620       2.484130       2.484330       2.482170       2.481490       2.477920       2.474410       2.470950       2.467550       2.464210       2.460930       2.457710       2.454540       2.451440    
   2.532490       2.528390       2.520270       2.520240       2.516730       2.513230       2.513240       2.513110       2.510640       2.505830       2.505580       2.505330       2.504490       2.503050       2.500690       2.491850       2.484230       2.484330       2.483060       2.482280       2.480140       2.478730       2.475230       2.471780       2.468400       2.465070       2.461790       2.458580       2.455430       2.452330    
   2.528410       2.520270       2.520250       2.516740       2.513240       2.513240       2.513180       2.510710       2.505830       2.505710       2.505580       2.505140       2.504290       2.500550       2.494370       2.486620       2.486620       2.484990       2.483190       2.483450       2.483060       2.479520       2.476040       2.472610       2.469230       2.465910       2.462650       2.459450       2.456300       2.453210    
   2.520270       2.520260       2.516750       2.513240       2.513240       2.513210       2.510740       2.505830       2.505770       2.505710       2.505470       2.505000       2.499590       2.493980       2.493960       2.490070       2.489010       2.488920       2.485470       2.483840       2.483840       2.480310       2.476840       2.473420       2.470060       2.466750       2.463500       2.460310       2.457170       2.454090    
   2.520270       2.516750       2.513240       2.513240       2.513220       2.510750       2.505830       2.505800       2.505770       2.505650       2.503110       2.499680       2.495900       2.494000       2.494000       2.493960       2.490680       2.489100       2.488920       2.485680       2.484610       2.481090       2.477630       2.474230       2.470880       2.467580       2.464340       2.461160       2.458030       2.454960    
   2.516750       2.513240       2.513240       2.513230       2.510760       2.505830       2.505810       2.505800       2.505740       2.502780       2.499680       2.499680       2.499680       2.495930       2.494050       2.494050       2.493960       2.490730       2.489290       2.488920       2.485370       2.481870       2.478420       2.475030       2.471690       2.468410       2.465180       2.462000       2.458880       2.455820    
   2.513240       2.513240       2.513240       2.510770       2.505830       2.505820       2.505810       2.506020       2.503790       2.499680       2.499680       2.499680       2.499680       2.499680       2.495990       2.494140       2.494140       2.493960       2.490730       2.489660       2.486120       2.482640       2.479210       2.475820       2.472500       2.469220       2.466000       2.462840       2.459730       2.456680    
   2.513240       2.513240       2.510770       2.505830       2.505830       2.507890       2.510980       2.508840       2.506710       2.502030       2.499690       2.499680       2.499680       2.499680       2.499680       2.496110       2.494320       2.494320       2.493960       2.490390       2.486870       2.483400       2.479980       2.476610       2.473300       2.470040       2.466830       2.463670       2.460570       2.457530    
   2.513240       2.510770       2.505830       2.505830       2.508300       2.510980       2.510980       2.510980       2.508840       2.506710       2.502040       2.499700       2.499680       2.499680       2.499680       2.499680       2.496290       2.494680       2.494680       2.491130       2.487620       2.484160       2.480750       2.477400       2.474090       2.470840       2.467640       2.464500       2.461410       2.458380    
