iMOD/TUTORIALS/TUT_MetaswapAnalyser/model_MetaSWAP/meteo/Evaporation/Evaporation_20061116_L1.ASC
NCOLS                30
NROWS                30
XLLCORNER     160000.00
YLLCORNER     340000.00
CELLSIZE        1000.00
NODATA_VALUE   -9999.00
  0.4885200      0.4912600      0.4940300      0.4968200      0.4996200      0.5024400      0.5052700      0.5081100      0.5109700      0.5138400      0.5167100      0.5196000      0.5224900      0.5253900      0.5283000      0.5312100      0.5341300      0.5370500      0.5399800      0.5429100      0.5458300      0.5487700      0.5517000      0.5546300      0.5575700      0.5605000      0.5634400      0.5663700      0.5693100      0.5722400    
  0.4909000      0.4936500      0.4964200      0.4992100      0.5020100      0.5048300      0.5076600      0.5105100      0.5133600      0.5162300      0.5191100      0.5219900      0.5248900      0.5277900      0.5307000      0.5336100      0.5365200      0.5394400      0.5423700      0.5452900      0.5482200      0.5511500      0.5540800      0.5570100      0.5599400      0.5628800      0.5658100      0.5687400      0.5716700      0.5746000    
  0.4933000      0.4960500      0.4988300      0.5016200      0.5044200      0.5072400      0.5100700      0.5129200      0.5157700      0.5186400      0.5215200      0.5244000      0.5273000      0.5302000      0.5331000      0.5360100      0.5389300      0.5418500      0.5447700      0.5476900      0.5506200      0.5535500      0.5564800      0.5594000      0.5623300      0.5652600      0.5681900      0.5711200      0.5740500      0.5769800    
  0.4957100      0.4984700      0.5012500      0.5040400      0.5068400      0.5096600      0.5125000      0.5153400      0.5182000      0.5210700      0.5239400      0.5268300      0.5297200      0.5326200      0.5355200      0.5384300      0.5413500      0.5442700      0.5471900      0.5501100      0.5530300      0.5559600      0.5588800      0.5618100      0.5647400      0.5676600      0.5705900      0.5735100      0.5764400      0.5793600    
  0.4981400      0.5009000      0.5036800      0.5064700      0.5092800      0.5121000      0.5149300      0.5177800      0.5206400      0.5235000      0.5263800      0.5292700      0.5321600      0.5350600      0.5379600      0.5408700      0.5437800      0.5467000      0.5496100      0.5525300      0.5554600      0.5583800      0.5613000      0.5642300      0.5671500      0.5700700      0.5730000      0.5759200      0.5788400      0.5817600    
  0.5005800      0.5033400      0.5061200      0.5089100      0.5117200      0.5145500      0.5173800      0.5202300      0.5230900      0.5259600      0.5288300      0.5317200      0.5346100      0.5375000      0.5404100      0.5433100      0.5462200      0.5491400      0.5520500      0.5549700      0.5578900      0.5608100      0.5637300      0.5666500      0.5695800      0.5725000      0.5754100      0.5783300      0.5812500      0.5841600    
  0.5030200      0.5057900      0.5085700      0.5113700      0.5141800      0.5170100      0.5198400      0.5226900      0.5255500      0.5284200      0.5312900      0.5341800      0.5370700      0.5399600      0.5428700      0.5457700      0.5486800      0.5515900      0.5545100      0.5574200      0.5603400      0.5632600      0.5661800      0.5690900      0.5720100      0.5749300      0.5778400      0.5807600      0.5836700      0.5865800    
  0.5054800      0.5082500      0.5110400      0.5138400      0.5166500      0.5194800      0.5223200      0.5251600      0.5280200      0.5308900      0.5337700      0.5366500      0.5395400      0.5424400      0.5453400      0.5482400      0.5511500      0.5540600      0.5569700      0.5598800      0.5628000      0.5657100      0.5686300      0.5715400      0.5744600      0.5773700      0.5802800      0.5831900      0.5861000      0.5890000    
  0.5079500      0.5107200      0.5135100      0.5163100      0.5191300      0.5219600      0.5248000      0.5276500      0.5305100      0.5333700      0.5362500      0.5391300      0.5420200      0.5449200      0.5478200      0.5507200      0.5536300      0.5565300      0.5594400      0.5623600      0.5652700      0.5681800      0.5710900      0.5740000      0.5769100      0.5798200      0.5827300      0.5856300      0.5885300      0.5914300    
  0.5104300      0.5132000      0.5160000      0.5188000      0.5216200      0.5244500      0.5272900      0.5301400      0.5330000      0.5358700      0.5387400      0.5416300      0.5445200      0.5474100      0.5503100      0.5532100      0.5561100      0.5590200      0.5619300      0.5648400      0.5677500      0.5706600      0.5735600      0.5764700      0.5793800      0.5822800      0.5851800      0.5880800      0.5909800      0.5938800    
  0.5104330      0.5132100      0.5173220      0.5212900      0.5241100      0.5269500      0.5297900      0.5326400      0.5355000      0.5383700      0.5412500      0.5441300      0.5470200      0.5499100      0.5528100      0.5557100      0.5586100      0.5615200      0.5644200      0.5673300      0.5702300      0.5731400      0.5760400      0.5789500      0.5818500      0.5847500      0.5876500      0.5905400      0.5934300      0.5963200    
  0.5104390      0.5155640      0.5212900      0.5252880      0.5266200      0.5294500      0.5323000      0.5351500      0.5380100      0.5408800      0.5437600      0.5466400      0.5495300      0.5524200      0.5553200      0.5582200      0.5611200      0.5640200      0.5669200      0.5698300      0.5727300      0.5756300      0.5785300      0.5814300      0.5843300      0.5872300      0.5901200      0.5930100      0.5959000      0.5987800    
  0.5137430      0.5212900      0.5258960      0.5278750      0.5291300      0.5319700      0.5348100      0.5376700      0.5405300      0.5434000      0.5462800      0.5491600      0.5520500      0.5549400      0.5578300      0.5607300      0.5636300      0.5665300      0.5694300      0.5723300      0.5752300      0.5781300      0.5810300      0.5839300      0.5868200      0.5897100      0.5926000      0.5954800      0.5983600      0.6012400    
  0.5212900      0.5262050      0.5285020      0.5291300      0.5318630      0.5344900      0.5373300      0.5401900      0.5430500      0.5459200      0.5488000      0.5516800      0.5545700      0.5574600      0.5603600      0.5632500      0.5661500      0.5690500      0.5719500      0.5748500      0.5777400      0.5806400      0.5835300      0.5864300      0.5893100      0.5922000      0.5950800      0.5979600      0.6008400      0.6037100    
  0.5263600      0.5288160      0.5291300      0.5318280      0.5344900      0.5372270      0.5398600      0.5427200      0.5455800      0.5484600      0.5513300      0.5542200      0.5571000      0.5599900      0.5628900      0.5657800      0.5686800      0.5715800      0.5744700      0.5773700      0.5802600      0.5831500      0.5860400      0.5889300      0.5918200      0.5947000      0.5975800      0.6004500      0.6033200      0.6061900    
  0.5289730      0.5291300      0.5318160      0.5344900      0.5371920      0.5398600      0.5412900      0.5427200      0.5469380      0.5509900      0.5538700      0.5567500      0.5596400      0.5625300      0.5654200      0.5683200      0.5712100      0.5741100      0.5770000      0.5798900      0.5827900      0.5856700      0.5885600      0.5914400      0.5943200      0.5972000      0.6000700      0.6029400      0.6058100      0.6086700    
  0.5291300      0.5318120      0.5344900      0.5371810      0.5398600      0.5405750      0.5412900      0.5454840      0.5509900      0.5524300      0.5565500      0.5593000      0.5621800      0.5650700      0.5679700      0.5708600      0.5737500      0.5766400      0.5795400      0.5824300      0.5853100      0.5882000      0.5910800      0.5939600      0.5968400      0.5997100      0.6025700      0.6054400      0.6083000      0.6111500    
  0.5318110      0.5344900      0.5371770      0.5398600      0.5402180      0.5405750      0.5445850      0.5509900      0.5517100      0.5564760      0.5605700      0.5618400      0.5647300      0.5676200      0.5705100      0.5734000      0.5763000      0.5791900      0.5820800      0.5849600      0.5878500      0.5907300      0.5936100      0.5964800      0.5993500      0.6022200      0.6050800      0.6079400      0.6107900      0.6136400    
  0.5344900      0.5371760      0.5398600      0.5400390      0.5402180      0.5440920      0.5509900      0.5513500      0.5564440      0.5612050      0.5618400      0.5632850      0.5660900      0.5701700      0.5730600      0.5759500      0.5788400      0.5817300      0.5846200      0.5875000      0.5903900      0.5932600      0.5961400      0.5990100      0.6018800      0.6047400      0.6075900      0.6104400      0.6132900      0.6161300    
  0.5371750      0.5398600      0.5399490      0.5400390      0.5438350      0.5509900      0.5511700      0.5564290      0.5615220      0.5618400      0.5625620      0.5653460      0.5701700      0.5716150      0.5730600      0.5759500      0.5788400      0.5817300      0.5873000      0.5900500      0.5929300      0.5958000      0.5986700      0.6015400      0.6044000      0.6072600      0.6101100      0.6129500      0.6157900      0.6186200    
  0.5398600      0.5399050      0.5399490      0.5437030      0.5509900      0.5510800      0.5564220      0.5616810      0.5618400      0.5622010      0.5649800      0.5701700      0.5708920      0.5716150      0.5735420      0.5759500      0.5788400      0.5863590      0.5913250      0.5926000      0.5954700      0.5983400      0.6012100      0.6040700      0.6069300      0.6097800      0.6126200      0.6154600      0.6182900      0.6211200    
  0.5398820      0.5399050      0.5436370      0.5509900      0.5510350      0.5564190      0.5617610      0.5618400      0.5620210      0.5647980      0.5701700      0.5705310      0.5708920      0.5720160      0.5737020      0.5761110      0.5851420      0.5919620      0.5926000      0.5953630      0.5980200      0.6008900      0.6037500      0.6066100      0.6094600      0.6123000      0.6151400      0.6179700      0.6208000      0.6236200    
  0.5398820      0.5436030      0.5509900      0.5510130      0.5564170      0.5618000      0.5618400      0.5619300      0.5647070      0.5701700      0.5703510      0.5705310      0.5711470      0.5722040      0.5739430      0.5854980      0.5922810      0.5926000      0.5982320      0.6005700      0.6022880      0.6034300      0.6062900      0.6091400      0.6119900      0.6148300      0.6176600      0.6204900      0.6233000      0.6261200    
  0.5435870      0.5509900      0.5510010      0.5564160      0.5618200      0.5618400      0.5618850      0.5646620      0.5701700      0.5702600      0.5703510      0.5706760      0.5712940      0.5818610      0.5914930      0.6002550      0.6002550      0.6017630      0.6035450      0.6043950      0.6031200      0.6059800      0.6088300      0.6116800      0.6145200      0.6173500      0.6201800      0.6230000      0.6258100      0.6286200    
  0.5509900      0.5509960      0.5564150      0.5618300      0.5618400      0.5618630      0.5646390      0.5701700      0.5702150      0.5702600      0.5704290      0.5707740      0.5888740      0.6102290      0.6101500      0.6069090      0.6082290      0.6079100      0.6065290      0.6056700      0.6056700      0.6085300      0.6113800      0.6142200      0.6170500      0.6198800      0.6227000      0.6255100      0.6283200      0.6311200    
  0.5509930      0.5564150      0.5618350      0.5618400      0.5618510      0.5646280      0.5701700      0.5701930      0.5702150      0.5703010      0.5882530      0.6149000      0.6118520      0.6103090      0.6103090      0.6101500      0.6090040      0.6085470      0.6079100      0.6081420      0.6082200      0.6110700      0.6139200      0.6167600      0.6195900      0.6224100      0.6252200      0.6280300      0.6308200      0.6336100    
  0.5564150      0.5618380      0.5618400      0.5618460      0.5646220      0.5701700      0.5701810      0.5701930      0.5702360      0.5917140      0.6149000      0.6149000      0.6149000      0.6119700      0.6104670      0.6104670      0.6101500      0.6094070      0.6091850      0.6079100      0.6107700      0.6136200      0.6164600      0.6192900      0.6221200      0.6249300      0.6277400      0.6305400      0.6333300      0.6361100    
  0.5618390      0.5618400      0.5618430      0.5646190      0.5701700      0.5701760      0.5701810      0.5838050      0.5983030      0.6149070      0.6149000      0.6149000      0.6149000      0.6149000      0.6122030      0.6107850      0.6107850      0.6101500      0.6103820      0.6104600      0.6133100      0.6161600      0.6190000      0.6218300      0.6246500      0.6274600      0.6302600      0.6330500      0.6358300      0.6386000    
  0.5618400      0.5618410      0.5646180      0.5701700      0.5701730      0.5917860      0.6242000      0.6244050      0.6246100      0.6181550      0.6149210      0.6149000      0.6149000      0.6149000      0.6149000      0.6126610      0.6114200      0.6114200      0.6101500      0.6130100      0.6158600      0.6187000      0.6215300      0.6243600      0.6271700      0.6299800      0.6327700      0.6355500      0.6383300      0.6410900    
  0.5618410      0.5646170      0.5701700      0.5701710      0.5961100      0.6242050      0.6242050      0.6242000      0.6244050      0.6246100      0.6181910      0.6149620      0.6149000      0.6149000      0.6149000      0.6149000      0.6135390      0.6126900      0.6126900      0.6155500      0.6184000      0.6212400      0.6240700      0.6268900      0.6297000      0.6324900      0.6352800      0.6380600      0.6408200      0.6435800    
