iMOD/TUTORIALS/TUT_MetaswapAnalyser/model_MetaSWAP/meteo/Evaporation/Evaporation_20050404_L1.ASC
NCOLS                30
NROWS                30
XLLCORNER     160000.00
YLLCORNER     340000.00
CELLSIZE        1000.00
NODATA_VALUE   -9999.00
   2.213230       2.218940       2.224730       2.230590       2.236520       2.242510       2.248560       2.254660       2.260810       2.267000       2.273240       2.279510       2.285820       2.292150       2.298510       2.304900       2.311300       2.317710       2.324140       2.330580       2.337030       2.343480       2.349930       2.356390       2.362840       2.369290       2.375730       2.382170       2.388600       2.395020    
   2.216350       2.222090       2.227910       2.233780       2.239730       2.245730       2.251790       2.257910       2.264070       2.270270       2.276510       2.282790       2.289100       2.295440       2.301800       2.308190       2.314590       2.321000       2.327430       2.333870       2.340310       2.346760       2.353210       2.359660       2.366110       2.372550       2.378990       2.385420       2.391840       2.398250    
   2.219520       2.225280       2.231120       2.237020       2.242980       2.249000       2.255070       2.261200       2.267370       2.273580       2.279830       2.286120       2.292430       2.298770       2.305140       2.311520       2.317930       2.324340       2.330770       2.337210       2.343650       2.350090       2.356540       2.362980       2.369430       2.375860       2.382290       2.388710       2.395130       2.401530    
   2.222710       2.228510       2.234370       2.240290       2.246270       2.252310       2.258400       2.264530       2.270710       2.276930       2.283190       2.289480       2.295800       2.302150       2.308520       2.314900       2.321310       2.327720       2.334150       2.340580       2.347020       2.353460       2.359910       2.366340       2.372780       2.379210       2.385630       2.392050       2.398450       2.404840    
   2.225940       2.231770       2.237650       2.243600       2.249600       2.255650       2.261750       2.267900       2.274100       2.280330       2.286590       2.292890       2.299220       2.305570       2.311940       2.318330       2.324730       2.331150       2.337570       2.344000       2.350440       2.356880       2.363310       2.369750       2.376170       2.382600       2.389010       2.395410       2.401810       2.408190    
   2.229200       2.235060       2.240970       2.246930       2.252960       2.259030       2.265150       2.271310       2.277510       2.283760       2.290030       2.296340       2.302670       2.309020       2.315400       2.321790       2.328190       2.334610       2.341030       2.347460       2.353890       2.360320       2.366760       2.373180       2.379600       2.386020       2.392420       2.398820       2.405200       2.411570    
   2.232490       2.238370       2.244310       2.250300       2.256340       2.262440       2.268570       2.274750       2.280970       2.287220       2.293500       2.299810       2.306150       2.312510       2.318890       2.325280       2.331690       2.338100       2.344530       2.350950       2.357380       2.363810       2.370240       2.376660       2.383070       2.389480       2.395870       2.402260       2.408630       2.414990    
   2.235800       2.241710       2.247680       2.253690       2.259760       2.265870       2.272020       2.278220       2.284450       2.290710       2.297000       2.303320       2.309670       2.316030       2.322410       2.328810       2.335220       2.341630       2.348050       2.354480       2.360900       2.367330       2.373750       2.380160       2.386570       2.392970       2.399350       2.405730       2.412090       2.418430    
   2.239130       2.245070       2.251070       2.257110       2.263200       2.269330       2.275500       2.281710       2.287960       2.294230       2.300540       2.306860       2.313220       2.319590       2.325970       2.332370       2.338780       2.345190       2.351610       2.358040       2.364460       2.370880       2.377290       2.383700       2.390100       2.396490       2.402860       2.409220       2.415570       2.421910    
   2.242480       2.248460       2.254480       2.260550       2.266660       2.272810       2.279000       2.285230       2.291490       2.297780       2.304090       2.310430       2.316790       2.323170       2.329560       2.335960       2.342370       2.348780       2.355200       2.361620       2.368040       2.374460       2.380860       2.387260       2.393650       2.400030       2.406400       2.412750       2.419090       2.425410    
   2.242500       2.248470       2.256870       2.264000       2.270140       2.276320       2.282530       2.288770       2.295040       2.301350       2.307670       2.314020       2.320390       2.326770       2.333170       2.339570       2.345980       2.352400       2.358820       2.365240       2.371650       2.378060       2.384460       2.390860       2.397240       2.403610       2.409960       2.416300       2.422630       2.428940    
   2.242520       2.252960       2.264000       2.271230       2.273640       2.279840       2.286070       2.292330       2.298620       2.304940       2.311270       2.317630       2.324010       2.330400       2.336800       2.343210       2.349620       2.356040       2.362460       2.368880       2.375290       2.381690       2.388090       2.394470       2.400850       2.407210       2.413550       2.419880       2.426190       2.432490    
   2.249020       2.264000       2.271940       2.275390       2.277150       2.283370       2.289620       2.295900       2.302210       2.308540       2.314900       2.321270       2.327650       2.334050       2.340460       2.346870       2.353290       2.359710       2.366120       2.372540       2.378950       2.385350       2.391740       2.398110       2.404480       2.410830       2.417160       2.423480       2.429780       2.436060    
   2.264000       2.272340       2.276270       2.277150       2.282480       2.286920       2.293190       2.299490       2.305820       2.312170       2.318530       2.324910       2.331310       2.337720       2.344130       2.350550       2.356970       2.363390       2.369810       2.376220       2.382620       2.389020       2.395400       2.401780       2.408130       2.414470       2.420800       2.427100       2.433380       2.439650    
   2.272550       2.276710       2.277150       2.282180       2.286920       2.292300       2.296780       2.303100       2.309440       2.315800       2.322180       2.328580       2.334980       2.341400       2.347820       2.354240       2.360670       2.367090       2.373510       2.379920       2.386320       2.392710       2.399090       2.405450       2.411800       2.418130       2.424440       2.430740       2.437010       2.443260    
   2.276930       2.277150       2.282080       2.286920       2.292000       2.296780       2.299940       2.303110       2.311950       2.319450       2.325850       2.332250       2.338670       2.345090       2.351520       2.357950       2.364380       2.370800       2.377220       2.383630       2.390030       2.396420       2.402790       2.409150       2.415490       2.421810       2.428110       2.434390       2.440650       2.446880    
   2.277150       2.282050       2.286920       2.291900       2.296780       2.298360       2.299940       2.308610       2.319450       2.322650       2.330620       2.335940       2.342370       2.348800       2.355240       2.361670       2.368110       2.374530       2.380950       2.387360       2.393760       2.400140       2.406510       2.412860       2.419190       2.425500       2.431790       2.438060       2.444300       2.450520    
   2.282040       2.286920       2.291870       2.296780       2.297570       2.298360       2.306590       2.319450       2.321050       2.330030       2.337780       2.339630       2.346070       2.352520       2.358960       2.365410       2.371840       2.378270       2.384700       2.391100       2.397500       2.403880       2.410240       2.416580       2.422900       2.429200       2.435480       2.441740       2.447960       2.454170    
   2.286920       2.291860       2.296780       2.297180       2.297570       2.305490       2.319450       2.320250       2.329770       2.338710       2.339630       2.342850       2.348610       2.356240       2.362700       2.369150       2.375590       2.382020       2.388450       2.394860       2.401250       2.407620       2.413980       2.420320       2.426630       2.432920       2.439180       2.445420       2.451640       2.457830    
   2.291850       2.296780       2.296980       2.297180       2.304920       2.319450       2.319850       2.329650       2.339170       2.339630       2.341240       2.346830       2.356240       2.359470       2.362700       2.369150       2.375590       2.382020       2.393260       2.398610       2.405010       2.411380       2.417730       2.424060       2.430360       2.436640       2.442890       2.449120       2.455320       2.461490    
   2.296780       2.296880       2.296980       2.304630       2.319450       2.319650       2.329600       2.339400       2.339630       2.340440       2.345990       2.356240       2.357850       2.359470       2.363770       2.369140       2.375580       2.390750       2.400500       2.402380       2.408770       2.415140       2.421480       2.427800       2.434100       2.440370       2.446610       2.452820       2.459010       2.465160    
   2.296830       2.296880       2.304480       2.319450       2.319550       2.329570       2.339510       2.339630       2.340030       2.345570       2.356240       2.357050       2.357850       2.360360       2.364130       2.369500       2.387860       2.401440       2.402380       2.407890       2.412530       2.418900       2.425240       2.431560       2.437840       2.444100       2.450330       2.456530       2.462700       2.468840    
   2.296830       2.304410       2.319450       2.319500       2.329550       2.339570       2.339630       2.339830       2.345370       2.356240       2.356640       2.357050       2.358420       2.360780       2.364660       2.387410       2.401910       2.402380       2.412130       2.416300       2.420120       2.422660       2.429000       2.435310       2.441590       2.447830       2.454050       2.460240       2.466390       2.472510    
   2.304370       2.319450       2.319470       2.329550       2.339600       2.339630       2.339730       2.345270       2.356240       2.356440       2.356640       2.357370       2.358750       2.377460       2.395870       2.413660       2.413660       2.416910       2.420690       2.421950       2.420070       2.426430       2.432760       2.439060       2.445330       2.451570       2.457770       2.463940       2.470080       2.476190    
   2.319450       2.319460       2.329540       2.339620       2.339630       2.339680       2.345220       2.356240       2.356340       2.356440       2.356820       2.357590       2.389180       2.426110       2.425990       2.422720       2.425420       2.424950       2.424410       2.423830       2.423830       2.430190       2.436520       2.442810       2.449070       2.455300       2.461490       2.467650       2.473770       2.479860    
   2.319460       2.329540       2.339620       2.339630       2.339650       2.345190       2.356240       2.356290       2.356340       2.356530       2.386390       2.430560       2.427690       2.426220       2.426220       2.425990       2.425820       2.425880       2.424950       2.426930       2.427590       2.433940       2.440270       2.446560       2.452810       2.459020       2.465200       2.471340       2.477450       2.483520    
   2.329540       2.339630       2.339630       2.339640       2.345180       2.356240       2.356270       2.356290       2.356390       2.392080       2.430560       2.430560       2.430560       2.427860       2.426450       2.426450       2.425990       2.426440       2.426820       2.424950       2.431340       2.437690       2.444010       2.450290       2.456540       2.462740       2.468910       2.475040       2.481130       2.487180    
   2.339630       2.339630       2.339640       2.345170       2.356240       2.356250       2.356270       2.377700       2.401920       2.430570       2.430560       2.430560       2.430560       2.430560       2.428200       2.426910       2.426920       2.425990       2.428010       2.428690       2.435080       2.441430       2.447750       2.454020       2.460260       2.466450       2.472600       2.478720       2.484790       2.490820    
   2.339630       2.339630       2.345170       2.356240       2.356250       2.389200       2.438630       2.440240       2.441840       2.434350       2.430590       2.430560       2.430560       2.430560       2.430560       2.428880       2.427840       2.427840       2.425990       2.432420       2.438810       2.445160       2.451470       2.457740       2.463960       2.470150       2.476290       2.482380       2.488440       2.494460    
   2.339630       2.345170       2.356240       2.356240       2.395800       2.438640       2.438640       2.438630       2.440240       2.441840       2.434400       2.430650       2.430560       2.430560       2.430560       2.430560       2.430190       2.429690       2.429690       2.436130       2.442520       2.448870       2.455180       2.461440       2.467660       2.473830       2.479950       2.486040       2.492070       2.498070    
