iMOD/TUTORIALS/TUT_MetaswapAnalyser/model_MetaSWAP/meteo/Evaporation/Evaporation_20060506_L1.ASC
NCOLS                30
NROWS                30
XLLCORNER     160000.00
YLLCORNER     340000.00
CELLSIZE        1000.00
NODATA_VALUE   -9999.00
   3.867460       3.870320       3.873170       3.876010       3.878850       3.881670       3.884490       3.887310       3.890130       3.892940       3.895760       3.898580       3.901400       3.904230       3.907060       3.909900       3.912750       3.915600       3.918470       3.921340       3.924220       3.927110       3.930020       3.932930       3.935850       3.938790       3.941740       3.944690       3.947660       3.950640    
   3.865770       3.868640       3.871500       3.874360       3.877200       3.880040       3.882870       3.885700       3.888530       3.891360       3.894180       3.897010       3.899840       3.902680       3.905520       3.908370       3.911220       3.914080       3.916950       3.919830       3.922720       3.925620       3.928520       3.931440       3.934370       3.937300       3.940250       3.943210       3.946180       3.949160    
   3.864060       3.866940       3.869820       3.872680       3.875540       3.878390       3.881230       3.884070       3.886910       3.889750       3.892590       3.895430       3.898270       3.901110       3.903960       3.906820       3.909680       3.912550       3.915420       3.918310       3.921200       3.924100       3.927010       3.929930       3.932860       3.935800       3.938750       3.941720       3.944690       3.947670    
   3.862330       3.865220       3.868110       3.870990       3.873860       3.876720       3.879580       3.882430       3.885280       3.888130       3.890970       3.893820       3.896670       3.899530       3.902390       3.905250       3.908120       3.910990       3.913880       3.916770       3.919660       3.922570       3.925490       3.928410       3.931350       3.934290       3.937240       3.940210       3.943180       3.946160    
   3.860580       3.863490       3.866390       3.869280       3.872160       3.875030       3.877900       3.880770       3.883630       3.886480       3.889340       3.892200       3.895060       3.897930       3.900790       3.903660       3.906540       3.909420       3.912310       3.915210       3.918110       3.921020       3.923950       3.926880       3.929810       3.932760       3.935720       3.938690       3.941660       3.944650    
   3.858820       3.861740       3.864650       3.867550       3.870450       3.873330       3.876210       3.879090       3.881960       3.884830       3.887700       3.890570       3.893440       3.896310       3.899180       3.902060       3.904950       3.907840       3.910730       3.913640       3.916550       3.919460       3.922390       3.925320       3.928270       3.931220       3.934180       3.937150       3.940130       3.943120    
   3.857040       3.859980       3.862900       3.865810       3.868720       3.871610       3.874510       3.877390       3.880270       3.883160       3.886030       3.888910       3.891790       3.894670       3.897560       3.900450       3.903340       3.906240       3.909140       3.912050       3.914970       3.917890       3.920820       3.923760       3.926710       3.929660       3.932630       3.935600       3.938590       3.941580    
   3.855250       3.858200       3.861130       3.864060       3.866970       3.869880       3.872780       3.875680       3.878580       3.881470       3.884360       3.887240       3.890130       3.893020       3.895920       3.898810       3.901720       3.904620       3.907530       3.910450       3.913370       3.916300       3.919240       3.922180       3.925130       3.928100       3.931060       3.934040       3.937030       3.940020    
   3.853450       3.856400       3.859350       3.862290       3.865210       3.868130       3.871050       3.873960       3.876860       3.879760       3.882660       3.885560       3.888460       3.891360       3.894260       3.897170       3.900080       3.902990       3.905910       3.908830       3.911760       3.914700       3.917640       3.920590       3.923550       3.926510       3.929490       3.932470       3.935460       3.938460    
   3.851630       3.854600       3.857550       3.860500       3.863440       3.866370       3.869300       3.872220       3.875130       3.878040       3.880950       3.883860       3.886770       3.889680       3.892590       3.895510       3.898420       3.901340       3.904270       3.907200       3.910140       3.913080       3.916030       3.918980       3.921950       3.924920       3.927900       3.930880       3.933880       3.936880    
   3.851630       3.854590       3.857840       3.858700       3.861650       3.864600       3.867530       3.870460       3.873390       3.876310       3.879230       3.882150       3.885070       3.887990       3.890910       3.893830       3.896760       3.899680       3.902620       3.905550       3.908500       3.911450       3.914400       3.917360       3.920330       3.923310       3.926290       3.929280       3.932280       3.935290    
   3.851620       3.855690       3.858700       3.859560       3.859850       3.862810       3.865750       3.868700       3.871630       3.874560       3.877500       3.880420       3.883350       3.886280       3.889210       3.892140       3.895070       3.898010       3.900950       3.903900       3.906850       3.909800       3.912760       3.915730       3.918710       3.921690       3.924680       3.927670       3.930680       3.933690    
   3.853660       3.858700       3.858810       3.858940       3.858040       3.861010       3.863960       3.866920       3.869860       3.872810       3.875750       3.878680       3.881620       3.884560       3.887500       3.890440       3.893380       3.896320       3.899270       3.902230       3.905180       3.908150       3.911110       3.914090       3.917070       3.920060       3.923050       3.926050       3.929060       3.932080    
   3.858700       3.858510       3.858490       3.858040       3.859410       3.859190       3.862160       3.865120       3.868080       3.871030       3.873980       3.876930       3.879880       3.882820       3.885770       3.888720       3.891670       3.894620       3.897580       3.900540       3.903510       3.906480       3.909450       3.912430       3.915420       3.918410       3.921410       3.924420       3.927430       3.930450    
   3.858380       3.858270       3.858040       3.858880       3.859190       3.860560       3.860340       3.863320       3.866280       3.869250       3.872210       3.875170       3.878120       3.881080       3.884030       3.886990       3.889950       3.892910       3.895880       3.898840       3.901820       3.904790       3.907780       3.910760       3.913760       3.916760       3.919760       3.922770       3.925790       3.928820    
   3.858150       3.858040       3.858700       3.859190       3.860030       3.860340       3.861830       3.863310       3.866580       3.867450       3.870420       3.873390       3.876350       3.879320       3.882280       3.885250       3.888220       3.891190       3.894160       3.897140       3.900120       3.903100       3.906090       3.909080       3.912080       3.915090       3.918100       3.921120       3.924140       3.927170    
   3.858040       3.858640       3.859190       3.859850       3.860340       3.861090       3.861830       3.864790       3.867450       3.868940       3.870530       3.871600       3.874580       3.877550       3.880520       3.883500       3.886470       3.889450       3.892430       3.895420       3.898400       3.901390       3.904390       3.907390       3.910400       3.913410       3.916430       3.919450       3.922480       3.925520    
   3.858620       3.859190       3.859790       3.860340       3.860710       3.861080       3.863790       3.867450       3.868190       3.869480       3.870700       3.869800       3.872780       3.875770       3.878750       3.881730       3.884720       3.887700       3.890690       3.893680       3.896680       3.899680       3.902680       3.905690       3.908700       3.911720       3.914750       3.917780       3.920810       3.923850    
   3.859190       3.859770       3.860340       3.860530       3.860710       3.863260       3.867450       3.867820       3.869040       3.870250       3.869800       3.871290       3.873080       3.873970       3.876970       3.879960       3.882950       3.885950       3.888940       3.891940       3.894940       3.897950       3.900960       3.903980       3.907000       3.910020       3.913050       3.916090       3.919130       3.922180    
   3.859770       3.860340       3.860430       3.860530       3.862990       3.867450       3.867640       3.868830       3.870030       3.869800       3.870550       3.872040       3.873970       3.875470       3.876970       3.879960       3.882950       3.885950       3.889090       3.890190       3.893200       3.896210       3.899230       3.902250       3.905280       3.908310       3.911350       3.914390       3.917440       3.920490    
   3.860340       3.860390       3.860430       3.862850       3.867450       3.867540       3.868730       3.869910       3.869800       3.870170       3.871590       3.873970       3.874720       3.875470       3.877470       3.879960       3.882950       3.887140       3.889310       3.888420       3.891440       3.894460       3.897490       3.900520       3.903550       3.906590       3.909640       3.912680       3.915740       3.918800    
   3.860360       3.860390       3.862780       3.867450       3.867500       3.868670       3.869860       3.869800       3.869990       3.871380       3.873970       3.874350       3.874720       3.875890       3.877630       3.880130       3.885470       3.888860       3.888420       3.889850       3.889680       3.892710       3.895740       3.898780       3.901820       3.904860       3.907910       3.910970       3.914030       3.917100    
   3.860360       3.862740       3.867450       3.867470       3.868650       3.869830       3.869800       3.869890       3.871280       3.873970       3.874160       3.874340       3.874980       3.876080       3.877880       3.882980       3.888640       3.888420       3.887850       3.887900       3.889720       3.890940       3.893980       3.897020       3.900070       3.903120       3.906180       3.909240       3.912310       3.915380    
   3.862730       3.867450       3.867460       3.868640       3.869810       3.869800       3.869850       3.871240       3.873970       3.874060       3.874160       3.874500       3.875140       3.874960       3.877920       3.883030       3.883040       3.884370       3.885810       3.885220       3.886120       3.889160       3.892210       3.895260       3.898320       3.901380       3.904440       3.907510       3.910590       3.913660    
   3.867450       3.867460       3.868630       3.869810       3.869800       3.869820       3.871210       3.873970       3.874020       3.874060       3.874240       3.874600       3.873250       3.870850       3.870910       3.876640       3.877420       3.877650       3.882120       3.884320       3.884320       3.887380       3.890430       3.893490       3.896550       3.899620       3.902690       3.905770       3.908850       3.911940    
   3.867450       3.868630       3.869800       3.869800       3.869810       3.871200       3.873970       3.873990       3.874020       3.874110       3.869480       3.862260       3.867940       3.870790       3.870790       3.870910       3.875180       3.877190       3.877650       3.881300       3.882520       3.885580       3.888640       3.891710       3.894780       3.897860       3.900940       3.904020       3.907110       3.910200    
   3.868630       3.869800       3.869800       3.869810       3.871200       3.873970       3.873980       3.873990       3.874040       3.868430       3.862260       3.862260       3.862260       3.867860       3.870680       3.870680       3.870910       3.874970       3.876730       3.877650       3.880710       3.883780       3.886850       3.889920       3.893000       3.896080       3.899170       3.902260       3.905360       3.908460    
   3.869800       3.869800       3.869800       3.871190       3.873970       3.873980       3.873980       3.867930       3.864420       3.862250       3.862260       3.862260       3.862260       3.862260       3.867690       3.870450       3.870450       3.870910       3.874590       3.875820       3.878900       3.881970       3.885050       3.888130       3.891220       3.894310       3.897400       3.900500       3.903600       3.906710    
   3.869800       3.869800       3.871190       3.873970       3.873970       3.862260       3.844680       3.847200       3.849720       3.858070       3.862240       3.862260       3.862260       3.862260       3.862260       3.867380       3.869990       3.869990       3.870910       3.873990       3.877070       3.880150       3.883240       3.886330       3.889420       3.892520       3.895620       3.898730       3.901840       3.904950    
   3.869800       3.871190       3.873970       3.873970       3.859910       3.844680       3.844680       3.844680       3.847200       3.849720       3.858040       3.862210       3.862260       3.862260       3.862260       3.862260       3.866820       3.869060       3.869070       3.872150       3.875240       3.878330       3.881420       3.884520       3.887620       3.890730       3.893840       3.896950       3.900070       3.903190    
