iMOD/TUTORIALS/TUT_MetaswapAnalyser/model_MetaSWAP/meteo/Evaporation/Evaporation_20060120_L1.ASC
NCOLS                30
NROWS                30
XLLCORNER     160000.00
YLLCORNER     340000.00
CELLSIZE        1000.00
NODATA_VALUE   -9999.00
  0.1456800      0.1452100      0.1447300      0.1442500      0.1437600      0.1432700      0.1427700      0.1422800      0.1417800      0.1412700      0.1407700      0.1402600      0.1397500      0.1392400      0.1387300      0.1382100      0.1377000      0.1371800      0.1366600      0.1361500      0.1356300      0.1351100      0.1345900      0.1340700      0.1335500      0.1330300      0.1325100      0.1319900      0.1314700      0.1309500    
  0.1463500      0.1458800      0.1454000      0.1449200      0.1444300      0.1439500      0.1434500      0.1429600      0.1424600      0.1419600      0.1414500      0.1409500      0.1404400      0.1399300      0.1394200      0.1389000      0.1383900      0.1378700      0.1373500      0.1368400      0.1363200      0.1358000      0.1352800      0.1347600      0.1342400      0.1337100      0.1331900      0.1326700      0.1321500      0.1316300    
  0.1470200      0.1465500      0.1460700      0.1455900      0.1451100      0.1446200      0.1441300      0.1436300      0.1431400      0.1426400      0.1421300      0.1416300      0.1411200      0.1406100      0.1401000      0.1395900      0.1390700      0.1385600      0.1380400      0.1375200      0.1370000      0.1364800      0.1359600      0.1354400      0.1349200      0.1344000      0.1338700      0.1333500      0.1328300      0.1323100    
  0.1476800      0.1472100      0.1467400      0.1462600      0.1457800      0.1452900      0.1448000      0.1443100      0.1438100      0.1433100      0.1428100      0.1423100      0.1418000      0.1412900      0.1407800      0.1402700      0.1397600      0.1392400      0.1387200      0.1382000      0.1376900      0.1371700      0.1366400      0.1361200      0.1356000      0.1350800      0.1345500      0.1340300      0.1335000      0.1329800    
  0.1483500      0.1478800      0.1474000      0.1469300      0.1464400      0.1459600      0.1454700      0.1449800      0.1444900      0.1439900      0.1434900      0.1429800      0.1424800      0.1419700      0.1414600      0.1409500      0.1404400      0.1399200      0.1394000      0.1388900      0.1383700      0.1378500      0.1373200      0.1368000      0.1362800      0.1357500      0.1352300      0.1347000      0.1341800      0.1336500    
  0.1490100      0.1485400      0.1480700      0.1475900      0.1471100      0.1466300      0.1461400      0.1456500      0.1451600      0.1446600      0.1441600      0.1436600      0.1431500      0.1426500      0.1421400      0.1416300      0.1411100      0.1406000      0.1400800      0.1395600      0.1390400      0.1385200      0.1380000      0.1374800      0.1369500      0.1364300      0.1359000      0.1353800      0.1348500      0.1343200    
  0.1496600      0.1492000      0.1487300      0.1482500      0.1477700      0.1472900      0.1468000      0.1463200      0.1458200      0.1453300      0.1448300      0.1443300      0.1438300      0.1433200      0.1428100      0.1423000      0.1417900      0.1412700      0.1407600      0.1402400      0.1397200      0.1392000      0.1386800      0.1381500      0.1376300      0.1371000      0.1365700      0.1360500      0.1355200      0.1349900    
  0.1503200      0.1498500      0.1493800      0.1489100      0.1484300      0.1479500      0.1474700      0.1469800      0.1464900      0.1459900      0.1455000      0.1450000      0.1444900      0.1439900      0.1434800      0.1429700      0.1424600      0.1419500      0.1414300      0.1409100      0.1403900      0.1398700      0.1393500      0.1388200      0.1383000      0.1377700      0.1372400      0.1367200      0.1361900      0.1356600    
  0.1509700      0.1505100      0.1500400      0.1495700      0.1490900      0.1486100      0.1481300      0.1476400      0.1471500      0.1466600      0.1461600      0.1456600      0.1451600      0.1446600      0.1441500      0.1436400      0.1431300      0.1426200      0.1421000      0.1415800      0.1410600      0.1405400      0.1400200      0.1394900      0.1389700      0.1384400      0.1379100      0.1373800      0.1368500      0.1363200    
  0.1516200      0.1511600      0.1506900      0.1502200      0.1497400      0.1492700      0.1487800      0.1483000      0.1478100      0.1473200      0.1468200      0.1463300      0.1458300      0.1453200      0.1448200      0.1443100      0.1438000      0.1432800      0.1427700      0.1422500      0.1417300      0.1412100      0.1406800      0.1401600      0.1396300      0.1391000      0.1385700      0.1380400      0.1375100      0.1369800    
  0.1516230      0.1511570      0.1507350      0.1508700      0.1504000      0.1499200      0.1494400      0.1489600      0.1484700      0.1479800      0.1474800      0.1469900      0.1464900      0.1459800      0.1454800      0.1449700      0.1444600      0.1439500      0.1434300      0.1429100      0.1423900      0.1418700      0.1413500      0.1408200      0.1403000      0.1397700      0.1392400      0.1387000      0.1381700      0.1376400    
  0.1516210      0.1510960      0.1508700      0.1510050      0.1510500      0.1505700      0.1500900      0.1496100      0.1491200      0.1486300      0.1481400      0.1476400      0.1471500      0.1466400      0.1461400      0.1456300      0.1451200      0.1446100      0.1440900      0.1435800      0.1430600      0.1425300      0.1420100      0.1414800      0.1409600      0.1404300      0.1399000      0.1393600      0.1388300      0.1382900    
  0.1514180      0.1508700      0.1512380      0.1513750      0.1517000      0.1512200      0.1507400      0.1502600      0.1497700      0.1492900      0.1487900      0.1483000      0.1478000      0.1473000      0.1468000      0.1462900      0.1457800      0.1452700      0.1447500      0.1442400      0.1437200      0.1431900      0.1426700      0.1421400      0.1416100      0.1410800      0.1405500      0.1400200      0.1394800      0.1389400    
  0.1508700      0.1513360      0.1515380      0.1517000      0.1515970      0.1518700      0.1513900      0.1509100      0.1504200      0.1499400      0.1494400      0.1489500      0.1484500      0.1479500      0.1474500      0.1469400      0.1464400      0.1459200      0.1454100      0.1448900      0.1443700      0.1438500      0.1433300      0.1428000      0.1422700      0.1417400      0.1412000      0.1406700      0.1401300      0.1395900    
  0.1513810      0.1516190      0.1517000      0.1517220      0.1518700      0.1517630      0.1520300      0.1515500      0.1510700      0.1505800      0.1500900      0.1496000      0.1491000      0.1486000      0.1481000      0.1476000      0.1470900      0.1465800      0.1460600      0.1455500      0.1450300      0.1445000      0.1439800      0.1434500      0.1429200      0.1423900      0.1418600      0.1413200      0.1407800      0.1402400    
  0.1516590      0.1517000      0.1517640      0.1518700      0.1518880      0.1520300      0.1517900      0.1515500      0.1511080      0.1512300      0.1507400      0.1502500      0.1497500      0.1492500      0.1487500      0.1482500      0.1477400      0.1472300      0.1467100      0.1462000      0.1456800      0.1451500      0.1446300      0.1441000      0.1435700      0.1430400      0.1425000      0.1419700      0.1414300      0.1408900    
  0.1517000      0.1517780      0.1518700      0.1519290      0.1520300      0.1519100      0.1517900      0.1514190      0.1512300      0.1509850      0.1509280      0.1508900      0.1504000      0.1499000      0.1494000      0.1488900      0.1483900      0.1478800      0.1473600      0.1468400      0.1463200      0.1458000      0.1452800      0.1447500      0.1442200      0.1436800      0.1431500      0.1426100      0.1420700      0.1415300    
  0.1517830      0.1518700      0.1519430      0.1520300      0.1519700      0.1519100      0.1515870      0.1512300      0.1511080      0.1511770      0.1512100      0.1515300      0.1510400      0.1505400      0.1500400      0.1495400      0.1490300      0.1485200      0.1480100      0.1474900      0.1469700      0.1464500      0.1459200      0.1453900      0.1448600      0.1443300      0.1437900      0.1432500      0.1427100      0.1421700    
  0.1518700      0.1519480      0.1520300      0.1520000      0.1519700      0.1516740      0.1512300      0.1511690      0.1512830      0.1513700      0.1515300      0.1512850      0.1510730      0.1511800      0.1506800      0.1501800      0.1496700      0.1491600      0.1486500      0.1481300      0.1476100      0.1470900      0.1465600      0.1460300      0.1455000      0.1449700      0.1444300      0.1438900      0.1433500      0.1428000    
  0.1519490      0.1520300      0.1520150      0.1520000      0.1517190      0.1512300      0.1511990      0.1513320      0.1514500      0.1515300      0.1514070      0.1512670      0.1511800      0.1509300      0.1506800      0.1501770      0.1496700      0.1491600      0.1488240      0.1487700      0.1482500      0.1477300      0.1472000      0.1466700      0.1461400      0.1456000      0.1450600      0.1445200      0.1439800      0.1434300    
  0.1520300      0.1520230      0.1520150      0.1517410      0.1512300      0.1512150      0.1513560      0.1514900      0.1515300      0.1514690      0.1513460      0.1511800      0.1510550      0.1509300      0.1505960      0.1501760      0.1496690      0.1492310      0.1490900      0.1494100      0.1488900      0.1483600      0.1478400      0.1473100      0.1467700      0.1462400      0.1457000      0.1451600      0.1446100      0.1440600    
  0.1520260      0.1520230      0.1517520      0.1512300      0.1512220      0.1513680      0.1515100      0.1515300      0.1514990      0.1513810      0.1511800      0.1511180      0.1510550      0.1508600      0.1505670      0.1501470      0.1495470      0.1492500      0.1494100      0.1492730      0.1495200      0.1490000      0.1484700      0.1479400      0.1474100      0.1468700      0.1463300      0.1457800      0.1452400      0.1446900    
  0.1520260      0.1517580      0.1512300      0.1512260      0.1513740      0.1515200      0.1515300      0.1515150      0.1513980      0.1511800      0.1511490      0.1511180      0.1510110      0.1508270      0.1505250      0.1501750      0.1493300      0.1494100      0.1499810      0.1501500      0.1498360      0.1496300      0.1491000      0.1485700      0.1480300      0.1475000      0.1469500      0.1464100      0.1458600      0.1453100    
  0.1517610      0.1512300      0.1512280      0.1513770      0.1515250      0.1515300      0.1515220      0.1514060      0.1511800      0.1511640      0.1511490      0.1510920      0.1509850      0.1518130      0.1518350      0.1512840      0.1512850      0.1510840      0.1508800      0.1510900      0.1507800      0.1502500      0.1497300      0.1491900      0.1486600      0.1481200      0.1475800      0.1470300      0.1464800      0.1459300    
  0.1512300      0.1512290      0.1513790      0.1515270      0.1515300      0.1515260      0.1514090      0.1511800      0.1511720      0.1511640      0.1511350      0.1510750      0.1527460      0.1549090      0.1548900      0.1533060      0.1532360      0.1531600      0.1519890      0.1514000      0.1514000      0.1508800      0.1503500      0.1498200      0.1492800      0.1487400      0.1482000      0.1476500      0.1471000      0.1465500    
  0.1512300      0.1513790      0.1515290      0.1515300      0.1515280      0.1514110      0.1511800      0.1511760      0.1511720      0.1511570      0.1535590      0.1572100      0.1556920      0.1549280      0.1549280      0.1548900      0.1538130      0.1533130      0.1531600      0.1523050      0.1520200      0.1515000      0.1509700      0.1504300      0.1499000      0.1493600      0.1488100      0.1482600      0.1477100      0.1471600    
  0.1513800      0.1515290      0.1515300      0.1515290      0.1514120      0.1511800      0.1511780      0.1511760      0.1511690      0.1540620      0.1572100      0.1572100      0.1572100      0.1557200      0.1549660      0.1549660      0.1548900      0.1538910      0.1534650      0.1531600      0.1526400      0.1521100      0.1515800      0.1510500      0.1505100      0.1499700      0.1494200      0.1488800      0.1483200      0.1477700    
  0.1515300      0.1515300      0.1515300      0.1514130      0.1511800      0.1511790      0.1511780      0.1535360      0.1554310      0.1572120      0.1572100      0.1572100      0.1572100      0.1572100      0.1557740      0.1550420      0.1550420      0.1548900      0.1540500      0.1537700      0.1532500      0.1527200      0.1521900      0.1516600      0.1511200      0.1505800      0.1500300      0.1494800      0.1489300      0.1483700    
  0.1515300      0.1515300      0.1514130      0.1511800      0.1511800      0.1553840      0.1616900      0.1611550      0.1606200      0.1583510      0.1572150      0.1572100      0.1572100      0.1572100      0.1572100      0.1558790      0.1551940      0.1551950      0.1548900      0.1543800      0.1538600      0.1533300      0.1528000      0.1522700      0.1517300      0.1511900      0.1506400      0.1500900      0.1495300      0.1489700    
  0.1515300      0.1514130      0.1511800      0.1511800      0.1562260      0.1616910      0.1616910      0.1616900      0.1611550      0.1606200      0.1583590      0.1572240      0.1572100      0.1572100      0.1572100      0.1572100      0.1560700      0.1554970      0.1555000      0.1549800      0.1544600      0.1539400      0.1534100      0.1528700      0.1523300      0.1517900      0.1512400      0.1506900      0.1501300      0.1495700    
