iMOD/TUTORIALS/TUT_MetaswapAnalyser/model_MetaSWAP/meteo/Evaporation/Evaporation_20050212_L1.ASC
NCOLS                30
NROWS                30
XLLCORNER     160000.00
YLLCORNER     340000.00
CELLSIZE        1000.00
NODATA_VALUE   -9999.00
  0.1780600      0.1769900      0.1759300      0.1748900      0.1738500      0.1728200      0.1717900      0.1707800      0.1697700      0.1687700      0.1677700      0.1667800      0.1658000      0.1648200      0.1638400      0.1628700      0.1619000      0.1609300      0.1599700      0.1590100      0.1580500      0.1570900      0.1561400      0.1551900      0.1542400      0.1532900      0.1523500      0.1514000      0.1504600      0.1495200    
  0.1783200      0.1772500      0.1761800      0.1751200      0.1740700      0.1730300      0.1720000      0.1709800      0.1699600      0.1689500      0.1679500      0.1669500      0.1659500      0.1649600      0.1639800      0.1630000      0.1620200      0.1610500      0.1600800      0.1591100      0.1581500      0.1571900      0.1562300      0.1552800      0.1543200      0.1533700      0.1524200      0.1514700      0.1505200      0.1495800    
  0.1785900      0.1775000      0.1764300      0.1753600      0.1743000      0.1732500      0.1722100      0.1711800      0.1701500      0.1691400      0.1681200      0.1671200      0.1661100      0.1651200      0.1641300      0.1631400      0.1621500      0.1611800      0.1602000      0.1592300      0.1582600      0.1572900      0.1563300      0.1553600      0.1544000      0.1534500      0.1524900      0.1515400      0.1505900      0.1496400    
  0.1788600      0.1777600      0.1766800      0.1756000      0.1745400      0.1734800      0.1724300      0.1713900      0.1703500      0.1693200      0.1683000      0.1672900      0.1662800      0.1652700      0.1642700      0.1632800      0.1622900      0.1613000      0.1603200      0.1593400      0.1583600      0.1573900      0.1564200      0.1554500      0.1544900      0.1535300      0.1525700      0.1516100      0.1506600      0.1497000    
  0.1791300      0.1780200      0.1769300      0.1758500      0.1747700      0.1737000      0.1726500      0.1716000      0.1705500      0.1695200      0.1684900      0.1674600      0.1664500      0.1654300      0.1644300      0.1634200      0.1624300      0.1614300      0.1604400      0.1594600      0.1584800      0.1575000      0.1565200      0.1555500      0.1545800      0.1536100      0.1526500      0.1516900      0.1507300      0.1497700    
  0.1794000      0.1782900      0.1771900      0.1760900      0.1750100      0.1739300      0.1728700      0.1718100      0.1707600      0.1697100      0.1686700      0.1676400      0.1666200      0.1656000      0.1645800      0.1635700      0.1625700      0.1615700      0.1605700      0.1595800      0.1585900      0.1576100      0.1566300      0.1556500      0.1546700      0.1537000      0.1527300      0.1517600      0.1508000      0.1498400    
  0.1796800      0.1785500      0.1774400      0.1763400      0.1752500      0.1741600      0.1730900      0.1720200      0.1709600      0.1699100      0.1688600      0.1678200      0.1667900      0.1657600      0.1647400      0.1637300      0.1627100      0.1617100      0.1607000      0.1597100      0.1587100      0.1577200      0.1567300      0.1557500      0.1547700      0.1537900      0.1528200      0.1518500      0.1508800      0.1499100    
  0.1799500      0.1788200      0.1777000      0.1765900      0.1754900      0.1744000      0.1733200      0.1722400      0.1711700      0.1701100      0.1690600      0.1680100      0.1669700      0.1659300      0.1649000      0.1638800      0.1628600      0.1618500      0.1608400      0.1598300      0.1588300      0.1578400      0.1568400      0.1558500      0.1548700      0.1538900      0.1529100      0.1519300      0.1509600      0.1499800    
  0.1802300      0.1790900      0.1779700      0.1768500      0.1757400      0.1746400      0.1735400      0.1724600      0.1713800      0.1703100      0.1692500      0.1682000      0.1671500      0.1661100      0.1650700      0.1640400      0.1630100      0.1619900      0.1609800      0.1599700      0.1589600      0.1579600      0.1569600      0.1559600      0.1549700      0.1539800      0.1530000      0.1520200      0.1510400      0.1500600    
  0.1805100      0.1793700      0.1782300      0.1771000      0.1759900      0.1748800      0.1737800      0.1726800      0.1716000      0.1705200      0.1694500      0.1683900      0.1673300      0.1662800      0.1652400      0.1642000      0.1631700      0.1621400      0.1611200      0.1601000      0.1590900      0.1580800      0.1570700      0.1560700      0.1550800      0.1540800      0.1530900      0.1521100      0.1511200      0.1501400    
  0.1805170      0.1793700      0.1780150      0.1773600      0.1762400      0.1751200      0.1740100      0.1729100      0.1718200      0.1707300      0.1696500      0.1685800      0.1675200      0.1664600      0.1654100      0.1643600      0.1633300      0.1622900      0.1612600      0.1602400      0.1592200      0.1582000      0.1571900      0.1561900      0.1551800      0.1541900      0.1531900      0.1522000      0.1512100      0.1502300    
  0.1805200      0.1788150      0.1773600      0.1767080      0.1764900      0.1753600      0.1742500      0.1731400      0.1720400      0.1709400      0.1698600      0.1687800      0.1677100      0.1666400      0.1655900      0.1645300      0.1634900      0.1624400      0.1614100      0.1603800      0.1593500      0.1583300      0.1573200      0.1563000      0.1553000      0.1542900      0.1532900      0.1523000      0.1513000      0.1503200    
  0.1795930      0.1773600      0.1768560      0.1766150      0.1767400      0.1756100      0.1744900      0.1733700      0.1722600      0.1711600      0.1700700      0.1689800      0.1679000      0.1668300      0.1657600      0.1647000      0.1636500      0.1626000      0.1615600      0.1605200      0.1594900      0.1584600      0.1574400      0.1564200      0.1554100      0.1544000      0.1534000      0.1524000      0.1514000      0.1504100    
  0.1773600      0.1769080      0.1766770      0.1767400      0.1760700      0.1758600      0.1747300      0.1736000      0.1724900      0.1713800      0.1702800      0.1691800      0.1681000      0.1670200      0.1659400      0.1648800      0.1638200      0.1627600      0.1617100      0.1606700      0.1596300      0.1586000      0.1575700      0.1565500      0.1555300      0.1545200      0.1535100      0.1525000      0.1515000      0.1505000    
  0.1769290      0.1767090      0.1767400      0.1762230      0.1758600      0.1751870      0.1749700      0.1738400      0.1727100      0.1716000      0.1704900      0.1693900      0.1682900      0.1672100      0.1661300      0.1650500      0.1639900      0.1629300      0.1618700      0.1608200      0.1597800      0.1587400      0.1577000      0.1566700      0.1556500      0.1546300      0.1536200      0.1526100      0.1516000      0.1506000    
  0.1767240      0.1767400      0.1762740      0.1758600      0.1753390      0.1749700      0.1744050      0.1738400      0.1724930      0.1718200      0.1707000      0.1696000      0.1684900      0.1674000      0.1663100      0.1652300      0.1641600      0.1630900      0.1620300      0.1609700      0.1599200      0.1588800      0.1578400      0.1568000      0.1557700      0.1547500      0.1537300      0.1527100      0.1517000      0.1507000    
  0.1767400      0.1762910      0.1758600      0.1753900      0.1749700      0.1746880      0.1744050      0.1731390      0.1718200      0.1712600      0.1703900      0.1698100      0.1687000      0.1676000      0.1665000      0.1654200      0.1643300      0.1632600      0.1621900      0.1611300      0.1600700      0.1590200      0.1579800      0.1569400      0.1559000      0.1548700      0.1538500      0.1528300      0.1518100      0.1508000    
  0.1762970      0.1758600      0.1754070      0.1749700      0.1748290      0.1746880      0.1735130      0.1718200      0.1715400      0.1706810      0.1699150      0.1700200      0.1689000      0.1678000      0.1666900      0.1656000      0.1645100      0.1634300      0.1623600      0.1612900      0.1602300      0.1591700      0.1581200      0.1570700      0.1560300      0.1550000      0.1539700      0.1529400      0.1519200      0.1509000    
  0.1758600      0.1754120      0.1749700      0.1748990      0.1748290      0.1737120      0.1718200      0.1716800      0.1708060      0.1699680      0.1700200      0.1694600      0.1686800      0.1680000      0.1668900      0.1657900      0.1646900      0.1636100      0.1625300      0.1614500      0.1603800      0.1593200      0.1582600      0.1572100      0.1561700      0.1551300      0.1540900      0.1530600      0.1520300      0.1510100    
  0.1754140      0.1749700      0.1749350      0.1748990      0.1738150      0.1718200      0.1717500      0.1708640      0.1699940      0.1700200      0.1697400      0.1690400      0.1680000      0.1674450      0.1668930      0.1657900      0.1646970      0.1636100      0.1621980      0.1616200      0.1605400      0.1594700      0.1584100      0.1573500      0.1563000      0.1552600      0.1542200      0.1531800      0.1521500      0.1511200    
  0.1749700      0.1749520      0.1749350      0.1738670      0.1718200      0.1717850      0.1708920      0.1700070      0.1700200      0.1698800      0.1692000      0.1680000      0.1677220      0.1674460      0.1667090      0.1657930      0.1646990      0.1627970      0.1617000      0.1617800      0.1607000      0.1596300      0.1585600      0.1575000      0.1564400      0.1553900      0.1543500      0.1533100      0.1522700      0.1512400    
  0.1749610      0.1749520      0.1738940      0.1718200      0.1718020      0.1709060      0.1700130      0.1700200      0.1699500      0.1692750      0.1680000      0.1678610      0.1677230      0.1672930      0.1666500      0.1657340      0.1633620      0.1617400      0.1617800      0.1611170      0.1608700      0.1597900      0.1587100      0.1576500      0.1565800      0.1555300      0.1544800      0.1534300      0.1523900      0.1513600    
  0.1749610      0.1739070      0.1718200      0.1718110      0.1709130      0.1700170      0.1700200      0.1699850      0.1693110      0.1680000      0.1679310      0.1678610      0.1676260      0.1672220      0.1665590      0.1639640      0.1617600      0.1617800      0.1613080      0.1610400      0.1603860      0.1599500      0.1588700      0.1578000      0.1567300      0.1556700      0.1546100      0.1535600      0.1525200      0.1514800    
  0.1739130      0.1718200      0.1718160      0.1709170      0.1700180      0.1700200      0.1700020      0.1693290      0.1680000      0.1679650      0.1679310      0.1678060      0.1675700      0.1664420      0.1646090      0.1623160      0.1623150      0.1618060      0.1612390      0.1612950      0.1612100      0.1601100      0.1590300      0.1579500      0.1568800      0.1558100      0.1547500      0.1537000      0.1526500      0.1516000    
  0.1718200      0.1718180      0.1709180      0.1700190      0.1700200      0.1700110      0.1693380      0.1680000      0.1679830      0.1679650      0.1679010      0.1677690      0.1661110      0.1643660      0.1643600      0.1632300      0.1628740      0.1628500      0.1618530      0.1613830      0.1613800      0.1602800      0.1591900      0.1581100      0.1570300      0.1559600      0.1548900      0.1538300      0.1527800      0.1517300    
  0.1718190      0.1709190      0.1700200      0.1700200      0.1700160      0.1693420      0.1680000      0.1679910      0.1679830      0.1679500      0.1671790      0.1661300      0.1649590      0.1643730      0.1643730      0.1643600      0.1633720      0.1628970      0.1628500      0.1618830      0.1615600      0.1604500      0.1593600      0.1582700      0.1571800      0.1561100      0.1550400      0.1539700      0.1529100      0.1518600    
  0.1709200      0.1700200      0.1700200      0.1700180      0.1693440      0.1680000      0.1679960      0.1679910      0.1679750      0.1670740      0.1661300      0.1661300      0.1661300      0.1649680      0.1643850      0.1643850      0.1643600      0.1633810      0.1629450      0.1628500      0.1617400      0.1606300      0.1595200      0.1584300      0.1573400      0.1562600      0.1551900      0.1541200      0.1530500      0.1520000    
  0.1700200      0.1700200      0.1700190      0.1693460      0.1680000      0.1679980      0.1679960      0.1680980      0.1674170      0.1661310      0.1661300      0.1661300      0.1661300      0.1661300      0.1649850      0.1644100      0.1644100      0.1643600      0.1633700      0.1630400      0.1619200      0.1608000      0.1597000      0.1586000      0.1575000      0.1564200      0.1553400      0.1542600      0.1531900      0.1521300    
  0.1700200      0.1700190      0.1693460      0.1680000      0.1679990      0.1687510      0.1698800      0.1691550      0.1684300      0.1668980      0.1661320      0.1661300      0.1661300      0.1661300      0.1661300      0.1650170      0.1644610      0.1644600      0.1643600      0.1632300      0.1621000      0.1609800      0.1598700      0.1587600      0.1576700      0.1565800      0.1554900      0.1544100      0.1533400      0.1522700    
  0.1700200      0.1693460      0.1680000      0.1679990      0.1689020      0.1698800      0.1698800      0.1698800      0.1691550      0.1684300      0.1669020      0.1661350      0.1661300      0.1661300      0.1661300      0.1661300      0.1650650      0.1645630      0.1645600      0.1634200      0.1622900      0.1611600      0.1600500      0.1589400      0.1578300      0.1567400      0.1556500      0.1545600      0.1534900      0.1524200    
