iMOD/TUTORIALS/TUT_MetaswapAnalyser/model_MetaSWAP/meteo/Evaporation/Evaporation_20061126_L1.ASC
NCOLS                30
NROWS                30
XLLCORNER     160000.00
YLLCORNER     340000.00
CELLSIZE        1000.00
NODATA_VALUE   -9999.00
  0.4877600      0.4879600      0.4881600      0.4883600      0.4885500      0.4887400      0.4889300      0.4891100      0.4892900      0.4894600      0.4896300      0.4898000      0.4899600      0.4901100      0.4902600      0.4904000      0.4905400      0.4906800      0.4908100      0.4909300      0.4910500      0.4911600      0.4912700      0.4913700      0.4914700      0.4915600      0.4916500      0.4917300      0.4918000      0.4918700    
  0.4882900      0.4885000      0.4887000      0.4889000      0.4891000      0.4892900      0.4894800      0.4896700      0.4898500      0.4900200      0.4901900      0.4903600      0.4905200      0.4906800      0.4908300      0.4909800      0.4911200      0.4912600      0.4913900      0.4915100      0.4916300      0.4917500      0.4918600      0.4919600      0.4920600      0.4921500      0.4922400      0.4923200      0.4923900      0.4924600    
  0.4888200      0.4890300      0.4892400      0.4894500      0.4896500      0.4898400      0.4900300      0.4902200      0.4904100      0.4905800      0.4907600      0.4909300      0.4910900      0.4912500      0.4914100      0.4915600      0.4917000      0.4918400      0.4919700      0.4921000      0.4922200      0.4923400      0.4924500      0.4925500      0.4926500      0.4927400      0.4928300      0.4929100      0.4929800      0.4930500    
  0.4893600      0.4895700      0.4897800      0.4899900      0.4901900      0.4903900      0.4905900      0.4907800      0.4909700      0.4911500      0.4913300      0.4915000      0.4916700      0.4918300      0.4919800      0.4921400      0.4922800      0.4924200      0.4925600      0.4926800      0.4928100      0.4929200      0.4930400      0.4931400      0.4932400      0.4933300      0.4934200      0.4935000      0.4935800      0.4936500    
  0.4898900      0.4901100      0.4903300      0.4905400      0.4907400      0.4909500      0.4911500      0.4913400      0.4915300      0.4917100      0.4918900      0.4920700      0.4922400      0.4924000      0.4925600      0.4927200      0.4928600      0.4930100      0.4931400      0.4932700      0.4934000      0.4935100      0.4936300      0.4937300      0.4938300      0.4939300      0.4940100      0.4941000      0.4941700      0.4942400    
  0.4904300      0.4906500      0.4908700      0.4910800      0.4913000      0.4915000      0.4917000      0.4919000      0.4920900      0.4922800      0.4924600      0.4926400      0.4928100      0.4929800      0.4931400      0.4933000      0.4934500      0.4935900      0.4937300      0.4938600      0.4939900      0.4941100      0.4942200      0.4943300      0.4944300      0.4945200      0.4946100      0.4946900      0.4947700      0.4948400    
  0.4909700      0.4911900      0.4914200      0.4916300      0.4918500      0.4920600      0.4922600      0.4924600      0.4926600      0.4928500      0.4930400      0.4932200      0.4933900      0.4935600      0.4937200      0.4938800      0.4940300      0.4941800      0.4943200      0.4944500      0.4945800      0.4947000      0.4948100      0.4949200      0.4950200      0.4951200      0.4952100      0.4952900      0.4953600      0.4954300    
  0.4915100      0.4917400      0.4919600      0.4921800      0.4924000      0.4926200      0.4928200      0.4930300      0.4932300      0.4934200      0.4936100      0.4937900      0.4939700      0.4941400      0.4943000      0.4944600      0.4946200      0.4947700      0.4949100      0.4950400      0.4951700      0.4952900      0.4954100      0.4955200      0.4956200      0.4957100      0.4958000      0.4958800      0.4959600      0.4960300    
  0.4920500      0.4922800      0.4925100      0.4927400      0.4929600      0.4931700      0.4933800      0.4935900      0.4937900      0.4939900      0.4941800      0.4943700      0.4945500      0.4947200      0.4948900      0.4950500      0.4952000      0.4953500      0.4955000      0.4956300      0.4957600      0.4958900      0.4960000      0.4961100      0.4962100      0.4963100      0.4964000      0.4964800      0.4965600      0.4966300    
  0.4925900      0.4928300      0.4930600      0.4932900      0.4935100      0.4937300      0.4939500      0.4941600      0.4943600      0.4945600      0.4947500      0.4949400      0.4951200      0.4953000      0.4954700      0.4956400      0.4957900      0.4959400      0.4960900      0.4962300      0.4963600      0.4964800      0.4966000      0.4967100      0.4968100      0.4969100      0.4970000      0.4970800      0.4971600      0.4972300    
  0.4925900      0.4928270      0.4932550      0.4938400      0.4940700      0.4942900      0.4945100      0.4947200      0.4949300      0.4951300      0.4953300      0.4955200      0.4957000      0.4958800      0.4960600      0.4962200      0.4963800      0.4965300      0.4966800      0.4968200      0.4969500      0.4970800      0.4971900      0.4973100      0.4974100      0.4975100      0.4976000      0.4976800      0.4977600      0.4978300    
  0.4925890      0.4931280      0.4938400      0.4944300      0.4946300      0.4948500      0.4950700      0.4952900      0.4955000      0.4957000      0.4959000      0.4961000      0.4962800      0.4964700      0.4966400      0.4968100      0.4969700      0.4971200      0.4972700      0.4974100      0.4975500      0.4976700      0.4977900      0.4979000      0.4980100      0.4981100      0.4982000      0.4982800      0.4983600      0.4984200    
  0.4929760      0.4938400      0.4945890      0.4949050      0.4951800      0.4954100      0.4956400      0.4958500      0.4960700      0.4962800      0.4964800      0.4966700      0.4968600      0.4970500      0.4972200      0.4974000      0.4975600      0.4977100      0.4978600      0.4980100      0.4981400      0.4982700      0.4983900      0.4985000      0.4986100      0.4987000      0.4988000      0.4988800      0.4989500      0.4990200    
  0.4938400      0.4946630      0.4950430      0.4951800      0.4955200      0.4959700      0.4962000      0.4964200      0.4966400      0.4968500      0.4970500      0.4972500      0.4974400      0.4976300      0.4978100      0.4979800      0.4981500      0.4983100      0.4984600      0.4986000      0.4987400      0.4988600      0.4989900      0.4991000      0.4992100      0.4993000      0.4993900      0.4994800      0.4995500      0.4996200    
  0.4946990      0.4951110      0.4951800      0.4955570      0.4959700      0.4963100      0.4967600      0.4969900      0.4972100      0.4974200      0.4976300      0.4978300      0.4980300      0.4982100      0.4984000      0.4985700      0.4987400      0.4989000      0.4990500      0.4991900      0.4993300      0.4994600      0.4995800      0.4997000      0.4998000      0.4999000      0.4999900      0.5000800      0.5001500      0.5002200    
  0.4951460      0.4951800      0.4955690      0.4959700      0.4963470      0.4967600      0.4968750      0.4969870      0.4974020      0.4979900      0.4982000      0.4984100      0.4986100      0.4988000      0.4989800      0.4991600      0.4993300      0.4994900      0.4996400      0.4997900      0.4999300      0.5000600      0.5001800      0.5002900      0.5004000      0.5005000      0.5005900      0.5006700      0.5007500      0.5008200    
  0.4951800      0.4955730      0.4959700      0.4963590      0.4967600      0.4968170      0.4968740      0.4973140      0.4979900      0.4980950      0.4986280      0.4989800      0.4991800      0.4993800      0.4995600      0.4997400      0.4999100      0.5000800      0.5002300      0.5003800      0.5005200      0.5006500      0.5007800      0.5008900      0.5010000      0.5011000      0.5011900      0.5012700      0.5013500      0.5014100    
  0.4955740      0.4959700      0.4963630      0.4967600      0.4967890      0.4968170      0.4972490      0.4979900      0.4980430      0.4987090      0.4992700      0.4995600      0.4997600      0.4999600      0.5001500      0.5003300      0.5005000      0.5006700      0.5008200      0.5009700      0.5011100      0.5012500      0.5013700      0.5014900      0.5015900      0.5016900      0.5017800      0.5018700      0.5019400      0.5020100    
  0.4959700      0.4963640      0.4967600      0.4967740      0.4967890      0.4972110      0.4979900      0.4980160      0.4987430      0.4994150      0.4995600      0.4996600      0.4999550      0.5005400      0.5007300      0.5009100      0.5010900      0.5012600      0.5014100      0.5015600      0.5017100      0.5018400      0.5019700      0.5020800      0.5021900      0.5022900      0.5023800      0.5024600      0.5025400      0.5026000    
  0.4963650      0.4967600      0.4967670      0.4967740      0.4971910      0.4979900      0.4980030      0.4987590      0.4994870      0.4995600      0.4996100      0.4999290      0.5005400      0.5006350      0.5007270      0.5009100      0.5010870      0.5012530      0.5018240      0.5021500      0.5023000      0.5024300      0.5025600      0.5026800      0.5027800      0.5028800      0.5029700      0.5030600      0.5031300      0.5032000    
  0.4967600      0.4967640      0.4967670      0.4971810      0.4979900      0.4979970      0.4987670      0.4995240      0.4995600      0.4995850      0.4999100      0.5005400      0.5005880      0.5006340      0.5007570      0.5009080      0.5010830      0.5018700      0.5024450      0.5027400      0.5028900      0.5030200      0.5031500      0.5032700      0.5033800      0.5034800      0.5035700      0.5036500      0.5037200      0.5037900    
  0.4967620      0.4967640      0.4971750      0.4979900      0.4979930      0.4987710      0.4995420      0.4995600      0.4995730      0.4998990      0.5005400      0.5005640      0.5005870      0.5006600      0.5007660      0.5009160      0.5018390      0.5025930      0.5027400      0.5030370      0.5034800      0.5036100      0.5037400      0.5038600      0.5039700      0.5040700      0.5041600      0.5042400      0.5043100      0.5043800    
  0.4967620      0.4971730      0.4979900      0.4979920      0.4987730      0.4995510      0.4995600      0.4995660      0.4998930      0.5005400      0.5005520      0.5005640      0.5006030      0.5006710      0.5007810      0.5021350      0.5026660      0.5027400      0.5036950      0.5040650      0.5041460      0.5042000      0.5043300      0.5044500      0.5045600      0.5046600      0.5047500      0.5048300      0.5049000      0.5049600    
  0.4971710      0.4979900      0.4979910      0.4987740      0.4995550      0.4995600      0.4995630      0.4998900      0.5005400      0.5005460      0.5005520      0.5005730      0.5006130      0.5023190      0.5035770      0.5044900      0.5044900      0.5046000      0.5047450      0.5049400      0.5046500      0.5047900      0.5049200      0.5050400      0.5051500      0.5052500      0.5053400      0.5054200      0.5054900      0.5055500    
  0.4979900      0.4979900      0.4987750      0.4995580      0.4995600      0.4995620      0.4998880      0.5005400      0.5005430      0.5005460      0.5005570      0.5005790      0.5036000      0.5072380      0.5072200      0.5061660      0.5063120      0.5062400      0.5055820      0.5052300      0.5052300      0.5053700      0.5055000      0.5056200      0.5057300      0.5058300      0.5059200      0.5060000      0.5060700      0.5061300    
  0.4979900      0.4987750      0.4995590      0.4995600      0.4995610      0.4998870      0.5005400      0.5005420      0.5005430      0.5005490      0.5038280      0.5087300      0.5077500      0.5072560      0.5072560      0.5072200      0.5066430      0.5063850      0.5062400      0.5059170      0.5058100      0.5059500      0.5060800      0.5062000      0.5063100      0.5064100      0.5065000      0.5065800      0.5066500      0.5067100    
  0.4987750      0.4995590      0.4995600      0.4995600      0.4998870      0.5005400      0.5005410      0.5005420      0.5005440      0.5044760      0.5087300      0.5087300      0.5087300      0.5077760      0.5072910      0.5072910      0.5072200      0.5067270      0.5065300      0.5062400      0.5063900      0.5065300      0.5066600      0.5067800      0.5068900      0.5069900      0.5070800      0.5071600      0.5072300      0.5072900    
  0.4995600      0.4995600      0.4995600      0.4998870      0.5005400      0.5005400      0.5005410      0.5032140      0.5058480      0.5087310      0.5087300      0.5087300      0.5087300      0.5087300      0.5078280      0.5073620      0.5073620      0.5072200      0.5069170      0.5068200      0.5069700      0.5071100      0.5072400      0.5073600      0.5074700      0.5075700      0.5076600      0.5077400      0.5078000      0.5078600    
  0.4995600      0.4995600      0.4998870      0.5005400      0.5005400      0.5049400      0.5115400      0.5113850      0.5112300      0.5095670      0.5087340      0.5087300      0.5087300      0.5087300      0.5087300      0.5079280      0.5075040      0.5075050      0.5072200      0.5073900      0.5075400      0.5076800      0.5078100      0.5079400      0.5080400      0.5081400      0.5082300      0.5083100      0.5083800      0.5084300    
  0.4995600      0.4998870      0.5005400      0.5005400      0.5058210      0.5115410      0.5115410      0.5115400      0.5113850      0.5112300      0.5095750      0.5087430      0.5087300      0.5087300      0.5087300      0.5087300      0.5081170      0.5077870      0.5077900      0.5079500      0.5081100      0.5082500      0.5083900      0.5085100      0.5086200      0.5087100      0.5088000      0.5088800      0.5089400      0.5090000    
