iMOD/TUTORIALS/TUT_MetaswapAnalyser/model_MetaSWAP/meteo/Evaporation/Evaporation_20051006_L1.ASC
NCOLS                30
NROWS                30
XLLCORNER     160000.00
YLLCORNER     340000.00
CELLSIZE        1000.00
NODATA_VALUE   -9999.00
   1.608290       1.611640       1.614880       1.618010       1.621030       1.623960       1.626800       1.629550       1.632220       1.634820       1.637340       1.639800       1.642200       1.644540       1.646820       1.649060       1.651250       1.653400       1.655510       1.657590       1.659640       1.661650       1.663640       1.665610       1.667550       1.669480       1.671400       1.673300       1.675190       1.677070    
   1.610260       1.613630       1.616880       1.620030       1.623090       1.626040       1.628910       1.631680       1.634380       1.637010       1.639560       1.642050       1.644470       1.646840       1.649150       1.651420       1.653630       1.655810       1.657950       1.660050       1.662120       1.664160       1.666180       1.668170       1.670140       1.672090       1.674030       1.675950       1.677870       1.679770    
   1.612150       1.615530       1.618810       1.621980       1.625060       1.628040       1.630930       1.633730       1.636460       1.639110       1.641690       1.644200       1.646660       1.649050       1.651390       1.653680       1.655930       1.658130       1.660300       1.662430       1.664530       1.666590       1.668630       1.670650       1.672650       1.674630       1.676590       1.678540       1.680470       1.682400    
   1.613960       1.617360       1.620660       1.623850       1.626950       1.629950       1.632870       1.635700       1.638450       1.641130       1.643740       1.646280       1.648760       1.651180       1.653550       1.655870       1.658150       1.660380       1.662570       1.664730       1.666850       1.668950       1.671010       1.673060       1.675080       1.677080       1.679070       1.681040       1.683000       1.684960    
   1.615700       1.619110       1.622430       1.625640       1.628760       1.631790       1.634730       1.637590       1.640370       1.643070       1.645710       1.648280       1.650790       1.653240       1.655640       1.657980       1.660280       1.662540       1.664760       1.666950       1.669100       1.671220       1.673320       1.675390       1.677440       1.679470       1.681480       1.683480       1.685470       1.687440    
   1.617370       1.620800       1.624130       1.627360       1.630500       1.633550       1.636520       1.639400       1.642210       1.644940       1.647600       1.650200       1.652730       1.655210       1.657640       1.660020       1.662350       1.664630       1.666880       1.669090       1.671270       1.673420       1.675550       1.677640       1.679720       1.681780       1.683820       1.685840       1.687860       1.689860    
   1.618970       1.622410       1.625760       1.629010       1.632170       1.635250       1.638230       1.641140       1.643970       1.646730       1.649420       1.652050       1.654610       1.657120       1.659570       1.661980       1.664330       1.666650       1.668930       1.671170       1.673380       1.675550       1.677710       1.679830       1.681940       1.684020       1.686090       1.688140       1.690180       1.692210    
   1.620500       1.623960       1.627330       1.630600       1.633780       1.636870       1.639880       1.642810       1.645670       1.648450       1.651170       1.653820       1.656410       1.658950       1.661430       1.663860       1.666250       1.668600       1.670900       1.673170       1.675410       1.677620       1.679790       1.681950       1.684080       1.686200       1.688290       1.690370       1.692440       1.694500    
   1.621980       1.625450       1.628830       1.632120       1.635320       1.638430       1.641470       1.644420       1.647300       1.650110       1.652850       1.655530       1.658150       1.660710       1.663220       1.665680       1.668100       1.670470       1.672810       1.675110       1.677370       1.679610       1.681820       1.684000       1.686160       1.688300       1.690430       1.692540       1.694630       1.696720    
   1.623400       1.626880       1.630280       1.633580       1.636800       1.639930       1.642990       1.645970       1.648870       1.651700       1.654470       1.657180       1.659820       1.662410       1.664950       1.667440       1.669880       1.672290       1.674650       1.676980       1.679270       1.681540       1.683770       1.685990       1.688180       1.690350       1.692500       1.694640       1.696770       1.698880    
   1.623370       1.626850       1.631430       1.634980       1.638220       1.641370       1.644450       1.647450       1.650380       1.653230       1.656030       1.658760       1.661430       1.664050       1.666610       1.669130       1.671600       1.674030       1.676430       1.678780       1.681110       1.683400       1.685670       1.687910       1.690130       1.692330       1.694510       1.696680       1.698840       1.700980    
   1.623340       1.629160       1.634980       1.638420       1.639590       1.642760       1.645850       1.648880       1.651820       1.654710       1.657520       1.660280       1.662980       1.665620       1.668210       1.670760       1.673260       1.675720       1.678140       1.680530       1.682880       1.685200       1.687500       1.689770       1.692020       1.694250       1.696460       1.698660       1.700850       1.703020    
   1.626810       1.634980       1.638640       1.640240       1.640900       1.644090       1.647200       1.650250       1.653220       1.656120       1.658960       1.661740       1.664470       1.667140       1.669760       1.672330       1.674860       1.677350       1.679800       1.682210       1.684590       1.686950       1.689270       1.691570       1.693850       1.696110       1.698360       1.700580       1.702800       1.705000    
   1.634980       1.638770       1.640570       1.640900       1.643450       1.645370       1.648500       1.651560       1.654560       1.657480       1.660350       1.663150       1.665900       1.668600       1.671240       1.673840       1.676400       1.678920       1.681390       1.683840       1.686250       1.688630       1.690990       1.693320       1.695630       1.697920       1.700190       1.702450       1.704700       1.706930    
   1.638850       1.640740       1.640900       1.643240       1.645370       1.647870       1.649750       1.652830       1.655840       1.658790       1.661680       1.664510       1.667280       1.670000       1.672680       1.675300       1.677890       1.680430       1.682940       1.685410       1.687850       1.690260       1.692650       1.695010       1.697350       1.699670       1.701970       1.704260       1.706540       1.708800    
   1.640820       1.640900       1.643170       1.645370       1.647660       1.649750       1.651290       1.652810       1.656880       1.660050       1.662960       1.665820       1.668610       1.671360       1.674060       1.676710       1.679320       1.681890       1.684430       1.686930       1.689400       1.691840       1.694250       1.696650       1.699020       1.701370       1.703700       1.706020       1.708330       1.710620    
   1.640900       1.643150       1.645370       1.647590       1.649750       1.650520       1.651280       1.655260       1.660050       1.661500       1.664840       1.667070       1.669900       1.672670       1.675390       1.678070       1.680700       1.683300       1.685870       1.688390       1.690890       1.693360       1.695810       1.698230       1.700630       1.703020       1.705380       1.707730       1.710070       1.712400    
   1.643140       1.645370       1.647570       1.649750       1.650140       1.650520       1.654280       1.660050       1.660780       1.664470       1.667680       1.668290       1.671130       1.673930       1.676670       1.679380       1.682040       1.684670       1.687260       1.689810       1.692340       1.694840       1.697320       1.699770       1.702200       1.704610       1.707010       1.709390       1.711760       1.714120    
   1.645370       1.647560       1.649750       1.649940       1.650130       1.653740       1.660050       1.660410       1.664310       1.667980       1.668290       1.669710       1.672120       1.675140       1.677910       1.680640       1.683330       1.685980       1.688600       1.691190       1.693740       1.696270       1.698780       1.701260       1.703720       1.706160       1.708590       1.711000       1.713400       1.715790    
   1.647560       1.649750       1.649850       1.649940       1.653470       1.660050       1.660230       1.664240       1.668140       1.668290       1.669000       1.671320       1.675140       1.676520       1.677900       1.680630       1.683320       1.685970       1.690420       1.692510       1.695100       1.697650       1.700190       1.702700       1.705190       1.707670       1.710130       1.712570       1.715000       1.717420    
   1.649750       1.649800       1.649850       1.653330       1.660050       1.660140       1.664210       1.668210       1.668290       1.668640       1.670940       1.675140       1.675830       1.676520       1.678350       1.680610       1.683300       1.689330       1.693160       1.693800       1.696410       1.698990       1.701560       1.704100       1.706620       1.709130       1.711620       1.714100       1.716560       1.719010    
   1.649770       1.649800       1.653260       1.660050       1.660100       1.664190       1.668250       1.668290       1.668470       1.670750       1.675140       1.675490       1.675830       1.676900       1.678490       1.680760       1.688110       1.693480       1.693800       1.695960       1.697680       1.700290       1.702890       1.705460       1.708010       1.710550       1.713070       1.715580       1.718070       1.720560    
   1.649770       1.653220       1.660050       1.660070       1.664180       1.668270       1.668290       1.668380       1.670660       1.675140       1.675310       1.675490       1.676070       1.677080       1.678720       1.687650       1.693640       1.693800       1.697330       1.698890       1.700480       1.701550       1.704170       1.706780       1.709360       1.711930       1.714480       1.717020       1.719550       1.722070    
   1.653200       1.660050       1.660060       1.664170       1.668280       1.668290       1.668330       1.670620       1.675140       1.675230       1.675310       1.675620       1.676210       1.682940       1.690040       1.697240       1.697250       1.698650       1.700270       1.700680       1.700100       1.702770       1.705420       1.708060       1.710670       1.713270       1.715850       1.718420       1.720980       1.723530    
   1.660050       1.660060       1.664170       1.668290       1.668290       1.668310       1.670600       1.675140       1.675180       1.675230       1.675390       1.675720       1.686930       1.699930       1.699900       1.699640       1.700830       1.700700       1.701150       1.701250       1.701260       1.703960       1.706640       1.709300       1.711940       1.714570       1.717190       1.719790       1.722380       1.724970    
   1.660050       1.664170       1.668290       1.668290       1.668300       1.670580       1.675140       1.675160       1.675180       1.675270       1.685170       1.699770       1.699900       1.699960       1.699960       1.699900       1.700580       1.700960       1.700700       1.701950       1.702380       1.705110       1.707820       1.710510       1.713180       1.715840       1.718490       1.721120       1.723750       1.726370    
   1.664170       1.668290       1.668290       1.668300       1.670580       1.675140       1.675150       1.675160       1.675200       1.687030       1.699770       1.699770       1.699770       1.699950       1.700020       1.700020       1.699900       1.700770       1.701220       1.700700       1.703480       1.706230       1.708960       1.711680       1.714390       1.717080       1.719760       1.722430       1.725080       1.727730    
   1.668290       1.668290       1.668290       1.670580       1.675140       1.675150       1.675150       1.681620       1.689710       1.699770       1.699770       1.699770       1.699770       1.699770       1.700040       1.700140       1.700140       1.699900       1.701270       1.701740       1.704540       1.707320       1.710080       1.712830       1.715560       1.718290       1.721000       1.723700       1.726390       1.729070    
   1.668290       1.668290       1.670570       1.675140       1.675140       1.684560       1.698670       1.699810       1.700950       1.700170       1.699780       1.699770       1.699770       1.699770       1.699770       1.700210       1.700380       1.700380       1.699900       1.702750       1.705570       1.708380       1.711170       1.713950       1.716710       1.719460       1.722210       1.724940       1.727660       1.730380    
   1.668290       1.670570       1.675140       1.675140       1.686440       1.698670       1.698670       1.698670       1.699810       1.700950       1.700180       1.699790       1.699770       1.699770       1.699770       1.699770       1.700570       1.700850       1.700860       1.703730       1.706580       1.709410       1.712230       1.715040       1.717830       1.720610       1.723390       1.726150       1.728910       1.731660    
