iMOD/TUTORIALS/TUT_MetaswapAnalyser/model_MetaSWAP/meteo/Evaporation/Evaporation_20050802_L1.ASC
NCOLS                30
NROWS                30
XLLCORNER     160000.00
YLLCORNER     340000.00
CELLSIZE        1000.00
NODATA_VALUE   -9999.00
   3.633730       3.628850       3.624030       3.619270       3.614560       3.609900       3.605290       3.600720       3.596190       3.591680       3.587210       3.582770       3.578340       3.573940       3.569550       3.565170       3.560810       3.556450       3.552100       3.547760       3.543420       3.539080       3.534740       3.530390       3.526050       3.521700       3.517350       3.513000       3.508640       3.504270    
   3.644860       3.640020       3.635250       3.630530       3.625860       3.621240       3.616670       3.612130       3.607640       3.603170       3.598730       3.594320       3.589920       3.585550       3.581180       3.576840       3.572500       3.568160       3.563840       3.559510       3.555190       3.550860       3.546540       3.542210       3.537870       3.533540       3.529190       3.524840       3.520480       3.516120    
   3.656070       3.651280       3.646550       3.641870       3.637250       3.632670       3.628130       3.623630       3.619170       3.614740       3.610330       3.605940       3.601580       3.597230       3.592900       3.588570       3.584260       3.579950       3.575640       3.571330       3.567030       3.562720       3.558400       3.554080       3.549760       3.545430       3.541090       3.536740       3.532390       3.528020    
   3.667360       3.662620       3.657930       3.653300       3.648710       3.644170       3.639670       3.635210       3.630780       3.626380       3.622000       3.617650       3.613310       3.608990       3.604680       3.600380       3.596090       3.591800       3.587510       3.583220       3.578930       3.574630       3.570330       3.566020       3.561710       3.557380       3.553050       3.548700       3.544350       3.539980    
   3.678740       3.674040       3.669390       3.664800       3.660250       3.655750       3.651290       3.646860       3.642460       3.638100       3.633750       3.629430       3.625120       3.620820       3.616540       3.612260       3.607990       3.603720       3.599450       3.595180       3.590900       3.586620       3.582320       3.578020       3.573710       3.569390       3.565060       3.560720       3.556360       3.551990    
   3.690180       3.685520       3.680920       3.676370       3.671870       3.667400       3.662980       3.658580       3.654220       3.649880       3.645570       3.641270       3.636990       3.632720       3.628460       3.624210       3.619960       3.615710       3.611450       3.607190       3.602930       3.598660       3.594370       3.590080       3.585780       3.581460       3.577130       3.572780       3.568420       3.564050    
   3.701690       3.697080       3.692520       3.688010       3.683550       3.679120       3.674730       3.670370       3.666040       3.661740       3.657450       3.653190       3.648930       3.644690       3.640450       3.636220       3.631990       3.627750       3.623510       3.619270       3.615020       3.610750       3.606480       3.602190       3.597890       3.593580       3.589250       3.584900       3.580530       3.576150    
   3.713270       3.708710       3.704190       3.699720       3.695290       3.690900       3.686550       3.682230       3.677930       3.673660       3.669400       3.665160       3.660930       3.656710       3.652500       3.648290       3.644070       3.639860       3.635630       3.631400       3.627160       3.622910       3.618640       3.614360       3.610060       3.605740       3.601410       3.597060       3.592690       3.588300    
   3.724910       3.720390       3.715910       3.711490       3.707100       3.702750       3.698430       3.694140       3.689880       3.685630       3.681410       3.677190       3.672990       3.668800       3.664600       3.660410       3.656220       3.652020       3.647810       3.643590       3.639360       3.635110       3.630850       3.626570       3.622270       3.617960       3.613620       3.609270       3.604890       3.600490    
   3.736610       3.732130       3.727700       3.723310       3.718960       3.714650       3.710360       3.706110       3.701880       3.697660       3.693470       3.689280       3.685110       3.680930       3.676760       3.672590       3.668410       3.664230       3.660030       3.655820       3.651600       3.647360       3.643110       3.638830       3.634530       3.630220       3.625880       3.621520       3.617130       3.612720    
   3.736630       3.732150       3.729580       3.735180       3.730870       3.726600       3.722350       3.718130       3.713930       3.709750       3.705580       3.701420       3.697270       3.693120       3.688970       3.684820       3.680660       3.676490       3.672300       3.668110       3.663890       3.659660       3.655410       3.651130       3.646840       3.642520       3.638170       3.633800       3.629410       3.624990    
   3.736640       3.733380       3.735180       3.740930       3.742840       3.738600       3.734390       3.730200       3.726030       3.721880       3.717740       3.713610       3.709480       3.705350       3.701230       3.697090       3.692950       3.688790       3.684620       3.680430       3.676230       3.672000       3.667750       3.663480       3.659180       3.654860       3.650500       3.646130       3.641720       3.637290    
   3.736600       3.735180       3.744950       3.748840       3.754840       3.750640       3.746470       3.742310       3.738180       3.734050       3.729940       3.725840       3.721740       3.717630       3.713520       3.709410       3.705280       3.701140       3.696980       3.692800       3.688600       3.684380       3.680130       3.675860       3.671560       3.667230       3.662870       3.658480       3.654070       3.649620    
   3.735180       3.746700       3.751840       3.754840       3.756070       3.762730       3.758590       3.754470       3.750360       3.746270       3.742190       3.738110       3.734030       3.729950       3.725860       3.721760       3.717650       3.713520       3.709380       3.705210       3.701010       3.696800       3.692550       3.688280       3.683970       3.679640       3.675270       3.670870       3.666440       3.661980    
   3.747520       3.753340       3.754840       3.757880       3.762730       3.764020       3.770740       3.766660       3.762580       3.758520       3.754470       3.750420       3.746360       3.742300       3.738240       3.734160       3.730060       3.725940       3.721810       3.717650       3.713460       3.709250       3.705000       3.700720       3.696420       3.692070       3.687700       3.683290       3.678840       3.674370    
   3.754090       3.754840       3.758480       3.762730       3.765830       3.770740       3.768700       3.766660       3.764640       3.770810       3.766780       3.762760       3.758730       3.754690       3.750640       3.746580       3.742500       3.738400       3.734270       3.730120       3.725940       3.721720       3.717480       3.713200       3.708890       3.704540       3.700150       3.695730       3.691270       3.686770    
   3.754840       3.758680       3.762730       3.766430       3.770740       3.769720       3.768700       3.767700       3.770810       3.768800       3.772600       3.775130       3.771120       3.767110       3.763080       3.759040       3.754970       3.750880       3.746760       3.742620       3.738440       3.734230       3.729990       3.725700       3.721380       3.717020       3.712630       3.708190       3.703720       3.699200    
   3.758750       3.762730       3.766630       3.770740       3.770230       3.769720       3.769230       3.770810       3.769800       3.776210       3.781320       3.787520       3.783540       3.779550       3.775540       3.771520       3.767460       3.763390       3.759280       3.755140       3.750970       3.746760       3.742510       3.738230       3.733900       3.729530       3.725120       3.720670       3.716180       3.711640    
   3.762730       3.766700       3.770740       3.770480       3.770230       3.770000       3.770810       3.770310       3.777750       3.784420       3.787520       3.785530       3.785660       3.792010       3.788030       3.784020       3.779980       3.775920       3.771820       3.767690       3.763520       3.759310       3.755060       3.750770       3.746440       3.742060       3.737630       3.733170       3.728660       3.724100    
   3.766720       3.770740       3.770610       3.770480       3.770380       3.770810       3.770560       3.778470       3.785970       3.787520       3.786530       3.787680       3.792010       3.790020       3.788020       3.784010       3.779970       3.775910       3.777700       3.780250       3.776090       3.771880       3.767630       3.763330       3.758990       3.754600       3.750160       3.745670       3.741140       3.736570    
   3.770740       3.770680       3.770610       3.770570       3.770810       3.770680       3.778820       3.786750       3.787520       3.787020       3.788430       3.792010       3.791020       3.790020       3.787350       3.784000       3.779960       3.782590       3.786540       3.792830       3.788670       3.784460       3.780200       3.775900       3.771550       3.767140       3.762690       3.758190       3.753640       3.749040    
   3.770710       3.770680       3.770670       3.770810       3.770750       3.778990       3.787130       3.787520       3.787270       3.788750       3.792010       3.791510       3.791010       3.789460       3.787120       3.783770       3.785810       3.789690       3.792830       3.794250       3.801260       3.797050       3.792790       3.788480       3.784120       3.779700       3.775230       3.770710       3.766140       3.761520    
   3.770710       3.770720       3.770810       3.770780       3.779080       3.787330       3.787520       3.787400       3.788890       3.792010       3.791760       3.791510       3.790660       3.789200       3.786780       3.795710       3.791260       3.792830       3.808420       3.813860       3.811330       3.809650       3.805380       3.801070       3.796690       3.792260       3.787780       3.783230       3.778640       3.773990    
   3.770740       3.770810       3.770790       3.779120       3.787420       3.787520       3.787460       3.788950       3.792010       3.791890       3.791760       3.791310       3.790460       3.816060       3.828220       3.830600       3.830610       3.829440       3.828550       3.832750       3.826450       3.822240       3.817980       3.813650       3.809270       3.804820       3.800320       3.795760       3.791140       3.786460    
   3.770810       3.770800       3.779140       3.787470       3.787520       3.787490       3.788990       3.792010       3.791950       3.791890       3.791650       3.791180       3.838830       3.897970       3.897580       3.869470       3.869950       3.868380       3.849000       3.839050       3.839050       3.834840       3.830570       3.826240       3.821840       3.817380       3.812860       3.808270       3.803630       3.798920    
   3.770810       3.779150       3.787500       3.787520       3.787500       3.789000       3.792010       3.791980       3.791950       3.791830       3.850560       3.939030       3.911980       3.898360       3.898360       3.897580       3.879730       3.871520       3.868380       3.855830       3.851650       3.847440       3.843160       3.838810       3.834400       3.829930       3.825380       3.820780       3.816100       3.811370    
   3.779160       3.787510       3.787520       3.787510       3.789010       3.792010       3.791990       3.791980       3.791920       3.862480       3.939030       3.939030       3.939030       3.912560       3.899140       3.899150       3.897580       3.881430       3.874670       3.868380       3.864230       3.860020       3.855740       3.851380       3.846960       3.842460       3.837900       3.833270       3.828570       3.823810    
   3.787510       3.787520       3.787520       3.789010       3.792010       3.792000       3.791990       3.845080       3.891800       3.939060       3.939030       3.939030       3.939030       3.939030       3.913690       3.900710       3.900710       3.897580       3.885110       3.880950       3.876810       3.872590       3.868300       3.863940       3.859500       3.854990       3.850400       3.845740       3.841020       3.836220    
   3.787520       3.787520       3.789010       3.792010       3.792010       3.883290       4.020210       4.012310       4.004420       3.960920       3.939130       3.939030       3.939030       3.939030       3.939030       3.915870       3.903840       3.903840       3.897580       3.893510       3.889360       3.885140       3.880850       3.876470       3.872020       3.867490       3.862880       3.858190       3.853440       3.848610    
   3.787520       3.789020       3.792010       3.792010       3.901560       4.020230       4.020230       4.020210       4.012320       4.004420       3.961090       3.939330       3.939030       3.939030       3.939030       3.939030       3.919920       3.910090       3.910100       3.906040       3.901900       3.897680       3.893370       3.888990       3.884520       3.879960       3.875330       3.870620       3.865830       3.860970    
