iMOD/TUTORIALS/TUT_MetaswapAnalyser/model_MetaSWAP/meteo/Evaporation/Evaporation_20050706_L1.ASC
NCOLS                30
NROWS                30
XLLCORNER     160000.00
YLLCORNER     340000.00
CELLSIZE        1000.00
NODATA_VALUE   -9999.00
   1.846640       1.844510       1.842350       1.840150       1.837910       1.835640       1.833340       1.831000       1.828640       1.826240       1.823820       1.821380       1.818910       1.816410       1.813900       1.811360       1.808810       1.806230       1.803640       1.801030       1.798400       1.795750       1.793090       1.790420       1.787730       1.785020       1.782310       1.779570       1.776830       1.774070    
   1.848560       1.846440       1.844280       1.842090       1.839860       1.837590       1.835300       1.832970       1.830610       1.828230       1.825820       1.823380       1.820910       1.818430       1.815920       1.813390       1.810840       1.808260       1.805670       1.803060       1.800440       1.797790       1.795130       1.792460       1.789760       1.787060       1.784330       1.781600       1.778850       1.776090    
   1.850500       1.848380       1.846220       1.844030       1.841810       1.839550       1.837260       1.834950       1.832600       1.830220       1.827810       1.825380       1.822930       1.820450       1.817940       1.815420       1.812870       1.810300       1.807710       1.805110       1.802480       1.799840       1.797180       1.794500       1.791800       1.789090       1.786370       1.783630       1.780870       1.778100    
   1.852460       1.850340       1.848180       1.845990       1.843770       1.841520       1.839240       1.836930       1.834590       1.832220       1.829820       1.827400       1.824950       1.822470       1.819970       1.817450       1.814910       1.812340       1.809760       1.807150       1.804530       1.801890       1.799220       1.796540       1.793850       1.791130       1.788400       1.785660       1.782900       1.780120    
   1.854420       1.852300       1.850150       1.847970       1.845750       1.843500       1.841230       1.838920       1.836590       1.834220       1.831830       1.829410       1.826970       1.824500       1.822010       1.819490       1.816950       1.814390       1.811810       1.809200       1.806580       1.803940       1.801270       1.798590       1.795890       1.793180       1.790440       1.787690       1.784930       1.782140    
   1.856410       1.854280       1.852130       1.849950       1.847740       1.845490       1.843220       1.840920       1.838590       1.836230       1.833850       1.831440       1.829000       1.826540       1.824050       1.821540       1.819000       1.816440       1.813860       1.811260       1.808640       1.805990       1.803330       1.800650       1.797940       1.795220       1.792490       1.789730       1.786960       1.784170    
   1.858400       1.856280       1.854120       1.851940       1.849730       1.847490       1.845230       1.842930       1.840610       1.838250       1.835870       1.833470       1.831030       1.828580       1.826090       1.823580       1.821050       1.818500       1.815920       1.813320       1.810690       1.808050       1.805390       1.802700       1.800000       1.797270       1.794530       1.791770       1.788990       1.786200    
   1.860410       1.858280       1.856130       1.853950       1.851740       1.849500       1.847240       1.844950       1.842630       1.840280       1.837910       1.835500       1.833080       1.830620       1.828140       1.825640       1.823110       1.820560       1.817980       1.815380       1.812760       1.810110       1.807450       1.804760       1.802050       1.799330       1.796580       1.793820       1.791030       1.788230    
   1.862430       1.860300       1.858140       1.855960       1.853760       1.851520       1.849260       1.846970       1.844660       1.842310       1.839940       1.837550       1.835120       1.832670       1.830200       1.827700       1.825170       1.822620       1.820040       1.817440       1.814820       1.812180       1.809510       1.806820       1.804110       1.801380       1.798630       1.795860       1.793070       1.790260    
   1.864460       1.862330       1.860170       1.857990       1.855780       1.853550       1.851290       1.849010       1.846700       1.844360       1.841990       1.839600       1.837180       1.834730       1.832260       1.829760       1.827230       1.824690       1.822110       1.819510       1.816890       1.814250       1.811580       1.808890       1.806170       1.803440       1.800680       1.797910       1.795110       1.792300    
   1.864450       1.862320       1.860130       1.860030       1.857820       1.855590       1.853330       1.851050       1.848740       1.846400       1.844040       1.841650       1.839230       1.836790       1.834320       1.831820       1.829300       1.826760       1.824180       1.821590       1.818960       1.816320       1.813650       1.810950       1.808240       1.805500       1.802740       1.799960       1.797160       1.794340    
   1.864450       1.861730       1.860030       1.859910       1.859870       1.857640       1.855380       1.853100       1.850790       1.848460       1.846100       1.843710       1.841300       1.838860       1.836390       1.833900       1.831380       1.828830       1.826260       1.823660       1.821040       1.818390       1.815720       1.813020       1.810300       1.807560       1.804800       1.802010       1.799200       1.796370    
   1.863190       1.860030       1.860690       1.860890       1.861920       1.859690       1.857440       1.855160       1.852850       1.850520       1.848160       1.845780       1.843370       1.840930       1.838460       1.835970       1.833450       1.830910       1.828340       1.825740       1.823120       1.820470       1.817790       1.815090       1.812370       1.809620       1.806850       1.804060       1.801250       1.798410    
   1.860030       1.861010       1.861410       1.861920       1.861120       1.861750       1.859500       1.857220       1.854920       1.852590       1.850230       1.847850       1.845440       1.843000       1.840540       1.838050       1.835530       1.832990       1.830420       1.827820       1.825190       1.822540       1.819870       1.817170       1.814440       1.811690       1.808910       1.806110       1.803290       1.800450    
   1.861160       1.861660       1.861920       1.861600       1.861750       1.860940       1.861570       1.859290       1.856990       1.854660       1.852300       1.849920       1.847520       1.845080       1.842620       1.840130       1.837620       1.835070       1.832500       1.829900       1.827280       1.824620       1.821940       1.819240       1.816510       1.813750       1.810970       1.808160       1.805330       1.802480    
   1.861790       1.861920       1.861760       1.861750       1.861420       1.861570       1.860430       1.859280       1.856920       1.856730       1.854380       1.852000       1.849600       1.847160       1.844700       1.842220       1.839700       1.837160       1.834580       1.831990       1.829360       1.826700       1.824020       1.821310       1.818580       1.815810       1.813030       1.810210       1.807380       1.804520    
   1.861920       1.861810       1.861750       1.861580       1.861570       1.861000       1.860430       1.858340       1.856730       1.855560       1.854670       1.854090       1.851680       1.849250       1.846790       1.844300       1.841790       1.839240       1.836670       1.834070       1.831440       1.828780       1.826100       1.823380       1.820640       1.817880       1.815080       1.812260       1.809420       1.806550    
   1.861830       1.861750       1.861630       1.861570       1.861280       1.861000       1.859120       1.856730       1.856140       1.855650       1.855130       1.856170       1.853770       1.851340       1.848880       1.846390       1.843880       1.841330       1.838760       1.836160       1.833520       1.830860       1.828180       1.825460       1.822710       1.819940       1.817140       1.814310       1.811460       1.808580    
   1.861750       1.861650       1.861570       1.861430       1.861280       1.859530       1.856730       1.856440       1.856070       1.855650       1.856170       1.854970       1.853680       1.853430       1.850970       1.848480       1.845970       1.843420       1.840850       1.838240       1.835610       1.832940       1.830250       1.827530       1.824780       1.822000       1.819190       1.816360       1.813500       1.810610    
   1.861660       1.861570       1.861500       1.861430       1.859740       1.856730       1.856580       1.856260       1.855910       1.856170       1.855570       1.854560       1.853430       1.852200       1.850960       1.848470       1.845960       1.843410       1.841050       1.840330       1.837690       1.835020       1.832330       1.829600       1.826840       1.824060       1.821240       1.818400       1.815530       1.812640    
   1.861570       1.861530       1.861500       1.859850       1.856730       1.856660       1.856360       1.856040       1.856170       1.855870       1.854930       1.853430       1.852820       1.852200       1.850540       1.848460       1.845950       1.842840       1.841370       1.842410       1.839770       1.837100       1.834400       1.831670       1.828900       1.826110       1.823290       1.820440       1.817560       1.814660    
   1.861550       1.861530       1.859900       1.856730       1.856690       1.856400       1.856110       1.856170       1.856020       1.855100       1.853430       1.853120       1.852810       1.851850       1.850400       1.848320       1.844310       1.841890       1.842410       1.841340       1.841850       1.839180       1.836470       1.833730       1.830960       1.828160       1.825330       1.822470       1.819590       1.816670    
   1.861550       1.859930       1.856730       1.856710       1.856430       1.856140       1.856170       1.856100       1.855180       1.853430       1.853280       1.853120       1.852600       1.851690       1.850190       1.846760       1.842150       1.842410       1.843680       1.843920       1.842320       1.841250       1.838540       1.835790       1.833020       1.830210       1.827370       1.824500       1.821610       1.818680    
   1.859940       1.856730       1.856720       1.856440       1.856150       1.856170       1.856130       1.855220       1.853430       1.853350       1.853280       1.853000       1.852470       1.854020       1.852420       1.848630       1.848630       1.847520       1.846340       1.847030       1.846000       1.843320       1.840600       1.837850       1.835070       1.832250       1.829410       1.826530       1.823620       1.820680    
   1.856730       1.856730       1.856440       1.856160       1.856170       1.856150       1.855240       1.853430       1.853390       1.853350       1.853210       1.852910       1.856570       1.861650       1.861590       1.855670       1.855120       1.854860       1.850320       1.848070       1.848070       1.845380       1.842660       1.839900       1.837110       1.834290       1.831430       1.828550       1.825630       1.822680    
   1.856730       1.856450       1.856170       1.856170       1.856160       1.855250       1.853430       1.853410       1.853390       1.853320       1.860010       1.870290       1.864580       1.861720       1.861720       1.861590       1.857360       1.855370       1.854860       1.851320       1.850140       1.847440       1.844710       1.841950       1.839150       1.836320       1.833460       1.830560       1.827630       1.824670    
   1.856450       1.856170       1.856170       1.856170       1.855250       1.853430       1.853420       1.853410       1.853370       1.861460       1.870290       1.870290       1.870290       1.864680       1.861850       1.861850       1.861590       1.857600       1.855890       1.854860       1.852190       1.849500       1.846760       1.843990       1.841180       1.838340       1.835470       1.832560       1.829620       1.826650    
   1.856170       1.856170       1.856170       1.855250       1.853430       1.853430       1.853420       1.860740       1.865960       1.870300       1.870290       1.870290       1.870290       1.870290       1.864860       1.862100       1.862100       1.861590       1.858080       1.856910       1.854240       1.851540       1.848800       1.846020       1.843210       1.840360       1.837470       1.834550       1.831600       1.828610    
   1.856170       1.856170       1.855260       1.853430       1.853430       1.866940       1.887210       1.884980       1.882760       1.874460       1.870310       1.870290       1.870290       1.870290       1.870290       1.865210       1.862610       1.862610       1.861590       1.858960       1.856290       1.853580       1.850830       1.848050       1.845220       1.842360       1.839470       1.836530       1.833570       1.830570    
   1.856170       1.855260       1.853430       1.853430       1.869650       1.887210       1.887210       1.887210       1.884980       1.882760       1.874490       1.870340       1.870290       1.870290       1.870290       1.870290       1.865840       1.863630       1.863630       1.861000       1.858320       1.855610       1.852850       1.850060       1.847230       1.844360       1.841450       1.838500       1.835530       1.832510    
