iMOD/TUTORIALS/TUT_MetaswapAnalyser/model_MetaSWAP/meteo/Evaporation/Evaporation_20050728_L1.ASC
NCOLS                30
NROWS                30
XLLCORNER     160000.00
YLLCORNER     340000.00
CELLSIZE        1000.00
NODATA_VALUE   -9999.00
   3.815750       3.820470       3.825180       3.829880       3.834560       3.839230       3.843880       3.848520       3.853150       3.857760       3.862360       3.866940       3.871510       3.876070       3.880610       3.885140       3.889650       3.894150       3.898640       3.903110       3.907570       3.912010       3.916440       3.920850       3.925250       3.929630       3.934000       3.938360       3.942700       3.947030    
   3.819200       3.823910       3.828600       3.833280       3.837940       3.842590       3.847230       3.851850       3.856460       3.861060       3.865640       3.870210       3.874760       3.879310       3.883840       3.888350       3.892850       3.897340       3.901810       3.906280       3.910720       3.915160       3.919580       3.923980       3.928370       3.932750       3.937120       3.941470       3.945810       3.950130    
   3.822630       3.827320       3.831990       3.836650       3.841300       3.845930       3.850550       3.855160       3.859750       3.864330       3.868900       3.873450       3.878000       3.882520       3.887040       3.891540       3.896030       3.900510       3.904970       3.909420       3.913860       3.918290       3.922700       3.927100       3.931480       3.935860       3.940210       3.944560       3.948890       3.953210    
   3.826050       3.830710       3.835370       3.840010       3.844640       3.849250       3.853860       3.858450       3.863020       3.867590       3.872140       3.876680       3.881210       3.885720       3.890220       3.894710       3.899190       3.903660       3.908110       3.912550       3.916980       3.921400       3.925800       3.930190       3.934570       3.938940       3.943300       3.947640       3.951970       3.956280    
   3.829440       3.834090       3.838720       3.843340       3.847960       3.852550       3.857140       3.861710       3.866280       3.870820       3.875360       3.879890       3.884400       3.888900       3.893390       3.897870       3.902340       3.906790       3.911230       3.915670       3.920090       3.924490       3.928890       3.933280       3.937650       3.942010       3.946360       3.950700       3.955020       3.959340    
   3.832810       3.837440       3.842060       3.846660       3.851260       3.855840       3.860410       3.864960       3.869510       3.874040       3.878570       3.883080       3.887580       3.892070       3.896540       3.901010       3.905460       3.909910       3.914340       3.918760       3.923180       3.927580       3.931960       3.936340       3.940710       3.945070       3.949410       3.953750       3.958070       3.962380    
   3.836170       3.840780       3.845380       3.849960       3.854540       3.859100       3.863660       3.868200       3.872730       3.877250       3.881750       3.886250       3.890740       3.895210       3.899680       3.904130       3.908580       3.913010       3.917430       3.921850       3.926250       3.930640       3.935020       3.939400       3.943760       3.948110       3.952450       3.956780       3.961100       3.965410    
   3.839510       3.844100       3.848680       3.853250       3.857810       3.862350       3.866890       3.871420       3.875930       3.880430       3.884930       3.889410       3.893880       3.898340       3.902800       3.907240       3.911670       3.916100       3.920510       3.924910       3.929310       3.933690       3.938070       3.942430       3.946790       3.951140       3.955470       3.959800       3.964120       3.968420    
   3.842830       3.847400       3.851970       3.856520       3.861060       3.865590       3.870110       3.874620       3.879120       3.883610       3.888080       3.892550       3.897010       3.901460       3.905900       3.910330       3.914760       3.919170       3.923570       3.927970       3.932350       3.936730       3.941100       3.945460       3.949810       3.954150       3.958480       3.962810       3.967120       3.971420    
   3.846140       3.850690       3.855240       3.859770       3.864300       3.868810       3.873310       3.877810       3.882290       3.886760       3.891230       3.895680       3.900130       3.904570       3.908990       3.913410       3.917820       3.922230       3.926620       3.931010       3.935390       3.939760       3.944120       3.948470       3.952820       3.957150       3.961480       3.965800       3.970110       3.974420    
   3.846130       3.850690       3.857180       3.863010       3.867520       3.872020       3.876500       3.880980       3.885450       3.889910       3.894360       3.898800       3.903230       3.907660       3.912070       3.916480       3.920880       3.925270       3.929660       3.934040       3.938410       3.942770       3.947120       3.951470       3.955810       3.960140       3.964470       3.968790       3.973090       3.977400    
   3.846130       3.854250       3.863010       3.868800       3.870730       3.875210       3.879680       3.884140       3.888600       3.893040       3.897480       3.901900       3.906320       3.910740       3.915140       3.919540       3.923930       3.928310       3.932680       3.937050       3.941420       3.945770       3.950120       3.954460       3.958800       3.963120       3.967450       3.971760       3.976070       3.980370    
   3.851240       3.863010       3.869520       3.872330       3.873930       3.878400       3.882850       3.887300       3.891730       3.896160       3.900580       3.905000       3.909400       3.913800       3.918200       3.922580       3.926960       3.931330       3.935700       3.940060       3.944410       3.948760       3.953110       3.957440       3.961770       3.966100       3.970410       3.974720       3.979030       3.983330    
   3.863010       3.869900       3.873130       3.873930       3.877970       3.881570       3.886010       3.890440       3.894860       3.899270       3.903680       3.908080       3.912470       3.916860       3.921240       3.925620       3.929980       3.934350       3.938700       3.943060       3.947400       3.951740       3.956080       3.960410       3.964740       3.969060       3.973370       3.977680       3.981980       3.986280    
   3.870090       3.873530       3.873930       3.877820       3.881570       3.885580       3.889150       3.893570       3.897970       3.902370       3.906770       3.911150       3.915530       3.919910       3.924280       3.928640       3.933000       3.937350       3.941700       3.946040       3.950380       3.954720       3.959050       3.963370       3.967690       3.972010       3.976320       3.980630       3.984930       3.989220    
   3.873730       3.873930       3.877770       3.881570       3.885430       3.889150       3.891360       3.893560       3.899840       3.905470       3.909850       3.914220       3.918590       3.922950       3.927310       3.931660       3.936000       3.940350       3.944690       3.949020       3.953350       3.957680       3.962010       3.966330       3.970640       3.974950       3.979260       3.983570       3.987870       3.992160    
   3.873930       3.877760       3.881570       3.885380       3.889150       3.890250       3.891360       3.897560       3.905470       3.907660       3.913430       3.917280       3.921630       3.925980       3.930320       3.934670       3.939000       3.943340       3.947670       3.951990       3.956320       3.960640       3.964960       3.969270       3.973580       3.977890       3.982200       3.986500       3.990800       3.995090    
   3.877750       3.881570       3.885370       3.889150       3.889700       3.890250       3.896160       3.905470       3.906560       3.913140       3.918810       3.920330       3.924670       3.929000       3.933340       3.937670       3.941990       3.946320       3.950640       3.954960       3.959280       3.963590       3.967900       3.972210       3.976520       3.980820       3.985130       3.989430       3.993720       3.998020    
   3.881570       3.885360       3.889150       3.889430       3.889700       3.895400       3.905470       3.906020       3.913010       3.919570       3.920330       3.922500       3.926510       3.932020       3.936340       3.940660       3.944980       3.949290       3.953610       3.957920       3.962230       3.966530       3.970840       3.975150       3.979450       3.983750       3.988050       3.992350       3.996640       4.000940    
   3.885360       3.889150       3.889290       3.889430       3.895000       3.905470       3.905740       3.912960       3.919950       3.920330       3.921420       3.925340       3.932020       3.934180       3.936340       3.940660       3.944980       3.949290       3.957100       3.960870       3.965170       3.969470       3.973770       3.978080       3.982370       3.986670       3.990970       3.995270       3.999560       4.003850    
   3.889150       3.889220       3.889290       3.894800       3.905470       3.905610       3.912930       3.920140       3.920330       3.920870       3.924780       3.932020       3.933100       3.934180       3.937060       3.940660       3.944980       3.955510       3.962350       3.963820       3.968110       3.972410       3.976700       3.981000       3.985300       3.989590       3.993890       3.998180       4.002470       4.006770    
   3.889180       3.889220       3.894690       3.905470       3.905540       3.912910       3.920230       3.920330       3.920600       3.924500       3.932020       3.932560       3.933100       3.934780       3.937300       3.940900       3.953610       3.963080       3.963820       3.967660       3.971050       3.975340       3.979630       3.983920       3.988210       3.992510       3.996800       4.001090       4.005380       4.009680    
   3.889180       3.894640       3.905470       3.905500       3.912910       3.920280       3.920330       3.920470       3.924360       3.932020       3.932290       3.932560       3.933480       3.935060       3.937660       3.953580       3.963450       3.963820       3.970960       3.973980       3.976560       3.978270       3.982550       3.986840       3.991130       3.995420       3.999710       4.004000       4.008290       4.012590    
   3.894620       3.905470       3.905490       3.912900       3.920310       3.920330       3.920400       3.924290       3.932020       3.932160       3.932290       3.932780       3.933700       3.947330       3.960350       3.972640       3.972650       3.974840       3.977410       3.978380       3.976920       3.981200       3.985480       3.989760       3.994040       3.998330       4.002620       4.006910       4.011200       4.015490    
   3.905470       3.905480       3.912900       3.920320       3.920330       3.920360       3.924260       3.932020       3.932090       3.932160       3.932410       3.932920       3.956060       3.983210       3.983120       3.980010       3.981840       3.981470       3.980540       3.979850       3.979850       3.984120       3.988400       3.992670       3.996960       4.001240       4.005530       4.009820       4.014110       4.018400    
   3.905470       3.912900       3.920320       3.920330       3.920350       3.924240       3.932020       3.932050       3.932090       3.932220       3.954620       3.987810       3.984820       3.983300       3.983300       3.983120       3.982420       3.982210       3.981470       3.982460       3.982780       3.987050       3.991320       3.995590       3.999870       4.004150       4.008440       4.012730       4.017020       4.021310    
   3.912900       3.920330       3.920330       3.920340       3.924240       3.932020       3.932040       3.932050       3.932120       3.958910       3.987810       3.987810       3.987810       3.984960       3.983490       3.983490       3.983120       3.982900       3.982940       3.981470       3.985720       3.989980       3.994240       3.998510       4.002780       4.007060       4.011350       4.015640       4.019930       4.024220    
   3.920330       3.920330       3.920330       3.924230       3.932020       3.932030       3.932040       3.948730       3.966840       3.987820       3.987810       3.987810       3.987810       3.987810       3.985230       3.983860       3.983860       3.983120       3.984090       3.984410       3.988650       3.992900       3.997160       4.001430       4.005700       4.009980       4.014260       4.018550       4.022840       4.027140    
   3.920330       3.920330       3.924230       3.932020       3.932020       3.958280       3.997650       3.998180       3.998700       3.991460       3.987830       3.987810       3.987810       3.987810       3.987810       3.985770       3.984600       3.984600       3.983120       3.987350       3.991590       3.995840       4.000090       4.004350       4.008620       4.012900       4.017180       4.021470       4.025760       4.030060    
   3.920330       3.924230       3.932020       3.932020       3.963530       3.997660       3.997660       3.997650       3.998180       3.998700       3.991500       3.987880       3.987810       3.987810       3.987810       3.987810       3.986810       3.986080       3.986080       3.990300       3.994530       3.998770       4.003020       4.007280       4.011540       4.015820       4.020100       4.024390       4.028680       4.032980    
