iMOD/TUTORIALS/TUT_MetaswapAnalyser/model_MetaSWAP/meteo/Evaporation/Evaporation_20060112_L1.ASC
NCOLS                30
NROWS                30
XLLCORNER     160000.00
YLLCORNER     340000.00
CELLSIZE        1000.00
NODATA_VALUE   -9999.00
  0.1502400      0.1510200      0.1518200      0.1526300      0.1534600      0.1542900      0.1551400      0.1560000      0.1568800      0.1577600      0.1586600      0.1595700      0.1604900      0.1614200      0.1623700      0.1633200      0.1642800      0.1652600      0.1662500      0.1672400      0.1682500      0.1692600      0.1702900      0.1713200      0.1723700      0.1734200      0.1744800      0.1755500      0.1766300      0.1777100    
  0.1508100      0.1515900      0.1523800      0.1531800      0.1540000      0.1548300      0.1556800      0.1565300      0.1574000      0.1582800      0.1591700      0.1600700      0.1609900      0.1619100      0.1628500      0.1638000      0.1647600      0.1657300      0.1667100      0.1677000      0.1687000      0.1697100      0.1707300      0.1717600      0.1727900      0.1738400      0.1749000      0.1759600      0.1770300      0.1781100    
  0.1513900      0.1521600      0.1529400      0.1537400      0.1545500      0.1553800      0.1562100      0.1570600      0.1579200      0.1588000      0.1596800      0.1605800      0.1614900      0.1624100      0.1633400      0.1642800      0.1652400      0.1662000      0.1671800      0.1681600      0.1691500      0.1701600      0.1711700      0.1721900      0.1732300      0.1742700      0.1753200      0.1763800      0.1774400      0.1785200    
  0.1519700      0.1527300      0.1535100      0.1543000      0.1551100      0.1559300      0.1567600      0.1576000      0.1584500      0.1593200      0.1602000      0.1610900      0.1620000      0.1629100      0.1638400      0.1647700      0.1657200      0.1666800      0.1676500      0.1686200      0.1696100      0.1706100      0.1716200      0.1726300      0.1736600      0.1747000      0.1757400      0.1767900      0.1778500      0.1789200    
  0.1525500      0.1533100      0.1540800      0.1548700      0.1556700      0.1564800      0.1573000      0.1581400      0.1589900      0.1598500      0.1607200      0.1616100      0.1625100      0.1634100      0.1643300      0.1652600      0.1662100      0.1671600      0.1681200      0.1690900      0.1700700      0.1710700      0.1720700      0.1730800      0.1741000      0.1751300      0.1761700      0.1772100      0.1782700      0.1793300    
  0.1531400      0.1538900      0.1546600      0.1554300      0.1562300      0.1570300      0.1578500      0.1586800      0.1595300      0.1603800      0.1612500      0.1621300      0.1630200      0.1639200      0.1648300      0.1657600      0.1666900      0.1676400      0.1686000      0.1695600      0.1705400      0.1715300      0.1725200      0.1735300      0.1745400      0.1755700      0.1766000      0.1776400      0.1786900      0.1797500    
  0.1537300      0.1544700      0.1552300      0.1560100      0.1567900      0.1575900      0.1584100      0.1592300      0.1600700      0.1609200      0.1617800      0.1626500      0.1635400      0.1644300      0.1653400      0.1662600      0.1671900      0.1681300      0.1690800      0.1700400      0.1710100      0.1719900      0.1729800      0.1739800      0.1749900      0.1760100      0.1770300      0.1780700      0.1791100      0.1801600    
  0.1543200      0.1550600      0.1558200      0.1565800      0.1573600      0.1581600      0.1589600      0.1597800      0.1606100      0.1614600      0.1623100      0.1631800      0.1640600      0.1649500      0.1658500      0.1667600      0.1676800      0.1686200      0.1695600      0.1705200      0.1714800      0.1724600      0.1734400      0.1744300      0.1754400      0.1764500      0.1774700      0.1785000      0.1795400      0.1805800    
  0.1549200      0.1556500      0.1564000      0.1571600      0.1579400      0.1587200      0.1595200      0.1603400      0.1611600      0.1620000      0.1628500      0.1637100      0.1645800      0.1654600      0.1663600      0.1672700      0.1681800      0.1691100      0.1700500      0.1710000      0.1719600      0.1729300      0.1739000      0.1748900      0.1758900      0.1769000      0.1779100      0.1789300      0.1799700      0.1810100    
  0.1555200      0.1562500      0.1569900      0.1577400      0.1585100      0.1592900      0.1600900      0.1608900      0.1617100      0.1625400      0.1633900      0.1642400      0.1651100      0.1659900      0.1668800      0.1677800      0.1686900      0.1696100      0.1705400      0.1714800      0.1724400      0.1734000      0.1743700      0.1753500      0.1763500      0.1773500      0.1783500      0.1793700      0.1804000      0.1814300    
  0.1555230      0.1562530      0.1573280      0.1583300      0.1590900      0.1598700      0.1606600      0.1614600      0.1622700      0.1630900      0.1639300      0.1647800      0.1656400      0.1665100      0.1673900      0.1682900      0.1691900      0.1701100      0.1710400      0.1719700      0.1729200      0.1738800      0.1748400      0.1758200      0.1768000      0.1778000      0.1788000      0.1798100      0.1808400      0.1818600    
  0.1555280      0.1568590      0.1583300      0.1593400      0.1596800      0.1604500      0.1612300      0.1620200      0.1628300      0.1636500      0.1644800      0.1653200      0.1661700      0.1670400      0.1679200      0.1688000      0.1697000      0.1706100      0.1715300      0.1724600      0.1734100      0.1743600      0.1753200      0.1762900      0.1772700      0.1782600      0.1792500      0.1802600      0.1812800      0.1823000    
  0.1563820      0.1583300      0.1594750      0.1599700      0.1602600      0.1610300      0.1618000      0.1625900      0.1633900      0.1642000      0.1650300      0.1658600      0.1667100      0.1675700      0.1684400      0.1693200      0.1702200      0.1711200      0.1720400      0.1729600      0.1738900      0.1748400      0.1757900      0.1767600      0.1777300      0.1787200      0.1797100      0.1807100      0.1817200      0.1827400    
  0.1583300      0.1595450      0.1601150      0.1602600      0.1609670      0.1616100      0.1623800      0.1631600      0.1639500      0.1647600      0.1655800      0.1664100      0.1672500      0.1681100      0.1689700      0.1698500      0.1707300      0.1716300      0.1725400      0.1734600      0.1743900      0.1753300      0.1762800      0.1772300      0.1782000      0.1791800      0.1801700      0.1811600      0.1821600      0.1831800    
  0.1595810      0.1601880      0.1602600      0.1609460      0.1616100      0.1623170      0.1629600      0.1637300      0.1645200      0.1653200      0.1661400      0.1669600      0.1678000      0.1686400      0.1695000      0.1703700      0.1712500      0.1721500      0.1730500      0.1739600      0.1748800      0.1758200      0.1767600      0.1777100      0.1786700      0.1796500      0.1806300      0.1816200      0.1826100      0.1836200    
  0.1602240      0.1602600      0.1609390      0.1616100      0.1622960      0.1629600      0.1633450      0.1637370      0.1648650      0.1658900      0.1667000      0.1675100      0.1683400      0.1691800      0.1700400      0.1709000      0.1717800      0.1726600      0.1735600      0.1744700      0.1753800      0.1763100      0.1772500      0.1781900      0.1791500      0.1801200      0.1810900      0.1820700      0.1830700      0.1840700    
  0.1602600      0.1609360      0.1616100      0.1622890      0.1629600      0.1631520      0.1633470      0.1644590      0.1658900      0.1662950      0.1673600      0.1680700      0.1688900      0.1697300      0.1705800      0.1714300      0.1723000      0.1731800      0.1740700      0.1749700      0.1758800      0.1768100      0.1777400      0.1786800      0.1796300      0.1805900      0.1815600      0.1825400      0.1835200      0.1845200    
  0.1609350      0.1616100      0.1622860      0.1629600      0.1630560      0.1631530      0.1642120      0.1658900      0.1660920      0.1673050      0.1683500      0.1686300      0.1694500      0.1702800      0.1711200      0.1719700      0.1728300      0.1737100      0.1745900      0.1754800      0.1763900      0.1773100      0.1782300      0.1791700      0.1801100      0.1810700      0.1820300      0.1830000      0.1839800      0.1849700    
  0.1616100      0.1622850      0.1629600      0.1630080      0.1630560      0.1640780      0.1658900      0.1659910      0.1672810      0.1684900      0.1686300      0.1690400      0.1697970      0.1708300      0.1716600      0.1725100      0.1733600      0.1742300      0.1751100      0.1760000      0.1769000      0.1778100      0.1787300      0.1796600      0.1806000      0.1815500      0.1825000      0.1834700      0.1844500      0.1854300    
  0.1622850      0.1629600      0.1629840      0.1630080      0.1640080      0.1658900      0.1659410      0.1672710      0.1685600      0.1686300      0.1688350      0.1695740      0.1708300      0.1712450      0.1716670      0.1725100      0.1733670      0.1742330      0.1757800      0.1765200      0.1774100      0.1783100      0.1792300      0.1801500      0.1810900      0.1820300      0.1829800      0.1839400      0.1849100      0.1858900    
  0.1629600      0.1629720      0.1629840      0.1639730      0.1658900      0.1659150      0.1672650      0.1685950      0.1686300      0.1687320      0.1694670      0.1708300      0.1710370      0.1712470      0.1718070      0.1725140      0.1733700      0.1754400      0.1767800      0.1770400      0.1779300      0.1788200      0.1797300      0.1806500      0.1815800      0.1825100      0.1834600      0.1844200      0.1853800      0.1863500    
  0.1629660      0.1629720      0.1639550      0.1658900      0.1659030      0.1672630      0.1686130      0.1686300      0.1686810      0.1694150      0.1708300      0.1709340      0.1710380      0.1713640      0.1718560      0.1725640      0.1750550      0.1769100      0.1770400      0.1778030      0.1784400      0.1793400      0.1802400      0.1811500      0.1820700      0.1830000      0.1839400      0.1848900      0.1858500      0.1868200    
  0.1629660      0.1639460      0.1658900      0.1658960      0.1672610      0.1686210      0.1686300      0.1686560      0.1693890      0.1708300      0.1708820      0.1709340      0.1711120      0.1714200      0.1719280      0.1750160      0.1769750      0.1770400      0.1783900      0.1789650      0.1794980      0.1798500      0.1807500      0.1816500      0.1825700      0.1834900      0.1844300      0.1853700      0.1863300      0.1872900    
  0.1639410      0.1658900      0.1658930      0.1672610      0.1686260      0.1686300      0.1686430      0.1693760      0.1708300      0.1708560      0.1708820      0.1709760      0.1711550      0.1737350      0.1762370      0.1786310      0.1786300      0.1790670      0.1795760      0.1797500      0.1794900      0.1803700      0.1812600      0.1821600      0.1830700      0.1839900      0.1849200      0.1858600      0.1868100      0.1877600    
  0.1658900      0.1658920      0.1672600      0.1686280      0.1686300      0.1686360      0.1693700      0.1708300      0.1708430      0.1708560      0.1709050      0.1710040      0.1753760      0.1804970      0.1804800      0.1799450      0.1802870      0.1802200      0.1801110      0.1800130      0.1800100      0.1808900      0.1817700      0.1826700      0.1835700      0.1844900      0.1854100      0.1863500      0.1872900      0.1882400    
  0.1658910      0.1672600      0.1686290      0.1686300      0.1686330      0.1693670      0.1708300      0.1708360      0.1708430      0.1708680      0.1750890      0.1813400      0.1807920      0.1805140      0.1805140      0.1804800      0.1803810      0.1803550      0.1802200      0.1804620      0.1805400      0.1814100      0.1822900      0.1831800      0.1840800      0.1849900      0.1859100      0.1868400      0.1877700      0.1887200    
  0.1672600      0.1686290      0.1686300      0.1686320      0.1693650      0.1708300      0.1708330      0.1708360      0.1708490      0.1758960      0.1813400      0.1813400      0.1813400      0.1808180      0.1805490      0.1805490      0.1804800      0.1804710      0.1804900      0.1802200      0.1810800      0.1819400      0.1828100      0.1837000      0.1845900      0.1854900      0.1864100      0.1873300      0.1882600      0.1892000    
  0.1686300      0.1686300      0.1686310      0.1693640      0.1708300      0.1708320      0.1708330      0.1739900      0.1774010      0.1813420      0.1813400      0.1813400      0.1813400      0.1813400      0.1808690      0.1806180      0.1806180      0.1804800      0.1806920      0.1807600      0.1816100      0.1824700      0.1833400      0.1842200      0.1851000      0.1860000      0.1869100      0.1878300      0.1887500      0.1896900    
  0.1686300      0.1686300      0.1693640      0.1708300      0.1708310      0.1758110      0.1832800      0.1833600      0.1834400      0.1820440      0.1813450      0.1813400      0.1813400      0.1813400      0.1813400      0.1809690      0.1807560      0.1807550      0.1804800      0.1813100      0.1821500      0.1830000      0.1838600      0.1847400      0.1856200      0.1865100      0.1874100      0.1883300      0.1892500      0.1901700    
  0.1686300      0.1693640      0.1708300      0.1708300      0.1768070      0.1832810      0.1832810      0.1832800      0.1833600      0.1834400      0.1820520      0.1813540      0.1813400      0.1813400      0.1813400      0.1813400      0.1811630      0.1810330      0.1810300      0.1818600      0.1826900      0.1835400      0.1843900      0.1852600      0.1861400      0.1870300      0.1879200      0.1888300      0.1897400      0.1906700    
