iMOD/TUTORIALS/TUT_MetaswapAnalyser/model_MetaSWAP/meteo/Evaporation/Evaporation_20050906_L1.ASC
NCOLS                30
NROWS                30
XLLCORNER     160000.00
YLLCORNER     340000.00
CELLSIZE        1000.00
NODATA_VALUE   -9999.00
   2.467620       2.471770       2.475970       2.480220       2.484510       2.488860       2.493270       2.497730       2.502240       2.506810       2.511450       2.516140       2.520890       2.525710       2.530580       2.535520       2.540520       2.545580       2.550710       2.555890       2.561130       2.566440       2.571800       2.577220       2.582700       2.588230       2.593810       2.599440       2.605130       2.610860    
   2.471380       2.475560       2.479790       2.484060       2.488390       2.492770       2.497190       2.501680       2.506210       2.510810       2.515460       2.520160       2.524930       2.529750       2.534630       2.539580       2.544580       2.549640       2.554760       2.559930       2.565170       2.570460       2.575810       2.581210       2.586670       2.592180       2.597730       2.603340       2.609000       2.614700    
   2.475180       2.479400       2.483650       2.487960       2.492310       2.496710       2.501170       2.505670       2.510230       2.514840       2.519510       2.524230       2.529000       2.533840       2.538730       2.543670       2.548680       2.553740       2.558850       2.564020       2.569250       2.574530       2.579860       2.585250       2.590680       2.596170       2.601700       2.607290       2.612910       2.618590    
   2.479030       2.483280       2.487560       2.491900       2.496280       2.500700       2.505180       2.509710       2.514280       2.518910       2.523600       2.528330       2.533120       2.537960       2.542860       2.547810       2.552820       2.557880       2.562990       2.568150       2.573370       2.578640       2.583960       2.589330       2.594740       2.600210       2.605720       2.611270       2.616870       2.622520    
   2.482920       2.487200       2.491510       2.495870       2.500280       2.504730       2.509230       2.513780       2.518380       2.523030       2.527730       2.532480       2.537280       2.542130       2.547030       2.551990       2.557000       2.562050       2.567160       2.572320       2.577530       2.582790       2.588090       2.593440       2.598840       2.604290       2.609770       2.615300       2.620880       2.626490    
   2.486850       2.491150       2.495500       2.499890       2.504320       2.508800       2.513320       2.517900       2.522510       2.527180       2.531890       2.536660       2.541470       2.546330       2.551240       2.556200       2.561210       2.566270       2.571370       2.576530       2.581730       2.586970       2.592260       2.597600       2.602980       2.608400       2.613870       2.619370       2.624920       2.630500    
   2.490820       2.495150       2.499520       2.503940       2.508400       2.512900       2.517450       2.522040       2.526680       2.531370       2.536100       2.540870       2.545700       2.550570       2.555490       2.560450       2.565460       2.570520       2.575620       2.580770       2.585960       2.591190       2.596470       2.601790       2.607150       2.612560       2.618000       2.623480       2.629000       2.634550    
   2.494820       2.499180       2.503580       2.508030       2.512510       2.517040       2.521610       2.526220       2.530880       2.535580       2.540330       2.545120       2.549960       2.554840       2.559760       2.564730       2.569740       2.574800       2.579900       2.585040       2.590220       2.595450       2.600710       2.606020       2.611360       2.616740       2.622160       2.627620       2.633110       2.638630    
   2.498850       2.503240       2.507670       2.512140       2.516650       2.521210       2.525800       2.530440       2.535110       2.539830       2.544590       2.549400       2.554250       2.559140       2.564070       2.569040       2.574060       2.579110       2.584210       2.589340       2.594520       2.599730       2.604990       2.610280       2.615600       2.620970       2.626360       2.631790       2.637260       2.642750    
   2.502920       2.507340       2.511790       2.516290       2.520830       2.525400       2.530020       2.534680       2.539370       2.544110       2.548890       2.553710       2.558560       2.563460       2.568400       2.573380       2.578400       2.583450       2.588550       2.593680       2.598850       2.604050       2.609290       2.614570       2.619870       2.625220       2.630590       2.636000       2.641440       2.646900    
   2.502930       2.507350       2.513970       2.520460       2.525030       2.529630       2.534270       2.538940       2.543660       2.548410       2.553210       2.558040       2.562910       2.567820       2.572760       2.577750       2.582770       2.587820       2.592910       2.598040       2.603200       2.608390       2.613620       2.618880       2.624170       2.629500       2.634850       2.640230       2.645640       2.651080    
   2.502940       2.511180       2.520460       2.527060       2.529250       2.533870       2.538540       2.543230       2.547970       2.552740       2.557550       2.562400       2.567280       2.572200       2.577150       2.582140       2.587160       2.592210       2.597300       2.602420       2.607580       2.612760       2.617980       2.623220       2.628500       2.633800       2.639130       2.644490       2.649880       2.655290    
   2.508290       2.520460       2.528100       2.531370       2.533500       2.538150       2.542830       2.547550       2.552300       2.557090       2.561920       2.566780       2.571670       2.576600       2.581560       2.586550       2.591570       2.596630       2.601720       2.606830       2.611980       2.617160       2.622360       2.627590       2.632850       2.638130       2.643440       2.648780       2.654140       2.659520    
   2.520460       2.528620       2.532440       2.533500       2.538030       2.542440       2.547140       2.551880       2.556660       2.561460       2.566300       2.571180       2.576080       2.581020       2.585990       2.590980       2.596010       2.601070       2.606150       2.611260       2.616400       2.621570       2.626760       2.631980       2.637220       2.642480       2.647770       2.653080       2.658420       2.663770    
   2.528890       2.532970       2.533500       2.537990       2.542440       2.547020       2.551480       2.556240       2.561030       2.565850       2.570710       2.575600       2.580510       2.585460       2.590430       2.595440       2.600470       2.605520       2.610610       2.615710       2.620850       2.626000       2.631180       2.636390       2.641610       2.646860       2.652120       2.657410       2.662720       2.668050    
   2.533230       2.533500       2.537980       2.542440       2.546980       2.551480       2.553860       2.556250       2.563340       2.570260       2.575130       2.580030       2.584960       2.589920       2.594900       2.599910       2.604940       2.610000       2.615080       2.620180       2.625310       2.630460       2.635620       2.640810       2.646020       2.651250       2.656490       2.661760       2.667040       2.672340    
   2.533500       2.537970       2.542440       2.546970       2.551480       2.552670       2.553860       2.560930       2.570260       2.572700       2.579770       2.584480       2.589420       2.594390       2.599380       2.604390       2.609430       2.614490       2.619570       2.624670       2.629780       2.634920       2.640080       2.645250       2.650450       2.655660       2.660880       2.666120       2.671380       2.676650    
   2.537970       2.542440       2.546960       2.551480       2.552070       2.552670       2.559430       2.570260       2.571480       2.579670       2.586710       2.588940       2.593890       2.598870       2.603870       2.608890       2.613930       2.618990       2.624070       2.629160       2.634280       2.639400       2.644550       2.649710       2.654890       2.660080       2.665280       2.670500       2.675730       2.680980    
   2.542440       2.546960       2.551480       2.551780       2.552080       2.558610       2.570260       2.570870       2.579640       2.587820       2.588940       2.591410       2.596260       2.603360       2.608370       2.613400       2.618440       2.623500       2.628580       2.633670       2.638780       2.643900       2.649030       2.654180       2.659340       2.664510       2.669690       2.674890       2.680100       2.685320    
   2.546960       2.551480       2.551630       2.551780       2.558180       2.570260       2.570560       2.579620       2.588380       2.588940       2.590180       2.595000       2.603360       2.605870       2.608380       2.613400       2.618450       2.623510       2.633330       2.638190       2.643290       2.648400       2.653520       2.658660       2.663800       2.668950       2.674120       2.679290       2.684470       2.689660    
   2.551480       2.551550       2.551630       2.557960       2.570260       2.570410       2.579610       2.588660       2.588940       2.589560       2.594370       2.603360       2.604610       2.605870       2.609220       2.613410       2.618450       2.631690       2.640450       2.642710       2.647810       2.652910       2.658020       2.663140       2.668270       2.673410       2.678550       2.683700       2.688850       2.694020    
   2.551520       2.551550       2.557850       2.570260       2.570340       2.579600       2.588800       2.588940       2.589250       2.594060       2.603360       2.603990       2.604610       2.606560       2.609500       2.613690       2.629570       2.641580       2.642710       2.647620       2.652330       2.657430       2.662530       2.667640       2.672750       2.677860       2.682990       2.688110       2.693240       2.698380    
   2.551520       2.557800       2.570260       2.570300       2.579600       2.588870       2.588940       2.589090       2.593900       2.603360       2.603670       2.603990       2.605050       2.606890       2.609920       2.630240       2.642150       2.642710       2.652710       2.656860       2.659910       2.661950       2.667040       2.672130       2.677230       2.682330       2.687430       2.692530       2.697640       2.702740    
   2.557770       2.570260       2.570280       2.579600       2.588900       2.588940       2.589020       2.593820       2.603360       2.603520       2.603670       2.604240       2.605310       2.623930       2.640890       2.656310       2.656300       2.658980       2.662140       2.663660       2.661390       2.666470       2.671550       2.676630       2.681710       2.686790       2.691870       2.696950       2.702030       2.707110    
   2.570260       2.570270       2.579600       2.588920       2.588940       2.588980       2.593790       2.603360       2.603440       2.603520       2.603810       2.604410       2.636320       2.674000       2.673860       2.668120       2.670460       2.669900       2.667440       2.665920       2.665920       2.670990       2.676060       2.681130       2.686190       2.691250       2.696310       2.701370       2.706420       2.711480    
   2.570260       2.579600       2.588930       2.588940       2.588960       2.593770       2.603360       2.603400       2.603440       2.603590       2.635230       2.682200       2.676850       2.674140       2.674140       2.673860       2.671830       2.671030       2.669900       2.670310       2.670440       2.675510       2.680570       2.685620       2.690670       2.695710       2.700750       2.705780       2.710810       2.715840    
   2.579600       2.588940       2.588940       2.588950       2.593760       2.603360       2.603380       2.603400       2.603480       2.641330       2.682200       2.682200       2.682200       2.677060       2.674420       2.674420       2.673860       2.672550       2.672160       2.669900       2.674960       2.680020       2.685070       2.690110       2.695140       2.700170       2.705180       2.710190       2.715200       2.720190    
   2.588940       2.588940       2.588940       2.593750       2.603360       2.603370       2.603380       2.627300       2.652860       2.682210       2.682200       2.682200       2.682200       2.682200       2.677470       2.674980       2.674980       2.673860       2.674270       2.674420       2.679480       2.684530       2.689570       2.694590       2.699610       2.704620       2.709610       2.714590       2.719570       2.724540    
   2.588940       2.588940       2.593750       2.603360       2.603360       2.641240       2.698030       2.698490       2.698950       2.687820       2.682240       2.682200       2.682200       2.682200       2.682200       2.678280       2.676100       2.676110       2.673860       2.678920       2.683980       2.689020       2.694050       2.699070       2.704070       2.709050       2.714020       2.718990       2.723940       2.728880    
   2.588940       2.593750       2.603360       2.603360       2.648810       2.698040       2.698040       2.698030       2.698490       2.698950       2.687880       2.682310       2.682200       2.682200       2.682200       2.682200       2.679830       2.678350       2.678350       2.683420       2.688470       2.693510       2.698530       2.703530       2.708510       2.713480       2.718430       2.723360       2.728290       2.733200    
