iMOD/TUTORIALS/TUT_MetaswapAnalyser/model_MetaSWAP/meteo/Evaporation/Evaporation_20060522_L1.ASC
NCOLS                30
NROWS                30
XLLCORNER     160000.00
YLLCORNER     340000.00
CELLSIZE        1000.00
NODATA_VALUE   -9999.00
   2.826310       2.826800       2.827250       2.827660       2.828030       2.828360       2.828670       2.828950       2.829210       2.829460       2.829690       2.829910       2.830120       2.830340       2.830560       2.830780       2.831010       2.831250       2.831510       2.831780       2.832070       2.832380       2.832710       2.833070       2.833460       2.833880       2.834330       2.834810       2.835330       2.835880    
   2.828510       2.829030       2.829500       2.829930       2.830320       2.830680       2.831000       2.831310       2.831590       2.831860       2.832110       2.832350       2.832590       2.832830       2.833060       2.833310       2.833560       2.833810       2.834090       2.834370       2.834680       2.835000       2.835350       2.835730       2.836130       2.836560       2.837020       2.837510       2.838030       2.838590    
   2.830660       2.831190       2.831680       2.832130       2.832540       2.832920       2.833270       2.833600       2.833900       2.834190       2.834470       2.834730       2.834990       2.835250       2.835500       2.835770       2.836030       2.836310       2.836600       2.836900       2.837220       2.837570       2.837930       2.838320       2.838730       2.839170       2.839640       2.840140       2.840680       2.841250    
   2.832750       2.833290       2.833800       2.834270       2.834700       2.835100       2.835470       2.835820       2.836150       2.836460       2.836760       2.837040       2.837320       2.837600       2.837880       2.838160       2.838450       2.838740       2.839050       2.839370       2.839710       2.840060       2.840440       2.840840       2.841270       2.841720       2.842210       2.842720       2.843260       2.843840    
   2.834780       2.835340       2.835860       2.836350       2.836800       2.837220       2.837610       2.837980       2.838330       2.838660       2.838980       2.839290       2.839590       2.839890       2.840190       2.840490       2.840800       2.841110       2.841440       2.841770       2.842130       2.842500       2.842890       2.843310       2.843750       2.844220       2.844710       2.845240       2.845790       2.846380    
   2.836750       2.837330       2.837870       2.838370       2.838840       2.839280       2.839700       2.840090       2.840460       2.840810       2.841150       2.841480       2.841800       2.842120       2.842440       2.842760       2.843080       2.843420       2.843760       2.844120       2.844490       2.844880       2.845290       2.845720       2.846170       2.846650       2.847160       2.847700       2.848260       2.848860    
   2.838670       2.839270       2.839820       2.840340       2.840830       2.841290       2.841720       2.842130       2.842520       2.842900       2.843260       2.843610       2.843950       2.844290       2.844630       2.844970       2.845310       2.845660       2.846030       2.846400       2.846790       2.847200       2.847620       2.848070       2.848540       2.849030       2.849550       2.850100       2.850680       2.851290    
   2.840540       2.841150       2.841720       2.842260       2.842760       2.843240       2.843690       2.844120       2.844530       2.844930       2.845310       2.845680       2.846040       2.846400       2.846760       2.847120       2.847480       2.847860       2.848240       2.848630       2.849030       2.849460       2.849900       2.850360       2.850840       2.851350       2.851890       2.852450       2.853040       2.853660    
   2.842370       2.842990       2.843570       2.844120       2.844650       2.845140       2.845610       2.846060       2.846490       2.846910       2.847310       2.847700       2.848080       2.848460       2.848840       2.849220       2.849600       2.849990       2.850390       2.850800       2.851220       2.851660       2.852120       2.852600       2.853100       2.853620       2.854170       2.854750       2.855350       2.855980    
   2.844140       2.844780       2.845380       2.845940       2.846480       2.846990       2.847480       2.847950       2.848400       2.848830       2.849250       2.849660       2.850060       2.850460       2.850860       2.851260       2.851660       2.852070       2.852490       2.852910       2.853360       2.853810       2.854290       2.854780       2.855300       2.855840       2.856400       2.856990       2.857610       2.858250    
   2.844130       2.844770       2.845950       2.847720       2.848270       2.848800       2.849300       2.849790       2.850260       2.850710       2.851150       2.851580       2.852000       2.852420       2.852830       2.853250       2.853670       2.854100       2.854530       2.854980       2.855440       2.855910       2.856400       2.856910       2.857440       2.858000       2.858580       2.859180       2.859810       2.860470    
   2.844120       2.845640       2.847720       2.849430       2.850010       2.850560       2.851080       2.851580       2.852060       2.852530       2.852990       2.853440       2.853880       2.854320       2.854750       2.855190       2.855630       2.856070       2.856530       2.856990       2.857470       2.857960       2.858470       2.858990       2.859540       2.860110       2.860700       2.861320       2.861970       2.862640    
   2.845230       2.847720       2.849930       2.850860       2.851710       2.852270       2.852810       2.853330       2.853830       2.854320       2.854790       2.855260       2.855720       2.856170       2.856630       2.857080       2.857540       2.858000       2.858470       2.858960       2.859450       2.859960       2.860480       2.861030       2.861590       2.862170       2.862780       2.863420       2.864070       2.864760    
   2.847720       2.850160       2.851280       2.851710       2.852640       2.853940       2.854490       2.855030       2.855550       2.856050       2.856540       2.857030       2.857510       2.857980       2.858450       2.858920       2.859400       2.859880       2.860370       2.860870       2.861380       2.861910       2.862450       2.863010       2.863590       2.864190       2.864810       2.865460       2.866140       2.866840    
   2.850270       2.851500       2.851710       2.852760       2.853940       2.854860       2.856140       2.856690       2.857220       2.857750       2.858260       2.858760       2.859250       2.859740       2.860230       2.860720       2.861220       2.861720       2.862220       2.862740       2.863270       2.863810       2.864370       2.864950       2.865540       2.866160       2.866800       2.867460       2.868150       2.868860    
   2.851600       2.851710       2.852800       2.853940       2.854980       2.856140       2.856410       2.856680       2.857760       2.859400       2.859920       2.860440       2.860950       2.861460       2.861970       2.862480       2.862990       2.863510       2.864030       2.864570       2.865110       2.865670       2.866250       2.866840       2.867450       2.868080       2.868740       2.869420       2.870120       2.870850    
   2.851710       2.852820       2.853940       2.855020       2.856140       2.856280       2.856410       2.857570       2.859400       2.859660       2.861110       2.862090       2.862620       2.863140       2.863660       2.864190       2.864720       2.865250       2.865800       2.866350       2.866910       2.867490       2.868080       2.868690       2.869320       2.869970       2.870640       2.871330       2.872050       2.872790    
   2.852820       2.853940       2.855030       2.856140       2.856210       2.856280       2.857410       2.859400       2.859530       2.861350       2.862890       2.863690       2.864240       2.864780       2.865320       2.865860       2.866410       2.866960       2.867520       2.868090       2.868670       2.869260       2.869870       2.870500       2.871140       2.871810       2.872490       2.873200       2.873930       2.874690    
   2.853940       2.855040       2.856140       2.856170       2.856210       2.857320       2.859400       2.859470       2.861450       2.863290       2.863690       2.863970       2.864770       2.866380       2.866940       2.867490       2.868060       2.868620       2.869200       2.869790       2.870380       2.870990       2.871620       2.872260       2.872920       2.873600       2.874300       2.875030       2.875780       2.876550    
   2.855040       2.856140       2.856160       2.856170       2.857280       2.859400       2.859430       2.861500       2.863490       2.863690       2.863830       2.864700       2.866380       2.866660       2.866940       2.867500       2.868060       2.868630       2.870430       2.871450       2.872060       2.872690       2.873330       2.873990       2.874660       2.875360       2.876080       2.876820       2.877580       2.878370    
   2.856140       2.856150       2.856160       2.857250       2.859400       2.859420       2.861520       2.863590       2.863690       2.863760       2.864650       2.866380       2.866520       2.866660       2.867030       2.867500       2.868060       2.870490       2.872260       2.873070       2.873700       2.874340       2.875000       2.875680       2.876370       2.877080       2.877820       2.878570       2.879350       2.880150    
   2.856140       2.856150       2.857240       2.859400       2.859410       2.861530       2.863640       2.863690       2.863720       2.864620       2.866380       2.866450       2.866520       2.866740       2.867060       2.867530       2.870360       2.872660       2.873070       2.874020       2.875300       2.875960       2.876640       2.877330       2.878040       2.878760       2.879510       2.880290       2.881080       2.881900    
   2.856140       2.857230       2.859400       2.859400       2.861540       2.863660       2.863690       2.863710       2.864600       2.866380       2.866420       2.866450       2.866570       2.866770       2.867110       2.871080       2.872870       2.873070       2.875770       2.876850       2.877260       2.877540       2.878230       2.878940       2.879670       2.880410       2.881180       2.881970       2.882770       2.883610    
   2.857230       2.859400       2.859400       2.861540       2.863680       2.863690       2.863700       2.864600       2.866380       2.866400       2.866420       2.866480       2.866600       2.871150       2.874730       2.877570       2.877580       2.878050       2.878630       2.879150       2.878400       2.879090       2.879800       2.880520       2.881260       2.882030       2.882810       2.883610       2.884440       2.885280    
   2.859400       2.859400       2.861540       2.863680       2.863690       2.863690       2.864590       2.866380       2.866390       2.866400       2.866430       2.866500       2.874520       2.884170       2.884130       2.881730       2.882270       2.882090       2.880670       2.879890       2.879900       2.880610       2.881330       2.882070       2.882830       2.883610       2.884400       2.885220       2.886060       2.886930    
   2.859400       2.861540       2.863690       2.863690       2.863690       2.864590       2.866380       2.866380       2.866390       2.866410       2.874780       2.887290       2.885250       2.884210       2.884210       2.884130       2.882960       2.882440       2.882090       2.881550       2.881370       2.882100       2.882830       2.883590       2.884360       2.885150       2.885970       2.886800       2.887660       2.888540    
   2.861540       2.863690       2.863690       2.863690       2.864590       2.866380       2.866380       2.866380       2.866390       2.876430       2.887290       2.887290       2.887290       2.885310       2.884300       2.884300       2.884130       2.883160       2.882790       2.882090       2.882820       2.883550       2.884300       2.885080       2.885860       2.886670       2.887500       2.888350       2.889230       2.890120    
   2.863690       2.863690       2.863690       2.864590       2.866380       2.866380       2.866380       2.872940       2.879690       2.887290       2.887290       2.887290       2.887290       2.887290       2.885430       2.884460       2.884460       2.884130       2.883640       2.883490       2.884230       2.884980       2.885750       2.886530       2.887340       2.888160       2.889010       2.889870       2.890760       2.891670    
   2.863690       2.863690       2.864590       2.866380       2.866380       2.877010       2.892960       2.892780       2.892590       2.889070       2.887300       2.887290       2.887290       2.887290       2.887290       2.885660       2.884790       2.884790       2.884130       2.884860       2.885610       2.886380       2.887160       2.887960       2.888780       2.889620       2.890480       2.891370       2.892270       2.893200    
   2.863690       2.864590       2.866380       2.866380       2.879140       2.892960       2.892960       2.892960       2.892780       2.892590       2.889080       2.887320       2.887290       2.887290       2.887290       2.887290       2.886110       2.885450       2.885460       2.886210       2.886970       2.887750       2.888550       2.889370       2.890200       2.891060       2.891940       2.892830       2.893750       2.894700    
