iMOD/TUTORIALS/TUT_MetaswapAnalyser/model_MetaSWAP/meteo/Evaporation/Evaporation_20060415_L1.ASC
NCOLS                30
NROWS                30
XLLCORNER     160000.00
YLLCORNER     340000.00
CELLSIZE        1000.00
NODATA_VALUE   -9999.00
   1.126300       1.128920       1.131600       1.134360       1.137170       1.140030       1.142960       1.145930       1.148940       1.152010       1.155110       1.158250       1.161420       1.164630       1.167860       1.171120       1.174410       1.177720       1.181040       1.184390       1.187750       1.191120       1.194510       1.197900       1.201310       1.204720       1.208130       1.211550       1.214980       1.218400    
   1.128110       1.130750       1.133440       1.136200       1.139020       1.141900       1.144820       1.147800       1.150820       1.153880       1.156980       1.160120       1.163290       1.166490       1.169720       1.172980       1.176260       1.179560       1.182880       1.186220       1.189570       1.192930       1.196300       1.199680       1.203070       1.206470       1.209870       1.213270       1.216680       1.220080    
   1.129980       1.132630       1.135340       1.138110       1.140940       1.143820       1.146750       1.149720       1.152750       1.155810       1.158910       1.162050       1.165220       1.168420       1.171640       1.174900       1.178170       1.181460       1.184770       1.188100       1.191440       1.194790       1.198150       1.201520       1.204890       1.208270       1.211660       1.215040       1.218430       1.221810    
   1.131910       1.134570       1.137290       1.140070       1.142900       1.145790       1.148720       1.151710       1.154730       1.157790       1.160900       1.164030       1.167200       1.170400       1.173620       1.176860       1.180130       1.183420       1.186720       1.190040       1.193360       1.196700       1.200050       1.203400       1.206760       1.210130       1.213490       1.216860       1.220230       1.223590    
   1.133880       1.136560       1.139290       1.142080       1.144920       1.147810       1.150750       1.153740       1.156770       1.159830       1.162930       1.166070       1.169240       1.172430       1.175650       1.178890       1.182150       1.185420       1.188720       1.192020       1.195340       1.198670       1.202000       1.205340       1.208690       1.212030       1.215380       1.218730       1.222080       1.225420    
   1.135900       1.138590       1.141330       1.144130       1.146980       1.149890       1.152830       1.155820       1.158850       1.161920       1.165020       1.168160       1.171320       1.174510       1.177720       1.180960       1.184210       1.187480       1.190760       1.194060       1.197370       1.200680       1.204000       1.207330       1.210650       1.213980       1.217310       1.220640       1.223970       1.227290    
   1.137960       1.140670       1.143420       1.146230       1.149100       1.152000       1.154960       1.157950       1.160980       1.164050       1.167160       1.170290       1.173450       1.176640       1.179850       1.183080       1.186320       1.189580       1.192860       1.196140       1.199440       1.202740       1.206050       1.209360       1.212670       1.215980       1.219290       1.222600       1.225910       1.229210    
   1.140070       1.142780       1.145560       1.148380       1.151250       1.154160       1.157120       1.160120       1.163160       1.166230       1.169340       1.172470       1.175630       1.178810       1.182020       1.185240       1.188480       1.191730       1.195000       1.198270       1.201560       1.204840       1.208140       1.211430       1.214720       1.218020       1.221310       1.224600       1.227890       1.231170    
   1.142210       1.144940       1.147730       1.150560       1.153440       1.156360       1.159330       1.162330       1.165380       1.168450       1.171560       1.174690       1.177850       1.181030       1.184230       1.187450       1.190680       1.193920       1.197180       1.200440       1.203710       1.206990       1.210270       1.213550       1.216820       1.220100       1.223370       1.226640       1.229910       1.233160    
   1.144390       1.147130       1.149930       1.152780       1.155670       1.158600       1.161570       1.164580       1.167630       1.170710       1.173810       1.176950       1.180100       1.183280       1.186480       1.189690       1.192920       1.196160       1.199400       1.202660       1.205910       1.209170       1.212440       1.215700       1.218960       1.222220       1.225470       1.228720       1.231960       1.235200    
   1.144400       1.147150       1.151220       1.155030       1.157930       1.160870       1.163850       1.166870       1.169920       1.173000       1.176110       1.179240       1.182400       1.185580       1.188770       1.191980       1.195200       1.198420       1.201660       1.204900       1.208150       1.211400       1.214650       1.217890       1.221140       1.224370       1.227610       1.230830       1.234050       1.237270    
   1.144420       1.149450       1.155030       1.158930       1.160220       1.163170       1.166160       1.169190       1.172240       1.175330       1.178440       1.181570       1.184730       1.187900       1.191090       1.194290       1.197510       1.200730       1.203960       1.207190       1.210420       1.213660       1.216890       1.220120       1.223340       1.226560       1.229780       1.232980       1.236180       1.239370    
   1.147660       1.155030       1.159470       1.161380       1.162540       1.165510       1.168500       1.171540       1.174600       1.177690       1.180800       1.183930       1.187090       1.190260       1.193450       1.196650       1.199850       1.203070       1.206280       1.209510       1.212730       1.215950       1.219160       1.222380       1.225590       1.228790       1.231980       1.235160       1.238340       1.241500    
   1.155030       1.159750       1.161960       1.162540       1.165310       1.167870       1.170870       1.173910       1.176980       1.180070       1.183190       1.186320       1.189480       1.192650       1.195830       1.199030       1.202230       1.205430       1.208640       1.211850       1.215060       1.218270       1.221470       1.224670       1.227860       1.231040       1.234210       1.237370       1.240520       1.243660    
   1.159890       1.162250       1.162540       1.165240       1.167870       1.170670       1.173260       1.176310       1.179380       1.182480       1.185600       1.188740       1.191900       1.195070       1.198250       1.201440       1.204630       1.207830       1.211030       1.214230       1.217430       1.220620       1.223810       1.226990       1.230160       1.233320       1.236470       1.239610       1.242740       1.245850    
   1.162400       1.162540       1.165220       1.167870       1.170600       1.173260       1.174780       1.176320       1.180770       1.184920       1.188040       1.191180       1.194340       1.197510       1.200680       1.203870       1.207060       1.210250       1.213440       1.216630       1.219820       1.223000       1.226170       1.229330       1.232480       1.235630       1.238750       1.241870       1.244970       1.248060    
   1.162540       1.165210       1.167870       1.170580       1.173260       1.174020       1.174790       1.179200       1.184920       1.186480       1.190780       1.193640       1.196800       1.199970       1.203150       1.206330       1.209510       1.212700       1.215880       1.219060       1.222230       1.225400       1.228550       1.231700       1.234830       1.237960       1.241060       1.244160       1.247230       1.250300    
   1.165210       1.167870       1.170570       1.173260       1.173640       1.174020       1.178230       1.184920       1.185700       1.190640       1.194880       1.196120       1.199280       1.202450       1.205630       1.208800       1.211980       1.215160       1.218340       1.221510       1.224670       1.227820       1.230960       1.234090       1.237210       1.240310       1.243390       1.246460       1.249520       1.252550    
   1.167870       1.170570       1.173260       1.173450       1.173640       1.177700       1.184920       1.185310       1.190580       1.195500       1.196120       1.197700       1.200700       1.204950       1.208130       1.211300       1.214480       1.217650       1.220810       1.223970       1.227120       1.230260       1.233390       1.236500       1.239600       1.242680       1.245740       1.248790       1.251820       1.254830    
   1.170570       1.173260       1.173360       1.173450       1.177430       1.184920       1.185110       1.190550       1.195810       1.196120       1.196910       1.199870       1.204950       1.206540       1.208130       1.211300       1.214480       1.217650       1.223570       1.226460       1.229590       1.232720       1.235830       1.238930       1.242000       1.245060       1.248100       1.251130       1.254130       1.257120    
   1.173260       1.173310       1.173360       1.177290       1.184920       1.185020       1.190530       1.195970       1.196120       1.196520       1.199460       1.204950       1.205740       1.206540       1.208660       1.211300       1.214480       1.222470       1.227710       1.228950       1.232080       1.235190       1.238290       1.241370       1.244420       1.247460       1.250480       1.253480       1.256460       1.259420    
   1.173280       1.173310       1.177220       1.184920       1.184970       1.190530       1.196040       1.196120       1.196320       1.199260       1.204950       1.205350       1.205740       1.206980       1.208830       1.211480       1.221100       1.228330       1.228950       1.231870       1.234580       1.237680       1.240760       1.243820       1.246860       1.249880       1.252870       1.255850       1.258800       1.261730    
   1.173280       1.177180       1.184920       1.184940       1.190520       1.196080       1.196120       1.196220       1.199160       1.204950       1.205150       1.205350       1.206020       1.207190       1.209100       1.221320       1.228640       1.228950       1.234690       1.237090       1.238940       1.240170       1.243240       1.246280       1.249300       1.252300       1.255270       1.258220       1.261150       1.264050    
   1.177160       1.184920       1.184930       1.190520       1.196100       1.196120       1.196170       1.199110       1.204950       1.205050       1.205150       1.205510       1.206190       1.217100       1.227210       1.236530       1.236530       1.238140       1.240030       1.240860       1.239600       1.242680       1.245730       1.248750       1.251750       1.254730       1.257680       1.260600       1.263500       1.266380    
   1.184920       1.184930       1.190520       1.196110       1.196120       1.196140       1.199090       1.204950       1.205000       1.205050       1.205230       1.205610       1.224240       1.246160       1.246080       1.243040       1.244430       1.244110       1.242900       1.242130       1.242130       1.245180       1.248220       1.251230       1.254210       1.257160       1.260090       1.262990       1.265860       1.268710    
   1.184920       1.190520       1.196120       1.196120       1.196130       1.199080       1.204950       1.204970       1.205000       1.205090       1.223380       1.250510       1.247670       1.246240       1.246240       1.246080       1.245110       1.244740       1.244110       1.244510       1.244650       1.247700       1.250710       1.253710       1.256670       1.259600       1.262500       1.265380       1.268220       1.271040    
   1.190520       1.196120       1.196120       1.196130       1.199070       1.204950       1.204960       1.204970       1.205020       1.226900       1.250510       1.250510       1.250510       1.247790       1.246390       1.246400       1.246080       1.245520       1.245370       1.244110       1.247170       1.250210       1.253210       1.256180       1.259130       1.262040       1.264910       1.267760       1.270580       1.273370    
   1.196120       1.196120       1.196120       1.199070       1.204950       1.204960       1.204960       1.218610       1.233400       1.250520       1.250510       1.250510       1.250510       1.250510       1.248020       1.246710       1.246710       1.246080       1.246500       1.246640       1.249690       1.252710       1.255700       1.258660       1.261580       1.264470       1.267320       1.270140       1.272930       1.275690    
   1.196120       1.196120       1.199060       1.204950       1.204950       1.226410       1.258600       1.259040       1.259480       1.253520       1.250530       1.250510       1.250510       1.250510       1.250510       1.248480       1.247340       1.247340       1.246080       1.249160       1.252200       1.255210       1.258190       1.261130       1.264030       1.266900       1.269720       1.272520       1.275280       1.278010    
   1.196120       1.199060       1.204950       1.204950       1.230710       1.258600       1.258600       1.258600       1.259040       1.259480       1.253550       1.250570       1.250510       1.250510       1.250510       1.250510       1.249350       1.248600       1.248600       1.251670       1.254710       1.257710       1.260670       1.263590       1.266470       1.269310       1.272120       1.274880       1.277620       1.280310    
