iMOD/TUTORIALS/TUT_MetaswapAnalyser/model_MetaSWAP/meteo/Evaporation/Evaporation_20050317_L1.ASC
NCOLS                30
NROWS                30
XLLCORNER     160000.00
YLLCORNER     340000.00
CELLSIZE        1000.00
NODATA_VALUE   -9999.00
   1.315830       1.310140       1.304430       1.298690       1.292930       1.287150       1.281340       1.275510       1.269670       1.263820       1.257960       1.252080       1.246200       1.240310       1.234420       1.228520       1.222630       1.216740       1.210850       1.204960       1.199080       1.193200       1.187340       1.181480       1.175640       1.169800       1.163980       1.158180       1.152390       1.146620    
   1.323090       1.317440       1.311770       1.306060       1.300330       1.294580       1.288810       1.283020       1.277210       1.271380       1.265550       1.259700       1.253840       1.247980       1.242110       1.236240       1.230370       1.224500       1.218620       1.212750       1.206890       1.201030       1.195180       1.189330       1.183500       1.177680       1.171860       1.166070       1.160280       1.154510    
   1.330330       1.324710       1.319070       1.313400       1.307700       1.301980       1.296240       1.290480       1.284700       1.278910       1.273100       1.267280       1.261460       1.255620       1.249780       1.243930       1.238080       1.232220       1.226370       1.220520       1.214670       1.208830       1.202990       1.197160       1.191340       1.185520       1.179720       1.173930       1.168150       1.162390    
   1.337520       1.331950       1.326340       1.320700       1.315040       1.309350       1.303640       1.297910       1.292170       1.286400       1.280630       1.274840       1.269030       1.263220       1.257410       1.251580       1.245750       1.239920       1.234090       1.228260       1.222420       1.216600       1.210770       1.204950       1.199140       1.193340       1.187550       1.181760       1.175990       1.170230    
   1.344690       1.339150       1.333570       1.327970       1.322340       1.316690       1.311010       1.305310       1.299600       1.293870       1.288120       1.282350       1.276580       1.270800       1.265000       1.259200       1.253400       1.247590       1.241770       1.235960       1.230150       1.224340       1.218530       1.212720       1.206920       1.201130       1.195350       1.189570       1.183810       1.178050    
   1.351830       1.346310       1.340770       1.335200       1.329610       1.323990       1.318340       1.312680       1.307000       1.301290       1.295570       1.289840       1.284100       1.278340       1.272570       1.266790       1.261010       1.255220       1.249430       1.243640       1.237840       1.232050       1.226250       1.220460       1.214670       1.208890       1.203120       1.197350       1.191590       1.185850    
   1.358930       1.353450       1.347940       1.342410       1.336840       1.331260       1.325650       1.320010       1.314360       1.308690       1.303000       1.297300       1.291580       1.285850       1.280100       1.274350       1.268590       1.262830       1.257060       1.251280       1.245500       1.239720       1.233950       1.228170       1.222400       1.216630       1.210860       1.205100       1.199350       1.193610    
   1.366000       1.360550       1.355080       1.349580       1.344050       1.338490       1.332920       1.327320       1.321690       1.316050       1.310390       1.304720       1.299030       1.293320       1.287610       1.281880       1.276140       1.270400       1.264650       1.258890       1.253140       1.247370       1.241610       1.235850       1.230090       1.224330       1.218580       1.212830       1.207090       1.201350    
   1.373040       1.367630       1.362190       1.356720       1.351220       1.345700       1.340150       1.334590       1.328990       1.323380       1.317750       1.312110       1.306450       1.300770       1.295080       1.289380       1.283660       1.277940       1.272210       1.266480       1.260740       1.254990       1.249250       1.243500       1.237750       1.232010       1.226260       1.220530       1.214790       1.209070    
   1.380040       1.374670       1.369260       1.363820       1.358360       1.352870       1.347360       1.341820       1.336260       1.330680       1.325080       1.319470       1.313830       1.308180       1.302520       1.296840       1.291150       1.285450       1.279750       1.274030       1.268310       1.262580       1.256850       1.251120       1.245390       1.239650       1.233920       1.228190       1.222470       1.216750    
   1.380030       1.374660       1.369660       1.370900       1.365470       1.360010       1.354530       1.349030       1.343500       1.337950       1.332380       1.326790       1.321190       1.315560       1.309930       1.304270       1.298610       1.292930       1.287250       1.281550       1.275850       1.270140       1.264430       1.258710       1.252990       1.247270       1.241550       1.235830       1.230120       1.224410    
   1.380020       1.373810       1.370900       1.372130       1.372550       1.367120       1.361670       1.356200       1.350700       1.345190       1.339650       1.334090       1.328510       1.322910       1.317300       1.311680       1.306030       1.300380       1.294720       1.289040       1.283360       1.277670       1.271970       1.266270       1.260570       1.254860       1.249150       1.243440       1.237740       1.232030    
   1.377530       1.370900       1.374670       1.376070       1.379590       1.374200       1.368780       1.363340       1.357880       1.352390       1.346880       1.341350       1.335800       1.330230       1.324650       1.319040       1.313430       1.307800       1.302160       1.296500       1.290840       1.285170       1.279490       1.273800       1.268110       1.262420       1.256720       1.251020       1.245330       1.239630    
   1.370900       1.375750       1.377830       1.379590       1.378340       1.381240       1.375860       1.370450       1.365020       1.359560       1.354080       1.348580       1.343060       1.337520       1.331960       1.326380       1.320790       1.315190       1.309570       1.303930       1.298290       1.292640       1.286970       1.281300       1.275630       1.269950       1.264260       1.258580       1.252890       1.247200    
   1.376240       1.378710       1.379590       1.379720       1.381240       1.380000       1.382910       1.377530       1.372130       1.366700       1.361250       1.355780       1.350280       1.344770       1.339240       1.333690       1.328120       1.322540       1.316940       1.311330       1.305710       1.300070       1.294430       1.288770       1.283110       1.277450       1.271770       1.266100       1.260420       1.254740    
   1.379150       1.379590       1.380180       1.381240       1.381380       1.382910       1.380220       1.377520       1.372540       1.373810       1.368390       1.362940       1.357480       1.351990       1.346490       1.340960       1.335420       1.329860       1.324290       1.318700       1.313090       1.307480       1.301850       1.296210       1.290570       1.284910       1.279250       1.273590       1.267920       1.262250    
   1.379590       1.380340       1.381240       1.381840       1.382910       1.381560       1.380220       1.376020       1.373810       1.371100       1.370480       1.370080       1.364640       1.359180       1.353710       1.348210       1.342690       1.337150       1.331600       1.326030       1.320450       1.314850       1.309240       1.303620       1.297990       1.292350       1.286700       1.281050       1.275390       1.269730    
   1.380390       1.381240       1.382000       1.382910       1.382240       1.381560       1.377900       1.373810       1.372460       1.373240       1.373630       1.377180       1.371770       1.366340       1.360890       1.355420       1.349920       1.344410       1.338880       1.333340       1.327770       1.322190       1.316600       1.311000       1.305380       1.299750       1.294120       1.288470       1.282830       1.277170    
   1.381240       1.382050       1.382910       1.382570       1.382240       1.378880       1.373810       1.373130       1.374420       1.375410       1.377180       1.374480       1.372190       1.373470       1.368040       1.362600       1.357130       1.351640       1.346130       1.340610       1.335060       1.329500       1.323930       1.318340       1.312740       1.307130       1.301500       1.295870       1.290230       1.284590    
   1.382070       1.382910       1.382740       1.382570       1.379370       1.373810       1.373470       1.374970       1.376290       1.377180       1.375830       1.374330       1.373470       1.370750       1.368040       1.362590       1.357120       1.351630       1.348250       1.347840       1.342320       1.336780       1.331220       1.325650       1.320070       1.314470       1.308860       1.303240       1.297610       1.291970    
   1.382910       1.382830       1.382740       1.379630       1.373810       1.373640       1.375230       1.376740       1.377180       1.376500       1.375200       1.373470       1.372110       1.370750       1.367130       1.362580       1.357120       1.352700       1.351440       1.355050       1.349550       1.344030       1.338490       1.332930       1.327360       1.321780       1.316180       1.310570       1.304950       1.299320    
   1.382870       1.382830       1.379750       1.373810       1.373730       1.375360       1.376960       1.377180       1.376840       1.375590       1.373470       1.372790       1.372110       1.370000       1.366820       1.362280       1.356140       1.353250       1.355050       1.353780       1.356740       1.351240       1.345720       1.340180       1.334620       1.329050       1.323470       1.317870       1.312260       1.306640    
   1.382870       1.379810       1.373810       1.373770       1.375430       1.377070       1.377180       1.377010       1.375770       1.373470       1.373130       1.372790       1.371630       1.369640       1.366360       1.363140       1.354150       1.355050       1.361820       1.363880       1.360600       1.358420       1.352910       1.347390       1.341850       1.336290       1.330720       1.325130       1.319530       1.313930    
   1.379850       1.373810       1.373790       1.375460       1.377120       1.377180       1.377100       1.375860       1.373470       1.373300       1.373130       1.372520       1.371360       1.381110       1.381890       1.376300       1.376310       1.374260       1.372190       1.374570       1.371030       1.365560       1.360080       1.354570       1.349050       1.343500       1.337940       1.332370       1.326780       1.321180    
   1.373810       1.373800       1.375480       1.377150       1.377180       1.377140       1.375900       1.373470       1.373390       1.373300       1.372980       1.372340       1.391840       1.416990       1.416780       1.399100       1.398450       1.397580       1.384630       1.378110       1.378120       1.372670       1.367210       1.361720       1.356210       1.350680       1.345130       1.339560       1.333980       1.328390    
   1.373800       1.375490       1.377170       1.377180       1.377160       1.375920       1.373470       1.373430       1.373390       1.373220       1.400720       1.442480       1.425670       1.417210       1.417210       1.416780       1.404860       1.399320       1.397580       1.388270       1.385180       1.379750       1.374300       1.368830       1.363330       1.357820       1.352280       1.346730       1.341160       1.335570    
   1.375490       1.377170       1.377180       1.377170       1.375930       1.373470       1.373450       1.373430       1.373350       1.406460       1.442480       1.442480       1.442480       1.425980       1.417640       1.417640       1.416780       1.405750       1.401060       1.397580       1.392200       1.386790       1.381360       1.375900       1.370420       1.364920       1.359400       1.353850       1.348290       1.342720    
   1.377180       1.377180       1.377170       1.375940       1.373470       1.373460       1.373450       1.400240       1.421960       1.442500       1.442480       1.442480       1.442480       1.442480       1.426600       1.418500       1.418500       1.416780       1.407590       1.404540       1.399180       1.393800       1.388380       1.382940       1.377480       1.371990       1.366480       1.360940       1.355390       1.349830    
   1.377180       1.377180       1.375940       1.373470       1.373460       1.420960       1.492210       1.486480       1.480750       1.455290       1.442530       1.442480       1.442480       1.442480       1.442480       1.427780       1.420210       1.420220       1.416780       1.411470       1.406130       1.400770       1.395370       1.389950       1.384490       1.379020       1.373520       1.368000       1.362460       1.356900    
   1.377180       1.375940       1.373470       1.373470       1.430470       1.492220       1.492220       1.492210       1.486480       1.480750       1.455380       1.442640       1.442480       1.442480       1.442480       1.442480       1.429950       1.423640       1.423650       1.418360       1.413050       1.407700       1.402320       1.396910       1.391480       1.386010       1.380520       1.375010       1.369480       1.363930    
