iMOD/TUTORIALS/TUT_MetaswapAnalyser/model_MetaSWAP/meteo/Evaporation/Evaporation_20060924_L1.ASC
NCOLS                30
NROWS                30
XLLCORNER     160000.00
YLLCORNER     340000.00
CELLSIZE        1000.00
NODATA_VALUE   -9999.00
   1.372080       1.373940       1.375760       1.377540       1.379290       1.381000       1.382680       1.384310       1.385900       1.387450       1.388970       1.390440       1.391870       1.393250       1.394600       1.395900       1.397170       1.398390       1.399570       1.400710       1.401800       1.402860       1.403880       1.404860       1.405810       1.406710       1.407580       1.408410       1.409210       1.409980    
   1.370810       1.372650       1.374450       1.376220       1.377950       1.379650       1.381310       1.382930       1.384510       1.386050       1.387560       1.389020       1.390440       1.391830       1.393170       1.394470       1.395730       1.396950       1.398140       1.399280       1.400380       1.401440       1.402470       1.403460       1.404410       1.405330       1.406210       1.407050       1.407860       1.408640    
   1.369550       1.371370       1.373150       1.374900       1.376620       1.378300       1.379940       1.381550       1.383120       1.384660       1.386150       1.387610       1.389020       1.390400       1.391740       1.393040       1.394300       1.395520       1.396700       1.397850       1.398950       1.400020       1.401060       1.402050       1.403010       1.403940       1.404830       1.405680       1.406510       1.407300    
   1.368300       1.370090       1.371860       1.373590       1.375290       1.376950       1.378580       1.380180       1.381740       1.383260       1.384740       1.386190       1.387600       1.388970       1.390310       1.391610       1.392860       1.394090       1.395270       1.396420       1.397530       1.398600       1.399640       1.400640       1.401610       1.402540       1.403440       1.404310       1.405150       1.405950    
   1.367040       1.368820       1.370570       1.372280       1.373960       1.375610       1.377230       1.378810       1.380350       1.381870       1.383340       1.384780       1.386180       1.387550       1.388880       1.390170       1.391430       1.392650       1.393840       1.394980       1.396100       1.397180       1.398220       1.399230       1.400200       1.401140       1.402050       1.402930       1.403780       1.404600    
   1.365800       1.367550       1.369280       1.370980       1.372640       1.374270       1.375870       1.377440       1.378980       1.380480       1.381940       1.383370       1.384770       1.386130       1.387450       1.388740       1.390000       1.391220       1.392400       1.393550       1.394670       1.395750       1.396800       1.397810       1.398790       1.399740       1.400660       1.401550       1.402410       1.403240    
   1.364560       1.366290       1.368000       1.369680       1.371320       1.372940       1.374530       1.376080       1.377600       1.379090       1.380550       1.381970       1.383360       1.384710       1.386030       1.387320       1.388570       1.389780       1.390970       1.392120       1.393240       1.394320       1.395370       1.396390       1.397380       1.398340       1.399270       1.400160       1.401030       1.401870    
   1.363330       1.365040       1.366730       1.368390       1.370010       1.371610       1.373180       1.374720       1.376230       1.377710       1.379150       1.380570       1.381950       1.383290       1.384610       1.385890       1.387140       1.388350       1.389540       1.390690       1.391810       1.392900       1.393950       1.394980       1.395970       1.396940       1.397870       1.398780       1.399650       1.400500    
   1.362110       1.363800       1.365460       1.367100       1.368710       1.370290       1.371850       1.373370       1.374870       1.376330       1.377770       1.379170       1.380540       1.381880       1.383190       1.384470       1.385710       1.386930       1.388110       1.389260       1.390380       1.391470       1.392530       1.393560       1.394560       1.395530       1.396470       1.397390       1.398270       1.399130    
   1.360890       1.362560       1.364200       1.365820       1.367420       1.368980       1.370520       1.372030       1.373510       1.374960       1.376390       1.377780       1.379140       1.380480       1.381780       1.383050       1.384290       1.385500       1.386680       1.387830       1.388960       1.390050       1.391110       1.392140       1.393150       1.394130       1.395070       1.396000       1.396890       1.397760    
   1.360880       1.362550       1.364280       1.364550       1.366130       1.367680       1.369200       1.370690       1.372160       1.373600       1.375010       1.376400       1.377750       1.379070       1.380370       1.381640       1.382870       1.384080       1.385260       1.386410       1.387530       1.388620       1.389690       1.390730       1.391740       1.392720       1.393680       1.394610       1.395510       1.396390    
   1.360870       1.363070       1.364550       1.364780       1.364850       1.366380       1.367880       1.369360       1.370820       1.372250       1.373650       1.375020       1.376360       1.377680       1.378970       1.380230       1.381460       1.382660       1.383840       1.384990       1.386110       1.387210       1.388270       1.389310       1.390330       1.391320       1.392280       1.393220       1.394130       1.395020    
   1.361920       1.364550       1.364280       1.364220       1.363580       1.365090       1.366580       1.368040       1.369480       1.370900       1.372280       1.373650       1.374980       1.376290       1.377570       1.378820       1.380050       1.381250       1.382430       1.383570       1.384700       1.385790       1.386860       1.387900       1.388920       1.389910       1.390880       1.391830       1.392750       1.393640    
   1.364550       1.364080       1.363900       1.363580       1.364160       1.363810       1.365280       1.366730       1.368160       1.369560       1.370930       1.372280       1.373610       1.374910       1.376180       1.377430       1.378650       1.379850       1.381020       1.382160       1.383280       1.384380       1.385450       1.386500       1.387520       1.388510       1.389490       1.390440       1.391370       1.392270    
   1.363990       1.363740       1.363580       1.363850       1.363810       1.364360       1.363990       1.365430       1.366840       1.368220       1.369590       1.370920       1.372240       1.373530       1.374800       1.376040       1.377250       1.378450       1.379610       1.380760       1.381880       1.382970       1.384040       1.385090       1.386120       1.387120       1.388100       1.389050       1.389990       1.390900    
   1.363660       1.363580       1.363750       1.363810       1.364050       1.363990       1.364710       1.365420       1.366850       1.366900       1.368250       1.369580       1.370880       1.372160       1.373420       1.374650       1.375860       1.377050       1.378220       1.379360       1.380470       1.381570       1.382640       1.383690       1.384720       1.385720       1.386710       1.387670       1.388610       1.389530    
   1.363580       1.363710       1.363810       1.363950       1.363990       1.364350       1.364710       1.365970       1.366900       1.367570       1.367980       1.368240       1.369530       1.370800       1.372050       1.373280       1.374480       1.375660       1.376820       1.377960       1.379080       1.380170       1.381240       1.382300       1.383330       1.384340       1.385320       1.386290       1.387240       1.388160    
   1.363700       1.363810       1.363920       1.363990       1.364170       1.364350       1.365480       1.366900       1.367240       1.367390       1.367570       1.366910       1.368190       1.369450       1.370690       1.371910       1.373110       1.374280       1.375440       1.376570       1.377690       1.378780       1.379850       1.380910       1.381940       1.382950       1.383940       1.384920       1.385870       1.386800    
   1.363810       1.363910       1.363990       1.364080       1.364170       1.365230       1.366900       1.367070       1.367140       1.367240       1.366910       1.367550       1.368170       1.368110       1.369340       1.370550       1.371740       1.372910       1.374060       1.375190       1.376300       1.377400       1.378470       1.379520       1.380560       1.381570       1.382570       1.383550       1.384500       1.385440    
   1.363900       1.363990       1.364030       1.364080       1.365090       1.366900       1.366980       1.367020       1.367080       1.366910       1.367230       1.367680       1.368110       1.368720       1.369330       1.370540       1.371730       1.372900       1.373690       1.373820       1.374930       1.376020       1.377090       1.378150       1.379180       1.380200       1.381200       1.382180       1.383140       1.384090    
   1.363990       1.364010       1.364030       1.365030       1.366900       1.366940       1.366960       1.366990       1.366910       1.367070       1.367480       1.368110       1.368420       1.368720       1.369530       1.370540       1.371730       1.372780       1.373140       1.372460       1.373560       1.374650       1.375720       1.376780       1.377810       1.378830       1.379840       1.380820       1.381790       1.382740    
   1.364000       1.364010       1.364990       1.366900       1.366920       1.366930       1.366950       1.366910       1.366990       1.367390       1.368110       1.368260       1.368420       1.368890       1.369600       1.370600       1.372060       1.372800       1.372460       1.372740       1.372200       1.373290       1.374360       1.375410       1.376450       1.377470       1.378480       1.379470       1.380440       1.381400    
   1.364000       1.364980       1.366900       1.366910       1.366920       1.366930       1.366910       1.366950       1.367350       1.368110       1.368190       1.368260       1.368520       1.368970       1.369700       1.370670       1.372630       1.372460       1.371220       1.370860       1.371510       1.371940       1.373000       1.374060       1.375100       1.376120       1.377130       1.378120       1.379100       1.380060    
   1.364970       1.366900       1.366910       1.366910       1.366920       1.366910       1.366930       1.367330       1.368110       1.368150       1.368190       1.368320       1.368590       1.367000       1.367130       1.368470       1.368460       1.368880       1.369290       1.368840       1.369510       1.370590       1.371660       1.372710       1.373750       1.374780       1.375790       1.376780       1.377770       1.378740    
   1.366900       1.366900       1.366910       1.366920       1.366910       1.366920       1.367320       1.368110       1.368130       1.368150       1.368220       1.368370       1.365080       1.360770       1.360810       1.364170       1.364310       1.364470       1.366940       1.368180       1.368180       1.369260       1.370320       1.371380       1.372420       1.373440       1.374460       1.375460       1.376440       1.377420    
   1.366900       1.366910       1.366910       1.366910       1.366910       1.367320       1.368110       1.368120       1.368130       1.368170       1.363350       1.356000       1.359150       1.360730       1.360730       1.360810       1.363090       1.364150       1.364470       1.366270       1.366860       1.367930       1.369000       1.370050       1.371090       1.372120       1.373130       1.374130       1.375130       1.376100    
   1.366910       1.366910       1.366910       1.366910       1.367310       1.368110       1.368110       1.368120       1.368140       1.362330       1.356000       1.356000       1.356000       1.359090       1.360650       1.360650       1.360810       1.362920       1.363820       1.364470       1.365550       1.366620       1.367680       1.368730       1.369770       1.370800       1.371820       1.372820       1.373820       1.374800    
   1.366910       1.366910       1.366910       1.367310       1.368110       1.368110       1.368110       1.363360       1.359560       1.356000       1.356000       1.356000       1.356000       1.356000       1.358980       1.360500       1.360500       1.360810       1.362590       1.363170       1.364250       1.365320       1.366380       1.367430       1.368460       1.369490       1.370510       1.371520       1.372520       1.373510    
   1.366910       1.366910       1.367310       1.368110       1.368110       1.359650       1.346960       1.348020       1.349080       1.353680       1.355990       1.356000       1.356000       1.356000       1.356000       1.358760       1.360180       1.360180       1.360810       1.361890       1.362960       1.364030       1.365080       1.366130       1.367170       1.368200       1.369220       1.370230       1.371230       1.372220    
   1.366910       1.367310       1.368110       1.368110       1.357960       1.346960       1.346960       1.346960       1.348020       1.349080       1.353670       1.355970       1.356000       1.356000       1.356000       1.356000       1.358370       1.359550       1.359550       1.360620       1.361690       1.362750       1.363800       1.364850       1.365890       1.366920       1.367940       1.368950       1.369960       1.370950    
