iMOD/TUTORIALS/TUT_MetaswapAnalyser/model_MetaSWAP/meteo/Evaporation/Evaporation_20060816_L1.ASC
NCOLS                30
NROWS                30
XLLCORNER     160000.00
YLLCORNER     340000.00
CELLSIZE        1000.00
NODATA_VALUE   -9999.00
   2.526470       2.523070       2.519790       2.516640       2.513600       2.510680       2.507870       2.505160       2.502550       2.500040       2.497610       2.495270       2.493010       2.490830       2.488720       2.486670       2.484700       2.482780       2.480920       2.479120       2.477370       2.475670       2.474010       2.472400       2.470830       2.469300       2.467810       2.466350       2.464920       2.463520    
   2.523790       2.520430       2.517200       2.514090       2.511090       2.508200       2.505420       2.502740       2.500150       2.497660       2.495250       2.492930       2.490690       2.488520       2.486430       2.484400       2.482430       2.480530       2.478680       2.476890       2.475140       2.473450       2.471800       2.470190       2.468620       2.467090       2.465600       2.464140       2.462710       2.461310    
   2.521180       2.517880       2.514690       2.511610       2.508650       2.505790       2.503040       2.500390       2.497830       2.495360       2.492970       2.490670       2.488450       2.486300       2.484220       2.482200       2.480250       2.478350       2.476520       2.474730       2.472990       2.471300       2.469660       2.468050       2.466490       2.464960       2.463460       2.462000       2.460560       2.459160    
   2.518650       2.515390       2.512240       2.509210       2.506280       2.503460       2.500740       2.498110       2.495580       2.493130       2.490770       2.488490       2.486280       2.484150       2.482080       2.480080       2.478140       2.476250       2.474420       2.472640       2.470910       2.469230       2.467580       2.465980       2.464420       2.462890       2.461390       2.459920       2.458480       2.457070    
   2.516180       2.512970       2.509860       2.506870       2.503980       2.501190       2.498500       2.495900       2.493400       2.490970       2.488630       2.486370       2.484180       2.482060       2.480010       2.478020       2.476090       2.474220       2.472400       2.470630       2.468900       2.467220       2.465580       2.463980       2.462410       2.460880       2.459380       2.457910       2.456460       2.455040    
   2.513770       2.510600       2.507550       2.504600       2.501740       2.498990       2.496330       2.493760       2.491280       2.488880       2.486560       2.484320       2.482150       2.480050       2.478010       2.476040       2.474120       2.472250       2.470440       2.468670       2.466950       2.465270       2.463640       2.462030       2.460470       2.458930       2.457430       2.455950       2.454500       2.453080    
   2.511410       2.508300       2.505290       2.502380       2.499570       2.496850       2.494220       2.491680       2.489230       2.486850       2.484560       2.482340       2.480180       2.478100       2.476070       2.474110       2.472200       2.470350       2.468540       2.466780       2.465070       2.463390       2.461750       2.460150       2.458580       2.457050       2.455540       2.454060       2.452600       2.451160    
   2.509110       2.506050       2.503090       2.500220       2.497440       2.494760       2.492170       2.489660       2.487230       2.484880       2.482610       2.480410       2.478280       2.476210       2.474200       2.472250       2.470350       2.468500       2.466700       2.464950       2.463240       2.461570       2.459930       2.458330       2.456760       2.455220       2.453700       2.452210       2.450750       2.449310    
   2.506860       2.503850       2.500930       2.498110       2.495370       2.492730       2.490170       2.487690       2.485290       2.482970       2.480720       2.478540       2.476420       2.474370       2.472380       2.470440       2.468550       2.466710       2.464920       2.463180       2.461470       2.459800       2.458160       2.456560       2.454980       2.453440       2.451920       2.450430       2.448950       2.447500    
   2.504660       2.501700       2.498830       2.496050       2.493350       2.490740       2.488220       2.485770       2.483400       2.481110       2.478880       2.476720       2.474620       2.472590       2.470610       2.468680       2.466810       2.464980       2.463200       2.461450       2.459750       2.458080       2.456440       2.454840       2.453260       2.451710       2.450190       2.448690       2.447200       2.445740    
   2.504690       2.501730       2.497650       2.494030       2.491380       2.488810       2.486320       2.483900       2.481560       2.479290       2.477090       2.474950       2.472870       2.470860       2.468890       2.466980       2.465120       2.463300       2.461520       2.459780       2.458080       2.456410       2.454780       2.453170       2.451590       2.450040       2.448510       2.447000       2.445500       2.444030    
   2.504720       2.499530       2.494030       2.490600       2.489440       2.486910       2.484450       2.482070       2.479760       2.477520       2.475340       2.473230       2.471170       2.469170       2.467220       2.465320       2.463470       2.461660       2.459890       2.458160       2.456460       2.454790       2.453160       2.451550       2.449970       2.448410       2.446870       2.445350       2.443850       2.442360    
   2.501510       2.494030       2.490170       2.488490       2.487550       2.485050       2.482630       2.480290       2.478010       2.475790       2.473640       2.471550       2.469510       2.467530       2.465590       2.463710       2.461870       2.460070       2.458300       2.456580       2.454880       2.453220       2.451580       2.449970       2.448380       2.446820       2.445270       2.443750       2.442230       2.440740    
   2.494030       2.489940       2.488020       2.487550       2.485280       2.483230       2.480850       2.478540       2.476290       2.474100       2.471970       2.469900       2.467890       2.465920       2.464010       2.462140       2.460310       2.458520       2.456760       2.455040       2.453350       2.451690       2.450050       2.448440       2.446840       2.445270       2.443720       2.442180       2.440660       2.439150    
   2.489830       2.487790       2.487550       2.485350       2.483230       2.481060       2.479100       2.476820       2.474600       2.472440       2.470340       2.468300       2.466300       2.464360       2.462460       2.460600       2.458780       2.457000       2.455260       2.453540       2.451850       2.450190       2.448550       2.446940       2.445340       2.443760       2.442200       2.440660       2.439120       2.437600    
   2.487670       2.487550       2.485380       2.483230       2.481130       2.479100       2.477960       2.476840       2.473670       2.470820       2.468750       2.466730       2.464750       2.462830       2.460950       2.459100       2.457300       2.455530       2.453790       2.452080       2.450390       2.448730       2.447090       2.445480       2.443880       2.442290       2.440720       2.439170       2.437620       2.436090    
   2.487550       2.485390       2.483230       2.481150       2.479100       2.478530       2.477970       2.474820       2.470820       2.469780       2.467030       2.465180       2.463240       2.461330       2.459460       2.457640       2.455840       2.454080       2.452350       2.450650       2.448970       2.447310       2.445670       2.444050       2.442440       2.440850       2.439270       2.437710       2.436150       2.434600    
   2.485390       2.483230       2.481160       2.479100       2.478820       2.478530       2.475530       2.470820       2.470300       2.467150       2.464430       2.463670       2.461740       2.459860       2.458010       2.456200       2.454420       2.452670       2.450950       2.449250       2.447570       2.445910       2.444270       2.442650       2.441040       2.439440       2.437860       2.436280       2.434710       2.433150    
   2.483230       2.481160       2.479100       2.478960       2.478820       2.475930       2.470820       2.470560       2.467200       2.464050       2.463670       2.462710       2.460920       2.458410       2.456580       2.454790       2.453020       2.451280       2.449570       2.447880       2.446200       2.444550       2.442910       2.441280       2.439670       2.438060       2.436470       2.434880       2.433300       2.431720    
   2.481160       2.479100       2.479030       2.478960       2.476130       2.470820       2.470690       2.467220       2.463860       2.463670       2.463190       2.461430       2.458410       2.457490       2.456590       2.454800       2.453030       2.451290       2.448090       2.446530       2.444860       2.443210       2.441570       2.439940       2.438320       2.436710       2.435100       2.433500       2.431910       2.430320    
   2.479100       2.479060       2.479030       2.476230       2.470820       2.470760       2.467230       2.463760       2.463670       2.463430       2.461670       2.458410       2.457950       2.457500       2.456300       2.454810       2.453040       2.448700       2.445870       2.445210       2.443540       2.441890       2.440250       2.438620       2.436990       2.435370       2.433760       2.432150       2.430540       2.428930    
   2.479080       2.479060       2.476290       2.470820       2.470790       2.467240       2.463720       2.463670       2.463550       2.461800       2.458410       2.458180       2.457950       2.457250       2.456200       2.454710       2.449460       2.445540       2.445210       2.443660       2.442240       2.440590       2.438950       2.437320       2.435690       2.434060       2.432440       2.430810       2.429190       2.427570    
   2.479080       2.476310       2.470820       2.470800       2.467240       2.463690       2.463670       2.463610       2.461860       2.458410       2.458300       2.458180       2.457790       2.457130       2.456050       2.449430       2.445370       2.445210       2.442230       2.440970       2.439980       2.439310       2.437670       2.436030       2.434400       2.432760       2.431130       2.429490       2.427860       2.426220    
   2.476330       2.470820       2.470810       2.467240       2.463680       2.463670       2.463640       2.461890       2.458410       2.458350       2.458300       2.458090       2.457700       2.451920       2.446480       2.441400       2.441400       2.440520       2.439490       2.439060       2.439690       2.438050       2.436410       2.434760       2.433120       2.431480       2.429840       2.428190       2.426540       2.424890    
   2.470820       2.470820       2.467240       2.463680       2.463670       2.463650       2.461900       2.458410       2.458380       2.458350       2.458250       2.458030       2.448200       2.436660       2.436700       2.438160       2.437430       2.437580       2.438090       2.438440       2.438440       2.436790       2.435150       2.433510       2.431860       2.430210       2.428560       2.426900       2.425240       2.423570    
   2.470820       2.467240       2.463670       2.463670       2.463660       2.461910       2.458410       2.458400       2.458380       2.458330       2.448710       2.434470       2.435900       2.436620       2.436620       2.436700       2.437120       2.437270       2.437580       2.437290       2.437190       2.435550       2.433910       2.432260       2.430610       2.428950       2.427290       2.425610       2.423940       2.422250    
   2.467240       2.463670       2.463670       2.463670       2.461910       2.458410       2.458400       2.458400       2.458370       2.446870       2.434470       2.434470       2.434470       2.435840       2.436540       2.436540       2.436700       2.436920       2.436960       2.437580       2.435950       2.434310       2.432670       2.431020       2.429360       2.427700       2.426020       2.424340       2.422640       2.420940    
   2.463670       2.463670       2.463670       2.461920       2.458410       2.458410       2.458400       2.451090       2.443340       2.434470       2.434470       2.434470       2.434470       2.434470       2.435720       2.436390       2.436390       2.436700       2.436430       2.436340       2.434710       2.433080       2.431440       2.429780       2.428120       2.426450       2.424760       2.423060       2.421350       2.419630    
   2.463670       2.463670       2.461920       2.458410       2.458410       2.446710       2.429160       2.429180       2.429210       2.432710       2.434460       2.434470       2.434470       2.434470       2.434470       2.435500       2.436070       2.436080       2.436700       2.435090       2.433470       2.431840       2.430200       2.428550       2.426880       2.425200       2.423500       2.421790       2.420060       2.418320    
   2.463670       2.461920       2.458410       2.458410       2.444370       2.429160       2.429160       2.429160       2.429180       2.429210       2.432690       2.434440       2.434470       2.434470       2.434470       2.434470       2.435060       2.435440       2.435450       2.433850       2.432240       2.430610       2.428970       2.427310       2.425640       2.423940       2.422230       2.420510       2.418770       2.417010    
