iMOD/TUTORIALS/TUT_MetaswapAnalyser/model_MetaSWAP/meteo/Evaporation/Evaporation_20050221_L1.ASC
NCOLS                30
NROWS                30
XLLCORNER     160000.00
YLLCORNER     340000.00
CELLSIZE        1000.00
NODATA_VALUE   -9999.00
  0.6260200      0.6271900      0.6283600      0.6295400      0.6307300      0.6319200      0.6331100      0.6343000      0.6355000      0.6366900      0.6378700      0.6390600      0.6402300      0.6414100      0.6425700      0.6437300      0.6448700      0.6460100      0.6471400      0.6482600      0.6493700      0.6504600      0.6515500      0.6526200      0.6536800      0.6547300      0.6557700      0.6567900      0.6578100      0.6588100    
  0.6253000      0.6264500      0.6276000      0.6287600      0.6299300      0.6311000      0.6322700      0.6334500      0.6346200      0.6357900      0.6369600      0.6381300      0.6392900      0.6404500      0.6416000      0.6427400      0.6438800      0.6450100      0.6461300      0.6472300      0.6483300      0.6494200      0.6505000      0.6515700      0.6526300      0.6536700      0.6547100      0.6557300      0.6567500      0.6577500    
  0.6245800      0.6257000      0.6268400      0.6279800      0.6291300      0.6302800      0.6314300      0.6325900      0.6337400      0.6349000      0.6360500      0.6372000      0.6383500      0.6394900      0.6406300      0.6417600      0.6428800      0.6440000      0.6451100      0.6462100      0.6473000      0.6483800      0.6494500      0.6505200      0.6515700      0.6526100      0.6536500      0.6546700      0.6556800      0.6566800    
  0.6238500      0.6249600      0.6260700      0.6271900      0.6283200      0.6294500      0.6305900      0.6317200      0.6328600      0.6340000      0.6351400      0.6362700      0.6374000      0.6385300      0.6396600      0.6407700      0.6418900      0.6429900      0.6440900      0.6451800      0.6462600      0.6473400      0.6484100      0.6494600      0.6505100      0.6515500      0.6525800      0.6536000      0.6546100      0.6556100    
  0.6231200      0.6242000      0.6253000      0.6264000      0.6275100      0.6286200      0.6297400      0.6308600      0.6319800      0.6331000      0.6342200      0.6353400      0.6364600      0.6375700      0.6386800      0.6397900      0.6408900      0.6419800      0.6430700      0.6441500      0.6452300      0.6463000      0.6473600      0.6484100      0.6494500      0.6504900      0.6515100      0.6525300      0.6535400      0.6545400    
  0.6223800      0.6234500      0.6245300      0.6256100      0.6267000      0.6277900      0.6288900      0.6299900      0.6311000      0.6322000      0.6333100      0.6344100      0.6355100      0.6366100      0.6377100      0.6388000      0.6398900      0.6409700      0.6420500      0.6431200      0.6441900      0.6452500      0.6463100      0.6473500      0.6483900      0.6494200      0.6504500      0.6514600      0.6524700      0.6534700    
  0.6216400      0.6226900      0.6237500      0.6248100      0.6258900      0.6269600      0.6280400      0.6291300      0.6302100      0.6313000      0.6323900      0.6334800      0.6345600      0.6356500      0.6367300      0.6378100      0.6388900      0.6399600      0.6410300      0.6421000      0.6431500      0.6442100      0.6452500      0.6463000      0.6473300      0.6483600      0.6493800      0.6503900      0.6514000      0.6524000    
  0.6208900      0.6219300      0.6229700      0.6240200      0.6250700      0.6261300      0.6271900      0.6282600      0.6293300      0.6304000      0.6314700      0.6325400      0.6336200      0.6346900      0.6357600      0.6368300      0.6378900      0.6389500      0.6400100      0.6410700      0.6421200      0.6431600      0.6442000      0.6452400      0.6462700      0.6472900      0.6483100      0.6493200      0.6503300      0.6513300    
  0.6201400      0.6211600      0.6221800      0.6232100      0.6242500      0.6252900      0.6263400      0.6273900      0.6284400      0.6294900      0.6305500      0.6316100      0.6326700      0.6337200      0.6347800      0.6358400      0.6368900      0.6379400      0.6389900      0.6400400      0.6410800      0.6421200      0.6431500      0.6441800      0.6452100      0.6462300      0.6472400      0.6482500      0.6492500      0.6502500    
  0.6193900      0.6203900      0.6214000      0.6224100      0.6234300      0.6244500      0.6254800      0.6265100      0.6275500      0.6285900      0.6296300      0.6306700      0.6317200      0.6327600      0.6338100      0.6348500      0.6358900      0.6369300      0.6379700      0.6390100      0.6400400      0.6410700      0.6421000      0.6431200      0.6441400      0.6451600      0.6461700      0.6471800      0.6481800      0.6491800    
  0.6193930      0.6203930      0.6214530      0.6216100      0.6226100      0.6236100      0.6246300      0.6256400      0.6266600      0.6276900      0.6287100      0.6297400      0.6307700      0.6318000      0.6328300      0.6338600      0.6348900      0.6359200      0.6369500      0.6379800      0.6390100      0.6400300      0.6410500      0.6420700      0.6430800      0.6440900      0.6451000      0.6461100      0.6471100      0.6481000    
  0.6193970      0.6207120      0.6216100      0.6217400      0.6217800      0.6227700      0.6237700      0.6247700      0.6257700      0.6267800      0.6277900      0.6288100      0.6298200      0.6308400      0.6318600      0.6328800      0.6339000      0.6349200      0.6359400      0.6369500      0.6379700      0.6389900      0.6400000      0.6410100      0.6420200      0.6430300      0.6440400      0.6450400      0.6460300      0.6470300    
  0.6200310      0.6216100      0.6214200      0.6213700      0.6209600      0.6219300      0.6229100      0.6239000      0.6248800      0.6258800      0.6268700      0.6278700      0.6288700      0.6298800      0.6308800      0.6318900      0.6329000      0.6339100      0.6349200      0.6359300      0.6369400      0.6379500      0.6389500      0.6399600      0.6409600      0.6419700      0.6429700      0.6439700      0.6449600      0.6459600    
  0.6216100      0.6212890      0.6211650      0.6209600      0.6213270      0.6210900      0.6220500      0.6230200      0.6239900      0.6249700      0.6259500      0.6269400      0.6279300      0.6289200      0.6299100      0.6309100      0.6319000      0.6329000      0.6339000      0.6349000      0.6359000      0.6369100      0.6379100      0.6389100      0.6399100      0.6409100      0.6419000      0.6429000      0.6438900      0.6448900    
  0.6212300      0.6210630      0.6209600      0.6211260      0.6210900      0.6214470      0.6212000      0.6221500      0.6231100      0.6240700      0.6250400      0.6260100      0.6269800      0.6279600      0.6289400      0.6299200      0.6309100      0.6319000      0.6328900      0.6338800      0.6348700      0.6358700      0.6368600      0.6378600      0.6388500      0.6398500      0.6408400      0.6418300      0.6428300      0.6438200    
  0.6210110      0.6209600      0.6210590      0.6210900      0.6212460      0.6212000      0.6216750      0.6221530      0.6231250      0.6231700      0.6241200      0.6250800      0.6260400      0.6270000      0.6279700      0.6289400      0.6299200      0.6309000      0.6318800      0.6328600      0.6338400      0.6348300      0.6358200      0.6368100      0.6378000      0.6387900      0.6397800      0.6407700      0.6417600      0.6427500    
  0.6209600      0.6210360      0.6210900      0.6211790      0.6212000      0.6214380      0.6216760      0.6225310      0.6231700      0.6236450      0.6239480      0.6241500      0.6250900      0.6260500      0.6270000      0.6279600      0.6289300      0.6299000      0.6308700      0.6318400      0.6328200      0.6338000      0.6347800      0.6357600      0.6367500      0.6377300      0.6387200      0.6397100      0.6407000      0.6416900    
  0.6210290      0.6210900      0.6211560      0.6212000      0.6213190      0.6214380      0.6222040      0.6231700      0.6234070      0.6235340      0.6236850      0.6232200      0.6241500      0.6250900      0.6260400      0.6269900      0.6279400      0.6289000      0.6298600      0.6308300      0.6317900      0.6327700      0.6337400      0.6347200      0.6357000      0.6366800      0.6376700      0.6386500      0.6396400      0.6406300    
  0.6210900      0.6211490      0.6212000      0.6212590      0.6213190      0.6220330      0.6231700      0.6232890      0.6233570      0.6234530      0.6232200      0.6236850      0.6241500      0.6241400      0.6250800      0.6260100      0.6269600      0.6279000      0.6288600      0.6298100      0.6307700      0.6317400      0.6327100      0.6336800      0.6346500      0.6356300      0.6366100      0.6376000      0.6385800      0.6395700    
  0.6211460      0.6212000      0.6212300      0.6212590      0.6219450      0.6231700      0.6232290      0.6232740      0.6233360      0.6232200      0.6234530      0.6237990      0.6241400      0.6246100      0.6250770      0.6260170      0.6269570      0.6279070      0.6286340      0.6288000      0.6297600      0.6307100      0.6316800      0.6326400      0.6336100      0.6345900      0.6355700      0.6365500      0.6375300      0.6385100    
  0.6212000      0.6212150      0.6212300      0.6219010      0.6231700      0.6232000      0.6232340      0.6232780      0.6232200      0.6233360      0.6236530      0.6241400      0.6243750      0.6246090      0.6252340      0.6260170      0.6269600      0.6279190      0.6283000      0.6278000      0.6287400      0.6296900      0.6306500      0.6316100      0.6325800      0.6335500      0.6345200      0.6355000      0.6364800      0.6374600    
  0.6212070      0.6212150      0.6218790      0.6231700      0.6231850      0.6232150      0.6232490      0.6232200      0.6232780      0.6235870      0.6241400      0.6242580      0.6243750      0.6247390      0.6252870      0.6260700      0.6273490      0.6280500      0.6278000      0.6280900      0.6277300      0.6286800      0.6296300      0.6305800      0.6315400      0.6325100      0.6334800      0.6344600      0.6354400      0.6364200    
  0.6212070      0.6218680      0.6231700      0.6231770      0.6232050      0.6232350      0.6232200      0.6232490      0.6235560      0.6241400      0.6241990      0.6242570      0.6244570      0.6248000      0.6253650      0.6262920      0.6279250      0.6278000      0.6269620      0.6267300      0.6272920      0.6276600      0.6286100      0.6295600      0.6305200      0.6314800      0.6324500      0.6334200      0.6344000      0.6353800    
  0.6218620      0.6231700      0.6231740      0.6232000      0.6232270      0.6232200      0.6232350      0.6235410      0.6241400      0.6241690      0.6241990      0.6243040      0.6245050      0.6234180      0.6236570      0.6248310      0.6248300      0.6251920      0.6255640      0.6252300      0.6257300      0.6266600      0.6275900      0.6285400      0.6294900      0.6304500      0.6314200      0.6323900      0.6333600      0.6343400    
  0.6231700      0.6231720      0.6231970      0.6232240      0.6232200      0.6232270      0.6235340      0.6241400      0.6241550      0.6241690      0.6242240      0.6243360      0.6220480      0.6190210      0.6190500      0.6216050      0.6217390      0.6218600      0.6237740      0.6247330      0.6247300      0.6256500      0.6265900      0.6275300      0.6284700      0.6294300      0.6303900      0.6313600      0.6323400      0.6333200    
  0.6231710      0.6231960      0.6232220      0.6232200      0.6232240      0.6235300      0.6241400      0.6241470      0.6241550      0.6241830      0.6207060      0.6154000      0.6177900      0.6189910      0.6189910      0.6190500      0.6208020      0.6216180      0.6218600      0.6232730      0.6237400      0.6246600      0.6255800      0.6265200      0.6274600      0.6284100      0.6293700      0.6303400      0.6313100      0.6322900    
  0.6231960      0.6232210      0.6232200      0.6232220      0.6235280      0.6241400      0.6241440      0.6241470      0.6241620      0.6199690      0.6154000      0.6154000      0.6154000      0.6177460      0.6189320      0.6189320      0.6190500      0.6206790      0.6213750      0.6218600      0.6227600      0.6236700      0.6245900      0.6255200      0.6264600      0.6274100      0.6283600      0.6293300      0.6303000      0.6312800    
  0.6232200      0.6232200      0.6232210      0.6235280      0.6241400      0.6241420      0.6241440      0.6206580      0.6179180      0.6153980      0.6154000      0.6154000      0.6154000      0.6154000      0.6176620      0.6188150      0.6188150      0.6190500      0.6204320      0.6208900      0.6217800      0.6226800      0.6236000      0.6245200      0.6254600      0.6264000      0.6273600      0.6283200      0.6292900      0.6302700    
  0.6232200      0.6232200      0.6235270      0.6241400      0.6241410      0.6179250      0.6086000      0.6093900      0.6101800      0.6136530      0.6153930      0.6154000      0.6154000      0.6154000      0.6154000      0.6175000      0.6185800      0.6185800      0.6190500      0.6199300      0.6208100      0.6217100      0.6226200      0.6235400      0.6244700      0.6254100      0.6263600      0.6273200      0.6282900      0.6292700    
  0.6232200      0.6235270      0.6241400      0.6241410      0.6166800      0.6085980      0.6085980      0.6086000      0.6093900      0.6101800      0.6136410      0.6153780      0.6154000      0.6154000      0.6154000      0.6154000      0.6172050      0.6181100      0.6181100      0.6189700      0.6198500      0.6207400      0.6216400      0.6225600      0.6234900      0.6244200      0.6253700      0.6263300      0.6273000      0.6282800    
