iMOD/TUTORIALS/TUT_MetaswapAnalyser/model_MetaSWAP/meteo/Evaporation/Evaporation_20060211_L1.ASC
NCOLS                30
NROWS                30
XLLCORNER     160000.00
YLLCORNER     340000.00
CELLSIZE        1000.00
NODATA_VALUE   -9999.00
  0.2924300      0.2894900      0.2865600      0.2836400      0.2807400      0.2778600      0.2750000      0.2721700      0.2693500      0.2665600      0.2637900      0.2610600      0.2583500      0.2556600      0.2530100      0.2503900      0.2478000      0.2452400      0.2427100      0.2402200      0.2377600      0.2353300      0.2329400      0.2305800      0.2282600      0.2259700      0.2237100      0.2214900      0.2193100      0.2171600    
  0.2933100      0.2903700      0.2874500      0.2845500      0.2816600      0.2787900      0.2759400      0.2731200      0.2703100      0.2675300      0.2647700      0.2620400      0.2593400      0.2566600      0.2540100      0.2514000      0.2488100      0.2462500      0.2437300      0.2412400      0.2387800      0.2363600      0.2339600      0.2316100      0.2292800      0.2269900      0.2247300      0.2225100      0.2203200      0.2181700    
  0.2941700      0.2912500      0.2883400      0.2854500      0.2825800      0.2797200      0.2768800      0.2740600      0.2712600      0.2684900      0.2657400      0.2630200      0.2603200      0.2576500      0.2550100      0.2524000      0.2498200      0.2472600      0.2447400      0.2422600      0.2398000      0.2373800      0.2349800      0.2326300      0.2303000      0.2280100      0.2257500      0.2235300      0.2213400      0.2191800    
  0.2950300      0.2921200      0.2892300      0.2863500      0.2834800      0.2806400      0.2778100      0.2750000      0.2722100      0.2694500      0.2667100      0.2639900      0.2613000      0.2586400      0.2560000      0.2534000      0.2508200      0.2482700      0.2457500      0.2432700      0.2408100      0.2383900      0.2360000      0.2336400      0.2313200      0.2290300      0.2267700      0.2245400      0.2223500      0.2201900    
  0.2958900      0.2929900      0.2901100      0.2872400      0.2843800      0.2815500      0.2787300      0.2759300      0.2731500      0.2704000      0.2676600      0.2649600      0.2622700      0.2596200      0.2569900      0.2543900      0.2518100      0.2492700      0.2467600      0.2442700      0.2418200      0.2394000      0.2370100      0.2346600      0.2323300      0.2300400      0.2277800      0.2255500      0.2233600      0.2211900    
  0.2967400      0.2938500      0.2909800      0.2881200      0.2852800      0.2824500      0.2796400      0.2768600      0.2740900      0.2713400      0.2686200      0.2659200      0.2632400      0.2605900      0.2579700      0.2553700      0.2528000      0.2502600      0.2477500      0.2452700      0.2428200      0.2404100      0.2380200      0.2356600      0.2333400      0.2310500      0.2287900      0.2265600      0.2243600      0.2222000    
  0.2975800      0.2947100      0.2918500      0.2890000      0.2861700      0.2833500      0.2805500      0.2777700      0.2750200      0.2722800      0.2695600      0.2668700      0.2642000      0.2615600      0.2589400      0.2563500      0.2537900      0.2512500      0.2487500      0.2462700      0.2438200      0.2414100      0.2390200      0.2366700      0.2343400      0.2320500      0.2297900      0.2275600      0.2253600      0.2232000    
  0.2984200      0.2955600      0.2927100      0.2898700      0.2870500      0.2842500      0.2814600      0.2786900      0.2759400      0.2732100      0.2705000      0.2678200      0.2651500      0.2625200      0.2599100      0.2573200      0.2547600      0.2522300      0.2497300      0.2472600      0.2448200      0.2424000      0.2400200      0.2376600      0.2353400      0.2330500      0.2307900      0.2285600      0.2263600      0.2241900    
  0.2992500      0.2964000      0.2935600      0.2907400      0.2879300      0.2851300      0.2823500      0.2795900      0.2768500      0.2741300      0.2714300      0.2687600      0.2661000      0.2634700      0.2608700      0.2582900      0.2557400      0.2532100      0.2507100      0.2482400      0.2458000      0.2433900      0.2410100      0.2386600      0.2363400      0.2340500      0.2317800      0.2295500      0.2273500      0.2251800    
  0.3000700      0.2972400      0.2944100      0.2916000      0.2888000      0.2860100      0.2832500      0.2805000      0.2777600      0.2750500      0.2723600      0.2696900      0.2670500      0.2644200      0.2618200      0.2592500      0.2567000      0.2541800      0.2516900      0.2492200      0.2467900      0.2443800      0.2420000      0.2396500      0.2373300      0.2350400      0.2327800      0.2305500      0.2283400      0.2261700    
  0.3000770      0.2972400      0.2939250      0.2924500      0.2896600      0.2868900      0.2841300      0.2813900      0.2786700      0.2759600      0.2732800      0.2706200      0.2679800      0.2653700      0.2627700      0.2602100      0.2576600      0.2551500      0.2526600      0.2502000      0.2477600      0.2453600      0.2429800      0.2406300      0.2383100      0.2360200      0.2337600      0.2315300      0.2293300      0.2271600    
  0.3000790      0.2959230      0.2924500      0.2910030      0.2905200      0.2877600      0.2850100      0.2822800      0.2795700      0.2768700      0.2742000      0.2715400      0.2689100      0.2663000      0.2637200      0.2611600      0.2586200      0.2561100      0.2536200      0.2511700      0.2487400      0.2463300      0.2439600      0.2416100      0.2392900      0.2370100      0.2347500      0.2325200      0.2303100      0.2281400    
  0.2978440      0.2924500      0.2914460      0.2909500      0.2913800      0.2886200      0.2858900      0.2831600      0.2804600      0.2777700      0.2751100      0.2724600      0.2698400      0.2672300      0.2646500      0.2621000      0.2595700      0.2570600      0.2545800      0.2521300      0.2497000      0.2473000      0.2449300      0.2425900      0.2402700      0.2379800      0.2357300      0.2335000      0.2312900      0.2291200    
  0.2924500      0.2916100      0.2911650      0.2913800      0.2898270      0.2894800      0.2867500      0.2840400      0.2813500      0.2786700      0.2760100      0.2733700      0.2707600      0.2681600      0.2655900      0.2630400      0.2605100      0.2580100      0.2555400      0.2530900      0.2506600      0.2482700      0.2459000      0.2435600      0.2412400      0.2389600      0.2367000      0.2344700      0.2322700      0.2301000    
  0.2916780      0.2912720      0.2913800      0.2902290      0.2894800      0.2879500      0.2876200      0.2849100      0.2822300      0.2795600      0.2769100      0.2742800      0.2716700      0.2690800      0.2665100      0.2639700      0.2614500      0.2589600      0.2564800      0.2540400      0.2516200      0.2492300      0.2468600      0.2445200      0.2422100      0.2399300      0.2376700      0.2354400      0.2332400      0.2310700    
  0.2913260      0.2913800      0.2903630      0.2894800      0.2883500      0.2876200      0.2862650      0.2849200      0.2817850      0.2804400      0.2778000      0.2751800      0.2725800      0.2699900      0.2674400      0.2649000      0.2623800      0.2598900      0.2574300      0.2549900      0.2525700      0.2501800      0.2478200      0.2454800      0.2431700      0.2408900      0.2386400      0.2364100      0.2342100      0.2320400    
  0.2913800      0.2904080      0.2894800      0.2884830      0.2876200      0.2869430      0.2862680      0.2833520      0.2804400      0.2791200      0.2772900      0.2760700      0.2734800      0.2709000      0.2683500      0.2658200      0.2633100      0.2608300      0.2583700      0.2559300      0.2535200      0.2511300      0.2487700      0.2464400      0.2441300      0.2418500      0.2396000      0.2373700      0.2351700      0.2330000    
  0.2904230      0.2894800      0.2885280      0.2876200      0.2872810      0.2869440      0.2842510      0.2804400      0.2797800      0.2780650      0.2765150      0.2769600      0.2743800      0.2718100      0.2692600      0.2667400      0.2642300      0.2617500      0.2593000      0.2568700      0.2544600      0.2520800      0.2497200      0.2473900      0.2450900      0.2428100      0.2405600      0.2383300      0.2361300      0.2339600    
  0.2894800      0.2885430      0.2876200      0.2874510      0.2872820      0.2847290      0.2804400      0.2801100      0.2783960      0.2767380      0.2769600      0.2756700      0.2739650      0.2727100      0.2701700      0.2676500      0.2651500      0.2626800      0.2602300      0.2578000      0.2554000      0.2530200      0.2506700      0.2483400      0.2460400      0.2437600      0.2415100      0.2392900      0.2370900      0.2349200    
  0.2885480      0.2876200      0.2875350      0.2874510      0.2849750      0.2804400      0.2802750      0.2785510      0.2768490      0.2769600      0.2763150      0.2748260      0.2727100      0.2714400      0.2701770      0.2676570      0.2651600      0.2626870      0.2598180      0.2587300      0.2563300      0.2539500      0.2516000      0.2492800      0.2469800      0.2447100      0.2424600      0.2402400      0.2380400      0.2358800    
  0.2876200      0.2875780      0.2875350      0.2851000      0.2804400      0.2803570      0.2786260      0.2769040      0.2769600      0.2766370      0.2752030      0.2727100      0.2720750      0.2714420      0.2697580      0.2676640      0.2651680      0.2613010      0.2591900      0.2596500      0.2572600      0.2548800      0.2525400      0.2502200      0.2479200      0.2456500      0.2434100      0.2411900      0.2389900      0.2368300    
  0.2875990      0.2875780      0.2851630      0.2804400      0.2803990      0.2786630      0.2769320      0.2769600      0.2767990      0.2753780      0.2727100      0.2723930      0.2720760      0.2710920      0.2696210      0.2675300      0.2626410      0.2594200      0.2596500      0.2583630      0.2581800      0.2558100      0.2534700      0.2511500      0.2488600      0.2465900      0.2443500      0.2421300      0.2399400      0.2377700    
  0.2875990      0.2851950      0.2804400      0.2804190      0.2786820      0.2769460      0.2769600      0.2768790      0.2754620      0.2727100      0.2725510      0.2723930      0.2718530      0.2709300      0.2694140      0.2643390      0.2595350      0.2596500      0.2593930      0.2590950      0.2576760      0.2567300      0.2544000      0.2520800      0.2497900      0.2475300      0.2452900      0.2430700      0.2408800      0.2387200    
  0.2852110      0.2804400      0.2804300      0.2786910      0.2769530      0.2769600      0.2769200      0.2755030      0.2727100      0.2726310      0.2725510      0.2722660      0.2717250      0.2703640      0.2670280      0.2623690      0.2623700      0.2613140      0.2601590      0.2604650      0.2600100      0.2576500      0.2553200      0.2530100      0.2507200      0.2484600      0.2462200      0.2440100      0.2418200      0.2396600    
  0.2804400      0.2804350      0.2786950      0.2769560      0.2769600      0.2769400      0.2755230      0.2727100      0.2726700      0.2726310      0.2724830      0.2721810      0.2705920      0.2692870      0.2692600      0.2658540      0.2652020      0.2650900      0.2622780      0.2609170      0.2609200      0.2585700      0.2562400      0.2539300      0.2516500      0.2493900      0.2471500      0.2449400      0.2427600      0.2406000    
  0.2804370      0.2786980      0.2769580      0.2769600      0.2769500      0.2755330      0.2727100      0.2726900      0.2726700      0.2725950      0.2731670      0.2742700      0.2709710      0.2693150      0.2693150      0.2692600      0.2665850      0.2653150      0.2650900      0.2626400      0.2618200      0.2594800      0.2571500      0.2548500      0.2525700      0.2503100      0.2480800      0.2458700      0.2436900      0.2415300    
  0.2786990      0.2769590      0.2769600      0.2769550      0.2755380      0.2727100      0.2727000      0.2726900      0.2726520      0.2733940      0.2742700      0.2742700      0.2742700      0.2710110      0.2693700      0.2693700      0.2692600      0.2666740      0.2655400      0.2650900      0.2627300      0.2603800      0.2580600      0.2557600      0.2534800      0.2512300      0.2490000      0.2468000      0.2446200      0.2424600    
  0.2769600      0.2769600      0.2769570      0.2755410      0.2727100      0.2727050      0.2727000      0.2747530      0.2750810      0.2742720      0.2742700      0.2742700      0.2742700      0.2742700      0.2710880      0.2694800      0.2694800      0.2692600      0.2668050      0.2659900      0.2636200      0.2612800      0.2589700      0.2566700      0.2544000      0.2521500      0.2499200      0.2477200      0.2455400      0.2433900    
  0.2769600      0.2769590      0.2755420      0.2727100      0.2727080      0.2773070      0.2842100      0.2825900      0.2809700      0.2765100      0.2742770      0.2742700      0.2742700      0.2742700      0.2742700      0.2712330      0.2696990      0.2697000      0.2692600      0.2668800      0.2645200      0.2621800      0.2598700      0.2575800      0.2553100      0.2530600      0.2508400      0.2486400      0.2464700      0.2443200    
  0.2769590      0.2755430      0.2727100      0.2727090      0.2782300      0.2842120      0.2842120      0.2842100      0.2825900      0.2809700      0.2765220      0.2742910      0.2742700      0.2742700      0.2742700      0.2742700      0.2714840      0.2701370      0.2701400      0.2677600      0.2654100      0.2630800      0.2607700      0.2584800      0.2562200      0.2539800      0.2517600      0.2495600      0.2473900      0.2452400    
