iMOD/TUTORIALS/TUT_MetaswapAnalyser/model_MetaSWAP/meteo/Evaporation/Evaporation_20060919_L1.ASC
NCOLS                30
NROWS                30
XLLCORNER     160000.00
YLLCORNER     340000.00
CELLSIZE        1000.00
NODATA_VALUE   -9999.00
   1.195400       1.191700       1.188080       1.184540       1.181060       1.177650       1.174310       1.171020       1.167790       1.164610       1.161480       1.158390       1.155350       1.152340       1.149380       1.146440       1.143540       1.140670       1.137830       1.135010       1.132210       1.129430       1.126670       1.123930       1.121210       1.118500       1.115800       1.113110       1.110430       1.107770    
   1.199640       1.195960       1.192350       1.188810       1.185340       1.181930       1.178590       1.175300       1.172070       1.168890       1.165760       1.162670       1.159620       1.156610       1.153630       1.150690       1.147780       1.144900       1.142050       1.139210       1.136400       1.133610       1.130840       1.128080       1.125340       1.122610       1.119890       1.117180       1.114480       1.111800    
   1.203920       1.200250       1.196650       1.193120       1.189650       1.186250       1.182910       1.179630       1.176390       1.173210       1.170070       1.166980       1.163930       1.160910       1.157930       1.154980       1.152060       1.149170       1.146300       1.143460       1.140630       1.137830       1.135040       1.132270       1.129500       1.126760       1.124020       1.121290       1.118570       1.115860    
   1.208240       1.204580       1.200990       1.197460       1.194000       1.190610       1.187270       1.183980       1.180750       1.177570       1.174430       1.171330       1.168270       1.165250       1.162270       1.159310       1.156380       1.153480       1.150600       1.147740       1.144900       1.142080       1.139280       1.136490       1.133710       1.130940       1.128180       1.125430       1.122690       1.119960    
   1.212580       1.208930       1.205350       1.201840       1.198390       1.194990       1.191660       1.188380       1.185150       1.181960       1.178820       1.175720       1.172660       1.169630       1.166640       1.163670       1.160730       1.157820       1.154930       1.152060       1.149210       1.146370       1.143550       1.140740       1.137940       1.135160       1.132380       1.129610       1.126840       1.124080    
   1.216950       1.213320       1.209750       1.206240       1.202800       1.199410       1.196080       1.192800       1.189570       1.186380       1.183240       1.180140       1.177070       1.174040       1.171040       1.168070       1.165120       1.162200       1.159290       1.156410       1.153540       1.150690       1.147850       1.145030       1.142210       1.139410       1.136610       1.133810       1.131030       1.128240    
   1.221350       1.217730       1.214170       1.210680       1.207240       1.203860       1.200530       1.197250       1.194020       1.190840       1.187700       1.184590       1.181520       1.178480       1.175470       1.172490       1.169540       1.166600       1.163690       1.160790       1.157910       1.155040       1.152190       1.149350       1.146510       1.143680       1.140860       1.138050       1.135240       1.132430    
   1.225780       1.222170       1.218620       1.215130       1.211700       1.208330       1.205010       1.201730       1.198510       1.195320       1.192180       1.189070       1.185990       1.182950       1.179940       1.176950       1.173980       1.171040       1.168110       1.165200       1.162310       1.159420       1.156550       1.153690       1.150840       1.147990       1.145150       1.142310       1.139480       1.136640    
   1.230220       1.226620       1.223090       1.219610       1.216190       1.212830       1.209510       1.206240       1.203010       1.199830       1.196680       1.193570       1.190490       1.187450       1.184420       1.181430       1.178450       1.175500       1.172560       1.169640       1.166730       1.163830       1.160940       1.158060       1.155190       1.152320       1.149460       1.146600       1.143740       1.140880    
   1.234680       1.231100       1.227580       1.224110       1.220700       1.217340       1.214030       1.210760       1.207540       1.204360       1.201210       1.198100       1.195020       1.191970       1.188940       1.185930       1.182950       1.179990       1.177040       1.174100       1.171180       1.168270       1.165360       1.162460       1.159570       1.156680       1.153790       1.150910       1.148020       1.145140    
   1.234700       1.231120       1.227850       1.228630       1.225230       1.221880       1.218570       1.215310       1.212090       1.208910       1.205760       1.202650       1.199560       1.196510       1.193470       1.190460       1.187470       1.184500       1.181540       1.178590       1.175650       1.172720       1.169800       1.166880       1.163970       1.161060       1.158150       1.155240       1.152330       1.149420    
   1.234720       1.230580       1.228630       1.229490       1.229770       1.226430       1.223130       1.219870       1.216660       1.213480       1.210330       1.207220       1.204130       1.201070       1.198030       1.195010       1.192010       1.189030       1.186060       1.183090       1.180140       1.177200       1.174260       1.171320       1.168390       1.165460       1.162530       1.159590       1.156660       1.153720    
   1.233080       1.228630       1.231120       1.232050       1.234330       1.230990       1.227700       1.224450       1.221240       1.218060       1.214920       1.211800       1.208710       1.205650       1.202610       1.199580       1.196570       1.193580       1.190590       1.187620       1.184650       1.181690       1.178740       1.175780       1.172830       1.169880       1.166920       1.163960       1.161000       1.158040    
   1.228630       1.231820       1.233190       1.234330       1.233630       1.235570       1.232290       1.229040       1.225830       1.222660       1.219520       1.216400       1.213310       1.210240       1.207200       1.204160       1.201150       1.198140       1.195150       1.192160       1.189180       1.186210       1.183230       1.180260       1.177290       1.174310       1.171330       1.168350       1.165370       1.162380    
   1.232130       1.233760       1.234330       1.234510       1.235570       1.234910       1.236880       1.233640       1.230440       1.227270       1.224130       1.221010       1.217920       1.214850       1.211800       1.208760       1.205740       1.202720       1.199720       1.196720       1.193730       1.190730       1.187740       1.184750       1.181760       1.178760       1.175760       1.172750       1.169740       1.166720    
   1.234050       1.234330       1.234800       1.235570       1.235790       1.236880       1.235260       1.233650       1.230810       1.231890       1.228750       1.225640       1.222540       1.219470       1.216410       1.213370       1.210340       1.207320       1.204300       1.201290       1.198280       1.195270       1.192270       1.189260       1.186240       1.183220       1.180200       1.177170       1.174130       1.171080    
   1.234330       1.234900       1.235570       1.236080       1.236880       1.236070       1.235260       1.232900       1.231890       1.230320       1.230290       1.230270       1.227170       1.224100       1.221040       1.217990       1.214950       1.211920       1.208900       1.205870       1.202850       1.199830       1.196800       1.193770       1.190740       1.187690       1.184650       1.181590       1.178520       1.175450    
   1.234930       1.235570       1.236180       1.236880       1.236470       1.236070       1.234030       1.231890       1.231100       1.232000       1.232580       1.234900       1.231810       1.228730       1.225670       1.222620       1.219570       1.216530       1.213500       1.210460       1.207430       1.204390       1.201340       1.198300       1.195240       1.192180       1.189100       1.186020       1.182930       1.179830    
   1.235570       1.236210       1.236880       1.236680       1.236480       1.234620       1.231890       1.231500       1.232730       1.233740       1.234900       1.233360       1.232200       1.233370       1.230310       1.227250       1.224200       1.221150       1.218110       1.215060       1.212010       1.208950       1.205890       1.202830       1.199750       1.196660       1.193570       1.190460       1.187340       1.184210    
   1.236220       1.236880       1.236780       1.236680       1.234920       1.231890       1.231690       1.233070       1.234320       1.234900       1.234130       1.233460       1.233370       1.231840       1.230310       1.227250       1.224200       1.221150       1.219650       1.219660       1.216600       1.213530       1.210450       1.207360       1.204260       1.201160       1.198030       1.194900       1.191750       1.188600    
   1.236880       1.236830       1.236780       1.235070       1.231890       1.231790       1.233230       1.234610       1.234900       1.234510       1.233960       1.233370       1.232600       1.231840       1.229800       1.227250       1.224200       1.222240       1.221960       1.224260       1.221190       1.218100       1.215010       1.211900       1.208780       1.205650       1.202500       1.199350       1.196170       1.192980    
   1.236850       1.236830       1.235140       1.231890       1.231840       1.233310       1.234760       1.234900       1.234710       1.234190       1.233370       1.232990       1.232600       1.231420       1.229630       1.227090       1.224210       1.223110       1.224260       1.223740       1.225780       1.222680       1.219570       1.216440       1.213300       1.210150       1.206980       1.203790       1.200590       1.197370    
   1.236850       1.235180       1.231890       1.231870       1.233350       1.234830       1.234900       1.234800       1.234290       1.233370       1.233180       1.232990       1.232340       1.231220       1.229380       1.228530       1.223690       1.224260       1.228900       1.230370       1.228500       1.227250       1.224120       1.220980       1.217820       1.214640       1.211440       1.208230       1.205000       1.201750    
   1.235200       1.231890       1.231880       1.233370       1.234860       1.234900       1.234850       1.234340       1.233370       1.233270       1.233180       1.232830       1.232180       1.239240       1.240650       1.238030       1.238030       1.236860       1.235710       1.237240       1.234950       1.231820       1.228670       1.225510       1.222330       1.219130       1.215910       1.212670       1.209410       1.206130    
   1.231890       1.231880       1.233380       1.234880       1.234900       1.234880       1.234370       1.233370       1.233320       1.233270       1.233100       1.232730       1.246550       1.264180       1.264040       1.252720       1.252370       1.251800       1.243650       1.239530       1.239530       1.236380       1.233220       1.230040       1.226830       1.223610       1.220360       1.217100       1.213810       1.210500    
   1.231890       1.233390       1.234890       1.234900       1.234890       1.234380       1.233370       1.233350       1.233320       1.233230       1.252100       1.280690       1.269800       1.264320       1.264320       1.264040       1.256460       1.252940       1.251800       1.246020       1.244100       1.240940       1.237760       1.234560       1.231330       1.228080       1.224810       1.221520       1.218200       1.214860    
   1.233390       1.234900       1.234900       1.234890       1.234380       1.233370       1.233360       1.233350       1.233300       1.256010       1.280690       1.280690       1.280690       1.270010       1.264610       1.264610       1.264040       1.257050       1.254080       1.251800       1.248650       1.245480       1.242280       1.239060       1.235820       1.232550       1.229250       1.225930       1.222580       1.219210    
   1.234900       1.234900       1.234900       1.234390       1.233370       1.233360       1.233360       1.251430       1.266350       1.280700       1.280690       1.280690       1.280690       1.280690       1.270420       1.265170       1.265170       1.264040       1.258280       1.256360       1.253200       1.250010       1.246800       1.243560       1.240290       1.237000       1.233670       1.230320       1.226940       1.223540    
   1.234900       1.234900       1.234390       1.233370       1.233370       1.265220       1.313010       1.309360       1.305700       1.289060       1.280730       1.280690       1.280690       1.280690       1.280690       1.271200       1.266300       1.266300       1.264040       1.260900       1.257720       1.254520       1.251300       1.248040       1.244750       1.241430       1.238080       1.234700       1.231290       1.227850    
   1.234900       1.234390       1.233370       1.233370       1.271600       1.313020       1.313020       1.313010       1.309360       1.305700       1.289120       1.280800       1.280690       1.280690       1.280690       1.280690       1.272630       1.268560       1.268570       1.265420       1.262230       1.259020       1.255770       1.252500       1.249190       1.245840       1.242460       1.239050       1.235620       1.232150    
