iMOD/TUTORIALS/TUT_MetaswapAnalyser/model_MetaSWAP/meteo/Evaporation/Evaporation_20060804_L1.ASC
NCOLS                30
NROWS                30
XLLCORNER     160000.00
YLLCORNER     340000.00
CELLSIZE        1000.00
NODATA_VALUE   -9999.00
   2.442690       2.440170       2.437450       2.434520       2.431400       2.428090       2.424600       2.420920       2.417080       2.413070       2.408890       2.404560       2.400080       2.395450       2.390680       2.385770       2.380730       2.375560       2.370260       2.364840       2.359310       2.353660       2.347900       2.342040       2.336070       2.330000       2.323840       2.317580       2.311230       2.304790    
   2.435920       2.433400       2.430680       2.427760       2.424650       2.421350       2.417870       2.414220       2.410390       2.406400       2.402250       2.397950       2.393490       2.388890       2.384150       2.379270       2.374260       2.369120       2.363860       2.358480       2.352990       2.347380       2.341670       2.335850       2.329920       2.323900       2.317790       2.311580       2.305280       2.298890    
   2.429080       2.426560       2.423840       2.420920       2.417820       2.414540       2.411070       2.407430       2.403630       2.399660       2.395530       2.391250       2.386820       2.382250       2.377540       2.372690       2.367710       2.362610       2.357390       2.352050       2.346590       2.341030       2.335350       2.329580       2.323700       2.317730       2.311660       2.305500       2.299260       2.292920    
   2.422160       2.419640       2.416920       2.414020       2.410920       2.407650       2.404200       2.400570       2.396790       2.392840       2.388730       2.384480       2.380070       2.375530       2.370850       2.366030       2.361090       2.356020       2.350840       2.345530       2.340120       2.334600       2.328970       2.323240       2.317410       2.311480       2.305460       2.299360       2.293160       2.286880    
   2.415180       2.412660       2.409940       2.407040       2.403950       2.400690       2.397250       2.393650       2.389880       2.385950       2.381860       2.377630       2.373250       2.368740       2.364090       2.359300       2.354390       2.349360       2.344210       2.338950       2.333580       2.328090       2.322510       2.316820       2.311040       2.305160       2.299200       2.293140       2.287000       2.280780    
   2.408140       2.405610       2.402900       2.400000       2.396920       2.393670       2.390240       2.386650       2.382900       2.378990       2.374930       2.370720       2.366370       2.361880       2.357260       2.352510       2.347630       2.342630       2.337520       2.332300       2.326960       2.321520       2.315980       2.310340       2.304610       2.298780       2.292870       2.286860       2.280780       2.274610    
   2.401040       2.398510       2.395800       2.392900       2.389830       2.386580       2.383170       2.379590       2.375860       2.371960       2.367920       2.363740       2.359410       2.354950       2.350360       2.345640       2.340800       2.335840       2.330770       2.325580       2.320290       2.314890       2.309390       2.303800       2.298110       2.292340       2.286470       2.280520       2.274490       2.268370    
   2.393890       2.391360       2.388640       2.385750       2.382680       2.379440       2.376040       2.372470       2.368750       2.364880       2.360860       2.356700       2.352400       2.347970       2.343400       2.338720       2.333910       2.328980       2.323950       2.318800       2.313550       2.308190       2.302740       2.297190       2.291560       2.285830       2.280010       2.274120       2.268140       2.262080    
   2.386690       2.384150       2.381430       2.378540       2.375480       2.372250       2.368850       2.365300       2.361600       2.357740       2.353740       2.349610       2.345330       2.340920       2.336390       2.331730       2.326960       2.322070       2.317070       2.311960       2.306750       2.301440       2.296030       2.290530       2.284940       2.279260       2.273500       2.267650       2.261730       2.255730    
   2.379440       2.376900       2.374180       2.371280       2.368230       2.365000       2.361620       2.358080       2.354390       2.350550       2.346570       2.342460       2.338210       2.333820       2.329320       2.324690       2.319950       2.315100       2.310130       2.305060       2.299890       2.294620       2.289260       2.283810       2.278270       2.272640       2.266930       2.261140       2.255270       2.249330    
   2.379380       2.376840       2.371580       2.363980       2.360930       2.357710       2.354340       2.350810       2.347130       2.343310       2.339350       2.335260       2.331030       2.326670       2.322200       2.317600       2.312890       2.308070       2.303140       2.298110       2.292980       2.287760       2.282440       2.277030       2.271540       2.265960       2.260310       2.254570       2.248760       2.242870    
   2.379320       2.372950       2.363980       2.356180       2.353590       2.350380       2.347010       2.343500       2.339830       2.336030       2.332090       2.328010       2.323810       2.319480       2.315030       2.310460       2.305780       2.301000       2.296110       2.291110       2.286030       2.280840       2.275570       2.270210       2.264770       2.259240       2.253630       2.247950       2.242190       2.236360    
   2.374480       2.363980       2.354070       2.349900       2.346210       2.343010       2.339650       2.336140       2.332490       2.328700       2.324780       2.320720       2.316540       2.312230       2.307810       2.303270       2.298630       2.293880       2.289020       2.284070       2.279020       2.273880       2.268650       2.263340       2.257940       2.252470       2.246910       2.241290       2.235580       2.229810    
   2.363980       2.353080       2.348050       2.346210       2.341610       2.335600       2.332250       2.328750       2.325110       2.321330       2.317430       2.313390       2.309230       2.304950       2.300550       2.296050       2.291430       2.286710       2.281890       2.276980       2.271970       2.266870       2.261690       2.256420       2.251080       2.245650       2.240150       2.234580       2.228930       2.223220    
   2.352600       2.347130       2.346210       2.341140       2.335600       2.330890       2.324810       2.321320       2.317700       2.313930       2.310040       2.306020       2.301880       2.297630       2.293260       2.288780       2.284190       2.279510       2.274720       2.269850       2.264880       2.259820       2.254680       2.249460       2.244170       2.238790       2.233340       2.227830       2.222240       2.216580    
   2.346670       2.346210       2.340980       2.335600       2.330430       2.324810       2.323070       2.321280       2.314860       2.306500       2.302620       2.298620       2.294500       2.290270       2.285930       2.281470       2.276920       2.272270       2.267520       2.262680       2.257750       2.252740       2.247640       2.242470       2.237220       2.231900       2.226500       2.221040       2.215510       2.209910    
   2.346210       2.340930       2.335600       2.330280       2.324810       2.323940       2.323050       2.316430       2.306500       2.304560       2.296530       2.291190       2.287090       2.282880       2.278560       2.274140       2.269610       2.264990       2.260280       2.255470       2.250590       2.245610       2.240560       2.235440       2.230240       2.224960       2.219620       2.214210       2.208740       2.203200    
   2.340910       2.335600       2.330230       2.324810       2.324370       2.323930       2.317480       2.306500       2.305530       2.295760       2.287470       2.283740       2.279660       2.275470       2.271170       2.266770       2.262270       2.257680       2.253000       2.248240       2.243390       2.238460       2.233450       2.228370       2.223220       2.218000       2.212710       2.207360       2.201940       2.196460    
   2.335600       2.330210       2.324810       2.324590       2.324370       2.318070       2.306500       2.306020       2.295430       2.285600       2.283740       2.281700       2.276720       2.268020       2.263750       2.259380       2.254910       2.250350       2.245700       2.240970       2.236160       2.231280       2.226310       2.221280       2.216170       2.211000       2.205770       2.200470       2.195110       2.189690    
   2.330210       2.324810       2.324700       2.324590       2.318380       2.306500       2.306260       2.295270       2.284670       2.283740       2.282720       2.277550       2.268020       2.265880       2.263720       2.259350       2.254880       2.250320       2.239410       2.233680       2.228910       2.224060       2.219150       2.214160       2.209100       2.203980       2.198800       2.193560       2.188250       2.182890    
   2.324810       2.324760       2.324700       2.318540       2.306500       2.306380       2.295190       2.284210       2.283740       2.283230       2.278010       2.268020       2.266950       2.265870       2.262980       2.259310       2.254850       2.240200       2.230030       2.226370       2.221640       2.216830       2.211950       2.207010       2.202010       2.196940       2.191810       2.186620       2.181370       2.176070    
   2.324780       2.324760       2.318620       2.306500       2.306440       2.295160       2.283970       2.283740       2.283480       2.278250       2.268020       2.267490       2.266950       2.265270       2.262720       2.259050       2.241790       2.228200       2.226370       2.220780       2.214340       2.209580       2.204740       2.199850       2.194890       2.189870       2.184790       2.179660       2.174470       2.169230    
   2.324780       2.318670       2.306500       2.306470       2.295140       2.283860       2.283740       2.283610       2.278370       2.268020       2.267750       2.267480       2.266570       2.264980       2.262350       2.239030       2.227280       2.226370       2.212550       2.207030       2.204190       2.202310       2.197520       2.192660       2.187750       2.182790       2.177760       2.172690       2.167560       2.162370    
   2.318690       2.306500       2.306480       2.295130       2.283800       2.283740       2.283680       2.278440       2.268020       2.267890       2.267750       2.267270       2.266340       2.241430       2.221040       2.204280       2.204290       2.201670       2.198480       2.196040       2.199710       2.195020       2.190270       2.185470       2.180600       2.175690       2.170720       2.165700       2.160620       2.155500    
   2.306500       2.306490       2.295120       2.283770       2.283740       2.283710       2.278470       2.268020       2.267950       2.267890       2.267640       2.267120       2.223610       2.171610       2.171840       2.183790       2.181280       2.182200       2.188730       2.192370       2.192370       2.187720       2.183020       2.178260       2.173440       2.168580       2.163660       2.158690       2.153680       2.148620    
   2.306500       2.295120       2.283750       2.283740       2.283720       2.278480       2.268020       2.267990       2.267950       2.267830       2.222110       2.153950       2.165530       2.171380       2.171380       2.171840       2.177760       2.180360       2.182200       2.184320       2.185030       2.180420       2.175760       2.171040       2.166270       2.161460       2.156590       2.151680       2.146730       2.141730    
   2.295120       2.283750       2.283740       2.283730       2.278490       2.268020       2.268000       2.267990       2.267920       2.213160       2.153950       2.153950       2.153950       2.165190       2.170920       2.170920       2.171840       2.176660       2.178510       2.182200       2.177680       2.173110       2.168490       2.163820       2.159100       2.154330       2.149520       2.144670       2.139770       2.134830    
   2.283740       2.283740       2.283740       2.278500       2.268020       2.268010       2.268000       2.231350       2.194590       2.153930       2.153950       2.153950       2.153950       2.153950       2.164510       2.169990       2.169990       2.171840       2.174070       2.174820       2.170340       2.165800       2.161220       2.156590       2.151920       2.147210       2.142450       2.137650       2.132820       2.127940    
   2.283740       2.283740       2.278500       2.268020       2.268020       2.208140       2.118350       2.119910       2.121480       2.143070       2.153890       2.153950       2.153950       2.153950       2.153950       2.163200       2.168140       2.168140       2.171840       2.167440       2.162990       2.158490       2.153950       2.149370       2.144740       2.140080       2.135380       2.130640       2.125860       2.121040    
   2.283740       2.278500       2.268020       2.268020       2.196160       2.118340       2.118340       2.118350       2.119910       2.121480       2.142970       2.153770       2.153950       2.153950       2.153950       2.153950       2.160700       2.164440       2.164440       2.160070       2.155650       2.151190       2.146690       2.142150       2.137570       2.132960       2.128310       2.123630       2.118910       2.114150    
