iMOD/TUTORIALS/TUT_MetaswapAnalyser/model_MetaSWAP/meteo/Evaporation/Evaporation_20061217_L1.ASC
NCOLS                30
NROWS                30
XLLCORNER     160000.00
YLLCORNER     340000.00
CELLSIZE        1000.00
NODATA_VALUE   -9999.00
  0.3211700      0.3199800      0.3187600      0.3175300      0.3162700      0.3150000      0.3137100      0.3124100      0.3110900      0.3097600      0.3084300      0.3070800      0.3057300      0.3043800      0.3030200      0.3016600      0.3003000      0.2989300      0.2975700      0.2962200      0.2948600      0.2935100      0.2921600      0.2908200      0.2894900      0.2881700      0.2868500      0.2855400      0.2842400      0.2829500    
  0.3198800      0.3186800      0.3174600      0.3162200      0.3149600      0.3136800      0.3123900      0.3110800      0.3097600      0.3084300      0.3070900      0.3057400      0.3043900      0.3030300      0.3016700      0.3003100      0.2989500      0.2975900      0.2962300      0.2948700      0.2935100      0.2921600      0.2908200      0.2894800      0.2881500      0.2868300      0.2855100      0.2842100      0.2829100      0.2816200    
  0.3185700      0.3173600      0.3161300      0.3148900      0.3136200      0.3123400      0.3110400      0.3097300      0.3084000      0.3070700      0.3057300      0.3043800      0.3030200      0.3016600      0.3003000      0.2989400      0.2975700      0.2962100      0.2948500      0.2934900      0.2921400      0.2907900      0.2894500      0.2881100      0.2867900      0.2854600      0.2841500      0.2828500      0.2815600      0.2802700    
  0.3172300      0.3160100      0.3147800      0.3135200      0.3122500      0.3109600      0.3096600      0.3083400      0.3070200      0.3056800      0.3043300      0.3029800      0.3016200      0.3002600      0.2989000      0.2975400      0.2961700      0.2948100      0.2934500      0.2920900      0.2907400      0.2893900      0.2880500      0.2867200      0.2853900      0.2840800      0.2827700      0.2814700      0.2801800      0.2789000    
  0.3158600      0.3146400      0.3134000      0.3121400      0.3108600      0.3095600      0.3082500      0.3069300      0.3056000      0.3042600      0.3029100      0.3015600      0.3002000      0.2988400      0.2974700      0.2961100      0.2947500      0.2933800      0.2920200      0.2906700      0.2893200      0.2879700      0.2866300      0.2853000      0.2839800      0.2826700      0.2813600      0.2800700      0.2787800      0.2775100    
  0.3144700      0.3132400      0.3119900      0.3107200      0.3094400      0.3081400      0.3068300      0.3055000      0.3041700      0.3028200      0.3014700      0.3001100      0.2987500      0.2973900      0.2960200      0.2946600      0.2932900      0.2919300      0.2905700      0.2892200      0.2878700      0.2865300      0.2851900      0.2838600      0.2825400      0.2812300      0.2799300      0.2786400      0.2773600      0.2760900    
  0.3130600      0.3118200      0.3105700      0.3092900      0.3080000      0.3066900      0.3053700      0.3040400      0.3027100      0.3013600      0.3000000      0.2986400      0.2972800      0.2959200      0.2945500      0.2931800      0.2918200      0.2904600      0.2891000      0.2877500      0.2864000      0.2850600      0.2837300      0.2824000      0.2810800      0.2797800      0.2784800      0.2772000      0.2759200      0.2746600    
  0.3116300      0.3103800      0.3091200      0.3078300      0.3065400      0.3052200      0.3039000      0.3025700      0.3012200      0.2998700      0.2985100      0.2971500      0.2957900      0.2944200      0.2930500      0.2916900      0.2903200      0.2889600      0.2876000      0.2862500      0.2849100      0.2835700      0.2822400      0.2809200      0.2796000      0.2783000      0.2770100      0.2757300      0.2744600      0.2732000    
  0.3101800      0.3089200      0.3076500      0.3063600      0.3050500      0.3037300      0.3024100      0.3010700      0.2997200      0.2983600      0.2970000      0.2956400      0.2942700      0.2929000      0.2915400      0.2901700      0.2888000      0.2874400      0.2860900      0.2847400      0.2833900      0.2820600      0.2807300      0.2794100      0.2781000      0.2768100      0.2755200      0.2742500      0.2729800      0.2717300    
  0.3087100      0.3074500      0.3061600      0.3048600      0.3035500      0.3022300      0.3008900      0.2995500      0.2982000      0.2968400      0.2954700      0.2941100      0.2927400      0.2913700      0.2900000      0.2886300      0.2872700      0.2859100      0.2845500      0.2832000      0.2818600      0.2805300      0.2792000      0.2778900      0.2765900      0.2752900      0.2740100      0.2727400      0.2714900      0.2702400    
  0.3087070      0.3074400      0.3054550      0.3033500      0.3020300      0.3007000      0.2993600      0.2980100      0.2966500      0.2952900      0.2939200      0.2925500      0.2911800      0.2898100      0.2884400      0.2870700      0.2857100      0.2843500      0.2830000      0.2816500      0.2803100      0.2789800      0.2776600      0.2763500      0.2750500      0.2737600      0.2724900      0.2712200      0.2699700      0.2687300    
  0.3087000      0.3062380      0.3033500      0.3012070      0.3005000      0.2991600      0.2978100      0.2964600      0.2951000      0.2937300      0.2923600      0.2909900      0.2896100      0.2882400      0.2868700      0.2855000      0.2841300      0.2827700      0.2814200      0.2800800      0.2787400      0.2774100      0.2761000      0.2747900      0.2735000      0.2722100      0.2709400      0.2696900      0.2684400      0.2672100    
  0.3070590      0.3033500      0.3008080      0.2997250      0.2989500      0.2976000      0.2962500      0.2948900      0.2935200      0.2921500      0.2907800      0.2894000      0.2880200      0.2866500      0.2852800      0.2839100      0.2825400      0.2811800      0.2798300      0.2784900      0.2771600      0.2758300      0.2745200      0.2732200      0.2719300      0.2706500      0.2693800      0.2681300      0.2669000      0.2656700    
  0.3033500      0.3006110      0.2993380      0.2989500      0.2975270      0.2960300      0.2946700      0.2933000      0.2919300      0.2905600      0.2891800      0.2878000      0.2864200      0.2850400      0.2836700      0.2823000      0.2809400      0.2795800      0.2782300      0.2768900      0.2755500      0.2742300      0.2729200      0.2716300      0.2703400      0.2690700      0.2678100      0.2665700      0.2653400      0.2641200    
  0.3005140      0.2991440      0.2989500      0.2975020      0.2960300      0.2945930      0.2930800      0.2917100      0.2903300      0.2889500      0.2875700      0.2861900      0.2848000      0.2834300      0.2820500      0.2806800      0.2793100      0.2779600      0.2766100      0.2752700      0.2739400      0.2726200      0.2713200      0.2700200      0.2687400      0.2674800      0.2662300      0.2649900      0.2637700      0.2625600    
  0.2990470      0.2989500      0.2974940      0.2960300      0.2945680      0.2930800      0.2923950      0.2917070      0.2895800      0.2873300      0.2859500      0.2845600      0.2831800      0.2817900      0.2804200      0.2790400      0.2776800      0.2763200      0.2749800      0.2736400      0.2723100      0.2710000      0.2697000      0.2684100      0.2671300      0.2658700      0.2646300      0.2634000      0.2621800      0.2609800    
  0.2989500      0.2974910      0.2960300      0.2945590      0.2930800      0.2927370      0.2923940      0.2902530      0.2873300      0.2866400      0.2844060      0.2829200      0.2815300      0.2801500      0.2787700      0.2774000      0.2760300      0.2746800      0.2733300      0.2719900      0.2706700      0.2693600      0.2680600      0.2667800      0.2655100      0.2642600      0.2630200      0.2617900      0.2605900      0.2594000    
  0.2974900      0.2960300      0.2945560      0.2930800      0.2929090      0.2927370      0.2906790      0.2873300      0.2869850      0.2843480      0.2820950      0.2812700      0.2798800      0.2785000      0.2771200      0.2757400      0.2743800      0.2730200      0.2716700      0.2703400      0.2690200      0.2677100      0.2664200      0.2651400      0.2638800      0.2626300      0.2614000      0.2601800      0.2589800      0.2578000    
  0.2960300      0.2945550      0.2930800      0.2929940      0.2929090      0.2909140      0.2873300      0.2871570      0.2843230      0.2816820      0.2812700      0.2805750      0.2791200      0.2768300      0.2754500      0.2740800      0.2727100      0.2713500      0.2700100      0.2686800      0.2673600      0.2660500      0.2647600      0.2634900      0.2622300      0.2609900      0.2597700      0.2585600      0.2573700      0.2562000    
  0.2945550      0.2930800      0.2930370      0.2929940      0.2910370      0.2873300      0.2872440      0.2843110      0.2814760      0.2812700      0.2809220      0.2794490      0.2768300      0.2761400      0.2754530      0.2740800      0.2727130      0.2713570      0.2684720      0.2670000      0.2656900      0.2643900      0.2631000      0.2618300      0.2605800      0.2593500      0.2581300      0.2569300      0.2557500      0.2545800    
  0.2930800      0.2930590      0.2930370      0.2911000      0.2873300      0.2872870      0.2843060      0.2813730      0.2812700      0.2810960      0.2796180      0.2768300      0.2764850      0.2761410      0.2752240      0.2740820      0.2727170      0.2688040      0.2661600      0.2653200      0.2640100      0.2627100      0.2614300      0.2601700      0.2589200      0.2576900      0.2564800      0.2552900      0.2541200      0.2529700    
  0.2930690      0.2930590      0.2911310      0.2873300      0.2873080      0.2843030      0.2813220      0.2812700      0.2811830      0.2797030      0.2768300      0.2766570      0.2764850      0.2759500      0.2751490      0.2740080      0.2693330      0.2657400      0.2653200      0.2638870      0.2623300      0.2610300      0.2597500      0.2585000      0.2572600      0.2560400      0.2548300      0.2536500      0.2524900      0.2513400    
  0.2930690      0.2911470      0.2873300      0.2873190      0.2843010      0.2812960      0.2812700      0.2812270      0.2797470      0.2768300      0.2767440      0.2766580      0.2763640      0.2758620      0.2750360      0.2688510      0.2655300      0.2653200      0.2619840      0.2606350      0.2598600      0.2593500      0.2580700      0.2568200      0.2555900      0.2543700      0.2531800      0.2520000      0.2508500      0.2497100    
  0.2911550      0.2873300      0.2873250      0.2843010      0.2812830      0.2812700      0.2812480      0.2797680      0.2768300      0.2767870      0.2767440      0.2765890      0.2762940      0.2700830      0.2647780      0.2602340      0.2602350      0.2595200      0.2586590      0.2580950      0.2589400      0.2576500      0.2563900      0.2551400      0.2539100      0.2527000      0.2515200      0.2503500      0.2492100      0.2480800    
  0.2873300      0.2873270      0.2843000      0.2812760      0.2812700      0.2812590      0.2797790      0.2768300      0.2768080      0.2767870      0.2767060      0.2765420      0.2657890      0.2530170      0.2530700      0.2556180      0.2549370      0.2551500      0.2564850      0.2572470      0.2572500      0.2559600      0.2547000      0.2534500      0.2522300      0.2510300      0.2498600      0.2487000      0.2475600      0.2464500    
  0.2873290      0.2843000      0.2812730      0.2812700      0.2812650      0.2797850      0.2768300      0.2768190      0.2768080      0.2767670      0.2657430      0.2493400      0.2517470      0.2529640      0.2529640      0.2530700      0.2542280      0.2547250      0.2551500      0.2554500      0.2555500      0.2542700      0.2530100      0.2517700      0.2505500      0.2493600      0.2481900      0.2470400      0.2459200      0.2448200    
  0.2843000      0.2812720      0.2812700      0.2812670      0.2797870      0.2768300      0.2768250      0.2768190      0.2767980      0.2636000      0.2493400      0.2493400      0.2493400      0.2516690      0.2528580      0.2528580      0.2530700      0.2539690      0.2543000      0.2551500      0.2538500      0.2525700      0.2513100      0.2500800      0.2488700      0.2476900      0.2465300      0.2453900      0.2442800      0.2431800    
  0.2812710      0.2812700      0.2812690      0.2797890      0.2768300      0.2768270      0.2768250      0.2682330      0.2593480      0.2493350      0.2493400      0.2493400      0.2493400      0.2493400      0.2515130      0.2526450      0.2526450      0.2530700      0.2533550      0.2534500      0.2521500      0.2508700      0.2496200      0.2484000      0.2472000      0.2460200      0.2448700      0.2437400      0.2426300      0.2415500    
  0.2812700      0.2812690      0.2797890      0.2768300      0.2768290      0.2630200      0.2423100      0.2424000      0.2424900      0.2470440      0.2493260      0.2493400      0.2493400      0.2493400      0.2493400      0.2512100      0.2522210      0.2522200      0.2530700      0.2517500      0.2504500      0.2491800      0.2479400      0.2467100      0.2455200      0.2443500      0.2432100      0.2420900      0.2410000      0.2399200    
  0.2812700      0.2797900      0.2768300      0.2768290      0.2602570      0.2423070      0.2423070      0.2423100      0.2424000      0.2424900      0.2470210      0.2492990      0.2493400      0.2493400      0.2493400      0.2493400      0.2506330      0.2513730      0.2513700      0.2500500      0.2487600      0.2474900      0.2462500      0.2450400      0.2438500      0.2426900      0.2415500      0.2404400      0.2393600      0.2383000    
