iMOD/TUTORIALS/TUT_MetaswapAnalyser/model_MetaSWAP/meteo/Evaporation/Evaporation_20050508_L1.ASC
NCOLS                30
NROWS                30
XLLCORNER     160000.00
YLLCORNER     340000.00
CELLSIZE        1000.00
NODATA_VALUE   -9999.00
   2.365080       2.360840       2.356630       2.352460       2.348330       2.344210       2.340120       2.336050       2.331980       2.327920       2.323860       2.319800       2.315740       2.311660       2.307570       2.303460       2.299330       2.295180       2.291000       2.286800       2.282570       2.278300       2.274010       2.269680       2.265310       2.260910       2.256470       2.252000       2.247490       2.242940    
   2.365110       2.360850       2.356630       2.352440       2.348280       2.344140       2.340030       2.335930       2.331840       2.327760       2.323680       2.319600       2.315520       2.311420       2.307310       2.303190       2.299040       2.294880       2.290690       2.286470       2.282230       2.277960       2.273650       2.269310       2.264940       2.260530       2.256090       2.251610       2.247100       2.242550    
   2.365160       2.360880       2.356640       2.352430       2.348250       2.344100       2.339960       2.335840       2.331730       2.327630       2.323530       2.319430       2.315320       2.311200       2.307080       2.302940       2.298780       2.294600       2.290400       2.286170       2.281910       2.277630       2.273310       2.268970       2.264590       2.260180       2.255730       2.251250       2.246730       2.242170    
   2.365230       2.360930       2.356670       2.352440       2.348240       2.344070       2.339910       2.335770       2.331640       2.327520       2.323400       2.319270       2.315150       2.311020       2.306870       2.302710       2.298540       2.294340       2.290130       2.285890       2.281620       2.277330       2.273000       2.268650       2.264260       2.259840       2.255390       2.250900       2.246380       2.241820    
   2.365310       2.361000       2.356720       2.352470       2.348260       2.344060       2.339880       2.335720       2.331570       2.327430       2.323290       2.319150       2.315000       2.310850       2.306690       2.302510       2.298320       2.294110       2.289880       2.285630       2.281350       2.277040       2.272710       2.268350       2.263950       2.259520       2.255060       2.250570       2.246040       2.241480    
   2.365400       2.361080       2.356780       2.352520       2.348290       2.344070       2.339870       2.335690       2.331520       2.327360       2.323200       2.319040       2.314880       2.310710       2.306530       2.302340       2.298130       2.293900       2.289660       2.285390       2.281100       2.276780       2.272440       2.268060       2.263660       2.259230       2.254760       2.250260       2.245720       2.241160    
   2.365500       2.361170       2.356860       2.352580       2.348330       2.344100       2.339880       2.335680       2.331490       2.327310       2.323130       2.318950       2.314770       2.310590       2.306390       2.302180       2.297960       2.293720       2.289460       2.285180       2.280870       2.276540       2.272190       2.267800       2.263390       2.258950       2.254470       2.249960       2.245420       2.240850    
   2.365620       2.361270       2.356950       2.352660       2.348390       2.344140       2.339910       2.335690       2.331480       2.327280       2.323080       2.318890       2.314690       2.310480       2.306270       2.302040       2.297810       2.293550       2.289280       2.284980       2.280670       2.276320       2.271960       2.267560       2.263140       2.258690       2.254200       2.249690       2.245140       2.240560    
   2.365750       2.361390       2.357060       2.352750       2.348460       2.344200       2.339950       2.335710       2.331490       2.327270       2.323050       2.318840       2.314620       2.310400       2.306170       2.301930       2.297670       2.293400       2.289120       2.284810       2.280480       2.276120       2.271740       2.267340       2.262900       2.258440       2.253950       2.249430       2.244870       2.240280    
   2.365890       2.361520       2.357170       2.352850       2.348550       2.344270       2.340000       2.335750       2.331510       2.327270       2.323040       2.318810       2.314570       2.310330       2.306090       2.301830       2.297560       2.293280       2.288970       2.284650       2.280310       2.275940       2.271550       2.267130       2.262690       2.258220       2.253710       2.249180       2.244620       2.240020    
   2.365900       2.361530       2.356130       2.352960       2.348640       2.344350       2.340070       2.335800       2.331540       2.327290       2.323040       2.318790       2.314540       2.310290       2.306020       2.301750       2.297460       2.293160       2.288850       2.284510       2.280150       2.275780       2.271370       2.266940       2.262490       2.258010       2.253490       2.248950       2.244380       2.239780    
   2.365910       2.359130       2.352960       2.349810       2.348750       2.344440       2.340150       2.335860       2.331590       2.327320       2.323050       2.318790       2.314520       2.310250       2.305970       2.301680       2.297380       2.293070       2.288740       2.284390       2.280020       2.275630       2.271210       2.266770       2.262300       2.257810       2.253290       2.248740       2.244160       2.239550    
   2.362080       2.352960       2.350110       2.348810       2.348870       2.344540       2.340230       2.335940       2.331650       2.327360       2.323080       2.318800       2.314520       2.310230       2.305940       2.301630       2.297320       2.292990       2.288640       2.284280       2.279900       2.275490       2.271060       2.266610       2.262140       2.257630       2.253100       2.248540       2.243950       2.239330    
   2.352960       2.350200       2.348840       2.348870       2.346020       2.344650       2.340330       2.336020       2.331710       2.327420       2.323120       2.318830       2.314530       2.310230       2.305920       2.301600       2.297270       2.292920       2.288570       2.284190       2.279790       2.275370       2.270930       2.266470       2.261980       2.257460       2.252920       2.248350       2.243750       2.239130    
   2.350220       2.348860       2.348870       2.346510       2.344650       2.341810       2.340440       2.336110       2.331790       2.327480       2.323170       2.318860       2.314550       2.310230       2.305910       2.301580       2.297230       2.292870       2.288500       2.284110       2.279700       2.275270       2.270820       2.266340       2.261840       2.257310       2.252760       2.248180       2.243570       2.238930    
   2.348860       2.348870       2.346680       2.344650       2.342300       2.340440       2.338270       2.336110       2.330730       2.327560       2.323230       2.318910       2.314580       2.310250       2.305910       2.301560       2.297210       2.292830       2.288450       2.284040       2.279620       2.275180       2.270710       2.266220       2.261710       2.257170       2.252610       2.248020       2.243400       2.238750    
   2.348870       2.346730       2.344650       2.342460       2.340440       2.339360       2.338280       2.333170       2.327560       2.325400       2.321540       2.318960       2.314620       2.310280       2.305930       2.301570       2.297190       2.292810       2.288410       2.283990       2.279550       2.275100       2.270620       2.266120       2.261590       2.257040       2.252470       2.247870       2.243240       2.238580    
   2.346750       2.344650       2.342520       2.340440       2.339900       2.339360       2.334590       2.327560       2.326480       2.322500       2.318990       2.319030       2.314670       2.310320       2.305950       2.301580       2.297190       2.292790       2.288380       2.283950       2.279500       2.275030       2.270540       2.266030       2.261490       2.256930       2.252340       2.247730       2.243090       2.238420    
   2.344650       2.342540       2.340440       2.340170       2.339900       2.335350       2.327560       2.327020       2.322920       2.319010       2.319030       2.316850       2.313600       2.310360       2.305980       2.301600       2.297200       2.292780       2.288360       2.283910       2.279450       2.274970       2.270470       2.265940       2.261390       2.256820       2.252220       2.247600       2.242950       2.238270    
   2.342540       2.340440       2.340300       2.340170       2.335750       2.327560       2.327290       2.323110       2.319020       2.319030       2.317940       2.314960       2.310360       2.308170       2.305980       2.301590       2.297190       2.292780       2.286560       2.283890       2.279420       2.274920       2.270410       2.265870       2.261310       2.256720       2.252110       2.247480       2.242820       2.238130    
   2.340440       2.340370       2.340300       2.335940       2.327560       2.327420       2.323200       2.319030       2.319030       2.318490       2.315570       2.310360       2.309260       2.308170       2.305250       2.301590       2.297190       2.288860       2.283890       2.283880       2.279390       2.274880       2.270360       2.265810       2.261230       2.256640       2.252010       2.247370       2.242690       2.237990    
   2.340410       2.340370       2.336050       2.327560       2.327490       2.323250       2.319030       2.319030       2.318760       2.315860       2.310360       2.309810       2.309260       2.307560       2.305000       2.301340       2.291080       2.283880       2.283880       2.280880       2.279370       2.274850       2.270310       2.265750       2.261160       2.256560       2.251920       2.247260       2.242580       2.237870    
   2.340410       2.336100       2.327560       2.327530       2.323270       2.319030       2.319030       2.318890       2.316000       2.310360       2.310090       2.309810       2.308880       2.307280       2.304640       2.293040       2.283880       2.283880       2.280870       2.279360       2.276640       2.274830       2.270270       2.265700       2.261100       2.256480       2.251840       2.247170       2.242470       2.237750    
   2.336120       2.327560       2.327540       2.323280       2.319030       2.319030       2.318960       2.316070       2.310360       2.310220       2.310090       2.309590       2.308660       2.302330       2.293800       2.283900       2.283900       2.281760       2.279350       2.279350       2.279350       2.274810       2.270240       2.265660       2.261050       2.256420       2.251760       2.247070       2.242370       2.237630    
   2.327560       2.327550       2.323290       2.319030       2.319030       2.319000       2.316110       2.310360       2.310290       2.310220       2.309970       2.309440       2.299520       2.288520       2.288520       2.285440       2.283920       2.283920       2.280780       2.279350       2.279350       2.274800       2.270220       2.265620       2.261000       2.256350       2.251680       2.246990       2.242270       2.237520    
   2.327560       2.323290       2.319030       2.319030       2.319010       2.316120       2.310360       2.310330       2.310290       2.310160       2.303210       2.293200       2.290080       2.288520       2.288520       2.288520       2.285430       2.283930       2.283920       2.280500       2.279350       2.274790       2.270200       2.265590       2.260960       2.256300       2.251620       2.246910       2.242180       2.237420    
   2.323290       2.319030       2.319030       2.319020       2.316130       2.310360       2.310340       2.310330       2.310260       2.302010       2.293200       2.293200       2.293200       2.290080       2.288520       2.288530       2.288520       2.285360       2.283930       2.283920       2.279360       2.274780       2.270180       2.265560       2.260920       2.256250       2.251550       2.246830       2.242090       2.237320    
   2.319030       2.319030       2.319030       2.316140       2.310360       2.310350       2.310340       2.307210       2.301420       2.293200       2.293200       2.293200       2.293200       2.293200       2.290080       2.288530       2.288530       2.288520       2.285090       2.283940       2.279370       2.274780       2.270170       2.265540       2.260880       2.256200       2.251490       2.246760       2.242000       2.237220    
   2.319030       2.319030       2.316140       2.310360       2.310360       2.307220       2.302530       2.300230       2.297930       2.294780       2.293200       2.293200       2.293200       2.293200       2.293200       2.290070       2.288540       2.288540       2.288520       2.283960       2.279380       2.274780       2.270160       2.265510       2.260840       2.256150       2.251430       2.246690       2.241920       2.237120    
   2.319030       2.316140       2.310360       2.310360       2.306600       2.302530       2.302530       2.302530       2.300230       2.297930       2.294780       2.293200       2.293200       2.293200       2.293200       2.293200       2.290010       2.288560       2.288560       2.283990       2.279400       2.274780       2.270150       2.265490       2.260810       2.256100       2.251370       2.246610       2.241830       2.237020    
