iMOD/TUTORIALS/TUT_MetaswapAnalyser/model_MetaSWAP/meteo/Evaporation/Evaporation_20050329_L1.ASC
NCOLS                30
NROWS                30
XLLCORNER     160000.00
YLLCORNER     340000.00
CELLSIZE        1000.00
NODATA_VALUE   -9999.00
   1.250170       1.251470       1.252790       1.254120       1.255470       1.256840       1.258210       1.259600       1.261000       1.262400       1.263810       1.265220       1.266630       1.268050       1.269460       1.270860       1.272270       1.273670       1.275060       1.276440       1.277820       1.279190       1.280540       1.281890       1.283230       1.284560       1.285870       1.287180       1.288470       1.289750    
   1.255360       1.256670       1.258010       1.259360       1.260720       1.262100       1.263490       1.264890       1.266300       1.267720       1.269140       1.270560       1.271980       1.273400       1.274830       1.276240       1.277660       1.279060       1.280460       1.281860       1.283240       1.284620       1.285980       1.287340       1.288680       1.290020       1.291340       1.292650       1.293950       1.295240    
   1.260580       1.261910       1.263260       1.264630       1.266010       1.267400       1.268800       1.270220       1.271640       1.273070       1.274500       1.275930       1.277360       1.278800       1.280230       1.281650       1.283070       1.284490       1.285900       1.287300       1.288690       1.290080       1.291450       1.292810       1.294170       1.295510       1.296830       1.298150       1.299450       1.300740    
   1.265820       1.267170       1.268540       1.269920       1.271320       1.272730       1.274150       1.275570       1.277010       1.278440       1.279890       1.281330       1.282770       1.284220       1.285660       1.287090       1.288520       1.289950       1.291370       1.292780       1.294180       1.295570       1.296950       1.298320       1.299670       1.301020       1.302350       1.303670       1.304980       1.306270    
   1.271100       1.272470       1.273850       1.275250       1.276660       1.278090       1.279520       1.280960       1.282400       1.283850       1.285310       1.286760       1.288220       1.289670       1.291120       1.292560       1.294000       1.295440       1.296860       1.298280       1.299690       1.301080       1.302470       1.303840       1.305210       1.306560       1.307900       1.309220       1.310530       1.311830    
   1.276400       1.277790       1.279190       1.280610       1.282030       1.283470       1.284920       1.286370       1.287830       1.289290       1.290760       1.292220       1.293680       1.295150       1.296610       1.298060       1.299510       1.300950       1.302380       1.303810       1.305220       1.306620       1.308020       1.309400       1.310760       1.312120       1.313460       1.314790       1.316100       1.317410    
   1.281720       1.283130       1.284550       1.285990       1.287430       1.288880       1.290340       1.291810       1.293280       1.294750       1.296230       1.297710       1.299180       1.300650       1.302120       1.303580       1.305040       1.306490       1.307930       1.309360       1.310780       1.312190       1.313590       1.314970       1.316350       1.317710       1.319050       1.320380       1.321700       1.323000    
   1.287070       1.288500       1.289940       1.291390       1.292850       1.294320       1.295790       1.297270       1.298760       1.300240       1.301730       1.303220       1.304700       1.306180       1.307660       1.309130       1.310600       1.312050       1.313500       1.314940       1.316360       1.317780       1.319180       1.320570       1.321950       1.323310       1.324660       1.326000       1.327320       1.328620    
   1.292440       1.293890       1.295350       1.296820       1.298290       1.299770       1.301260       1.302760       1.304250       1.305750       1.307250       1.308750       1.310240       1.311740       1.313220       1.314700       1.316180       1.317640       1.319090       1.320540       1.321970       1.323390       1.324800       1.326190       1.327570       1.328940       1.330290       1.331630       1.332950       1.334260    
   1.297830       1.299300       1.300780       1.302260       1.303750       1.305250       1.306760       1.308260       1.309770       1.311290       1.312800       1.314310       1.315810       1.317310       1.318810       1.320300       1.321780       1.323250       1.324710       1.326160       1.327600       1.329020       1.330440       1.331840       1.333220       1.334590       1.335940       1.337280       1.338600       1.339910    
   1.297830       1.299300       1.302520       1.307730       1.309240       1.310750       1.312270       1.313790       1.315320       1.316840       1.318360       1.319880       1.321400       1.322910       1.324410       1.325910       1.327400       1.328880       1.330350       1.331800       1.333250       1.334680       1.336090       1.337500       1.338880       1.340260       1.341610       1.342950       1.344280       1.345580    
   1.297840       1.301850       1.307730       1.312990       1.314740       1.316270       1.317800       1.319340       1.320870       1.322410       1.323950       1.325480       1.327000       1.328520       1.330040       1.331540       1.333040       1.334530       1.336000       1.337460       1.338910       1.340350       1.341770       1.343180       1.344570       1.345940       1.347300       1.348640       1.349960       1.351270    
   1.300950       1.307730       1.314620       1.317490       1.320250       1.321800       1.323350       1.324900       1.326450       1.328000       1.329550       1.331090       1.332630       1.334160       1.335680       1.337200       1.338700       1.340190       1.341670       1.343140       1.344600       1.346040       1.347460       1.348870       1.350260       1.351640       1.353000       1.354340       1.355670       1.356970    
   1.307730       1.315370       1.318870       1.320250       1.323130       1.327350       1.328910       1.330480       1.332040       1.333610       1.335160       1.336720       1.338270       1.339810       1.341340       1.342860       1.344380       1.345880       1.347360       1.348840       1.350300       1.351740       1.353170       1.354580       1.355980       1.357360       1.358720       1.360060       1.361380       1.362690    
   1.315730       1.319560       1.320250       1.323580       1.327350       1.330250       1.334490       1.336070       1.337650       1.339230       1.340800       1.342360       1.343920       1.345470       1.347020       1.348550       1.350070       1.351580       1.353070       1.354550       1.356010       1.357460       1.358900       1.360310       1.361710       1.363090       1.364450       1.365790       1.367120       1.368420    
   1.319910       1.320250       1.323730       1.327350       1.330700       1.334490       1.335280       1.336070       1.339450       1.344860       1.346440       1.348020       1.349590       1.351150       1.352700       1.354250       1.355770       1.357290       1.358790       1.360280       1.361740       1.363200       1.364630       1.366050       1.367450       1.368830       1.370190       1.371530       1.372860       1.374160    
   1.320250       1.323780       1.327350       1.330850       1.334490       1.334880       1.335280       1.338920       1.344860       1.345650       1.350480       1.353690       1.355270       1.356850       1.358410       1.359960       1.361490       1.363010       1.364520       1.366010       1.367490       1.368940       1.370380       1.371800       1.373200       1.374590       1.375950       1.377290       1.378610       1.379920    
   1.323790       1.327350       1.330900       1.334490       1.334690       1.334880       1.338490       1.344860       1.345250       1.351380       1.356530       1.359370       1.360970       1.362550       1.364120       1.365680       1.367220       1.368750       1.370270       1.371760       1.373240       1.374700       1.376140       1.377570       1.378970       1.380350       1.381710       1.383060       1.384380       1.385680    
   1.327350       1.330910       1.334490       1.334590       1.334690       1.338230       1.344860       1.345060       1.351760       1.357950       1.359370       1.360170       1.362790       1.368260       1.369840       1.371410       1.372960       1.374500       1.376020       1.377520       1.379010       1.380470       1.381920       1.383340       1.384740       1.386130       1.387490       1.388830       1.390150       1.391450    
   1.330920       1.334490       1.334540       1.334590       1.338090       1.344860       1.344960       1.351940       1.358660       1.359370       1.359770       1.362650       1.368260       1.369050       1.369840       1.371400       1.372960       1.374490       1.380080       1.383290       1.384780       1.386250       1.387700       1.389120       1.390530       1.391910       1.393270       1.394610       1.395930       1.397230    
   1.334490       1.334510       1.334540       1.338020       1.344860       1.344910       1.352030       1.359010       1.359370       1.359570       1.362510       1.368260       1.368650       1.369050       1.370100       1.371400       1.372950       1.380560       1.386180       1.389070       1.390560       1.392040       1.393490       1.394910       1.396320       1.397700       1.399060       1.400400       1.401720       1.403010    
   1.334500       1.334510       1.337980       1.344860       1.344880       1.352070       1.359190       1.359370       1.359470       1.362430       1.368260       1.368460       1.368650       1.369270       1.370180       1.371480       1.380320       1.387620       1.389070       1.391990       1.396350       1.397830       1.399280       1.400710       1.402120       1.403500       1.404860       1.406200       1.407510       1.408800    
   1.334500       1.337970       1.344860       1.344870       1.352090       1.359280       1.359370       1.359420       1.362380       1.368260       1.368360       1.368460       1.368790       1.369370       1.370310       1.383360       1.388350       1.389070       1.398510       1.402150       1.403040       1.403630       1.405080       1.406510       1.407920       1.409300       1.410660       1.412000       1.413310       1.414590    
   1.337960       1.344860       1.344870       1.352100       1.359330       1.359370       1.359400       1.362360       1.368260       1.368310       1.368360       1.368540       1.368870       1.385580       1.397760       1.406450       1.406450       1.407520       1.408910       1.410850       1.407940       1.409430       1.410890       1.412320       1.413730       1.415110       1.416470       1.417800       1.419110       1.420390    
   1.344860       1.344860       1.352110       1.359350       1.359370       1.359380       1.362350       1.368260       1.368280       1.368310       1.368400       1.368590       1.398250       1.434040       1.433860       1.423200       1.424560       1.423830       1.417260       1.413750       1.413750       1.415230       1.416690       1.418130       1.419540       1.420920       1.422270       1.423600       1.424910       1.426190    
   1.344860       1.352110       1.359360       1.359370       1.359380       1.362340       1.368260       1.368270       1.368280       1.368330       1.400890       1.449580       1.439370       1.434220       1.434220       1.433860       1.427940       1.425280       1.423830       1.420620       1.419550       1.421040       1.422500       1.423940       1.425350       1.426730       1.428080       1.429410       1.430710       1.431980    
   1.352110       1.359360       1.359370       1.359370       1.362340       1.368260       1.368270       1.368270       1.368300       1.407330       1.449580       1.449580       1.449580       1.439640       1.434580       1.434580       1.433860       1.428780       1.426730       1.423830       1.425350       1.426850       1.428310       1.429750       1.431160       1.432540       1.433890       1.435210       1.436510       1.437780    
   1.359370       1.359370       1.359370       1.362330       1.368260       1.368260       1.368270       1.395340       1.421440       1.449600       1.449580       1.449580       1.449580       1.449580       1.440160       1.435300       1.435300       1.433860       1.430690       1.429630       1.431150       1.432650       1.434120       1.435560       1.436970       1.438340       1.439690       1.441010       1.442300       1.443570    
   1.359370       1.359370       1.362330       1.368260       1.368260       1.413140       1.480440       1.478480       1.476520       1.458600       1.449630       1.449580       1.449580       1.449580       1.449580       1.441190       1.436750       1.436750       1.433860       1.435420       1.436950       1.438450       1.439920       1.441360       1.442770       1.444150       1.445500       1.446810       1.448100       1.449360    
   1.359370       1.362330       1.368260       1.368260       1.422120       1.480450       1.480450       1.480440       1.478480       1.476520       1.458680       1.449720       1.449580       1.449580       1.449580       1.449580       1.443110       1.439640       1.439640       1.441210       1.442750       1.444250       1.445730       1.447170       1.448570       1.449950       1.451290       1.452600       1.453890       1.455140    
