iMOD/TUTORIALS/TUT_MetaswapAnalyser/model_MetaSWAP/meteo/Evaporation/Evaporation_20050512_L1.ASC
NCOLS                30
NROWS                30
XLLCORNER     160000.00
YLLCORNER     340000.00
CELLSIZE        1000.00
NODATA_VALUE   -9999.00
   3.715770       3.712250       3.708670       3.705030       3.701340       3.697590       3.693790       3.689940       3.686040       3.682100       3.678120       3.674100       3.670040       3.665950       3.661830       3.657670       3.653480       3.649260       3.645020       3.640750       3.636440       3.632120       3.627770       3.623390       3.618980       3.614550       3.610100       3.605610       3.601110       3.596570    
   3.722090       3.718610       3.715070       3.711470       3.707810       3.704090       3.700330       3.696510       3.692650       3.688740       3.684790       3.680800       3.676770       3.672710       3.668610       3.664470       3.660300       3.656100       3.651870       3.647610       3.643320       3.639010       3.634660       3.630290       3.625890       3.621460       3.617000       3.612520       3.608010       3.603470    
   3.728400       3.724960       3.721450       3.717890       3.714270       3.710590       3.706860       3.703080       3.699250       3.695380       3.691460       3.687490       3.683490       3.679450       3.675370       3.671260       3.667110       3.662930       3.658720       3.654470       3.650190       3.645880       3.641550       3.637180       3.632780       3.628350       3.623900       3.619410       3.614900       3.610360    
   3.734710       3.731300       3.727830       3.724300       3.720720       3.717080       3.713380       3.709630       3.705840       3.702000       3.698110       3.694170       3.690200       3.686180       3.682130       3.678040       3.673910       3.669750       3.665550       3.661320       3.657050       3.652750       3.648420       3.644060       3.639670       3.635240       3.630790       3.626300       3.621790       3.617240    
   3.741010       3.737640       3.734200       3.730710       3.727160       3.723550       3.719890       3.716180       3.712420       3.708600       3.704740       3.700840       3.696890       3.692900       3.688870       3.684800       3.680700       3.676550       3.672370       3.668150       3.663900       3.659610       3.655290       3.650930       3.646550       3.642120       3.637670       3.633180       3.628660       3.624110    
   3.747300       3.743960       3.740560       3.737110       3.733590       3.730020       3.726390       3.722710       3.718980       3.715200       3.711370       3.707500       3.703580       3.699610       3.695610       3.691560       3.687470       3.683340       3.679180       3.674970       3.670730       3.666460       3.662140       3.657800       3.653410       3.648990       3.644540       3.640050       3.635530       3.630980    
   3.753590       3.750280       3.746920       3.743490       3.740010       3.736470       3.732880       3.729230       3.725530       3.721780       3.717980       3.714140       3.710240       3.706310       3.702320       3.698300       3.694230       3.690120       3.685970       3.681780       3.677560       3.673290       3.668990       3.664650       3.660270       3.655850       3.651400       3.646920       3.642390       3.637840    
   3.759860       3.756590       3.753260       3.749870       3.746420       3.742920       3.739360       3.735740       3.732070       3.728360       3.724590       3.720770       3.716900       3.712990       3.709030       3.705030       3.700980       3.696890       3.692760       3.688580       3.684370       3.680110       3.675820       3.671490       3.667110       3.662700       3.658250       3.653770       3.649240       3.644680    
   3.766130       3.762890       3.759600       3.756240       3.752820       3.749350       3.745820       3.742240       3.738600       3.734910       3.731170       3.727380       3.723540       3.719660       3.715720       3.711740       3.707710       3.703640       3.699530       3.695370       3.691170       3.686920       3.682640       3.678310       3.673950       3.669540       3.665090       3.660610       3.656080       3.651520    
   3.772390       3.769180       3.765920       3.762590       3.759210       3.755770       3.752280       3.748730       3.745120       3.741460       3.737750       3.733990       3.730170       3.726310       3.722400       3.718440       3.714430       3.710380       3.706280       3.702140       3.697950       3.693720       3.689440       3.685120       3.680760       3.676360       3.671920       3.667430       3.662910       3.658340    
   3.772370       3.769160       3.766660       3.768940       3.765590       3.762180       3.758720       3.755200       3.751620       3.747990       3.744310       3.740570       3.736790       3.732950       3.729060       3.725120       3.721140       3.717100       3.713020       3.708890       3.704720       3.700500       3.696230       3.691920       3.687570       3.683170       3.678730       3.674250       3.669720       3.665150    
   3.772350       3.769280       3.768940       3.771200       3.771960       3.768580       3.765150       3.761660       3.758110       3.754510       3.750860       3.747150       3.743390       3.739580       3.735710       3.731800       3.727830       3.723810       3.719750       3.715640       3.711470       3.707270       3.703010       3.698710       3.694360       3.689970       3.685530       3.681050       3.676520       3.671950    
   3.771520       3.768940       3.773400       3.775140       3.778310       3.774970       3.771560       3.768100       3.764590       3.761020       3.757390       3.753710       3.749970       3.746190       3.742340       3.738450       3.734500       3.730510       3.726460       3.722360       3.718210       3.714020       3.709770       3.705480       3.701140       3.696750       3.692310       3.687830       3.683310       3.678730    
   3.768940       3.774340       3.776720       3.778310       3.778210       3.781340       3.777970       3.774540       3.771050       3.767510       3.763910       3.760250       3.756540       3.752780       3.748960       3.745090       3.741160       3.737190       3.733150       3.729070       3.724940       3.720750       3.716520       3.712230       3.707900       3.703510       3.699080       3.694600       3.690070       3.685500    
   3.774780       3.777520       3.778310       3.779290       3.781340       3.781220       3.784350       3.780950       3.777500       3.773980       3.770410       3.766780       3.763100       3.759360       3.755560       3.751710       3.747810       3.743850       3.739830       3.735770       3.731640       3.727470       3.723250       3.718970       3.714640       3.710260       3.705830       3.701350       3.696830       3.692250    
   3.777910       3.778310       3.779650       3.781340       3.782300       3.784350       3.782650       3.780930       3.778220       3.780440       3.776900       3.773300       3.769640       3.765920       3.762150       3.758320       3.754430       3.750490       3.746490       3.742440       3.738330       3.734170       3.729960       3.725690       3.721370       3.716990       3.712570       3.708090       3.703560       3.698990    
   3.778310       3.779770       3.781340       3.782660       3.784350       3.783500       3.782640       3.780560       3.780440       3.778670       3.779340       3.779790       3.776160       3.772470       3.768720       3.764910       3.761040       3.757120       3.753140       3.749100       3.745010       3.740860       3.736650       3.732390       3.728070       3.723700       3.719280       3.714810       3.710280       3.705700    
   3.779800       3.781340       3.782780       3.784350       3.783930       3.783500       3.781790       3.780440       3.779560       3.781550       3.783030       3.786270       3.782660       3.778990       3.775260       3.771480       3.767630       3.763730       3.759760       3.755740       3.751660       3.747520       3.743330       3.739070       3.734760       3.730400       3.725980       3.721500       3.716980       3.712400    
   3.781340       3.782820       3.784350       3.784140       3.783920       3.782410       3.780440       3.780000       3.782490       3.784650       3.786270       3.784460       3.783350       3.785500       3.781790       3.778030       3.774200       3.770320       3.766370       3.762360       3.758290       3.754170       3.749980       3.745740       3.741430       3.737070       3.732660       3.728180       3.723650       3.719070    
   3.782840       3.784350       3.784240       3.784140       3.782730       3.780440       3.780220       3.782930       3.785460       3.786270       3.785370       3.784900       3.785500       3.783650       3.781770       3.778010       3.774180       3.770300       3.768710       3.768960       3.764910       3.760790       3.756620       3.752380       3.748080       3.743730       3.739310       3.734840       3.730310       3.725730    
   3.784350       3.784300       3.784240       3.782890       3.780440       3.780330       3.783150       3.785860       3.786270       3.785820       3.785510       3.785500       3.784570       3.783640       3.781140       3.777990       3.774160       3.772200       3.772250       3.775540       3.771500       3.767400       3.763230       3.759000       3.754710       3.750360       3.745950       3.741480       3.736950       3.732360    
   3.784320       3.784300       3.782970       3.780440       3.780380       3.783250       3.786070       3.786270       3.786040       3.785770       3.785500       3.785040       3.784570       3.783120       3.780920       3.777760       3.774760       3.773900       3.775540       3.775040       3.778070       3.773980       3.769820       3.765600       3.761320       3.756970       3.752560       3.748090       3.743560       3.738970    
   3.784320       3.783010       3.780440       3.780410       3.783300       3.786170       3.786270       3.786160       3.785900       3.785500       3.785270       3.785040       3.784240       3.782870       3.780600       3.780640       3.774720       3.775540       3.782400       3.784610       3.782160       3.780540       3.776390       3.772180       3.767900       3.763550       3.759150       3.754680       3.750150       3.745560    
   3.783030       3.780440       3.780430       3.783330       3.786220       3.786270       3.786210       3.785960       3.785500       3.785380       3.785270       3.784850       3.784050       3.794720       3.797660       3.795030       3.795040       3.793600       3.792220       3.794400       3.791150       3.787080       3.782940       3.778730       3.774460       3.770120       3.765710       3.761240       3.756710       3.752110    
   3.780440       3.780430       3.783340       3.786240       3.786270       3.786240       3.785980       3.785500       3.785440       3.785380       3.785170       3.784720       3.805320       3.831380       3.831180       3.815610       3.815340       3.814540       3.803330       3.797640       3.797650       3.793590       3.789460       3.785260       3.780990       3.776650       3.772250       3.767780       3.763240       3.758650    
   3.780440       3.783350       3.786260       3.786270       3.786260       3.786000       3.785500       3.785470       3.785440       3.785330       3.812580       3.853820       3.839020       3.831580       3.831580       3.831180       3.820900       3.816140       3.814540       3.806720       3.804120       3.800070       3.795950       3.791760       3.787500       3.783160       3.778760       3.774290       3.769750       3.765150    
   3.783350       3.786260       3.786270       3.786260       3.786010       3.785500       3.785490       3.785470       3.785410       3.818200       3.853820       3.853820       3.853820       3.839310       3.831970       3.831970       3.831180       3.821740       3.817740       3.814540       3.810570       3.806530       3.802420       3.798230       3.793980       3.789640       3.785240       3.780770       3.776230       3.771630    
   3.786270       3.786270       3.786270       3.786010       3.785500       3.785490       3.785490       3.811110       3.832710       3.853840       3.853820       3.853820       3.853820       3.853820       3.839880       3.832760       3.832770       3.831180       3.823490       3.820940       3.816990       3.812960       3.808860       3.804680       3.800430       3.796100       3.791700       3.787220       3.782680       3.778070    
   3.786270       3.786270       3.786010       3.785500       3.785500       3.830290       3.897480       3.892770       3.888050       3.865280       3.853870       3.853820       3.853820       3.853820       3.853820       3.840980       3.834350       3.834350       3.831180       3.827320       3.823380       3.819370       3.815270       3.811100       3.806850       3.802520       3.798120       3.793640       3.789100       3.784490    
   3.786270       3.786010       3.785500       3.785500       3.839260       3.897490       3.897490       3.897480       3.892770       3.888050       3.865360       3.853970       3.853820       3.853820       3.853820       3.853820       3.843000       3.837510       3.837520       3.833670       3.829740       3.825740       3.821650       3.817480       3.813230       3.808910       3.804510       3.800030       3.795490       3.790870    
