iMOD/TUTORIALS/TUT_MetaswapAnalyser/model_MetaSWAP/meteo/Evaporation/Evaporation_20061102_L1.ASC
NCOLS                30
NROWS                30
XLLCORNER     160000.00
YLLCORNER     340000.00
CELLSIZE        1000.00
NODATA_VALUE   -9999.00
  0.5663100      0.5663400      0.5663600      0.5663700      0.5663700      0.5663600      0.5663400      0.5663200      0.5662900      0.5662500      0.5662100      0.5661600      0.5661100      0.5660500      0.5659900      0.5659200      0.5658600      0.5657900      0.5657200      0.5656500      0.5655800      0.5655000      0.5654300      0.5653600      0.5652900      0.5652100      0.5651400      0.5650700      0.5650100      0.5649400    
  0.5647800      0.5648000      0.5648100      0.5648000      0.5647900      0.5647800      0.5647500      0.5647200      0.5646800      0.5646300      0.5645800      0.5645300      0.5644700      0.5644000      0.5643400      0.5642700      0.5642000      0.5641300      0.5640500      0.5639800      0.5639000      0.5638300      0.5637500      0.5636800      0.5636000      0.5635300      0.5634600      0.5633900      0.5633200      0.5632600    
  0.5632400      0.5632400      0.5632400      0.5632300      0.5632100      0.5631800      0.5631500      0.5631100      0.5630600      0.5630100      0.5629500      0.5628900      0.5628200      0.5627500      0.5626800      0.5626100      0.5625300      0.5624500      0.5623700      0.5623000      0.5622200      0.5621400      0.5620600      0.5619900      0.5619100      0.5618400      0.5617700      0.5617000      0.5616300      0.5615600    
  0.5616900      0.5616800      0.5616700      0.5616500      0.5616200      0.5615800      0.5615300      0.5614800      0.5614300      0.5613700      0.5613000      0.5612300      0.5611600      0.5610900      0.5610100      0.5609300      0.5608500      0.5607700      0.5606900      0.5606100      0.5605300      0.5604500      0.5603700      0.5602900      0.5602100      0.5601400      0.5600600      0.5600000      0.5599300      0.5598600    
  0.5601300      0.5601100      0.5600900      0.5600500      0.5600100      0.5599700      0.5599100      0.5598600      0.5597900      0.5597200      0.5596500      0.5595800      0.5595000      0.5594200      0.5593300      0.5592500      0.5591700      0.5590800      0.5589900      0.5589100      0.5588300      0.5587400      0.5586600      0.5585800      0.5585000      0.5584300      0.5583600      0.5582900      0.5582200      0.5581600    
  0.5585700      0.5585400      0.5585000      0.5584600      0.5584100      0.5583500      0.5582900      0.5582200      0.5581500      0.5580700      0.5579900      0.5579100      0.5578200      0.5577400      0.5576500      0.5575600      0.5574700      0.5573800      0.5572900      0.5572000      0.5571200      0.5570300      0.5569500      0.5568700      0.5567900      0.5567100      0.5566400      0.5565700      0.5565000      0.5564400    
  0.5570000      0.5569600      0.5569100      0.5568500      0.5567900      0.5567200      0.5566500      0.5565800      0.5565000      0.5564100      0.5563300      0.5562400      0.5561400      0.5560500      0.5559600      0.5558600      0.5557700      0.5556800      0.5555800      0.5554900      0.5554000      0.5553200      0.5552300      0.5551500      0.5550700      0.5549900      0.5549200      0.5548500      0.5547800      0.5547200    
  0.5554200      0.5553700      0.5553100      0.5552400      0.5551700      0.5550900      0.5550100      0.5549300      0.5548400      0.5547500      0.5546500      0.5545600      0.5544600      0.5543600      0.5542600      0.5541600      0.5540600      0.5539700      0.5538700      0.5537700      0.5536800      0.5535900      0.5535000      0.5534200      0.5533400      0.5532600      0.5531900      0.5531200      0.5530600      0.5530000    
  0.5538400      0.5537800      0.5537000      0.5536300      0.5535400      0.5534600      0.5533700      0.5532700      0.5531800      0.5530800      0.5529700      0.5528700      0.5527700      0.5526600      0.5525600      0.5524500      0.5523500      0.5522500      0.5521500      0.5520500      0.5519600      0.5518600      0.5517700      0.5516900      0.5516100      0.5515300      0.5514600      0.5513900      0.5513200      0.5512600    
  0.5522600      0.5521800      0.5520900      0.5520100      0.5519100      0.5518200      0.5517200      0.5516100      0.5515100      0.5514000      0.5512900      0.5511800      0.5510700      0.5509600      0.5508500      0.5507400      0.5506300      0.5505300      0.5504200      0.5503200      0.5502200      0.5501300      0.5500400      0.5499500      0.5498700      0.5497900      0.5497200      0.5496500      0.5495900      0.5495300    
  0.5522570      0.5521770      0.5516650      0.5503800      0.5502800      0.5501700      0.5500600      0.5499500      0.5498400      0.5497200      0.5496000      0.5494900      0.5493700      0.5492500      0.5491400      0.5490200      0.5489100      0.5488000      0.5486900      0.5485900      0.5484900      0.5483900      0.5483000      0.5482100      0.5481300      0.5480500      0.5479700      0.5479100      0.5478400      0.5477900    
  0.5522540      0.5516200      0.5503800      0.5490750      0.5486400      0.5485200      0.5484000      0.5482800      0.5481600      0.5480400      0.5479100      0.5477900      0.5476600      0.5475400      0.5474200      0.5473000      0.5471800      0.5470700      0.5469600      0.5468500      0.5467400      0.5466500      0.5465500      0.5464600      0.5463800      0.5463000      0.5462300      0.5461600      0.5461000      0.5460400    
  0.5516460      0.5503800      0.5485690      0.5478200      0.5470000      0.5468700      0.5467400      0.5466100      0.5464800      0.5463500      0.5462200      0.5460800      0.5459500      0.5458200      0.5457000      0.5455700      0.5454500      0.5453300      0.5452200      0.5451100      0.5450000      0.5449000      0.5448000      0.5447100      0.5446300      0.5445500      0.5444800      0.5444100      0.5443500      0.5442900    
  0.5503800      0.5483400      0.5474100      0.5470000      0.5463630      0.5452200      0.5450800      0.5449400      0.5448000      0.5446600      0.5445200      0.5443800      0.5442400      0.5441000      0.5439700      0.5438400      0.5437100      0.5435900      0.5434700      0.5433600      0.5432500      0.5431500      0.5430500      0.5429600      0.5428700      0.5427900      0.5427200      0.5426600      0.5426000      0.5425400    
  0.5482310      0.5472050      0.5470000      0.5461940      0.5452200      0.5445700      0.5434100      0.5432600      0.5431100      0.5429700      0.5428200      0.5426700      0.5425300      0.5423800      0.5422400      0.5421100      0.5419800      0.5418500      0.5417300      0.5416100      0.5415000      0.5413900      0.5413000      0.5412000      0.5411200      0.5410400      0.5409600      0.5409000      0.5408400      0.5407900    
  0.5471020      0.5470000      0.5461380      0.5452200      0.5444000      0.5434100      0.5433350      0.5432600      0.5426520      0.5412700      0.5411200      0.5409600      0.5408100      0.5406600      0.5405200      0.5403700      0.5402400      0.5401100      0.5399800      0.5398600      0.5397500      0.5396400      0.5395400      0.5394400      0.5393600      0.5392800      0.5392100      0.5391400      0.5390900      0.5390400    
  0.5470000      0.5461190      0.5452200      0.5443430      0.5434100      0.5433730      0.5433350      0.5426290      0.5412700      0.5411950      0.5400280      0.5392500      0.5390900      0.5389400      0.5387900      0.5386400      0.5385000      0.5383600      0.5382300      0.5381100      0.5379900      0.5378800      0.5377800      0.5376800      0.5376000      0.5375200      0.5374500      0.5373800      0.5373300      0.5372800    
  0.5461130      0.5452200      0.5443240      0.5434100      0.5433910      0.5433730      0.5426520      0.5412700      0.5412330      0.5396860      0.5383950      0.5375400      0.5373700      0.5372100      0.5370500      0.5369000      0.5367600      0.5366200      0.5364800      0.5363600      0.5362400      0.5361200      0.5360200      0.5359200      0.5358400      0.5357600      0.5356900      0.5356200      0.5355700      0.5355200    
  0.5452200      0.5443180      0.5434100      0.5434010      0.5433910      0.5426710      0.5412700      0.5412510      0.5395390      0.5379680      0.5375400      0.5374550      0.5369020      0.5354900      0.5353200      0.5351700      0.5350100      0.5348700      0.5347300      0.5346000      0.5344800      0.5343600      0.5342600      0.5341600      0.5340700      0.5339900      0.5339200      0.5338600      0.5338100      0.5337700    
  0.5443160      0.5434100      0.5434050      0.5434010      0.5426830      0.5412700      0.5412610      0.5394710      0.5377540      0.5375400      0.5374980      0.5368470      0.5354900      0.5354050      0.5353270      0.5351670      0.5350170      0.5348700      0.5336280      0.5328500      0.5327200      0.5326100      0.5325000      0.5324000      0.5323100      0.5322300      0.5321600      0.5321000      0.5320500      0.5320100    
  0.5434100      0.5434080      0.5434050      0.5426900      0.5412700      0.5412650      0.5394380      0.5376470      0.5375400      0.5375190      0.5368440      0.5354900      0.5354470      0.5354070      0.5352990      0.5351700      0.5350180      0.5333150      0.5319700      0.5310900      0.5309700      0.5308500      0.5307400      0.5306400      0.5305500      0.5304700      0.5304000      0.5303400      0.5302900      0.5302600    
  0.5434090      0.5434080      0.5426930      0.5412700      0.5412680      0.5394210      0.5375930      0.5375400      0.5375290      0.5368480      0.5354900      0.5354690      0.5354480      0.5353850      0.5352920      0.5351620      0.5332250      0.5315300      0.5310900      0.5304230      0.5292100      0.5290900      0.5289800      0.5288800      0.5287900      0.5287100      0.5286400      0.5285900      0.5285400      0.5285000    
  0.5434090      0.5426950      0.5412700      0.5412690      0.5394130      0.5375670      0.5375400      0.5375350      0.5368520      0.5354900      0.5354790      0.5354690      0.5354340      0.5353750      0.5352800      0.5321690      0.5313100      0.5310900      0.5284520      0.5274600      0.5273840      0.5273300      0.5272200      0.5271200      0.5270300      0.5269500      0.5268900      0.5268300      0.5267800      0.5267500    
  0.5426960      0.5412700      0.5412690      0.5394090      0.5375530      0.5375400      0.5375370      0.5368540      0.5354900      0.5354850      0.5354790      0.5354610      0.5354260      0.5308520      0.5277860      0.5258560      0.5258550      0.5256780      0.5254180      0.5248350      0.5257100      0.5255800      0.5254700      0.5253700      0.5252800      0.5252000      0.5251300      0.5250800      0.5250300      0.5250000    
  0.5412700      0.5412700      0.5394070      0.5375470      0.5375400      0.5375390      0.5368550      0.5354900      0.5354870      0.5354850      0.5354750      0.5354550      0.5272440      0.5172670      0.5173200      0.5207180      0.5204020      0.5206200      0.5228070      0.5239600      0.5239600      0.5238300      0.5237100      0.5236100      0.5235200      0.5234400      0.5233800      0.5233300      0.5232800      0.5232600    
  0.5412700      0.5394060      0.5375430      0.5375400      0.5375390      0.5368560      0.5354900      0.5354890      0.5354870      0.5354820      0.5262390      0.5123900      0.5155970      0.5172130      0.5172130      0.5173200      0.5192930      0.5201850      0.5206200      0.5218150      0.5222100      0.5220800      0.5219700      0.5218600      0.5217700      0.5216900      0.5216300      0.5215800      0.5215400      0.5215100    
  0.5394060      0.5375420      0.5375400      0.5375400      0.5368560      0.5354900      0.5354890      0.5354890      0.5354860      0.5243980      0.5123900      0.5123900      0.5123900      0.5155180      0.5171060      0.5171060      0.5173200      0.5190460      0.5197500      0.5206200      0.5204700      0.5203400      0.5202200      0.5201200      0.5200300      0.5199500      0.5198900      0.5198400      0.5198000      0.5197800    
  0.5375410      0.5375400      0.5375400      0.5368570      0.5354900      0.5354900      0.5354890      0.5276890      0.5202880      0.5123850      0.5123900      0.5123900      0.5123900      0.5123900      0.5153620      0.5168920      0.5168920      0.5173200      0.5184950      0.5188800      0.5187400      0.5186000      0.5184800      0.5183800      0.5182800      0.5182100      0.5181500      0.5181000      0.5180700      0.5180400    
  0.5375400      0.5375400      0.5368570      0.5354900      0.5354900      0.5224650      0.5029300      0.5036100      0.5042900      0.5096780      0.5123760      0.5123900      0.5123900      0.5123900      0.5123900      0.5150610      0.5164650      0.5164650      0.5173200      0.5171600      0.5170000      0.5168700      0.5167500      0.5166400      0.5165500      0.5164700      0.5164100      0.5163700      0.5163400      0.5163200    
  0.5375400      0.5368570      0.5354900      0.5354900      0.5198580      0.5029270      0.5029270      0.5029300      0.5036100      0.5042900      0.5096540      0.5123490      0.5123900      0.5123900      0.5123900      0.5123900      0.5144970      0.5156100      0.5156100      0.5154400      0.5152800      0.5151400      0.5150200      0.5149100      0.5148200      0.5147400      0.5146900      0.5146400      0.5146100      0.5146000    
