iMOD/TUTORIALS/TUT_MetaswapAnalyser/model_MetaSWAP/meteo/Evaporation/Evaporation_20050627_L1.ASC
NCOLS                30
NROWS                30
XLLCORNER     160000.00
YLLCORNER     340000.00
CELLSIZE        1000.00
NODATA_VALUE   -9999.00
   5.144990       5.146120       5.147260       5.148420       5.149610       5.150810       5.152030       5.153270       5.154530       5.155800       5.157090       5.158400       5.159720       5.161060       5.162410       5.163780       5.165160       5.166560       5.167970       5.169390       5.170830       5.172280       5.173750       5.175230       5.176720       5.178230       5.179750       5.181290       5.182830       5.184400    
   5.146980       5.148100       5.149240       5.150400       5.151590       5.152790       5.154010       5.155240       5.156500       5.157770       5.159060       5.160370       5.161690       5.163030       5.164380       5.165750       5.167130       5.168530       5.169940       5.171370       5.172810       5.174260       5.175730       5.177220       5.178710       5.180220       5.181750       5.183290       5.184840       5.186410    
   5.148960       5.150090       5.151230       5.152390       5.153570       5.154770       5.155990       5.157220       5.158480       5.159750       5.161040       5.162340       5.163670       5.165000       5.166360       5.167720       5.169110       5.170510       5.171920       5.173350       5.174790       5.176250       5.177720       5.179210       5.180710       5.182220       5.183750       5.185290       5.186850       5.188420    
   5.150960       5.152080       5.153220       5.154380       5.155560       5.156750       5.157970       5.159210       5.160460       5.161730       5.163020       5.164320       5.165640       5.166980       5.168340       5.169700       5.171090       5.172490       5.173900       5.175330       5.176780       5.178240       5.179710       5.181200       5.182700       5.184220       5.185750       5.187290       5.188850       5.190430    
   5.152950       5.154070       5.155210       5.156370       5.157550       5.158740       5.159960       5.161190       5.162450       5.163720       5.165000       5.166310       5.167630       5.168960       5.170320       5.171690       5.173070       5.174470       5.175890       5.177320       5.178760       5.180220       5.181700       5.183190       5.184700       5.186220       5.187750       5.189300       5.190860       5.192440    
   5.154950       5.156070       5.157210       5.158370       5.159540       5.160740       5.161950       5.163190       5.164440       5.165710       5.166990       5.168290       5.169610       5.170950       5.172300       5.173670       5.175060       5.176460       5.177870       5.179310       5.180750       5.182220       5.183690       5.185190       5.186690       5.188210       5.189750       5.191300       5.192870       5.194450    
   5.156960       5.158080       5.159210       5.160370       5.161540       5.162740       5.163950       5.165180       5.166430       5.167700       5.168980       5.170280       5.171600       5.172940       5.174290       5.175660       5.177050       5.178450       5.179860       5.181300       5.182750       5.184210       5.185690       5.187180       5.188690       5.190220       5.191760       5.193310       5.194880       5.196460    
   5.158960       5.160080       5.161220       5.162370       5.163550       5.164740       5.165950       5.167180       5.168430       5.169700       5.170980       5.172280       5.173600       5.174930       5.176280       5.177650       5.179040       5.180440       5.181860       5.183290       5.184740       5.186210       5.187690       5.189180       5.190690       5.192220       5.193760       5.195320       5.196890       5.198480    
   5.160980       5.162090       5.163230       5.164380       5.165560       5.166750       5.167960       5.169190       5.170430       5.171700       5.172980       5.174280       5.175600       5.176930       5.178280       5.179650       5.181030       5.182440       5.183850       5.185290       5.186740       5.188200       5.189690       5.191180       5.192700       5.194230       5.195770       5.197330       5.198900       5.200490    
   5.162990       5.164110       5.165240       5.166400       5.167570       5.168760       5.169970       5.171190       5.172440       5.173700       5.174980       5.176280       5.177600       5.178930       5.180280       5.181650       5.183030       5.184440       5.185850       5.187290       5.188740       5.190210       5.191690       5.193190       5.194700       5.196240       5.197780       5.199340       5.200920       5.202510    
   5.163000       5.164110       5.166040       5.168410       5.169580       5.170770       5.171980       5.173200       5.174450       5.175710       5.176990       5.178290       5.179600       5.180940       5.182290       5.183650       5.185040       5.186440       5.187860       5.189290       5.190740       5.192210       5.193700       5.195200       5.196710       5.198250       5.199790       5.201360       5.202940       5.204530    
   5.163010       5.165390       5.168410       5.170800       5.171600       5.172790       5.174000       5.175220       5.176460       5.177720       5.179000       5.180300       5.181610       5.182940       5.184290       5.185660       5.187040       5.188440       5.189860       5.191300       5.192750       5.194220       5.195710       5.197210       5.198730       5.200260       5.201810       5.203380       5.204960       5.206560    
   5.164680       5.168410       5.171360       5.172620       5.173630       5.174810       5.176020       5.177240       5.178480       5.179740       5.181020       5.182310       5.183630       5.184960       5.186300       5.187670       5.189050       5.190460       5.191870       5.193310       5.194760       5.196230       5.197720       5.199220       5.200740       5.202280       5.203830       5.205400       5.206980       5.208580    
   5.168410       5.171630       5.173120       5.173630       5.175090       5.176840       5.178040       5.179270       5.180500       5.181760       5.183040       5.184330       5.185640       5.186970       5.188320       5.189690       5.191070       5.192470       5.193890       5.195320       5.196780       5.198250       5.199730       5.201240       5.202760       5.204300       5.205850       5.207420       5.209010       5.210610    
   5.171760       5.173380       5.173630       5.175190       5.176840       5.178320       5.180080       5.181290       5.182530       5.183790       5.185060       5.186350       5.187660       5.188990       5.190340       5.191700       5.193090       5.194490       5.195910       5.197340       5.198790       5.200260       5.201750       5.203260       5.204780       5.206320       5.207870       5.209450       5.211040       5.212640    
   5.173500       5.173630       5.175220       5.176840       5.178410       5.180080       5.180690       5.181300       5.183360       5.185820       5.187090       5.188380       5.189690       5.191020       5.192360       5.193730       5.195110       5.196510       5.197930       5.199360       5.200820       5.202290       5.203780       5.205280       5.206810       5.208350       5.209900       5.211480       5.213070       5.214680    
   5.173630       5.175230       5.176840       5.178440       5.180080       5.180380       5.180690       5.182790       5.185820       5.186450       5.188830       5.190410       5.191720       5.193050       5.194390       5.195750       5.197140       5.198540       5.199950       5.201390       5.202840       5.204310       5.205800       5.207310       5.208830       5.210380       5.211930       5.213510       5.215100       5.216710    
   5.175230       5.176840       5.178450       5.180080       5.180230       5.180380       5.182420       5.185820       5.186140       5.189000       5.191430       5.192450       5.193760       5.195080       5.196420       5.197790       5.199170       5.200570       5.201980       5.203420       5.204870       5.206340       5.207830       5.209340       5.210870       5.212410       5.213970       5.215550       5.217140       5.218750    
   5.176840       5.178460       5.180080       5.180160       5.180230       5.182210       5.185820       5.185980       5.189070       5.191940       5.192450       5.193100       5.194600       5.197120       5.198460       5.199820       5.201200       5.202600       5.204020       5.205450       5.206910       5.208380       5.209870       5.211380       5.212900       5.214450       5.216010       5.217590       5.219190       5.220800    
   5.178460       5.180080       5.180120       5.180160       5.182110       5.185820       5.185900       5.189100       5.192190       5.192450       5.192780       5.194320       5.197120       5.197790       5.198470       5.199830       5.201210       5.202610       5.205820       5.207490       5.208940       5.210420       5.211910       5.213420       5.214940       5.216490       5.218050       5.219630       5.221230       5.222850    
   5.180080       5.180100       5.180120       5.182050       5.185820       5.185860       5.189120       5.192320       5.192450       5.192610       5.194170       5.197120       5.197460       5.197790       5.198690       5.199830       5.201210       5.205530       5.208510       5.209530       5.210990       5.212460       5.213950       5.215460       5.216990       5.218540       5.220100       5.221680       5.223280       5.224900    
   5.180090       5.180100       5.182020       5.185820       5.185840       5.189130       5.192390       5.192450       5.192530       5.194090       5.197120       5.197290       5.197460       5.197980       5.198770       5.199910       5.205030       5.209020       5.209530       5.211190       5.213040       5.214510       5.216000       5.217510       5.219040       5.220590       5.222150       5.223740       5.225340       5.226960    
   5.180090       5.182010       5.185820       5.185830       5.189130       5.192420       5.192450       5.192490       5.194050       5.197120       5.197200       5.197290       5.197570       5.198070       5.198890       5.205740       5.209270       5.209530       5.213500       5.215100       5.215980       5.216560       5.218050       5.219560       5.221090       5.222640       5.224210       5.225800       5.227400       5.229020    
   5.182000       5.185820       5.185830       5.189130       5.192430       5.192450       5.192470       5.194030       5.197120       5.197160       5.197200       5.197360       5.197640       5.204790       5.210740       5.215720       5.215710       5.216520       5.217500       5.218180       5.217150       5.218620       5.220110       5.221620       5.223150       5.224700       5.226270       5.227860       5.229470       5.231090    
   5.185820       5.185820       5.189130       5.192440       5.192450       5.192460       5.194020       5.197120       5.197140       5.197160       5.197240       5.197400       5.209850       5.224710       5.224640       5.221400       5.222160       5.221900       5.220180       5.219210       5.219210       5.220680       5.222170       5.223690       5.225220       5.226770       5.228340       5.229930       5.231540       5.233160    
   5.185820       5.189130       5.192450       5.192450       5.192460       5.194010       5.197120       5.197130       5.197140       5.197180       5.210180       5.229550       5.226370       5.224770       5.224770       5.224640       5.223090       5.222420       5.221900       5.221440       5.221280       5.222750       5.224240       5.225760       5.227290       5.228840       5.230410       5.232000       5.233610       5.235240    
   5.189130       5.192450       5.192450       5.192450       5.194010       5.197120       5.197130       5.197130       5.197150       5.212720       5.229550       5.229550       5.229550       5.226470       5.224900       5.224900       5.224640       5.223410       5.222940       5.221900       5.223350       5.224830       5.226320       5.227830       5.229370       5.230920       5.232490       5.234080       5.235700       5.237330    
   5.192450       5.192450       5.192450       5.194010       5.197120       5.197120       5.197130       5.207570       5.218010       5.229560       5.229550       5.229550       5.229550       5.229550       5.226660       5.225160       5.225160       5.224640       5.224150       5.223980       5.225430       5.226910       5.228400       5.229910       5.231450       5.233000       5.234580       5.236170       5.237780       5.239420    
   5.192450       5.192450       5.194010       5.197120       5.197120       5.214150       5.239680       5.239270       5.238860       5.232670       5.229570       5.229550       5.229550       5.229550       5.229550       5.227040       5.225690       5.225690       5.224640       5.226070       5.227520       5.228990       5.230490       5.232000       5.233540       5.235090       5.236670       5.238260       5.239880       5.241510    
   5.192450       5.194010       5.197120       5.197120       5.217550       5.239680       5.239680       5.239680       5.239270       5.238860       5.232700       5.229600       5.229550       5.229550       5.229550       5.229550       5.227750       5.226740       5.226740       5.228170       5.229620       5.231090       5.232580       5.234100       5.235630       5.237190       5.238770       5.240360       5.241980       5.243620    
