iMOD/TUTORIALS/TUT_MetaswapAnalyser/model_MetaSWAP/meteo/Evaporation/Evaporation_20051012_L1.ASC
NCOLS                30
NROWS                30
XLLCORNER     160000.00
YLLCORNER     340000.00
CELLSIZE        1000.00
NODATA_VALUE   -9999.00
   1.770860       1.772230       1.773600       1.774960       1.776320       1.777670       1.779020       1.780370       1.781710       1.783050       1.784390       1.785720       1.787050       1.788370       1.789690       1.791000       1.792310       1.793610       1.794910       1.796210       1.797500       1.798780       1.800060       1.801330       1.802600       1.803870       1.805130       1.806380       1.807630       1.808870    
   1.772170       1.773540       1.774910       1.776280       1.777640       1.779000       1.780350       1.781700       1.783050       1.784390       1.785730       1.787070       1.788390       1.789720       1.791040       1.792360       1.793670       1.794970       1.796270       1.797570       1.798860       1.800150       1.801430       1.802700       1.803970       1.805240       1.806500       1.807760       1.809000       1.810250    
   1.773480       1.774860       1.776230       1.777600       1.778960       1.780330       1.781680       1.783040       1.784390       1.785730       1.787070       1.788410       1.789740       1.791070       1.792390       1.793710       1.795020       1.796330       1.797640       1.798930       1.800230       1.801510       1.802800       1.804070       1.805350       1.806610       1.807870       1.809130       1.810380       1.811620    
   1.774790       1.776170       1.777550       1.778920       1.780290       1.781650       1.783010       1.784370       1.785720       1.787070       1.788420       1.789760       1.791090       1.792420       1.793750       1.795070       1.796380       1.797690       1.799000       1.800300       1.801590       1.802880       1.804170       1.805440       1.806720       1.807990       1.809250       1.810500       1.811760       1.813000    
   1.776100       1.777480       1.778860       1.780240       1.781610       1.782980       1.784340       1.785710       1.787060       1.788410       1.789760       1.791100       1.792440       1.793770       1.795100       1.796420       1.797740       1.799050       1.800360       1.801660       1.802960       1.804250       1.805540       1.806820       1.808090       1.809360       1.810620       1.811880       1.813130       1.814380    
   1.777410       1.778800       1.780180       1.781560       1.782940       1.784310       1.785680       1.787040       1.788400       1.789750       1.791100       1.792450       1.793790       1.795120       1.796450       1.797780       1.799100       1.800410       1.801720       1.803030       1.804330       1.805620       1.806900       1.808190       1.809460       1.810730       1.812000       1.813250       1.814510       1.815750    
   1.778720       1.780110       1.781500       1.782880       1.784260       1.785630       1.787010       1.788370       1.789740       1.791090       1.792450       1.793790       1.795140       1.796480       1.797810       1.799140       1.800460       1.801780       1.803090       1.804390       1.805690       1.806990       1.808270       1.809560       1.810830       1.812100       1.813370       1.814630       1.815880       1.817130    
   1.780030       1.781420       1.782810       1.784200       1.785580       1.786960       1.788340       1.789710       1.791070       1.792430       1.793790       1.795140       1.796490       1.797830       1.799160       1.800490       1.801820       1.803140       1.804450       1.805760       1.807060       1.808350       1.809640       1.810930       1.812200       1.813480       1.814740       1.816000       1.817260       1.818500    
   1.781340       1.782730       1.784130       1.785520       1.786910       1.788290       1.789670       1.791040       1.792410       1.793770       1.795130       1.796490       1.797830       1.799180       1.800520       1.801850       1.803170       1.804500       1.805810       1.807120       1.808420       1.809720       1.811010       1.812300       1.813580       1.814850       1.816110       1.817380       1.818630       1.819880    
   1.782650       1.784050       1.785450       1.786840       1.788230       1.789620       1.791000       1.792370       1.793740       1.795110       1.796470       1.797830       1.799180       1.800530       1.801870       1.803200       1.804530       1.805860       1.807170       1.808480       1.809790       1.811090       1.812380       1.813670       1.814950       1.816220       1.817490       1.818750       1.820000       1.821250    
   1.782650       1.784050       1.786120       1.788160       1.789550       1.790940       1.792330       1.793710       1.795080       1.796450       1.797820       1.799180       1.800530       1.801880       1.803220       1.804560       1.805890       1.807210       1.808530       1.809850       1.811150       1.812450       1.813750       1.815030       1.816320       1.817590       1.818860       1.820120       1.821380       1.822620    
   1.782650       1.785250       1.788160       1.790190       1.790870       1.792270       1.793650       1.795040       1.796420       1.797790       1.799160       1.800520       1.801880       1.803230       1.804570       1.805910       1.807250       1.808570       1.809890       1.811210       1.812520       1.813820       1.815110       1.816400       1.817680       1.818960       1.820230       1.821490       1.822750       1.824000    
   1.784320       1.788160       1.790520       1.791530       1.792200       1.793590       1.794980       1.796370       1.797750       1.799130       1.800500       1.801860       1.803220       1.804580       1.805920       1.807270       1.808600       1.809930       1.811250       1.812570       1.813880       1.815180       1.816480       1.817770       1.819050       1.820330       1.821600       1.822860       1.824120       1.825370    
   1.788160       1.790690       1.791870       1.792200       1.793570       1.794920       1.796310       1.797700       1.799080       1.800460       1.801840       1.803210       1.804570       1.805920       1.807270       1.808620       1.809960       1.811290       1.812610       1.813930       1.815240       1.816550       1.817850       1.819140       1.820420       1.821700       1.822970       1.824230       1.825490       1.826740    
   1.790770       1.792030       1.792200       1.793560       1.794920       1.796290       1.797640       1.799030       1.800420       1.801800       1.803180       1.804550       1.805910       1.807270       1.808620       1.809970       1.811310       1.812640       1.813970       1.815290       1.816600       1.817910       1.819210       1.820500       1.821790       1.823070       1.824340       1.825600       1.826860       1.828110    
   1.792120       1.792200       1.793560       1.794920       1.796280       1.797640       1.798330       1.799030       1.801100       1.803130       1.804510       1.805890       1.807260       1.808620       1.809970       1.811320       1.812660       1.814000       1.815330       1.816650       1.817960       1.819270       1.820570       1.821870       1.823150       1.824430       1.825700       1.826970       1.828230       1.829480    
   1.792200       1.793560       1.794920       1.796280       1.797640       1.797990       1.798330       1.800400       1.803130       1.803820       1.805860       1.807230       1.808600       1.809960       1.811320       1.812670       1.814020       1.815350       1.816680       1.818010       1.819320       1.820630       1.821940       1.823230       1.824520       1.825800       1.827070       1.828330       1.829590       1.830840    
   1.793560       1.794920       1.796280       1.797640       1.797810       1.797990       1.799960       1.803130       1.803480       1.805850       1.807890       1.808560       1.809940       1.811300       1.812670       1.814020       1.815370       1.816710       1.818040       1.819360       1.820680       1.821990       1.823300       1.824590       1.825880       1.827160       1.828430       1.829700       1.830960       1.832210    
   1.794920       1.796280       1.797640       1.797730       1.797810       1.799720       1.803130       1.803300       1.805850       1.808230       1.808560       1.809250       1.810610       1.812650       1.814010       1.815370       1.816710       1.818060       1.819390       1.820720       1.822040       1.823350       1.824650       1.825950       1.827240       1.828520       1.829790       1.831060       1.832320       1.833570    
   1.796280       1.797640       1.797680       1.797730       1.799600       1.803130       1.803220       1.805850       1.808390       1.808560       1.808910       1.810270       1.812650       1.813330       1.814010       1.815360       1.816710       1.818050       1.820730       1.822070       1.823390       1.824710       1.826010       1.827310       1.828600       1.829880       1.831160       1.832420       1.833680       1.834930    
   1.797640       1.797660       1.797680       1.799530       1.803130       1.803170       1.805850       1.808480       1.808560       1.808730       1.810100       1.812650       1.812990       1.813330       1.814230       1.815360       1.816710       1.820330       1.822750       1.823420       1.824750       1.826060       1.827370       1.828670       1.829960       1.831240       1.832510       1.833780       1.835040       1.836290    
   1.797650       1.797660       1.799500       1.803130       1.803150       1.805850       1.808520       1.808560       1.808650       1.810010       1.812650       1.812820       1.812990       1.813520       1.814310       1.815440       1.819780       1.823080       1.823420       1.824760       1.826100       1.827410       1.828720       1.830020       1.831310       1.832600       1.833870       1.835140       1.836400       1.837650    
   1.797650       1.799490       1.803130       1.803140       1.805850       1.808540       1.808560       1.808600       1.809970       1.812650       1.812730       1.812820       1.813110       1.813610       1.814420       1.820050       1.823250       1.823420       1.826270       1.827450       1.828230       1.828760       1.830070       1.831370       1.832660       1.833950       1.835220       1.836490       1.837750       1.839000    
   1.799480       1.803130       1.803140       1.805850       1.808550       1.808560       1.808580       1.809940       1.812650       1.812690       1.812730       1.812890       1.813180       1.818480       1.823220       1.827450       1.827450       1.828170       1.829020       1.829460       1.828790       1.830110       1.831420       1.832720       1.834020       1.835300       1.836580       1.837840       1.839100       1.840350    
   1.803130       1.803130       1.805850       1.808550       1.808560       1.808570       1.809930       1.812650       1.812670       1.812690       1.812770       1.812930       1.822050       1.832840       1.832800       1.831000       1.831650       1.831480       1.830640       1.830140       1.830140       1.831460       1.832770       1.834070       1.835360       1.836650       1.837920       1.839190       1.840450       1.841700    
   1.803130       1.805850       1.808560       1.808560       1.808570       1.809930       1.812650       1.812660       1.812670       1.812710       1.821840       1.835410       1.833730       1.832880       1.832880       1.832800       1.832100       1.831820       1.831480       1.831480       1.831480       1.832800       1.834110       1.835420       1.836710       1.837990       1.839270       1.840540       1.841800       1.843050    
   1.805850       1.808560       1.808560       1.808560       1.809930       1.812650       1.812660       1.812660       1.812680       1.823610       1.835410       1.835410       1.835410       1.833790       1.832970       1.832970       1.832800       1.832310       1.832150       1.831480       1.832820       1.834140       1.835450       1.836760       1.838050       1.839340       1.840610       1.841880       1.843140       1.844390    
   1.808560       1.808560       1.808560       1.809920       1.812650       1.812650       1.812660       1.819630       1.827000       1.835410       1.835410       1.835410       1.835410       1.835410       1.833920       1.833130       1.833130       1.832800       1.832810       1.832820       1.834150       1.835480       1.836790       1.838100       1.839390       1.840680       1.841950       1.843220       1.844480       1.845730    
   1.808560       1.808560       1.809920       1.812650       1.812650       1.823760       1.840420       1.840480       1.840530       1.837130       1.835420       1.835410       1.835410       1.835410       1.835410       1.834150       1.833460       1.833470       1.832800       1.834150       1.835480       1.836810       1.838130       1.839430       1.840730       1.842010       1.843290       1.844560       1.845820       1.847070    
   1.808560       1.809920       1.812650       1.812650       1.825980       1.840420       1.840420       1.840420       1.840480       1.840530       1.837140       1.835440       1.835410       1.835410       1.835410       1.835410       1.834610       1.834130       1.834130       1.835480       1.836810       1.838140       1.839460       1.840760       1.842060       1.843350       1.844620       1.845890       1.847150       1.848400    
