iMOD/TUTORIALS/TUT_MetaswapAnalyser/model_MetaSWAP/meteo/Evaporation/Evaporation_20061202_L1.ASC
NCOLS                30
NROWS                30
XLLCORNER     160000.00
YLLCORNER     340000.00
CELLSIZE        1000.00
NODATA_VALUE   -9999.00
  0.2187700      0.2194700      0.2201600      0.2208300      0.2214900      0.2221400      0.2227800      0.2234100      0.2240300      0.2246400      0.2252500      0.2258500      0.2264400      0.2270300      0.2276100      0.2281900      0.2287600      0.2293400      0.2299100      0.2304800      0.2310400      0.2316100      0.2321800      0.2327400      0.2333100      0.2338700      0.2344400      0.2350100      0.2355800      0.2361500    
  0.2197000      0.2204000      0.2210900      0.2217700      0.2224400      0.2230900      0.2237300      0.2243700      0.2249900      0.2256100      0.2262200      0.2268200      0.2274100      0.2280000      0.2285900      0.2291700      0.2297500      0.2303300      0.2309000      0.2314700      0.2320400      0.2326100      0.2331800      0.2337400      0.2343100      0.2348800      0.2354500      0.2360200      0.2365900      0.2371600    
  0.2206300      0.2213300      0.2220300      0.2227100      0.2233700      0.2240300      0.2246800      0.2253100      0.2259400      0.2265600      0.2271700      0.2277800      0.2283800      0.2289700      0.2295600      0.2301500      0.2307300      0.2313100      0.2318800      0.2324600      0.2330300      0.2336000      0.2341700      0.2347400      0.2353100      0.2358800      0.2364500      0.2370200      0.2375900      0.2381700    
  0.2215500      0.2222600      0.2229500      0.2236300      0.2243000      0.2249600      0.2256100      0.2262500      0.2268900      0.2275100      0.2281200      0.2287300      0.2293400      0.2299300      0.2305300      0.2311200      0.2317000      0.2322800      0.2328600      0.2334400      0.2340100      0.2345900      0.2351600      0.2357300      0.2363000      0.2368800      0.2374500      0.2380200      0.2385900      0.2391700    
  0.2224600      0.2231700      0.2238700      0.2245500      0.2252300      0.2258900      0.2265400      0.2271900      0.2278200      0.2284500      0.2290700      0.2296800      0.2302900      0.2308900      0.2314800      0.2320800      0.2326600      0.2332500      0.2338300      0.2344100      0.2349900      0.2355600      0.2361400      0.2367100      0.2372900      0.2378600      0.2384400      0.2390100      0.2395900      0.2401600    
  0.2233700      0.2240800      0.2247800      0.2254700      0.2261500      0.2268100      0.2274700      0.2281200      0.2287500      0.2293800      0.2300100      0.2306200      0.2312300      0.2318400      0.2324400      0.2330300      0.2336200      0.2342100      0.2347900      0.2353800      0.2359600      0.2365400      0.2371100      0.2376900      0.2382700      0.2388400      0.2394200      0.2400000      0.2405700      0.2411500    
  0.2242800      0.2249900      0.2256900      0.2263800      0.2270600      0.2277300      0.2283900      0.2290400      0.2296800      0.2303100      0.2309400      0.2315600      0.2321700      0.2327800      0.2333800      0.2339800      0.2345700      0.2351600      0.2357500      0.2363400      0.2369200      0.2375000      0.2380800      0.2386600      0.2392400      0.2398200      0.2404000      0.2409700      0.2415500      0.2421300    
  0.2251800      0.2258900      0.2266000      0.2272900      0.2279700      0.2286400      0.2293000      0.2299500      0.2306000      0.2312300      0.2318600      0.2324900      0.2331000      0.2337100      0.2343200      0.2349200      0.2355200      0.2361100      0.2367000      0.2372900      0.2378800      0.2384600      0.2390400      0.2396200      0.2402100      0.2407900      0.2413700      0.2419500      0.2425300      0.2431100    
  0.2260800      0.2267900      0.2275000      0.2281900      0.2288700      0.2295500      0.2302100      0.2308600      0.2315100      0.2321500      0.2327800      0.2334100      0.2340300      0.2346400      0.2352500      0.2358600      0.2364600      0.2370500      0.2376500      0.2382400      0.2388300      0.2394100      0.2400000      0.2405800      0.2411700      0.2417500      0.2423300      0.2429100      0.2435000      0.2440800    
  0.2269700      0.2276900      0.2283900      0.2290900      0.2297700      0.2304500      0.2311100      0.2317700      0.2324200      0.2330600      0.2337000      0.2343300      0.2349500      0.2355700      0.2361800      0.2367900      0.2373900      0.2379900      0.2385900      0.2391800      0.2397700      0.2403600      0.2409500      0.2415300      0.2421200      0.2427100      0.2432900      0.2438700      0.2444600      0.2450400    
  0.2269700      0.2276830      0.2287870      0.2299800      0.2306700      0.2313400      0.2320100      0.2326700      0.2333200      0.2339700      0.2346100      0.2352400      0.2358600      0.2364800      0.2371000      0.2377100      0.2383200      0.2389200      0.2395200      0.2401200      0.2407100      0.2413000      0.2418900      0.2424800      0.2430700      0.2436600      0.2442400      0.2448300      0.2454200      0.2460000    
  0.2269660      0.2283550      0.2299800      0.2311650      0.2315600      0.2322400      0.2329100      0.2335700      0.2342200      0.2348700      0.2355100      0.2361500      0.2367800      0.2374000      0.2380200      0.2386300      0.2392400      0.2398400      0.2404500      0.2410500      0.2416400      0.2422400      0.2428300      0.2434200      0.2440100      0.2446000      0.2451900      0.2457800      0.2463700      0.2469600    
  0.2278850      0.2299800      0.2314000      0.2320050      0.2324500      0.2331300      0.2338000      0.2344600      0.2351200      0.2357700      0.2364100      0.2370500      0.2376800      0.2383100      0.2389300      0.2395400      0.2401600      0.2407600      0.2413700      0.2419700      0.2425700      0.2431700      0.2437600      0.2443600      0.2449500      0.2455400      0.2461300      0.2467300      0.2473200      0.2479100    
  0.2299800      0.2315140      0.2322280      0.2324500      0.2331970      0.2340100      0.2346900      0.2353500      0.2360100      0.2366600      0.2373100      0.2379500      0.2385800      0.2392100      0.2398300      0.2404500      0.2410700      0.2416800      0.2422900      0.2428900      0.2434900      0.2440900      0.2446900      0.2452900      0.2458800      0.2464800      0.2470700      0.2476700      0.2482600      0.2488500    
  0.2315710      0.2323390      0.2324500      0.2332190      0.2340100      0.2347570      0.2355700      0.2362400      0.2369000      0.2375500      0.2382000      0.2388400      0.2394800      0.2401100      0.2407400      0.2413600      0.2419800      0.2425900      0.2432000      0.2438100      0.2444100      0.2450100      0.2456200      0.2462100      0.2468100      0.2474100      0.2480100      0.2486000      0.2492000      0.2497900    
  0.2323940      0.2324500      0.2332260      0.2340100      0.2347790      0.2355700      0.2359050      0.2362370      0.2372820      0.2384400      0.2390900      0.2397300      0.2403700      0.2410100      0.2416300      0.2422600      0.2428800      0.2434900      0.2441100      0.2447200      0.2453300      0.2459300      0.2465300      0.2471400      0.2477400      0.2483400      0.2489300      0.2495300      0.2501300      0.2507300    
  0.2324500      0.2332290      0.2340100      0.2347860      0.2355700      0.2357380      0.2359040      0.2369660      0.2384400      0.2387650      0.2398760      0.2406200      0.2412600      0.2419000      0.2425300      0.2431500      0.2437800      0.2444000      0.2450100      0.2456200      0.2462400      0.2468400      0.2474500      0.2480500      0.2486600      0.2492600      0.2498600      0.2504600      0.2510600      0.2516600    
  0.2332300      0.2340100      0.2347890      0.2355700      0.2356540      0.2357370      0.2367620      0.2384400      0.2386030      0.2399280      0.2410600      0.2415000      0.2421500      0.2427800      0.2434200      0.2440500      0.2446700      0.2452900      0.2459100      0.2465300      0.2471400      0.2477500      0.2483600      0.2489700      0.2495700      0.2501700      0.2507800      0.2513800      0.2519800      0.2525800    
  0.2340100      0.2347900      0.2355700      0.2356120      0.2356540      0.2366480      0.2384400      0.2385210      0.2399500      0.2412800      0.2415000      0.2418250      0.2425250      0.2436700      0.2443000      0.2449400      0.2455600      0.2461900      0.2468100      0.2474300      0.2480400      0.2486500      0.2492600      0.2498700      0.2504800      0.2510900      0.2516900      0.2523000      0.2529000      0.2535000    
  0.2347900      0.2355700      0.2355910      0.2356120      0.2365880      0.2384400      0.2384810      0.2399600      0.2413900      0.2415000      0.2416630      0.2423800      0.2436700      0.2439850      0.2443030      0.2449330      0.2455630      0.2461870      0.2475920      0.2483200      0.2489400      0.2495500      0.2501700      0.2507800      0.2513900      0.2520000      0.2526000      0.2532100      0.2538200      0.2544200    
  0.2355700      0.2355800      0.2355910      0.2365580      0.2384400      0.2384600      0.2399650      0.2414450      0.2415000      0.2415810      0.2423030      0.2436700      0.2438270      0.2439860      0.2444070      0.2449330      0.2455610      0.2474630      0.2487650      0.2492100      0.2498300      0.2504500      0.2510600      0.2516800      0.2522900      0.2529000      0.2535100      0.2541200      0.2547300      0.2553400    
  0.2355750      0.2355800      0.2365420      0.2384400      0.2384500      0.2399680      0.2414730      0.2415000      0.2415410      0.2422640      0.2436700      0.2437490      0.2438280      0.2440740      0.2444420      0.2449670      0.2472310      0.2489870      0.2492100      0.2499200      0.2507200      0.2513400      0.2519600      0.2525800      0.2531900      0.2538000      0.2544200      0.2550300      0.2556400      0.2562500    
  0.2355750      0.2365350      0.2384400      0.2384450      0.2399690      0.2414860      0.2415000      0.2415200      0.2422440      0.2436700      0.2437090      0.2437490      0.2438830      0.2441150      0.2444940      0.2475180      0.2490990      0.2492100      0.2509160      0.2516050      0.2519800      0.2522300      0.2528500      0.2534700      0.2540900      0.2547000      0.2553200      0.2559300      0.2565400      0.2571500    
  0.2365310      0.2384400      0.2384430      0.2399690      0.2414930      0.2415000      0.2415100      0.2422330      0.2436700      0.2436900      0.2437090      0.2437810      0.2439160      0.2470210      0.2496360      0.2518490      0.2518500      0.2522050      0.2526350      0.2529300      0.2524900      0.2531200      0.2537400      0.2543600      0.2549800      0.2556000      0.2562100      0.2568300      0.2574400      0.2580600    
  0.2384400      0.2384410      0.2399700      0.2414970      0.2415000      0.2415050      0.2422280      0.2436700      0.2436800      0.2436900      0.2437270      0.2438020      0.2491950      0.2556170      0.2555900      0.2542530      0.2545990      0.2544900      0.2537740      0.2533700      0.2533700      0.2540000      0.2546200      0.2552500      0.2558700      0.2564900      0.2571100      0.2577200      0.2583400      0.2589600    
  0.2384410      0.2399700      0.2414980      0.2415000      0.2415030      0.2422260      0.2436700      0.2436750      0.2436800      0.2436990      0.2492560      0.2575300      0.2562770      0.2556440      0.2556440      0.2555900      0.2549730      0.2547080      0.2544900      0.2543080      0.2542500      0.2548800      0.2555000      0.2561300      0.2567500      0.2573700      0.2580000      0.2586200      0.2592400      0.2598500    
  0.2399700      0.2414990      0.2415000      0.2415010      0.2422250      0.2436700      0.2436720      0.2436750      0.2436850      0.2503390      0.2575300      0.2575300      0.2575300      0.2563170      0.2556970      0.2556970      0.2555900      0.2551060      0.2549250      0.2544900      0.2551200      0.2557500      0.2563800      0.2570100      0.2576400      0.2582600      0.2588800      0.2595100      0.2601300      0.2607500    
  0.2415000      0.2415000      0.2415010      0.2422240      0.2436700      0.2436710      0.2436720      0.2480430      0.2525180      0.2575320      0.2575300      0.2575300      0.2575300      0.2575300      0.2563950      0.2558050      0.2558050      0.2555900      0.2554170      0.2553600      0.2559900      0.2566300      0.2572600      0.2578900      0.2585200      0.2591400      0.2597700      0.2603900      0.2610200      0.2616400    
  0.2415000      0.2415000      0.2422240      0.2436700      0.2436710      0.2507350      0.2613300      0.2612350      0.2611400      0.2587400      0.2575370      0.2575300      0.2575300      0.2575300      0.2575300      0.2565490      0.2560200      0.2560200      0.2555900      0.2562300      0.2568600      0.2575000      0.2581300      0.2587600      0.2593900      0.2600200      0.2606500      0.2612800      0.2619000      0.2625300    
  0.2415000      0.2422240      0.2436700      0.2436700      0.2521480      0.2613320      0.2613320      0.2613300      0.2612350      0.2611400      0.2587520      0.2575510      0.2575300      0.2575300      0.2575300      0.2575300      0.2568410      0.2564500      0.2564500      0.2570900      0.2577300      0.2583700      0.2590000      0.2596400      0.2602700      0.2609000      0.2615300      0.2621600      0.2627900      0.2634100    
