iMOD/TUTORIALS/TUT_MetaswapAnalyser/model_MetaSWAP/meteo/Evaporation/Evaporation_20061213_L1.ASC
NCOLS                30
NROWS                30
XLLCORNER     160000.00
YLLCORNER     340000.00
CELLSIZE        1000.00
NODATA_VALUE   -9999.00
  0.1721000      0.1716000      0.1710800      0.1705400      0.1699800      0.1693900      0.1687800      0.1681500      0.1675100      0.1668400      0.1661600      0.1654600      0.1647500      0.1640300      0.1632900      0.1625400      0.1617800      0.1610000      0.1602200      0.1594300      0.1586300      0.1578200      0.1570100      0.1561900      0.1553600      0.1545300      0.1537000      0.1528600      0.1520200      0.1511700    
  0.1714500      0.1709500      0.1704400      0.1698900      0.1693300      0.1687400      0.1681400      0.1675100      0.1668700      0.1662100      0.1655300      0.1648400      0.1641300      0.1634100      0.1626700      0.1619300      0.1611700      0.1604000      0.1596200      0.1588400      0.1580400      0.1572400      0.1564300      0.1556200      0.1548000      0.1539700      0.1531400      0.1523100      0.1514700      0.1506300    
  0.1707900      0.1702900      0.1697700      0.1692300      0.1686700      0.1680800      0.1674800      0.1668600      0.1662100      0.1655600      0.1648800      0.1641900      0.1634900      0.1627700      0.1620400      0.1613000      0.1605500      0.1597800      0.1590100      0.1582300      0.1574400      0.1566400      0.1558400      0.1550300      0.1542100      0.1533900      0.1525700      0.1517400      0.1509100      0.1500800    
  0.1701100      0.1696200      0.1691000      0.1685500      0.1679900      0.1674100      0.1668100      0.1661900      0.1655500      0.1648900      0.1642200      0.1635400      0.1628300      0.1621200      0.1614000      0.1606600      0.1599100      0.1591500      0.1583800      0.1576000      0.1568200      0.1560300      0.1552300      0.1544200      0.1536200      0.1528000      0.1519800      0.1511600      0.1503300      0.1495100    
  0.1694300      0.1689300      0.1684100      0.1678700      0.1673000      0.1667200      0.1661200      0.1655000      0.1648700      0.1642100      0.1635500      0.1628600      0.1621700      0.1614600      0.1607400      0.1600000      0.1592600      0.1585000      0.1577400      0.1569700      0.1561900      0.1554000      0.1546100      0.1538100      0.1530000      0.1521900      0.1513800      0.1505700      0.1497500      0.1489200    
  0.1687300      0.1682300      0.1677100      0.1671700      0.1666000      0.1660200      0.1654200      0.1648100      0.1641700      0.1635200      0.1628600      0.1621800      0.1614900      0.1607800      0.1600600      0.1593300      0.1585900      0.1578400      0.1570800      0.1563200      0.1555400      0.1547600      0.1539700      0.1531800      0.1523800      0.1515800      0.1507700      0.1499600      0.1491400      0.1483300    
  0.1680200      0.1675200      0.1670000      0.1664600      0.1658900      0.1653100      0.1647200      0.1641000      0.1634700      0.1628200      0.1621600      0.1614800      0.1607900      0.1600900      0.1593700      0.1586500      0.1579100      0.1571700      0.1564100      0.1556500      0.1548800      0.1541100      0.1533200      0.1525300      0.1517400      0.1509400      0.1501400      0.1493400      0.1485300      0.1477200    
  0.1673100      0.1668000      0.1662800      0.1657300      0.1651700      0.1645900      0.1640000      0.1633800      0.1627500      0.1621100      0.1614500      0.1607700      0.1600900      0.1593900      0.1586800      0.1579500      0.1572200      0.1564800      0.1557300      0.1549800      0.1542100      0.1534400      0.1526600      0.1518800      0.1510900      0.1503000      0.1495000      0.1487000      0.1479000      0.1471000    
  0.1665800      0.1660700      0.1655500      0.1650000      0.1644400      0.1638600      0.1632700      0.1626500      0.1620200      0.1613800      0.1607200      0.1600500      0.1593700      0.1586700      0.1579700      0.1572500      0.1565200      0.1557800      0.1550400      0.1542900      0.1535300      0.1527600      0.1519900      0.1512100      0.1504300      0.1496400      0.1488500      0.1480600      0.1472600      0.1464600    
  0.1658500      0.1653400      0.1648100      0.1642600      0.1637000      0.1631200      0.1625300      0.1619100      0.1612900      0.1606500      0.1599900      0.1593200      0.1586400      0.1579500      0.1572400      0.1565300      0.1558100      0.1550700      0.1543300      0.1535900      0.1528300      0.1520700      0.1513000      0.1505300      0.1497500      0.1489700      0.1481900      0.1474000      0.1466100      0.1458200    
  0.1658430      0.1653330      0.1644830      0.1635200      0.1629500      0.1623700      0.1617800      0.1611700      0.1605400      0.1599000      0.1592500      0.1585800      0.1579000      0.1572100      0.1565100      0.1558000      0.1550800      0.1543500      0.1536200      0.1528800      0.1521200      0.1513700      0.1506100      0.1498400      0.1490700      0.1482900      0.1475100      0.1467300      0.1459500      0.1451600    
  0.1658370      0.1647950      0.1635200      0.1625250      0.1622000      0.1616100      0.1610200      0.1604100      0.1597800      0.1591500      0.1584900      0.1578300      0.1571500      0.1564700      0.1557700      0.1550600      0.1543500      0.1536200      0.1528900      0.1521500      0.1514100      0.1506600      0.1499000      0.1491400      0.1483700      0.1476000      0.1468300      0.1460500      0.1452800      0.1445000    
  0.1651200      0.1635200      0.1623220      0.1618150      0.1614300      0.1608500      0.1602500      0.1596400      0.1590200      0.1583800      0.1577300      0.1570700      0.1564000      0.1557100      0.1550200      0.1543200      0.1536000      0.1528800      0.1521600      0.1514200      0.1506800      0.1499400      0.1491800      0.1484300      0.1476700      0.1469000      0.1461400      0.1453700      0.1445900      0.1438200    
  0.1635200      0.1622240      0.1616220      0.1614300      0.1607870      0.1600800      0.1594800      0.1588700      0.1582500      0.1576100      0.1569600      0.1563000      0.1556300      0.1549500      0.1542600      0.1535600      0.1528500      0.1521400      0.1514100      0.1506800      0.1499500      0.1492000      0.1484600      0.1477100      0.1469500      0.1461900      0.1454300      0.1446700      0.1439000      0.1431300    
  0.1621750      0.1615260      0.1614300      0.1607660      0.1600800      0.1594200      0.1587000      0.1580900      0.1574700      0.1568300      0.1561900      0.1555300      0.1548600      0.1541800      0.1534900      0.1528000      0.1520900      0.1513800      0.1506600      0.1499300      0.1492000      0.1484600      0.1477200      0.1469800      0.1462300      0.1454700      0.1447200      0.1439600      0.1432000      0.1424400    
  0.1614780      0.1614300      0.1607590      0.1600800      0.1594000      0.1587000      0.1583950      0.1580870      0.1571100      0.1560500      0.1554000      0.1547500      0.1540800      0.1534000      0.1527200      0.1520200      0.1513200      0.1506100      0.1499000      0.1491700      0.1484500      0.1477200      0.1469800      0.1462400      0.1454900      0.1447500      0.1440000      0.1432400      0.1424900      0.1417400    
  0.1614300      0.1607560      0.1600800      0.1593930      0.1587000      0.1585470      0.1583940      0.1574100      0.1560500      0.1557250      0.1546640      0.1539600      0.1532900      0.1526200      0.1519300      0.1512400      0.1505400      0.1498400      0.1491300      0.1484100      0.1476900      0.1469600      0.1462300      0.1454900      0.1447500      0.1440100      0.1432700      0.1425200      0.1417700      0.1410200    
  0.1607550      0.1600800      0.1593910      0.1587000      0.1586240      0.1585470      0.1576000      0.1560500      0.1558870      0.1546320      0.1535600      0.1531600      0.1525000      0.1518300      0.1511500      0.1504600      0.1497600      0.1490600      0.1483500      0.1476400      0.1469200      0.1461900      0.1454700      0.1447400      0.1440000      0.1432700      0.1425300      0.1417900      0.1410500      0.1403000    
  0.1600800      0.1593900      0.1587000      0.1586620      0.1586240      0.1577050      0.1560500      0.1559690      0.1546180      0.1533600      0.1531600      0.1528300      0.1521300      0.1510300      0.1503500      0.1496600      0.1489700      0.1482700      0.1475700      0.1468600      0.1461400      0.1454200      0.1447000      0.1439700      0.1432500      0.1425200      0.1417800      0.1410500      0.1403100      0.1395800    
  0.1593900      0.1587000      0.1586810      0.1586620      0.1577600      0.1560500      0.1560090      0.1546110      0.1532600      0.1531600      0.1529950      0.1522880      0.1510300      0.1506900      0.1503470      0.1496600      0.1489670      0.1482700      0.1468100      0.1460700      0.1453600      0.1446500      0.1439300      0.1432100      0.1424800      0.1417600      0.1410300      0.1403000      0.1395700      0.1388400    
  0.1587000      0.1586900      0.1586810      0.1577880      0.1560500      0.1560300      0.1546080      0.1532100      0.1531600      0.1530780      0.1523680      0.1510300      0.1508600      0.1506890      0.1502320      0.1496580      0.1489660      0.1470000      0.1456750      0.1452800      0.1445700      0.1438600      0.1431500      0.1424300      0.1417100      0.1409900      0.1402700      0.1395500      0.1388300      0.1381000    
  0.1586950      0.1586900      0.1578020      0.1560500      0.1560400      0.1546070      0.1531850      0.1531600      0.1531190      0.1524090      0.1510300      0.1509450      0.1508600      0.1505940      0.1501930      0.1496190      0.1472760      0.1454780      0.1452800      0.1445430      0.1437800      0.1430700      0.1423600      0.1416500      0.1409400      0.1402200      0.1395100      0.1387900      0.1380700      0.1373500    
  0.1586950      0.1578100      0.1560500      0.1560450      0.1546060      0.1531730      0.1531600      0.1531390      0.1524290      0.1510300      0.1509880      0.1509450      0.1507990      0.1505490      0.1501350      0.1470640      0.1453790      0.1452800      0.1436450      0.1429800      0.1425580      0.1422800      0.1415700      0.1408700      0.1401600      0.1394500      0.1387400      0.1380300      0.1373100      0.1366000    
  0.1578130      0.1560500      0.1560470      0.1546050      0.1531660      0.1531600      0.1531500      0.1524400      0.1510300      0.1510090      0.1509870      0.1509110      0.1507640      0.1477360      0.1451200      0.1428540      0.1428550      0.1424840      0.1420420      0.1417750      0.1421800      0.1414800      0.1407800      0.1400700      0.1393700      0.1386700      0.1379600      0.1372600      0.1365500      0.1358400    
  0.1560500      0.1560490      0.1546050      0.1531630      0.1531600      0.1531550      0.1524450      0.1510300      0.1510190      0.1510090      0.1509690      0.1508870      0.1456510      0.1394340      0.1394600      0.1406600      0.1403280      0.1404300      0.1410250      0.1413700      0.1413700      0.1406700      0.1399800      0.1392800      0.1385800      0.1378800      0.1371800      0.1364800      0.1357800      0.1350800    
  0.1560490      0.1546050      0.1531620      0.1531600      0.1531570      0.1524470      0.1510300      0.1510250      0.1510190      0.1509990      0.1456330      0.1376500      0.1388180      0.1394090      0.1394090      0.1394600      0.1399960      0.1402250      0.1404300      0.1405250      0.1405600      0.1398700      0.1391700      0.1384800      0.1377900      0.1370900      0.1364000      0.1357000      0.1350100      0.1343100    
  0.1546050      0.1531610      0.1531600      0.1531590      0.1524490      0.1510300      0.1510270      0.1510250      0.1510140      0.1445900      0.1376500      0.1376500      0.1376500      0.1387800      0.1393570      0.1393580      0.1394600      0.1398700      0.1400200      0.1404300      0.1397400      0.1390500      0.1383700      0.1376800      0.1369900      0.1363000      0.1356100      0.1349200      0.1342300      0.1335400    
  0.1531600      0.1531600      0.1531590      0.1524490      0.1510300      0.1510290      0.1510270      0.1468120      0.1424910      0.1376480      0.1376500      0.1376500      0.1376500      0.1376500      0.1387050      0.1392550      0.1392550      0.1394600      0.1395700      0.1396100      0.1389200      0.1382400      0.1375600      0.1368700      0.1361900      0.1355000      0.1348200      0.1341400      0.1334500      0.1327700    
  0.1531600      0.1531600      0.1524500      0.1510300      0.1510290      0.1442250      0.1340200      0.1341000      0.1341800      0.1364870      0.1376430      0.1376500      0.1376500      0.1376500      0.1376500      0.1385580      0.1390490      0.1390500      0.1394600      0.1387800      0.1381000      0.1374200      0.1367400      0.1360600      0.1353800      0.1347000      0.1340300      0.1333500      0.1326700      0.1320000    
  0.1531600      0.1524500      0.1510300      0.1510300      0.1428640      0.1340180      0.1340180      0.1340200      0.1341000      0.1341800      0.1364750      0.1376300      0.1376500      0.1376500      0.1376500      0.1376500      0.1382770      0.1386370      0.1386400      0.1379600      0.1372800      0.1366100      0.1359300      0.1352500      0.1345800      0.1339000      0.1332300      0.1325600      0.1318900      0.1312200    
