iMOD/TUTORIALS/TUT_MetaswapAnalyser/model_MetaSWAP/meteo/Evaporation/Evaporation_20051011_L1.ASC
NCOLS                30
NROWS                30
XLLCORNER     160000.00
YLLCORNER     340000.00
CELLSIZE        1000.00
NODATA_VALUE   -9999.00
   1.844450       1.845140       1.845850       1.846580       1.847340       1.848110       1.848900       1.849710       1.850530       1.851380       1.852240       1.853110       1.854000       1.854910       1.855820       1.856750       1.857690       1.858650       1.859610       1.860590       1.861570       1.862560       1.863560       1.864570       1.865590       1.866610       1.867640       1.868680       1.869720       1.870770    
   1.846100       1.846780       1.847490       1.848220       1.848960       1.849730       1.850510       1.851320       1.852140       1.852980       1.853830       1.854700       1.855580       1.856480       1.857390       1.858310       1.859250       1.860190       1.861150       1.862120       1.863090       1.864080       1.865070       1.866070       1.867080       1.868100       1.869120       1.870150       1.871180       1.872220    
   1.847750       1.848430       1.849140       1.849860       1.850600       1.851360       1.852140       1.852940       1.853750       1.854590       1.855430       1.856300       1.857170       1.858060       1.858970       1.859880       1.860810       1.861750       1.862700       1.863660       1.864630       1.865600       1.866590       1.867580       1.868580       1.869590       1.870600       1.871620       1.872650       1.873680    
   1.849420       1.850090       1.850790       1.851510       1.852250       1.853000       1.853780       1.854570       1.855380       1.856210       1.857050       1.857900       1.858770       1.859660       1.860550       1.861460       1.862380       1.863310       1.864260       1.865210       1.866170       1.867140       1.868120       1.869100       1.870090       1.871090       1.872100       1.873110       1.874120       1.875150    
   1.851090       1.851760       1.852460       1.853170       1.853900       1.854650       1.855420       1.856210       1.857020       1.857840       1.858670       1.859520       1.860380       1.861260       1.862150       1.863050       1.863970       1.864890       1.865820       1.866770       1.867720       1.868680       1.869650       1.870630       1.871620       1.872610       1.873600       1.874610       1.875610       1.876630    
   1.852770       1.853440       1.854130       1.854840       1.855570       1.856320       1.857080       1.857860       1.858660       1.859470       1.860300       1.861150       1.862000       1.862870       1.863760       1.864650       1.865560       1.866480       1.867400       1.868340       1.869290       1.870240       1.871200       1.872170       1.873150       1.874130       1.875120       1.876110       1.877110       1.878110    
   1.854460       1.855130       1.855810       1.856520       1.857240       1.857980       1.858740       1.859520       1.860310       1.861120       1.861940       1.862780       1.863630       1.864500       1.865370       1.866260       1.867160       1.868070       1.868990       1.869920       1.870860       1.871800       1.872760       1.873720       1.874690       1.875660       1.876640       1.877630       1.878620       1.879610    
   1.856160       1.856820       1.857500       1.858200       1.858920       1.859660       1.860420       1.861190       1.861970       1.862780       1.863590       1.864430       1.865270       1.866130       1.867000       1.867880       1.868770       1.869680       1.870590       1.871510       1.872440       1.873380       1.874320       1.875280       1.876240       1.877200       1.878170       1.879150       1.880130       1.881120    
   1.857870       1.858520       1.859200       1.859900       1.860610       1.861350       1.862100       1.862860       1.863640       1.864440       1.865250       1.866080       1.866920       1.867770       1.868630       1.869510       1.870390       1.871290       1.872190       1.873110       1.874030       1.874960       1.875900       1.876840       1.877800       1.878750       1.879720       1.880680       1.881660       1.882630    
   1.859580       1.860230       1.860910       1.861600       1.862310       1.863040       1.863780       1.864540       1.865320       1.866110       1.866920       1.867740       1.868570       1.869420       1.870270       1.871140       1.872020       1.872910       1.873810       1.874710       1.875630       1.876550       1.877480       1.878420       1.879360       1.880310       1.881270       1.882230       1.883190       1.884160    
   1.859580       1.860240       1.861510       1.863310       1.864010       1.864740       1.865480       1.866230       1.867000       1.867790       1.868590       1.869410       1.870230       1.871070       1.871920       1.872780       1.873660       1.874540       1.875430       1.876330       1.877230       1.878150       1.879070       1.880000       1.880940       1.881880       1.882820       1.883770       1.884730       1.885690    
   1.859590       1.861160       1.863310       1.865120       1.865720       1.866440       1.867180       1.867930       1.868690       1.869480       1.870270       1.871080       1.871900       1.872730       1.873580       1.874430       1.875300       1.876170       1.877060       1.877950       1.878850       1.879760       1.880670       1.881590       1.882520       1.883450       1.884390       1.885330       1.886280       1.887230    
   1.860750       1.863310       1.865610       1.866580       1.867440       1.868150       1.868880       1.869630       1.870390       1.871170       1.871960       1.872760       1.873580       1.874400       1.875240       1.876090       1.876950       1.877810       1.878690       1.879580       1.880470       1.881370       1.882280       1.883190       1.884110       1.885030       1.885960       1.886900       1.887830       1.888780    
   1.863310       1.865840       1.867010       1.867440       1.868490       1.869870       1.870590       1.871340       1.872090       1.872860       1.873650       1.874450       1.875260       1.876080       1.876910       1.877750       1.878600       1.879460       1.880330       1.881210       1.882100       1.882990       1.883890       1.884790       1.885700       1.886620       1.887540       1.888470       1.889400       1.890330    
   1.865950       1.867220       1.867440       1.868600       1.869870       1.870920       1.872310       1.873050       1.873800       1.874570       1.875350       1.876140       1.876940       1.877760       1.878580       1.879420       1.880270       1.881120       1.881980       1.882850       1.883730       1.884620       1.885510       1.886400       1.887310       1.888210       1.889130       1.890040       1.890960       1.891890    
   1.867330       1.867440       1.868640       1.869870       1.871030       1.872310       1.872680       1.873050       1.874420       1.876280       1.877050       1.877840       1.878640       1.879440       1.880260       1.881090       1.881930       1.882780       1.883640       1.884500       1.885370       1.886250       1.887130       1.888020       1.888920       1.889820       1.890720       1.891630       1.892540       1.893460    
   1.867440       1.868650       1.869870       1.871070       1.872310       1.872490       1.872680       1.874110       1.876280       1.876660       1.878390       1.879540       1.880330       1.881140       1.881950       1.882770       1.883610       1.884450       1.885300       1.886150       1.887020       1.887890       1.888760       1.889640       1.890530       1.891420       1.892320       1.893220       1.894120       1.895030    
   1.868650       1.869870       1.871080       1.872310       1.872400       1.872500       1.873890       1.876280       1.876470       1.878600       1.880390       1.881250       1.882030       1.882830       1.883640       1.884460       1.885290       1.886120       1.886960       1.887810       1.888670       1.889530       1.890400       1.891270       1.892150       1.893030       1.893920       1.894810       1.895710       1.896600    
   1.869870       1.871090       1.872310       1.872360       1.872400       1.873770       1.876280       1.876380       1.878680       1.880820       1.881250       1.881640       1.882660       1.884530       1.885340       1.886150       1.886970       1.887800       1.888630       1.889480       1.890320       1.891180       1.892040       1.892910       1.893780       1.894650       1.895530       1.896410       1.897300       1.898190    
   1.871090       1.872310       1.872330       1.872360       1.873700       1.876280       1.876330       1.878730       1.881040       1.881250       1.881440       1.882520       1.884530       1.884930       1.885340       1.886150       1.886970       1.887800       1.889970       1.891140       1.891990       1.892830       1.893690       1.894540       1.895410       1.896270       1.897140       1.898020       1.898890       1.899770    
   1.872310       1.872320       1.872330       1.873670       1.876280       1.876300       1.878750       1.881140       1.881250       1.881350       1.882440       1.884530       1.884730       1.884930       1.885480       1.886160       1.886980       1.889910       1.891980       1.892820       1.893650       1.894490       1.895340       1.896190       1.897040       1.897900       1.898760       1.899630       1.900500       1.901370    
   1.872320       1.872320       1.873650       1.876280       1.876290       1.878760       1.881200       1.881250       1.881300       1.882390       1.884530       1.884630       1.884730       1.885050       1.885520       1.886200       1.889650       1.892400       1.892820       1.893930       1.895320       1.896150       1.896990       1.897830       1.898680       1.899530       1.900380       1.901240       1.902100       1.902960    
   1.872320       1.873640       1.876280       1.876290       1.878760       1.881220       1.881250       1.881270       1.882370       1.884530       1.884580       1.884630       1.884800       1.885100       1.885590       1.890370       1.892610       1.892820       1.895810       1.897000       1.897490       1.897820       1.898650       1.899480       1.900320       1.901160       1.902010       1.902860       1.903710       1.904560    
   1.873640       1.876280       1.876280       1.878760       1.881240       1.881250       1.881260       1.882360       1.884530       1.884560       1.884580       1.884670       1.884850       1.890250       1.894510       1.897870       1.897870       1.898350       1.898950       1.899500       1.898670       1.899490       1.900310       1.901140       1.901970       1.902800       1.903640       1.904480       1.905320       1.906160    
   1.876280       1.876280       1.878760       1.881240       1.881250       1.881260       1.882350       1.884530       1.884540       1.884560       1.884600       1.884700       1.894190       1.905570       1.905520       1.902630       1.903120       1.902910       1.901250       1.900350       1.900340       1.901160       1.901970       1.902790       1.903620       1.904440       1.905270       1.906100       1.906940       1.907770    
   1.876280       1.878760       1.881250       1.881250       1.881250       1.882350       1.884530       1.884540       1.884540       1.884570       1.894710       1.909850       1.907040       1.905630       1.905630       1.905520       1.904000       1.903330       1.902910       1.902250       1.902030       1.902830       1.903640       1.904450       1.905270       1.906080       1.906910       1.907730       1.908550       1.909380    
   1.878760       1.881250       1.881250       1.881250       1.882340       1.884530       1.884530       1.884540       1.884550       1.896700       1.909850       1.909850       1.909850       1.907120       1.905730       1.905730       1.905520       1.904250       1.903750       1.902910       1.903710       1.904510       1.905310       1.906110       1.906920       1.907730       1.908540       1.909360       1.910170       1.910990    
   1.881250       1.881250       1.881250       1.882340       1.884530       1.884530       1.884530       1.892800       1.900950       1.909850       1.909850       1.909850       1.909850       1.909850       1.907270       1.905940       1.905940       1.905520       1.904830       1.904600       1.905390       1.906180       1.906980       1.907780       1.908580       1.909380       1.910180       1.910990       1.911790       1.912600    
   1.881250       1.881250       1.882340       1.884530       1.884530       1.898150       1.918570       1.918090       1.917600       1.912450       1.909860       1.909850       1.909850       1.909850       1.909850       1.907580       1.906370       1.906360       1.905520       1.906290       1.907080       1.907860       1.908650       1.909440       1.910230       1.911020       1.911820       1.912620       1.913420       1.914220    
   1.881250       1.882340       1.884530       1.884530       1.900870       1.918570       1.918570       1.918570       1.918090       1.917600       1.912470       1.909890       1.909850       1.909850       1.909850       1.909850       1.908140       1.907210       1.907210       1.907990       1.908760       1.909540       1.910320       1.911100       1.911890       1.912670       1.913460       1.914250       1.915040       1.915830    
