iMOD/TUTORIALS/TUT_MetaswapAnalyser/model_MetaSWAP/meteo/Evaporation/Evaporation_20060106_L1.ASC
NCOLS                30
NROWS                30
XLLCORNER     160000.00
YLLCORNER     340000.00
CELLSIZE        1000.00
NODATA_VALUE   -9999.00
  0.3757200      0.3735800      0.3714200      0.3692500      0.3670700      0.3648800      0.3626800      0.3604700      0.3582700      0.3560600      0.3538500      0.3516400      0.3494400      0.3472500      0.3450700      0.3428900      0.3407300      0.3385700      0.3364400      0.3343100      0.3322100      0.3301200      0.3280500      0.3259900      0.3239600      0.3219500      0.3199500      0.3179800      0.3160300      0.3141000    
  0.3782900      0.3761700      0.3740300      0.3718700      0.3697000      0.3675300      0.3653400      0.3631500      0.3609500      0.3587600      0.3565600      0.3543700      0.3521800      0.3500000      0.3478200      0.3456600      0.3435000      0.3413600      0.3392300      0.3371100      0.3350100      0.3329300      0.3308600      0.3288100      0.3267800      0.3247700      0.3227700      0.3208000      0.3188500      0.3169200    
  0.3808500      0.3787400      0.3766100      0.3744700      0.3723200      0.3701500      0.3679800      0.3658000      0.3636200      0.3614400      0.3592600      0.3570700      0.3549000      0.3527200      0.3505600      0.3484000      0.3462600      0.3441200      0.3420000      0.3398900      0.3377900      0.3357100      0.3336500      0.3316100      0.3295800      0.3275700      0.3255800      0.3236100      0.3216600      0.3197300    
  0.3833900      0.3812900      0.3791800      0.3770500      0.3749100      0.3727600      0.3706000      0.3684400      0.3662700      0.3641000      0.3619300      0.3597600      0.3575900      0.3554300      0.3532800      0.3511300      0.3489900      0.3468700      0.3447500      0.3426500      0.3405600      0.3384900      0.3364300      0.3343900      0.3323600      0.3303600      0.3283700      0.3264000      0.3244500      0.3225200    
  0.3859100      0.3838300      0.3817200      0.3796100      0.3774800      0.3753500      0.3732000      0.3710500      0.3689000      0.3667400      0.3645800      0.3624200      0.3602700      0.3581200      0.3559700      0.3538400      0.3517100      0.3495900      0.3474800      0.3453900      0.3433100      0.3412400      0.3391900      0.3371500      0.3351300      0.3331300      0.3311400      0.3291700      0.3272300      0.3253000    
  0.3884200      0.3863400      0.3842500      0.3821500      0.3800400      0.3779200      0.3757800      0.3736500      0.3715100      0.3693600      0.3672100      0.3650700      0.3629300      0.3607900      0.3586500      0.3565300      0.3544100      0.3523000      0.3502000      0.3481100      0.3460400      0.3439700      0.3419300      0.3399000      0.3378800      0.3358800      0.3339000      0.3319300      0.3299900      0.3280600    
  0.3909000      0.3888400      0.3867700      0.3846800      0.3825800      0.3804700      0.3783500      0.3762300      0.3741000      0.3719600      0.3698300      0.3677000      0.3655700      0.3634400      0.3613100      0.3592000      0.3570900      0.3549900      0.3529000      0.3508200      0.3487500      0.3466900      0.3446500      0.3426300      0.3406100      0.3386200      0.3366400      0.3346800      0.3327400      0.3308100    
  0.3933800      0.3913300      0.3892600      0.3871900      0.3851000      0.3830000      0.3809000      0.3787900      0.3766700      0.3745500      0.3724300      0.3703100      0.3681900      0.3660700      0.3639600      0.3618500      0.3597500      0.3576600      0.3555800      0.3535000      0.3514400      0.3493900      0.3473600      0.3453400      0.3433300      0.3413400      0.3393700      0.3374100      0.3354700      0.3335500    
  0.3958300      0.3937900      0.3917400      0.3896800      0.3876000      0.3855200      0.3834300      0.3813300      0.3792200      0.3771200      0.3750100      0.3729000      0.3707900      0.3686800      0.3665800      0.3644800      0.3623900      0.3603100      0.3582400      0.3561700      0.3541200      0.3520800      0.3500500      0.3480400      0.3460300      0.3440500      0.3420800      0.3401200      0.3381900      0.3362700    
  0.3982700      0.3962500      0.3942100      0.3921600      0.3900900      0.3880200      0.3859400      0.3838500      0.3817600      0.3796700      0.3775700      0.3754700      0.3733800      0.3712800      0.3691900      0.3671000      0.3650200      0.3629500      0.3608800      0.3588300      0.3567800      0.3547500      0.3527300      0.3507200      0.3487200      0.3467400      0.3447700      0.3428200      0.3408900      0.3389700    
  0.3982670      0.3962430      0.3943100      0.3946200      0.3925700      0.3905100      0.3884400      0.3863700      0.3842900      0.3822000      0.3801200      0.3780300      0.3759400      0.3738600      0.3717800      0.3697000      0.3676300      0.3655700      0.3635100      0.3614600      0.3594300      0.3574000      0.3553800      0.3533800      0.3513900      0.3494200      0.3474500      0.3455100      0.3435800      0.3416600    
  0.3982620      0.3958600      0.3946200      0.3949220      0.3950300      0.3929800      0.3909200      0.3888600      0.3867900      0.3847200      0.3826500      0.3805700      0.3785000      0.3764200      0.3743500      0.3722900      0.3702300      0.3681700      0.3661200      0.3640900      0.3620600      0.3600400      0.3580300      0.3560300      0.3540500      0.3520800      0.3501200      0.3481800      0.3462500      0.3443400    
  0.3972530      0.3946200      0.3958160      0.3962500      0.3974700      0.3954300      0.3933900      0.3913400      0.3892800      0.3872200      0.3851600      0.3831000      0.3810400      0.3789700      0.3769100      0.3748600      0.3728100      0.3707600      0.3687200      0.3666900      0.3646700      0.3626600      0.3606600      0.3586700      0.3566900      0.3547200      0.3527700      0.3508400      0.3489100      0.3470100    
  0.3946200      0.3961910      0.3968600      0.3974700      0.3969270      0.3978800      0.3958400      0.3938000      0.3917600      0.3897100      0.3876600      0.3856100      0.3835600      0.3815100      0.3794600      0.3774100      0.3753700      0.3733300      0.3713000      0.3692800      0.3672700      0.3652600      0.3632700      0.3612900      0.3593100      0.3573600      0.3554100      0.3534800      0.3515600      0.3496600    
  0.3963620      0.3971650      0.3974700      0.3974260      0.3978800      0.3973330      0.3982800      0.3962600      0.3942200      0.3921900      0.3901500      0.3881100      0.3860600      0.3840200      0.3819800      0.3799500      0.3779200      0.3758900      0.3738700      0.3718600      0.3698500      0.3678500      0.3658700      0.3638900      0.3619300      0.3599700      0.3580300      0.3561100      0.3541900      0.3522900    
  0.3973170      0.3974700      0.3975920      0.3978800      0.3978310      0.3982800      0.3972700      0.3962530      0.3943300      0.3946500      0.3926200      0.3905900      0.3885600      0.3865300      0.3845000      0.3824700      0.3804500      0.3784300      0.3764200      0.3744200      0.3724200      0.3704300      0.3684500      0.3664800      0.3645200      0.3625800      0.3606400      0.3587200      0.3568100      0.3549200    
  0.3974700      0.3976470      0.3978800      0.3979970      0.3982800      0.3977750      0.3972680      0.3956260      0.3946500      0.3936350      0.3932860      0.3930600      0.3910400      0.3890200      0.3870000      0.3849800      0.3829700      0.3809600      0.3789600      0.3769600      0.3749700      0.3729900      0.3710200      0.3690600      0.3671100      0.3651700      0.3632400      0.3613200      0.3594200      0.3575300    
  0.3976660      0.3978800      0.3980520      0.3982800      0.3980270      0.3977740      0.3963300      0.3946500      0.3941430      0.3942730      0.3942850      0.3955100      0.3935000      0.3914900      0.3894800      0.3874800      0.3854700      0.3834700      0.3814800      0.3794900      0.3775100      0.3755400      0.3735800      0.3716200      0.3696800      0.3677400      0.3658200      0.3639100      0.3620100      0.3601200    
  0.3978800      0.3980710      0.3982800      0.3981540      0.3980270      0.3966950      0.3946500      0.3943960      0.3946950      0.3948970      0.3955100      0.3945050      0.3936130      0.3939500      0.3919500      0.3899600      0.3879600      0.3859800      0.3839900      0.3820100      0.3800400      0.3780800      0.3761200      0.3741700      0.3722300      0.3703000      0.3683900      0.3664800      0.3645900      0.3627100    
  0.3980770      0.3982800      0.3982170      0.3981540      0.3968820      0.3946500      0.3945230      0.3948910      0.3952040      0.3955100      0.3950070      0.3943940      0.3939500      0.3929500      0.3919530      0.3899570      0.3879670      0.3859770      0.3847020      0.3845200      0.3825500      0.3806000      0.3786500      0.3767100      0.3747800      0.3728500      0.3709400      0.3690400      0.3671600      0.3652800    
  0.3982800      0.3982480      0.3982170      0.3969760      0.3946500      0.3945870      0.3949860      0.3953570      0.3955100      0.3952590      0.3947150      0.3939500      0.3934500      0.3929510      0.3916200      0.3899590      0.3879670      0.3862840      0.3857650      0.3870100      0.3850500      0.3831000      0.3811600      0.3792300      0.3773100      0.3753900      0.3734900      0.3715900      0.3697100      0.3678400    
  0.3982640      0.3982480      0.3970230      0.3946500      0.3946180      0.3950330      0.3954330      0.3955100      0.3953840      0.3948590      0.3939500      0.3937000      0.3934500      0.3926740      0.3915100      0.3898490      0.3875210      0.3863880      0.3870100      0.3865330      0.3875400      0.3856000      0.3836600      0.3817400      0.3798200      0.3779100      0.3760200      0.3741300      0.3722500      0.3703900    
  0.3982640      0.3970460      0.3946500      0.3946340      0.3950570      0.3954720      0.3955100      0.3954470      0.3949260      0.3939500      0.3938250      0.3937000      0.3932750      0.3925450      0.3913440      0.3899860      0.3866990      0.3870100      0.3893110      0.3900050      0.3888480      0.3880800      0.3861500      0.3842400      0.3823300      0.3804300      0.3785300      0.3766500      0.3747800      0.3729200    
  0.3970580      0.3946500      0.3946420      0.3950680      0.3954910      0.3955100      0.3954790      0.3949580      0.3939500      0.3938870      0.3938250      0.3936000      0.3931730      0.3963880      0.3964750      0.3943470      0.3943500      0.3936140      0.3928720      0.3936950      0.3924700      0.3905500      0.3886300      0.3867200      0.3848200      0.3829300      0.3810400      0.3791600      0.3773000      0.3754500    
  0.3946500      0.3946460      0.3950740      0.3955000      0.3955100      0.3954940      0.3949740      0.3939500      0.3939190      0.3938870      0.3937710      0.3935330      0.4000330      0.4084640      0.4083900      0.4022400      0.4019910      0.4016900      0.3971850      0.3949170      0.3949200      0.3930100      0.3911000      0.3892000      0.3873000      0.3854100      0.3835300      0.3816700      0.3798100      0.3779600    
  0.3946480      0.3950770      0.3955050      0.3955100      0.3955020      0.3949820      0.3939500      0.3939340      0.3939190      0.3938590      0.4031820      0.4173600      0.4114910      0.4085390      0.4085390      0.4083900      0.4042270      0.4022920      0.4016900      0.3984400      0.3973600      0.3954500      0.3935500      0.3916600      0.3897700      0.3878900      0.3860200      0.3841500      0.3823000      0.3804600    
  0.3950790      0.3955080      0.3955100      0.3955060      0.3949860      0.3939500      0.3939420      0.3939340      0.3939040      0.4051360      0.4173600      0.4173600      0.4173600      0.4116000      0.4086870      0.4086870      0.4083900      0.4045360      0.4028950      0.4016900      0.3997900      0.3978900      0.3959900      0.3941100      0.3922300      0.3903500      0.3884900      0.3866300      0.3847800      0.3829500    
  0.3955090      0.3955100      0.3955080      0.3949880      0.3939500      0.3939460      0.3939420      0.4031430      0.4104970      0.4173660      0.4173600      0.4173600      0.4173600      0.4173600      0.4118140      0.4089840      0.4089850      0.4083900      0.4051700      0.4041000      0.4022000      0.4003100      0.3984300      0.3965400      0.3946700      0.3928100      0.3909500      0.3891000      0.3872600      0.3854300    
  0.3955100      0.3955090      0.3949890      0.3939500      0.3939480      0.4103290      0.4349000      0.4328450      0.4307900      0.4218540      0.4173790      0.4173600      0.4173600      0.4173600      0.4173600      0.4122240      0.4095780      0.4095800      0.4083900      0.4065000      0.4046100      0.4027200      0.4008500      0.3989700      0.3971100      0.3952500      0.3934000      0.3915500      0.3897200      0.3878900    
  0.3955090      0.3949890      0.3939500      0.3939490      0.4136090      0.4349040      0.4349040      0.4349000      0.4328450      0.4307900      0.4218870      0.4174170      0.4173600      0.4173600      0.4173600      0.4173600      0.4129730      0.4107630      0.4107700      0.4088800      0.4070000      0.4051300      0.4032500      0.4013900      0.3995300      0.3976800      0.3958300      0.3940000      0.3921700      0.3903500    
