iMOD/TUTORIALS/TUT_MetaswapAnalyser/model_MetaSWAP/meteo/Evaporation/Evaporation_20061030_L1.ASC
NCOLS                30
NROWS                30
XLLCORNER     160000.00
YLLCORNER     340000.00
CELLSIZE        1000.00
NODATA_VALUE   -9999.00
  0.9773800      0.9759300      0.9744600      0.9729700      0.9714700      0.9699400      0.9684000      0.9668400      0.9652600      0.9636700      0.9620700      0.9604400      0.9588100      0.9571600      0.9554900      0.9538200      0.9521300      0.9504200      0.9487100      0.9469900      0.9452500      0.9435100      0.9417500      0.9399900      0.9382200      0.9364400      0.9346500      0.9328500      0.9310500      0.9292400    
  0.9785300      0.9770600      0.9755900      0.9740900      0.9725700      0.9710400      0.9694900      0.9679200      0.9663400      0.9647500      0.9631300      0.9615100      0.9598700      0.9582100      0.9565500      0.9548700      0.9531800      0.9514800      0.9497600      0.9480400      0.9463100      0.9445600      0.9428100      0.9410500      0.9392800      0.9375100      0.9357200      0.9339300      0.9321400      0.9303400    
  0.9796600      0.9781800      0.9766900      0.9751900      0.9736600      0.9721200      0.9705700      0.9689900      0.9674100      0.9658000      0.9641900      0.9625600      0.9609100      0.9592600      0.9575900      0.9559100      0.9542100      0.9525100      0.9508000      0.9490800      0.9473400      0.9456000      0.9438600      0.9421000      0.9403300      0.9385600      0.9367800      0.9350000      0.9332100      0.9314100    
  0.9807700      0.9792900      0.9777900      0.9762700      0.9747400      0.9731900      0.9716300      0.9700500      0.9684500      0.9668400      0.9652200      0.9635900      0.9619400      0.9602800      0.9586100      0.9569300      0.9552400      0.9535300      0.9518200      0.9501000      0.9483700      0.9466300      0.9448800      0.9431300      0.9413700      0.9396000      0.9378300      0.9360500      0.9342700      0.9324800    
  0.9818800      0.9803800      0.9788700      0.9773400      0.9758000      0.9742500      0.9726700      0.9710900      0.9694900      0.9678700      0.9662500      0.9646100      0.9629600      0.9612900      0.9596200      0.9579400      0.9562400      0.9545400      0.9528300      0.9511100      0.9493800      0.9476400      0.9459000      0.9441500      0.9423900      0.9406300      0.9388600      0.9370900      0.9353100      0.9335300    
  0.9829700      0.9814600      0.9799400      0.9784000      0.9768500      0.9752900      0.9737100      0.9721100      0.9705100      0.9688900      0.9672600      0.9656100      0.9639600      0.9622900      0.9606200      0.9589300      0.9572400      0.9555300      0.9538200      0.9521000      0.9503700      0.9486400      0.9469000      0.9451500      0.9434000      0.9416400      0.9398800      0.9381100      0.9363400      0.9345700    
  0.9840500      0.9825300      0.9810000      0.9794500      0.9778900      0.9763200      0.9747300      0.9731300      0.9715200      0.9698900      0.9682600      0.9666100      0.9649500      0.9632800      0.9616000      0.9599100      0.9582200      0.9565100      0.9548000      0.9530800      0.9513600      0.9496300      0.9478900      0.9461400      0.9444000      0.9426400      0.9408900      0.9391300      0.9373600      0.9355900    
  0.9851200      0.9835900      0.9820500      0.9804900      0.9789200      0.9773400      0.9757400      0.9741400      0.9725200      0.9708900      0.9692400      0.9675900      0.9659300      0.9642600      0.9625800      0.9608900      0.9591900      0.9574800      0.9557700      0.9540500      0.9523300      0.9506000      0.9488700      0.9471300      0.9453800      0.9436300      0.9418800      0.9401300      0.9383700      0.9366100    
  0.9861800      0.9846400      0.9830900      0.9815200      0.9799400      0.9783500      0.9767500      0.9751300      0.9735100      0.9718700      0.9702200      0.9685600      0.9669000      0.9652200      0.9635400      0.9618500      0.9601500      0.9584400      0.9567300      0.9550100      0.9532900      0.9515600      0.9498300      0.9481000      0.9463600      0.9446100      0.9428700      0.9411200      0.9393600      0.9376100    
  0.9872300      0.9856800      0.9841200      0.9825400      0.9809500      0.9793500      0.9777400      0.9761200      0.9744900      0.9728400      0.9711900      0.9695300      0.9678600      0.9661800      0.9644900      0.9628000      0.9611000      0.9593900      0.9576800      0.9559600      0.9542400      0.9525200      0.9507900      0.9490500      0.9473200      0.9455800      0.9438400      0.9421000      0.9403500      0.9386000    
  0.9872270      0.9856770      0.9839720      0.9835500      0.9819600      0.9803500      0.9787300      0.9771000      0.9754600      0.9738100      0.9721500      0.9704800      0.9688100      0.9671200      0.9654400      0.9637400      0.9620400      0.9603300      0.9586200      0.9569000      0.9551800      0.9534600      0.9517300      0.9500100      0.9482700      0.9465400      0.9448000      0.9430700      0.9413300      0.9395900    
  0.9872230      0.9851060      0.9835500      0.9831000      0.9829500      0.9813300      0.9797100      0.9780700      0.9764200      0.9747700      0.9731000      0.9714300      0.9697500      0.9680600      0.9663700      0.9646700      0.9629700      0.9612600      0.9595500      0.9578400      0.9561200      0.9544000      0.9526700      0.9509500      0.9492200      0.9474900      0.9457600      0.9440300      0.9423000      0.9405600    
  0.9861610      0.9835500      0.9835090      0.9834450      0.9839400      0.9823200      0.9806800      0.9790300      0.9773800      0.9757200      0.9740500      0.9723700      0.9706900      0.9690000      0.9673000      0.9656000      0.9639000      0.9621900      0.9604800      0.9587600      0.9570400      0.9553200      0.9536000      0.9518800      0.9501600      0.9484300      0.9467100      0.9449800      0.9432600      0.9415300    
  0.9835500      0.9836730      0.9836930      0.9839400      0.9831830      0.9832900      0.9816500      0.9799900      0.9783300      0.9766600      0.9749900      0.9733000      0.9716200      0.9699200      0.9682200      0.9665200      0.9648200      0.9631100      0.9613900      0.9596800      0.9579600      0.9562500      0.9545300      0.9528100      0.9510900      0.9493700      0.9476500      0.9459300      0.9442100      0.9424900    
  0.9837450      0.9838160      0.9839400      0.9834710      0.9832900      0.9825170      0.9826100      0.9809500      0.9792800      0.9776000      0.9759200      0.9742300      0.9725400      0.9708400      0.9691400      0.9674400      0.9657300      0.9640200      0.9623000      0.9605900      0.9588800      0.9571600      0.9554400      0.9537300      0.9520100      0.9503000      0.9485800      0.9468700      0.9451600      0.9434500    
  0.9838780      0.9839400      0.9835670      0.9832900      0.9828060      0.9826100      0.9817800      0.9809470      0.9790920      0.9785400      0.9768500      0.9751600      0.9734600      0.9717600      0.9700500      0.9683500      0.9666400      0.9649200      0.9632100      0.9615000      0.9597800      0.9580700      0.9563600      0.9546400      0.9529300      0.9512200      0.9495100      0.9478100      0.9461000      0.9444000    
  0.9839400      0.9835990      0.9832900      0.9829020      0.9826100      0.9821950      0.9817790      0.9800900      0.9785400      0.9776950      0.9767260      0.9760800      0.9743800      0.9726700      0.9709600      0.9692500      0.9675400      0.9658300      0.9641100      0.9624000      0.9606900      0.9589700      0.9572600      0.9555500      0.9538500      0.9521400      0.9504400      0.9487400      0.9470400      0.9453400    
  0.9836100      0.9832900      0.9829340      0.9826100      0.9824030      0.9821950      0.9806510      0.9785400      0.9781170      0.9773000      0.9765400      0.9770000      0.9752900      0.9735800      0.9718700      0.9701500      0.9684400      0.9667200      0.9650100      0.9633000      0.9615900      0.9598700      0.9581700      0.9564600      0.9547600      0.9530600      0.9513600      0.9496600      0.9479700      0.9462800    
  0.9832900      0.9829450      0.9826100      0.9825060      0.9824020      0.9809470      0.9785400      0.9783290      0.9775450      0.9767700      0.9770000      0.9761450      0.9750880      0.9744800      0.9727700      0.9710500      0.9693400      0.9676200      0.9659000      0.9641900      0.9624800      0.9607700      0.9590700      0.9573600      0.9556600      0.9539700      0.9522800      0.9505900      0.9489000      0.9472200    
  0.9829480      0.9826100      0.9825580      0.9825060      0.9810990      0.9785400      0.9784340      0.9776600      0.9768850      0.9770000      0.9765730      0.9756780      0.9744800      0.9736250      0.9727670      0.9710530      0.9693370      0.9676200      0.9657540      0.9650800      0.9633700      0.9616700      0.9599600      0.9582600      0.9565700      0.9548800      0.9531900      0.9515100      0.9498300      0.9481600    
  0.9826100      0.9825840      0.9825580      0.9811760      0.9785400      0.9784870      0.9777150      0.9769420      0.9770000      0.9767860      0.9759330      0.9744800      0.9740520      0.9736240      0.9724820      0.9710520      0.9693370      0.9668440      0.9655300      0.9659800      0.9642700      0.9625600      0.9608600      0.9591600      0.9574700      0.9557900      0.9541100      0.9524300      0.9507600      0.9490900    
  0.9825970      0.9825840      0.9812150      0.9785400      0.9785140      0.9777430      0.9769710      0.9770000      0.9768930      0.9760500      0.9744800      0.9742660      0.9740520      0.9733860      0.9723860      0.9709570      0.9677940      0.9657550      0.9659800      0.9651370      0.9651600      0.9634500      0.9617600      0.9600600      0.9583800      0.9566900      0.9550200      0.9533500      0.9516800      0.9500300    
  0.9825970      0.9812340      0.9785400      0.9785270      0.9777560      0.9769860      0.9770000      0.9769470      0.9761060      0.9744800      0.9743730      0.9742660      0.9739010      0.9732750      0.9722430      0.9691330      0.9658680      0.9659800      0.9661390      0.9660500      0.9650280      0.9643500      0.9626500      0.9609600      0.9592800      0.9576000      0.9559300      0.9542700      0.9526100      0.9509600    
  0.9812440      0.9785400      0.9785330      0.9777630      0.9769930      0.9770000      0.9769730      0.9761330      0.9744800      0.9744270      0.9743730      0.9741800      0.9738140      0.9735720      0.9716800      0.9686600      0.9686600      0.9679080      0.9670920      0.9673900      0.9669400      0.9652400      0.9635500      0.9618600      0.9601800      0.9585100      0.9568400      0.9551900      0.9535400      0.9518900    
  0.9785400      0.9785370      0.9777670      0.9769960      0.9770000      0.9769870      0.9761470      0.9744800      0.9744530      0.9744270      0.9743270      0.9741220      0.9742790      0.9748990      0.9748700      0.9719020      0.9714520      0.9713400      0.9689880      0.9678370      0.9678400      0.9661400      0.9644400      0.9627600      0.9610900      0.9594200      0.9577600      0.9561100      0.9544700      0.9528300    
  0.9785380      0.9777680      0.9769980      0.9770000      0.9769930      0.9761530      0.9744800      0.9744670      0.9744530      0.9744020      0.9763270      0.9793800      0.9764160      0.9749280      0.9749280      0.9748700      0.9726250      0.9715650      0.9713400      0.9693850      0.9687300      0.9670300      0.9653400      0.9636600      0.9619900      0.9603300      0.9586800      0.9570300      0.9554000      0.9537700    
  0.9777690      0.9769990      0.9770000      0.9769970      0.9761570      0.9744800      0.9744730      0.9744670      0.9744410      0.9767880      0.9793800      0.9793800      0.9793800      0.9764580      0.9749850      0.9749850      0.9748700      0.9727250      0.9717900      0.9713400      0.9696300      0.9679300      0.9662500      0.9645700      0.9629000      0.9612500      0.9596000      0.9579600      0.9563300      0.9547100    
  0.9770000      0.9770000      0.9769980      0.9761580      0.9744800      0.9744770      0.9744730      0.9773450      0.9787790      0.9793830      0.9793800      0.9793800      0.9793800      0.9793800      0.9765400      0.9751000      0.9751000      0.9748700      0.9729000      0.9722400      0.9705400      0.9688400      0.9671500      0.9654800      0.9638200      0.9621700      0.9605200      0.9588900      0.9572700      0.9556600    
  0.9770000      0.9769990      0.9761590      0.9744800      0.9744780      0.9802100      0.9888100      0.9874050      0.9860000      0.9815940      0.9793880      0.9793800      0.9793800      0.9793800      0.9793800      0.9766950      0.9753300      0.9753300      0.9748700      0.9731500      0.9714500      0.9697500      0.9680700      0.9664000      0.9647400      0.9630900      0.9614600      0.9598300      0.9582200      0.9566200    
  0.9770000      0.9761600      0.9744800      0.9744790      0.9813590      0.9888120      0.9888120      0.9888100      0.9874050      0.9860000      0.9816080      0.9794040      0.9793800      0.9793800      0.9793800      0.9793800      0.9769710      0.9757900      0.9757900      0.9740700      0.9723600      0.9706700      0.9689900      0.9673200      0.9656600      0.9640200      0.9623900      0.9607800      0.9591700      0.9575800    
