iMOD/TUTORIALS/TUT_MetaswapAnalyser/model_MetaSWAP/meteo/Evaporation/Evaporation_20070101_L1.ASC
NCOLS                30
NROWS                30
XLLCORNER     160000.00
YLLCORNER     340000.00
CELLSIZE        1000.00
NODATA_VALUE   -9999.00
  0.1816000      0.1818800      0.1821700      0.1824600      0.1827500      0.1830500      0.1833400      0.1836400      0.1839500      0.1842500      0.1845600      0.1848800      0.1852000      0.1855200      0.1858500      0.1861800      0.1865200      0.1868700      0.1872200      0.1875800      0.1879400      0.1883100      0.1886800      0.1890600      0.1894500      0.1898400      0.1902400      0.1906500      0.1910500      0.1914700    
  0.1819800      0.1822700      0.1825600      0.1828500      0.1831500      0.1834500      0.1837500      0.1840500      0.1843500      0.1846600      0.1849800      0.1852900      0.1856100      0.1859400      0.1862700      0.1866100      0.1869500      0.1872900      0.1876500      0.1880000      0.1883700      0.1887300      0.1891100      0.1894900      0.1898700      0.1902600      0.1906600      0.1910600      0.1914700      0.1918800    
  0.1823600      0.1826600      0.1829500      0.1832500      0.1835500      0.1838500      0.1841500      0.1844600      0.1847700      0.1850800      0.1853900      0.1857100      0.1860400      0.1863600      0.1867000      0.1870300      0.1873800      0.1877200      0.1880800      0.1884300      0.1888000      0.1891600      0.1895400      0.1899200      0.1903000      0.1906900      0.1910800      0.1914800      0.1918900      0.1923000    
  0.1827500      0.1830500      0.1833500      0.1836500      0.1839500      0.1842600      0.1845600      0.1848700      0.1851800      0.1855000      0.1858200      0.1861400      0.1864600      0.1867900      0.1871300      0.1874700      0.1878100      0.1881600      0.1885100      0.1888700      0.1892300      0.1896000      0.1899700      0.1903500      0.1907300      0.1911200      0.1915100      0.1919100      0.1923100      0.1927200    
  0.1831500      0.1834500      0.1837500      0.1840600      0.1843600      0.1846700      0.1849800      0.1852900      0.1856000      0.1859200      0.1862400      0.1865700      0.1869000      0.1872300      0.1875600      0.1879000      0.1882500      0.1886000      0.1889500      0.1893100      0.1896700      0.1900400      0.1904100      0.1907800      0.1911700      0.1915500      0.1919400      0.1923400      0.1927400      0.1931400    
  0.1835600      0.1838600      0.1841600      0.1844700      0.1847800      0.1850900      0.1854000      0.1857100      0.1860300      0.1863500      0.1866700      0.1870000      0.1873300      0.1876600      0.1880000      0.1883400      0.1886900      0.1890400      0.1893900      0.1897500      0.1901100      0.1904800      0.1908500      0.1912200      0.1916000      0.1919900      0.1923800      0.1927700      0.1931700      0.1935700    
  0.1839700      0.1842700      0.1845800      0.1848900      0.1852000      0.1855100      0.1858300      0.1861400      0.1864600      0.1867800      0.1871100      0.1874400      0.1877700      0.1881100      0.1884400      0.1887900      0.1891300      0.1894800      0.1898400      0.1902000      0.1905600      0.1909200      0.1912900      0.1916700      0.1920500      0.1924300      0.1928100      0.1932000      0.1936000      0.1940000    
  0.1843800      0.1846900      0.1850000      0.1853100      0.1856200      0.1859400      0.1862600      0.1865800      0.1869000      0.1872200      0.1875500      0.1878800      0.1882100      0.1885500      0.1888900      0.1892300      0.1895800      0.1899300      0.1902900      0.1906500      0.1910100      0.1913700      0.1917400      0.1921100      0.1924900      0.1928700      0.1932600      0.1936400      0.1940400      0.1944300    
  0.1848000      0.1851100      0.1854200      0.1857400      0.1860500      0.1863700      0.1866900      0.1870100      0.1873400      0.1876600      0.1879900      0.1883300      0.1886600      0.1890000      0.1893400      0.1896900      0.1900300      0.1903900      0.1907400      0.1911000      0.1914600      0.1918200      0.1921900      0.1925600      0.1929400      0.1933200      0.1937000      0.1940900      0.1944800      0.1948700    
  0.1852300      0.1855400      0.1858500      0.1861700      0.1864900      0.1868100      0.1871300      0.1874500      0.1877800      0.1881100      0.1884400      0.1887800      0.1891100      0.1894500      0.1898000      0.1901400      0.1904900      0.1908400      0.1912000      0.1915500      0.1919200      0.1922800      0.1926500      0.1930200      0.1933900      0.1937700      0.1941500      0.1945300      0.1949200      0.1953100    
  0.1852300      0.1855400      0.1860430      0.1866100      0.1869300      0.1872500      0.1875700      0.1879000      0.1882300      0.1885600      0.1888900      0.1892300      0.1895700      0.1899100      0.1902500      0.1906000      0.1909500      0.1913000      0.1916600      0.1920100      0.1923700      0.1927400      0.1931000      0.1934700      0.1938500      0.1942200      0.1946000      0.1949800      0.1953600      0.1957500    
  0.1852300      0.1858560      0.1866100      0.1871830      0.1873700      0.1876900      0.1880200      0.1883500      0.1886800      0.1890100      0.1893500      0.1896800      0.1900200      0.1903700      0.1907100      0.1910600      0.1914100      0.1917600      0.1921200      0.1924800      0.1928400      0.1932000      0.1935600      0.1939300      0.1943000      0.1946800      0.1950500      0.1954300      0.1958100      0.1962000    
  0.1856540      0.1866100      0.1873020      0.1875950      0.1878200      0.1881400      0.1884700      0.1888000      0.1891300      0.1894700      0.1898100      0.1901400      0.1904900      0.1908300      0.1911800      0.1915200      0.1918700      0.1922300      0.1925800      0.1929400      0.1933000      0.1936600      0.1940300      0.1943900      0.1947600      0.1951400      0.1955100      0.1958900      0.1962600      0.1966500    
  0.1866100      0.1873600      0.1877080      0.1878200      0.1881830      0.1885900      0.1889200      0.1892600      0.1895900      0.1899300      0.1902700      0.1906100      0.1909500      0.1912900      0.1916400      0.1919900      0.1923400      0.1926900      0.1930500      0.1934100      0.1937700      0.1941300      0.1944900      0.1948600      0.1952300      0.1956000      0.1959700      0.1963400      0.1967200      0.1971000    
  0.1873880      0.1877640      0.1878200      0.1881980      0.1885900      0.1889630      0.1893800      0.1897200      0.1900500      0.1903900      0.1907300      0.1910700      0.1914200      0.1917600      0.1921100      0.1924600      0.1928100      0.1931600      0.1935200      0.1938800      0.1942400      0.1946000      0.1949600      0.1953200      0.1956900      0.1960600      0.1964300      0.1968000      0.1971700      0.1975500    
  0.1877920      0.1878200      0.1882030      0.1885900      0.1889780      0.1893800      0.1895500      0.1897170      0.1902550      0.1908600      0.1912000      0.1915400      0.1918900      0.1922300      0.1925800      0.1929300      0.1932800      0.1936400      0.1939900      0.1943500      0.1947100      0.1950700      0.1954300      0.1957900      0.1961600      0.1965200      0.1968900      0.1972600      0.1976300      0.1980000    
  0.1878200      0.1882040      0.1885900      0.1889830      0.1893800      0.1894650      0.1895490      0.1900950      0.1908600      0.1910300      0.1916180      0.1920100      0.1923600      0.1927100      0.1930500      0.1934100      0.1937600      0.1941100      0.1944700      0.1948200      0.1951800      0.1955400      0.1959000      0.1962600      0.1966200      0.1969900      0.1973500      0.1977200      0.1980900      0.1984600    
  0.1882050      0.1885900      0.1889840      0.1893800      0.1894230      0.1894650      0.1899920      0.1908600      0.1909450      0.1916470      0.1922450      0.1924800      0.1928300      0.1931800      0.1935300      0.1938800      0.1942300      0.1945900      0.1949400      0.1953000      0.1956600      0.1960100      0.1963700      0.1967300      0.1970900      0.1974600      0.1978200      0.1981900      0.1985500      0.1989200    
  0.1885900      0.1889850      0.1893800      0.1894010      0.1894220      0.1899350      0.1908600      0.1909030      0.1916590      0.1923630      0.1924800      0.1926550      0.1930370      0.1936600      0.1940100      0.1943600      0.1947100      0.1950700      0.1954200      0.1957800      0.1961300      0.1964900      0.1968500      0.1972100      0.1975700      0.1979300      0.1982900      0.1986500      0.1990100      0.1993800    
  0.1889850      0.1893800      0.1893910      0.1894010      0.1899050      0.1908600      0.1908810      0.1916650      0.1924210      0.1924800      0.1925670      0.1929580      0.1936600      0.1938350      0.1940100      0.1943600      0.1947130      0.1950670      0.1958540      0.1962600      0.1966100      0.1969700      0.1973200      0.1976800      0.1980400      0.1984000      0.1987600      0.1991200      0.1994800      0.1998400    
  0.1893800      0.1893850      0.1893910      0.1898890      0.1908600      0.1908710      0.1916670      0.1924510      0.1924800      0.1925240      0.1929160      0.1936600      0.1937480      0.1938350      0.1940680      0.1943610      0.1947130      0.1957750      0.1965000      0.1967400      0.1970900      0.1974500      0.1978000      0.1981600      0.1985100      0.1988700      0.1992300      0.1995800      0.1999400      0.2003000    
  0.1893830      0.1893850      0.1898810      0.1908600      0.1908650      0.1916690      0.1924650      0.1924800      0.1925020      0.1928950      0.1936600      0.1937040      0.1937480      0.1938840      0.1940880      0.1943810      0.1956420      0.1966200      0.1967400      0.1971330      0.1975700      0.1979300      0.1982800      0.1986300      0.1989900      0.1993400      0.1997000      0.2000500      0.2004100      0.2007600    
  0.1893830      0.1898770      0.1908600      0.1908630      0.1916690      0.1924730      0.1924800      0.1924910      0.1928840      0.1936600      0.1936820      0.1937040      0.1937780      0.1939060      0.1941180      0.1957960      0.1966800      0.1967400      0.1976770      0.1980550      0.1982680      0.1984100      0.1987600      0.1991100      0.1994600      0.1998200      0.2001700      0.2005200      0.2008700      0.2012200    
  0.1898750      0.1908600      0.1908610      0.1916700      0.1924760      0.1924800      0.1924850      0.1928790      0.1936600      0.1936710      0.1936820      0.1937210      0.1937960      0.1955130      0.1969620      0.1981900      0.1981900      0.1983840      0.1986180      0.1987800      0.1985400      0.1988900      0.1992400      0.1995900      0.1999400      0.2002900      0.2006400      0.2009900      0.2013400      0.2016900    
  0.1908600      0.1908610      0.1916700      0.1924780      0.1924800      0.1924830      0.1928760      0.1936600      0.1936650      0.1936710      0.1936910      0.1937330      0.1967150      0.2002650      0.2002500      0.1995120      0.1997000      0.1996400      0.1992440      0.1990200      0.1990200      0.1993700      0.1997200      0.2000700      0.2004200      0.2007700      0.2011100      0.2014600      0.2018000      0.2021500    
  0.1908600      0.1916700      0.1924790      0.1924800      0.1924810      0.1928750      0.1936600      0.1936630      0.1936650      0.1936760      0.1967590      0.2013500      0.2006400      0.2002810      0.2002810      0.2002500      0.1999080      0.1997600      0.1996400      0.1995380      0.1995000      0.1998500      0.2002000      0.2005500      0.2008900      0.2012400      0.2015800      0.2019300      0.2022700      0.2026100    
  0.1916700      0.1924800      0.1924800      0.1924810      0.1928740      0.1936600      0.1936610      0.1936630      0.1936680      0.1973600      0.2013500      0.2013500      0.2013500      0.2006620      0.2003110      0.2003110      0.2002500      0.1999810      0.1998800      0.1996400      0.1999900      0.2003300      0.2006800      0.2010300      0.2013700      0.2017100      0.2020600      0.2024000      0.2027400      0.2030700    
  0.1924800      0.1924800      0.1924800      0.1928740      0.1936600      0.1936610      0.1936610      0.1960910      0.1985730      0.2013510      0.2013500      0.2013500      0.2013500      0.2013500      0.2007070      0.2003720      0.2003730      0.2002500      0.2001530      0.2001200      0.2004700      0.2008200      0.2011600      0.2015100      0.2018500      0.2021900      0.2025300      0.2028600      0.2032000      0.2035400    
  0.1924800      0.1924800      0.1928740      0.1936600      0.1936600      0.1975890      0.2034800      0.2034250      0.2033700      0.2020270      0.2013540      0.2013500      0.2013500      0.2013500      0.2013500      0.2007940      0.2004940      0.2004950      0.2002500      0.2006000      0.2009500      0.2013000      0.2016400      0.2019800      0.2023200      0.2026600      0.2030000      0.2033300      0.2036700      0.2040000    
  0.1924800      0.1928730      0.1936600      0.1936600      0.1983750      0.2034810      0.2034810      0.2034800      0.2034250      0.2033700      0.2020340      0.2013620      0.2013500      0.2013500      0.2013500      0.2013500      0.2009590      0.2007370      0.2007400      0.2010900      0.2014300      0.2017800      0.2021200      0.2024600      0.2028000      0.2031300      0.2034700      0.2038000      0.2041300      0.2044600    
