iMOD/TUTORIALS/TUT_MetaswapAnalyser/model_MetaSWAP/meteo/Evaporation/Evaporation_20050213_L1.ASC
NCOLS                30
NROWS                30
XLLCORNER     160000.00
YLLCORNER     340000.00
CELLSIZE        1000.00
NODATA_VALUE   -9999.00
  0.3993700      0.4003200      0.4012900      0.4022900      0.4033100      0.4043400      0.4053900      0.4064600      0.4075400      0.4086300      0.4097300      0.4108300      0.4119500      0.4130600      0.4141800      0.4153000      0.4164200      0.4175400      0.4186600      0.4197700      0.4208800      0.4219800      0.4230800      0.4241600      0.4252500      0.4263200      0.4273800      0.4284300      0.4294800      0.4305100    
  0.3988400      0.3997700      0.4007300      0.4017100      0.4027100      0.4037300      0.4047600      0.4058100      0.4068800      0.4079500      0.4090300      0.4101200      0.4112200      0.4123200      0.4134200      0.4145300      0.4156400      0.4167400      0.4178500      0.4189500      0.4200400      0.4211300      0.4222200      0.4233000      0.4243700      0.4254300      0.4264900      0.4275300      0.4285700      0.4295900    
  0.3983300      0.3992400      0.4001900      0.4011500      0.4021300      0.4031300      0.4041500      0.4051800      0.4062300      0.4072900      0.4083500      0.4094300      0.4105100      0.4115900      0.4126800      0.4137800      0.4148700      0.4159600      0.4170500      0.4181400      0.4192200      0.4203000      0.4213800      0.4224500      0.4235100      0.4245600      0.4256100      0.4266400      0.4276700      0.4286900    
  0.3978300      0.3987300      0.3996600      0.4006000      0.4015700      0.4025500      0.4035500      0.4045700      0.4056000      0.4066400      0.4076900      0.4087500      0.4098100      0.4108800      0.4119600      0.4130400      0.4141200      0.4152000      0.4162700      0.4173500      0.4184200      0.4194900      0.4205500      0.4216100      0.4226600      0.4237100      0.4247400      0.4257700      0.4267900      0.4278000    
  0.3973500      0.3982300      0.3991400      0.4000700      0.4010200      0.4019900      0.4029700      0.4039700      0.4049800      0.4060100      0.4070400      0.4080800      0.4091400      0.4101900      0.4112500      0.4123100      0.4133800      0.4144500      0.4155100      0.4165700      0.4176300      0.4186900      0.4197400      0.4207900      0.4218300      0.4228700      0.4238900      0.4249100      0.4259200      0.4269200    
  0.3968800      0.3977500      0.3986400      0.3995500      0.4004800      0.4014400      0.4024000      0.4033900      0.4043800      0.4053900      0.4064100      0.4074400      0.4084700      0.4095100      0.4105600      0.4116100      0.4126600      0.4137100      0.4147600      0.4158100      0.4168600      0.4179100      0.4189500      0.4199800      0.4210100      0.4220400      0.4230600      0.4240600      0.4250600      0.4260600    
  0.3964200      0.3972700      0.3981500      0.3990500      0.3999600      0.4009000      0.4018500      0.4028200      0.4038000      0.4047900      0.4057900      0.4068000      0.4078200      0.4088500      0.4098800      0.4109200      0.4119500      0.4129900      0.4140300      0.4150700      0.4161000      0.4171400      0.4181700      0.4191900      0.4202100      0.4212200      0.4222300      0.4232300      0.4242200      0.4252000    
  0.3959800      0.3968100      0.3976700      0.3985600      0.3994600      0.4003800      0.4013100      0.4022600      0.4032300      0.4042000      0.4051900      0.4061900      0.4071900      0.4082000      0.4092200      0.4102400      0.4112600      0.4122900      0.4133100      0.4143400      0.4153600      0.4163800      0.4174000      0.4184100      0.4194200      0.4204200      0.4214200      0.4224100      0.4233900      0.4243700    
  0.3955500      0.3963700      0.3972100      0.3980800      0.3989600      0.3998700      0.4007900      0.4017200      0.4026700      0.4036300      0.4046000      0.4055800      0.4065700      0.4075700      0.4085700      0.4095800      0.4105900      0.4116000      0.4126100      0.4136200      0.4146300      0.4156400      0.4166500      0.4176500      0.4186500      0.4196400      0.4206200      0.4216000      0.4225800      0.4235400    
  0.3951300      0.3959300      0.3967600      0.3976100      0.3984800      0.3993700      0.4002700      0.4011900      0.4021300      0.4030700      0.4040300      0.4049900      0.4059700      0.4069500      0.4079400      0.4089300      0.4099200      0.4109200      0.4119200      0.4129200      0.4139200      0.4149100      0.4159100      0.4169000      0.4178800      0.4188600      0.4198400      0.4208100      0.4217700      0.4227300    
  0.3951330      0.3959400      0.3968650      0.3971600      0.3980100      0.3988800      0.3997700      0.4006800      0.4015900      0.4025200      0.4034600      0.4044200      0.4053800      0.4063400      0.4073100      0.4082900      0.4092700      0.4102600      0.4112400      0.4122300      0.4132100      0.4142000      0.4151800      0.4161600      0.4171300      0.4181000      0.4190700      0.4200300      0.4209800      0.4219300    
  0.3951410      0.3962750      0.3971600      0.3974600      0.3975600      0.3984100      0.3992800      0.4001700      0.4010800      0.4019900      0.4029200      0.4038500      0.4048000      0.4057500      0.4067100      0.4076700      0.4086400      0.4096100      0.4105800      0.4115500      0.4125300      0.4135000      0.4144700      0.4154300      0.4164000      0.4173600      0.4183100      0.4192600      0.4202000      0.4211400    
  0.3957330      0.3971600      0.3972660      0.3973350      0.3971100      0.3979500      0.3988100      0.3996800      0.4005700      0.4014700      0.4023800      0.4033000      0.4042300      0.4051700      0.4061100      0.4070600      0.4080100      0.4089700      0.4099300      0.4108900      0.4118500      0.4128100      0.4137700      0.4147200      0.4156700      0.4166200      0.4175700      0.4185000      0.4194400      0.4203600    
  0.3971600      0.3971900      0.3972220      0.3971100      0.3975200      0.3975000      0.3983400      0.3992000      0.4000700      0.4009600      0.4018500      0.4027600      0.4036800      0.4046000      0.4055300      0.4064600      0.4074000      0.4083500      0.4092900      0.4102400      0.4111900      0.4121300      0.4130800      0.4140200      0.4149600      0.4159000      0.4168300      0.4177600      0.4186800      0.4196000    
  0.3971560      0.3971660      0.3971100      0.3973770      0.3975000      0.3979100      0.3978900      0.3987300      0.3995900      0.4004600      0.4013400      0.4022300      0.4031300      0.4040400      0.4049600      0.4058800      0.4068000      0.4077300      0.4086700      0.4096000      0.4105300      0.4114700      0.4124000      0.4133300      0.4142600      0.4151900      0.4161100      0.4170300      0.4179400      0.4188500    
  0.3971380      0.3971100      0.3973290      0.3975000      0.3977670      0.3978900      0.3983100      0.3987370      0.3996870      0.3999700      0.4008400      0.4017200      0.4026000      0.4035000      0.4044000      0.4053100      0.4062200      0.4071300      0.4080500      0.4089700      0.4099000      0.4108200      0.4117400      0.4126600      0.4135800      0.4144900      0.4154000      0.4163100      0.4172100      0.4181000    
  0.3971100      0.3973130      0.3975000      0.3977190      0.3978900      0.3981000      0.3983120      0.3991760      0.3999700      0.4004050      0.4008920      0.4012100      0.4020800      0.4029600      0.4038500      0.4047400      0.4056400      0.4065500      0.4074500      0.4083600      0.4092700      0.4101800      0.4110900      0.4119900      0.4129000      0.4138000      0.4147000      0.4156000      0.4164900      0.4173700    
  0.3973080      0.3975000      0.3977030      0.3978900      0.3979950      0.3981010      0.3988900      0.3999700      0.4001870      0.4005900      0.4009650      0.4007200      0.4015700      0.4024400      0.4033100      0.4041900      0.4050800      0.4059700      0.4068600      0.4077600      0.4086500      0.4095500      0.4104500      0.4113400      0.4122300      0.4131300      0.4140100      0.4149000      0.4157800      0.4166500    
  0.3975000      0.3976980      0.3978900      0.3979420      0.3979950      0.3987390      0.3999700      0.4000790      0.4004620      0.4008420      0.4007200      0.4011450      0.4016650      0.4019300      0.4027900      0.4036500      0.4045300      0.4054000      0.4062800      0.4071600      0.4080500      0.4089300      0.4098200      0.4107000      0.4115800      0.4124600      0.4133400      0.4142100      0.4150800      0.4159500    
  0.3976960      0.3978900      0.3979160      0.3979430      0.3986620      0.3999700      0.4000240      0.4004020      0.4007810      0.4007200      0.4009320      0.4013650      0.4019300      0.4023600      0.4027900      0.4036570      0.4045270      0.4054030      0.4062860      0.4065800      0.4074500      0.4083200      0.4092000      0.4100700      0.4109400      0.4118100      0.4126700      0.4135300      0.4143900      0.4152500    
  0.3978900      0.3979030      0.3979160      0.3986230      0.3999700      0.3999970      0.4003730      0.4007510      0.4007200      0.4008260      0.4012370      0.4019300      0.4021450      0.4023600      0.4029360      0.4036580      0.4045290      0.4057040      0.4062950      0.4060100      0.4068700      0.4077300      0.4085900      0.4094500      0.4103100      0.4111600      0.4120200      0.4128700      0.4137200      0.4145600    
  0.3978970      0.3979030      0.3986030      0.3999700      0.3999840      0.4003590      0.4007350      0.4007200      0.4007730      0.4011780      0.4019300      0.4020380      0.4021450      0.4024800      0.4029840      0.4037070      0.4052110      0.4061520      0.4060100      0.4063930      0.4063000      0.4071400      0.4079900      0.4088400      0.4096800      0.4105300      0.4113700      0.4122100      0.4130500      0.4138800    
  0.3978970      0.3985930      0.3999700      0.3999770      0.4003520      0.4007280      0.4007200      0.4007470      0.4011500      0.4019300      0.4019840      0.4020380      0.4022210      0.4025370      0.4030570      0.4044760      0.4060810      0.4060100      0.4057620      0.4057400      0.4062380      0.4065700      0.4074000      0.4082400      0.4090700      0.4099100      0.4107400      0.4115700      0.4123900      0.4132100    
  0.3985880      0.3999700      0.3999730      0.4003490      0.4007240      0.4007200      0.4007330      0.4011370      0.4019300      0.4019570      0.4019840      0.4020810      0.4022650      0.4022090      0.4030090      0.4043980      0.4043950      0.4047340      0.4050940      0.4049050      0.4051800      0.4060000      0.4068200      0.4076500      0.4084700      0.4092900      0.4101100      0.4109300      0.4117400      0.4125600    
  0.3999700      0.3999720      0.4003470      0.4007220      0.4007200      0.4007270      0.4011300      0.4019300      0.4019430      0.4019570      0.4020070      0.4021100      0.4017100      0.4010050      0.4010200      0.4025660      0.4027180      0.4027800      0.4040230      0.4046370      0.4046300      0.4054400      0.4062500      0.4070700      0.4078800      0.4086900      0.4095000      0.4103000      0.4111100      0.4119100    
  0.3999710      0.4003460      0.4007210      0.4007200      0.4007230      0.4011270      0.4019300      0.4019370      0.4019430      0.4019690      0.4007710      0.3988900      0.4002880      0.4009900      0.4009900      0.4010200      0.4021320      0.4026550      0.4027800      0.4037700      0.4041000      0.4048900      0.4056900      0.4064900      0.4072900      0.4080900      0.4088900      0.4096800      0.4104800      0.4112700    
  0.4003450      0.4007200      0.4007200      0.4007220      0.4011250      0.4019300      0.4019330      0.4019370      0.4019500      0.4004930      0.3988900      0.3988900      0.3988900      0.4002660      0.4009600      0.4009600      0.4010200      0.4020740      0.4025300      0.4027800      0.4035700      0.4043500      0.4051400      0.4059300      0.4067200      0.4075000      0.4082900      0.4090700      0.4098600      0.4106300    
  0.4007200      0.4007200      0.4007210      0.4011240      0.4019300      0.4019320      0.4019330      0.4004700      0.3995450      0.3988890      0.3988900      0.3988900      0.3988900      0.3988900      0.4002230      0.4009000      0.4009000      0.4010200      0.4019650      0.4022800      0.4030500      0.4038200      0.4046000      0.4053700      0.4061500      0.4069300      0.4077000      0.4084700      0.4092400      0.4100100    
  0.4007200      0.4007200      0.4011240      0.4019300      0.4019310      0.3991630      0.3950100      0.3955350      0.3960600      0.3979430      0.3988860      0.3988900      0.3988900      0.3988900      0.3988900      0.4001420      0.4007810      0.4007800      0.4010200      0.4017800      0.4025400      0.4033000      0.4040600      0.4048300      0.4055900      0.4063600      0.4071200      0.4078800      0.4086400      0.4094000    
  0.4007200      0.4011240      0.4019300      0.4019300      0.3986080      0.3950090      0.3950090      0.3950100      0.3955350      0.3960600      0.3979370      0.3988790      0.3988900      0.3988900      0.3988900      0.3988900      0.3999980      0.4005430      0.4005400      0.4012900      0.4020400      0.4027900      0.4035400      0.4042900      0.4050400      0.4057900      0.4065500      0.4073000      0.4080400      0.4087900    
