iMOD/TUTORIALS/TUT_MetaswapAnalyser/model_MetaSWAP/meteo/Evaporation/Evaporation_20050814_L1.ASC
NCOLS                30
NROWS                30
XLLCORNER     160000.00
YLLCORNER     340000.00
CELLSIZE        1000.00
NODATA_VALUE   -9999.00
   2.130910       2.131690       2.132450       2.133190       2.133910       2.134600       2.135270       2.135900       2.136490       2.137040       2.137550       2.138010       2.138420       2.138790       2.139090       2.139340       2.139540       2.139670       2.139750       2.139760       2.139700       2.139580       2.139400       2.139150       2.138840       2.138460       2.138020       2.137510       2.136930       2.136290    
   2.130380       2.131100       2.131800       2.132490       2.133160       2.133810       2.134420       2.135010       2.135560       2.136070       2.136540       2.136970       2.137350       2.137680       2.137960       2.138180       2.138350       2.138470       2.138520       2.138510       2.138440       2.138310       2.138120       2.137860       2.137540       2.137160       2.136710       2.136190       2.135620       2.134980    
   2.129910       2.130570       2.131220       2.131850       2.132470       2.133070       2.133640       2.134180       2.134680       2.135160       2.135590       2.135980       2.136330       2.136630       2.136880       2.137070       2.137220       2.137310       2.137340       2.137310       2.137230       2.137080       2.136880       2.136610       2.136280       2.135890       2.135440       2.134920       2.134340       2.133700    
   2.129490       2.130090       2.130680       2.131270       2.131830       2.132380       2.132900       2.133400       2.133860       2.134300       2.134690       2.135040       2.135360       2.135620       2.135840       2.136010       2.136130       2.136200       2.136210       2.136160       2.136060       2.135900       2.135680       2.135400       2.135060       2.134660       2.134200       2.133680       2.133100       2.132470    
   2.129130       2.129670       2.130210       2.130740       2.131250       2.131750       2.132220       2.132680       2.133100       2.133490       2.133840       2.134160       2.134440       2.134670       2.134860       2.135000       2.135090       2.135130       2.135120       2.135060       2.134940       2.134760       2.134530       2.134240       2.133890       2.133480       2.133010       2.132490       2.131900       2.131260    
   2.128820       2.129310       2.129790       2.130260       2.130730       2.131170       2.131600       2.132000       2.132380       2.132730       2.133050       2.133330       2.133570       2.133770       2.133930       2.134040       2.134100       2.134120       2.134090       2.134000       2.133860       2.133670       2.133420       2.133110       2.132750       2.132340       2.131860       2.131330       2.130740       2.130100    
   2.128570       2.129000       2.129420       2.129840       2.130250       2.130650       2.131030       2.131390       2.131720       2.132030       2.132300       2.132540       2.132750       2.132920       2.133040       2.133130       2.133160       2.133150       2.133100       2.132990       2.132830       2.132620       2.132350       2.132030       2.131660       2.131230       2.130750       2.130210       2.129620       2.128970    
   2.128380       2.128740       2.129110       2.129480       2.129830       2.130180       2.130510       2.130820       2.131110       2.131380       2.131610       2.131810       2.131980       2.132120       2.132210       2.132260       2.132270       2.132230       2.132150       2.132020       2.131840       2.131610       2.131330       2.131000       2.130610       2.130170       2.129680       2.129130       2.128530       2.127880    
   2.128230       2.128540       2.128850       2.129160       2.129470       2.129760       2.130040       2.130310       2.130550       2.130770       2.130970       2.131130       2.131270       2.131360       2.131420       2.131450       2.131430       2.131360       2.131260       2.131100       2.130900       2.130650       2.130350       2.130000       2.129600       2.129150       2.128650       2.128090       2.127490       2.126830    
   2.128140       2.128390       2.128640       2.128900       2.129150       2.129400       2.129630       2.129850       2.130050       2.130220       2.130380       2.130500       2.130600       2.130660       2.130690       2.130680       2.130630       2.130540       2.130410       2.130230       2.130010       2.129740       2.129420       2.129050       2.128640       2.128170       2.127660       2.127090       2.126480       2.125810    
   2.128140       2.128390       2.128650       2.128690       2.128890       2.129080       2.129260       2.129440       2.129590       2.129720       2.129840       2.129920       2.129980       2.130010       2.130000       2.129960       2.129880       2.129760       2.129600       2.129400       2.129160       2.128870       2.128530       2.128150       2.127720       2.127240       2.126710       2.126130       2.125510       2.124830    
   2.128140       2.128470       2.128690       2.128690       2.128670       2.128820       2.128950       2.129070       2.129180       2.129270       2.129340       2.129390       2.129410       2.129400       2.129360       2.129290       2.129180       2.129030       2.128840       2.128620       2.128350       2.128040       2.127680       2.127280       2.126830       2.126340       2.125800       2.125210       2.124580       2.123900    
   2.128300       2.128690       2.128620       2.128590       2.128510       2.128600       2.128680       2.128760       2.128830       2.128870       2.128900       2.128910       2.128890       2.128840       2.128770       2.128660       2.128520       2.128350       2.128130       2.127880       2.127590       2.127250       2.126880       2.126460       2.126000       2.125490       2.124930       2.124330       2.123690       2.122990    
   2.128690       2.128590       2.128550       2.128510       2.128510       2.128430       2.128470       2.128500       2.128520       2.128520       2.128510       2.128470       2.128410       2.128330       2.128220       2.128080       2.127910       2.127710       2.127470       2.127190       2.126870       2.126510       2.126120       2.125680       2.125200       2.124670       2.124100       2.123490       2.122830       2.122130    
   2.128580       2.128530       2.128510       2.128480       2.128430       2.128400       2.128300       2.128280       2.128250       2.128210       2.128160       2.128080       2.127990       2.127870       2.127720       2.127550       2.127350       2.127110       2.126840       2.126540       2.126200       2.125820       2.125400       2.124940       2.124440       2.123900       2.123310       2.122690       2.122020       2.121300    
   2.128520       2.128510       2.128470       2.128430       2.128380       2.128300       2.128290       2.128280       2.128170       2.127950       2.127850       2.127740       2.127610       2.127450       2.127270       2.127060       2.126830       2.126560       2.126260       2.125930       2.125570       2.125160       2.124720       2.124240       2.123720       2.123170       2.122570       2.121920       2.121240       2.120520    
   2.128510       2.128470       2.128430       2.128370       2.128300       2.128290       2.128290       2.128170       2.127950       2.127900       2.127630       2.127440       2.127270       2.127080       2.126860       2.126620       2.126350       2.126060       2.125730       2.125370       2.124980       2.124550       2.124090       2.123590       2.123050       2.122470       2.121860       2.121200       2.120500       2.119760    
   2.128470       2.128430       2.128370       2.128300       2.128300       2.128290       2.128180       2.127950       2.127920       2.127600       2.127320       2.127190       2.126980       2.126750       2.126500       2.126220       2.125920       2.125600       2.125240       2.124850       2.124430       2.123980       2.123500       2.122970       2.122420       2.121820       2.121190       2.120510       2.119800       2.119050    
   2.128430       2.128370       2.128300       2.128300       2.128300       2.128180       2.127950       2.127940       2.127580       2.127250       2.127190       2.127090       2.126850       2.126460       2.126180       2.125870       2.125530       2.125180       2.124790       2.124380       2.123930       2.123450       2.122940       2.122400       2.121820       2.121210       2.120550       2.119870       2.119140       2.118370    
   2.128370       2.128300       2.128300       2.128300       2.128180       2.127950       2.127940       2.127580       2.127220       2.127190       2.127140       2.126900       2.126460       2.126320       2.126170       2.125860       2.125530       2.125170       2.124370       2.123940       2.123470       2.122970       2.122430       2.121870       2.121270       2.120630       2.119960       2.119250       2.118510       2.117730    
   2.128300       2.128300       2.128300       2.128180       2.127950       2.127950       2.127570       2.127210       2.127190       2.127160       2.126920       2.126460       2.126390       2.126320       2.126120       2.125850       2.125520       2.124470       2.123740       2.123550       2.123050       2.122520       2.121960       2.121370       2.120750       2.120100       2.119410       2.118680       2.117920       2.117130    
   2.128300       2.128300       2.128180       2.127950       2.127950       2.127570       2.127200       2.127190       2.127180       2.126930       2.126460       2.126430       2.126390       2.126270       2.126100       2.125830       2.124610       2.123650       2.123550       2.123090       2.122670       2.122110       2.121530       2.120920       2.120270       2.119600       2.118890       2.118150       2.117370       2.116560    
   2.128300       2.128180       2.127950       2.127950       2.127570       2.127190       2.127190       2.127180       2.126940       2.126460       2.126440       2.126420       2.126360       2.126250       2.126070       2.124580       2.123600       2.123550       2.122720       2.122340       2.121990       2.121750       2.121140       2.120500       2.119830       2.119140       2.118410       2.117650       2.116860       2.116030    
   2.128180       2.127950       2.127950       2.127570       2.127190       2.127190       2.127190       2.126940       2.126460       2.126450       2.126440       2.126410       2.126350       2.125300       2.124100       2.122800       2.122790       2.122430       2.122000       2.121890       2.122020       2.121420       2.120780       2.120120       2.119430       2.118710       2.117970       2.117190       2.116380       2.115530    
   2.127950       2.127950       2.127570       2.127190       2.127190       2.127190       2.126950       2.126460       2.126460       2.126450       2.126430       2.126400       2.124610       2.122510       2.122510       2.122370       2.122000       2.122020       2.121840       2.121770       2.121760       2.121130       2.120470       2.119780       2.119070       2.118330       2.117560       2.116760       2.115930       2.115070    
   2.127950       2.127570       2.127190       2.127190       2.127190       2.126950       2.126460       2.126460       2.126460       2.126450       2.125190       2.123330       2.122780       2.122510       2.122510       2.122510       2.122160       2.121990       2.122020       2.121670       2.121540       2.120870       2.120190       2.119480       2.118740       2.117980       2.117190       2.116370       2.115520       2.114640    
   2.127570       2.127190       2.127190       2.127190       2.126950       2.126460       2.126460       2.126460       2.126450       2.124950       2.123330       2.123330       2.123330       2.122780       2.122510       2.122510       2.122510       2.122130       2.121950       2.122020       2.121350       2.120660       2.119950       2.119210       2.118450       2.117660       2.116850       2.116010       2.115150       2.114250    
   2.127190       2.127190       2.127190       2.126950       2.126460       2.126460       2.126460       2.126130       2.125040       2.123330       2.123330       2.123330       2.123330       2.123330       2.122780       2.122510       2.122500       2.122510       2.122060       2.121890       2.121200       2.120480       2.119740       2.118980       2.118200       2.117390       2.116550       2.115690       2.114800       2.113890    
   2.127190       2.127190       2.126950       2.126460       2.126460       2.126430       2.126380       2.125750       2.125130       2.123930       2.123330       2.123330       2.123330       2.123330       2.123330       2.122780       2.122500       2.122500       2.122510       2.121800       2.121080       2.120330       2.119570       2.118780       2.117970       2.117140       2.116290       2.115400       2.114500       2.113560    
   2.127190       2.126950       2.126460       2.126460       2.126420       2.126380       2.126380       2.126380       2.125750       2.125130       2.123930       2.123330       2.123330       2.123330       2.123330       2.123330       2.122760       2.122500       2.122490       2.121750       2.121000       2.120230       2.119430       2.118620       2.117790       2.116930       2.116050       2.115150       2.114220       2.113270    
