iMOD/TUTORIALS/TUT_MetaswapAnalyser/model_MetaSWAP/meteo/Evaporation/Evaporation_20050507_L1.ASC
NCOLS                30
NROWS                30
XLLCORNER     160000.00
YLLCORNER     340000.00
CELLSIZE        1000.00
NODATA_VALUE   -9999.00
   1.569140       1.565570       1.561920       1.558180       1.554370       1.550470       1.546490       1.542430       1.538280       1.534040       1.529720       1.525320       1.520820       1.516240       1.511570       1.506820       1.501980       1.497050       1.492040       1.486940       1.481750       1.476490       1.471140       1.465700       1.460190       1.454600       1.448930       1.443180       1.437360       1.431460    
   1.570570       1.566960       1.563280       1.559530       1.555690       1.551770       1.547770       1.543690       1.539520       1.535280       1.530940       1.526520       1.522020       1.517430       1.512760       1.508000       1.503150       1.498220       1.493200       1.488100       1.482920       1.477660       1.472310       1.466880       1.461370       1.455790       1.450120       1.444380       1.438570       1.432690    
   1.571980       1.568350       1.564640       1.560860       1.557000       1.553060       1.549040       1.544940       1.540760       1.536490       1.532150       1.527720       1.523200       1.518600       1.513920       1.509150       1.504300       1.499370       1.494350       1.489250       1.484070       1.478810       1.473460       1.468040       1.462540       1.456960       1.451300       1.445570       1.439770       1.433890    
   1.573380       1.569720       1.565980       1.562170       1.558290       1.554330       1.550290       1.546170       1.541970       1.537700       1.533340       1.528890       1.524370       1.519760       1.515070       1.510300       1.505440       1.500510       1.495490       1.490390       1.485200       1.479940       1.474600       1.469180       1.463680       1.458110       1.452460       1.446740       1.440940       1.435080    
   1.574770       1.571080       1.567310       1.563480       1.559570       1.555590       1.551530       1.547390       1.543180       1.538890       1.534510       1.530060       1.525520       1.520910       1.516210       1.511430       1.506570       1.501630       1.496600       1.491500       1.486320       1.481060       1.475720       1.470300       1.464810       1.459240       1.453600       1.447880       1.442100       1.436240    
   1.576150       1.572430       1.568640       1.564780       1.560840       1.556840       1.552760       1.548600       1.544370       1.540060       1.535680       1.531210       1.526660       1.522040       1.517330       1.512550       1.507680       1.502730       1.497710       1.492610       1.487420       1.482160       1.476820       1.471410       1.465920       1.460360       1.454720       1.449010       1.443240       1.437390    
   1.577520       1.573770       1.569950       1.566060       1.562110       1.558080       1.553980       1.549800       1.545560       1.541230       1.536830       1.532350       1.527790       1.523160       1.518440       1.513650       1.508780       1.503830       1.498800       1.493690       1.488510       1.483250       1.477920       1.472500       1.467020       1.461460       1.455830       1.450130       1.444360       1.438520    
   1.578890       1.575100       1.571250       1.567340       1.563360       1.559310       1.555190       1.551000       1.546730       1.542390       1.537970       1.533480       1.528910       1.524260       1.519540       1.514740       1.509860       1.504910       1.499880       1.494770       1.489590       1.484330       1.478990       1.473580       1.468100       1.462550       1.456920       1.451230       1.445460       1.439630    
   1.580240       1.576430       1.572550       1.568610       1.564610       1.560530       1.556390       1.552180       1.547890       1.543530       1.539100       1.534600       1.530020       1.525360       1.520630       1.515820       1.510940       1.505980       1.500950       1.495840       1.490650       1.485390       1.480060       1.474650       1.469170       1.463620       1.458000       1.452310       1.446550       1.440730    
   1.581590       1.577750       1.573840       1.569870       1.565840       1.561750       1.557580       1.553350       1.549050       1.544670       1.540230       1.535710       1.531120       1.526450       1.521710       1.516890       1.512000       1.507040       1.502000       1.496890       1.491700       1.486440       1.481110       1.475700       1.470230       1.464680       1.459060       1.453380       1.447630       1.441810    
   1.581570       1.577730       1.573150       1.571130       1.567070       1.562950       1.558770       1.554520       1.550200       1.545810       1.541340       1.536810       1.532210       1.527530       1.522780       1.517960       1.513060       1.508090       1.503050       1.497930       1.492740       1.487480       1.482150       1.476740       1.471270       1.465720       1.460110       1.454430       1.448690       1.442870    
   1.581550       1.575890       1.571130       1.569010       1.568300       1.564160       1.559950       1.555680       1.551340       1.546930       1.542450       1.537910       1.533290       1.528600       1.523840       1.519010       1.514110       1.509130       1.504080       1.498960       1.493770       1.488510       1.483180       1.477770       1.472300       1.466760       1.461150       1.455470       1.449730       1.443930    
   1.578480       1.571130       1.569640       1.568910       1.569520       1.565350       1.561120       1.556830       1.552470       1.548050       1.543560       1.538990       1.534370       1.529670       1.524900       1.520060       1.515140       1.510160       1.505110       1.499990       1.494790       1.489530       1.484190       1.478790       1.473320       1.467780       1.462170       1.456500       1.450760       1.444960    
   1.571130       1.569880       1.569220       1.569520       1.567140       1.566540       1.562290       1.557980       1.553600       1.549160       1.544650       1.540080       1.535430       1.530720       1.525940       1.521090       1.516170       1.511190       1.506130       1.501000       1.495800       1.490540       1.485200       1.479800       1.474330       1.468790       1.463190       1.457520       1.451790       1.445990    
   1.569970       1.569370       1.569520       1.567730       1.566540       1.564090       1.563450       1.559120       1.554720       1.550260       1.545740       1.541150       1.536500       1.531770       1.526980       1.522120       1.517200       1.512200       1.507140       1.502000       1.496800       1.491540       1.486200       1.480800       1.475320       1.469790       1.464190       1.458520       1.452790       1.447000    
   1.569440       1.569520       1.567930       1.566540       1.564690       1.563450       1.561290       1.559100       1.553860       1.551360       1.546820       1.542220       1.537550       1.532820       1.528020       1.523150       1.518210       1.513210       1.508140       1.503000       1.497800       1.492530       1.487190       1.481780       1.476310       1.470780       1.465180       1.459520       1.453790       1.448000    
   1.569520       1.568000       1.566540       1.564890       1.563450       1.562370       1.561280       1.556400       1.551360       1.549090       1.545600       1.543280       1.538600       1.533850       1.529040       1.524160       1.519220       1.514210       1.509130       1.503990       1.498780       1.493510       1.488170       1.482760       1.477290       1.471760       1.466160       1.460500       1.454780       1.448990    
   1.568020       1.566540       1.564960       1.563450       1.562910       1.562360       1.557850       1.551360       1.550230       1.546840       1.543810       1.544340       1.539650       1.534890       1.530060       1.525180       1.520220       1.515210       1.510120       1.504980       1.499760       1.494480       1.489140       1.483730       1.478260       1.472730       1.467130       1.461470       1.455750       1.449970    
   1.566540       1.564980       1.563450       1.563180       1.562910       1.558620       1.551360       1.550790       1.547370       1.544080       1.544340       1.542000       1.538700       1.535910       1.531080       1.526180       1.521220       1.516190       1.511100       1.505950       1.500730       1.495450       1.490100       1.484700       1.479220       1.473690       1.468090       1.462430       1.456710       1.450940    
   1.564990       1.563450       1.563310       1.563180       1.559020       1.551360       1.551080       1.547610       1.544210       1.544340       1.543170       1.540240       1.535910       1.533490       1.531060       1.526160       1.521200       1.516170       1.509610       1.506920       1.501700       1.496410       1.491060       1.485650       1.480180       1.474640       1.469040       1.463390       1.457670       1.451890    
   1.563450       1.563380       1.563310       1.559220       1.551360       1.551220       1.547730       1.544270       1.544340       1.543750       1.540910       1.535910       1.534700       1.533490       1.530240       1.526140       1.521180       1.512450       1.507400       1.507880       1.502650       1.497360       1.492010       1.486600       1.481120       1.475580       1.469990       1.464330       1.458610       1.452840    
   1.563420       1.563380       1.559320       1.551360       1.551290       1.547790       1.544310       1.544340       1.544050       1.541230       1.535910       1.535310       1.534700       1.532810       1.529950       1.525850       1.515060       1.507640       1.507880       1.504710       1.503610       1.498310       1.492950       1.487540       1.482060       1.476520       1.470920       1.465260       1.459550       1.453780    
   1.563420       1.559370       1.551360       1.551320       1.547820       1.544320       1.544340       1.544190       1.541380       1.535910       1.535610       1.535310       1.534270       1.532490       1.529540       1.517870       1.507760       1.507880       1.505770       1.504550       1.501370       1.499250       1.493890       1.488470       1.482990       1.477450       1.471850       1.466190       1.460470       1.454700    
   1.559390       1.551360       1.551340       1.547840       1.544330       1.544340       1.544270       1.541460       1.535910       1.535760       1.535610       1.535060       1.534020       1.529220       1.521070       1.510710       1.510710       1.508310       1.505640       1.505950       1.505490       1.500180       1.494820       1.489390       1.483910       1.478370       1.472760       1.467110       1.461390       1.455620    
   1.551360       1.551350       1.547840       1.544340       1.544340       1.544300       1.541490       1.535910       1.535830       1.535760       1.535480       1.534900       1.527920       1.520630       1.520600       1.515240       1.513650       1.513540       1.508700       1.506420       1.506420       1.501110       1.495740       1.490310       1.484820       1.479280       1.473670       1.468020       1.462300       1.456530    
   1.551360       1.547850       1.544340       1.544340       1.544320       1.541510       1.535910       1.535870       1.535830       1.535690       1.532640       1.528540       1.523290       1.520660       1.520660       1.520600       1.515990       1.513770       1.513540       1.508900       1.507350       1.502030       1.496660       1.491220       1.485730       1.480180       1.474580       1.468920       1.463200       1.457430    
   1.547850       1.544340       1.544340       1.544330       1.541520       1.535910       1.535890       1.535870       1.535800       1.532250       1.528540       1.528540       1.528540       1.523330       1.520710       1.520710       1.520600       1.516030       1.514000       1.513540       1.508270       1.502950       1.497560       1.492130       1.486630       1.481080       1.475470       1.469810       1.464090       1.458320    
   1.544340       1.544340       1.544340       1.541530       1.535910       1.535900       1.535890       1.536450       1.533750       1.528540       1.528540       1.528540       1.528540       1.528540       1.523410       1.520830       1.520830       1.520600       1.516000       1.514460       1.509180       1.503850       1.498470       1.493020       1.487530       1.481970       1.476360       1.470690       1.464970       1.459200    
   1.544340       1.544340       1.541530       1.535910       1.535910       1.539260       1.544290       1.541260       1.538240       1.531780       1.528550       1.528540       1.528540       1.528540       1.528540       1.523550       1.521060       1.521060       1.520600       1.515380       1.510090       1.504760       1.499360       1.493920       1.488410       1.482850       1.477240       1.471570       1.465850       1.460070    
   1.544340       1.541530       1.535910       1.535910       1.539930       1.544290       1.544290       1.544290       1.541260       1.538240       1.531790       1.528560       1.528540       1.528540       1.528540       1.528540       1.523770       1.521520       1.521520       1.516290       1.511000       1.505650       1.500260       1.494800       1.489290       1.483730       1.478110       1.472440       1.466720       1.460940    
