iMOD/TUTORIALS/TUT_MetaswapAnalyser/model_MetaSWAP/meteo/Evaporation/Evaporation_20051008_L1.ASC
NCOLS                30
NROWS                30
XLLCORNER     160000.00
YLLCORNER     340000.00
CELLSIZE        1000.00
NODATA_VALUE   -9999.00
   1.115800       1.116740       1.117740       1.118800       1.119920       1.121110       1.122350       1.123650       1.125010       1.126420       1.127880       1.129400       1.130970       1.132590       1.134260       1.135970       1.137740       1.139550       1.141400       1.143300       1.145240       1.147220       1.149240       1.151310       1.153410       1.155550       1.157730       1.159950       1.162200       1.164490    
   1.119260       1.120200       1.121210       1.122290       1.123420       1.124610       1.125860       1.127160       1.128530       1.129940       1.131410       1.132930       1.134500       1.136120       1.137790       1.139500       1.141260       1.143070       1.144920       1.146810       1.148750       1.150720       1.152740       1.154800       1.156890       1.159020       1.161190       1.163390       1.165630       1.167910    
   1.122730       1.123690       1.124710       1.125790       1.126930       1.128130       1.129390       1.130700       1.132070       1.133490       1.134960       1.136480       1.138050       1.139670       1.141340       1.143050       1.144810       1.146610       1.148460       1.150350       1.152280       1.154250       1.156250       1.158300       1.160390       1.162510       1.164660       1.166860       1.169080       1.171350    
   1.126230       1.127200       1.128230       1.129320       1.130470       1.131680       1.132940       1.134260       1.135630       1.137050       1.138520       1.140050       1.141620       1.143240       1.144910       1.146620       1.148380       1.150180       1.152020       1.153900       1.155830       1.157790       1.159790       1.161830       1.163900       1.166010       1.168160       1.170340       1.172550       1.174800    
   1.129740       1.130730       1.131770       1.132870       1.134030       1.135240       1.136510       1.137830       1.139210       1.140630       1.142110       1.143640       1.145210       1.146830       1.148500       1.150210       1.151960       1.153760       1.155600       1.157480       1.159390       1.161350       1.163340       1.165370       1.167430       1.169540       1.171670       1.173840       1.176040       1.178270    
   1.133270       1.134270       1.135320       1.136430       1.137600       1.138820       1.140100       1.141420       1.142810       1.144240       1.145720       1.147250       1.148820       1.150440       1.152110       1.153820       1.155570       1.157360       1.159190       1.161070       1.162980       1.164920       1.166910       1.168930       1.170980       1.173070       1.175200       1.177350       1.179540       1.181760    
   1.136820       1.137830       1.138890       1.140010       1.141190       1.142420       1.143700       1.145030       1.146420       1.147850       1.149340       1.150870       1.152450       1.154070       1.155730       1.157440       1.159190       1.160980       1.162810       1.164670       1.166580       1.168520       1.170490       1.172510       1.174550       1.176630       1.178740       1.180880       1.183060       1.185260    
   1.140390       1.141400       1.142480       1.143610       1.144790       1.146030       1.147320       1.148660       1.150050       1.151490       1.152980       1.154510       1.156090       1.157710       1.159370       1.161080       1.162820       1.164610       1.166430       1.168290       1.170190       1.172130       1.174090       1.176100       1.178130       1.180200       1.182300       1.184430       1.186590       1.188780    
   1.143960       1.144990       1.146080       1.147220       1.148410       1.149660       1.150950       1.152300       1.153690       1.155140       1.156630       1.158160       1.159740       1.161360       1.163030       1.164730       1.166470       1.168260       1.170070       1.171930       1.173820       1.175750       1.177710       1.179700       1.181730       1.183780       1.185870       1.187990       1.190130       1.192310    
   1.147550       1.148590       1.149690       1.150840       1.152040       1.153300       1.154600       1.155950       1.157350       1.158800       1.160290       1.161830       1.163410       1.165030       1.166690       1.168400       1.170140       1.171920       1.173730       1.175580       1.177470       1.179380       1.181340       1.183320       1.185330       1.187380       1.189450       1.191560       1.193690       1.195850    
   1.147570       1.148610       1.150900       1.154470       1.155680       1.156950       1.158260       1.159620       1.161020       1.162470       1.163970       1.165510       1.167090       1.168710       1.170370       1.172070       1.173810       1.175590       1.177400       1.179240       1.181120       1.183030       1.184980       1.186950       1.188950       1.190990       1.193050       1.195140       1.197260       1.199410    
   1.147590       1.150390       1.154470       1.158120       1.159340       1.160610       1.161930       1.163290       1.164700       1.166160       1.167660       1.169200       1.170780       1.172400       1.174070       1.175760       1.177500       1.179270       1.181080       1.182920       1.184790       1.186690       1.188630       1.190590       1.192580       1.194610       1.196660       1.198730       1.200840       1.202970    
   1.149760       1.154470       1.159190       1.161170       1.163000       1.164280       1.165600       1.166980       1.168390       1.169850       1.171350       1.172900       1.174480       1.176110       1.177770       1.179470       1.181200       1.182970       1.184770       1.186600       1.188470       1.190360       1.192290       1.194240       1.196230       1.198240       1.200270       1.202340       1.204430       1.206540    
   1.154470       1.159690       1.162090       1.163000       1.165080       1.167960       1.169290       1.170670       1.172090       1.173550       1.175060       1.176610       1.178190       1.179820       1.181480       1.183180       1.184910       1.186670       1.188470       1.190300       1.192150       1.194040       1.195960       1.197900       1.199880       1.201880       1.203900       1.205950       1.208030       1.210130    
   1.159920       1.162540       1.163000       1.165350       1.167960       1.170080       1.172980       1.174370       1.175800       1.177270       1.178780       1.180330       1.181910       1.183540       1.185200       1.186890       1.188620       1.190380       1.192180       1.194000       1.195850       1.197730       1.199640       1.201570       1.203540       1.205520       1.207530       1.209570       1.211630       1.213720    
   1.162770       1.163000       1.165440       1.167960       1.170340       1.172980       1.173680       1.174380       1.177100       1.180980       1.182500       1.184050       1.185640       1.187260       1.188920       1.190620       1.192340       1.194100       1.195890       1.197710       1.199550       1.201430       1.203330       1.205250       1.207200       1.209180       1.211180       1.213200       1.215250       1.217310    
   1.163000       1.165470       1.167960       1.170430       1.172980       1.173330       1.173680       1.176540       1.180980       1.181740       1.185360       1.187780       1.189370       1.191000       1.192660       1.194350       1.196070       1.197830       1.199610       1.201420       1.203260       1.205130       1.207020       1.208930       1.210870       1.212840       1.214820       1.216830       1.218860       1.220920    
   1.165480       1.167960       1.170460       1.172980       1.173150       1.173330       1.176130       1.180980       1.181360       1.185850       1.189650       1.191510       1.193110       1.194730       1.196390       1.198090       1.199810       1.201560       1.203340       1.205150       1.206980       1.208840       1.210720       1.212620       1.214550       1.216500       1.218480       1.220470       1.222490       1.224530    
   1.167960       1.170470       1.172980       1.173070       1.173150       1.175900       1.180980       1.181170       1.186060       1.190580       1.191510       1.192310       1.194460       1.198480       1.200140       1.201830       1.203550       1.205300       1.207070       1.208870       1.210700       1.212550       1.214420       1.216320       1.218230       1.220170       1.222130       1.224120       1.226120       1.228140    
   1.170470       1.172980       1.173020       1.173070       1.175770       1.180980       1.181070       1.186150       1.191040       1.191510       1.191910       1.194190       1.198480       1.199310       1.200150       1.201840       1.203560       1.205310       1.210030       1.212600       1.214420       1.216260       1.218130       1.220010       1.221920       1.223850       1.225800       1.227760       1.229750       1.231750    
   1.172980       1.173000       1.173020       1.175710       1.180980       1.181030       1.186200       1.191280       1.191510       1.191710       1.194020       1.198480       1.198890       1.199310       1.200430       1.201850       1.203570       1.209940       1.214470       1.216330       1.218150       1.219980       1.221840       1.223710       1.225610       1.227520       1.229460       1.231410       1.233380       1.235370    
   1.172990       1.173000       1.175680       1.180980       1.181000       1.186220       1.191390       1.191510       1.191610       1.193930       1.198480       1.198690       1.198900       1.199550       1.200530       1.201950       1.209420       1.215400       1.216330       1.218780       1.221870       1.223700       1.225550       1.227410       1.229300       1.231200       1.233120       1.235060       1.237020       1.238990    
   1.172990       1.175660       1.180980       1.180990       1.186230       1.191450       1.191510       1.191560       1.193880       1.198480       1.198580       1.198690       1.199040       1.199660       1.200680       1.211060       1.215860       1.216330       1.222980       1.225600       1.226690       1.227420       1.229260       1.231110       1.232990       1.234880       1.236790       1.238710       1.240650       1.242610    
   1.175650       1.180980       1.180990       1.186240       1.191480       1.191510       1.191530       1.193860       1.198480       1.198530       1.198580       1.198770       1.199130       1.210940       1.220220       1.227520       1.227520       1.228600       1.229950       1.231190       1.229330       1.231140       1.232970       1.234810       1.236680       1.238550       1.240450       1.242360       1.244280       1.246220    
   1.180980       1.180980       1.186240       1.191500       1.191510       1.191520       1.193850       1.198480       1.198510       1.198530       1.198630       1.198830       1.219590       1.244500       1.244380       1.238040       1.239180       1.238710       1.235050       1.233050       1.233050       1.234850       1.236680       1.238510       1.240360       1.242230       1.244110       1.246000       1.247910       1.249830    
   1.180980       1.186240       1.191500       1.191510       1.191520       1.193840       1.198480       1.198490       1.198510       1.198560       1.220690       1.253730       1.247670       1.244610       1.244610       1.244380       1.241090       1.239640       1.238710       1.237250       1.236770       1.238570       1.240380       1.242210       1.244050       1.245900       1.247770       1.249650       1.251540       1.253440    
   1.186240       1.191510       1.191510       1.191510       1.193840       1.198480       1.198490       1.198490       1.198520       1.225040       1.253730       1.253730       1.253730       1.247840       1.244840       1.244840       1.244380       1.241640       1.240570       1.238710       1.240490       1.242280       1.244080       1.245900       1.247730       1.249570       1.251420       1.253280       1.255160       1.257050    
   1.191510       1.191510       1.191510       1.193830       1.198480       1.198480       1.198490       1.216430       1.234210       1.253740       1.253730       1.253730       1.253730       1.253730       1.248180       1.245310       1.245310       1.244380       1.242920       1.242430       1.244200       1.245980       1.247780       1.249580       1.251400       1.253230       1.255070       1.256920       1.258780       1.260650    
   1.191510       1.191510       1.193830       1.198480       1.198480       1.227920       1.272060       1.271140       1.270210       1.259250       1.253760       1.253730       1.253730       1.253730       1.253730       1.248840       1.246230       1.246240       1.244380       1.246140       1.247900       1.249680       1.251470       1.253260       1.255070       1.256880       1.258710       1.260540       1.262380       1.264240    
   1.191510       1.193830       1.198480       1.198480       1.233800       1.272070       1.272070       1.272060       1.271140       1.270210       1.259300       1.253820       1.253730       1.253730       1.253730       1.253730       1.250080       1.248080       1.248090       1.249840       1.251600       1.253370       1.255150       1.256930       1.258730       1.260530       1.262340       1.264160       1.265980       1.267820    
