iMOD/TUTORIALS/TUT_MetaswapAnalyser/model_MetaSWAP/meteo/Evaporation/Evaporation_20060222_L1.ASC
NCOLS                30
NROWS                30
XLLCORNER     160000.00
YLLCORNER     340000.00
CELLSIZE        1000.00
NODATA_VALUE   -9999.00
  0.2782500      0.2766400      0.2749800      0.2732800      0.2715500      0.2697800      0.2679800      0.2661600      0.2643200      0.2624600      0.2605900      0.2587100      0.2568200      0.2549200      0.2530200      0.2511200      0.2492300      0.2473400      0.2454500      0.2435800      0.2417200      0.2398600      0.2380200      0.2362000      0.2343900      0.2326000      0.2308200      0.2290700      0.2273300      0.2256100    
  0.2789400      0.2773300      0.2756800      0.2739900      0.2722700      0.2705100      0.2687300      0.2669200      0.2650900      0.2632400      0.2613800      0.2595100      0.2576200      0.2557400      0.2538500      0.2519600      0.2500700      0.2481900      0.2463100      0.2444400      0.2425800      0.2407300      0.2388900      0.2370700      0.2352600      0.2334700      0.2317000      0.2299400      0.2282000      0.2264800    
  0.2796000      0.2779900      0.2763500      0.2746700      0.2729600      0.2712100      0.2694400      0.2676400      0.2658200      0.2639900      0.2621300      0.2602700      0.2584000      0.2565200      0.2546400      0.2527600      0.2508800      0.2490000      0.2471300      0.2452700      0.2434100      0.2415700      0.2397300      0.2379200      0.2361100      0.2343200      0.2325500      0.2307900      0.2290500      0.2273300    
  0.2802300      0.2786300      0.2770000      0.2753200      0.2736200      0.2718800      0.2701200      0.2683300      0.2665200      0.2647000      0.2628600      0.2610000      0.2591400      0.2572700      0.2554000      0.2535300      0.2516600      0.2497900      0.2479200      0.2460600      0.2442100      0.2423800      0.2405500      0.2387300      0.2369300      0.2351400      0.2333700      0.2316200      0.2298800      0.2281600    
  0.2808400      0.2792400      0.2776200      0.2759500      0.2742500      0.2725300      0.2707700      0.2690000      0.2672000      0.2653800      0.2635500      0.2617100      0.2598600      0.2580000      0.2561300      0.2542700      0.2524000      0.2505400      0.2486900      0.2468300      0.2449900      0.2431600      0.2413300      0.2395200      0.2377200      0.2359400      0.2341700      0.2324200      0.2306800      0.2289600    
  0.2814200      0.2798300      0.2782100      0.2765500      0.2748600      0.2731400      0.2714000      0.2696300      0.2678400      0.2660400      0.2642200      0.2623800      0.2605400      0.2586900      0.2568400      0.2549800      0.2531300      0.2512700      0.2494200      0.2475800      0.2457400      0.2439100      0.2420900      0.2402800      0.2384900      0.2367100      0.2349500      0.2332000      0.2314600      0.2297500    
  0.2819800      0.2804000      0.2787800      0.2771300      0.2754500      0.2737300      0.2720000      0.2702400      0.2684600      0.2666700      0.2648500      0.2630300      0.2612000      0.2593600      0.2575100      0.2556700      0.2538200      0.2519700      0.2501300      0.2482900      0.2464600      0.2446400      0.2428200      0.2410200      0.2392300      0.2374600      0.2357000      0.2339500      0.2322200      0.2305000    
  0.2825200      0.2809400      0.2793300      0.2776800      0.2760100      0.2743000      0.2725700      0.2708200      0.2690500      0.2672700      0.2654700      0.2636500      0.2618300      0.2600000      0.2581600      0.2563200      0.2544800      0.2526500      0.2508100      0.2489800      0.2471600      0.2453400      0.2435300      0.2417400      0.2399500      0.2381800      0.2364200      0.2346800      0.2329500      0.2312400    
  0.2830400      0.2814600      0.2798500      0.2782100      0.2765400      0.2748500      0.2731300      0.2713900      0.2696200      0.2678500      0.2660500      0.2642500      0.2624300      0.2606100      0.2587900      0.2569600      0.2551200      0.2532900      0.2514700      0.2496400      0.2478300      0.2460200      0.2442200      0.2424300      0.2406500      0.2388800      0.2371300      0.2353900      0.2336600      0.2319500    
  0.2835400      0.2819700      0.2803600      0.2787200      0.2770600      0.2753700      0.2736600      0.2719200      0.2701700      0.2684000      0.2666200      0.2648200      0.2630200      0.2612000      0.2593900      0.2575600      0.2557400      0.2539200      0.2521000      0.2502800      0.2484700      0.2466700      0.2448800      0.2430900      0.2413200      0.2395600      0.2378100      0.2360700      0.2343500      0.2326500    
  0.2835300      0.2819570      0.2800680      0.2792200      0.2775600      0.2758800      0.2741700      0.2724400      0.2707000      0.2689400      0.2671600      0.2653700      0.2635800      0.2617700      0.2599600      0.2581500      0.2563300      0.2545200      0.2527100      0.2509000      0.2491000      0.2473000      0.2455100      0.2437400      0.2419700      0.2402100      0.2384700      0.2367400      0.2350200      0.2333200    
  0.2835190      0.2811940      0.2792200      0.2783300      0.2780400      0.2763600      0.2746600      0.2729400      0.2712000      0.2694500      0.2676800      0.2659000      0.2641100      0.2623200      0.2605200      0.2587100      0.2569000      0.2551000      0.2532900      0.2514900      0.2497000      0.2479100      0.2461300      0.2443600      0.2426000      0.2408500      0.2391100      0.2373800      0.2356700      0.2339800    
  0.2822480      0.2792200      0.2785800      0.2782700      0.2785000      0.2768300      0.2751300      0.2734200      0.2716900      0.2699400      0.2681800      0.2664100      0.2646300      0.2628400      0.2610500      0.2592500      0.2574500      0.2556600      0.2538600      0.2520700      0.2502800      0.2485000      0.2467200      0.2449600      0.2432000      0.2414600      0.2397300      0.2380100      0.2363000      0.2346100    
  0.2792200      0.2786710      0.2783850      0.2785000      0.2775370      0.2772800      0.2755900      0.2738800      0.2721600      0.2704200      0.2686600      0.2669000      0.2651300      0.2633500      0.2615600      0.2597700      0.2579800      0.2561900      0.2544000      0.2526200      0.2508400      0.2490600      0.2473000      0.2455400      0.2437900      0.2420500      0.2403300      0.2386100      0.2369100      0.2352300    
  0.2787080      0.2784430      0.2785000      0.2777720      0.2772800      0.2763000      0.2760300      0.2743200      0.2726100      0.2708700      0.2691300      0.2673700      0.2656100      0.2638300      0.2620600      0.2602700      0.2584900      0.2567100      0.2549300      0.2531500      0.2513800      0.2496100      0.2478500      0.2461000      0.2443600      0.2426300      0.2409100      0.2392000      0.2375100      0.2358300    
  0.2784710      0.2785000      0.2778510      0.2772800      0.2765370      0.2760300      0.2751750      0.2743200      0.2722780      0.2713100      0.2695700      0.2678200      0.2660700      0.2643000      0.2625300      0.2607600      0.2589800      0.2572100      0.2554300      0.2536600      0.2519000      0.2501400      0.2483900      0.2466400      0.2449100      0.2431800      0.2414700      0.2397700      0.2380800      0.2364100    
  0.2785000      0.2778770      0.2772800      0.2766160      0.2760300      0.2756030      0.2751750      0.2732710      0.2713100      0.2704400      0.2691280      0.2682600      0.2665100      0.2647500      0.2629900      0.2612200      0.2594600      0.2576900      0.2559200      0.2541600      0.2524000      0.2506500      0.2489000      0.2471700      0.2454400      0.2437200      0.2420200      0.2403200      0.2386400      0.2369700    
  0.2778860      0.2772800      0.2766420      0.2760300      0.2758160      0.2756030      0.2738400      0.2713100      0.2708750      0.2696060      0.2684700      0.2686800      0.2669400      0.2651900      0.2634300      0.2616700      0.2599100      0.2581500      0.2563900      0.2546400      0.2528900      0.2511400      0.2494000      0.2476800      0.2459500      0.2442400      0.2425400      0.2408600      0.2391800      0.2375200    
  0.2772800      0.2766510      0.2760300      0.2759230      0.2758160      0.2741420      0.2713100      0.2710920      0.2698090      0.2685750      0.2686800      0.2678100      0.2666050      0.2656100      0.2638600      0.2621000      0.2603500      0.2586000      0.2568500      0.2551000      0.2533600      0.2516200      0.2498900      0.2481700      0.2464500      0.2447500      0.2430600      0.2413800      0.2397100      0.2380500    
  0.2766540      0.2760300      0.2759770      0.2759230      0.2742980      0.2713100      0.2712010      0.2699040      0.2686280      0.2686800      0.2682450      0.2671760      0.2656100      0.2647350      0.2638570      0.2621030      0.2603500      0.2586000      0.2564160      0.2555500      0.2538100      0.2520800      0.2503600      0.2486400      0.2469400      0.2452400      0.2435600      0.2418800      0.2402200      0.2385700    
  0.2760300      0.2760030      0.2759770      0.2743770      0.2713100      0.2712560      0.2699500      0.2686540      0.2686800      0.2684620      0.2674280      0.2656100      0.2651720      0.2647340      0.2635650      0.2621030      0.2603510      0.2574220      0.2557650      0.2559800      0.2542500      0.2525300      0.2508100      0.2491000      0.2474000      0.2457200      0.2440400      0.2423700      0.2407200      0.2390800    
  0.2760170      0.2760030      0.2744170      0.2713100      0.2712830      0.2699720      0.2686670      0.2686800      0.2685710      0.2675450      0.2656100      0.2653910      0.2651720      0.2644900      0.2634670      0.2620060      0.2583460      0.2558730      0.2559800      0.2549670      0.2546700      0.2529600      0.2512500      0.2495500      0.2478600      0.2461800      0.2445100      0.2428500      0.2412000      0.2395700    
  0.2760170      0.2744370      0.2713100      0.2712960      0.2699840      0.2686730      0.2686800      0.2686260      0.2676020      0.2656100      0.2655010      0.2653910      0.2650180      0.2643770      0.2633210      0.2593770      0.2559260      0.2559800      0.2554270      0.2550800      0.2540560      0.2533800      0.2516800      0.2499800      0.2483000      0.2466300      0.2449600      0.2433100      0.2416700      0.2400400    
  0.2744470      0.2713100      0.2713030      0.2699890      0.2686770      0.2686800      0.2686530      0.2676290      0.2656100      0.2655550      0.2655010      0.2653030      0.2649290      0.2633490      0.2606190      0.2571370      0.2571400      0.2563800      0.2555430      0.2556800      0.2554900      0.2537800      0.2520900      0.2504000      0.2487300      0.2470600      0.2454100      0.2437600      0.2421300      0.2405100    
  0.2713100      0.2713070      0.2699920      0.2686780      0.2686800      0.2686660      0.2676430      0.2656100      0.2655830      0.2655550      0.2654530      0.2652440      0.2629940      0.2606900      0.2606800      0.2588240      0.2583450      0.2583000      0.2566530      0.2558700      0.2558700      0.2541800      0.2524900      0.2508100      0.2491500      0.2474900      0.2458400      0.2442000      0.2425800      0.2409700    
  0.2713080      0.2699940      0.2686790      0.2686800      0.2686730      0.2676500      0.2656100      0.2655960      0.2655830      0.2655300      0.2645780      0.2633200      0.2615750      0.2607010      0.2607010      0.2606800      0.2591310      0.2583900      0.2583000      0.2567600      0.2562500      0.2545600      0.2528800      0.2512100      0.2495500      0.2479000      0.2462600      0.2446300      0.2430200      0.2414100    
  0.2699940      0.2686800      0.2686800      0.2686770      0.2676530      0.2656100      0.2656030      0.2655960      0.2655700      0.2644660      0.2633200      0.2633200      0.2633200      0.2615900      0.2607210      0.2607210      0.2606800      0.2591550      0.2584800      0.2583000      0.2566200      0.2549400      0.2532600      0.2516000      0.2499500      0.2483000      0.2466700      0.2450500      0.2434400      0.2418500    
  0.2686800      0.2686800      0.2686780      0.2676550      0.2656100      0.2656070      0.2656030      0.2658150      0.2649700      0.2633210      0.2633200      0.2633200      0.2633200      0.2633200      0.2616180      0.2607620      0.2607630      0.2606800      0.2591600      0.2586600      0.2569700      0.2553000      0.2536300      0.2519800      0.2503300      0.2487000      0.2470700      0.2454600      0.2438600      0.2422700    
  0.2686800      0.2686790      0.2676560      0.2656100      0.2656080      0.2667440      0.2684500      0.2674700      0.2664900      0.2643790      0.2633230      0.2633200      0.2633200      0.2633200      0.2633200      0.2616690      0.2608440      0.2608450      0.2606800      0.2590000      0.2573200      0.2556600      0.2540000      0.2523500      0.2507100      0.2490800      0.2474700      0.2458600      0.2442700      0.2426900    
  0.2686800      0.2676560      0.2656100      0.2656090      0.2669730      0.2684510      0.2684510      0.2684500      0.2674700      0.2664900      0.2643830      0.2633270      0.2633200      0.2633200      0.2633200      0.2633200      0.2617500      0.2610070      0.2610100      0.2593300      0.2576600      0.2560000      0.2543500      0.2527100      0.2510800      0.2494600      0.2478500      0.2462600      0.2446700      0.2431000    
