iMOD/TUTORIALS/TUT_MetaswapAnalyser/model_MetaSWAP/meteo/Evaporation/Evaporation_20060108_L1.ASC
NCOLS                30
NROWS                30
XLLCORNER     160000.00
YLLCORNER     340000.00
CELLSIZE        1000.00
NODATA_VALUE   -9999.00
  0.3700700      0.3689600      0.3678200      0.3666600      0.3654800      0.3642800      0.3630600      0.3618200      0.3605800      0.3593300      0.3580700      0.3568100      0.3555400      0.3542800      0.3530100      0.3517500      0.3505000      0.3492500      0.3480100      0.3467700      0.3455500      0.3443400      0.3431500      0.3419600      0.3407900      0.3396300      0.3384900      0.3373700      0.3362600      0.3351700    
  0.3724200      0.3713400      0.3702200      0.3690900      0.3679300      0.3667500      0.3655600      0.3643500      0.3631300      0.3619000      0.3606600      0.3594200      0.3581800      0.3569300      0.3556900      0.3544400      0.3532100      0.3519700      0.3507500      0.3495300      0.3483200      0.3471200      0.3459300      0.3447600      0.3436000      0.3424500      0.3413200      0.3402000      0.3390900      0.3380100    
  0.3747500      0.3736900      0.3726000      0.3714900      0.3703600      0.3692000      0.3680300      0.3668500      0.3656500      0.3644500      0.3632300      0.3620100      0.3607900      0.3595600      0.3583400      0.3571100      0.3558900      0.3546700      0.3534600      0.3522600      0.3510600      0.3498800      0.3487000      0.3475400      0.3463800      0.3452500      0.3441200      0.3430100      0.3419100      0.3408300    
  0.3770600      0.3760200      0.3749600      0.3738700      0.3727600      0.3716300      0.3704900      0.3693300      0.3681500      0.3669700      0.3657800      0.3645800      0.3633800      0.3621700      0.3609600      0.3597600      0.3585500      0.3573500      0.3561600      0.3549700      0.3537900      0.3526100      0.3514500      0.3502900      0.3491500      0.3480200      0.3469000      0.3458000      0.3447000      0.3436300    
  0.3793400      0.3783300      0.3772900      0.3762200      0.3751400      0.3740400      0.3729200      0.3717800      0.3706300      0.3694700      0.3683000      0.3671200      0.3659400      0.3647500      0.3635700      0.3623800      0.3611900      0.3600100      0.3588300      0.3576500      0.3564800      0.3553200      0.3541700      0.3530300      0.3519000      0.3507700      0.3496600      0.3485700      0.3474800      0.3464100    
  0.3816000      0.3806100      0.3796000      0.3785600      0.3775000      0.3764200      0.3753200      0.3742100      0.3730800      0.3719400      0.3708000      0.3696400      0.3684800      0.3673100      0.3661500      0.3649800      0.3638100      0.3626400      0.3614800      0.3603200      0.3591600      0.3580100      0.3568700      0.3557400      0.3546200      0.3535100      0.3524100      0.3513200      0.3502400      0.3491700    
  0.3838500      0.3828800      0.3818900      0.3808700      0.3798400      0.3787800      0.3777100      0.3766200      0.3755100      0.3744000      0.3732700      0.3721400      0.3710000      0.3698500      0.3687000      0.3675500      0.3664000      0.3652500      0.3641000      0.3629600      0.3618200      0.3606800      0.3595500      0.3584300      0.3573200      0.3562200      0.3551300      0.3540500      0.3529700      0.3519200    
  0.3860700      0.3851300      0.3841600      0.3831700      0.3821500      0.3811200      0.3800700      0.3790000      0.3779200      0.3768300      0.3757300      0.3746100      0.3734900      0.3723700      0.3712400      0.3701100      0.3689700      0.3678400      0.3667100      0.3655800      0.3644500      0.3633300      0.3622100      0.3611100      0.3600100      0.3589100      0.3578300      0.3567600      0.3556900      0.3546400    
  0.3882800      0.3873600      0.3864100      0.3854400      0.3844500      0.3834400      0.3824100      0.3813700      0.3803100      0.3792400      0.3781600      0.3770700      0.3759700      0.3748600      0.3737500      0.3726400      0.3715200      0.3704000      0.3692900      0.3681700      0.3670600      0.3659600      0.3648500      0.3637600      0.3626700      0.3615900      0.3605100      0.3594500      0.3583900      0.3573500    
  0.3904700      0.3895700      0.3886400      0.3877000      0.3867300      0.3857400      0.3847400      0.3837200      0.3826800      0.3816300      0.3805700      0.3795000      0.3784200      0.3773300      0.3762400      0.3751500      0.3740500      0.3729500      0.3718500      0.3707500      0.3696500      0.3685600      0.3674700      0.3663900      0.3653100      0.3642400      0.3631800      0.3621200      0.3610700      0.3600400    
  0.3904600      0.3895600      0.3889600      0.3899300      0.3889900      0.3880200      0.3870400      0.3860400      0.3850300      0.3840000      0.3829600      0.3819100      0.3808500      0.3797900      0.3787100      0.3776400      0.3765600      0.3754700      0.3743900      0.3733100      0.3722300      0.3711500      0.3700700      0.3690000      0.3679300      0.3668700      0.3658200      0.3647700      0.3637300      0.3627100    
  0.3904510      0.3897280      0.3899300      0.3909000      0.3912300      0.3902800      0.3893200      0.3883500      0.3873500      0.3863500      0.3853300      0.3843000      0.3832600      0.3822200      0.3811600      0.3801000      0.3790400      0.3779800      0.3769100      0.3758400      0.3747800      0.3737100      0.3726500      0.3715900      0.3705400      0.3694900      0.3684400      0.3674100      0.3663800      0.3653600    
  0.3903580      0.3899300      0.3916550      0.3923400      0.3934500      0.3925300      0.3915900      0.3906300      0.3896600      0.3886800      0.3876800      0.3866700      0.3856500      0.3846300      0.3835900      0.3825500      0.3815100      0.3804600      0.3794100      0.3783600      0.3773100      0.3762600      0.3752100      0.3741600      0.3731200      0.3720800      0.3710500      0.3700200      0.3690000      0.3679900    
  0.3899300      0.3919820      0.3928950      0.3934500      0.3935770      0.3947500      0.3938400      0.3929000      0.3919500      0.3909900      0.3900100      0.3890200      0.3880300      0.3870200      0.3860000      0.3849800      0.3839500      0.3829200      0.3818900      0.3808500      0.3798200      0.3787800      0.3777500      0.3767100      0.3756800      0.3746600      0.3736300      0.3726200      0.3716100      0.3706000    
  0.3921340      0.3931730      0.3934500      0.3939260      0.3947500      0.3948830      0.3960600      0.3951500      0.3942200      0.3932800      0.3923200      0.3913600      0.3903800      0.3893900      0.3883900      0.3873900      0.3863800      0.3853700      0.3843500      0.3833300      0.3823100      0.3812900      0.3802700      0.3792500      0.3782300      0.3772100      0.3762000      0.3751900      0.3741900      0.3732000    
  0.3933110      0.3934500      0.3940420      0.3947500      0.3952310      0.3960600      0.3956050      0.3951430      0.3945500      0.3955500      0.3946200      0.3936700      0.3927100      0.3917400      0.3907700      0.3897800      0.3887900      0.3877900      0.3867900      0.3857900      0.3847800      0.3837700      0.3827700      0.3817600      0.3807500      0.3797500      0.3787500      0.3777500      0.3767600      0.3757700    
  0.3934500      0.3940810      0.3947500      0.3953470      0.3960600      0.3958320      0.3956030      0.3952120      0.3955500      0.3950850      0.3956100      0.3959700      0.3950300      0.3940800      0.3931200      0.3921500      0.3911800      0.3902000      0.3892100      0.3882300      0.3872300      0.3862400      0.3852500      0.3842500      0.3832600      0.3822700      0.3812800      0.3802900      0.3793100      0.3783300    
  0.3940940      0.3947500      0.3953860      0.3960600      0.3959460      0.3958320      0.3955490      0.3955500      0.3953170      0.3963180      0.3971050      0.3982400      0.3973200      0.3963900      0.3954500      0.3945000      0.3935500      0.3925900      0.3916200      0.3906400      0.3896700      0.3886900      0.3877100      0.3867300      0.3857500      0.3847700      0.3837900      0.3828200      0.3818400      0.3808700    
  0.3947500      0.3953990      0.3960600      0.3960030      0.3959460      0.3957190      0.3955500      0.3954340      0.3966200      0.3976720      0.3982400      0.3977800      0.3976600      0.3986900      0.3977700      0.3968400      0.3959000      0.3949500      0.3940000      0.3930500      0.3920800      0.3911200      0.3901500      0.3891900      0.3882200      0.3872500      0.3862800      0.3853200      0.3843600      0.3834000    
  0.3954030      0.3960600      0.3960320      0.3960030      0.3958050      0.3955500      0.3954920      0.3967600      0.3979560      0.3982400      0.3980100      0.3980930      0.3986900      0.3982300      0.3977670      0.3968370      0.3958970      0.3949500      0.3950440      0.3954300      0.3944800      0.3935300      0.3925800      0.3916300      0.3906700      0.3897100      0.3887600      0.3878000      0.3868500      0.3859000    
  0.3960600      0.3960460      0.3960320      0.3958470      0.3955500      0.3955210      0.3968280      0.3980980      0.3982400      0.3981250      0.3982580      0.3986900      0.3984600      0.3982290      0.3976110      0.3968330      0.3958940      0.3960580      0.3966100      0.3977900      0.3968600      0.3959300      0.3949900      0.3940500      0.3931000      0.3921600      0.3912200      0.3902700      0.3893300      0.3883900    
  0.3960530      0.3960460      0.3958690      0.3955500      0.3955350      0.3968620      0.3981690      0.3982400      0.3981830      0.3983280      0.3986900      0.3985750      0.3984600      0.3981000      0.3975580      0.3967800      0.3967550      0.3972000      0.3977900      0.3979570      0.3992200      0.3983000      0.3973800      0.3964500      0.3955200      0.3945900      0.3936600      0.3927200      0.3917900      0.3908600    
  0.3960530      0.3958790      0.3955500      0.3955430      0.3968780      0.3982050      0.3982400      0.3982110      0.3983600      0.3986900      0.3986320      0.3985750      0.3983780      0.3980390      0.3974790      0.3986580      0.3974950      0.3977900      0.4005870      0.4015550      0.4010140      0.4006600      0.3997500      0.3988400      0.3979200      0.3970000      0.3960800      0.3951600      0.3942300      0.3933100    
  0.3958850      0.3955500      0.3955460      0.3968870      0.3982220      0.3982400      0.3982260      0.3983750      0.3986900      0.3986610      0.3986320      0.3985290      0.3983310      0.4026940      0.4045890      0.4046950      0.4047000      0.4044560      0.4042640      0.4050450      0.4038900      0.4030000      0.4021000      0.4012000      0.4003000      0.3993900      0.3984800      0.3975700      0.3966600      0.3957500    
  0.3955500      0.3955480      0.3968910      0.3982310      0.3982400      0.3982330      0.3983830      0.3986900      0.3986760      0.3986610      0.3986070      0.3984970      0.4067040      0.4169490      0.4168800      0.4117810      0.4118900      0.4116100      0.4080290      0.4061930      0.4062000      0.4053300      0.4044400      0.4035500      0.4026600      0.4017700      0.4008700      0.3999700      0.3990700      0.3981600    
  0.3955490      0.3968930      0.3982360      0.3982400      0.3982360      0.3983860      0.3986900      0.3986830      0.3986760      0.3986480      0.4088170      0.4241600      0.4194090      0.4170170      0.4170180      0.4168800      0.4136540      0.4121700      0.4116100      0.4092670      0.4084900      0.4076300      0.4067600      0.4058900      0.4050100      0.4041200      0.4032400      0.4023500      0.4014600      0.4005600    
  0.3968940      0.3982380      0.3982400      0.3982380      0.3983880      0.3986900      0.3986860      0.3986830      0.3986690      0.4108920      0.4241600      0.4241600      0.4241600      0.4195100      0.4171550      0.4171550      0.4168800      0.4139560      0.4127300      0.4116100      0.4107700      0.4099200      0.4090700      0.4082000      0.4073400      0.4064600      0.4055900      0.4047100      0.4038300      0.4029500    
  0.3982390      0.3982400      0.3982390      0.3983890      0.3986900      0.3986880      0.3986860      0.4078370      0.4159350      0.4241660      0.4241600      0.4241600      0.4241600      0.4241600      0.4197090      0.4174290      0.4174300      0.4168800      0.4146050      0.4138500      0.4130300      0.4121900      0.4113500      0.4105000      0.4096500      0.4087900      0.4079200      0.4070600      0.4061900      0.4053100    
  0.3982400      0.3982400      0.3983900      0.3986900      0.3986890      0.4144020      0.4379700      0.4366400      0.4353100      0.4278920      0.4241770      0.4241600      0.4241600      0.4241600      0.4241600      0.4200920      0.4179780      0.4179800      0.4168800      0.4160800      0.4152700      0.4144500      0.4136200      0.4127800      0.4119400      0.4110900      0.4102400      0.4093800      0.4085200      0.4076600    
  0.3982400      0.3983900      0.3986900      0.3986900      0.4175470      0.4379740      0.4379740      0.4379700      0.4366400      0.4353100      0.4279220      0.4242120      0.4241600      0.4241600      0.4241600      0.4241600      0.4207980      0.4190730      0.4190800      0.4182900      0.4174900      0.4166900      0.4158700      0.4150500      0.4142200      0.4133800      0.4125400      0.4117000      0.4108500      0.4099900    
