iMOD/TUTORIALS/TUT_MetaswapAnalyser/model_MetaSWAP/meteo/Evaporation/Evaporation_20060430_L1.ASC
NCOLS                30
NROWS                30
XLLCORNER     160000.00
YLLCORNER     340000.00
CELLSIZE        1000.00
NODATA_VALUE   -9999.00
   1.745040       1.744570       1.744090       1.743580       1.743040       1.742470       1.741870       1.741230       1.740570       1.739860       1.739120       1.738340       1.737510       1.736650       1.735740       1.734780       1.733780       1.732740       1.731650       1.730520       1.729330       1.728110       1.726830       1.725510       1.724140       1.722730       1.721270       1.719770       1.718230       1.716640    
   1.741960       1.741460       1.740940       1.740400       1.739830       1.739230       1.738600       1.737940       1.737240       1.736520       1.735750       1.734950       1.734100       1.733220       1.732300       1.731330       1.730320       1.729270       1.728170       1.727030       1.725840       1.724610       1.723340       1.722020       1.720650       1.719240       1.717790       1.716300       1.714760       1.713180    
   1.738880       1.738340       1.737790       1.737210       1.736610       1.735980       1.735320       1.734640       1.733920       1.733160       1.732380       1.731550       1.730690       1.729790       1.728850       1.727870       1.726850       1.725780       1.724680       1.723530       1.722340       1.721110       1.719830       1.718510       1.717150       1.715740       1.714290       1.712800       1.711270       1.709700    
   1.735800       1.735230       1.734640       1.734030       1.733390       1.732740       1.732050       1.731330       1.730590       1.729810       1.729000       1.728150       1.727270       1.726350       1.725400       1.724400       1.723370       1.722300       1.721180       1.720030       1.718830       1.717590       1.716310       1.714990       1.713630       1.712230       1.710780       1.709300       1.707780       1.706210    
   1.732710       1.732110       1.731490       1.730840       1.730180       1.729490       1.728770       1.728030       1.727260       1.726450       1.725620       1.724750       1.723850       1.722910       1.721940       1.720930       1.719880       1.718800       1.717680       1.716510       1.715310       1.714070       1.712780       1.711460       1.710100       1.708700       1.707260       1.705780       1.704260       1.702710    
   1.729630       1.728990       1.728330       1.727660       1.726960       1.726240       1.725490       1.724720       1.723920       1.723090       1.722240       1.721350       1.720430       1.719470       1.718480       1.717460       1.716400       1.715300       1.714160       1.712990       1.711780       1.710540       1.709250       1.707930       1.706560       1.705160       1.703730       1.702250       1.700740       1.699190    
   1.726550       1.725870       1.725180       1.724470       1.723740       1.722990       1.722210       1.721410       1.720590       1.719730       1.718850       1.717940       1.717000       1.716020       1.715020       1.713980       1.712900       1.711790       1.710650       1.709470       1.708250       1.707000       1.705710       1.704380       1.703020       1.701620       1.700180       1.698710       1.697200       1.695660    
   1.723470       1.722750       1.722030       1.721280       1.720520       1.719740       1.718930       1.718100       1.717250       1.716370       1.715470       1.714530       1.713570       1.712580       1.711550       1.710490       1.709410       1.708280       1.707130       1.705940       1.704710       1.703450       1.702160       1.700830       1.699460       1.698070       1.696630       1.695160       1.693660       1.692120    
   1.720390       1.719640       1.718880       1.718100       1.717300       1.716490       1.715650       1.714800       1.713920       1.713010       1.712080       1.711130       1.710140       1.709130       1.708080       1.707010       1.705910       1.704770       1.703600       1.702400       1.701170       1.699900       1.698600       1.697270       1.695910       1.694510       1.693070       1.691600       1.690100       1.688570    
   1.717310       1.716530       1.715730       1.714920       1.714090       1.713240       1.712380       1.711490       1.710590       1.709650       1.708700       1.707720       1.706710       1.705680       1.704620       1.703530       1.702410       1.701260       1.700080       1.698870       1.697620       1.696350       1.695050       1.693710       1.692340       1.690940       1.689510       1.688040       1.686540       1.685010    
   1.717310       1.716520       1.714730       1.711740       1.710880       1.710000       1.709110       1.708190       1.707250       1.706300       1.705320       1.704310       1.703280       1.702230       1.701150       1.700040       1.698910       1.697740       1.696550       1.695330       1.694080       1.692800       1.691480       1.690140       1.688770       1.687370       1.685930       1.684470       1.682970       1.681450    
   1.717300       1.715080       1.711740       1.708690       1.707670       1.706760       1.705840       1.704890       1.703930       1.702940       1.701940       1.700910       1.699860       1.698780       1.697680       1.696560       1.695410       1.694230       1.693020       1.691790       1.690530       1.689240       1.687920       1.686570       1.685200       1.683790       1.682360       1.680890       1.679400       1.677870    
   1.715550       1.711740       1.707740       1.706070       1.704470       1.703530       1.702570       1.701600       1.700600       1.699590       1.698560       1.697510       1.696440       1.695340       1.694220       1.693080       1.691910       1.690710       1.689490       1.688250       1.686980       1.685680       1.684360       1.683000       1.681620       1.680210       1.678780       1.677310       1.675820       1.674300    
   1.711740       1.707310       1.705270       1.704470       1.702770       1.700300       1.699310       1.698300       1.697280       1.696250       1.695190       1.694110       1.693020       1.691900       1.690760       1.689600       1.688410       1.687200       1.685970       1.684710       1.683430       1.682120       1.680790       1.679430       1.678050       1.676630       1.675200       1.673730       1.672240       1.670720    
   1.707100       1.704870       1.704470       1.702510       1.700300       1.698550       1.696050       1.695020       1.693970       1.692900       1.691820       1.690720       1.689600       1.688460       1.687300       1.686120       1.684920       1.683690       1.682440       1.681170       1.679880       1.678560       1.677220       1.675860       1.674470       1.673050       1.671610       1.670150       1.668660       1.667140    
   1.704670       1.704470       1.702430       1.700300       1.698300       1.696050       1.695530       1.695010       1.692860       1.689570       1.688460       1.687330       1.686190       1.685030       1.683850       1.682650       1.681430       1.680180       1.678920       1.677640       1.676340       1.675010       1.673660       1.672290       1.670890       1.669470       1.668030       1.666560       1.665070       1.663550    
   1.704470       1.702400       1.700300       1.698220       1.696050       1.695790       1.695530       1.693250       1.689570       1.689010       1.685980       1.683950       1.682780       1.681600       1.680400       1.679180       1.677940       1.676680       1.675410       1.674110       1.672790       1.671450       1.670100       1.668720       1.667320       1.665890       1.664450       1.662980       1.661490       1.659970    
   1.702390       1.700300       1.698190       1.696050       1.695920       1.695790       1.693540       1.689570       1.689290       1.685480       1.682270       1.680580       1.679390       1.678180       1.676960       1.675720       1.674460       1.673180       1.671890       1.670580       1.669250       1.667900       1.666540       1.665150       1.663740       1.662310       1.660870       1.659390       1.657900       1.656390    
   1.700300       1.698180       1.696050       1.695990       1.695920       1.693700       1.689570       1.689430       1.685270       1.681420       1.680580       1.679990       1.678230       1.674760       1.673520       1.672260       1.670980       1.669690       1.668380       1.667060       1.665720       1.664360       1.662980       1.661590       1.660170       1.658740       1.657290       1.655810       1.654320       1.652800    
   1.698180       1.696050       1.696020       1.695990       1.693800       1.689570       1.689500       1.685170       1.681000       1.680580       1.680280       1.678390       1.674760       1.674140       1.673510       1.672250       1.670980       1.669680       1.665740       1.663540       1.662190       1.660820       1.659430       1.658030       1.656610       1.655170       1.653710       1.652240       1.650740       1.649220    
   1.696050       1.696030       1.696020       1.693840       1.689570       1.689540       1.685120       1.680790       1.680580       1.680430       1.678500       1.674760       1.674450       1.674140       1.673300       1.672250       1.670970       1.665640       1.661790       1.660030       1.658670       1.657280       1.655890       1.654470       1.653050       1.651600       1.650140       1.648660       1.647160       1.645650    
   1.696040       1.696030       1.693870       1.689570       1.689550       1.685100       1.680690       1.680580       1.680510       1.678570       1.674760       1.674600       1.674450       1.673960       1.673230       1.672170       1.665960       1.660910       1.660030       1.657950       1.655150       1.653760       1.652350       1.650930       1.649490       1.648040       1.646580       1.645090       1.643590       1.642080    
   1.696040       1.693880       1.689570       1.689560       1.685090       1.680630       1.680580       1.680540       1.678600       1.674760       1.674680       1.674600       1.674340       1.673880       1.673120       1.664290       1.660470       1.660030       1.654010       1.651640       1.650800       1.650240       1.648820       1.647390       1.645940       1.644490       1.643020       1.641530       1.640030       1.638510    
   1.693880       1.689570       1.689570       1.685080       1.680610       1.680580       1.680560       1.678620       1.674760       1.674720       1.674680       1.674540       1.674270       1.663780       1.655740       1.649600       1.649600       1.648700       1.647570       1.646400       1.648140       1.646730       1.645300       1.643860       1.642400       1.640940       1.639460       1.637980       1.636470       1.634950    
   1.689570       1.689570       1.685080       1.680590       1.680580       1.680570       1.678630       1.674760       1.674740       1.674720       1.674650       1.674500       1.655970       1.633680       1.633790       1.639760       1.638740       1.639170       1.642730       1.644660       1.644660       1.643220       1.641780       1.640330       1.638870       1.637400       1.635920       1.634430       1.632920       1.631400    
   1.689570       1.685080       1.680590       1.680580       1.680580       1.678640       1.674760       1.674750       1.674740       1.674700       1.654850       1.625200       1.630770       1.633580       1.633580       1.633790       1.636920       1.638310       1.639170       1.640680       1.641180       1.639730       1.638280       1.636820       1.635350       1.633870       1.632390       1.630890       1.629380       1.627860    
   1.685080       1.680580       1.680580       1.680580       1.678640       1.674760       1.674760       1.674750       1.674730       1.650940       1.625200       1.625200       1.625200       1.630610       1.633370       1.633370       1.633790       1.636410       1.637450       1.639170       1.637710       1.636250       1.634790       1.633320       1.631840       1.630360       1.628860       1.627360       1.625850       1.624330    
   1.680580       1.680580       1.680580       1.678640       1.674760       1.674760       1.674760       1.658680       1.642730       1.625190       1.625200       1.625200       1.625200       1.625200       1.630300       1.632940       1.632940       1.633790       1.635250       1.635730       1.634260       1.632780       1.631310       1.629830       1.628340       1.626850       1.625350       1.623850       1.622330       1.620810    
   1.680580       1.680580       1.678640       1.674760       1.674760       1.648450       1.608990       1.609730       1.610480       1.620270       1.625170       1.625200       1.625200       1.625200       1.625200       1.629700       1.632100       1.632090       1.633790       1.632300       1.630820       1.629330       1.627840       1.626350       1.624860       1.623360       1.621850       1.620340       1.618830       1.617300    
   1.680580       1.678640       1.674760       1.674760       1.643180       1.608980       1.608980       1.608990       1.609730       1.610480       1.620220       1.625120       1.625200       1.625200       1.625200       1.625200       1.628570       1.630400       1.630400       1.628890       1.627390       1.625890       1.624390       1.622890       1.621380       1.619880       1.618370       1.616850       1.615330       1.613800    
