iMOD/TUTORIALS/TUT_MetaswapAnalyser/model_MetaSWAP/meteo/Evaporation/Evaporation_20050322_L1.ASC
NCOLS                30
NROWS                30
XLLCORNER     160000.00
YLLCORNER     340000.00
CELLSIZE        1000.00
NODATA_VALUE   -9999.00
   1.474370       1.477790       1.481230       1.484680       1.488150       1.491620       1.495100       1.498580       1.502060       1.505540       1.509010       1.512470       1.515930       1.519370       1.522790       1.526200       1.529590       1.532950       1.536300       1.539620       1.542920       1.546190       1.549440       1.552660       1.555850       1.559010       1.562140       1.565240       1.568310       1.571350    
   1.475320       1.478760       1.482220       1.485700       1.489190       1.492680       1.496180       1.499670       1.503170       1.506660       1.510150       1.513630       1.517100       1.520550       1.523990       1.527410       1.530810       1.534190       1.537550       1.540880       1.544190       1.547470       1.550730       1.553960       1.557150       1.560320       1.563460       1.566570       1.569650       1.572700    
   1.476280       1.479760       1.483240       1.486740       1.490250       1.493760       1.497270       1.500790       1.504300       1.507820       1.511320       1.514810       1.518290       1.521760       1.525210       1.528650       1.532060       1.535450       1.538820       1.542170       1.545480       1.548780       1.552040       1.555280       1.558480       1.561660       1.564810       1.567920       1.571000       1.574060    
   1.477270       1.480770       1.484280       1.487800       1.491330       1.494860       1.498390       1.501930       1.505460       1.508990       1.512510       1.516020       1.519510       1.522990       1.526460       1.529900       1.533330       1.536730       1.540110       1.543470       1.546800       1.550100       1.553370       1.556620       1.559830       1.563010       1.566170       1.569290       1.572380       1.575430    
   1.478280       1.481800       1.485340       1.488880       1.492430       1.495980       1.499540       1.503090       1.506640       1.510180       1.513720       1.517240       1.520750       1.524250       1.527720       1.531180       1.534620       1.538040       1.541430       1.544790       1.548130       1.551440       1.554720       1.557980       1.561200       1.564390       1.567550       1.570670       1.573770       1.576830    
   1.479300       1.482850       1.486410       1.489980       1.493550       1.497120       1.500700       1.504270       1.507830       1.511400       1.514950       1.518480       1.522010       1.525520       1.529010       1.532480       1.535930       1.539360       1.542760       1.546140       1.549480       1.552800       1.556090       1.559350       1.562580       1.565780       1.568940       1.572070       1.575170       1.578230    
   1.480340       1.483920       1.487500       1.491090       1.494680       1.498280       1.501870       1.505460       1.509050       1.512630       1.516190       1.519750       1.523290       1.526810       1.530320       1.533800       1.537260       1.540700       1.544110       1.547500       1.550850       1.554180       1.557480       1.560740       1.563980       1.567180       1.570350       1.573480       1.576590       1.579660    
   1.481390       1.484990       1.488600       1.492220       1.495830       1.499450       1.503060       1.506670       1.510280       1.513870       1.517460       1.521030       1.524580       1.528120       1.531640       1.535130       1.538610       1.542060       1.545480       1.548870       1.552240       1.555570       1.558880       1.562150       1.565390       1.568600       1.571770       1.574910       1.578020       1.581090    
   1.482460       1.486080       1.489720       1.493360       1.497000       1.500630       1.504270       1.507900       1.511520       1.515130       1.518730       1.522320       1.525890       1.529440       1.532970       1.536480       1.539970       1.543430       1.546860       1.550260       1.553640       1.556980       1.560290       1.563570       1.566820       1.570030       1.573210       1.576350       1.579460       1.582530    
   1.483530       1.487190       1.490850       1.494510       1.498170       1.501830       1.505490       1.509140       1.512780       1.516410       1.520030       1.523630       1.527210       1.530780       1.534320       1.537840       1.541340       1.544810       1.548260       1.551670       1.555050       1.558400       1.561720       1.565010       1.568260       1.571470       1.574660       1.577800       1.580910       1.583990    
   1.483530       1.487190       1.492050       1.495670       1.499350       1.503040       1.506710       1.510380       1.514040       1.517690       1.521330       1.524950       1.528550       1.532130       1.535690       1.539220       1.542730       1.546210       1.549660       1.553090       1.556480       1.559840       1.563160       1.566450       1.569710       1.572930       1.576110       1.579260       1.582370       1.585450    
   1.483540       1.489610       1.495670       1.499330       1.500550       1.504250       1.507950       1.511640       1.515320       1.518990       1.522640       1.526280       1.529890       1.533490       1.537060       1.540610       1.544130       1.547620       1.551080       1.554510       1.557910       1.561280       1.564610       1.567910       1.571170       1.574390       1.577580       1.580730       1.583840       1.586920    
   1.487180       1.495670       1.499480       1.501150       1.501750       1.505470       1.509200       1.512910       1.516610       1.520290       1.523960       1.527610       1.531250       1.534860       1.538440       1.542000       1.545530       1.549040       1.552510       1.555950       1.559360       1.562730       1.566070       1.569370       1.572640       1.575860       1.579050       1.582210       1.585320       1.588400    
   1.495670       1.499590       1.501450       1.501750       1.504640       1.506700       1.510440       1.514180       1.517900       1.521600       1.525290       1.528960       1.532610       1.536230       1.539830       1.543400       1.546950       1.550460       1.553950       1.557400       1.560810       1.564190       1.567530       1.570840       1.574110       1.577340       1.580530       1.583690       1.586800       1.589880    
   1.499650       1.501600       1.501750       1.504360       1.506700       1.509610       1.511700       1.515450       1.519190       1.522920       1.526620       1.530310       1.533970       1.537610       1.541230       1.544810       1.548370       1.551900       1.555390       1.558850       1.562270       1.565660       1.569010       1.572320       1.575590       1.578830       1.582020       1.585170       1.588290       1.591370    
   1.501680       1.501750       1.504270       1.506700       1.509340       1.511700       1.513580       1.515450       1.520450       1.524240       1.527960       1.531660       1.535340       1.539000       1.542630       1.546230       1.549800       1.553330       1.556840       1.560300       1.563730       1.567130       1.570480       1.573800       1.577080       1.580310       1.583510       1.586660       1.589780       1.592860    
   1.501750       1.504240       1.506700       1.509250       1.511700       1.512640       1.513570       1.518430       1.524240       1.526100       1.530250       1.533020       1.536720       1.540390       1.544030       1.547650       1.551230       1.554770       1.558290       1.561760       1.565200       1.568600       1.571960       1.575290       1.578570       1.581800       1.585000       1.588160       1.591270       1.594350    
   1.504230       1.506700       1.509220       1.511700       1.512170       1.512640       1.517220       1.524240       1.525170       1.529730       1.533700       1.534380       1.538090       1.541780       1.545440       1.549060       1.552660       1.556220       1.559740       1.563230       1.566670       1.570080       1.573450       1.576770       1.580060       1.583300       1.586490       1.589650       1.592760       1.595840    
   1.506700       1.509210       1.511700       1.511930       1.512170       1.516570       1.524240       1.524700       1.529510       1.534040       1.534380       1.536230       1.539360       1.543170       1.546840       1.550480       1.554090       1.557660       1.561200       1.564690       1.568150       1.571560       1.574930       1.578260       1.581550       1.584790       1.587990       1.591140       1.594250       1.597320    
   1.509200       1.511700       1.511820       1.511930       1.516230       1.524240       1.524470       1.529410       1.534210       1.534380       1.535310       1.538290       1.543170       1.545000       1.546830       1.550470       1.554080       1.557650       1.563460       1.566150       1.569620       1.573040       1.576410       1.579750       1.583030       1.586280       1.589480       1.592630       1.595740       1.598810    
   1.511700       1.511760       1.511820       1.516050       1.524240       1.524360       1.529360       1.534290       1.534380       1.534840       1.537790       1.543170       1.544090       1.545000       1.547430       1.550460       1.554070       1.561940       1.566880       1.567610       1.571080       1.574510       1.577890       1.581230       1.584520       1.587770       1.590970       1.594120       1.597230       1.600290    
   1.511730       1.511760       1.515970       1.524240       1.524300       1.529330       1.534340       1.534380       1.534610       1.537540       1.543170       1.543630       1.544090       1.545510       1.547630       1.550650       1.560260       1.567250       1.567610       1.570410       1.572550       1.575980       1.579370       1.582710       1.586000       1.589250       1.592450       1.595600       1.598710       1.601770    
   1.511730       1.515920       1.524240       1.524270       1.529320       1.534360       1.534380       1.534500       1.537430       1.543170       1.543400       1.543630       1.544410       1.545740       1.547930       1.559580       1.567430       1.567610       1.572050       1.574010       1.576070       1.577450       1.580840       1.584180       1.587480       1.590730       1.593920       1.597070       1.600180       1.603230    
   1.515900       1.524240       1.524250       1.529320       1.534370       1.534380       1.534440       1.537370       1.543170       1.543280       1.543400       1.543810       1.544590       1.553380       1.562600       1.571920       1.571920       1.573680       1.575700       1.576180       1.575460       1.578910       1.582300       1.585650       1.588950       1.592200       1.595390       1.598540       1.601640       1.604690    
   1.524240       1.524250       1.529310       1.534370       1.534380       1.534410       1.537340       1.543170       1.543230       1.543280       1.543500       1.543930       1.558560       1.575480       1.575440       1.574990       1.576420       1.576240       1.576790       1.576900       1.576910       1.580360       1.583760       1.587110       1.590410       1.593660       1.596850       1.600000       1.603090       1.606140    
   1.524240       1.529310       1.534380       1.534380       1.534390       1.537320       1.543170       1.543200       1.543230       1.543340       1.556450       1.575760       1.575610       1.575520       1.575520       1.575440       1.576170       1.576590       1.576240       1.577810       1.578340       1.581800       1.585200       1.588560       1.591860       1.595100       1.598300       1.601440       1.604530       1.607570    
   1.529310       1.534380       1.534380       1.534390       1.537320       1.543170       1.543180       1.543200       1.543250       1.558910       1.575760       1.575760       1.575760       1.575670       1.575610       1.575610       1.575440       1.576430       1.576940       1.576240       1.579760       1.583230       1.586640       1.589990       1.593290       1.596540       1.599730       1.602870       1.605960       1.608990    
   1.534380       1.534380       1.534380       1.537310       1.543170       1.543180       1.543180       1.551910       1.562610       1.575760       1.575760       1.575760       1.575760       1.575760       1.575800       1.575780       1.575780       1.575440       1.577090       1.577640       1.581170       1.584640       1.588060       1.591420       1.594720       1.597960       1.601150       1.604290       1.607370       1.610400    
   1.534380       1.534380       1.537310       1.543170       1.543170       1.555980       1.575190       1.576600       1.578010       1.576520       1.575770       1.575760       1.575760       1.575760       1.575760       1.576050       1.576110       1.576120       1.575440       1.579030       1.582560       1.586040       1.589460       1.592820       1.596120       1.599370       1.602550       1.605690       1.608760       1.611780    
   1.534380       1.537310       1.543170       1.543170       1.558540       1.575190       1.575190       1.575190       1.576600       1.578010       1.576540       1.575790       1.575760       1.575760       1.575760       1.575760       1.576550       1.576790       1.576790       1.580390       1.583940       1.587420       1.590850       1.594210       1.597510       1.600760       1.603940       1.607060       1.610130       1.613150    
