iMOD/TUTORIALS/TUT_MetaswapAnalyser/model_MetaSWAP/meteo/Evaporation/Evaporation_20050908_L1.ASC
NCOLS                30
NROWS                30
XLLCORNER     160000.00
YLLCORNER     340000.00
CELLSIZE        1000.00
NODATA_VALUE   -9999.00
   2.973800       2.970630       2.967440       2.964240       2.961030       2.957810       2.954580       2.951360       2.948130       2.944910       2.941690       2.938480       2.935290       2.932110       2.928940       2.925800       2.922670       2.919570       2.916490       2.913430       2.910400       2.907400       2.904430       2.901490       2.898580       2.895710       2.892860       2.890050       2.887280       2.884540    
   2.970160       2.966980       2.963780       2.960570       2.957340       2.954110       2.950870       2.947630       2.944400       2.941170       2.937940       2.934720       2.931520       2.928330       2.925160       2.922010       2.918870       2.915760       2.912680       2.909620       2.906580       2.903580       2.900600       2.897660       2.894750       2.891870       2.889020       2.886210       2.883440       2.880690    
   2.966490       2.963290       2.960080       2.956850       2.953610       2.950370       2.947120       2.943870       2.940620       2.937380       2.934150       2.930920       2.927710       2.924510       2.921330       2.918170       2.915030       2.911920       2.908830       2.905760       2.902720       2.899720       2.896740       2.893790       2.890880       2.888000       2.885150       2.882340       2.879560       2.876820    
   2.962780       2.959560       2.956330       2.953090       2.949840       2.946580       2.943320       2.940060       2.936810       2.933560       2.930310       2.927080       2.923860       2.920660       2.917470       2.914300       2.911160       2.908030       2.904940       2.901870       2.898830       2.895820       2.892840       2.889890       2.886970       2.884090       2.881240       2.878430       2.875650       2.872910    
   2.959030       2.955800       2.952550       2.949290       2.946030       2.942760       2.939490       2.936220       2.932950       2.929690       2.926440       2.923200       2.919970       2.916760       2.913560       2.910390       2.907240       2.904110       2.901010       2.897940       2.894900       2.891880       2.888900       2.885950       2.883030       2.880150       2.877300       2.874490       2.871710       2.868970    
   2.955240       2.951990       2.948730       2.945460       2.942180       2.938900       2.935620       2.932340       2.929060       2.925790       2.922530       2.919280       2.916040       2.912830       2.909630       2.906450       2.903290       2.900160       2.897050       2.893980       2.890930       2.887910       2.884930       2.881970       2.879060       2.876170       2.873330       2.870520       2.867740       2.865000    
   2.951430       2.948160       2.944880       2.941600       2.938310       2.935010       2.931720       2.928420       2.925140       2.921860       2.918590       2.915330       2.912080       2.908860       2.905650       2.902470       2.899300       2.896170       2.893060       2.889980       2.886930       2.883910       2.880920       2.877970       2.875050       2.872170       2.869320       2.866510       2.863740       2.861010    
   2.947580       2.944300       2.941000       2.937700       2.934400       2.931090       2.927780       2.924480       2.921180       2.917890       2.914610       2.911340       2.908090       2.904860       2.901650       2.898450       2.895290       2.892150       2.889030       2.885950       2.882900       2.879880       2.876890       2.873940       2.871020       2.868140       2.865290       2.862480       2.859710       2.856980    
   2.943700       2.940400       2.937090       2.933780       2.930460       2.927140       2.923820       2.920500       2.917190       2.913890       2.910600       2.907330       2.904070       2.900830       2.897610       2.894410       2.891240       2.888090       2.884980       2.881890       2.878840       2.875810       2.872830       2.869870       2.866960       2.864080       2.861230       2.858430       2.855660       2.852930    
   2.939800       2.936480       2.933160       2.929820       2.926490       2.923160       2.919820       2.916500       2.913180       2.909860       2.906570       2.903280       2.900020       2.896770       2.893540       2.890340       2.887160       2.884010       2.880890       2.877800       2.874750       2.871720       2.868740       2.865780       2.862870       2.859990       2.857150       2.854350       2.851580       2.848860    
   2.939800       2.936480       2.931330       2.925850       2.922500       2.919150       2.915800       2.912460       2.909130       2.905810       2.902500       2.899210       2.895940       2.892680       2.889450       2.886240       2.883060       2.879910       2.876780       2.873690       2.870630       2.867610       2.864620       2.861670       2.858750       2.855880       2.853040       2.850240       2.847480       2.844770    
   2.939790       2.933360       2.925850       2.920320       2.918480       2.915120       2.911760       2.908410       2.905070       2.901730       2.898420       2.895120       2.891830       2.888570       2.885330       2.882120       2.878930       2.875770       2.872650       2.869550       2.866490       2.863470       2.860480       2.857530       2.854620       2.851740       2.848910       2.846120       2.843360       2.840650    
   2.935530       2.925850       2.919270       2.916460       2.914450       2.911070       2.907700       2.904330       2.900980       2.897630       2.894310       2.891000       2.887700       2.884430       2.881190       2.877970       2.874780       2.871620       2.868490       2.865390       2.862330       2.859300       2.856320       2.853370       2.850460       2.847590       2.844760       2.841970       2.839220       2.836510    
   2.925850       2.918760       2.915460       2.914450       2.910840       2.907000       2.903610       2.900240       2.896870       2.893510       2.890180       2.886860       2.883560       2.880280       2.877030       2.873800       2.870600       2.867440       2.864310       2.861210       2.858150       2.855120       2.852130       2.849190       2.846280       2.843410       2.840590       2.837800       2.835060       2.832360    
   2.918500       2.914950       2.914450       2.910760       2.907000       2.903370       2.899510       2.896120       2.892740       2.889380       2.886030       2.882700       2.879390       2.876100       2.872840       2.869610       2.866410       2.863240       2.860110       2.857010       2.853940       2.850920       2.847930       2.844980       2.842080       2.839220       2.836400       2.833620       2.830880       2.828190    
   2.914700       2.914450       2.910740       2.907000       2.903290       2.899510       2.897810       2.896120       2.890870       2.885220       2.881860       2.878520       2.875200       2.871910       2.868640       2.865400       2.862200       2.859030       2.855890       2.852780       2.849720       2.846700       2.843710       2.840770       2.837870       2.835010       2.832190       2.829420       2.826690       2.824000    
   2.914450       2.910730       2.907000       2.903270       2.899510       2.898660       2.897820       2.892510       2.885220       2.883540       2.878010       2.874330       2.871000       2.867700       2.864430       2.861180       2.857970       2.854790       2.851650       2.848550       2.845480       2.842460       2.839470       2.836530       2.833640       2.830780       2.827970       2.825200       2.822480       2.819810    
   2.910730       2.907000       2.903260       2.899510       2.899090       2.898660       2.893550       2.885220       2.884380       2.877820       2.872230       2.870120       2.866790       2.863480       2.860200       2.856940       2.853730       2.850550       2.847400       2.844300       2.841230       2.838200       2.835220       2.832280       2.829390       2.826540       2.823740       2.820980       2.818260       2.815600    
   2.907000       2.903260       2.899510       2.899300       2.899090       2.894130       2.885220       2.884800       2.877740       2.871170       2.870120       2.868450       2.864910       2.859240       2.855950       2.852700       2.849470       2.846290       2.843140       2.840030       2.836960       2.833940       2.830960       2.828020       2.825130       2.822290       2.819490       2.816740       2.814040       2.811380    
   2.903260       2.899510       2.899400       2.899300       2.894430       2.885220       2.885010       2.877710       2.870650       2.870120       2.869290       2.865680       2.859240       2.857590       2.855960       2.852710       2.849490       2.846300       2.839340       2.835760       2.832690       2.829670       2.826690       2.823750       2.820870       2.818030       2.815240       2.812490       2.809800       2.807150    
   2.899510       2.899460       2.899400       2.894590       2.885220       2.885120       2.877690       2.870380       2.870120       2.869700       2.866080       2.859240       2.858420       2.857600       2.855420       2.852720       2.849500       2.840040       2.833620       2.831470       2.828400       2.825380       2.822400       2.819480       2.816590       2.813760       2.810980       2.808240       2.805550       2.802910    
   2.899480       2.899460       2.894670       2.885220       2.885170       2.877680       2.870250       2.870120       2.869910       2.866290       2.859240       2.858830       2.858420       2.857150       2.855250       2.852550       2.841250       2.832540       2.831470       2.827990       2.824110       2.821090       2.818120       2.815190       2.812310       2.809490       2.806710       2.803980       2.801300       2.798680    
   2.899480       2.894710       2.885220       2.885190       2.877670       2.870190       2.870120       2.870020       2.866390       2.859240       2.859030       2.858830       2.858130       2.856940       2.854980       2.839930       2.832010       2.831470       2.823160       2.819810       2.818000       2.816790       2.813820       2.810900       2.808030       2.805210       2.802440       2.799720       2.797050       2.794430    
   2.894730       2.885220       2.885210       2.877670       2.870150       2.870120       2.870070       2.866440       2.859240       2.859140       2.859030       2.858660       2.857970       2.842570       2.829580       2.818570       2.818570       2.816860       2.814790       2.813360       2.815510       2.812490       2.809520       2.806600       2.803740       2.800930       2.798160       2.795460       2.792800       2.790190    
   2.885220       2.885210       2.877670       2.870140       2.870120       2.870090       2.866470       2.859240       2.859190       2.859140       2.858950       2.858560       2.831860       2.800110       2.800240       2.806810       2.805140       2.805680       2.809210       2.811210       2.811210       2.808190       2.805220       2.802310       2.799450       2.796640       2.793890       2.791190       2.788550       2.785950    
   2.885220       2.877670       2.870130       2.870120       2.870110       2.866480       2.859240       2.859210       2.859190       2.859090       2.831600       2.790670       2.796850       2.799970       2.799970       2.800240       2.803290       2.804610       2.805680       2.806600       2.806910       2.803890       2.800930       2.798020       2.795160       2.792360       2.789620       2.786930       2.784300       2.781710    
   2.877670       2.870120       2.870120       2.870110       2.866490       2.859240       2.859230       2.859210       2.859160       2.826240       2.790670       2.790670       2.790670       2.796650       2.799710       2.799710       2.800240       2.802640       2.803530       2.805680       2.802610       2.799590       2.796630       2.793730       2.790880       2.788090       2.785350       2.782670       2.780050       2.777480    
   2.870120       2.870120       2.870120       2.866490       2.859240       2.859230       2.859230       2.837680       2.815530       2.790660       2.790670       2.790670       2.790670       2.790670       2.796260       2.799170       2.799170       2.800240       2.801110       2.801390       2.798320       2.795300       2.792340       2.789440       2.786600       2.783820       2.781090       2.778420       2.775810       2.773260    
   2.870120       2.870120       2.866490       2.859240       2.859240       2.824520       2.772450       2.772780       2.773120       2.784790       2.790640       2.790670       2.790670       2.790670       2.790670       2.795500       2.798110       2.798110       2.800240       2.797110       2.794030       2.791010       2.788060       2.785160       2.782330       2.779550       2.776840       2.774180       2.771590       2.769040    
   2.870120       2.866490       2.859240       2.859240       2.817570       2.772440       2.772440       2.772450       2.772780       2.773120       2.784730       2.790570       2.790670       2.790670       2.790670       2.790670       2.794050       2.795970       2.795970       2.792830       2.789750       2.786740       2.783780       2.780890       2.778060       2.775300       2.772600       2.769950       2.767370       2.764840    
