iMOD/TUTORIALS/TUT_MetaswapAnalyser/model_MetaSWAP/meteo/Evaporation/Evaporation_20061023_L1.ASC
NCOLS                30
NROWS                30
XLLCORNER     160000.00
YLLCORNER     340000.00
CELLSIZE        1000.00
NODATA_VALUE   -9999.00
  0.6913800      0.6872100      0.6830900      0.6790000      0.6749500      0.6709400      0.6669800      0.6630600      0.6591900      0.6553800      0.6516200      0.6479200      0.6442700      0.6406800      0.6371600      0.6336900      0.6302900      0.6269600      0.6236900      0.6204900      0.6173600      0.6142900      0.6112900      0.6083700      0.6055100      0.6027200      0.5999900      0.5973400      0.5947500      0.5922400    
  0.6887800      0.6846200      0.6805000      0.6764200      0.6723700      0.6683700      0.6644100      0.6604900      0.6566300      0.6528200      0.6490600      0.6453600      0.6417100      0.6381200      0.6346000      0.6311400      0.6277400      0.6244000      0.6211300      0.6179300      0.6147900      0.6117200      0.6087200      0.6057900      0.6029300      0.6001300      0.5974100      0.5947500      0.5921600      0.5896300    
  0.6861800      0.6820300      0.6779100      0.6738200      0.6697800      0.6657800      0.6618300      0.6579200      0.6540600      0.6502500      0.6464900      0.6427900      0.6391400      0.6355600      0.6320300      0.6285700      0.6251700      0.6218300      0.6185600      0.6153600      0.6122200      0.6091500      0.6061400      0.6032100      0.6003400      0.5975400      0.5948100      0.5921500      0.5895600      0.5870300    
  0.6835700      0.6794200      0.6753000      0.6712300      0.6671900      0.6631900      0.6592400      0.6553300      0.6514700      0.6476600      0.6439100      0.6402100      0.6365700      0.6329800      0.6294600      0.6259900      0.6225900      0.6192600      0.6159800      0.6127800      0.6096400      0.6065600      0.6035600      0.6006200      0.5977500      0.5949500      0.5922200      0.5895500      0.5869500      0.5844200    
  0.6809500      0.6768000      0.6726900      0.6686200      0.6645900      0.6605900      0.6566400      0.6527400      0.6488800      0.6450800      0.6413200      0.6376300      0.6339800      0.6304000      0.6268700      0.6234100      0.6200100      0.6166700      0.6134000      0.6101900      0.6070500      0.6039800      0.6009700      0.5980300      0.5951500      0.5923500      0.5896100      0.5869400      0.5843400      0.5818000    
  0.6783200      0.6741800      0.6700800      0.6660100      0.6619800      0.6579900      0.6540400      0.6501400      0.6462800      0.6424800      0.6387300      0.6350300      0.6313900      0.6278100      0.6242800      0.6208200      0.6174200      0.6140800      0.6108100      0.6076000      0.6044600      0.6013800      0.5983700      0.5954300      0.5925500      0.5897500      0.5870100      0.5843300      0.5817300      0.5791900    
  0.6756900      0.6715600      0.6674600      0.6633900      0.6593600      0.6553700      0.6514300      0.6475300      0.6436800      0.6398800      0.6361300      0.6324300      0.6287900      0.6252100      0.6216900      0.6182200      0.6148200      0.6114800      0.6082100      0.6050000      0.6018600      0.5987800      0.5957700      0.5928200      0.5899500      0.5871400      0.5844000      0.5817200      0.5791100      0.5765700    
  0.6730600      0.6689300      0.6648300      0.6607600      0.6567400      0.6527500      0.6488100      0.6449200      0.6410700      0.6372700      0.6335200      0.6298300      0.6261900      0.6226000      0.6190800      0.6156200      0.6122200      0.6088800      0.6056000      0.6023900      0.5992500      0.5961700      0.5931600      0.5902100      0.5873400      0.5845300      0.5817800      0.5791100      0.5765000      0.5739500    
  0.6704200      0.6662900      0.6621900      0.6581300      0.6541100      0.6501300      0.6461900      0.6423000      0.6384500      0.6346500      0.6309100      0.6272100      0.6235800      0.6199900      0.6164700      0.6130100      0.6096100      0.6062700      0.6030000      0.5997800      0.5966400      0.5935600      0.5905500      0.5876000      0.5847200      0.5819100      0.5791600      0.5764900      0.5738800      0.5713300    
  0.6677800      0.6636500      0.6595600      0.6555000      0.6514800      0.6475000      0.6435600      0.6396700      0.6358300      0.6320300      0.6282900      0.6246000      0.6209600      0.6173800      0.6138600      0.6103900      0.6069900      0.6036600      0.6003800      0.5971700      0.5940200      0.5909400      0.5879300      0.5849800      0.5821000      0.5792900      0.5765500      0.5738700      0.5712500      0.5687100    
  0.6677870      0.6636630      0.6578920      0.6528600      0.6488500      0.6448700      0.6409300      0.6370400      0.6332000      0.6294100      0.6256600      0.6219700      0.6183400      0.6147600      0.6112400      0.6077800      0.6043700      0.6010400      0.5977600      0.5945500      0.5914000      0.5883200      0.5853100      0.5823600      0.5794800      0.5766700      0.5739200      0.5712400      0.5686300      0.5660800    
  0.6677970      0.6605510      0.6528600      0.6478730      0.6462100      0.6422300      0.6383000      0.6344100      0.6305700      0.6267800      0.6230400      0.6193500      0.6157100      0.6121300      0.6086100      0.6051500      0.6017500      0.5984100      0.5951400      0.5919300      0.5887800      0.5857000      0.5826900      0.5797400      0.5768600      0.5740500      0.5713000      0.5686200      0.5660100      0.5634600    
  0.6632890      0.6528600      0.6472980      0.6448900      0.6435700      0.6396000      0.6356700      0.6317800      0.6279400      0.6241500      0.6204100      0.6167200      0.6130800      0.6095100      0.6059900      0.6025200      0.5991200      0.5957900      0.5925100      0.5893000      0.5861600      0.5830800      0.5800600      0.5771200      0.5742400      0.5714200      0.5686800      0.5660000      0.5633800      0.5608400    
  0.6528600      0.6469900      0.6442300      0.6435700      0.6400430      0.6369600      0.6330300      0.6291400      0.6253000      0.6215100      0.6177700      0.6140900      0.6104500      0.6068800      0.6033600      0.5999000      0.5965000      0.5931600      0.5898800      0.5866700      0.5835300      0.5804500      0.5774400      0.5744900      0.5716100      0.5688000      0.5660500      0.5633700      0.5607600      0.5582100    
  0.6468300      0.6439000      0.6435700      0.6401910      0.6369600      0.6334600      0.6303900      0.6265100      0.6226700      0.6188800      0.6151400      0.6114500      0.6078200      0.6042400      0.6007200      0.5972600      0.5938600      0.5905300      0.5872500      0.5840400      0.5809000      0.5778200      0.5748100      0.5718600      0.5689800      0.5661700      0.5634300      0.5607500      0.5581400      0.5555900    
  0.6437350      0.6435700      0.6402400      0.6369600      0.6336030      0.6303900      0.6284500      0.6265230      0.6210750      0.6162400      0.6125100      0.6088200      0.6051900      0.6016100      0.5980900      0.5946300      0.5912300      0.5879000      0.5846200      0.5814100      0.5782700      0.5751900      0.5721800      0.5692400      0.5663600      0.5635500      0.5608000      0.5581300      0.5555200      0.5529800    
  0.6435700      0.6402570      0.6369600      0.6336510      0.6303900      0.6294200      0.6284540      0.6230720      0.6162400      0.6143750      0.6094620      0.6061900      0.6025500      0.5989800      0.5954600      0.5920000      0.5886000      0.5852600      0.5819900      0.5787800      0.5756400      0.5725600      0.5695500      0.5666100      0.5637300      0.5609200      0.5581800      0.5555100      0.5529000      0.5503600    
  0.6402620      0.6369600      0.6336670      0.6303900      0.6299050      0.6294210      0.6242970      0.6162400      0.6153080      0.6096990      0.6048700      0.6035500      0.5999200      0.5963400      0.5928300      0.5893700      0.5859700      0.5826300      0.5793600      0.5761500      0.5730100      0.5699400      0.5669300      0.5639800      0.5611100      0.5583000      0.5555600      0.5528900      0.5502900      0.5477500    
  0.6369600      0.6336720      0.6303900      0.6301470      0.6299050      0.6249660      0.6162400      0.6157740      0.6098010      0.6042100      0.6035500      0.6017350      0.5983800      0.5937100      0.5902000      0.5867400      0.5833400      0.5800000      0.5767300      0.5735200      0.5703800      0.5673100      0.5643000      0.5613600      0.5584900      0.5556800      0.5529500      0.5502800      0.5476800      0.5451400    
  0.6336740      0.6303900      0.6302690      0.6301480      0.6253150      0.6162400      0.6160070      0.6098490      0.6038800      0.6035500      0.6026430      0.5993440      0.5937100      0.5919550      0.5902170      0.5867600      0.5833600      0.5800230      0.5738860      0.5709000      0.5677600      0.5646900      0.5616800      0.5587400      0.5558700      0.5530700      0.5503400      0.5476700      0.5450700      0.5425400    
  0.6303900      0.6303290      0.6302690      0.6254930      0.6162400      0.6161230      0.6098720      0.6037150      0.6035500      0.6030960      0.5998120      0.5937100      0.5928330      0.5919610      0.5896440      0.5867790      0.5833810      0.5750280      0.5695900      0.5682800      0.5651400      0.5620700      0.5590600      0.5561300      0.5532600      0.5504600      0.5477300      0.5450700      0.5424700      0.5399400    
  0.6303600      0.6303290      0.6255830      0.6162400      0.6161820      0.6098840      0.6036330      0.6035500      0.6033230      0.6000420      0.5937100      0.5932710      0.5928340      0.5914790      0.5894610      0.5866010      0.5764810      0.5689350      0.5682800      0.5653130      0.5625200      0.5594500      0.5564500      0.5535100      0.5506500      0.5478500      0.5451300      0.5424700      0.5398800      0.5373500    
  0.6303600      0.6256280      0.6162400      0.6162110      0.6098890      0.6035910      0.6035500      0.6034370      0.6001560      0.5937100      0.5934910      0.5932720      0.5925280      0.5912580      0.5891800      0.5763240      0.5686070      0.5682800      0.5623760      0.5599100      0.5580680      0.5568400      0.5538400      0.5509100      0.5480500      0.5452600      0.5425300      0.5398800      0.5372900      0.5347700    
  0.6256510      0.6162400      0.6162250      0.6098920      0.6035710      0.6035500      0.6034930      0.6002130      0.5937100      0.5936000      0.5934910      0.5930970      0.5923530      0.5809240      0.5702940      0.5604720      0.5604700      0.5588180      0.5568710      0.5560000      0.5573000      0.5542300      0.5512400      0.5483100      0.5454500      0.5426600      0.5399400      0.5373000      0.5347100      0.5322000    
  0.6162400      0.6162330      0.6098940      0.6035600      0.6035500      0.6035220      0.6002420      0.5937100      0.5936550      0.5936000      0.5933960      0.5929800      0.5735190      0.5506500      0.5507300      0.5538010      0.5523390      0.5526600      0.5539030      0.5547030      0.5547000      0.5516400      0.5486400      0.5457200      0.5428600      0.5400800      0.5373700      0.5347200      0.5321500      0.5296400    
  0.6162360      0.6098940      0.6035550      0.6035500      0.6035360      0.6002560      0.5937100      0.5936830      0.5936550      0.5935510      0.5745550      0.5464000      0.5491680      0.5505710      0.5505710      0.5507300      0.5516650      0.5520180      0.5526600      0.5522500      0.5521100      0.5490500      0.5460600      0.5431400      0.5402900      0.5375100      0.5348000      0.5321600      0.5295900      0.5270900    
  0.6098950      0.6035530      0.6035500      0.6035430      0.6002630      0.5937100      0.5936960      0.5936830      0.5936290      0.5709120      0.5464000      0.5464000      0.5464000      0.5490490      0.5504110      0.5504110      0.5507300      0.5512540      0.5513750      0.5526600      0.5495300      0.5464700      0.5434800      0.5405600      0.5377200      0.5349400      0.5322400      0.5296000      0.5270400      0.5245500    
  0.6035510      0.6035500      0.6035470      0.6002660      0.5937100      0.5937030      0.5936960      0.5796200      0.5642490      0.5463930      0.5464000      0.5464000      0.5464000      0.5464000      0.5488150      0.5500930      0.5500920      0.5507300      0.5502520      0.5500900      0.5469600      0.5439000      0.5409100      0.5380000      0.5351600      0.5323900      0.5296900      0.5270600      0.5245100      0.5220200    
  0.6035500      0.6035480      0.6002680      0.5937100      0.5937070      0.5716290      0.5385200      0.5379950      0.5374700      0.5434050      0.5463800      0.5464000      0.5464000      0.5464000      0.5464000      0.5483540      0.5494560      0.5494550      0.5507300      0.5475300      0.5444000      0.5413400      0.5383600      0.5354500      0.5326100      0.5298500      0.5271600      0.5245400      0.5219900      0.5195100    
  0.6035490      0.6002690      0.5937100      0.5937080      0.5672130      0.5385150      0.5385150      0.5385200      0.5379950      0.5374700      0.5433700      0.5463390      0.5464000      0.5464000      0.5464000      0.5464000      0.5474690      0.5481830      0.5481800      0.5449800      0.5418500      0.5388000      0.5358200      0.5329100      0.5300800      0.5273200      0.5246400      0.5220300      0.5194800      0.5170100    
