iMOD/TUTORIALS/TUT_MetaswapAnalyser/model_MetaSWAP/meteo/Evaporation/Evaporation_20061026_L1.ASC
NCOLS                30
NROWS                30
XLLCORNER     160000.00
YLLCORNER     340000.00
CELLSIZE        1000.00
NODATA_VALUE   -9999.00
   1.298270       1.299710       1.301130       1.302510       1.303870       1.305200       1.306520       1.307820       1.309110       1.310380       1.311650       1.312920       1.314180       1.315450       1.316710       1.317990       1.319270       1.320560       1.321860       1.323180       1.324510       1.325860       1.327230       1.328620       1.330030       1.331460       1.332920       1.334400       1.335910       1.337440    
   1.300390       1.301840       1.303260       1.304650       1.306010       1.307350       1.308680       1.309980       1.311280       1.312560       1.313840       1.315110       1.316380       1.317660       1.318930       1.320210       1.321500       1.322800       1.324110       1.325440       1.326780       1.328130       1.329510       1.330900       1.332320       1.333760       1.335220       1.336710       1.338230       1.339770    
   1.302470       1.303920       1.305340       1.306730       1.308100       1.309450       1.310780       1.312100       1.313400       1.314690       1.315980       1.317260       1.318540       1.319820       1.321100       1.322390       1.323690       1.325000       1.326320       1.327650       1.329000       1.330360       1.331740       1.333150       1.334570       1.336020       1.337490       1.338980       1.340510       1.342050    
   1.304500       1.305950       1.307380       1.308780       1.310150       1.311510       1.312850       1.314170       1.315480       1.316780       1.318070       1.319360       1.320650       1.321940       1.323230       1.324520       1.325830       1.327150       1.328470       1.329810       1.331170       1.332540       1.333930       1.335340       1.336780       1.338230       1.339710       1.341210       1.342740       1.344300    
   1.306490       1.307950       1.309380       1.310780       1.312160       1.313520       1.314860       1.316190       1.317510       1.318820       1.320120       1.321410       1.322710       1.324010       1.325310       1.326610       1.327930       1.329250       1.330580       1.331930       1.333300       1.334680       1.336080       1.337500       1.338940       1.340400       1.341890       1.343400       1.344940       1.346510    
   1.308440       1.309900       1.311330       1.312740       1.314120       1.315490       1.316840       1.318170       1.319500       1.320810       1.322120       1.323420       1.324730       1.326030       1.327340       1.328660       1.329980       1.331310       1.332660       1.334010       1.335390       1.336780       1.338190       1.339610       1.341060       1.342540       1.344030       1.345550       1.347100       1.348670    
   1.310360       1.311820       1.313250       1.314660       1.316050       1.317420       1.318770       1.320110       1.321440       1.322770       1.324080       1.325390       1.326710       1.328020       1.329340       1.330660       1.331990       1.333330       1.334680       1.336050       1.337430       1.338830       1.340250       1.341690       1.343150       1.344630       1.346140       1.347670       1.349220       1.350810    
   1.312230       1.313690       1.315130       1.316540       1.317930       1.319310       1.320670       1.322020       1.323350       1.324680       1.326000       1.327320       1.328640       1.329960       1.331290       1.332620       1.333960       1.335310       1.336670       1.338050       1.339440       1.340850       1.342280       1.343730       1.345200       1.346690       1.348200       1.349740       1.351310       1.352900    
   1.314080       1.315540       1.316970       1.318390       1.319780       1.321160       1.322530       1.323880       1.325220       1.326560       1.327890       1.329220       1.330540       1.331870       1.333210       1.334550       1.335900       1.337250       1.338630       1.340010       1.341410       1.342830       1.344270       1.345730       1.347200       1.348710       1.350230       1.351780       1.353360       1.354960    
   1.315890       1.317350       1.318780       1.320200       1.321600       1.322980       1.324350       1.325710       1.327060       1.328400       1.329740       1.331070       1.332410       1.333740       1.335090       1.336430       1.337790       1.339160       1.340540       1.341930       1.343350       1.344770       1.346220       1.347690       1.349180       1.350690       1.352230       1.353790       1.355370       1.356990    
   1.315880       1.317340       1.319580       1.321980       1.323390       1.324770       1.326140       1.327510       1.328860       1.330210       1.331550       1.332890       1.334240       1.335580       1.336930       1.338290       1.339650       1.341030       1.342420       1.343820       1.345240       1.346680       1.348140       1.349620       1.351120       1.352640       1.354190       1.355760       1.357360       1.358980    
   1.315870       1.318690       1.321980       1.324340       1.325140       1.326530       1.327910       1.329270       1.330630       1.331980       1.333330       1.334680       1.336030       1.337380       1.338740       1.340110       1.341480       1.342870       1.344270       1.345680       1.347110       1.348560       1.350030       1.351510       1.353030       1.354560       1.356120       1.357700       1.359310       1.360940    
   1.317730       1.321980       1.324800       1.326000       1.326860       1.328260       1.329640       1.331010       1.332370       1.333730       1.335080       1.336440       1.337790       1.339150       1.340520       1.341890       1.343280       1.344670       1.346080       1.347500       1.348940       1.350400       1.351880       1.353380       1.354900       1.356450       1.358020       1.359610       1.361230       1.362880    
   1.321980       1.325020       1.326430       1.326860       1.328360       1.329960       1.331340       1.332710       1.334080       1.335440       1.336810       1.338170       1.339530       1.340900       1.342270       1.343650       1.345040       1.346440       1.347860       1.349290       1.350750       1.352210       1.353700       1.355210       1.356750       1.358300       1.359880       1.361490       1.363120       1.364780    
   1.325130       1.326640       1.326860       1.328390       1.329960       1.331440       1.333010       1.334390       1.335760       1.337130       1.338500       1.339870       1.341230       1.342610       1.343990       1.345380       1.346780       1.348190       1.349620       1.351060       1.352520       1.354000       1.355500       1.357020       1.358560       1.360130       1.361720       1.363340       1.364990       1.366660    
   1.326750       1.326860       1.328400       1.329960       1.331470       1.333010       1.333700       1.334390       1.336520       1.338800       1.340170       1.341540       1.342910       1.344290       1.345680       1.347080       1.348480       1.349910       1.351340       1.352790       1.354260       1.355750       1.357260       1.358800       1.360350       1.361930       1.363540       1.365170       1.366830       1.368510    
   1.326860       1.328410       1.329960       1.331480       1.333010       1.333350       1.333700       1.335850       1.338800       1.339480       1.341700       1.343190       1.344570       1.345950       1.347350       1.348750       1.350170       1.351600       1.353040       1.354500       1.355980       1.357480       1.359000       1.360550       1.362110       1.363710       1.365320       1.366970       1.368640       1.370340    
   1.328410       1.329960       1.331480       1.333010       1.333180       1.333350       1.335430       1.338800       1.339140       1.341760       1.344000       1.344810       1.346200       1.347590       1.348990       1.350400       1.351820       1.353260       1.354710       1.356190       1.357680       1.359190       1.360720       1.362270       1.363850       1.365460       1.367090       1.368740       1.370430       1.372140    
   1.329960       1.331480       1.333010       1.333100       1.333180       1.335190       1.338800       1.338970       1.341780       1.344400       1.344810       1.345500       1.346950       1.349200       1.350610       1.352030       1.353460       1.354900       1.356370       1.357850       1.359350       1.360870       1.362410       1.363980       1.365570       1.367180       1.368830       1.370500       1.372190       1.373920    
   1.331480       1.333010       1.333050       1.333100       1.335070       1.338800       1.338890       1.341790       1.344610       1.344810       1.345160       1.346620       1.349200       1.349910       1.350610       1.352030       1.353460       1.354910       1.357940       1.359480       1.360990       1.362520       1.364080       1.365660       1.367260       1.368890       1.370540       1.372230       1.373940       1.375680    
   1.333010       1.333030       1.333050       1.335000       1.338800       1.338840       1.341800       1.344710       1.344810       1.344980       1.346450       1.349200       1.349550       1.349910       1.350850       1.352040       1.353470       1.357540       1.360290       1.361100       1.362620       1.364160       1.365730       1.367320       1.368930       1.370570       1.372240       1.373940       1.375660       1.377410    
   1.333020       1.333030       1.334970       1.338800       1.338820       1.341800       1.344760       1.344810       1.344900       1.346360       1.349200       1.349380       1.349550       1.350100       1.350930       1.352120       1.356970       1.360700       1.361100       1.362650       1.364230       1.365780       1.367350       1.368960       1.370580       1.372240       1.373920       1.375630       1.377370       1.379140    
   1.333020       1.334960       1.338800       1.338810       1.341800       1.344780       1.344810       1.344850       1.346320       1.349200       1.349290       1.349380       1.349680       1.350200       1.351050       1.357340       1.360900       1.361100       1.364430       1.365810       1.366750       1.367380       1.368960       1.370580       1.372220       1.373880       1.375580       1.377300       1.379060       1.380840    
   1.334950       1.338800       1.338810       1.341800       1.344800       1.344810       1.344830       1.346290       1.349200       1.349240       1.349290       1.349450       1.349750       1.355710       1.361020       1.365770       1.365770       1.366630       1.367640       1.368170       1.367390       1.368960       1.370560       1.372180       1.373840       1.375520       1.377220       1.378960       1.380730       1.382530    
   1.338800       1.338800       1.341800       1.344800       1.344810       1.344820       1.346280       1.349200       1.349220       1.349240       1.349330       1.349500       1.359770       1.371960       1.371910       1.369870       1.370640       1.370450       1.369510       1.368940       1.368950       1.370530       1.372140       1.373770       1.375440       1.377130       1.378850       1.380610       1.382390       1.384200    
   1.338800       1.341800       1.344810       1.344810       1.344820       1.346280       1.349200       1.349210       1.349220       1.349260       1.359540       1.374820       1.372950       1.372000       1.372000       1.371910       1.371140       1.370830       1.370450       1.370480       1.370490       1.372080       1.373700       1.375350       1.377030       1.378730       1.380470       1.382240       1.384040       1.385860    
   1.341800       1.344810       1.344810       1.344810       1.346280       1.349200       1.349210       1.349210       1.349230       1.361530       1.374820       1.374820       1.374820       1.373020       1.372100       1.372100       1.371910       1.371380       1.371210       1.370450       1.372030       1.373630       1.375260       1.376920       1.378600       1.380330       1.382080       1.383860       1.385670       1.387520    
   1.344810       1.344810       1.344810       1.346270       1.349200       1.349200       1.349210       1.357080       1.365380       1.374820       1.374820       1.374820       1.374820       1.374820       1.373160       1.372280       1.372280       1.371910       1.371950       1.371970       1.373550       1.375160       1.376800       1.378470       1.380170       1.381910       1.383670       1.385470       1.387300       1.389160    
   1.344810       1.344810       1.346270       1.349200       1.349200       1.361790       1.380680       1.380690       1.380690       1.376790       1.374830       1.374820       1.374820       1.374820       1.374820       1.373420       1.372650       1.372650       1.371910       1.373470       1.375060       1.376680       1.378330       1.380020       1.381730       1.383480       1.385260       1.387070       1.388910       1.390790    
   1.344810       1.346270       1.349200       1.349200       1.364310       1.380680       1.380680       1.380680       1.380690       1.380690       1.376810       1.374860       1.374820       1.374820       1.374820       1.374820       1.373940       1.373400       1.373400       1.374970       1.376570       1.378200       1.379860       1.381550       1.383280       1.385040       1.386840       1.388660       1.390530       1.392420    
