iMOD/TUTORIALS/TUT_MetaswapAnalyser/model_MetaSWAP/meteo/Evaporation/Evaporation_20051118_L1.ASC
NCOLS                30
NROWS                30
XLLCORNER     160000.00
YLLCORNER     340000.00
CELLSIZE        1000.00
NODATA_VALUE   -9999.00
  0.6375100      0.6368000      0.6360900      0.6353600      0.6346300      0.6338900      0.6331400      0.6323900      0.6316300      0.6308800      0.6301200      0.6293600      0.6286000      0.6278400      0.6270800      0.6263300      0.6255800      0.6248400      0.6241000      0.6233600      0.6226300      0.6219100      0.6212000      0.6204900      0.6197900      0.6191000      0.6184200      0.6177500      0.6170800      0.6164300    
  0.6370700      0.6363600      0.6356500      0.6349200      0.6341900      0.6334500      0.6327000      0.6319500      0.6312000      0.6304400      0.6296800      0.6289300      0.6281700      0.6274100      0.6266600      0.6259100      0.6251600      0.6244200      0.6236800      0.6229500      0.6222200      0.6215000      0.6207900      0.6200900      0.6193900      0.6187100      0.6180300      0.6173600      0.6167000      0.6160500    
  0.6366200      0.6359100      0.6351900      0.6344600      0.6337300      0.6329900      0.6322500      0.6315000      0.6307500      0.6299900      0.6292400      0.6284800      0.6277300      0.6269700      0.6262200      0.6254700      0.6247300      0.6239900      0.6232500      0.6225200      0.6218000      0.6210800      0.6203700      0.6196700      0.6189800      0.6183000      0.6176200      0.6169600      0.6163000      0.6156600    
  0.6361500      0.6354400      0.6347200      0.6339900      0.6332600      0.6325200      0.6317800      0.6310300      0.6302800      0.6295300      0.6287700      0.6280200      0.6272700      0.6265200      0.6257700      0.6250200      0.6242800      0.6235400      0.6228100      0.6220800      0.6213600      0.6206500      0.6199400      0.6192500      0.6185600      0.6178800      0.6172100      0.6165500      0.6158900      0.6152500    
  0.6356600      0.6349500      0.6342400      0.6335100      0.6327800      0.6320400      0.6313000      0.6305500      0.6298000      0.6290500      0.6283000      0.6275500      0.6268000      0.6260500      0.6253000      0.6245500      0.6238100      0.6230800      0.6223500      0.6216300      0.6209100      0.6202000      0.6195000      0.6188000      0.6181200      0.6174400      0.6167800      0.6161200      0.6154700      0.6148400    
  0.6351700      0.6344600      0.6337400      0.6330100      0.6322800      0.6315500      0.6308000      0.6300600      0.6293100      0.6285600      0.6278100      0.6270600      0.6263100      0.6255600      0.6248200      0.6240800      0.6233400      0.6226100      0.6218800      0.6211600      0.6204500      0.6197400      0.6190400      0.6183500      0.6176700      0.6170000      0.6163400      0.6156800      0.6150400      0.6144100    
  0.6346600      0.6339500      0.6332300      0.6325100      0.6317800      0.6310400      0.6303000      0.6295500      0.6288100      0.6280600      0.6273100      0.6265600      0.6258100      0.6250700      0.6243200      0.6235800      0.6228500      0.6221200      0.6214000      0.6206800      0.6199700      0.6192700      0.6185700      0.6178900      0.6172100      0.6165400      0.6158800      0.6152300      0.6146000      0.6139700    
  0.6341400      0.6334300      0.6327100      0.6319900      0.6312600      0.6305200      0.6297800      0.6290400      0.6282900      0.6275400      0.6267900      0.6260500      0.6253000      0.6245600      0.6238200      0.6230800      0.6223500      0.6216200      0.6209000      0.6201900      0.6194800      0.6187800      0.6180900      0.6174100      0.6167400      0.6160700      0.6154200      0.6147700      0.6141400      0.6135200    
  0.6336100      0.6329000      0.6321800      0.6314600      0.6307300      0.6299900      0.6292500      0.6285100      0.6277600      0.6270200      0.6262700      0.6255200      0.6247800      0.6240400      0.6233000      0.6225700      0.6218400      0.6211100      0.6204000      0.6196900      0.6189800      0.6182900      0.6176000      0.6169200      0.6162500      0.6155900      0.6149400      0.6143000      0.6136800      0.6130600    
  0.6330800      0.6323600      0.6316400      0.6309200      0.6301900      0.6294500      0.6287100      0.6279700      0.6272200      0.6264800      0.6257300      0.6249900      0.6242500      0.6235100      0.6227700      0.6220400      0.6213200      0.6205900      0.6198800      0.6191700      0.6184700      0.6177800      0.6171000      0.6164200      0.6157600      0.6151000      0.6144600      0.6138200      0.6132000      0.6125900    
  0.6330730      0.6323600      0.6313230      0.6303700      0.6296400      0.6289000      0.6281600      0.6274200      0.6266800      0.6259300      0.6251900      0.6244500      0.6237100      0.6229700      0.6222400      0.6215100      0.6207800      0.6200600      0.6193500      0.6186500      0.6179500      0.6172600      0.6165800      0.6159100      0.6152500      0.6146000      0.6139600      0.6133300      0.6127200      0.6121100    
  0.6330710      0.6317810      0.6303700      0.6294000      0.6290800      0.6283400      0.6276000      0.6268600      0.6261200      0.6253800      0.6246300      0.6238900      0.6231500      0.6224200      0.6216900      0.6209600      0.6202400      0.6195200      0.6188200      0.6181100      0.6174200      0.6167400      0.6160600      0.6154000      0.6147400      0.6140900      0.6134600      0.6128400      0.6122200      0.6116200    
  0.6322500      0.6303700      0.6292690      0.6287950      0.6285100      0.6277800      0.6270400      0.6263000      0.6255500      0.6248100      0.6240700      0.6233300      0.6225900      0.6218600      0.6211300      0.6204100      0.6196900      0.6189800      0.6182700      0.6175700      0.6168800      0.6162000      0.6155300      0.6148700      0.6142200      0.6135800      0.6129500      0.6123300      0.6117200      0.6111200    
  0.6303700      0.6292000      0.6286530      0.6285100      0.6278300      0.6272000      0.6264600      0.6257200      0.6249800      0.6242400      0.6235000      0.6227600      0.6220300      0.6212900      0.6205700      0.6198400      0.6191300      0.6184200      0.6177200      0.6170200      0.6163400      0.6156600      0.6149900      0.6143300      0.6136900      0.6130500      0.6124300      0.6118100      0.6112100      0.6106200    
  0.6291650      0.6285810      0.6285100      0.6278470      0.6272000      0.6265130      0.6258800      0.6251400      0.6244000      0.6236600      0.6229200      0.6221800      0.6214500      0.6207200      0.6199900      0.6192700      0.6185600      0.6178500      0.6171500      0.6164600      0.6157800      0.6151100      0.6144400      0.6137900      0.6131500      0.6125200      0.6119000      0.6112900      0.6106900      0.6101100    
  0.6285460      0.6285100      0.6278520      0.6272000      0.6265310      0.6258800      0.6255100      0.6251400      0.6240680      0.6230700      0.6223300      0.6216000      0.6208600      0.6201400      0.6194100      0.6186900      0.6179800      0.6172800      0.6165800      0.6159000      0.6152200      0.6145500      0.6138900      0.6132400      0.6126000      0.6119800      0.6113600      0.6107600      0.6101700      0.6095900    
  0.6285100      0.6278540      0.6272000      0.6265370      0.6258800      0.6256950      0.6255100      0.6244470      0.6230700      0.6227000      0.6216840      0.6210100      0.6202700      0.6195500      0.6188300      0.6181100      0.6174000      0.6167000      0.6160100      0.6153200      0.6146500      0.6139800      0.6133300      0.6126800      0.6120500      0.6114300      0.6108200      0.6102200      0.6096400      0.6090700    
  0.6278550      0.6272000      0.6265390      0.6258800      0.6257870      0.6256950      0.6246800      0.6230700      0.6228850      0.6217150      0.6207100      0.6204100      0.6196800      0.6189500      0.6182300      0.6175200      0.6168100      0.6161100      0.6154200      0.6147400      0.6140700      0.6134100      0.6127600      0.6121200      0.6114900      0.6108800      0.6102700      0.6096800      0.6091000      0.6085400    
  0.6272000      0.6265400      0.6258800      0.6258340      0.6257870      0.6248080      0.6230700      0.6229770      0.6217280      0.6205600      0.6204100      0.6200450      0.6193480      0.6183500      0.6176300      0.6169200      0.6162200      0.6155200      0.6148300      0.6141600      0.6134900      0.6128300      0.6121900      0.6115500      0.6109300      0.6103200      0.6097200      0.6091300      0.6085600      0.6080000    
  0.6265400      0.6258800      0.6258570      0.6258340      0.6248750      0.6230700      0.6230240      0.6217340      0.6204850      0.6204100      0.6202280      0.6195380      0.6183500      0.6179900      0.6176330      0.6169230      0.6162200      0.6155230      0.6142100      0.6135700      0.6129000      0.6122500      0.6116100      0.6109800      0.6103600      0.6097600      0.6091600      0.6085800      0.6080200      0.6074600    
  0.6258800      0.6258680      0.6258570      0.6249090      0.6230700      0.6230470      0.6217370      0.6204480      0.6204100      0.6203190      0.6196310      0.6183500      0.6181700      0.6179910      0.6175160      0.6169260      0.6162220      0.6144390      0.6132700      0.6129700      0.6123100      0.6116600      0.6110200      0.6104000      0.6097900      0.6091900      0.6086000      0.6080300      0.6074700      0.6069200    
  0.6258740      0.6258680      0.6249260      0.6230700      0.6230580      0.6217390      0.6204290      0.6204100      0.6203640      0.6196780      0.6183500      0.6182600      0.6181700      0.6178920      0.6174770      0.6168880      0.6147350      0.6131200      0.6129700      0.6123330      0.6117200      0.6110700      0.6104400      0.6098200      0.6092100      0.6086200      0.6080300      0.6074700      0.6069100      0.6063700    
  0.6258740      0.6249350      0.6230700      0.6230640      0.6217390      0.6204190      0.6204100      0.6203870      0.6197000      0.6183500      0.6183050      0.6182600      0.6181080      0.6178470      0.6174190      0.6146600      0.6130450      0.6129700      0.6116600      0.6111200      0.6107340      0.6104800      0.6098500      0.6092300      0.6086300      0.6080400      0.6074700      0.6069000      0.6063600      0.6058200    
  0.6249390      0.6230700      0.6230670      0.6217400      0.6204150      0.6204100      0.6203990      0.6197120      0.6183500      0.6183270      0.6183050      0.6182240      0.6180710      0.6155360      0.6132360      0.6111550      0.6111550      0.6108160      0.6104160      0.6102150      0.6105200      0.6098800      0.6092500      0.6086400      0.6080500      0.6074600      0.6068900      0.6063400      0.6058000      0.6052700    
  0.6230700      0.6230690      0.6217400      0.6204120      0.6204100      0.6204040      0.6197180      0.6183500      0.6183390      0.6183280      0.6182860      0.6182000      0.6138630      0.6087510      0.6087700      0.6095640      0.6092640      0.6093400      0.6096960      0.6099130      0.6099100      0.6092800      0.6086600      0.6080500      0.6074600      0.6068800      0.6063200      0.6057700      0.6052400      0.6047200    
  0.6230690      0.6217400      0.6204110      0.6204100      0.6204070      0.6197210      0.6183500      0.6183440      0.6183390      0.6183170      0.6140070      0.6076100      0.6083550      0.6087320      0.6087320      0.6087700      0.6090670      0.6091870      0.6093400      0.6093150      0.6093100      0.6086800      0.6080600      0.6074600      0.6068700      0.6063000      0.6057500      0.6052000      0.6046800      0.6041600    
  0.6217400      0.6204110      0.6204100      0.6204090      0.6197220      0.6183500      0.6183470      0.6183440      0.6183340      0.6131770      0.6076100      0.6076100      0.6076100      0.6083270      0.6086940      0.6086940      0.6087700      0.6089710      0.6090350      0.6093400      0.6087000      0.6080800      0.6074600      0.6068700      0.6062900      0.6057200      0.6051700      0.6046400      0.6041100      0.6036100    
  0.6204100      0.6204100      0.6204090      0.6197230      0.6183500      0.6183490      0.6183470      0.6150890      0.6116060      0.6076080      0.6076100      0.6076100      0.6076100      0.6076100      0.6082710      0.6086180      0.6086180      0.6087700      0.6087400      0.6087300      0.6081000      0.6074700      0.6068700      0.6062800      0.6057000      0.6051400      0.6046000      0.6040700      0.6035500      0.6030600    
  0.6204100      0.6204100      0.6197230      0.6183500      0.6183490      0.6131930      0.6054600      0.6053950      0.6053300      0.6068460      0.6076050      0.6076100      0.6076100      0.6076100      0.6076100      0.6081610      0.6084660      0.6084650      0.6087700      0.6081200      0.6074900      0.6068700      0.6062700      0.6056800      0.6051100      0.6045600      0.6040200      0.6035000      0.6029900      0.6025000    
  0.6204100      0.6197230      0.6183500      0.6183500      0.6121620      0.6054590      0.6054590      0.6054600      0.6053950      0.6053300      0.6068370      0.6075950      0.6076100      0.6076100      0.6076100      0.6076100      0.6079520      0.6081630      0.6081600      0.6075200      0.6068900      0.6062700      0.6056700      0.6050900      0.6045300      0.6039800      0.6034500      0.6029300      0.6024400      0.6019500    
