iMOD/TUTORIALS/TUT_MetaswapAnalyser/model_MetaSWAP/meteo/Evaporation/Evaporation_20050531_L1.ASC
NCOLS                30
NROWS                30
XLLCORNER     160000.00
YLLCORNER     340000.00
CELLSIZE        1000.00
NODATA_VALUE   -9999.00
   3.272380       3.267350       3.262420       3.257580       3.252830       3.248150       3.243540       3.239000       3.234520       3.230100       3.225720       3.221400       3.217110       3.212850       3.208630       3.204440       3.200270       3.196130       3.192000       3.187890       3.183800       3.179720       3.175650       3.171590       3.167540       3.163500       3.159470       3.155450       3.151430       3.147420    
   3.272740       3.267670       3.262690       3.257800       3.252990       3.248260       3.243600       3.239010       3.234480       3.230010       3.225590       3.221220       3.216890       3.212590       3.208330       3.204110       3.199910       3.195730       3.191580       3.187440       3.183330       3.179230       3.175140       3.171070       3.167010       3.162960       3.158920       3.154890       3.150870       3.146850    
   3.273140       3.268020       3.263000       3.258060       3.253200       3.248420       3.243710       3.239070       3.234490       3.229970       3.225500       3.221090       3.216710       3.212380       3.208080       3.203820       3.199590       3.195380       3.191200       3.187040       3.182900       3.178780       3.174670       3.170590       3.166510       3.162450       3.158400       3.154360       3.150330       3.146310    
   3.273580       3.268420       3.263340       3.258350       3.253450       3.248620       3.243860       3.239170       3.234540       3.229980       3.225460       3.221000       3.216580       3.212210       3.207880       3.203580       3.199310       3.195070       3.190860       3.186680       3.182510       3.178370       3.174250       3.170140       3.166050       3.161980       3.157910       3.153870       3.149830       3.145810    
   3.274060       3.268850       3.263730       3.258690       3.253730       3.248860       3.244050       3.239310       3.234640       3.230020       3.225470       3.220960       3.216500       3.212090       3.207710       3.203380       3.199080       3.194810       3.190570       3.186350       3.182170       3.178000       3.173860       3.169730       3.165630       3.161540       3.157460       3.153410       3.149360       3.145330    
   3.274560       3.269310       3.264150       3.259060       3.254060       3.249140       3.244280       3.239500       3.234780       3.230120       3.225510       3.220960       3.216460       3.212010       3.207600       3.203220       3.198890       3.194590       3.190320       3.186070       3.181860       3.177670       3.173510       3.169360       3.165240       3.161140       3.157050       3.152980       3.148930       3.144890    
   3.275100       3.269810       3.264600       3.259470       3.254420       3.249450       3.244550       3.239720       3.234950       3.230250       3.225600       3.221010       3.216460       3.211970       3.207520       3.203110       3.198740       3.194400       3.190100       3.185830       3.181590       3.177380       3.173190       3.169030       3.164890       3.160770       3.156670       3.152590       3.148530       3.144480    
   3.275680       3.270340       3.265090       3.259920       3.254820       3.249810       3.244860       3.239980       3.235170       3.230420       3.225730       3.221090       3.216510       3.211970       3.207480       3.203040       3.198630       3.194260       3.189930       3.185630       3.181370       3.177130       3.172920       3.168740       3.164580       3.160440       3.156330       3.152230       3.148160       3.144100    
   3.276280       3.270900       3.265610       3.260400       3.255260       3.250200       3.245200       3.240280       3.235420       3.230630       3.225890       3.221220       3.216590       3.212020       3.207490       3.203010       3.198560       3.194160       3.189800       3.185470       3.181180       3.176920       3.172680       3.168480       3.164300       3.160150       3.156020       3.151910       3.147820       3.143760    
   3.276920       3.271500       3.266160       3.260910       3.255730       3.250620       3.245580       3.240620       3.235720       3.230880       3.226100       3.221380       3.216710       3.212100       3.207530       3.203010       3.198540       3.194100       3.189710       3.185350       3.181030       3.176740       3.172480       3.168260       3.164060       3.159890       3.155740       3.151620       3.147520       3.143450    
   3.276940       3.271530       3.265010       3.261450       3.256230       3.251080       3.246000       3.240990       3.236040       3.231160       3.226340       3.221580       3.216870       3.212220       3.207610       3.203060       3.198550       3.194080       3.189650       3.185270       3.180920       3.176600       3.172320       3.168070       3.163860       3.159670       3.155500       3.151370       3.147260       3.143170    
   3.276970       3.268730       3.261450       3.257940       3.256760       3.251570       3.246440       3.241390       3.236400       3.231480       3.226620       3.221810       3.217070       3.212370       3.207730       3.203140       3.198600       3.194100       3.189640       3.185220       3.180840       3.176500       3.172200       3.167930       3.163690       3.159480       3.155300       3.151150       3.147020       3.142930    
   3.272400       3.261450       3.258440       3.257040       3.257320       3.252090       3.246920       3.241830       3.236800       3.231830       3.226930       3.222090       3.217300       3.212570       3.207890       3.203260       3.198680       3.194150       3.189660       3.185210       3.180810       3.176440       3.172110       3.167820       3.163560       3.159330       3.155130       3.150960       3.146830       3.142720    
   3.261450       3.258600       3.257180       3.257320       3.254020       3.252640       3.247440       3.242300       3.237230       3.232220       3.227280       3.222390       3.217570       3.212800       3.208080       3.203420       3.198800       3.194240       3.189720       3.185240       3.180810       3.176410       3.172060       3.167740       3.163460       3.159210       3.155000       3.150820       3.146660       3.142540    
   3.258650       3.257250       3.257320       3.254660       3.252640       3.249350       3.247980       3.242800       3.237690       3.232640       3.227660       3.222740       3.217870       3.213060       3.208310       3.203610       3.198960       3.194360       3.189810       3.185300       3.180840       3.176420       3.172040       3.167700       3.163400       3.159130       3.154900       3.150700       3.146530       3.142400    
   3.257280       3.257320       3.254870       3.252640       3.249990       3.247980       3.245390       3.242820       3.236560       3.233100       3.228080       3.223110       3.218210       3.213360       3.208570       3.203840       3.199160       3.194520       3.189940       3.185400       3.180910       3.176470       3.172060       3.167700       3.163370       3.159090       3.154840       3.150620       3.146440       3.142290    
   3.257320       3.254940       3.252640       3.250200       3.247980       3.246690       3.245400       3.239470       3.233100       3.230590       3.226360       3.223520       3.218580       3.213700       3.208870       3.204100       3.199380       3.194720       3.190100       3.185540       3.181020       3.176540       3.172120       3.167730       3.163380       3.159080       3.154810       3.150570       3.146380       3.142210    
   3.254970       3.252640       3.250270       3.247980       3.247330       3.246690       3.241160       3.233100       3.231840       3.227550       3.223740       3.223970       3.218990       3.214070       3.209200       3.204400       3.199650       3.194950       3.190300       3.185710       3.181160       3.176660       3.172210       3.167800       3.163430       3.159100       3.154810       3.150560       3.146350       3.142170    
   3.252640       3.250300       3.247980       3.247660       3.247330       3.242070       3.233100       3.232470       3.228060       3.223860       3.223970       3.221480       3.217880       3.214470       3.209570       3.204730       3.199950       3.195220       3.190540       3.185910       3.181340       3.176810       3.172330       3.167900       3.163510       3.159160       3.154850       3.150590       3.146360       3.142170    
   3.250310       3.247980       3.247820       3.247660       3.242540       3.233100       3.232790       3.228300       3.223910       3.223970       3.222720       3.219450       3.214470       3.212020       3.209590       3.204750       3.199970       3.195240       3.188850       3.186150       3.181550       3.177000       3.172490       3.168030       3.163620       3.159260       3.154930       3.150650       3.146400       3.142200    
   3.247980       3.247900       3.247820       3.242780       3.233100       3.232940       3.228420       3.223940       3.223970       3.223350       3.220150       3.214470       3.213240       3.212030       3.208790       3.204770       3.199980       3.191350       3.186290       3.186430       3.181800       3.177220       3.172690       3.168210       3.163770       3.159390       3.155040       3.150740       3.146480       3.142260    
   3.247940       3.247900       3.242900       3.233100       3.233020       3.228480       3.223960       3.223970       3.223660       3.220490       3.214470       3.213860       3.213250       3.211350       3.208530       3.204510       3.193780       3.186360       3.186430       3.183440       3.182080       3.177470       3.172920       3.168410       3.163960       3.159550       3.155190       3.150870       3.146590       3.142360    
   3.247940       3.242960       3.233100       3.233060       3.228510       3.223960       3.223970       3.223810       3.220650       3.214470       3.214160       3.213860       3.212820       3.211040       3.208130       3.196170       3.186390       3.186430       3.183810       3.182420       3.179630       3.177760       3.173180       3.168660       3.164180       3.159750       3.155370       3.151040       3.146740       3.142490    
   3.242990       3.233100       3.233080       3.228520       3.223970       3.223970       3.223890       3.220730       3.214470       3.214320       3.214160       3.213610       3.212570       3.206700       3.198050       3.187630       3.187620       3.185360       3.182830       3.182940       3.182750       3.178090       3.173480       3.168930       3.164440       3.159990       3.155590       3.151240       3.146930       3.142670    
   3.233100       3.233090       3.228530       3.223970       3.223970       3.223930       3.220760       3.214470       3.214390       3.214320       3.214030       3.213450       3.204510       3.194820       3.194800       3.190540       3.188880       3.188810       3.184940       3.183150       3.183130       3.178450       3.173820       3.169250       3.164730       3.160260       3.155840       3.151470       3.147150       3.142870    
   3.233100       3.228530       3.223970       3.223970       3.223950       3.220780       3.214470       3.214430       3.214390       3.214250       3.209100       3.201840       3.197180       3.194840       3.194840       3.194800       3.190850       3.188940       3.188810       3.184880       3.183560       3.178840       3.174190       3.169600       3.165060       3.160570       3.156130       3.151750       3.147410       3.143120    
   3.228530       3.223970       3.223970       3.223960       3.220790       3.214470       3.214450       3.214430       3.214360       3.208280       3.201840       3.201840       3.201840       3.197200       3.194880       3.194880       3.194800       3.190850       3.189070       3.188810       3.184010       3.179280       3.174600       3.169980       3.165420       3.160910       3.156460       3.152060       3.147700       3.143400    
   3.223970       3.223970       3.223970       3.220800       3.214470       3.214460       3.214450       3.213650       3.209210       3.201840       3.201840       3.201840       3.201840       3.201840       3.197260       3.194960       3.194950       3.194800       3.190710       3.189330       3.184510       3.179740       3.175040       3.170400       3.165820       3.161290       3.156820       3.152400       3.148040       3.143720    
   3.223970       3.223970       3.220800       3.214470       3.214470       3.215780       3.217750       3.214550       3.211350       3.205020       3.201850       3.201840       3.201840       3.201840       3.201840       3.197350       3.195110       3.195110       3.194800       3.189880       3.185030       3.180250       3.175520       3.170860       3.166260       3.161710       3.157220       3.152790       3.148410       3.144080    
   3.223970       3.220800       3.214470       3.214470       3.216040       3.217750       3.217750       3.217750       3.214550       3.211350       3.205030       3.201860       3.201840       3.201840       3.201840       3.201840       3.197480       3.195430       3.195420       3.190480       3.185600       3.180790       3.176040       3.171360       3.166730       3.162170       3.157660       3.153210       3.148820       3.144470    
