iMOD/TUTORIALS/TUT_MetaswapAnalyser/model_MetaSWAP/meteo/Evaporation/Evaporation_20060729_L1.ASC
NCOLS                30
NROWS                30
XLLCORNER     160000.00
YLLCORNER     340000.00
CELLSIZE        1000.00
NODATA_VALUE   -9999.00
   3.650110       3.647420       3.644760       3.642140       3.639560       3.637030       3.634560       3.632160       3.629840       3.627600       3.625450       3.623400       3.621450       3.619610       3.617890       3.616280       3.614800       3.613450       3.612230       3.611140       3.610200       3.609390       3.608730       3.608210       3.607840       3.607620       3.607550       3.607630       3.607860       3.608240    
   3.652370       3.649680       3.647020       3.644400       3.641830       3.639310       3.636850       3.634460       3.632150       3.629920       3.627780       3.625730       3.623790       3.621950       3.620230       3.618630       3.617150       3.615790       3.614570       3.613480       3.612520       3.611710       3.611040       3.610510       3.610130       3.609900       3.609810       3.609870       3.610080       3.610440    
   3.654590       3.651890       3.649230       3.646620       3.644050       3.641530       3.639080       3.636700       3.634400       3.632170       3.630040       3.628000       3.626060       3.624230       3.622510       3.620910       3.619430       3.618070       3.616850       3.615750       3.614790       3.613970       3.613290       3.612760       3.612360       3.612110       3.612010       3.612060       3.612250       3.612590    
   3.656760       3.654060       3.651400       3.648780       3.646220       3.643710       3.641260       3.638890       3.636590       3.634370       3.632240       3.630210       3.628280       3.626450       3.624730       3.623130       3.621650       3.620300       3.619070       3.617970       3.617000       3.616180       3.615490       3.614940       3.614540       3.614280       3.614160       3.614190       3.614370       3.614690    
   3.658890       3.656190       3.653520       3.650910       3.648340       3.645840       3.643400       3.641030       3.638730       3.636520       3.634400       3.632370       3.630440       3.628610       3.626900       3.625300       3.623820       3.622460       3.621230       3.620130       3.619160       3.618330       3.617630       3.617080       3.616660       3.616390       3.616260       3.616280       3.616440       3.616750    
   3.660990       3.658280       3.655610       3.652990       3.650430       3.647920       3.645480       3.643120       3.640820       3.638620       3.636500       3.634470       3.632550       3.630720       3.629010       3.627410       3.625930       3.624570       3.623340       3.622240       3.621260       3.620420       3.619720       3.619160       3.618740       3.618450       3.618320       3.618320       3.618470       3.618760    
   3.663060       3.660340       3.657660       3.655040       3.652470       3.649970       3.647530       3.645160       3.642870       3.640670       3.638550       3.636530       3.634600       3.632780       3.631070       3.629470       3.627990       3.626630       3.625400       3.624290       3.623310       3.622470       3.621760       3.621190       3.620760       3.620470       3.620320       3.620310       3.620450       3.620730    
   3.665090       3.662360       3.659680       3.657050       3.654480       3.651970       3.649530       3.647170       3.644880       3.642680       3.640560       3.638540       3.636620       3.634800       3.633090       3.631490       3.630010       3.628650       3.627410       3.626300       3.625320       3.624470       3.623760       3.623180       3.622740       3.622440       3.622280       3.622260       3.622390       3.622650    
   3.667100       3.664360       3.661670       3.659030       3.656460       3.653950       3.651500       3.649140       3.646850       3.644640       3.642530       3.640510       3.638590       3.636770       3.635060       3.633460       3.631980       3.630610       3.629370       3.628260       3.627270       3.626420       3.625700       3.625120       3.624670       3.624360       3.624200       3.624170       3.624280       3.624540    
   3.669090       3.666330       3.663630       3.660980       3.658400       3.655890       3.653440       3.651070       3.648780       3.646570       3.644460       3.642440       3.640510       3.638700       3.636980       3.635380       3.633900       3.632540       3.631290       3.630180       3.629190       3.628330       3.627610       3.627020       3.626560       3.626250       3.626070       3.626040       3.626140       3.626380    
   3.669100       3.666350       3.663460       3.662910       3.660320       3.657800       3.655350       3.652970       3.650680       3.648470       3.646350       3.644330       3.642410       3.640590       3.638870       3.637270       3.635790       3.634420       3.633170       3.632050       3.631060       3.630200       3.629470       3.628880       3.628420       3.628090       3.627910       3.627860       3.627960       3.628190    
   3.669120       3.665460       3.662910       3.662380       3.662210       3.659680       3.657230       3.654850       3.652550       3.650340       3.648220       3.646190       3.644260       3.642440       3.640720       3.639120       3.637630       3.636260       3.635020       3.633890       3.632900       3.632030       3.631300       3.630700       3.630230       3.629900       3.629710       3.629660       3.629740       3.629960    
   3.667350       3.662910       3.663130       3.663150       3.664090       3.661550       3.659080       3.656690       3.654390       3.652170       3.650050       3.648020       3.646090       3.644260       3.642540       3.640940       3.639450       3.638070       3.636820       3.635690       3.634690       3.633820       3.633080       3.632480       3.632010       3.631670       3.631470       3.631410       3.631490       3.631710    
   3.662910       3.663440       3.663620       3.664090       3.663010       3.663390       3.660910       3.658520       3.656210       3.653980       3.651850       3.649820       3.647880       3.646050       3.644330       3.642720       3.641230       3.639850       3.638590       3.637460       3.636460       3.635580       3.634840       3.634230       3.633750       3.633410       3.633210       3.633140       3.633210       3.633420    
   3.663570       3.663860       3.664090       3.663500       3.663390       3.662340       3.662730       3.660320       3.658000       3.655770       3.653630       3.651590       3.649650       3.647820       3.646090       3.644480       3.642980       3.641590       3.640340       3.639200       3.638190       3.637310       3.636560       3.635950       3.635470       3.635120       3.634910       3.634840       3.634900       3.635100    
   3.663970       3.664090       3.663660       3.663390       3.662820       3.662730       3.661530       3.660350       3.657910       3.657540       3.655390       3.653350       3.651400       3.649560       3.647820       3.646200       3.644700       3.643310       3.642050       3.640910       3.639900       3.639010       3.638260       3.637640       3.637150       3.636800       3.636580       3.636500       3.636560       3.636750    
   3.664090       3.663710       3.663390       3.662980       3.662730       3.662130       3.661540       3.659330       3.657540       3.656470       3.655630       3.655080       3.653120       3.651270       3.649530       3.647910       3.646400       3.645010       3.643740       3.642590       3.641570       3.640680       3.639930       3.639300       3.638810       3.638450       3.638230       3.638150       3.638200       3.638380    
   3.663730       3.663390       3.663030       3.662730       3.662430       3.662130       3.660130       3.657540       3.657000       3.656470       3.655940       3.656790       3.654830       3.652970       3.651220       3.649590       3.648070       3.646680       3.645400       3.644250       3.643230       3.642330       3.641570       3.640940       3.640440       3.640080       3.639860       3.639770       3.639810       3.639990    
   3.663390       3.663050       3.662730       3.662580       3.662430       3.660560       3.657540       3.657270       3.656830       3.656360       3.656790       3.655810       3.654810       3.654650       3.652900       3.651250       3.649730       3.648320       3.647040       3.645890       3.644860       3.643960       3.643190       3.642560       3.642060       3.641690       3.641460       3.641360       3.641410       3.641580    
   3.663060       3.662730       3.662650       3.662580       3.660780       3.657540       3.657410       3.657000       3.656580       3.656790       3.656300       3.655510       3.654650       3.653770       3.652930       3.651290       3.649770       3.648360       3.647570       3.647500       3.646470       3.645570       3.644790       3.644150       3.643650       3.643280       3.643040       3.642940       3.642980       3.643150    
   3.662730       3.662690       3.662650       3.660890       3.657540       3.657470       3.657080       3.656680       3.656790       3.656550       3.655810       3.654650       3.654210       3.653790       3.652670       3.651330       3.649810       3.648620       3.648300       3.649110       3.648060       3.647150       3.646380       3.645730       3.645220       3.644850       3.644610       3.644510       3.644540       3.644710    
   3.662710       3.662690       3.660940       3.657540       3.657510       3.657120       3.656740       3.656790       3.656670       3.655950       3.654650       3.654430       3.654220       3.653560       3.652590       3.651270       3.649520       3.648710       3.649110       3.648940       3.649650       3.648730       3.647950       3.647300       3.646780       3.646400       3.646160       3.646060       3.646090       3.646250    
   3.662710       3.660970       3.657540       3.657520       3.657140       3.656760       3.656790       3.656730       3.656010       3.654650       3.654540       3.654430       3.654070       3.653460       3.652470       3.651220       3.648910       3.649110       3.650700       3.651210       3.650660       3.650290       3.649500       3.648850       3.648330       3.647950       3.647700       3.647590       3.647620       3.647780    
   3.660990       3.657540       3.657530       3.657150       3.656780       3.656790       3.656760       3.656050       3.654650       3.654600       3.654540       3.654350       3.653990       3.655710       3.655450       3.653800       3.653810       3.653410       3.653020       3.653540       3.652770       3.651840       3.651050       3.650390       3.649870       3.649480       3.649230       3.649120       3.649150       3.649310    
   3.657540       3.657540       3.657160       3.656780       3.656790       3.656770       3.656060       3.654650       3.654620       3.654600       3.654490       3.654290       3.657980       3.662910       3.662860       3.658880       3.658690       3.658500       3.655720       3.654320       3.654320       3.653390       3.652590       3.651920       3.651400       3.651010       3.650760       3.650640       3.650670       3.650820    
   3.657540       3.657160       3.656790       3.656790       3.656780       3.656070       3.654650       3.654640       3.654620       3.654570       3.660290       3.669030       3.664990       3.662960       3.662960       3.662860       3.660150       3.658890       3.658500       3.656520       3.655870       3.654930       3.654120       3.653450       3.652920       3.652530       3.652280       3.652160       3.652180       3.652340    
   3.657160       3.656790       3.656790       3.656790       3.656070       3.654650       3.654640       3.654640       3.654610       3.661510       3.669030       3.669030       3.669030       3.665060       3.663060       3.663060       3.662860       3.660350       3.659280       3.658500       3.657410       3.656460       3.655650       3.654980       3.654440       3.654050       3.653790       3.653680       3.653700       3.653850    
   3.656790       3.656790       3.656790       3.656070       3.654650       3.654650       3.654640       3.660740       3.665210       3.669030       3.669030       3.669030       3.669030       3.669030       3.665200       3.663250       3.663250       3.662860       3.660760       3.660060       3.658960       3.658000       3.657180       3.656500       3.655960       3.655570       3.655310       3.655190       3.655210       3.655370    
   3.656790       3.656790       3.656080       3.654650       3.654650       3.665850       3.682660       3.680860       3.679060       3.672390       3.669040       3.669030       3.669030       3.669030       3.669030       3.665480       3.663650       3.663640       3.662860       3.661610       3.660510       3.659540       3.658710       3.658030       3.657490       3.657090       3.656830       3.656710       3.656730       3.656880    
   3.656790       3.656080       3.654650       3.654650       3.668100       3.682660       3.682660       3.682660       3.680860       3.679060       3.672410       3.669070       3.669030       3.669030       3.669030       3.669030       3.665970       3.664440       3.664430       3.663180       3.662060       3.661080       3.660250       3.659560       3.659020       3.658620       3.658360       3.658240       3.658260       3.658410    
