iMOD/TUTORIALS/TUT_MetaswapAnalyser/model_MetaSWAP/meteo/Evaporation/Evaporation_20060209_L1.ASC
NCOLS                30
NROWS                30
XLLCORNER     160000.00
YLLCORNER     340000.00
CELLSIZE        1000.00
NODATA_VALUE   -9999.00
  0.5479500      0.5479000      0.5478500      0.5478000      0.5477400      0.5476700      0.5475900      0.5475000      0.5473900      0.5472700      0.5471300      0.5469700      0.5467800      0.5465800      0.5463400      0.5460900      0.5458000      0.5454900      0.5451500      0.5447800      0.5443800      0.5439500      0.5434900      0.5430000      0.5424800      0.5419200      0.5413400      0.5407300      0.5400800      0.5394100    
  0.5471900      0.5471300      0.5470700      0.5470100      0.5469400      0.5468600      0.5467800      0.5466800      0.5465600      0.5464300      0.5462800      0.5461200      0.5459300      0.5457200      0.5454800      0.5452200      0.5449400      0.5446300      0.5442900      0.5439200      0.5435200      0.5431000      0.5426400      0.5421600      0.5416400      0.5411000      0.5405200      0.5399200      0.5392800      0.5386200    
  0.5464400      0.5463700      0.5463000      0.5462300      0.5461500      0.5460700      0.5459700      0.5458600      0.5457400      0.5456100      0.5454500      0.5452800      0.5450900      0.5448700      0.5446300      0.5443700      0.5440900      0.5437700      0.5434300      0.5430700      0.5426700      0.5422500      0.5418000      0.5413200      0.5408100      0.5402700      0.5397100      0.5391100      0.5384800      0.5378300    
  0.5457000      0.5456200      0.5455500      0.5454700      0.5453800      0.5452800      0.5451800      0.5450600      0.5449300      0.5447900      0.5446300      0.5444500      0.5442500      0.5440300      0.5437900      0.5435300      0.5432400      0.5429300      0.5425900      0.5422300      0.5418300      0.5414100      0.5409700      0.5404900      0.5399900      0.5394600      0.5389000      0.5383100      0.5376900      0.5370400    
  0.5449700      0.5448800      0.5448000      0.5447100      0.5446100      0.5445100      0.5443900      0.5442700      0.5441300      0.5439800      0.5438200      0.5436300      0.5434300      0.5432100      0.5429600      0.5427000      0.5424100      0.5420900      0.5417500      0.5413900      0.5410000      0.5405800      0.5401400      0.5396700      0.5391700      0.5386400      0.5380900      0.5375100      0.5369000      0.5362600    
  0.5442400      0.5441500      0.5440600      0.5439600      0.5438500      0.5437400      0.5436200      0.5434900      0.5433400      0.5431900      0.5430100      0.5428200      0.5426100      0.5423900      0.5421400      0.5418700      0.5415800      0.5412600      0.5409300      0.5405600      0.5401700      0.5397600      0.5393200      0.5388500      0.5383600      0.5378400      0.5372900      0.5367100      0.5361100      0.5354800    
  0.5435300      0.5434300      0.5433300      0.5432200      0.5431000      0.5429800      0.5428500      0.5427100      0.5425600      0.5424000      0.5422200      0.5420200      0.5418100      0.5415800      0.5413300      0.5410600      0.5407600      0.5404500      0.5401100      0.5397400      0.5393600      0.5389400      0.5385000      0.5380400      0.5375500      0.5370400      0.5364900      0.5359200      0.5353300      0.5347100    
  0.5428200      0.5427100      0.5426000      0.5424900      0.5423600      0.5422400      0.5421000      0.5419500      0.5417900      0.5416200      0.5414300      0.5412300      0.5410100      0.5407800      0.5405200      0.5402500      0.5399500      0.5396300      0.5392900      0.5389300      0.5385400      0.5381300      0.5377000      0.5372400      0.5367500      0.5362400      0.5357000      0.5351400      0.5345500      0.5339400    
  0.5421200      0.5420100      0.5418900      0.5417600      0.5416300      0.5415000      0.5413500      0.5412000      0.5410300      0.5408500      0.5406600      0.5404500      0.5402300      0.5399900      0.5397300      0.5394500      0.5391500      0.5388300      0.5384900      0.5381300      0.5377400      0.5373300      0.5369000      0.5364400      0.5359600      0.5354500      0.5349200      0.5343600      0.5337800      0.5331700    
  0.5414300      0.5413100      0.5411800      0.5410500      0.5409100      0.5407600      0.5406100      0.5404500      0.5402800      0.5400900      0.5398900      0.5396800      0.5394500      0.5392100      0.5389400      0.5386600      0.5383600      0.5380400      0.5377000      0.5373300      0.5369500      0.5365400      0.5361100      0.5356500      0.5351700      0.5346700      0.5341400      0.5335900      0.5330100      0.5324100    
  0.5414330      0.5413070      0.5409700      0.5403400      0.5401900      0.5400400      0.5398800      0.5397100      0.5395300      0.5393400      0.5391300      0.5389200      0.5386800      0.5384300      0.5381700      0.5378800      0.5375800      0.5372500      0.5369100      0.5365500      0.5361600      0.5357500      0.5353200      0.5348700      0.5343900      0.5338900      0.5333700      0.5328200      0.5322500      0.5316500    
  0.5414320      0.5410130      0.5403400      0.5397020      0.5394900      0.5393300      0.5391600      0.5389800      0.5387900      0.5386000      0.5383800      0.5381600      0.5379200      0.5376700      0.5374000      0.5371100      0.5368000      0.5364800      0.5361300      0.5357700      0.5353800      0.5349700      0.5345400      0.5340900      0.5336200      0.5331200      0.5326000      0.5320600      0.5314900      0.5309000    
  0.5410850      0.5403400      0.5394930      0.5391400      0.5387900      0.5386200      0.5384400      0.5382600      0.5380600      0.5378600      0.5376400      0.5374100      0.5371700      0.5369100      0.5366400      0.5363400      0.5360300      0.5357100      0.5353600      0.5349900      0.5346100      0.5342000      0.5337700      0.5333200      0.5328500      0.5323600      0.5318400      0.5313000      0.5307400      0.5301500    
  0.5403400      0.5393970      0.5389650      0.5387900      0.5384430      0.5379200      0.5377400      0.5375500      0.5373400      0.5371300      0.5369100      0.5366800      0.5364300      0.5361600      0.5358800      0.5355900      0.5352800      0.5349500      0.5346000      0.5342300      0.5338400      0.5334400      0.5330100      0.5325600      0.5320900      0.5316000      0.5310800      0.5305500      0.5299900      0.5294100    
  0.5393510      0.5388770      0.5387900      0.5383840      0.5379200      0.5375670      0.5370400      0.5368400      0.5366300      0.5364100      0.5361900      0.5359500      0.5356900      0.5354200      0.5351400      0.5348400      0.5345300      0.5341900      0.5338400      0.5334700      0.5330900      0.5326800      0.5322500      0.5318000      0.5313300      0.5308500      0.5303400      0.5298000      0.5292500      0.5286800    
  0.5388340      0.5387900      0.5383650      0.5379200      0.5375090      0.5370400      0.5369400      0.5368370      0.5363950      0.5357000      0.5354700      0.5352200      0.5349600      0.5346900      0.5344000      0.5341000      0.5337800      0.5334500      0.5330900      0.5327200      0.5323400      0.5319300      0.5315000      0.5310500      0.5305900      0.5301000      0.5295900      0.5290600      0.5285200      0.5279400    
  0.5387900      0.5383580      0.5379200      0.5374900      0.5370400      0.5369900      0.5369390      0.5364680      0.5357000      0.5355850      0.5349400      0.5345100      0.5342400      0.5339700      0.5336800      0.5333700      0.5330500      0.5327100      0.5323500      0.5319800      0.5315900      0.5311800      0.5307600      0.5303100      0.5298500      0.5293600      0.5288600      0.5283300      0.5277800      0.5272200    
  0.5383560      0.5379200      0.5374830      0.5370400      0.5370150      0.5369900      0.5365240      0.5357000      0.5356430      0.5348360      0.5341550      0.5338000      0.5335300      0.5332500      0.5329500      0.5326400      0.5323200      0.5319800      0.5316200      0.5312500      0.5308600      0.5304500      0.5300200      0.5295800      0.5291100      0.5286300      0.5281300      0.5276000      0.5270600      0.5265000    
  0.5379200      0.5374810      0.5370400      0.5370270      0.5370150      0.5365570      0.5357000      0.5356710      0.5347910      0.5339780      0.5338000      0.5336650      0.5332800      0.5325400      0.5322400      0.5319300      0.5316000      0.5312600      0.5309000      0.5305200      0.5301300      0.5297200      0.5292900      0.5288500      0.5283900      0.5279000      0.5274000      0.5268800      0.5263400      0.5257800    
  0.5374800      0.5370400      0.5370340      0.5370270      0.5365750      0.5357000      0.5356860      0.5347700      0.5338890      0.5338000      0.5337330      0.5333210      0.5325400      0.5323900      0.5322370      0.5319230      0.5315970      0.5312530      0.5303140      0.5298000      0.5294100      0.5290000      0.5285700      0.5281300      0.5276600      0.5271800      0.5266800      0.5261700      0.5256300      0.5250700    
  0.5370400      0.5370370      0.5370340      0.5365840      0.5357000      0.5356930      0.5347600      0.5338440      0.5338000      0.5337660      0.5333480      0.5325400      0.5324650      0.5323890      0.5321830      0.5319190      0.5315910      0.5303400      0.5294450      0.5290900      0.5287000      0.5282900      0.5278600      0.5274100      0.5269500      0.5264700      0.5259700      0.5254600      0.5249200      0.5243700    
  0.5370380      0.5370370      0.5365890      0.5357000      0.5356960      0.5347550      0.5338220      0.5338000      0.5337830      0.5333640      0.5325400      0.5325030      0.5324650      0.5323460      0.5321640      0.5318980      0.5304410      0.5292670      0.5290900      0.5285930      0.5279900      0.5275800      0.5271500      0.5267000      0.5262400      0.5257600      0.5252700      0.5247500      0.5242200      0.5236700    
  0.5370380      0.5365910      0.5357000      0.5356980      0.5347520      0.5338110      0.5338000      0.5337920      0.5333720      0.5325400      0.5325210      0.5325020      0.5324380      0.5323250      0.5321360      0.5301420      0.5291790      0.5290900      0.5278080      0.5272950      0.5270460      0.5268800      0.5264500      0.5260000      0.5255400      0.5250600      0.5245700      0.5240600      0.5235300      0.5229800    
  0.5365920      0.5357000      0.5356990      0.5347510      0.5338060      0.5338000      0.5337960      0.5333760      0.5325400      0.5325310      0.5325210      0.5324870      0.5324220      0.5302370      0.5284700      0.5270320      0.5270300      0.5267870      0.5264890      0.5262550      0.5266000      0.5261800      0.5257500      0.5253100      0.5248500      0.5243700      0.5238800      0.5233700      0.5228400      0.5222900    
  0.5357000      0.5357000      0.5347510      0.5338030      0.5338000      0.5337980      0.5333780      0.5325400      0.5325350      0.5325310      0.5325130      0.5324770      0.5286370      0.5240300      0.5240500      0.5251360      0.5248870      0.5249700      0.5255790      0.5259170      0.5259100      0.5255000      0.5250700      0.5246200      0.5241600      0.5236800      0.5231900      0.5226800      0.5221500      0.5216100    
  0.5357000      0.5347500      0.5338010      0.5338000      0.5337990      0.5333790      0.5325400      0.5325380      0.5325350      0.5325260      0.5285160      0.5225300      0.5235130      0.5240090      0.5240090      0.5240500      0.5245750      0.5248050      0.5249700      0.5251720      0.5252400      0.5248200      0.5243900      0.5239400      0.5234800      0.5230000      0.5225100      0.5220000      0.5214800      0.5209400    
  0.5347500      0.5338010      0.5338000      0.5337990      0.5333790      0.5325400      0.5325390      0.5325380      0.5325330      0.5277280      0.5225300      0.5225300      0.5225300      0.5234830      0.5239690      0.5239690      0.5240500      0.5244760      0.5246400      0.5249700      0.5245700      0.5241500      0.5237100      0.5232700      0.5228100      0.5223300      0.5218400      0.5213300      0.5208100      0.5202700    
  0.5338000      0.5338000      0.5338000      0.5333800      0.5325400      0.5325390      0.5325390      0.5293750      0.5261440      0.5225280      0.5225300      0.5225300      0.5225300      0.5225300      0.5234240      0.5238880      0.5238880      0.5240500      0.5242450      0.5243100      0.5239000      0.5234800      0.5230500      0.5226000      0.5221400      0.5216600      0.5211700      0.5206600      0.5201400      0.5196100    
  0.5338000      0.5338000      0.5333800      0.5325400      0.5325400      0.5274030      0.5197000      0.5197950      0.5198900      0.5216450      0.5225250      0.5225300      0.5225300      0.5225300      0.5225300      0.5233090      0.5237270      0.5237250      0.5240500      0.5236500      0.5232400      0.5228200      0.5223900      0.5219400      0.5214800      0.5210000      0.5205100      0.5200000      0.5194800      0.5189500    
  0.5338000      0.5333800      0.5325400      0.5325400      0.5263760      0.5196990      0.5196990      0.5197000      0.5197950      0.5198900      0.5216370      0.5225150      0.5225300      0.5225300      0.5225300      0.5225300      0.5230920      0.5234070      0.5234000      0.5230100      0.5225900      0.5221700      0.5217300      0.5212800      0.5208200      0.5203500      0.5198500      0.5193500      0.5188300      0.5183000    
