iMOD/TUTORIALS/TUT_MetaswapAnalyser/model_MetaSWAP/meteo/Evaporation/Evaporation_20060304_L1.ASC
NCOLS                30
NROWS                30
XLLCORNER     160000.00
YLLCORNER     340000.00
CELLSIZE        1000.00
NODATA_VALUE   -9999.00
  0.8439900      0.8404900      0.8370200      0.8335800      0.8301700      0.8267900      0.8234400      0.8201200      0.8168300      0.8135700      0.8103400      0.8071300      0.8039500      0.8008000      0.7976700      0.7945700      0.7915000      0.7884400      0.7854200      0.7824200      0.7794400      0.7764900      0.7735600      0.7706600      0.7677700      0.7649200      0.7620800      0.7592700      0.7564800      0.7537100    
  0.8437100      0.8402000      0.8367200      0.8332700      0.8298500      0.8264600      0.8231000      0.8197700      0.8164700      0.8132000      0.8099500      0.8067400      0.8035500      0.8003900      0.7972500      0.7941400      0.7910500      0.7880000      0.7849600      0.7819500      0.7789700      0.7760100      0.7730700      0.7701600      0.7672700      0.7644000      0.7615600      0.7587400      0.7559500      0.7531700    
  0.8434300      0.8399100      0.8364200      0.8329600      0.8295300      0.8261300      0.8227600      0.8194200      0.8161100      0.8128300      0.8095700      0.8063500      0.8031500      0.7999800      0.7968300      0.7937100      0.7906200      0.7875500      0.7845100      0.7814900      0.7785000      0.7755300      0.7725800      0.7696600      0.7667700      0.7638900      0.7610400      0.7582200      0.7554200      0.7526400    
  0.8431600      0.8396300      0.8361200      0.8326500      0.8292100      0.8258000      0.8224200      0.8190700      0.8157500      0.8124600      0.8092000      0.8059600      0.8027500      0.7995700      0.7964100      0.7932800      0.7901800      0.7871000      0.7840500      0.7810300      0.7780300      0.7750500      0.7721000      0.7691700      0.7662700      0.7633900      0.7605300      0.7577000      0.7548900      0.7521000    
  0.8428800      0.8393400      0.8358300      0.8323500      0.8289000      0.8254800      0.8220900      0.8187300      0.8154000      0.8120900      0.8088200      0.8055700      0.8023500      0.7991600      0.7960000      0.7928600      0.7897500      0.7866600      0.7836000      0.7805700      0.7775600      0.7745700      0.7716100      0.7686800      0.7657700      0.7628800      0.7600200      0.7571800      0.7543600      0.7515700    
  0.8426100      0.8390600      0.8355400      0.8320500      0.8285900      0.8251600      0.8217600      0.8183900      0.8150400      0.8117300      0.8084500      0.8051900      0.8019600      0.7987600      0.7955800      0.7924400      0.7893200      0.7862200      0.7831500      0.7801100      0.7770900      0.7741000      0.7711300      0.7681900      0.7652700      0.7623800      0.7595100      0.7566600      0.7538400      0.7510400    
  0.8423400      0.8387800      0.8352500      0.8317500      0.8282800      0.8248400      0.8214300      0.8180400      0.8146900      0.8113700      0.8080800      0.8048100      0.8015700      0.7983600      0.7951700      0.7920200      0.7888900      0.7857800      0.7827100      0.7796500      0.7766300      0.7736300      0.7706500      0.7677000      0.7647800      0.7618800      0.7590000      0.7561400      0.7533200      0.7505100    
  0.8420600      0.8384900      0.8349600      0.8314500      0.8279700      0.8245200      0.8211000      0.8177100      0.8143400      0.8110100      0.8077100      0.8044300      0.8011800      0.7979600      0.7947700      0.7916000      0.7884600      0.7853500      0.7822600      0.7792000      0.7761700      0.7731600      0.7701800      0.7672200      0.7642800      0.7613800      0.7584900      0.7556300      0.7528000      0.7499800    
  0.8417900      0.8382100      0.8346700      0.8311500      0.8276600      0.8242000      0.8207700      0.8173700      0.8140000      0.8106500      0.8073400      0.8040500      0.8007900      0.7975600      0.7943600      0.7911900      0.7880400      0.7849200      0.7818200      0.7787500      0.7757100      0.7726900      0.7697000      0.7667400      0.7638000      0.7608800      0.7579900      0.7551200      0.7522800      0.7494600    
  0.8415200      0.8379400      0.8343800      0.8308500      0.8273500      0.8238800      0.8204400      0.8170300      0.8136500      0.8103000      0.8069700      0.8036800      0.8004100      0.7971700      0.7939600      0.7907700      0.7876200      0.7844900      0.7813800      0.7783000      0.7752500      0.7722300      0.7692300      0.7662600      0.7633100      0.7603900      0.7574900      0.7546100      0.7517600      0.7489400    
  0.8415330      0.8379470      0.8334300      0.8305500      0.8270500      0.8235700      0.8201200      0.8167000      0.8133100      0.8099500      0.8066100      0.8033100      0.8000300      0.7967800      0.7935600      0.7903600      0.7872000      0.7840600      0.7809500      0.7778600      0.7748000      0.7717700      0.7687600      0.7657800      0.7628200      0.7598900      0.7569900      0.7541100      0.7512500      0.7484200    
  0.8415430      0.8358650      0.8305500      0.8276950      0.8267400      0.8232600      0.8198000      0.8163700      0.8129700      0.8095900      0.8062500      0.8029400      0.7996500      0.7963900      0.7931600      0.7899600      0.7867800      0.7836300      0.7805100      0.7774200      0.7743500      0.7713100      0.7682900      0.7653100      0.7623400      0.7594000      0.7564900      0.7536000      0.7507400      0.7479000    
  0.8382800      0.8305500      0.8278190      0.8265900      0.8264400      0.8229400      0.8194800      0.8160400      0.8126300      0.8092400      0.8058900      0.8025700      0.7992700      0.7960000      0.7927600      0.7895500      0.7863700      0.7832100      0.7800800      0.7769800      0.7739000      0.7708500      0.7678300      0.7648300      0.7618600      0.7589200      0.7560000      0.7531000      0.7502400      0.7473900    
  0.8305500      0.8278310      0.8265150      0.8264400      0.8240070      0.8226400      0.8191600      0.8157100      0.8122900      0.8089000      0.8055400      0.8022000      0.7989000      0.7956200      0.7923700      0.7891500      0.7859500      0.7827900      0.7796500      0.7765400      0.7734600      0.7704000      0.7673700      0.7643700      0.7613900      0.7584400      0.7555100      0.7526100      0.7497300      0.7468800    
  0.8278250      0.8264770      0.8264400      0.8243620      0.8226400      0.8202130      0.8188400      0.8153800      0.8119500      0.8085500      0.8051800      0.8018400      0.7985200      0.7952400      0.7919800      0.7887500      0.7855500      0.7823700      0.7792200      0.7761100      0.7730100      0.7699500      0.7669100      0.7639000      0.7609100      0.7579500      0.7550200      0.7521100      0.7492300      0.7463700    
  0.8264590      0.8264400      0.8244810      0.8226400      0.8205640      0.8188400      0.8171100      0.8153900      0.8110230      0.8082100      0.8048300      0.8014800      0.7981500      0.7948600      0.7915900      0.7883500      0.7851400      0.7819600      0.7788000      0.7756700      0.7725700      0.7695000      0.7664500      0.7634400      0.7604400      0.7574800      0.7545400      0.7516200      0.7487300      0.7458700    
  0.8264400      0.8245200      0.8226400      0.8206820      0.8188400      0.8179750      0.8171130      0.8129330      0.8082100      0.8065200      0.8032800      0.8011200      0.7977800      0.7944800      0.7912000      0.7879500      0.7847400      0.7815400      0.7783800      0.7752400      0.7721400      0.7690600      0.7660000      0.7629800      0.7599800      0.7570000      0.7540600      0.7511400      0.7482400      0.7453700    
  0.8245330      0.8226400      0.8207200      0.8188400      0.8184080      0.8179760      0.8140580      0.8082100      0.8073650      0.8039420      0.8009400      0.8007600      0.7974200      0.7941000      0.7908200      0.7875600      0.7843300      0.7811300      0.7779600      0.7748200      0.7717000      0.7686100      0.7655500      0.7625200      0.7595100      0.7565300      0.7535800      0.7506500      0.7477500      0.7448700    
  0.8226400      0.8207330      0.8188400      0.8186240      0.8184080      0.8146630      0.8082100      0.8077880      0.8042250      0.8008500      0.8007600      0.7990900      0.7965020      0.7937300      0.7904400      0.7871700      0.7839400      0.7807300      0.7775500      0.7743900      0.7712700      0.7681700      0.7651100      0.7620700      0.7590500      0.7560700      0.7531000      0.7501700      0.7472600      0.7443800    
  0.8207380      0.8188400      0.8187320      0.8186240      0.8149760      0.8082100      0.8079990      0.8043580      0.8008050      0.8007600      0.7999250      0.7975210      0.7937300      0.7920850      0.7904470      0.7871830      0.7839470      0.7807400      0.7760400      0.7739700      0.7708400      0.7677400      0.7646600      0.7616200      0.7585900      0.7556000      0.7526300      0.7496900      0.7467800      0.7438900    
  0.8188400      0.8187860      0.8187320      0.8151350      0.8082100      0.8081040      0.8044220      0.8007820      0.8007600      0.8003420      0.7979840      0.7937300      0.7929080      0.7920870      0.7899050      0.7871920      0.7839570      0.7776100      0.7737650      0.7735600      0.7704200      0.7673100      0.7642200      0.7611700      0.7581400      0.7551400      0.7521700      0.7492200      0.7463000      0.7434100    
  0.8188130      0.8187860      0.8152160      0.8082100      0.8081570      0.8044530      0.8007710      0.8007600      0.8005510      0.7982040      0.7937300      0.7933190      0.7929080      0.7916330      0.7897280      0.7870180      0.7791960      0.7736620      0.7735600      0.7713270      0.7700000      0.7668800      0.7637900      0.7607300      0.7576900      0.7546900      0.7517100      0.7487500      0.7458300      0.7429300    
  0.8188130      0.8152560      0.8082100      0.8081840      0.8044690      0.8007660      0.8007600      0.8006560      0.7983110      0.7937300      0.7935240      0.7933190      0.7926200      0.7914230      0.7894600      0.7803810      0.7736110      0.7735600      0.7708590      0.7695850      0.7677060      0.7664500      0.7633600      0.7602900      0.7572500      0.7542300      0.7512500      0.7482900      0.7453600      0.7424500    
  0.8152760      0.8082100      0.8081970      0.8044770      0.8007630      0.8007600      0.8007080      0.7983640      0.7937300      0.7936270      0.7935240      0.7931540      0.7924540      0.7867730      0.7799060      0.7723510      0.7723500      0.7708280      0.7691030      0.7689650      0.7691700      0.7660300      0.7629300      0.7598500      0.7568000      0.7537800      0.7507900      0.7478300      0.7448900      0.7419800    
  0.8082100      0.8082030      0.8044810      0.8007610      0.8007600      0.8007340      0.7983910      0.7937300      0.7936790      0.7936270      0.7934350      0.7930440      0.7839050      0.7735780      0.7735900      0.7722300      0.7710910      0.7711400      0.7694790      0.7687600      0.7687600      0.7656200      0.7625000      0.7594200      0.7563700      0.7533400      0.7503400      0.7473700      0.7444300      0.7415100    
  0.8082070      0.8044830      0.8007610      0.8007600      0.8007470      0.7984040      0.7937300      0.7937040      0.7936790      0.7935800      0.7863330      0.7757800      0.7743030      0.7735670      0.7735670      0.7735900      0.7718890      0.7710420      0.7711400      0.7690500      0.7683500      0.7652000      0.7620900      0.7590000      0.7559300      0.7529000      0.7499000      0.7469200      0.7439700      0.7410500    
  0.8044840      0.8007600      0.8007600      0.8007530      0.7984100      0.7937300      0.7937170      0.7937040      0.7936540      0.7850300      0.7757800      0.7757800      0.7757800      0.7742850      0.7735440      0.7735440      0.7735900      0.7717840      0.7709450      0.7711400      0.7679500      0.7648000      0.7616700      0.7585700      0.7555100      0.7524700      0.7494600      0.7464800      0.7435200      0.7406000    
  0.8007600      0.8007600      0.8007570      0.7984130      0.7937300      0.7937240      0.7937170      0.7896390      0.7836650      0.7757790      0.7757800      0.7757800      0.7757800      0.7757800      0.7742480      0.7734980      0.7734980      0.7735900      0.7714600      0.7707500      0.7675600      0.7643900      0.7612600      0.7581600      0.7550800      0.7520400      0.7490200      0.7460400      0.7430800      0.7401500    
  0.8007600      0.8007580      0.7984150      0.7937300      0.7937270      0.7884660      0.7805800      0.7790300      0.7774800      0.7763440      0.7757770      0.7757800      0.7757800      0.7757800      0.7757800      0.7741710      0.7734060      0.7734050      0.7735900      0.7703600      0.7671600      0.7639900      0.7608600      0.7577500      0.7546700      0.7516200      0.7486000      0.7456000      0.7426400      0.7397000    
  0.8007590      0.7984160      0.7937300      0.7937280      0.7874160      0.7805790      0.7805790      0.7805800      0.7790300      0.7774800      0.7763400      0.7757720      0.7757800      0.7757800      0.7757800      0.7757800      0.7740000      0.7732230      0.7732200      0.7699900      0.7667800      0.7636000      0.7604600      0.7573400      0.7542500      0.7512000      0.7481700      0.7451800      0.7422100      0.7392600    
