iMOD/TUTORIALS/TUT_MetaswapAnalyser/model_MetaSWAP/meteo/Evaporation/Evaporation_20061022_L1.ASC
NCOLS                30
NROWS                30
XLLCORNER     160000.00
YLLCORNER     340000.00
CELLSIZE        1000.00
NODATA_VALUE   -9999.00
  0.9477200      0.9500400      0.9522800      0.9544600      0.9565600      0.9586000      0.9605800      0.9624900      0.9643400      0.9661400      0.9678700      0.9695500      0.9711800      0.9727500      0.9742800      0.9757500      0.9771800      0.9785600      0.9798900      0.9811900      0.9824400      0.9836400      0.9848100      0.9859500      0.9870400      0.9881000      0.9891200      0.9901100      0.9910700      0.9920000    
  0.9491800      0.9515000      0.9537400      0.9559200      0.9580200      0.9600700      0.9620500      0.9639600      0.9658200      0.9676200      0.9693600      0.9710500      0.9726800      0.9742600      0.9758000      0.9772800      0.9787100      0.9801000      0.9814400      0.9827500      0.9840000      0.9852200      0.9864000      0.9875400      0.9886400      0.9897100      0.9907500      0.9917500      0.9927100      0.9936500    
  0.9506100      0.9529200      0.9551700      0.9573400      0.9594600      0.9615000      0.9634900      0.9654100      0.9672700      0.9690800      0.9708200      0.9725200      0.9741600      0.9757500      0.9772900      0.9787800      0.9802200      0.9816100      0.9829700      0.9842800      0.9855400      0.9867700      0.9879600      0.9891100      0.9902200      0.9913000      0.9923400      0.9933500      0.9943300      0.9952800    
  0.9520200      0.9543300      0.9565700      0.9587500      0.9608600      0.9629100      0.9649000      0.9668200      0.9686900      0.9705000      0.9722600      0.9739600      0.9756000      0.9772000      0.9787500      0.9802400      0.9817000      0.9831000      0.9844600      0.9857800      0.9870600      0.9882900      0.9894900      0.9906500      0.9917700      0.9928600      0.9939100      0.9949300      0.9959200      0.9968800    
  0.9534000      0.9557000      0.9579500      0.9601200      0.9622400      0.9642900      0.9662800      0.9682100      0.9700800      0.9719000      0.9736600      0.9753700      0.9770200      0.9786300      0.9801800      0.9816900      0.9831400      0.9845600      0.9859300      0.9872600      0.9885400      0.9897900      0.9909900      0.9921600      0.9932900      0.9943900      0.9954500      0.9964800      0.9974800      0.9984500    
  0.9547500      0.9570600      0.9593000      0.9614800      0.9635900      0.9656500      0.9676400      0.9695700      0.9714500      0.9732700      0.9750400      0.9767500      0.9784100      0.9800300      0.9815900      0.9831000      0.9845700      0.9859900      0.9873700      0.9887100      0.9900000      0.9912600      0.9924700      0.9936500      0.9947900      0.9959000      0.9969700      0.9980100      0.9990200       1.000000    
  0.9560800      0.9583900      0.9606300      0.9628000      0.9649200      0.9669800      0.9689700      0.9709100      0.9727900      0.9746200      0.9763900      0.9781100      0.9797800      0.9814000      0.9829700      0.9844900      0.9859700      0.9874000      0.9887800      0.9901300      0.9914300      0.9927000      0.9939200      0.9951100      0.9962700      0.9973800      0.9984700      0.9995200       1.000540       1.001530    
  0.9574000      0.9597000      0.9619300      0.9641100      0.9662300      0.9682900      0.9702800      0.9722300      0.9741100      0.9759400      0.9777200      0.9794500      0.9811200      0.9827500      0.9843300      0.9858600      0.9873400      0.9887800      0.9901800      0.9915300      0.9928400      0.9941200      0.9953500      0.9965500      0.9977200      0.9988400      0.9999400       1.001000       1.002030       1.003030    
  0.9586900      0.9609800      0.9632200      0.9654000      0.9675100      0.9695700      0.9715700      0.9735200      0.9754100      0.9772500      0.9790300      0.9807600      0.9824400      0.9840700      0.9856600      0.9872000      0.9886900      0.9901400      0.9915400      0.9929100      0.9942300      0.9955100      0.9967600      0.9979700      0.9991400       1.000280       1.001380       1.002460       1.003500       1.004510    
  0.9599600      0.9622500      0.9644800      0.9666600      0.9687800      0.9708400      0.9728400      0.9747900      0.9766800      0.9785300      0.9803100      0.9820500      0.9837400      0.9853800      0.9869700      0.9885200      0.9900200      0.9914700      0.9928900      0.9942600      0.9955900      0.9968900      0.9981400      0.9993600       1.000540       1.001690       1.002810       1.003890       1.004940       1.005970    
  0.9599400      0.9622300      0.9653250      0.9679100      0.9700200      0.9720800      0.9740900      0.9760400      0.9779400      0.9797800      0.9815800      0.9833200      0.9850100      0.9866600      0.9882600      0.9898100      0.9913200      0.9927900      0.9942100      0.9955900      0.9969300      0.9982400      0.9995000       1.000730       1.001930       1.003090       1.004210       1.005310       1.006370       1.007400    
  0.9599200      0.9638510      0.9679100      0.9704100      0.9712500      0.9733100      0.9753200      0.9772700      0.9791700      0.9810200      0.9828200      0.9845700      0.9862700      0.9879200      0.9895300      0.9910900      0.9926100      0.9940800      0.9955100      0.9969000      0.9982500      0.9995700       1.000840       1.002080       1.003290       1.004460       1.005590       1.006700       1.007770       1.008820    
  0.9623130      0.9679100      0.9706590      0.9718550      0.9724600      0.9745200      0.9765300      0.9784900      0.9803900      0.9822400      0.9840500      0.9858000      0.9875100      0.9891600      0.9907800      0.9923400      0.9938700      0.9953500      0.9967900      0.9981900      0.9995500       1.000880       1.002160       1.003410       1.004630       1.005810       1.006950       1.008070       1.009160       1.010210    
  0.9679100      0.9707970      0.9721570      0.9724600      0.9742300      0.9757100      0.9777200      0.9796800      0.9815900      0.9834500      0.9852500      0.9870100      0.9887200      0.9903900      0.9920100      0.9935800      0.9951100      0.9966000      0.9980500      0.9994600       1.000830       1.002160       1.003460       1.004720       1.005940       1.007140       1.008300       1.009420       1.010520       1.011590    
  0.9708690      0.9723090      0.9724600      0.9741330      0.9757100      0.9774430      0.9789000      0.9808600      0.9827700      0.9846300      0.9864400      0.9882000      0.9899200      0.9915900      0.9932200      0.9948000      0.9963400      0.9978400      0.9993000       1.000710       1.002090       1.003430       1.004740       1.006010       1.007250       1.008450       1.009620       1.010760       1.011860       1.012940    
  0.9723840      0.9724600      0.9741010      0.9757100      0.9773510      0.9789000      0.9798800      0.9808430      0.9835150      0.9858000      0.9876100      0.9893800      0.9911000      0.9927800      0.9944100      0.9960000      0.9975500      0.9990500       1.000520       1.001950       1.003330       1.004690       1.006000       1.007280       1.008530       1.009740       1.010920       1.012070       1.013190       1.014280    
  0.9724600      0.9740900      0.9757100      0.9773200      0.9789000      0.9793900      0.9798740      0.9825100      0.9858000      0.9867050      0.9890040      0.9905400      0.9922700      0.9939500      0.9955900      0.9971900      0.9987400       1.000250       1.001730       1.003160       1.004560       1.005920       1.007240       1.008530       1.009790       1.011010       1.012210       1.013370       1.014500       1.015600    
  0.9740870      0.9757100      0.9773100      0.9789000      0.9791450      0.9793880      0.9818940      0.9858000      0.9862530      0.9888630      0.9911150      0.9916900      0.9934200      0.9951100      0.9967500      0.9983500      0.9999200       1.001440       1.002920       1.004360       1.005770       1.007140       1.008470       1.009770       1.011040       1.012270       1.013470       1.014640       1.015790       1.016900    
  0.9757100      0.9773070      0.9789000      0.9790230      0.9791440      0.9815570      0.9858000      0.9860260      0.9888020      0.9914030      0.9916900      0.9925550      0.9941170      0.9962500      0.9979000      0.9995100       1.001070       1.002600       1.004090       1.005540       1.006960       1.008340       1.009680       1.010990       1.012270       1.013510       1.014720       1.015910       1.017060       1.018180    
  0.9773060      0.9789000      0.9789610      0.9790220      0.9813810      0.9858000      0.9859130      0.9887730      0.9915460      0.9916900      0.9921230      0.9936530      0.9962500      0.9970750      0.9978870      0.9994930       1.001060       1.002590       1.005360       1.006710       1.008130       1.009520       1.010880       1.012190       1.013480       1.014740       1.015960       1.017150       1.018320       1.019450    
  0.9789000      0.9789310      0.9789610      0.9812910      0.9858000      0.9858570      0.9887590      0.9916180      0.9916900      0.9919060      0.9934290      0.9962500      0.9966620      0.9970710      0.9981520      0.9994800       1.001050       1.004830       1.007280       1.007860       1.009300       1.010690       1.012050       1.013380       1.014680       1.015940       1.017180       1.018380       1.019560       1.020700    
  0.9789150      0.9789310      0.9812460      0.9858000      0.9858280      0.9887520      0.9916540      0.9916900      0.9917980      0.9933190      0.9962500      0.9964560      0.9966610      0.9972950      0.9982340      0.9995590       1.004160       1.007570       1.007860       1.009200       1.010440       1.011850       1.013220       1.014560       1.015860       1.017140       1.018380       1.019600       1.020780       1.021940    
  0.9789150      0.9812230      0.9858000      0.9858140      0.9887480      0.9916720      0.9916900      0.9917440      0.9932640      0.9962500      0.9963530      0.9964560      0.9968040      0.9973970      0.9983630       1.004170       1.007720       1.007860       1.010470       1.011560       1.012420       1.012990       1.014370       1.015720       1.017030       1.018320       1.019570       1.020800       1.021990       1.023160    
  0.9812110      0.9858000      0.9858070      0.9887470      0.9916810      0.9916900      0.9917170      0.9932370      0.9962500      0.9963020      0.9963530      0.9965380      0.9968850       1.001910       1.006690       1.011180       1.011180       1.011960       1.012870       1.013240       1.012690       1.014120       1.015510       1.016860       1.018190       1.019480       1.020750       1.021980       1.023190       1.024370    
  0.9858000      0.9858040      0.9887460      0.9916860      0.9916900      0.9917040      0.9932230      0.9962500      0.9962760      0.9963010      0.9963970      0.9965920       1.005120       1.015120       1.015090       1.013940       1.014630       1.014500       1.014080       1.013800       1.013800       1.015230       1.016630       1.017990       1.019330       1.020630       1.021910       1.023160       1.024370       1.025560    
  0.9858020      0.9887450      0.9916880      0.9916900      0.9916970      0.9932170      0.9962500      0.9962630      0.9962760      0.9963250       1.004500       1.016610       1.015650       1.015150       1.015150       1.015090       1.014840       1.014770       1.014500       1.014800       1.014900       1.016330       1.017740       1.019120       1.020460       1.021770       1.023060       1.024310       1.025540       1.026740    
  0.9887450      0.9916890      0.9916900      0.9916930      0.9932130      0.9962500      0.9962560      0.9962630      0.9962880       1.006060       1.016610       1.016610       1.016610       1.015690       1.015220       1.015220       1.015090       1.015020       1.015040       1.014500       1.015980       1.017430       1.018840       1.020220       1.021580       1.022900       1.024200       1.025460       1.026700       1.027910    
  0.9916890      0.9916900      0.9916920      0.9932120      0.9962500      0.9962530      0.9962560       1.002190       1.008820       1.016610       1.016610       1.016610       1.016610       1.016610       1.015790       1.015350       1.015350       1.015090       1.015440       1.015570       1.017050       1.018510       1.019930       1.021320       1.022680       1.024020       1.025320       1.026600       1.027850       1.029070    
  0.9916900      0.9916910      0.9932110      0.9962500      0.9962520       1.005460       1.019260       1.019610       1.019950       1.017730       1.016620       1.016610       1.016610       1.016610       1.016610       1.015980       1.015610       1.015610       1.015090       1.016620       1.018110       1.019570       1.021010       1.022410       1.023780       1.025120       1.026430       1.027720       1.028980       1.030220    
  0.9916900      0.9932100      0.9962500      0.9962510       1.007300       1.019260       1.019260       1.019260       1.019610       1.019950       1.017740       1.016630       1.016610       1.016610       1.016610       1.016610       1.016340       1.016130       1.016130       1.017660       1.019160       1.020630       1.022070       1.023480       1.024860       1.026210       1.027540       1.028840       1.030110       1.031350    
