iMOD/TUTORIALS/TUT_MetaswapAnalyser/model_MetaSWAP/meteo/Evaporation/Evaporation_20061222_L1.ASC
NCOLS                30
NROWS                30
XLLCORNER     160000.00
YLLCORNER     340000.00
CELLSIZE        1000.00
NODATA_VALUE   -9999.00
  0.2241900      0.2243200      0.2244900      0.2246900      0.2249200      0.2251900      0.2254900      0.2258200      0.2261800      0.2265600      0.2269700      0.2274100      0.2278700      0.2283500      0.2288500      0.2293700      0.2299100      0.2304700      0.2310400      0.2316300      0.2322400      0.2328500      0.2334800      0.2341200      0.2347700      0.2354300      0.2361000      0.2367800      0.2374600      0.2381500    
  0.2271500      0.2272900      0.2274700      0.2276800      0.2279200      0.2282000      0.2285100      0.2288500      0.2292100      0.2296000      0.2300200      0.2304600      0.2309200      0.2314100      0.2319100      0.2324300      0.2329700      0.2335300      0.2341000      0.2346900      0.2352900      0.2359100      0.2365300      0.2371700      0.2378100      0.2384700      0.2391300      0.2398000      0.2404800      0.2411600    
  0.2301400      0.2303000      0.2304800      0.2307100      0.2309600      0.2312500      0.2315600      0.2319100      0.2322800      0.2326700      0.2331000      0.2335400      0.2340100      0.2344900      0.2350000      0.2355200      0.2360700      0.2366200      0.2372000      0.2377800      0.2383800      0.2389900      0.2396100      0.2402400      0.2408800      0.2415300      0.2421900      0.2428500      0.2435200      0.2441900    
  0.2331600      0.2333300      0.2335300      0.2337600      0.2340300      0.2343200      0.2346500      0.2350000      0.2353800      0.2357800      0.2362100      0.2366500      0.2371200      0.2376100      0.2381200      0.2386500      0.2391900      0.2397500      0.2403200      0.2409000      0.2415000      0.2421000      0.2427200      0.2433500      0.2439800      0.2446200      0.2452700      0.2459300      0.2465900      0.2472500    
  0.2362100      0.2363900      0.2366000      0.2368500      0.2371200      0.2374300      0.2377600      0.2381200      0.2385000      0.2389100      0.2393400      0.2398000      0.2402700      0.2407600      0.2412700      0.2418000      0.2423400      0.2429000      0.2434700      0.2440500      0.2446400      0.2452500      0.2458600      0.2464800      0.2471100      0.2477500      0.2483900      0.2490300      0.2496900      0.2503400    
  0.2392900      0.2394800      0.2397100      0.2399600      0.2402500      0.2405600      0.2409000      0.2412700      0.2416600      0.2420700      0.2425100      0.2429700      0.2434500      0.2439400      0.2444500      0.2449800      0.2455200      0.2460800      0.2466500      0.2472300      0.2478200      0.2484200      0.2490300      0.2496400      0.2502600      0.2508900      0.2515300      0.2521700      0.2528100      0.2534600    
  0.2423900      0.2426000      0.2428300      0.2431000      0.2434000      0.2437200      0.2440700      0.2444400      0.2448400      0.2452600      0.2457100      0.2461700      0.2466500      0.2471500      0.2476600      0.2481900      0.2487300      0.2492900      0.2498500      0.2504300      0.2510200      0.2516100      0.2522200      0.2528300      0.2534400      0.2540700      0.2546900      0.2553200      0.2559600      0.2565900    
  0.2455100      0.2457400      0.2459900      0.2462600      0.2465700      0.2469000      0.2472600      0.2476500      0.2480500      0.2484800      0.2489200      0.2493900      0.2498800      0.2503800      0.2508900      0.2514200      0.2519600      0.2525200      0.2530800      0.2536600      0.2542400      0.2548400      0.2554300      0.2560400      0.2566500      0.2572600      0.2578800      0.2585000      0.2591300      0.2597600    
  0.2486600      0.2489000      0.2491600      0.2494500      0.2497700      0.2501100      0.2504800      0.2508700      0.2512800      0.2517200      0.2521700      0.2526400      0.2531300      0.2536300      0.2541500      0.2546800      0.2552200      0.2557800      0.2563400      0.2569100      0.2574900      0.2580800      0.2586700      0.2592700      0.2598800      0.2604900      0.2611000      0.2617100      0.2623200      0.2629400    
  0.2518300      0.2520800      0.2523600      0.2526600      0.2529900      0.2533400      0.2537200      0.2541200      0.2545400      0.2549800      0.2554300      0.2559100      0.2564000      0.2569100      0.2574300      0.2579600      0.2585000      0.2590500      0.2596200      0.2601900      0.2607700      0.2613500      0.2619400      0.2625300      0.2631300      0.2637300      0.2643300      0.2649300      0.2655400      0.2661500    
  0.2518400      0.2520900      0.2532470      0.2558900      0.2562300      0.2565900      0.2569800      0.2573800      0.2578100      0.2582600      0.2587200      0.2592000      0.2596900      0.2602000      0.2607300      0.2612600      0.2618000      0.2623600      0.2629200      0.2634800      0.2640600      0.2646400      0.2652200      0.2658100      0.2664000      0.2669900      0.2675900      0.2681800      0.2687800      0.2693700    
  0.2518500      0.2532670      0.2558900      0.2585900      0.2594800      0.2598600      0.2602500      0.2606700      0.2611000      0.2615600      0.2620200      0.2625100      0.2630100      0.2635200      0.2640500      0.2645800      0.2651200      0.2656800      0.2662400      0.2668000      0.2673700      0.2679500      0.2685300      0.2691100      0.2696900      0.2702700      0.2708600      0.2714500      0.2720300      0.2726200    
  0.2531590      0.2558900      0.2595900      0.2611200      0.2627600      0.2631400      0.2635500      0.2639700      0.2644100      0.2648700      0.2653500      0.2658400      0.2663400      0.2668600      0.2673800      0.2679200      0.2684600      0.2690200      0.2695700      0.2701400      0.2707000      0.2712700      0.2718500      0.2724200      0.2730000      0.2735800      0.2741500      0.2747300      0.2753000      0.2758800    
  0.2558900      0.2600450      0.2619400      0.2627600      0.2641130      0.2664400      0.2668600      0.2672900      0.2677400      0.2682100      0.2686900      0.2691800      0.2696900      0.2702100      0.2707400      0.2712800      0.2718200      0.2723700      0.2729300      0.2734900      0.2740500      0.2746200      0.2751900      0.2757600      0.2763300      0.2768900      0.2774600      0.2780300      0.2785900      0.2791600    
  0.2602610      0.2623500      0.2627600      0.2644380      0.2664400      0.2678270      0.2701800      0.2706200      0.2710800      0.2715600      0.2720400      0.2725400      0.2730600      0.2735800      0.2741100      0.2746500      0.2751900      0.2757500      0.2763000      0.2768600      0.2774200      0.2779800      0.2785400      0.2791100      0.2796700      0.2802300      0.2807900      0.2813400      0.2819000      0.2824500    
  0.2625550      0.2627600      0.2645460      0.2664400      0.2681490      0.2701800      0.2704000      0.2706270      0.2720450      0.2749200      0.2754100      0.2759200      0.2764400      0.2769600      0.2775000      0.2780400      0.2785800      0.2791300      0.2796900      0.2802400      0.2808000      0.2813600      0.2819200      0.2824700      0.2830300      0.2835800      0.2841300      0.2846700      0.2852200      0.2857600    
  0.2627600      0.2645820      0.2664400      0.2682560      0.2701800      0.2702900      0.2704020      0.2719980      0.2749200      0.2751650      0.2776520      0.2793100      0.2798300      0.2803600      0.2808900      0.2814400      0.2819800      0.2825300      0.2830900      0.2836400      0.2841900      0.2847500      0.2853000      0.2858500      0.2864000      0.2869400      0.2874800      0.2880200      0.2885500      0.2890800    
  0.2645940      0.2664400      0.2682920      0.2701800      0.2702350      0.2702910      0.2719030      0.2749200      0.2750420      0.2782880      0.2810050      0.2827000      0.2832300      0.2837600      0.2843000      0.2848500      0.2854000      0.2859500      0.2865000      0.2870500      0.2876000      0.2881500      0.2887000      0.2892400      0.2897800      0.2903200      0.2908500      0.2913700      0.2918900      0.2924100    
  0.2664400      0.2683040      0.2701800      0.2702070      0.2702350      0.2718370      0.2749200      0.2749810      0.2785610      0.2818520      0.2827000      0.2829650      0.2842180      0.2871800      0.2877200      0.2882700      0.2888200      0.2893700      0.2899200      0.2904700      0.2910200      0.2915600      0.2921100      0.2926400      0.2931700      0.2937000      0.2942200      0.2947400      0.2952500      0.2957500    
  0.2683080      0.2701800      0.2701940      0.2702080      0.2718000      0.2749200      0.2749510      0.2786880      0.2822760      0.2827000      0.2828330      0.2842660      0.2871800      0.2874500      0.2877230      0.2882700      0.2888200      0.2893700      0.2922000      0.2939000      0.2944500      0.2949900      0.2955200      0.2960500      0.2965800      0.2971000      0.2976100      0.2981100      0.2986100      0.2991000    
  0.2701800      0.2701870      0.2701940      0.2717800      0.2749200      0.2749350      0.2787490      0.2824880      0.2827000      0.2827660      0.2842450      0.2871800      0.2873150      0.2874510      0.2878140      0.2882710      0.2888200      0.2926700      0.2956200      0.2973400      0.2978800      0.2984200      0.2989500      0.2994700      0.2999900      0.3005000      0.3010000      0.3015000      0.3019800      0.3024600    
  0.2701830      0.2701870      0.2717700      0.2749200      0.2749280      0.2787800      0.2825940      0.2827000      0.2827330      0.2842230      0.2871800      0.2872480      0.2873150      0.2875270      0.2878460      0.2883020      0.2927160      0.2964800      0.2973400      0.2988500      0.3013300      0.3018600      0.3023800      0.3029000      0.3034100      0.3039100      0.3044000      0.3048900      0.3053600      0.3058300    
  0.2701830      0.2717650      0.2749200      0.2749240      0.2787950      0.2826470      0.2827000      0.2827170      0.2842090      0.2871800      0.2872140      0.2872480      0.2873630      0.2875630      0.2878910      0.2946960      0.2969100      0.2973400      0.3027310      0.3047800      0.3050940      0.3053000      0.3058200      0.3063300      0.3068400      0.3073300      0.3078100      0.3082800      0.3087500      0.3092000    
  0.2717630      0.2749200      0.2749220      0.2788020      0.2826740      0.2827000      0.2827080      0.2842010      0.2871800      0.2871970      0.2872140      0.2872750      0.2873910      0.2968170      0.3033550      0.3077060      0.3077050      0.3081690      0.3088060      0.3099550      0.3082300      0.3087500      0.3092700      0.3097700      0.3102600      0.3107500      0.3112200      0.3116800      0.3121300      0.3125700    
  0.2749200      0.2749210      0.2788060      0.2826870      0.2827000      0.2827040      0.2841970      0.2871800      0.2871880      0.2871970      0.2872290      0.2872930      0.3041410      0.3245580      0.3244500      0.3178270      0.3185020      0.3180700      0.3138950      0.3116830      0.3116800      0.3122000      0.3127100      0.3132100      0.3137000      0.3141700      0.3146300      0.3150800      0.3155200      0.3159500    
  0.2749200      0.2788080      0.2826930      0.2827000      0.2827020      0.2841950      0.2871800      0.2871840      0.2871880      0.2872050      0.3060360      0.3342300      0.3278710      0.3246660      0.3246660      0.3244500      0.3206500      0.3189350      0.3180700      0.3158720      0.3151400      0.3156600      0.3161600      0.3166500      0.3171300      0.3176000      0.3180500      0.3184900      0.3189100      0.3193300    
  0.2788090      0.2826970      0.2827000      0.2827010      0.2841940      0.2871800      0.2871820      0.2871840      0.2871920      0.3097780      0.3342300      0.3342300      0.3342300      0.3280310      0.3248820      0.3248830      0.3244500      0.3211450      0.3198000      0.3180700      0.3186000      0.3191100      0.3196100      0.3201000      0.3205700      0.3210200      0.3214600      0.3218900      0.3223000      0.3227000    
  0.2826980      0.2827000      0.2827010      0.2841940      0.2871800      0.2871810      0.2871820      0.3030470      0.3181240      0.3342390      0.3342300      0.3342300      0.3342300      0.3342300      0.3283450      0.3253140      0.3253150      0.3244500      0.3222600      0.3215300      0.3220600      0.3225700      0.3230600      0.3235400      0.3240000      0.3244500      0.3248800      0.3252900      0.3256900      0.3260800    
  0.2827000      0.2827000      0.2841940      0.2871800      0.2871810      0.3136460      0.3533400      0.3519850      0.3506300      0.3397220      0.3342580      0.3342300      0.3342300      0.3342300      0.3342300      0.3289550      0.3261780      0.3261800      0.3244500      0.3249900      0.3255100      0.3260200      0.3265100      0.3269800      0.3274300      0.3278700      0.3282900      0.3286900      0.3290800      0.3294500    
  0.2827000      0.2841930      0.2871800      0.2871800      0.3189420      0.3533460      0.3533460      0.3533400      0.3519850      0.3506300      0.3397700      0.3343140      0.3342300      0.3342300      0.3342300      0.3342300      0.3300960      0.3279030      0.3279100      0.3284400      0.3289600      0.3294600      0.3299500      0.3304100      0.3308600      0.3312800      0.3316900      0.3320800      0.3324600      0.3328100    
