iMOD/TUTORIALS/TUT_MetaswapAnalyser/model_MetaSWAP/meteo/Evaporation/Evaporation_20060126_L1.ASC
NCOLS                30
NROWS                30
XLLCORNER     160000.00
YLLCORNER     340000.00
CELLSIZE        1000.00
NODATA_VALUE   -9999.00
  0.2368600      0.2379600      0.2390700      0.2402000      0.2413300      0.2424700      0.2436100      0.2447600      0.2459000      0.2470400      0.2481800      0.2493200      0.2504400      0.2515600      0.2526600      0.2537600      0.2548400      0.2559000      0.2569500      0.2579900      0.2590000      0.2600000      0.2609700      0.2619300      0.2628700      0.2637800      0.2646700      0.2655400      0.2663900      0.2672100    
  0.2393400      0.2404400      0.2415600      0.2426900      0.2438200      0.2449600      0.2461100      0.2472500      0.2484000      0.2495400      0.2506800      0.2518100      0.2529400      0.2540600      0.2551600      0.2562500      0.2573300      0.2584000      0.2594500      0.2604800      0.2614900      0.2624800      0.2634600      0.2644100      0.2653400      0.2662500      0.2671400      0.2680100      0.2688500      0.2696700    
  0.2418400      0.2429500      0.2440700      0.2452000      0.2463400      0.2474800      0.2486300      0.2497800      0.2509200      0.2520700      0.2532100      0.2543400      0.2554600      0.2565800      0.2576800      0.2587800      0.2598500      0.2609200      0.2619600      0.2629900      0.2640000      0.2650000      0.2659700      0.2669200      0.2678500      0.2687500      0.2696400      0.2705000      0.2713400      0.2721500    
  0.2443600      0.2454800      0.2466100      0.2477400      0.2488800      0.2500300      0.2511800      0.2523200      0.2534700      0.2546200      0.2557600      0.2568900      0.2580200      0.2591300      0.2602300      0.2613200      0.2624000      0.2634600      0.2645100      0.2655300      0.2665400      0.2675300      0.2685000      0.2694500      0.2703700      0.2712700      0.2721500      0.2730100      0.2738400      0.2746500    
  0.2469100      0.2480300      0.2491600      0.2503000      0.2514500      0.2526000      0.2537500      0.2549000      0.2560500      0.2571900      0.2583300      0.2594600      0.2605900      0.2617000      0.2628100      0.2639000      0.2649700      0.2660300      0.2670700      0.2681000      0.2691000      0.2700900      0.2710500      0.2720000      0.2729200      0.2738100      0.2746900      0.2755400      0.2763700      0.2771700    
  0.2494800      0.2506100      0.2517400      0.2528800      0.2540300      0.2551800      0.2563400      0.2574900      0.2586400      0.2597900      0.2609300      0.2620600      0.2631900      0.2643000      0.2654000      0.2664900      0.2675600      0.2686200      0.2696600      0.2706800      0.2716900      0.2726700      0.2736300      0.2745700      0.2754800      0.2763800      0.2772500      0.2780900      0.2789100      0.2797100    
  0.2520600      0.2532000      0.2543400      0.2554900      0.2566400      0.2577900      0.2589500      0.2601000      0.2612600      0.2624000      0.2635500      0.2646800      0.2658000      0.2669200      0.2680200      0.2691100      0.2701800      0.2712300      0.2722700      0.2732900      0.2742900      0.2752700      0.2762200      0.2771600      0.2780700      0.2789600      0.2798200      0.2806600      0.2814800      0.2822700    
  0.2546700      0.2558100      0.2569500      0.2581100      0.2592600      0.2604200      0.2615800      0.2627400      0.2638900      0.2650400      0.2661800      0.2673200      0.2684400      0.2695500      0.2706600      0.2717400      0.2728100      0.2738600      0.2749000      0.2759200      0.2769100      0.2778900      0.2788400      0.2797700      0.2806800      0.2815600      0.2824200      0.2832500      0.2840600      0.2848500    
  0.2572800      0.2584300      0.2595800      0.2607400      0.2619000      0.2630600      0.2642300      0.2653900      0.2665400      0.2676900      0.2688400      0.2699700      0.2711000      0.2722100      0.2733100      0.2744000      0.2754600      0.2765200      0.2775500      0.2785600      0.2795500      0.2805200      0.2814700      0.2824000      0.2833000      0.2841800      0.2850300      0.2858600      0.2866600      0.2874400    
  0.2599200      0.2610700      0.2622300      0.2633900      0.2645600      0.2657300      0.2668900      0.2680500      0.2692100      0.2703700      0.2715100      0.2726500      0.2737700      0.2748800      0.2759800      0.2770700      0.2781300      0.2791800      0.2802100      0.2812200      0.2822100      0.2831800      0.2841200      0.2850400      0.2859400      0.2868100      0.2876600      0.2884800      0.2892700      0.2900400    
  0.2599200      0.2610730      0.2631870      0.2660600      0.2672300      0.2684000      0.2695700      0.2707400      0.2719000      0.2730500      0.2742000      0.2753400      0.2764600      0.2775700      0.2786700      0.2797600      0.2808200      0.2818700      0.2829000      0.2839000      0.2848900      0.2858500      0.2867900      0.2877100      0.2886000      0.2894600      0.2903000      0.2911200      0.2919000      0.2926700    
  0.2599220      0.2625600      0.2660600      0.2689520      0.2699100      0.2710900      0.2722600      0.2734300      0.2746000      0.2757500      0.2769000      0.2780400      0.2791700      0.2802800      0.2813800      0.2824600      0.2835200      0.2845700      0.2855900      0.2866000      0.2875800      0.2885400      0.2894700      0.2903800      0.2912700      0.2921300      0.2929600      0.2937700      0.2945500      0.2953000    
  0.2618290      0.2660600      0.2697210      0.2712600      0.2726100      0.2737900      0.2749700      0.2761400      0.2773100      0.2784700      0.2796200      0.2807600      0.2818800      0.2830000      0.2841000      0.2851800      0.2862400      0.2872800      0.2883000      0.2893000      0.2902800      0.2912400      0.2921700      0.2930700      0.2939500      0.2948000      0.2956300      0.2964300      0.2972000      0.2979500    
  0.2660600      0.2700810      0.2719350      0.2726100      0.2743000      0.2765000      0.2776800      0.2788600      0.2800300      0.2811900      0.2823400      0.2834900      0.2846100      0.2857300      0.2868300      0.2879100      0.2889700      0.2900100      0.2910300      0.2920300      0.2930000      0.2939500      0.2948800      0.2957700      0.2966500      0.2974900      0.2983100      0.2991000      0.2998700      0.3006100    
  0.2702560      0.2722730      0.2726100      0.2744700      0.2765000      0.2781970      0.2804100      0.2815900      0.2827600      0.2839300      0.2850800      0.2862300      0.2873600      0.2884700      0.2895700      0.2906500      0.2917100      0.2927500      0.2937600      0.2947600      0.2957300      0.2966800      0.2976000      0.2984900      0.2993600      0.3001900      0.3010100      0.3017900      0.3025500      0.3032700    
  0.2724410      0.2726100      0.2745270      0.2765000      0.2783690      0.2804100      0.2810000      0.2815870      0.2837380      0.2866700      0.2878300      0.2889800      0.2901100      0.2912200      0.2923200      0.2934000      0.2944600      0.2955000      0.2965100      0.2975000      0.2984700      0.2994100      0.3003300      0.3012100      0.3020700      0.3029100      0.3037100      0.3044900      0.3052300      0.3059500    
  0.2726100      0.2745460      0.2765000      0.2784260      0.2804100      0.2807050      0.2809990      0.2832490      0.2866700      0.2872500      0.2899420      0.2917300      0.2928700      0.2939800      0.2950800      0.2961600      0.2972200      0.2982500      0.2992700      0.3002600      0.3012200      0.3021600      0.3030700      0.3039500      0.3048000      0.3056300      0.3064200      0.3071900      0.3079300      0.3086400    
  0.2745520      0.2765000      0.2784450      0.2804100      0.2805580      0.2807050      0.2829060      0.2866700      0.2869600      0.2902950      0.2931150      0.2945000      0.2956300      0.2967500      0.2978500      0.2989300      0.2999900      0.3010200      0.3020300      0.3030200      0.3039800      0.3049100      0.3058100      0.3066900      0.3075400      0.3083500      0.3091400      0.3099000      0.3106300      0.3113300    
  0.2765000      0.2784520      0.2804100      0.2804840      0.2805570      0.2827090      0.2866700      0.2868150      0.2904470      0.2938080      0.2945000      0.2950650      0.2966000      0.2995200      0.3006200      0.3017000      0.3027600      0.3037900      0.3048000      0.3057900      0.3067400      0.3076700      0.3085700      0.3094400      0.3102800      0.3110900      0.3118700      0.3126200      0.3133400      0.3140300    
  0.2784540      0.2804100      0.2804470      0.2804840      0.2826050      0.2866700      0.2867430      0.2905170      0.2941540      0.2945000      0.2947820      0.2964210      0.2995200      0.3000700      0.3006130      0.3016930      0.3027500      0.3037830      0.3068560      0.3085600      0.3095100      0.3104300      0.3113300      0.3121900      0.3130300      0.3138300      0.3146000      0.3153400      0.3160500      0.3167300    
  0.2804100      0.2804280      0.2804470      0.2825510      0.2866700      0.2867060      0.2905510      0.2943270      0.2945000      0.2946410      0.2963060      0.2995200      0.2997950      0.3000680      0.3007920      0.3016860      0.3027420      0.3069360      0.3099500      0.3113400      0.3122900      0.3132000      0.3140900      0.3149500      0.3157800      0.3165700      0.3173400      0.3180700      0.3187700      0.3194400    
  0.2804190      0.2804280      0.2825240      0.2866700      0.2866880      0.2905680      0.2944130      0.2945000      0.2945710      0.2962420      0.2995200      0.2996570      0.2997940      0.3002180      0.3008490      0.3017400      0.3066700      0.3106450      0.3113400      0.3128970      0.3150600      0.3159800      0.3168600      0.3177100      0.3185300      0.3193200      0.3200700      0.3208000      0.3214900      0.3221400    
  0.2804190      0.2825100      0.2866700      0.2866790      0.2905770      0.2944570      0.2945000      0.2945350      0.2962080      0.2995200      0.2995890      0.2996570      0.2998900      0.3002870      0.3009360      0.3079870      0.3109920      0.3113400      0.3160250      0.3178450      0.3183900      0.3187500      0.3196300      0.3204800      0.3212900      0.3220700      0.3228100      0.3235300      0.3242000      0.3248500    
  0.2825040      0.2866700      0.2866750      0.2905810      0.2944780      0.2945000      0.2945180      0.2961910      0.2995200      0.2995540      0.2995890      0.2997120      0.2999450      0.3084310      0.3148590      0.3196850      0.3196850      0.3203020      0.3210910      0.3220200      0.3206300      0.3215300      0.3224000      0.3232400      0.3240500      0.3248200      0.3255500      0.3262600      0.3269200      0.3275600    
  0.2866700      0.2866720      0.2905830      0.2944890      0.2945000      0.2945090      0.2961820      0.2995200      0.2995370      0.2995540      0.2996180      0.2997480      0.3147130      0.3326960      0.3326100      0.3276480      0.3283760      0.3280300      0.3250250      0.3234070      0.3234100      0.3243100      0.3251700      0.3260100      0.3268000      0.3275700      0.3282900      0.3289800      0.3296400      0.3302600    
  0.2866710      0.2905840      0.2944950      0.2945000      0.2945040      0.2961780      0.2995200      0.2995290      0.2995370      0.2995700      0.3157320      0.3398700      0.3351590      0.3327820      0.3327830      0.3326100      0.3299220      0.3287220      0.3280300      0.3266450      0.3261800      0.3270800      0.3279400      0.3287700      0.3295600      0.3303100      0.3310300      0.3317100      0.3323600      0.3329700    
  0.2905840      0.2944970      0.2945000      0.2945020      0.2961760      0.2995200      0.2995240      0.2995290      0.2995450      0.3189160      0.3398700      0.3398700      0.3398700      0.3352860      0.3329550      0.3329550      0.3326100      0.3303270      0.3294150      0.3280300      0.3289600      0.3298500      0.3307100      0.3315300      0.3323100      0.3330500      0.3337600      0.3344300      0.3350700      0.3356700    
  0.2944990      0.2945000      0.2945010      0.2961740      0.2995200      0.2995220      0.2995240      0.3127150      0.3256910      0.3398770      0.3398700      0.3398700      0.3398700      0.3398700      0.3355380      0.3333000      0.3333000      0.3326100      0.3312530      0.3308000      0.3317300      0.3326200      0.3334700      0.3342800      0.3350600      0.3357900      0.3364900      0.3371500      0.3377700      0.3383600    
  0.2945000      0.2945010      0.2961740      0.2995200      0.2995210      0.3212300      0.3537900      0.3530250      0.3522600      0.3440200      0.3398920      0.3398700      0.3398700      0.3398700      0.3398700      0.3360260      0.3339890      0.3339900      0.3326100      0.3335700      0.3345000      0.3353800      0.3362300      0.3370300      0.3378000      0.3385200      0.3392100      0.3398600      0.3404700      0.3410400    
  0.2945000      0.2961740      0.2995200      0.2995210      0.3255740      0.3537950      0.3537950      0.3537900      0.3530250      0.3522600      0.3440580      0.3399370      0.3398700      0.3398700      0.3398700      0.3398700      0.3369450      0.3353670      0.3353700      0.3363300      0.3372500      0.3381300      0.3389700      0.3397700      0.3405300      0.3412500      0.3419200      0.3425600      0.3431600      0.3437200    
