iMOD/TUTORIALS/TUT_MetaswapAnalyser/model_MetaSWAP/meteo/Evaporation/Evaporation_20050416_L1.ASC
NCOLS                30
NROWS                30
XLLCORNER     160000.00
YLLCORNER     340000.00
CELLSIZE        1000.00
NODATA_VALUE   -9999.00
  0.3283200      0.3315100      0.3348200      0.3382500      0.3418000      0.3454800      0.3492800      0.3532000      0.3572400      0.3614100      0.3657000      0.3701100      0.3746400      0.3792900      0.3840700      0.3889700      0.3939800      0.3991200      0.4043700      0.4097500      0.4152400      0.4208400      0.4265700      0.4324000      0.4383600      0.4444200      0.4505900      0.4568700      0.4632700      0.4697600    
  0.3255700      0.3287300      0.3320200      0.3354300      0.3389500      0.3426100      0.3463800      0.3502700      0.3542900      0.3584300      0.3626900      0.3670800      0.3715800      0.3762100      0.3809600      0.3858200      0.3908100      0.3959200      0.4011500      0.4064900      0.4119500      0.4175300      0.4232200      0.4290300      0.4349500      0.4409800      0.4471200      0.4533700      0.4597300      0.4662000    
  0.3228200      0.3259600      0.3292200      0.3326100      0.3361100      0.3397400      0.3434900      0.3473600      0.3513500      0.3554600      0.3597000      0.3640600      0.3685300      0.3731300      0.3778500      0.3826900      0.3876500      0.3927300      0.3979200      0.4032400      0.4086700      0.4142200      0.4198800      0.4256600      0.4315400      0.4375500      0.4436600      0.4498800      0.4562100      0.4626400    
  0.3200700      0.3231900      0.3264300      0.3297900      0.3332800      0.3368800      0.3406000      0.3444500      0.3484100      0.3525000      0.3567100      0.3610400      0.3654900      0.3700600      0.3747500      0.3795600      0.3844900      0.3895400      0.3947100      0.3999900      0.4054000      0.4109100      0.4165500      0.4222900      0.4281500      0.4341200      0.4402000      0.4464000      0.4526900      0.4591000    
  0.3173300      0.3204300      0.3236500      0.3269800      0.3304400      0.3340200      0.3377200      0.3415400      0.3454800      0.3495400      0.3537300      0.3580300      0.3624500      0.3669900      0.3716600      0.3764400      0.3813400      0.3863600      0.3915000      0.3967600      0.4021300      0.4076200      0.4132200      0.4189400      0.4247700      0.4307100      0.4367600      0.4429200      0.4491900      0.4555700    
  0.3145900      0.3176700      0.3208600      0.3241800      0.3276200      0.3311700      0.3348500      0.3386400      0.3425600      0.3465900      0.3507500      0.3550200      0.3594200      0.3639300      0.3685700      0.3733200      0.3782000      0.3831900      0.3883000      0.3935300      0.3988700      0.4043300      0.4099000      0.4155900      0.4213900      0.4273000      0.4333300      0.4394600      0.4457000      0.4520400    
  0.3118500      0.3149100      0.3180900      0.3213800      0.3247900      0.3283200      0.3319700      0.3357400      0.3396300      0.3436400      0.3477700      0.3520200      0.3563900      0.3608800      0.3654900      0.3702100      0.3750600      0.3800200      0.3851100      0.3903000      0.3956200      0.4010500      0.4065900      0.4122500      0.4180200      0.4239100      0.4299000      0.4360000      0.4422100      0.4485300    
  0.3091200      0.3121600      0.3153100      0.3185900      0.3219800      0.3254800      0.3291100      0.3328500      0.3367200      0.3407000      0.3448100      0.3490300      0.3533700      0.3578300      0.3624100      0.3671100      0.3719300      0.3768700      0.3819200      0.3870900      0.3923700      0.3977800      0.4032900      0.4089200      0.4146600      0.4205200      0.4264800      0.4325600      0.4387400      0.4450300    
  0.3064000      0.3094100      0.3125500      0.3158000      0.3191600      0.3226500      0.3262500      0.3299700      0.3338100      0.3377700      0.3418400      0.3460400      0.3503600      0.3547900      0.3593400      0.3640200      0.3688100      0.3737100      0.3787400      0.3838800      0.3891400      0.3945100      0.4000000      0.4056000      0.4113200      0.4171400      0.4230800      0.4291200      0.4352700      0.4415300    
  0.3036800      0.3066700      0.3097800      0.3130100      0.3163500      0.3198200      0.3233900      0.3270900      0.3309000      0.3348400      0.3388900      0.3430600      0.3473500      0.3517600      0.3562800      0.3609300      0.3656900      0.3705700      0.3755700      0.3806800      0.3859100      0.3912600      0.3967200      0.4022900      0.4079700      0.4137700      0.4196800      0.4257000      0.4318200      0.4380500    
  0.3037130      0.3067100      0.3099230      0.3102300      0.3135500      0.3169900      0.3205400      0.3242200      0.3280100      0.3319100      0.3359400      0.3400800      0.3443500      0.3487300      0.3532300      0.3578400      0.3625800      0.3674300      0.3724000      0.3774900      0.3826900      0.3880100      0.3934400      0.3989800      0.4046400      0.4104100      0.4162900      0.4222800      0.4283800      0.4345800    
  0.3037520      0.3076440      0.3102300      0.3106250      0.3107600      0.3141700      0.3177000      0.3213500      0.3251100      0.3290000      0.3330000      0.3371100      0.3413500      0.3457000      0.3501800      0.3547700      0.3594800      0.3643000      0.3692400      0.3743000      0.3794800      0.3847700      0.3901700      0.3956900      0.4013200      0.4070600      0.4129200      0.4188800      0.4249500      0.4311300    
  0.3056240      0.3102300      0.3095440      0.3093600      0.3079600      0.3113600      0.3148600      0.3184900      0.3222300      0.3260800      0.3300600      0.3341500      0.3383600      0.3426900      0.3471400      0.3517000      0.3563800      0.3611800      0.3660900      0.3711300      0.3762700      0.3815400      0.3869100      0.3924100      0.3980100      0.4037300      0.4095500      0.4154900      0.4215300      0.4276800    
  0.3102300      0.3090980      0.3086600      0.3079600      0.3092900      0.3085500      0.3120300      0.3156300      0.3193500      0.3231800      0.3271300      0.3312000      0.3353800      0.3396800      0.3441000      0.3486400      0.3532900      0.3580600      0.3629500      0.3679600      0.3730800      0.3783200      0.3836700      0.3891300      0.3947100      0.4004000      0.4062000      0.4121100      0.4181200      0.4242500    
  0.3089000      0.3083100      0.3079600      0.3086000      0.3085500      0.3099300      0.3092100      0.3127800      0.3164800      0.3202800      0.3242100      0.3282500      0.3324100      0.3366800      0.3410700      0.3455900      0.3502100      0.3549600      0.3598200      0.3648000      0.3698900      0.3751000      0.3804300      0.3858700      0.3914200      0.3970800      0.4028500      0.4087400      0.4147300      0.4208200    
  0.3081350      0.3079600      0.3083700      0.3085500      0.3092300      0.3092100      0.3109950      0.3128230      0.3167320      0.3173900      0.3212900      0.3253100      0.3294400      0.3336900      0.3380600      0.3425400      0.3471400      0.3518600      0.3567000      0.3616500      0.3667200      0.3719000      0.3772000      0.3826100      0.3881400      0.3937700      0.3995200      0.4053800      0.4113400      0.4174200    
  0.3079600      0.3082930      0.3085500      0.3089970      0.3092100      0.3101020      0.3110090      0.3144850      0.3173900      0.3193400      0.3211640      0.3223800      0.3264800      0.3307100      0.3350500      0.3395100      0.3440800      0.3487700      0.3535800      0.3585100      0.3635500      0.3687100      0.3739800      0.3793700      0.3848700      0.3904800      0.3962000      0.4020300      0.4079700      0.4140200    
  0.3082680      0.3085500      0.3089190      0.3092100      0.3096560      0.3101070      0.3132470      0.3173900      0.3183650      0.3196520      0.3209150      0.3194500      0.3235300      0.3277300      0.3320500      0.3364800      0.3410300      0.3456900      0.3504800      0.3553800      0.3603900      0.3655300      0.3707700      0.3761300      0.3816100      0.3872000      0.3928900      0.3987000      0.4046200      0.4106400    
  0.3085500      0.3088930      0.3092100      0.3094330      0.3096580      0.3126000      0.3173900      0.3178770      0.3190080      0.3201830      0.3194500      0.3214900      0.3238700      0.3247700      0.3290500      0.3334600      0.3379800      0.3426300      0.3473800      0.3522600      0.3572500      0.3623500      0.3675800      0.3729100      0.3783600      0.3839200      0.3896000      0.3953800      0.4012700      0.4072700    
  0.3088840      0.3092100      0.3093220      0.3094340      0.3122700      0.3173900      0.3176340      0.3187080      0.3198160      0.3194500      0.3204700      0.3223950      0.3247700      0.3269100      0.3290930      0.3334970      0.3380230      0.3426630      0.3474940      0.3491500      0.3541100      0.3591900      0.3643900      0.3697000      0.3751300      0.3806700      0.3863200      0.3920800      0.3979400      0.4039200    
  0.3092100      0.3092660      0.3093220      0.3121040      0.3173900      0.3175120      0.3185630      0.3196330      0.3194500      0.3199600      0.3217710      0.3247700      0.3258400      0.3269240      0.3298330      0.3335380      0.3380610      0.3443660      0.3476000      0.3460500      0.3509900      0.3560500      0.3612200      0.3665100      0.3719100      0.3774200      0.3830500      0.3887800      0.3946300      0.4005800    
  0.3092380      0.3092660      0.3120200      0.3173900      0.3174510      0.3184910      0.3195420      0.3194500      0.3197050      0.3214880      0.3247700      0.3253050      0.3258450      0.3275330      0.3300990      0.3338110      0.3417680      0.3468250      0.3460500      0.3483070      0.3478800      0.3529100      0.3580600      0.3633200      0.3687000      0.3741900      0.3797900      0.3855100      0.3913300      0.3972600    
  0.3092380      0.3119790      0.3173900      0.3174200      0.3184560      0.3194960      0.3194500      0.3195780      0.3213530      0.3247700      0.3250370      0.3253070      0.3262270      0.3278250      0.3304810      0.3378000      0.3464380      0.3460500      0.3448240      0.3447850      0.3477900      0.3497900      0.3549100      0.3601500      0.3655000      0.3709700      0.3765500      0.3822500      0.3880500      0.3939600    
  0.3119580      0.3173900      0.3174050      0.3184380      0.3194730      0.3194500      0.3195140      0.3212880      0.3247700      0.3249040      0.3250380      0.3255240      0.3264530      0.3254080      0.3293970      0.3368890      0.3368850      0.3389620      0.3411880      0.3401550      0.3416900      0.3466800      0.3517800      0.3569900      0.3623200      0.3677700      0.3733300      0.3790000      0.3847800      0.3906700    
  0.3173900      0.3173980      0.3184290      0.3194610      0.3194500      0.3194820      0.3212550      0.3247700      0.3248370      0.3249040      0.3251550      0.3256720      0.3222620      0.3170080      0.3171000      0.3262860      0.3273450      0.3277200      0.3350260      0.3386230      0.3386200      0.3435800      0.3486600      0.3538500      0.3591600      0.3645800      0.3701200      0.3757700      0.3815300      0.3874000    
  0.3173940      0.3184240      0.3194560      0.3194500      0.3194660      0.3212390      0.3247700      0.3248030      0.3248370      0.3249650      0.3166980      0.3038800      0.3125570      0.3169160      0.3169160      0.3171000      0.3238140      0.3269700      0.3277200      0.3336050      0.3355600      0.3405000      0.3455500      0.3507200      0.3560100      0.3614100      0.3669300      0.3725600      0.3783000      0.3841400    
  0.3184220      0.3194530      0.3194500      0.3194580      0.3212310      0.3247700      0.3247870      0.3248030      0.3248690      0.3148520      0.3038800      0.3038800      0.3038800      0.3124220      0.3167330      0.3167320      0.3171000      0.3234640      0.3262200      0.3277200      0.3325200      0.3374300      0.3424600      0.3476100      0.3528800      0.3582600      0.3637600      0.3693600      0.3750800      0.3809100    
  0.3194510      0.3194500      0.3194540      0.3212270      0.3247700      0.3247780      0.3247870      0.3150150      0.3086270      0.3038720      0.3038800      0.3038800      0.3038800      0.3038800      0.3121600      0.3163650      0.3163650      0.3171000      0.3228180      0.3247200      0.3294900      0.3343800      0.3393900      0.3445200      0.3497600      0.3551200      0.3606000      0.3661900      0.3718900      0.3777000    
  0.3194500      0.3194520      0.3212250      0.3247700      0.3247740      0.3064020      0.2788400      0.2822200      0.2856000      0.2977650      0.3038570      0.3038800      0.3038800      0.3038800      0.3038800      0.3116610      0.3156310      0.3156300      0.3171000      0.3217300      0.3264800      0.3313500      0.3363400      0.3414400      0.3466700      0.3520100      0.3574600      0.3630300      0.3687100      0.3745000    
  0.3194510      0.3212240      0.3247700      0.3247720      0.3027210      0.2788350      0.2788350      0.2788400      0.2822200      0.2856000      0.2977250      0.3038100      0.3038800      0.3038800      0.3038800      0.3038800      0.3107680      0.3141630      0.3141600      0.3187600      0.3234900      0.3283300      0.3333000      0.3383800      0.3435900      0.3489100      0.3543500      0.3599000      0.3655600      0.3713300    
