iMOD/TUTORIALS/TUT_MetaswapAnalyser/model_MetaSWAP/meteo/Evaporation/Evaporation_20050714_L1.ASC
NCOLS                30
NROWS                30
XLLCORNER     160000.00
YLLCORNER     340000.00
CELLSIZE        1000.00
NODATA_VALUE   -9999.00
   4.974870       4.972330       4.969740       4.967090       4.964380       4.961630       4.958830       4.955980       4.953080       4.950130       4.947140       4.944100       4.941030       4.937910       4.934750       4.931550       4.928320       4.925040       4.921740       4.918400       4.915020       4.911620       4.908190       4.904730       4.901240       4.897730       4.894200       4.890640       4.887070       4.883470    
   4.977440       4.974920       4.972340       4.969710       4.967030       4.964300       4.961510       4.958680       4.955800       4.952880       4.949910       4.946900       4.943840       4.940740       4.937600       4.934430       4.931220       4.927970       4.924680       4.921360       4.918010       4.914630       4.911220       4.907780       4.904320       4.900830       4.897320       4.893790       4.890230       4.886660    
   4.979990       4.977490       4.974930       4.972320       4.969660       4.966940       4.964180       4.961370       4.958510       4.955610       4.952660       4.949670       4.946640       4.943560       4.940440       4.937290       4.934100       4.930870       4.927610       4.924310       4.920980       4.917620       4.914240       4.910820       4.907380       4.903910       4.900420       4.896910       4.893370       4.889820    
   4.982530       4.980040       4.977500       4.974910       4.972270       4.969580       4.966840       4.964050       4.961210       4.958330       4.955400       4.952430       4.949410       4.946360       4.943270       4.940130       4.936960       4.933760       4.930520       4.927240       4.923940       4.920600       4.917230       4.913840       4.910420       4.906970       4.903500       4.900010       4.896500       4.892970    
   4.985050       4.982580       4.980060       4.977490       4.974870       4.972200       4.969470       4.966700       4.963890       4.961030       4.958120       4.955170       4.952180       4.949150       4.946070       4.942960       4.939810       4.936630       4.933410       4.930160       4.926870       4.923560       4.920210       4.916840       4.913440       4.910020       4.906570       4.903100       4.899610       4.896100    
   4.987560       4.985110       4.982610       4.980050       4.977450       4.974800       4.972100       4.969350       4.966550       4.963710       4.960820       4.957900       4.954920       4.951910       4.948860       4.945770       4.942650       4.939480       4.936290       4.933060       4.929790       4.926500       4.923180       4.919830       4.916450       4.913050       4.909620       4.906170       4.902700       4.899210    
   4.990050       4.987620       4.985140       4.982600       4.980020       4.977390       4.974700       4.971980       4.969200       4.966380       4.963510       4.960610       4.957660       4.954670       4.951640       4.948570       4.945460       4.942320       4.939150       4.935940       4.932700       4.929430       4.926120       4.922790       4.919440       4.916060       4.912650       4.909220       4.905770       4.902300    
   4.992520       4.990110       4.987650       4.985140       4.982570       4.979960       4.977300       4.974590       4.971830       4.969030       4.966190       4.963300       4.960370       4.957400       4.954400       4.951350       4.948270       4.945150       4.941990       4.938800       4.935580       4.932330       4.929050       4.925740       4.922410       4.919050       4.915660       4.912250       4.908820       4.905370    
   4.994990       4.992600       4.990150       4.987660       4.985110       4.982520       4.979880       4.977190       4.974450       4.971670       4.968850       4.965980       4.963080       4.960130       4.957140       4.954110       4.951050       4.947950       4.944820       4.941650       4.938460       4.935230       4.931970       4.928680       4.925360       4.922020       4.918660       4.915270       4.911860       4.908430    
   4.997440       4.995070       4.992640       4.990160       4.987640       4.985060       4.982440       4.979770       4.977060       4.974300       4.971490       4.968650       4.965760       4.962830       4.959870       4.956860       4.953820       4.950740       4.947630       4.944490       4.941310       4.938100       4.934860       4.931600       4.928300       4.924980       4.921640       4.918270       4.914880       4.911470    
   4.997420       4.995050       4.992630       4.992660       4.990150       4.987590       4.984990       4.982340       4.979650       4.976910       4.974130       4.971300       4.968430       4.965530       4.962580       4.959600       4.956580       4.953520       4.950430       4.947310       4.944150       4.940960       4.937750       4.934500       4.931230       4.927930       4.924600       4.921260       4.917880       4.914490    
   4.997410       4.994440       4.992660       4.992650       4.992650       4.990110       4.987530       4.984900       4.982220       4.979500       4.976740       4.973940       4.971090       4.968210       4.965280       4.962320       4.959320       4.956280       4.953210       4.950110       4.946970       4.943810       4.940610       4.937390       4.934130       4.930850       4.927550       4.924220       4.920870       4.917500    
   4.996060       4.992660       4.993580       4.993890       4.995130       4.992620       4.990050       4.987440       4.984790       4.982090       4.979350       4.976560       4.973740       4.970870       4.967970       4.965020       4.962050       4.959030       4.955980       4.952900       4.949780       4.946640       4.943460       4.940260       4.937020       4.933770       4.930480       4.927170       4.923840       4.920490    
   4.992660       4.993970       4.994510       4.995130       4.994290       4.995110       4.992560       4.989970       4.987340       4.984660       4.981940       4.979170       4.976370       4.973520       4.970640       4.967720       4.964760       4.961760       4.958730       4.955670       4.952580       4.949450       4.946300       4.943110       4.939900       4.936660       4.933400       4.930110       4.926800       4.923460    
   4.994140       4.994820       4.995130       4.994840       4.995110       4.994240       4.995060       4.992490       4.989870       4.987210       4.984510       4.981770       4.978980       4.976160       4.973290       4.970390       4.967460       4.964480       4.961470       4.958430       4.955360       4.952250       4.949120       4.945950       4.942760       4.939540       4.936300       4.933030       4.929740       4.926420    
   4.994980       4.995130       4.995030       4.995110       4.994800       4.995060       4.993770       4.992470       4.989830       4.989760       4.987080       4.984350       4.981590       4.978780       4.975940       4.973060       4.970140       4.967190       4.964200       4.961180       4.958120       4.955040       4.951920       4.948780       4.945600       4.942410       4.939180       4.935930       4.932660       4.929360    
   4.995130       4.995090       4.995110       4.994990       4.995060       4.994420       4.993770       4.991460       4.989760       4.988420       4.987520       4.986920       4.984180       4.981390       4.978570       4.975710       4.972810       4.969880       4.966910       4.963910       4.960870       4.957810       4.954710       4.951590       4.948430       4.945250       4.942050       4.938820       4.935570       4.932290    
   4.995110       4.995110       4.995050       4.995060       4.994740       4.994420       4.992350       4.989760       4.989090       4.988680       4.988200       4.989480       4.986750       4.983990       4.981180       4.978340       4.975470       4.972550       4.969600       4.966620       4.963610       4.960560       4.957490       4.954380       4.951250       4.948090       4.944900       4.941690       4.938460       4.935200    
   4.995110       4.995070       4.995060       4.994900       4.994740       4.992820       4.989760       4.989420       4.989170       4.988840       4.989480       4.988120       4.986700       4.986570       4.983790       4.980970       4.978110       4.975210       4.972290       4.969320       4.966330       4.963300       4.960250       4.957160       4.954050       4.950910       4.947740       4.944550       4.941330       4.938090    
   4.995080       4.995060       4.994980       4.994900       4.993050       4.989760       4.989590       4.989400       4.989160       4.989480       4.988800       4.987720       4.986570       4.985180       4.983780       4.980960       4.978100       4.975200       4.972700       4.972010       4.969040       4.966030       4.963000       4.959930       4.956830       4.953710       4.950560       4.947390       4.944190       4.940970    
   4.995060       4.995020       4.994980       4.993170       4.989760       4.989680       4.989510       4.989320       4.989480       4.989140       4.988140       4.986570       4.985880       4.985180       4.983300       4.980940       4.978090       4.974810       4.973350       4.974690       4.971730       4.968750       4.965730       4.962680       4.959610       4.956500       4.953370       4.950220       4.947040       4.943840    
   4.995040       4.995020       4.993230       4.989760       4.989720       4.989570       4.989400       4.989480       4.989310       4.988330       4.986570       4.986220       4.985870       4.984790       4.983140       4.980780       4.976510       4.974020       4.974690       4.973610       4.974410       4.971450       4.968450       4.965420       4.962360       4.959280       4.956170       4.953030       4.949870       4.946690    
   4.995040       4.993260       4.989760       4.989740       4.989590       4.989440       4.989480       4.989390       4.988420       4.986570       4.986400       4.986220       4.985630       4.984600       4.982900       4.979470       4.974350       4.974690       4.976610       4.977070       4.975300       4.974130       4.971150       4.968140       4.965100       4.962040       4.958950       4.955830       4.952680       4.949520    
   4.993280       4.989760       4.989750       4.989610       4.989460       4.989480       4.989440       4.988470       4.986570       4.986480       4.986400       4.986080       4.985480       4.987880       4.986540       4.982570       4.982570       4.981400       4.980170       4.981060       4.979730       4.976800       4.973840       4.970850       4.967830       4.964780       4.961710       4.958610       4.955490       4.952340    
   4.989760       4.989750       4.989610       4.989470       4.989480       4.989460       4.988490       4.986570       4.986530       4.986480       4.986320       4.985990       4.991290       4.998460       4.998380       4.991290       4.990780       4.990460       4.985060       4.982370       4.982380       4.979460       4.976520       4.973550       4.970550       4.967520       4.964460       4.961380       4.958270       4.955140    
   4.989760       4.989620       4.989480       4.989480       4.989470       4.988500       4.986570       4.986550       4.986530       4.986440       4.995220       5.008650       5.001920       4.998540       4.998540       4.998380       4.993420       4.991110       4.990460       4.986360       4.985000       4.982110       4.979190       4.976230       4.973250       4.970240       4.967200       4.964130       4.961040       4.957930    
   4.989620       4.989480       4.989480       4.989470       4.988500       4.986570       4.986560       4.986550       4.986510       4.997100       5.008650       5.008650       5.008650       5.002040       4.998700       4.998700       4.998380       4.993740       4.991750       4.990460       4.987620       4.984740       4.981840       4.978900       4.975940       4.972940       4.969920       4.966870       4.963800       4.960700    
   4.989480       4.989480       4.989480       4.988510       4.986570       4.986560       4.986560       4.995780       5.002660       5.008660       5.008650       5.008650       5.008650       5.008650       5.002270       4.999010       4.999010       4.998380       4.994370       4.993040       4.990220       4.987360       4.984470       4.981560       4.978610       4.975630       4.972630       4.969600       4.966540       4.963460    
   4.989480       4.989480       4.988510       4.986570       4.986570       5.003310       5.028430       5.025970       5.023510       5.013620       5.008670       5.008650       5.008650       5.008650       5.008650       5.002700       4.999650       4.999650       4.998380       4.995610       4.992810       4.989970       4.987100       4.984200       4.981270       4.978310       4.975320       4.972310       4.969270       4.966210    
   4.989480       4.988510       4.986570       4.986570       5.006670       5.028430       5.028430       5.028430       5.025970       5.023510       5.013660       5.008710       5.008650       5.008650       5.008650       5.008650       5.003490       5.000920       5.000920       4.998170       4.995380       4.992560       4.989710       4.986830       4.983910       4.980970       4.978000       4.975010       4.971980       4.968940    
