iMOD/TUTORIALS/TUT_MetaswapAnalyser/model_MetaSWAP/meteo/Evaporation/Evaporation_20051122_L1.ASC
NCOLS                30
NROWS                30
XLLCORNER     160000.00
YLLCORNER     340000.00
CELLSIZE        1000.00
NODATA_VALUE   -9999.00
  0.3797800      0.3789500      0.3781000      0.3772500      0.3763800      0.3754900      0.3746000      0.3736900      0.3727700      0.3718500      0.3709100      0.3699700      0.3690200      0.3680700      0.3671100      0.3661400      0.3651700      0.3641900      0.3632200      0.3622300      0.3612500      0.3602600      0.3592800      0.3582900      0.3572900      0.3563000      0.3553100      0.3543200      0.3533200      0.3523300    
  0.3806900      0.3798500      0.3789900      0.3781200      0.3772400      0.3763500      0.3754400      0.3745300      0.3736000      0.3726700      0.3717200      0.3707700      0.3698200      0.3688500      0.3678900      0.3669100      0.3659300      0.3649500      0.3639700      0.3629800      0.3619900      0.3610000      0.3600100      0.3590100      0.3580100      0.3570200      0.3560200      0.3550200      0.3540200      0.3530300    
  0.3815900      0.3807300      0.3798700      0.3789900      0.3780900      0.3771900      0.3762700      0.3753500      0.3744200      0.3734700      0.3725200      0.3715600      0.3706000      0.3696300      0.3686500      0.3676700      0.3666900      0.3657000      0.3647100      0.3637200      0.3627200      0.3617300      0.3607300      0.3597300      0.3587300      0.3577200      0.3567200      0.3557200      0.3547200      0.3537200    
  0.3824800      0.3816100      0.3807300      0.3798400      0.3789400      0.3780200      0.3771000      0.3761600      0.3752200      0.3742700      0.3733100      0.3723400      0.3713700      0.3704000      0.3694100      0.3684300      0.3674400      0.3664400      0.3654400      0.3644500      0.3634400      0.3624400      0.3614400      0.3604300      0.3594300      0.3584200      0.3574200      0.3564100      0.3554000      0.3544000    
  0.3833700      0.3824800      0.3815900      0.3806900      0.3797700      0.3788500      0.3779100      0.3769700      0.3760200      0.3750600      0.3740900      0.3731200      0.3721400      0.3711500      0.3701600      0.3691700      0.3681700      0.3671700      0.3661700      0.3651600      0.3641600      0.3631500      0.3621400      0.3611300      0.3601200      0.3591100      0.3581000      0.3570900      0.3560800      0.3550700    
  0.3842400      0.3833500      0.3824400      0.3815300      0.3806000      0.3796600      0.3787200      0.3777700      0.3768000      0.3758300      0.3748600      0.3738800      0.3728900      0.3719000      0.3709000      0.3699000      0.3689000      0.3678900      0.3668800      0.3658700      0.3648600      0.3638500      0.3628300      0.3618200      0.3608100      0.3597900      0.3587800      0.3577600      0.3567500      0.3557400    
  0.3851100      0.3842000      0.3832900      0.3823600      0.3814200      0.3804700      0.3795200      0.3785500      0.3775800      0.3766100      0.3756200      0.3746300      0.3736400      0.3726400      0.3716300      0.3706300      0.3696200      0.3686000      0.3675900      0.3665700      0.3655600      0.3645400      0.3635200      0.3625000      0.3614800      0.3604700      0.3594500      0.3584300      0.3574200      0.3564000    
  0.3859800      0.3850600      0.3841200      0.3831800      0.3822300      0.3812700      0.3803100      0.3793400      0.3783500      0.3773700      0.3763800      0.3753800      0.3743700      0.3733700      0.3723600      0.3713400      0.3703300      0.3693100      0.3682900      0.3672700      0.3662400      0.3652200      0.3642000      0.3631800      0.3621500      0.3611300      0.3601100      0.3590900      0.3580700      0.3570500    
  0.3868400      0.3859000      0.3849600      0.3840000      0.3830400      0.3820700      0.3810900      0.3801100      0.3791200      0.3781200      0.3771200      0.3761200      0.3751100      0.3740900      0.3730700      0.3720500      0.3710300      0.3700100      0.3689800      0.3679500      0.3669300      0.3659000      0.3648700      0.3638400      0.3628200      0.3617900      0.3607700      0.3597400      0.3587200      0.3577000    
  0.3876900      0.3867400      0.3857800      0.3848200      0.3838400      0.3828600      0.3818700      0.3808800      0.3798800      0.3788700      0.3778600      0.3768500      0.3758300      0.3748100      0.3737800      0.3727600      0.3717300      0.3707000      0.3696700      0.3686300      0.3676000      0.3665700      0.3655400      0.3645000      0.3634700      0.3624400      0.3614200      0.3603900      0.3593700      0.3583400    
  0.3876870      0.3867370      0.3857400      0.3856200      0.3846400      0.3836500      0.3826500      0.3816400      0.3806300      0.3796200      0.3786000      0.3775800      0.3765500      0.3755200      0.3744900      0.3734500      0.3724200      0.3713800      0.3703400      0.3693100      0.3682700      0.3672300      0.3661900      0.3651600      0.3641200      0.3630900      0.3620600      0.3610300      0.3600000      0.3589800    
  0.3876840      0.3864460      0.3856200      0.3854780      0.3854300      0.3844300      0.3834200      0.3824000      0.3813800      0.3803600      0.3793300      0.3783000      0.3772600      0.3762300      0.3751900      0.3741500      0.3731000      0.3720600      0.3710200      0.3699700      0.3689300      0.3678900      0.3668500      0.3658100      0.3647700      0.3637300      0.3627000      0.3616700      0.3606400      0.3596100    
  0.3870940      0.3856200      0.3857860      0.3858250      0.3862200      0.3852000      0.3841800      0.3831600      0.3821300      0.3810900      0.3800600      0.3790100      0.3779700      0.3769300      0.3758800      0.3748300      0.3737800      0.3727300      0.3716800      0.3706400      0.3695900      0.3685400      0.3675000      0.3664500      0.3654100      0.3643700      0.3633300      0.3623000      0.3612700      0.3602400    
  0.3856200      0.3859120      0.3860230      0.3862200      0.3858000      0.3859800      0.3849400      0.3839100      0.3828700      0.3818200      0.3807800      0.3797300      0.3786800      0.3776200      0.3765700      0.3755100      0.3744600      0.3734000      0.3723500      0.3712900      0.3702400      0.3691900      0.3681400      0.3670900      0.3660500      0.3650000      0.3639600      0.3629300      0.3618900      0.3608600    
  0.3859680      0.3861210      0.3862200      0.3860000      0.3859800      0.3855400      0.3857000      0.3846600      0.3836000      0.3825500      0.3815000      0.3804400      0.3793800      0.3783200      0.3772500      0.3761900      0.3751300      0.3740700      0.3730100      0.3719500      0.3708900      0.3698300      0.3687800      0.3677300      0.3666800      0.3656300      0.3645900      0.3635500      0.3625100      0.3614800    
  0.3861710      0.3862200      0.3860670      0.3859800      0.3857400      0.3857000      0.3851800      0.3846530      0.3835230      0.3832800      0.3822100      0.3811400      0.3800800      0.3790100      0.3779400      0.3768700      0.3758000      0.3747300      0.3736600      0.3726000      0.3715400      0.3704700      0.3694200      0.3683600      0.3673100      0.3662600      0.3652100      0.3641700      0.3631300      0.3620900    
  0.3862200      0.3860890      0.3859800      0.3858070      0.3857000      0.3854400      0.3851780      0.3841590      0.3832800      0.3827450      0.3822060      0.3818500      0.3807700      0.3796900      0.3786200      0.3775400      0.3764600      0.3753900      0.3743200      0.3732500      0.3721800      0.3711100      0.3700500      0.3689900      0.3679300      0.3668800      0.3658300      0.3647900      0.3637400      0.3627100    
  0.3860960      0.3859800      0.3858290      0.3857000      0.3855700      0.3854390      0.3845140      0.3832800      0.3830130      0.3825960      0.3822000      0.3825500      0.3814600      0.3803800      0.3792900      0.3782100      0.3771300      0.3760400      0.3749700      0.3738900      0.3728200      0.3717500      0.3706800      0.3696200      0.3685600      0.3675000      0.3664500      0.3654000      0.3643600      0.3633200    
  0.3859800      0.3858360      0.3857000      0.3856350      0.3855700      0.3847010      0.3832800      0.3831460      0.3827630      0.3823750      0.3825500      0.3820050      0.3813620      0.3810600      0.3799700      0.3788800      0.3777900      0.3767000      0.3756100      0.3745300      0.3734500      0.3723800      0.3713100      0.3702400      0.3691800      0.3681200      0.3670600      0.3660100      0.3649700      0.3639200    
  0.3858390      0.3857000      0.3856680      0.3856350      0.3847960      0.3832800      0.3832130      0.3828400      0.3824630      0.3825500      0.3822770      0.3817440      0.3810600      0.3805150      0.3799700      0.3788800      0.3777900      0.3767000      0.3755640      0.3751700      0.3740900      0.3730100      0.3719300      0.3708600      0.3697900      0.3687300      0.3676800      0.3666200      0.3655700      0.3645300    
  0.3857000      0.3856840      0.3856670      0.3848450      0.3832800      0.3832470      0.3828780      0.3825060      0.3825500      0.3824140      0.3819080      0.3810600      0.3807870      0.3805150      0.3797880      0.3788800      0.3777900      0.3762710      0.3754900      0.3758100      0.3747200      0.3736400      0.3725600      0.3714800      0.3704100      0.3693500      0.3682900      0.3672300      0.3661800      0.3651400    
  0.3856920      0.3856840      0.3848690      0.3832800      0.3832630      0.3828970      0.3825280      0.3825500      0.3824820      0.3819830      0.3810600      0.3809240      0.3807870      0.3803640      0.3797280      0.3788190      0.3768800      0.3756500      0.3758100      0.3752970      0.3753600      0.3742700      0.3731800      0.3721000      0.3710300      0.3699600      0.3689000      0.3678400      0.3667900      0.3657400    
  0.3856920      0.3848810      0.3832800      0.3832720      0.3829060      0.3825390      0.3825500      0.3825160      0.3820190      0.3810600      0.3809920      0.3809240      0.3806920      0.3802930      0.3796370      0.3777770      0.3757300      0.3758100      0.3760080      0.3759900      0.3753320      0.3748900      0.3738000      0.3727200      0.3716400      0.3705700      0.3695100      0.3684500      0.3674000      0.3663500    
  0.3848870      0.3832800      0.3832760      0.3829100      0.3825450      0.3825500      0.3825330      0.3820360      0.3810600      0.3810260      0.3809920      0.3808690      0.3806360      0.3806750      0.3795890      0.3777300      0.3777300      0.3772470      0.3767260      0.3769350      0.3766200      0.3755200      0.3744300      0.3733400      0.3722600      0.3711900      0.3701200      0.3690600      0.3680000      0.3669500    
  0.3832800      0.3832780      0.3829130      0.3825470      0.3825500      0.3825410      0.3820450      0.3810600      0.3810430      0.3810260      0.3809620      0.3808320      0.3812800      0.3821010      0.3820800      0.3800190      0.3797300      0.3796500      0.3780420      0.3772530      0.3772500      0.3761500      0.3750500      0.3739600      0.3728800      0.3718000      0.3707300      0.3696700      0.3686100      0.3675600    
  0.3832790      0.3829140      0.3825490      0.3825500      0.3825460      0.3820490      0.3810600      0.3810510      0.3810430      0.3810100      0.3826560      0.3852300      0.3831610      0.3821210      0.3821210      0.3820800      0.3805380      0.3798100      0.3796500      0.3783300      0.3778900      0.3767800      0.3756800      0.3745800      0.3735000      0.3724200      0.3713400      0.3702800      0.3692200      0.3681700    
  0.3829140      0.3825490      0.3825500      0.3825480      0.3820510      0.3810600      0.3810560      0.3810510      0.3810350      0.3830340      0.3852300      0.3852300      0.3852300      0.3831910      0.3821630      0.3821630      0.3820800      0.3806100      0.3799700      0.3796500      0.3785300      0.3774100      0.3763000      0.3752100      0.3741200      0.3730300      0.3719600      0.3708900      0.3698300      0.3687800    
  0.3825500      0.3825500      0.3825490      0.3820520      0.3810600      0.3810580      0.3810560      0.3832610      0.3845070      0.3852320      0.3852300      0.3852300      0.3852300      0.3852300      0.3832500      0.3822450      0.3822450      0.3820800      0.3807400      0.3802900      0.3791600      0.3780400      0.3769300      0.3758300      0.3747400      0.3736500      0.3725800      0.3715100      0.3704500      0.3693900    
  0.3825500      0.3825490      0.3820530      0.3810600      0.3810590      0.3853790      0.3918600      0.3908800      0.3899000      0.3867920      0.3852360      0.3852300      0.3852300      0.3852300      0.3852300      0.3833610      0.3824100      0.3824100      0.3820800      0.3809400      0.3798000      0.3786800      0.3775700      0.3764600      0.3753600      0.3742700      0.3732000      0.3721200      0.3710600      0.3700100    
  0.3825500      0.3820530      0.3810600      0.3810590      0.3862450      0.3918610      0.3918610      0.3918600      0.3908800      0.3899000      0.3868020      0.3852470      0.3852300      0.3852300      0.3852300      0.3852300      0.3835590      0.3827400      0.3827400      0.3815900      0.3804500      0.3793200      0.3782000      0.3770900      0.3759900      0.3749000      0.3738200      0.3727500      0.3716800      0.3706300    
