iMOD/TUTORIALS/TUT_MetaswapAnalyser/model_MetaSWAP/meteo/Evaporation/Evaporation_20060628_L1.ASC
NCOLS                30
NROWS                30
XLLCORNER     160000.00
YLLCORNER     340000.00
CELLSIZE        1000.00
NODATA_VALUE   -9999.00
   4.280100       4.273530       4.266910       4.260250       4.253560       4.246850       4.240140       4.233440       4.226740       4.220080       4.213440       4.206850       4.200310       4.193840       4.187420       4.181090       4.174830       4.168660       4.162580       4.156600       4.150710       4.144930       4.139260       4.133700       4.128240       4.122900       4.117680       4.112570       4.107580       4.102700    
   4.279470       4.272920       4.266330       4.259700       4.253040       4.246370       4.239700       4.233020       4.226360       4.219730       4.213130       4.206570       4.200060       4.193610       4.187230       4.180920       4.174680       4.168530       4.162470       4.156500       4.150640       4.144870       4.139210       4.133660       4.128210       4.122880       4.117660       4.112560       4.107570       4.102690    
   4.278750       4.272230       4.265660       4.259060       4.252440       4.245800       4.239160       4.232520       4.225890       4.219290       4.212720       4.206190       4.199710       4.193290       4.186930       4.180650       4.174440       4.168310       4.162270       4.156320       4.150470       4.144720       4.139070       4.133530       4.128090       4.122770       4.117560       4.112460       4.107480       4.102610    
   4.277970       4.271460       4.264920       4.258350       4.251750       4.245140       4.238530       4.231920       4.225330       4.218760       4.212220       4.205720       4.199270       4.192880       4.186550       4.180280       4.174100       4.167990       4.161970       4.156040       4.150210       4.144480       4.138840       4.133310       4.127890       4.122580       4.117380       4.112290       4.107310       4.102440    
   4.277110       4.270620       4.264100       4.257550       4.250980       4.244400       4.237820       4.231240       4.224680       4.218140       4.211630       4.205160       4.198740       4.192380       4.186070       4.179830       4.173670       4.167590       4.161590       4.155680       4.149870       4.144150       4.138530       4.133020       4.127610       4.122310       4.117120       4.112040       4.107070       4.102210    
   4.276190       4.269720       4.263220       4.256690       4.250150       4.243590       4.237030       4.230490       4.223950       4.217440       4.210960       4.204520       4.198130       4.191790       4.185510       4.179300       4.173160       4.167100       4.161120       4.155240       4.149440       4.143740       4.138140       4.132640       4.127250       4.121960       4.116780       4.111710       4.106750       4.101900    
   4.275200       4.268750       4.262270       4.255760       4.249240       4.242710       4.236180       4.229650       4.223150       4.216660       4.210210       4.203800       4.197430       4.191120       4.184870       4.178680       4.172570       4.166530       4.160580       4.154710       4.148930       4.143250       4.137670       4.132190       4.126810       4.121540       4.116370       4.111310       4.106360       4.101520    
   4.274160       4.267720       4.261250       4.254770       4.248260       4.241760       4.235250       4.228750       4.222270       4.215820       4.209390       4.203000       4.196660       4.190380       4.184150       4.177990       4.171900       4.165880       4.159950       4.154110       4.148350       4.142690       4.137120       4.131660       4.126300       4.121040       4.115890       4.110840       4.105910       4.101080    
   4.273060       4.266630       4.260180       4.253710       4.247230       4.240740       4.234260       4.227790       4.221330       4.214900       4.208500       4.202140       4.195820       4.189560       4.183360       4.177220       4.171150       4.165160       4.159250       4.153430       4.147690       4.142050       4.136510       4.131060       4.125720       4.120480       4.115340       4.110310       4.105390       4.100580    
   4.271910       4.265500       4.259060       4.252610       4.246140       4.239670       4.233210       4.226760       4.220320       4.213920       4.207540       4.201200       4.194910       4.188680       4.182500       4.176380       4.170340       4.164370       4.158480       4.152680       4.146970       4.141350       4.135820       4.130390       4.125070       4.119840       4.114720       4.109710       4.104810       4.100010    
   4.271900       4.265490       4.257150       4.251450       4.245000       4.238550       4.232110       4.225670       4.219260       4.212880       4.206520       4.200210       4.193940       4.187730       4.181570       4.175480       4.169460       4.163520       4.157650       4.151870       4.146180       4.140580       4.135070       4.129660       4.124350       4.119150       4.114050       4.109050       4.104160       4.099380    
   4.271890       4.261500       4.251450       4.245710       4.243810       4.237380       4.230950       4.224540       4.218140       4.211780       4.205450       4.199160       4.192910       4.186720       4.180580       4.174520       4.168520       4.162590       4.156750       4.150990       4.145320       4.139740       4.134260       4.128870       4.123580       4.118390       4.113310       4.108330       4.103460       4.098690    
   4.265780       4.251450       4.245730       4.243200       4.242580       4.236160       4.229750       4.223350       4.216980       4.210630       4.204320       4.198050       4.191820       4.185650       4.179540       4.173490       4.167520       4.161620       4.155790       4.150060       4.144410       4.138850       4.133380       4.128020       4.122750       4.117580       4.112520       4.107560       4.102710       4.097960    
   4.251450       4.245660       4.242890       4.242580       4.237880       4.234900       4.228500       4.222120       4.215760       4.209430       4.203140       4.196890       4.190680       4.184530       4.178440       4.172420       4.166460       4.160580       4.154780       4.149060       4.143430       4.137900       4.132450       4.127110       4.121860       4.116720       4.111670       4.106730       4.101900       4.097170    
   4.245610       4.242730       4.242580       4.238450       4.234900       4.230200       4.227210       4.220850       4.214500       4.208190       4.201920       4.195680       4.189500       4.183360       4.177290       4.171290       4.165350       4.159490       4.153710       4.148020       4.142410       4.136890       4.131470       4.126150       4.120920       4.115800       4.110770       4.105860       4.101040       4.096330    
   4.242660       4.242580       4.238640       4.234900       4.230770       4.227210       4.224030       4.220850       4.212610       4.206910       4.200650       4.194430       4.188260       4.182150       4.176100       4.170110       4.164200       4.158360       4.152600       4.146920       4.141340       4.135840       4.130440       4.125140       4.119930       4.114830       4.109830       4.104930       4.100140       4.095450    
   4.242580       4.238710       4.234900       4.230960       4.227210       4.225620       4.224030       4.216100       4.206910       4.203780       4.197390       4.193140       4.186990       4.180900       4.174860       4.168890       4.163000       4.157180       4.151440       4.145780       4.140220       4.134740       4.129360       4.124080       4.118900       4.113820       4.108840       4.103970       4.099200       4.094530    
   4.238730       4.234900       4.231020       4.227210       4.226420       4.225620       4.218170       4.206910       4.205350       4.198480       4.192480       4.191820       4.185680       4.179600       4.173590       4.167640       4.161760       4.155950       4.150230       4.144600       4.139050       4.133600       4.128240       4.122980       4.117820       4.112770       4.107810       4.102960       4.098210       4.093570    
   4.234900       4.231040       4.227210       4.226810       4.226420       4.219280       4.206910       4.206130       4.198940       4.192150       4.191820       4.188750       4.183850       4.178280       4.172280       4.166340       4.160480       4.154700       4.148990       4.143380       4.137850       4.132420       4.127090       4.121850       4.116710       4.111670       4.106740       4.101910       4.097190       4.092570    
   4.231050       4.227210       4.227010       4.226810       4.219850       4.206910       4.206520       4.199160       4.191990       4.191820       4.190290       4.185670       4.178280       4.175280       4.172300       4.166370       4.160510       4.154720       4.146000       4.142120       4.136620       4.131200       4.125890       4.120670       4.115560       4.110550       4.105640       4.100840       4.096140       4.091540    
   4.227210       4.227110       4.227010       4.220150       4.206910       4.206710       4.199260       4.191900       4.191820       4.191050       4.186510       4.178280       4.176780       4.175290       4.171320       4.166390       4.160530       4.148710       4.141470       4.140830       4.135350       4.129960       4.124660       4.119470       4.114380       4.109390       4.104500       4.099730       4.095050       4.090480    
   4.227160       4.227110       4.220290       4.206910       4.206810       4.199310       4.191860       4.191820       4.191440       4.186920       4.178280       4.177530       4.176780       4.174460       4.171000       4.166080       4.151520       4.141150       4.140830       4.136740       4.134050       4.128680       4.123410       4.118240       4.113170       4.108200       4.103340       4.098590       4.093940       4.089400    
   4.227160       4.220370       4.206910       4.206860       4.199340       4.191840       4.191820       4.191630       4.187110       4.178280       4.177910       4.177530       4.176260       4.174080       4.170510       4.153260       4.140990       4.140830       4.135250       4.132720       4.129510       4.127380       4.122120       4.116980       4.111930       4.106990       4.102160       4.097430       4.092810       4.088290    
   4.220410       4.206910       4.206890       4.199350       4.191830       4.191820       4.191720       4.187210       4.178280       4.178090       4.177910       4.177230       4.175960       4.164030       4.150720       4.136730       4.136730       4.134120       4.131140       4.130700       4.131380       4.126050       4.120820       4.115690       4.110670       4.105760       4.100950       4.096250       4.091650       4.087160    
   4.206910       4.206900       4.199360       4.191830       4.191820       4.191770       4.187260       4.178280       4.178190       4.178090       4.177740       4.177030       4.157530       4.135230       4.135270       4.134440       4.132460       4.132640       4.130750       4.130020       4.130020       4.124710       4.119500       4.114390       4.109400       4.104510       4.099720       4.095050       4.090480       4.086020    
   4.206900       4.199360       4.191820       4.191820       4.191800       4.187280       4.178280       4.178230       4.178190       4.178010       4.161200       4.136560       4.135630       4.135180       4.135180       4.135270       4.133300       4.132290       4.132640       4.129640       4.128650       4.123350       4.118160       4.113080       4.108110       4.103240       4.098480       4.093840       4.089300       4.084870    
   4.199360       4.191820       4.191820       4.191810       4.187290       4.178280       4.178260       4.178230       4.178140       4.158100       4.136560       4.136560       4.136560       4.135570       4.135090       4.135090       4.135270       4.133020       4.131940       4.132640       4.127260       4.121980       4.116810       4.111750       4.106800       4.101960       4.097230       4.092620       4.088110       4.083700    
   4.191820       4.191820       4.191810       4.187300       4.178280       4.178270       4.178260       4.167530       4.153790       4.136560       4.136560       4.136560       4.136560       4.136560       4.135430       4.134920       4.134920       4.135270       4.132240       4.131230       4.125870       4.120610       4.115460       4.110420       4.105490       4.100680       4.095980       4.091390       4.086910       4.082540    
   4.191820       4.191820       4.187300       4.178280       4.178270       4.162960       4.140010       4.137750       4.135500       4.136200       4.136550       4.136560       4.136560       4.136560       4.136560       4.135160       4.134560       4.134560       4.135270       4.129820       4.124470       4.119230       4.114100       4.109080       4.104180       4.099390       4.094720       4.090160       4.085710       4.081370    
   4.191820       4.187310       4.178280       4.178280       4.159910       4.140010       4.140010       4.140010       4.137750       4.135500       4.136180       4.136530       4.136560       4.136560       4.136560       4.136560       4.134610       4.133850       4.133850       4.128410       4.123070       4.117850       4.112740       4.107750       4.102870       4.098110       4.093460       4.088930       4.084510       4.080210    
