iMOD/TUTORIALS/TUT_MetaswapAnalyser/model_MetaSWAP/meteo/Evaporation/Evaporation_20050101_L1.ASC
NCOLS                30
NROWS                30
XLLCORNER     160000.00
YLLCORNER     340000.00
CELLSIZE        1000.00
NODATA_VALUE   -9999.00
  0.2540900      0.2526400      0.2511800      0.2497300      0.2482900      0.2468500      0.2454200      0.2439900      0.2425700      0.2411700      0.2397600      0.2383700      0.2369900      0.2356200      0.2342600      0.2329100      0.2315700      0.2302400      0.2289200      0.2276200      0.2263300      0.2250500      0.2237900      0.2225300      0.2212900      0.2200700      0.2188600      0.2176600      0.2164700      0.2153000    
  0.2546300      0.2531700      0.2517100      0.2502600      0.2488200      0.2473800      0.2459400      0.2445200      0.2431000      0.2416900      0.2402800      0.2388900      0.2375100      0.2361300      0.2347700      0.2334200      0.2320700      0.2307400      0.2294200      0.2281200      0.2268200      0.2255400      0.2242700      0.2230200      0.2217700      0.2205400      0.2193300      0.2181200      0.2169300      0.2157600    
  0.2551600      0.2537000      0.2522400      0.2507900      0.2493400      0.2479000      0.2464600      0.2450400      0.2436100      0.2422000      0.2408000      0.2394000      0.2380200      0.2366400      0.2352700      0.2339200      0.2325700      0.2312400      0.2299200      0.2286100      0.2273100      0.2260300      0.2247500      0.2234900      0.2222500      0.2210100      0.2197900      0.2185800      0.2173900      0.2162100    
  0.2556800      0.2542200      0.2527600      0.2513000      0.2498600      0.2484100      0.2469800      0.2455500      0.2441200      0.2427100      0.2413000      0.2399100      0.2385200      0.2371400      0.2357700      0.2344100      0.2330700      0.2317300      0.2304100      0.2290900      0.2277900      0.2265000      0.2252300      0.2239600      0.2227100      0.2214800      0.2202500      0.2190400      0.2178400      0.2166500    
  0.2562000      0.2547300      0.2532700      0.2518200      0.2503600      0.2489200      0.2474800      0.2460500      0.2446300      0.2432100      0.2418000      0.2404000      0.2390100      0.2376300      0.2362600      0.2349000      0.2335500      0.2322200      0.2308900      0.2295700      0.2282700      0.2269800      0.2257000      0.2244300      0.2231800      0.2219300      0.2207100      0.2194900      0.2182900      0.2171000    
  0.2567100      0.2552400      0.2537800      0.2523200      0.2508700      0.2494200      0.2479800      0.2465500      0.2451200      0.2437100      0.2423000      0.2409000      0.2395000      0.2381200      0.2367500      0.2353900      0.2340400      0.2327000      0.2313700      0.2300500      0.2287400      0.2274500      0.2261600      0.2248900      0.2236300      0.2223900      0.2211500      0.2199300      0.2187300      0.2175300    
  0.2572200      0.2557400      0.2542800      0.2528200      0.2513600      0.2499200      0.2484800      0.2470400      0.2456100      0.2442000      0.2427800      0.2413800      0.2399900      0.2386000      0.2372300      0.2358700      0.2345100      0.2331700      0.2318400      0.2305100      0.2292000      0.2279100      0.2266200      0.2253500      0.2240900      0.2228400      0.2216000      0.2203800      0.2191600      0.2179700    
  0.2577100      0.2562400      0.2547700      0.2533100      0.2518600      0.2504100      0.2489600      0.2475300      0.2461000      0.2446800      0.2432700      0.2418600      0.2404700      0.2390800      0.2377000      0.2363400      0.2349800      0.2336400      0.2323000      0.2309800      0.2296600      0.2283600      0.2270700      0.2258000      0.2245300      0.2232800      0.2220400      0.2208100      0.2196000      0.2183900    
  0.2582100      0.2567300      0.2552600      0.2538000      0.2523400      0.2508900      0.2494500      0.2480100      0.2465800      0.2451600      0.2437400      0.2423300      0.2409400      0.2395500      0.2381700      0.2368000      0.2354400      0.2341000      0.2327600      0.2314300      0.2301200      0.2288100      0.2275200      0.2262400      0.2249700      0.2237200      0.2224700      0.2212400      0.2200200      0.2188200    
  0.2587000      0.2572200      0.2557500      0.2542800      0.2528200      0.2513700      0.2499200      0.2484800      0.2470500      0.2456300      0.2442100      0.2428000      0.2414000      0.2400100      0.2386300      0.2372600      0.2359000      0.2345500      0.2332100      0.2318800      0.2305700      0.2292600      0.2279700      0.2266800      0.2254100      0.2241500      0.2229000      0.2216700      0.2204500      0.2192400    
  0.2587000      0.2572230      0.2555020      0.2547600      0.2533000      0.2518400      0.2503900      0.2489500      0.2475200      0.2460900      0.2446800      0.2432700      0.2418700      0.2404700      0.2390900      0.2377200      0.2363600      0.2350000      0.2336600      0.2323300      0.2310100      0.2297000      0.2284000      0.2271200      0.2258400      0.2245800      0.2233300      0.2220900      0.2208700      0.2196500    
  0.2587020      0.2565460      0.2547600      0.2540150      0.2537700      0.2523100      0.2508600      0.2494200      0.2479800      0.2465500      0.2451300      0.2437200      0.2423200      0.2409300      0.2395400      0.2381700      0.2368000      0.2354500      0.2341000      0.2327700      0.2314500      0.2301400      0.2288400      0.2275500      0.2262700      0.2250100      0.2237500      0.2225100      0.2212800      0.2200600    
  0.2575480      0.2547600      0.2542510      0.2540000      0.2542300      0.2527700      0.2513200      0.2498800      0.2484400      0.2470100      0.2455900      0.2441800      0.2427700      0.2413800      0.2399900      0.2386100      0.2372500      0.2358900      0.2345400      0.2332100      0.2318800      0.2305700      0.2292700      0.2279700      0.2266900      0.2254200      0.2241700      0.2229200      0.2216900      0.2204700    
  0.2547600      0.2543390      0.2541150      0.2542300      0.2534100      0.2532300      0.2517800      0.2503300      0.2488900      0.2474600      0.2460400      0.2446200      0.2432200      0.2418200      0.2404300      0.2390500      0.2376800      0.2363300      0.2349800      0.2336400      0.2323100      0.2309900      0.2296900      0.2283900      0.2271100      0.2258400      0.2245800      0.2233300      0.2221000      0.2208700    
  0.2543750      0.2541730      0.2542300      0.2536230      0.2532300      0.2524130      0.2522300      0.2507800      0.2493400      0.2479100      0.2464800      0.2450700      0.2436600      0.2422600      0.2408700      0.2394900      0.2381200      0.2367600      0.2354100      0.2340600      0.2327300      0.2314200      0.2301100      0.2288100      0.2275300      0.2262500      0.2249900      0.2237400      0.2225000      0.2212700    
  0.2542010      0.2542300      0.2536940      0.2532300      0.2526240      0.2522300      0.2515050      0.2507830      0.2490950      0.2483500      0.2469200      0.2455000      0.2440900      0.2426900      0.2413000      0.2399200      0.2385500      0.2371800      0.2358300      0.2344900      0.2331500      0.2318300      0.2305200      0.2292200      0.2279300      0.2266600      0.2253900      0.2241400      0.2229000      0.2216700    
  0.2542300      0.2537180      0.2532300      0.2526950      0.2522300      0.2518670      0.2515060      0.2499330      0.2483500      0.2476350      0.2466160      0.2459400      0.2445200      0.2431200      0.2417300      0.2403400      0.2389700      0.2376000      0.2362500      0.2349000      0.2335700      0.2322500      0.2309300      0.2296300      0.2283400      0.2270600      0.2257900      0.2245300      0.2232900      0.2220600    
  0.2537260      0.2532300      0.2527180      0.2522300      0.2520490      0.2518680      0.2504140      0.2483500      0.2479930      0.2470250      0.2461550      0.2463700      0.2449500      0.2435500      0.2421500      0.2407600      0.2393900      0.2380200      0.2366600      0.2353200      0.2339800      0.2326500      0.2313400      0.2300300      0.2287400      0.2274600      0.2261900      0.2249300      0.2236800      0.2224400    
  0.2532300      0.2527260      0.2522300      0.2521390      0.2520490      0.2506700      0.2483500      0.2481710      0.2472000      0.2462620      0.2463700      0.2456600      0.2447100      0.2439700      0.2425700      0.2411800      0.2398000      0.2384300      0.2370700      0.2357200      0.2343900      0.2330600      0.2317400      0.2304300      0.2291400      0.2278500      0.2265800      0.2253200      0.2240600      0.2228200    
  0.2527290      0.2522300      0.2521850      0.2521390      0.2508020      0.2483500      0.2482610      0.2472820      0.2463160      0.2463700      0.2460150      0.2451780      0.2439700      0.2432700      0.2425730      0.2411830      0.2398030      0.2384330      0.2367760      0.2361300      0.2347900      0.2334600      0.2321400      0.2308300      0.2295300      0.2282400      0.2269700      0.2257000      0.2244500      0.2232000    
  0.2522300      0.2522070      0.2521850      0.2508690      0.2483500      0.2483050      0.2473210      0.2463430      0.2463700      0.2461930      0.2453830      0.2439700      0.2436200      0.2432710      0.2423420      0.2411870      0.2398070      0.2375750      0.2363300      0.2365300      0.2351900      0.2338500      0.2325300      0.2312200      0.2299200      0.2286300      0.2273500      0.2260800      0.2248200      0.2235800    
  0.2522190      0.2522070      0.2509030      0.2483500      0.2483280      0.2473410      0.2463570      0.2463700      0.2462810      0.2454790      0.2439700      0.2437950      0.2436200      0.2430780      0.2422670      0.2411120      0.2383060      0.2364300      0.2365300      0.2357670      0.2355800      0.2342500      0.2329200      0.2316100      0.2303000      0.2290100      0.2277300      0.2264600      0.2252000      0.2239500    
  0.2522190      0.2509200      0.2483500      0.2483390      0.2473500      0.2463630      0.2463700      0.2463260      0.2455250      0.2439700      0.2438830      0.2437950      0.2434980      0.2429880      0.2421520      0.2391710      0.2364800      0.2365300      0.2362040      0.2359700      0.2351680      0.2346300      0.2333100      0.2319900      0.2306800      0.2293900      0.2281100      0.2268300      0.2255700      0.2243200    
  0.2509280      0.2483500      0.2483440      0.2473550      0.2463670      0.2463700      0.2463480      0.2455480      0.2439700      0.2439260      0.2438830      0.2437250      0.2434270      0.2424020      0.2403770      0.2376890      0.2376900      0.2370850      0.2364200      0.2365500      0.2363600      0.2350200      0.2336900      0.2323700      0.2310600      0.2297700      0.2284800      0.2272000      0.2259400      0.2246900    
  0.2483500      0.2483470      0.2473580      0.2463680      0.2463700      0.2463590      0.2455590      0.2439700      0.2439480      0.2439260      0.2438450      0.2436780      0.2423060      0.2409820      0.2409700      0.2392890      0.2388980      0.2388500      0.2374220      0.2367400      0.2367400      0.2354000      0.2340700      0.2327500      0.2314400      0.2301400      0.2288500      0.2275700      0.2263000      0.2250500    
  0.2483490      0.2473590      0.2463690      0.2463700      0.2463640      0.2455640      0.2439700      0.2439590      0.2439480      0.2439060      0.2436700      0.2434500      0.2418140      0.2409930      0.2409930      0.2409700      0.2395990      0.2389450      0.2388500      0.2375500      0.2371200      0.2357800      0.2344400      0.2331200      0.2318100      0.2305100      0.2292100      0.2279300      0.2266600      0.2254100    
  0.2473590      0.2463700      0.2463700      0.2463670      0.2455670      0.2439700      0.2439650      0.2439590      0.2439380      0.2436850      0.2434500      0.2434500      0.2434500      0.2418300      0.2410160      0.2410160      0.2409700      0.2396310      0.2390400      0.2388500      0.2374900      0.2361500      0.2348100      0.2334900      0.2321700      0.2308700      0.2295800      0.2282900      0.2270200      0.2257600    
  0.2463700      0.2463700      0.2463690      0.2455690      0.2439700      0.2439670      0.2439650      0.2446250      0.2443650      0.2434510      0.2434500      0.2434500      0.2434500      0.2434500      0.2418630      0.2410620      0.2410620      0.2409700      0.2396620      0.2392300      0.2378700      0.2365200      0.2351800      0.2338600      0.2325400      0.2312300      0.2299400      0.2286500      0.2273800      0.2261100    
  0.2463700      0.2463690      0.2455690      0.2439700      0.2439690      0.2457440      0.2484100      0.2475250      0.2466400      0.2445160      0.2434530      0.2434500      0.2434500      0.2434500      0.2434500      0.2419220      0.2411540      0.2411550      0.2409700      0.2396000      0.2382400      0.2368900      0.2355500      0.2342200      0.2329000      0.2315900      0.2302900      0.2290100      0.2277300      0.2264600    
  0.2463700      0.2455700      0.2439700      0.2439690      0.2461010      0.2484110      0.2484110      0.2484100      0.2475250      0.2466400      0.2445210      0.2434590      0.2434500      0.2434500      0.2434500      0.2434500      0.2420200      0.2413370      0.2413400      0.2399600      0.2386000      0.2372500      0.2359100      0.2345800      0.2332600      0.2319500      0.2306500      0.2293600      0.2280800      0.2268100    
