iMOD/TUTORIALS/TUT_MetaswapAnalyser/model_MetaSWAP/meteo/Evaporation/Evaporation_20050604_L1.ASC
NCOLS                30
NROWS                30
XLLCORNER     160000.00
YLLCORNER     340000.00
CELLSIZE        1000.00
NODATA_VALUE   -9999.00
   2.082790       2.076910       2.071200       2.065640       2.060230       2.054970       2.049840       2.044820       2.039930       2.035140       2.030450       2.025850       2.021340       2.016900       2.012540       2.008240       2.004000       1.999810       1.995670       1.991580       1.987530       1.983510       1.979530       1.975570       1.971640       1.967730       1.963850       1.959980       1.956130       1.952290    
   2.089510       2.083620       2.077890       2.072320       2.066890       2.061600       2.056440       2.051400       2.046480       2.041660       2.036940       2.032310       2.027760       2.023290       2.018890       2.014550       2.010270       2.006050       2.001870       1.997740       1.993650       1.989590       1.985560       1.981560       1.977590       1.973640       1.969710       1.965800       1.961900       1.958020    
   2.096320       2.090420       2.084680       2.079090       2.073650       2.068330       2.063150       2.058080       2.053130       2.048280       2.043530       2.038860       2.034280       2.029770       2.025340       2.020960       2.016650       2.012390       2.008170       2.004000       1.999870       1.995770       1.991700       1.987660       1.983640       1.979640       1.975670       1.971710       1.967760       1.963830    
   2.103220       2.097310       2.091560       2.085960       2.080490       2.075160       2.069950       2.064860       2.059880       2.055000       2.050210       2.045520       2.040900       2.036360       2.031890       2.027480       2.023130       2.018820       2.014570       2.010360       2.006180       2.002040       1.997930       1.993840       1.989780       1.985740       1.981720       1.977710       1.973720       1.969730    
   2.110190       2.104280       2.098520       2.092900       2.087420       2.082070       2.076840       2.071720       2.066710       2.061800       2.056990       2.052260       2.047610       2.043040       2.038530       2.034090       2.029700       2.025360       2.021060       2.016810       2.012590       2.008410       2.004250       2.000120       1.996010       1.991920       1.987850       1.983800       1.979750       1.975720    
   2.117240       2.111320       2.105550       2.099920       2.094430       2.089060       2.083810       2.078670       2.073630       2.068700       2.063860       2.059100       2.054420       2.049810       2.045270       2.040780       2.036360       2.031980       2.027640       2.023350       2.019090       2.014860       2.010660       2.006480       2.002330       1.998190       1.994070       1.989970       1.985870       1.981790    
   2.124350       2.118430       2.112660       2.107020       2.101510       2.096120       2.090850       2.085690       2.080630       2.075670       2.070800       2.066010       2.061300       2.056660       2.052080       2.047560       2.043100       2.038680       2.034310       2.029970       2.025670       2.021400       2.017150       2.012930       2.008730       2.004540       2.000370       1.996220       1.992070       1.987930    
   2.131530       2.125610       2.119830       2.114180       2.108660       2.103260       2.097970       2.092790       2.087710       2.082720       2.077830       2.073010       2.068270       2.063590       2.058980       2.054430       2.049920       2.045470       2.041050       2.036680       2.032330       2.028020       2.023730       2.019460       2.015210       2.010970       2.006750       2.002540       1.998340       1.994150    
   2.138760       2.132840       2.127060       2.121410       2.115870       2.110460       2.105160       2.099960       2.094850       2.089840       2.084920       2.080070       2.075300       2.070600       2.065950       2.061360       2.056820       2.052330       2.047880       2.043460       2.039070       2.034710       2.030370       2.026060       2.021760       2.017480       2.013200       2.008940       2.004690       2.000440    
   2.146050       2.140130       2.134350       2.128690       2.123150       2.117720       2.112400       2.107180       2.102060       2.097030       2.092080       2.087210       2.082410       2.077670       2.072990       2.068370       2.063790       2.059260       2.054770       2.050310       2.045880       2.041470       2.037090       2.032730       2.028380       2.024050       2.019730       2.015410       2.011100       2.006800    
   2.146090       2.140180       2.134800       2.136020       2.130470       2.125040       2.119700       2.114470       2.109330       2.104280       2.099300       2.094400       2.089580       2.084810       2.080100       2.075440       2.070830       2.066260       2.061730       2.057230       2.052760       2.048310       2.043880       2.039470       2.035070       2.030690       2.026310       2.021940       2.017580       2.013220    
   2.146140       2.139270       2.136020       2.137400       2.137850       2.132400       2.127060       2.121810       2.116650       2.111580       2.106580       2.101660       2.096800       2.092010       2.087270       2.082580       2.077930       2.073320       2.068750       2.064210       2.059700       2.055200       2.050730       2.046270       2.041820       2.037390       2.032960       2.028540       2.024120       2.019700    
   2.143410       2.136020       2.140060       2.141560       2.145270       2.139810       2.134460       2.129190       2.124020       2.118930       2.113910       2.108970       2.104080       2.099260       2.094490       2.089770       2.085090       2.080450       2.075840       2.071250       2.066700       2.062160       2.057640       2.053130       2.048630       2.044150       2.039670       2.035190       2.030720       2.026240    
   2.136020       2.141190       2.143410       2.145270       2.144110       2.147260       2.141900       2.136620       2.131430       2.126330       2.121290       2.116320       2.111420       2.106570       2.101770       2.097010       2.092300       2.087620       2.082970       2.078350       2.073750       2.069170       2.064600       2.060050       2.055500       2.050960       2.046430       2.041890       2.037360       2.032830    
   2.141710       2.144340       2.145270       2.145550       2.147260       2.146180       2.149380       2.144090       2.138890       2.133760       2.128710       2.123720       2.118790       2.113920       2.109090       2.104300       2.099560       2.094840       2.090160       2.085500       2.080850       2.076230       2.071620       2.067010       2.062420       2.057830       2.053240       2.048650       2.044060       2.039470    
   2.144810       2.145270       2.146030       2.147260       2.147610       2.149380       2.146730       2.144120       2.139490       2.141240       2.136170       2.131160       2.126210       2.121310       2.116450       2.111640       2.106860       2.102110       2.097390       2.092690       2.088010       2.083340       2.078680       2.074030       2.069380       2.064740       2.060090       2.055450       2.050800       2.046150    
   2.145270       2.146190       2.147260       2.148080       2.149380       2.148060       2.146740       2.142900       2.141240       2.138700       2.138670       2.138630       2.133660       2.128730       2.123850       2.119010       2.114200       2.109420       2.104660       2.099920       2.095200       2.090490       2.085780       2.081080       2.076390       2.071690       2.066990       2.062290       2.057590       2.052880    
   2.146240       2.147260       2.148240       2.149380       2.148720       2.148060       2.144730       2.141240       2.139970       2.141420       2.142380       2.146130       2.141140       2.136200       2.131290       2.126420       2.121580       2.116770       2.111970       2.107200       2.102430       2.097680       2.092920       2.088180       2.083430       2.078680       2.073930       2.069170       2.064410       2.059640    
   2.147260       2.148290       2.149380       2.149050       2.148720       2.145690       2.141240       2.140610       2.142600       2.144260       2.146130       2.143640       2.141790       2.143680       2.138750       2.133860       2.128990       2.124140       2.119310       2.114500       2.109700       2.104900       2.100100       2.095310       2.090510       2.085710       2.080900       2.076080       2.071260       2.066430    
   2.148310       2.149380       2.149210       2.149050       2.146170       2.141240       2.140920       2.143150       2.145190       2.146130       2.144880       2.143810       2.143680       2.141220       2.138760       2.133870       2.129000       2.124150       2.121790       2.121830       2.116990       2.112150       2.107310       2.102470       2.097620       2.092760       2.087900       2.083030       2.078140       2.073250    
   2.149380       2.149300       2.149210       2.146420       2.141240       2.141080       2.143420       2.145660       2.146130       2.145510       2.144630       2.143680       2.142450       2.141220       2.137950       2.133880       2.129000       2.125930       2.125510       2.129190       2.124310       2.119430       2.114540       2.109650       2.104750       2.099840       2.094930       2.090000       2.085050       2.080100    
   2.149340       2.149300       2.146540       2.141240       2.141160       2.143550       2.145900       2.146130       2.145820       2.144990       2.143680       2.143060       2.142450       2.140540       2.137680       2.133610       2.129070       2.127350       2.129190       2.128380       2.131650       2.126730       2.121800       2.116860       2.111910       2.106950       2.101970       2.096980       2.091980       2.086960    
   2.149340       2.146600       2.141240       2.141200       2.143620       2.146010       2.146130       2.145970       2.145150       2.143680       2.143370       2.143060       2.142020       2.140220       2.137280       2.136010       2.128270       2.129190       2.136660       2.139010       2.136030       2.134040       2.129070       2.124080       2.119080       2.114070       2.109040       2.103990       2.098930       2.093840    
   2.146640       2.141240       2.141220       2.143650       2.146070       2.146130       2.146050       2.145230       2.143680       2.143530       2.143370       2.142820       2.141770       2.153270       2.155600       2.151400       2.151400       2.149500       2.147610       2.150060       2.146380       2.141370       2.136350       2.131320       2.126270       2.121200       2.116110       2.111010       2.105880       2.100740    
   2.141240       2.141230       2.143670       2.146100       2.146130       2.146090       2.145270       2.143680       2.143600       2.143530       2.143240       2.142650       2.165130       2.193780       2.193550       2.175170       2.174530       2.173610       2.160420       2.153750       2.153750       2.148710       2.143640       2.138560       2.133460       2.128340       2.123200       2.118030       2.112850       2.107640    
   2.141230       2.143680       2.146120       2.146130       2.146110       2.145290       2.143680       2.143640       2.143600       2.143460       2.174230       2.220870       2.203000       2.194010       2.194010       2.193550       2.181190       2.175460       2.173610       2.164250       2.161130       2.156050       2.150940       2.145810       2.140660       2.135490       2.130290       2.125060       2.119810       2.114540    
   2.143680       2.146120       2.146130       2.146120       2.145300       2.143680       2.143660       2.143640       2.143570       2.180610       2.220870       2.220870       2.220870       2.203340       2.194470       2.194480       2.193550       2.182150       2.177310       2.173610       2.168510       2.163380       2.158240       2.153060       2.147860       2.142630       2.137380       2.132090       2.126780       2.121440    
   2.146130       2.146130       2.146130       2.145310       2.143680       2.143670       2.143660       2.173290       2.197620       2.220890       2.220870       2.220870       2.220870       2.220870       2.204010       2.195400       2.195400       2.193550       2.184140       2.181010       2.175880       2.170720       2.165530       2.160310       2.155060       2.149770       2.144460       2.139110       2.133740       2.128330    
   2.146130       2.146130       2.145310       2.143680       2.143680       2.196020       2.274530       2.268400       2.262280       2.234730       2.220930       2.220870       2.220870       2.220870       2.220870       2.205290       2.197250       2.197250       2.193550       2.188410       2.183240       2.178040       2.172810       2.167540       2.162240       2.156900       2.151530       2.146120       2.140680       2.135210    
   2.146130       2.145310       2.143680       2.143680       2.206500       2.274540       2.274540       2.274530       2.268410       2.262280       2.234830       2.221050       2.220870       2.220870       2.220870       2.220870       2.207630       2.200940       2.200950       2.195780       2.190580       2.185340       2.180070       2.174760       2.169410       2.164020       2.158590       2.153120       2.147610       2.142070    
