iMOD/TUTORIALS/TUT_MetaswapAnalyser/model_MetaSWAP/meteo/Evaporation/Evaporation_20060605_L1.ASC
NCOLS                30
NROWS                30
XLLCORNER     160000.00
YLLCORNER     340000.00
CELLSIZE        1000.00
NODATA_VALUE   -9999.00
   3.186180       3.180350       3.174470       3.168520       3.162520       3.156450       3.150320       3.144120       3.137870       3.131550       3.125160       3.118720       3.112210       3.105630       3.099000       3.092300       3.085540       3.078710       3.071830       3.064890       3.057890       3.050830       3.043710       3.036540       3.029310       3.022030       3.014700       3.007330       2.999900       2.992420    
   3.185010       3.179150       3.173230       3.167240       3.161200       3.155100       3.148940       3.142720       3.136440       3.130100       3.123690       3.117230       3.110700       3.104110       3.097470       3.090760       3.083990       3.077160       3.070280       3.063340       3.056340       3.049290       3.042180       3.035020       3.027810       3.020550       3.013240       3.005880       2.998480       2.991030    
   3.183810       3.177900       3.171950       3.165930       3.159860       3.153730       3.147540       3.141290       3.134980       3.128610       3.122190       3.115700       3.109160       3.102560       3.095900       3.089180       3.082410       3.075580       3.068700       3.061760       3.054770       3.047720       3.040620       3.033480       3.026280       3.019030       3.011740       3.004410       2.997030       2.989600    
   3.182570       3.176630       3.170630       3.164580       3.158480       3.152310       3.146100       3.139820       3.133490       3.127100       3.120650       3.114150       3.107590       3.100970       3.094300       3.087580       3.080800       3.073970       3.067080       3.060140       3.053160       3.046120       3.039030       3.031890       3.024710       3.017480       3.010210       3.002890       2.995540       2.988140    
   3.181300       3.175320       3.169290       3.163200       3.157070       3.150870       3.144620       3.138320       3.131960       3.125550       3.119080       3.112560       3.105990       3.099360       3.092680       3.085940       3.079160       3.072320       3.065430       3.058500       3.051510       3.044480       3.037400       3.030280       3.023110       3.015900       3.008650       3.001350       2.994020       2.986640    
   3.179990       3.173980       3.167910       3.161800       3.155620       3.149400       3.143120       3.136790       3.130410       3.123970       3.117490       3.110950       3.104360       3.097710       3.091020       3.084280       3.077490       3.070650       3.063760       3.056820       3.049840       3.042820       3.035750       3.028640       3.021480       3.014290       3.007050       2.999780       2.992470       2.985120    
   3.178660       3.172610       3.166510       3.160360       3.154160       3.147900       3.141600       3.135240       3.128830       3.122370       3.115860       3.109310       3.102700       3.096040       3.089340       3.082590       3.075790       3.068950       3.062060       3.055120       3.048150       3.041130       3.034070       3.026970       3.019830       3.012650       3.005430       2.998180       2.990890       2.983570    
   3.177310       3.171220       3.165080       3.158900       3.152660       3.146380       3.140040       3.133660       3.127230       3.120750       3.114220       3.107640       3.101020       3.094350       3.087630       3.080870       3.074070       3.067220       3.060330       3.053400       3.046430       3.039410       3.032360       3.025270       3.018140       3.010980       3.003780       2.996550       2.989280       2.981990    
   3.175930       3.169800       3.163630       3.157410       3.151150       3.144830       3.138470       3.132060       3.125600       3.119100       3.112550       3.105950       3.099310       3.092630       3.085900       3.079140       3.072320       3.065470       3.058580       3.051650       3.044680       3.037670       3.030630       3.023550       3.016440       3.009290       3.002110       2.994900       2.987660       2.980380    
   3.174530       3.168370       3.162160       3.155910       3.149610       3.143260       3.136870       3.130430       3.123950       3.117430       3.110860       3.104240       3.097590       3.090890       3.084150       3.077380       3.070560       3.063700       3.056810       3.049880       3.042910       3.035910       3.028880       3.021810       3.014710       3.007580       3.000420       2.993230       2.986000       2.978760    
   3.174510       3.168350       3.160200       3.154380       3.148050       3.141680       3.135260       3.128790       3.122290       3.115740       3.109150       3.102520       3.095850       3.089140       3.082390       3.075600       3.068780       3.061920       3.055020       3.048090       3.041130       3.034130       3.027110       3.020050       3.012960       3.005850       2.998700       2.991530       2.984330       2.977110    
   3.174500       3.164360       3.154380       3.148450       3.146480       3.140070       3.133620       3.127130       3.120600       3.114030       3.107420       3.100770       3.094090       3.087360       3.080600       3.073800       3.066970       3.060110       3.053210       3.046280       3.039330       3.032340       3.025320       3.018270       3.011200       3.004100       2.996970       2.989820       2.982650       2.975450    
   3.168460       3.154380       3.148350       3.145690       3.144890       3.138450       3.131980       3.125460       3.118910       3.112310       3.105680       3.099010       3.092310       3.085570       3.078800       3.071990       3.065160       3.058290       3.051390       3.044460       3.037510       3.030520       3.023510       3.016480       3.009420       3.002330       2.995220       2.988090       2.980940       2.973760    
   3.154380       3.148230       3.145290       3.144890       3.140050       3.136820       3.130320       3.123780       3.117200       3.110580       3.103930       3.097240       3.090520       3.083770       3.076990       3.070170       3.063330       3.056450       3.049550       3.042630       3.035670       3.028700       3.021690       3.014670       3.007620       3.000550       2.993460       2.986350       2.979220       2.972070    
   3.148150       3.145090       3.144890       3.140590       3.136820       3.131930       3.128650       3.122080       3.115480       3.108840       3.102170       3.095460       3.088720       3.081960       3.075160       3.068340       3.061490       3.054610       3.047710       3.040780       3.033830       3.026860       3.019860       3.012850       3.005820       2.998760       2.991690       2.984600       2.977490       2.970360    
   3.144990       3.144890       3.140770       3.136820       3.132470       3.128650       3.125370       3.122070       3.113370       3.107090       3.100390       3.093670       3.086920       3.080140       3.073330       3.066490       3.059640       3.052750       3.045850       3.038920       3.031970       3.025010       3.018020       3.011020       3.004000       2.996960       2.989900       2.982830       2.975750       2.968640    
   3.144890       3.140830       3.136820       3.132650       3.128650       3.127010       3.125360       3.116970       3.107090       3.103740       3.096620       3.091870       3.085100       3.078310       3.071490       3.064640       3.057780       3.050890       3.043980       3.037060       3.030110       3.023150       3.016170       3.009180       3.002170       2.995150       2.988110       2.981060       2.974000       2.966920    
   3.140850       3.136820       3.132710       3.128650       3.127830       3.127010       3.119110       3.107090       3.105410       3.097700       3.090970       3.090070       3.083280       3.076470       3.069640       3.062790       3.055910       3.049020       3.042110       3.035180       3.028240       3.021290       3.014320       3.007330       3.000340       2.993330       2.986310       2.979280       2.972240       2.965180    
   3.136820       3.132730       3.128650       3.128240       3.127830       3.120260       3.107090       3.106250       3.098160       3.090520       3.090070       3.086680       3.081120       3.074640       3.067790       3.060930       3.054050       3.047150       3.040240       3.033310       3.026370       3.019420       3.012460       3.005480       2.998500       2.991510       2.984510       2.977500       2.970480       2.963450    
   3.132730       3.128650       3.128440       3.128240       3.120850       3.107090       3.106670       3.098370       3.090290       3.090070       3.088370       3.083130       3.074640       3.071220       3.067790       3.060920       3.054040       3.047150       3.036340       3.031430       3.024490       3.017550       3.010590       3.003630       2.996660       2.989680       2.982700       2.975710       2.968710       2.961710    
   3.128650       3.128550       3.128440       3.121160       3.107090       3.106880       3.098480       3.090180       3.090070       3.089220       3.084050       3.074640       3.072930       3.071210       3.066640       3.060920       3.054040       3.039510       3.030490       3.029550       3.022620       3.015680       3.008730       3.001780       2.994820       2.987860       2.980890       2.973920       2.966950       2.959970    
   3.128600       3.128550       3.121310       3.107090       3.106990       3.098530       3.090130       3.090070       3.089650       3.084500       3.074640       3.073780       3.072930       3.070260       3.066260       3.060530       3.042810       3.030020       3.029550       3.024300       3.020740       3.013810       3.006870       2.999930       2.992980       2.986040       2.979090       2.972140       2.965190       2.958230    
   3.128600       3.121390       3.107090       3.107040       3.098550       3.090100       3.090070       3.089860       3.084710       3.074640       3.074210       3.073780       3.072320       3.069820       3.065680       3.044670       3.029790       3.029550       3.022200       3.018880       3.014720       3.011940       3.005010       2.998080       2.991150       2.984220       2.977290       2.970360       2.963430       2.956500    
   3.121420       3.107090       3.107060       3.098570       3.090080       3.090070       3.089960       3.084820       3.074640       3.074430       3.074210       3.073440       3.071970       3.057390       3.041110       3.023980       3.023970       3.020580       3.016700       3.016080       3.017010       3.010080       3.003160       2.996240       2.989320       2.982400       2.975490       2.968580       2.961680       2.954780    
   3.107090       3.107080       3.098570       3.090080       3.090070       3.090020       3.084870       3.074640       3.074530       3.074430       3.074030       3.073210       3.049210       3.021660       3.021720       3.020780       3.018170       3.018400       3.016050       3.015160       3.015150       3.008230       3.001310       2.994400       2.987500       2.980600       2.973710       2.966820       2.959940       2.953060    
   3.107080       3.098580       3.090070       3.090070       3.090040       3.084900       3.074640       3.074590       3.074530       3.074330       3.053700       3.023420       3.022200       3.021610       3.021610       3.021720       3.019230       3.017940       3.018400       3.014580       3.013310       3.006390       2.999480       2.992580       2.985690       2.978800       2.971930       2.965060       2.958200       2.951350    
   3.098580       3.090070       3.090070       3.090060       3.084910       3.074640       3.074610       3.074590       3.074480       3.049880       3.023420       3.023420       3.023420       3.022120       3.021500       3.021500       3.021720       3.018870       3.017490       3.018400       3.011470       3.004560       2.997660       2.990770       2.983890       2.977020       2.970170       2.963320       2.956490       2.949660    
   3.090070       3.090070       3.090060       3.084920       3.074640       3.074630       3.074610       3.061510       3.044630       3.023420       3.023420       3.023420       3.023420       3.023420       3.021950       3.021280       3.021280       3.021720       3.017870       3.016580       3.009650       3.002740       2.995850       2.988970       2.982100       2.975250       2.968420       2.961600       2.954780       2.947980    
   3.090070       3.090070       3.084920       3.074640       3.074630       3.055960       3.027970       3.025160       3.022360       3.023050       3.023410       3.023420       3.023420       3.023420       3.023420       3.021610       3.020830       3.020830       3.021720       3.014780       3.007850       3.000950       2.994060       2.987190       2.980340       2.973500       2.966690       2.959890       2.953100       2.946330    
   3.090070       3.084930       3.074640       3.074640       3.052230       3.027970       3.027970       3.027970       3.025160       3.022360       3.023030       3.023380       3.023420       3.023420       3.023420       3.023420       3.020920       3.019950       3.019940       3.012990       3.006070       2.999170       2.992290       2.985430       2.978590       2.971770       2.964980       2.958200       2.951440       2.944690    
