iMOD/TUTORIALS/TUT_MetaswapAnalyser/model_MetaSWAP/meteo/Evaporation/Evaporation_20060417_L1.ASC
NCOLS                30
NROWS                30
XLLCORNER     160000.00
YLLCORNER     340000.00
CELLSIZE        1000.00
NODATA_VALUE   -9999.00
   1.638570       1.631470       1.624410       1.617380       1.610390       1.603430       1.596500       1.589600       1.582720       1.575870       1.569030       1.562220       1.555430       1.548650       1.541890       1.535140       1.528410       1.521690       1.514980       1.508280       1.501600       1.494920       1.488260       1.481600       1.474960       1.468330       1.461700       1.455090       1.448480       1.441890    
   1.632150       1.625030       1.617960       1.610920       1.603920       1.596950       1.590010       1.583100       1.576220       1.569360       1.562520       1.555700       1.548910       1.542130       1.535360       1.528620       1.521880       1.515170       1.508460       1.501770       1.495080       1.488410       1.481760       1.475110       1.468470       1.461840       1.455230       1.448620       1.442030       1.435440    
   1.625770       1.618650       1.611560       1.604510       1.597500       1.590520       1.583570       1.576650       1.569760       1.562900       1.556050       1.549230       1.542430       1.535650       1.528880       1.522130       1.515400       1.508680       1.501980       1.495290       1.488610       1.481940       1.475290       1.468640       1.462010       1.455390       1.448780       1.442190       1.435600       1.429020    
   1.619440       1.612310       1.605210       1.598150       1.591130       1.584140       1.577180       1.570250       1.563350       1.556480       1.549630       1.542800       1.536000       1.529210       1.522440       1.515690       1.508960       1.502240       1.495540       1.488850       1.482170       1.475510       1.468860       1.462220       1.455590       1.448980       1.442370       1.435780       1.429200       1.422630    
   1.613160       1.606010       1.598900       1.591830       1.584800       1.577800       1.570830       1.563900       1.556990       1.550110       1.543250       1.536420       1.529610       1.522810       1.516040       1.509290       1.502550       1.495840       1.489130       1.482440       1.475770       1.469110       1.462460       1.455820       1.449200       1.442590       1.435990       1.429410       1.422830       1.416270    
   1.606920       1.599760       1.592650       1.585560       1.578520       1.571510       1.564530       1.557590       1.550670       1.543780       1.536910       1.530070       1.523260       1.516460       1.509690       1.502930       1.496190       1.489470       1.482760       1.476080       1.469400       1.462740       1.456090       1.449460       1.442840       1.436240       1.429640       1.423060       1.416490       1.409940    
   1.600730       1.593560       1.586430       1.579340       1.572280       1.565260       1.558270       1.551320       1.544390       1.537490       1.530620       1.523770       1.516950       1.510150       1.503370       1.496610       1.489870       1.483140       1.476440       1.469750       1.463070       1.456410       1.449770       1.443140       1.436520       1.429920       1.423330       1.416750       1.410190       1.403640    
   1.594590       1.587400       1.580260       1.573160       1.566090       1.559060       1.552060       1.545090       1.538160       1.531250       1.524370       1.517510       1.510680       1.503880       1.497090       1.490330       1.483580       1.476850       1.470140       1.463450       1.456780       1.450120       1.443470       1.436840       1.430230       1.423630       1.417040       1.410470       1.403910       1.397360    
   1.588480       1.581290       1.574130       1.567010       1.559940       1.552890       1.545880       1.538910       1.531960       1.525040       1.518160       1.511290       1.504460       1.497640       1.490850       1.484080       1.477330       1.470600       1.463890       1.457190       1.450520       1.443860       1.437210       1.430580       1.423970       1.417370       1.410780       1.404210       1.397660       1.391110    
   1.582420       1.575210       1.568040       1.560910       1.553820       1.546770       1.539750       1.532760       1.525810       1.518880       1.511980       1.505110       1.498270       1.491450       1.484650       1.477870       1.471120       1.464380       1.457670       1.450970       1.444290       1.437630       1.430990       1.424360       1.417740       1.411140       1.404560       1.397990       1.391440       1.384900    
   1.582430       1.575220       1.564750       1.554850       1.547750       1.540690       1.533660       1.526660       1.519690       1.512760       1.505850       1.498970       1.492120       1.485290       1.478490       1.471700       1.464940       1.458200       1.451490       1.444790       1.438100       1.431440       1.424790       1.418160       1.411550       1.404950       1.398370       1.391800       1.385250       1.378710    
   1.582450       1.569310       1.554850       1.545010       1.541720       1.534640       1.527600       1.520590       1.513620       1.506670       1.499750       1.492870       1.486010       1.479170       1.472360       1.465570       1.458800       1.452060       1.445340       1.438630       1.431950       1.425280       1.418630       1.412000       1.405380       1.398790       1.392200       1.385640       1.379080       1.372550    
   1.574080       1.554850       1.543580       1.538720       1.535720       1.528640       1.521580       1.514560       1.507580       1.500620       1.493700       1.486800       1.479930       1.473090       1.466270       1.459470       1.452700       1.445950       1.439220       1.432510       1.425820       1.419150       1.412500       1.405870       1.399250       1.392650       1.386070       1.379500       1.372950       1.366410    
   1.554850       1.542840       1.537220       1.535720       1.529010       1.522670       1.515600       1.508570       1.501570       1.494610       1.487670       1.480770       1.473890       1.467040       1.460210       1.453410       1.446630       1.439870       1.433140       1.426430       1.419730       1.413060       1.406410       1.399770       1.393150       1.386550       1.379960       1.373400       1.366850       1.360310    
   1.542470       1.536470       1.535720       1.529130       1.522670       1.515980       1.509660       1.502610       1.495610       1.488630       1.481690       1.474770       1.467880       1.461020       1.454190       1.447380       1.440590       1.433830       1.427090       1.420370       1.413680       1.407000       1.400340       1.393700       1.387080       1.380480       1.373890       1.367320       1.360770       1.354230    
   1.536090       1.535720       1.529170       1.522670       1.516100       1.509660       1.506130       1.502630       1.492390       1.482690       1.475730       1.468810       1.461910       1.455040       1.448200       1.441380       1.434590       1.427820       1.421080       1.414350       1.407650       1.400970       1.394310       1.387660       1.381040       1.374430       1.367840       1.361270       1.354720       1.348180    
   1.535720       1.529190       1.522670       1.516140       1.509660       1.507900       1.506140       1.495960       1.482690       1.479210       1.469420       1.462880       1.455970       1.449100       1.442250       1.435420       1.428620       1.421850       1.415090       1.408360       1.401660       1.394970       1.388300       1.381650       1.375030       1.368420       1.361830       1.355260       1.348700       1.342160    
   1.529190       1.522670       1.516160       1.509660       1.508780       1.507900       1.498170       1.482690       1.480950       1.469650       1.459930       1.456980       1.450070       1.443180       1.436320       1.429490       1.422680       1.415900       1.409140       1.402410       1.395690       1.389000       1.382330       1.375680       1.369040       1.362430       1.355840       1.349260       1.342710       1.336170    
   1.522670       1.516160       1.509660       1.509220       1.508780       1.499380       1.482690       1.481820       1.469740       1.458450       1.456980       1.453530       1.446880       1.437300       1.430430       1.423590       1.416780       1.409990       1.403220       1.396480       1.389760       1.383060       1.376380       1.369730       1.363090       1.356480       1.349880       1.343300       1.336740       1.330200    
   1.516160       1.509660       1.509440       1.509220       1.500020       1.482690       1.482250       1.469790       1.457720       1.456980       1.455250       1.448670       1.437300       1.433870       1.430440       1.423600       1.416790       1.410000       1.397000       1.390580       1.383850       1.377150       1.370470       1.363810       1.357170       1.350550       1.343950       1.337360       1.330800       1.324260    
   1.509660       1.509550       1.509440       1.500340       1.482690       1.482470       1.469810       1.457350       1.456980       1.456120       1.449550       1.437300       1.435580       1.433870       1.429300       1.423610       1.416790       1.399230       1.387650       1.384710       1.377980       1.371270       1.364580       1.357910       1.351270       1.344640       1.338040       1.331450       1.324890       1.318340    
   1.509600       1.509550       1.500510       1.482690       1.482580       1.469820       1.457160       1.456980       1.456550       1.449990       1.437300       1.436440       1.435580       1.432920       1.428930       1.423230       1.402100       1.386180       1.384710       1.378270       1.372130       1.365420       1.358720       1.352050       1.345400       1.338770       1.332160       1.325570       1.319000       1.312450    
   1.509600       1.500590       1.482690       1.482640       1.469830       1.457070       1.456980       1.456760       1.450200       1.437300       1.436870       1.436440       1.434980       1.432480       1.428360       1.401420       1.385440       1.384710       1.371740       1.366330       1.362290       1.359590       1.352890       1.346210       1.339560       1.332920       1.326310       1.319710       1.313140       1.306590    
   1.500630       1.482690       1.482660       1.469830       1.457030       1.456980       1.456870       1.450310       1.437300       1.437090       1.436870       1.436100       1.434630       1.410350       1.387960       1.367410       1.367400       1.363810       1.359580       1.357640       1.360520       1.353790       1.347090       1.340400       1.333740       1.327100       1.320480       1.313880       1.307300       1.300750    
   1.482690       1.482680       1.469830       1.457000       1.456980       1.456930       1.450370       1.437300       1.437190       1.437090       1.436680       1.435870       1.394340       1.345400       1.345580       1.352540       1.349380       1.350090       1.352950       1.354770       1.354760       1.348020       1.341310       1.334620       1.327950       1.321300       1.314680       1.308080       1.301490       1.294930    
   1.482680       1.469830       1.456990       1.456980       1.456950       1.450390       1.437300       1.437250       1.437190       1.436990       1.396200       1.335670       1.342010       1.345230       1.345230       1.345580       1.347810       1.348670       1.350090       1.349300       1.349020       1.342280       1.335560       1.328860       1.322190       1.315530       1.308900       1.302300       1.295710       1.289140    
   1.469830       1.456990       1.456980       1.456970       1.450410       1.437300       1.437270       1.437250       1.437140       1.388340       1.335670       1.335670       1.335670       1.341750       1.344880       1.344880       1.345580       1.346910       1.347250       1.350090       1.343310       1.336560       1.329830       1.323130       1.316450       1.309790       1.303150       1.296540       1.289950       1.283370    
   1.456980       1.456980       1.456970       1.450410       1.437300       1.437290       1.437270       1.406700       1.373720       1.335650       1.335670       1.335670       1.335670       1.335670       1.341240       1.344180       1.344170       1.345580       1.344710       1.344410       1.337630       1.330870       1.324130       1.317420       1.310730       1.304070       1.297430       1.290810       1.284210       1.277630    
   1.456980       1.456980       1.450420       1.437300       1.437290       1.389060       1.316720       1.315930       1.315150       1.328790       1.335620       1.335670       1.335670       1.335670       1.335670       1.340220       1.342770       1.342770       1.345580       1.338760       1.331970       1.325200       1.318460       1.311740       1.305050       1.298370       1.291730       1.285100       1.278500       1.271910    
   1.456980       1.450420       1.437300       1.437300       1.379410       1.316710       1.316710       1.316720       1.315930       1.315150       1.328710       1.335530       1.335670       1.335670       1.335670       1.335670       1.338280       1.339970       1.339960       1.333130       1.326330       1.319560       1.312810       1.306080       1.299380       1.292700       1.286050       1.279420       1.272800       1.266220    
