iMOD/TUTORIALS/TUT_MetaswapAnalyser/model_MetaSWAP/meteo/Evaporation/Evaporation_20050420_L1.ASC
NCOLS                30
NROWS                30
XLLCORNER     160000.00
YLLCORNER     340000.00
CELLSIZE        1000.00
NODATA_VALUE   -9999.00
   1.080350       1.085210       1.090090       1.095000       1.099930       1.104880       1.109850       1.114830       1.119830       1.124840       1.129860       1.134880       1.139920       1.144950       1.150000       1.155040       1.160090       1.165130       1.170180       1.175220       1.180260       1.185300       1.190330       1.195360       1.200380       1.205390       1.210390       1.215390       1.220380       1.225360    
   1.073350       1.078170       1.083020       1.087890       1.092780       1.097690       1.102620       1.107570       1.112520       1.117500       1.122480       1.127470       1.132470       1.137480       1.142490       1.147500       1.152520       1.157540       1.162560       1.167570       1.172590       1.177600       1.182610       1.187610       1.192610       1.197600       1.202590       1.207560       1.212530       1.217500    
   1.066380       1.071160       1.075960       1.080790       1.085650       1.090520       1.095410       1.100320       1.105240       1.110180       1.115120       1.120080       1.125050       1.130020       1.135000       1.139990       1.144970       1.149960       1.154950       1.159940       1.164930       1.169920       1.174900       1.179880       1.184860       1.189830       1.194800       1.199760       1.204710       1.209660    
   1.059420       1.064160       1.068930       1.073720       1.078530       1.083370       1.088220       1.093090       1.097980       1.102880       1.107790       1.112710       1.117650       1.122590       1.127530       1.132490       1.137450       1.142410       1.147370       1.152330       1.157300       1.162260       1.167220       1.172180       1.177130       1.182080       1.187030       1.191970       1.196900       1.201830    
   1.052480       1.057180       1.061910       1.066660       1.071440       1.076230       1.081050       1.085880       1.090730       1.095600       1.100470       1.105360       1.110260       1.115170       1.120090       1.125010       1.129940       1.134870       1.139810       1.144740       1.149680       1.154620       1.159560       1.164490       1.169420       1.174350       1.179280       1.184200       1.189120       1.194030    
   1.045560       1.050220       1.054910       1.059620       1.064360       1.069120       1.073900       1.078690       1.083510       1.088340       1.093180       1.098040       1.102900       1.107780       1.112660       1.117560       1.122450       1.127360       1.132260       1.137170       1.142090       1.147000       1.151910       1.156820       1.161740       1.166640       1.171550       1.176450       1.181350       1.186240    
   1.038650       1.043280       1.047930       1.052600       1.057300       1.062020       1.066760       1.071520       1.076300       1.081100       1.085900       1.090730       1.095560       1.100400       1.105260       1.110120       1.114990       1.119860       1.124740       1.129630       1.134510       1.139400       1.144290       1.149180       1.154070       1.158950       1.163840       1.168720       1.173600       1.178480    
   1.031760       1.036350       1.040960       1.045600       1.050260       1.054940       1.059650       1.064370       1.069120       1.073880       1.078650       1.083440       1.088240       1.093050       1.097870       1.102700       1.107540       1.112390       1.117240       1.122100       1.126960       1.131820       1.136680       1.141550       1.146420       1.151280       1.156150       1.161010       1.165870       1.170730    
   1.024890       1.029440       1.034010       1.038610       1.043240       1.047890       1.052550       1.057240       1.061950       1.066670       1.071410       1.076170       1.080940       1.085720       1.090510       1.095310       1.100120       1.104930       1.109760       1.114590       1.119420       1.124260       1.129100       1.133940       1.138780       1.143630       1.148470       1.153320       1.158160       1.163000    
   1.018030       1.022540       1.027080       1.031650       1.036230       1.040840       1.045480       1.050130       1.054800       1.059490       1.064200       1.068920       1.073650       1.078400       1.083160       1.087930       1.092710       1.097500       1.102290       1.107100       1.111900       1.116720       1.121530       1.126350       1.131170       1.136000       1.140820       1.145640       1.150470       1.155290    
   1.018040       1.022550       1.026490       1.024690       1.029240       1.033820       1.038420       1.043030       1.047670       1.052320       1.057000       1.061680       1.066390       1.071100       1.075830       1.080570       1.085320       1.090080       1.094850       1.099630       1.104410       1.109190       1.113990       1.118780       1.123580       1.128380       1.133180       1.137990       1.142790       1.147590    
   1.018050       1.022940       1.024690       1.022880       1.022270       1.026810       1.031370       1.035950       1.040560       1.045180       1.049820       1.054470       1.059140       1.063830       1.068520       1.073230       1.077950       1.082690       1.087430       1.092170       1.096930       1.101690       1.106460       1.111230       1.116010       1.120790       1.125570       1.130350       1.135140       1.139920    
   1.019810       1.024690       1.020420       1.018800       1.015320       1.019820       1.024350       1.028890       1.033460       1.038050       1.042650       1.047280       1.051910       1.056570       1.061230       1.065910       1.070600       1.075310       1.080020       1.084740       1.089470       1.094210       1.098950       1.103700       1.108450       1.113210       1.117970       1.122740       1.127500       1.132270    
   1.024690       1.019370       1.017060       1.015320       1.016000       1.012850       1.017340       1.021850       1.026380       1.030940       1.035510       1.040100       1.044700       1.049330       1.053960       1.058610       1.063270       1.067950       1.072630       1.077330       1.082030       1.086740       1.091460       1.096190       1.100920       1.105650       1.110390       1.115140       1.119880       1.124630    
   1.018890       1.016190       1.015320       1.014720       1.012850       1.013510       1.010350       1.014820       1.019320       1.023840       1.028380       1.032940       1.037510       1.042100       1.046710       1.051330       1.055960       1.060610       1.065260       1.069930       1.074610       1.079300       1.083990       1.088690       1.093400       1.098120       1.102830       1.107560       1.112280       1.117010    
   1.015750       1.015320       1.014300       1.012850       1.012240       1.010350       1.012580       1.014830       1.018690       1.016770       1.021270       1.025800       1.030340       1.034900       1.039470       1.044060       1.048670       1.053290       1.057920       1.062560       1.067210       1.071870       1.076540       1.081220       1.085900       1.090600       1.095290       1.100000       1.104700       1.109410    
   1.015320       1.014160       1.012850       1.011810       1.010350       1.011470       1.012590       1.015720       1.016770       1.019020       1.018810       1.018670       1.023180       1.027710       1.032260       1.036820       1.041390       1.045980       1.050580       1.055200       1.059820       1.064460       1.069110       1.073760       1.078420       1.083090       1.087770       1.092450       1.097140       1.101830    
   1.014110       1.012850       1.011670       1.010350       1.010910       1.011470       1.014140       1.016770       1.017890       1.016260       1.015120       1.011560       1.016040       1.020540       1.025060       1.029590       1.034130       1.038700       1.043270       1.047860       1.052460       1.057070       1.061690       1.066320       1.070960       1.075610       1.080270       1.084930       1.089600       1.094270    
   1.012850       1.011620       1.010350       1.010630       1.010910       1.013320       1.016770       1.017330       1.015160       1.013340       1.011560       1.013800       1.015380       1.013390       1.017880       1.022380       1.026890       1.031430       1.035980       1.040540       1.045110       1.049700       1.054300       1.058900       1.063520       1.068150       1.072780       1.077430       1.082070       1.086730    
   1.011610       1.010350       1.010490       1.010630       1.012910       1.016770       1.017050       1.014650       1.012450       1.011560       1.012680       1.013530       1.013390       1.015640       1.017880       1.022380       1.026900       1.031430       1.033430       1.033230       1.037780       1.042340       1.046920       1.051500       1.056100       1.060700       1.065320       1.069940       1.074570       1.079200    
   1.010350       1.010420       1.010490       1.012700       1.016770       1.016910       1.014410       1.012000       1.011560       1.012120       1.012790       1.013390       1.014510       1.015640       1.018630       1.022390       1.026910       1.029460       1.029590       1.025950       1.030470       1.035010       1.039560       1.044120       1.048690       1.053280       1.057870       1.062470       1.067080       1.071700    
   1.010380       1.010420       1.012590       1.016770       1.016840       1.014290       1.011780       1.011560       1.011840       1.012470       1.013390       1.013950       1.014510       1.016260       1.018890       1.022640       1.026490       1.027770       1.025950       1.026530       1.023180       1.027690       1.032220       1.036760       1.041310       1.045870       1.050440       1.055020       1.059610       1.064210    
   1.010380       1.012540       1.016770       1.016810       1.014230       1.011670       1.011560       1.011700       1.012310       1.013390       1.013670       1.013950       1.014910       1.016550       1.019260       1.019830       1.026860       1.025950       1.018360       1.015910       1.018600       1.020390       1.024890       1.029410       1.033940       1.038480       1.043030       1.047590       1.052160       1.056740    
   1.012520       1.016770       1.016790       1.014200       1.011620       1.011560       1.011630       1.012240       1.013390       1.013530       1.013670       1.014180       1.015140       1.003680       1.000890       1.004280       1.004280       1.005890       1.007450       1.005030       1.008650       1.013110       1.017590       1.022080       1.026590       1.031110       1.035640       1.040180       1.044730       1.049290    
   1.016770       1.016780       1.014180       1.011590       1.011560       1.011600       1.012210       1.013390       1.013460       1.013530       1.013790       1.014330      0.9920710      0.9637880      0.9640100      0.9813760      0.9817150      0.9826100      0.9950890       1.001420       1.001410       1.005850       1.010300       1.014770       1.019260       1.023750       1.028260       1.032790       1.037320       1.041860    
   1.016770       1.014170       1.011570       1.011560       1.011580       1.012190       1.013390       1.013430       1.013460       1.013590      0.9837540      0.9385600      0.9551960      0.9635660      0.9635660      0.9640100      0.9755000      0.9808200      0.9826100      0.9912970      0.9941900      0.9986000       1.003030       1.007480       1.011940       1.016420       1.020910       1.025410       1.029930       1.034450    
   1.014170       1.011570       1.011560       1.011570       1.012180       1.013390       1.013410       1.013430       1.013490      0.9775860      0.9385600      0.9385600      0.9385600      0.9548700      0.9631230      0.9631220      0.9640100      0.9745610      0.9790300      0.9826100      0.9869800      0.9913700      0.9957800       1.000210       1.004650       1.009100       1.013570       1.018060       1.022550       1.027060    
   1.011560       1.011560       1.011560       1.012170       1.013390       1.013400       1.013410      0.9849810      0.9613610      0.9385410      0.9385600      0.9385600      0.9385600      0.9385600      0.9542290      0.9622360      0.9622350      0.9640100      0.9725950      0.9754500      0.9798000      0.9841700      0.9885500      0.9929500      0.9973700       1.001810       1.006260       1.010720       1.015200       1.019690    
   1.011560       1.011560       1.012170       1.013390       1.013390      0.9635210      0.8887100      0.8941550      0.8996000      0.9255210      0.9385020      0.9385600      0.9385600      0.9385600      0.9385600      0.9529990      0.9604620      0.9604600      0.9640100      0.9683100      0.9726300      0.9769800      0.9813400      0.9857200      0.9901100      0.9945300      0.9989600       1.003400       1.007860       1.012330    
   1.011560       1.012170       1.013390       1.013390      0.9535340      0.8886970      0.8886970      0.8887100      0.8941550      0.8996000      0.9254210      0.9383870      0.9385600      0.9385600      0.9385600      0.9385600      0.9507380      0.9569170      0.9569100      0.9611900      0.9654800      0.9698000      0.9741400      0.9785000      0.9828800      0.9872700      0.9916800      0.9961100       1.000550       1.005000    
