iMOD/TUTORIALS/TUT_MetaswapAnalyser/model_MetaSWAP/meteo/Evaporation/Evaporation_20050601_L1.ASC
NCOLS                30
NROWS                30
XLLCORNER     160000.00
YLLCORNER     340000.00
CELLSIZE        1000.00
NODATA_VALUE   -9999.00
   4.095930       4.096850       4.097720       4.098520       4.099250       4.099920       4.100520       4.101060       4.101520       4.101920       4.102250       4.102500       4.102680       4.102790       4.102830       4.102800       4.102690       4.102510       4.102260       4.101940       4.101550       4.101080       4.100550       4.099940       4.099270       4.098530       4.097730       4.096860       4.095930       4.094940    
   4.096130       4.097060       4.097920       4.098720       4.099450       4.100120       4.100730       4.101270       4.101740       4.102140       4.102470       4.102730       4.102930       4.103050       4.103100       4.103080       4.102980       4.102820       4.102590       4.102280       4.101910       4.101470       4.100960       4.100380       4.099730       4.099020       4.098240       4.097400       4.096500       4.095540    
   4.096320       4.097240       4.098110       4.098910       4.099640       4.100320       4.100920       4.101460       4.101940       4.102350       4.102680       4.102950       4.103160       4.103290       4.103350       4.103340       4.103260       4.103120       4.102900       4.102610       4.102260       4.101840       4.101350       4.100790       4.100170       4.099490       4.098740       4.097930       4.097050       4.096120    
   4.096500       4.097420       4.098280       4.099080       4.099820       4.100500       4.101100       4.101650       4.102130       4.102540       4.102890       4.103160       4.103370       4.103520       4.103590       4.103590       4.103530       4.103400       4.103200       4.102930       4.102600       4.102200       4.101730       4.101200       4.100600       4.099940       4.099220       4.098430       4.097590       4.096680    
   4.096660       4.097590       4.098450       4.099250       4.099990       4.100660       4.101280       4.101820       4.102310       4.102720       4.103080       4.103360       4.103580       4.103730       4.103820       4.103830       4.103780       4.103670       4.103480       4.103230       4.102920       4.102540       4.102090       4.101580       4.101010       4.100370       4.099680       4.098920       4.098100       4.097230    
   4.096820       4.097740       4.098600       4.099400       4.100140       4.100820       4.101440       4.101990       4.102480       4.102900       4.103260       4.103550       4.103780       4.103940       4.104030       4.104060       4.104030       4.103930       4.103760       4.103530       4.103230       4.102870       4.102440       4.101960       4.101410       4.100800       4.100130       4.099390       4.098610       4.097760    
   4.096960       4.097890       4.098750       4.099550       4.100290       4.100970       4.101590       4.102140       4.102640       4.103060       4.103430       4.103730       4.103960       4.104140       4.104240       4.104280       4.104260       4.104170       4.104020       4.103810       4.103530       4.103190       4.102780       4.102320       4.101790       4.101200       4.100560       4.099850       4.099090       4.098270    
   4.097100       4.098020       4.098880       4.099690       4.100430       4.101110       4.101730       4.102290       4.102790       4.103220       4.103590       4.103900       4.104140       4.104320       4.104440       4.104490       4.104480       4.104410       4.104280       4.104080       4.103820       4.103490       4.103110       4.102670       4.102160       4.101600       4.100980       4.100300       4.099560       4.098770    
   4.097230       4.098150       4.099010       4.099820       4.100560       4.101240       4.101870       4.102430       4.102930       4.103370       4.103740       4.104060       4.104310       4.104500       4.104630       4.104690       4.104700       4.104640       4.104520       4.104340       4.104090       4.103790       4.103430       4.103000       4.102520       4.101980       4.101380       4.100730       4.100020       4.099260    
   4.097350       4.098270       4.099130       4.099940       4.100680       4.101370       4.101990       4.102560       4.103060       4.103510       4.103890       4.104210       4.104470       4.104670       4.104810       4.104890       4.104900       4.104860       4.104750       4.104590       4.104360       4.104080       4.103730       4.103330       4.102870       4.102350       4.101780       4.101150       4.100470       4.099730    
   4.097330       4.098250       4.099350       4.100050       4.100800       4.101480       4.102110       4.102680       4.103190       4.103640       4.104030       4.104360       4.104630       4.104840       4.104980       4.105070       4.105100       4.105070       4.104980       4.104830       4.104620       4.104350       4.104030       4.103650       4.103210       4.102710       4.102160       4.101560       4.100900       4.100190    
   4.097310       4.098740       4.100050       4.100690       4.100910       4.101600       4.102230       4.102800       4.103310       4.103770       4.104160       4.104500       4.104770       4.104990       4.105150       4.105250       4.105290       4.105270       4.105200       4.105060       4.104870       4.104620       4.104310       4.103950       4.103540       4.103060       4.102540       4.101960       4.101320       4.100640    
   4.098110       4.100050       4.100680       4.100960       4.101010       4.101700       4.102330       4.102910       4.103430       4.103890       4.104290       4.104630       4.104920       4.105140       4.105310       4.105420       4.105470       4.105470       4.105410       4.105290       4.105110       4.104880       4.104590       4.104250       4.103850       4.103400       4.102900       4.102340       4.101740       4.101080    
   4.100050       4.100680       4.100980       4.101010       4.101500       4.101800       4.102440       4.103020       4.103540       4.104000       4.104410       4.104760       4.105050       4.105290       4.105460       4.105580       4.105650       4.105660       4.105610       4.105510       4.105350       4.105130       4.104860       4.104540       4.104160       4.103740       4.103250       4.102720       4.102140       4.101500    
   4.100680       4.101000       4.101010       4.101440       4.101800       4.102260       4.102540       4.103120       4.103640       4.104110       4.104530       4.104880       4.105180       4.105430       4.105610       4.105740       4.105820       4.105840       4.105810       4.105720       4.105570       4.105380       4.105130       4.104820       4.104470       4.104060       4.103600       4.103090       4.102530       4.101920    
   4.101000       4.101010       4.101420       4.101800       4.102200       4.102540       4.102830       4.103100       4.103770       4.104220       4.104640       4.105000       4.105310       4.105560       4.105760       4.105900       4.105990       4.106020       4.106000       4.105920       4.105800       4.105620       4.105380       4.105100       4.104760       4.104380       4.103940       4.103450       4.102920       4.102330    
   4.101010       4.101410       4.101800       4.102180       4.102540       4.102680       4.102820       4.103480       4.104220       4.104430       4.104840       4.105120       4.105430       4.105690       4.105900       4.106050       4.106150       4.106190       4.106180       4.106120       4.106010       4.105850       4.105630       4.105370       4.105050       4.104690       4.104270       4.103810       4.103290       4.102730    
   4.101410       4.101800       4.102170       4.102540       4.102610       4.102680       4.103300       4.104220       4.104330       4.104780       4.105180       4.105230       4.105550       4.105820       4.106030       4.106200       4.106300       4.106360       4.106370       4.106320       4.106220       4.106080       4.105880       4.105630       4.105330       4.104990       4.104590       4.104150       4.103660       4.103130    
   4.101800       4.102170       4.102540       4.102580       4.102610       4.103200       4.104220       4.104270       4.104750       4.105200       4.105230       4.105390       4.105630       4.105940       4.106170       4.106340       4.106460       4.106530       4.106550       4.106510       4.106430       4.106300       4.106120       4.105890       4.105610       4.105290       4.104910       4.104490       4.104030       4.103510    
   4.102170       4.102540       4.102560       4.102580       4.103150       4.104220       4.104250       4.104740       4.105220       4.105230       4.105310       4.105550       4.105940       4.106060       4.106150       4.106320       4.106440       4.106510       4.106640       4.106700       4.106640       4.106520       4.106360       4.106140       4.105890       4.105580       4.105230       4.104830       4.104380       4.103900    
   4.102540       4.102550       4.102560       4.103130       4.104220       4.104230       4.104730       4.105220       4.105230       4.105270       4.105510       4.105940       4.106000       4.106050       4.106180       4.106310       4.106430       4.106660       4.106800       4.106890       4.106840       4.106740       4.106590       4.106400       4.106150       4.105870       4.105540       4.105160       4.104740       4.104270    
   4.102540       4.102550       4.103110       4.104220       4.104230       4.104730       4.105230       4.105230       4.105250       4.105490       4.105940       4.105970       4.106000       4.106070       4.106180       4.106300       4.106620       4.106840       4.106890       4.106920       4.107040       4.106950       4.106820       4.106640       4.106420       4.106150       4.105840       4.105490       4.105090       4.104640    
   4.102540       4.103110       4.104220       4.104220       4.104730       4.105230       4.105230       4.105240       4.105480       4.105940       4.105950       4.105970       4.106010       4.106080       4.106180       4.106680       4.106870       4.106890       4.107140       4.107230       4.107190       4.107160       4.107050       4.106890       4.106680       4.106440       4.106140       4.105810       4.105430       4.105010    
   4.103100       4.104220       4.104220       4.104730       4.105230       4.105230       4.105240       4.105470       4.105940       4.105950       4.105950       4.105980       4.106020       4.106640       4.107100       4.107440       4.107440       4.107450       4.107460       4.107520       4.107430       4.107370       4.107270       4.107130       4.106940       4.106720       4.106440       4.106130       4.105770       4.105380    
   4.104220       4.104220       4.104730       4.105230       4.105230       4.105230       4.105470       4.105940       4.105940       4.105950       4.105960       4.105980       4.107030       4.108270       4.108260       4.107950       4.108010       4.107990       4.107750       4.107620       4.107620       4.107580       4.107500       4.107370       4.107210       4.106990       4.106740       4.106450       4.106110       4.105740    
   4.104220       4.104720       4.105230       4.105230       4.105230       4.105470       4.105940       4.105940       4.105940       4.105950       4.107040       4.108650       4.108400       4.108270       4.108270       4.108260       4.108100       4.108040       4.107990       4.107860       4.107820       4.107790       4.107720       4.107620       4.107460       4.107270       4.107040       4.106770       4.106450       4.106100    
   4.104720       4.105230       4.105230       4.105230       4.105470       4.105940       4.105940       4.105940       4.105950       4.107250       4.108650       4.108650       4.108650       4.108410       4.108280       4.108280       4.108260       4.108130       4.108080       4.107990       4.108020       4.108000       4.107950       4.107860       4.107720       4.107550       4.107340       4.107080       4.106790       4.106460    
   4.105230       4.105230       4.105230       4.105470       4.105940       4.105940       4.105940       4.106810       4.107680       4.108650       4.108650       4.108650       4.108650       4.108650       4.108420       4.108310       4.108300       4.108260       4.108190       4.108170       4.108210       4.108220       4.108180       4.108100       4.107980       4.107830       4.107630       4.107400       4.107130       4.106820    
   4.105230       4.105230       4.105470       4.105940       4.105940       4.107300       4.109340       4.109380       4.109410       4.108900       4.108650       4.108650       4.108650       4.108650       4.108650       4.108460       4.108350       4.108350       4.108260       4.108360       4.108410       4.108430       4.108410       4.108340       4.108250       4.108110       4.107930       4.107720       4.107470       4.107180    
   4.105230       4.105470       4.105940       4.105940       4.107570       4.109340       4.109340       4.109340       4.109380       4.109410       4.108910       4.108650       4.108650       4.108650       4.108650       4.108650       4.108520       4.108440       4.108440       4.108550       4.108620       4.108650       4.108640       4.108590       4.108510       4.108390       4.108230       4.108040       4.107810       4.107540    
