iMOD/TUTORIALS/TUT_MetaswapAnalyser/model_MetaSWAP/meteo/Evaporation/Evaporation_20060409_L1.ASC
NCOLS                30
NROWS                30
XLLCORNER     160000.00
YLLCORNER     340000.00
CELLSIZE        1000.00
NODATA_VALUE   -9999.00
   2.269800       2.268450       2.267100       2.265750       2.264390       2.263030       2.261660       2.260290       2.258910       2.257520       2.256130       2.254720       2.253300       2.251880       2.250440       2.248990       2.247530       2.246060       2.244580       2.243090       2.241580       2.240070       2.238540       2.237000       2.235450       2.233890       2.232320       2.230740       2.229150       2.227550    
   2.270260       2.268900       2.267540       2.266180       2.264820       2.263450       2.262080       2.260700       2.259320       2.257930       2.256530       2.255120       2.253700       2.252280       2.250840       2.249390       2.247940       2.246470       2.244990       2.243500       2.242000       2.240490       2.238970       2.237440       2.235900       2.234350       2.232780       2.231210       2.229630       2.228050    
   2.270740       2.269370       2.268010       2.266640       2.265270       2.263890       2.262520       2.261130       2.259750       2.258350       2.256950       2.255540       2.254120       2.252700       2.251260       2.249820       2.248360       2.246900       2.245420       2.243940       2.242440       2.240940       2.239420       2.237900       2.236360       2.234820       2.233260       2.231700       2.230130       2.228550    
   2.271250       2.269880       2.268500       2.267120       2.265740       2.264360       2.262980       2.261590       2.260200       2.258800       2.257400       2.255980       2.254560       2.253140       2.251700       2.250260       2.248800       2.247340       2.245870       2.244390       2.242900       2.241400       2.239890       2.238370       2.236840       2.235300       2.233750       2.232200       2.230640       2.229070    
   2.271790       2.270400       2.269020       2.267630       2.266250       2.264860       2.263470       2.262070       2.260680       2.259270       2.257860       2.256450       2.255030       2.253600       2.252160       2.250720       2.249270       2.247810       2.246340       2.244860       2.243370       2.241870       2.240370       2.238850       2.237330       2.235800       2.234260       2.232710       2.231160       2.229590    
   2.272350       2.270960       2.269560       2.268170       2.266770       2.265380       2.263980       2.262580       2.261180       2.259770       2.258360       2.256940       2.255510       2.254080       2.252650       2.251200       2.249750       2.248290       2.246820       2.245340       2.243860       2.242370       2.240860       2.239360       2.237840       2.236310       2.234780       2.233240       2.231690       2.230130    
   2.272940       2.271530       2.270130       2.268720       2.267320       2.265920       2.264510       2.263110       2.261700       2.260290       2.258870       2.257450       2.256020       2.254590       2.253150       2.251700       2.250250       2.248790       2.247320       2.245850       2.244370       2.242880       2.241380       2.239870       2.238360       2.236840       2.235310       2.233780       2.232230       2.230680    
   2.273550       2.272140       2.270720       2.269310       2.267900       2.266480       2.265070       2.263660       2.262240       2.260830       2.259400       2.257980       2.256550       2.255110       2.253670       2.252230       2.250770       2.249310       2.247850       2.246370       2.244890       2.243400       2.241910       2.240410       2.238900       2.237380       2.235860       2.234330       2.232790       2.231250    
   2.274190       2.272760       2.271340       2.269910       2.268490       2.267070       2.265650       2.264230       2.262810       2.261390       2.259960       2.258530       2.257100       2.255660       2.254220       2.252770       2.251310       2.249850       2.248390       2.246910       2.245430       2.243950       2.242460       2.240960       2.239450       2.237940       2.236420       2.234890       2.233360       2.231830    
   2.274850       2.273410       2.271980       2.270540       2.269110       2.267690       2.266260       2.264830       2.263400       2.261970       2.260540       2.259110       2.257670       2.256220       2.254780       2.253330       2.251870       2.250410       2.248940       2.247470       2.245990       2.244510       2.243020       2.241520       2.240020       2.238510       2.237000       2.235470       2.233950       2.232420    
   2.274850       2.273410       2.271780       2.271200       2.269760       2.268320       2.266880       2.265450       2.264010       2.262580       2.261140       2.259700       2.258260       2.256810       2.255360       2.253910       2.252450       2.250990       2.249520       2.248050       2.246570       2.245090       2.243600       2.242100       2.240600       2.239100       2.237580       2.236070       2.234550       2.233020    
   2.274860       2.272810       2.271200       2.270620       2.270420       2.268980       2.267530       2.266090       2.264650       2.263200       2.261760       2.260310       2.258870       2.257420       2.255960       2.254510       2.253050       2.251580       2.250110       2.248640       2.247160       2.245680       2.244190       2.242700       2.241200       2.239700       2.238190       2.236680       2.235160       2.233630    
   2.273790       2.271200       2.270920       2.270770       2.271110       2.269650       2.268200       2.266750       2.265300       2.263850       2.262400       2.260950       2.259500       2.258040       2.256580       2.255120       2.253660       2.252200       2.250730       2.249250       2.247770       2.246290       2.244800       2.243310       2.241810       2.240310       2.238810       2.237300       2.235780       2.234260    
   2.271200       2.271040       2.270940       2.271110       2.270370       2.270350       2.268890       2.267430       2.265970       2.264520       2.263060       2.261600       2.260150       2.258690       2.257230       2.255760       2.254300       2.252830       2.251360       2.249880       2.248400       2.246920       2.245430       2.243940       2.242440       2.240940       2.239440       2.237930       2.236420       2.234900    
   2.271090       2.271020       2.271110       2.270610       2.270350       2.269610       2.269600       2.268140       2.266670       2.265210       2.263740       2.262280       2.260810       2.259350       2.257880       2.256420       2.254950       2.253480       2.252000       2.250520       2.249040       2.247560       2.246070       2.244580       2.243090       2.241590       2.240090       2.238580       2.237070       2.235560    
   2.271070       2.271110       2.270690       2.270350       2.269850       2.269600       2.268870       2.268140       2.266480       2.265910       2.264440       2.262970       2.261500       2.260030       2.258560       2.257090       2.255620       2.254140       2.252670       2.251190       2.249710       2.248220       2.246730       2.245240       2.243750       2.242250       2.240750       2.239250       2.237740       2.236230    
   2.271110       2.270720       2.270350       2.269930       2.269600       2.269230       2.268870       2.267350       2.265910       2.265170       2.264290       2.263690       2.262210       2.260730       2.259260       2.257780       2.256310       2.254830       2.253350       2.251870       2.250380       2.248900       2.247410       2.245920       2.244420       2.242930       2.241430       2.239920       2.238420       2.236910    
   2.270730       2.270350       2.269960       2.269600       2.269420       2.269230       2.267840       2.265910       2.265540       2.264770       2.264060       2.264420       2.262940       2.261450       2.259970       2.258490       2.257010       2.255530       2.254050       2.252560       2.251080       2.249590       2.248100       2.246610       2.245110       2.243620       2.242120       2.240620       2.239110       2.237610    
   2.270350       2.269970       2.269600       2.269510       2.269420       2.268100       2.265910       2.265730       2.264980       2.264240       2.264420       2.263680       2.262750       2.262190       2.260710       2.259220       2.257730       2.256250       2.254760       2.253280       2.251790       2.250300       2.248810       2.247310       2.245820       2.244320       2.242820       2.241320       2.239820       2.238310    
   2.269970       2.269600       2.269550       2.269510       2.268230       2.265910       2.265820       2.265070       2.264330       2.264420       2.264050       2.263260       2.262190       2.261450       2.260710       2.259220       2.257730       2.256250       2.254610       2.254000       2.252510       2.251020       2.249530       2.248030       2.246540       2.245040       2.243540       2.242040       2.240540       2.239040    
   2.269600       2.269580       2.269550       2.268300       2.265910       2.265860       2.265120       2.264370       2.264420       2.264240       2.263480       2.262190       2.261820       2.261450       2.260460       2.259220       2.257730       2.255540       2.254370       2.254750       2.253260       2.251760       2.250270       2.248770       2.247270       2.245780       2.244280       2.242780       2.241270       2.239770    
   2.269590       2.269580       2.268340       2.265910       2.265890       2.265140       2.264400       2.264420       2.264330       2.263580       2.262190       2.262010       2.261820       2.261240       2.260380       2.259140       2.256360       2.254560       2.254750       2.254010       2.254020       2.252520       2.251020       2.249520       2.248020       2.246530       2.245030       2.243520       2.242020       2.240520    
   2.269590       2.268350       2.265910       2.265900       2.265150       2.264410       2.264420       2.264370       2.263630       2.262190       2.262100       2.262000       2.261690       2.261150       2.260250       2.257540       2.254660       2.254750       2.254890       2.254800       2.253900       2.253290       2.251790       2.250290       2.248790       2.247290       2.245790       2.244290       2.242790       2.241280    
   2.268360       2.265910       2.265900       2.265160       2.264410       2.264420       2.264400       2.263650       2.262190       2.262140       2.262100       2.261930       2.261610       2.261480       2.259840       2.257160       2.257150       2.256470       2.255730       2.255990       2.255580       2.254080       2.252570       2.251070       2.249570       2.248070       2.246570       2.245060       2.243560       2.242060    
   2.265910       2.265910       2.265160       2.264420       2.264420       2.264410       2.263670       2.262190       2.262170       2.262140       2.262060       2.261880       2.262150       2.262850       2.262820       2.260100       2.259670       2.259560       2.257430       2.256390       2.256390       2.254880       2.253370       2.251870       2.250360       2.248860       2.247360       2.245850       2.244350       2.242850    
   2.265910       2.265160       2.264420       2.264420       2.264410       2.263670       2.262190       2.262180       2.262170       2.262120       2.264050       2.267090       2.264280       2.262880       2.262880       2.262820       2.260750       2.259780       2.259560       2.257800       2.257210       2.255700       2.254190       2.252680       2.251170       2.249670       2.248160       2.246660       2.245150       2.243650    
   2.265160       2.264420       2.264420       2.264420       2.263670       2.262190       2.262180       2.262180       2.262160       2.264500       2.267090       2.267090       2.267090       2.264330       2.262930       2.262930       2.262820       2.260850       2.259990       2.259560       2.258040       2.256530       2.255020       2.253510       2.252000       2.250490       2.248980       2.247480       2.245970       2.244470    
   2.264420       2.264420       2.264420       2.263680       2.262190       2.262190       2.262180       2.265020       2.266460       2.267090       2.267090       2.267090       2.267090       2.267090       2.264410       2.263040       2.263040       2.262820       2.261020       2.260420       2.258900       2.257380       2.255860       2.254350       2.252830       2.251320       2.249820       2.248310       2.246800       2.245300    
   2.264420       2.264420       2.263680       2.262190       2.262190       2.267780       2.276180       2.274860       2.273550       2.269250       2.267100       2.267090       2.267090       2.267090       2.267090       2.264560       2.263270       2.263270       2.262820       2.261290       2.259760       2.258240       2.256720       2.255200       2.253690       2.252170       2.250660       2.249150       2.247650       2.246140    
   2.264420       2.263680       2.262190       2.262190       2.268910       2.276180       2.276180       2.276180       2.274860       2.273550       2.269260       2.267110       2.267090       2.267090       2.267090       2.267090       2.264830       2.263720       2.263710       2.262180       2.260640       2.259120       2.257590       2.256070       2.254550       2.253040       2.251520       2.250010       2.248500       2.247000    
