iMOD/TUTORIALS/TUT_MetaswapAnalyser/model_MetaSWAP/meteo/Evaporation/Evaporation_20050819_L1.ASC
NCOLS                30
NROWS                30
XLLCORNER     160000.00
YLLCORNER     340000.00
CELLSIZE        1000.00
NODATA_VALUE   -9999.00
   1.867260       1.878450       1.889620       1.900790       1.911940       1.923080       1.934200       1.945310       1.956390       1.967450       1.978490       1.989500       2.000490       2.011450       2.022380       2.033280       2.044150       2.054990       2.065800       2.076570       2.087320       2.098030       2.108710       2.119350       2.129970       2.140550       2.151100       2.161610       2.172100       2.182550    
   1.866480       1.877640       1.888790       1.899920       1.911050       1.922170       1.933260       1.944340       1.955410       1.966450       1.977460       1.988460       1.999430       2.010370       2.021290       2.032180       2.043040       2.053860       2.064660       2.075430       2.086170       2.096870       2.107540       2.118190       2.128790       2.139370       2.149920       2.160440       2.170920       2.181380    
   1.865720       1.876850       1.887970       1.899080       1.910180       1.921270       1.932350       1.943400       1.954440       1.965460       1.976460       1.987440       1.998390       2.009320       2.020220       2.031090       2.041940       2.052760       2.063540       2.074300       2.085030       2.095730       2.106400       2.117030       2.127640       2.138210       2.148760       2.159270       2.169760       2.180210    
   1.864980       1.876080       1.887170       1.898260       1.909330       1.920400       1.931450       1.942480       1.953500       1.964500       1.975480       1.986440       1.997370       2.008280       2.019170       2.030030       2.040860       2.051670       2.062440       2.073190       2.083910       2.094600       2.105260       2.115890       2.126490       2.137070       2.147610       2.158120       2.168600       2.179060    
   1.864250       1.875330       1.886400       1.897460       1.908510       1.919550       1.930570       1.941590       1.952580       1.963560       1.974520       1.985460       1.996370       2.007270       2.018140       2.028980       2.039800       2.050590       2.061360       2.072100       2.082810       2.093490       2.104140       2.114770       2.125370       2.135930       2.146470       2.156980       2.167460       2.177920    
   1.863550       1.874600       1.885640       1.896670       1.907700       1.918710       1.929720       1.940710       1.951680       1.962640       1.973580       1.984500       1.995390       2.006270       2.017120       2.027960       2.038760       2.049540       2.060300       2.071020       2.081720       2.092400       2.103040       2.113660       2.124250       2.134810       2.145350       2.155860       2.166340       2.176790    
   1.862870       1.873890       1.884900       1.895910       1.906910       1.917900       1.928880       1.939850       1.950800       1.961730       1.972650       1.983550       1.994430       2.005290       2.016130       2.026950       2.037740       2.048500       2.059250       2.069960       2.080650       2.091320       2.101960       2.112570       2.123150       2.133710       2.144240       2.154740       2.165220       2.175670    
   1.862210       1.873200       1.884190       1.895170       1.906140       1.917110       1.928060       1.939010       1.949940       1.960850       1.971750       1.982630       1.993490       2.004330       2.015160       2.025960       2.036730       2.047490       2.058220       2.068920       2.079600       2.090260       2.100890       2.111490       2.122070       2.132620       2.143150       2.153640       2.164120       2.174560    
   1.861560       1.872530       1.883490       1.894440       1.905390       1.916340       1.927270       1.938190       1.949090       1.959990       1.970870       1.981730       1.992570       2.003390       2.014200       2.024980       2.035750       2.046490       2.057200       2.067900       2.078570       2.089210       2.099830       2.110430       2.121000       2.131540       2.142060       2.152560       2.163030       2.173470    
   1.860930       1.871870       1.882810       1.893740       1.904660       1.915580       1.926490       1.937380       1.948270       1.959140       1.970000       1.980840       1.991670       2.002470       2.013260       2.024030       2.034780       2.045500       2.056210       2.066890       2.077550       2.088180       2.098790       2.109380       2.119940       2.130480       2.141000       2.151490       2.161950       2.172390    
   1.860930       1.871870       1.885370       1.893050       1.903950       1.914840       1.925730       1.936600       1.947460       1.958310       1.969150       1.979970       1.990780       2.001570       2.012340       2.023090       2.033820       2.044530       2.055230       2.065900       2.076540       2.087170       2.097770       2.108350       2.118900       2.129430       2.139940       2.150430       2.160890       2.171320    
   1.860930       1.877810       1.893050       1.900710       1.903260       1.914120       1.924980       1.935840       1.946680       1.957500       1.968320       1.979120       1.989910       2.000680       2.011430       2.022170       2.032890       2.043580       2.054260       2.064920       2.075550       2.086170       2.096760       2.107330       2.117880       2.128400       2.138900       2.149380       2.159840       2.170270    
   1.870450       1.893050       1.899810       1.902920       1.902580       1.913420       1.924260       1.935090       1.945910       1.956710       1.967510       1.978290       1.989060       1.999810       2.010550       2.021270       2.031970       2.042650       2.053320       2.063960       2.074580       2.085190       2.095770       2.106330       2.116870       2.127380       2.137880       2.148350       2.158800       2.169230    
   1.893050       1.899550       1.902750       1.902580       1.909580       1.912740       1.923550       1.934360       1.945150       1.955940       1.966710       1.977480       1.988230       1.998960       2.009680       2.020380       2.031070       2.041740       2.052390       2.063020       2.073630       2.084220       2.094790       2.105340       2.115870       2.126380       2.136860       2.147330       2.157770       2.168200    
   1.899460       1.902670       1.902580       1.908300       1.912740       1.919720       1.922860       1.933640       1.944420       1.955180       1.965940       1.976680       1.987410       1.998120       2.008830       2.019510       2.030180       2.040840       2.051470       2.062090       2.072690       2.083270       2.093830       2.104370       2.114890       2.125390       2.135870       2.146320       2.156760       2.167180    
   1.902620       1.902580       1.907870       1.912740       1.918440       1.922860       1.928250       1.933640       1.946920       1.954440       1.965170       1.975900       1.986610       1.997310       2.007990       2.018660       2.029310       2.039950       2.050570       2.061180       2.071760       2.082330       2.092880       2.103410       2.113920       2.124410       2.134880       2.145330       2.155760       2.166170    
   1.902580       1.907730       1.912740       1.918010       1.922860       1.925550       1.928250       1.940810       1.954440       1.959810       1.969000       1.975130       1.985820       1.996500       2.007170       2.017820       2.028460       2.039080       2.049690       2.060280       2.070850       2.081410       2.091950       2.102470       2.112970       2.123450       2.133910       2.144350       2.154780       2.165180    
   1.907680       1.912740       1.917870       1.922860       1.924210       1.925550       1.937260       1.954440       1.957120       1.966480       1.974760       1.974380       1.985060       1.995720       2.006370       2.017000       2.027620       2.038230       2.048820       2.059400       2.069960       2.080500       2.091030       2.101540       2.112030       2.122500       2.132950       2.143390       2.153800       2.164200    
   1.912740       1.917820       1.922860       1.923530       1.924210       1.935370       1.954440       1.955780       1.965400       1.974570       1.974380       1.979720       1.987530       1.994950       2.005580       2.016200       2.026800       2.037390       2.047970       2.058530       2.069080       2.079610       2.090120       2.100620       2.111100       2.121560       2.132010       2.142440       2.152850       2.163240    
   1.917810       1.922860       1.923200       1.923530       1.934390       1.954440       1.955110       1.964890       1.974470       1.974380       1.977050       1.984140       1.994950       2.000270       2.005580       2.016190       2.026800       2.037390       2.051680       2.057680       2.068220       2.078730       2.089240       2.099720       2.110190       2.120640       2.131080       2.141500       2.151900       2.162280    
   1.922860       1.923030       1.923200       1.933890       1.954440       1.954780       1.964650       1.974430       1.974380       1.975720       1.982630       1.994950       1.997610       2.000260       2.007340       2.016190       2.026790       2.046000       2.057260       2.056850       2.067370       2.077870       2.088360       2.098840       2.109290       2.119740       2.130160       2.140570       2.150970       2.161340    
   1.922940       1.923030       1.933640       1.954440       1.954610       1.964530       1.974400       1.974380       1.975050       1.981920       1.994950       1.996280       1.997610       2.001740       2.007930       2.016780       2.040580       2.057060       2.056850       2.063580       2.066530       2.077020       2.087500       2.097960       2.108410       2.118840       2.129260       2.139660       2.150040       2.160410    
   1.922940       1.933510       1.954440       1.954520       1.964470       1.974390       1.974380       1.974710       1.981570       1.994950       1.995610       1.996280       1.998540       2.002430       2.008820       2.035350       2.056950       2.056850       2.062660       2.065710       2.072000       2.076190       2.086650       2.097100       2.107540       2.117960       2.128370       2.138760       2.149140       2.159500    
   1.933450       1.954440       1.954480       1.964440       1.974390       1.974380       1.974550       1.981400       1.994950       1.995280       1.995610       1.996810       1.999080       2.012510       2.031680       2.054490       2.054490       2.059350       2.064780       2.064510       2.064900       2.075370       2.085820       2.096260       2.106690       2.117100       2.127490       2.137880       2.148240       2.158590    
   1.954440       1.954460       1.964420       1.974380       1.974380       1.974460       1.981320       1.994950       1.995120       1.995280       1.995900       1.997170       2.017770       2.040230       2.040250       2.048730       2.052040       2.052130       2.060320       2.064110       2.064110       2.074560       2.085000       2.095430       2.105840       2.116240       2.126630       2.137000       2.147360       2.157700    
   1.954450       1.964420       1.974380       1.974380       1.974420       1.981280       1.994950       1.995030       1.995120       1.995430       2.008800       2.027830       2.036080       2.040210       2.040210       2.040250       2.048130       2.051940       2.052130       2.060530       2.063330       2.073770       2.084200       2.094610       2.105010       2.115400       2.125780       2.136140       2.146490       2.156820    
   1.964410       1.974380       1.974380       1.974400       1.981260       1.994950       1.994990       1.995030       1.995190       2.011000       2.027830       2.027830       2.027830       2.036050       2.040160       2.040160       2.040250       2.048190       2.051760       2.052130       2.062570       2.072990       2.083400       2.093810       2.104200       2.114580       2.124940       2.135290       2.145630       2.155960    
   1.974380       1.974380       1.974390       1.981250       1.994950       1.994970       1.994990       1.999910       2.011140       2.027830       2.027830       2.027830       2.027830       2.027830       2.036000       2.040080       2.040080       2.040250       2.048610       2.051390       2.061810       2.072230       2.082630       2.093020       2.103390       2.113760       2.124120       2.134460       2.144790       2.155100    
   1.974380       1.974390       1.981240       1.994950       1.994960       1.998420       2.003590       2.009020       2.014440       2.023360       2.027820       2.027830       2.027830       2.027830       2.027830       2.035920       2.039910       2.039910       2.040250       2.050670       2.061080       2.071470       2.081860       2.092240       2.102600       2.112960       2.123300       2.133640       2.143960       2.154260    
   1.974380       1.981240       1.994950       1.994960       1.999100       2.003590       2.003590       2.003590       2.009020       2.014440       2.023350       2.027810       2.027830       2.027830       2.027830       2.027830       2.035850       2.039560       2.039560       2.049960       2.060350       2.070730       2.081110       2.091470       2.101830       2.112170       2.122500       2.132830       2.143140       2.153430    
