iMOD/TUTORIALS/TUT_MetaswapAnalyser/model_MetaSWAP/meteo/Evaporation/Evaporation_20051125_L1.ASC
NCOLS                30
NROWS                30
XLLCORNER     160000.00
YLLCORNER     340000.00
CELLSIZE        1000.00
NODATA_VALUE   -9999.00
  0.8693000E-01  0.8695000E-01  0.8696000E-01  0.8697000E-01  0.8698000E-01  0.8698000E-01  0.8699000E-01  0.8699000E-01  0.8699000E-01  0.8699000E-01  0.8698000E-01  0.8697000E-01  0.8697000E-01  0.8695000E-01  0.8694000E-01  0.8692000E-01  0.8690000E-01  0.8687000E-01  0.8685000E-01  0.8681000E-01  0.8678000E-01  0.8674000E-01  0.8670000E-01  0.8665000E-01  0.8661000E-01  0.8655000E-01  0.8650000E-01  0.8644000E-01  0.8637000E-01  0.8631000E-01
  0.8838000E-01  0.8839000E-01  0.8841000E-01  0.8842000E-01  0.8843000E-01  0.8844000E-01  0.8845000E-01  0.8845000E-01  0.8845000E-01  0.8845000E-01  0.8845000E-01  0.8844000E-01  0.8843000E-01  0.8842000E-01  0.8840000E-01  0.8838000E-01  0.8836000E-01  0.8833000E-01  0.8830000E-01  0.8827000E-01  0.8823000E-01  0.8819000E-01  0.8814000E-01  0.8809000E-01  0.8804000E-01  0.8798000E-01  0.8792000E-01  0.8786000E-01  0.8779000E-01  0.8771000E-01
  0.8982000E-01  0.8984000E-01  0.8986000E-01  0.8987000E-01  0.8989000E-01  0.8990000E-01  0.8991000E-01  0.8991000E-01  0.8992000E-01  0.8992000E-01  0.8991000E-01  0.8991000E-01  0.8990000E-01  0.8989000E-01  0.8987000E-01  0.8985000E-01  0.8982000E-01  0.8980000E-01  0.8976000E-01  0.8973000E-01  0.8969000E-01  0.8964000E-01  0.8959000E-01  0.8954000E-01  0.8948000E-01  0.8942000E-01  0.8935000E-01  0.8928000E-01  0.8920000E-01  0.8912000E-01
  0.9127000E-01  0.9129000E-01  0.9131000E-01  0.9133000E-01  0.9135000E-01  0.9136000E-01  0.9137000E-01  0.9138000E-01  0.9138000E-01  0.9139000E-01  0.9138000E-01  0.9138000E-01  0.9137000E-01  0.9136000E-01  0.9134000E-01  0.9132000E-01  0.9129000E-01  0.9126000E-01  0.9123000E-01  0.9119000E-01  0.9115000E-01  0.9110000E-01  0.9105000E-01  0.9099000E-01  0.9093000E-01  0.9086000E-01  0.9079000E-01  0.9071000E-01  0.9063000E-01  0.9054000E-01
  0.9272000E-01  0.9274000E-01  0.9277000E-01  0.9279000E-01  0.9281000E-01  0.9282000E-01  0.9284000E-01  0.9285000E-01  0.9285000E-01  0.9286000E-01  0.9286000E-01  0.9285000E-01  0.9284000E-01  0.9283000E-01  0.9281000E-01  0.9279000E-01  0.9276000E-01  0.9273000E-01  0.9270000E-01  0.9266000E-01  0.9261000E-01  0.9256000E-01  0.9250000E-01  0.9244000E-01  0.9237000E-01  0.9230000E-01  0.9222000E-01  0.9214000E-01  0.9205000E-01  0.9196000E-01
  0.9417000E-01  0.9420000E-01  0.9422000E-01  0.9425000E-01  0.9427000E-01  0.9429000E-01  0.9430000E-01  0.9432000E-01  0.9432000E-01  0.9433000E-01  0.9433000E-01  0.9433000E-01  0.9432000E-01  0.9430000E-01  0.9429000E-01  0.9426000E-01  0.9424000E-01  0.9420000E-01  0.9417000E-01  0.9412000E-01  0.9407000E-01  0.9402000E-01  0.9396000E-01  0.9389000E-01  0.9382000E-01  0.9374000E-01  0.9366000E-01  0.9357000E-01  0.9348000E-01  0.9338000E-01
  0.9562000E-01  0.9565000E-01  0.9568000E-01  0.9571000E-01  0.9573000E-01  0.9575000E-01  0.9577000E-01  0.9579000E-01  0.9580000E-01  0.9580000E-01  0.9580000E-01  0.9580000E-01  0.9579000E-01  0.9578000E-01  0.9576000E-01  0.9574000E-01  0.9571000E-01  0.9568000E-01  0.9564000E-01  0.9559000E-01  0.9554000E-01  0.9548000E-01  0.9542000E-01  0.9535000E-01  0.9527000E-01  0.9519000E-01  0.9510000E-01  0.9501000E-01  0.9491000E-01  0.9480000E-01
  0.9707000E-01  0.9710000E-01  0.9714000E-01  0.9717000E-01  0.9720000E-01  0.9722000E-01  0.9724000E-01  0.9726000E-01  0.9727000E-01  0.9728000E-01  0.9728000E-01  0.9728000E-01  0.9727000E-01  0.9726000E-01  0.9724000E-01  0.9722000E-01  0.9719000E-01  0.9715000E-01  0.9711000E-01  0.9706000E-01  0.9701000E-01  0.9695000E-01  0.9688000E-01  0.9681000E-01  0.9673000E-01  0.9664000E-01  0.9655000E-01  0.9645000E-01  0.9634000E-01  0.9623000E-01
  0.9852000E-01  0.9856000E-01  0.9859000E-01  0.9863000E-01  0.9866000E-01  0.9869000E-01  0.9871000E-01  0.9873000E-01  0.9874000E-01  0.9875000E-01  0.9876000E-01  0.9876000E-01  0.9875000E-01  0.9874000E-01  0.9872000E-01  0.9870000E-01  0.9867000E-01  0.9863000E-01  0.9859000E-01  0.9854000E-01  0.9848000E-01  0.9842000E-01  0.9835000E-01  0.9827000E-01  0.9818000E-01  0.9809000E-01  0.9799000E-01  0.9789000E-01  0.9778000E-01  0.9766000E-01
  0.9997000E-01  0.1000100      0.1000500      0.1000900      0.1001200      0.1001500      0.1001800      0.1002000      0.1002100      0.1002300      0.1002300      0.1002300      0.1002300      0.1002200      0.1002000      0.1001700      0.1001400      0.1001100      0.1000600      0.1000100      0.9995000E-01  0.9988000E-01  0.9981000E-01  0.9973000E-01  0.9964000E-01  0.9954000E-01  0.9944000E-01  0.9933000E-01  0.9921000E-01  0.9909000E-01
  0.9996670E-01  0.1000100      0.1004230      0.1015400      0.1015800      0.1016200      0.1016400      0.1016700      0.1016900      0.1017000      0.1017100      0.1017100      0.1017100      0.1017000      0.1016800      0.1016500      0.1016200      0.1015800      0.1015400      0.1014800      0.1014200      0.1013500      0.1012800      0.1011900      0.1011000      0.1010000      0.1008900      0.1007700      0.1006500      0.1005200    
  0.9996560E-01  0.1004850      0.1015400      0.1026650      0.1030400      0.1030800      0.1031100      0.1031400      0.1031600      0.1031700      0.1031800      0.1031900      0.1031800      0.1031700      0.1031600      0.1031300      0.1031000      0.1030600      0.1030100      0.1029600      0.1028900      0.1028200      0.1027400      0.1026500      0.1025500      0.1024500      0.1023400      0.1022100      0.1020800      0.1019500    
  0.1004770      0.1015400      0.1031190      0.1037700      0.1045000      0.1045400      0.1045700      0.1046000      0.1046300      0.1046400      0.1046600      0.1046600      0.1046600      0.1046500      0.1046300      0.1046100      0.1045800      0.1045400      0.1044900      0.1044300      0.1043600      0.1042900      0.1042100      0.1041100      0.1040100      0.1039000      0.1037800      0.1036600      0.1035200      0.1033800    
  0.1015400      0.1033230      0.1041350      0.1045000      0.1050130      0.1060000      0.1060300      0.1060700      0.1060900      0.1061100      0.1061300      0.1061300      0.1061300      0.1061200      0.1061100      0.1060800      0.1060500      0.1060100      0.1059600      0.1059000      0.1058300      0.1057600      0.1056700      0.1055700      0.1054700      0.1053500      0.1052300      0.1051000      0.1049500      0.1048000    
  0.1034200      0.1043180      0.1045000      0.1051710      0.1060000      0.1065070      0.1074900      0.1075300      0.1075600      0.1075800      0.1076000      0.1076000      0.1076000      0.1076000      0.1075800      0.1075600      0.1075300      0.1074800      0.1074300      0.1073700      0.1073000      0.1072200      0.1071300      0.1070300      0.1069200      0.1068000      0.1066700      0.1065400      0.1063900      0.1062300    
  0.1044090      0.1045000      0.1052240      0.1060000      0.1066660      0.1074900      0.1075100      0.1075270      0.1079280      0.1090400      0.1090600      0.1090700      0.1090700      0.1090700      0.1090500      0.1090300      0.1090000      0.1089500      0.1089000      0.1088400      0.1087700      0.1086800      0.1085900      0.1084900      0.1083700      0.1082500      0.1081200      0.1079700      0.1078200      0.1076600    
  0.1045000      0.1052410      0.1060000      0.1067190      0.1074900      0.1075000      0.1075090      0.1080010      0.1090400      0.1090500      0.1099420      0.1105400      0.1105400      0.1105400      0.1105200      0.1105000      0.1104700      0.1104200      0.1103700      0.1103000      0.1102300      0.1101500      0.1100500      0.1099400      0.1098200      0.1097000      0.1095600      0.1094100      0.1092500      0.1090800    
  0.1052470      0.1060000      0.1067360      0.1074900      0.1074950      0.1075000      0.1080120      0.1090400      0.1090450      0.1102600      0.1112700      0.1120000      0.1120000      0.1120000      0.1119900      0.1119600      0.1119300      0.1118900      0.1118300      0.1117700      0.1116900      0.1116000      0.1115000      0.1113900      0.1112700      0.1111400      0.1110000      0.1108400      0.1106800      0.1105000    
  0.1060000      0.1067420      0.1074900      0.1074930      0.1074950      0.1080120      0.1090400      0.1090420      0.1103960      0.1116350      0.1120000      0.1120000      0.1123650      0.1134600      0.1134500      0.1134200      0.1133900      0.1133500      0.1132900      0.1132300      0.1131500      0.1130600      0.1129600      0.1128400      0.1127200      0.1125800      0.1124300      0.1122700      0.1121000      0.1119200    
  0.1067440      0.1074900      0.1074910      0.1074920      0.1080100      0.1090400      0.1090410      0.1104590      0.1118180      0.1120000      0.1120000      0.1124560      0.1134600      0.1134550      0.1134430      0.1134200      0.1133870      0.1133430      0.1141360      0.1146800      0.1146000      0.1145100      0.1144000      0.1142900      0.1141600      0.1140100      0.1138600      0.1136900      0.1135200      0.1133300    
  0.1074900      0.1074910      0.1074910      0.1080080      0.1090400      0.1090410      0.1104900      0.1119090      0.1120000      0.1120000      0.1124790      0.1134600      0.1134580      0.1134530      0.1134390      0.1134170      0.1133830      0.1144800      0.1154050      0.1161300      0.1160500      0.1159500      0.1158500      0.1157300      0.1155900      0.1154500      0.1152900      0.1151200      0.1149300      0.1147400    
  0.1074900      0.1074910      0.1080080      0.1090400      0.1090400      0.1105050      0.1119540      0.1120000      0.1120000      0.1124850      0.1134600      0.1134590      0.1134570      0.1134500      0.1134360      0.1134130      0.1146360      0.1157680      0.1161300      0.1165570      0.1174900      0.1174000      0.1172900      0.1171600      0.1170200      0.1168700      0.1167100      0.1165300      0.1163400      0.1161400    
  0.1074900      0.1080070      0.1090400      0.1090400      0.1105120      0.1119770      0.1120000      0.1120000      0.1124860      0.1134600      0.1134590      0.1134580      0.1134550      0.1134480      0.1134330      0.1155700      0.1159490      0.1161300      0.1181720      0.1189250      0.1188680      0.1188300      0.1187200      0.1185900      0.1184500      0.1182900      0.1181200      0.1179400      0.1177400      0.1175400    
  0.1080070      0.1090400      0.1090400      0.1105160      0.1119890      0.1120000      0.1120000      0.1124870      0.1134600      0.1134600      0.1134590      0.1134580      0.1134540      0.1169760      0.1191850      0.1204130      0.1204150      0.1204760      0.1205940      0.1210750      0.1203600      0.1202600      0.1201400      0.1200100      0.1198700      0.1197100      0.1195300      0.1193400      0.1191400      0.1189300    
  0.1090400      0.1090400      0.1105180      0.1119940      0.1120000      0.1120000      0.1124870      0.1134600      0.1134600      0.1134600      0.1134590      0.1134570      0.1198320      0.1276130      0.1275700      0.1246750      0.1248760      0.1247000      0.1227830      0.1217830      0.1217900      0.1216800      0.1215600      0.1214300      0.1212800      0.1211200      0.1209400      0.1207400      0.1205300      0.1203100    
  0.1090400      0.1105190      0.1119970      0.1120000      0.1120000      0.1124870      0.1134600      0.1134600      0.1134600      0.1134590      0.1207710      0.1317400      0.1290250      0.1276570      0.1276570      0.1275700      0.1258400      0.1250520      0.1247000      0.1235750      0.1232000      0.1231000      0.1229800      0.1228400      0.1226900      0.1225200      0.1223300      0.1221300      0.1219100      0.1216900    
  0.1105200      0.1119990      0.1120000      0.1120000      0.1124870      0.1134600      0.1134600      0.1134600      0.1134600      0.1222340      0.1317400      0.1317400      0.1317400      0.1290890      0.1277430      0.1277440      0.1275700      0.1260360      0.1254050      0.1247000      0.1246100      0.1245100      0.1243800      0.1242400      0.1240800      0.1239100      0.1237200      0.1235100      0.1232900      0.1230500    
  0.1119990      0.1120000      0.1120000      0.1124870      0.1134600      0.1134600      0.1134600      0.1196850      0.1255360      0.1317440      0.1317400      0.1317400      0.1317400      0.1317400      0.1292140      0.1279170      0.1279170      0.1275700      0.1264700      0.1261100      0.1260200      0.1259100      0.1257800      0.1256300      0.1254700      0.1252900      0.1251000      0.1248800      0.1246600      0.1244100    
  0.1120000      0.1120000      0.1124870      0.1134600      0.1134600      0.1239240      0.1396200      0.1389900      0.1383600      0.1339570      0.1317510      0.1317400      0.1317400      0.1317400      0.1317400      0.1294570      0.1282630      0.1282650      0.1275700      0.1275000      0.1274100      0.1273000      0.1271700      0.1270200      0.1268500      0.1266700      0.1264700      0.1262500      0.1260100      0.1257600    
  0.1120000      0.1124870      0.1134600      0.1134600      0.1260190      0.1396220      0.1396220      0.1396200      0.1389900      0.1383600      0.1339750      0.1317730      0.1317400      0.1317400      0.1317400      0.1317400      0.1299100      0.1289530      0.1289600      0.1288800      0.1287900      0.1286800      0.1285400      0.1283900      0.1282200      0.1280300      0.1278200      0.1276000      0.1273600      0.1271000    
