iMOD/TUTORIALS/TUT_MetaswapAnalyser/model_MetaSWAP/meteo/Evaporation/Evaporation_20060726_L1.ASC
NCOLS                30
NROWS                30
XLLCORNER     160000.00
YLLCORNER     340000.00
CELLSIZE        1000.00
NODATA_VALUE   -9999.00
   4.856930       4.856610       4.856240       4.855840       4.855390       4.854910       4.854400       4.853860       4.853280       4.852690       4.852070       4.851430       4.850770       4.850100       4.849410       4.848710       4.848000       4.847280       4.846560       4.845820       4.845090       4.844350       4.843610       4.842870       4.842130       4.841390       4.840650       4.839920       4.839190       4.838460    
   4.857870       4.857570       4.857220       4.856840       4.856410       4.855950       4.855460       4.854940       4.854390       4.853810       4.853210       4.852590       4.851950       4.851290       4.850620       4.849940       4.849250       4.848540       4.847830       4.847110       4.846390       4.845670       4.844940       4.844210       4.843480       4.842750       4.842020       4.841300       4.840580       4.839860    
   4.858780       4.858500       4.858170       4.857810       4.857400       4.856960       4.856490       4.855990       4.855460       4.854900       4.854320       4.853720       4.853100       4.852460       4.851810       4.851140       4.850460       4.849770       4.849080       4.848370       4.847670       4.846950       4.846240       4.845520       4.844800       4.844080       4.843370       4.842650       4.841940       4.841230    
   4.859670       4.859400       4.859100       4.858750       4.858360       4.857940       4.857490       4.857010       4.856500       4.855960       4.855400       4.854810       4.854210       4.853590       4.852960       4.852310       4.851650       4.850970       4.850290       4.849600       4.848910       4.848210       4.847510       4.846800       4.846100       4.845390       4.844680       4.843980       4.843270       4.842570    
   4.860530       4.860280       4.859990       4.859660       4.859300       4.858890       4.858460       4.858000       4.857510       4.856990       4.856450       4.855880       4.855300       4.854700       4.854080       4.853450       4.852800       4.852150       4.851480       4.850810       4.850130       4.849440       4.848750       4.848060       4.847360       4.846670       4.845970       4.845280       4.844580       4.843890    
   4.861370       4.861130       4.860860       4.860550       4.860200       4.859820       4.859400       4.858960       4.858490       4.857990       4.857470       4.856920       4.856350       4.855770       4.855170       4.854560       4.853930       4.853290       4.852640       4.851980       4.851310       4.850640       4.849970       4.849290       4.848600       4.847920       4.847240       4.846550       4.845870       4.845190    
   4.862180       4.861960       4.861700       4.861410       4.861080       4.860720       4.860320       4.859900       4.859440       4.858960       4.858460       4.857930       4.857380       4.856820       4.856240       4.855640       4.855030       4.854400       4.853770       4.853130       4.852480       4.851820       4.851150       4.850490       4.849820       4.849150       4.848470       4.847800       4.847130       4.846460    
   4.862960       4.862760       4.862520       4.862250       4.861930       4.861590       4.861210       4.860800       4.860370       4.859910       4.859420       4.858910       4.858390       4.857840       4.857270       4.856690       4.856100       4.855490       4.854870       4.854240       4.853610       4.852970       4.852320       4.851660       4.851010       4.850350       4.849690       4.849020       4.848360       4.847700    
   4.863730       4.863540       4.863320       4.863060       4.862760       4.862440       4.862080       4.861690       4.861270       4.860830       4.860360       4.859870       4.859360       4.858830       4.858280       4.857720       4.857140       4.856550       4.855950       4.855340       4.854720       4.854090       4.853450       4.852810       4.852170       4.851520       4.850870       4.850220       4.849570       4.848920    
   4.864470       4.864300       4.864090       4.863850       4.863570       4.863260       4.862920       4.862550       4.862150       4.861730       4.861280       4.860800       4.860310       4.859800       4.859270       4.858720       4.858160       4.857590       4.857000       4.856400       4.855800       4.855190       4.854560       4.853940       4.853310       4.852670       4.852040       4.851400       4.850760       4.850120    
   4.864460       4.864290       4.864210       4.864620       4.864360       4.864060       4.863740       4.863390       4.863010       4.862600       4.862170       4.861710       4.861240       4.860740       4.860230       4.859700       4.859160       4.858600       4.858030       4.857450       4.856860       4.856260       4.855650       4.855040       4.854420       4.853800       4.853180       4.852550       4.851920       4.851290    
   4.864440       4.864390       4.864620       4.864990       4.865120       4.864840       4.864540       4.864200       4.863840       4.863450       4.863030       4.862600       4.862140       4.861660       4.861170       4.860650       4.860130       4.859590       4.859030       4.858470       4.857890       4.857310       4.856710       4.856120       4.855510       4.854900       4.854290       4.853680       4.853060       4.852440    
   4.864510       4.864620       4.865240       4.865490       4.865860       4.865600       4.865310       4.864990       4.864650       4.864280       4.863880       4.863460       4.863020       4.862560       4.862080       4.861580       4.861070       4.860550       4.860010       4.859460       4.858900       4.858330       4.857750       4.857170       4.856580       4.855980       4.855380       4.854780       4.854180       4.853570    
   4.864620       4.865350       4.865670       4.865860       4.865930       4.866340       4.866070       4.865760       4.865440       4.865080       4.864700       4.864300       4.863880       4.863430       4.862970       4.862490       4.862000       4.861490       4.860970       4.860430       4.859890       4.859330       4.858770       4.858200       4.857620       4.857040       4.856460       4.855870       4.855270       4.854680    
   4.865400       4.865770       4.865860       4.866040       4.866340       4.866400       4.866800       4.866520       4.866200       4.865870       4.865500       4.865120       4.864710       4.864280       4.863840       4.863380       4.862900       4.862410       4.861900       4.861380       4.860850       4.860310       4.859760       4.859210       4.858650       4.858080       4.857500       4.856930       4.856350       4.855770    
   4.865810       4.865860       4.866080       4.866340       4.866510       4.866800       4.866660       4.866510       4.866300       4.866630       4.866280       4.865920       4.865530       4.865120       4.864690       4.864240       4.863780       4.863300       4.862810       4.862310       4.861790       4.861270       4.860740       4.860190       4.859650       4.859090       4.858530       4.857970       4.857400       4.856830    
   4.865860       4.866090       4.866340       4.866550       4.866800       4.866730       4.866660       4.866530       4.866630       4.866460       4.866590       4.866690       4.866320       4.865930       4.865510       4.865080       4.864640       4.864180       4.863700       4.863220       4.862720       4.862210       4.861690       4.861160       4.860630       4.860080       4.859540       4.858990       4.858430       4.857870    
   4.866100       4.866340       4.866560       4.866800       4.866770       4.866730       4.866640       4.866630       4.866540       4.866840       4.867070       4.867450       4.867100       4.866720       4.866320       4.865910       4.865480       4.865030       4.864570       4.864100       4.863620       4.863120       4.862620       4.862100       4.861580       4.861060       4.860520       4.859990       4.859440       4.858900    
   4.866340       4.866570       4.866800       4.866780       4.866760       4.866690       4.866630       4.866590       4.866940       4.867260       4.867450       4.867280       4.867190       4.867490       4.867110       4.866710       4.866300       4.865870       4.865420       4.864970       4.864500       4.864020       4.863530       4.863030       4.862520       4.862010       4.861490       4.860960       4.860430       4.859900    
   4.866570       4.866800       4.866790       4.866780       4.866720       4.866630       4.866610       4.866990       4.867360       4.867450       4.867360       4.867350       4.867490       4.867300       4.867100       4.866710       4.866290       4.865860       4.865740       4.865810       4.865360       4.864890       4.864420       4.863930       4.863440       4.862940       4.862440       4.861920       4.861410       4.860880    
   4.866800       4.866800       4.866790       4.866730       4.866630       4.866620       4.867020       4.867400       4.867450       4.867410       4.867410       4.867490       4.867390       4.867300       4.867040       4.866700       4.866290       4.866150       4.866230       4.866640       4.866200       4.865750       4.865290       4.864820       4.864340       4.863860       4.863360       4.862860       4.862360       4.861850    
   4.866800       4.866800       4.866740       4.866630       4.866620       4.867030       4.867430       4.867450       4.867430       4.867440       4.867490       4.867440       4.867390       4.867240       4.867010       4.866680       4.866440       4.866430       4.866640       4.866620       4.867030       4.866590       4.866140       4.865690       4.865220       4.864750       4.864270       4.863780       4.863290       4.862800    
   4.866800       4.866740       4.866630       4.866630       4.867030       4.867440       4.867450       4.867440       4.867450       4.867490       4.867470       4.867440       4.867360       4.867220       4.866980       4.867120       4.866540       4.866640       4.867520       4.867830       4.867570       4.867410       4.866980       4.866540       4.866080       4.865630       4.865160       4.864690       4.864210       4.863730    
   4.866740       4.866630       4.866630       4.867040       4.867440       4.867450       4.867440       4.867460       4.867490       4.867480       4.867470       4.867420       4.867340       4.868630       4.869080       4.868940       4.868940       4.868830       4.868740       4.869010       4.868620       4.868210       4.867800       4.867370       4.866930       4.866480       4.866030       4.865570       4.865110       4.864640    
   4.866630       4.866630       4.867040       4.867450       4.867450       4.867450       4.867460       4.867490       4.867480       4.867480       4.867460       4.867410       4.869870       4.872970       4.872950       4.871280       4.871330       4.871240       4.870010       4.869390       4.869390       4.869000       4.868600       4.868180       4.867760       4.867330       4.866890       4.866440       4.865990       4.865530    
   4.866630       4.867040       4.867450       4.867450       4.867450       4.867460       4.867490       4.867490       4.867480       4.867470       4.870540       4.875170       4.873720       4.872990       4.872990       4.872950       4.871900       4.871420       4.871240       4.870420       4.870150       4.869770       4.869380       4.868980       4.868570       4.868150       4.867720       4.867290       4.866850       4.866410    
   4.867040       4.867450       4.867450       4.867450       4.867460       4.867490       4.867490       4.867490       4.867480       4.871170       4.875170       4.875170       4.875170       4.873750       4.873030       4.873030       4.872950       4.871990       4.871600       4.871240       4.870890       4.870520       4.870150       4.869760       4.869360       4.868960       4.868550       4.868130       4.867700       4.867270    
   4.867450       4.867450       4.867450       4.867460       4.867490       4.867490       4.867490       4.870190       4.872640       4.875170       4.875170       4.875170       4.875170       4.875170       4.873810       4.873120       4.873120       4.872950       4.872200       4.871950       4.871610       4.871260       4.870900       4.870520       4.870140       4.869750       4.869350       4.868940       4.868530       4.868110    
   4.867450       4.867450       4.867460       4.867490       4.867490       4.872090       4.878980       4.878640       4.878290       4.876210       4.875170       4.875170       4.875170       4.875170       4.875170       4.873930       4.873280       4.873290       4.872950       4.872640       4.872320       4.871980       4.871630       4.871270       4.870900       4.870530       4.870140       4.869750       4.869350       4.868940    
   4.867450       4.867460       4.867490       4.867490       4.873010       4.878980       4.878980       4.878980       4.878640       4.878290       4.876220       4.875190       4.875170       4.875170       4.875170       4.875170       4.874140       4.873610       4.873620       4.873320       4.873010       4.872690       4.872350       4.872010       4.871650       4.871290       4.870920       4.870530       4.870150       4.869750    
