iMOD/TUTORIALS/TUT_MetaswapAnalyser/model_MetaSWAP/meteo/Evaporation/Evaporation_20050325_L1.ASC
NCOLS                30
NROWS                30
XLLCORNER     160000.00
YLLCORNER     340000.00
CELLSIZE        1000.00
NODATA_VALUE   -9999.00
   1.642540       1.648780       1.654940       1.661030       1.667050       1.672990       1.678860       1.684660       1.690370       1.696020       1.701580       1.707080       1.712490       1.717830       1.723100       1.728290       1.733400       1.738440       1.743400       1.748290       1.753100       1.757840       1.762510       1.767100       1.771620       1.776060       1.780440       1.784740       1.788970       1.793130    
   1.643280       1.649470       1.655590       1.661630       1.667610       1.673510       1.679330       1.685090       1.690770       1.696380       1.701910       1.707370       1.712760       1.718070       1.723310       1.728470       1.733560       1.738580       1.743530       1.748400       1.753200       1.757920       1.762570       1.767160       1.771670       1.776110       1.780480       1.784780       1.789010       1.793170    
   1.644010       1.650150       1.656220       1.662220       1.668140       1.674000       1.679790       1.685500       1.691150       1.696720       1.702220       1.707650       1.713010       1.718290       1.723500       1.728640       1.733710       1.738710       1.743630       1.748490       1.753270       1.757980       1.762630       1.767200       1.771700       1.776140       1.780500       1.784800       1.789030       1.793190    
   1.644730       1.650810       1.656830       1.662780       1.668670       1.674480       1.680230       1.685910       1.691510       1.697050       1.702520       1.707910       1.713240       1.718500       1.723680       1.728800       1.733840       1.738820       1.743730       1.748570       1.753330       1.758030       1.762670       1.767230       1.771720       1.776150       1.780510       1.784810       1.789040       1.793200    
   1.645430       1.651460       1.657440       1.663340       1.669180       1.674950       1.680660       1.686290       1.691860       1.697370       1.702800       1.708160       1.713460       1.718690       1.723850       1.728940       1.733970       1.738920       1.743810       1.748630       1.753380       1.758070       1.762690       1.767240       1.771730       1.776150       1.780510       1.784800       1.789030       1.793200    
   1.646120       1.652110       1.658030       1.663890       1.669680       1.675410       1.681070       1.686670       1.692200       1.697670       1.703070       1.708400       1.713670       1.718870       1.724010       1.729070       1.734070       1.739010       1.743880       1.748680       1.753420       1.758100       1.762700       1.767250       1.771730       1.776150       1.780500       1.784790       1.789020       1.793180    
   1.646800       1.652740       1.658610       1.664420       1.670170       1.675860       1.681480       1.687040       1.692530       1.697970       1.703330       1.708630       1.713870       1.719040       1.724150       1.729190       1.734170       1.739090       1.743940       1.748730       1.753450       1.758110       1.762710       1.767240       1.771720       1.776130       1.780480       1.784760       1.788990       1.793160    
   1.647480       1.653360       1.659180       1.664950       1.670650       1.676300       1.681880       1.687400       1.692860       1.698250       1.703580       1.708850       1.714060       1.719210       1.724290       1.729310       1.734260       1.739160       1.743990       1.748760       1.753470       1.758120       1.762700       1.767230       1.771690       1.776100       1.780440       1.784730       1.788960       1.793120    
   1.648140       1.653970       1.659750       1.665470       1.671130       1.676730       1.682270       1.687750       1.693170       1.698530       1.703830       1.709070       1.714240       1.719360       1.724420       1.729410       1.734350       1.739220       1.744030       1.748790       1.753480       1.758120       1.762690       1.767210       1.771660       1.776060       1.780400       1.784690       1.788910       1.793080    
   1.648800       1.654580       1.660310       1.665980       1.671600       1.677160       1.682660       1.688100       1.693480       1.698800       1.704070       1.709280       1.714420       1.719510       1.724540       1.729510       1.734420       1.739270       1.744070       1.748810       1.753490       1.758110       1.762670       1.767180       1.771630       1.776020       1.780360       1.784640       1.788860       1.793030    
   1.648780       1.654560       1.661840       1.666490       1.672060       1.677580       1.683040       1.688440       1.693780       1.699070       1.704300       1.709480       1.714600       1.719650       1.724660       1.729600       1.734490       1.739320       1.744100       1.748820       1.753480       1.758090       1.762640       1.767140       1.771580       1.775970       1.780300       1.784580       1.788800       1.792970    
   1.648770       1.657920       1.666490       1.671020       1.672530       1.678000       1.683410       1.688780       1.694080       1.699340       1.704540       1.709680       1.714760       1.719800       1.724770       1.729690       1.734560       1.739370       1.744130       1.748830       1.753480       1.758070       1.762610       1.767100       1.771540       1.775920       1.780240       1.784520       1.788740       1.792910    
   1.654030       1.666490       1.670810       1.672760       1.672990       1.678410       1.683790       1.689110       1.694380       1.699600       1.704760       1.709870       1.714930       1.719930       1.724880       1.729780       1.734620       1.739410       1.744150       1.748840       1.753470       1.758050       1.762580       1.767060       1.771490       1.775860       1.780180       1.784460       1.788680       1.792850    
   1.666490       1.670790       1.672870       1.672990       1.676740       1.678830       1.684170       1.689450       1.694680       1.699860       1.704990       1.710070       1.715100       1.720070       1.724990       1.729870       1.734690       1.739460       1.744170       1.748840       1.753460       1.758030       1.762550       1.767010       1.771430       1.775800       1.780120       1.784390       1.788610       1.792780    
   1.670800       1.672930       1.672990       1.676190       1.678830       1.682510       1.684540       1.689790       1.694980       1.700130       1.705220       1.710270       1.715260       1.720210       1.725100       1.729950       1.734750       1.739500       1.744200       1.748850       1.753450       1.758000       1.762510       1.766970       1.771380       1.775740       1.780060       1.784320       1.788540       1.792710    
   1.672960       1.672990       1.676000       1.678830       1.681960       1.684540       1.687170       1.689770       1.696320       1.700390       1.705450       1.710460       1.715430       1.720350       1.725220       1.730040       1.734810       1.739540       1.744220       1.748850       1.753440       1.757980       1.762470       1.766920       1.771320       1.775680       1.779990       1.784250       1.788470       1.792650    
   1.672990       1.675940       1.678830       1.681780       1.684540       1.685850       1.687160       1.693410       1.700390       1.702920       1.707570       1.710660       1.715600       1.720490       1.725330       1.730130       1.734880       1.739580       1.744240       1.748860       1.753430       1.757960       1.762440       1.766880       1.771270       1.775620       1.779930       1.784190       1.788410       1.792580    
   1.675920       1.678830       1.681720       1.684540       1.685200       1.685850       1.691700       1.700390       1.701650       1.706500       1.710770       1.710870       1.715770       1.720630       1.725450       1.730220       1.734940       1.739630       1.744270       1.748870       1.753420       1.757940       1.762410       1.766840       1.771220       1.775560       1.779870       1.784120       1.788340       1.792510    
   1.678830       1.681700       1.684540       1.684870       1.685200       1.690780       1.700390       1.701020       1.706050       1.710820       1.710870       1.713320       1.717010       1.720780       1.725570       1.730310       1.735020       1.739680       1.744300       1.748880       1.753420       1.757920       1.762380       1.766800       1.771170       1.775510       1.779810       1.784060       1.788280       1.792450    
   1.681690       1.684540       1.684700       1.684870       1.690310       1.700390       1.700710       1.705830       1.710840       1.710870       1.712100       1.715500       1.720780       1.723180       1.725550       1.730300       1.735000       1.739670       1.746140       1.748900       1.753420       1.757910       1.762350       1.766760       1.771130       1.775460       1.779750       1.784010       1.788220       1.792390    
   1.684540       1.684620       1.684700       1.690070       1.700390       1.700550       1.705730       1.710860       1.710870       1.711480       1.714810       1.720780       1.721980       1.723170       1.726340       1.730290       1.734990       1.743730       1.748910       1.748920       1.753430       1.757900       1.762340       1.766730       1.771090       1.775420       1.779710       1.783960       1.788170       1.792340    
   1.684580       1.684620       1.689950       1.700390       1.700470       1.705680       1.710860       1.710870       1.711180       1.714490       1.720780       1.721380       1.721980       1.723830       1.726600       1.730540       1.741370       1.748910       1.748920       1.751930       1.753450       1.757900       1.762320       1.766710       1.771060       1.775380       1.779660       1.783910       1.788120       1.792300    
   1.684580       1.689880       1.700390       1.700430       1.705660       1.710870       1.710870       1.711020       1.714330       1.720780       1.721080       1.721380       1.722390       1.724130       1.726990       1.739300       1.748920       1.748920       1.751960       1.753470       1.756140       1.757910       1.762320       1.766700       1.771040       1.775350       1.779630       1.783880       1.788090       1.792260    
   1.689850       1.700390       1.700410       1.705640       1.710870       1.710870       1.710950       1.714250       1.720780       1.720930       1.721080       1.721620       1.722640       1.729650       1.738740       1.749090       1.749090       1.751170       1.753510       1.753520       1.753500       1.757930       1.762330       1.766690       1.771030       1.775330       1.779610       1.783850       1.788060       1.792240    
   1.700390       1.700400       1.705640       1.710870       1.710870       1.710910       1.714210       1.720780       1.720850       1.720930       1.721210       1.721780       1.732820       1.745080       1.745080       1.747840       1.749270       1.749260       1.752210       1.753550       1.753540       1.757960       1.762340       1.766700       1.771030       1.775330       1.779590       1.783830       1.788040       1.792220    
   1.700390       1.705630       1.710870       1.710870       1.710890       1.714190       1.720780       1.720820       1.720850       1.721000       1.729280       1.741240       1.743810       1.745090       1.745090       1.745080       1.747900       1.749280       1.749260       1.752520       1.753600       1.758000       1.762370       1.766720       1.771040       1.775330       1.779590       1.783830       1.788040       1.792210    
   1.705630       1.710870       1.710870       1.710880       1.714180       1.720780       1.720800       1.720820       1.720890       1.730720       1.741240       1.741240       1.741240       1.743820       1.745100       1.745100       1.745080       1.747990       1.749310       1.749260       1.753670       1.758050       1.762410       1.766750       1.771060       1.775340       1.779600       1.783840       1.788050       1.792220    
   1.710870       1.710870       1.710870       1.714180       1.720780       1.720790       1.720800       1.725230       1.732060       1.741240       1.741240       1.741240       1.741240       1.741240       1.743830       1.745120       1.745120       1.745080       1.748290       1.749360       1.753750       1.758120       1.762470       1.766790       1.771090       1.775370       1.779630       1.783860       1.788070       1.792250    
   1.710870       1.710870       1.714180       1.720780       1.720780       1.726310       1.734590       1.736500       1.738410       1.740300       1.741240       1.741240       1.741240       1.741240       1.741240       1.743880       1.745160       1.745150       1.745080       1.749470       1.753850       1.758200       1.762540       1.766850       1.771150       1.775420       1.779670       1.783900       1.788110       1.792290    
   1.710870       1.714170       1.720780       1.720780       1.727410       1.734590       1.734590       1.734590       1.736500       1.738410       1.740300       1.741250       1.741240       1.741240       1.741240       1.741240       1.744000       1.745240       1.745230       1.749600       1.753960       1.758300       1.762620       1.766930       1.771210       1.775480       1.779730       1.783960       1.788160       1.792340    
