iMOD/TUTORIALS/TUT_MetaswapAnalyser/model_MetaSWAP/meteo/Evaporation/Evaporation_20050615_L1.ASC
NCOLS                30
NROWS                30
XLLCORNER     160000.00
YLLCORNER     340000.00
CELLSIZE        1000.00
NODATA_VALUE   -9999.00
   3.962160       3.972250       3.982300       3.992310       4.002280       4.012200       4.022090       4.031940       4.041740       4.051500       4.061220       4.070890       4.080530       4.090110       4.099660       4.109160       4.118620       4.128040       4.137410       4.146740       4.156030       4.165280       4.174480       4.183650       4.192770       4.201850       4.210900       4.219900       4.228870       4.237800    
   3.963900       3.974000       3.984060       3.994080       4.004060       4.014000       4.023900       4.033760       4.043580       4.053350       4.063080       4.072770       4.082420       4.092020       4.101580       4.111100       4.120570       4.130000       4.139390       4.148730       4.158030       4.167290       4.176510       4.185690       4.194830       4.203920       4.212980       4.222000       4.230980       4.239930    
   3.965630       3.975740       3.985820       3.995850       4.005840       4.015800       4.025710       4.035580       4.045410       4.055200       4.064940       4.074640       4.084300       4.093920       4.103490       4.113020       4.122510       4.131950       4.141350       4.150710       4.160030       4.169300       4.178530       4.187720       4.196870       4.205980       4.215060       4.224090       4.233080       4.242040    
   3.967350       3.977480       3.987560       3.997610       4.007620       4.017580       4.027510       4.037390       4.047230       4.057030       4.066790       4.076510       4.086180       4.095810       4.105400       4.114940       4.124440       4.133900       4.143310       4.152680       4.162010       4.171300       4.180540       4.189750       4.198910       4.208030       4.217120       4.226160       4.235170       4.244140    
   3.969070       3.979210       3.989310       3.999360       4.009380       4.019360       4.029300       4.039190       4.049050       4.058860       4.068630       4.078360       4.088050       4.097690       4.107290       4.116850       4.126360       4.135830       4.145260       4.154640       4.163980       4.173280       4.182540       4.191760       4.200940       4.210070       4.219170       4.228230       4.237240       4.246230    
   3.970790       3.980930       3.991040       4.001110       4.011140       4.021130       4.031080       4.040990       4.050860       4.060680       4.070470       4.080210       4.089910       4.099560       4.109170       4.118740       4.128270       4.137750       4.147200       4.156590       4.165950       4.175260       4.184530       4.193760       4.202950       4.212100       4.221210       4.230280       4.239310       4.248300    
   3.972490       3.982650       3.992770       4.002850       4.012890       4.022890       4.032860       4.042780       4.052660       4.062500       4.072290       4.082050       4.091760       4.101430       4.111050       4.120630       4.130170       4.139670       4.149120       4.158540       4.167900       4.177230       4.186510       4.195760       4.204960       4.214120       4.223240       4.232320       4.241360       4.250370    
   3.974190       3.984360       3.994490       4.004580       4.014640       4.024650       4.034620       4.044560       4.054450       4.064300       4.074110       4.083880       4.093600       4.103280       4.112920       4.122520       4.132070       4.141580       4.151040       4.160470       4.169850       4.179190       4.188480       4.197740       4.206950       4.216120       4.225260       4.234350       4.243400       4.252420    
   3.975880       3.986060       3.996200       4.006310       4.016370       4.026400       4.036380       4.046330       4.056230       4.066100       4.075920       4.085700       4.095440       4.105130       4.114780       4.124390       4.133950       4.143480       4.152960       4.162390       4.171780       4.181130       4.190440       4.199710       4.208940       4.218120       4.227260       4.236370       4.245430       4.254460    
   3.977570       3.987760       3.997910       4.008020       4.018100       4.028140       4.038140       4.048090       4.058010       4.067890       4.077720       4.087510       4.097260       4.106970       4.116630       4.126250       4.135830       4.145370       4.154860       4.164310       4.173710       4.183070       4.192390       4.201670       4.210910       4.220100       4.229260       4.238380       4.247450       4.256490    
   3.977560       3.987750       4.000860       4.009740       4.019820       4.029870       4.039880       4.049850       4.059780       4.069670       4.079520       4.089320       4.099080       4.108800       4.118480       4.128110       4.137700       4.147250       4.156750       4.166210       4.175630       4.185000       4.194330       4.203620       4.212870       4.222080       4.231250       4.240370       4.249460       4.258510    
   3.977540       3.993980       4.009740       4.018590       4.021540       4.031600       4.041620       4.051600       4.061540       4.071440       4.081300       4.091120       4.100890       4.110620       4.120310       4.129960       4.139560       4.149120       4.158630       4.168110       4.177540       4.186920       4.196270       4.205570       4.214830       4.224040       4.233220       4.242360       4.251450       4.260510    
   3.987140       4.009740       4.018490       4.022390       4.023240       4.033320       4.043350       4.053340       4.063300       4.073210       4.083080       4.092910       4.102690       4.112440       4.122140       4.131800       4.141410       4.150980       4.160510       4.169990       4.179430       4.188830       4.198190       4.207500       4.216770       4.226000       4.235180       4.244330       4.253440       4.262510    
   4.009740       4.018570       4.022820       4.023240       4.030530       4.035030       4.045070       4.055080       4.065040       4.074970       4.084850       4.094690       4.104490       4.114240       4.123960       4.133620       4.143250       4.152830       4.162370       4.171870       4.181320       4.190730       4.200100       4.209420       4.218700       4.227940       4.237140       4.246290       4.255410       4.264490    
   4.018640       4.023030       4.023240       4.029600       4.035030       4.042300       4.046790       4.056800       4.066780       4.076710       4.086610       4.096460       4.106270       4.116040       4.125760       4.135450       4.145080       4.154680       4.164230       4.173740       4.183200       4.192620       4.202000       4.211330       4.220620       4.229870       4.239080       4.248250       4.257370       4.266460    
   4.023130       4.023240       4.029290       4.035030       4.041370       4.046790       4.051800       4.056790       4.069690       4.078460       4.088360       4.098230       4.108050       4.117830       4.127560       4.137260       4.146910       4.156510       4.166080       4.175590       4.185070       4.194500       4.203890       4.213230       4.222530       4.231790       4.241010       4.250190       4.259320       4.268420    
   4.023240       4.029190       4.035030       4.041060       4.046790       4.049290       4.051790       4.064180       4.078460       4.083410       4.093350       4.099980       4.109820       4.119610       4.129360       4.139060       4.148720       4.158340       4.167910       4.177440       4.186930       4.196370       4.205770       4.215120       4.224430       4.233700       4.242930       4.252110       4.261260       4.270360    
   4.029150       4.035030       4.040960       4.046790       4.048040       4.049290       4.060930       4.078460       4.080940       4.091560       4.100850       4.101730       4.111570       4.121380       4.131140       4.140850       4.150530       4.160150       4.169740       4.179280       4.188780       4.198230       4.207640       4.217000       4.226320       4.235600       4.244840       4.254030       4.263180       4.272300    
   4.035030       4.040930       4.046790       4.047420       4.048040       4.059180       4.078460       4.079700       4.090800       4.101290       4.101730       4.106650       4.114450       4.123140       4.132910       4.142640       4.152320       4.161960       4.171560       4.181110       4.190610       4.200080       4.209500       4.218870       4.228200       4.237490       4.246730       4.255940       4.265100       4.274220    
   4.040920       4.046790       4.047100       4.047420       4.058270       4.078460       4.079080       4.090440       4.101510       4.101730       4.104190       4.111490       4.123140       4.128030       4.132900       4.142620       4.152310       4.161950       4.176460       4.182930       4.192440       4.201910       4.211340       4.220730       4.230070       4.239360       4.248620       4.257830       4.267000       4.276120    
   4.046790       4.046950       4.047100       4.057810       4.078460       4.078770       4.090270       4.101620       4.101730       4.102960       4.110140       4.123140       4.125580       4.128020       4.134510       4.142610       4.152290       4.171850       4.183830       4.184730       4.194260       4.203740       4.213180       4.222570       4.231920       4.241230       4.250490       4.259710       4.268880       4.278020    
   4.046870       4.046950       4.057580       4.078460       4.078620       4.090180       4.101680       4.101730       4.102340       4.109490       4.123140       4.124360       4.125580       4.129370       4.135050       4.143140       4.167150       4.184280       4.184730       4.191690       4.196070       4.205560       4.215000       4.224410       4.233760       4.243080       4.252350       4.261570       4.270760       4.279900    
   4.046870       4.057460       4.078460       4.078540       4.090140       4.101700       4.101730       4.102040       4.109180       4.123140       4.123750       4.124360       4.126440       4.130000       4.135850       4.163980       4.184510       4.184730       4.193700       4.197850       4.203560       4.207360       4.216820       4.226230       4.235600       4.244920       4.254190       4.263430       4.272620       4.281770    
   4.057410       4.078460       4.078500       4.090120       4.101720       4.101730       4.101880       4.109020       4.123140       4.123450       4.123750       4.124850       4.126930       4.145350       4.166840       4.190030       4.190030       4.194660       4.199930       4.200520       4.199640       4.209150       4.218620       4.228040       4.237410       4.246740       4.256030       4.265270       4.274470       4.283620    
   4.078460       4.078480       4.090110       4.101720       4.101730       4.101810       4.108940       4.123140       4.123290       4.123450       4.124020       4.125180       4.155100       4.189160       4.189110       4.192050       4.195550       4.195330       4.199620       4.201410       4.201410       4.210930       4.220410       4.229840       4.239220       4.248560       4.257850       4.267100       4.276300       4.285460    
   4.078470       4.090100       4.101730       4.101730       4.101770       4.108900       4.123140       4.123220       4.123290       4.123580       4.148290       4.184400       4.187620       4.189220       4.189220       4.189110       4.193530       4.195760       4.195330       4.201210       4.203170       4.212700       4.222180       4.231620       4.241010       4.250360       4.259650       4.268910       4.278120       4.287290    
   4.090100       4.101730       4.101730       4.101750       4.108890       4.123140       4.123180       4.123220       4.123360       4.152790       4.184400       4.184400       4.184400       4.187700       4.189320       4.189320       4.189110       4.193930       4.196200       4.195330       4.204920       4.214460       4.223950       4.233390       4.242790       4.252140       4.261450       4.270710       4.279920       4.289100    
   4.101730       4.101730       4.101740       4.108880       4.123140       4.123160       4.123180       4.138080       4.158350       4.184400       4.184400       4.184400       4.184400       4.184400       4.187860       4.189530       4.189530       4.189110       4.195070       4.197060       4.206650       4.216200       4.225700       4.235150       4.244550       4.253910       4.263220       4.272490       4.281710       4.290890    
   4.101730       4.101740       4.108870       4.123140       4.123150       4.143570       4.174180       4.178370       4.182550       4.183790       4.184410       4.184400       4.184400       4.184400       4.184400       4.188200       4.189950       4.189950       4.189110       4.198770       4.208370       4.217930       4.227430       4.236890       4.246300       4.255670       4.264990       4.274260       4.283490       4.292670    
   4.101730       4.108870       4.123140       4.123150       4.147650       4.174180       4.174180       4.174180       4.178370       4.182550       4.183820       4.184440       4.184400       4.184400       4.184400       4.184400       4.188900       4.190790       4.190800       4.200460       4.210080       4.219640       4.229160       4.238620       4.248040       4.257410       4.266730       4.276010       4.285240       4.294430    
