iMOD/TUTORIALS/TUT_MetaswapAnalyser/model_MetaSWAP/meteo/Evaporation/Evaporation_20050707_L1.ASC
NCOLS                30
NROWS                30
XLLCORNER     160000.00
YLLCORNER     340000.00
CELLSIZE        1000.00
NODATA_VALUE   -9999.00
   2.095310       2.093370       2.091460       2.089600       2.087770       2.085980       2.084200       2.082460       2.080730       2.079020       2.077320       2.075630       2.073950       2.072280       2.070600       2.068930       2.067260       2.065590       2.063910       2.062230       2.060550       2.058860       2.057170       2.055470       2.053770       2.052070       2.050360       2.048650       2.046940       2.045230    
   2.083560       2.081600       2.079680       2.077800       2.075950       2.074140       2.072350       2.070580       2.068840       2.067120       2.065400       2.063710       2.062020       2.060330       2.058660       2.056980       2.055310       2.053640       2.051970       2.050290       2.048620       2.046940       2.045260       2.043580       2.041900       2.040210       2.038520       2.036840       2.035150       2.033460    
   2.071810       2.069830       2.067890       2.065990       2.064130       2.062290       2.060490       2.058710       2.056950       2.055210       2.053480       2.051770       2.050070       2.048390       2.046700       2.045030       2.043350       2.041680       2.040010       2.038350       2.036680       2.035010       2.033340       2.031670       2.030000       2.028340       2.026670       2.025000       2.023330       2.021670    
   2.060040       2.058050       2.056090       2.054180       2.052290       2.050440       2.048620       2.046820       2.045050       2.043290       2.041560       2.039840       2.038130       2.036430       2.034740       2.033060       2.031390       2.029720       2.028050       2.026390       2.024720       2.023070       2.021410       2.019750       2.018100       2.016440       2.014790       2.013150       2.011500       2.009860    
   2.048270       2.046260       2.044290       2.042360       2.040450       2.038590       2.036750       2.034930       2.033140       2.031370       2.029620       2.027890       2.026170       2.024470       2.022770       2.021090       2.019410       2.017740       2.016080       2.014420       2.012760       2.011110       2.009460       2.007820       2.006180       2.004540       2.002910       2.001280       1.999650       1.998030    
   2.036500       2.034470       2.032480       2.030530       2.028610       2.026720       2.024870       2.023040       2.021230       2.019450       2.017690       2.015940       2.014220       2.012500       2.010800       2.009110       2.007430       2.005760       2.004100       2.002440       2.000790       1.999150       1.997510       1.995870       1.994250       1.992620       1.991010       1.989390       1.987790       1.986190    
   2.024710       2.022670       2.020660       2.018700       2.016760       2.014860       2.012980       2.011140       2.009320       2.007520       2.005750       2.003990       2.002260       2.000530       1.998830       1.997130       1.995450       1.993780       1.992110       1.990460       1.988810       1.987180       1.985540       1.983920       1.982300       1.980690       1.979090       1.977500       1.975910       1.974330    
   2.012920       2.010860       2.008840       2.006860       2.004910       2.002990       2.001100       1.999240       1.997400       1.995590       1.993810       1.992040       1.990290       1.988560       1.986840       1.985140       1.983460       1.981780       1.980120       1.978470       1.976830       1.975200       1.973570       1.971960       1.970350       1.968760       1.967170       1.965590       1.964020       1.962460    
   2.001130       1.999060       1.997020       1.995020       1.993050       1.991110       1.989210       1.987330       1.985480       1.983660       1.981860       1.980080       1.978320       1.976580       1.974860       1.973160       1.971460       1.969790       1.968130       1.966470       1.964840       1.963210       1.961590       1.959990       1.958390       1.956810       1.955230       1.953670       1.952120       1.950570    
   1.989330       1.987240       1.985190       1.983170       1.981190       1.979240       1.977320       1.975430       1.973560       1.971720       1.969910       1.968120       1.966350       1.964600       1.962870       1.961160       1.959470       1.957790       1.956130       1.954480       1.952840       1.951220       1.949610       1.948010       1.946430       1.944850       1.943290       1.941740       1.940200       1.938680    
   1.989340       1.987250       1.981730       1.971330       1.969330       1.967360       1.965420       1.963520       1.961640       1.959790       1.957960       1.956160       1.954380       1.952620       1.950890       1.949170       1.947470       1.945790       1.944120       1.942470       1.940840       1.939220       1.937620       1.936030       1.934450       1.932890       1.931340       1.929800       1.928280       1.926770    
   1.989360       1.982410       1.971330       1.960930       1.957460       1.955480       1.953530       1.951610       1.949710       1.947850       1.946010       1.944200       1.942410       1.940640       1.938900       1.937170       1.935470       1.933780       1.932120       1.930470       1.928840       1.927220       1.925620       1.924040       1.922470       1.920920       1.919380       1.917860       1.916350       1.914860    
   1.983650       1.971330       1.957350       1.951530       1.945600       1.943600       1.941630       1.939700       1.937790       1.935910       1.934060       1.932240       1.930440       1.928660       1.926910       1.925180       1.923470       1.921780       1.920110       1.918460       1.916830       1.915220       1.913630       1.912050       1.910490       1.908950       1.907420       1.905910       1.904420       1.902940    
   1.971330       1.955710       1.948570       1.945600       1.940310       1.931720       1.929740       1.927790       1.925870       1.923980       1.922110       1.920270       1.918460       1.916680       1.914920       1.913180       1.911460       1.909770       1.908100       1.906450       1.904820       1.903220       1.901630       1.900060       1.898500       1.896970       1.895460       1.893960       1.892480       1.891020    
   1.954930       1.947080       1.945600       1.939210       1.931720       1.926440       1.917850       1.915880       1.913950       1.912040       1.910160       1.908310       1.906490       1.904700       1.902930       1.901180       1.899460       1.897770       1.896100       1.894440       1.892820       1.891210       1.889630       1.888060       1.886520       1.884990       1.883490       1.882000       1.880530       1.879090    
   1.946340       1.945600       1.938840       1.931720       1.925340       1.917850       1.916860       1.915890       1.910500       1.900110       1.898220       1.896360       1.894520       1.892720       1.890940       1.889190       1.887470       1.885760       1.884090       1.882440       1.880810       1.879210       1.877620       1.876070       1.874530       1.873010       1.871520       1.870040       1.868590       1.867150    
   1.945600       1.938720       1.931720       1.924970       1.917850       1.917360       1.916870       1.910840       1.900110       1.899160       1.890310       1.884400       1.882560       1.880740       1.878960       1.877200       1.875470       1.873760       1.872080       1.870430       1.868800       1.867200       1.865620       1.864070       1.862540       1.861030       1.859550       1.858080       1.856640       1.855220    
   1.938680       1.931720       1.924850       1.917850       1.917600       1.917360       1.911290       1.900110       1.899640       1.888090       1.878430       1.872450       1.870600       1.868770       1.866980       1.865210       1.863480       1.861770       1.860080       1.858430       1.856800       1.855200       1.853630       1.852080       1.850550       1.849050       1.847580       1.846120       1.844690       1.843290    
   1.931720       1.924810       1.917850       1.917730       1.917600       1.911590       1.900110       1.899870       1.887150       1.875440       1.872450       1.871530       1.867160       1.856810       1.855000       1.853230       1.851490       1.849770       1.848090       1.846430       1.844800       1.843200       1.841630       1.840080       1.838570       1.837070       1.835610       1.834170       1.832750       1.831350    
   1.924790       1.917850       1.917790       1.917730       1.911760       1.900110       1.899990       1.886700       1.873940       1.872450       1.871990       1.866990       1.856810       1.855910       1.855010       1.853240       1.851500       1.849780       1.840240       1.834440       1.832810       1.831210       1.829640       1.828100       1.826580       1.825100       1.823640       1.822210       1.820800       1.819420    
   1.917850       1.917820       1.917790       1.911850       1.900110       1.900050       1.886490       1.873200       1.872450       1.872220       1.867060       1.856810       1.856360       1.855910       1.854720       1.853250       1.851510       1.838480       1.828440       1.822450       1.820820       1.819220       1.817650       1.816110       1.814610       1.813130       1.811680       1.810260       1.808860       1.807500    
   1.917830       1.917820       1.911890       1.900110       1.900080       1.886380       1.872820       1.872450       1.872330       1.867130       1.856810       1.856580       1.856360       1.855660       1.854630       1.853160       1.838230       1.825450       1.822450       1.817370       1.808830       1.807240       1.805670       1.804140       1.802640       1.801160       1.799720       1.798310       1.796930       1.795570    
   1.917830       1.911910       1.900110       1.900100       1.886330       1.872640       1.872450       1.872390       1.867180       1.856810       1.856700       1.856580       1.856200       1.855550       1.854480       1.831310       1.823950       1.822450       1.803900       1.796860       1.795900       1.795260       1.793700       1.792170       1.790670       1.789210       1.787770       1.786370       1.785000       1.783660    
   1.911930       1.900110       1.900100       1.886310       1.872540       1.872450       1.872420       1.867210       1.856810       1.856750       1.856700       1.856490       1.856110       1.823700       1.801330       1.786570       1.786570       1.785030       1.782900       1.778910       1.784890       1.783290       1.781730       1.780200       1.778710       1.777260       1.775830       1.774440       1.773080       1.771750    
   1.900110       1.900110       1.886290       1.872500       1.872450       1.872440       1.867220       1.856810       1.856780       1.856750       1.856650       1.856430       1.798460       1.728180       1.728550       1.751520       1.749200       1.750690       1.765240       1.772930       1.772930       1.771330       1.769770       1.768250       1.766770       1.765310       1.763900       1.762520       1.761160       1.759850    
   1.900110       1.886290       1.872470       1.872450       1.872440       1.867230       1.856810       1.856800       1.856780       1.856730       1.791860       1.694720       1.716720       1.727810       1.727810       1.728550       1.741750       1.747710       1.750690       1.758410       1.760980       1.759390       1.757830       1.756310       1.754830       1.753380       1.751970       1.750600       1.749260       1.747960    
   1.886280       1.872460       1.872450       1.872450       1.867230       1.856810       1.856800       1.856800       1.856770       1.778960       1.694720       1.694720       1.694720       1.716170       1.727070       1.727060       1.728550       1.740050       1.744730       1.750690       1.749050       1.747450       1.745890       1.744380       1.742900       1.741460       1.740060       1.738700       1.737370       1.736080    
   1.872460       1.872450       1.872450       1.867230       1.856810       1.856810       1.856800       1.802030       1.750100       1.694690       1.694720       1.694720       1.694720       1.694720       1.715090       1.725580       1.725580       1.728550       1.736220       1.738770       1.737130       1.735530       1.733970       1.732460       1.730990       1.729560       1.728160       1.726810       1.725490       1.724210    
   1.872450       1.872450       1.867240       1.856810       1.856810       1.765280       1.627990       1.632860       1.637740       1.675640       1.694620       1.694720       1.694720       1.694720       1.694720       1.713000       1.722610       1.722610       1.728550       1.726870       1.725220       1.723620       1.722070       1.720560       1.719090       1.717660       1.716280       1.714940       1.713630       1.712360    
   1.872450       1.867240       1.856810       1.856810       1.746960       1.627970       1.627970       1.627990       1.632860       1.637740       1.675470       1.694430       1.694720       1.694720       1.694720       1.694720       1.709070       1.716680       1.716670       1.714980       1.713330       1.711730       1.710180       1.708670       1.707210       1.705790       1.704410       1.703080       1.701780       1.700520    
