iMOD/TUTORIALS/TUT_MetaswapAnalyser/model_MetaSWAP/meteo/Evaporation/Evaporation_20060322_L1.ASC
NCOLS                30
NROWS                30
XLLCORNER     160000.00
YLLCORNER     340000.00
CELLSIZE        1000.00
NODATA_VALUE   -9999.00
   1.602510       1.600560       1.598570       1.596540       1.594480       1.592400       1.590280       1.588140       1.585980       1.583790       1.581590       1.579380       1.577150       1.574920       1.572670       1.570420       1.568160       1.565900       1.563640       1.561380       1.559110       1.556860       1.554600       1.552350       1.550100       1.547860       1.545620       1.543390       1.541170       1.538960    
   1.608270       1.606350       1.604390       1.602400       1.600370       1.598320       1.596230       1.594120       1.591990       1.589840       1.587670       1.585480       1.583280       1.581070       1.578850       1.576620       1.574380       1.572140       1.569890       1.567640       1.565390       1.563150       1.560900       1.558650       1.556410       1.554180       1.551940       1.549720       1.547500       1.545280    
   1.614020       1.612140       1.610210       1.608250       1.606260       1.604230       1.602180       1.600100       1.598000       1.595880       1.593740       1.591580       1.589400       1.587220       1.585020       1.582810       1.580590       1.578370       1.576140       1.573900       1.571670       1.569430       1.567190       1.564960       1.562720       1.560490       1.558260       1.556040       1.553820       1.551600    
   1.619770       1.617920       1.616020       1.614100       1.612130       1.610140       1.608120       1.606080       1.604000       1.601910       1.599800       1.597670       1.595520       1.593350       1.591180       1.588990       1.586790       1.584590       1.582370       1.580160       1.577940       1.575710       1.573480       1.571260       1.569030       1.566800       1.564580       1.562350       1.560130       1.557920    
   1.625520       1.623690       1.621830       1.619930       1.618010       1.616050       1.614060       1.612040       1.610000       1.607940       1.605850       1.603740       1.601620       1.599480       1.597330       1.595160       1.592990       1.590800       1.588610       1.586400       1.584200       1.581980       1.579770       1.577550       1.575330       1.573110       1.570880       1.568660       1.566450       1.564230    
   1.631250       1.629460       1.627630       1.625770       1.623870       1.621940       1.619980       1.618000       1.615990       1.613950       1.611890       1.609820       1.607720       1.605600       1.603480       1.601330       1.599170       1.597010       1.594830       1.592640       1.590450       1.588250       1.586040       1.583830       1.581620       1.579400       1.577190       1.574970       1.572750       1.570540    
   1.636990       1.635230       1.633430       1.631590       1.629730       1.627830       1.625900       1.623950       1.621970       1.619960       1.617930       1.615880       1.613810       1.611720       1.609610       1.607490       1.605350       1.603200       1.601040       1.598870       1.596690       1.594500       1.592310       1.590110       1.587900       1.585700       1.583480       1.581270       1.579060       1.576840    
   1.642720       1.640980       1.639220       1.637410       1.635580       1.633710       1.631810       1.629890       1.627940       1.625960       1.623960       1.621930       1.619890       1.617820       1.615740       1.613640       1.611520       1.609390       1.607250       1.605090       1.602930       1.600750       1.598570       1.596380       1.594180       1.591980       1.589770       1.587560       1.585350       1.583130    
   1.648440       1.646730       1.645000       1.643220       1.641420       1.639580       1.637720       1.635820       1.633900       1.631950       1.629970       1.627980       1.625960       1.623920       1.621850       1.619780       1.617680       1.615570       1.613440       1.611310       1.609150       1.606990       1.604820       1.602640       1.600450       1.598250       1.596050       1.593850       1.591640       1.589420    
   1.654150       1.652480       1.650770       1.649030       1.647250       1.645450       1.643610       1.641740       1.639850       1.637930       1.635980       1.634010       1.632020       1.630000       1.627960       1.625910       1.623830       1.621740       1.619630       1.617510       1.615370       1.613220       1.611060       1.608890       1.606710       1.604520       1.602320       1.600120       1.597910       1.595700    
   1.654140       1.652470       1.651780       1.654820       1.653080       1.651300       1.649500       1.647660       1.645790       1.643900       1.641980       1.640030       1.638060       1.636070       1.634060       1.632020       1.629970       1.627900       1.625810       1.623700       1.621580       1.619440       1.617290       1.615130       1.612960       1.610780       1.608590       1.606390       1.604180       1.601970    
   1.654130       1.653300       1.654820       1.657880       1.658900       1.657150       1.655370       1.653560       1.651720       1.649860       1.647970       1.646050       1.644100       1.642130       1.640140       1.638130       1.636100       1.634040       1.631970       1.629880       1.627770       1.625650       1.623510       1.621360       1.619200       1.617020       1.614840       1.612640       1.610440       1.608230    
   1.654500       1.654820       1.659800       1.661800       1.664700       1.662980       1.661230       1.659460       1.657650       1.655810       1.653940       1.652050       1.650130       1.648190       1.646220       1.644230       1.642210       1.640180       1.638120       1.636050       1.633960       1.631850       1.629720       1.627580       1.625420       1.623260       1.621080       1.618880       1.616680       1.614470    
   1.654820       1.660640       1.663250       1.664700       1.665500       1.668810       1.667090       1.665340       1.663560       1.661740       1.659900       1.658040       1.656140       1.654220       1.652280       1.650310       1.648320       1.646300       1.644260       1.642200       1.640130       1.638030       1.635920       1.633790       1.631640       1.629480       1.627300       1.625120       1.622920       1.620710    
   1.661030       1.663980       1.664700       1.666340       1.668810       1.669610       1.672930       1.671210       1.669450       1.667670       1.665860       1.664010       1.662150       1.660250       1.658330       1.656380       1.654410       1.652410       1.650390       1.648350       1.646290       1.644200       1.642100       1.639980       1.637840       1.635690       1.633520       1.631340       1.629140       1.626930    
   1.664340       1.664700       1.666620       1.668810       1.670450       1.672930       1.672070       1.671200       1.670480       1.673580       1.671790       1.669980       1.668130       1.666260       1.664360       1.662440       1.660480       1.658510       1.656500       1.654480       1.652430       1.650360       1.648270       1.646160       1.644030       1.641880       1.639720       1.637540       1.635350       1.633140    
   1.664700       1.666710       1.668810       1.670730       1.672930       1.672500       1.672070       1.671830       1.673580       1.672690       1.674630       1.675930       1.674110       1.672260       1.670380       1.668480       1.666540       1.664590       1.662600       1.660590       1.658560       1.656500       1.654420       1.652320       1.650200       1.648060       1.645910       1.643730       1.641540       1.639340    
   1.666740       1.668810       1.670820       1.672930       1.672710       1.672500       1.672490       1.673580       1.673130       1.676330       1.678890       1.681860       1.680070       1.678240       1.676390       1.674500       1.672590       1.670650       1.668690       1.666690       1.664680       1.662630       1.660560       1.658470       1.656360       1.654230       1.652080       1.649910       1.647720       1.645520    
   1.668810       1.670850       1.672930       1.672820       1.672710       1.672820       1.673580       1.673360       1.677060       1.680380       1.681860       1.680960       1.681100       1.684210       1.682380       1.680520       1.678620       1.676700       1.674750       1.672780       1.670770       1.668740       1.666690       1.664610       1.662510       1.660380       1.658230       1.656070       1.653880       1.651680    
   1.670860       1.672930       1.672880       1.672820       1.672980       1.673580       1.673470       1.677390       1.681120       1.681860       1.681410       1.682030       1.684210       1.683300       1.682370       1.680510       1.678610       1.676690       1.677600       1.678850       1.676860       1.674840       1.672800       1.670730       1.668630       1.666510       1.664370       1.662210       1.660030       1.657830    
   1.672930       1.672900       1.672880       1.673070       1.673580       1.673520       1.677560       1.681490       1.681860       1.681640       1.682380       1.684210       1.683750       1.683290       1.682060       1.680500       1.678600       1.679930       1.681870       1.684900       1.682920       1.680920       1.678890       1.676830       1.674740       1.672630       1.670490       1.668330       1.666150       1.663950    
   1.672920       1.672900       1.673110       1.673580       1.673550       1.677640       1.681670       1.681860       1.681750       1.682520       1.684210       1.683980       1.683750       1.683030       1.681950       1.680390       1.681460       1.683390       1.684900       1.685600       1.688970       1.686980       1.684960       1.682910       1.680830       1.678720       1.676590       1.674440       1.672260       1.670060    
   1.672920       1.673130       1.673580       1.673570       1.677680       1.681770       1.681860       1.681800       1.682580       1.684210       1.684100       1.683980       1.683590       1.682910       1.681790       1.686160       1.684140       1.684900       1.692370       1.694980       1.693800       1.693020       1.691010       1.688970       1.686900       1.684800       1.682680       1.680520       1.678350       1.676150    
   1.673140       1.673580       1.673570       1.677700       1.681810       1.681860       1.681830       1.682610       1.684210       1.684150       1.684100       1.683890       1.683490       1.695670       1.701550       1.702830       1.702840       1.702340       1.701990       1.703990       1.701000       1.699040       1.697040       1.695010       1.692950       1.690860       1.688740       1.686590       1.684410       1.682220    
   1.673580       1.673580       1.677710       1.681840       1.681860       1.681850       1.682630       1.684210       1.684180       1.684150       1.684050       1.683830       1.706470       1.734560       1.734380       1.721200       1.721520       1.720780       1.711670       1.706980       1.706990       1.705040       1.703050       1.701030       1.698980       1.696890       1.694780       1.692630       1.690460       1.688260    
   1.673580       1.677710       1.681850       1.681860       1.681850       1.682640       1.684210       1.684200       1.684180       1.684130       1.711810       1.753510       1.741030       1.734740       1.734740       1.734380       1.726070       1.722260       1.720780       1.714910       1.712960       1.711020       1.709040       1.707030       1.704980       1.702900       1.700790       1.698650       1.696480       1.694280    
   1.677720       1.681850       1.681860       1.681860       1.682640       1.684210       1.684200       1.684200       1.684170       1.717430       1.753510       1.753510       1.753510       1.741300       1.735110       1.735110       1.734380       1.726870       1.723740       1.720780       1.718900       1.716970       1.715010       1.713000       1.710960       1.708890       1.706780       1.704640       1.702470       1.700280    
   1.681860       1.681860       1.681860       1.682640       1.684210       1.684210       1.684200       1.708980       1.731030       1.753530       1.753510       1.753510       1.753510       1.753510       1.741820       1.735840       1.735840       1.734380       1.728600       1.726690       1.724810       1.722900       1.720950       1.718950       1.716920       1.714850       1.712750       1.710610       1.708440       1.706240    
   1.681860       1.681860       1.682640       1.684210       1.684210       1.726670       1.790370       1.786870       1.783360       1.763500       1.753560       1.753510       1.753510       1.753510       1.753510       1.742840       1.737290       1.737300       1.734380       1.732560       1.730710       1.728800       1.726860       1.724880       1.722850       1.720790       1.718690       1.716550       1.714390       1.712190    
   1.681860       1.682640       1.684210       1.684210       1.735170       1.790380       1.790380       1.790370       1.786870       1.783360       1.763580       1.753650       1.753510       1.753510       1.753510       1.753510       1.744720       1.740200       1.740210       1.738410       1.736570       1.734680       1.732750       1.730770       1.728760       1.726700       1.724600       1.722470       1.720300       1.718100    
