iMOD/TUTORIALS/TUT_MetaswapAnalyser/model_MetaSWAP/meteo/Evaporation/Evaporation_20061219_L1.ASC
NCOLS                30
NROWS                30
XLLCORNER     160000.00
YLLCORNER     340000.00
CELLSIZE        1000.00
NODATA_VALUE   -9999.00
  0.2493400      0.2491400      0.2489500      0.2487700      0.2486200      0.2484800      0.2483500      0.2482400      0.2481400      0.2480400      0.2479600      0.2478900      0.2478300      0.2477700      0.2477300      0.2476800      0.2476500      0.2476200      0.2475900      0.2475700      0.2475500      0.2475400      0.2475300      0.2475200      0.2475200      0.2475100      0.2475100      0.2475100      0.2475200      0.2475200    
  0.2488000      0.2485800      0.2483800      0.2482000      0.2480300      0.2478800      0.2477400      0.2476100      0.2475000      0.2474000      0.2473100      0.2472300      0.2471500      0.2470900      0.2470300      0.2469800      0.2469400      0.2469000      0.2468700      0.2468400      0.2468100      0.2467900      0.2467800      0.2467700      0.2467600      0.2467500      0.2467400      0.2467400      0.2467400      0.2467400    
  0.2482600      0.2480300      0.2478200      0.2476300      0.2474500      0.2472800      0.2471300      0.2470000      0.2468700      0.2467600      0.2466600      0.2465700      0.2464900      0.2464100      0.2463500      0.2462900      0.2462400      0.2461900      0.2461500      0.2461100      0.2460800      0.2460600      0.2460300      0.2460200      0.2460000      0.2459900      0.2459800      0.2459700      0.2459700      0.2459700    
  0.2477200      0.2474900      0.2472700      0.2470600      0.2468700      0.2467000      0.2465400      0.2463900      0.2462600      0.2461300      0.2460200      0.2459200      0.2458300      0.2457400      0.2456700      0.2456000      0.2455400      0.2454900      0.2454400      0.2454000      0.2453600      0.2453300      0.2453000      0.2452700      0.2452500      0.2452400      0.2452200      0.2452100      0.2452100      0.2452000    
  0.2472000      0.2469500      0.2467200      0.2465000      0.2463000      0.2461200      0.2459500      0.2457900      0.2456400      0.2455100      0.2453900      0.2452800      0.2451700      0.2450800      0.2450000      0.2449200      0.2448500      0.2447900      0.2447300      0.2446900      0.2446400      0.2446000      0.2445700      0.2445400      0.2445100      0.2444900      0.2444800      0.2444600      0.2444500      0.2444400    
  0.2466700      0.2464200      0.2461700      0.2459500      0.2457400      0.2455400      0.2453600      0.2451900      0.2450400      0.2448900      0.2447600      0.2446400      0.2445300      0.2444300      0.2443300      0.2442500      0.2441700      0.2441000      0.2440400      0.2439800      0.2439300      0.2438900      0.2438500      0.2438100      0.2437800      0.2437500      0.2437300      0.2437100      0.2437000      0.2436900    
  0.2461600      0.2458900      0.2456400      0.2454000      0.2451800      0.2449800      0.2447800      0.2446000      0.2444400      0.2442800      0.2441400      0.2440100      0.2438900      0.2437800      0.2436800      0.2435800      0.2435000      0.2434200      0.2433500      0.2432900      0.2432300      0.2431800      0.2431300      0.2430900      0.2430500      0.2430200      0.2430000      0.2429700      0.2429500      0.2429400    
  0.2456400      0.2453700      0.2451100      0.2448600      0.2446300      0.2444100      0.2442100      0.2440200      0.2438500      0.2436800      0.2435300      0.2433900      0.2432600      0.2431400      0.2430300      0.2429200      0.2428300      0.2427500      0.2426700      0.2426000      0.2425300      0.2424700      0.2424200      0.2423700      0.2423300      0.2423000      0.2422700      0.2422400      0.2422100      0.2422000    
  0.2451400      0.2448500      0.2445800      0.2443200      0.2440800      0.2438600      0.2436400      0.2434500      0.2432600      0.2430900      0.2429200      0.2427700      0.2426300      0.2425000      0.2423800      0.2422700      0.2421700      0.2420800      0.2419900      0.2419100      0.2418400      0.2417800      0.2417200      0.2416700      0.2416200      0.2415800      0.2415400      0.2415100      0.2414800      0.2414600    
  0.2446300      0.2443400      0.2440600      0.2437900      0.2435400      0.2433100      0.2430800      0.2428700      0.2426800      0.2425000      0.2423200      0.2421600      0.2420100      0.2418800      0.2417500      0.2416300      0.2415200      0.2414200      0.2413200      0.2412400      0.2411600      0.2410900      0.2410200      0.2409600      0.2409100      0.2408700      0.2408200      0.2407900      0.2407600      0.2407300    
  0.2446370      0.2443430      0.2438650      0.2432700      0.2430100      0.2427600      0.2425300      0.2423100      0.2421000      0.2419100      0.2417300      0.2415600      0.2414000      0.2412500      0.2411200      0.2409900      0.2408700      0.2407600      0.2406600      0.2405700      0.2404800      0.2404000      0.2403300      0.2402700      0.2402100      0.2401600      0.2401100      0.2400700      0.2400400      0.2400100    
  0.2446420      0.2440290      0.2432700      0.2426750      0.2424700      0.2422200      0.2419800      0.2417500      0.2415300      0.2413300      0.2411400      0.2409600      0.2408000      0.2406400      0.2404900      0.2403600      0.2402300      0.2401100      0.2400100      0.2399000      0.2398100      0.2397300      0.2396500      0.2395800      0.2395200      0.2394600      0.2394100      0.2393600      0.2393200      0.2392900    
  0.2442240      0.2432700      0.2425260      0.2422100      0.2419500      0.2416800      0.2414300      0.2412000      0.2409700      0.2407600      0.2405600      0.2403700      0.2402000      0.2400300      0.2398800      0.2397300      0.2396000      0.2394700      0.2393600      0.2392500      0.2391500      0.2390600      0.2389800      0.2389000      0.2388300      0.2387700      0.2387100      0.2386600      0.2386200      0.2385800    
  0.2432700      0.2424570      0.2420800      0.2419500      0.2415930      0.2411500      0.2408900      0.2406500      0.2404100      0.2401900      0.2399800      0.2397900      0.2396000      0.2394300      0.2392600      0.2391100      0.2389700      0.2388400      0.2387100      0.2386000      0.2384900      0.2383900      0.2383100      0.2382200      0.2381500      0.2380800      0.2380200      0.2379700      0.2379200      0.2378700    
  0.2424230      0.2420150      0.2419500      0.2415640      0.2411500      0.2408000      0.2403600      0.2401000      0.2398600      0.2396300      0.2394100      0.2392100      0.2390100      0.2388300      0.2386600      0.2385000      0.2383500      0.2382100      0.2380800      0.2379500      0.2378400      0.2377400      0.2376400      0.2375500      0.2374700      0.2374000      0.2373300      0.2372800      0.2372200      0.2371800    
  0.2419830      0.2419500      0.2415550      0.2411500      0.2407700      0.2403600      0.2402300      0.2401070      0.2396650      0.2390700      0.2388500      0.2386300      0.2384300      0.2382400      0.2380600      0.2378900      0.2377300      0.2375800      0.2374500      0.2373200      0.2372000      0.2370900      0.2369800      0.2368900      0.2368100      0.2367300      0.2366600      0.2365900      0.2365300      0.2364800    
  0.2419500      0.2415520      0.2411500      0.2407600      0.2403600      0.2402950      0.2402320      0.2397680      0.2390700      0.2389600      0.2384240      0.2380700      0.2378500      0.2376500      0.2374700      0.2372900      0.2371200      0.2369700      0.2368200      0.2366900      0.2365600      0.2364400      0.2363300      0.2362300      0.2361400      0.2360600      0.2359800      0.2359200      0.2358500      0.2358000    
  0.2415510      0.2411500      0.2407570      0.2403600      0.2403280      0.2402960      0.2398410      0.2390700      0.2390150      0.2383480      0.2377850      0.2375000      0.2372800      0.2370800      0.2368800      0.2366900      0.2365200      0.2363600      0.2362000      0.2360600      0.2359300      0.2358000      0.2356900      0.2355800      0.2354900      0.2354000      0.2353200      0.2352400      0.2351800      0.2351200    
  0.2411500      0.2407560      0.2403600      0.2403440      0.2403280      0.2398840      0.2390700      0.2390420      0.2383150      0.2376420      0.2375000      0.2373900      0.2370900      0.2365000      0.2363000      0.2361000      0.2359200      0.2357500      0.2355900      0.2354400      0.2353000      0.2351700      0.2350500      0.2349400      0.2348400      0.2347400      0.2346600      0.2345800      0.2345100      0.2344500    
  0.2407550      0.2403600      0.2403520      0.2403440      0.2399060      0.2390700      0.2390560      0.2383000      0.2375710      0.2375000      0.2374450      0.2371200      0.2365000      0.2364000      0.2363000      0.2361070      0.2359230      0.2357530      0.2351660      0.2348300      0.2346800      0.2345500      0.2344200      0.2343000      0.2342000      0.2341000      0.2340100      0.2339200      0.2338500      0.2337800    
  0.2403600      0.2403560      0.2403520      0.2399180      0.2390700      0.2390630      0.2382920      0.2375360      0.2375000      0.2374730      0.2371410      0.2365000      0.2364500      0.2364000      0.2362690      0.2361100      0.2359280      0.2351180      0.2345250      0.2342200      0.2340700      0.2339300      0.2338000      0.2336700      0.2335600      0.2334500      0.2333600      0.2332700      0.2331900      0.2331200    
  0.2403580      0.2403560      0.2399240      0.2390700      0.2390670      0.2382890      0.2375180      0.2375000      0.2374860      0.2371530      0.2365000      0.2364750      0.2364500      0.2363730      0.2362600      0.2361020      0.2351500      0.2343720      0.2342200      0.2339170      0.2334600      0.2333100      0.2331800      0.2330500      0.2329300      0.2328200      0.2327200      0.2326300      0.2325500      0.2324700    
  0.2403580      0.2399270      0.2390700      0.2390680      0.2382870      0.2375090      0.2375000      0.2374930      0.2371600      0.2365000      0.2364870      0.2364750      0.2364330      0.2363610      0.2362450      0.2348560      0.2342960      0.2342200      0.2332440      0.2328650      0.2327720      0.2327100      0.2325600      0.2324300      0.2323100      0.2321900      0.2320900      0.2319900      0.2319000      0.2318200    
  0.2399280      0.2390700      0.2390690      0.2382860      0.2375040      0.2375000      0.2374970      0.2371630      0.2365000      0.2364940      0.2364870      0.2364650      0.2364230      0.2347120      0.2334270      0.2324720      0.2324700      0.2323410      0.2321740      0.2319750      0.2322700      0.2321100      0.2319600      0.2318200      0.2316900      0.2315700      0.2314600      0.2313600      0.2312700      0.2311900    
  0.2390700      0.2390700      0.2382850      0.2375020      0.2375000      0.2374980      0.2371650      0.2365000      0.2364970      0.2364940      0.2364820      0.2364580      0.2334340      0.2297930      0.2298100      0.2308180      0.2306490      0.2307200      0.2313460      0.2316830      0.2316800      0.2315100      0.2313600      0.2312100      0.2310800      0.2309500      0.2308400      0.2307400      0.2306400      0.2305500    
  0.2390700      0.2382850      0.2375010      0.2375000      0.2374990      0.2371660      0.2365000      0.2364980      0.2364970      0.2364910      0.2332710      0.2284600      0.2293350      0.2297760      0.2297760      0.2298100      0.2303420      0.2305770      0.2307200      0.2310050      0.2311000      0.2309300      0.2307600      0.2306100      0.2304700      0.2303500      0.2302300      0.2301200      0.2300200      0.2299300    
  0.2382850      0.2375010      0.2375000      0.2375000      0.2371660      0.2365000      0.2364990      0.2364980      0.2364950      0.2326360      0.2284600      0.2284600      0.2284600      0.2293100      0.2297430      0.2297420      0.2298100      0.2302590      0.2304350      0.2307200      0.2305200      0.2303500      0.2301800      0.2300200      0.2298800      0.2297400      0.2296200      0.2295100      0.2294000      0.2293100    
  0.2375000      0.2375000      0.2375000      0.2371660      0.2365000      0.2365000      0.2364990      0.2339360      0.2313430      0.2284590      0.2284600      0.2284600      0.2284600      0.2284600      0.2292610      0.2296750      0.2296750      0.2298100      0.2300700      0.2301500      0.2299600      0.2297700      0.2296000      0.2294400      0.2292900      0.2291500      0.2290200      0.2289000      0.2288000      0.2287000    
  0.2375000      0.2375000      0.2371670      0.2365000      0.2365000      0.2323400      0.2261000      0.2261750      0.2262500      0.2277200      0.2284560      0.2284600      0.2284600      0.2284600      0.2284600      0.2291650      0.2295410      0.2295400      0.2298100      0.2296000      0.2293900      0.2292000      0.2290200      0.2288600      0.2287000      0.2285600      0.2284300      0.2283100      0.2282000      0.2281000    
  0.2375000      0.2371670      0.2365000      0.2365000      0.2315070      0.2260990      0.2260990      0.2261000      0.2261750      0.2262500      0.2277120      0.2284480      0.2284600      0.2284600      0.2284600      0.2284600      0.2289860      0.2292730      0.2292700      0.2290500      0.2288400      0.2286400      0.2284600      0.2282900      0.2281300      0.2279800      0.2278400      0.2277200      0.2276000      0.2275000    
