iMOD/TUTORIALS/TUT_MetaswapAnalyser/model_MetaSWAP/meteo/Evaporation/Evaporation_20050630_L1.ASC
NCOLS                30
NROWS                30
XLLCORNER     160000.00
YLLCORNER     340000.00
CELLSIZE        1000.00
NODATA_VALUE   -9999.00
   2.893140       2.894960       2.896620       2.898130       2.899480       2.900690       2.901750       2.902680       2.903480       2.904160       2.904710       2.905150       2.905470       2.905690       2.905810       2.905820       2.905740       2.905570       2.905310       2.904970       2.904540       2.904040       2.903460       2.902800       2.902080       2.901290       2.900430       2.899510       2.898530       2.897490    
   2.899970       2.901830       2.903530       2.905080       2.906480       2.907740       2.908860       2.909840       2.910690       2.911410       2.912020       2.912500       2.912880       2.913140       2.913310       2.913370       2.913330       2.913200       2.912990       2.912680       2.912290       2.911830       2.911280       2.910660       2.909970       2.909210       2.908380       2.907490       2.906530       2.905520    
   2.906760       2.908660       2.910400       2.912000       2.913440       2.914750       2.915910       2.916940       2.917840       2.918620       2.919270       2.919800       2.920230       2.920540       2.920750       2.920860       2.920860       2.920780       2.920600       2.920340       2.919990       2.919560       2.919050       2.918460       2.917800       2.917070       2.916270       2.915410       2.914480       2.913490    
   2.913510       2.915440       2.917230       2.918870       2.920360       2.921710       2.922920       2.924000       2.924950       2.925770       2.926470       2.927050       2.927520       2.927880       2.928140       2.928290       2.928340       2.928300       2.928160       2.927940       2.927630       2.927230       2.926760       2.926200       2.925580       2.924880       2.924110       2.923270       2.922370       2.921410    
   2.920220       2.922190       2.924020       2.925690       2.927230       2.928620       2.929880       2.931010       2.932000       2.932870       2.933620       2.934250       2.934770       2.935170       2.935470       2.935670       2.935770       2.935760       2.935670       2.935480       2.935210       2.934850       2.934410       2.933900       2.933300       2.932630       2.931890       2.931080       2.930210       2.929270    
   2.926900       2.928910       2.930770       2.932480       2.934060       2.935500       2.936800       2.937970       2.939010       2.939930       2.940720       2.941400       2.941960       2.942410       2.942760       2.943000       2.943140       2.943180       2.943120       2.942980       2.942740       2.942420       2.942020       2.941530       2.940970       2.940330       2.939620       2.938840       2.938000       2.937080    
   2.933550       2.935590       2.937480       2.939240       2.940850       2.942330       2.943680       2.944890       2.945980       2.946940       2.947780       2.948500       2.949110       2.949610       2.950000       2.950280       2.950460       2.950540       2.950530       2.950420       2.950220       2.949940       2.949570       2.949120       2.948590       2.947980       2.947300       2.946550       2.945730       2.944840    
   2.940160       2.942230       2.944160       2.945950       2.947610       2.949130       2.950510       2.951770       2.952900       2.953910       2.954790       2.955560       2.956210       2.956750       2.957180       2.957510       2.957730       2.957860       2.957880       2.957810       2.957650       2.957410       2.957070       2.956650       2.956160       2.955580       2.954930       2.954200       2.953410       2.952550    
   2.946750       2.948850       2.950810       2.952640       2.954330       2.955880       2.957310       2.958610       2.959780       2.960830       2.961760       2.962570       2.963270       2.963850       2.964320       2.964690       2.964960       2.965120       2.965190       2.965160       2.965030       2.964820       2.964520       2.964140       2.963670       2.963130       2.962500       2.961810       2.961040       2.960200    
   2.953300       2.955430       2.957430       2.959290       2.961010       2.962610       2.964070       2.965410       2.966630       2.967720       2.968690       2.969540       2.970280       2.970910       2.971420       2.971830       2.972140       2.972340       2.972440       2.972450       2.972370       2.972190       2.971920       2.971570       2.971140       2.970620       2.970030       2.969360       2.968620       2.967800    
   2.953260       2.955390       2.959510       2.965900       2.967660       2.969300       2.970800       2.972180       2.973430       2.974560       2.975580       2.976470       2.977250       2.977920       2.978470       2.978920       2.979270       2.979510       2.979650       2.979700       2.979650       2.979510       2.979280       2.978960       2.978560       2.978070       2.977510       2.976860       2.976150       2.975360    
   2.953210       2.958510       2.965900       2.972180       2.974280       2.975950       2.977490       2.978910       2.980200       2.981370       2.982420       2.983360       2.984180       2.984890       2.985480       2.985970       2.986360       2.986640       2.986820       2.986900       2.986890       2.986780       2.986580       2.986300       2.985920       2.985470       2.984930       2.984320       2.983630       2.982860    
   2.957140       2.965900       2.974130       2.977580       2.980870       2.982570       2.984150       2.985600       2.986930       2.988140       2.989240       2.990210       2.991070       2.991820       2.992450       2.992980       2.993400       2.993720       2.993940       2.994060       2.994080       2.994010       2.993840       2.993590       2.993250       2.992820       2.992310       2.991720       2.991060       2.990320    
   2.965900       2.975030       2.979220       2.980870       2.984200       2.989160       2.990780       2.992260       2.993630       2.994880       2.996010       2.997020       2.997920       2.998700       2.999380       2.999950       3.000410       3.000760       3.001020       3.001170       3.001230       3.001190       3.001050       3.000830       3.000520       3.000120       2.999640       2.999080       2.998440       2.997720    
   2.975460       2.980050       2.980870       2.984740       2.989160       2.992440       2.997370       2.998890       3.000300       3.001580       3.002740       3.003800       3.004730       3.005560       3.006270       3.006870       3.007370       3.007760       3.008050       3.008240       3.008330       3.008320       3.008220       3.008030       3.007750       3.007380       3.006920       3.006390       3.005770       3.005080    
   2.980460       2.980870       2.984920       2.989160       2.992990       2.997370       2.998130       2.998850       3.002250       3.008240       3.009450       3.010530       3.011510       3.012370       3.013120       3.013760       3.014290       3.014720       3.015040       3.015260       3.015390       3.015410       3.015340       3.015180       3.014930       3.014590       3.014160       3.013650       3.013060       3.012390    
   2.980870       2.984980       2.989160       2.993170       2.997370       2.997750       2.998120       3.001870       3.008240       3.008840       3.013870       3.017240       3.018240       3.019140       3.019930       3.020600       3.021170       3.021630       3.021990       3.022250       3.022400       3.022460       3.022420       3.022290       3.022070       3.021750       3.021350       3.020860       3.020300       3.019650    
   2.985000       2.989160       2.993230       2.997370       2.997560       2.997750       3.001490       3.008240       3.008540       3.015090       3.020570       3.023900       3.024950       3.025880       3.026700       3.027410       3.028010       3.028510       3.028900       3.029190       3.029380       3.029470       3.029460       3.029350       3.029160       3.028870       3.028490       3.028030       3.027490       3.026860    
   2.989160       2.993250       2.997370       2.997470       2.997560       3.001260       3.008240       3.008390       3.015600       3.022230       3.023900       3.024430       3.026830       3.032580       3.033430       3.034180       3.034820       3.035350       3.035770       3.036090       3.036310       3.036430       3.036450       3.036370       3.036200       3.035940       3.035590       3.035150       3.034630       3.034030    
   2.993260       2.997370       2.997420       2.997460       3.001130       3.008240       3.008320       3.015840       3.023070       3.023900       3.024160       3.026930       3.032580       3.033000       3.033400       3.034140       3.034780       3.035310       3.039990       3.042950       3.043200       3.043350       3.043400       3.043350       3.043210       3.042970       3.042650       3.042230       3.041730       3.041140    
   2.997370       2.997390       2.997420       3.001060       3.008240       3.008280       3.015960       3.023480       3.023900       3.024030       3.026890       3.032580       3.032790       3.032990       3.033510       3.034110       3.034750       3.041240       3.046360       3.049770       3.050050       3.050230       3.050310       3.050280       3.050170       3.049960       3.049650       3.049260       3.048780       3.048220    
   2.997380       2.997390       3.001030       3.008240       3.008260       3.016010       3.023690       3.023900       3.023970       3.026850       3.032580       3.032690       3.032790       3.033100       3.033540       3.034120       3.041590       3.048070       3.049770       3.052230       3.056860       3.057070       3.057170       3.057180       3.057080       3.056900       3.056620       3.056250       3.055790       3.055240    
   2.997380       3.001010       3.008240       3.008250       3.016040       3.023800       3.023900       3.023930       3.026820       3.032580       3.032630       3.032690       3.032860       3.033140       3.033590       3.045600       3.048920       3.049770       3.059830       3.063610       3.063750       3.063860       3.063990       3.064020       3.063960       3.063790       3.063540       3.063190       3.062750       3.062220    
   3.001000       3.008240       3.008240       3.016060       3.023850       3.023900       3.023920       3.026810       3.032580       3.032610       3.032630       3.032730       3.032900       3.050470       3.062300       3.069800       3.069820       3.070470       3.071450       3.073700       3.070360       3.070620       3.070770       3.070830       3.070790       3.070650       3.070410       3.070080       3.069660       3.069150    
   3.008240       3.008240       3.016060       3.023870       3.023900       3.023910       3.026800       3.032580       3.032590       3.032610       3.032660       3.032750       3.064250       3.102490       3.102290       3.089410       3.090680       3.089860       3.081460       3.077030       3.077050       3.077330       3.077510       3.077590       3.077570       3.077450       3.077240       3.076930       3.076530       3.076040    
   3.008240       3.016070       3.023890       3.023900       3.023900       3.026800       3.032580       3.032590       3.032590       3.032620       3.067880       3.120690       3.108720       3.102690       3.102690       3.102290       3.094860       3.091500       3.089860       3.085230       3.083690       3.084000       3.084210       3.084320       3.084320       3.084220       3.084020       3.083730       3.083350       3.082880    
   3.016070       3.023890       3.023900       3.023900       3.026800       3.032580       3.032580       3.032590       3.032600       3.074890       3.120690       3.120690       3.120690       3.109020       3.103090       3.103100       3.102290       3.095790       3.093130       3.089860       3.090300       3.090640       3.090870       3.090990       3.091020       3.090940       3.090760       3.090490       3.090120       3.089670    
   3.023900       3.023900       3.023900       3.026790       3.032580       3.032580       3.032580       3.062100       3.090360       3.120710       3.120690       3.120690       3.120690       3.120690       3.109610       3.103900       3.103900       3.102290       3.097860       3.096400       3.096870       3.097230       3.097480       3.097630       3.097670       3.097620       3.097460       3.097200       3.096850       3.096410    
   3.023900       3.023900       3.026790       3.032580       3.032580       3.081760       3.155520       3.153090       3.150650       3.130720       3.120740       3.120690       3.120690       3.120690       3.120690       3.110740       3.105500       3.105510       3.102290       3.102900       3.103390       3.103780       3.104050       3.104220       3.104290       3.104250       3.104110       3.103870       3.103530       3.103110    
   3.023900       3.026790       3.032580       3.032580       3.091600       3.155530       3.155530       3.155520       3.153090       3.150650       3.130810       3.120840       3.120690       3.120690       3.120690       3.120690       3.112850       3.108710       3.108730       3.109360       3.109880       3.110290       3.110580       3.110770       3.110860       3.110830       3.110710       3.110490       3.110170       3.109750    
