iMOD/TUTORIALS/TUT_MetaswapAnalyser/model_MetaSWAP/meteo/Evaporation/Evaporation_20060612_L1.ASC
NCOLS                30
NROWS                30
XLLCORNER     160000.00
YLLCORNER     340000.00
CELLSIZE        1000.00
NODATA_VALUE   -9999.00
   5.740690       5.740800       5.740900       5.740970       5.741030       5.741070       5.741100       5.741120       5.741120       5.741120       5.741100       5.741070       5.741040       5.740990       5.740940       5.740880       5.740820       5.740750       5.740680       5.740590       5.740510       5.740410       5.740320       5.740220       5.740110       5.740000       5.739880       5.739750       5.739630       5.739490    
   5.740560       5.740680       5.740790       5.740880       5.740950       5.741010       5.741050       5.741080       5.741100       5.741100       5.741100       5.741080       5.741060       5.741020       5.740980       5.740930       5.740880       5.740820       5.740750       5.740670       5.740590       5.740500       5.740410       5.740310       5.740210       5.740100       5.739980       5.739860       5.739740       5.739600    
   5.740420       5.740550       5.740680       5.740780       5.740860       5.740940       5.740990       5.741030       5.741060       5.741080       5.741090       5.741080       5.741070       5.741050       5.741020       5.740980       5.740930       5.740870       5.740810       5.740740       5.740670       5.740590       5.740500       5.740400       5.740300       5.740200       5.740090       5.739970       5.739840       5.739710    
   5.740270       5.740420       5.740550       5.740670       5.740770       5.740860       5.740930       5.740980       5.741020       5.741050       5.741070       5.741080       5.741080       5.741060       5.741040       5.741010       5.740970       5.740920       5.740870       5.740810       5.740740       5.740660       5.740580       5.740490       5.740400       5.740290       5.740180       5.740070       5.739950       5.739820    
   5.740110       5.740280       5.740430       5.740560       5.740670       5.740770       5.740850       5.740920       5.740980       5.741020       5.741050       5.741070       5.741070       5.741070       5.741060       5.741040       5.741010       5.740970       5.740920       5.740870       5.740800       5.740730       5.740660       5.740570       5.740480       5.740380       5.740280       5.740160       5.740050       5.739920    
   5.739950       5.740130       5.740290       5.740440       5.740560       5.740680       5.740770       5.740850       5.740920       5.740980       5.741020       5.741050       5.741070       5.741070       5.741070       5.741060       5.741040       5.741010       5.740970       5.740920       5.740860       5.740800       5.740730       5.740650       5.740560       5.740470       5.740370       5.740260       5.740140       5.740020    
   5.739780       5.739970       5.740150       5.740310       5.740450       5.740580       5.740680       5.740780       5.740860       5.740920       5.740980       5.741020       5.741050       5.741070       5.741080       5.741070       5.741060       5.741040       5.741010       5.740960       5.740920       5.740860       5.740790       5.740720       5.740640       5.740550       5.740450       5.740340       5.740230       5.740110    
   5.739600       5.739810       5.740000       5.740170       5.740330       5.740470       5.740590       5.740700       5.740790       5.740870       5.740930       5.740990       5.741030       5.741050       5.741070       5.741080       5.741070       5.741060       5.741040       5.741000       5.740960       5.740910       5.740850       5.740780       5.740700       5.740620       5.740520       5.740420       5.740310       5.740190    
   5.739420       5.739640       5.739850       5.740030       5.740200       5.740350       5.740490       5.740610       5.740710       5.740800       5.740880       5.740940       5.741000       5.741030       5.741060       5.741080       5.741080       5.741080       5.741060       5.741040       5.741000       5.740960       5.740900       5.740840       5.740770       5.740690       5.740600       5.740500       5.740390       5.740270    
   5.739230       5.739470       5.739690       5.739890       5.740070       5.740230       5.740380       5.740510       5.740630       5.740730       5.740820       5.740900       5.740960       5.741010       5.741040       5.741070       5.741080       5.741090       5.741080       5.741060       5.741030       5.741000       5.740950       5.740890       5.740820       5.740750       5.740660       5.740570       5.740460       5.740350    
   5.739230       5.739460       5.739700       5.739730       5.739930       5.740100       5.740260       5.740410       5.740540       5.740650       5.740750       5.740840       5.740910       5.740970       5.741020       5.741060       5.741080       5.741090       5.741090       5.741080       5.741060       5.741030       5.740990       5.740940       5.740870       5.740800       5.740720       5.740630       5.740530       5.740420    
   5.739220       5.739530       5.739730       5.739770       5.739780       5.739970       5.740140       5.740300       5.740440       5.740570       5.740680       5.740780       5.740860       5.740930       5.740990       5.741030       5.741070       5.741090       5.741100       5.741090       5.741080       5.741060       5.741020       5.740970       5.740920       5.740850       5.740780       5.740690       5.740590       5.740490    
   5.739360       5.739730       5.739700       5.739700       5.739620       5.739830       5.740010       5.740180       5.740340       5.740480       5.740600       5.740710       5.740800       5.740880       5.740950       5.741010       5.741050       5.741080       5.741090       5.741100       5.741090       5.741080       5.741050       5.741010       5.740960       5.740900       5.740820       5.740740       5.740650       5.740550    
   5.739730       5.739680       5.739660       5.739620       5.739710       5.739680       5.739880       5.740060       5.740230       5.740380       5.740510       5.740630       5.740740       5.740830       5.740910       5.740970       5.741020       5.741060       5.741080       5.741100       5.741100       5.741090       5.741070       5.741030       5.740990       5.740930       5.740860       5.740790       5.740700       5.740600    
   5.739670       5.739640       5.739620       5.739670       5.739680       5.739770       5.739740       5.739930       5.740110       5.740270       5.740420       5.740550       5.740660       5.740770       5.740850       5.740930       5.740990       5.741040       5.741070       5.741090       5.741100       5.741100       5.741080       5.741050       5.741010       5.740960       5.740900       5.740830       5.740740       5.740650    
   5.739630       5.739620       5.739660       5.739680       5.739730       5.739740       5.739830       5.739930       5.740120       5.740160       5.740320       5.740460       5.740590       5.740700       5.740800       5.740880       5.740950       5.741000       5.741050       5.741080       5.741090       5.741100       5.741090       5.741070       5.741030       5.740990       5.740930       5.740860       5.740780       5.740690    
   5.739620       5.739650       5.739680       5.739720       5.739740       5.739790       5.739830       5.740010       5.740160       5.740240       5.740310       5.740360       5.740500       5.740620       5.740730       5.740820       5.740900       5.740970       5.741020       5.741050       5.741080       5.741090       5.741090       5.741070       5.741040       5.741000       5.740950       5.740890       5.740810       5.740730    
   5.739650       5.739680       5.739710       5.739740       5.739760       5.739790       5.739950       5.740160       5.740200       5.740260       5.740310       5.740260       5.740410       5.740540       5.740660       5.740760       5.740850       5.740920       5.740980       5.741030       5.741060       5.741080       5.741080       5.741070       5.741050       5.741020       5.740970       5.740910       5.740840       5.740760    
   5.739680       5.739710       5.739740       5.739750       5.739760       5.739910       5.740160       5.740180       5.740230       5.740280       5.740260       5.740330       5.740420       5.740450       5.740580       5.740690       5.740790       5.740870       5.740940       5.740990       5.741030       5.741060       5.741070       5.741060       5.741050       5.741020       5.740980       5.740930       5.740860       5.740780    
   5.739710       5.739740       5.739750       5.739750       5.739900       5.740160       5.740170       5.740220       5.740270       5.740260       5.740300       5.740370       5.740450       5.740510       5.740570       5.740690       5.740780       5.740870       5.740930       5.740950       5.741000       5.741030       5.741050       5.741050       5.741040       5.741020       5.740980       5.740930       5.740870       5.740800    
   5.739740       5.739740       5.739750       5.739890       5.740160       5.740160       5.740220       5.740270       5.740260       5.740280       5.740340       5.740450       5.740480       5.740510       5.740590       5.740680       5.740780       5.740880       5.740920       5.740900       5.740950       5.740990       5.741020       5.741030       5.741030       5.741010       5.740980       5.740940       5.740880       5.740810    
   5.739740       5.739740       5.739880       5.740160       5.740160       5.740210       5.740260       5.740260       5.740270       5.740330       5.740450       5.740470       5.740480       5.740530       5.740600       5.740680       5.740830       5.740910       5.740900       5.740920       5.740910       5.740950       5.740990       5.741000       5.741010       5.741000       5.740970       5.740930       5.740880       5.740810    
   5.739740       5.739880       5.740160       5.740160       5.740210       5.740260       5.740260       5.740260       5.740330       5.740450       5.740460       5.740470       5.740490       5.740540       5.740600       5.740740       5.740910       5.740900       5.740860       5.740850       5.740880       5.740900       5.740940       5.740970       5.740980       5.740970       5.740950       5.740920       5.740870       5.740810    
   5.739880       5.740160       5.740160       5.740210       5.740260       5.740260       5.740260       5.740330       5.740450       5.740450       5.740460       5.740470       5.740500       5.740440       5.740510       5.740680       5.740680       5.740720       5.740770       5.740760       5.740790       5.740850       5.740900       5.740930       5.740940       5.740940       5.740930       5.740900       5.740860       5.740800    
   5.740160       5.740160       5.740210       5.740260       5.740260       5.740260       5.740320       5.740450       5.740450       5.740450       5.740460       5.740480       5.740320       5.740110       5.740110       5.740390       5.740450       5.740460       5.740630       5.740720       5.740720       5.740790       5.740840       5.740880       5.740900       5.740900       5.740900       5.740870       5.740830       5.740780    
   5.740160       5.740210       5.740260       5.740260       5.740260       5.740320       5.740450       5.740450       5.740450       5.740460       5.740090       5.739540       5.739910       5.740100       5.740100       5.740110       5.740330       5.740430       5.740460       5.740590       5.740640       5.740720       5.740780       5.740820       5.740850       5.740860       5.740860       5.740840       5.740800       5.740750    
   5.740210       5.740260       5.740260       5.740260       5.740320       5.740450       5.740450       5.740450       5.740450       5.740020       5.739540       5.739540       5.739540       5.739910       5.740090       5.740100       5.740110       5.740320       5.740410       5.740460       5.740560       5.740640       5.740710       5.740760       5.740790       5.740810       5.740810       5.740800       5.740770       5.740720    
   5.740260       5.740260       5.740260       5.740320       5.740450       5.740450       5.740450       5.739940       5.739670       5.739540       5.739540       5.739540       5.739540       5.739540       5.739900       5.740080       5.740080       5.740110       5.740290       5.740360       5.740460       5.740560       5.740630       5.740690       5.740730       5.740750       5.740760       5.740750       5.740720       5.740680    
   5.740260       5.740260       5.740320       5.740450       5.740450       5.739450       5.737940       5.738180       5.738420       5.739170       5.739540       5.739540       5.739540       5.739540       5.739540       5.739880       5.740050       5.740050       5.740110       5.740250       5.740360       5.740460       5.740540       5.740610       5.740650       5.740680       5.740690       5.740690       5.740670       5.740630    
   5.740260       5.740320       5.740450       5.740450       5.739240       5.737940       5.737940       5.737940       5.738180       5.738420       5.739160       5.739540       5.739540       5.739540       5.739540       5.739540       5.739840       5.739990       5.739990       5.740130       5.740260       5.740360       5.740450       5.740520       5.740570       5.740610       5.740620       5.740620       5.740610       5.740580    
