iMOD/TUTORIALS/TUT_MetaswapAnalyser/model_MetaSWAP/meteo/Evaporation/Evaporation_20050616_L1.ASC
NCOLS                30
NROWS                30
XLLCORNER     160000.00
YLLCORNER     340000.00
CELLSIZE        1000.00
NODATA_VALUE   -9999.00
   3.938760       3.944910       3.951050       3.957160       3.963260       3.969320       3.975360       3.981380       3.987370       3.993340       3.999280       4.005190       4.011080       4.016940       4.022780       4.028590       4.034380       4.040140       4.045880       4.051590       4.057280       4.062940       4.068590       4.074210       4.079810       4.085390       4.090960       4.096510       4.102040       4.107550    
   3.940460       3.946540       3.952600       3.958630       3.964650       3.970640       3.976610       3.982560       3.988490       3.994390       4.000270       4.006130       4.011970       4.017780       4.023570       4.029340       4.035080       4.040810       4.046510       4.052190       4.057860       4.063500       4.069120       4.074730       4.080320       4.085890       4.091450       4.097000       4.102530       4.108040    
   3.942120       3.948120       3.954090       3.960050       3.965990       3.971910       3.977820       3.983700       3.989560       3.995400       4.001220       4.007020       4.012810       4.018570       4.024310       4.030040       4.035740       4.041430       4.047100       4.052750       4.058390       4.064010       4.069620       4.075210       4.080780       4.086350       4.091900       4.097440       4.102970       4.108490    
   3.943720       3.949640       3.955540       3.961420       3.967290       3.973140       3.978970       3.984780       3.990580       3.996360       4.002120       4.007870       4.013600       4.019310       4.025010       4.030690       4.036350       4.042010       4.047640       4.053270       4.058880       4.064480       4.070060       4.075640       4.081200       4.086760       4.092310       4.097850       4.103380       4.108900    
   3.945280       3.951120       3.956940       3.962750       3.968540       3.974320       3.980080       3.985830       3.991560       3.997280       4.002980       4.008670       4.014350       4.020010       4.025660       4.031300       4.036930       4.042540       4.048150       4.053740       4.059330       4.064900       4.070470       4.076030       4.081580       4.087130       4.092670       4.098210       4.103740       4.109270    
   3.946800       3.952560       3.958300       3.964030       3.969750       3.975460       3.981150       3.986830       3.992500       3.998160       4.003800       4.009440       4.015060       4.020670       4.026280       4.031870       4.037460       4.043040       4.048610       4.054180       4.059740       4.065290       4.070840       4.076390       4.081930       4.087470       4.093000       4.098540       4.104070       4.109600    
   3.948280       3.953950       3.959620       3.965270       3.970920       3.976550       3.982180       3.987790       3.993400       3.999000       4.004580       4.010160       4.015730       4.021300       4.026860       4.032410       4.037960       4.043500       4.049040       4.054580       4.060110       4.065640       4.071180       4.076700       4.082230       4.087760       4.093300       4.098830       4.104360       4.109890    
   3.949710       3.955310       3.960900       3.966480       3.972060       3.977620       3.983180       3.988720       3.994270       3.999800       4.005330       4.010860       4.016380       4.021890       4.027400       4.032920       4.038420       4.043930       4.049440       4.054950       4.060460       4.065970       4.071480       4.076990       4.082510       4.088030       4.093560       4.099090       4.104620       4.110160    
   3.951120       3.956640       3.962150       3.967660       3.973160       3.978650       3.984140       3.989620       3.995100       4.000580       4.006050       4.011520       4.016990       4.022450       4.027920       4.033390       4.038860       4.044330       4.049810       4.055280       4.060770       4.066260       4.071750       4.077250       4.082760       4.088270       4.093790       4.099320       4.104850       4.110400    
   3.952490       3.957930       3.963370       3.968800       3.974230       3.979650       3.985070       3.990490       3.995910       4.001320       4.006740       4.012150       4.017570       4.022990       4.028410       4.033830       4.039270       4.044700       4.050140       4.055600       4.061050       4.066520       4.072000       4.077480       4.082980       4.088480       4.094000       4.099520       4.105060       4.110610    
   3.952490       3.957930       3.965000       3.969920       3.975280       3.980630       3.985980       3.991340       3.996690       4.002040       4.007400       4.012760       4.018130       4.023500       4.028870       4.034260       4.039650       4.045050       4.050460       4.055880       4.061320       4.066760       4.072220       4.077690       4.083170       4.088670       4.094180       4.099710       4.105240       4.110800    
   3.952490       3.961340       3.969920       3.974700       3.976300       3.981590       3.986870       3.992160       3.997450       4.002740       4.008040       4.013350       4.018660       4.023980       4.029310       4.034660       4.040010       4.045370       4.050750       4.056150       4.061560       4.066980       4.072420       4.077880       4.083350       4.088840       4.094340       4.099870       4.105410       4.110970    
   3.957690       3.969920       3.974680       3.976800       3.977300       3.982520       3.987740       3.992960       3.998190       4.003420       4.008660       4.013920       4.019180       4.024450       4.029740       4.035040       4.040350       4.045680       4.051030       4.056390       4.061780       4.067180       4.072600       4.078040       4.083500       4.088990       4.094490       4.100010       4.105560       4.111120    
   3.969920       3.974740       3.977050       3.977300       3.981090       3.983440       3.988590       3.993750       3.998910       4.004080       4.009270       4.014470       4.019680       4.024900       4.030140       4.035400       4.040670       4.045970       4.051290       4.056620       4.061980       4.067360       4.072770       4.078190       4.083650       4.089120       4.094620       4.100140       4.105690       4.111260    
   3.974780       3.977170       3.977300       3.980610       3.983440       3.987150       3.989420       3.994520       3.999620       4.004740       4.009860       4.015000       4.020160       4.025340       4.030530       4.035750       4.040990       4.046250       4.051530       4.056840       4.062170       4.067530       4.072920       4.078330       4.083780       4.089240       4.094740       4.100260       4.105810       4.111380    
   3.977240       3.977300       3.980450       3.983440       3.986670       3.989420       3.991970       3.994520       4.001070       4.005380       4.010440       4.015530       4.020640       4.025770       4.030920       4.036090       4.041290       4.046510       4.051760       4.057040       4.062350       4.067690       4.073060       4.078460       4.083890       4.089360       4.094850       4.100370       4.105920       4.111500    
   3.977300       3.980400       3.983440       3.986510       3.989420       3.990690       3.991970       3.998230       4.005380       4.007910       4.012790       4.016050       4.021110       4.026190       4.031290       4.036420       4.041580       4.046770       4.051990       4.057240       4.062530       4.067850       4.073200       4.078580       4.084010       4.089460       4.094950       4.100470       4.106030       4.111620    
   3.980380       3.983440       3.986460       3.989420       3.990060       3.990690       3.996570       4.005380       4.006650       4.011790       4.016310       4.016570       4.021570       4.026600       4.031660       4.036750       4.041870       4.047020       4.052210       4.057440       4.062700       4.067990       4.073330       4.078700       4.084120       4.089560       4.095050       4.100580       4.106140       4.111730    
   3.983440       3.986440       3.989420       3.989740       3.990060       3.995680       4.005380       4.006010       4.011370       4.016440       4.016570       4.019070       4.022940       4.027020       4.032030       4.037080       4.042160       4.047280       4.052430       4.057630       4.062860       4.068140       4.073460       4.078820       4.084220       4.089670       4.095150       4.100680       4.106240       4.111840    
   3.986430       3.989420       3.989580       3.989740       3.995210       4.005380       4.005700       4.011170       4.016510       4.016570       4.017820       4.021400       4.027020       4.029520       4.032040       4.037090       4.042170       4.047290       4.054640       4.057820       4.063030       4.068290       4.073590       4.078940       4.084330       4.089770       4.095260       4.100780       4.106350       4.111960    
   3.989420       3.989500       3.989580       3.994980       4.005380       4.005540       4.011070       4.016540       4.016570       4.017200       4.020700       4.027020       4.028270       4.029530       4.032890       4.037100       4.042180       4.052010       4.057920       4.058020       4.063210       4.068440       4.073730       4.079060       4.084450       4.089880       4.095360       4.100890       4.106470       4.112090    
   3.989460       3.989500       3.994860       4.005380       4.005460       4.011020       4.016550       4.016570       4.016880       4.020370       4.027020       4.027650       4.028270       4.030230       4.033170       4.037390       4.049460       4.057970       4.058020       4.061540       4.063390       4.068600       4.073870       4.079200       4.084570       4.090000       4.095480       4.101010       4.106600       4.112220    
   3.989460       3.994800       4.005380       4.005420       4.011000       4.016560       4.016570       4.016730       4.020210       4.027020       4.027330       4.027650       4.028720       4.030560       4.033600       4.047350       4.057990       4.058020       4.061760       4.063590       4.066700       4.068770       4.074030       4.079340       4.084710       4.090130       4.095610       4.101150       4.106740       4.112380    
   3.994770       4.005380       4.005400       4.010990       4.016570       4.016570       4.016650       4.020130       4.027020       4.027180       4.027330       4.027900       4.028970       4.037030       4.047240       4.058760       4.058750       4.061140       4.063840       4.063900       4.063790       4.068960       4.074200       4.079500       4.084860       4.090280       4.095760       4.101300       4.106900       4.112550    
   4.005380       4.005390       4.010980       4.016570       4.016570       4.016610       4.020090       4.027020       4.027100       4.027180       4.027470       4.028070       4.040890       4.055260       4.055250       4.057920       4.059520       4.059480       4.062620       4.064020       4.064010       4.069160       4.074390       4.079670       4.085030       4.090440       4.095930       4.101470       4.107080       4.112740    
   4.005390       4.010980       4.016570       4.016570       4.016590       4.020070       4.027020       4.027060       4.027100       4.027250       4.037310       4.051920       4.054160       4.055280       4.055280       4.055250       4.058140       4.059560       4.059480       4.063070       4.064250       4.069390       4.074590       4.079870       4.085220       4.090630       4.096120       4.101670       4.107280       4.112950    
   4.010980       4.016570       4.016570       4.016580       4.020060       4.027020       4.027040       4.027060       4.027140       4.039100       4.051920       4.051920       4.051920       4.054180       4.055300       4.055300       4.055250       4.058260       4.059650       4.059480       4.064520       4.069640       4.074830       4.080090       4.085430       4.090850       4.096330       4.101890       4.107510       4.113200    
   4.016570       4.016570       4.016570       4.020060       4.027020       4.027030       4.027040       4.033080       4.041330       4.051920       4.051920       4.051920       4.051920       4.051920       4.054220       4.055360       4.055360       4.055250       4.058680       4.059810       4.064820       4.069910       4.075090       4.080340       4.085680       4.091090       4.096580       4.102140       4.107780       4.113480    
   4.016570       4.016570       4.020060       4.027020       4.027030       4.035350       4.047830       4.049470       4.051100       4.051650       4.051930       4.051920       4.051920       4.051920       4.051920       4.054320       4.055470       4.055460       4.055250       4.060160       4.065150       4.070220       4.075380       4.080630       4.085960       4.091370       4.096860       4.102430       4.108080       4.113790    
   4.016570       4.020050       4.027020       4.027020       4.037010       4.047830       4.047830       4.047830       4.049470       4.051100       4.051660       4.051940       4.051920       4.051920       4.051920       4.051920       4.054540       4.055690       4.055670       4.060550       4.065520       4.070570       4.075710       4.080950       4.086270       4.091690       4.097180       4.102760       4.108420       4.114150    
