iMOD/TUTORIALS/TUT_MetaswapAnalyser/model_MetaSWAP/meteo/Evaporation/Evaporation_20050227_L1.ASC
NCOLS                30
NROWS                30
XLLCORNER     160000.00
YLLCORNER     340000.00
CELLSIZE        1000.00
NODATA_VALUE   -9999.00
  0.9126000      0.9120400      0.9114400      0.9108300      0.9101900      0.9095200      0.9088300      0.9081200      0.9073800      0.9066100      0.9058300      0.9050200      0.9041900      0.9033300      0.9024500      0.9015500      0.9006300      0.8996900      0.8987200      0.8977300      0.8967300      0.8957000      0.8946500      0.8935800      0.8925000      0.8913900      0.8902700      0.8891300      0.8879700      0.8867900    
  0.9126900      0.9121100      0.9115100      0.9108900      0.9102400      0.9095600      0.9088600      0.9081400      0.9074000      0.9066300      0.9058400      0.9050300      0.9041900      0.9033300      0.9024500      0.9015500      0.9006300      0.8996800      0.8987100      0.8977300      0.8967200      0.8956900      0.8946400      0.8935800      0.8924900      0.8913900      0.8902600      0.8891300      0.8879700      0.8868000    
  0.9127800      0.9121900      0.9115800      0.9109400      0.9102800      0.9096000      0.9089000      0.9081700      0.9074200      0.9066500      0.9058500      0.9050400      0.9042000      0.9033300      0.9024500      0.9015400      0.9006200      0.8996700      0.8987000      0.8977100      0.8967100      0.8956800      0.8946300      0.8935700      0.8924800      0.8913800      0.8902600      0.8891200      0.8879700      0.8868000    
  0.9128700      0.9122700      0.9116400      0.9110000      0.9103300      0.9096400      0.9089300      0.9082000      0.9074400      0.9066600      0.9058600      0.9050400      0.9042000      0.9033300      0.9024400      0.9015400      0.9006100      0.8996600      0.8986900      0.8977000      0.8966900      0.8956600      0.8946200      0.8935500      0.8924700      0.8913700      0.8902500      0.8891200      0.8879700      0.8868000    
  0.9129600      0.9123400      0.9117100      0.9110600      0.9103800      0.9096800      0.9089600      0.9082200      0.9074600      0.9066800      0.9058700      0.9050400      0.9042000      0.9033300      0.9024400      0.9015300      0.9006000      0.8996500      0.8986700      0.8976800      0.8966800      0.8956500      0.8946000      0.8935400      0.8924500      0.8913600      0.8902400      0.8891100      0.8879600      0.8867900    
  0.9130400      0.9124200      0.9117800      0.9111100      0.9104300      0.9097200      0.9090000      0.9082500      0.9074800      0.9066900      0.9058800      0.9050500      0.9041900      0.9033200      0.9024300      0.9015200      0.9005800      0.8996300      0.8986600      0.8976700      0.8966600      0.8956300      0.8945800      0.8935200      0.8924400      0.8913400      0.8902200      0.8890900      0.8879500      0.8867900    
  0.9131300      0.9125000      0.9118400      0.9111700      0.9104800      0.9097600      0.9090300      0.9082700      0.9075000      0.9067000      0.9058900      0.9050500      0.9041900      0.9033200      0.9024200      0.9015000      0.9005700      0.8996100      0.8986400      0.8976500      0.8966400      0.8956100      0.8945600      0.8935000      0.8924200      0.8913200      0.8902100      0.8890800      0.8879300      0.8867700    
  0.9132200      0.9125800      0.9119100      0.9112300      0.9105300      0.9098000      0.9090600      0.9083000      0.9075200      0.9067100      0.9058900      0.9050500      0.9041900      0.9033100      0.9024100      0.9014900      0.9005500      0.8995900      0.8986200      0.8976300      0.8966100      0.8955900      0.8945400      0.8934800      0.8924000      0.8913000      0.8901900      0.8890600      0.8879200      0.8867600    
  0.9133200      0.9126600      0.9119800      0.9112900      0.9105800      0.9098500      0.9090900      0.9083200      0.9075400      0.9067300      0.9059000      0.9050500      0.9041900      0.9033000      0.9024000      0.9014800      0.9005400      0.8995800      0.8986000      0.8976000      0.8965900      0.8955600      0.8945200      0.8934500      0.8923700      0.8912800      0.8901700      0.8890400      0.8879000      0.8867400    
  0.9134100      0.9127400      0.9120500      0.9113500      0.9106300      0.9098900      0.9091300      0.9083500      0.9075600      0.9067400      0.9059100      0.9050600      0.9041800      0.9033000      0.9023900      0.9014600      0.9005200      0.8995600      0.8985800      0.8975800      0.8965700      0.8955400      0.8944900      0.8934300      0.8923500      0.8912500      0.8901400      0.8890200      0.8878800      0.8867300    
  0.9134030      0.9127330      0.9118880      0.9114100      0.9106800      0.9099300      0.9091600      0.9083800      0.9075800      0.9067500      0.9059200      0.9050600      0.9041800      0.9032900      0.9023800      0.9014500      0.9005000      0.8995400      0.8985600      0.8975600      0.8965400      0.8955100      0.8944600      0.8934000      0.8923200      0.8912300      0.8901200      0.8890000      0.8878600      0.8867100    
  0.9133980      0.9123590      0.9114100      0.9109050      0.9107400      0.9099800      0.9092000      0.9084100      0.9076000      0.9067700      0.9059200      0.9050600      0.9041800      0.9032800      0.9023700      0.9014300      0.9004800      0.8995200      0.8985300      0.8975300      0.8965200      0.8954900      0.8944400      0.8933700      0.8923000      0.8912000      0.8900900      0.8889700      0.8878300      0.8866800    
  0.9128040      0.9114100      0.9109680      0.9107650      0.9107900      0.9100200      0.9092400      0.9084400      0.9076200      0.9067900      0.9059300      0.9050700      0.9041800      0.9032800      0.9023600      0.9014200      0.9004700      0.8995000      0.8985100      0.8975100      0.8964900      0.8954600      0.8944100      0.8933500      0.8922700      0.8911700      0.8900700      0.8889500      0.8878100      0.8866600    
  0.9114100      0.9109860      0.9107780      0.9107900      0.9102930      0.9100700      0.9092800      0.9084700      0.9076500      0.9068000      0.9059500      0.9050700      0.9041800      0.9032700      0.9023500      0.9014100      0.9004500      0.8994800      0.8984900      0.8974900      0.8964700      0.8954300      0.8943800      0.8933200      0.8922400      0.8911500      0.8900400      0.8889200      0.8877800      0.8866400    
  0.9109930      0.9107840      0.9107900      0.9103840      0.9100700      0.9095570      0.9093200      0.9085000      0.9076700      0.9068200      0.9059600      0.9050800      0.9041800      0.9032700      0.9023400      0.9014000      0.9004400      0.8994600      0.8984700      0.8974600      0.8964400      0.8954100      0.8943500      0.8932900      0.8922100      0.8911200      0.8900100      0.8888900      0.8877600      0.8866100    
  0.9107870      0.9107900      0.9104150      0.9100700      0.9096490      0.9093200      0.9089100      0.9084970      0.9074580      0.9068400      0.9059700      0.9050900      0.9041800      0.9032700      0.9023300      0.9013800      0.9004200      0.8994400      0.8984500      0.8974400      0.8964200      0.8953800      0.8943300      0.8932600      0.8921800      0.8910900      0.8899800      0.8888600      0.8877300      0.8865900    
  0.9107900      0.9104250      0.9100700      0.9096800      0.9093200      0.9091150      0.9089090      0.9079260      0.9068400      0.9064050      0.9056220      0.9051000      0.9041900      0.9032600      0.9023300      0.9013700      0.9004100      0.8994200      0.8984300      0.8974200      0.8963900      0.8953500      0.8943000      0.8932300      0.8921500      0.8910600      0.8899500      0.8888400      0.8877000      0.8865600    
  0.9104280      0.9100700      0.9096900      0.9093200      0.9092170      0.9091150      0.9081980      0.9068400      0.9066230      0.9058160      0.9051050      0.9051100      0.9041900      0.9032700      0.9023200      0.9013700      0.9003900      0.8994100      0.8984100      0.8974000      0.8963700      0.8953300      0.8942700      0.8932100      0.8921300      0.8910300      0.8899300      0.8888100      0.8876800      0.8865300    
  0.9100700      0.9096930      0.9093200      0.9092690      0.9092170      0.9083420      0.9068400      0.9067310      0.9058990      0.9051070      0.9051100      0.9046500      0.9039600      0.9032700      0.9023200      0.9013600      0.9003800      0.8993900      0.8983900      0.8973800      0.8963500      0.8953000      0.8942500      0.8931800      0.8921000      0.8910000      0.8899000      0.8887800      0.8876500      0.8865100    
  0.9096940      0.9093200      0.9092940      0.9092690      0.9084170      0.9068400      0.9067860      0.9059380      0.9051090      0.9051100      0.9048800      0.9042480      0.9032700      0.9027950      0.9023170      0.9013530      0.9003770      0.8993870      0.8979720      0.8973600      0.8963300      0.8952800      0.8942200      0.8931500      0.8920700      0.8909800      0.8898700      0.8887500      0.8876200      0.8864800    
  0.9093200      0.9093070      0.9092940      0.9084550      0.9068400      0.9068130      0.9059570      0.9051090      0.9051100      0.9049950      0.9043770      0.9032700      0.9030330      0.9027940      0.9021550      0.9013490      0.9003720      0.8984850      0.8973500      0.8973400      0.8963100      0.8952600      0.8942000      0.8931300      0.8920500      0.8909500      0.8898400      0.8887300      0.8876000      0.8864600    
  0.9093140      0.9093070      0.9084740      0.9068400      0.9068260      0.9059660      0.9051100      0.9051100      0.9050520      0.9044380      0.9032700      0.9031510      0.9030320      0.9026600      0.9020990      0.9012920      0.8989780      0.8973450      0.8973400      0.8966470      0.8962900      0.8952400      0.8941800      0.8931000      0.8920200      0.8909300      0.8898200      0.8887000      0.8875700      0.8864300    
  0.9093140      0.9084840      0.9068400      0.9068330      0.9059700      0.9051100      0.9051100      0.9050810      0.9044680      0.9032700      0.9032110      0.9031510      0.9029480      0.9025970      0.9020170      0.8994030      0.8973430      0.8973400      0.8966280      0.8962750      0.8956420      0.8952200      0.8941600      0.8930800      0.8920000      0.8909000      0.8897900      0.8886800      0.8875500      0.8864100    
  0.9084890      0.9068400      0.9068370      0.9059730      0.9051100      0.9051100      0.9050960      0.9044820      0.9032700      0.9032400      0.9032110      0.9031030      0.9028990      0.9014710      0.8995450      0.8973060      0.8973050      0.8968110      0.8962560      0.8962500      0.8962600      0.8952000      0.8941400      0.8930600      0.8919700      0.8908800      0.8897700      0.8886500      0.8875200      0.8863800    
  0.9068400      0.9068380      0.9059740      0.9051100      0.9051100      0.9051030      0.9044890      0.9032700      0.9032550      0.9032400      0.9031850      0.9030710      0.9008230      0.8983200      0.8983200      0.8976270      0.8972700      0.8972700      0.8965630      0.8962430      0.8962400      0.8951900      0.8941200      0.8930400      0.8919500      0.8908600      0.8897500      0.8886300      0.8875000      0.8863600    
  0.9068390      0.9059740      0.9051100      0.9051100      0.9051060      0.9044930      0.9032700      0.9032630      0.9032550      0.9032270      0.9016590      0.8994000      0.8986800      0.8983200      0.8983200      0.8983200      0.8976150      0.8972700      0.8972700      0.8964900      0.8962300      0.8951700      0.8941000      0.8930200      0.8919400      0.8908400      0.8897300      0.8886100      0.8874800      0.8863400    
  0.9059750      0.9051100      0.9051100      0.9051080      0.9044950      0.9032700      0.9032660      0.9032630      0.9032480      0.9013880      0.8994000      0.8994000      0.8994000      0.8986800      0.8983200      0.8983200      0.8983200      0.8975980      0.8972700      0.8972700      0.8962200      0.8951600      0.8940900      0.8930100      0.8919200      0.8908200      0.8897100      0.8885900      0.8874600      0.8863200    
  0.9051100      0.9051100      0.9051090      0.9044960      0.9032700      0.9032680      0.9032660      0.9025940      0.9012830      0.8994000      0.8994000      0.8994000      0.8994000      0.8994000      0.8986790      0.8983200      0.8983200      0.8983200      0.8975330      0.8972700      0.8962200      0.8951500      0.8940800      0.8930000      0.8919000      0.8908000      0.8896900      0.8885700      0.8874400      0.8863000    
  0.9051100      0.9051100      0.9044960      0.9032700      0.9032690      0.9026450      0.9017100      0.9011550      0.9006000      0.8998000      0.8994000      0.8994000      0.8994000      0.8994000      0.8994000      0.8986760      0.8983210      0.8983200      0.8983200      0.8972700      0.8962100      0.8951500      0.8940700      0.8929800      0.8918900      0.8907900      0.8896800      0.8885500      0.8874300      0.8862900    
  0.9051100      0.9044960      0.9032700      0.9032700      0.9025210      0.9017100      0.9017100      0.9017100      0.9011550      0.9006000      0.8998010      0.8994010      0.8994000      0.8994000      0.8994000      0.8994000      0.8986610      0.8983230      0.8983200      0.8972700      0.8962100      0.8951400      0.8940600      0.8929800      0.8918800      0.8907800      0.8896600      0.8885400      0.8874100      0.8862700    
