iMOD/TUTORIALS/TUT_MetaswapAnalyser/model_MetaSWAP/meteo/Evaporation/Evaporation_20050618_L1.ASC
NCOLS                30
NROWS                30
XLLCORNER     160000.00
YLLCORNER     340000.00
CELLSIZE        1000.00
NODATA_VALUE   -9999.00
   5.337390       5.340490       5.343480       5.346380       5.349190       5.351910       5.354550       5.357120       5.359610       5.362020       5.364380       5.366670       5.368900       5.371080       5.373210       5.375290       5.377330       5.379320       5.381280       5.383190       5.385080       5.386920       5.388740       5.390540       5.392300       5.394040       5.395750       5.397450       5.399120       5.400770    
   5.339060       5.342170       5.345180       5.348100       5.350930       5.353680       5.356340       5.358930       5.361440       5.363880       5.366260       5.368580       5.370840       5.373040       5.375190       5.377300       5.379360       5.381370       5.383350       5.385290       5.387190       5.389060       5.390900       5.392710       5.394490       5.396250       5.397980       5.399690       5.401380       5.403050    
   5.340700       5.343830       5.346860       5.349790       5.352640       5.355410       5.358100       5.360710       5.363240       5.365710       5.368120       5.370460       5.372740       5.374970       5.377140       5.379270       5.381350       5.383390       5.385390       5.387350       5.389270       5.391160       5.393020       5.394850       5.396650       5.398430       5.400180       5.401910       5.403610       5.405300    
   5.342330       5.345470       5.348510       5.351470       5.354340       5.357120       5.359830       5.362460       5.365020       5.367520       5.369940       5.372310       5.374620       5.376870       5.379070       5.381220       5.383320       5.385380       5.387400       5.389390       5.391330       5.393240       5.395120       5.396970       5.398790       5.400580       5.402350       5.404100       5.405820       5.407520    
   5.343940       5.347090       5.350150       5.353120       5.356010       5.358810       5.361540       5.364200       5.366780       5.369300       5.371750       5.374130       5.376460       5.378740       5.380960       5.383140       5.385270       5.387350       5.389390       5.391400       5.393360       5.395290       5.397190       5.399060       5.400900       5.402720       5.404500       5.406260       5.408010       5.409730    
   5.345530       5.348690       5.351760       5.354750       5.357660       5.360480       5.363230       5.365910       5.368510       5.371050       5.373520       5.375940       5.378290       5.380590       5.382830       5.385030       5.387180       5.389290       5.391350       5.393380       5.395370       5.397320       5.399240       5.401130       5.402990       5.404820       5.406630       5.408410       5.410170       5.411900    
   5.347110       5.350280       5.353370       5.356370       5.359290       5.362140       5.364900       5.367600       5.370230       5.372780       5.375280       5.377710       5.380090       5.382410       5.384680       5.386900       5.389070       5.391200       5.393290       5.395340       5.397350       5.399320       5.401260       5.403170       5.405050       5.406900       5.408730       5.410530       5.412300       5.414060    
   5.348670       5.351860       5.354960       5.357970       5.360910       5.363770       5.366560       5.369270       5.371920       5.374500       5.377010       5.379470       5.381870       5.384210       5.386500       5.388750       5.390940       5.393090       5.395200       5.397270       5.399300       5.401300       5.403260       5.405190       5.407090       5.408960       5.410800       5.412620       5.414420       5.416190    
   5.350230       5.353420       5.356530       5.359560       5.362510       5.365390       5.368190       5.370930       5.373590       5.376190       5.378730       5.381210       5.383630       5.385990       5.388310       5.390570       5.392790       5.394960       5.397090       5.399180       5.401230       5.403250       5.405230       5.407180       5.409100       5.410990       5.412860       5.414700       5.416510       5.418300    
   5.351770       5.354970       5.358090       5.361130       5.364100       5.366990       5.369810       5.372560       5.375250       5.377870       5.380430       5.382920       5.385370       5.387750       5.390090       5.392370       5.394610       5.396810       5.398960       5.401070       5.403140       5.405180       5.407180       5.409160       5.411100       5.413010       5.414890       5.416750       5.418580       5.420390    
   5.351740       5.354940       5.359220       5.362690       5.365670       5.368580       5.371420       5.374190       5.376890       5.379530       5.382100       5.384620       5.387080       5.389490       5.391850       5.394160       5.396420       5.398630       5.400810       5.402940       5.405030       5.407090       5.409120       5.411110       5.413070       5.415000       5.416900       5.418780       5.420630       5.422460    
   5.351720       5.357150       5.362690       5.366090       5.367230       5.370160       5.373010       5.375790       5.378510       5.381170       5.383770       5.386300       5.388790       5.391220       5.393590       5.395920       5.398200       5.400440       5.402630       5.404790       5.406900       5.408980       5.411030       5.413040       5.415020       5.416970       5.418890       5.420790       5.422660       5.424500    
   5.355000       5.362690       5.366390       5.368000       5.368780       5.371720       5.374590       5.377390       5.380120       5.382800       5.385410       5.387970       5.390470       5.392920       5.395320       5.397670       5.399970       5.402230       5.404440       5.406620       5.408750       5.410850       5.412920       5.414950       5.416950       5.418920       5.420860       5.422780       5.424660       5.426530    
   5.362690       5.366560       5.368390       5.368780       5.371260       5.373270       5.376150       5.378970       5.381720       5.384410       5.387050       5.389620       5.392140       5.394610       5.397030       5.399400       5.401720       5.404000       5.406230       5.408430       5.410580       5.412700       5.414790       5.416840       5.418860       5.420850       5.422810       5.424750       5.426650       5.428540    
   5.366660       5.368590       5.368780       5.371100       5.373270       5.375710       5.377710       5.380540       5.383310       5.386020       5.388670       5.391260       5.393800       5.396280       5.398720       5.401110       5.403450       5.405750       5.408000       5.410220       5.412400       5.414540       5.416640       5.418710       5.420750       5.422760       5.424740       5.426700       5.428620       5.430530    
   5.368680       5.368780       5.371050       5.373270       5.375560       5.377710       5.379120       5.380520       5.384370       5.387610       5.390270       5.392880       5.395440       5.397940       5.400400       5.402810       5.405170       5.407490       5.409760       5.412000       5.414190       5.416350       5.418480       5.420570       5.422630       5.424660       5.426660       5.428630       5.430580       5.432500    
   5.368780       5.371030       5.373270       5.375510       5.377710       5.378420       5.379120       5.382910       5.387610       5.388940       5.392270       5.394490       5.397070       5.399590       5.402060       5.404490       5.406870       5.409210       5.411500       5.413760       5.415970       5.418150       5.420300       5.422410       5.424490       5.426540       5.428560       5.430550       5.432510       5.434460    
   5.371030       5.373270       5.375500       5.377710       5.378060       5.378420       5.382010       5.387610       5.388280       5.392040       5.395290       5.396090       5.398680       5.401220       5.403720       5.406160       5.408560       5.410910       5.413230       5.415500       5.417740       5.419940       5.422100       5.424230       5.426330       5.428400       5.430440       5.432450       5.434430       5.436390    
   5.373270       5.375490       5.377710       5.377890       5.378060       5.381530       5.387610       5.387940       5.391940       5.395690       5.396090       5.397390       5.399710       5.402850       5.405360       5.407820       5.410230       5.412610       5.414940       5.417230       5.419490       5.421710       5.423890       5.426040       5.428160       5.430240       5.432300       5.434330       5.436340       5.438320    
   5.375490       5.377710       5.377800       5.377890       5.381270       5.387610       5.387780       5.391890       5.395890       5.396090       5.396740       5.399010       5.402850       5.404110       5.405340       5.407800       5.410220       5.412590       5.416880       5.418950       5.421220       5.423460       5.425660       5.427830       5.429970       5.432080       5.434150       5.436200       5.438220       5.440220    
   5.377710       5.377750       5.377800       5.381140       5.387610       5.387690       5.391870       5.395990       5.396090       5.396410       5.398670       5.402850       5.403480       5.404100       5.405750       5.407790       5.410210       5.416030       5.419810       5.420660       5.422950       5.425200       5.427420       5.429610       5.431770       5.433890       5.435990       5.438060       5.440100       5.442110    
   5.377730       5.377750       5.381080       5.387610       5.387650       5.391860       5.396040       5.396090       5.396250       5.398510       5.402850       5.403160       5.403480       5.404440       5.405880       5.407920       5.414980       5.420230       5.420660       5.422760       5.424660       5.426930       5.429170       5.431380       5.433550       5.435700       5.437810       5.439900       5.441960       5.443990    
   5.377730       5.381040       5.387610       5.387630       5.391860       5.396060       5.396090       5.396170       5.398420       5.402850       5.403010       5.403160       5.403690       5.404600       5.406080       5.414980       5.420450       5.420660       5.424660       5.426360       5.427730       5.428650       5.430910       5.433130       5.435320       5.437490       5.439620       5.441720       5.443800       5.445860    
   5.381030       5.387610       5.387620       5.391850       5.396080       5.396090       5.396130       5.398380       5.402850       5.402930       5.403010       5.403290       5.403820       5.411460       5.418760       5.425650       5.425660       5.426880       5.428320       5.428880       5.428050       5.430360       5.432630       5.434870       5.437080       5.439260       5.441420       5.443540       5.445640       5.447710    
   5.387610       5.387620       5.391850       5.396080       5.396090       5.396110       5.398360       5.402850       5.402890       5.402930       5.403070       5.403370       5.416320       5.431500       5.431450       5.429780       5.430850       5.430650       5.430110       5.429720       5.429720       5.432050       5.434340       5.436600       5.438830       5.441030       5.443200       5.445340       5.447460       5.449540    
   5.387610       5.391850       5.396090       5.396090       5.396100       5.398350       5.402850       5.402870       5.402890       5.402960       5.415350       5.433700       5.432280       5.431550       5.431550       5.431450       5.431140       5.431060       5.430650       5.431200       5.431390       5.433730       5.436040       5.438320       5.440570       5.442780       5.444970       5.447130       5.449260       5.451370    
   5.391850       5.396090       5.396090       5.396100       5.398350       5.402850       5.402860       5.402870       5.402910       5.417720       5.433700       5.433700       5.433700       5.432350       5.431650       5.431650       5.431450       5.431410       5.431470       5.430650       5.433050       5.435410       5.437740       5.440030       5.442290       5.444530       5.446730       5.448910       5.451060       5.453190    
   5.396090       5.396090       5.396090       5.398350       5.402850       5.402850       5.402860       5.411880       5.421920       5.433700       5.433700       5.433700       5.433700       5.433700       5.432500       5.431850       5.431850       5.431450       5.432080       5.432290       5.434700       5.437080       5.439420       5.441730       5.444010       5.446260       5.448490       5.450680       5.452850       5.454990    
   5.396090       5.396090       5.398340       5.402850       5.402850       5.416820       5.437760       5.438320       5.438890       5.435440       5.433710       5.433700       5.433700       5.433700       5.433700       5.432790       5.432250       5.432250       5.431450       5.433910       5.436340       5.438730       5.441090       5.443420       5.445720       5.447990       5.450230       5.452440       5.454630       5.456790    
   5.396090       5.398340       5.402850       5.402850       5.419610       5.437760       5.437760       5.437760       5.438330       5.438890       5.435460       5.433740       5.433700       5.433700       5.433700       5.433700       5.433360       5.433050       5.433060       5.435530       5.437980       5.440380       5.442760       5.445100       5.447420       5.449700       5.451960       5.454190       5.456390       5.458570    
