iMOD/TUTORIALS/TUT_MetaswapAnalyser/model_MetaSWAP/meteo/Evaporation/Evaporation_20060608_L1.ASC
NCOLS                30
NROWS                30
XLLCORNER     160000.00
YLLCORNER     340000.00
CELLSIZE        1000.00
NODATA_VALUE   -9999.00
   4.782590       4.782110       4.781650       4.781200       4.780760       4.780340       4.779930       4.779520       4.779130       4.778760       4.778390       4.778030       4.777680       4.777350       4.777020       4.776700       4.776400       4.776100       4.775810       4.775530       4.775260       4.775000       4.774750       4.774510       4.774280       4.774050       4.773840       4.773630       4.773430       4.773240    
   4.782190       4.781720       4.781250       4.780800       4.780360       4.779930       4.779520       4.779110       4.778720       4.778340       4.777970       4.777610       4.777260       4.776920       4.776600       4.776280       4.775970       4.775670       4.775380       4.775100       4.774830       4.774570       4.774320       4.774080       4.773840       4.773620       4.773400       4.773190       4.772990       4.772800    
   4.781810       4.781330       4.780860       4.780410       4.779960       4.779530       4.779120       4.778710       4.778310       4.777930       4.777560       4.777200       4.776840       4.776500       4.776170       4.775850       4.775540       4.775240       4.774950       4.774670       4.774400       4.774140       4.773880       4.773640       4.773410       4.773180       4.772960       4.772760       4.772560       4.772360    
   4.781430       4.780940       4.780470       4.780020       4.779570       4.779140       4.778720       4.778310       4.777910       4.777520       4.777150       4.776780       4.776430       4.776090       4.775760       4.775430       4.775120       4.774820       4.774530       4.774240       4.773970       4.773710       4.773460       4.773210       4.772980       4.772750       4.772530       4.772320       4.772120       4.771930    
   4.781050       4.780560       4.780090       4.779630       4.779180       4.778750       4.778320       4.777910       4.777510       4.777120       4.776740       4.776380       4.776020       4.775670       4.775340       4.775020       4.774700       4.774400       4.774100       4.773820       4.773550       4.773280       4.773030       4.772780       4.772550       4.772320       4.772100       4.771890       4.771690       4.771500    
   4.780680       4.780190       4.779710       4.779250       4.778800       4.778360       4.777930       4.777520       4.777110       4.776720       4.776340       4.775970       4.775610       4.775270       4.774930       4.774600       4.774290       4.773980       4.773690       4.773400       4.773130       4.772860       4.772600       4.772360       4.772120       4.771890       4.771670       4.771460       4.771260       4.771070    
   4.780310       4.779820       4.779340       4.778870       4.778420       4.777980       4.777550       4.777130       4.776720       4.776330       4.775940       4.775570       4.775210       4.774860       4.774520       4.774190       4.773880       4.773570       4.773270       4.772980       4.772710       4.772440       4.772180       4.771940       4.771700       4.771470       4.771250       4.771040       4.770840       4.770640    
   4.779940       4.779450       4.778970       4.778500       4.778040       4.777600       4.777160       4.776740       4.776330       4.775940       4.775550       4.775180       4.774810       4.774460       4.774120       4.773790       4.773470       4.773160       4.772860       4.772570       4.772290       4.772020       4.771760       4.771520       4.771280       4.771050       4.770830       4.770610       4.770410       4.770220    
   4.779580       4.779090       4.778600       4.778130       4.777670       4.777220       4.776790       4.776360       4.775950       4.775550       4.775160       4.774780       4.774420       4.774060       4.773720       4.773390       4.773060       4.772750       4.772450       4.772160       4.771880       4.771610       4.771350       4.771100       4.770860       4.770630       4.770410       4.770190       4.769990       4.769800    
   4.779230       4.778730       4.778240       4.777770       4.777300       4.776850       4.776410       4.775990       4.775570       4.775170       4.774780       4.774400       4.774030       4.773670       4.773320       4.772990       4.772660       4.772350       4.772050       4.771750       4.771470       4.771200       4.770940       4.770690       4.770440       4.770210       4.769990       4.769780       4.769570       4.769380    
   4.779230       4.778730       4.778040       4.777400       4.776940       4.776490       4.776040       4.775610       4.775200       4.774790       4.774400       4.774010       4.773640       4.773280       4.772930       4.772590       4.772270       4.771950       4.771640       4.771350       4.771070       4.770790       4.770530       4.770280       4.770030       4.769800       4.769580       4.769360       4.769160       4.768960    
   4.779240       4.778350       4.777400       4.776780       4.776580       4.776120       4.775680       4.775250       4.774820       4.774420       4.774020       4.773630       4.773260       4.772890       4.772540       4.772200       4.771870       4.771550       4.771250       4.770950       4.770660       4.770390       4.770120       4.769870       4.769630       4.769390       4.769170       4.768950       4.768750       4.768550    
   4.778680       4.777400       4.776700       4.776400       4.776220       4.775760       4.775320       4.774880       4.774460       4.774040       4.773640       4.773260       4.772880       4.772510       4.772160       4.771810       4.771480       4.771160       4.770850       4.770550       4.770270       4.769990       4.769720       4.769470       4.769220       4.768980       4.768760       4.768540       4.768340       4.768140    
   4.777400       4.776660       4.776310       4.776220       4.775800       4.775410       4.774960       4.774520       4.774090       4.773680       4.773280       4.772880       4.772500       4.772130       4.771780       4.771430       4.771100       4.770770       4.770460       4.770160       4.769870       4.769590       4.769320       4.769070       4.768820       4.768580       4.768360       4.768140       4.767930       4.767730    
   4.776640       4.776270       4.776220       4.775810       4.775410       4.774990       4.774610       4.774160       4.773730       4.773320       4.772910       4.772510       4.772130       4.771760       4.771400       4.771050       4.770720       4.770390       4.770080       4.769770       4.769480       4.769200       4.768930       4.768670       4.768420       4.768180       4.767950       4.767740       4.767530       4.767330    
   4.776240       4.776220       4.775810       4.775410       4.775000       4.774610       4.774380       4.774170       4.773540       4.772960       4.772550       4.772150       4.771760       4.771390       4.771030       4.770680       4.770340       4.770010       4.769690       4.769390       4.769090       4.768810       4.768540       4.768280       4.768030       4.767790       4.767560       4.767340       4.767130       4.766930    
   4.776220       4.775810       4.775410       4.775010       4.774610       4.774500       4.774390       4.773760       4.772960       4.772760       4.772180       4.771790       4.771400       4.771020       4.770660       4.770310       4.769960       4.769630       4.769310       4.769010       4.768710       4.768430       4.768150       4.767890       4.767640       4.767400       4.767160       4.766940       4.766730       4.766530    
   4.775820       4.775410       4.775010       4.774610       4.774550       4.774500       4.773900       4.772960       4.772860       4.772190       4.771610       4.771430       4.771040       4.770660       4.770290       4.769940       4.769590       4.769260       4.768940       4.768630       4.768330       4.768040       4.767770       4.767500       4.767250       4.767010       4.766770       4.766550       4.766340       4.766140    
   4.775410       4.775010       4.774610       4.774580       4.774550       4.773980       4.772960       4.772910       4.772190       4.771520       4.771430       4.771230       4.770860       4.770300       4.769930       4.769570       4.769230       4.768890       4.768570       4.768260       4.767950       4.767670       4.767390       4.767120       4.766870       4.766620       4.766390       4.766160       4.765950       4.765750    
   4.775010       4.774610       4.774600       4.774580       4.774020       4.772960       4.772930       4.772190       4.771470       4.771430       4.771330       4.770960       4.770300       4.770110       4.769930       4.769580       4.769230       4.768900       4.768230       4.767890       4.767580       4.767290       4.767010       4.766740       4.766490       4.766240       4.766010       4.765780       4.765570       4.765360    
   4.774610       4.774600       4.774600       4.774040       4.772960       4.772950       4.772190       4.771450       4.771430       4.771380       4.771000       4.770300       4.770210       4.770120       4.769880       4.769580       4.769230       4.768320       4.767700       4.767520       4.767220       4.766920       4.766640       4.766370       4.766110       4.765860       4.765630       4.765400       4.765190       4.764980    
   4.774610       4.774600       4.774050       4.772960       4.772950       4.772190       4.771440       4.771430       4.771410       4.771030       4.770300       4.770250       4.770210       4.770070       4.769860       4.769560       4.768450       4.767610       4.767520       4.767200       4.766850       4.766560       4.766270       4.766000       4.765740       4.765490       4.765250       4.765030       4.764810       4.764600    
   4.774610       4.774060       4.772960       4.772960       4.772190       4.771440       4.771430       4.771420       4.771040       4.770300       4.770280       4.770250       4.770180       4.770040       4.769830       4.768380       4.767570       4.767520       4.766790       4.766490       4.766320       4.766190       4.765910       4.765640       4.765370       4.765120       4.764880       4.764650       4.764440       4.764230    
   4.774060       4.772960       4.772960       4.772190       4.771430       4.771430       4.771420       4.771050       4.770300       4.770290       4.770280       4.770240       4.770160       4.768780       4.767560       4.766470       4.766470       4.766290       4.766080       4.765960       4.766140       4.765840       4.765550       4.765270       4.765010       4.764760       4.764520       4.764290       4.764070       4.763860    
   4.772960       4.772960       4.772190       4.771430       4.771430       4.771430       4.771050       4.770300       4.770290       4.770290       4.770270       4.770220       4.767870       4.765080       4.765090       4.765550       4.765380       4.765420       4.765650       4.765790       4.765790       4.765480       4.765200       4.764920       4.764650       4.764400       4.764160       4.763920       4.763710       4.763500    
   4.772960       4.772200       4.771430       4.771430       4.771430       4.771050       4.770300       4.770300       4.770290       4.770280       4.767960       4.764500       4.764880       4.765070       4.765070       4.765090       4.765260       4.765340       4.765420       4.765440       4.765440       4.765140       4.764840       4.764560       4.764300       4.764040       4.763800       4.763570       4.763350       4.763140    
   4.772200       4.771430       4.771430       4.771430       4.771050       4.770300       4.770300       4.770300       4.770290       4.767510       4.764500       4.764500       4.764500       4.764860       4.765050       4.765050       4.765090       4.765210       4.765250       4.765420       4.765100       4.764790       4.764500       4.764220       4.763950       4.763690       4.763450       4.763210       4.762990       4.762780    
   4.771430       4.771430       4.771430       4.771050       4.770300       4.770300       4.770300       4.768580       4.766700       4.764500       4.764500       4.764500       4.764500       4.764500       4.764830       4.765010       4.765010       4.765090       4.765090       4.765080       4.764760       4.764450       4.764160       4.763870       4.763600       4.763350       4.763100       4.762860       4.762640       4.762430    
   4.771430       4.771430       4.771050       4.770300       4.770300       4.767620       4.763590       4.763520       4.763450       4.764150       4.764500       4.764500       4.764500       4.764500       4.764500       4.764780       4.764930       4.764930       4.765090       4.764760       4.764430       4.764120       4.763820       4.763540       4.763260       4.763000       4.762760       4.762520       4.762300       4.762080    
   4.771430       4.771050       4.770300       4.770300       4.767080       4.763590       4.763590       4.763590       4.763520       4.763450       4.764140       4.764490       4.764500       4.764500       4.764500       4.764500       4.764670       4.764770       4.764770       4.764430       4.764100       4.763790       4.763490       4.763200       4.762930       4.762670       4.762420       4.762180       4.761960       4.761740    
