iMOD/TUTORIALS/TUT_MetaswapAnalyser/model_MetaSWAP/meteo/Evaporation/Evaporation_20051030_L1.ASC
NCOLS                30
NROWS                30
XLLCORNER     160000.00
YLLCORNER     340000.00
CELLSIZE        1000.00
NODATA_VALUE   -9999.00
   1.346750       1.347230       1.347720       1.348210       1.348710       1.349210       1.349720       1.350240       1.350750       1.351270       1.351790       1.352310       1.352830       1.353350       1.353870       1.354390       1.354920       1.355440       1.355960       1.356470       1.356990       1.357510       1.358020       1.358530       1.359040       1.359550       1.360060       1.360560       1.361060       1.361560    
   1.347840       1.348320       1.348810       1.349300       1.349800       1.350300       1.350810       1.351320       1.351830       1.352350       1.352870       1.353390       1.353910       1.354430       1.354950       1.355470       1.355990       1.356510       1.357030       1.357550       1.358060       1.358580       1.359090       1.359610       1.360120       1.360620       1.361130       1.361640       1.362140       1.362640    
   1.348940       1.349420       1.349900       1.350400       1.350890       1.351390       1.351900       1.352410       1.352920       1.353430       1.353950       1.354470       1.354990       1.355510       1.356030       1.356550       1.357070       1.357590       1.358110       1.358620       1.359140       1.359660       1.360170       1.360680       1.361190       1.361700       1.362210       1.362710       1.363220       1.363720    
   1.350040       1.350520       1.351000       1.351490       1.351990       1.352490       1.352990       1.353500       1.354010       1.354520       1.355030       1.355550       1.356070       1.356590       1.357110       1.357630       1.358150       1.358660       1.359180       1.359700       1.360220       1.360730       1.361250       1.361760       1.362270       1.362780       1.363290       1.363790       1.364300       1.364800    
   1.351140       1.351620       1.352100       1.352590       1.353080       1.353580       1.354080       1.354590       1.355100       1.355610       1.356120       1.356640       1.357150       1.357670       1.358190       1.358710       1.359230       1.359750       1.360260       1.360780       1.361300       1.361810       1.362320       1.362840       1.363350       1.363860       1.364370       1.364870       1.365380       1.365880    
   1.352240       1.352720       1.353200       1.353690       1.354180       1.354680       1.355180       1.355680       1.356190       1.356700       1.357210       1.357730       1.358240       1.358760       1.359270       1.359790       1.360310       1.360830       1.361340       1.361860       1.362380       1.362890       1.363400       1.363920       1.364430       1.364940       1.365450       1.365950       1.366460       1.366960    
   1.353350       1.353820       1.354300       1.354790       1.355280       1.355780       1.356270       1.356780       1.357280       1.357790       1.358300       1.358820       1.359330       1.359840       1.360360       1.360880       1.361390       1.361910       1.362430       1.362940       1.363460       1.363970       1.364490       1.365000       1.365510       1.366020       1.366530       1.367030       1.367540       1.368040    
   1.354450       1.354930       1.355410       1.355890       1.356380       1.356880       1.357370       1.357870       1.358380       1.358890       1.359400       1.359910       1.360420       1.360930       1.361450       1.361970       1.362480       1.363000       1.363510       1.364030       1.364540       1.365060       1.365570       1.366080       1.366590       1.367100       1.367610       1.368110       1.368620       1.369120    
   1.355560       1.356030       1.356510       1.357000       1.357480       1.357980       1.358470       1.358970       1.359480       1.359980       1.360490       1.361000       1.361510       1.362030       1.362540       1.363050       1.363570       1.364080       1.364600       1.365110       1.365630       1.366140       1.366650       1.367160       1.367670       1.368180       1.368690       1.369200       1.369700       1.370210    
   1.356670       1.357140       1.357620       1.358100       1.358590       1.359080       1.359580       1.360070       1.360580       1.361080       1.361590       1.362100       1.362610       1.363120       1.363630       1.364150       1.364660       1.365170       1.365690       1.366200       1.366710       1.367230       1.367740       1.368250       1.368760       1.369270       1.369780       1.370280       1.370790       1.371290    
   1.356670       1.357140       1.358020       1.359210       1.359690       1.360180       1.360680       1.361180       1.361680       1.362180       1.362690       1.363190       1.363700       1.364210       1.364720       1.365240       1.365750       1.366260       1.366780       1.367290       1.367800       1.368310       1.368820       1.369340       1.369840       1.370350       1.370860       1.371370       1.371870       1.372370    
   1.356670       1.357760       1.359210       1.360400       1.360800       1.361290       1.361780       1.362280       1.362780       1.363280       1.363780       1.364290       1.364800       1.365310       1.365820       1.366330       1.366840       1.367360       1.367870       1.368380       1.368890       1.369400       1.369910       1.370420       1.370930       1.371440       1.371950       1.372450       1.372950       1.373460    
   1.357460       1.359210       1.360720       1.361360       1.361910       1.362400       1.362890       1.363380       1.363880       1.364380       1.364890       1.365390       1.365900       1.366410       1.366920       1.367430       1.367940       1.368450       1.368960       1.369470       1.369980       1.370490       1.371000       1.371510       1.372020       1.372530       1.373030       1.373540       1.374040       1.374540    
   1.359210       1.360870       1.361630       1.361910       1.362610       1.363510       1.364000       1.364490       1.364990       1.365490       1.365990       1.366490       1.367000       1.367500       1.368010       1.368520       1.369030       1.369540       1.370050       1.370560       1.371070       1.371580       1.372090       1.372600       1.373110       1.373610       1.374120       1.374620       1.375130       1.375630    
   1.360940       1.361770       1.361910       1.362680       1.363510       1.364200       1.365100       1.365600       1.366090       1.366590       1.367090       1.367590       1.368100       1.368600       1.369110       1.369620       1.370130       1.370640       1.371150       1.371660       1.372170       1.372670       1.373180       1.373690       1.374200       1.374700       1.375210       1.375710       1.376210       1.376710    
   1.361840       1.361910       1.362700       1.363510       1.364270       1.365100       1.365350       1.365600       1.366500       1.367700       1.368200       1.368700       1.369200       1.369710       1.370210       1.370720       1.371230       1.371730       1.372240       1.372750       1.373260       1.373770       1.374270       1.374780       1.375290       1.375790       1.376300       1.376800       1.377300       1.377800    
   1.361910       1.362710       1.363510       1.364290       1.365100       1.365230       1.365350       1.366290       1.367700       1.367950       1.369060       1.369800       1.370300       1.370810       1.371310       1.371820       1.372320       1.372830       1.373340       1.373850       1.374350       1.374860       1.375370       1.375870       1.376380       1.376880       1.377380       1.377890       1.378390       1.378890    
   1.362710       1.363510       1.364300       1.365100       1.365160       1.365220       1.366140       1.367700       1.367830       1.369200       1.370360       1.370910       1.371410       1.371910       1.372410       1.372920       1.373420       1.373930       1.374440       1.374940       1.375450       1.375950       1.376460       1.376960       1.377470       1.377970       1.378470       1.378980       1.379480       1.379980    
   1.363510       1.364300       1.365100       1.365130       1.365160       1.366060       1.367700       1.367760       1.369250       1.370630       1.370910       1.371160       1.371810       1.373010       1.373520       1.374020       1.374520       1.375030       1.375530       1.376040       1.376540       1.377050       1.377550       1.378060       1.378560       1.379060       1.379560       1.380060       1.380560       1.381060    
   1.364300       1.365100       1.365120       1.365130       1.366010       1.367700       1.367730       1.369280       1.370770       1.370910       1.371040       1.371720       1.373010       1.373270       1.373520       1.374020       1.374520       1.375030       1.376390       1.377140       1.377640       1.378140       1.378650       1.379150       1.379650       1.380150       1.380650       1.381150       1.381650       1.382150    
   1.365100       1.365110       1.365120       1.365990       1.367700       1.367720       1.369290       1.370840       1.370910       1.370970       1.371670       1.373010       1.373140       1.373260       1.373600       1.374020       1.374520       1.376370       1.377690       1.378230       1.378740       1.379240       1.379740       1.380240       1.380750       1.381250       1.381750       1.382240       1.382740       1.383240    
   1.365100       1.365110       1.365980       1.367700       1.367710       1.369300       1.370880       1.370910       1.370940       1.371640       1.373010       1.373070       1.373140       1.373330       1.373630       1.374050       1.376220       1.377960       1.378230       1.378940       1.379840       1.380340       1.380840       1.381340       1.381840       1.382340       1.382840       1.383330       1.383830       1.384330    
   1.365100       1.365970       1.367700       1.367700       1.369300       1.370890       1.370910       1.370930       1.371630       1.373010       1.373040       1.373070       1.373180       1.373370       1.373670       1.376700       1.378090       1.378230       1.380170       1.380930       1.381230       1.381430       1.381930       1.382430       1.382930       1.383430       1.383930       1.384430       1.384920       1.385420    
   1.365970       1.367700       1.367700       1.369300       1.370900       1.370910       1.370920       1.371620       1.373010       1.373030       1.373040       1.373100       1.373210       1.376690       1.379410       1.381530       1.381530       1.381840       1.382220       1.382580       1.382030       1.382530       1.383030       1.383530       1.384030       1.384520       1.385020       1.385520       1.386010       1.386500    
   1.367700       1.367700       1.369300       1.370910       1.370910       1.370910       1.371610       1.373010       1.373020       1.373030       1.373060       1.373120       1.379240       1.386570       1.386540       1.384650       1.384970       1.384830       1.383730       1.383130       1.383130       1.383630       1.384130       1.384620       1.385120       1.385620       1.386110       1.386610       1.387100       1.387590    
   1.367700       1.369300       1.370910       1.370910       1.370910       1.371610       1.373010       1.373010       1.373020       1.373030       1.379580       1.389350       1.387530       1.386610       1.386610       1.386540       1.385550       1.385110       1.384830       1.384380       1.384230       1.384730       1.385220       1.385720       1.386220       1.386710       1.387200       1.387700       1.388190       1.388680    
   1.369300       1.370910       1.370910       1.370910       1.371610       1.373010       1.373010       1.373010       1.373020       1.380870       1.389350       1.389350       1.389350       1.387580       1.386680       1.386680       1.386540       1.385710       1.385380       1.384830       1.385330       1.385830       1.386320       1.386820       1.387310       1.387800       1.388300       1.388790       1.389280       1.389770    
   1.370910       1.370910       1.370910       1.371610       1.373010       1.373010       1.373010       1.378350       1.383610       1.389350       1.389350       1.389350       1.389350       1.389350       1.387680       1.386820       1.386820       1.386540       1.386080       1.385930       1.386430       1.386920       1.387420       1.387910       1.388400       1.388900       1.389390       1.389880       1.390370       1.390860    
   1.370910       1.370910       1.371610       1.373010       1.373010       1.381790       1.394960       1.394660       1.394350       1.391020       1.389360       1.389350       1.389350       1.389350       1.389350       1.387870       1.387090       1.387090       1.386540       1.387030       1.387530       1.388020       1.388510       1.389010       1.389500       1.389990       1.390480       1.390970       1.391460       1.391940    
   1.370910       1.371610       1.373010       1.373010       1.383550       1.394960       1.394960       1.394960       1.394660       1.394350       1.391040       1.389380       1.389350       1.389350       1.389350       1.389350       1.388240       1.387640       1.387640       1.388130       1.388630       1.389120       1.389610       1.390100       1.390590       1.391080       1.391570       1.392060       1.392550       1.393030    
