iMOD/TUTORIALS/TUT_MetaswapAnalyser/model_MetaSWAP/meteo/Evaporation/Evaporation_20061215_L1.ASC
NCOLS                30
NROWS                30
XLLCORNER     160000.00
YLLCORNER     340000.00
CELLSIZE        1000.00
NODATA_VALUE   -9999.00
  0.4867300      0.4873200      0.4879000      0.4884700      0.4890300      0.4895800      0.4901300      0.4906600      0.4911800      0.4917000      0.4922000      0.4927000      0.4931800      0.4936600      0.4941200      0.4945700      0.4950200      0.4954500      0.4958800      0.4962900      0.4966900      0.4970900      0.4974700      0.4978400      0.4982000      0.4985500      0.4988900      0.4992200      0.4995400      0.4998500    
  0.4887000      0.4892700      0.4898400      0.4904000      0.4909500      0.4915000      0.4920300      0.4925500      0.4930600      0.4935700      0.4940600      0.4945500      0.4950200      0.4954900      0.4959500      0.4963900      0.4968300      0.4972500      0.4976700      0.4980800      0.4984700      0.4988600      0.4992400      0.4996000      0.4999600      0.5003100      0.5006400      0.5009700      0.5012900      0.5015900    
  0.4906500      0.4912200      0.4917700      0.4923200      0.4928600      0.4934000      0.4939200      0.4944300      0.4949300      0.4954300      0.4959100      0.4963900      0.4968600      0.4973100      0.4977600      0.4982000      0.4986300      0.4990500      0.4994600      0.4998600      0.5002500      0.5006300      0.5010000      0.5013600      0.5017100      0.5020500      0.5023900      0.5027100      0.5030200      0.5033300    
  0.4925900      0.4931500      0.4936900      0.4942300      0.4947600      0.4952800      0.4958000      0.4963000      0.4967900      0.4972800      0.4977600      0.4982200      0.4986800      0.4991300      0.4995700      0.5000000      0.5004200      0.5008300      0.5012400      0.5016300      0.5020100      0.5023900      0.5027500      0.5031100      0.5034600      0.5037900      0.5041200      0.5044400      0.5047500      0.5050500    
  0.4945200      0.4950700      0.4956000      0.4961300      0.4966500      0.4971600      0.4976700      0.4981600      0.4986400      0.4991200      0.4995900      0.5000500      0.5005000      0.5009400      0.5013700      0.5017900      0.5022100      0.5026100      0.5030100      0.5033900      0.5037700      0.5041400      0.5045000      0.5048500      0.5051900      0.5055300      0.5058500      0.5061700      0.5064700      0.5067700    
  0.4964400      0.4969800      0.4975000      0.4980200      0.4985300      0.4990300      0.4995200      0.5000100      0.5004800      0.5009500      0.5014100      0.5018600      0.5023000      0.5027400      0.5031600      0.5035800      0.5039800      0.5043800      0.5047700      0.5051500      0.5055200      0.5058900      0.5062400      0.5065900      0.5069300      0.5072600      0.5075800      0.5078900      0.5081900      0.5084900    
  0.4983500      0.4988700      0.4993900      0.4999000      0.5004000      0.5008900      0.5013700      0.5018500      0.5023200      0.5027800      0.5032300      0.5036700      0.5041000      0.5045300      0.5049400      0.5053500      0.5057500      0.5061400      0.5065300      0.5069000      0.5072700      0.5076300      0.5079800      0.5083200      0.5086500      0.5089800      0.5092900      0.5096000      0.5099000      0.5101900    
  0.5002500      0.5007600      0.5012700      0.5017700      0.5022600      0.5027400      0.5032200      0.5036800      0.5041400      0.5045900      0.5050300      0.5054600      0.5058900      0.5063100      0.5067200      0.5071200      0.5075100      0.5079000      0.5082700      0.5086400      0.5090000      0.5093600      0.5097000      0.5100400      0.5103700      0.5106900      0.5110000      0.5113100      0.5116100      0.5119000    
  0.5021400      0.5026400      0.5031400      0.5036300      0.5041100      0.5045800      0.5050500      0.5055100      0.5059500      0.5064000      0.5068300      0.5072600      0.5076700      0.5080800      0.5084900      0.5088800      0.5092700      0.5096500      0.5100200      0.5103800      0.5107400      0.5110800      0.5114200      0.5117600      0.5120800      0.5124000      0.5127100      0.5130100      0.5133100      0.5136000    
  0.5040200      0.5045200      0.5050000      0.5054800      0.5059500      0.5064200      0.5068700      0.5073200      0.5077600      0.5081900      0.5086200      0.5090400      0.5094500      0.5098500      0.5102500      0.5106300      0.5110100      0.5113900      0.5117500      0.5121100      0.5124600      0.5128000      0.5131400      0.5134700      0.5137900      0.5141000      0.5144100      0.5147100      0.5150000      0.5152900    
  0.5040200      0.5045130      0.5055800      0.5073200      0.5077900      0.5082400      0.5086900      0.5091300      0.5095600      0.5099900      0.5104000      0.5108100      0.5112200      0.5116100      0.5120000      0.5123800      0.5127500      0.5131200      0.5134800      0.5138300      0.5141800      0.5145200      0.5148500      0.5151700      0.5154900      0.5158000      0.5161100      0.5164000      0.5166900      0.5169800    
  0.5040170      0.5053580      0.5073200      0.5090370      0.5096100      0.5100600      0.5105000      0.5109300      0.5113500      0.5117700      0.5121800      0.5125800      0.5129800      0.5133700      0.5137500      0.5141200      0.5144900      0.5148500      0.5152000      0.5155500      0.5158900      0.5162300      0.5165500      0.5168700      0.5171900      0.5175000      0.5178000      0.5180900      0.5183800      0.5186600    
  0.5050520      0.5073200      0.5095770      0.5105200      0.5114300      0.5118700      0.5123000      0.5127200      0.5131400      0.5135500      0.5139500      0.5143400      0.5147300      0.5151100      0.5154900      0.5158600      0.5162200      0.5165700      0.5169200      0.5172600      0.5176000      0.5179300      0.5182500      0.5185700      0.5188800      0.5191800      0.5194800      0.5197700      0.5200600      0.5203400    
  0.5073200      0.5098250      0.5109750      0.5114300      0.5123230      0.5136700      0.5141000      0.5145100      0.5149200      0.5153200      0.5157100      0.5161000      0.5164800      0.5168600      0.5172200      0.5175900      0.5179400      0.5182900      0.5186300      0.5189700      0.5193000      0.5196300      0.5199500      0.5202600      0.5205700      0.5208700      0.5211600      0.5214500      0.5217300      0.5220100    
  0.5099440      0.5112030      0.5114300      0.5124740      0.5136700      0.5145500      0.5158800      0.5162900      0.5166900      0.5170800      0.5174700      0.5178500      0.5182200      0.5185900      0.5189500      0.5193100      0.5196600      0.5200000      0.5203400      0.5206700      0.5210000      0.5213200      0.5216300      0.5219400      0.5222500      0.5225500      0.5228400      0.5231300      0.5234100      0.5236800    
  0.5113160      0.5114300      0.5125250      0.5136700      0.5147000      0.5158800      0.5160850      0.5162870      0.5172250      0.5188400      0.5192200      0.5195900      0.5199600      0.5203200      0.5206800      0.5210300      0.5213700      0.5217100      0.5220400      0.5223700      0.5226900      0.5230100      0.5233200      0.5236200      0.5239300      0.5242200      0.5245100      0.5248000      0.5250800      0.5253500    
  0.5114300      0.5125420      0.5136700      0.5147500      0.5158800      0.5159830      0.5160840      0.5171090      0.5188400      0.5190300      0.5204100      0.5213300      0.5216900      0.5220500      0.5224000      0.5227400      0.5230800      0.5234100      0.5237400      0.5240600      0.5243800      0.5246900      0.5250000      0.5253000      0.5256000      0.5258900      0.5261800      0.5264600      0.5267400      0.5270100    
  0.5125470      0.5136700      0.5147670      0.5158800      0.5159310      0.5159820      0.5170040      0.5188400      0.5189350      0.5207100      0.5222000      0.5230700      0.5234200      0.5237700      0.5241100      0.5244500      0.5247800      0.5251100      0.5254300      0.5257500      0.5260600      0.5263700      0.5266800      0.5269700      0.5272700      0.5275600      0.5278500      0.5281300      0.5284000      0.5286700    
  0.5136700      0.5147720      0.5158800      0.5159060      0.5159310      0.5169390      0.5188400      0.5188880      0.5208380      0.5226350      0.5230700      0.5232450      0.5239370      0.5254900      0.5258200      0.5261500      0.5264800      0.5268000      0.5271200      0.5274300      0.5277400      0.5280500      0.5283500      0.5286400      0.5289400      0.5292200      0.5295100      0.5297900      0.5300600      0.5303300    
  0.5147740      0.5158800      0.5158930      0.5159060      0.5169040      0.5188400      0.5188640      0.5208980      0.5228520      0.5230700      0.5231570      0.5239360      0.5254900      0.5256550      0.5258200      0.5261500      0.5264770      0.5268000      0.5282520      0.5291200      0.5294200      0.5297200      0.5300200      0.5303100      0.5306000      0.5308900      0.5311700      0.5314400      0.5317200      0.5319900    
  0.5158800      0.5158860      0.5158930      0.5168860      0.5188400      0.5188520      0.5209270      0.5229610      0.5230700      0.5231140      0.5239130      0.5254900      0.5255730      0.5256550      0.5258750      0.5261490      0.5264760      0.5284550      0.5299550      0.5307900      0.5310900      0.5313900      0.5316800      0.5319700      0.5322600      0.5325400      0.5328200      0.5331000      0.5333700      0.5336400    
  0.5158830      0.5158860      0.5168760      0.5188400      0.5188460      0.5209410      0.5230160      0.5230700      0.5230920      0.5238970      0.5254900      0.5255310      0.5255730      0.5257010      0.5258930      0.5261660      0.5284480      0.5303730      0.5307900      0.5315470      0.5327600      0.5330600      0.5333500      0.5336300      0.5339200      0.5342000      0.5344800      0.5347500      0.5350200      0.5352900    
  0.5158830      0.5168710      0.5188400      0.5188430      0.5209480      0.5230430      0.5230700      0.5230810      0.5238870      0.5254900      0.5255110      0.5255310      0.5256020      0.5257220      0.5259200      0.5293770      0.5305810      0.5307900      0.5334240      0.5344300      0.5346040      0.5347200      0.5350100      0.5352900      0.5355700      0.5358500      0.5361300      0.5364000      0.5366700      0.5369400    
  0.5168690      0.5188400      0.5188420      0.5209510      0.5230560      0.5230700      0.5230750      0.5238820      0.5254900      0.5255000      0.5255110      0.5255480      0.5256180      0.5302730      0.5335560      0.5357950      0.5357950      0.5360400      0.5363730      0.5369300      0.5361000      0.5363800      0.5366700      0.5369500      0.5372300      0.5375000      0.5377800      0.5380500      0.5383200      0.5385800    
  0.5188400      0.5188410      0.5209530      0.5230630      0.5230700      0.5230730      0.5238790      0.5254900      0.5254950      0.5255000      0.5255200      0.5255590      0.5338590      0.5439020      0.5438500      0.5406720      0.5410080      0.5408000      0.5388140      0.5377600      0.5377600      0.5380400      0.5383200      0.5386000      0.5388800      0.5391500      0.5394300      0.5397000      0.5399600      0.5402300    
  0.5188400      0.5209540      0.5230670      0.5230700      0.5230710      0.5238780      0.5254900      0.5254930      0.5254950      0.5255050      0.5347520      0.5485900      0.5455080      0.5439540      0.5439540      0.5438500      0.5420340      0.5412150      0.5408000      0.5397650      0.5394200      0.5397000      0.5399800      0.5402600      0.5405300      0.5408000      0.5410700      0.5413400      0.5416100      0.5418700    
  0.5209550      0.5230680      0.5230700      0.5230710      0.5238770      0.5254900      0.5254910      0.5254930      0.5254980      0.5365860      0.5485900      0.5485900      0.5485900      0.5455850      0.5440590      0.5440590      0.5438500      0.5422730      0.5416300      0.5408000      0.5410800      0.5413600      0.5416300      0.5419100      0.5421800      0.5424500      0.5427200      0.5429900      0.5432500      0.5435200    
  0.5230690      0.5230700      0.5230700      0.5238770      0.5254900      0.5254910      0.5254910      0.5333000      0.5407010      0.5485950      0.5485900      0.5485900      0.5485900      0.5485900      0.5457370      0.5442670      0.5442680      0.5438500      0.5428100      0.5424600      0.5427400      0.5430100      0.5432800      0.5435600      0.5438300      0.5441000      0.5443700      0.5446300      0.5449000      0.5451600    
  0.5230700      0.5230700      0.5238770      0.5254900      0.5254900      0.5385670      0.5581800      0.5574500      0.5567200      0.5513130      0.5486040      0.5485900      0.5485900      0.5485900      0.5485900      0.5460310      0.5446840      0.5446850      0.5438500      0.5441300      0.5444000      0.5446700      0.5449400      0.5452100      0.5454800      0.5457400      0.5460100      0.5462800      0.5465400      0.5468100    
  0.5230700      0.5238770      0.5254900      0.5254900      0.5411840      0.5581830      0.5581830      0.5581800      0.5574500      0.5567200      0.5513360      0.5486310      0.5485900      0.5485900      0.5485900      0.5485900      0.5465820      0.5455170      0.5455200      0.5457900      0.5460500      0.5463200      0.5465900      0.5468600      0.5471200      0.5473900      0.5476600      0.5479200      0.5481900      0.5484500    
