iMOD/TUTORIALS/TUT_MetaswapAnalyser/model_MetaSWAP/meteo/Evaporation/Evaporation_20050315_L1.ASC
NCOLS                30
NROWS                30
XLLCORNER     160000.00
YLLCORNER     340000.00
CELLSIZE        1000.00
NODATA_VALUE   -9999.00
   1.881910       1.883830       1.885720       1.887570       1.889390       1.891160       1.892910       1.894620       1.896300       1.897950       1.899570       1.901160       1.902730       1.904270       1.905780       1.907270       1.908740       1.910190       1.911610       1.913010       1.914390       1.915750       1.917100       1.918420       1.919730       1.921020       1.922300       1.923560       1.924800       1.926030    
   1.884240       1.886160       1.888050       1.889900       1.891720       1.893500       1.895240       1.896960       1.898640       1.900300       1.901920       1.903520       1.905090       1.906640       1.908160       1.909650       1.911130       1.912580       1.914010       1.915420       1.916810       1.918190       1.919540       1.920880       1.922200       1.923500       1.924790       1.926070       1.927320       1.928570    
   1.886540       1.888470       1.890360       1.892210       1.894020       1.895810       1.897560       1.899270       1.900960       1.902620       1.904250       1.905850       1.907430       1.908980       1.910510       1.912010       1.913490       1.914950       1.916390       1.917810       1.919210       1.920600       1.921960       1.923310       1.924640       1.925960       1.927260       1.928550       1.929820       1.931080    
   1.888830       1.890750       1.892640       1.894490       1.896310       1.898090       1.899840       1.901560       1.903260       1.904920       1.906550       1.908160       1.909740       1.911300       1.912830       1.914340       1.915830       1.917300       1.918750       1.920180       1.921590       1.922980       1.924360       1.925720       1.927070       1.928390       1.929710       1.931010       1.932300       1.933570    
   1.891100       1.893020       1.894910       1.896760       1.898580       1.900360       1.902110       1.903840       1.905530       1.907200       1.908830       1.910450       1.912030       1.913600       1.915140       1.916650       1.918150       1.919630       1.921090       1.922520       1.923950       1.925350       1.926740       1.928110       1.929470       1.930810       1.932140       1.933450       1.934750       1.936040    
   1.893350       1.895270       1.897150       1.899000       1.900820       1.902610       1.904360       1.906090       1.907780       1.909450       1.911100       1.912710       1.914300       1.915870       1.917420       1.918940       1.920450       1.921930       1.923400       1.924850       1.926280       1.927690       1.929090       1.930480       1.931850       1.933200       1.934540       1.935870       1.937190       1.938490    
   1.895580       1.897500       1.899380       1.901230       1.903050       1.904840       1.906590       1.908320       1.910020       1.911690       1.913340       1.914960       1.916560       1.918130       1.919680       1.921220       1.922730       1.924220       1.925700       1.927150       1.928600       1.930020       1.931430       1.932830       1.934210       1.935570       1.936930       1.938270       1.939600       1.940920    
   1.897790       1.899710       1.901590       1.903440       1.905260       1.907050       1.908810       1.910540       1.912240       1.913910       1.915560       1.917190       1.918790       1.920370       1.921930       1.923470       1.924990       1.926490       1.927970       1.929440       1.930890       1.932330       1.933750       1.935160       1.936550       1.937930       1.939300       1.940650       1.942000       1.943330    
   1.899990       1.901910       1.903790       1.905640       1.907460       1.909250       1.911000       1.912740       1.914440       1.916120       1.917770       1.919400       1.921010       1.922590       1.924160       1.925710       1.927230       1.928740       1.930230       1.931710       1.933170       1.934620       1.936050       1.937470       1.938870       1.940270       1.941650       1.943020       1.944380       1.945730    
   1.902180       1.904090       1.905970       1.907820       1.909640       1.911430       1.913190       1.914920       1.916630       1.918310       1.919960       1.921600       1.923210       1.924800       1.926370       1.927920       1.929460       1.930980       1.932480       1.933960       1.935430       1.936890       1.938330       1.939760       1.941180       1.942590       1.943990       1.945370       1.946740       1.948110    
   1.902170       1.904080       1.906970       1.909990       1.911810       1.913600       1.915360       1.917090       1.918800       1.920480       1.922140       1.923780       1.925400       1.926990       1.928570       1.930130       1.931670       1.933200       1.934710       1.936200       1.937680       1.939150       1.940600       1.942050       1.943480       1.944900       1.946310       1.947710       1.949090       1.950470    
   1.902160       1.905800       1.909990       1.912970       1.913960       1.915750       1.917510       1.919250       1.920960       1.922650       1.924310       1.925950       1.927570       1.929170       1.930750       1.932320       1.933870       1.935400       1.936920       1.938420       1.939910       1.941390       1.942860       1.944310       1.945760       1.947190       1.948610       1.950030       1.951430       1.952820    
   1.904540       1.909990       1.913530       1.915040       1.916110       1.917900       1.919660       1.921400       1.923110       1.924800       1.926460       1.928110       1.929730       1.931340       1.932930       1.934500       1.936050       1.937590       1.939120       1.940630       1.942130       1.943620       1.945100       1.946560       1.948020       1.949470       1.950900       1.952330       1.953750       1.955160    
   1.909990       1.913800       1.915570       1.916110       1.918010       1.920030       1.921800       1.923530       1.925240       1.926940       1.928600       1.930250       1.931880       1.933490       1.935090       1.936660       1.938220       1.939770       1.941310       1.942830       1.944340       1.945840       1.947330       1.948800       1.950270       1.951730       1.953180       1.954630       1.956060       1.957490    
   1.913940       1.915840       1.916110       1.918050       1.920030       1.921920       1.923920       1.925660       1.927370       1.929060       1.930740       1.932390       1.934020       1.935640       1.937230       1.938820       1.940390       1.941940       1.943480       1.945010       1.946530       1.948040       1.949540       1.951030       1.952520       1.953990       1.955450       1.956910       1.958360       1.959800    
   1.915980       1.916110       1.918060       1.920030       1.921960       1.923920       1.924790       1.925650       1.928320       1.931190       1.932860       1.934510       1.936150       1.937770       1.939370       1.940960       1.942540       1.944100       1.945650       1.947190       1.948720       1.950240       1.951750       1.953250       1.954750       1.956230       1.957710       1.959180       1.960650       1.962110    
   1.916110       1.918070       1.920030       1.921970       1.923920       1.924360       1.924790       1.927490       1.931190       1.932020       1.934790       1.936630       1.938270       1.939900       1.941500       1.943100       1.944680       1.946250       1.947810       1.949360       1.950900       1.952420       1.953950       1.955460       1.956970       1.958470       1.959960       1.961450       1.962930       1.964400    
   1.918070       1.920030       1.921970       1.923920       1.924140       1.924350       1.926950       1.931190       1.931610       1.934890       1.937690       1.938740       1.940390       1.942010       1.943630       1.945230       1.946810       1.948390       1.949960       1.951510       1.953060       1.954600       1.956130       1.957660       1.959180       1.960690       1.962200       1.963700       1.965200       1.966690    
   1.920030       1.921970       1.923920       1.924030       1.924140       1.926660       1.931190       1.931400       1.934930       1.938210       1.938740       1.939560       1.941320       1.944130       1.945740       1.947350       1.948940       1.950530       1.952100       1.953660       1.955220       1.956770       1.958320       1.959850       1.961390       1.962910       1.964430       1.965950       1.967460       1.968970    
   1.921970       1.923920       1.923970       1.924030       1.926500       1.931190       1.931290       1.934950       1.938480       1.938740       1.939150       1.940940       1.944130       1.944930       1.945740       1.947340       1.948940       1.950520       1.954010       1.955810       1.957380       1.958940       1.960490       1.962040       1.963580       1.965130       1.966660       1.968190       1.969720       1.971240    
   1.923920       1.923950       1.923970       1.926420       1.931190       1.931240       1.934960       1.938610       1.938740       1.938950       1.940740       1.944130       1.944530       1.944930       1.946010       1.947340       1.948940       1.953660       1.956880       1.957950       1.959520       1.961090       1.962660       1.964220       1.965780       1.967330       1.968880       1.970430       1.971970       1.973510    
   1.923930       1.923950       1.926380       1.931190       1.931220       1.934960       1.938670       1.938740       1.938840       1.940640       1.944130       1.944330       1.944530       1.945160       1.946090       1.947430       1.953060       1.957410       1.957950       1.959710       1.961670       1.963250       1.964830       1.966400       1.967970       1.969540       1.971100       1.972660       1.974220       1.975780    
   1.923930       1.926360       1.931190       1.931200       1.934960       1.938710       1.938740       1.938790       1.940590       1.944130       1.944230       1.944330       1.944670       1.945260       1.946230       1.953720       1.957680       1.957950       1.962120       1.963810       1.964760       1.965400       1.966990       1.968570       1.970150       1.971740       1.973310       1.974890       1.976470       1.978040    
   1.926350       1.931190       1.931200       1.934960       1.938720       1.938740       1.938770       1.940560       1.944130       1.944180       1.944230       1.944410       1.944760       1.952390       1.958850       1.964340       1.964340       1.965230       1.966310       1.967020       1.965950       1.967550       1.969150       1.970740       1.972340       1.973930       1.975530       1.977120       1.978710       1.980300    
   1.931190       1.931190       1.934960       1.938730       1.938740       1.938750       1.940550       1.944130       1.944160       1.944180       1.944270       1.944470       1.957700       1.973450       1.973380       1.970160       1.971010       1.970740       1.969050       1.968090       1.968090       1.969700       1.971310       1.972910       1.974520       1.976130       1.977740       1.979350       1.980960       1.982560    
   1.931190       1.934960       1.938740       1.938740       1.938750       1.940540       1.944130       1.944140       1.944160       1.944200       1.957850       1.978170       1.975080       1.973510       1.973510       1.973380       1.971910       1.971270       1.970740       1.970360       1.970230       1.971850       1.973470       1.975090       1.976710       1.978330       1.979950       1.981570       1.983200       1.984820    
   1.934960       1.938740       1.938740       1.938740       1.940540       1.944130       1.944140       1.944140       1.944170       1.960510       1.978170       1.978170       1.978170       1.975180       1.973650       1.973650       1.973380       1.972230       1.971810       1.970740       1.972370       1.974000       1.975630       1.977260       1.978890       1.980530       1.982160       1.983800       1.985450       1.987090    
   1.938740       1.938740       1.938740       1.940540       1.944130       1.944130       1.944140       1.954980       1.965960       1.978180       1.978170       1.978170       1.978170       1.978170       1.975370       1.973920       1.973910       1.973380       1.973010       1.972880       1.974510       1.976150       1.977790       1.979430       1.981080       1.982730       1.984380       1.986040       1.987690       1.989350    
   1.938740       1.938740       1.940540       1.944130       1.944130       1.961700       1.988040       1.987750       1.987460       1.981280       1.978190       1.978170       1.978170       1.978170       1.978170       1.975760       1.974450       1.974450       1.973380       1.975020       1.976660       1.978310       1.979960       1.981610       1.983270       1.984930       1.986600       1.988270       1.989950       1.991620    
   1.938740       1.940540       1.944130       1.944130       1.965210       1.988040       1.988040       1.988040       1.987750       1.987460       1.981310       1.978220       1.978170       1.978170       1.978170       1.978170       1.976480       1.975520       1.975520       1.977170       1.978820       1.980470       1.982130       1.983800       1.985470       1.987150       1.988830       1.990520       1.992210       1.993900    
