iMOD/TUTORIALS/TUT_MetaswapAnalyser/model_MetaSWAP/meteo/Evaporation/Evaporation_20060107_L1.ASC
NCOLS                30
NROWS                30
XLLCORNER     160000.00
YLLCORNER     340000.00
CELLSIZE        1000.00
NODATA_VALUE   -9999.00
  0.3661600      0.3650600      0.3639400      0.3628200      0.3616800      0.3605200      0.3593500      0.3581700      0.3569700      0.3557600      0.3545300      0.3532800      0.3520100      0.3507300      0.3494200      0.3481000      0.3467600      0.3454000      0.3440200      0.3426200      0.3412000      0.3397700      0.3383200      0.3368500      0.3353600      0.3338500      0.3323300      0.3308000      0.3292500      0.3276800    
  0.3669000      0.3657900      0.3646800      0.3635500      0.3624100      0.3612500      0.3600900      0.3589000      0.3577100      0.3564900      0.3552600      0.3540200      0.3527500      0.3514700      0.3501700      0.3488500      0.3475200      0.3461600      0.3447900      0.3434000      0.3419900      0.3405700      0.3391200      0.3376600      0.3361800      0.3346900      0.3331800      0.3316500      0.3301200      0.3285600    
  0.3676300      0.3665300      0.3654100      0.3642800      0.3631400      0.3619900      0.3608200      0.3596400      0.3584400      0.3572300      0.3560000      0.3547600      0.3535000      0.3522200      0.3509200      0.3496100      0.3482800      0.3469300      0.3455600      0.3441800      0.3427800      0.3413600      0.3399200      0.3384700      0.3370000      0.3355200      0.3340200      0.3325100      0.3309800      0.3294400    
  0.3683700      0.3672600      0.3661400      0.3650100      0.3638700      0.3627200      0.3615500      0.3603700      0.3591800      0.3579600      0.3567400      0.3555000      0.3542400      0.3529600      0.3516700      0.3503600      0.3490400      0.3476900      0.3463300      0.3449600      0.3435600      0.3421500      0.3407200      0.3392800      0.3378200      0.3363500      0.3348600      0.3333500      0.3318400      0.3303000    
  0.3691000      0.3679900      0.3668800      0.3657500      0.3646100      0.3634500      0.3622800      0.3611000      0.3599100      0.3587000      0.3574800      0.3562400      0.3549800      0.3537100      0.3524200      0.3511200      0.3497900      0.3484600      0.3471000      0.3457300      0.3443500      0.3429400      0.3415200      0.3400900      0.3386400      0.3371700      0.3356900      0.3342000      0.3326900      0.3311700    
  0.3698300      0.3687300      0.3676100      0.3664800      0.3653400      0.3641800      0.3630200      0.3618400      0.3606400      0.3594400      0.3582100      0.3569800      0.3557200      0.3544500      0.3531700      0.3518700      0.3505500      0.3492200      0.3478700      0.3465100      0.3451300      0.3437300      0.3423200      0.3408900      0.3394500      0.3379900      0.3365200      0.3350400      0.3335400      0.3320300    
  0.3705700      0.3694600      0.3683400      0.3672100      0.3660700      0.3649200      0.3637500      0.3625700      0.3613800      0.3601700      0.3589500      0.3577100      0.3564600      0.3552000      0.3539200      0.3526200      0.3513100      0.3499800      0.3486400      0.3472800      0.3459100      0.3445200      0.3431100      0.3416900      0.3402600      0.3388100      0.3373500      0.3358800      0.3343900      0.3328900    
  0.3713000      0.3701900      0.3690700      0.3679400      0.3668000      0.3656500      0.3644800      0.3633000      0.3621100      0.3609100      0.3596900      0.3584500      0.3572100      0.3559400      0.3546700      0.3533700      0.3520700      0.3507400      0.3494100      0.3480500      0.3466800      0.3453000      0.3439100      0.3424900      0.3410700      0.3396300      0.3381800      0.3367100      0.3352300      0.3337400    
  0.3720300      0.3709200      0.3698100      0.3686800      0.3675300      0.3663800      0.3652100      0.3640400      0.3628500      0.3616400      0.3604200      0.3591900      0.3579500      0.3566900      0.3554100      0.3541300      0.3528200      0.3515000      0.3501700      0.3488200      0.3474600      0.3460900      0.3447000      0.3432900      0.3418700      0.3404400      0.3390000      0.3375400      0.3360700      0.3345900    
  0.3727700      0.3716600      0.3705400      0.3694100      0.3682700      0.3671100      0.3659500      0.3647700      0.3635800      0.3623800      0.3611600      0.3599300      0.3586900      0.3574300      0.3561600      0.3548800      0.3535800      0.3522600      0.3509400      0.3496000      0.3482400      0.3468700      0.3454900      0.3440900      0.3426800      0.3412600      0.3398200      0.3383700      0.3369100      0.3354400    
  0.3727670      0.3716570      0.3704380      0.3701400      0.3690000      0.3678500      0.3666800      0.3655000      0.3643200      0.3631100      0.3619000      0.3606700      0.3594300      0.3581800      0.3569100      0.3556300      0.3543300      0.3530200      0.3517000      0.3503700      0.3490200      0.3476500      0.3462800      0.3448900      0.3434800      0.3420700      0.3406400      0.3392000      0.3377500      0.3362800    
  0.3727620      0.3712500      0.3701400      0.3698320      0.3697300      0.3685800      0.3674100      0.3662400      0.3650500      0.3638500      0.3626400      0.3614100      0.3601700      0.3589200      0.3576600      0.3563800      0.3550900      0.3537800      0.3524700      0.3511400      0.3497900      0.3484300      0.3470600      0.3456800      0.3442800      0.3428800      0.3414600      0.3400200      0.3385800      0.3371300    
  0.3720030      0.3701400      0.3701320      0.3700950      0.3704600      0.3693100      0.3681500      0.3669700      0.3657900      0.3645900      0.3633800      0.3621500      0.3609200      0.3596700      0.3584100      0.3571300      0.3558400      0.3545400      0.3532300      0.3519000      0.3505700      0.3492100      0.3478500      0.3464700      0.3450800      0.3436800      0.3422700      0.3408500      0.3394100      0.3379700    
  0.3701400      0.3702520      0.3702780      0.3704600      0.3699370      0.3700400      0.3688800      0.3677100      0.3665200      0.3653200      0.3641100      0.3628900      0.3616600      0.3604100      0.3591500      0.3578800      0.3566000      0.3553000      0.3539900      0.3526700      0.3513400      0.3499900      0.3486400      0.3472700      0.3458800      0.3444900      0.3430900      0.3416700      0.3402400      0.3388100    
  0.3703050      0.3703690      0.3704600      0.3701460      0.3700400      0.3695130      0.3696200      0.3684400      0.3672600      0.3660600      0.3648500      0.3636300      0.3624000      0.3611600      0.3599000      0.3586400      0.3573600      0.3560600      0.3547600      0.3534400      0.3521100      0.3507700      0.3494200      0.3480600      0.3466800      0.3453000      0.3439000      0.3424900      0.3410700      0.3396400    
  0.3704140      0.3704600      0.3702150      0.3700400      0.3697240      0.3696200      0.3690300      0.3684400      0.3671400      0.3668000      0.3655900      0.3643800      0.3631500      0.3619100      0.3606500      0.3593900      0.3581100      0.3568200      0.3555200      0.3542100      0.3528900      0.3515500      0.3502100      0.3488500      0.3474800      0.3461000      0.3447100      0.3433100      0.3419000      0.3404800    
  0.3704600      0.3702380      0.3700400      0.3697950      0.3696200      0.3693250      0.3690300      0.3678530      0.3668000      0.3661950      0.3655500      0.3651200      0.3638900      0.3626500      0.3614000      0.3601400      0.3588700      0.3575800      0.3562900      0.3549800      0.3536600      0.3523300      0.3509900      0.3496400      0.3482800      0.3469000      0.3455200      0.3441300      0.3427200      0.3413100    
  0.3702460      0.3700400      0.3698180      0.3696200      0.3694730      0.3693250      0.3682520      0.3668000      0.3664980      0.3659790      0.3654900      0.3658600      0.3646400      0.3634000      0.3621500      0.3608900      0.3596200      0.3583400      0.3570500      0.3557500      0.3544300      0.3531100      0.3517800      0.3504300      0.3490700      0.3477100      0.3463300      0.3449400      0.3435500      0.3421400    
  0.3700400      0.3698260      0.3696200      0.3695460      0.3694730      0.3684620      0.3668000      0.3666490      0.3661620      0.3656750      0.3658600      0.3652500      0.3645130      0.3641500      0.3629000      0.3616500      0.3603800      0.3591000      0.3578200      0.3565200      0.3552100      0.3538900      0.3525600      0.3512200      0.3498700      0.3485100      0.3471400      0.3457600      0.3443700      0.3429700    
  0.3698290      0.3696200      0.3695830      0.3695460      0.3685700      0.3668000      0.3667240      0.3662480      0.3657670      0.3658600      0.3655550      0.3649430      0.3641500      0.3635250      0.3629000      0.3616430      0.3603770      0.3591000      0.3577580      0.3572900      0.3559800      0.3546700      0.3533400      0.3520100      0.3506600      0.3493100      0.3479500      0.3465700      0.3451900      0.3438000    
  0.3696200      0.3696020      0.3695830      0.3686250      0.3668000      0.3667620      0.3662890      0.3658140      0.3658600      0.3657070      0.3651270      0.3641500      0.3638370      0.3635250      0.3626890      0.3616400      0.3603730      0.3585940      0.3576750      0.3580600      0.3567600      0.3554500      0.3541300      0.3528000      0.3514600      0.3501100      0.3487600      0.3473900      0.3460100      0.3446300    
  0.3696110      0.3696020      0.3686520      0.3668000      0.3667810      0.3663100      0.3658370      0.3658600      0.3657840      0.3652110      0.3641500      0.3639940      0.3638370      0.3633510      0.3626180      0.3615680      0.3593070      0.3578680      0.3580600      0.3574500      0.3575300      0.3562300      0.3549100      0.3535900      0.3522600      0.3509100      0.3495600      0.3482000      0.3468400      0.3454600    
  0.3696110      0.3686660      0.3668000      0.3667910      0.3663200      0.3658480      0.3658600      0.3658220      0.3652510      0.3641500      0.3640720      0.3639940      0.3637270      0.3632690      0.3625120      0.3603660      0.3579640      0.3580600      0.3583210      0.3583050      0.3575280      0.3570100      0.3557000      0.3543800      0.3530500      0.3517100      0.3503700      0.3490200      0.3476600      0.3462900    
  0.3686730      0.3668000      0.3667950      0.3663250      0.3658540      0.3658600      0.3658410      0.3652710      0.3641500      0.3641110      0.3640720      0.3639310      0.3636630      0.3637520      0.3625200      0.3603750      0.3603750      0.3598150      0.3592120      0.3594700      0.3590800      0.3577900      0.3564800      0.3551700      0.3538500      0.3525200      0.3511800      0.3498300      0.3484800      0.3471100    
  0.3668000      0.3667980      0.3663270      0.3658570      0.3658600      0.3658500      0.3652800      0.3641500      0.3641300      0.3641110      0.3640380      0.3638890      0.3644840      0.3655240      0.3655000      0.3630950      0.3627860      0.3626900      0.3607930      0.3598600      0.3598600      0.3585700      0.3572700      0.3559600      0.3546400      0.3533200      0.3519900      0.3506400      0.3493000      0.3479400    
  0.3667990      0.3663290      0.3658590      0.3658600      0.3658550      0.3652850      0.3641500      0.3641400      0.3641300      0.3640930      0.3660350      0.3690700      0.3667260      0.3655480      0.3655480      0.3655000      0.3637200      0.3628820      0.3626900      0.3611500      0.3606400      0.3593500      0.3580500      0.3567500      0.3554400      0.3541200      0.3527900      0.3514600      0.3501200      0.3487700    
  0.3663290      0.3658590      0.3658600      0.3658580      0.3652880      0.3641500      0.3641450      0.3641400      0.3641210      0.3664800      0.3690700      0.3690700      0.3690700      0.3667610      0.3655960      0.3655960      0.3655000      0.3638090      0.3630750      0.3626900      0.3614100      0.3601300      0.3588400      0.3575400      0.3562400      0.3549200      0.3536000      0.3522700      0.3509400      0.3496000    
  0.3658600      0.3658600      0.3658590      0.3652890      0.3641500      0.3641480      0.3641450      0.3666520      0.3681330      0.3690720      0.3690700      0.3690700      0.3690700      0.3690700      0.3668300      0.3656930      0.3656920      0.3655000      0.3639720      0.3634600      0.3621900      0.3609100      0.3596300      0.3583300      0.3570300      0.3557300      0.3544100      0.3530900      0.3517600      0.3504200    
  0.3658600      0.3658590      0.3652890      0.3641500      0.3641490      0.3689690      0.3762000      0.3752000      0.3742000      0.3707860      0.3690760      0.3690700      0.3690700      0.3690700      0.3690700      0.3669610      0.3658860      0.3658850      0.3655000      0.3642400      0.3629700      0.3617000      0.3604200      0.3591300      0.3578300      0.3565300      0.3552200      0.3539000      0.3525800      0.3512500    
  0.3658600      0.3652900      0.3641500      0.3641490      0.3699350      0.3762020      0.3762020      0.3762000      0.3752000      0.3742000      0.3707970      0.3690890      0.3690700      0.3690700      0.3690700      0.3690700      0.3671960      0.3662730      0.3662700      0.3650200      0.3637500      0.3624800      0.3612100      0.3599200      0.3586300      0.3573300      0.3560300      0.3547200      0.3534000      0.3520800    
