iMOD/TUTORIALS/TUT_MetaswapAnalyser/model_MetaSWAP/meteo/Evaporation/Evaporation_20060621_L1.ASC
NCOLS                30
NROWS                30
XLLCORNER     160000.00
YLLCORNER     340000.00
CELLSIZE        1000.00
NODATA_VALUE   -9999.00
   1.620070       1.622070       1.624060       1.626050       1.628030       1.630000       1.631970       1.633930       1.635890       1.637840       1.639790       1.641730       1.643670       1.645600       1.647530       1.649460       1.651380       1.653300       1.655210       1.657130       1.659040       1.660950       1.662860       1.664770       1.666680       1.668590       1.670500       1.672410       1.674320       1.676240    
   1.624300       1.626280       1.628260       1.630220       1.632190       1.634150       1.636100       1.638050       1.639990       1.641930       1.643860       1.645790       1.647710       1.649630       1.651550       1.653460       1.655370       1.657280       1.659180       1.661090       1.662990       1.664890       1.666780       1.668680       1.670580       1.672480       1.674370       1.676270       1.678180       1.680080    
   1.628510       1.630460       1.632420       1.634370       1.636320       1.638260       1.640200       1.642130       1.644060       1.645980       1.647900       1.649820       1.651730       1.653640       1.655540       1.657440       1.659340       1.661230       1.663130       1.665020       1.666900       1.668790       1.670680       1.672560       1.674450       1.676340       1.678220       1.680110       1.682000       1.683900    
   1.632680       1.634620       1.636560       1.638490       1.640420       1.642350       1.644270       1.646190       1.648100       1.650010       1.651920       1.653820       1.655720       1.657610       1.659500       1.661390       1.663280       1.665160       1.667040       1.668920       1.670790       1.672670       1.674540       1.676420       1.678290       1.680170       1.682040       1.683920       1.685800       1.687680    
   1.636840       1.638760       1.640670       1.642590       1.644500       1.646410       1.648320       1.650220       1.652120       1.654020       1.655910       1.657790       1.659680       1.661560       1.663440       1.665310       1.667190       1.669060       1.670930       1.672790       1.674660       1.676520       1.678380       1.680250       1.682110       1.683970       1.685840       1.687700       1.689570       1.691440    
   1.640970       1.642870       1.644770       1.646660       1.648560       1.650450       1.652340       1.654230       1.656110       1.657990       1.659870       1.661740       1.663620       1.665480       1.667350       1.669210       1.671070       1.672930       1.674790       1.676640       1.678490       1.680350       1.682200       1.684050       1.685900       1.687750       1.689610       1.691460       1.693320       1.695180    
   1.645080       1.646950       1.648830       1.650710       1.652590       1.654470       1.656340       1.658210       1.660080       1.661950       1.663810       1.665670       1.667530       1.669380       1.671230       1.673080       1.674930       1.676780       1.678620       1.680460       1.682310       1.684150       1.685990       1.687830       1.689670       1.691510       1.693350       1.695190       1.697040       1.698880    
   1.649160       1.651020       1.652880       1.654740       1.656600       1.658460       1.660320       1.662170       1.664020       1.665880       1.667720       1.669570       1.671410       1.673260       1.675100       1.676930       1.678770       1.680600       1.682430       1.684260       1.686090       1.687920       1.689750       1.691580       1.693410       1.695240       1.697070       1.698900       1.700730       1.702570    
   1.653230       1.655070       1.656910       1.658750       1.660590       1.662430       1.664270       1.666110       1.667950       1.669780       1.671620       1.673450       1.675280       1.677110       1.678930       1.680760       1.682580       1.684400       1.686220       1.688040       1.689860       1.691670       1.693490       1.695310       1.697120       1.698940       1.700760       1.702580       1.704400       1.706220    
   1.657270       1.659090       1.660910       1.662730       1.664560       1.666380       1.668200       1.670030       1.671850       1.673670       1.675490       1.677310       1.679120       1.680940       1.682750       1.684560       1.686370       1.688180       1.689990       1.691790       1.693600       1.695400       1.697210       1.699010       1.700820       1.702620       1.704430       1.706240       1.708050       1.709860    
   1.657270       1.659090       1.662360       1.666700       1.668500       1.670310       1.672120       1.673920       1.675730       1.677530       1.679340       1.681140       1.682940       1.684740       1.686540       1.688340       1.690140       1.691930       1.693730       1.695520       1.697310       1.699110       1.700900       1.702690       1.704490       1.706280       1.708080       1.709870       1.711670       1.713470    
   1.657270       1.661360       1.666700       1.670990       1.672430       1.674220       1.676010       1.677800       1.679590       1.681380       1.683170       1.684950       1.686740       1.688530       1.690310       1.692100       1.693880       1.695670       1.697450       1.699230       1.701010       1.702790       1.704570       1.706350       1.708140       1.709920       1.711700       1.713490       1.715270       1.717060    
   1.660200       1.666700       1.672100       1.674390       1.676340       1.678110       1.679880       1.681650       1.683430       1.685200       1.686980       1.688750       1.690520       1.692290       1.694070       1.695840       1.697610       1.699380       1.701150       1.702920       1.704690       1.706450       1.708220       1.709990       1.711760       1.713530       1.715300       1.717080       1.718850       1.720630    
   1.666700       1.672630       1.675360       1.676340       1.678810       1.681980       1.683740       1.685490       1.687250       1.689010       1.690770       1.692520       1.694280       1.696040       1.697800       1.699560       1.701310       1.703070       1.704830       1.706580       1.708340       1.710100       1.711850       1.713610       1.715370       1.717130       1.718880       1.720650       1.722410       1.724170    
   1.672880       1.675850       1.676340       1.679040       1.681980       1.684430       1.687570       1.689310       1.691050       1.692790       1.694540       1.696280       1.698020       1.699770       1.701510       1.703260       1.705000       1.706740       1.708490       1.710230       1.711970       1.713720       1.715460       1.717210       1.718950       1.720700       1.722450       1.724190       1.725940       1.727700    
   1.676100       1.676340       1.679120       1.681980       1.684660       1.687570       1.688440       1.689310       1.692430       1.696560       1.698290       1.700020       1.701750       1.703480       1.705210       1.706940       1.708670       1.710400       1.712130       1.713860       1.715590       1.717320       1.719050       1.720780       1.722520       1.724250       1.725990       1.727720       1.729460       1.731200    
   1.676340       1.679150       1.681980       1.684740       1.687570       1.688000       1.688440       1.691680       1.696560       1.697430       1.701210       1.703740       1.705450       1.707170       1.708880       1.710600       1.712310       1.714030       1.715750       1.717470       1.719180       1.720900       1.722620       1.724340       1.726060       1.727780       1.729510       1.731230       1.732960       1.734690    
   1.679160       1.681980       1.684760       1.687570       1.687790       1.688000       1.691170       1.696560       1.696990       1.701650       1.705590       1.707440       1.709140       1.710840       1.712540       1.714240       1.715950       1.717650       1.719350       1.721060       1.722760       1.724470       1.726170       1.727880       1.729590       1.731300       1.733010       1.734720       1.736440       1.738150    
   1.681980       1.684770       1.687570       1.687680       1.687790       1.690880       1.696560       1.696780       1.701830       1.706520       1.707440       1.708290       1.710480       1.714500       1.716180       1.717870       1.719560       1.721250       1.722940       1.724630       1.726320       1.728010       1.729710       1.731400       1.733100       1.734790       1.736490       1.738190       1.739890       1.741600    
   1.684770       1.687570       1.687620       1.687680       1.690730       1.696560       1.696670       1.701920       1.706980       1.707440       1.707860       1.710180       1.714500       1.715340       1.716180       1.717870       1.719560       1.721250       1.725740       1.728180       1.729860       1.731540       1.733220       1.734910       1.736590       1.738270       1.739960       1.741640       1.743330       1.745020    
   1.687570       1.687600       1.687620       1.690650       1.696560       1.696610       1.701960       1.707210       1.707440       1.707650       1.710000       1.714500       1.714920       1.715340       1.716460       1.717870       1.719560       1.725640       1.729950       1.731720       1.733390       1.735050       1.736720       1.738390       1.740060       1.741730       1.743400       1.745080       1.746750       1.748430    
   1.687580       1.687600       1.690610       1.696560       1.696590       1.701980       1.707320       1.707440       1.707550       1.709900       1.714500       1.714710       1.714920       1.715580       1.716560       1.717970       1.725130       1.730830       1.731720       1.734000       1.736900       1.738550       1.740200       1.741860       1.743520       1.745170       1.746830       1.748500       1.750160       1.751820    
   1.687580       1.690590       1.696560       1.696570       1.701990       1.707380       1.707440       1.707490       1.709850       1.714500       1.714600       1.714710       1.715070       1.715680       1.716700       1.726620       1.731280       1.731720       1.737920       1.740380       1.741370       1.742030       1.743670       1.745310       1.746960       1.748600       1.750250       1.751900       1.753550       1.755200    
   1.690580       1.696560       1.696570       1.701990       1.707410       1.707440       1.707470       1.709820       1.714500       1.714550       1.714600       1.714790       1.715150       1.726340       1.735180       1.742170       1.742170       1.743180       1.744430       1.745590       1.743860       1.745490       1.747120       1.748750       1.750380       1.752010       1.753640       1.755280       1.756920       1.758560    
   1.696560       1.696560       1.702000       1.707430       1.707440       1.707450       1.709810       1.714500       1.714530       1.714550       1.714650       1.714850       1.734490       1.758030       1.757920       1.751990       1.753050       1.752620       1.749190       1.747320       1.747320       1.748940       1.750550       1.752170       1.753780       1.755400       1.757020       1.758650       1.760270       1.761900    
   1.696560       1.702000       1.707430       1.707440       1.707450       1.709800       1.714500       1.714510       1.714530       1.714580       1.735460       1.766620       1.760980       1.758130       1.758130       1.757920       1.754840       1.753480       1.752620       1.751230       1.750770       1.752370       1.753970       1.755570       1.757180       1.758780       1.760390       1.762000       1.763610       1.765220    
   1.702000       1.707440       1.707440       1.707440       1.709800       1.714500       1.714510       1.714510       1.714540       1.739560       1.766620       1.766620       1.766620       1.761140       1.758350       1.758350       1.757920       1.755350       1.754330       1.752620       1.754200       1.755790       1.757370       1.758960       1.760550       1.762140       1.763740       1.765330       1.766930       1.768530    
   1.707440       1.707440       1.707440       1.709790       1.714500       1.714500       1.714510       1.731400       1.748180       1.766630       1.766620       1.766620       1.766620       1.766620       1.761450       1.758770       1.758770       1.757920       1.756520       1.756050       1.757620       1.759190       1.760760       1.762340       1.763910       1.765490       1.767070       1.768650       1.770240       1.771820    
   1.707440       1.707440       1.709790       1.714500       1.714500       1.742300       1.783980       1.783010       1.782040       1.771790       1.766650       1.766620       1.766620       1.766620       1.766620       1.762050       1.759620       1.759620       1.757920       1.759470       1.761020       1.762580       1.764130       1.765700       1.767260       1.768820       1.770390       1.771960       1.773530       1.775100    
   1.707440       1.709790       1.714500       1.714500       1.747860       1.783990       1.783990       1.783980       1.783010       1.782040       1.771830       1.766700       1.766620       1.766620       1.766620       1.766620       1.763200       1.761330       1.761330       1.762870       1.764410       1.765950       1.767490       1.769040       1.770590       1.772140       1.773690       1.775250       1.776810       1.778370    
