iMOD/TUTORIALS/TUT_MetaswapAnalyser/model_MetaSWAP/meteo/Evaporation/Evaporation_20051229_L1.ASC
NCOLS                30
NROWS                30
XLLCORNER     160000.00
YLLCORNER     340000.00
CELLSIZE        1000.00
NODATA_VALUE   -9999.00
  0.3450100      0.3452700      0.3455300      0.3457700      0.3460000      0.3462200      0.3464400      0.3466300      0.3468200      0.3469900      0.3471600      0.3473100      0.3474400      0.3475700      0.3476800      0.3477800      0.3478600      0.3479300      0.3479900      0.3480300      0.3480600      0.3480800      0.3480800      0.3480800      0.3480500      0.3480200      0.3479700      0.3479100      0.3478400      0.3477500    
  0.3457300      0.3460000      0.3462600      0.3465000      0.3467400      0.3469600      0.3471700      0.3473700      0.3475600      0.3477400      0.3479100      0.3480600      0.3482000      0.3483300      0.3484400      0.3485400      0.3486300      0.3487100      0.3487700      0.3488200      0.3488500      0.3488700      0.3488800      0.3488800      0.3488600      0.3488300      0.3487800      0.3487300      0.3486600      0.3485700    
  0.3464700      0.3467400      0.3469900      0.3472400      0.3474800      0.3477000      0.3479200      0.3481200      0.3483200      0.3485000      0.3486700      0.3488200      0.3489600      0.3491000      0.3492100      0.3493200      0.3494100      0.3494900      0.3495500      0.3496100      0.3496500      0.3496700      0.3496800      0.3496800      0.3496700      0.3496400      0.3496000      0.3495500      0.3494800      0.3494100    
  0.3472100      0.3474800      0.3477400      0.3479900      0.3482300      0.3484600      0.3486800      0.3488800      0.3490800      0.3492600      0.3494300      0.3495900      0.3497400      0.3498700      0.3499900      0.3501000      0.3502000      0.3502800      0.3503500      0.3504000      0.3504500      0.3504800      0.3504900      0.3505000      0.3504900      0.3504600      0.3504300      0.3503800      0.3503200      0.3502400    
  0.3479700      0.3482400      0.3485000      0.3487500      0.3489900      0.3492200      0.3494400      0.3496500      0.3498500      0.3500400      0.3502100      0.3503700      0.3505200      0.3506600      0.3507800      0.3508900      0.3509900      0.3510800      0.3511500      0.3512100      0.3512600      0.3512900      0.3513100      0.3513200      0.3513100      0.3512900      0.3512600      0.3512100      0.3511600      0.3510900    
  0.3487300      0.3490000      0.3492700      0.3495200      0.3497600      0.3500000      0.3502200      0.3504300      0.3506300      0.3508200      0.3510000      0.3511600      0.3513100      0.3514500      0.3515800      0.3516900      0.3518000      0.3518900      0.3519600      0.3520200      0.3520700      0.3521100      0.3521300      0.3521400      0.3521400      0.3521300      0.3521000      0.3520600      0.3520000      0.3519300    
  0.3495000      0.3497800      0.3500400      0.3503000      0.3505400      0.3507800      0.3510000      0.3512200      0.3514200      0.3516100      0.3517900      0.3519600      0.3521100      0.3522500      0.3523900      0.3525000      0.3526100      0.3527000      0.3527800      0.3528400      0.3529000      0.3529400      0.3529600      0.3529800      0.3529800      0.3529700      0.3529400      0.3529000      0.3528500      0.3527900    
  0.3502800      0.3505600      0.3508300      0.3510800      0.3513300      0.3515700      0.3517900      0.3520100      0.3522200      0.3524100      0.3525900      0.3527600      0.3529200      0.3530600      0.3532000      0.3533200      0.3534300      0.3535200      0.3536000      0.3536700      0.3537300      0.3537700      0.3538000      0.3538200      0.3538200      0.3538100      0.3537900      0.3537500      0.3537100      0.3536500    
  0.3510700      0.3513500      0.3516200      0.3518800      0.3521300      0.3523700      0.3525900      0.3528100      0.3530200      0.3532200      0.3534000      0.3535700      0.3537300      0.3538800      0.3540200      0.3541400      0.3542500      0.3543500      0.3544300      0.3545100      0.3545700      0.3546100      0.3546400      0.3546600      0.3546700      0.3546600      0.3546400      0.3546100      0.3545700      0.3545100    
  0.3518700      0.3521500      0.3524200      0.3526800      0.3529300      0.3531700      0.3534000      0.3536200      0.3538300      0.3540300      0.3542200      0.3543900      0.3545600      0.3547100      0.3548500      0.3549700      0.3550800      0.3551900      0.3552700      0.3553500      0.3554100      0.3554600      0.3554900      0.3555200      0.3555300      0.3555200      0.3555100      0.3554800      0.3554300      0.3553800    
  0.3518670      0.3521470      0.3526850      0.3534900      0.3537400      0.3539900      0.3542200      0.3544400      0.3546500      0.3548500      0.3550400      0.3552200      0.3553800      0.3555400      0.3556800      0.3558100      0.3559200      0.3560300      0.3561200      0.3561900      0.3562600      0.3563100      0.3563500      0.3563700      0.3563900      0.3563800      0.3563700      0.3563400      0.3563000      0.3562500    
  0.3518640      0.3525470      0.3534900      0.3542950      0.3545600      0.3548100      0.3550400      0.3552700      0.3554800      0.3556800      0.3558700      0.3560500      0.3562200      0.3563800      0.3565200      0.3566500      0.3567700      0.3568800      0.3569700      0.3570500      0.3571100      0.3571700      0.3572100      0.3572400      0.3572500      0.3572500      0.3572400      0.3572200      0.3571800      0.3571300    
  0.3523700      0.3534900      0.3545370      0.3549750      0.3553900      0.3556400      0.3558700      0.3561000      0.3563100      0.3565200      0.3567100      0.3568900      0.3570600      0.3572200      0.3573700      0.3575000      0.3576200      0.3577300      0.3578200      0.3579100      0.3579800      0.3580300      0.3580800      0.3581100      0.3581200      0.3581300      0.3581200      0.3581000      0.3580600      0.3580100    
  0.3534900      0.3546500      0.3551820      0.3553900      0.3558330      0.3564700      0.3567100      0.3569400      0.3571500      0.3573600      0.3575600      0.3577400      0.3579100      0.3580700      0.3582200      0.3583600      0.3584800      0.3585900      0.3586900      0.3587700      0.3588400      0.3589000      0.3589500      0.3589800      0.3590000      0.3590000      0.3590000      0.3589800      0.3589500      0.3589000    
  0.3547040      0.3552860      0.3553900      0.3558980      0.3564700      0.3569100      0.3575500      0.3577800      0.3580000      0.3582100      0.3584100      0.3585900      0.3587700      0.3589300      0.3590800      0.3592200      0.3593400      0.3594600      0.3595600      0.3596400      0.3597200      0.3597800      0.3598200      0.3598600      0.3598800      0.3598900      0.3598800      0.3598700      0.3598300      0.3597900    
  0.3553380      0.3553900      0.3559190      0.3564700      0.3569770      0.3575500      0.3576650      0.3577770      0.3582630      0.3590600      0.3592600      0.3594500      0.3596300      0.3597900      0.3599500      0.3600900      0.3602100      0.3603300      0.3604300      0.3605200      0.3605900      0.3606600      0.3607100      0.3607400      0.3607700      0.3607800      0.3607700      0.3607600      0.3607300      0.3606900    
  0.3553900      0.3559260      0.3564700      0.3569990      0.3575500      0.3576070      0.3576640      0.3581910      0.3590600      0.3591600      0.3598560      0.3603200      0.3605000      0.3606600      0.3608200      0.3609600      0.3610900      0.3612000      0.3613100      0.3614000      0.3614800      0.3615400      0.3615900      0.3616300      0.3616600      0.3616700      0.3616700      0.3616500      0.3616200      0.3615800    
  0.3559290      0.3564700      0.3570060      0.3575500      0.3575790      0.3576070      0.3581310      0.3590600      0.3591100      0.3600040      0.3607550      0.3611900      0.3613700      0.3615400      0.3616900      0.3618400      0.3619700      0.3620900      0.3621900      0.3622800      0.3623600      0.3624300      0.3624800      0.3625200      0.3625500      0.3625600      0.3625600      0.3625500      0.3625300      0.3624900    
  0.3564700      0.3570090      0.3575500      0.3575640      0.3575790      0.3580940      0.3590600      0.3590850      0.3600670      0.3609720      0.3611900      0.3612800      0.3616270      0.3624100      0.3625700      0.3627200      0.3628500      0.3629700      0.3630800      0.3631700      0.3632600      0.3633200      0.3633800      0.3634200      0.3634500      0.3634600      0.3634600      0.3634500      0.3634300      0.3633900    
  0.3570100      0.3575500      0.3575570      0.3575640      0.3580740      0.3590600      0.3590730      0.3600970      0.3610810      0.3611900      0.3612350      0.3616270      0.3624100      0.3624900      0.3625670      0.3627130      0.3628470      0.3629670      0.3636520      0.3640700      0.3641500      0.3642200      0.3642800      0.3643200      0.3643500      0.3643700      0.3643700      0.3643600      0.3643400      0.3643000    
  0.3575500      0.3575540      0.3575570      0.3580640      0.3590600      0.3590660      0.3601110      0.3611360      0.3611900      0.3612120      0.3616150      0.3624100      0.3624500      0.3624890      0.3625900      0.3627090      0.3628420      0.3637910      0.3645200      0.3649700      0.3650500      0.3651200      0.3651800      0.3652300      0.3652600      0.3652700      0.3652800      0.3652700      0.3652500      0.3652100    
  0.3575520      0.3575540      0.3580590      0.3590600      0.3590630      0.3601180      0.3611630      0.3611900      0.3612010      0.3616070      0.3624100      0.3624300      0.3624500      0.3625100      0.3625960      0.3627140      0.3638110      0.3647450      0.3649700      0.3653270      0.3659600      0.3660300      0.3660900      0.3661300      0.3661700      0.3661800      0.3661900      0.3661800      0.3661600      0.3661300    
  0.3575520      0.3580560      0.3590600      0.3590620      0.3601210      0.3611760      0.3611900      0.3611960      0.3616020      0.3624100      0.3624200      0.3624300      0.3624630      0.3625180      0.3626060      0.3643360      0.3648570      0.3649700      0.3663480      0.3668650      0.3669100      0.3669400      0.3670000      0.3670400      0.3670800      0.3671000      0.3671000      0.3671000      0.3670800      0.3670400    
  0.3580550      0.3590600      0.3590610      0.3601230      0.3611830      0.3611900      0.3611930      0.3615990      0.3624100      0.3624150      0.3624200      0.3624380      0.3624700      0.3649370      0.3666170      0.3677010      0.3677000      0.3677930      0.3679270      0.3682300      0.3677700      0.3678500      0.3679100      0.3679600      0.3679900      0.3680100      0.3680200      0.3680100      0.3679900      0.3679600    
  0.3590600      0.3590600      0.3601240      0.3611870      0.3611900      0.3611910      0.3615980      0.3624100      0.3624130      0.3624150      0.3624240      0.3624430      0.3668500      0.3721890      0.3721600      0.3703830      0.3705450      0.3704300      0.3692890      0.3686870      0.3686900      0.3687600      0.3688300      0.3688700      0.3689100      0.3689300      0.3689400      0.3689300      0.3689100      0.3688800    
  0.3590600      0.3601250      0.3611880      0.3611900      0.3611910      0.3615970      0.3624100      0.3624110      0.3624130      0.3624170      0.3673760      0.3748000      0.3730830      0.3722170      0.3722170      0.3721600      0.3711270      0.3706600      0.3704300      0.3698100      0.3696000      0.3696800      0.3697400      0.3697900      0.3698300      0.3698500      0.3698600      0.3698500      0.3698400      0.3698000    
  0.3601250      0.3611890      0.3611900      0.3611900      0.3615970      0.3624100      0.3624110      0.3624110      0.3624140      0.3683610      0.3748000      0.3748000      0.3748000      0.3731250      0.3722750      0.3722750      0.3721600      0.3712580      0.3708900      0.3704300      0.3705200      0.3706000      0.3706600      0.3707200      0.3707500      0.3707700      0.3707800      0.3707800      0.3707600      0.3707300    
  0.3611900      0.3611900      0.3611900      0.3615970      0.3624100      0.3624100      0.3624110      0.3666240      0.3705900      0.3748030      0.3748000      0.3748000      0.3748000      0.3748000      0.3732090      0.3723900      0.3723900      0.3721600      0.3715520      0.3713500      0.3714400      0.3715200      0.3715900      0.3716400      0.3716800      0.3717000      0.3717100      0.3717000      0.3716800      0.3716500    
  0.3611900      0.3611900      0.3615970      0.3624100      0.3624100      0.3694510      0.3800100      0.3796350      0.3792600      0.3762940      0.3748080      0.3748000      0.3748000      0.3748000      0.3748000      0.3733710      0.3726200      0.3726200      0.3721600      0.3722700      0.3723600      0.3724400      0.3725100      0.3725600      0.3726000      0.3726200      0.3726300      0.3726300      0.3726100      0.3725800    
  0.3611900      0.3615970      0.3624100      0.3624100      0.3708600      0.3800120      0.3800120      0.3800100      0.3796350      0.3792600      0.3763070      0.3748230      0.3748000      0.3748000      0.3748000      0.3748000      0.3736760      0.3730800      0.3730800      0.3731900      0.3732900      0.3733700      0.3734400      0.3734900      0.3735300      0.3735500      0.3735600      0.3735500      0.3735300      0.3735000    
