iMOD/TUTORIALS/TUT_MetaswapAnalyser/model_MetaSWAP/meteo/Evaporation/Evaporation_20060524_L1.ASC
NCOLS                30
NROWS                30
XLLCORNER     160000.00
YLLCORNER     340000.00
CELLSIZE        1000.00
NODATA_VALUE   -9999.00
   2.221490       2.223050       2.224640       2.226280       2.227950       2.229670       2.231430       2.233230       2.235070       2.236960       2.238890       2.240870       2.242890       2.244960       2.247070       2.249220       2.251420       2.253670       2.255960       2.258300       2.260680       2.263100       2.265570       2.268080       2.270630       2.273220       2.275860       2.278530       2.281250       2.284000    
   2.225870       2.227460       2.229080       2.230740       2.232440       2.234180       2.235960       2.237790       2.239650       2.241560       2.243510       2.245500       2.247530       2.249610       2.251730       2.253900       2.256100       2.258360       2.260650       2.262990       2.265370       2.267790       2.270260       2.272760       2.275310       2.277890       2.280520       2.283180       2.285880       2.288620    
   2.230270       2.231880       2.233530       2.235220       2.236940       2.238710       2.240510       2.242360       2.244240       2.246160       2.248130       2.250130       2.252180       2.254270       2.256400       2.258580       2.260790       2.263050       2.265350       2.267690       2.270070       2.272490       2.274950       2.277450       2.279990       2.282570       2.285190       2.287840       2.290530       2.293260    
   2.234660       2.236310       2.237990       2.239700       2.241450       2.243240       2.245070       2.246930       2.248830       2.250780       2.252760       2.254780       2.256840       2.258940       2.261090       2.263270       2.265490       2.267750       2.270060       2.272400       2.274780       2.277200       2.279660       2.282160       2.284690       2.287260       2.289870       2.292520       2.295190       2.297910    
   2.239070       2.240740       2.242450       2.244190       2.245970       2.247780       2.249630       2.251510       2.253440       2.255400       2.257390       2.259430       2.261510       2.263620       2.265770       2.267970       2.270200       2.272460       2.274770       2.277110       2.279500       2.281920       2.284370       2.286870       2.289400       2.291960       2.294560       2.297200       2.299860       2.302570    
   2.243480       2.245180       2.246920       2.248680       2.250490       2.252320       2.254190       2.256100       2.258040       2.260020       2.262040       2.264090       2.266180       2.268300       2.270470       2.272670       2.274910       2.277180       2.279490       2.281840       2.284220       2.286640       2.289100       2.291590       2.294110       2.296670       2.299260       2.301880       2.304540       2.307230    
   2.247890       2.249620       2.251390       2.253180       2.255010       2.256870       2.258760       2.260690       2.262650       2.264650       2.266680       2.268750       2.270850       2.272990       2.275170       2.277380       2.279620       2.281900       2.284220       2.286570       2.288950       2.291370       2.293820       2.296310       2.298830       2.301380       2.303970       2.306580       2.309230       2.311910    
   2.252300       2.254070       2.255860       2.257680       2.259530       2.261420       2.263330       2.265280       2.267270       2.269280       2.271330       2.273420       2.275530       2.277680       2.279870       2.282090       2.284340       2.286630       2.288950       2.291300       2.293690       2.296100       2.298560       2.301040       2.303550       2.306100       2.308680       2.311280       2.313920       2.316590    
   2.256720       2.258510       2.260330       2.262180       2.264060       2.265970       2.267910       2.269880       2.271880       2.273920       2.275980       2.278080       2.280210       2.282380       2.284570       2.286800       2.289060       2.291360       2.293680       2.296040       2.298420       2.300840       2.303290       2.305770       2.308280       2.310820       2.313390       2.315990       2.318620       2.321270    
   2.261140       2.262960       2.264810       2.266680       2.268590       2.270520       2.272480       2.274480       2.276500       2.278550       2.280640       2.282750       2.284900       2.287070       2.289280       2.291520       2.293790       2.296090       2.298420       2.300780       2.303160       2.305580       2.308030       2.310510       2.313020       2.315550       2.318110       2.320700       2.323320       2.325960    
   2.261150       2.262970       2.266410       2.271190       2.273120       2.275070       2.277060       2.279070       2.281120       2.283190       2.285290       2.287420       2.289580       2.291770       2.293990       2.296240       2.298510       2.300820       2.303150       2.305520       2.307910       2.310330       2.312770       2.315250       2.317750       2.320280       2.322830       2.325410       2.328020       2.330650    
   2.261160       2.265430       2.271190       2.276030       2.277640       2.279620       2.281630       2.283670       2.285730       2.287820       2.289940       2.292090       2.294260       2.296460       2.298690       2.300950       2.303240       2.305550       2.307890       2.310260       2.312650       2.315070       2.317520       2.319990       2.322490       2.325010       2.327560       2.330130       2.332730       2.335350    
   2.264280       2.271190       2.277320       2.279910       2.282170       2.284170       2.286200       2.288260       2.290340       2.292450       2.294590       2.296750       2.298940       2.301160       2.303400       2.305670       2.307960       2.310280       2.312630       2.315000       2.317390       2.319810       2.322260       2.324730       2.327220       2.329740       2.332280       2.334850       2.337430       2.340040    
   2.271190       2.277930       2.281040       2.282170       2.285020       2.288720       2.290770       2.292850       2.294960       2.297080       2.299240       2.301420       2.303620       2.305850       2.308100       2.310380       2.312680       2.315010       2.317360       2.319740       2.322140       2.324560       2.327000       2.329470       2.331960       2.334470       2.337010       2.339560       2.342140       2.344740    
   2.278220       2.281600       2.282170       2.285300       2.288720       2.291610       2.295340       2.297440       2.299560       2.301710       2.303880       2.306080       2.308300       2.310540       2.312800       2.315090       2.317400       2.319740       2.322090       2.324470       2.326870       2.329300       2.331740       2.334210       2.336690       2.339200       2.341730       2.344280       2.346840       2.349430    
   2.281890       2.282170       2.285400       2.288720       2.291890       2.295340       2.296390       2.297450       2.301260       2.306330       2.308520       2.310730       2.312970       2.315220       2.317500       2.319800       2.322120       2.324460       2.326820       2.329210       2.331610       2.334030       2.336480       2.338940       2.341420       2.343930       2.346450       2.348990       2.351550       2.354130    
   2.282170       2.285430       2.288720       2.291980       2.295340       2.295870       2.296390       2.300360       2.306330       2.307430       2.312200       2.315380       2.317630       2.319900       2.322190       2.324500       2.326830       2.329180       2.331550       2.333940       2.336340       2.338770       2.341210       2.343670       2.346150       2.348650       2.351170       2.353700       2.356250       2.358820    
   2.285440       2.288720       2.292010       2.295340       2.295600       2.295870       2.299740       2.306330       2.306880       2.312740       2.317710       2.320030       2.322290       2.324570       2.326880       2.329200       2.331540       2.333890       2.336270       2.338660       2.341070       2.343500       2.345940       2.348400       2.350880       2.353370       2.355880       2.358400       2.360950       2.363500    
   2.288720       2.292020       2.295340       2.295470       2.295600       2.299380       2.306330       2.306600       2.312970       2.318870       2.320030       2.321160       2.324030       2.329240       2.331550       2.333890       2.336240       2.338600       2.340980       2.343380       2.345790       2.348220       2.350660       2.353120       2.355600       2.358080       2.360590       2.363100       2.365640       2.368180    
   2.292030       2.295340       2.295410       2.295470       2.299200       2.306330       2.306470       2.313080       2.319450       2.320030       2.320590       2.323620       2.329240       2.330390       2.331560       2.333890       2.336240       2.338610       2.344770       2.348090       2.350510       2.352940       2.355380       2.357840       2.360310       2.362790       2.365290       2.367800       2.370320       2.372860    
   2.295340       2.295370       2.295410       2.299100       2.306330       2.306400       2.313130       2.319740       2.320030       2.320310       2.323370       2.329240       2.329820       2.330400       2.331950       2.333900       2.336250       2.344570       2.350440       2.352790       2.355210       2.357640       2.360090       2.362540       2.365010       2.367490       2.369980       2.372490       2.375000       2.377530    
   2.295360       2.295370       2.299050       2.306330       2.306360       2.313150       2.319880       2.320030       2.320170       2.323240       2.329240       2.329530       2.329820       2.330720       2.332080       2.334030       2.343820       2.351610       2.352790       2.355970       2.359910       2.362340       2.364790       2.367240       2.369710       2.372180       2.374670       2.377160       2.379670       2.382190    
   2.295360       2.299030       2.306330       2.306350       2.313170       2.319960       2.320030       2.320100       2.323170       2.329240       2.329380       2.329530       2.330020       2.330870       2.332280       2.345790       2.352200       2.352790       2.361240       2.364590       2.366050       2.367030       2.369480       2.371930       2.374400       2.376870       2.379350       2.381830       2.384330       2.386840    
   2.299020       2.306330       2.306340       2.313170       2.319990       2.320030       2.320070       2.323140       2.329240       2.329310       2.329380       2.329650       2.330140       2.345180       2.357190       2.366790       2.366790       2.368250       2.370050       2.371610       2.369280       2.371710       2.374160       2.376610       2.379070       2.381540       2.384010       2.386490       2.388980       2.391480    
   2.306330       2.306330       2.313180       2.320010       2.320030       2.320050       2.323120       2.329240       2.329280       2.329310       2.329450       2.329720       2.356100       2.387700       2.387560       2.379840       2.381370       2.380790       2.376370       2.373940       2.373940       2.376380       2.378830       2.381280       2.383740       2.386200       2.388670       2.391140       2.393620       2.396110    
   2.306330       2.313180       2.320020       2.320030       2.320040       2.323110       2.329240       2.329260       2.329280       2.329350       2.357200       2.398760       2.391510       2.387850       2.387850       2.387560       2.383660       2.381950       2.380790       2.379140       2.378600       2.381040       2.383490       2.385940       2.388390       2.390850       2.393310       2.395780       2.398250       2.400730    
   2.313180       2.320030       2.320030       2.320030       2.323100       2.329240       2.329250       2.329260       2.329290       2.362670       2.398760       2.398760       2.398760       2.391720       2.388130       2.388130       2.387560       2.384350       2.383100       2.380790       2.383230       2.385680       2.388130       2.390580       2.393030       2.395480       2.397940       2.400400       2.402860       2.405330    
   2.320030       2.320030       2.320030       2.323100       2.329240       2.329240       2.329250       2.351580       2.373980       2.398770       2.398760       2.398760       2.398760       2.398760       2.392140       2.388700       2.388700       2.387560       2.385940       2.385410       2.387860       2.390310       2.392760       2.395210       2.397650       2.400100       2.402550       2.405010       2.407460       2.409920    
   2.320030       2.320030       2.323100       2.329240       2.329240       2.365680       2.420330       2.419430       2.418530       2.405380       2.398800       2.398760       2.398760       2.398760       2.398760       2.392950       2.389850       2.389850       2.387560       2.390010       2.392470       2.394920       2.397370       2.399820       2.402260       2.404710       2.407150       2.409600       2.412040       2.414490    
   2.320030       2.323100       2.329240       2.329240       2.372970       2.420340       2.420340       2.420330       2.419430       2.418530       2.405450       2.398870       2.398760       2.398760       2.398760       2.398760       2.394490       2.392130       2.392140       2.394600       2.397060       2.399510       2.401970       2.404410       2.406860       2.409300       2.411730       2.414170       2.416610       2.419040    
