iMOD/TUTORIALS/TUT_MetaswapAnalyser/model_MetaSWAP/meteo/Evaporation/Evaporation_20051130_L1.ASC
NCOLS                30
NROWS                30
XLLCORNER     160000.00
YLLCORNER     340000.00
CELLSIZE        1000.00
NODATA_VALUE   -9999.00
  0.2525100      0.2522700      0.2520500      0.2518400      0.2516400      0.2514400      0.2512700      0.2511000      0.2509400      0.2508000      0.2506600      0.2505400      0.2504200      0.2503200      0.2502300      0.2501500      0.2500800      0.2500100      0.2499600      0.2499200      0.2498900      0.2498700      0.2498500      0.2498500      0.2498500      0.2498700      0.2498900      0.2499200      0.2499500      0.2500000    
  0.2519500      0.2517100      0.2514700      0.2512500      0.2510400      0.2508400      0.2506500      0.2504700      0.2503000      0.2501500      0.2500100      0.2498700      0.2497500      0.2496400      0.2495400      0.2494500      0.2493700      0.2493000      0.2492400      0.2491900      0.2491500      0.2491200      0.2491000      0.2490800      0.2490800      0.2490900      0.2491000      0.2491300      0.2491600      0.2491900    
  0.2514000      0.2511400      0.2509000      0.2506700      0.2504400      0.2502300      0.2500400      0.2498500      0.2496700      0.2495100      0.2493500      0.2492100      0.2490800      0.2489600      0.2488500      0.2487500      0.2486600      0.2485900      0.2485200      0.2484600      0.2484100      0.2483700      0.2483500      0.2483300      0.2483200      0.2483200      0.2483200      0.2483400      0.2483600      0.2484000    
  0.2508500      0.2505900      0.2503300      0.2500900      0.2498600      0.2496400      0.2494300      0.2492300      0.2490500      0.2488700      0.2487100      0.2485600      0.2484200      0.2482900      0.2481700      0.2480600      0.2479600      0.2478800      0.2478000      0.2477400      0.2476800      0.2476400      0.2476000      0.2475700      0.2475600      0.2475500      0.2475500      0.2475600      0.2475800      0.2476000    
  0.2503100      0.2500300      0.2497700      0.2495200      0.2492700      0.2490400      0.2488300      0.2486200      0.2484200      0.2482400      0.2480700      0.2479100      0.2477600      0.2476200      0.2474900      0.2473800      0.2472700      0.2471800      0.2470900      0.2470200      0.2469600      0.2469000      0.2468600      0.2468200      0.2468000      0.2467900      0.2467800      0.2467800      0.2467900      0.2468100    
  0.2497700      0.2494900      0.2492100      0.2489500      0.2487000      0.2484600      0.2482300      0.2480100      0.2478100      0.2476100      0.2474300      0.2472600      0.2471000      0.2469600      0.2468200      0.2467000      0.2465800      0.2464800      0.2463900      0.2463100      0.2462300      0.2461700      0.2461200      0.2460800      0.2460500      0.2460300      0.2460200      0.2460100      0.2460200      0.2460300    
  0.2492400      0.2489400      0.2486600      0.2483800      0.2481200      0.2478700      0.2476400      0.2474100      0.2472000      0.2469900      0.2468000      0.2466200      0.2464600      0.2463000      0.2461500      0.2460200      0.2459000      0.2457900      0.2456900      0.2456000      0.2455200      0.2454500      0.2453900      0.2453400      0.2453100      0.2452800      0.2452600      0.2452500      0.2452500      0.2452500    
  0.2487100      0.2484100      0.2481100      0.2478300      0.2475500      0.2473000      0.2470500      0.2468100      0.2465900      0.2463800      0.2461800      0.2459900      0.2458100      0.2456500      0.2454900      0.2453500      0.2452200      0.2451000      0.2449900      0.2449000      0.2448100      0.2447300      0.2446700      0.2446100      0.2445700      0.2445300      0.2445000      0.2444900      0.2444800      0.2444800    
  0.2481900      0.2478700      0.2475700      0.2472700      0.2469900      0.2467200      0.2464600      0.2462200      0.2459900      0.2457700      0.2455600      0.2453600      0.2451700      0.2450000      0.2448400      0.2446900      0.2445500      0.2444200      0.2443000      0.2442000      0.2441000      0.2440200      0.2439500      0.2438800      0.2438300      0.2437900      0.2437600      0.2437300      0.2437200      0.2437200    
  0.2476700      0.2473400      0.2470300      0.2467200      0.2464300      0.2461500      0.2458900      0.2456300      0.2453900      0.2451600      0.2449400      0.2447300      0.2445400      0.2443600      0.2441900      0.2440300      0.2438800      0.2437400      0.2436200      0.2435100      0.2434000      0.2433100      0.2432300      0.2431600      0.2431000      0.2430500      0.2430200      0.2429900      0.2429700      0.2429500    
  0.2476730      0.2473470      0.2468170      0.2461800      0.2458800      0.2455900      0.2453100      0.2450500      0.2448000      0.2445600      0.2443300      0.2441100      0.2439100      0.2437200      0.2435400      0.2433700      0.2432200      0.2430700      0.2429400      0.2428200      0.2427100      0.2426100      0.2425200      0.2424500      0.2423800      0.2423200      0.2422800      0.2422400      0.2422200      0.2422000    
  0.2476790      0.2470040      0.2461800      0.2455450      0.2453300      0.2450300      0.2447500      0.2444700      0.2442100      0.2439600      0.2437200      0.2435000      0.2432900      0.2430900      0.2429000      0.2427200      0.2425600      0.2424100      0.2422700      0.2421400      0.2420200      0.2419100      0.2418200      0.2417400      0.2416600      0.2416000      0.2415500      0.2415100      0.2414700      0.2414500    
  0.2472210      0.2461800      0.2453940      0.2450600      0.2447900      0.2444800      0.2441800      0.2439000      0.2436300      0.2433700      0.2431200      0.2428900      0.2426700      0.2424600      0.2422600      0.2420800      0.2419100      0.2417500      0.2416000      0.2414600      0.2413400      0.2412200      0.2411200      0.2410300      0.2409500      0.2408800      0.2408200      0.2407700      0.2407300      0.2407100    
  0.2461800      0.2453220      0.2449250      0.2447900      0.2444000      0.2439300      0.2436200      0.2433300      0.2430500      0.2427800      0.2425300      0.2422900      0.2420600      0.2418400      0.2416300      0.2414400      0.2412600      0.2410900      0.2409300      0.2407900      0.2406600      0.2405400      0.2404300      0.2403300      0.2402400      0.2401700      0.2401000      0.2400500      0.2400000      0.2399700    
  0.2452870      0.2448570      0.2447900      0.2443730      0.2439300      0.2435400      0.2430700      0.2427700      0.2424800      0.2422000      0.2419400      0.2416900      0.2414500      0.2412200      0.2410100      0.2408100      0.2406200      0.2404400      0.2402800      0.2401200      0.2399800      0.2398600      0.2397400      0.2396300      0.2395400      0.2394600      0.2393900      0.2393300      0.2392800      0.2392400    
  0.2448240      0.2447900      0.2443640      0.2439300      0.2435130      0.2430700      0.2429200      0.2427730      0.2422700      0.2416300      0.2413500      0.2410900      0.2408400      0.2406100      0.2403900      0.2401800      0.2399800      0.2398000      0.2396200      0.2394600      0.2393200      0.2391800      0.2390600      0.2389500      0.2388500      0.2387600      0.2386800      0.2386100      0.2385600      0.2385100    
  0.2447900      0.2443610      0.2439300      0.2435040      0.2430700      0.2429950      0.2429210      0.2423980      0.2416300      0.2414900      0.2408980      0.2405000      0.2402500      0.2400000      0.2397700      0.2395500      0.2393500      0.2391600      0.2389800      0.2388100      0.2386500      0.2385100      0.2383800      0.2382600      0.2381500      0.2380600      0.2379800      0.2379000      0.2378400      0.2377900    
  0.2443600      0.2439300      0.2435010      0.2430700      0.2430330      0.2429950      0.2424860      0.2416300      0.2415600      0.2408300      0.2402100      0.2399200      0.2396500      0.2394000      0.2391600      0.2389400      0.2387200      0.2385200      0.2383300      0.2381600      0.2380000      0.2378500      0.2377100      0.2375800      0.2374700      0.2373700      0.2372800      0.2372000      0.2371300      0.2370700    
  0.2439300      0.2435010      0.2430700      0.2430510      0.2430330      0.2425360      0.2416300      0.2415950      0.2408010      0.2400650      0.2399200      0.2397850      0.2394450      0.2388100      0.2385600      0.2383200      0.2381000      0.2378900      0.2377000      0.2375100      0.2373400      0.2371900      0.2370400      0.2369100      0.2367900      0.2366800      0.2365900      0.2365000      0.2364300      0.2363700    
  0.2435000      0.2430700      0.2430610      0.2430510      0.2425620      0.2416300      0.2416120      0.2407880      0.2399920      0.2399200      0.2398530      0.2394900      0.2388100      0.2386850      0.2385630      0.2383270      0.2381030      0.2378970      0.2372440      0.2368800      0.2367000      0.2365300      0.2363800      0.2362400      0.2361200      0.2360000      0.2359000      0.2358100      0.2357300      0.2356600    
  0.2430700      0.2430650      0.2430610      0.2425760      0.2416300      0.2416210      0.2407810      0.2399560      0.2399200      0.2398860      0.2395180      0.2388100      0.2387480      0.2386860      0.2385250      0.2383310      0.2381090      0.2372090      0.2365600      0.2362400      0.2360600      0.2358900      0.2357300      0.2355800      0.2354500      0.2353300      0.2352200      0.2351300      0.2350400      0.2349700    
  0.2430680      0.2430650      0.2425830      0.2416300      0.2416260      0.2407780      0.2399380      0.2399200      0.2399030      0.2395340      0.2388100      0.2387790      0.2387480      0.2386530      0.2385140      0.2383220      0.2372580      0.2364000      0.2362400      0.2359070      0.2354200      0.2352500      0.2350800      0.2349300      0.2347900      0.2346600      0.2345500      0.2344500      0.2343600      0.2342800    
  0.2430680      0.2425870      0.2416300      0.2416280      0.2407770      0.2399290      0.2399200      0.2399120      0.2395420      0.2388100      0.2387940      0.2387790      0.2387260      0.2386380      0.2384960      0.2369640      0.2363200      0.2362400      0.2352020      0.2347950      0.2346860      0.2346100      0.2344400      0.2342800      0.2341300      0.2340000      0.2338800      0.2337700      0.2336800      0.2335900    
  0.2425880      0.2416300      0.2416290      0.2407760      0.2399250      0.2399200      0.2399160      0.2395460      0.2388100      0.2388020      0.2387940      0.2387670      0.2387150      0.2368780      0.2354730      0.2344070      0.2344050      0.2342600      0.2340730      0.2338650      0.2341700      0.2339800      0.2338000      0.2336400      0.2334900      0.2333500      0.2332200      0.2331100      0.2330100      0.2329200    
  0.2416300      0.2416290      0.2407750      0.2399220      0.2399200      0.2399180      0.2395480      0.2388100      0.2388060      0.2388020      0.2387880      0.2387590      0.2355210      0.2316320      0.2316500      0.2326840      0.2324960      0.2325700      0.2332130      0.2335600      0.2335600      0.2333600      0.2331700      0.2330000      0.2328400      0.2327000      0.2325700      0.2324500      0.2323400      0.2322500    
  0.2416300      0.2407750      0.2399210      0.2399200      0.2399190      0.2395490      0.2388100      0.2388080      0.2388060      0.2387990      0.2353740      0.2302600      0.2311600      0.2316140      0.2316140      0.2316500      0.2321850      0.2324230      0.2325700      0.2328550      0.2329500      0.2327400      0.2325500      0.2323700      0.2322100      0.2320600      0.2319200      0.2318000      0.2316800      0.2315800    
  0.2407750      0.2399210      0.2399200      0.2399190      0.2395490      0.2388100      0.2388090      0.2388080      0.2388040      0.2347000      0.2302600      0.2302600      0.2302600      0.2311340      0.2315790      0.2315790      0.2316500      0.2320990      0.2322750      0.2325700      0.2323400      0.2321300      0.2319300      0.2317500      0.2315800      0.2314200      0.2312800      0.2311500      0.2310300      0.2309300    
  0.2399200      0.2399200      0.2399200      0.2395500      0.2388100      0.2388100      0.2388090      0.2361000      0.2333410      0.2302590      0.2302600      0.2302600      0.2302600      0.2302600      0.2310820      0.2315080      0.2315070      0.2316500      0.2319000      0.2319800      0.2317500      0.2315300      0.2313200      0.2311300      0.2309500      0.2307900      0.2306400      0.2305100      0.2303900      0.2302800    
  0.2399200      0.2399200      0.2395500      0.2388100      0.2388100      0.2344340      0.2278700      0.2279250      0.2279800      0.2294960      0.2302560      0.2302600      0.2302600      0.2302600      0.2302600      0.2309810      0.2313660      0.2313650      0.2316500      0.2314000      0.2311500      0.2309300      0.2307200      0.2305200      0.2303400      0.2301700      0.2300200      0.2298800      0.2297500      0.2296400    
  0.2399200      0.2395500      0.2388100      0.2388100      0.2335580      0.2278690      0.2278690      0.2278700      0.2279250      0.2279800      0.2294890      0.2302470      0.2302600      0.2302600      0.2302600      0.2302600      0.2307910      0.2310830      0.2310800      0.2308200      0.2305700      0.2303400      0.2301200      0.2299200      0.2297300      0.2295600      0.2294000      0.2292500      0.2291200      0.2290000    
