iMOD/TUTORIALS/TUT_MetaswapAnalyser/model_MetaSWAP/meteo/Evaporation/Evaporation_20051111_L1.ASC
NCOLS                30
NROWS                30
XLLCORNER     160000.00
YLLCORNER     340000.00
CELLSIZE        1000.00
NODATA_VALUE   -9999.00
  0.4333800      0.4317700      0.4301400      0.4285000      0.4268500      0.4251800      0.4234900      0.4218000      0.4200900      0.4183800      0.4166500      0.4149100      0.4131700      0.4114100      0.4096500      0.4078800      0.4061100      0.4043300      0.4025400      0.4007500      0.3989600      0.3971700      0.3953700      0.3935600      0.3917600      0.3899600      0.3881600      0.3863500      0.3845500      0.3827500    
  0.4335400      0.4319200      0.4302800      0.4286300      0.4269600      0.4252800      0.4235900      0.4218900      0.4201700      0.4184500      0.4167100      0.4149700      0.4132200      0.4114600      0.4096900      0.4079200      0.4061400      0.4043600      0.4025700      0.4007800      0.3989900      0.3971900      0.3953900      0.3935900      0.3917900      0.3899900      0.3881900      0.3863900      0.3845900      0.3827900    
  0.4336800      0.4320400      0.4303900      0.4287300      0.4270500      0.4253600      0.4236600      0.4219500      0.4202300      0.4185000      0.4167600      0.4150100      0.4132500      0.4114900      0.4097200      0.4079400      0.4061600      0.4043700      0.4025800      0.4007900      0.3989900      0.3972000      0.3954000      0.3936000      0.3918000      0.3900000      0.3882000      0.3864000      0.3846000      0.3828100    
  0.4337900      0.4321500      0.4304900      0.4288100      0.4271300      0.4254300      0.4237200      0.4220000      0.4202700      0.4185300      0.4167800      0.4150300      0.4132600      0.4114900      0.4097200      0.4079400      0.4061500      0.4043600      0.4025700      0.4007800      0.3989800      0.3971800      0.3953900      0.3935900      0.3917900      0.3899900      0.3881900      0.3864000      0.3846100      0.3828200    
  0.4338900      0.4322300      0.4305600      0.4288800      0.4271800      0.4254700      0.4237500      0.4220300      0.4202900      0.4185400      0.4167900      0.4150200      0.4132600      0.4114800      0.4097000      0.4079200      0.4061300      0.4043400      0.4025500      0.4007500      0.3989500      0.3971500      0.3953600      0.3935600      0.3917600      0.3899700      0.3881700      0.3863800      0.3845900      0.3828100    
  0.4339700      0.4323000      0.4306200      0.4289200      0.4272200      0.4255000      0.4237700      0.4220400      0.4202900      0.4185400      0.4167700      0.4150100      0.4132300      0.4114500      0.4096700      0.4078800      0.4060900      0.4043000      0.4025000      0.4007000      0.3989100      0.3971100      0.3953100      0.3935100      0.3917200      0.3899200      0.3881300      0.3863500      0.3845600      0.3827800    
  0.4340300      0.4323500      0.4306600      0.4289500      0.4272400      0.4255100      0.4237700      0.4220300      0.4202700      0.4185100      0.4167500      0.4149700      0.4131900      0.4114100      0.4096200      0.4078300      0.4060300      0.4042400      0.4024400      0.4006400      0.3988400      0.3970500      0.3952500      0.3934500      0.3916600      0.3898700      0.3880800      0.3863000      0.3845100      0.3827400    
  0.4340800      0.4323800      0.4306800      0.4289600      0.4272400      0.4255000      0.4237600      0.4220000      0.4202400      0.4184800      0.4167000      0.4149200      0.4131400      0.4113500      0.4095500      0.4077600      0.4059600      0.4041600      0.4023600      0.4005700      0.3987700      0.3969700      0.3951700      0.3933800      0.3915900      0.3898000      0.3880100      0.3862300      0.3844500      0.3826800    
  0.4341100      0.4324000      0.4306900      0.4289600      0.4272300      0.4254800      0.4237300      0.4219700      0.4202000      0.4184200      0.4166400      0.4148600      0.4130600      0.4112700      0.4094700      0.4076800      0.4058800      0.4040700      0.4022700      0.4004700      0.3986700      0.3968800      0.3950800      0.3932900      0.3915000      0.3897100      0.3879300      0.3861500      0.3843800      0.3826100    
  0.4341200      0.4324100      0.4306800      0.4289500      0.4272000      0.4254500      0.4236800      0.4219100      0.4201400      0.4183500      0.4165700      0.4147800      0.4129800      0.4111800      0.4093800      0.4075800      0.4057800      0.4039700      0.4021700      0.4003700      0.3985700      0.3967700      0.3949800      0.3931800      0.3914000      0.3896100      0.3878400      0.3860600      0.3842900      0.3825300    
  0.4341200      0.4324030      0.4302400      0.4289200      0.4271600      0.4254000      0.4236300      0.4218500      0.4200600      0.4182700      0.4164800      0.4146800      0.4128800      0.4110800      0.4092700      0.4074700      0.4056600      0.4038600      0.4020500      0.4002500      0.3984500      0.3966500      0.3948600      0.3930700      0.3912800      0.3895000      0.3877300      0.3859600      0.3841900      0.3824400    
  0.4341160      0.4314210      0.4289200      0.4275600      0.4271100      0.4253400      0.4235600      0.4217700      0.4199800      0.4181800      0.4163800      0.4145800      0.4127700      0.4109600      0.4091500      0.4073400      0.4055300      0.4037300      0.4019200      0.4001200      0.3983200      0.3965200      0.3947300      0.3929400      0.3911600      0.3893800      0.3876100      0.3858400      0.3840800      0.3823300    
  0.4325690      0.4289200      0.4276520      0.4270800      0.4270500      0.4252600      0.4234800      0.4216800      0.4198800      0.4180800      0.4162700      0.4144600      0.4126500      0.4108300      0.4090200      0.4072100      0.4054000      0.4035900      0.4017800      0.3999800      0.3981800      0.3963800      0.3945900      0.3928000      0.3910200      0.3892500      0.3874800      0.3857200      0.3839600      0.3822200    
  0.4289200      0.4276720      0.4270650      0.4270500      0.4258300      0.4251800      0.4233800      0.4215800      0.4197700      0.4179600      0.4161500      0.4143300      0.4125100      0.4107000      0.4088800      0.4070600      0.4052500      0.4034400      0.4016300      0.3998200      0.3980200      0.3962300      0.3944400      0.3926500      0.3908700      0.3891000      0.3873400      0.3855800      0.3838300      0.3820900    
  0.4276750      0.4270580      0.4270500      0.4260200      0.4251800      0.4239470      0.4232800      0.4214700      0.4196600      0.4178400      0.4160200      0.4141900      0.4123700      0.4105500      0.4087300      0.4069100      0.4050900      0.4032800      0.4014600      0.3996600      0.3978600      0.3960600      0.3942700      0.3924900      0.3907200      0.3889500      0.3871900      0.3854400      0.3836900      0.3819600    
  0.4270540      0.4270500      0.4260830      0.4251800      0.4241360      0.4232800      0.4223750      0.4214700      0.4191670      0.4177000      0.4158800      0.4140500      0.4122200      0.4103900      0.4085700      0.4067400      0.4049200      0.4031100      0.4012900      0.3994900      0.3976900      0.3958900      0.3941000      0.3923200      0.3905500      0.3887900      0.3870300      0.3852800      0.3835400      0.3818100    
  0.4270500      0.4261040      0.4251800      0.4241990      0.4232800      0.4228270      0.4223750      0.4201780      0.4177000      0.4167900      0.4150500      0.4138900      0.4120600      0.4102300      0.4084000      0.4065700      0.4047500      0.4029300      0.4011100      0.3993100      0.3975000      0.3957100      0.3939200      0.3921500      0.3903800      0.3886200      0.3868600      0.3851200      0.3833900      0.3816600    
  0.4261110      0.4251800      0.4242190      0.4232800      0.4230540      0.4228270      0.4207700      0.4177000      0.4172450      0.4154160      0.4138100      0.4137300      0.4118900      0.4100500      0.4082200      0.4063900      0.4045600      0.4027400      0.4009300      0.3991200      0.3973200      0.3955200      0.3937400      0.3919600      0.3902000      0.3884400      0.3866900      0.3849500      0.3832200      0.3815100    
  0.4251800      0.4242260      0.4232800      0.4231670      0.4230540      0.4210880      0.4177000      0.4174720      0.4155720      0.4137700      0.4137300      0.4128100      0.4113880      0.4098800      0.4080400      0.4062000      0.4043700      0.4025500      0.4007300      0.3989200      0.3971200      0.3953300      0.3935500      0.3917700      0.3900100      0.3882500      0.3865100      0.3847800      0.3830500      0.3813400    
  0.4242290      0.4232800      0.4232230      0.4231670      0.4212520      0.4177000      0.4175860      0.4156450      0.4137500      0.4137300      0.4132700      0.4119520      0.4098800      0.4089600      0.4080400      0.4062030      0.4043730      0.4025500      0.3998880      0.3987200      0.3969200      0.3951300      0.3933500      0.3915800      0.3898100      0.3880600      0.3863300      0.3846000      0.3828800      0.3811800    
  0.4232800      0.4232520      0.4232230      0.4213360      0.4177000      0.4176430      0.4156800      0.4137400      0.4137300      0.4135000      0.4122080      0.4098800      0.4094200      0.4089600      0.4077340      0.4062060      0.4043760      0.4007900      0.3986200      0.3985200      0.3967100      0.3949200      0.3931400      0.3913700      0.3896200      0.3878700      0.3861400      0.3844100      0.3827000      0.3810000    
  0.4232660      0.4232520      0.4213780      0.4177000      0.4176720      0.4156980      0.4137350      0.4137300      0.4136150      0.4123290      0.4098800      0.4096500      0.4094200      0.4087050      0.4076330      0.4061050      0.4016920      0.3985700      0.3985200      0.3972430      0.3965000      0.3947100      0.3929400      0.3911700      0.3894100      0.3876700      0.3859400      0.3842200      0.3825200      0.3808300    
  0.4232660      0.4213990      0.4177000      0.4176860      0.4157060      0.4137320      0.4137300      0.4136730      0.4123890      0.4098800      0.4097650      0.4096500      0.4092580      0.4085860      0.4074810      0.4023690      0.3985450      0.3985200      0.3970060      0.3962900      0.3952160      0.3945000      0.3927200      0.3909600      0.3892100      0.3874700      0.3857500      0.3840300      0.3823400      0.3806500    
  0.4214090      0.4177000      0.4176930      0.4157110      0.4137310      0.4137300      0.4137010      0.4124180      0.4098800      0.4098230      0.4097650      0.4095580      0.4091650      0.4059840      0.4021240      0.3978700      0.3978700      0.3970110      0.3960400      0.3959700      0.3960800      0.3942900      0.3925100      0.3907500      0.3890000      0.3872700      0.3855500      0.3838400      0.3821500      0.3804700    
  0.4177000      0.4176960      0.4157130      0.4137310      0.4137300      0.4137160      0.4124320      0.4098800      0.4098510      0.4098230      0.4097150      0.4094960      0.4043810      0.3986030      0.3986100      0.3978300      0.3971940      0.3972200      0.3962710      0.3958600      0.3958600      0.3940700      0.3923000      0.3905400      0.3887900      0.3870600      0.3853500      0.3836500      0.3819600      0.3802900    
  0.4176980      0.4157140      0.4137300      0.4137300      0.4137230      0.4124390      0.4098800      0.4098660      0.4098510      0.4097960      0.4057430      0.3998400      0.3990100      0.3985970      0.3985970      0.3986100      0.3976460      0.3971680      0.3972200      0.3960350      0.3956400      0.3938500      0.3920800      0.3903200      0.3885800      0.3868600      0.3851500      0.3834500      0.3817700      0.3801100    
  0.4157140      0.4137300      0.4137300      0.4137260      0.4124430      0.4098800      0.4098730      0.4098660      0.4098380      0.4050140      0.3998400      0.3998400      0.3998400      0.3990000      0.3985840      0.3985840      0.3986100      0.3975880      0.3971150      0.3972200      0.3954200      0.3936300      0.3918600      0.3901100      0.3883700      0.3866500      0.3849500      0.3832600      0.3815900      0.3799300    
  0.4137300      0.4137300      0.4137280      0.4124450      0.4098800      0.4098760      0.4098730      0.4076140      0.4042700      0.3998400      0.3998400      0.3998400      0.3998400      0.3998400      0.3989790      0.3985580      0.3985570      0.3986100      0.3974080      0.3970100      0.3952000      0.3934200      0.3916500      0.3899000      0.3881700      0.3864500      0.3847500      0.3830700      0.3814000      0.3797600    
  0.4137300      0.4137290      0.4124460      0.4098800      0.4098780      0.4069940      0.4026700      0.4017750      0.4008800      0.4001850      0.3998390      0.3998400      0.3998400      0.3998400      0.3998400      0.3989360      0.3985060      0.3985050      0.3986100      0.3967900      0.3949900      0.3932000      0.3914400      0.3896900      0.3879600      0.3862500      0.3845600      0.3828800      0.3812200      0.3795800    
  0.4137300      0.4124460      0.4098800      0.4098790      0.4064180      0.4026700      0.4026700      0.4026700      0.4017750      0.4008800      0.4001830      0.3998360      0.3998400      0.3998400      0.3998400      0.3998400      0.3988400      0.3984030      0.3984000      0.3965800      0.3947800      0.3929900      0.3912300      0.3894800      0.3877600      0.3860500      0.3843600      0.3827000      0.3810500      0.3794100    
