iMOD/TUTORIALS/TUT_MetaswapAnalyser/model_MetaSWAP/meteo/Evaporation/Evaporation_20051026_L1.ASC
NCOLS                30
NROWS                30
XLLCORNER     160000.00
YLLCORNER     340000.00
CELLSIZE        1000.00
NODATA_VALUE   -9999.00
   1.107170       1.105780       1.104330       1.102800       1.101210       1.099550       1.097830       1.096050       1.094220       1.092330       1.090390       1.088400       1.086370       1.084290       1.082180       1.080020       1.077830       1.075600       1.073340       1.071040       1.068720       1.066370       1.064000       1.061600       1.059180       1.056730       1.054270       1.051790       1.049290       1.046770    
   1.107160       1.105780       1.104330       1.102810       1.101230       1.099580       1.097880       1.096110       1.094290       1.092410       1.090490       1.088510       1.086490       1.084430       1.082320       1.080180       1.078000       1.075780       1.073540       1.071260       1.068950       1.066610       1.064250       1.061860       1.059450       1.057020       1.054570       1.052100       1.049610       1.047100    
   1.107120       1.105750       1.104310       1.102800       1.101220       1.099590       1.097890       1.096130       1.094320       1.092460       1.090550       1.088590       1.086580       1.084530       1.082440       1.080310       1.078140       1.075940       1.073710       1.071440       1.069150       1.066820       1.064470       1.062100       1.059700       1.057280       1.054840       1.052380       1.049900       1.047410    
   1.107060       1.105690       1.104260       1.102750       1.101190       1.099560       1.097880       1.096130       1.094330       1.092480       1.090580       1.088640       1.086640       1.084610       1.082530       1.080410       1.078260       1.076070       1.073850       1.071600       1.069310       1.067000       1.064670       1.062300       1.059920       1.057510       1.055080       1.052630       1.050170       1.047690    
   1.106980       1.105610       1.104180       1.102690       1.101130       1.099510       1.097840       1.096100       1.094320       1.092480       1.090590       1.088660       1.086680       1.084650       1.082590       1.080490       1.078350       1.076170       1.073960       1.071720       1.069450       1.067160       1.064830       1.062480       1.060110       1.057710       1.055300       1.052860       1.050410       1.047940    
   1.106870       1.105510       1.104080       1.102600       1.101050       1.099440       1.097770       1.096050       1.094270       1.092450       1.090570       1.088650       1.086680       1.084670       1.082620       1.080530       1.078410       1.076240       1.074050       1.071820       1.069570       1.067280       1.064970       1.062640       1.060280       1.057890       1.055490       1.053070       1.050630       1.048170    
   1.106750       1.105390       1.103970       1.102480       1.100940       1.099340       1.097680       1.095970       1.094210       1.092390       1.090530       1.088620       1.086660       1.084670       1.082630       1.080550       1.078440       1.076290       1.074110       1.071900       1.069650       1.067380       1.065090       1.062760       1.060420       1.058050       1.055660       1.053250       1.050820       1.048370    
   1.106600       1.105250       1.103830       1.102350       1.100820       1.099220       1.097570       1.095870       1.094120       1.092310       1.090460       1.088560       1.086620       1.084640       1.082610       1.080550       1.078450       1.076310       1.074150       1.071950       1.069720       1.067460       1.065170       1.062860       1.060530       1.058170       1.055800       1.053400       1.050980       1.048550    
   1.106440       1.105090       1.103670       1.102200       1.100670       1.099080       1.097440       1.095750       1.094010       1.092210       1.090370       1.088490       1.086560       1.084580       1.082570       1.080520       1.078430       1.076310       1.074160       1.071970       1.069760       1.067510       1.065240       1.062940       1.060620       1.058280       1.055920       1.053530       1.051130       1.048710    
   1.106260       1.104910       1.103500       1.102030       1.100510       1.098930       1.097290       1.095610       1.093870       1.092090       1.090260       1.088390       1.086470       1.084510       1.082510       1.080470       1.078400       1.076290       1.074150       1.071970       1.069770       1.067540       1.065280       1.063000       1.060690       1.058360       1.056010       1.053640       1.051250       1.048840    
   1.106240       1.104890       1.103070       1.101840       1.100320       1.098750       1.097120       1.095450       1.093720       1.091950       1.090130       1.088270       1.086360       1.084410       1.082420       1.080400       1.078340       1.076240       1.074110       1.071950       1.069760       1.067550       1.065300       1.063030       1.060740       1.058420       1.056080       1.053720       1.051350       1.048950    
   1.106220       1.104010       1.101840       1.100550       1.100120       1.098560       1.096940       1.095270       1.093550       1.091790       1.089980       1.088130       1.086230       1.084290       1.082320       1.080300       1.078260       1.076170       1.074060       1.071910       1.069730       1.067530       1.065300       1.063040       1.060760       1.058460       1.056130       1.053790       1.051420       1.049040    
   1.104900       1.101840       1.100580       1.100010       1.099910       1.098350       1.096730       1.095070       1.093360       1.091610       1.089810       1.087970       1.086080       1.084160       1.082190       1.080190       1.078150       1.076080       1.073980       1.071850       1.069680       1.067490       1.065270       1.063030       1.060760       1.058470       1.056160       1.053830       1.051480       1.049110    
   1.101840       1.100570       1.099960       1.099910       1.098790       1.098120       1.096510       1.094860       1.093160       1.091410       1.089620       1.087790       1.085910       1.084000       1.082050       1.080060       1.078030       1.075980       1.073880       1.071760       1.069610       1.067430       1.065230       1.063000       1.060740       1.058470       1.056170       1.053850       1.051510       1.049160    
   1.100560       1.099940       1.099910       1.098940       1.098120       1.096970       1.096280       1.094630       1.092940       1.091200       1.089420       1.087590       1.085730       1.083830       1.081880       1.079910       1.077890       1.075850       1.073770       1.071660       1.069520       1.067360       1.065170       1.062950       1.060710       1.058440       1.056160       1.053850       1.051530       1.049180    
   1.099920       1.099910       1.098990       1.098120       1.097120       1.096280       1.095450       1.094620       1.092440       1.090970       1.089200       1.087380       1.085530       1.083640       1.081710       1.079740       1.077740       1.075700       1.073640       1.071540       1.069420       1.067260       1.065080       1.062880       1.060650       1.058400       1.056130       1.053840       1.051520       1.049190    
   1.099910       1.099010       1.098120       1.097170       1.096280       1.095870       1.095450       1.093370       1.090970       1.090090       1.088330       1.087160       1.085310       1.083430       1.081510       1.079550       1.077560       1.075540       1.073490       1.071400       1.069290       1.067150       1.064980       1.062790       1.060580       1.058340       1.056080       1.053800       1.051500       1.049180    
   1.099010       1.098120       1.097190       1.096280       1.096070       1.095870       1.093910       1.090970       1.090530       1.088670       1.087040       1.086920       1.085080       1.083210       1.081300       1.079350       1.077370       1.075360       1.073320       1.071250       1.069150       1.067020       1.064860       1.062690       1.060480       1.058260       1.056010       1.053750       1.051460       1.049160    
   1.098120       1.097200       1.096280       1.096180       1.096070       1.094210       1.090970       1.090750       1.088810       1.086980       1.086920       1.086000       1.084550       1.082970       1.081070       1.079140       1.077170       1.075170       1.073140       1.071080       1.068990       1.066870       1.064730       1.062560       1.060370       1.058160       1.055930       1.053680       1.051400       1.049110    
   1.097200       1.096280       1.096230       1.096180       1.094360       1.090970       1.090860       1.088880       1.086950       1.086920       1.086460       1.085110       1.082970       1.082020       1.081060       1.079130       1.077160       1.075160       1.072190       1.070890       1.068810       1.066710       1.064580       1.062430       1.060250       1.058050       1.055830       1.053590       1.051330       1.049050    
   1.096280       1.096250       1.096230       1.094430       1.090970       1.090910       1.088910       1.086940       1.086920       1.086690       1.085360       1.082970       1.082490       1.082020       1.080740       1.079120       1.077150       1.073200       1.070790       1.070690       1.068620       1.066530       1.064410       1.062270       1.060110       1.057920       1.055710       1.053490       1.051240       1.048970    
   1.096270       1.096250       1.094470       1.090970       1.090940       1.088930       1.086930       1.086920       1.086800       1.085490       1.082970       1.082730       1.082490       1.081750       1.080620       1.079000       1.074180       1.070740       1.070690       1.069240       1.068420       1.066340       1.064230       1.062100       1.059950       1.057780       1.055580       1.053370       1.051130       1.048880    
   1.096270       1.094490       1.090970       1.090960       1.088940       1.086920       1.086920       1.086860       1.085550       1.082970       1.082850       1.082730       1.082330       1.081620       1.080460       1.074890       1.070710       1.070690       1.068990       1.068200       1.066950       1.066130       1.064040       1.061920       1.059780       1.057620       1.055440       1.053230       1.051010       1.048770    
   1.094500       1.090970       1.090960       1.088940       1.086920       1.086920       1.086890       1.085570       1.082970       1.082910       1.082850       1.082640       1.082230       1.078740       1.074550       1.069940       1.069950       1.068990       1.067920       1.067850       1.067970       1.065910       1.063830       1.061720       1.059590       1.057450       1.055280       1.053090       1.050880       1.048650    
   1.090970       1.090970       1.088940       1.086920       1.086920       1.086910       1.085590       1.082970       1.082940       1.082910       1.082800       1.082570       1.076940       1.070560       1.070570       1.069820       1.069160       1.069200       1.068170       1.067720       1.067720       1.065680       1.063610       1.061510       1.059400       1.057260       1.055100       1.052920       1.050730       1.048520    
   1.090970       1.088940       1.086920       1.086920       1.086910       1.085600       1.082970       1.082960       1.082940       1.082880       1.078260       1.071500       1.070860       1.070550       1.070550       1.070570       1.069610       1.069130       1.069200       1.067900       1.067470       1.065430       1.063370       1.061290       1.059190       1.057060       1.054910       1.052750       1.050570       1.048370    
   1.088940       1.086920       1.086920       1.086920       1.085600       1.082970       1.082960       1.082960       1.082930       1.077420       1.071500       1.071500       1.071500       1.070850       1.070530       1.070530       1.070570       1.069540       1.069060       1.069200       1.067200       1.065170       1.063130       1.061050       1.058960       1.056850       1.054720       1.052560       1.050390       1.048210    
   1.086920       1.086920       1.086920       1.085600       1.082970       1.082970       1.082960       1.080100       1.076310       1.071500       1.071500       1.071500       1.071500       1.071500       1.070820       1.070490       1.070490       1.070570       1.069320       1.068910       1.066920       1.064910       1.062870       1.060810       1.058730       1.056630       1.054510       1.052370       1.050210       1.048030    
   1.086920       1.086920       1.085600       1.082970       1.082970       1.078970       1.072980       1.072260       1.071540       1.071510       1.071500       1.071500       1.071500       1.071500       1.071500       1.070750       1.070410       1.070410       1.070570       1.068610       1.066630       1.064630       1.062600       1.060550       1.058480       1.056390       1.054280       1.052160       1.050010       1.047850    
   1.086920       1.085600       1.082970       1.082970       1.078170       1.072980       1.072980       1.072980       1.072260       1.071540       1.071510       1.071490       1.071500       1.071500       1.071500       1.071500       1.070620       1.070250       1.070250       1.068310       1.066330       1.064340       1.062320       1.060290       1.058230       1.056150       1.054050       1.051930       1.049800       1.047650    
