iMOD/TUTORIALS/TUT_MetaswapAnalyser/model_MetaSWAP/meteo/Evaporation/Evaporation_20060811_L1.ASC
NCOLS                30
NROWS                30
XLLCORNER     160000.00
YLLCORNER     340000.00
CELLSIZE        1000.00
NODATA_VALUE   -9999.00
   1.904630       1.908470       1.912280       1.916080       1.919870       1.923650       1.927420       1.931190       1.934950       1.938730       1.942510       1.946300       1.950110       1.953930       1.957770       1.961630       1.965520       1.969430       1.973370       1.977340       1.981330       1.985360       1.989420       1.993520       1.997650       2.001810       2.006010       2.010250       2.014520       2.018830    
   1.907870       1.911660       1.915430       1.919180       1.922920       1.926660       1.930390       1.934110       1.937840       1.941580       1.945320       1.949080       1.952850       1.956630       1.960440       1.964270       1.968120       1.971990       1.975900       1.979830       1.983800       1.987790       1.991820       1.995880       1.999980       2.004120       2.008290       2.012490       2.016740       2.021020    
   1.911070       1.914800       1.918520       1.922220       1.925920       1.929610       1.933300       1.936990       1.940680       1.944380       1.948080       1.951800       1.955540       1.959290       1.963060       1.966850       1.970670       1.974510       1.978380       1.982280       1.986210       1.990180       1.994180       1.998210       2.002280       2.006380       2.010520       2.014700       2.018910       2.023170    
   1.914210       1.917890       1.921560       1.925220       1.928870       1.932520       1.936170       1.939820       1.943470       1.947130       1.950800       1.954480       1.958180       1.961890       1.965630       1.969390       1.973170       1.976980       1.980820       1.984690       1.988590       1.992520       1.996490       2.000490       2.004530       2.008600       2.012720       2.016870       2.021060       2.025290    
   1.917320       1.920950       1.924560       1.928180       1.931780       1.935390       1.938990       1.942600       1.946210       1.949830       1.953460       1.957110       1.960770       1.964450       1.968160       1.971880       1.975630       1.979410       1.983220       1.987050       1.990920       1.994830       1.998760       2.002740       2.006750       2.010790       2.014880       2.019000       2.023170       2.027370    
   1.920380       1.923960       1.927530       1.931090       1.934650       1.938210       1.941770       1.945340       1.948910       1.952490       1.956090       1.959700       1.963330       1.966970       1.970640       1.974330       1.978050       1.981800       1.985570       1.989380       1.993220       1.997090       2.001000       2.004950       2.008930       2.012950       2.017010       2.021110       2.025240       2.029420    
   1.923410       1.926930       1.930450       1.933960       1.937480       1.940990       1.944510       1.948040       1.951570       1.955120       1.958670       1.962250       1.965840       1.969450       1.973090       1.976740       1.980430       1.984150       1.987890       1.991670       1.995480       1.999320       2.003200       2.007120       2.011080       2.015070       2.019100       2.023180       2.027290       2.031450    
   1.926400       1.929870       1.933340       1.936800       1.940270       1.943740       1.947220       1.950700       1.954190       1.957700       1.961220       1.964760       1.968310       1.971890       1.975490       1.979120       1.982770       1.986460       1.990170       1.993920       1.997700       2.001520       2.005370       2.009260       2.013190       2.017160       2.021170       2.025220       2.029310       2.033440    
   1.929360       1.932780       1.936190       1.939610       1.943030       1.946450       1.949890       1.953330       1.956780       1.960250       1.963730       1.967230       1.970750       1.974300       1.977860       1.981460       1.985080       1.988730       1.992420       1.996140       1.999890       2.003680       2.007510       2.011370       2.015280       2.019220       2.023210       2.027230       2.031300       2.035410    
   1.932290       1.935650       1.939010       1.942380       1.945750       1.949130       1.952520       1.955920       1.959340       1.962760       1.966210       1.969670       1.973160       1.976670       1.980200       1.983760       1.987360       1.990980       1.994630       1.998320       2.002050       2.005810       2.009610       2.013450       2.017330       2.021250       2.025210       2.029220       2.033260       2.037350    
   1.932290       1.935650       1.940540       1.945130       1.948450       1.951790       1.955130       1.958490       1.961860       1.965250       1.968660       1.972080       1.975530       1.979010       1.982510       1.986040       1.989600       1.993190       1.996820       2.000480       2.004180       2.007910       2.011690       2.015500       2.019360       2.023260       2.027200       2.031180       2.035200       2.039270    
   1.932290       1.938400       1.945130       1.949620       1.951120       1.954410       1.957710       1.961020       1.964360       1.967700       1.971070       1.974460       1.977880       1.981320       1.984790       1.988280       1.991810       1.995380       1.998970       2.002610       2.006280       2.009990       2.013740       2.017530       2.021360       2.025240       2.029150       2.033110       2.037120       2.041170    
   1.936190       1.945130       1.950240       1.952450       1.953770       1.957010       1.960260       1.963540       1.966830       1.970140       1.973470       1.976820       1.980200       1.983600       1.987040       1.990500       1.994000       1.997530       2.001100       2.004710       2.008350       2.012040       2.015760       2.019530       2.023340       2.027190       2.031090       2.035030       2.039010       2.043040    
   1.945130       1.950560       1.953110       1.953770       1.956790       1.959580       1.962800       1.966020       1.969270       1.972540       1.975830       1.979150       1.982490       1.985860       1.989260       1.992700       1.996170       1.999670       2.003210       2.006790       2.010400       2.014060       2.017760       2.021510       2.025290       2.029120       2.033000       2.036920       2.040890       2.044900    
   1.950730       1.953440       1.953770       1.956710       1.959580       1.962560       1.965300       1.968490       1.971700       1.974930       1.978180       1.981460       1.984760       1.988100       1.991470       1.994870       1.998310       2.001780       2.005290       2.008840       2.012430       2.016070       2.019740       2.023460       2.027230       2.031040       2.034890       2.038800       2.042740       2.046740    
   1.953600       1.953770       1.956690       1.959580       1.962480       1.965300       1.966890       1.968500       1.973100       1.977290       1.980500       1.983740       1.987020       1.990320       1.993650       1.997020       2.000430       2.003870       2.007350       2.010870       2.014440       2.018050       2.021700       2.025400       2.029140       2.032930       2.036770       2.040650       2.044580       2.048560    
   1.953770       1.956680       1.959580       1.962450       1.965300       1.966100       1.966900       1.971450       1.977290       1.978890       1.983160       1.986010       1.989250       1.992510       1.995810       1.999150       2.002530       2.005940       2.009390       2.012890       2.016430       2.020010       2.023640       2.027320       2.031040       2.034810       2.038630       2.042490       2.046400       2.050360    
   1.956680       1.959580       1.962440       1.965300       1.965700       1.966100       1.970430       1.977290       1.978090       1.982950       1.987140       1.988270       1.991460       1.994690       1.997960       2.001270       2.004610       2.007990       2.011420       2.014890       2.018400       2.021960       2.025570       2.029220       2.032920       2.036670       2.040470       2.044320       2.048210       2.052160    
   1.959580       1.962440       1.965300       1.965500       1.965700       1.969880       1.977290       1.977690       1.982860       1.987700       1.988270       1.989870       1.992820       1.996860       2.000090       2.003360       2.006680       2.010030       2.013430       2.016870       2.020360       2.023890       2.027480       2.031110       2.034790       2.038520       2.042300       2.046130       2.050010       2.053940    
   1.962440       1.965300       1.965400       1.965500       1.969590       1.977290       1.977490       1.982820       1.987990       1.988270       1.989070       1.991950       1.996860       1.998470       2.000100       2.003380       2.006690       2.010050       2.015990       2.018840       2.022300       2.025810       2.029370       2.032980       2.036640       2.040350       2.044120       2.047930       2.051800       2.055710    
   1.965300       1.965350       1.965400       1.969450       1.977290       1.977390       1.982800       1.988130       1.988270       1.988670       1.991540       1.996860       1.997670       1.998480       2.000650       2.003390       2.006700       2.014670       2.019820       2.020800       2.024230       2.027720       2.031260       2.034850       2.038490       2.042180       2.045930       2.049720       2.053570       2.057480    
   1.965320       1.965350       1.969370       1.977290       1.977340       1.982790       1.988200       1.988270       1.988470       1.991330       1.996860       1.997260       1.997670       1.998930       2.000840       2.003580       2.013180       2.020310       2.020800       2.023730       2.026150       2.029620       2.033130       2.036700       2.040320       2.044000       2.047730       2.051510       2.055340       2.059230    
   1.965320       1.969330       1.977290       1.977320       1.982780       1.988230       1.988270       1.988370       1.991230       1.996860       1.997060       1.997260       1.997960       1.999150       2.001120       2.012950       2.020560       2.020800       2.025880       2.028060       2.030130       2.031510       2.035000       2.038550       2.042150       2.045810       2.049520       2.053290       2.057110       2.060980    
   1.969320       1.977290       1.977300       1.982780       1.988250       1.988270       1.988320       1.991180       1.996860       1.996960       1.997060       1.997430       1.998120       2.007830       2.017370       2.026600       2.026600       2.028310       2.030290       2.030930       2.029980       2.033390       2.036860       2.040390       2.043970       2.047610       2.051310       2.055060       2.058870       2.062730    
   1.977290       1.977300       1.982780       1.988260       1.988270       1.988290       1.991160       1.996860       1.996910       1.996960       1.997150       1.997540       2.013940       2.033140       2.033080       2.031300       2.032640       2.032400       2.032160       2.031880       2.031880       2.035270       2.038720       2.042230       2.045790       2.049420       2.053100       2.056840       2.060630       2.064480    
   1.977290       1.982780       1.988270       1.988270       1.988280       1.991150       1.996860       1.996890       1.996910       1.997010       2.012720       2.035980       2.034140       2.033200       2.033200       2.033080       2.032890       2.032880       2.032400       2.033430       2.033780       2.037150       2.040580       2.044060       2.047610       2.051220       2.054880       2.058610       2.062390       2.066230    
   1.982780       1.988270       1.988270       1.988280       1.991140       1.996860       1.996870       1.996890       1.996930       2.015720       2.035980       2.035980       2.035980       2.034230       2.033330       2.033330       2.033080       2.033210       2.033360       2.032400       2.035680       2.039030       2.042430       2.045900       2.049430       2.053020       2.056670       2.060380       2.064150       2.067980    
   1.988270       1.988270       1.988270       1.991140       1.996860       1.996870       1.996870       2.008540       2.021250       2.035990       2.035980       2.035980       2.035980       2.035980       2.034410       2.033570       2.033570       2.033080       2.034010       2.034320       2.037580       2.040900       2.044290       2.047740       2.051250       2.054820       2.058460       2.062160       2.065920       2.069740    
   1.988270       1.988270       1.991130       1.996860       1.996860       2.015300       2.042960       2.043220       2.043480       2.038500       2.036000       2.035980       2.035980       2.035980       2.035980       2.034770       2.034070       2.034070       2.033080       2.036250       2.039490       2.042790       2.046150       2.049580       2.053070       2.056630       2.060260       2.063940       2.067690       2.071500    
   1.988270       1.991130       1.996860       1.996860       2.018990       2.042960       2.042960       2.042960       2.043220       2.043480       2.038520       2.036030       2.035980       2.035980       2.035980       2.035980       2.035460       2.035050       2.035050       2.038190       2.041400       2.044670       2.048020       2.051430       2.054900       2.058450       2.062060       2.065730       2.069470       2.073270    
