iMOD/TUTORIALS/TUT_MetaswapAnalyser/model_MetaSWAP/meteo/Evaporation/Evaporation_20060411_L1.ASC
NCOLS                30
NROWS                30
XLLCORNER     160000.00
YLLCORNER     340000.00
CELLSIZE        1000.00
NODATA_VALUE   -9999.00
   1.791660       1.793640       1.795590       1.797490       1.799360       1.801190       1.802980       1.804740       1.806460       1.808150       1.809810       1.811440       1.813040       1.814610       1.816160       1.817670       1.819160       1.820630       1.822080       1.823500       1.824900       1.826280       1.827640       1.828980       1.830300       1.831600       1.832890       1.834160       1.835420       1.836660    
   1.795250       1.797250       1.799200       1.801110       1.802980       1.804820       1.806620       1.808390       1.810120       1.811820       1.813480       1.815120       1.816730       1.818310       1.819860       1.821380       1.822880       1.824360       1.825810       1.827240       1.828650       1.830030       1.831400       1.832750       1.834070       1.835380       1.836680       1.837950       1.839220       1.840460    
   1.798830       1.800830       1.802790       1.804710       1.806590       1.808430       1.810240       1.812010       1.813750       1.815460       1.817140       1.818780       1.820400       1.821980       1.823540       1.825080       1.826590       1.828070       1.829530       1.830960       1.832380       1.833770       1.835140       1.836500       1.837830       1.839150       1.840450       1.841730       1.843000       1.844250    
   1.802400       1.804400       1.806360       1.808290       1.810170       1.812030       1.813840       1.815620       1.817370       1.819090       1.820770       1.822420       1.824050       1.825640       1.827210       1.828750       1.830270       1.831760       1.833230       1.834670       1.836090       1.837490       1.838870       1.840230       1.841570       1.842900       1.844200       1.845490       1.846760       1.848020    
   1.805940       1.807950       1.809920       1.811850       1.813740       1.815600       1.817420       1.819210       1.820970       1.822690       1.824380       1.826050       1.827680       1.829280       1.830860       1.832410       1.833930       1.835430       1.836900       1.838360       1.839790       1.841190       1.842580       1.843950       1.845300       1.846630       1.847940       1.849230       1.850510       1.851780    
   1.809480       1.811490       1.813460       1.815400       1.817300       1.819160       1.820990       1.822790       1.824550       1.826280       1.827980       1.829650       1.831290       1.832900       1.834490       1.836050       1.837580       1.839080       1.840570       1.842030       1.843460       1.844880       1.846270       1.847650       1.849000       1.850340       1.851660       1.852960       1.854240       1.855510    
   1.812990       1.815010       1.816980       1.818930       1.820830       1.822700       1.824540       1.826340       1.828120       1.829850       1.831560       1.833240       1.834890       1.836510       1.838100       1.839670       1.841210       1.842720       1.844210       1.845680       1.847120       1.848550       1.849950       1.851330       1.852690       1.854030       1.855360       1.856670       1.857960       1.859230    
   1.816500       1.818510       1.820500       1.822440       1.824350       1.826230       1.828080       1.829890       1.831660       1.833410       1.835130       1.836810       1.838470       1.840100       1.841700       1.843270       1.844820       1.846340       1.847840       1.849310       1.850770       1.852200       1.853610       1.854990       1.856360       1.857710       1.859040       1.860360       1.861660       1.862940    
   1.819980       1.822000       1.823990       1.825940       1.827860       1.829740       1.831590       1.833410       1.835200       1.836950       1.838670       1.840370       1.842030       1.843670       1.845280       1.846860       1.848410       1.849940       1.851450       1.852930       1.854390       1.855830       1.857250       1.858640       1.860020       1.861370       1.862710       1.864030       1.865340       1.866630    
   1.823460       1.825480       1.827470       1.829430       1.831350       1.833240       1.835100       1.836920       1.838720       1.840480       1.842210       1.843910       1.845580       1.847220       1.848840       1.850430       1.851990       1.853530       1.855050       1.856540       1.858000       1.859450       1.860870       1.862280       1.863660       1.865020       1.866370       1.867690       1.869000       1.870300    
   1.823450       1.825470       1.828820       1.832900       1.834830       1.836730       1.838590       1.840420       1.842220       1.843990       1.845730       1.847430       1.849110       1.850770       1.852390       1.853990       1.855560       1.857100       1.858630       1.860120       1.861600       1.863050       1.864480       1.865890       1.867280       1.868650       1.870000       1.871340       1.872650       1.873950    
   1.823440       1.827660       1.832900       1.836950       1.838300       1.840200       1.842070       1.843900       1.845710       1.847480       1.849230       1.850950       1.852630       1.854290       1.855920       1.857530       1.859110       1.860660       1.862190       1.863700       1.865180       1.866640       1.868080       1.869490       1.870890       1.872270       1.873630       1.874970       1.876290       1.877590    
   1.826340       1.832900       1.837910       1.840020       1.841750       1.843660       1.845530       1.847370       1.849180       1.850970       1.852720       1.854440       1.856140       1.857800       1.859440       1.861060       1.862640       1.864200       1.865740       1.867250       1.868740       1.870210       1.871660       1.873080       1.874480       1.875870       1.877230       1.878580       1.879910       1.881220    
   1.832900       1.838360       1.840890       1.841750       1.844170       1.847100       1.848980       1.850830       1.852650       1.854440       1.856190       1.857920       1.859630       1.861300       1.862950       1.864570       1.866160       1.867730       1.869280       1.870800       1.872290       1.873770       1.875220       1.876650       1.878060       1.879450       1.880820       1.882180       1.883510       1.884830    
   1.838580       1.841320       1.841750       1.844340       1.847100       1.849500       1.852420       1.854270       1.856100       1.857890       1.859660       1.861390       1.863100       1.864780       1.866440       1.868070       1.869670       1.871240       1.872800       1.874320       1.875830       1.877310       1.878770       1.880210       1.881630       1.883020       1.884400       1.885760       1.887100       1.888430    
   1.841530       1.841750       1.844400       1.847100       1.849670       1.852420       1.853340       1.854260       1.857400       1.861330       1.863110       1.864850       1.866570       1.868250       1.869920       1.871550       1.873160       1.874740       1.876300       1.877840       1.879350       1.880840       1.882310       1.883750       1.885170       1.886580       1.887960       1.889330       1.890680       1.892010    
   1.841750       1.844420       1.847100       1.849730       1.852420       1.852880       1.853340       1.856580       1.861330       1.862220       1.865860       1.868290       1.870020       1.871710       1.873380       1.875020       1.876640       1.878230       1.879800       1.881340       1.882860       1.884350       1.885830       1.887280       1.888710       1.890120       1.891510       1.892880       1.894240       1.895570    
   1.844420       1.847100       1.849750       1.852420       1.852650       1.852880       1.856030       1.861330       1.861780       1.866230       1.870000       1.871720       1.873450       1.875160       1.876830       1.878480       1.880100       1.881700       1.883280       1.884830       1.886350       1.887850       1.889330       1.890790       1.892230       1.893650       1.895050       1.896420       1.897780       1.899130    
   1.847100       1.849760       1.852420       1.852540       1.852650       1.855720       1.861330       1.861550       1.866380       1.870860       1.871720       1.872590       1.874730       1.878590       1.880270       1.881930       1.883560       1.885160       1.886740       1.888300       1.889830       1.891340       1.892830       1.894290       1.895740       1.897160       1.898570       1.899950       1.901320       1.902660    
   1.849760       1.852420       1.852480       1.852540       1.855560       1.861330       1.861440       1.866460       1.871290       1.871720       1.872150       1.874410       1.878590       1.879430       1.880260       1.881920       1.883550       1.885150       1.889430       1.891760       1.893300       1.894820       1.896310       1.897780       1.899230       1.900660       1.902070       1.903460       1.904830       1.906190    
   1.852420       1.852450       1.852480       1.855480       1.861330       1.861390       1.866490       1.871510       1.871720       1.871940       1.874220       1.878590       1.879010       1.879430       1.880540       1.881910       1.883540       1.889370       1.893490       1.895210       1.896750       1.898280       1.899780       1.901260       1.902710       1.904150       1.905570       1.906960       1.908340       1.909700    
   1.852430       1.852450       1.855430       1.861330       1.861360       1.866510       1.871610       1.871720       1.871830       1.874120       1.878590       1.878800       1.879010       1.879660       1.880630       1.882000       1.888880       1.894350       1.895210       1.897380       1.900190       1.901720       1.903230       1.904720       1.906180       1.907620       1.909040       1.910450       1.911830       1.913200    
   1.852430       1.855410       1.861330       1.861340       1.866520       1.871670       1.871720       1.871770       1.874060       1.878590       1.878700       1.878800       1.879160       1.879760       1.880760       1.890340       1.894780       1.895210       1.901240       1.903610       1.904540       1.905160       1.906670       1.908160       1.909630       1.911080       1.912510       1.913920       1.915310       1.916680    
   1.855400       1.861330       1.861340       1.866520       1.871690       1.871720       1.871750       1.874040       1.878590       1.878640       1.878690       1.878880       1.879240       1.890100       1.898670       1.905420       1.905420       1.906390       1.907600       1.908740       1.907040       1.908580       1.910100       1.911600       1.913080       1.914530       1.915960       1.917380       1.918770       1.920150    
   1.861330       1.861330       1.866520       1.871710       1.871720       1.871730       1.874020       1.878590       1.878620       1.878640       1.878740       1.878940       1.898000       1.920820       1.920720       1.914990       1.916050       1.915630       1.912270       1.910440       1.910440       1.911990       1.913520       1.915020       1.916500       1.917960       1.919400       1.920820       1.922230       1.923610    
   1.861330       1.866520       1.871710       1.871720       1.871730       1.874020       1.878590       1.878600       1.878620       1.878670       1.898870       1.929020       1.923640       1.920930       1.920930       1.920720       1.917770       1.916470       1.915630       1.914280       1.913840       1.915390       1.916920       1.918430       1.919920       1.921390       1.922830       1.924260       1.925660       1.927050    
   1.866520       1.871720       1.871720       1.871720       1.874010       1.878590       1.878600       1.878600       1.878630       1.902840       1.929020       1.929020       1.929020       1.923800       1.921140       1.921140       1.920720       1.918270       1.917310       1.915630       1.917220       1.918780       1.920320       1.921830       1.923320       1.924800       1.926250       1.927680       1.929090       1.930480    
   1.871720       1.871720       1.871720       1.874010       1.878590       1.878590       1.878600       1.894870       1.911110       1.929030       1.929020       1.929020       1.929020       1.929020       1.924100       1.921550       1.921560       1.920720       1.919420       1.918990       1.920580       1.922150       1.923700       1.925220       1.926720       1.928190       1.929650       1.931090       1.932500       1.933900    
   1.871720       1.871720       1.874010       1.878590       1.878590       1.905210       1.945140       1.944400       1.943660       1.933920       1.929050       1.929020       1.929020       1.929020       1.929020       1.924690       1.922390       1.922390       1.920720       1.922340       1.923940       1.925510       1.927060       1.928590       1.930090       1.931580       1.933040       1.934480       1.935900       1.937300    
   1.871720       1.874010       1.878590       1.878590       1.910540       1.945150       1.945150       1.945140       1.944400       1.943660       1.933970       1.929100       1.929020       1.929020       1.929020       1.929020       1.925810       1.924050       1.924060       1.925680       1.927280       1.928860       1.930420       1.931950       1.933460       1.934950       1.936420       1.937860       1.939290       1.940700    
