iMOD/TUTORIALS/TUT_MetaswapAnalyser/model_MetaSWAP/meteo/Evaporation/Evaporation_20060704_L1.ASC
NCOLS                30
NROWS                30
XLLCORNER     160000.00
YLLCORNER     340000.00
CELLSIZE        1000.00
NODATA_VALUE   -9999.00
   5.392730       5.393410       5.394020       5.394560       5.395040       5.395440       5.395790       5.396090       5.396320       5.396510       5.396640       5.396730       5.396780       5.396780       5.396740       5.396660       5.396550       5.396400       5.396210       5.396000       5.395750       5.395470       5.395160       5.394830       5.394470       5.394080       5.393660       5.393220       5.392750       5.392260    
   5.393270       5.393990       5.394630       5.395210       5.395710       5.396160       5.396540       5.396870       5.397140       5.397360       5.397530       5.397650       5.397720       5.397750       5.397740       5.397690       5.397600       5.397470       5.397310       5.397120       5.396890       5.396630       5.396340       5.396020       5.395670       5.395300       5.394890       5.394460       5.394010       5.393530    
   5.393790       5.394540       5.395220       5.395830       5.396370       5.396860       5.397270       5.397640       5.397940       5.398190       5.398390       5.398540       5.398650       5.398710       5.398720       5.398700       5.398630       5.398530       5.398390       5.398220       5.398010       5.397770       5.397500       5.397200       5.396860       5.396500       5.396110       5.395700       5.395250       5.394780    
   5.394290       5.395080       5.395790       5.396440       5.397020       5.397530       5.397990       5.398380       5.398720       5.399000       5.399240       5.399420       5.399550       5.399640       5.399690       5.399690       5.399650       5.399570       5.399460       5.399300       5.399120       5.398900       5.398640       5.398360       5.398040       5.397690       5.397320       5.396910       5.396480       5.396020    
   5.394780       5.395600       5.396350       5.397030       5.397640       5.398190       5.398680       5.399110       5.399480       5.399800       5.400060       5.400280       5.400440       5.400560       5.400630       5.400660       5.400650       5.400590       5.400500       5.400370       5.400210       5.400010       5.399770       5.399500       5.399200       5.398870       5.398510       5.398120       5.397700       5.397250    
   5.395250       5.396100       5.396880       5.397600       5.398250       5.398830       5.399350       5.399820       5.400220       5.400570       5.400870       5.401110       5.401310       5.401460       5.401560       5.401610       5.401630       5.401600       5.401530       5.401420       5.401280       5.401100       5.400880       5.400630       5.400350       5.400030       5.399680       5.399300       5.398900       5.398460    
   5.395710       5.396590       5.397410       5.398160       5.398840       5.399460       5.400010       5.400510       5.400950       5.401330       5.401660       5.401930       5.402160       5.402330       5.402460       5.402550       5.402590       5.402580       5.402540       5.402450       5.402330       5.402170       5.401970       5.401740       5.401480       5.401180       5.400840       5.400480       5.400080       5.399660    
   5.396140       5.397060       5.397910       5.398690       5.399410       5.400060       5.400650       5.401180       5.401650       5.402070       5.402430       5.402730       5.402990       5.403190       5.403350       5.403460       5.403530       5.403550       5.403530       5.403470       5.403370       5.403230       5.403050       5.402840       5.402590       5.402300       5.401990       5.401640       5.401250       5.400840    
   5.396570       5.397520       5.398400       5.399220       5.399970       5.400650       5.401270       5.401840       5.402340       5.402790       5.403180       5.403520       5.403800       5.404040       5.404220       5.404360       5.404450       5.404500       5.404500       5.404470       5.404390       5.404270       5.404110       5.403920       5.403680       5.403420       5.403120       5.402780       5.402410       5.402010    
   5.396980       5.397960       5.398880       5.399720       5.400500       5.401220       5.401880       5.402480       5.403010       5.403490       5.403910       5.404280       5.404600       5.404860       5.405070       5.405240       5.405360       5.405430       5.405460       5.405450       5.405390       5.405290       5.405150       5.404980       5.404760       5.404510       5.404230       5.403910       5.403550       5.403160    
   5.396950       5.397940       5.399190       5.400210       5.401030       5.401780       5.402470       5.403100       5.403660       5.404170       5.404630       5.405030       5.405370       5.405670       5.405910       5.406100       5.406250       5.406350       5.406400       5.406410       5.406370       5.406300       5.406180       5.406020       5.405830       5.405590       5.405320       5.405020       5.404680       5.404300    
   5.396930       5.398570       5.400210       5.401200       5.401530       5.402320       5.403040       5.403700       5.404300       5.404840       5.405330       5.405760       5.406130       5.406450       5.406720       5.406940       5.407120       5.407240       5.407320       5.407350       5.407340       5.407280       5.407190       5.407050       5.406870       5.406660       5.406400       5.406110       5.405780       5.405420    
   5.397900       5.400210       5.401300       5.401770       5.402020       5.402840       5.403590       5.404290       5.404920       5.405490       5.406010       5.406470       5.406870       5.407220       5.407520       5.407770       5.407970       5.408120       5.408220       5.408280       5.408290       5.408250       5.408180       5.408060       5.407900       5.407700       5.407460       5.407190       5.406870       5.406530    
   5.400210       5.401360       5.401900       5.402020       5.402740       5.403350       5.404130       5.404860       5.405520       5.406120       5.406670       5.407160       5.407590       5.407980       5.408300       5.408580       5.408800       5.408980       5.409100       5.409180       5.409220       5.409210       5.409150       5.409050       5.408910       5.408730       5.408510       5.408250       5.407950       5.407610    
   5.401390       5.401960       5.402020       5.402700       5.403350       5.404040       5.404650       5.405410       5.406100       5.406740       5.407320       5.407840       5.408300       5.408710       5.409060       5.409370       5.409620       5.409820       5.409970       5.410070       5.410130       5.410140       5.410100       5.410020       5.409900       5.409740       5.409530       5.409290       5.409000       5.408680    
   5.401990       5.402020       5.402690       5.403350       5.404010       5.404650       5.405030       5.405390       5.406400       5.407340       5.407940       5.408490       5.408990       5.409420       5.409810       5.410140       5.410420       5.410640       5.410820       5.410940       5.411020       5.411060       5.411040       5.410980       5.410880       5.410730       5.410540       5.410310       5.410040       5.409740    
   5.402020       5.402690       5.403350       5.404010       5.404650       5.404840       5.405020       5.406040       5.407340       5.407640       5.408530       5.409130       5.409660       5.410120       5.410530       5.410890       5.411200       5.411450       5.411650       5.411800       5.411900       5.411950       5.411960       5.411920       5.411830       5.411700       5.411530       5.411320       5.411060       5.410770    
   5.402690       5.403350       5.404000       5.404650       5.404750       5.404840       5.405810       5.407340       5.407490       5.408540       5.409440       5.409760       5.410310       5.410800       5.411240       5.411620       5.411960       5.412230       5.412460       5.412630       5.412760       5.412830       5.412860       5.412840       5.412770       5.412660       5.412500       5.412310       5.412070       5.411790    
   5.403350       5.404000       5.404650       5.404700       5.404740       5.405680       5.407340       5.407410       5.408550       5.409600       5.409760       5.410040       5.410580       5.411460       5.411930       5.412340       5.412700       5.413000       5.413250       5.413450       5.413590       5.413690       5.413740       5.413740       5.413690       5.413600       5.413460       5.413280       5.413050       5.412790    
   5.404000       5.404650       5.404670       5.404700       5.405620       5.407340       5.407380       5.408550       5.409680       5.409760       5.409900       5.410460       5.411460       5.411700       5.411910       5.412320       5.412680       5.412980       5.413790       5.414240       5.414410       5.414530       5.414600       5.414620       5.414590       5.414510       5.414390       5.414230       5.414020       5.413760    
   5.404650       5.404660       5.404670       5.405580       5.407340       5.407360       5.408550       5.409720       5.409760       5.409830       5.410390       5.411460       5.411580       5.411690       5.411980       5.412300       5.412660       5.413820       5.414630       5.415020       5.415210       5.415350       5.415440       5.415480       5.415470       5.415410       5.415310       5.415160       5.414960       5.414720    
   5.404660       5.404660       5.405560       5.407340       5.407350       5.408550       5.409740       5.409760       5.409790       5.410360       5.411460       5.411520       5.411580       5.411750       5.411990       5.412310       5.413730       5.414820       5.415020       5.415410       5.415990       5.416160       5.416260       5.416320       5.416330       5.416290       5.416200       5.416070       5.415890       5.415660    
   5.404660       5.405560       5.407340       5.407340       5.408550       5.409750       5.409760       5.409780       5.410340       5.411460       5.411490       5.411520       5.411610       5.411770       5.412020       5.414020       5.414920       5.415020       5.416260       5.416750       5.416860       5.416940       5.417070       5.417140       5.417170       5.417150       5.417080       5.416960       5.416790       5.416580    
   5.405550       5.407340       5.407340       5.408550       5.409750       5.409760       5.409770       5.410340       5.411460       5.411470       5.411490       5.411540       5.411630       5.413870       5.415680       5.417140       5.417140       5.417350       5.417610       5.417860       5.417500       5.417700       5.417850       5.417950       5.417990       5.417990       5.417930       5.417820       5.417670       5.417480    
   5.407340       5.407340       5.408550       5.409760       5.409760       5.409760       5.410330       5.411460       5.411470       5.411470       5.411500       5.411550       5.415460       5.420110       5.420090       5.419050       5.419350       5.419270       5.418590       5.418210       5.418220       5.418440       5.418610       5.418730       5.418790       5.418800       5.418760       5.418670       5.418540       5.418350    
   5.407340       5.408550       5.409760       5.409760       5.409760       5.410330       5.411460       5.411460       5.411470       5.411480       5.415370       5.421150       5.420470       5.420130       5.420130       5.420090       5.419630       5.419430       5.419270       5.419000       5.418920       5.419160       5.419350       5.419490       5.419570       5.419600       5.419570       5.419500       5.419380       5.419210    
   5.408550       5.409760       5.409760       5.409760       5.410330       5.411460       5.411460       5.411460       5.411470       5.416120       5.421150       5.421150       5.421150       5.420500       5.420160       5.420160       5.420090       5.419720       5.419590       5.419270       5.419600       5.419860       5.420070       5.420230       5.420330       5.420370       5.420360       5.420300       5.420190       5.420040    
   5.409760       5.409760       5.409760       5.410330       5.411460       5.411460       5.411460       5.414220       5.417380       5.421150       5.421150       5.421150       5.421150       5.421150       5.420550       5.420230       5.420230       5.420090       5.419940       5.419900       5.420250       5.420540       5.420770       5.420940       5.421060       5.421120       5.421130       5.421080       5.420990       5.420840    
   5.409760       5.409760       5.410330       5.411460       5.411460       5.415660       5.421950       5.422220       5.422490       5.421600       5.421150       5.421150       5.421150       5.421150       5.421150       5.420650       5.420370       5.420370       5.420090       5.420520       5.420890       5.421200       5.421450       5.421640       5.421770       5.421850       5.421870       5.421840       5.421760       5.421630    
   5.409760       5.410330       5.411460       5.411460       5.416500       5.421950       5.421950       5.421950       5.422220       5.422490       5.421610       5.421160       5.421150       5.421150       5.421150       5.421150       5.420840       5.420650       5.420650       5.421110       5.421500       5.421830       5.422100       5.422310       5.422460       5.422560       5.422590       5.422580       5.422510       5.422390    
