iMOD/TUTORIALS/TUT_MetaswapAnalyser/model_MetaSWAP/meteo/Evaporation/Evaporation_20050129_L1.ASC
NCOLS                30
NROWS                30
XLLCORNER     160000.00
YLLCORNER     340000.00
CELLSIZE        1000.00
NODATA_VALUE   -9999.00
  0.5288300      0.5293600      0.5298800      0.5303900      0.5308900      0.5313700      0.5318500      0.5323200      0.5327800      0.5332200      0.5336600      0.5340900      0.5345100      0.5349200      0.5353200      0.5357200      0.5361000      0.5364800      0.5368500      0.5372100      0.5375700      0.5379200      0.5382600      0.5386000      0.5389200      0.5392500      0.5395600      0.5398800      0.5401800      0.5404900    
  0.5313700      0.5318900      0.5324000      0.5329100      0.5334000      0.5338800      0.5343500      0.5348200      0.5352700      0.5357100      0.5361500      0.5365700      0.5369900      0.5374000      0.5378000      0.5381900      0.5385700      0.5389500      0.5393200      0.5396800      0.5400300      0.5403800      0.5407200      0.5410500      0.5413800      0.5417000      0.5420200      0.5423300      0.5426400      0.5429400    
  0.5339100      0.5344200      0.5349300      0.5354200      0.5359100      0.5363900      0.5368500      0.5373100      0.5377600      0.5382000      0.5386300      0.5390600      0.5394700      0.5398800      0.5402700      0.5406600      0.5410400      0.5414200      0.5417800      0.5421400      0.5424900      0.5428400      0.5431800      0.5435100      0.5438400      0.5441600      0.5444700      0.5447800      0.5450900      0.5453900    
  0.5364500      0.5369500      0.5374500      0.5379400      0.5384200      0.5388900      0.5393600      0.5398100      0.5402500      0.5406900      0.5411200      0.5415400      0.5419500      0.5423500      0.5427500      0.5431300      0.5435100      0.5438800      0.5442500      0.5446000      0.5449500      0.5453000      0.5456400      0.5459700      0.5462900      0.5466100      0.5469300      0.5472300      0.5475400      0.5478400    
  0.5389900      0.5394900      0.5399800      0.5404600      0.5409400      0.5414000      0.5418600      0.5423100      0.5427500      0.5431800      0.5436000      0.5440200      0.5444300      0.5448300      0.5452200      0.5456000      0.5459800      0.5463500      0.5467100      0.5470600      0.5474100      0.5477600      0.5480900      0.5484200      0.5487400      0.5490600      0.5493800      0.5496800      0.5499900      0.5502800    
  0.5415300      0.5420200      0.5425100      0.5429800      0.5434500      0.5439100      0.5443600      0.5448000      0.5452400      0.5456700      0.5460900      0.5465000      0.5469000      0.5473000      0.5476900      0.5480700      0.5484400      0.5488100      0.5491700      0.5495200      0.5498700      0.5502100      0.5505400      0.5508700      0.5512000      0.5515100      0.5518200      0.5521300      0.5524300      0.5527300    
  0.5440800      0.5445600      0.5450300      0.5455000      0.5459600      0.5464200      0.5468600      0.5473000      0.5477300      0.5481600      0.5485700      0.5489800      0.5493800      0.5497700      0.5501600      0.5505400      0.5509100      0.5512700      0.5516300      0.5519800      0.5523300      0.5526600      0.5530000      0.5533200      0.5536400      0.5539600      0.5542700      0.5545700      0.5548700      0.5551700    
  0.5466200      0.5471000      0.5475600      0.5480300      0.5484800      0.5489300      0.5493700      0.5498000      0.5502300      0.5506500      0.5510600      0.5514600      0.5518600      0.5522500      0.5526300      0.5530100      0.5533700      0.5537400      0.5540900      0.5544400      0.5547800      0.5551200      0.5554500      0.5557700      0.5560900      0.5564100      0.5567100      0.5570200      0.5573200      0.5576100    
  0.5491700      0.5496400      0.5501000      0.5505500      0.5510000      0.5514400      0.5518700      0.5523000      0.5527200      0.5531400      0.5535400      0.5539400      0.5543400      0.5547200      0.5551000      0.5554700      0.5558400      0.5562000      0.5565500      0.5569000      0.5572400      0.5575700      0.5579000      0.5582200      0.5585400      0.5588500      0.5591600      0.5594600      0.5597600      0.5600500    
  0.5517200      0.5521800      0.5526300      0.5530800      0.5535200      0.5539500      0.5543800      0.5548000      0.5552200      0.5556300      0.5560300      0.5564300      0.5568100      0.5572000      0.5575700      0.5579400      0.5583000      0.5586600      0.5590100      0.5593500      0.5596900      0.5600200      0.5603500      0.5606700      0.5609800      0.5612900      0.5616000      0.5619000      0.5621900      0.5624900    
  0.5517200      0.5521770      0.5533750      0.5556100      0.5560400      0.5564700      0.5568900      0.5573100      0.5577200      0.5581200      0.5585200      0.5589100      0.5592900      0.5596700      0.5600400      0.5604100      0.5607700      0.5611200      0.5614700      0.5618100      0.5621400      0.5624700      0.5628000      0.5631200      0.5634300      0.5637400      0.5640400      0.5643400      0.5646300      0.5649200    
  0.5517190      0.5532200      0.5556100      0.5578250      0.5585600      0.5589800      0.5594000      0.5598100      0.5602100      0.5606100      0.5610100      0.5613900      0.5617700      0.5621500      0.5625100      0.5628800      0.5632300      0.5635800      0.5639300      0.5642600      0.5646000      0.5649200      0.5652500      0.5655600      0.5658700      0.5661800      0.5664800      0.5667800      0.5670700      0.5673600    
  0.5529520      0.5556100      0.5585870      0.5598250      0.5610900      0.5615000      0.5619100      0.5623200      0.5627100      0.5631100      0.5634900      0.5638800      0.5642500      0.5646200      0.5649900      0.5653400      0.5657000      0.5660400      0.5663800      0.5667200      0.5670500      0.5673700      0.5676900      0.5680100      0.5683200      0.5686200      0.5689200      0.5692100      0.5695000      0.5697900    
  0.5556100      0.5589360      0.5604570      0.5610900      0.5622030      0.5640200      0.5644200      0.5648200      0.5652200      0.5656000      0.5659900      0.5663600      0.5667300      0.5671000      0.5674600      0.5678100      0.5681600      0.5685100      0.5688400      0.5691800      0.5695000      0.5698200      0.5701400      0.5704500      0.5707600      0.5710600      0.5713600      0.5716500      0.5719400      0.5722200    
  0.5591020      0.5607740      0.5610900      0.5624380      0.5640200      0.5651270      0.5669400      0.5673300      0.5677200      0.5681000      0.5684800      0.5688500      0.5692200      0.5695800      0.5699300      0.5702800      0.5706300      0.5709700      0.5713000      0.5716300      0.5719600      0.5722700      0.5725900      0.5729000      0.5732000      0.5735000      0.5738000      0.5740900      0.5743700      0.5746500    
  0.5609320      0.5610900      0.5625160      0.5640200      0.5653620      0.5669400      0.5671350      0.5673300      0.5684370      0.5706000      0.5709700      0.5713400      0.5717000      0.5720600      0.5724100      0.5727500      0.5730900      0.5734300      0.5737600      0.5740900      0.5744100      0.5747200      0.5750400      0.5753400      0.5756400      0.5759400      0.5762300      0.5765200      0.5768100      0.5770900    
  0.5610900      0.5625420      0.5640200      0.5654410      0.5669400      0.5670370      0.5671350      0.5683760      0.5706000      0.5707850      0.5726120      0.5738300      0.5741800      0.5745300      0.5748800      0.5752200      0.5755600      0.5758900      0.5762200      0.5765400      0.5768600      0.5771700      0.5774800      0.5777900      0.5780900      0.5783800      0.5786700      0.5789600      0.5792400      0.5795200    
  0.5625510      0.5640200      0.5654670      0.5669400      0.5669890      0.5670370      0.5682870      0.5706000      0.5706920      0.5730780      0.5750750      0.5763200      0.5766700      0.5770200      0.5773600      0.5777000      0.5780300      0.5783600      0.5786800      0.5790000      0.5793200      0.5796300      0.5799300      0.5802300      0.5805300      0.5808200      0.5811100      0.5813900      0.5816700      0.5819500    
  0.5640200      0.5654760      0.5669400      0.5669640      0.5669890      0.5682280      0.5706000      0.5706460      0.5732780      0.5756980      0.5763200      0.5764950      0.5773770      0.5795000      0.5798400      0.5801700      0.5805000      0.5808200      0.5811400      0.5814600      0.5817700      0.5820800      0.5823800      0.5826800      0.5829700      0.5832600      0.5835400      0.5838200      0.5841000      0.5843800    
  0.5654790      0.5669400      0.5669520      0.5669640      0.5681950      0.5706000      0.5706230      0.5733710      0.5760090      0.5763200      0.5764070      0.5774230      0.5795000      0.5796700      0.5798370      0.5801700      0.5804970      0.5808200      0.5827440      0.5839200      0.5842200      0.5845300      0.5848300      0.5851200      0.5854100      0.5857000      0.5859800      0.5862600      0.5865300      0.5868000    
  0.5669400      0.5669460      0.5669520      0.5681780      0.5706000      0.5706120      0.5734160      0.5761640      0.5763200      0.5763640      0.5774130      0.5795000      0.5795850      0.5796690      0.5798920      0.5801680      0.5804960      0.5831180      0.5851500      0.5863800      0.5866800      0.5869800      0.5872700      0.5875700      0.5878500      0.5881400      0.5884200      0.5886900      0.5889600      0.5892300    
  0.5669430      0.5669460      0.5681690      0.5706000      0.5706060      0.5734380      0.5762420      0.5763200      0.5763420      0.5773990      0.5795000      0.5795430      0.5795850      0.5797150      0.5799100      0.5801850      0.5831850      0.5857650      0.5863800      0.5874000      0.5891400      0.5894300      0.5897200      0.5900100      0.5903000      0.5905800      0.5908500      0.5911300      0.5914000      0.5916600    
  0.5669430      0.5681650      0.5706000      0.5706030      0.5734490      0.5762810      0.5763200      0.5763310      0.5773900      0.5795000      0.5795210      0.5795420      0.5796140      0.5797370      0.5799370      0.5846230      0.5860730      0.5863800      0.5901640      0.5915950      0.5917680      0.5918800      0.5921700      0.5924600      0.5927400      0.5930200      0.5932900      0.5935600      0.5938300      0.5940900    
  0.5681620      0.5706000      0.5706010      0.5734540      0.5763010      0.5763200      0.5763250      0.5773850      0.5795000      0.5795110      0.5795210      0.5795590      0.5796310      0.5862690      0.5908080      0.5937600      0.5937600      0.5940510      0.5944610      0.5952800      0.5940500      0.5943400      0.5946200      0.5949000      0.5951800      0.5954600      0.5957300      0.5959900      0.5962600      0.5965200    
  0.5706000      0.5706010      0.5734570      0.5763100      0.5763200      0.5763230      0.5773830      0.5795000      0.5795050      0.5795110      0.5795300      0.5795710      0.5914540      0.6058670      0.6057900      0.6010030      0.6014490      0.6011400      0.5981090      0.5965070      0.5965100      0.5967900      0.5970700      0.5973500      0.5976200      0.5979000      0.5981600      0.5984300      0.5986900      0.5989400    
  0.5706000      0.5734590      0.5763150      0.5763200      0.5763210      0.5773810      0.5795000      0.5795030      0.5795050      0.5795150      0.5928980      0.6129400      0.6082890      0.6059440      0.6059440      0.6057900      0.6030130      0.6017580      0.6011400      0.5995080      0.5989600      0.5992500      0.5995200      0.5998000      0.6000700      0.6003400      0.6006000      0.6008600      0.6011200      0.6013700    
  0.5734590      0.5763180      0.5763200      0.5763210      0.5773810      0.5795000      0.5795010      0.5795030      0.5795080      0.5955600      0.6129400      0.6129400      0.6129400      0.6084030      0.6060990      0.6060990      0.6057900      0.6033640      0.6023750      0.6011400      0.6014200      0.6017000      0.6019700      0.6022400      0.6025100      0.6027800      0.6030400      0.6032900      0.6035500      0.6038000    
  0.5763190      0.5763200      0.5763200      0.5773800      0.5795000      0.5795010      0.5795010      0.5909000      0.6016030      0.6129470      0.6129400      0.6129400      0.6129400      0.6129400      0.6086270      0.6064080      0.6064080      0.6057900      0.6041530      0.6036100      0.6038800      0.6041600      0.6044300      0.6046900      0.6049600      0.6052200      0.6054700      0.6057300      0.6059800      0.6062300    
  0.5763200      0.5763200      0.5773800      0.5795000      0.5795000      0.5986330      0.6273300      0.6262100      0.6250900      0.6170090      0.6129600      0.6129400      0.6129400      0.6129400      0.6129400      0.6090620      0.6070250      0.6070250      0.6057900      0.6060700      0.6063400      0.6066100      0.6068800      0.6071400      0.6074000      0.6076600      0.6079100      0.6081600      0.6084100      0.6086600    
  0.5763200      0.5773800      0.5795000      0.5795000      0.6024630      0.6273350      0.6273350      0.6273300      0.6262100      0.6250900      0.6170440      0.6130010      0.6129400      0.6129400      0.6129400      0.6129400      0.6098770      0.6082600      0.6082600      0.6085400      0.6088000      0.6090700      0.6093300      0.6095900      0.6098500      0.6101000      0.6103500      0.6106000      0.6108400      0.6110800    
