iMOD/TUTORIALS/TUT_MetaswapAnalyser/model_MetaSWAP/meteo/Evaporation/Evaporation_20050311_L1.ASC
NCOLS                30
NROWS                30
XLLCORNER     160000.00
YLLCORNER     340000.00
CELLSIZE        1000.00
NODATA_VALUE   -9999.00
  0.2022200      0.2002500      0.1982800      0.1963300      0.1943900      0.1924500      0.1905300      0.1886100      0.1867100      0.1848200      0.1829300      0.1810600      0.1791900      0.1773400      0.1754900      0.1736600      0.1718300      0.1700100      0.1682100      0.1664100      0.1646200      0.1628400      0.1610700      0.1593000      0.1575500      0.1558100      0.1540800      0.1523500      0.1506400      0.1489300    
  0.2026800      0.2006900      0.1987200      0.1967500      0.1948000      0.1928600      0.1909200      0.1890000      0.1870900      0.1851900      0.1832900      0.1814100      0.1795400      0.1776800      0.1758200      0.1739800      0.1721500      0.1703200      0.1685100      0.1667000      0.1649000      0.1631200      0.1613400      0.1595700      0.1578100      0.1560600      0.1543200      0.1525900      0.1508700      0.1491600    
  0.2031300      0.2011300      0.1991500      0.1971800      0.1952100      0.1932600      0.1913200      0.1893900      0.1874700      0.1855600      0.1836600      0.1817600      0.1798800      0.1780100      0.1761500      0.1743000      0.1724600      0.1706300      0.1688000      0.1669900      0.1651900      0.1633900      0.1616100      0.1598300      0.1580700      0.1563100      0.1545700      0.1528300      0.1511000      0.1493800    
  0.2035800      0.2015700      0.1995800      0.1976000      0.1956300      0.1936600      0.1917100      0.1897700      0.1878400      0.1859300      0.1840200      0.1821200      0.1802300      0.1783500      0.1764800      0.1746200      0.1727700      0.1709300      0.1691000      0.1672800      0.1654700      0.1636700      0.1618800      0.1601000      0.1583300      0.1565600      0.1548100      0.1530700      0.1513400      0.1496100    
  0.2040300      0.2020200      0.2000100      0.1980200      0.1960400      0.1940700      0.1921100      0.1901600      0.1882200      0.1862900      0.1843800      0.1824700      0.1805700      0.1786900      0.1768100      0.1749400      0.1730900      0.1712400      0.1694000      0.1675700      0.1657600      0.1639500      0.1621500      0.1603600      0.1585900      0.1568200      0.1550600      0.1533100      0.1515700      0.1498400    
  0.2044800      0.2024600      0.2004400      0.1984400      0.1964500      0.1944700      0.1925000      0.1905500      0.1886000      0.1866600      0.1847400      0.1828200      0.1809200      0.1790200      0.1771400      0.1752600      0.1734000      0.1715400      0.1697000      0.1678700      0.1660400      0.1642300      0.1624200      0.1606300      0.1588400      0.1570700      0.1553000      0.1535500      0.1518000      0.1500700    
  0.2049300      0.2029000      0.2008700      0.1988600      0.1968600      0.1948700      0.1929000      0.1909300      0.1889800      0.1870300      0.1851000      0.1831700      0.1812600      0.1793600      0.1774700      0.1755800      0.1737100      0.1718500      0.1700000      0.1681600      0.1663300      0.1645100      0.1627000      0.1608900      0.1591000      0.1573200      0.1555500      0.1537900      0.1520400      0.1503000    
  0.2053800      0.2033400      0.2013000      0.1992800      0.1972800      0.1952800      0.1932900      0.1913200      0.1893500      0.1874000      0.1854600      0.1835300      0.1816000      0.1796900      0.1777900      0.1759100      0.1740300      0.1721600      0.1703000      0.1684500      0.1666100      0.1647900      0.1629700      0.1611600      0.1593600      0.1575800      0.1558000      0.1540300      0.1522700      0.1505300    
  0.2058300      0.2037800      0.2017400      0.1997100      0.1976900      0.1956800      0.1936900      0.1917000      0.1897300      0.1877700      0.1858200      0.1838800      0.1819500      0.1800300      0.1781200      0.1762300      0.1743400      0.1724600      0.1706000      0.1687400      0.1669000      0.1650600      0.1632400      0.1614300      0.1596200      0.1578300      0.1560500      0.1542700      0.1525100      0.1507600    
  0.2062800      0.2042200      0.2021700      0.2001300      0.1981000      0.1960800      0.1940800      0.1920900      0.1901100      0.1881400      0.1861800      0.1842300      0.1822900      0.1803700      0.1784500      0.1765500      0.1746500      0.1727700      0.1709000      0.1690400      0.1671900      0.1653400      0.1635100      0.1616900      0.1598800      0.1580800      0.1562900      0.1545200      0.1527500      0.1509900    
  0.2062870      0.2042230      0.2017680      0.2005500      0.1985100      0.1964900      0.1944800      0.1924700      0.1904800      0.1885100      0.1865400      0.1845800      0.1826400      0.1807100      0.1787800      0.1768700      0.1749700      0.1730800      0.1712000      0.1693300      0.1674700      0.1656200      0.1637900      0.1619600      0.1601400      0.1583400      0.1565400      0.1547600      0.1529800      0.1512200    
  0.2062900      0.2032070      0.2005500      0.1993300      0.1989200      0.1968900      0.1948700      0.1928600      0.1908600      0.1888800      0.1869000      0.1849400      0.1829800      0.1810400      0.1791100      0.1771900      0.1752800      0.1733900      0.1715000      0.1696200      0.1677600      0.1659000      0.1640600      0.1622300      0.1604100      0.1585900      0.1567900      0.1550000      0.1532200      0.1514500    
  0.2046030      0.2005500      0.1995870      0.1991300      0.1993400      0.1973000      0.1952700      0.1932500      0.1912400      0.1892500      0.1872600      0.1852900      0.1833300      0.1813800      0.1794400      0.1775200      0.1756000      0.1737000      0.1718000      0.1699200      0.1680500      0.1661900      0.1643400      0.1625000      0.1606700      0.1588500      0.1570400      0.1552500      0.1534600      0.1516900    
  0.2005500      0.1996780      0.1992350      0.1993400      0.1981130      0.1977000      0.1956600      0.1936300      0.1916200      0.1896200      0.1876200      0.1856500      0.1836800      0.1817200      0.1797700      0.1778400      0.1759200      0.1740000      0.1721000      0.1702100      0.1683400      0.1664700      0.1646100      0.1627700      0.1609300      0.1591100      0.1572900      0.1554900      0.1537000      0.1519200    
  0.1997140      0.1992880      0.1993400      0.1983840      0.1977000      0.1964730      0.1960600      0.1940200      0.1920000      0.1899900      0.1879900      0.1860000      0.1840200      0.1820600      0.1801100      0.1781600      0.1762300      0.1743100      0.1724100      0.1705100      0.1686300      0.1667500      0.1648900      0.1630400      0.1612000      0.1593700      0.1575500      0.1557400      0.1539400      0.1521500    
  0.1993140      0.1993400      0.1984750      0.1977000      0.1967440      0.1960600      0.1950400      0.1940270      0.1915920      0.1903600      0.1883500      0.1863500      0.1843700      0.1824000      0.1804400      0.1784900      0.1765500      0.1746300      0.1727100      0.1708100      0.1689200      0.1670300      0.1651700      0.1633100      0.1614600      0.1596200      0.1578000      0.1559900      0.1541800      0.1523900    
  0.1993400      0.1985050      0.1977000      0.1968350      0.1960600      0.1955500      0.1950420      0.1927550      0.1903600      0.1893550      0.1877680      0.1867100      0.1847200      0.1827400      0.1807700      0.1788100      0.1768700      0.1749400      0.1730100      0.1711000      0.1692100      0.1673200      0.1654400      0.1635800      0.1617300      0.1598800      0.1580500      0.1562300      0.1544200      0.1526300    
  0.1985150      0.1977000      0.1968650      0.1960600      0.1958050      0.1955510      0.1934270      0.1903600      0.1898570      0.1882890      0.1868900      0.1870700      0.1850700      0.1830800      0.1811000      0.1791400      0.1771900      0.1752500      0.1733200      0.1714000      0.1695000      0.1676000      0.1657200      0.1638500      0.1619900      0.1601400      0.1583100      0.1564800      0.1546700      0.1528600    
  0.1977000      0.1968750      0.1960600      0.1959330      0.1958050      0.1937860      0.1903600      0.1901090      0.1885110      0.1869800      0.1870700      0.1860700      0.1846600      0.1834200      0.1814400      0.1794700      0.1775100      0.1755600      0.1736300      0.1717000      0.1697900      0.1678900      0.1660000      0.1641300      0.1622600      0.1604100      0.1585600      0.1567300      0.1549100      0.1531000    
  0.1968780      0.1960600      0.1959960      0.1959330      0.1939710      0.1903600      0.1902340      0.1886150      0.1870250      0.1870700      0.1865700      0.1853050      0.1834200      0.1824300      0.1814430      0.1794730      0.1775130      0.1755670      0.1730380      0.1720000      0.1700800      0.1681800      0.1662800      0.1644000      0.1625300      0.1606700      0.1588200      0.1569800      0.1551600      0.1533400    
  0.1960600      0.1960280      0.1959960      0.1940650      0.1903600      0.1902970      0.1886650      0.1870480      0.1870700      0.1868200      0.1855910      0.1834200      0.1829250      0.1824310      0.1811160      0.1794770      0.1775180      0.1741140      0.1721500      0.1723000      0.1703800      0.1684700      0.1665700      0.1646800      0.1628000      0.1609300      0.1590800      0.1572400      0.1554100      0.1535900    
  0.1960440      0.1960280      0.1941120      0.1903600      0.1903290      0.1886900      0.1870590      0.1870700      0.1869450      0.1857250      0.1834200      0.1831720      0.1829250      0.1821570      0.1810080      0.1793700      0.1751270      0.1722250      0.1723000      0.1711200      0.1706800      0.1687600      0.1668500      0.1649500      0.1630700      0.1612000      0.1593400      0.1574900      0.1556500      0.1538300    
  0.1960440      0.1941360      0.1903600      0.1903440      0.1887030      0.1870640      0.1870700      0.1870070      0.1857900      0.1834200      0.1832960      0.1831730      0.1827520      0.1820300      0.1808450      0.1761970      0.1722620      0.1723000      0.1714540      0.1709750      0.1698200      0.1690500      0.1671300      0.1652300      0.1633400      0.1614700      0.1596000      0.1577500      0.1559000      0.1540700    
  0.1941480      0.1903600      0.1903520      0.1887090      0.1870670      0.1870700      0.1870390      0.1858220      0.1834200      0.1833580      0.1832960      0.1830740      0.1826510      0.1805940      0.1773070      0.1732200      0.1732200      0.1723210      0.1713220      0.1714200      0.1712700      0.1693400      0.1674200      0.1655100      0.1636200      0.1617300      0.1598600      0.1580000      0.1561600      0.1543200    
  0.1903600      0.1903560      0.1887120      0.1870690      0.1870700      0.1870540      0.1858380      0.1834200      0.1833890      0.1833580      0.1832430      0.1830070      0.1799700      0.1767600      0.1767500      0.1747970      0.1741790      0.1741400      0.1723920      0.1715700      0.1715700      0.1696300      0.1677100      0.1657900      0.1638900      0.1620000      0.1601300      0.1582600      0.1564100      0.1545700    
  0.1903580      0.1887130      0.1870690      0.1870700      0.1870620      0.1858460      0.1834200      0.1834050      0.1833890      0.1833300      0.1818140      0.1797300      0.1777580      0.1767700      0.1767700      0.1767500      0.1750400      0.1742180      0.1741400      0.1724380      0.1718700      0.1699300      0.1679900      0.1660800      0.1641700      0.1622700      0.1603900      0.1585200      0.1566600      0.1548200    
  0.1887140      0.1870700      0.1870700      0.1870660      0.1858490      0.1834200      0.1834120      0.1834050      0.1833750      0.1815990      0.1797300      0.1797300      0.1797300      0.1777720      0.1767900      0.1767900      0.1767500      0.1750530      0.1742950      0.1741400      0.1721700      0.1702200      0.1682800      0.1663600      0.1644500      0.1625500      0.1606600      0.1587800      0.1569200      0.1550700    
  0.1870700      0.1870700      0.1870680      0.1858510      0.1834200      0.1834160      0.1834120      0.1834180      0.1820950      0.1797310      0.1797300      0.1797300      0.1797300      0.1797300      0.1777990      0.1768300      0.1768300      0.1767500      0.1750250      0.1744500      0.1724800      0.1705200      0.1685800      0.1666400      0.1647300      0.1628200      0.1609300      0.1590500      0.1571800      0.1553200    
  0.1870700      0.1870690      0.1858520      0.1834200      0.1834180      0.1844180      0.1859200      0.1847000      0.1834800      0.1809830      0.1797330      0.1797300      0.1797300      0.1797300      0.1797300      0.1778480      0.1769100      0.1769100      0.1767500      0.1747600      0.1727800      0.1708200      0.1688700      0.1669300      0.1650100      0.1631000      0.1612000      0.1593100      0.1574400      0.1555800    
  0.1870700      0.1858530      0.1834200      0.1834190      0.1846200      0.1859210      0.1859210      0.1859200      0.1847000      0.1834800      0.1809870      0.1797380      0.1797300      0.1797300      0.1797300      0.1797300      0.1779210      0.1770700      0.1770700      0.1750700      0.1730900      0.1711200      0.1691600      0.1672200      0.1652900      0.1633800      0.1614700      0.1595800      0.1577000      0.1558400    
