iMOD/TUTORIALS/TUT_MetaswapAnalyser/model_MetaSWAP/meteo/Evaporation/Evaporation_20060705_L1.ASC
NCOLS                30
NROWS                30
XLLCORNER     160000.00
YLLCORNER     340000.00
CELLSIZE        1000.00
NODATA_VALUE   -9999.00
   3.816190       3.819790       3.823450       3.827160       3.830940       3.834790       3.838700       3.842680       3.846740       3.850870       3.855080       3.859370       3.863740       3.868190       3.872720       3.877340       3.882050       3.886840       3.891720       3.896690       3.901740       3.906880       3.912100       3.917400       3.922790       3.928270       3.933820       3.939450       3.945160       3.950950    
   3.819330       3.822860       3.826450       3.830110       3.833830       3.837620       3.841470       3.845400       3.849400       3.853470       3.857620       3.861860       3.866170       3.870560       3.875040       3.879600       3.884250       3.888990       3.893810       3.898710       3.903700       3.908780       3.913940       3.919190       3.924520       3.929930       3.935420       3.941000       3.946650       3.952370    
   3.822470       3.825940       3.829470       3.833060       3.836720       3.840450       3.844250       3.848120       3.852060       3.856080       3.860180       3.864350       3.868610       3.872950       3.877370       3.881870       3.886470       3.891140       3.895900       3.900750       3.905680       3.910700       3.915810       3.920990       3.926260       3.931620       3.937050       3.942560       3.948160       3.953820    
   3.825610       3.829020       3.832490       3.836030       3.839630       3.843300       3.847040       3.850850       3.854740       3.858700       3.862740       3.866860       3.871060       3.875340       3.879700       3.884150       3.888690       3.893310       3.898010       3.902800       3.907680       3.912640       3.917680       3.922810       3.928030       3.933320       3.938700       3.944150       3.949690       3.955300    
   3.828770       3.832120       3.835520       3.839000       3.842540       3.846150       3.849830       3.853590       3.857420       3.861320       3.865310       3.869370       3.873510       3.877740       3.882050       3.886440       3.890920       3.895480       3.900130       3.904860       3.909680       3.914590       3.919580       3.924650       3.929800       3.935040       3.940360       3.945760       3.951240       3.956790    
   3.831940       3.835220       3.838560       3.841980       3.845460       3.849010       3.852640       3.856330       3.860110       3.863960       3.867880       3.871890       3.875980       3.880150       3.884410       3.888740       3.893160       3.897670       3.902260       3.906940       3.911700       3.916550       3.921480       3.926500       3.931600       3.936780       3.942050       3.947390       3.952810       3.958310    
   3.835120       3.838340       3.841620       3.844970       3.848390       3.851880       3.855450       3.859090       3.862810       3.866600       3.870470       3.874420       3.878460       3.882570       3.886770       3.891050       3.895420       3.899870       3.904410       3.909030       3.913740       3.918530       3.923410       3.928370       3.933410       3.938540       3.943750       3.949040       3.954410       3.959850    
   3.838310       3.841460       3.844680       3.847970       3.851330       3.854770       3.858270       3.861860       3.865520       3.869250       3.873070       3.876970       3.880940       3.885000       3.889150       3.893380       3.897690       3.902080       3.906570       3.911130       3.915790       3.920530       3.925350       3.930260       3.935250       3.940320       3.945470       3.950710       3.956020       3.961420    
   3.841520       3.844600       3.847760       3.850980       3.854280       3.857660       3.861110       3.864630       3.868240       3.871920       3.875680       3.879520       3.883440       3.887450       3.891540       3.895710       3.899970       3.904310       3.908740       3.913250       3.917850       3.922540       3.927300       3.932160       3.937100       3.942120       3.947220       3.952400       3.957660       3.963000    
   3.844730       3.847750       3.850840       3.854010       3.857250       3.860570       3.863960       3.867420       3.870970       3.874600       3.878300       3.882090       3.885950       3.889900       3.893940       3.898060       3.902260       3.906550       3.910920       3.915380       3.919930       3.924560       3.929280       3.934080       3.938960       3.943930       3.948980       3.954110       3.959320       3.964610    
   3.844750       3.847770       3.852410       3.857050       3.860230       3.863480       3.866820       3.870230       3.873720       3.877280       3.880930       3.884660       3.888480       3.892370       3.896350       3.900420       3.904570       3.908800       3.913120       3.917530       3.922020       3.926600       3.931270       3.936010       3.940850       3.945760       3.950760       3.955840       3.961000       3.966240    
   3.844780       3.850500       3.857050       3.861680       3.863220       3.866410       3.869690       3.873040       3.876470       3.879980       3.883580       3.887250       3.891010       3.894850       3.898780       3.902790       3.906890       3.911070       3.915340       3.919690       3.924130       3.928660       3.933270       3.937970       3.942750       3.947620       3.952560       3.957590       3.962700       3.967890    
   3.848540       3.857050       3.862420       3.864720       3.866220       3.869360       3.872570       3.875870       3.879240       3.882700       3.886240       3.889860       3.893560       3.897350       3.901220       3.905180       3.909220       3.913350       3.917570       3.921870       3.926260       3.930730       3.935300       3.939940       3.944670       3.949490       3.954390       3.959370       3.964430       3.969570    
   3.857050       3.862790       3.865470       3.866220       3.869300       3.872320       3.875470       3.878710       3.882030       3.885430       3.888910       3.892480       3.896120       3.899860       3.903680       3.907580       3.911570       3.915650       3.919810       3.924060       3.928400       3.932830       3.937340       3.941930       3.946610       3.951380       3.956230       3.961160       3.966180       3.971270    
   3.862980       3.865840       3.866220       3.869280       3.872320       3.875390       3.878390       3.881570       3.884830       3.888170       3.891600       3.895110       3.898700       3.902380       3.906150       3.910000       3.913940       3.917960       3.922070       3.926270       3.930560       3.934930       3.939400       3.943940       3.948570       3.953290       3.958090       3.962980       3.967940       3.972990    
   3.866030       3.866220       3.869270       3.872320       3.875370       3.878390       3.879980       3.881600       3.886370       3.890930       3.894300       3.897750       3.901290       3.904920       3.908630       3.912430       3.916320       3.920290       3.924350       3.928500       3.932740       3.937060       3.941470       3.945970       3.950550       3.955220       3.959980       3.964810       3.969730       3.974730    
   3.866220       3.869270       3.872320       3.875360       3.878390       3.879190       3.879990       3.884720       3.890930       3.892610       3.897300       3.900420       3.903900       3.907480       3.911130       3.914880       3.918710       3.922640       3.926650       3.930740       3.934930       3.939210       3.943570       3.948020       3.952550       3.957180       3.961880       3.966670       3.971550       3.976500    
   3.869270       3.872320       3.875360       3.878390       3.878790       3.879190       3.883710       3.890930       3.891770       3.897140       3.901750       3.903090       3.906530       3.910050       3.913650       3.917350       3.921130       3.925000       3.928960       3.933010       3.937140       3.941370       3.945680       3.950090       3.954570       3.959150       3.963810       3.968560       3.973380       3.978300    
   3.872320       3.875360       3.878390       3.878590       3.878790       3.883150       3.890930       3.891350       3.897070       3.902420       3.903090       3.904810       3.908070       3.912630       3.916190       3.919830       3.923560       3.927380       3.931290       3.935290       3.939380       3.943550       3.947820       3.952170       3.956620       3.961140       3.965760       3.970460       3.975240       3.980110    
   3.875360       3.878390       3.878490       3.878590       3.882860       3.890930       3.891140       3.897040       3.902760       3.903090       3.903950       3.907150       3.912630       3.914410       3.916220       3.919860       3.923590       3.927410       3.934290       3.937590       3.941620       3.945750       3.949970       3.954280       3.958680       3.963160       3.967730       3.972390       3.977130       3.981950    
   3.878390       3.878440       3.878490       3.882720       3.890930       3.891040       3.897020       3.902920       3.903090       3.903520       3.906710       3.912630       3.913520       3.914420       3.916830       3.919890       3.923620       3.932790       3.938750       3.939900       3.943900       3.947980       3.952150       3.956410       3.960760       3.965200       3.969730       3.974340       3.979040       3.983820    
   3.878420       3.878440       3.882640       3.890930       3.890980       3.897020       3.903010       3.903090       3.903310       3.906490       3.912630       3.913070       3.913520       3.914920       3.917050       3.920110       3.931100       3.939320       3.939900       3.943330       3.946180       3.950220       3.954340       3.958560       3.962870       3.967260       3.971740       3.976310       3.980970       3.985710    
   3.878420       3.882610       3.890930       3.890960       3.897010       3.903050       3.903090       3.903200       3.906380       3.912630       3.912850       3.913080       3.913840       3.915160       3.917360       3.930990       3.939610       3.939900       3.945930       3.948500       3.950900       3.952480       3.956560       3.960730       3.964990       3.969350       3.973790       3.978310       3.982930       3.987620    
   3.882590       3.890930       3.890940       3.897010       3.903070       3.903090       3.903140       3.906320       3.912630       3.912740       3.912850       3.913260       3.914030       3.925510       3.936560       3.947080       3.947070       3.948990       3.951230       3.952000       3.950830       3.954770       3.958800       3.962930       3.967150       3.971450       3.975850       3.980340       3.984910       3.989570    
   3.890930       3.890940       3.897010       3.903080       3.903090       3.903120       3.906300       3.912630       3.912690       3.912740       3.912950       3.913380       3.932880       3.955760       3.955680       3.953090       3.954550       3.954240       3.953670       3.953190       3.953180       3.957080       3.961060       3.965150       3.969320       3.973590       3.977940       3.982390       3.986920       3.991540    
   3.890930       3.897010       3.903080       3.903090       3.903100       3.906280       3.912630       3.912660       3.912690       3.912790       3.931880       3.960170       3.957300       3.955840       3.955840       3.955680       3.955060       3.954860       3.954240       3.955230       3.955560       3.959400       3.963350       3.967390       3.971520       3.975740       3.980060       3.984460       3.988950       3.993530    
   3.897010       3.903090       3.903090       3.903100       3.906280       3.912630       3.912640       3.912660       3.912710       3.935540       3.960170       3.960170       3.960170       3.957420       3.956000       3.956000       3.955680       3.955460       3.955480       3.954240       3.957950       3.961760       3.965660       3.969650       3.973740       3.977920       3.982200       3.986560       3.991020       3.995560    
   3.903090       3.903090       3.903090       3.906270       3.912630       3.912640       3.912640       3.927250       3.942640       3.960180       3.960170       3.960170       3.960170       3.960170       3.957650       3.956320       3.956320       3.955680       3.956460       3.956710       3.960370       3.964130       3.967990       3.971940       3.975990       3.980130       3.984370       3.988690       3.993110       3.997610    
   3.903090       3.903090       3.906270       3.912630       3.912630       3.936010       3.971070       3.971020       3.970970       3.963790       3.960190       3.960170       3.960170       3.960170       3.960170       3.958120       3.956970       3.956960       3.955680       3.959200       3.962820       3.966540       3.970350       3.974260       3.978270       3.982370       3.986560       3.990850       3.995230       3.999700    
   3.903090       3.906270       3.912630       3.912630       3.940690       3.971080       3.971080       3.971070       3.971020       3.970970       3.963830       3.960240       3.960170       3.960170       3.960170       3.960170       3.959020       3.958260       3.958250       3.961720       3.965290       3.968960       3.972730       3.976600       3.980570       3.984630       3.988790       3.993040       3.997380       4.001810    
