iMOD/TUTORIALS/TUT_MetaswapAnalyser/model_MetaSWAP/meteo/Evaporation/Evaporation_20050109_L1.ASC
NCOLS                30
NROWS                30
XLLCORNER     160000.00
YLLCORNER     340000.00
CELLSIZE        1000.00
NODATA_VALUE   -9999.00
  0.5196300      0.5194600      0.5192700      0.5190600      0.5188400      0.5186000      0.5183400      0.5180600      0.5177600      0.5174500      0.5171200      0.5167800      0.5164200      0.5160400      0.5156500      0.5152500      0.5148300      0.5143900      0.5139500      0.5134800      0.5130100      0.5125200      0.5120100      0.5115000      0.5109700      0.5104300      0.5098800      0.5093200      0.5087400      0.5081600    
  0.5205900      0.5204200      0.5202300      0.5200200      0.5198000      0.5195600      0.5192900      0.5190200      0.5187200      0.5184100      0.5180800      0.5177400      0.5173800      0.5170000      0.5166100      0.5162100      0.5157900      0.5153600      0.5149100      0.5144500      0.5139700      0.5134800      0.5129800      0.5124700      0.5119400      0.5114000      0.5108500      0.5102900      0.5097200      0.5091400    
  0.5215500      0.5213800      0.5211900      0.5209800      0.5207500      0.5205100      0.5202500      0.5199700      0.5196700      0.5193600      0.5190300      0.5186900      0.5183300      0.5179600      0.5175700      0.5171600      0.5167400      0.5163100      0.5158600      0.5154000      0.5149300      0.5144400      0.5139400      0.5134300      0.5129100      0.5123700      0.5118200      0.5112600      0.5106900      0.5101100    
  0.5225000      0.5223200      0.5221300      0.5219200      0.5216900      0.5214500      0.5211900      0.5209100      0.5206100      0.5203000      0.5199700      0.5196300      0.5192700      0.5189000      0.5185100      0.5181100      0.5176900      0.5172600      0.5168100      0.5163500      0.5158800      0.5153900      0.5148900      0.5143800      0.5138600      0.5133300      0.5127800      0.5122200      0.5116500      0.5110800    
  0.5234400      0.5232600      0.5230700      0.5228600      0.5226300      0.5223800      0.5221200      0.5218400      0.5215500      0.5212400      0.5209100      0.5205700      0.5202100      0.5198300      0.5194500      0.5190400      0.5186300      0.5182000      0.5177500      0.5172900      0.5168200      0.5163400      0.5158400      0.5153300      0.5148100      0.5142800      0.5137300      0.5131800      0.5126100      0.5120300    
  0.5243700      0.5242000      0.5240000      0.5237900      0.5235600      0.5233100      0.5230500      0.5227700      0.5224700      0.5221600      0.5218400      0.5214900      0.5211300      0.5207600      0.5203700      0.5199700      0.5195600      0.5191300      0.5186800      0.5182300      0.5177600      0.5172700      0.5167800      0.5162700      0.5157500      0.5152200      0.5146800      0.5141300      0.5135600      0.5129900    
  0.5253000      0.5251200      0.5249200      0.5247100      0.5244800      0.5242300      0.5239700      0.5236900      0.5233900      0.5230800      0.5227500      0.5224100      0.5220600      0.5216800      0.5213000      0.5209000      0.5204800      0.5200500      0.5196100      0.5191500      0.5186900      0.5182000      0.5177100      0.5172000      0.5166900      0.5161600      0.5156200      0.5150700      0.5145000      0.5139300    
  0.5262200      0.5260400      0.5258400      0.5256200      0.5253900      0.5251500      0.5248800      0.5246000      0.5243100      0.5239900      0.5236700      0.5233300      0.5229700      0.5226000      0.5222100      0.5218100      0.5214000      0.5209700      0.5205300      0.5200700      0.5196100      0.5191300      0.5186400      0.5181300      0.5176200      0.5170900      0.5165500      0.5160000      0.5154400      0.5148700    
  0.5271300      0.5269500      0.5267500      0.5265300      0.5263000      0.5260500      0.5257900      0.5255100      0.5252100      0.5249000      0.5245700      0.5242300      0.5238800      0.5235000      0.5231200      0.5227200      0.5223100      0.5218800      0.5214400      0.5209900      0.5205200      0.5200400      0.5195500      0.5190500      0.5185400      0.5180100      0.5174800      0.5169300      0.5163700      0.5158000    
  0.5280400      0.5278500      0.5276500      0.5274300      0.5272000      0.5269500      0.5266900      0.5264100      0.5261100      0.5258000      0.5254700      0.5251300      0.5247800      0.5244100      0.5240200      0.5236200      0.5232100      0.5227900      0.5223500      0.5219000      0.5214300      0.5209500      0.5204700      0.5199700      0.5194500      0.5189300      0.5184000      0.5178500      0.5173000      0.5167300    
  0.5280330      0.5278470      0.5278150      0.5283300      0.5281000      0.5278500      0.5275800      0.5273000      0.5270000      0.5266900      0.5263700      0.5260200      0.5256700      0.5253000      0.5249200      0.5245200      0.5241100      0.5236800      0.5232500      0.5228000      0.5223300      0.5218600      0.5213700      0.5208700      0.5203600      0.5198400      0.5193100      0.5187700      0.5182100      0.5176500    
  0.5280280      0.5280060      0.5283300      0.5288200      0.5289800      0.5287300      0.5284700      0.5281900      0.5278900      0.5275800      0.5272500      0.5269100      0.5265600      0.5261900      0.5258100      0.5254100      0.5250000      0.5245800      0.5241400      0.5236900      0.5232300      0.5227600      0.5222700      0.5217800      0.5212700      0.5207500      0.5202200      0.5196800      0.5191300      0.5185600    
  0.5281400      0.5283300      0.5291110      0.5294250      0.5298700      0.5296200      0.5293500      0.5290700      0.5287700      0.5284600      0.5281300      0.5277900      0.5274400      0.5270700      0.5266900      0.5262900      0.5258800      0.5254600      0.5250300      0.5245800      0.5241200      0.5236500      0.5231700      0.5226700      0.5221700      0.5216500      0.5211200      0.5205800      0.5200300      0.5194700    
  0.5283300      0.5292400      0.5296470      0.5298700      0.5299930      0.5304900      0.5302200      0.5299400      0.5296500      0.5293300      0.5290100      0.5286700      0.5283100      0.5279500      0.5275700      0.5271700      0.5267600      0.5263400      0.5259100      0.5254600      0.5250100      0.5245400      0.5240600      0.5235600      0.5230600      0.5225400      0.5220200      0.5214800      0.5209300      0.5203800    
  0.5293000      0.5297590      0.5298700      0.5301180      0.5304900      0.5306000      0.5310900      0.5308100      0.5305200      0.5302000      0.5298800      0.5295400      0.5291900      0.5288200      0.5284400      0.5280400      0.5276400      0.5272200      0.5267900      0.5263400      0.5258900      0.5254200      0.5249400      0.5244500      0.5239400      0.5234300      0.5229100      0.5223700      0.5218300      0.5212700    
  0.5298140      0.5298700      0.5301590      0.5304900      0.5307270      0.5310900      0.5309500      0.5308070      0.5306500      0.5310700      0.5307400      0.5304000      0.5300500      0.5296800      0.5293100      0.5289100      0.5285100      0.5280900      0.5276600      0.5272200      0.5267600      0.5262900      0.5258200      0.5253300      0.5248300      0.5243100      0.5237900      0.5232600      0.5227200      0.5221700    
  0.5298700      0.5301730      0.5304900      0.5307690      0.5310900      0.5310200      0.5309490      0.5308690      0.5310700      0.5309050      0.5311180      0.5312600      0.5309100      0.5305500      0.5301700      0.5297800      0.5293700      0.5289500      0.5285200      0.5280800      0.5276300      0.5271600      0.5266900      0.5262000      0.5257000      0.5251900      0.5246700      0.5241400      0.5236000      0.5230500    
  0.5301780      0.5304900      0.5307830      0.5310900      0.5310550      0.5310200      0.5309770      0.5310700      0.5309880      0.5313810      0.5316900      0.5321200      0.5317700      0.5314000      0.5310200      0.5306300      0.5302300      0.5298100      0.5293900      0.5289500      0.5284900      0.5280300      0.5275600      0.5270700      0.5265700      0.5260700      0.5255500      0.5250200      0.5244800      0.5239400    
  0.5304900      0.5307880      0.5310900      0.5310720      0.5310550      0.5310300      0.5310700      0.5310290      0.5314930      0.5319050      0.5321200      0.5319450      0.5318850      0.5322500      0.5318800      0.5314900      0.5310800      0.5306700      0.5302400      0.5298000      0.5293500      0.5288900      0.5284200      0.5279300      0.5274400      0.5269300      0.5264200      0.5258900      0.5253600      0.5248100    
  0.5307890      0.5310900      0.5310810      0.5310720      0.5310570      0.5310700      0.5310490      0.5315450      0.5320120      0.5321200      0.5320320      0.5320500      0.5322500      0.5320650      0.5318730      0.5314830      0.5310800      0.5306630      0.5305740      0.5306600      0.5302100      0.5297500      0.5292800      0.5287900      0.5283000      0.5278000      0.5272800      0.5267600      0.5262300      0.5256800    
  0.5310900      0.5310860      0.5310810      0.5310700      0.5310700      0.5310600      0.5315700      0.5320660      0.5321200      0.5320760      0.5321130      0.5322500      0.5321580      0.5320630      0.5318070      0.5314790      0.5310760      0.5309790      0.5310800      0.5315000      0.5310600      0.5306000      0.5301300      0.5296500      0.5291600      0.5286600      0.5281400      0.5276200      0.5270900      0.5265500    
  0.5310880      0.5310860      0.5310770      0.5310700      0.5310650      0.5315830      0.5320930      0.5321200      0.5320980      0.5321400      0.5322500      0.5322040      0.5321570      0.5320090      0.5317830      0.5314540      0.5312650      0.5312900      0.5315000      0.5314870      0.5319000      0.5314400      0.5309800      0.5305000      0.5300100      0.5295100      0.5290000      0.5284800      0.5279500      0.5274100    
  0.5310880      0.5310800      0.5310700      0.5310670      0.5315890      0.5321070      0.5321200      0.5321090      0.5321520      0.5322500      0.5322270      0.5322030      0.5321230      0.5319830      0.5317490      0.5319790      0.5313950      0.5315000      0.5324300      0.5327400      0.5324680      0.5322900      0.5318200      0.5313400      0.5308600      0.5303600      0.5298500      0.5293400      0.5288100      0.5282700    
  0.5310820      0.5310700      0.5310690      0.5315920      0.5321130      0.5321200      0.5321150      0.5321580      0.5322500      0.5322380      0.5322270      0.5321850      0.5321030      0.5336040      0.5341470      0.5339990      0.5340000      0.5338520      0.5337150      0.5339950      0.5335800      0.5331300      0.5326600      0.5321900      0.5317000      0.5312100      0.5307000      0.5301900      0.5296600      0.5291300    
  0.5310700      0.5310690      0.5315930      0.5321170      0.5321200      0.5321170      0.5321610      0.5322500      0.5322440      0.5322380      0.5322170      0.5321720      0.5350170      0.5385850      0.5385600      0.5366130      0.5366020      0.5365000      0.5351140      0.5344100      0.5344100      0.5339600      0.5335000      0.5330200      0.5325400      0.5320500      0.5315400      0.5310300      0.5305100      0.5299800    
  0.5310700      0.5315940      0.5321180      0.5321200      0.5321190      0.5321620      0.5322500      0.5322470      0.5322440      0.5322330      0.5358850      0.5414000      0.5395440      0.5386110      0.5386110      0.5385600      0.5372910      0.5367050      0.5365000      0.5355530      0.5352400      0.5347900      0.5343300      0.5338600      0.5333700      0.5328800      0.5323800      0.5318700      0.5313500      0.5308200    
  0.5315950      0.5321190      0.5321200      0.5321190      0.5321630      0.5322500      0.5322480      0.5322470      0.5322410      0.5366330      0.5414000      0.5414000      0.5414000      0.5395820      0.5386610      0.5386610      0.5385600      0.5374000      0.5369100      0.5365000      0.5360600      0.5356100      0.5351600      0.5346900      0.5342100      0.5337200      0.5332200      0.5327100      0.5321900      0.5316600    
  0.5321200      0.5321200      0.5321200      0.5321630      0.5322500      0.5322490      0.5322480      0.5356240      0.5385240      0.5414020      0.5414000      0.5414000      0.5414000      0.5414000      0.5396550      0.5387620      0.5387620      0.5385600      0.5376300      0.5373200      0.5368800      0.5364400      0.5359800      0.5355100      0.5350300      0.5345500      0.5340500      0.5335400      0.5330300      0.5325000    
  0.5321200      0.5321200      0.5321630      0.5322500      0.5322500      0.5381260      0.5469400      0.5463500      0.5457600      0.5428590      0.5414070      0.5414000      0.5414000      0.5414000      0.5414000      0.5397960      0.5389650      0.5389650      0.5385600      0.5381400      0.5377000      0.5372600      0.5368000      0.5363300      0.5358600      0.5353700      0.5348800      0.5343700      0.5338600      0.5333400    
  0.5321200      0.5321630      0.5322500      0.5322500      0.5393020      0.5469420      0.5469420      0.5469400      0.5463500      0.5457600      0.5428710      0.5414200      0.5414000      0.5414000      0.5414000      0.5414000      0.5400550      0.5393700      0.5393700      0.5389500      0.5385100      0.5380700      0.5376200      0.5371500      0.5366800      0.5361900      0.5357000      0.5352000      0.5346900      0.5341700    
