iMOD/TUTORIALS/TUT_MetaswapAnalyser/model_MetaSWAP/meteo/Evaporation/Evaporation_20051201_L1.ASC
NCOLS                30
NROWS                30
XLLCORNER     160000.00
YLLCORNER     340000.00
CELLSIZE        1000.00
NODATA_VALUE   -9999.00
  0.4652700      0.4653100      0.4653500      0.4654000      0.4654500      0.4655000      0.4655600      0.4656200      0.4656800      0.4657500      0.4658300      0.4659000      0.4659900      0.4660800      0.4661700      0.4662700      0.4663700      0.4664800      0.4665900      0.4667100      0.4668400      0.4669700      0.4671000      0.4672500      0.4673900      0.4675400      0.4677000      0.4678600      0.4680300      0.4682000    
  0.4657900      0.4658300      0.4658700      0.4659200      0.4659700      0.4660200      0.4660800      0.4661400      0.4662100      0.4662700      0.4663500      0.4664300      0.4665100      0.4666000      0.4666900      0.4667900      0.4668900      0.4670000      0.4671100      0.4672300      0.4673500      0.4674800      0.4676200      0.4677600      0.4679100      0.4680600      0.4682100      0.4683700      0.4685400      0.4687100    
  0.4663100      0.4663500      0.4663900      0.4664400      0.4664900      0.4665400      0.4666000      0.4666600      0.4667300      0.4668000      0.4668700      0.4669500      0.4670300      0.4671200      0.4672100      0.4673100      0.4674100      0.4675200      0.4676300      0.4677500      0.4678700      0.4680000      0.4681400      0.4682700      0.4684200      0.4685700      0.4687200      0.4688800      0.4690500      0.4692200    
  0.4668300      0.4668700      0.4669200      0.4669600      0.4670200      0.4670700      0.4671300      0.4671900      0.4672500      0.4673200      0.4674000      0.4674700      0.4675600      0.4676400      0.4677400      0.4678300      0.4679300      0.4680400      0.4681500      0.4682700      0.4683900      0.4685200      0.4686500      0.4687900      0.4689400      0.4690800      0.4692400      0.4693900      0.4695600      0.4697300    
  0.4673600      0.4674000      0.4674400      0.4674900      0.4675400      0.4676000      0.4676500      0.4677100      0.4677800      0.4678500      0.4679200      0.4680000      0.4680800      0.4681700      0.4682600      0.4683600      0.4684600      0.4685700      0.4686800      0.4687900      0.4689200      0.4690400      0.4691700      0.4693100      0.4694500      0.4696000      0.4697500      0.4699100      0.4700700      0.4702400    
  0.4678800      0.4679200      0.4679700      0.4680200      0.4680700      0.4681200      0.4681800      0.4682400      0.4683100      0.4683800      0.4684500      0.4685300      0.4686100      0.4687000      0.4687900      0.4688800      0.4689900      0.4690900      0.4692000      0.4693200      0.4694400      0.4695600      0.4697000      0.4698300      0.4699700      0.4701200      0.4702700      0.4704300      0.4705900      0.4707500    
  0.4684100      0.4684500      0.4685000      0.4685500      0.4686000      0.4686500      0.4687100      0.4687700      0.4688400      0.4689100      0.4689800      0.4690600      0.4691400      0.4692300      0.4693200      0.4694100      0.4695100      0.4696200      0.4697300      0.4698400      0.4699600      0.4700900      0.4702200      0.4703500      0.4704900      0.4706400      0.4707900      0.4709400      0.4711000      0.4712700    
  0.4689400      0.4689800      0.4690300      0.4690800      0.4691300      0.4691800      0.4692400      0.4693000      0.4693700      0.4694400      0.4695100      0.4695900      0.4696700      0.4697600      0.4698500      0.4699400      0.4700400      0.4701500      0.4702600      0.4703700      0.4704900      0.4706200      0.4707400      0.4708800      0.4710200      0.4711600      0.4713100      0.4714600      0.4716200      0.4717900    
  0.4694700      0.4695200      0.4695600      0.4696100      0.4696600      0.4697200      0.4697700      0.4698400      0.4699000      0.4699700      0.4700400      0.4701200      0.4702000      0.4702900      0.4703800      0.4704700      0.4705700      0.4706800      0.4707900      0.4709000      0.4710200      0.4711400      0.4712700      0.4714000      0.4715400      0.4716900      0.4718300      0.4719900      0.4721400      0.4723100    
  0.4700100      0.4700500      0.4701000      0.4701400      0.4702000      0.4702500      0.4703100      0.4703700      0.4704400      0.4705000      0.4705800      0.4706500      0.4707400      0.4708200      0.4709100      0.4710100      0.4711100      0.4712100      0.4713200      0.4714300      0.4715500      0.4716700      0.4718000      0.4719300      0.4720700      0.4722100      0.4723600      0.4725100      0.4726700      0.4728300    
  0.4700100      0.4700530      0.4702430      0.4706800      0.4707300      0.4707900      0.4708400      0.4709100      0.4709700      0.4710400      0.4711100      0.4711900      0.4712700      0.4713600      0.4714500      0.4715400      0.4716400      0.4717400      0.4718500      0.4719600      0.4720800      0.4722000      0.4723300      0.4724600      0.4726000      0.4727400      0.4728900      0.4730400      0.4731900      0.4733500    
  0.4700110      0.4702460      0.4706800      0.4711230      0.4712700      0.4713200      0.4713800      0.4714400      0.4715100      0.4715800      0.4716500      0.4717300      0.4718100      0.4718900      0.4719800      0.4720800      0.4721700      0.4722800      0.4723900      0.4725000      0.4726100      0.4727400      0.4728600      0.4729900      0.4731300      0.4732700      0.4734100      0.4735600      0.4737200      0.4738800    
  0.4702270      0.4706800      0.4712880      0.4715400      0.4718100      0.4718600      0.4719200      0.4719800      0.4720500      0.4721200      0.4721900      0.4722700      0.4723500      0.4724300      0.4725200      0.4726100      0.4727100      0.4728100      0.4729200      0.4730300      0.4731500      0.4732700      0.4734000      0.4735300      0.4736600      0.4738000      0.4739400      0.4740900      0.4742500      0.4744000    
  0.4706800      0.4713630      0.4716750      0.4718100      0.4720230      0.4724000      0.4724600      0.4725200      0.4725900      0.4726600      0.4727300      0.4728000      0.4728900      0.4729700      0.4730600      0.4731500      0.4732500      0.4733500      0.4734600      0.4735700      0.4736900      0.4738100      0.4739300      0.4740600      0.4741900      0.4743300      0.4744800      0.4746200      0.4747800      0.4749300    
  0.4713990      0.4717430      0.4718100      0.4720780      0.4724000      0.4726200      0.4730000      0.4730600      0.4731300      0.4732000      0.4732700      0.4733500      0.4734300      0.4735100      0.4736000      0.4736900      0.4737900      0.4738900      0.4740000      0.4741100      0.4742200      0.4743400      0.4744700      0.4746000      0.4747300      0.4748700      0.4750100      0.4751600      0.4753100      0.4754700    
  0.4717760      0.4718100      0.4720960      0.4724000      0.4726730      0.4730000      0.4730300      0.4730630      0.4732830      0.4737400      0.4738100      0.4738900      0.4739700      0.4740500      0.4741400      0.4742300      0.4743300      0.4744300      0.4745400      0.4746500      0.4747600      0.4748800      0.4750100      0.4751300      0.4752700      0.4754000      0.4755500      0.4756900      0.4758400      0.4760000    
  0.4718100      0.4721020      0.4724000      0.4726910      0.4730000      0.4730150      0.4730310      0.4732790      0.4737400      0.4737750      0.4741700      0.4744300      0.4745100      0.4746000      0.4746800      0.4747800      0.4748700      0.4749700      0.4750800      0.4751900      0.4753000      0.4754200      0.4755500      0.4756700      0.4758100      0.4759400      0.4760800      0.4762300      0.4763800      0.4765300    
  0.4721040      0.4724000      0.4726970      0.4730000      0.4730080      0.4730150      0.4732660      0.4737400      0.4737580      0.4742740      0.4747050      0.4749800      0.4750600      0.4751400      0.4752300      0.4753200      0.4754200      0.4755200      0.4756200      0.4757300      0.4758500      0.4759600      0.4760900      0.4762100      0.4763500      0.4764800      0.4766200      0.4767700      0.4769200      0.4770700    
  0.4724000      0.4726990      0.4730000      0.4730040      0.4730080      0.4732570      0.4737400      0.4737490      0.4743190      0.4748420      0.4749800      0.4750200      0.4752170      0.4756900      0.4757800      0.4758700      0.4759600      0.4760600      0.4761700      0.4762800      0.4763900      0.4765100      0.4766300      0.4767600      0.4768900      0.4770200      0.4771600      0.4773100      0.4774600      0.4776100    
  0.4727000      0.4730000      0.4730020      0.4730040      0.4732520      0.4737400      0.4737440      0.4743400      0.4749110      0.4749800      0.4750000      0.4752270      0.4756900      0.4757350      0.4757800      0.4758700      0.4759630      0.4760630      0.4765400      0.4768200      0.4769400      0.4770500      0.4771700      0.4773000      0.4774300      0.4775700      0.4777000      0.4778500      0.4780000      0.4781500    
  0.4730000      0.4730010      0.4730020      0.4732490      0.4737400      0.4737420      0.4743500      0.4749460      0.4749800      0.4749900      0.4752240      0.4756900      0.4757130      0.4757350      0.4757950      0.4758710      0.4759660      0.4766060      0.4770950      0.4773700      0.4774800      0.4776000      0.4777200      0.4778500      0.4779800      0.4781100      0.4782500      0.4783900      0.4785400      0.4786900    
  0.4730000      0.4730010      0.4732480      0.4737400      0.4737410      0.4743550      0.4749630      0.4749800      0.4749850      0.4752210      0.4756900      0.4757010      0.4757130      0.4757470      0.4758000      0.4758770      0.4766090      0.4772330      0.4773700      0.4776270      0.4780300      0.4781500      0.4782700      0.4783900      0.4785200      0.4786600      0.4787900      0.4789400      0.4790800      0.4792300    
  0.4730000      0.4732470      0.4737400      0.4737410      0.4743580      0.4749710      0.4749800      0.4749830      0.4752190      0.4756900      0.4756960      0.4757010      0.4757200      0.4757530      0.4758080      0.4769230      0.4773010      0.4773700      0.4782450      0.4785800      0.4786520      0.4787000      0.4788200      0.4789400      0.4790700      0.4792000      0.4793400      0.4794800      0.4796300      0.4797800    
  0.4732470      0.4737400      0.4737400      0.4743590      0.4749760      0.4749800      0.4749810      0.4752180      0.4756900      0.4756930      0.4756960      0.4757060      0.4757250      0.4772460      0.4783090      0.4790250      0.4790250      0.4791090      0.4792230      0.4794050      0.4791300      0.4792500      0.4793700      0.4794900      0.4796200      0.4797500      0.4798900      0.4800300      0.4801800      0.4803300    
  0.4737400      0.4737400      0.4743590      0.4749780      0.4749800      0.4749810      0.4752170      0.4756900      0.4756910      0.4756930      0.4756980      0.4757090      0.4784260      0.4817170      0.4817000      0.4806420      0.4807500      0.4806800      0.4800290      0.4796830      0.4796800      0.4798000      0.4799200      0.4800400      0.4801700      0.4803000      0.4804400      0.4805800      0.4807300      0.4808800    
  0.4737400      0.4743600      0.4749790      0.4749800      0.4749800      0.4752170      0.4756900      0.4756910      0.4756910      0.4756940      0.4787360      0.4832900      0.4822560      0.4817350      0.4817350      0.4817000      0.4810930      0.4808200      0.4806800      0.4803470      0.4802400      0.4803500      0.4804700      0.4806000      0.4807200      0.4808600      0.4809900      0.4811300      0.4812800      0.4814300    
  0.4743600      0.4749790      0.4749800      0.4749800      0.4752170      0.4756900      0.4756900      0.4756910      0.4756920      0.4793400      0.4832900      0.4832900      0.4832900      0.4822820      0.4817700      0.4817700      0.4817000      0.4811740      0.4809600      0.4806800      0.4807900      0.4809100      0.4810300      0.4811500      0.4812800      0.4814100      0.4815500      0.4816900      0.4818300      0.4819800    
  0.4749800      0.4749800      0.4749800      0.4752170      0.4756900      0.4756900      0.4756900      0.4782780      0.4807110      0.4832920      0.4832900      0.4832900      0.4832900      0.4832900      0.4823330      0.4818400      0.4818400      0.4817000      0.4813550      0.4812400      0.4813500      0.4814700      0.4815800      0.4817100      0.4818300      0.4819600      0.4821000      0.4822400      0.4823800      0.4825300    
  0.4749800      0.4749800      0.4752170      0.4756900      0.4756900      0.4800260      0.4865300      0.4862850      0.4860400      0.4842110      0.4832950      0.4832900      0.4832900      0.4832900      0.4832900      0.4824320      0.4819800      0.4819800      0.4817000      0.4818000      0.4819100      0.4820200      0.4821400      0.4822600      0.4823900      0.4825200      0.4826600      0.4828000      0.4829400      0.4830900    
  0.4749800      0.4752170      0.4756900      0.4756900      0.4808940      0.4865310      0.4865310      0.4865300      0.4862850      0.4860400      0.4842190      0.4833040      0.4832900      0.4832900      0.4832900      0.4832900      0.4826170      0.4822600      0.4822600      0.4823600      0.4824700      0.4825800      0.4827000      0.4828200      0.4829500      0.4830800      0.4832200      0.4833500      0.4835000      0.4836500    
