iMOD/TUTORIALS/TUT_MetaswapAnalyser/model_MetaSWAP/meteo/Evaporation/Evaporation_20060809_L1.ASC
NCOLS                30
NROWS                30
XLLCORNER     160000.00
YLLCORNER     340000.00
CELLSIZE        1000.00
NODATA_VALUE   -9999.00
   1.134730       1.135380       1.136140       1.137000       1.137960       1.139010       1.140160       1.141390       1.142710       1.144110       1.145590       1.147140       1.148770       1.150470       1.152230       1.154060       1.155950       1.157900       1.159900       1.161960       1.164080       1.166240       1.168450       1.170710       1.173010       1.175360       1.177740       1.180170       1.182630       1.185130    
   1.135990       1.136650       1.137420       1.138280       1.139240       1.140300       1.141440       1.142670       1.143990       1.145390       1.146860       1.148410       1.150030       1.151720       1.153470       1.155290       1.157170       1.159110       1.161100       1.163150       1.165250       1.167400       1.169590       1.171840       1.174120       1.176450       1.178820       1.181220       1.183670       1.186140    
   1.137290       1.137960       1.138730       1.139600       1.140570       1.141620       1.142770       1.144000       1.145310       1.146700       1.148170       1.149710       1.151320       1.153010       1.154750       1.156560       1.158430       1.160350       1.162340       1.164370       1.166460       1.168590       1.170770       1.173000       1.175260       1.177570       1.179920       1.182310       1.184730       1.187190    
   1.138610       1.139300       1.140080       1.140950       1.141920       1.142980       1.144120       1.145350       1.146660       1.148050       1.149510       1.151050       1.152650       1.154330       1.156060       1.157860       1.159720       1.161630       1.163600       1.165620       1.167690       1.169810       1.171980       1.174190       1.176440       1.178730       1.181060       1.183420       1.185830       1.188260    
   1.139970       1.140660       1.141450       1.142330       1.143300       1.144360       1.145510       1.146740       1.148040       1.149430       1.150890       1.152420       1.154020       1.155680       1.157410       1.159200       1.161040       1.162950       1.164900       1.166910       1.168970       1.171070       1.173220       1.175410       1.177640       1.179910       1.182220       1.184570       1.186950       1.189370    
   1.141350       1.142050       1.142850       1.143740       1.144720       1.145780       1.146920       1.148150       1.149460       1.150840       1.152290       1.153820       1.155410       1.157070       1.158790       1.160560       1.162400       1.164290       1.166230       1.168230       1.170270       1.172350       1.174490       1.176660       1.178870       1.181130       1.183420       1.185740       1.188100       1.190500    
   1.142760       1.143470       1.144280       1.145170       1.146150       1.147220       1.148370       1.149590       1.150900       1.152280       1.153730       1.155250       1.156830       1.158480       1.160190       1.161960       1.163780       1.165660       1.167590       1.169570       1.171600       1.173670       1.175780       1.177940       1.180140       1.182370       1.184640       1.186950       1.189280       1.191650    
   1.144180       1.144910       1.145730       1.146630       1.147620       1.148680       1.149830       1.151060       1.152370       1.153740       1.155190       1.156700       1.158280       1.159920       1.161620       1.163380       1.165190       1.167060       1.168980       1.170940       1.172950       1.175010       1.177110       1.179250       1.181420       1.183640       1.185890       1.188170       1.190490       1.192840    
   1.145630       1.146370       1.147200       1.148110       1.149100       1.150170       1.151320       1.152550       1.153860       1.155230       1.156670       1.158180       1.159750       1.161390       1.163080       1.164830       1.166630       1.168490       1.170390       1.172340       1.174340       1.176380       1.178460       1.180580       1.182740       1.184930       1.187160       1.189420       1.191720       1.194040    
   1.147100       1.147850       1.148680       1.149600       1.150600       1.151680       1.152840       1.154070       1.155370       1.156740       1.158180       1.159680       1.161250       1.162880       1.164560       1.166300       1.168090       1.169930       1.171820       1.173760       1.175740       1.177770       1.179830       1.181930       1.184070       1.186250       1.188460       1.190700       1.192970       1.195270    
   1.147130       1.147880       1.149310       1.151120       1.152120       1.153210       1.154370       1.155600       1.156900       1.158270       1.159710       1.161210       1.162770       1.164390       1.166060       1.167790       1.169570       1.171410       1.173280       1.175210       1.177170       1.179180       1.181230       1.183310       1.185430       1.187590       1.189780       1.192000       1.194240       1.196520    
   1.147160       1.148860       1.151120       1.153030       1.153660       1.154750       1.155910       1.157150       1.158450       1.159820       1.161250       1.162750       1.164310       1.165920       1.167590       1.169310       1.171080       1.172900       1.174760       1.176670       1.178620       1.180620       1.182650       1.184710       1.186810       1.188950       1.191120       1.193310       1.195540       1.197790    
   1.148410       1.151120       1.153450       1.154440       1.155220       1.156310       1.157480       1.158710       1.160020       1.161390       1.162820       1.164310       1.165860       1.167470       1.169130       1.170840       1.172600       1.174410       1.176260       1.178160       1.180090       1.182070       1.184080       1.186130       1.188210       1.190330       1.192470       1.194650       1.196850       1.199080    
   1.151120       1.153660       1.154830       1.155220       1.156470       1.157880       1.159060       1.160290       1.161600       1.162970       1.164400       1.165890       1.167430       1.169030       1.170690       1.172390       1.174140       1.175940       1.177780       1.179660       1.181580       1.183540       1.185540       1.187570       1.189630       1.191730       1.193850       1.196000       1.198180       1.200390    
   1.153760       1.155030       1.155220       1.156520       1.157880       1.159200       1.160650       1.161890       1.163190       1.164560       1.165990       1.167480       1.169020       1.170610       1.172260       1.173960       1.175700       1.177480       1.179310       1.181180       1.183090       1.185030       1.187010       1.189020       1.191070       1.193140       1.195240       1.197370       1.199530       1.201710    
   1.155120       1.155220       1.156540       1.157880       1.159240       1.160650       1.161270       1.161910       1.163950       1.166170       1.167600       1.169080       1.170620       1.172210       1.173850       1.175540       1.177270       1.179040       1.180860       1.182720       1.184610       1.186540       1.188500       1.190490       1.192520       1.194570       1.196650       1.198760       1.200890       1.203050    
   1.155220       1.156550       1.157880       1.159260       1.160650       1.160960       1.161280       1.163330       1.166170       1.166890       1.169170       1.170700       1.172230       1.173820       1.175450       1.177130       1.178850       1.180620       1.182420       1.184260       1.186140       1.188050       1.190000       1.191980       1.193980       1.196010       1.198070       1.200160       1.202270       1.204400    
   1.156550       1.157880       1.159260       1.160650       1.160800       1.160960       1.162930       1.166170       1.166530       1.169210       1.171510       1.172320       1.173850       1.175430       1.177060       1.178730       1.180450       1.182200       1.183990       1.185820       1.187690       1.189590       1.191510       1.193470       1.195460       1.197470       1.199510       1.201570       1.203660       1.205770    
   1.157880       1.159260       1.160650       1.160730       1.160810       1.162720       1.166170       1.166350       1.169230       1.171920       1.172320       1.173080       1.174660       1.177060       1.178680       1.180340       1.182050       1.183800       1.185580       1.187390       1.189240       1.191130       1.193040       1.194980       1.196940       1.198940       1.200950       1.202990       1.205060       1.207140    
   1.159260       1.160650       1.160690       1.160730       1.162610       1.166170       1.166260       1.169240       1.172120       1.172320       1.172700       1.174280       1.177060       1.177870       1.178690       1.180360       1.182060       1.183810       1.187260       1.188970       1.190810       1.192680       1.194570       1.196490       1.198440       1.200410       1.202410       1.204430       1.206470       1.208530    
   1.160650       1.160670       1.160690       1.162550       1.166170       1.166210       1.169240       1.172220       1.172320       1.172510       1.174090       1.177060       1.177460       1.177870       1.178970       1.180370       1.182080       1.186690       1.189760       1.190560       1.192380       1.194240       1.196110       1.198020       1.199950       1.201900       1.203870       1.205870       1.207880       1.209920    
   1.160660       1.160670       1.162520       1.166170       1.166190       1.169240       1.172270       1.172320       1.172420       1.174000       1.177060       1.177260       1.177470       1.178100       1.179070       1.180470       1.185970       1.190160       1.190560       1.192300       1.193960       1.195800       1.197660       1.199550       1.201460       1.203390       1.205340       1.207310       1.209310       1.211320    
   1.160660       1.162500       1.166170       1.166180       1.169240       1.172290       1.172320       1.172370       1.173950       1.177060       1.177160       1.177260       1.177610       1.178210       1.179220       1.186250       1.190360       1.190560       1.194090       1.195550       1.196640       1.197370       1.199220       1.201090       1.202980       1.204890       1.206820       1.208770       1.210730       1.212720    
   1.162500       1.166170       1.166180       1.169240       1.172310       1.172320       1.172340       1.173920       1.177060       1.177110       1.177160       1.177350       1.177700       1.184170       1.190040       1.195360       1.195360       1.196300       1.197400       1.197930       1.197140       1.198950       1.200780       1.202630       1.204500       1.206390       1.208300       1.210220       1.212170       1.214120    
   1.166170       1.166170       1.169240       1.172310       1.172320       1.172330       1.173910       1.177060       1.177090       1.177110       1.177210       1.177400       1.188530       1.201690       1.201640       1.199560       1.200360       1.200160       1.199280       1.198730       1.198730       1.200520       1.202340       1.204170       1.206020       1.207890       1.209780       1.211680       1.213600       1.215530    
   1.166170       1.169240       1.172320       1.172320       1.172330       1.173910       1.177060       1.177070       1.177090       1.177130       1.188240       1.204740       1.202750       1.201740       1.201740       1.201640       1.200870       1.200560       1.200160       1.200280       1.200320       1.202100       1.203900       1.205710       1.207550       1.209390       1.211260       1.213140       1.215030       1.216940    
   1.169240       1.172320       1.172320       1.172320       1.173900       1.177060       1.177070       1.177070       1.177100       1.190390       1.204740       1.204740       1.204740       1.202820       1.201840       1.201840       1.201640       1.201120       1.200960       1.200160       1.201910       1.203670       1.205450       1.207250       1.209070       1.210900       1.212740       1.214600       1.216470       1.218350    
   1.172320       1.172320       1.172320       1.173900       1.177060       1.177060       1.177070       1.185510       1.194480       1.204740       1.204740       1.204740       1.204740       1.204740       1.202970       1.202040       1.202040       1.201640       1.201730       1.201760       1.203490       1.205240       1.207010       1.208790       1.210590       1.212400       1.214220       1.216050       1.217900       1.219750    
   1.172320       1.172320       1.173900       1.177060       1.177060       1.190490       1.210640       1.210720       1.210790       1.206770       1.204750       1.204740       1.204740       1.204740       1.204740       1.203260       1.202440       1.202440       1.201640       1.203350       1.205070       1.206810       1.208560       1.210330       1.212110       1.213890       1.215690       1.217500       1.219320       1.221150    
   1.172320       1.173900       1.177060       1.177060       1.193180       1.210640       1.210640       1.210640       1.210720       1.210790       1.206790       1.204780       1.204740       1.204740       1.204740       1.204740       1.203800       1.203240       1.203240       1.204940       1.206650       1.208370       1.210110       1.211860       1.213620       1.215380       1.217160       1.218950       1.220740       1.222550    
