iMOD/TUTORIALS/TUT_MetaswapAnalyser/model_MetaSWAP/meteo/Evaporation/Evaporation_20060202_L1.ASC
NCOLS                30
NROWS                30
XLLCORNER     160000.00
YLLCORNER     340000.00
CELLSIZE        1000.00
NODATA_VALUE   -9999.00
  0.7929000E-01  0.7921000E-01  0.7913000E-01  0.7906000E-01  0.7899000E-01  0.7892000E-01  0.7886000E-01  0.7880000E-01  0.7875000E-01  0.7871000E-01  0.7866000E-01  0.7862000E-01  0.7859000E-01  0.7856000E-01  0.7854000E-01  0.7852000E-01  0.7850000E-01  0.7849000E-01  0.7848000E-01  0.7848000E-01  0.7848000E-01  0.7849000E-01  0.7850000E-01  0.7851000E-01  0.7853000E-01  0.7855000E-01  0.7858000E-01  0.7861000E-01  0.7864000E-01  0.7868000E-01
  0.7957000E-01  0.7949000E-01  0.7942000E-01  0.7934000E-01  0.7927000E-01  0.7921000E-01  0.7915000E-01  0.7910000E-01  0.7905000E-01  0.7900000E-01  0.7896000E-01  0.7892000E-01  0.7889000E-01  0.7886000E-01  0.7883000E-01  0.7881000E-01  0.7880000E-01  0.7879000E-01  0.7878000E-01  0.7878000E-01  0.7878000E-01  0.7878000E-01  0.7879000E-01  0.7880000E-01  0.7882000E-01  0.7884000E-01  0.7886000E-01  0.7889000E-01  0.7892000E-01  0.7896000E-01
  0.7986000E-01  0.7978000E-01  0.7970000E-01  0.7963000E-01  0.7957000E-01  0.7950000E-01  0.7945000E-01  0.7939000E-01  0.7934000E-01  0.7930000E-01  0.7925000E-01  0.7922000E-01  0.7918000E-01  0.7916000E-01  0.7913000E-01  0.7911000E-01  0.7910000E-01  0.7908000E-01  0.7908000E-01  0.7907000E-01  0.7907000E-01  0.7908000E-01  0.7908000E-01  0.7909000E-01  0.7911000E-01  0.7913000E-01  0.7915000E-01  0.7917000E-01  0.7920000E-01  0.7923000E-01
  0.8015000E-01  0.8007000E-01  0.7999000E-01  0.7992000E-01  0.7986000E-01  0.7980000E-01  0.7974000E-01  0.7969000E-01  0.7964000E-01  0.7959000E-01  0.7955000E-01  0.7952000E-01  0.7949000E-01  0.7946000E-01  0.7943000E-01  0.7941000E-01  0.7940000E-01  0.7938000E-01  0.7937000E-01  0.7937000E-01  0.7937000E-01  0.7937000E-01  0.7938000E-01  0.7939000E-01  0.7940000E-01  0.7942000E-01  0.7944000E-01  0.7946000E-01  0.7949000E-01  0.7952000E-01
  0.8044000E-01  0.8036000E-01  0.8029000E-01  0.8022000E-01  0.8016000E-01  0.8010000E-01  0.8004000E-01  0.7999000E-01  0.7994000E-01  0.7990000E-01  0.7986000E-01  0.7982000E-01  0.7979000E-01  0.7976000E-01  0.7974000E-01  0.7972000E-01  0.7970000E-01  0.7969000E-01  0.7968000E-01  0.7967000E-01  0.7967000E-01  0.7967000E-01  0.7968000E-01  0.7968000E-01  0.7970000E-01  0.7971000E-01  0.7973000E-01  0.7975000E-01  0.7977000E-01  0.7980000E-01
  0.8073000E-01  0.8066000E-01  0.8058000E-01  0.8052000E-01  0.8045000E-01  0.8040000E-01  0.8034000E-01  0.8029000E-01  0.8024000E-01  0.8020000E-01  0.8016000E-01  0.8012000E-01  0.8009000E-01  0.8007000E-01  0.8004000E-01  0.8002000E-01  0.8000000E-01  0.7999000E-01  0.7998000E-01  0.7997000E-01  0.7997000E-01  0.7997000E-01  0.7998000E-01  0.7998000E-01  0.7999000E-01  0.8001000E-01  0.8002000E-01  0.8004000E-01  0.8006000E-01  0.8009000E-01
  0.8103000E-01  0.8095000E-01  0.8088000E-01  0.8082000E-01  0.8076000E-01  0.8070000E-01  0.8064000E-01  0.8059000E-01  0.8055000E-01  0.8051000E-01  0.8047000E-01  0.8043000E-01  0.8040000E-01  0.8037000E-01  0.8035000E-01  0.8033000E-01  0.8031000E-01  0.8030000E-01  0.8029000E-01  0.8028000E-01  0.8028000E-01  0.8028000E-01  0.8028000E-01  0.8028000E-01  0.8029000E-01  0.8030000E-01  0.8032000E-01  0.8033000E-01  0.8035000E-01  0.8038000E-01
  0.8133000E-01  0.8125000E-01  0.8118000E-01  0.8112000E-01  0.8106000E-01  0.8100000E-01  0.8095000E-01  0.8090000E-01  0.8086000E-01  0.8081000E-01  0.8078000E-01  0.8074000E-01  0.8071000E-01  0.8068000E-01  0.8066000E-01  0.8064000E-01  0.8062000E-01  0.8061000E-01  0.8060000E-01  0.8059000E-01  0.8058000E-01  0.8058000E-01  0.8058000E-01  0.8059000E-01  0.8059000E-01  0.8060000E-01  0.8061000E-01  0.8063000E-01  0.8065000E-01  0.8067000E-01
  0.8163000E-01  0.8155000E-01  0.8149000E-01  0.8142000E-01  0.8136000E-01  0.8131000E-01  0.8126000E-01  0.8121000E-01  0.8116000E-01  0.8112000E-01  0.8109000E-01  0.8105000E-01  0.8102000E-01  0.8099000E-01  0.8097000E-01  0.8095000E-01  0.8093000E-01  0.8092000E-01  0.8091000E-01  0.8090000E-01  0.8089000E-01  0.8089000E-01  0.8089000E-01  0.8089000E-01  0.8090000E-01  0.8090000E-01  0.8091000E-01  0.8093000E-01  0.8094000E-01  0.8096000E-01
  0.8193000E-01  0.8186000E-01  0.8179000E-01  0.8173000E-01  0.8167000E-01  0.8162000E-01  0.8157000E-01  0.8152000E-01  0.8148000E-01  0.8144000E-01  0.8140000E-01  0.8136000E-01  0.8133000E-01  0.8131000E-01  0.8128000E-01  0.8126000E-01  0.8124000E-01  0.8123000E-01  0.8122000E-01  0.8121000E-01  0.8120000E-01  0.8120000E-01  0.8120000E-01  0.8120000E-01  0.8120000E-01  0.8121000E-01  0.8121000E-01  0.8123000E-01  0.8124000E-01  0.8125000E-01
  0.8193000E-01  0.8186000E-01  0.8185500E-01  0.8204000E-01  0.8198000E-01  0.8193000E-01  0.8188000E-01  0.8183000E-01  0.8179000E-01  0.8175000E-01  0.8171000E-01  0.8168000E-01  0.8165000E-01  0.8162000E-01  0.8160000E-01  0.8158000E-01  0.8156000E-01  0.8154000E-01  0.8153000E-01  0.8152000E-01  0.8151000E-01  0.8151000E-01  0.8150000E-01  0.8150000E-01  0.8151000E-01  0.8151000E-01  0.8152000E-01  0.8153000E-01  0.8154000E-01  0.8155000E-01
  0.8193110E-01  0.8192120E-01  0.8204000E-01  0.8222750E-01  0.8229000E-01  0.8224000E-01  0.8219000E-01  0.8215000E-01  0.8210000E-01  0.8206000E-01  0.8203000E-01  0.8200000E-01  0.8197000E-01  0.8194000E-01  0.8191000E-01  0.8189000E-01  0.8187000E-01  0.8186000E-01  0.8185000E-01  0.8183000E-01  0.8183000E-01  0.8182000E-01  0.8182000E-01  0.8181000E-01  0.8181000E-01  0.8182000E-01  0.8182000E-01  0.8183000E-01  0.8184000E-01  0.8185000E-01
  0.8197420E-01  0.8204000E-01  0.8232810E-01  0.8244500E-01  0.8260000E-01  0.8255000E-01  0.8251000E-01  0.8246000E-01  0.8242000E-01  0.8238000E-01  0.8234000E-01  0.8231000E-01  0.8228000E-01  0.8226000E-01  0.8223000E-01  0.8221000E-01  0.8219000E-01  0.8218000E-01  0.8216000E-01  0.8215000E-01  0.8214000E-01  0.8213000E-01  0.8213000E-01  0.8212000E-01  0.8212000E-01  0.8212000E-01  0.8213000E-01  0.8213000E-01  0.8214000E-01  0.8215000E-01
  0.8204000E-01  0.8237270E-01  0.8252250E-01  0.8260000E-01  0.8267330E-01  0.8287000E-01  0.8282000E-01  0.8278000E-01  0.8274000E-01  0.8270000E-01  0.8266000E-01  0.8263000E-01  0.8260000E-01  0.8258000E-01  0.8255000E-01  0.8253000E-01  0.8251000E-01  0.8249000E-01  0.8248000E-01  0.8247000E-01  0.8246000E-01  0.8245000E-01  0.8244000E-01  0.8244000E-01  0.8243000E-01  0.8243000E-01  0.8243000E-01  0.8244000E-01  0.8244000E-01  0.8245000E-01
  0.8239350E-01  0.8256120E-01  0.8260000E-01  0.8271440E-01  0.8287000E-01  0.8294330E-01  0.8314000E-01  0.8309000E-01  0.8305000E-01  0.8302000E-01  0.8298000E-01  0.8295000E-01  0.8292000E-01  0.8290000E-01  0.8287000E-01  0.8285000E-01  0.8283000E-01  0.8281000E-01  0.8280000E-01  0.8278000E-01  0.8277000E-01  0.8276000E-01  0.8276000E-01  0.8275000E-01  0.8275000E-01  0.8274000E-01  0.8274000E-01  0.8274000E-01  0.8274000E-01  0.8275000E-01
  0.8258060E-01  0.8260000E-01  0.8272810E-01  0.8287000E-01  0.8298440E-01  0.8314000E-01  0.8311500E-01  0.8309330E-01  0.8312500E-01  0.8334000E-01  0.8330000E-01  0.8327000E-01  0.8324000E-01  0.8322000E-01  0.8319000E-01  0.8317000E-01  0.8315000E-01  0.8313000E-01  0.8312000E-01  0.8310000E-01  0.8309000E-01  0.8308000E-01  0.8307000E-01  0.8306000E-01  0.8306000E-01  0.8305000E-01  0.8305000E-01  0.8305000E-01  0.8305000E-01  0.8305000E-01
  0.8260000E-01  0.8273270E-01  0.8287000E-01  0.8299810E-01  0.8314000E-01  0.8312750E-01  0.8311610E-01  0.8316830E-01  0.8334000E-01  0.8332000E-01  0.8348400E-01  0.8359000E-01  0.8357000E-01  0.8354000E-01  0.8352000E-01  0.8349000E-01  0.8347000E-01  0.8345000E-01  0.8344000E-01  0.8342000E-01  0.8341000E-01  0.8340000E-01  0.8339000E-01  0.8338000E-01  0.8337000E-01  0.8337000E-01  0.8336000E-01  0.8336000E-01  0.8335000E-01  0.8335000E-01
  0.8273420E-01  0.8287000E-01  0.8300270E-01  0.8314000E-01  0.8313370E-01  0.8312790E-01  0.8318800E-01  0.8334000E-01  0.8333000E-01  0.8356380E-01  0.8375500E-01  0.8392000E-01  0.8389000E-01  0.8386000E-01  0.8384000E-01  0.8382000E-01  0.8380000E-01  0.8378000E-01  0.8376000E-01  0.8374000E-01  0.8373000E-01  0.8372000E-01  0.8371000E-01  0.8369000E-01  0.8369000E-01  0.8368000E-01  0.8367000E-01  0.8366000E-01  0.8366000E-01  0.8366000E-01
  0.8287000E-01  0.8300420E-01  0.8314000E-01  0.8313690E-01  0.8313390E-01  0.8319740E-01  0.8334000E-01  0.8333500E-01  0.8359830E-01  0.8383750E-01  0.8392000E-01  0.8390500E-01  0.8396500E-01  0.8419000E-01  0.8416000E-01  0.8414000E-01  0.8412000E-01  0.8410000E-01  0.8408000E-01  0.8407000E-01  0.8405000E-01  0.8404000E-01  0.8402000E-01  0.8401000E-01  0.8400000E-01  0.8399000E-01  0.8398000E-01  0.8397000E-01  0.8397000E-01  0.8396000E-01
  0.8300470E-01  0.8314000E-01  0.8313840E-01  0.8313690E-01  0.8320200E-01  0.8334000E-01  0.8333750E-01  0.8361440E-01  0.8387880E-01  0.8392000E-01  0.8391250E-01  0.8399500E-01  0.8419000E-01  0.8417500E-01  0.8416330E-01  0.8414000E-01  0.8412000E-01  0.8410000E-01  0.8427000E-01  0.8439000E-01  0.8437000E-01  0.8436000E-01  0.8434000E-01  0.8433000E-01  0.8432000E-01  0.8430000E-01  0.8429000E-01  0.8428000E-01  0.8427000E-01  0.8426000E-01
  0.8314000E-01  0.8313920E-01  0.8313850E-01  0.8320430E-01  0.8334000E-01  0.8333880E-01  0.8362230E-01  0.8389940E-01  0.8392000E-01  0.8391620E-01  0.8400440E-01  0.8419000E-01  0.8418250E-01  0.8417610E-01  0.8415940E-01  0.8414110E-01  0.8412000E-01  0.8435000E-01  0.8455000E-01  0.8471000E-01  0.8469000E-01  0.8468000E-01  0.8466000E-01  0.8465000E-01  0.8463000E-01  0.8462000E-01  0.8460000E-01  0.8459000E-01  0.8458000E-01  0.8457000E-01
  0.8313960E-01  0.8313920E-01  0.8320550E-01  0.8334000E-01  0.8333940E-01  0.8362610E-01  0.8390970E-01  0.8392000E-01  0.8391810E-01  0.8400770E-01  0.8419000E-01  0.8418630E-01  0.8418290E-01  0.8417270E-01  0.8415890E-01  0.8414020E-01  0.8439020E-01  0.8463000E-01  0.8471000E-01  0.8480330E-01  0.8501000E-01  0.8500000E-01  0.8498000E-01  0.8496000E-01  0.8495000E-01  0.8493000E-01  0.8492000E-01  0.8490000E-01  0.8489000E-01  0.8487000E-01
  0.8313960E-01  0.8320610E-01  0.8334000E-01  0.8333970E-01  0.8362810E-01  0.8391480E-01  0.8392000E-01  0.8391910E-01  0.8400890E-01  0.8419000E-01  0.8418810E-01  0.8418640E-01  0.8418060E-01  0.8417150E-01  0.8415730E-01  0.8460690E-01  0.8467000E-01  0.8471000E-01  0.8516460E-01  0.8533000E-01  0.8532400E-01  0.8532000E-01  0.8530000E-01  0.8528000E-01  0.8526000E-01  0.8524000E-01  0.8523000E-01  0.8521000E-01  0.8519000E-01  0.8518000E-01
  0.8320640E-01  0.8334000E-01  0.8333980E-01  0.8362900E-01  0.8391740E-01  0.8392000E-01  0.8391950E-01  0.8400950E-01  0.8419000E-01  0.8418910E-01  0.8418820E-01  0.8418500E-01  0.8417950E-01  0.8495230E-01  0.8542500E-01  0.8567500E-01  0.8567500E-01  0.8568520E-01  0.8570720E-01  0.8581500E-01  0.8565000E-01  0.8564000E-01  0.8562000E-01  0.8560000E-01  0.8558000E-01  0.8556000E-01  0.8554000E-01  0.8552000E-01  0.8550000E-01  0.8548000E-01
  0.8334000E-01  0.8333990E-01  0.8362950E-01  0.8391870E-01  0.8392000E-01  0.8391980E-01  0.8400980E-01  0.8419000E-01  0.8418950E-01  0.8418910E-01  0.8418740E-01  0.8418420E-01  0.8558940E-01  0.8731000E-01  0.8730000E-01  0.8663910E-01  0.8668000E-01  0.8664000E-01  0.8620420E-01  0.8597670E-01  0.8598000E-01  0.8595000E-01  0.8593000E-01  0.8591000E-01  0.8589000E-01  0.8587000E-01  0.8585000E-01  0.8583000E-01  0.8581000E-01  0.8579000E-01
  0.8334000E-01  0.8362980E-01  0.8391940E-01  0.8392000E-01  0.8391990E-01  0.8400990E-01  0.8419000E-01  0.8418980E-01  0.8418950E-01  0.8418870E-01  0.8582010E-01  0.8827000E-01  0.8763820E-01  0.8732000E-01  0.8732000E-01  0.8730000E-01  0.8690160E-01  0.8672000E-01  0.8664000E-01  0.8638500E-01  0.8630000E-01  0.8627000E-01  0.8625000E-01  0.8623000E-01  0.8621000E-01  0.8618000E-01  0.8616000E-01  0.8614000E-01  0.8611000E-01  0.8609000E-01
  0.8362990E-01  0.8391970E-01  0.8392000E-01  0.8391990E-01  0.8400990E-01  0.8419000E-01  0.8418990E-01  0.8418980E-01  0.8418930E-01  0.8614770E-01  0.8827000E-01  0.8827000E-01  0.8827000E-01  0.8765290E-01  0.8733990E-01  0.8734000E-01  0.8730000E-01  0.8694620E-01  0.8680000E-01  0.8664000E-01  0.8662000E-01  0.8659000E-01  0.8657000E-01  0.8655000E-01  0.8652000E-01  0.8650000E-01  0.8647000E-01  0.8644000E-01  0.8642000E-01  0.8639000E-01
  0.8391980E-01  0.8392000E-01  0.8392000E-01  0.8401000E-01  0.8419000E-01  0.8419000E-01  0.8418990E-01  0.8560230E-01  0.8690550E-01  0.8827090E-01  0.8827000E-01  0.8827000E-01  0.8827000E-01  0.8827000E-01  0.8768180E-01  0.8737960E-01  0.8738000E-01  0.8730000E-01  0.8704500E-01  0.8696000E-01  0.8693000E-01  0.8691000E-01  0.8689000E-01  0.8686000E-01  0.8683000E-01  0.8681000E-01  0.8678000E-01  0.8675000E-01  0.8672000E-01  0.8669000E-01
  0.8392000E-01  0.8392000E-01  0.8401000E-01  0.8419000E-01  0.8419000E-01  0.8657810E-01  0.9016000E-01  0.9000000E-01  0.8984000E-01  0.8879560E-01  0.8827250E-01  0.8827000E-01  0.8827000E-01  0.8827000E-01  0.8827000E-01  0.8773750E-01  0.8745890E-01  0.8746000E-01  0.8730000E-01  0.8728000E-01  0.8725000E-01  0.8723000E-01  0.8720000E-01  0.8717000E-01  0.8715000E-01  0.8712000E-01  0.8709000E-01  0.8706000E-01  0.8703000E-01  0.8699000E-01
  0.8392000E-01  0.8401000E-01  0.8419000E-01  0.8419000E-01  0.8705610E-01  0.9016060E-01  0.9016060E-01  0.9016000E-01  0.9000000E-01  0.8984000E-01  0.8880010E-01  0.8827770E-01  0.8827000E-01  0.8827000E-01  0.8827000E-01  0.8827000E-01  0.8784100E-01  0.8761670E-01  0.8762000E-01  0.8759000E-01  0.8757000E-01  0.8754000E-01  0.8752000E-01  0.8749000E-01  0.8746000E-01  0.8743000E-01  0.8739000E-01  0.8736000E-01  0.8733000E-01  0.8729000E-01
