iMOD/TUTORIALS/TUT_MetaswapAnalyser/model_MetaSWAP/meteo/Evaporation/Evaporation_20050215_L1.ASC
NCOLS                30
NROWS                30
XLLCORNER     160000.00
YLLCORNER     340000.00
CELLSIZE        1000.00
NODATA_VALUE   -9999.00
  0.2434100      0.2422100      0.2410500      0.2399100      0.2388000      0.2377200      0.2366800      0.2356500      0.2346600      0.2336900      0.2327400      0.2318200      0.2309100      0.2300300      0.2291700      0.2283300      0.2275100      0.2267000      0.2259100      0.2251400      0.2243800      0.2236400      0.2229200      0.2222000      0.2215000      0.2208200      0.2201400      0.2194800      0.2188200      0.2181800    
  0.2446400      0.2434400      0.2422800      0.2411400      0.2400400      0.2389600      0.2379200      0.2369000      0.2359000      0.2349300      0.2339800      0.2330600      0.2321600      0.2312800      0.2304100      0.2295700      0.2287500      0.2279400      0.2271500      0.2263800      0.2256200      0.2248700      0.2241400      0.2234300      0.2227200      0.2220300      0.2213500      0.2206800      0.2200300      0.2193800    
  0.2458800      0.2446900      0.2435200      0.2423900      0.2412900      0.2402200      0.2391800      0.2381600      0.2371600      0.2361900      0.2352500      0.2343200      0.2334200      0.2325400      0.2316700      0.2308300      0.2300000      0.2292000      0.2284000      0.2276300      0.2268700      0.2261200      0.2253900      0.2246700      0.2239600      0.2232600      0.2225800      0.2219100      0.2212500      0.2205900    
  0.2471300      0.2459500      0.2447900      0.2436600      0.2425700      0.2415000      0.2404500      0.2394300      0.2384400      0.2374700      0.2365300      0.2356000      0.2347000      0.2338200      0.2329500      0.2321100      0.2312800      0.2304700      0.2296700      0.2288900      0.2281300      0.2273800      0.2266400      0.2259200      0.2252100      0.2245100      0.2238200      0.2231500      0.2224800      0.2218200    
  0.2484100      0.2472300      0.2460700      0.2449500      0.2438600      0.2427900      0.2417500      0.2407300      0.2397400      0.2387700      0.2378200      0.2369000      0.2359900      0.2351100      0.2342500      0.2334000      0.2325700      0.2317600      0.2309600      0.2301800      0.2294100      0.2286600      0.2279200      0.2271900      0.2264800      0.2257800      0.2250800      0.2244000      0.2237300      0.2230700    
  0.2496900      0.2485200      0.2473700      0.2462500      0.2451600      0.2440900      0.2430500      0.2420400      0.2410500      0.2400800      0.2391400      0.2382100      0.2373100      0.2364200      0.2355600      0.2347100      0.2338800      0.2330600      0.2322600      0.2314800      0.2307100      0.2299500      0.2292100      0.2284800      0.2277600      0.2270500      0.2263600      0.2256700      0.2249900      0.2243300    
  0.2510000      0.2498300      0.2486800      0.2475700      0.2464800      0.2454200      0.2443800      0.2433700      0.2423800      0.2414100      0.2404600      0.2395400      0.2386300      0.2377500      0.2368800      0.2360300      0.2352000      0.2343800      0.2335800      0.2328000      0.2320200      0.2312600      0.2305200      0.2297800      0.2290600      0.2283500      0.2276400      0.2269500      0.2262700      0.2256000    
  0.2523100      0.2511500      0.2500100      0.2489000      0.2478100      0.2467500      0.2457200      0.2447100      0.2437200      0.2427500      0.2418100      0.2408800      0.2399800      0.2390900      0.2382200      0.2373700      0.2365400      0.2357200      0.2349200      0.2341300      0.2333500      0.2325900      0.2318400      0.2311000      0.2303700      0.2296500      0.2289500      0.2282500      0.2275600      0.2268800    
  0.2536400      0.2524800      0.2513500      0.2502400      0.2491600      0.2481000      0.2470700      0.2460600      0.2450700      0.2441100      0.2431600      0.2422400      0.2413300      0.2404500      0.2395800      0.2387300      0.2378900      0.2370700      0.2362600      0.2354700      0.2346900      0.2339200      0.2331700      0.2324300      0.2316900      0.2309700      0.2302600      0.2295600      0.2288700      0.2281800    
  0.2549800      0.2538300      0.2527000      0.2515900      0.2505200      0.2494600      0.2484300      0.2474300      0.2464400      0.2454800      0.2445300      0.2436100      0.2427000      0.2418200      0.2409500      0.2400900      0.2392500      0.2384300      0.2376200      0.2368300      0.2360400      0.2352700      0.2345200      0.2337700      0.2330300      0.2323100      0.2315900      0.2308800      0.2301800      0.2294900    
  0.2549900      0.2538370      0.2527700      0.2529600      0.2518900      0.2508400      0.2498100      0.2488000      0.2478200      0.2468600      0.2459100      0.2449900      0.2440800      0.2432000      0.2423300      0.2414700      0.2406300      0.2398100      0.2389900      0.2382000      0.2374100      0.2366400      0.2358700      0.2351200      0.2343800      0.2336500      0.2329300      0.2322200      0.2315100      0.2308200    
  0.2549990      0.2536390      0.2529600      0.2531950      0.2532700      0.2522200      0.2512000      0.2501900      0.2492100      0.2482500      0.2473100      0.2463800      0.2454800      0.2445900      0.2437200      0.2428600      0.2420200      0.2411900      0.2403800      0.2395800      0.2387900      0.2380100      0.2372500      0.2364900      0.2357400      0.2350100      0.2342800      0.2335600      0.2328500      0.2321500    
  0.2544450      0.2529600      0.2536950      0.2539650      0.2546600      0.2536100      0.2525900      0.2515900      0.2506100      0.2496500      0.2487100      0.2477900      0.2468800      0.2459900      0.2451200      0.2442600      0.2434200      0.2425900      0.2417700      0.2409700      0.2401800      0.2394000      0.2386300      0.2378700      0.2371200      0.2363800      0.2356400      0.2349200      0.2342000      0.2334900    
  0.2529600      0.2539070      0.2543130      0.2546600      0.2544300      0.2550200      0.2540000      0.2530000      0.2520200      0.2510600      0.2501200      0.2492000      0.2483000      0.2474100      0.2465300      0.2456800      0.2448300      0.2440000      0.2431800      0.2423700      0.2415800      0.2407900      0.2400200      0.2392500      0.2385000      0.2377500      0.2370200      0.2362800      0.2355600      0.2348500    
  0.2540030      0.2544860      0.2546600      0.2547030      0.2550200      0.2548130      0.2554200      0.2544200      0.2534400      0.2524900      0.2515500      0.2506300      0.2497200      0.2488300      0.2479600      0.2471000      0.2462500      0.2454200      0.2446000      0.2437900      0.2429900      0.2422000      0.2414200      0.2406500      0.2398900      0.2391400      0.2384000      0.2376600      0.2369300      0.2362100    
  0.2545730      0.2546600      0.2547940      0.2550200      0.2550840      0.2554200      0.2549200      0.2544270      0.2535680      0.2539200      0.2529800      0.2520600      0.2511500      0.2502600      0.2493900      0.2485300      0.2476800      0.2468500      0.2460200      0.2452100      0.2444100      0.2436200      0.2428300      0.2420600      0.2413000      0.2405400      0.2397900      0.2390500      0.2383100      0.2375800    
  0.2546600      0.2548250      0.2550200      0.2551750      0.2554200      0.2551700      0.2549220      0.2542090      0.2539200      0.2534500      0.2534820      0.2535000      0.2526000      0.2517100      0.2508300      0.2499700      0.2491200      0.2482800      0.2474600      0.2466400      0.2458400      0.2450400      0.2442500      0.2434800      0.2427100      0.2419400      0.2411900      0.2404400      0.2397000      0.2389600    
  0.2548350      0.2550200      0.2552050      0.2554200      0.2552950      0.2551710      0.2545550      0.2539200      0.2536850      0.2540050      0.2542250      0.2549500      0.2540400      0.2531500      0.2522800      0.2514200      0.2505700      0.2497300      0.2489000      0.2480800      0.2472700      0.2464700      0.2456800      0.2449000      0.2441300      0.2433600      0.2426000      0.2418400      0.2411000      0.2403500    
  0.2550200      0.2552150      0.2554200      0.2553580      0.2552950      0.2547350      0.2539200      0.2538020      0.2542300      0.2545880      0.2549500      0.2544950      0.2541870      0.2546100      0.2537400      0.2528700      0.2520200      0.2511800      0.2503500      0.2495300      0.2487200      0.2479100      0.2471200      0.2463300      0.2455500      0.2447800      0.2440100      0.2432500      0.2425000      0.2417500    
  0.2552180      0.2554200      0.2553890      0.2553580      0.2548270      0.2539200      0.2538610      0.2543340      0.2547690      0.2549500      0.2547220      0.2545610      0.2546100      0.2541750      0.2537400      0.2528770      0.2520230      0.2511830      0.2508960      0.2509800      0.2501700      0.2493600      0.2485600      0.2477700      0.2469900      0.2462100      0.2454400      0.2446700      0.2439100      0.2431500    
  0.2554200      0.2554040      0.2553890      0.2548730      0.2539200      0.2538910      0.2543850      0.2548590      0.2549500      0.2548360      0.2547110      0.2546100      0.2543930      0.2541750      0.2535970      0.2528800      0.2520280      0.2516510      0.2517100      0.2524400      0.2516300      0.2508200      0.2500100      0.2492200      0.2484300      0.2476400      0.2468600      0.2460900      0.2453200      0.2445600    
  0.2554120      0.2554040      0.2548970      0.2539200      0.2539050      0.2544100      0.2549050      0.2549500      0.2548930      0.2547770      0.2546100      0.2545010      0.2543930      0.2540550      0.2535510      0.2528350      0.2522150      0.2520750      0.2524400      0.2523870      0.2530900      0.2522800      0.2514700      0.2506700      0.2498700      0.2490800      0.2483000      0.2475200      0.2467500      0.2459800    
  0.2554120      0.2549080      0.2539200      0.2539130      0.2544230      0.2549270      0.2549500      0.2549220      0.2548070      0.2546100      0.2545560      0.2545010      0.2543160      0.2539990      0.2534800      0.2535460      0.2522580      0.2524400      0.2540390      0.2545600      0.2540700      0.2537400      0.2529300      0.2521200      0.2513200      0.2505300      0.2497400      0.2489500      0.2481700      0.2474000    
  0.2549140      0.2539200      0.2539160      0.2544290      0.2549390      0.2549500      0.2549360      0.2548220      0.2546100      0.2545830      0.2545560      0.2544580      0.2542720      0.2567290      0.2574290      0.2568710      0.2568700      0.2565690      0.2562800      0.2567700      0.2560300      0.2552100      0.2543900      0.2535800      0.2527800      0.2519800      0.2511800      0.2503900      0.2496000      0.2488200    
  0.2539200      0.2539180      0.2544320      0.2549440      0.2549500      0.2549430      0.2548290      0.2546100      0.2545960      0.2545830      0.2545320      0.2544290      0.2591680      0.2651670      0.2651200      0.2615600      0.2614860      0.2613000      0.2587870      0.2575100      0.2575100      0.2566800      0.2558600      0.2550500      0.2542400      0.2534300      0.2526300      0.2518300      0.2510400      0.2502500    
  0.2539190      0.2544330      0.2549470      0.2549500      0.2549460      0.2548330      0.2546100      0.2546030      0.2545960      0.2545700      0.2608850      0.2704400      0.2669630      0.2652130      0.2652130      0.2651200      0.2627630      0.2616720      0.2613000      0.2595670      0.2589900      0.2581600      0.2573400      0.2565200      0.2557000      0.2548900      0.2540800      0.2532800      0.2524800      0.2516800    
  0.2544340      0.2549490      0.2549500      0.2549480      0.2548350      0.2546100      0.2546070      0.2546030      0.2545900      0.2621860      0.2704400      0.2704400      0.2704400      0.2670310      0.2653060      0.2653060      0.2651200      0.2629590      0.2620450      0.2613000      0.2604700      0.2596400      0.2588100      0.2579900      0.2571700      0.2563500      0.2555400      0.2547300      0.2539200      0.2531100    
  0.2549490      0.2549500      0.2549490      0.2548360      0.2546100      0.2546080      0.2546070      0.2606220      0.2656190      0.2704440      0.2704400      0.2704400      0.2704400      0.2704400      0.2671660      0.2654920      0.2654920      0.2651200      0.2633720      0.2627900      0.2619500      0.2611200      0.2602900      0.2594600      0.2586400      0.2578100      0.2569900      0.2561700      0.2553600      0.2545400    
  0.2549500      0.2549500      0.2548360      0.2546100      0.2546090      0.2651660      0.2810000      0.2798450      0.2786900      0.2732010      0.2704520      0.2704400      0.2704400      0.2704400      0.2704400      0.2674240      0.2658650      0.2658650      0.2651200      0.2642800      0.2634400      0.2626000      0.2617700      0.2609400      0.2601100      0.2592800      0.2584500      0.2576200      0.2568000      0.2559800    
  0.2549500      0.2548360      0.2546100      0.2546100      0.2672790      0.2810030      0.2810030      0.2810000      0.2798450      0.2786900      0.2732220      0.2704770      0.2704400      0.2704400      0.2704400      0.2704400      0.2679000      0.2666100      0.2666100      0.2657700      0.2649200      0.2640900      0.2632500      0.2624100      0.2615700      0.2607400      0.2599100      0.2590800      0.2582400      0.2574200    
