iMOD/TUTORIALS/TUT_MetaswapAnalyser/model_MetaSWAP/meteo/Evaporation/Evaporation_20060331_L1.ASC
NCOLS                30
NROWS                30
XLLCORNER     160000.00
YLLCORNER     340000.00
CELLSIZE        1000.00
NODATA_VALUE   -9999.00
   1.457810       1.453560       1.449310       1.445060       1.440810       1.436560       1.432310       1.428060       1.423820       1.419580       1.415340       1.411120       1.406890       1.402680       1.398480       1.394280       1.390090       1.385910       1.381740       1.377580       1.373440       1.369300       1.365170       1.361050       1.356940       1.352850       1.348760       1.344680       1.340620       1.336560    
   1.453200       1.448920       1.444630       1.440350       1.436070       1.431780       1.427510       1.423230       1.418960       1.414700       1.410440       1.406190       1.401950       1.397710       1.393490       1.389270       1.385070       1.380870       1.376690       1.372520       1.368360       1.364210       1.360070       1.355950       1.351840       1.347740       1.343650       1.339570       1.335500       1.331440    
   1.448550       1.444230       1.439920       1.435600       1.431290       1.426980       1.422670       1.418370       1.414070       1.409780       1.405500       1.401230       1.396960       1.392710       1.388470       1.384230       1.380010       1.375800       1.371600       1.367420       1.363250       1.359090       1.354950       1.350810       1.346700       1.342590       1.338500       1.334420       1.330350       1.326300    
   1.443870       1.439520       1.435170       1.430820       1.426480       1.422140       1.417800       1.413470       1.409150       1.404840       1.400530       1.396230       1.391950       1.387670       1.383410       1.379160       1.374920       1.370700       1.366480       1.362290       1.358110       1.353940       1.349790       1.345650       1.341520       1.337420       1.333320       1.329240       1.325180       1.321130    
   1.439150       1.434770       1.430390       1.426010       1.421630       1.417260       1.412900       1.408540       1.404200       1.399860       1.395530       1.391210       1.386900       1.382600       1.378320       1.374050       1.369800       1.365560       1.361330       1.357130       1.352930       1.348760       1.344600       1.340450       1.336320       1.332210       1.328120       1.324040       1.319970       1.315930    
   1.434410       1.429990       1.425580       1.421170       1.416760       1.412360       1.407970       1.403590       1.399210       1.394850       1.390490       1.386150       1.381820       1.377500       1.373200       1.368920       1.364650       1.360390       1.356150       1.351930       1.347730       1.343550       1.339380       1.335230       1.331100       1.326980       1.322890       1.318810       1.314740       1.310700    
   1.429650       1.425190       1.420740       1.416300       1.411860       1.407430       1.403010       1.398600       1.394200       1.389810       1.385430       1.381070       1.376720       1.372380       1.368060       1.363760       1.359470       1.355200       1.350950       1.346720       1.342500       1.338310       1.334140       1.329980       1.325840       1.321730       1.317630       1.313550       1.309490       1.305450    
   1.424860       1.420370       1.415880       1.411410       1.406940       1.402480       1.398030       1.393590       1.389160       1.384750       1.380340       1.375960       1.371580       1.367230       1.362890       1.358570       1.354270       1.349980       1.345720       1.341470       1.337250       1.333050       1.328870       1.324710       1.320570       1.316450       1.312350       1.308270       1.304220       1.300180    
   1.420040       1.415520       1.411000       1.406500       1.402000       1.397510       1.393030       1.388560       1.384100       1.379660       1.375240       1.370820       1.366430       1.362050       1.357700       1.353360       1.349040       1.344740       1.340460       1.336210       1.331980       1.327770       1.323580       1.319410       1.315270       1.311150       1.307050       1.302980       1.298920       1.294890    
   1.415210       1.410650       1.406100       1.401560       1.397030       1.392510       1.388000       1.383510       1.379020       1.374560       1.370110       1.365670       1.361260       1.356860       1.352480       1.348130       1.343790       1.339480       1.335190       1.330920       1.326680       1.322460       1.318270       1.314100       1.309950       1.305830       1.301740       1.297660       1.293610       1.289580    
   1.415210       1.410650       1.403730       1.396610       1.392050       1.387500       1.382960       1.378440       1.373930       1.369430       1.364960       1.360500       1.356060       1.351650       1.347250       1.342880       1.338530       1.334200       1.329900       1.325620       1.321370       1.317140       1.312940       1.308770       1.304620       1.300500       1.296400       1.292330       1.288280       1.284260    
   1.415220       1.406550       1.396610       1.389440       1.387050       1.382470       1.377900       1.373350       1.368820       1.364300       1.359800       1.355310       1.350860       1.346420       1.342000       1.337610       1.333240       1.328900       1.324590       1.320300       1.316040       1.311810       1.307600       1.303420       1.299270       1.295150       1.291050       1.286980       1.282940       1.278920    
   1.409540       1.396610       1.388160       1.384550       1.382050       1.377430       1.372840       1.368250       1.363690       1.359140       1.354620       1.350110       1.345630       1.341170       1.336740       1.332330       1.327950       1.323590       1.319270       1.314970       1.310700       1.306450       1.302240       1.298060       1.293910       1.289780       1.285690       1.281620       1.277580       1.273570    
   1.396610       1.387530       1.383300       1.382050       1.377290       1.372380       1.367750       1.363140       1.358550       1.353980       1.349430       1.344900       1.340400       1.335920       1.331460       1.327040       1.322640       1.318270       1.313930       1.309620       1.305340       1.301090       1.296870       1.292690       1.288530       1.284410       1.280320       1.276250       1.272220       1.268210    
   1.387220       1.382680       1.382050       1.377240       1.372380       1.367600       1.362670       1.358030       1.353410       1.348810       1.344230       1.339680       1.335150       1.330650       1.326180       1.321730       1.317320       1.312940       1.308580       1.304260       1.299970       1.295720       1.291500       1.287310       1.283150       1.279020       1.274930       1.270870       1.266840       1.262840    
   1.382360       1.382050       1.377220       1.372380       1.367550       1.362670       1.360350       1.358040       1.350970       1.343630       1.339030       1.334450       1.329900       1.325380       1.320890       1.316420       1.311990       1.307590       1.303230       1.298900       1.294600       1.290340       1.286110       1.281920       1.277760       1.273630       1.269540       1.265490       1.261460       1.257470    
   1.382050       1.377220       1.372380       1.367530       1.362670       1.361510       1.360350       1.353250       1.343630       1.341330       1.334060       1.329220       1.324640       1.320100       1.315590       1.311110       1.306660       1.302250       1.297870       1.293520       1.289220       1.284950       1.280720       1.276520       1.272360       1.268240       1.264150       1.260100       1.256080       1.252090    
   1.377220       1.372380       1.367530       1.362670       1.362090       1.361510       1.354680       1.343630       1.342480       1.333920       1.326600       1.323980       1.319380       1.314820       1.310290       1.305790       1.301320       1.296890       1.292500       1.288150       1.283830       1.279560       1.275320       1.271120       1.266960       1.262840       1.258750       1.254700       1.250690       1.246720    
   1.372380       1.367530       1.362670       1.362380       1.362090       1.355480       1.343630       1.343060       1.333860       1.325290       1.323980       1.321680       1.316930       1.309540       1.304980       1.300460       1.295980       1.291540       1.287140       1.282770       1.278450       1.274160       1.269920       1.265720       1.261560       1.257440       1.253350       1.249310       1.245310       1.241340    
   1.367530       1.362670       1.362520       1.362380       1.355890       1.343630       1.343340       1.333830       1.324640       1.323980       1.322830       1.318030       1.309540       1.307260       1.304990       1.300470       1.295990       1.291550       1.282170       1.277390       1.273060       1.268770       1.264520       1.260320       1.256160       1.252040       1.247960       1.243920       1.239920       1.235960    
   1.362670       1.362600       1.362520       1.356110       1.343630       1.343490       1.333820       1.324310       1.323980       1.323410       1.318600       1.309540       1.308400       1.307260       1.304240       1.300490       1.296010       1.283290       1.274700       1.272020       1.267680       1.263380       1.259130       1.254920       1.250760       1.246640       1.242570       1.238530       1.234540       1.230590    
   1.362630       1.362600       1.356220       1.343630       1.343560       1.333810       1.324140       1.323980       1.323690       1.318880       1.309540       1.308970       1.308400       1.306640       1.304000       1.300250       1.285030       1.273360       1.272020       1.267330       1.262300       1.257990       1.253740       1.249530       1.245370       1.241250       1.237180       1.233150       1.229170       1.225230    
   1.362630       1.356270       1.343630       1.343590       1.333810       1.324060       1.323980       1.323840       1.319020       1.309540       1.309260       1.308970       1.308000       1.306340       1.303630       1.283590       1.272690       1.272020       1.261290       1.256930       1.254340       1.252620       1.248350       1.244140       1.239980       1.235870       1.231800       1.227780       1.223810       1.219880    
   1.356300       1.343630       1.343610       1.333810       1.324020       1.323980       1.323910       1.319090       1.309540       1.309400       1.309260       1.308740       1.307770       1.287960       1.270840       1.255990       1.255990       1.253580       1.250680       1.248880       1.251560       1.247250       1.242980       1.238770       1.234600       1.230490       1.226430       1.222420       1.218460       1.214540    
   1.343630       1.343620       1.333810       1.324000       1.323980       1.323940       1.319130       1.309540       1.309470       1.309400       1.309130       1.308590       1.274350       1.233720       1.233880       1.241600       1.239300       1.239960       1.243930       1.246220       1.246210       1.241890       1.237620       1.233400       1.229240       1.225130       1.221080       1.217070       1.213120       1.209210    
   1.343630       1.333810       1.323990       1.323980       1.323960       1.319150       1.309540       1.309500       1.309470       1.309330       1.274570       1.222870       1.229970       1.233550       1.233550       1.233880       1.237220       1.238640       1.239960       1.240650       1.240880       1.236550       1.232270       1.228050       1.223890       1.219790       1.215740       1.211740       1.207800       1.203900    
   1.333810       1.323990       1.323980       1.323970       1.319160       1.309540       1.309520       1.309500       1.309440       1.267820       1.222870       1.222870       1.222870       1.229720       1.233230       1.233230       1.233880       1.236410       1.237310       1.239960       1.235560       1.231220       1.226940       1.222720       1.218560       1.214460       1.210420       1.206430       1.202490       1.198610    
   1.323980       1.323980       1.323980       1.319160       1.309540       1.309530       1.309520       1.282730       1.254690       1.222860       1.222870       1.222870       1.222870       1.222870       1.229240       1.232570       1.232570       1.233880       1.234480       1.234670       1.230260       1.225910       1.221630       1.217410       1.213250       1.209150       1.205120       1.201140       1.197210       1.193340    
   1.323980       1.323980       1.319160       1.309540       1.309540       1.266710       1.202480       1.202470       1.202470       1.216030       1.222830       1.222870       1.222870       1.222870       1.222870       1.228310       1.231270       1.231270       1.233880       1.229400       1.224980       1.220630       1.216340       1.212120       1.207960       1.203870       1.199840       1.195870       1.191960       1.188100    
   1.323980       1.319170       1.309540       1.309540       1.258140       1.202470       1.202470       1.202480       1.202470       1.202470       1.215960       1.222750       1.222870       1.222870       1.222870       1.222870       1.226530       1.228660       1.228650       1.224150       1.219720       1.215360       1.211070       1.206850       1.202700       1.198610       1.194590       1.190630       1.186730       1.182890    
