iMOD/TUTORIALS/TUT_MetaswapAnalyser/model_MetaSWAP/meteo/Evaporation/Evaporation_20050305_L1.ASC
NCOLS                30
NROWS                30
XLLCORNER     160000.00
YLLCORNER     340000.00
CELLSIZE        1000.00
NODATA_VALUE   -9999.00
  0.5202400      0.5202000      0.5202200      0.5203000      0.5204400      0.5206400      0.5209000      0.5212100      0.5215700      0.5219700      0.5224300      0.5229300      0.5234800      0.5240700      0.5247000      0.5253700      0.5260700      0.5268100      0.5275900      0.5284000      0.5292500      0.5301200      0.5310300      0.5319600      0.5329200      0.5339100      0.5349300      0.5359700      0.5370400      0.5381300    
  0.5187900      0.5187200      0.5187200      0.5187700      0.5188900      0.5190600      0.5192900      0.5195700      0.5199000      0.5202800      0.5207100      0.5211800      0.5217000      0.5222600      0.5228600      0.5235100      0.5241900      0.5249100      0.5256600      0.5264500      0.5272700      0.5281200      0.5290000      0.5299200      0.5308600      0.5318300      0.5328300      0.5338500      0.5349000      0.5359800    
  0.5173400      0.5172500      0.5172200      0.5172500      0.5173300      0.5174800      0.5176800      0.5179300      0.5182300      0.5185800      0.5189800      0.5194300      0.5199200      0.5204600      0.5210400      0.5216500      0.5223100      0.5230000      0.5237300      0.5244900      0.5252900      0.5261200      0.5269900      0.5278800      0.5288000      0.5297500      0.5307300      0.5317400      0.5327700      0.5338200    
  0.5158900      0.5157700      0.5157200      0.5157200      0.5157800      0.5159000      0.5160700      0.5162900      0.5165700      0.5168900      0.5172700      0.5176900      0.5181500      0.5186600      0.5192100      0.5198000      0.5204300      0.5211000      0.5218100      0.5225500      0.5233200      0.5241300      0.5249700      0.5258400      0.5267500      0.5276800      0.5286400      0.5296200      0.5306400      0.5316800    
  0.5144400      0.5142900      0.5142100      0.5141900      0.5142200      0.5143100      0.5144600      0.5146500      0.5149000      0.5152000      0.5155500      0.5159400      0.5163800      0.5168600      0.5173900      0.5179500      0.5185600      0.5192000      0.5198900      0.5206000      0.5213600      0.5221400      0.5229600      0.5238100      0.5247000      0.5256100      0.5265500      0.5275200      0.5285100      0.5295400    
  0.5129800      0.5128100      0.5127100      0.5126600      0.5126700      0.5127300      0.5128500      0.5130200      0.5132400      0.5135100      0.5138300      0.5142000      0.5146100      0.5150700      0.5155700      0.5161100      0.5166900      0.5173100      0.5179700      0.5186600      0.5194000      0.5201600      0.5209600      0.5217900      0.5226500      0.5235400      0.5244700      0.5254200      0.5263900      0.5274000    
  0.5115200      0.5113300      0.5112000      0.5111300      0.5111100      0.5111500      0.5112400      0.5113800      0.5115800      0.5118300      0.5121200      0.5124600      0.5128500      0.5132800      0.5137500      0.5142700      0.5148300      0.5154200      0.5160600      0.5167300      0.5174400      0.5181800      0.5189600      0.5197700      0.5206100      0.5214800      0.5223900      0.5233200      0.5242800      0.5252700    
  0.5100600      0.5098400      0.5096900      0.5095900      0.5095500      0.5095600      0.5096300      0.5097500      0.5099200      0.5101400      0.5104100      0.5107200      0.5110900      0.5114900      0.5119400      0.5124300      0.5129700      0.5135400      0.5141500      0.5148000      0.5154900      0.5162100      0.5169600      0.5177500      0.5185800      0.5194300      0.5203100      0.5212300      0.5221700      0.5231400    
  0.5085900      0.5083500      0.5081800      0.5080600      0.5079900      0.5079800      0.5080200      0.5081200      0.5082600      0.5084500      0.5087000      0.5089900      0.5093200      0.5097100      0.5101300      0.5106000      0.5111100      0.5116600      0.5122500      0.5128700      0.5135400      0.5142400      0.5149700      0.5157400      0.5165400      0.5173800      0.5182500      0.5191400      0.5200700      0.5210200    
  0.5071200      0.5068600      0.5066600      0.5065200      0.5064300      0.5064000      0.5064100      0.5064800      0.5066000      0.5067700      0.5069900      0.5072600      0.5075700      0.5079200      0.5083200      0.5087700      0.5092500      0.5097800      0.5103500      0.5109500      0.5115900      0.5122700      0.5129900      0.5137400      0.5145200      0.5153400      0.5161800      0.5170600      0.5179700      0.5189100    
  0.5071400      0.5068800      0.5062550      0.5049800      0.5048700      0.5048100      0.5048000      0.5048500      0.5049400      0.5050900      0.5052800      0.5055200      0.5058100      0.5061400      0.5065200      0.5069400      0.5074000      0.5079100      0.5084500      0.5090300      0.5096500      0.5103100      0.5110100      0.5117400      0.5125000      0.5133000      0.5141300      0.5149900      0.5158800      0.5168000    
  0.5071590      0.5063140      0.5049800      0.5037270      0.5033100      0.5032300      0.5032000      0.5032200      0.5032900      0.5034100      0.5035800      0.5037900      0.5040600      0.5043700      0.5047200      0.5051200      0.5055600      0.5060400      0.5065600      0.5071200      0.5077200      0.5083600      0.5090300      0.5097400      0.5104800      0.5112600      0.5120700      0.5129200      0.5137900      0.5147000    
  0.5064820      0.5049800      0.5032470      0.5025300      0.5017500      0.5016400      0.5015900      0.5015800      0.5016300      0.5017300      0.5018700      0.5020700      0.5023100      0.5025900      0.5029200      0.5033000      0.5037100      0.5041700      0.5046700      0.5052100      0.5057900      0.5064100      0.5070600      0.5077500      0.5084700      0.5092300      0.5100300      0.5108500      0.5117100      0.5126000    
  0.5049800      0.5030290      0.5021400      0.5017500      0.5011470      0.5000500      0.4999800      0.4999500      0.4999800      0.5000500      0.5001700      0.5003400      0.5005600      0.5008200      0.5011300      0.5014800      0.5018700      0.5023100      0.5027900      0.5033100      0.5038600      0.5044600      0.5050900      0.5057600      0.5064700      0.5072100      0.5079900      0.5088000      0.5096400      0.5105100    
  0.5029260      0.5019450      0.5017500      0.5009820      0.5000500      0.4994670      0.4983700      0.4983200      0.4983200      0.4983700      0.4984700      0.4986200      0.4988100      0.4990500      0.4993400      0.4996600      0.5000400      0.5004500      0.5009100      0.5014000      0.5019400      0.5025200      0.5031300      0.5037800      0.5044700      0.5051900      0.5059500      0.5067400      0.5075700      0.5084200    
  0.5018480      0.5017500      0.5009270      0.5000500      0.4992960      0.4983700      0.4983450      0.4983370      0.4979270      0.4967000      0.4967700      0.4969000      0.4970700      0.4972900      0.4975500      0.4978500      0.4982000      0.4986000      0.4990300      0.4995100      0.5000200      0.5005800      0.5011800      0.5018100      0.5024800      0.5031800      0.5039200      0.5047000      0.5055000      0.5063400    
  0.5017500      0.5009090      0.5000500      0.4992390      0.4983700      0.4983580      0.4983510      0.4978270      0.4967000      0.4967350      0.4958020      0.4951800      0.4953300      0.4955200      0.4957600      0.4960500      0.4963700      0.4967500      0.4971600      0.4976200      0.4981100      0.4986500      0.4992200      0.4998400      0.5004900      0.5011800      0.5019000      0.5026600      0.5034500      0.5042700    
  0.5009030      0.5000500      0.4992200      0.4983700      0.4983640      0.4983590      0.4978090      0.4967000      0.4967170      0.4954030      0.4943200      0.4934600      0.4935900      0.4937600      0.4939800      0.4942400      0.4945500      0.4949000      0.4952900      0.4957300      0.4962100      0.4967200      0.4972800      0.4978700      0.4985100      0.4991800      0.4998800      0.5006300      0.5014000      0.5022100    
  0.5000500      0.4992130      0.4983700      0.4983670      0.4983640      0.4978080      0.4967000      0.4967090      0.4952340      0.4938900      0.4934600      0.4935250      0.4932030      0.4920000      0.4922000      0.4924400      0.4927300      0.4930600      0.4934300      0.4938500      0.4943000      0.4948000      0.4953400      0.4959200      0.4965300      0.4971800      0.4978700      0.4986000      0.4993600      0.5001500    
  0.4992110      0.4983700      0.4983680      0.4983670      0.4978100      0.4967000      0.4967040      0.4951560      0.4936750      0.4934600      0.4934920      0.4930470      0.4920000      0.4921000      0.4922130      0.4924570      0.4927430      0.4930730      0.4924820      0.4919700      0.4924100      0.4928900      0.4934000      0.4939600      0.4945600      0.4952000      0.4958700      0.4965800      0.4973200      0.4981000    
  0.4983700      0.4983690      0.4983690      0.4978110      0.4967000      0.4967020      0.4951170      0.4935670      0.4934600      0.4934760      0.4930000      0.4920000      0.4920500      0.4921040      0.4922570      0.4924710      0.4927580      0.4918870      0.4910350      0.4901000      0.4905100      0.4909800      0.4914800      0.4920200      0.4926000      0.4932200      0.4938700      0.4945700      0.4953000      0.4960600    
  0.4983700      0.4983690      0.4978120      0.4967000      0.4967010      0.4950990      0.4935140      0.4934600      0.4934680      0.4929840      0.4920000      0.4920250      0.4920510      0.4921370      0.4922770      0.4924950      0.4915570      0.4905680      0.4901000      0.4897470      0.4886300      0.4890700      0.4895500      0.4900800      0.4906400      0.4912400      0.4918800      0.4925600      0.4932800      0.4940200    
  0.4983700      0.4978130      0.4967000      0.4967010      0.4950890      0.4934870      0.4934600      0.4934640      0.4929780      0.4920000      0.4920130      0.4920250      0.4920710      0.4921550      0.4923030      0.4902410      0.4903340      0.4901000      0.4876340      0.4867500      0.4870040      0.4871700      0.4876400      0.4881400      0.4886900      0.4892800      0.4899000      0.4905600      0.4912600      0.4920000    
  0.4978130      0.4967000      0.4967000      0.4950850      0.4934730      0.4934600      0.4934620      0.4929760      0.4920000      0.4920060      0.4920130      0.4920360      0.4920840      0.4879070      0.4855500      0.4845420      0.4845400      0.4845830      0.4845660      0.4839400      0.4848700      0.4852800      0.4857300      0.4862200      0.4867500      0.4873200      0.4879300      0.4885700      0.4892600      0.4899800    
  0.4967000      0.4967000      0.4950820      0.4934670      0.4934600      0.4934610      0.4929740      0.4920000      0.4920030      0.4920060      0.4920180      0.4920440      0.4844120      0.4750440      0.4751000      0.4789600      0.4787510      0.4789800      0.4816330      0.4830070      0.4830100      0.4833900      0.4838200      0.4843000      0.4848100      0.4853700      0.4859600      0.4865900      0.4872600      0.4879700    
  0.4967000      0.4950810      0.4934630      0.4934600      0.4934610      0.4929740      0.4920000      0.4920020      0.4920030      0.4920090      0.4830540      0.4696000      0.4731830      0.4749880      0.4749880      0.4751000      0.4774500      0.4785230      0.4789800      0.4806050      0.4811400      0.4815100      0.4819300      0.4823800      0.4828800      0.4834200      0.4840000      0.4846200      0.4852700      0.4859700    
  0.4950810      0.4934620      0.4934600      0.4934600      0.4929740      0.4920000      0.4920010      0.4920020      0.4920050      0.4812530      0.4696000      0.4696000      0.4696000      0.4731000      0.4748750      0.4748750      0.4751000      0.4771960      0.4780650      0.4789800      0.4792900      0.4796400      0.4800400      0.4804800      0.4809600      0.4814800      0.4820500      0.4826500      0.4833000      0.4839800    
  0.4934610      0.4934600      0.4934600      0.4929730      0.4920000      0.4920000      0.4920010      0.4842340      0.4770800      0.4695950      0.4696000      0.4696000      0.4696000      0.4696000      0.4729370      0.4746500      0.4746500      0.4751000      0.4766400      0.4771500      0.4774400      0.4777800      0.4781600      0.4785800      0.4790500      0.4795600      0.4801100      0.4807000      0.4813300      0.4819900    
  0.4934600      0.4934600      0.4929730      0.4920000      0.4920000      0.4789320      0.4593300      0.4601300      0.4609300      0.4666970      0.4695860      0.4696000      0.4696000      0.4696000      0.4696000      0.4726210      0.4742010      0.4742000      0.4751000      0.4753300      0.4756000      0.4759200      0.4762800      0.4766900      0.4771400      0.4776400      0.4781700      0.4787500      0.4793700      0.4800200    
  0.4934600      0.4929730      0.4920000      0.4920000      0.4763160      0.4593270      0.4593270      0.4593300      0.4601300      0.4609300      0.4666720      0.4695570      0.4696000      0.4696000      0.4696000      0.4696000      0.4720350      0.4733030      0.4733000      0.4735100      0.4737700      0.4740700      0.4744200      0.4748100      0.4752500      0.4757300      0.4762500      0.4768100      0.4774200      0.4780600    
