iMOD/TUTORIALS/TUT_MetaswapAnalyser/model_MetaSWAP/meteo/Evaporation/Evaporation_20061231_L1.ASC
NCOLS                30
NROWS                30
XLLCORNER     160000.00
YLLCORNER     340000.00
CELLSIZE        1000.00
NODATA_VALUE   -9999.00
  0.2193300      0.2193000      0.2192700      0.2192300      0.2191800      0.2191300      0.2190800      0.2190200      0.2189500      0.2188800      0.2188100      0.2187200      0.2186300      0.2185400      0.2184400      0.2183300      0.2182200      0.2180900      0.2179700      0.2178300      0.2176900      0.2175500      0.2173900      0.2172300      0.2170700      0.2168900      0.2167100      0.2165300      0.2163400      0.2161400    
  0.2197500      0.2197300      0.2196900      0.2196600      0.2196200      0.2195700      0.2195200      0.2194600      0.2194000      0.2193300      0.2192600      0.2191800      0.2190900      0.2190000      0.2189000      0.2187900      0.2186800      0.2185600      0.2184400      0.2183100      0.2181700      0.2180200      0.2178700      0.2177100      0.2175500      0.2173800      0.2172000      0.2170200      0.2168300      0.2166300    
  0.2201800      0.2201500      0.2201200      0.2200900      0.2200500      0.2200100      0.2199600      0.2199000      0.2198500      0.2197800      0.2197100      0.2196300      0.2195500      0.2194600      0.2193600      0.2192600      0.2191500      0.2190300      0.2189100      0.2187800      0.2186400      0.2185000      0.2183500      0.2182000      0.2180300      0.2178600      0.2176900      0.2175100      0.2173200      0.2171300    
  0.2206000      0.2205800      0.2205500      0.2205200      0.2204900      0.2204500      0.2204000      0.2203500      0.2202900      0.2202300      0.2201600      0.2200900      0.2200100      0.2199200      0.2198300      0.2197300      0.2196200      0.2195000      0.2193800      0.2192600      0.2191200      0.2189800      0.2188300      0.2186800      0.2185200      0.2183500      0.2181800      0.2180000      0.2178100      0.2176200    
  0.2210300      0.2210100      0.2209900      0.2209600      0.2209300      0.2208900      0.2208500      0.2208000      0.2207400      0.2206800      0.2206200      0.2205500      0.2204700      0.2203800      0.2202900      0.2201900      0.2200900      0.2199800      0.2198600      0.2197300      0.2196000      0.2194600      0.2193200      0.2191700      0.2190100      0.2188400      0.2186700      0.2184900      0.2183100      0.2181100    
  0.2214600      0.2214400      0.2214200      0.2214000      0.2213700      0.2213300      0.2212900      0.2212500      0.2212000      0.2211400      0.2210800      0.2210100      0.2209300      0.2208500      0.2207600      0.2206600      0.2205600      0.2204500      0.2203400      0.2202100      0.2200800      0.2199500      0.2198000      0.2196500      0.2195000      0.2193300      0.2191600      0.2189800      0.2188000      0.2186100    
  0.2218800      0.2218700      0.2218600      0.2218300      0.2218100      0.2217800      0.2217400      0.2217000      0.2216500      0.2215900      0.2215300      0.2214700      0.2213900      0.2213100      0.2212300      0.2211300      0.2210300      0.2209300      0.2208100      0.2206900      0.2205700      0.2204300      0.2202900      0.2201400      0.2199800      0.2198200      0.2196500      0.2194800      0.2193000      0.2191100    
  0.2223100      0.2223000      0.2222900      0.2222700      0.2222500      0.2222200      0.2221900      0.2221500      0.2221000      0.2220500      0.2219900      0.2219300      0.2218600      0.2217800      0.2217000      0.2216100      0.2215100      0.2214000      0.2212900      0.2211700      0.2210500      0.2209100      0.2207700      0.2206300      0.2204700      0.2203100      0.2201500      0.2199700      0.2197900      0.2196000    
  0.2227400      0.2227400      0.2227300      0.2227100      0.2226900      0.2226700      0.2226400      0.2226000      0.2225600      0.2225100      0.2224500      0.2223900      0.2223200      0.2222500      0.2221700      0.2220800      0.2219800      0.2218800      0.2217700      0.2216500      0.2215300      0.2214000      0.2212600      0.2211200      0.2209600      0.2208100      0.2206400      0.2204700      0.2202900      0.2201000    
  0.2231700      0.2231700      0.2231600      0.2231500      0.2231400      0.2231100      0.2230800      0.2230500      0.2230100      0.2229600      0.2229100      0.2228500      0.2227900      0.2227200      0.2226400      0.2225500      0.2224600      0.2223600      0.2222500      0.2221400      0.2220100      0.2218900      0.2217500      0.2216100      0.2214600      0.2213000      0.2211300      0.2209600      0.2207800      0.2206000    
  0.2231700      0.2231670      0.2232670      0.2235900      0.2235800      0.2235600      0.2235300      0.2235000      0.2234700      0.2234200      0.2233700      0.2233200      0.2232500      0.2231900      0.2231100      0.2230300      0.2229300      0.2228400      0.2227300      0.2226200      0.2225000      0.2223700      0.2222400      0.2221000      0.2219500      0.2217900      0.2216300      0.2214600      0.2212800      0.2210900    
  0.2231680      0.2232990      0.2235900      0.2239130      0.2240200      0.2240100      0.2239800      0.2239600      0.2239200      0.2238800      0.2238300      0.2237800      0.2237200      0.2236500      0.2235800      0.2235000      0.2234100      0.2233200      0.2232100      0.2231000      0.2229800      0.2228600      0.2227300      0.2225900      0.2224400      0.2222800      0.2221200      0.2219500      0.2217700      0.2215900    
  0.2233050      0.2235900      0.2240510      0.2242400      0.2244600      0.2244500      0.2244300      0.2244100      0.2243800      0.2243400      0.2243000      0.2242500      0.2241900      0.2241200      0.2240500      0.2239700      0.2238900      0.2237900      0.2236900      0.2235800      0.2234700      0.2233500      0.2232100      0.2230700      0.2229300      0.2227700      0.2226100      0.2224500      0.2222700      0.2220900    
  0.2235900      0.2241130      0.2243500      0.2244600      0.2246030      0.2249000      0.2248800      0.2248600      0.2248300      0.2248000      0.2247600      0.2247100      0.2246600      0.2245900      0.2245200      0.2244500      0.2243600      0.2242700      0.2241700      0.2240700      0.2239500      0.2238300      0.2237000      0.2235600      0.2234200      0.2232700      0.2231100      0.2229400      0.2227700      0.2225800    
  0.2241420      0.2244050      0.2244600      0.2246540      0.2249000      0.2250370      0.2253300      0.2253100      0.2252900      0.2252600      0.2252200      0.2251700      0.2251200      0.2250600      0.2250000      0.2249200      0.2248400      0.2247500      0.2246500      0.2245500      0.2244400      0.2243200      0.2241900      0.2240500      0.2239100      0.2237600      0.2236000      0.2234300      0.2232600      0.2230800    
  0.2244320      0.2244600      0.2246710      0.2249000      0.2250890      0.2253300      0.2253200      0.2253100      0.2253930      0.2257100      0.2256800      0.2256400      0.2255900      0.2255300      0.2254700      0.2254000      0.2253200      0.2252300      0.2251400      0.2250300      0.2249200      0.2248000      0.2246800      0.2245400      0.2244000      0.2242500      0.2240900      0.2239300      0.2237500      0.2235700    
  0.2244600      0.2246770      0.2249000      0.2251060      0.2253300      0.2253250      0.2253200      0.2254330      0.2257100      0.2256950      0.2259380      0.2261000      0.2260500      0.2260000      0.2259400      0.2258700      0.2257900      0.2257100      0.2256100      0.2255100      0.2254100      0.2252900      0.2251600      0.2250300      0.2248900      0.2247400      0.2245800      0.2244200      0.2242500      0.2240700    
  0.2246790      0.2249000      0.2251120      0.2253300      0.2253270      0.2253250      0.2254470      0.2257100      0.2257020      0.2260470      0.2263300      0.2265600      0.2265200      0.2264700      0.2264100      0.2263400      0.2262700      0.2261800      0.2260900      0.2260000      0.2258900      0.2257700      0.2256500      0.2255200      0.2253800      0.2252300      0.2250700      0.2249100      0.2247400      0.2245600    
  0.2249000      0.2251140      0.2253300      0.2253290      0.2253270      0.2254520      0.2257100      0.2257060      0.2260930      0.2264450      0.2265600      0.2265400      0.2266200      0.2269300      0.2268800      0.2268100      0.2267400      0.2266600      0.2265700      0.2264800      0.2263700      0.2262600      0.2261300      0.2260000      0.2258700      0.2257200      0.2255600      0.2254000      0.2252300      0.2250500    
  0.2251150      0.2253300      0.2253290      0.2253290      0.2254550      0.2257100      0.2257080      0.2261140      0.2265020      0.2265600      0.2265500      0.2266630      0.2269300      0.2269050      0.2268730      0.2268100      0.2267370      0.2266570      0.2268180      0.2269500      0.2268500      0.2267400      0.2266200      0.2264900      0.2263500      0.2262100      0.2260500      0.2258900      0.2257200      0.2255400    
  0.2253300      0.2253300      0.2253290      0.2254560      0.2257100      0.2257090      0.2261250      0.2265310      0.2265600      0.2265550      0.2266760      0.2269300      0.2269180      0.2269030      0.2268630      0.2268070      0.2267340      0.2269660      0.2271900      0.2274300      0.2273300      0.2272200      0.2271000      0.2269700      0.2268400      0.2266900      0.2265400      0.2263800      0.2262100      0.2260300    
  0.2253300      0.2253300      0.2254560      0.2257100      0.2257100      0.2261300      0.2265460      0.2265600      0.2265570      0.2266800      0.2269300      0.2269240      0.2269170      0.2268940      0.2268570      0.2268010      0.2270490      0.2273100      0.2274300      0.2275230      0.2278100      0.2277000      0.2275800      0.2274600      0.2273200      0.2271800      0.2270200      0.2268600      0.2266900      0.2265200    
  0.2253300      0.2254560      0.2257100      0.2257100      0.2261320      0.2265530      0.2265600      0.2265590      0.2266820      0.2269300      0.2269270      0.2269240      0.2269120      0.2268900      0.2268510      0.2273850      0.2273700      0.2274300      0.2280580      0.2282850      0.2282200      0.2281800      0.2280600      0.2279400      0.2278000      0.2276600      0.2275100      0.2273500      0.2271800      0.2270000    
  0.2254570      0.2257100      0.2257100      0.2261340      0.2265560      0.2265600      0.2265590      0.2266830      0.2269300      0.2269280      0.2269270      0.2269210      0.2269080      0.2279780      0.2285830      0.2288440      0.2288450      0.2288330      0.2288370      0.2289950      0.2287600      0.2286500      0.2285400      0.2284100      0.2282800      0.2281400      0.2279900      0.2278300      0.2276600      0.2274800    
  0.2257100      0.2257100      0.2261340      0.2265580      0.2265600      0.2265600      0.2266830      0.2269300      0.2269290      0.2269280      0.2269250      0.2269190      0.2288740      0.2312740      0.2312600      0.2302690      0.2303180      0.2302600      0.2295810      0.2292300      0.2292300      0.2291300      0.2290100      0.2288900      0.2287600      0.2286200      0.2284700      0.2283100      0.2281400      0.2279600    
  0.2257100      0.2261350      0.2265590      0.2265600      0.2265600      0.2266830      0.2269300      0.2269300      0.2269290      0.2269280      0.2292220      0.2326700      0.2317510      0.2312880      0.2312880      0.2312600      0.2306530      0.2303750      0.2302600      0.2298400      0.2297000      0.2296000      0.2294900      0.2293600      0.2292300      0.2290900      0.2289400      0.2287800      0.2286100      0.2284400    
  0.2261350      0.2265600      0.2265600      0.2265600      0.2266830      0.2269300      0.2269300      0.2269300      0.2269290      0.2296840      0.2326700      0.2326700      0.2326700      0.2317720      0.2313160      0.2313160      0.2312600      0.2307160      0.2304900      0.2302600      0.2301700      0.2300700      0.2299600      0.2298400      0.2297100      0.2295700      0.2294200      0.2292600      0.2290900      0.2289100    
  0.2265600      0.2265600      0.2265600      0.2266830      0.2269300      0.2269300      0.2269300      0.2289120      0.2307460      0.2326710      0.2326700      0.2326700      0.2326700      0.2326700      0.2318130      0.2313730      0.2313730      0.2312600      0.2308550      0.2307200      0.2306300      0.2305300      0.2304200      0.2303000      0.2301700      0.2300400      0.2298900      0.2297300      0.2295600      0.2293800    
  0.2265600      0.2265600      0.2266830      0.2269300      0.2269300      0.2302740      0.2352900      0.2350750      0.2348600      0.2334030      0.2326740      0.2326700      0.2326700      0.2326700      0.2326700      0.2318910      0.2314850      0.2314850      0.2312600      0.2311800      0.2310900      0.2310000      0.2308900      0.2307700      0.2306400      0.2305000      0.2303500      0.2301900      0.2300300      0.2298500    
  0.2265600      0.2266830      0.2269300      0.2269300      0.2309430      0.2352910      0.2352910      0.2352900      0.2350750      0.2348600      0.2334090      0.2326810      0.2326700      0.2326700      0.2326700      0.2326700      0.2320380      0.2317100      0.2317100      0.2316400      0.2315500      0.2314600      0.2313500      0.2312300      0.2311000      0.2309700      0.2308200      0.2306600      0.2304900      0.2303100    
