iMOD/TUTORIALS/TUT_MetaswapAnalyser/model_MetaSWAP/meteo/Evaporation/Evaporation_20061221_L1.ASC
NCOLS                30
NROWS                30
XLLCORNER     160000.00
YLLCORNER     340000.00
CELLSIZE        1000.00
NODATA_VALUE   -9999.00
  0.1392200      0.1390600      0.1388900      0.1386900      0.1384800      0.1382600      0.1380200      0.1377600      0.1374900      0.1372200      0.1369300      0.1366300      0.1363200      0.1360000      0.1356800      0.1353500      0.1350200      0.1346800      0.1343300      0.1339900      0.1336400      0.1332900      0.1329300      0.1325800      0.1322200      0.1318700      0.1315100      0.1311600      0.1308000      0.1304500    
  0.1387600      0.1386100      0.1384300      0.1382300      0.1380200      0.1378000      0.1375500      0.1373000      0.1370300      0.1367500      0.1364600      0.1361700      0.1358600      0.1355400      0.1352200      0.1348900      0.1345600      0.1342200      0.1338800      0.1335400      0.1331900      0.1328400      0.1324900      0.1321400      0.1317900      0.1314300      0.1310800      0.1307300      0.1303800      0.1300300    
  0.1382900      0.1381300      0.1379500      0.1377500      0.1375400      0.1373100      0.1370700      0.1368200      0.1365500      0.1362700      0.1359800      0.1356900      0.1353800      0.1350700      0.1347500      0.1344200      0.1340900      0.1337500      0.1334100      0.1330700      0.1327300      0.1323800      0.1320300      0.1316800      0.1313300      0.1309800      0.1306300      0.1302900      0.1299400      0.1296000    
  0.1378000      0.1376400      0.1374600      0.1372600      0.1370500      0.1368200      0.1365700      0.1363200      0.1360500      0.1357700      0.1354900      0.1351900      0.1348800      0.1345700      0.1342500      0.1339300      0.1336000      0.1332600      0.1329300      0.1325900      0.1322400      0.1319000      0.1315500      0.1312100      0.1308600      0.1305200      0.1301700      0.1298300      0.1294900      0.1291500    
  0.1373000      0.1371300      0.1369500      0.1367500      0.1365300      0.1363000      0.1360600      0.1358000      0.1355400      0.1352600      0.1349700      0.1346800      0.1343700      0.1340600      0.1337400      0.1334200      0.1330900      0.1327600      0.1324300      0.1320900      0.1317500      0.1314100      0.1310600      0.1307200      0.1303800      0.1300400      0.1297000      0.1293600      0.1290200      0.1286800    
  0.1367800      0.1366100      0.1364200      0.1362200      0.1360000      0.1357700      0.1355300      0.1352700      0.1350100      0.1347300      0.1344400      0.1341500      0.1338400      0.1335300      0.1332200      0.1329000      0.1325700      0.1322400      0.1319100      0.1315700      0.1312400      0.1309000      0.1305600      0.1302200      0.1298800      0.1295400      0.1292100      0.1288700      0.1285400      0.1282100    
  0.1362500      0.1360700      0.1358800      0.1356800      0.1354600      0.1352300      0.1349900      0.1347300      0.1344600      0.1341800      0.1339000      0.1336000      0.1333000      0.1329900      0.1326800      0.1323600      0.1320300      0.1317100      0.1313800      0.1310400      0.1307100      0.1303700      0.1300400      0.1297000      0.1293700      0.1290300      0.1287000      0.1283700      0.1280400      0.1277100    
  0.1357000      0.1355200      0.1353300      0.1351300      0.1349100      0.1346700      0.1344300      0.1341700      0.1339000      0.1336300      0.1333400      0.1330400      0.1327400      0.1324400      0.1321200      0.1318000      0.1314800      0.1311600      0.1308300      0.1305000      0.1301700      0.1298400      0.1295000      0.1291700      0.1288400      0.1285100      0.1281800      0.1278600      0.1275300      0.1272100    
  0.1351400      0.1349600      0.1347700      0.1345600      0.1343400      0.1341000      0.1338600      0.1336000      0.1333300      0.1330500      0.1327700      0.1324700      0.1321700      0.1318700      0.1315500      0.1312400      0.1309200      0.1306000      0.1302700      0.1299400      0.1296100      0.1292900      0.1289600      0.1286300      0.1283000      0.1279800      0.1276500      0.1273300      0.1270100      0.1266900    
  0.1345700      0.1343900      0.1341900      0.1339800      0.1337500      0.1335200      0.1332700      0.1330100      0.1327400      0.1324700      0.1321800      0.1318900      0.1315900      0.1312800      0.1309700      0.1306600      0.1303400      0.1300200      0.1297000      0.1293700      0.1290500      0.1287200      0.1284000      0.1280700      0.1277500      0.1274300      0.1271100      0.1267900      0.1264800      0.1261700    
  0.1345670      0.1343830      0.1339880      0.1333900      0.1331600      0.1329200      0.1326800      0.1324200      0.1321500      0.1318700      0.1315800      0.1312900      0.1309900      0.1306900      0.1303800      0.1300700      0.1297500      0.1294300      0.1291100      0.1287900      0.1284700      0.1281500      0.1278300      0.1275000      0.1271900      0.1268700      0.1265500      0.1262400      0.1259300      0.1256300    
  0.1345610      0.1340820      0.1333900      0.1327620      0.1325600      0.1323200      0.1320700      0.1318100      0.1315400      0.1312600      0.1309800      0.1306800      0.1303900      0.1300800      0.1297700      0.1294600      0.1291500      0.1288300      0.1285200      0.1282000      0.1278800      0.1275600      0.1272400      0.1269300      0.1266100      0.1263000      0.1259900      0.1256800      0.1253800      0.1250800    
  0.1341900      0.1333900      0.1325860      0.1322500      0.1319400      0.1317000      0.1314500      0.1311900      0.1309200      0.1306400      0.1303600      0.1300600      0.1297700      0.1294600      0.1291600      0.1288500      0.1285400      0.1282200      0.1279100      0.1275900      0.1272800      0.1269600      0.1266500      0.1263300      0.1260200      0.1257200      0.1254100      0.1251100      0.1248100      0.1245200    
  0.1333900      0.1325030      0.1320950      0.1319400      0.1315730      0.1310800      0.1308200      0.1305600      0.1302900      0.1300100      0.1297300      0.1294300      0.1291400      0.1288400      0.1285300      0.1282200      0.1279100      0.1276000      0.1272900      0.1269800      0.1266600      0.1263500      0.1260400      0.1257300      0.1254300      0.1251200      0.1248200      0.1245300      0.1242300      0.1239500    
  0.1324630      0.1320180      0.1319400      0.1315310      0.1310800      0.1306970      0.1301900      0.1299200      0.1296500      0.1293700      0.1290900      0.1288000      0.1285000      0.1282000      0.1279000      0.1275900      0.1272800      0.1269700      0.1266600      0.1263500      0.1260400      0.1257300      0.1254300      0.1251200      0.1248200      0.1245200      0.1242300      0.1239400      0.1236500      0.1233700    
  0.1319790      0.1319400      0.1315170      0.1310800      0.1306560      0.1301900      0.1300550      0.1299200      0.1294180      0.1287300      0.1284400      0.1281500      0.1278500      0.1275500      0.1272500      0.1269500      0.1266400      0.1263300      0.1260200      0.1257200      0.1254100      0.1251100      0.1248000      0.1245000      0.1242100      0.1239100      0.1236200      0.1233400      0.1230600      0.1227800    
  0.1319400      0.1315120      0.1310800      0.1306420      0.1301900      0.1301230      0.1300550      0.1295310      0.1287300      0.1285850      0.1279280      0.1274900      0.1272000      0.1269000      0.1266000      0.1262900      0.1259900      0.1256800      0.1253800      0.1250700      0.1247700      0.1244700      0.1241700      0.1238800      0.1235800      0.1232900      0.1230100      0.1227300      0.1224500      0.1221800    
  0.1315110      0.1310800      0.1306370      0.1301900      0.1301560      0.1301230      0.1296100      0.1287300      0.1286570      0.1278470      0.1271600      0.1268300      0.1265400      0.1262400      0.1259400      0.1256300      0.1253300      0.1250300      0.1247200      0.1244200      0.1241200      0.1238300      0.1235300      0.1232400      0.1229500      0.1226700      0.1223900      0.1221100      0.1218400      0.1215800    
  0.1310800      0.1306360      0.1301900      0.1301730      0.1301560      0.1296550      0.1287300      0.1286940      0.1278120      0.1269950      0.1268300      0.1266850      0.1262950      0.1255700      0.1252700      0.1249700      0.1246600      0.1243600      0.1240600      0.1237600      0.1234700      0.1231700      0.1228800      0.1226000      0.1223100      0.1220300      0.1217600      0.1214900      0.1212300      0.1209700    
  0.1306350      0.1301900      0.1301820      0.1301730      0.1296780      0.1287300      0.1287120      0.1277960      0.1269130      0.1268300      0.1267580      0.1263450      0.1255700      0.1254200      0.1252700      0.1249670      0.1246630      0.1243600      0.1235420      0.1231000      0.1228100      0.1225200      0.1222300      0.1219500      0.1216700      0.1213900      0.1211300      0.1208600      0.1206000      0.1203500    
  0.1301900      0.1301860      0.1301820      0.1296910      0.1287300      0.1287210      0.1277880      0.1268710      0.1268300      0.1267940      0.1263760      0.1255700      0.1254950      0.1254200      0.1252190      0.1249670      0.1246630      0.1235520      0.1227650      0.1224300      0.1221400      0.1218500      0.1215700      0.1212900      0.1210200      0.1207500      0.1204800      0.1202300      0.1199800      0.1197300    
  0.1301880      0.1301860      0.1296970      0.1287300      0.1287250      0.1277840      0.1268510      0.1268300      0.1268120      0.1263920      0.1255700      0.1255330      0.1254950      0.1253780      0.1252020      0.1249500      0.1236420      0.1225980      0.1224300      0.1220100      0.1214600      0.1211800      0.1209000      0.1206300      0.1203600      0.1201000      0.1198400      0.1195900      0.1193400      0.1191000    
  0.1301880      0.1297000      0.1287300      0.1287280      0.1277820      0.1268400      0.1268300      0.1268210      0.1264010      0.1255700      0.1255510      0.1255330      0.1254680      0.1253580      0.1251760      0.1233350      0.1225140      0.1224300      0.1212450      0.1207800      0.1206160      0.1205100      0.1202300      0.1199600      0.1197000      0.1194400      0.1191900      0.1189400      0.1187000      0.1184700    
  0.1297020      0.1287300      0.1287290      0.1277810      0.1268350      0.1268300      0.1268250      0.1264050      0.1255700      0.1255610      0.1255510      0.1255170      0.1254530      0.1232980      0.1216390      0.1203690      0.1203700      0.1202000      0.1199860      0.1197600      0.1201000      0.1198300      0.1195500      0.1192900      0.1190300      0.1187800      0.1185300      0.1182900      0.1180600      0.1178300    
  0.1287300      0.1287290      0.1277800      0.1268330      0.1268300      0.1268280      0.1264080      0.1255700      0.1255650      0.1255610      0.1255430      0.1255070      0.1217170      0.1171680      0.1171900      0.1184070      0.1182220      0.1183100      0.1190270      0.1194170      0.1194200      0.1191400      0.1188800      0.1186100      0.1183600      0.1181100      0.1178700      0.1176400      0.1174100      0.1172000    
  0.1287300      0.1277800      0.1268310      0.1268300      0.1268290      0.1264090      0.1255700      0.1255680      0.1255650      0.1255560      0.1214700      0.1153700      0.1165510      0.1171460      0.1171460      0.1171900      0.1178440      0.1181350      0.1183100      0.1186220      0.1187300      0.1184600      0.1181900      0.1179400      0.1176900      0.1174500      0.1172100      0.1169900      0.1167700      0.1165500    
  0.1277800      0.1268310      0.1268300      0.1268290      0.1264090      0.1255700      0.1255690      0.1255680      0.1255630      0.1206660      0.1153700      0.1153700      0.1153700      0.1165180      0.1171030      0.1171030      0.1171900      0.1177410      0.1179600      0.1183100      0.1180300      0.1177700      0.1175100      0.1172600      0.1170100      0.1167800      0.1165500      0.1163300      0.1161200      0.1159100    
  0.1268300      0.1268300      0.1268300      0.1264100      0.1255700      0.1255690      0.1255690      0.1222300      0.1189500      0.1153680      0.1153700      0.1153700      0.1153700      0.1153700      0.1164540      0.1170150      0.1170150      0.1171900      0.1175050      0.1176100      0.1173400      0.1170800      0.1168200      0.1165800      0.1163400      0.1161100      0.1158800      0.1156700      0.1154600      0.1152700    
  0.1268300      0.1268300      0.1264100      0.1255700      0.1255700      0.1200810      0.1118500      0.1120350      0.1122200      0.1143150      0.1153640      0.1153700      0.1153700      0.1153700      0.1153700      0.1163300      0.1168400      0.1168400      0.1171900      0.1169100      0.1166500      0.1163900      0.1161300      0.1158900      0.1156600      0.1154300      0.1152200      0.1150100      0.1148100      0.1146200    
  0.1268300      0.1264100      0.1255700      0.1255700      0.1189830      0.1118490      0.1118490      0.1118500      0.1120350      0.1122200      0.1143050      0.1153530      0.1153700      0.1153700      0.1153700      0.1153700      0.1160960      0.1164900      0.1164900      0.1162200      0.1159500      0.1156900      0.1154500      0.1152100      0.1149800      0.1147600      0.1145500      0.1143500      0.1141600      0.1139800    
