iMOD/TUTORIALS/TUT_MetaswapAnalyser/model_MetaSWAP/meteo/Evaporation/Evaporation_20060712_L1.ASC
NCOLS                30
NROWS                30
XLLCORNER     160000.00
YLLCORNER     340000.00
CELLSIZE        1000.00
NODATA_VALUE   -9999.00
   5.124860       5.124320       5.123750       5.123150       5.122530       5.121870       5.121190       5.120480       5.119750       5.119000       5.118220       5.117440       5.116630       5.115810       5.114970       5.114120       5.113260       5.112390       5.111510       5.110630       5.109740       5.108840       5.107940       5.107030       5.106130       5.105220       5.104310       5.103400       5.102500       5.101590    
   5.122980       5.122420       5.121820       5.121200       5.120540       5.119860       5.119160       5.118430       5.117680       5.116910       5.116130       5.115320       5.114500       5.113670       5.112820       5.111960       5.111100       5.110220       5.109340       5.108450       5.107550       5.106650       5.105750       5.104850       5.103950       5.103040       5.102140       5.101240       5.100340       5.099450    
   5.121070       5.120480       5.119850       5.119200       5.118530       5.117820       5.117100       5.116350       5.115580       5.114790       5.113990       5.113170       5.112340       5.111490       5.110630       5.109770       5.108890       5.108010       5.107120       5.106230       5.105330       5.104430       5.103530       5.102630       5.101730       5.100830       5.099930       5.099040       5.098150       5.097270    
   5.119120       5.118500       5.117850       5.117170       5.116470       5.115750       5.115000       5.114230       5.113440       5.112640       5.111820       5.110980       5.110140       5.109280       5.108410       5.107530       5.106650       5.105760       5.104870       5.103970       5.103070       5.102170       5.101270       5.100370       5.099480       5.098580       5.097690       5.096810       5.095930       5.095060    
   5.117150       5.116490       5.115810       5.115110       5.114380       5.113640       5.112870       5.112080       5.111270       5.110450       5.109610       5.108760       5.107900       5.107030       5.106150       5.105270       5.104380       5.103480       5.102580       5.101680       5.100780       5.099880       5.098980       5.098090       5.097190       5.096300       5.095420       5.094540       5.093670       5.092810    
   5.115140       5.114460       5.113750       5.113020       5.112270       5.111490       5.110700       5.109890       5.109070       5.108230       5.107370       5.106510       5.105630       5.104750       5.103860       5.102970       5.102070       5.101170       5.100260       5.099360       5.098460       5.097560       5.096660       5.095770       5.094880       5.093990       5.093120       5.092250       5.091390       5.090540    
   5.113100       5.112390       5.111660       5.110900       5.110120       5.109320       5.108510       5.107680       5.106830       5.105980       5.105110       5.104230       5.103340       5.102440       5.101540       5.100640       5.099730       5.098820       5.097920       5.097010       5.096100       5.095200       5.094310       5.093420       5.092530       5.091660       5.090790       5.089930       5.089070       5.088230    
   5.111040       5.110300       5.109540       5.108750       5.107950       5.107130       5.106290       5.105440       5.104570       5.103700       5.102810       5.101920       5.101010       5.100110       5.099200       5.098280       5.097370       5.096450       5.095540       5.094630       5.093720       5.092820       5.091930       5.091040       5.090160       5.089290       5.088430       5.087580       5.086730       5.085900    
   5.108960       5.108190       5.107390       5.106580       5.105750       5.104910       5.104050       5.103180       5.102290       5.101400       5.100490       5.099580       5.098660       5.097740       5.096820       5.095900       5.094980       5.094060       5.093140       5.092220       5.091320       5.090420       5.089520       5.088640       5.087760       5.086900       5.086040       5.085200       5.084370       5.083550    
   5.106860       5.106050       5.105230       5.104390       5.103540       5.102670       5.101780       5.100890       5.099980       5.099070       5.098150       5.097220       5.096290       5.095360       5.094430       5.093490       5.092560       5.091630       5.090710       5.089800       5.088890       5.087990       5.087090       5.086210       5.085340       5.084480       5.083640       5.082800       5.081980       5.081170    
   5.106850       5.106050       5.104460       5.102180       5.101300       5.100410       5.099500       5.098580       5.097660       5.096720       5.095780       5.094840       5.093900       5.092950       5.092010       5.091060       5.090130       5.089190       5.088260       5.087340       5.086430       5.085530       5.084640       5.083760       5.082900       5.082040       5.081210       5.080380       5.079570       5.078770    
   5.106840       5.104890       5.102180       5.099830       5.099050       5.098130       5.097200       5.096260       5.095310       5.094360       5.093400       5.092440       5.091480       5.090520       5.089570       5.088620       5.087670       5.086730       5.085800       5.084870       5.083960       5.083060       5.082170       5.081300       5.080430       5.079590       5.078760       5.077940       5.077140       5.076360    
   5.105380       5.102180       5.099180       5.097910       5.096780       5.095830       5.094880       5.093920       5.092950       5.091980       5.091000       5.090030       5.089050       5.088080       5.087110       5.086150       5.085200       5.084250       5.083310       5.082380       5.081470       5.080570       5.079680       5.078810       5.077950       5.077110       5.076290       5.075480       5.074690       5.073920    
   5.102180       5.098870       5.097350       5.096780       5.095380       5.093530       5.092550       5.091560       5.090570       5.089580       5.088590       5.087600       5.086610       5.085620       5.084640       5.083670       5.082700       5.081750       5.080810       5.079880       5.078960       5.078060       5.077180       5.076310       5.075460       5.074620       5.073810       5.073010       5.072230       5.071470    
   5.098720       5.097060       5.096780       5.095230       5.093530       5.092100       5.090210       5.089200       5.088190       5.087180       5.086160       5.085150       5.084150       5.083150       5.082160       5.081170       5.080200       5.079240       5.078290       5.077360       5.076440       5.075540       5.074660       5.073790       5.072940       5.072120       5.071310       5.070520       5.069760       5.069010    
   5.096920       5.096780       5.095180       5.093530       5.091950       5.090210       5.089700       5.089200       5.087330       5.084760       5.083730       5.082700       5.081680       5.080670       5.079660       5.078670       5.077680       5.076720       5.075760       5.074820       5.073900       5.073000       5.072120       5.071260       5.070420       5.069600       5.068800       5.068020       5.067270       5.066540    
   5.096780       5.095160       5.093530       5.091900       5.090210       5.089960       5.089700       5.087750       5.084760       5.084250       5.081840       5.080240       5.079200       5.078170       5.077150       5.076150       5.075160       5.074180       5.073220       5.072280       5.071360       5.070460       5.069580       5.068720       5.067880       5.067070       5.066280       5.065520       5.064770       5.064050    
   5.095160       5.093530       5.091880       5.090210       5.090080       5.089960       5.088040       5.084760       5.084500       5.081520       5.079010       5.077770       5.076720       5.075670       5.074640       5.073620       5.072620       5.071640       5.070680       5.069730       5.068810       5.067900       5.067030       5.066170       5.065340       5.064540       5.063750       5.063000       5.062270       5.061560    
   5.093530       5.091870       5.090210       5.090150       5.090080       5.088210       5.084760       5.084630       5.081390       5.078390       5.077770       5.077250       5.075830       5.073170       5.072120       5.071100       5.070080       5.069090       5.068120       5.067170       5.066250       5.065340       5.064470       5.063620       5.062790       5.061990       5.061220       5.060480       5.059760       5.059060    
   5.091870       5.090210       5.090180       5.090150       5.088300       5.084760       5.084700       5.081330       5.078080       5.077770       5.077510       5.076000       5.073170       5.072650       5.072130       5.071100       5.070090       5.069100       5.066210       5.064610       5.063680       5.062780       5.061900       5.061060       5.060240       5.059450       5.058680       5.057950       5.057240       5.056560    
   5.090210       5.090190       5.090180       5.088350       5.084760       5.084730       5.081300       5.077920       5.077770       5.077640       5.076110       5.073170       5.072910       5.072650       5.071960       5.071110       5.070100       5.066150       5.063320       5.062040       5.061110       5.060210       5.059340       5.058490       5.057680       5.056900       5.056140       5.055420       5.054730       5.054060    
   5.090200       5.090190       5.088370       5.084760       5.084740       5.081280       5.077850       5.077770       5.077700       5.076170       5.073170       5.073040       5.072910       5.072500       5.071900       5.071050       5.066420       5.062680       5.062040       5.060560       5.058540       5.057640       5.056770       5.055930       5.055120       5.054350       5.053600       5.052890       5.052210       5.051560    
   5.090200       5.088380       5.084760       5.084750       5.081270       5.077810       5.077770       5.077740       5.076200       5.073170       5.073100       5.073040       5.072820       5.072440       5.071820       5.065220       5.062360       5.062040       5.057680       5.055980       5.055440       5.055080       5.054200       5.053370       5.052570       5.051800       5.051060       5.050360       5.049700       5.049060    
   5.088390       5.084760       5.084760       5.081270       5.077790       5.077770       5.077750       5.076220       5.073170       5.073140       5.073100       5.072990       5.072770       5.064940       5.058950       5.054380       5.054380       5.053770       5.052990       5.052140       5.053420       5.052510       5.051640       5.050810       5.050010       5.049250       5.048530       5.047840       5.047190       5.046570    
   5.084760       5.084760       5.081270       5.077780       5.077770       5.077760       5.076230       5.073170       5.073150       5.073140       5.073080       5.072950       5.059170       5.042620       5.042700       5.047130       5.046400       5.046720       5.049410       5.050860       5.050860       5.049950       5.049090       5.048260       5.047470       5.046720       5.046000       5.045330       5.044690       5.044090    
   5.084760       5.081270       5.077780       5.077770       5.077770       5.076230       5.073170       5.073160       5.073150       5.073120       5.058390       5.036400       5.040480       5.042540       5.042540       5.042700       5.045050       5.046090       5.046720       5.047910       5.048310       5.047400       5.046540       5.045710       5.044930       5.044190       5.043480       5.042820       5.042200       5.041610    
   5.081270       5.077770       5.077770       5.077770       5.076230       5.073170       5.073170       5.073160       5.073150       5.055490       5.036400       5.036400       5.036400       5.040370       5.042390       5.042390       5.042700       5.044680       5.045460       5.046720       5.045770       5.044870       5.044000       5.043180       5.042400       5.041670       5.040980       5.040330       5.039720       5.039150    
   5.077770       5.077770       5.077770       5.076240       5.073170       5.073170       5.073170       5.061360       5.049510       5.036390       5.036400       5.036400       5.036400       5.036400       5.040140       5.042080       5.042080       5.042700       5.043830       5.044200       5.043250       5.042340       5.041480       5.040660       5.039890       5.039160       5.038480       5.037850       5.037250       5.036700    
   5.077770       5.077770       5.076240       5.073170       5.073170       5.053920       5.025040       5.025500       5.025950       5.032900       5.036380       5.036400       5.036400       5.036400       5.036400       5.039700       5.041460       5.041460       5.042700       5.041700       5.040740       5.039830       5.038970       5.038150       5.037390       5.036670       5.036000       5.035380       5.034800       5.034270    
   5.077770       5.076240       5.073170       5.073170       5.050060       5.025040       5.025040       5.025040       5.025490       5.025950       5.032870       5.036340       5.036400       5.036400       5.036400       5.036400       5.038880       5.040230       5.040220       5.039210       5.038250       5.037330       5.036470       5.035670       5.034910       5.034200       5.033540       5.032940       5.032370       5.031850    
