iMOD/TUTORIALS/TUT_MetaswapAnalyser/model_MetaSWAP/meteo/Evaporation/Evaporation_20050501_L1.ASC
NCOLS                30
NROWS                30
XLLCORNER     160000.00
YLLCORNER     340000.00
CELLSIZE        1000.00
NODATA_VALUE   -9999.00
   4.144460       4.146900       4.149330       4.151770       4.154210       4.156660       4.159110       4.161560       4.164020       4.166480       4.168960       4.171440       4.173920       4.176420       4.178920       4.181440       4.183970       4.186500       4.189050       4.191610       4.194190       4.196780       4.199390       4.202010       4.204640       4.207300       4.209970       4.212660       4.215370       4.218100    
   4.148800       4.151250       4.153700       4.156160       4.158620       4.161080       4.163550       4.166020       4.168490       4.170980       4.173460       4.175960       4.178460       4.180980       4.183500       4.186030       4.188570       4.191130       4.193690       4.196270       4.198860       4.201470       4.204090       4.206730       4.209380       4.212050       4.214740       4.217440       4.220170       4.222910    
   4.153130       4.155600       4.158070       4.160550       4.163020       4.165500       4.167980       4.170470       4.172960       4.175460       4.177970       4.180480       4.183000       4.185530       4.188070       4.190620       4.193180       4.195750       4.198330       4.200930       4.203530       4.206160       4.208790       4.211440       4.214110       4.216800       4.219500       4.222220       4.224960       4.227720    
   4.157470       4.159950       4.162440       4.164930       4.167420       4.169920       4.172420       4.174920       4.177430       4.179950       4.182470       4.185000       4.187540       4.190080       4.192640       4.195200       4.197780       4.200370       4.202960       4.205570       4.208200       4.210840       4.213490       4.216160       4.218840       4.221540       4.224260       4.226990       4.229750       4.232520    
   4.161800       4.164300       4.166810       4.169310       4.171820       4.174340       4.176850       4.179370       4.181900       4.184430       4.186970       4.189520       4.192070       4.194630       4.197200       4.199790       4.202380       4.204980       4.207590       4.210220       4.212860       4.215510       4.218180       4.220860       4.223560       4.226280       4.229010       4.231760       4.234530       4.237310    
   4.166130       4.168650       4.171170       4.173700       4.176220       4.178750       4.181280       4.183820       4.186360       4.188910       4.191470       4.194030       4.196600       4.199180       4.201770       4.204360       4.206970       4.209590       4.212220       4.214860       4.217520       4.220190       4.222870       4.225570       4.228280       4.231010       4.233760       4.236520       4.239300       4.242100    
   4.170460       4.173000       4.175530       4.178080       4.180620       4.183160       4.185710       4.188270       4.190830       4.193390       4.195960       4.198540       4.201130       4.203720       4.206320       4.208940       4.211560       4.214190       4.216840       4.219500       4.222170       4.224850       4.227550       4.230260       4.232990       4.235740       4.238500       4.241280       4.244070       4.246890    
   4.174780       4.177340       4.179900       4.182450       4.185010       4.187580       4.190140       4.192710       4.195290       4.197870       4.200460       4.203050       4.205650       4.208260       4.210880       4.213510       4.216150       4.218800       4.221460       4.224130       4.226820       4.229520       4.232230       4.234960       4.237700       4.240460       4.243240       4.246030       4.248840       4.251670    
   4.179110       4.181680       4.184260       4.186830       4.189410       4.191980       4.194570       4.197150       4.199750       4.202340       4.204940       4.207560       4.210170       4.212800       4.215430       4.218080       4.220730       4.223400       4.226070       4.228760       4.231460       4.234180       4.236900       4.239650       4.242410       4.245180       4.247970       4.250780       4.253600       4.256440    
   4.183440       4.186030       4.188620       4.191210       4.193800       4.196390       4.198990       4.201590       4.204200       4.206810       4.209430       4.212060       4.214690       4.217330       4.219980       4.222640       4.225310       4.227990       4.230680       4.233390       4.236100       4.238830       4.241580       4.244330       4.247110       4.249890       4.252700       4.255520       4.258360       4.261210    
   4.183440       4.186030       4.190360       4.195580       4.198190       4.200800       4.203410       4.206030       4.208650       4.211280       4.213920       4.216560       4.219210       4.221860       4.224530       4.227200       4.229890       4.232580       4.235290       4.238010       4.240740       4.243490       4.246240       4.249020       4.251800       4.254600       4.257420       4.260260       4.263110       4.265980    
   4.183440       4.188850       4.195580       4.200830       4.202580       4.205200       4.207830       4.210470       4.213110       4.215750       4.218400       4.221060       4.223720       4.226390       4.229070       4.231760       4.234460       4.237170       4.239900       4.242630       4.245380       4.248130       4.250910       4.253690       4.256490       4.259310       4.262140       4.264990       4.267860       4.270740    
   4.187180       4.195580       4.202030       4.204770       4.206960       4.209610       4.212250       4.214900       4.217560       4.220220       4.222880       4.225550       4.228230       4.230920       4.233620       4.236320       4.239040       4.241760       4.244500       4.247250       4.250010       4.252780       4.255570       4.258370       4.261180       4.264010       4.266860       4.269720       4.272600       4.275500    
   4.195580       4.202610       4.205860       4.206960       4.210190       4.214010       4.216670       4.219330       4.222000       4.224680       4.227360       4.230050       4.232740       4.235440       4.238160       4.240880       4.243600       4.246340       4.249100       4.251860       4.254630       4.257420       4.260220       4.263040       4.265870       4.268710       4.271570       4.274450       4.277340       4.280250    
   4.202890       4.206410       4.206960       4.210390       4.214010       4.217260       4.221090       4.223770       4.226450       4.229140       4.231840       4.234540       4.237250       4.239970       4.242690       4.245430       4.248170       4.250930       4.253690       4.256470       4.259260       4.262060       4.264880       4.267700       4.270550       4.273410       4.276280       4.279170       4.282080       4.285000    
   4.206690       4.206960       4.210450       4.214010       4.217450       4.221090       4.222430       4.223770       4.228240       4.233600       4.236310       4.239030       4.241750       4.244490       4.247230       4.249980       4.252740       4.255500       4.258280       4.261080       4.263880       4.266700       4.269520       4.272370       4.275230       4.278100       4.280980       4.283890       4.286810       4.289740    
   4.206960       4.210470       4.214010       4.217520       4.221090       4.221760       4.222430       4.227010       4.233600       4.234950       4.240090       4.243520       4.246260       4.249000       4.251760       4.254520       4.257300       4.260080       4.262870       4.265680       4.268500       4.271330       4.274170       4.277030       4.279900       4.282780       4.285690       4.288600       4.291530       4.294480    
   4.210480       4.214010       4.217540       4.221090       4.221430       4.221760       4.226200       4.233600       4.234280       4.240480       4.245760       4.248000       4.250760       4.253520       4.256290       4.259070       4.261860       4.264650       4.267460       4.270280       4.273110       4.275960       4.278820       4.281690       4.284570       4.287470       4.290380       4.293310       4.296260       4.299220    
   4.214010       4.217550       4.221090       4.221260       4.221430       4.225750       4.233600       4.233940       4.240650       4.246880       4.248000       4.249380       4.252580       4.258030       4.260820       4.263610       4.266410       4.269220       4.272050       4.274880       4.277730       4.280590       4.283460       4.286340       4.289240       4.292150       4.295080       4.298020       4.300980       4.303950    
   4.217550       4.221090       4.221170       4.221260       4.225510       4.233600       4.233770       4.240730       4.247440       4.248000       4.248690       4.252000       4.258030       4.259430       4.260820       4.263610       4.266410       4.269230       4.275940       4.279480       4.282340       4.285210       4.288090       4.290990       4.293900       4.296830       4.299770       4.302730       4.305700       4.308680    
   4.221090       4.221130       4.221170       4.225380       4.233600       4.233680       4.240760       4.247720       4.248000       4.248350       4.251680       4.258030       4.258730       4.259430       4.261290       4.263620       4.266420       4.275490       4.281770       4.284070       4.286950       4.289830       4.292730       4.295640       4.298570       4.301500       4.304460       4.307430       4.310410       4.313410    
   4.221110       4.221130       4.225320       4.233600       4.233640       4.240780       4.247860       4.248000       4.248170       4.251510       4.258030       4.258380       4.258730       4.259810       4.261440       4.263770       4.274500       4.282920       4.284070       4.287520       4.291550       4.294450       4.297360       4.300290       4.303230       4.306180       4.309140       4.312130       4.315120       4.318140    
   4.221110       4.225290       4.233600       4.233620       4.240790       4.247930       4.248000       4.248090       4.251430       4.258030       4.258200       4.258380       4.258970       4.259990       4.261680       4.276210       4.283500       4.284070       4.292700       4.296150       4.297900       4.299070       4.301990       4.304930       4.307880       4.310850       4.313830       4.316820       4.319830       4.322860    
   4.225280       4.233600       4.233610       4.240800       4.247960       4.248000       4.248040       4.251390       4.258030       4.258120       4.258200       4.258520       4.259120       4.274610       4.287340       4.297830       4.297840       4.299500       4.301520       4.303060       4.300760       4.303680       4.306620       4.309570       4.312540       4.315520       4.318510       4.321520       4.324540       4.327580    
   4.233600       4.233610       4.240800       4.247980       4.248000       4.248020       4.251360       4.258030       4.258070       4.258120       4.258280       4.258610       4.285650       4.317940       4.317800       4.310520       4.312170       4.311600       4.307600       4.305360       4.305360       4.308300       4.311250       4.314210       4.317190       4.320180       4.323190       4.326210       4.329240       4.332290    
   4.233600       4.240800       4.247990       4.248000       4.248010       4.251350       4.258030       4.258050       4.258070       4.258160       4.286400       4.328500       4.321580       4.318090       4.318080       4.317800       4.314280       4.312750       4.311600       4.310370       4.309960       4.312910       4.315870       4.318850       4.321840       4.324850       4.327860       4.330900       4.333950       4.337010    
   4.240800       4.248000       4.248000       4.248010       4.251350       4.258030       4.258040       4.258050       4.258090       4.291930       4.328500       4.328500       4.328500       4.321790       4.318370       4.318370       4.317800       4.314970       4.313890       4.311600       4.314550       4.317520       4.320500       4.323490       4.326490       4.329510       4.332540       4.335580       4.338640       4.341720    
   4.248000       4.248000       4.248000       4.251350       4.258030       4.258040       4.258040       4.280600       4.303320       4.328510       4.328500       4.328500       4.328500       4.328500       4.322210       4.318940       4.318940       4.317800       4.316590       4.316180       4.319150       4.322130       4.325120       4.328120       4.331140       4.334170       4.337210       4.340270       4.343340       4.346430    
   4.248000       4.248000       4.251340       4.258030       4.258030       4.294710       4.349730       4.348980       4.348230       4.335110       4.328540       4.328500       4.328500       4.328500       4.328500       4.323020       4.320080       4.320080       4.317800       4.320760       4.323740       4.326730       4.329740       4.332750       4.335780       4.338820       4.341880       4.344950       4.348040       4.351140    
   4.248000       4.251340       4.258030       4.258030       4.302050       4.349740       4.349740       4.349730       4.348980       4.348230       4.335170       4.328610       4.328500       4.328500       4.328500       4.328500       4.324570       4.322360       4.322360       4.325340       4.328340       4.331340       4.334360       4.337380       4.340430       4.343480       4.346550       4.349630       4.352730       4.355850    
