iMOD/TUTORIALS/TUT_MetaswapAnalyser/model_MetaSWAP/meteo/Evaporation/Evaporation_20061228_L1.ASC
NCOLS                30
NROWS                30
XLLCORNER     160000.00
YLLCORNER     340000.00
CELLSIZE        1000.00
NODATA_VALUE   -9999.00
  0.3482000E-01  0.3461000E-01  0.3441000E-01  0.3420000E-01  0.3399000E-01  0.3377000E-01  0.3355000E-01  0.3332000E-01  0.3309000E-01  0.3285000E-01  0.3261000E-01  0.3236000E-01  0.3211000E-01  0.3186000E-01  0.3159000E-01  0.3133000E-01  0.3106000E-01  0.3078000E-01  0.3050000E-01  0.3022000E-01  0.2992000E-01  0.2963000E-01  0.2933000E-01  0.2902000E-01  0.2871000E-01  0.2840000E-01  0.2808000E-01  0.2776000E-01  0.2743000E-01  0.2710000E-01
  0.3439000E-01  0.3420000E-01  0.3399000E-01  0.3379000E-01  0.3358000E-01  0.3336000E-01  0.3314000E-01  0.3292000E-01  0.3269000E-01  0.3246000E-01  0.3222000E-01  0.3198000E-01  0.3173000E-01  0.3148000E-01  0.3122000E-01  0.3096000E-01  0.3069000E-01  0.3042000E-01  0.3014000E-01  0.2986000E-01  0.2957000E-01  0.2928000E-01  0.2898000E-01  0.2868000E-01  0.2838000E-01  0.2806000E-01  0.2775000E-01  0.2743000E-01  0.2710000E-01  0.2678000E-01
  0.3398000E-01  0.3378000E-01  0.3358000E-01  0.3338000E-01  0.3317000E-01  0.3296000E-01  0.3275000E-01  0.3253000E-01  0.3230000E-01  0.3207000E-01  0.3184000E-01  0.3160000E-01  0.3135000E-01  0.3111000E-01  0.3085000E-01  0.3059000E-01  0.3033000E-01  0.3006000E-01  0.2979000E-01  0.2951000E-01  0.2922000E-01  0.2893000E-01  0.2864000E-01  0.2834000E-01  0.2804000E-01  0.2773000E-01  0.2742000E-01  0.2710000E-01  0.2678000E-01  0.2646000E-01
  0.3356000E-01  0.3337000E-01  0.3317000E-01  0.3298000E-01  0.3277000E-01  0.3256000E-01  0.3235000E-01  0.3213000E-01  0.3191000E-01  0.3169000E-01  0.3146000E-01  0.3122000E-01  0.3098000E-01  0.3073000E-01  0.3048000E-01  0.3023000E-01  0.2997000E-01  0.2970000E-01  0.2943000E-01  0.2916000E-01  0.2888000E-01  0.2859000E-01  0.2830000E-01  0.2800000E-01  0.2770000E-01  0.2740000E-01  0.2709000E-01  0.2678000E-01  0.2646000E-01  0.2614000E-01
  0.3315000E-01  0.3296000E-01  0.3277000E-01  0.3257000E-01  0.3237000E-01  0.3217000E-01  0.3196000E-01  0.3174000E-01  0.3153000E-01  0.3130000E-01  0.3108000E-01  0.3084000E-01  0.3061000E-01  0.3036000E-01  0.3012000E-01  0.2986000E-01  0.2961000E-01  0.2935000E-01  0.2908000E-01  0.2881000E-01  0.2853000E-01  0.2825000E-01  0.2796000E-01  0.2767000E-01  0.2737000E-01  0.2707000E-01  0.2676000E-01  0.2645000E-01  0.2614000E-01  0.2582000E-01
  0.3274000E-01  0.3255000E-01  0.3236000E-01  0.3217000E-01  0.3197000E-01  0.3177000E-01  0.3157000E-01  0.3136000E-01  0.3114000E-01  0.3092000E-01  0.3070000E-01  0.3047000E-01  0.3024000E-01  0.3000000E-01  0.2975000E-01  0.2950000E-01  0.2925000E-01  0.2899000E-01  0.2873000E-01  0.2846000E-01  0.2818000E-01  0.2791000E-01  0.2762000E-01  0.2733000E-01  0.2704000E-01  0.2674000E-01  0.2644000E-01  0.2613000E-01  0.2582000E-01  0.2550000E-01
  0.3233000E-01  0.3215000E-01  0.3196000E-01  0.3177000E-01  0.3158000E-01  0.3138000E-01  0.3118000E-01  0.3097000E-01  0.3076000E-01  0.3054000E-01  0.3032000E-01  0.3010000E-01  0.2987000E-01  0.2963000E-01  0.2939000E-01  0.2914000E-01  0.2889000E-01  0.2864000E-01  0.2838000E-01  0.2811000E-01  0.2784000E-01  0.2756000E-01  0.2728000E-01  0.2700000E-01  0.2671000E-01  0.2641000E-01  0.2611000E-01  0.2581000E-01  0.2550000E-01  0.2519000E-01
  0.3192000E-01  0.3175000E-01  0.3156000E-01  0.3138000E-01  0.3119000E-01  0.3099000E-01  0.3079000E-01  0.3059000E-01  0.3038000E-01  0.3017000E-01  0.2995000E-01  0.2973000E-01  0.2950000E-01  0.2927000E-01  0.2903000E-01  0.2879000E-01  0.2854000E-01  0.2829000E-01  0.2803000E-01  0.2777000E-01  0.2750000E-01  0.2723000E-01  0.2695000E-01  0.2667000E-01  0.2638000E-01  0.2609000E-01  0.2579000E-01  0.2549000E-01  0.2518000E-01  0.2487000E-01
  0.3152000E-01  0.3135000E-01  0.3117000E-01  0.3098000E-01  0.3080000E-01  0.3060000E-01  0.3041000E-01  0.3021000E-01  0.3000000E-01  0.2979000E-01  0.2958000E-01  0.2936000E-01  0.2913000E-01  0.2890000E-01  0.2867000E-01  0.2843000E-01  0.2819000E-01  0.2794000E-01  0.2768000E-01  0.2742000E-01  0.2716000E-01  0.2689000E-01  0.2661000E-01  0.2633000E-01  0.2605000E-01  0.2576000E-01  0.2547000E-01  0.2517000E-01  0.2486000E-01  0.2456000E-01
  0.3112000E-01  0.3095000E-01  0.3077000E-01  0.3059000E-01  0.3041000E-01  0.3022000E-01  0.3002000E-01  0.2983000E-01  0.2962000E-01  0.2942000E-01  0.2921000E-01  0.2899000E-01  0.2877000E-01  0.2854000E-01  0.2831000E-01  0.2807000E-01  0.2783000E-01  0.2759000E-01  0.2734000E-01  0.2708000E-01  0.2682000E-01  0.2655000E-01  0.2628000E-01  0.2600000E-01  0.2572000E-01  0.2543000E-01  0.2514000E-01  0.2485000E-01  0.2455000E-01  0.2424000E-01
  0.3112000E-01  0.3094670E-01  0.3062750E-01  0.3020000E-01  0.3002000E-01  0.2983000E-01  0.2964000E-01  0.2945000E-01  0.2925000E-01  0.2905000E-01  0.2884000E-01  0.2862000E-01  0.2841000E-01  0.2818000E-01  0.2795000E-01  0.2772000E-01  0.2748000E-01  0.2724000E-01  0.2699000E-01  0.2674000E-01  0.2648000E-01  0.2622000E-01  0.2595000E-01  0.2567000E-01  0.2539000E-01  0.2511000E-01  0.2482000E-01  0.2453000E-01  0.2423000E-01  0.2393000E-01
  0.3111780E-01  0.3072350E-01  0.3020000E-01  0.2977500E-01  0.2963000E-01  0.2945000E-01  0.2926000E-01  0.2907000E-01  0.2888000E-01  0.2868000E-01  0.2847000E-01  0.2826000E-01  0.2804000E-01  0.2782000E-01  0.2760000E-01  0.2737000E-01  0.2713000E-01  0.2689000E-01  0.2665000E-01  0.2640000E-01  0.2614000E-01  0.2588000E-01  0.2562000E-01  0.2534000E-01  0.2507000E-01  0.2479000E-01  0.2450000E-01  0.2421000E-01  0.2392000E-01  0.2362000E-01
  0.3083170E-01  0.3020000E-01  0.2966630E-01  0.2944000E-01  0.2925000E-01  0.2907000E-01  0.2889000E-01  0.2870000E-01  0.2850000E-01  0.2831000E-01  0.2810000E-01  0.2790000E-01  0.2768000E-01  0.2747000E-01  0.2725000E-01  0.2702000E-01  0.2679000E-01  0.2655000E-01  0.2631000E-01  0.2606000E-01  0.2581000E-01  0.2555000E-01  0.2528000E-01  0.2502000E-01  0.2474000E-01  0.2446000E-01  0.2418000E-01  0.2389000E-01  0.2360000E-01  0.2330000E-01
  0.3020000E-01  0.2961530E-01  0.2934500E-01  0.2925000E-01  0.2900330E-01  0.2869000E-01  0.2851000E-01  0.2832000E-01  0.2813000E-01  0.2794000E-01  0.2774000E-01  0.2754000E-01  0.2733000E-01  0.2711000E-01  0.2689000E-01  0.2667000E-01  0.2644000E-01  0.2621000E-01  0.2597000E-01  0.2572000E-01  0.2547000E-01  0.2522000E-01  0.2495000E-01  0.2469000E-01  0.2442000E-01  0.2414000E-01  0.2386000E-01  0.2358000E-01  0.2329000E-01  0.2299000E-01
  0.2959070E-01  0.2929750E-01  0.2925000E-01  0.2898110E-01  0.2869000E-01  0.2844330E-01  0.2813000E-01  0.2795000E-01  0.2776000E-01  0.2757000E-01  0.2738000E-01  0.2718000E-01  0.2697000E-01  0.2676000E-01  0.2654000E-01  0.2632000E-01  0.2609000E-01  0.2586000E-01  0.2563000E-01  0.2538000E-01  0.2514000E-01  0.2488000E-01  0.2463000E-01  0.2436000E-01  0.2409000E-01  0.2382000E-01  0.2354000E-01  0.2326000E-01  0.2297000E-01  0.2268000E-01
  0.2927380E-01  0.2925000E-01  0.2897370E-01  0.2869000E-01  0.2842110E-01  0.2813000E-01  0.2804000E-01  0.2794670E-01  0.2762250E-01  0.2721000E-01  0.2701000E-01  0.2682000E-01  0.2661000E-01  0.2640000E-01  0.2619000E-01  0.2597000E-01  0.2575000E-01  0.2552000E-01  0.2529000E-01  0.2505000E-01  0.2480000E-01  0.2455000E-01  0.2430000E-01  0.2404000E-01  0.2377000E-01  0.2350000E-01  0.2322000E-01  0.2294000E-01  0.2266000E-01  0.2237000E-01
  0.2925000E-01  0.2897120E-01  0.2869000E-01  0.2841370E-01  0.2813000E-01  0.2808500E-01  0.2803890E-01  0.2770480E-01  0.2721000E-01  0.2711000E-01  0.2672000E-01  0.2646000E-01  0.2626000E-01  0.2605000E-01  0.2584000E-01  0.2563000E-01  0.2541000E-01  0.2518000E-01  0.2495000E-01  0.2471000E-01  0.2447000E-01  0.2422000E-01  0.2397000E-01  0.2371000E-01  0.2345000E-01  0.2318000E-01  0.2291000E-01  0.2263000E-01  0.2234000E-01  0.2206000E-01
  0.2897040E-01  0.2869000E-01  0.2841120E-01  0.2813000E-01  0.2810750E-01  0.2808460E-01  0.2775970E-01  0.2721000E-01  0.2716000E-01  0.2668400E-01  0.2628000E-01  0.2610000E-01  0.2590000E-01  0.2570000E-01  0.2549000E-01  0.2528000E-01  0.2506000E-01  0.2484000E-01  0.2461000E-01  0.2438000E-01  0.2414000E-01  0.2389000E-01  0.2364000E-01  0.2339000E-01  0.2313000E-01  0.2286000E-01  0.2259000E-01  0.2231000E-01  0.2203000E-01  0.2174000E-01
  0.2869000E-01  0.2841040E-01  0.2813000E-01  0.2811880E-01  0.2810740E-01  0.2779050E-01  0.2721000E-01  0.2718500E-01  0.2666880E-01  0.2619000E-01  0.2610000E-01  0.2600000E-01  0.2576250E-01  0.2535000E-01  0.2515000E-01  0.2494000E-01  0.2472000E-01  0.2450000E-01  0.2427000E-01  0.2404000E-01  0.2381000E-01  0.2356000E-01  0.2332000E-01  0.2306000E-01  0.2280000E-01  0.2254000E-01  0.2227000E-01  0.2200000E-01  0.2172000E-01  0.2143000E-01
  0.2841010E-01  0.2813000E-01  0.2812440E-01  0.2811870E-01  0.2780660E-01  0.2721000E-01  0.2719750E-01  0.2666180E-01  0.2614500E-01  0.2610000E-01  0.2605000E-01  0.2580310E-01  0.2535000E-01  0.2525000E-01  0.2514670E-01  0.2493670E-01  0.2472000E-01  0.2449670E-01  0.2398000E-01  0.2371000E-01  0.2347000E-01  0.2323000E-01  0.2299000E-01  0.2274000E-01  0.2248000E-01  0.2222000E-01  0.2195000E-01  0.2168000E-01  0.2140000E-01  0.2112000E-01
  0.2813000E-01  0.2812720E-01  0.2812440E-01  0.2781490E-01  0.2721000E-01  0.2720370E-01  0.2665840E-01  0.2612250E-01  0.2610000E-01  0.2607500E-01  0.2582580E-01  0.2535000E-01  0.2530000E-01  0.2524890E-01  0.2511110E-01  0.2493440E-01  0.2471780E-01  0.2402430E-01  0.2354500E-01  0.2338000E-01  0.2314000E-01  0.2291000E-01  0.2266000E-01  0.2241000E-01  0.2216000E-01  0.2190000E-01  0.2164000E-01  0.2137000E-01  0.2109000E-01  0.2081000E-01
  0.2812860E-01  0.2812720E-01  0.2781910E-01  0.2721000E-01  0.2720690E-01  0.2665670E-01  0.2611120E-01  0.2610000E-01  0.2608750E-01  0.2583770E-01  0.2535000E-01  0.2532500E-01  0.2529960E-01  0.2522000E-01  0.2509810E-01  0.2492110E-01  0.2410380E-01  0.2346250E-01  0.2338000E-01  0.2311000E-01  0.2281000E-01  0.2258000E-01  0.2234000E-01  0.2209000E-01  0.2184000E-01  0.2158000E-01  0.2132000E-01  0.2105000E-01  0.2078000E-01  0.2050000E-01
  0.2812860E-01  0.2782120E-01  0.2721000E-01  0.2720840E-01  0.2665580E-01  0.2610560E-01  0.2610000E-01  0.2609380E-01  0.2584380E-01  0.2535000E-01  0.2533750E-01  0.2532490E-01  0.2528150E-01  0.2520590E-01  0.2507980E-01  0.2398490E-01  0.2342130E-01  0.2338000E-01  0.2273880E-01  0.2248000E-01  0.2234200E-01  0.2225000E-01  0.2201000E-01  0.2177000E-01  0.2152000E-01  0.2126000E-01  0.2100000E-01  0.2074000E-01  0.2047000E-01  0.2019000E-01
  0.2782230E-01  0.2721000E-01  0.2720920E-01  0.2665540E-01  0.2610280E-01  0.2610000E-01  0.2609690E-01  0.2584690E-01  0.2535000E-01  0.2534370E-01  0.2533750E-01  0.2531460E-01  0.2527080E-01  0.2412180E-01  0.2317100E-01  0.2238000E-01  0.2238000E-01  0.2225110E-01  0.2209500E-01  0.2198500E-01  0.2215000E-01  0.2192000E-01  0.2169000E-01  0.2144000E-01  0.2120000E-01  0.2094000E-01  0.2069000E-01  0.2042000E-01  0.2015000E-01  0.1988000E-01
  0.2721000E-01  0.2720960E-01  0.2665520E-01  0.2610140E-01  0.2610000E-01  0.2609840E-01  0.2584840E-01  0.2535000E-01  0.2534690E-01  0.2534370E-01  0.2533190E-01  0.2530760E-01  0.2330310E-01  0.2090940E-01  0.2092000E-01  0.2145530E-01  0.2133870E-01  0.2138000E-01  0.2166190E-01  0.2182000E-01  0.2182000E-01  0.2159000E-01  0.2136000E-01  0.2112000E-01  0.2088000E-01  0.2062000E-01  0.2037000E-01  0.2011000E-01  0.1984000E-01  0.1956000E-01
  0.2720980E-01  0.2665510E-01  0.2610070E-01  0.2610000E-01  0.2609920E-01  0.2584920E-01  0.2535000E-01  0.2534840E-01  0.2534690E-01  0.2534090E-01  0.2323670E-01  0.2010000E-01  0.2063080E-01  0.2089880E-01  0.2089870E-01  0.2092000E-01  0.2118250E-01  0.2129750E-01  0.2138000E-01  0.2146250E-01  0.2149000E-01  0.2127000E-01  0.2104000E-01  0.2080000E-01  0.2055000E-01  0.2030000E-01  0.2005000E-01  0.1979000E-01  0.1952000E-01  0.1925000E-01
  0.2665510E-01  0.2610040E-01  0.2610000E-01  0.2609960E-01  0.2584960E-01  0.2535000E-01  0.2534920E-01  0.2534840E-01  0.2534540E-01  0.2282490E-01  0.2010000E-01  0.2010000E-01  0.2010000E-01  0.2061520E-01  0.2087760E-01  0.2087750E-01  0.2092000E-01  0.2113250E-01  0.2121500E-01  0.2138000E-01  0.2116000E-01  0.2094000E-01  0.2071000E-01  0.2047000E-01  0.2023000E-01  0.1998000E-01  0.1973000E-01  0.1947000E-01  0.1921000E-01  0.1894000E-01
  0.2610020E-01  0.2610000E-01  0.2609980E-01  0.2584980E-01  0.2535000E-01  0.2534960E-01  0.2534920E-01  0.2365080E-01  0.2196030E-01  0.2009910E-01  0.2010000E-01  0.2010000E-01  0.2010000E-01  0.2010000E-01  0.2058430E-01  0.2083540E-01  0.2083500E-01  0.2092000E-01  0.2101500E-01  0.2105000E-01  0.2083000E-01  0.2061000E-01  0.2038000E-01  0.2015000E-01  0.1991000E-01  0.1966000E-01  0.1941000E-01  0.1916000E-01  0.1889000E-01  0.1862000E-01
  0.2610000E-01  0.2609990E-01  0.2584990E-01  0.2535000E-01  0.2534980E-01  0.2255760E-01  0.1837000E-01  0.1846500E-01  0.1856000E-01  0.1958410E-01  0.2009720E-01  0.2010000E-01  0.2010000E-01  0.2010000E-01  0.2010000E-01  0.2052420E-01  0.2075110E-01  0.2075000E-01  0.2092000E-01  0.2071000E-01  0.2050000E-01  0.2028000E-01  0.2006000E-01  0.1982000E-01  0.1959000E-01  0.1934000E-01  0.1909000E-01  0.1884000E-01  0.1858000E-01  0.1831000E-01
  0.2610000E-01  0.2585000E-01  0.2535000E-01  0.2534990E-01  0.2199890E-01  0.1836930E-01  0.1836930E-01  0.1837000E-01  0.1846500E-01  0.1856000E-01  0.1957930E-01  0.2009150E-01  0.2010000E-01  0.2010000E-01  0.2010000E-01  0.2010000E-01  0.2041080E-01  0.2058330E-01  0.2058000E-01  0.2038000E-01  0.2017000E-01  0.1995000E-01  0.1973000E-01  0.1950000E-01  0.1926000E-01  0.1902000E-01  0.1877000E-01  0.1852000E-01  0.1826000E-01  0.1799000E-01
