iMOD/TUTORIALS/TUT_MetaswapAnalyser/model_MetaSWAP/meteo/Evaporation/Evaporation_20050206_L1.ASC
NCOLS                30
NROWS                30
XLLCORNER     160000.00
YLLCORNER     340000.00
CELLSIZE        1000.00
NODATA_VALUE   -9999.00
  0.7794400      0.7798100      0.7801700      0.7805200      0.7808600      0.7811900      0.7815200      0.7818500      0.7821600      0.7824700      0.7827800      0.7830800      0.7833800      0.7836800      0.7839700      0.7842600      0.7845500      0.7848400      0.7851300      0.7854100      0.7857000      0.7859800      0.7862600      0.7865400      0.7868200      0.7871000      0.7873800      0.7876600      0.7879400      0.7882200    
  0.7797100      0.7800800      0.7804500      0.7808100      0.7811500      0.7815000      0.7818300      0.7821600      0.7824800      0.7828000      0.7831100      0.7834200      0.7837300      0.7840300      0.7843300      0.7846200      0.7849200      0.7852100      0.7855000      0.7857900      0.7860800      0.7863600      0.7866500      0.7869300      0.7872100      0.7874900      0.7877700      0.7880500      0.7883300      0.7886100    
  0.7799800      0.7803600      0.7807300      0.7811000      0.7814500      0.7818000      0.7821400      0.7824800      0.7828100      0.7831300      0.7834500      0.7837600      0.7840700      0.7843800      0.7846800      0.7849800      0.7852800      0.7855800      0.7858700      0.7861600      0.7864500      0.7867400      0.7870300      0.7873200      0.7876000      0.7878800      0.7881700      0.7884500      0.7887300      0.7890100    
  0.7802500      0.7806400      0.7810200      0.7813900      0.7817500      0.7821000      0.7824500      0.7827900      0.7831300      0.7834600      0.7837800      0.7841000      0.7844200      0.7847300      0.7850400      0.7853400      0.7856500      0.7859500      0.7862500      0.7865400      0.7868300      0.7871300      0.7874200      0.7877000      0.7879900      0.7882800      0.7885600      0.7888400      0.7891200      0.7894000    
  0.7805200      0.7809200      0.7813000      0.7816800      0.7820500      0.7824100      0.7827600      0.7831100      0.7834500      0.7837900      0.7841200      0.7844400      0.7847600      0.7850800      0.7853900      0.7857000      0.7860100      0.7863200      0.7866200      0.7869200      0.7872100      0.7875100      0.7878000      0.7880900      0.7883800      0.7886700      0.7889500      0.7892400      0.7895200      0.7898000    
  0.7808000      0.7812000      0.7815900      0.7819700      0.7823500      0.7827100      0.7830700      0.7834300      0.7837700      0.7841200      0.7844500      0.7847800      0.7851100      0.7854300      0.7857500      0.7860700      0.7863800      0.7866800      0.7869900      0.7872900      0.7875900      0.7878900      0.7881900      0.7884800      0.7887700      0.7890600      0.7893500      0.7896300      0.7899200      0.7902000    
  0.7810800      0.7814800      0.7818800      0.7822700      0.7826500      0.7830200      0.7833800      0.7837400      0.7841000      0.7844400      0.7847900      0.7851200      0.7854600      0.7857800      0.7861100      0.7864300      0.7867400      0.7870500      0.7873600      0.7876700      0.7879700      0.7882700      0.7885700      0.7888700      0.7891600      0.7894500      0.7897400      0.7900300      0.7903100      0.7906000    
  0.7813600      0.7817700      0.7821700      0.7825600      0.7829500      0.7833300      0.7837000      0.7840600      0.7844200      0.7847700      0.7851200      0.7854600      0.7858000      0.7861300      0.7864600      0.7867900      0.7871100      0.7874200      0.7877300      0.7880400      0.7883500      0.7886600      0.7889600      0.7892500      0.7895500      0.7898400      0.7901400      0.7904200      0.7907100      0.7909900    
  0.7816400      0.7820500      0.7824600      0.7828600      0.7832500      0.7836300      0.7840100      0.7843800      0.7847500      0.7851000      0.7854600      0.7858000      0.7861500      0.7864800      0.7868200      0.7871500      0.7874700      0.7877900      0.7881100      0.7884200      0.7887300      0.7890400      0.7893400      0.7896400      0.7899400      0.7902400      0.7905300      0.7908200      0.7911100      0.7913900    
  0.7819200      0.7823400      0.7827500      0.7831600      0.7835500      0.7839400      0.7843300      0.7847000      0.7850700      0.7854400      0.7857900      0.7861500      0.7864900      0.7868300      0.7871700      0.7875100      0.7878300      0.7881600      0.7884800      0.7888000      0.7891100      0.7894200      0.7897300      0.7900300      0.7903300      0.7906300      0.7909200      0.7912100      0.7915000      0.7917900    
  0.7819170      0.7823370      0.7829250      0.7834500      0.7838600      0.7842500      0.7846400      0.7850200      0.7854000      0.7857700      0.7861300      0.7864900      0.7868400      0.7871900      0.7875300      0.7878600      0.7882000      0.7885300      0.7888500      0.7891700      0.7894900      0.7898000      0.7901100      0.7904200      0.7907200      0.7910200      0.7913200      0.7916100      0.7919000      0.7921900    
  0.7819140      0.7826570      0.7834500      0.7839850      0.7841600      0.7845600      0.7849600      0.7853400      0.7857200      0.7861000      0.7864700      0.7868300      0.7871800      0.7875400      0.7878800      0.7882200      0.7885600      0.7888900      0.7892200      0.7895500      0.7898700      0.7901800      0.7904900      0.7908000      0.7911100      0.7914100      0.7917100      0.7920000      0.7923000      0.7925900    
  0.7823770      0.7834500      0.7840550      0.7843150      0.7844700      0.7848700      0.7852700      0.7856600      0.7860500      0.7864300      0.7868000      0.7871700      0.7875300      0.7878900      0.7882400      0.7885800      0.7889300      0.7892600      0.7895900      0.7899200      0.7902400      0.7905600      0.7908800      0.7911900      0.7915000      0.7918000      0.7921000      0.7924000      0.7926900      0.7929800    
  0.7834500      0.7840920      0.7843920      0.7844700      0.7848400      0.7851800      0.7855900      0.7859900      0.7863800      0.7867600      0.7871400      0.7875100      0.7878800      0.7882400      0.7885900      0.7889400      0.7892900      0.7896300      0.7899600      0.7903000      0.7906200      0.7909400      0.7912600      0.7915800      0.7918900      0.7921900      0.7925000      0.7927900      0.7930900      0.7933800    
  0.7841110      0.7844310      0.7844700      0.7848300      0.7851800      0.7855600      0.7859100      0.7863100      0.7867000      0.7870900      0.7874800      0.7878500      0.7882200      0.7885900      0.7889500      0.7893000      0.7896500      0.7900000      0.7903400      0.7906700      0.7910000      0.7913200      0.7916500      0.7919600      0.7922700      0.7925800      0.7928900      0.7931900      0.7934800      0.7937800    
  0.7844510      0.7844700      0.7848270      0.7851800      0.7855500      0.7859100      0.7861100      0.7863070      0.7868800      0.7874200      0.7878100      0.7881900      0.7885700      0.7889400      0.7893000      0.7896600      0.7900100      0.7903600      0.7907100      0.7910400      0.7913800      0.7917000      0.7920300      0.7923500      0.7926600      0.7929700      0.7932800      0.7935800      0.7938800      0.7941700    
  0.7844700      0.7848260      0.7851800      0.7855470      0.7859100      0.7860100      0.7861090      0.7866790      0.7874200      0.7876150      0.7881660      0.7885300      0.7889200      0.7892900      0.7896600      0.7900200      0.7903800      0.7907300      0.7910800      0.7914200      0.7917500      0.7920800      0.7924100      0.7927300      0.7930500      0.7933600      0.7936700      0.7939700      0.7942700      0.7945700    
  0.7848250      0.7851800      0.7855460      0.7859100      0.7859600      0.7860100      0.7865550      0.7874200      0.7875170      0.7881570      0.7887050      0.7888800      0.7892600      0.7896400      0.7900100      0.7903800      0.7907400      0.7910900      0.7914400      0.7917900      0.7921300      0.7924600      0.7927900      0.7931200      0.7934400      0.7937500      0.7940600      0.7943700      0.7946700      0.7949600    
  0.7851800      0.7855450      0.7859100      0.7859350      0.7859600      0.7864860      0.7874200      0.7874690      0.7881530      0.7887920      0.7888800      0.7890700      0.7894430      0.7899900      0.7903700      0.7907400      0.7911000      0.7914600      0.7918100      0.7921600      0.7925000      0.7928400      0.7931700      0.7935000      0.7938200      0.7941400      0.7944500      0.7947600      0.7950600      0.7953600    
  0.7855450      0.7859100      0.7859230      0.7859350      0.7864500      0.7874200      0.7874440      0.7881520      0.7888360      0.7888800      0.7889750      0.7893460      0.7899900      0.7901800      0.7903670      0.7907370      0.7911000      0.7914570      0.7921720      0.7925300      0.7928800      0.7932200      0.7935500      0.7938800      0.7942100      0.7945200      0.7948400      0.7951500      0.7954500      0.7957500    
  0.7859100      0.7859160      0.7859230      0.7864320      0.7874200      0.7874320      0.7881510      0.7888580      0.7888800      0.7889270      0.7892980      0.7899900      0.7900850      0.7901790      0.7904280      0.7907340      0.7910980      0.7920690      0.7927150      0.7929000      0.7932500      0.7935900      0.7939300      0.7942600      0.7945900      0.7949100      0.7952300      0.7955400      0.7958400      0.7961400    
  0.7859130      0.7859160      0.7864230      0.7874200      0.7874260      0.7881500      0.7888690      0.7888800      0.7889040      0.7892740      0.7899900      0.7900380      0.7900850      0.7902310      0.7904470      0.7907530      0.7919220      0.7928080      0.7929000      0.7932570      0.7936200      0.7939700      0.7943100      0.7946400      0.7949700      0.7953000      0.7956100      0.7959200      0.7962300      0.7965300    
  0.7859130      0.7864180      0.7874200      0.7874230      0.7881500      0.7888750      0.7888800      0.7888920      0.7892620      0.7899900      0.7900140      0.7900370      0.7901180      0.7902540      0.7904770      0.7919960      0.7928540      0.7929000      0.7936770      0.7939950      0.7942040      0.7943400      0.7946900      0.7950200      0.7953500      0.7956800      0.7960000      0.7963100      0.7966200      0.7969200    
  0.7864160      0.7874200      0.7874210      0.7881500      0.7888770      0.7888800      0.7888860      0.7892560      0.7899900      0.7900020      0.7900140      0.7900560      0.7901360      0.7915750      0.7928590      0.7940050      0.7940050      0.7941990      0.7944300      0.7945550      0.7943700      0.7947200      0.7950600      0.7954000      0.7957300      0.7960600      0.7963800      0.7967000      0.7970100      0.7973100    
  0.7874200      0.7874210      0.7881500      0.7888790      0.7888800      0.7888830      0.7892530      0.7899900      0.7899960      0.7900020      0.7900240      0.7900690      0.7925400      0.7954610      0.7954500      0.7949710      0.7951550      0.7951100      0.7948780      0.7947400      0.7947400      0.7950900      0.7954400      0.7957800      0.7961100      0.7964400      0.7967700      0.7970800      0.7973900      0.7977000    
  0.7874200      0.7881500      0.7888790      0.7888800      0.7888810      0.7892520      0.7899900      0.7899930      0.7899960      0.7900070      0.7924670      0.7961200      0.7956900      0.7954720      0.7954730      0.7954500      0.7952720      0.7952000      0.7951100      0.7951070      0.7951100      0.7954600      0.7958100      0.7961500      0.7964900      0.7968200      0.7971500      0.7974600      0.7977800      0.7980800    
  0.7881500      0.7888800      0.7888800      0.7888810      0.7892510      0.7899900      0.7899910      0.7899930      0.7899990      0.7929420      0.7961200      0.7961200      0.7961200      0.7957070      0.7954950      0.7954950      0.7954500      0.7953290      0.7952900      0.7951100      0.7954700      0.7958300      0.7961800      0.7965300      0.7968700      0.7972000      0.7975300      0.7978500      0.7981600      0.7984700    
  0.7888800      0.7888800      0.7888800      0.7892500      0.7899900      0.7899910      0.7899910      0.7918480      0.7938360      0.7961210      0.7961200      0.7961200      0.7961200      0.7961200      0.7957400      0.7955400      0.7955400      0.7954500      0.7954650      0.7954700      0.7958400      0.7962000      0.7965500      0.7969000      0.7972400      0.7975800      0.7979000      0.7982300      0.7985400      0.7988500    
  0.7888800      0.7888800      0.7892500      0.7899900      0.7899900      0.7929190      0.7973100      0.7973600      0.7974100      0.7965530      0.7961230      0.7961200      0.7961200      0.7961200      0.7961200      0.7958040      0.7956290      0.7956300      0.7954500      0.7958300      0.7962000      0.7965700      0.7969200      0.7972700      0.7976200      0.7979500      0.7982800      0.7986000      0.7989200      0.7992300    
  0.7888800      0.7892500      0.7899900      0.7899900      0.7935040      0.7973110      0.7973110      0.7973100      0.7973600      0.7974100      0.7965570      0.7961290      0.7961200      0.7961200      0.7961200      0.7961200      0.7959270      0.7958070      0.7958100      0.7961900      0.7965600      0.7969300      0.7972900      0.7976400      0.7979900      0.7983200      0.7986600      0.7989800      0.7993000      0.7996100    
