iMOD/TUTORIALS/TUT_MetaswapAnalyser/model_MetaSWAP/meteo/Evaporation/Evaporation_20050928_L1.ASC
NCOLS                30
NROWS                30
XLLCORNER     160000.00
YLLCORNER     340000.00
CELLSIZE        1000.00
NODATA_VALUE   -9999.00
   1.751770       1.752680       1.753590       1.754480       1.755360       1.756230       1.757100       1.757950       1.758800       1.759650       1.760490       1.761320       1.762150       1.762970       1.763790       1.764610       1.765430       1.766240       1.767050       1.767850       1.768660       1.769460       1.770260       1.771060       1.771860       1.772660       1.773450       1.774240       1.775030       1.775820    
   1.753120       1.754030       1.754940       1.755830       1.756720       1.757600       1.758470       1.759330       1.760190       1.761040       1.761880       1.762720       1.763550       1.764380       1.765200       1.766020       1.766840       1.767650       1.768460       1.769270       1.770080       1.770880       1.771680       1.772480       1.773280       1.774070       1.774860       1.775650       1.776440       1.777230    
   1.754470       1.755390       1.756300       1.757200       1.758090       1.758980       1.759850       1.760720       1.761580       1.762430       1.763280       1.764120       1.764960       1.765790       1.766620       1.767440       1.768260       1.769080       1.769890       1.770700       1.771500       1.772310       1.773110       1.773910       1.774700       1.775490       1.776280       1.777070       1.777860       1.778640    
   1.755840       1.756760       1.757680       1.758580       1.759480       1.760360       1.761240       1.762110       1.762980       1.763840       1.764690       1.765530       1.766370       1.767210       1.768040       1.768870       1.769690       1.770510       1.771320       1.772130       1.772940       1.773740       1.774540       1.775340       1.776130       1.776920       1.777710       1.778500       1.779280       1.780060    
   1.757220       1.758140       1.759060       1.759970       1.760870       1.761760       1.762640       1.763520       1.764390       1.765250       1.766100       1.766950       1.767800       1.768640       1.769470       1.770300       1.771120       1.771940       1.772760       1.773570       1.774380       1.775180       1.775980       1.776780       1.777570       1.778360       1.779150       1.779930       1.780710       1.781480    
   1.758610       1.759540       1.760450       1.761360       1.762270       1.763160       1.764050       1.764930       1.765800       1.766670       1.767530       1.768380       1.769230       1.770070       1.770910       1.771740       1.772560       1.773390       1.774200       1.775020       1.775820       1.776630       1.777430       1.778220       1.779010       1.779800       1.780590       1.781370       1.782140       1.782920    
   1.760010       1.760940       1.761860       1.762770       1.763680       1.764580       1.765470       1.766350       1.767230       1.768100       1.768960       1.769820       1.770670       1.771510       1.772350       1.773180       1.774010       1.774840       1.775650       1.776470       1.777280       1.778080       1.778880       1.779670       1.780460       1.781250       1.782030       1.782810       1.783590       1.784360    
   1.761420       1.762350       1.763270       1.764190       1.765100       1.766000       1.766890       1.767780       1.768660       1.769530       1.770400       1.771260       1.772110       1.772960       1.773800       1.774640       1.775470       1.776290       1.777110       1.777930       1.778740       1.779540       1.780340       1.781130       1.781920       1.782710       1.783490       1.784260       1.785030       1.785800    
   1.762840       1.763770       1.764700       1.765610       1.766530       1.767430       1.768330       1.769220       1.770100       1.770980       1.771850       1.772710       1.773570       1.774420       1.775260       1.776100       1.776930       1.777760       1.778580       1.779390       1.780200       1.781000       1.781800       1.782600       1.783380       1.784170       1.784940       1.785720       1.786490       1.787250    
   1.764270       1.765200       1.766130       1.767050       1.767960       1.768870       1.769770       1.770660       1.771550       1.772430       1.773300       1.774170       1.775020       1.775880       1.776720       1.777560       1.778400       1.779220       1.780050       1.780860       1.781670       1.782470       1.783270       1.784060       1.784850       1.785630       1.786410       1.787180       1.787940       1.788710    
   1.764270       1.765200       1.766720       1.768490       1.769410       1.770320       1.771220       1.772110       1.773000       1.773890       1.774760       1.775630       1.776490       1.777350       1.778190       1.779040       1.779870       1.780700       1.781520       1.782340       1.783150       1.783950       1.784750       1.785540       1.786320       1.787100       1.787880       1.788650       1.789410       1.790170    
   1.764270       1.766170       1.768490       1.770270       1.770860       1.771770       1.772680       1.773580       1.774470       1.775350       1.776230       1.777100       1.777960       1.778820       1.779670       1.780510       1.781350       1.782180       1.783000       1.783820       1.784630       1.785430       1.786230       1.787020       1.787800       1.788580       1.789350       1.790120       1.790880       1.791630    
   1.765560       1.768490       1.770670       1.771590       1.772320       1.773240       1.774140       1.775040       1.775940       1.776820       1.777700       1.778580       1.779440       1.780300       1.781150       1.782000       1.782840       1.783670       1.784490       1.785310       1.786120       1.786920       1.787710       1.788500       1.789280       1.790060       1.790830       1.791590       1.792350       1.793100    
   1.768490       1.770860       1.771960       1.772320       1.773420       1.774710       1.775610       1.776520       1.777410       1.778300       1.779180       1.780060       1.780930       1.781790       1.782640       1.783490       1.784330       1.785160       1.785980       1.786800       1.787610       1.788410       1.789200       1.789990       1.790770       1.791550       1.792310       1.793070       1.793830       1.794570    
   1.770950       1.772140       1.772320       1.773480       1.774710       1.775800       1.777090       1.778000       1.778890       1.779790       1.780670       1.781550       1.782420       1.783280       1.784130       1.784980       1.785820       1.786650       1.787480       1.788290       1.789100       1.789900       1.790700       1.791490       1.792260       1.793040       1.793800       1.794560       1.795310       1.796050    
   1.772230       1.772320       1.773500       1.774710       1.775870       1.777090       1.777540       1.777990       1.779490       1.781280       1.782160       1.783040       1.783910       1.784780       1.785630       1.786480       1.787320       1.788150       1.788980       1.789800       1.790600       1.791410       1.792200       1.792980       1.793760       1.794530       1.795290       1.796040       1.796790       1.797530    
   1.772320       1.773510       1.774710       1.775890       1.777090       1.777320       1.777540       1.779080       1.781280       1.781720       1.783410       1.784540       1.785410       1.786280       1.787130       1.787980       1.788830       1.789660       1.790480       1.791300       1.792110       1.792910       1.793700       1.794480       1.795260       1.796030       1.796780       1.797540       1.798280       1.799010    
   1.773510       1.774710       1.775900       1.777090       1.777200       1.777320       1.778800       1.781280       1.781500       1.783550       1.785290       1.786040       1.786920       1.787780       1.788640       1.789490       1.790330       1.791170       1.791990       1.792810       1.793620       1.794420       1.795210       1.795990       1.796760       1.797530       1.798280       1.799030       1.799770       1.800500    
   1.774710       1.775900       1.777090       1.777150       1.777200       1.778650       1.781280       1.781390       1.783610       1.785670       1.786040       1.786480       1.787510       1.789290       1.790150       1.791000       1.791850       1.792680       1.793510       1.794320       1.795130       1.795930       1.796720       1.797500       1.798270       1.799030       1.799780       1.800530       1.801260       1.801990    
   1.775900       1.777090       1.777120       1.777150       1.778570       1.781280       1.781340       1.783630       1.785850       1.786040       1.786260       1.787330       1.789290       1.789720       1.790150       1.791000       1.791840       1.792680       1.794740       1.795840       1.796650       1.797440       1.798230       1.799010       1.799780       1.800530       1.801280       1.802020       1.802760       1.803480    
   1.777090       1.777100       1.777120       1.778530       1.781280       1.781310       1.783650       1.785950       1.786040       1.786150       1.787230       1.789290       1.789510       1.789720       1.790290       1.791000       1.791840       1.794650       1.796600       1.797360       1.798160       1.798960       1.799740       1.800520       1.801290       1.802040       1.802790       1.803530       1.804250       1.804970    
   1.777100       1.777100       1.778510       1.781280       1.781290       1.783650       1.785990       1.786040       1.786090       1.787180       1.789290       1.789400       1.789500       1.789840       1.790330       1.791040       1.794360       1.796980       1.797360       1.798400       1.799680       1.800480       1.801260       1.802040       1.802800       1.803550       1.804300       1.805030       1.805750       1.806470    
   1.777100       1.778500       1.781280       1.781290       1.783660       1.786020       1.786040       1.786070       1.787150       1.789290       1.789340       1.789400       1.789580       1.789890       1.790400       1.794970       1.797170       1.797360       1.800110       1.801200       1.801680       1.802000       1.802780       1.803550       1.804310       1.805060       1.805800       1.806530       1.807250       1.807960    
   1.778490       1.781280       1.781280       1.783660       1.786030       1.786040       1.786050       1.787140       1.789290       1.789320       1.789340       1.789440       1.789620       1.794660       1.798700       1.801940       1.801930       1.802410       1.802990       1.803490       1.802730       1.803520       1.804300       1.805070       1.805830       1.806580       1.807310       1.808040       1.808750       1.809460    
   1.781280       1.781280       1.783660       1.786030       1.786040       1.786050       1.787130       1.789290       1.789300       1.789320       1.789370       1.789470       1.798280       1.808810       1.808760       1.806210       1.806700       1.806510       1.805060       1.804260       1.804260       1.805050       1.805820       1.806590       1.807340       1.808090       1.808820       1.809540       1.810250       1.810950    
   1.781280       1.783660       1.786040       1.786040       1.786040       1.787130       1.789290       1.789300       1.789300       1.789330       1.798630       1.812510       1.810080       1.808860       1.808860       1.808760       1.807460       1.806890       1.806510       1.805960       1.805780       1.806570       1.807350       1.808110       1.808860       1.809600       1.810330       1.811050       1.811750       1.812450    
   1.783660       1.786040       1.786040       1.786040       1.787120       1.789290       1.789290       1.789300       1.789310       1.800460       1.812510       1.812510       1.812510       1.810150       1.808950       1.808950       1.808760       1.807690       1.807280       1.806510       1.807310       1.808090       1.808870       1.809630       1.810380       1.811110       1.811840       1.812550       1.813250       1.813940    
   1.786040       1.786040       1.786040       1.787120       1.789290       1.789290       1.789290       1.796780       1.804260       1.812510       1.812510       1.812510       1.812510       1.812510       1.810290       1.809140       1.809140       1.808760       1.808220       1.808040       1.808840       1.809620       1.810390       1.811150       1.811890       1.812630       1.813350       1.814060       1.814750       1.815440    
   1.786040       1.786040       1.787120       1.789290       1.789290       1.801530       1.819880       1.819560       1.819240       1.814760       1.812520       1.812510       1.812510       1.812510       1.812510       1.810560       1.809520       1.809520       1.808760       1.809570       1.810360       1.811140       1.811910       1.812670       1.813410       1.814140       1.814850       1.815560       1.816250       1.816930    
   1.786040       1.787120       1.789290       1.789290       1.803980       1.819880       1.819880       1.819880       1.819560       1.819240       1.814790       1.812550       1.812510       1.812510       1.812510       1.812510       1.811070       1.810280       1.810280       1.811090       1.811890       1.812670       1.813430       1.814180       1.814920       1.815650       1.816360       1.817060       1.817740       1.818420    
