iMOD/TUTORIALS/TUT_MetaswapAnalyser/model_MetaSWAP/meteo/Evaporation/Evaporation_20050820_L1.ASC
NCOLS                30
NROWS                30
XLLCORNER     160000.00
YLLCORNER     340000.00
CELLSIZE        1000.00
NODATA_VALUE   -9999.00
   1.424670       1.417340       1.409900       1.402360       1.394750       1.387070       1.379330       1.371560       1.363770       1.355970       1.348170       1.340380       1.332620       1.324890       1.317210       1.309590       1.302030       1.294540       1.287130       1.279800       1.272560       1.265410       1.258370       1.251430       1.244590       1.237860       1.231250       1.224740       1.218350       1.212080    
   1.415520       1.408260       1.400890       1.393430       1.385880       1.378270       1.370610       1.362910       1.355190       1.347450       1.339710       1.331990       1.324290       1.316620       1.309000       1.301420       1.293910       1.286470       1.279100       1.271820       1.264620       1.257510       1.250500       1.243590       1.236790       1.230090       1.223500       1.217020       1.210660       1.204410    
   1.406200       1.399010       1.391710       1.384310       1.376840       1.369300       1.361710       1.354080       1.346420       1.338760       1.331080       1.323420       1.315780       1.308170       1.300610       1.293090       1.285630       1.278230       1.270910       1.263670       1.256520       1.249450       1.242480       1.235610       1.228840       1.222170       1.215610       1.209170       1.202830       1.196600    
   1.396710       1.389580       1.382350       1.375030       1.367620       1.360160       1.352640       1.345080       1.337490       1.329890       1.322280       1.314680       1.307110       1.299560       1.292050       1.284580       1.277180       1.269830       1.262560       1.255370       1.248260       1.241230       1.234300       1.227470       1.220740       1.214110       1.207590       1.201170       1.194870       1.188670    
   1.387060       1.380000       1.372830       1.365580       1.358240       1.350850       1.343390       1.335900       1.328380       1.320850       1.313310       1.305780       1.298260       1.290770       1.283320       1.275920       1.268570       1.261280       1.254060       1.246910       1.239850       1.232870       1.225980       1.219190       1.212500       1.205910       1.199420       1.193050       1.186780       1.180620    
   1.377260       1.370260       1.363160       1.355970       1.348710       1.341380       1.333990       1.326570       1.319120       1.311650       1.304180       1.296710       1.289260       1.281830       1.274440       1.267090       1.259800       1.252560       1.245400       1.238300       1.231290       1.224360       1.217520       1.210770       1.204120       1.197570       1.191130       1.184790       1.178560       1.172440    
   1.367310       1.360370       1.353340       1.346220       1.339020       1.331760       1.324440       1.317090       1.309700       1.302300       1.294890       1.287490       1.280100       1.272740       1.265410       1.258120       1.250880       1.243700       1.236590       1.229550       1.222590       1.215710       1.208910       1.202210       1.195610       1.189110       1.182710       1.176410       1.170220       1.164140    
   1.357220       1.350340       1.343370       1.336310       1.329180       1.321990       1.314740       1.307450       1.300140       1.292800       1.285460       1.278120       1.270800       1.263490       1.256230       1.249000       1.241820       1.234700       1.227640       1.220650       1.213740       1.206910       1.200170       1.193520       1.186970       1.180510       1.174160       1.167900       1.161760       1.155720    
   1.346990       1.340180       1.333270       1.326280       1.319210       1.312080       1.304900       1.297680       1.290430       1.283160       1.275880       1.268610       1.261350       1.254110       1.246900       1.239730       1.232620       1.225550       1.218550       1.211620       1.204770       1.197990       1.191300       1.184700       1.178200       1.171790       1.165480       1.159280       1.153180       1.147180    
   1.336640       1.329890       1.323040       1.316110       1.309110       1.302040       1.294930       1.287770       1.280580       1.273380       1.266170       1.258960       1.251760       1.244590       1.237440       1.230340       1.223280       1.216270       1.209330       1.202460       1.195660       1.188940       1.182300       1.175760       1.169300       1.162950       1.156690       1.150540       1.144490       1.138540    
   1.336600       1.329860       1.318710       1.305820       1.298880       1.291880       1.284820       1.277730       1.270610       1.263470       1.256330       1.249180       1.242050       1.234930       1.227850       1.220810       1.213810       1.206860       1.199980       1.193160       1.186420       1.179760       1.173180       1.166690       1.160290       1.153990       1.147790       1.141680       1.135680       1.129790    
   1.336570       1.322750       1.305820       1.292820       1.288530       1.281590       1.274600       1.267570       1.260520       1.253440       1.246360       1.239270       1.232200       1.225150       1.218130       1.211150       1.204210       1.197330       1.190510       1.183750       1.177070       1.170460       1.163940       1.157510       1.151160       1.144920       1.138770       1.132720       1.126770       1.120930    
   1.327090       1.305820       1.290000       1.283290       1.278060       1.271190       1.264260       1.257300       1.250300       1.243290       1.236270       1.229250       1.222240       1.215250       1.208290       1.201370       1.194500       1.187670       1.180910       1.174220       1.167590       1.161050       1.154580       1.148210       1.141920       1.135730       1.129640       1.123650       1.117760       1.111970    
   1.305820       1.288640       1.280680       1.278060       1.269980       1.260680       1.253810       1.246910       1.239980       1.233030       1.226070       1.219110       1.212160       1.205240       1.198340       1.191480       1.184670       1.177910       1.171200       1.164570       1.158010       1.151520       1.145120       1.138800       1.132580       1.126450       1.120410       1.114480       1.108650       1.102920    
   1.287970       1.279370       1.278060       1.269570       1.260680       1.252580       1.243260       1.236420       1.229540       1.222650       1.215760       1.208860       1.201980       1.195110       1.188280       1.181480       1.174730       1.168030       1.161390       1.154810       1.148310       1.141890       1.135550       1.129290       1.123130       1.117060       1.111080       1.105210       1.099440       1.093770    
   1.278710       1.278060       1.269440       1.260680       1.252170       1.243260       1.239840       1.236410       1.225200       1.212180       1.205350       1.198510       1.191690       1.184890       1.178110       1.171380       1.164690       1.158050       1.151470       1.144960       1.138520       1.132150       1.125870       1.119680       1.113580       1.107570       1.101660       1.095850       1.090140       1.084530    
   1.278060       1.269390       1.260680       1.252040       1.243260       1.241550       1.239840       1.228410       1.212180       1.208770       1.196330       1.188070       1.181300       1.174560       1.167850       1.161170       1.154540       1.147970       1.141450       1.135000       1.128620       1.122320       1.116110       1.109980       1.103940       1.097990       1.092150       1.086400       1.080750       1.075210    
   1.269380       1.260680       1.251990       1.243260       1.242400       1.241550       1.230490       1.212180       1.210470       1.195520       1.182800       1.177530       1.170820       1.164140       1.157490       1.150880       1.144310       1.137790       1.131340       1.124950       1.118630       1.112400       1.106240       1.100180       1.094210       1.088330       1.082540       1.076860       1.071280       1.065800    
   1.260680       1.251980       1.243260       1.242830       1.242400       1.231660       1.212180       1.211330       1.195170       1.180170       1.177530       1.174180       1.166530       1.153640       1.147040       1.140490       1.133980       1.127530       1.121130       1.114810       1.108560       1.102390       1.096300       1.090300       1.084390       1.078580       1.072860       1.067240       1.061730       1.056320    
   1.251970       1.243260       1.243050       1.242830       1.232270       1.212180       1.211750       1.195010       1.178850       1.177530       1.175850       1.167970       1.153640       1.150340       1.147060       1.140500       1.134000       1.127550       1.112470       1.104590       1.098400       1.092290       1.086270       1.080330       1.074490       1.068750       1.063100       1.057550       1.052110       1.046760    
   1.243260       1.243150       1.243050       1.232580       1.212180       1.211970       1.194930       1.178190       1.177530       1.176690       1.168750       1.153640       1.151990       1.150350       1.145970       1.140520       1.134020       1.113550       1.099440       1.094290       1.088160       1.082120       1.076160       1.070290       1.064520       1.058840       1.053260       1.047790       1.042410       1.037140    
   1.243210       1.243150       1.232740       1.212180       1.212070       1.194890       1.177860       1.177530       1.177110       1.169150       1.153640       1.152820       1.151990       1.149430       1.145610       1.140170       1.115850       1.096870       1.094290       1.086770       1.077850       1.071870       1.065980       1.060180       1.054480       1.048870       1.043360       1.037960       1.032650       1.027450    
   1.243210       1.232820       1.212180       1.212130       1.194870       1.177690       1.177530       1.177320       1.169360       1.153640       1.153230       1.152820       1.151410       1.149010       1.145070       1.111980       1.095580       1.094290       1.075070       1.067440       1.063900       1.061560       1.055730       1.050000       1.044370       1.038830       1.033390       1.028060       1.022830       1.017700    
   1.232860       1.212180       1.212150       1.194860       1.177610       1.177530       1.177430       1.169460       1.153640       1.153430       1.153230       1.152490       1.151080       1.115220       1.086200       1.062690       1.062710       1.059350       1.055240       1.051780       1.057030       1.051180       1.045430       1.039760       1.034200       1.028730       1.023370       1.018110       1.012950       1.007900    
   1.212180       1.212170       1.194860       1.177570       1.177530       1.177480       1.169510       1.153640       1.153540       1.153430       1.153050       1.152260       1.089710       1.015050       1.015390       1.033080       1.029780       1.031120       1.041040       1.046510       1.046530       1.040750       1.035060       1.029470       1.023970       1.018580       1.013290       1.008110       1.003030      0.9980500    
   1.212170       1.194860       1.177550       1.177530       1.177500       1.169540       1.153640       1.153590       1.153540       1.153340       1.087140      0.9884700       1.005910       1.014710       1.014710       1.015390       1.024450       1.028450       1.031120       1.034750       1.035980       1.030260       1.024640       1.019120       1.013700       1.008380       1.003160      0.9980500      0.9930500      0.9881600    
   1.194860       1.177540       1.177530       1.177520       1.169550       1.153640       1.153610       1.153590       1.153490       1.074190      0.9884700      0.9884700      0.9884700       1.005410       1.014040       1.014040       1.015390       1.022860       1.025770       1.031120       1.025380       1.019730       1.014180       1.008720       1.003370      0.9981300      0.9929900      0.9879600      0.9830400      0.9782200    
   1.177540       1.177530       1.177520       1.169560       1.153640       1.153630       1.153610       1.100020       1.046850      0.9884400      0.9884700      0.9884700      0.9884700      0.9884700       1.004420       1.012680       1.012680       1.015390       1.019150       1.020420       1.014740       1.009150       1.003670      0.9982900      0.9930100      0.9878400      0.9827800      0.9778300      0.9729900      0.9682500    
   1.177530       1.177530       1.169560       1.153640       1.153630       1.065780      0.9340100      0.9366950      0.9393800      0.9720250      0.9883800      0.9884700      0.9884700      0.9884700      0.9884700       1.002490       1.009970       1.009970       1.015390       1.009680       1.004060      0.9985400      0.9931300      0.9878200      0.9826100      0.9775200      0.9725400      0.9676700      0.9629100      0.9582600    
   1.177530       1.169570       1.153640       1.153640       1.048200      0.9339890      0.9339890      0.9340100      0.9366940      0.9393800      0.9718710      0.9882000      0.9884700      0.9884700      0.9884700      0.9884700      0.9988480       1.004550       1.004560      0.9989100      0.9933600      0.9879000      0.9825600      0.9773200      0.9721900      0.9671700      0.9622700      0.9574800      0.9528000      0.9482400    
