iMOD/TUTORIALS/TUT_MetaswapAnalyser/model_MetaSWAP/meteo/Evaporation/Evaporation_20060916_L1.ASC
NCOLS                30
NROWS                30
XLLCORNER     160000.00
YLLCORNER     340000.00
CELLSIZE        1000.00
NODATA_VALUE   -9999.00
   2.660200       2.659010       2.657820       2.656620       2.655410       2.654200       2.652980       2.651760       2.650530       2.649290       2.648050       2.646800       2.645540       2.644280       2.643000       2.641720       2.640440       2.639140       2.637840       2.636530       2.635210       2.633880       2.632550       2.631200       2.629850       2.628490       2.627130       2.625750       2.624370       2.622970    
   2.659710       2.658520       2.657320       2.656110       2.654890       2.653670       2.652450       2.651220       2.649980       2.648730       2.647480       2.646220       2.644960       2.643690       2.642410       2.641130       2.639840       2.638540       2.637230       2.635920       2.634600       2.633270       2.631940       2.630590       2.629240       2.627890       2.626520       2.625150       2.623770       2.622380    
   2.659220       2.658010       2.656800       2.655580       2.654360       2.653130       2.651900       2.650660       2.649410       2.648160       2.646900       2.645640       2.644370       2.643090       2.641810       2.640520       2.639230       2.637930       2.636620       2.635300       2.633980       2.632650       2.631320       2.629980       2.628630       2.627270       2.625910       2.624540       2.623160       2.621770    
   2.658710       2.657490       2.656270       2.655050       2.653820       2.652580       2.651340       2.650090       2.648840       2.647580       2.646320       2.645050       2.643770       2.642490       2.641200       2.639910       2.638610       2.637310       2.635990       2.634680       2.633350       2.632030       2.630690       2.629350       2.628000       2.626650       2.625280       2.623920       2.622540       2.621160    
   2.658190       2.656970       2.655740       2.654500       2.653270       2.652020       2.650770       2.649520       2.648260       2.646990       2.645720       2.644440       2.643160       2.641880       2.640580       2.639290       2.637980       2.636680       2.635360       2.634040       2.632720       2.631390       2.630050       2.628710       2.627370       2.626010       2.624650       2.623290       2.621920       2.620540    
   2.657660       2.656430       2.655190       2.653950       2.652700       2.651450       2.650190       2.648930       2.647660       2.646390       2.645110       2.643830       2.642550       2.641250       2.639960       2.638660       2.637350       2.636040       2.634720       2.633400       2.632080       2.630750       2.629410       2.628070       2.626720       2.625370       2.624020       2.622660       2.621290       2.619920    
   2.657120       2.655880       2.654640       2.653390       2.652130       2.650870       2.649610       2.648340       2.647060       2.645780       2.644500       2.643210       2.641920       2.640620       2.639320       2.638020       2.636710       2.635390       2.634080       2.632750       2.631430       2.630090       2.628760       2.627420       2.626080       2.624730       2.623370       2.622010       2.620650       2.619280    
   2.656570       2.655320       2.654070       2.652810       2.651550       2.650280       2.649010       2.647730       2.646450       2.645170       2.643880       2.642580       2.641290       2.639980       2.638680       2.637370       2.636060       2.634740       2.633420       2.632100       2.630770       2.629440       2.628100       2.626760       2.625420       2.624070       2.622720       2.621370       2.620010       2.618640    
   2.656010       2.654760       2.653500       2.652230       2.650960       2.649690       2.648410       2.647120       2.645840       2.644540       2.643250       2.641950       2.640650       2.639340       2.638030       2.636720       2.635400       2.634080       2.632760       2.631430       2.630100       2.628770       2.627440       2.626100       2.624760       2.623410       2.622060       2.620710       2.619360       2.618000    
   2.655450       2.654190       2.652920       2.651650       2.650370       2.649090       2.647800       2.646510       2.645210       2.643920       2.642610       2.641310       2.640000       2.638690       2.637380       2.636060       2.634740       2.633420       2.632090       2.630760       2.629430       2.628100       2.626770       2.625430       2.624090       2.622750       2.621400       2.620050       2.618700       2.617350    
   2.655450       2.654190       2.652450       2.651050       2.649770       2.648480       2.647180       2.645890       2.644580       2.643280       2.641970       2.640660       2.639350       2.638030       2.636710       2.635390       2.634070       2.632750       2.631420       2.630090       2.628760       2.627430       2.626090       2.624760       2.623420       2.622080       2.620740       2.619390       2.618040       2.616690    
   2.655450       2.653280       2.651050       2.649630       2.649160       2.647860       2.646560       2.645260       2.643950       2.642640       2.641330       2.640010       2.638690       2.637370       2.636050       2.634720       2.633400       2.632070       2.630740       2.629410       2.628080       2.626750       2.625410       2.624080       2.622740       2.621400       2.620060       2.618720       2.617380       2.616030    
   2.654120       2.651050       2.649520       2.648850       2.648550       2.647240       2.645940       2.644620       2.643310       2.641990       2.640670       2.639350       2.638030       2.636700       2.635380       2.634050       2.632720       2.631390       2.630060       2.628730       2.627400       2.626060       2.624730       2.623400       2.622060       2.620730       2.619390       2.618050       2.616710       2.615370    
   2.651050       2.649460       2.648700       2.648550       2.647470       2.646620       2.645310       2.643990       2.642670       2.641340       2.640020       2.638690       2.637360       2.636030       2.634700       2.633370       2.632040       2.630710       2.629370       2.628040       2.626710       2.625380       2.624040       2.622710       2.621380       2.620040       2.618710       2.617380       2.616040       2.614710    
   2.649420       2.648630       2.648550       2.647550       2.646620       2.645530       2.644670       2.643350       2.642020       2.640690       2.639360       2.638030       2.636690       2.635360       2.634020       2.632690       2.631350       2.630020       2.628690       2.627350       2.626020       2.624690       2.623350       2.622020       2.620690       2.619360       2.618030       2.616700       2.615370       2.614040    
   2.648590       2.648550       2.647570       2.646620       2.645610       2.644670       2.644010       2.643350       2.641520       2.640030       2.638700       2.637360       2.636020       2.634680       2.633340       2.632000       2.630670       2.629330       2.627990       2.626660       2.625320       2.623990       2.622660       2.621330       2.620000       2.618680       2.617350       2.616020       2.614700       2.613370    
   2.648550       2.647580       2.646620       2.645630       2.644670       2.644340       2.644010       2.642230       2.640030       2.639360       2.637760       2.636690       2.635350       2.634000       2.632660       2.631320       2.629980       2.628640       2.627300       2.625960       2.624630       2.623300       2.621970       2.620640       2.619310       2.617990       2.616660       2.615340       2.614020       2.612700    
   2.647580       2.646620       2.645640       2.644670       2.644510       2.644340       2.642650       2.640030       2.639700       2.637910       2.636350       2.636020       2.634670       2.633320       2.631980       2.630630       2.629290       2.627940       2.626610       2.625270       2.623930       2.622600       2.621270       2.619950       2.618620       2.617300       2.615980       2.614660       2.613350       2.612030    
   2.646620       2.645640       2.644670       2.644590       2.644500       2.642880       2.640030       2.639860       2.637970       2.636190       2.636020       2.635340       2.634160       2.632640       2.631290       2.629940       2.628600       2.627250       2.625910       2.624570       2.623240       2.621900       2.620580       2.619250       2.617930       2.616610       2.615290       2.613980       2.612670       2.611360    
   2.645640       2.644670       2.644630       2.644590       2.643000       2.640030       2.639950       2.638000       2.636100       2.636020       2.635680       2.634540       2.632640       2.631960       2.631290       2.629940       2.628600       2.627250       2.624960       2.623870       2.622540       2.621210       2.619880       2.618560       2.617240       2.615920       2.614610       2.613300       2.612000       2.610690    
   2.644670       2.644650       2.644630       2.643060       2.640030       2.639990       2.638010       2.636060       2.636020       2.635850       2.634720       2.632640       2.632300       2.631960       2.631070       2.629940       2.628600       2.625500       2.623520       2.623180       2.621840       2.620510       2.619190       2.617860       2.616550       2.615230       2.613930       2.612620       2.611320       2.610020    
   2.644660       2.644650       2.643090       2.640030       2.640010       2.638020       2.636040       2.636020       2.635940       2.634810       2.632640       2.632470       2.632300       2.631780       2.630990       2.629870       2.626120       2.623350       2.623180       2.622060       2.621150       2.619820       2.618490       2.617170       2.615860       2.614550       2.613240       2.611940       2.610650       2.609360    
   2.644660       2.643110       2.640030       2.640020       2.638020       2.636030       2.636020       2.635980       2.634850       2.632640       2.632560       2.632470       2.632180       2.631690       2.630880       2.626270       2.623270       2.623180       2.621280       2.620460       2.619660       2.619120       2.617800       2.616480       2.615170       2.613860       2.612560       2.611270       2.609980       2.608700    
   2.643120       2.640030       2.640020       2.638020       2.636020       2.636020       2.636000       2.634870       2.632640       2.632600       2.632560       2.632400       2.632120       2.628450       2.624760       2.621120       2.621110       2.620440       2.619650       2.619420       2.619760       2.618430       2.617110       2.615790       2.614490       2.613180       2.611890       2.610600       2.609310       2.608040    
   2.640030       2.640030       2.638020       2.636020       2.636020       2.636010       2.634880       2.632640       2.632620       2.632600       2.632520       2.632360       2.626210       2.619040       2.619060       2.619530       2.618970       2.619050       2.619020       2.619070       2.619070       2.617750       2.616420       2.615110       2.613800       2.612510       2.611220       2.609930       2.608650       2.607380    
   2.640030       2.638020       2.636020       2.636020       2.636010       2.634890       2.632640       2.632630       2.632620       2.632580       2.626890       2.618480       2.618840       2.619020       2.619020       2.619060       2.618960       2.618880       2.619050       2.618560       2.618390       2.617060       2.615740       2.614430       2.613130       2.611830       2.610550       2.609270       2.608000       2.606730    
   2.638020       2.636020       2.636020       2.636020       2.634890       2.632640       2.632630       2.632630       2.632610       2.625810       2.618480       2.618480       2.618480       2.618810       2.618980       2.618980       2.619060       2.618840       2.618720       2.619050       2.617710       2.616380       2.615070       2.613760       2.612460       2.611170       2.609880       2.608610       2.607340       2.606090    
   2.636020       2.636020       2.636020       2.634890       2.632640       2.632640       2.632630       2.628680       2.624050       2.618480       2.618480       2.618480       2.618480       2.618480       2.618740       2.618900       2.618900       2.619060       2.618550       2.618380       2.617040       2.615710       2.614390       2.613090       2.611790       2.610500       2.609230       2.607960       2.606700       2.605450    
   2.636020       2.636020       2.634890       2.632640       2.632640       2.626670       2.617720       2.617290       2.616860       2.617940       2.618470       2.618480       2.618480       2.618480       2.618480       2.618620       2.618730       2.618730       2.619060       2.617710       2.616370       2.615040       2.613730       2.612420       2.611130       2.609850       2.608580       2.607320       2.606060       2.604820    
   2.636020       2.634890       2.632640       2.632640       2.625480       2.617720       2.617720       2.617720       2.617290       2.616860       2.617930       2.618460       2.618480       2.618480       2.618480       2.618480       2.618390       2.618400       2.618400       2.617050       2.615710       2.614380       2.613070       2.611770       2.610480       2.609200       2.607940       2.606680       2.605430       2.604200    
