iMOD/TUTORIALS/TUT_MetaswapAnalyser/model_MetaSWAP/meteo/Evaporation/Evaporation_20060217_L1.ASC
NCOLS                30
NROWS                30
XLLCORNER     160000.00
YLLCORNER     340000.00
CELLSIZE        1000.00
NODATA_VALUE   -9999.00
  0.2809600      0.2813700      0.2818100      0.2822700      0.2827500      0.2832500      0.2837700      0.2843000      0.2848500      0.2854200      0.2860000      0.2865900      0.2871900      0.2878000      0.2884200      0.2890600      0.2897000      0.2903400      0.2910000      0.2916600      0.2923300      0.2930000      0.2936800      0.2943600      0.2950400      0.2957300      0.2964100      0.2971000      0.2978000      0.2984900    
  0.2841800      0.2846000      0.2850400      0.2855000      0.2859900      0.2864900      0.2870000      0.2875400      0.2880900      0.2886500      0.2892300      0.2898200      0.2904200      0.2910300      0.2916500      0.2922800      0.2929200      0.2935600      0.2942100      0.2948700      0.2955300      0.2962000      0.2968700      0.2975400      0.2982200      0.2989000      0.2995800      0.3002600      0.3009400      0.3016200    
  0.2874100      0.2878400      0.2882900      0.2887500      0.2892400      0.2897400      0.2902600      0.2907900      0.2913400      0.2919100      0.2924800      0.2930700      0.2936700      0.2942800      0.2949000      0.2955300      0.2961600      0.2968000      0.2974500      0.2981000      0.2987600      0.2994200      0.3000800      0.3007500      0.3014100      0.3020800      0.3027600      0.3034300      0.3041000      0.3047700    
  0.2906700      0.2911000      0.2915500      0.2920200      0.2925100      0.2930100      0.2935300      0.2940700      0.2946200      0.2951800      0.2957600      0.2963500      0.2969400      0.2975500      0.2981700      0.2987900      0.2994200      0.3000600      0.3007000      0.3013500      0.3020000      0.3026500      0.3033100      0.3039700      0.3046300      0.3052900      0.3059500      0.3066200      0.3072800      0.3079400    
  0.2939500      0.2943800      0.2948300      0.2953100      0.2958000      0.2963000      0.2968200      0.2973600      0.2979100      0.2984800      0.2990500      0.2996400      0.3002300      0.3008400      0.3014500      0.3020700      0.3027000      0.3033300      0.3039700      0.3046100      0.3052600      0.3059100      0.3065600      0.3072100      0.3078600      0.3085200      0.3091700      0.3098200      0.3104800      0.3111300    
  0.2972400      0.2976800      0.2981300      0.2986100      0.2991000      0.2996100      0.3001300      0.3006700      0.3012200      0.3017900      0.3023600      0.3029500      0.3035400      0.3041500      0.3047600      0.3053700      0.3060000      0.3066300      0.3072600      0.3079000      0.3085400      0.3091800      0.3098200      0.3104700      0.3111100      0.3117600      0.3124000      0.3130500      0.3136900      0.3143300    
  0.3005500      0.3009900      0.3014500      0.3019300      0.3024200      0.3029300      0.3034600      0.3040000      0.3045500      0.3051100      0.3056900      0.3062700      0.3068700      0.3074700      0.3080800      0.3086900      0.3093100      0.3099400      0.3105600      0.3112000      0.3118300      0.3124600      0.3131000      0.3137400      0.3143800      0.3150100      0.3156500      0.3162800      0.3169200      0.3175500    
  0.3038700      0.3043100      0.3047800      0.3052600      0.3057600      0.3062700      0.3068000      0.3073400      0.3078900      0.3084600      0.3090300      0.3096100      0.3102100      0.3108100      0.3114100      0.3120200      0.3126400      0.3132600      0.3138800      0.3145100      0.3151400      0.3157700      0.3164000      0.3170300      0.3176600      0.3182800      0.3189100      0.3195400      0.3201600      0.3207800    
  0.3072000      0.3076500      0.3081200      0.3086100      0.3091100      0.3096200      0.3101500      0.3106900      0.3112500      0.3118100      0.3123900      0.3129700      0.3135600      0.3141600      0.3147600      0.3153700      0.3159800      0.3166000      0.3172200      0.3178400      0.3184600      0.3190900      0.3197100      0.3203300      0.3209500      0.3215700      0.3221900      0.3228000      0.3234200      0.3240300    
  0.3105500      0.3110100      0.3114800      0.3119700      0.3124700      0.3129900      0.3135200      0.3140600      0.3146200      0.3151800      0.3157600      0.3163400      0.3169300      0.3175300      0.3181300      0.3187300      0.3193400      0.3199500      0.3205700      0.3211800      0.3218000      0.3224200      0.3230300      0.3236500      0.3242600      0.3248700      0.3254800      0.3260800      0.3266800      0.3272800    
  0.3105600      0.3110130      0.3124500      0.3153400      0.3158400      0.3163600      0.3169000      0.3174400      0.3180000      0.3185600      0.3191400      0.3197200      0.3203100      0.3209000      0.3215000      0.3221100      0.3227100      0.3233200      0.3239300      0.3245400      0.3251500      0.3257600      0.3263700      0.3269700      0.3275800      0.3281800      0.3287800      0.3293700      0.3299700      0.3305500    
  0.3105660      0.3123410      0.3153400      0.3182580      0.3192300      0.3197500      0.3202900      0.3208300      0.3213900      0.3219600      0.3225300      0.3231100      0.3237000      0.3242900      0.3248900      0.3254900      0.3260900      0.3267000      0.3273000      0.3279100      0.3285100      0.3291200      0.3297200      0.3303200      0.3309100      0.3315000      0.3320900      0.3326800      0.3332600      0.3338300    
  0.3120940      0.3153400      0.3192860      0.3209250      0.3226200      0.3231500      0.3236900      0.3242400      0.3247900      0.3253600      0.3259400      0.3265200      0.3271000      0.3277000      0.3282900      0.3288900      0.3294900      0.3300900      0.3306900      0.3312900      0.3318900      0.3324800      0.3330800      0.3336700      0.3342500      0.3348400      0.3354200      0.3359900      0.3365600      0.3371300    
  0.3153400      0.3197550      0.3217730      0.3226200      0.3241100      0.3265600      0.3271000      0.3276500      0.3282100      0.3287700      0.3293500      0.3299300      0.3305200      0.3311100      0.3317000      0.3322900      0.3328900      0.3334900      0.3340800      0.3346800      0.3352700      0.3358600      0.3364500      0.3370300      0.3376100      0.3381800      0.3387500      0.3393100      0.3398700      0.3404300    
  0.3199780      0.3221960      0.3226200      0.3244300      0.3265600      0.3280570      0.3305100      0.3310700      0.3316300      0.3322000      0.3327700      0.3333500      0.3339400      0.3345300      0.3351200      0.3357100      0.3363000      0.3369000      0.3374900      0.3380800      0.3386600      0.3392500      0.3398200      0.3404000      0.3409700      0.3415300      0.3420900      0.3426500      0.3431900      0.3437400    
  0.3224080      0.3226200      0.3245370      0.3265600      0.3283760      0.3305100      0.3307900      0.3310700      0.3326300      0.3356200      0.3362000      0.3367800      0.3373700      0.3379500      0.3385400      0.3391300      0.3397200      0.3403100      0.3409000      0.3414800      0.3420600      0.3426400      0.3432100      0.3437800      0.3443400      0.3448900      0.3454400      0.3459900      0.3465200      0.3470500    
  0.3226200      0.3245720      0.3265600      0.3284820      0.3305100      0.3306500      0.3307900      0.3325270      0.3356200      0.3359100      0.3384960      0.3402200      0.3408000      0.3413900      0.3419800      0.3425600      0.3431500      0.3437400      0.3443200      0.3449000      0.3454700      0.3460400      0.3466100      0.3471600      0.3477200      0.3482600      0.3488000      0.3493300      0.3498600      0.3503800    
  0.3245840      0.3265600      0.3285170      0.3305100      0.3305800      0.3306500      0.3323970      0.3356200      0.3357650      0.3391250      0.3419400      0.3436600      0.3442400      0.3448300      0.3454100      0.3460000      0.3465800      0.3471700      0.3477400      0.3483200      0.3488900      0.3494500      0.3500100      0.3505600      0.3511000      0.3516400      0.3521600      0.3526900      0.3532000      0.3537000    
  0.3265600      0.3285290      0.3305100      0.3305450      0.3305800      0.3323120      0.3356200      0.3356920      0.3393940      0.3428000      0.3436600      0.3439500      0.3452500      0.3482700      0.3488600      0.3494400      0.3500200      0.3506000      0.3511700      0.3517400      0.3523100      0.3528600      0.3534100      0.3539500      0.3544900      0.3550200      0.3555300      0.3560400      0.3565500      0.3570400    
  0.3285330      0.3305100      0.3305270      0.3305450      0.3322640      0.3356200      0.3356560      0.3395190      0.3432300      0.3436600      0.3438050      0.3452820      0.3482700      0.3485650      0.3488570      0.3494400      0.3500200      0.3505970      0.3534580      0.3551700      0.3557300      0.3562800      0.3568200      0.3573600      0.3578800      0.3584000      0.3589100      0.3594100      0.3599000      0.3603800    
  0.3305100      0.3305190      0.3305270      0.3322390      0.3356200      0.3356380      0.3395800      0.3434450      0.3436600      0.3437330      0.3452540      0.3482700      0.3484170      0.3485640      0.3489540      0.3494390      0.3500190      0.3539150      0.3568900      0.3586100      0.3591600      0.3597000      0.3602400      0.3607600      0.3612800      0.3617900      0.3622800      0.3627700      0.3632500      0.3637200    
  0.3305140      0.3305190      0.3322260      0.3356200      0.3356290      0.3396100      0.3435530      0.3436600      0.3436960      0.3452290      0.3482700      0.3483440      0.3484170      0.3486450      0.3489860      0.3494710      0.3539470      0.3577500      0.3586100      0.3601200      0.3625900      0.3631300      0.3636500      0.3641700      0.3646800      0.3651800      0.3656600      0.3661400      0.3666000      0.3670600    
  0.3305140      0.3322200      0.3356200      0.3356250      0.3396250      0.3436060      0.3436600      0.3436780      0.3452140      0.3482700      0.3483070      0.3483440      0.3484690      0.3486830      0.3490340      0.3559010      0.3581800      0.3586100      0.3639800      0.3660200      0.3663400      0.3665500      0.3670700      0.3675800      0.3680800      0.3685700      0.3690400      0.3695100      0.3699600      0.3704000    
  0.3322170      0.3356200      0.3356220      0.3396330      0.3436330      0.3436600      0.3436690      0.3452050      0.3482700      0.3482880      0.3483070      0.3483730      0.3484980      0.3579340      0.3645110      0.3689200      0.3689200      0.3693860      0.3700260      0.3711700      0.3694500      0.3699800      0.3704900      0.3709900      0.3714800      0.3719600      0.3724200      0.3728800      0.3733200      0.3737500    
  0.3356200      0.3356210      0.3396360      0.3436470      0.3436600      0.3436650      0.3452010      0.3482700      0.3482790      0.3482880      0.3483230      0.3483930      0.3652450      0.3856570      0.3855500      0.3789790      0.3796590      0.3792300      0.3750830      0.3728870      0.3728900      0.3734000      0.3739100      0.3744000      0.3748800      0.3753500      0.3758000      0.3762400      0.3766700      0.3770900    
  0.3356210      0.3396380      0.3436530      0.3436600      0.3436620      0.3451990      0.3482700      0.3482750      0.3482790      0.3482970      0.3671050      0.3952600      0.3889470      0.3857640      0.3857640      0.3855500      0.3817860      0.3800870      0.3792300      0.3770450      0.3763200      0.3768300      0.3773300      0.3778100      0.3782800      0.3787400      0.3791800      0.3796100      0.3800300      0.3804300    
  0.3396390      0.3436570      0.3436600      0.3436610      0.3451980      0.3482700      0.3482720      0.3482750      0.3482840      0.3708400      0.3952600      0.3952600      0.3952600      0.3891050      0.3859780      0.3859790      0.3855500      0.3822760      0.3809450      0.3792300      0.3797400      0.3802500      0.3807400      0.3812200      0.3816800      0.3821200      0.3825600      0.3829700      0.3833700      0.3837600    
  0.3436580      0.3436600      0.3436610      0.3451970      0.3482700      0.3482710      0.3482720      0.3640950      0.3791550      0.3952690      0.3952600      0.3952600      0.3952600      0.3952600      0.3894160      0.3864070      0.3864070      0.3855500      0.3833800      0.3826600      0.3831700      0.3836700      0.3841500      0.3846200      0.3850700      0.3855100      0.3859300      0.3863300      0.3867200      0.3871000    
  0.3436600      0.3436600      0.3451970      0.3482700      0.3482710      0.3746840      0.4143000      0.4129250      0.4115500      0.4007150      0.3952880      0.3952600      0.3952600      0.3952600      0.3952600      0.3900200      0.3872630      0.3872650      0.3855500      0.3860800      0.3865900      0.3870800      0.3875600      0.3880200      0.3884600      0.3888800      0.3892900      0.3896800      0.3900600      0.3904200    
  0.3436600      0.3451970      0.3482700      0.3482700      0.3799700      0.4143060      0.4143060      0.4143000      0.4129250      0.4115500      0.4007630      0.3953430      0.3952600      0.3952600      0.3952600      0.3952600      0.3911510      0.3889730      0.3889800      0.3895000      0.3900000      0.3904900      0.3909600      0.3914100      0.3918400      0.3922500      0.3926500      0.3930300      0.3933900      0.3937400    
