iMOD/TUTORIALS/TUT_MetaswapAnalyser/model_MetaSWAP/meteo/Evaporation/Evaporation_20060109_L1.ASC
NCOLS                30
NROWS                30
XLLCORNER     160000.00
YLLCORNER     340000.00
CELLSIZE        1000.00
NODATA_VALUE   -9999.00
  0.4847600      0.4838200      0.4828800      0.4819300      0.4809900      0.4800500      0.4791000      0.4781600      0.4772100      0.4762500      0.4753000      0.4743300      0.4733600      0.4723800      0.4714000      0.4704000      0.4694000      0.4683900      0.4673700      0.4663400      0.4653000      0.4642400      0.4631800      0.4621100      0.4610200      0.4599200      0.4588200      0.4576900      0.4565600      0.4554200    
  0.4863300      0.4853900      0.4844400      0.4835000      0.4825600      0.4816200      0.4806700      0.4797300      0.4787800      0.4778200      0.4768700      0.4759000      0.4749300      0.4739500      0.4729700      0.4719800      0.4709700      0.4699600      0.4689400      0.4679100      0.4668700      0.4658200      0.4647600      0.4636900      0.4626100      0.4615100      0.4604000      0.4592900      0.4581600      0.4570100    
  0.4879000      0.4869600      0.4860200      0.4850800      0.4841400      0.4832000      0.4822500      0.4813100      0.4803600      0.4794000      0.4784500      0.4774800      0.4765100      0.4755300      0.4745500      0.4735600      0.4725600      0.4715500      0.4705300      0.4695000      0.4684600      0.4674100      0.4663500      0.4652800      0.4642000      0.4631100      0.4620000      0.4608900      0.4597600      0.4586200    
  0.4894900      0.4885500      0.4876100      0.4866700      0.4857300      0.4847900      0.4838400      0.4829000      0.4819500      0.4809900      0.4800300      0.4790700      0.4781000      0.4771200      0.4761400      0.4751500      0.4741500      0.4731400      0.4721200      0.4710900      0.4700600      0.4690100      0.4679500      0.4668800      0.4658000      0.4647100      0.4636100      0.4624900      0.4613700      0.4602300    
  0.4910800      0.4901400      0.4892000      0.4882600      0.4873200      0.4863800      0.4854400      0.4844900      0.4835400      0.4825900      0.4816300      0.4806700      0.4797000      0.4787200      0.4777400      0.4767500      0.4757500      0.4747400      0.4737200      0.4727000      0.4716600      0.4706100      0.4695600      0.4684900      0.4674100      0.4663200      0.4652200      0.4641100      0.4629800      0.4618500    
  0.4926700      0.4917400      0.4908000      0.4898600      0.4889200      0.4879800      0.4870400      0.4861000      0.4851500      0.4842000      0.4832400      0.4822700      0.4813100      0.4803300      0.4793500      0.4783600      0.4773600      0.4763500      0.4753300      0.4743100      0.4732700      0.4722300      0.4711700      0.4701000      0.4690300      0.4679400      0.4668400      0.4657300      0.4646100      0.4634700    
  0.4942800      0.4933400      0.4924100      0.4914700      0.4905300      0.4895900      0.4886500      0.4877100      0.4867600      0.4858100      0.4848500      0.4838900      0.4829200      0.4819400      0.4809600      0.4799700      0.4789700      0.4779700      0.4769500      0.4759300      0.4748900      0.4738500      0.4727900      0.4717300      0.4706500      0.4695700      0.4684700      0.4673600      0.4662400      0.4651100    
  0.4958900      0.4949500      0.4940200      0.4930900      0.4921500      0.4912100      0.4902700      0.4893300      0.4883800      0.4874300      0.4864700      0.4855100      0.4845400      0.4835700      0.4825900      0.4816000      0.4806000      0.4795900      0.4785800      0.4775500      0.4765200      0.4754800      0.4744200      0.4733600      0.4722800      0.4712000      0.4701000      0.4689900      0.4678800      0.4667500    
  0.4975000      0.4965700      0.4956400      0.4947100      0.4937700      0.4928400      0.4919000      0.4909500      0.4900100      0.4890600      0.4881000      0.4871400      0.4861700      0.4852000      0.4842200      0.4832300      0.4822300      0.4812200      0.4802100      0.4791900      0.4781500      0.4771100      0.4760600      0.4750000      0.4739200      0.4728400      0.4717400      0.4706400      0.4695200      0.4683900    
  0.4991200      0.4982000      0.4972700      0.4963400      0.4954000      0.4944700      0.4935300      0.4925900      0.4916400      0.4906900      0.4897400      0.4887700      0.4878100      0.4868300      0.4858500      0.4848600      0.4838700      0.4828600      0.4818500      0.4808300      0.4798000      0.4787500      0.4777000      0.4766400      0.4755700      0.4744900      0.4733900      0.4722900      0.4711700      0.4700400    
  0.4991230      0.4981970      0.4974450      0.4979700      0.4970400      0.4961000      0.4951700      0.4942300      0.4932800      0.4923300      0.4913800      0.4904200      0.4894500      0.4884800      0.4875000      0.4865100      0.4855100      0.4845100      0.4835000      0.4824800      0.4814400      0.4804000      0.4793500      0.4782900      0.4772200      0.4761400      0.4750500      0.4739400      0.4728300      0.4717000    
  0.4991230      0.4981840      0.4979700      0.4985020      0.4986800      0.4977400      0.4968100      0.4958700      0.4949300      0.4939800      0.4930200      0.4920600      0.4911000      0.4901300      0.4891500      0.4881600      0.4871700      0.4861600      0.4851500      0.4841300      0.4831000      0.4820600      0.4810100      0.4799500      0.4788800      0.4778000      0.4767100      0.4756000      0.4744900      0.4733600    
  0.4988320      0.4979700      0.4990730      0.4995000      0.5003200      0.4993900      0.4984600      0.4975200      0.4965800      0.4956300      0.4946800      0.4937200      0.4927500      0.4917800      0.4908000      0.4898200      0.4888200      0.4878200      0.4868100      0.4857900      0.4847600      0.4837200      0.4826700      0.4816100      0.4805400      0.4794600      0.4783700      0.4772700      0.4761600      0.4750300    
  0.4979700      0.4993180      0.4999100      0.5003200      0.5002500      0.5010400      0.5001100      0.4991700      0.4982300      0.4972900      0.4963400      0.4953800      0.4944100      0.4934400      0.4924700      0.4914800      0.4904900      0.4894900      0.4884800      0.4874600      0.4864300      0.4853900      0.4843400      0.4832800      0.4822100      0.4811300      0.4800400      0.4789400      0.4778300      0.4767100    
  0.4994310      0.5001150      0.5003200      0.5005370      0.5010400      0.5009730      0.5017700      0.5008300      0.4998900      0.4989500      0.4980000      0.4970400      0.4960800      0.4951100      0.4941300      0.4931500      0.4921600      0.4911600      0.4901500      0.4891300      0.4881000      0.4870600      0.4860100      0.4849600      0.4838900      0.4828100      0.4817200      0.4806200      0.4795100      0.4783900    
  0.5002180      0.5003200      0.5006320      0.5010400      0.5012610      0.5017700      0.5013000      0.5008300      0.5000720      0.5006200      0.4996700      0.4987100      0.4977500      0.4967800      0.4958100      0.4948200      0.4938300      0.4928300      0.4918200      0.4908000      0.4897800      0.4887400      0.4876900      0.4866400      0.4855700      0.4844900      0.4834000      0.4823000      0.4811900      0.4800700    
  0.5003200      0.5006640      0.5010400      0.5013570      0.5017700      0.5015350      0.5013000      0.5007060      0.5006200      0.5001450      0.5002900      0.5003900      0.4994300      0.4984600      0.4974800      0.4965000      0.4955100      0.4945100      0.4935000      0.4924900      0.4914600      0.4904200      0.4893800      0.4883200      0.4872500      0.4861800      0.4850900      0.4839900      0.4828800      0.4817600    
  0.5006750      0.5010400      0.5013890      0.5017700      0.5016520      0.5015350      0.5010400      0.5006200      0.5003830      0.5008680      0.5012250      0.5020600      0.5011100      0.5001400      0.4991700      0.4981800      0.4971900      0.4962000      0.4951900      0.4941700      0.4931500      0.4921100      0.4910700      0.4900100      0.4889400      0.4878700      0.4867800      0.4856800      0.4845700      0.4834500    
  0.5010400      0.5014000      0.5017700      0.5017110      0.5016520      0.5012120      0.5006200      0.5005010      0.5011150      0.5016420      0.5020600      0.5015850      0.5012830      0.5018200      0.5008500      0.4998700      0.4988800      0.4978900      0.4968800      0.4958600      0.4948400      0.4938000      0.4927600      0.4917000      0.4906400      0.4895600      0.4884700      0.4873800      0.4862700      0.4851500    
  0.5014030      0.5017700      0.5017410      0.5017110      0.5012990      0.5006200      0.5005610      0.5012290      0.5018510      0.5020600      0.5018220      0.5016870      0.5018200      0.5013350      0.5008470      0.4998670      0.4988800      0.4978830      0.4974900      0.4975600      0.4965300      0.4955000      0.4944600      0.4934000      0.4923400      0.4912600      0.4901700      0.4890800      0.4879700      0.4868500    
  0.5017700      0.5017550      0.5017410      0.5013430      0.5006200      0.5005900      0.5012850      0.5019560      0.5020600      0.5019410      0.5018470      0.5018200      0.5015770      0.5013340      0.5006830      0.4998640      0.4988770      0.4983850      0.4984100      0.4992600      0.4982300      0.4972000      0.4961600      0.4951000      0.4940400      0.4929600      0.4918800      0.4907800      0.4896700      0.4885600    
  0.5017630      0.5017550      0.5013650      0.5006200      0.5006050      0.5013130      0.5020080      0.5020600      0.5020010      0.5019170      0.5018200      0.5016990      0.5015770      0.5011980      0.5006270      0.4998080      0.4990440      0.4988350      0.4992600      0.4991430      0.4999400      0.4989000      0.4978600      0.4968100      0.4957400      0.4946700      0.4935800      0.4924900      0.4913800      0.4902600    
  0.5017630      0.5013760      0.5006200      0.5006130      0.5013260      0.5020340      0.5020600      0.5020300      0.5019490      0.5018200      0.5017590      0.5016990      0.5014910      0.5011340      0.5005440      0.5005820      0.4990480      0.4992600      0.5010630      0.5016450      0.5010240      0.5006100      0.4995700      0.4985200      0.4974500      0.4963800      0.4952900      0.4942000      0.4930900      0.4919700    
  0.5013810      0.5006200      0.5006160      0.5013330      0.5020470      0.5020600      0.5020450      0.5019650      0.5018200      0.5017900      0.5017590      0.5016500      0.5014410      0.5042800      0.5050690      0.5043860      0.5043850      0.5040060      0.5036380      0.5042050      0.5033500      0.5023200      0.5012800      0.5002300      0.4991600      0.4980900      0.4970100      0.4959100      0.4948000      0.4936900    
  0.5006200      0.5006180      0.5013370      0.5020530      0.5020600      0.5020530      0.5019730      0.5018200      0.5018050      0.5017900      0.5017330      0.5016170      0.5070860      0.5140040      0.5139500      0.5098170      0.5097250      0.5095100      0.5065600      0.5050630      0.5050600      0.5040300      0.5029900      0.5019400      0.5008800      0.4998100      0.4987200      0.4976300      0.4965200      0.4954000    
  0.5006190      0.5013380      0.5020570      0.5020600      0.5020560      0.5019760      0.5018200      0.5018120      0.5018050      0.5017760      0.5090680      0.5201000      0.5160800      0.5140580      0.5140580      0.5139500      0.5112090      0.5099400      0.5095100      0.5074600      0.5067800      0.5057500      0.5047100      0.5036600      0.5026000      0.5015200      0.5004400      0.4993400      0.4982400      0.4971200    
  0.5013390      0.5020580      0.5020600      0.5020580      0.5019780      0.5018200      0.5018160      0.5018120      0.5017980      0.5105700      0.5201000      0.5201000      0.5201000      0.5161590      0.5141650      0.5141650      0.5139500      0.5114350      0.5103700      0.5095100      0.5084900      0.5074700      0.5064300      0.5053800      0.5043100      0.5032400      0.5021600      0.5010600      0.4999600      0.4988400    
  0.5020590      0.5020600      0.5020590      0.5019790      0.5018200      0.5018180      0.5018160      0.5087690      0.5145380      0.5201050      0.5201000      0.5201000      0.5201000      0.5201000      0.5163150      0.5143800      0.5143800      0.5139500      0.5119100      0.5112300      0.5102100      0.5091800      0.5081500      0.5071000      0.5060400      0.5049600      0.5038800      0.5027800      0.5016800      0.5005600    
  0.5020600      0.5020600      0.5019800      0.5018200      0.5018190      0.5140200      0.5323200      0.5309850      0.5296500      0.5232960      0.5201140      0.5201000      0.5201000      0.5201000      0.5201000      0.5166130      0.5148100      0.5148100      0.5139500      0.5129500      0.5119300      0.5109100      0.5098700      0.5088200      0.5077600      0.5066900      0.5056000      0.5045100      0.5034000      0.5022800    
  0.5020600      0.5019800      0.5018200      0.5018200      0.5164620      0.5323230      0.5323230      0.5323200      0.5309850      0.5296500      0.5233210      0.5201420      0.5201000      0.5201000      0.5201000      0.5201000      0.5171620      0.5156700      0.5156700      0.5146700      0.5136500      0.5126300      0.5115900      0.5105400      0.5094800      0.5084100      0.5073300      0.5062300      0.5051200      0.5040100    
