iMOD/TUTORIALS/TUT_MetaswapAnalyser/model_MetaSWAP/meteo/Evaporation/Evaporation_20060414_L1.ASC
NCOLS                30
NROWS                30
XLLCORNER     160000.00
YLLCORNER     340000.00
CELLSIZE        1000.00
NODATA_VALUE   -9999.00
   1.487030       1.484420       1.481800       1.479180       1.476560       1.473940       1.471320       1.468710       1.466100       1.463510       1.460920       1.458340       1.455780       1.453240       1.450710       1.448190       1.445700       1.443230       1.440770       1.438340       1.435930       1.433540       1.431180       1.428840       1.426520       1.424230       1.421960       1.419720       1.417500       1.415300    
   1.483620       1.481060       1.478500       1.475930       1.473360       1.470790       1.468220       1.465650       1.463090       1.460540       1.457990       1.455460       1.452940       1.450430       1.447940       1.445460       1.443000       1.440550       1.438120       1.435720       1.433330       1.430960       1.428620       1.426300       1.423990       1.421710       1.419460       1.417220       1.415010       1.412820    
   1.480220       1.477720       1.475200       1.472680       1.470160       1.467640       1.465120       1.462600       1.460090       1.457580       1.455080       1.452580       1.450100       1.447630       1.445170       1.442720       1.440290       1.437880       1.435480       1.433100       1.430730       1.428390       1.426060       1.423760       1.421470       1.419200       1.416960       1.414730       1.412520       1.410340    
   1.476840       1.474380       1.471910       1.469450       1.466970       1.464500       1.462030       1.459550       1.457080       1.454620       1.452160       1.449710       1.447260       1.444830       1.442400       1.439990       1.437590       1.435210       1.432840       1.430480       1.428140       1.425820       1.423510       1.421220       1.418950       1.416690       1.414460       1.412240       1.410040       1.407860    
   1.473450       1.471050       1.468630       1.466220       1.463790       1.461370       1.458940       1.456510       1.454090       1.451670       1.449250       1.446840       1.444430       1.442030       1.439640       1.437260       1.434900       1.432540       1.430200       1.427860       1.425550       1.423240       1.420960       1.418680       1.416430       1.414190       1.411960       1.409750       1.407560       1.405390    
   1.470080       1.467720       1.465360       1.462990       1.460620       1.458240       1.455860       1.453480       1.451090       1.448720       1.446340       1.443970       1.441600       1.439240       1.436880       1.434540       1.432200       1.429870       1.427550       1.425250       1.422950       1.420670       1.418400       1.416150       1.413910       1.411680       1.409460       1.407270       1.405080       1.402910    
   1.466720       1.464410       1.462090       1.459770       1.457440       1.455110       1.452780       1.450440       1.448100       1.445770       1.443430       1.441100       1.438770       1.436440       1.434120       1.431810       1.429500       1.427200       1.424910       1.422630       1.420360       1.418100       1.415850       1.413610       1.411380       1.409170       1.406970       1.404780       1.402600       1.400440    
   1.463360       1.461100       1.458830       1.456560       1.454280       1.451990       1.449700       1.447410       1.445120       1.442820       1.440520       1.438230       1.435940       1.433650       1.431360       1.429080       1.426800       1.424530       1.422270       1.420010       1.417770       1.415530       1.413290       1.411070       1.408860       1.406660       1.404470       1.402290       1.400120       1.397960    
   1.460000       1.457790       1.455570       1.453350       1.451110       1.448870       1.446630       1.444380       1.442130       1.439870       1.437620       1.435360       1.433110       1.430850       1.428600       1.426350       1.424110       1.421860       1.419630       1.417390       1.415170       1.412950       1.410740       1.408530       1.406330       1.404150       1.401960       1.399790       1.397630       1.395480    
   1.456650       1.454490       1.452320       1.450140       1.447950       1.445760       1.443560       1.441350       1.439140       1.436930       1.434710       1.432490       1.430280       1.428060       1.425840       1.423620       1.421400       1.419190       1.416980       1.414770       1.412570       1.410370       1.408180       1.405990       1.403810       1.401630       1.399460       1.397300       1.395140       1.393000    
   1.456650       1.454490       1.450970       1.446930       1.444790       1.442640       1.440480       1.438320       1.436150       1.433980       1.431800       1.429620       1.427440       1.425260       1.423070       1.420890       1.418700       1.416520       1.414330       1.412150       1.409970       1.407790       1.405610       1.403440       1.401270       1.399110       1.396950       1.394800       1.392650       1.390510    
   1.456640       1.452260       1.446930       1.442960       1.441630       1.439520       1.437410       1.435290       1.433160       1.431030       1.428890       1.426750       1.424610       1.422460       1.420300       1.418150       1.415990       1.413840       1.411680       1.409520       1.407360       1.405200       1.403040       1.400890       1.398730       1.396580       1.394440       1.392290       1.390150       1.388020    
   1.453660       1.446930       1.442100       1.440050       1.438470       1.436410       1.434340       1.432260       1.430170       1.428080       1.425980       1.423880       1.421770       1.419650       1.417530       1.415410       1.413280       1.411150       1.409020       1.406880       1.404750       1.402610       1.400470       1.398330       1.396190       1.394050       1.391910       1.389780       1.387650       1.385520    
   1.446930       1.441690       1.439260       1.438470       1.436060       1.433290       1.431260       1.429220       1.427180       1.425130       1.423070       1.421000       1.418920       1.416840       1.414760       1.412660       1.410560       1.408460       1.406350       1.404240       1.402130       1.400010       1.397890       1.395760       1.393640       1.391510       1.389390       1.387260       1.385130       1.383010    
   1.441490       1.438860       1.438470       1.435940       1.433290       1.430910       1.428180       1.426190       1.424180       1.422170       1.420140       1.418110       1.416070       1.414030       1.411970       1.409910       1.407840       1.405770       1.403680       1.401600       1.399500       1.397400       1.395300       1.393190       1.391080       1.388970       1.386850       1.384730       1.382610       1.380490    
   1.438670       1.438470       1.435900       1.433290       1.430790       1.428180       1.427190       1.426180       1.422940       1.419200       1.417220       1.415220       1.413220       1.411210       1.409180       1.407150       1.405110       1.403060       1.401010       1.398940       1.396870       1.394790       1.392700       1.390610       1.388520       1.386410       1.384310       1.382200       1.380080       1.377970    
   1.438470       1.435890       1.433290       1.430750       1.428180       1.427680       1.427180       1.423880       1.419200       1.418210       1.414680       1.412330       1.410360       1.408380       1.406390       1.404380       1.402370       1.400350       1.398320       1.396280       1.394230       1.392170       1.390100       1.388020       1.385940       1.383850       1.381750       1.379650       1.377540       1.375430    
   1.435880       1.433290       1.430740       1.428180       1.427930       1.427680       1.424490       1.419200       1.418700       1.414480       1.410880       1.409420       1.407490       1.405540       1.403580       1.401610       1.399630       1.397630       1.395620       1.393610       1.391580       1.389540       1.387480       1.385420       1.383350       1.381270       1.379190       1.377090       1.374990       1.372890    
   1.433290       1.430740       1.428180       1.428060       1.427930       1.424820       1.419200       1.418950       1.414390       1.410150       1.409420       1.408460       1.406290       1.402690       1.400770       1.398820       1.396870       1.394900       1.392920       1.390920       1.388910       1.386890       1.384860       1.382810       1.380760       1.378690       1.376610       1.374520       1.372430       1.370330    
   1.430740       1.428180       1.428120       1.428060       1.425000       1.419200       1.419080       1.414350       1.409780       1.409420       1.408940       1.406710       1.402690       1.401730       1.400760       1.398820       1.396860       1.394900       1.390500       1.388230       1.386240       1.384240       1.382220       1.380190       1.378150       1.376090       1.374020       1.371940       1.369850       1.367750    
   1.428180       1.428150       1.428120       1.425090       1.419200       1.419140       1.414330       1.409600       1.409420       1.409180       1.406940       1.402690       1.402210       1.401730       1.400440       1.398810       1.396860       1.390930       1.386870       1.385520       1.383550       1.381570       1.379570       1.377550       1.375520       1.373480       1.371420       1.369340       1.367260       1.365170    
   1.428160       1.428150       1.425140       1.419200       1.419170       1.414320       1.409510       1.409420       1.409300       1.407060       1.402690       1.402450       1.402210       1.401460       1.400330       1.398700       1.391660       1.386200       1.385520       1.383310       1.380860       1.378890       1.376910       1.374900       1.372890       1.370850       1.368800       1.366730       1.364650       1.362560    
   1.428160       1.425160       1.419200       1.419180       1.414310       1.409470       1.409420       1.409360       1.407120       1.402690       1.402570       1.402450       1.402040       1.401330       1.400160       1.390760       1.385860       1.385520       1.380250       1.378130       1.376970       1.376190       1.374230       1.372240       1.370230       1.368210       1.366160       1.364100       1.362030       1.359940    
   1.425170       1.419200       1.419190       1.414310       1.409440       1.409420       1.409390       1.407150       1.402690       1.402630       1.402570       1.402350       1.401940       1.392150       1.384020       1.377240       1.377240       1.376200       1.374950       1.374040       1.375410       1.373480       1.371530       1.369560       1.367560       1.365550       1.363510       1.361460       1.359390       1.357300    
   1.419200       1.419200       1.414310       1.409430       1.409420       1.409400       1.407160       1.402690       1.402660       1.402630       1.402520       1.402290       1.385260       1.364980       1.365070       1.369560       1.368620       1.368970       1.371330       1.372660       1.372670       1.370750       1.368820       1.366860       1.364880       1.362870       1.360840       1.358800       1.356730       1.354640    
   1.419200       1.414310       1.409430       1.409420       1.409410       1.407170       1.402690       1.402680       1.402660       1.402600       1.384690       1.358000       1.362580       1.364890       1.364890       1.365070       1.367290       1.368260       1.368970       1.369670       1.369900       1.368010       1.366090       1.364140       1.362170       1.360170       1.358150       1.356110       1.354050       1.351970    
   1.414310       1.409420       1.409420       1.409420       1.407170       1.402690       1.402680       1.402680       1.402650       1.381190       1.358000       1.358000       1.358000       1.362440       1.364710       1.364710       1.365070       1.366870       1.367560       1.368970       1.367120       1.365240       1.363340       1.361400       1.359440       1.357460       1.355440       1.353410       1.351350       1.349260    
   1.409420       1.409420       1.409420       1.407170       1.402690       1.402690       1.402680       1.388050       1.373680       1.357990       1.358000       1.358000       1.358000       1.358000       1.362180       1.364350       1.364350       1.365070       1.365870       1.366140       1.364320       1.362460       1.360570       1.358650       1.356700       1.354720       1.352710       1.350680       1.348620       1.346540    
   1.409420       1.409420       1.407180       1.402690       1.402690       1.378590       1.342440       1.343320       1.344210       1.353380       1.357980       1.358000       1.358000       1.358000       1.358000       1.361660       1.363620       1.363630       1.365070       1.363300       1.361490       1.359650       1.357770       1.355870       1.353930       1.351950       1.349950       1.347920       1.345870       1.343790    
   1.409420       1.407180       1.402690       1.402690       1.373760       1.342430       1.342430       1.342440       1.343320       1.344210       1.353340       1.357920       1.358000       1.358000       1.358000       1.358000       1.360690       1.362170       1.362180       1.360430       1.358640       1.356820       1.354960       1.353060       1.351130       1.349170       1.347170       1.345150       1.343090       1.341010    
