iMOD/TUTORIALS/TUT_MetaswapAnalyser/model_MetaSWAP/meteo/Evaporation/Evaporation_20050419_L1.ASC
NCOLS                30
NROWS                30
XLLCORNER     160000.00
YLLCORNER     340000.00
CELLSIZE        1000.00
NODATA_VALUE   -9999.00
  0.5858000      0.5847300      0.5837000      0.5826900      0.5817100      0.5807500      0.5798000      0.5788500      0.5779100      0.5769700      0.5760200      0.5750600      0.5740800      0.5730900      0.5720700      0.5710300      0.5699600      0.5688500      0.5677100      0.5665400      0.5653200      0.5640600      0.5627600      0.5614100      0.5600200      0.5585800      0.5570900      0.5555400      0.5539500      0.5523100    
  0.5851000      0.5840000      0.5829300      0.5818900      0.5808800      0.5798800      0.5788900      0.5779200      0.5769400      0.5759700      0.5749900      0.5739900      0.5729900      0.5719700      0.5709200      0.5698500      0.5687600      0.5676300      0.5664700      0.5652700      0.5640400      0.5627600      0.5614400      0.5600800      0.5586700      0.5572200      0.5557200      0.5541600      0.5525600      0.5509100    
  0.5844600      0.5833300      0.5822300      0.5811600      0.5801100      0.5790700      0.5780500      0.5770400      0.5760400      0.5750300      0.5740200      0.5729900      0.5719600      0.5709100      0.5698400      0.5687400      0.5676200      0.5664700      0.5652900      0.5640700      0.5628200      0.5615200      0.5601900      0.5588100      0.5573900      0.5559200      0.5544000      0.5528400      0.5512300      0.5495600    
  0.5838800      0.5827200      0.5815800      0.5804800      0.5793900      0.5783300      0.5772700      0.5762300      0.5751900      0.5741500      0.5731100      0.5720600      0.5709900      0.5699100      0.5688100      0.5676900      0.5665500      0.5653700      0.5641700      0.5629300      0.5616500      0.5603400      0.5589900      0.5575900      0.5561500      0.5546700      0.5531400      0.5515600      0.5499400      0.5482700    
  0.5833500      0.5821600      0.5809900      0.5798600      0.5787400      0.5776400      0.5765500      0.5754800      0.5744000      0.5733300      0.5722600      0.5711800      0.5700800      0.5689800      0.5678500      0.5667000      0.5655300      0.5643300      0.5631000      0.5618400      0.5605500      0.5592100      0.5578400      0.5564300      0.5549700      0.5534800      0.5519300      0.5503400      0.5487100      0.5470200    
  0.5828800      0.5816500      0.5804600      0.5792900      0.5781400      0.5770100      0.5758900      0.5747800      0.5736700      0.5725700      0.5714700      0.5703500      0.5692300      0.5681000      0.5669400      0.5657700      0.5645700      0.5633500      0.5621000      0.5608100      0.5594900      0.5581400      0.5567500      0.5553200      0.5538500      0.5523300      0.5507700      0.5491700      0.5475200      0.5458300    
  0.5824500      0.5812000      0.5799700      0.5787700      0.5775900      0.5764300      0.5752800      0.5741400      0.5730000      0.5718700      0.5707300      0.5695900      0.5684400      0.5672700      0.5660900      0.5648900      0.5636700      0.5624200      0.5611400      0.5598400      0.5585000      0.5571200      0.5557100      0.5542600      0.5527700      0.5512400      0.5496700      0.5480500      0.5463900      0.5446800    
  0.5820700      0.5807900      0.5795300      0.5783000      0.5770900      0.5759000      0.5747200      0.5735400      0.5723800      0.5712100      0.5700500      0.5688800      0.5677000      0.5665000      0.5652900      0.5640700      0.5628200      0.5615400      0.5602400      0.5589100      0.5575500      0.5561600      0.5547300      0.5532600      0.5517500      0.5502000      0.5486100      0.5469800      0.5453000      0.5435800    
  0.5817400      0.5804300      0.5791400      0.5778800      0.5766400      0.5754200      0.5742100      0.5730000      0.5718100      0.5706100      0.5694200      0.5682200      0.5670100      0.5657800      0.5645500      0.5632900      0.5620200      0.5607200      0.5594000      0.5580400      0.5566600      0.5552400      0.5537900      0.5523000      0.5507800      0.5492100      0.5476000      0.5459500      0.5442600      0.5425200    
  0.5814500      0.5801100      0.5788000      0.5775100      0.5762400      0.5749800      0.5737400      0.5725100      0.5712800      0.5700600      0.5688400      0.5676100      0.5663700      0.5651200      0.5638500      0.5625700      0.5612700      0.5599500      0.5586000      0.5572200      0.5558200      0.5543800      0.5529000      0.5514000      0.5498500      0.5482600      0.5466400      0.5449700      0.5432600      0.5415100    
  0.5814600      0.5801200      0.5784000      0.5771800      0.5758800      0.5746000      0.5733300      0.5720600      0.5708100      0.5695600      0.5683000      0.5670400      0.5657800      0.5645000      0.5632100      0.5619000      0.5605700      0.5592300      0.5578500      0.5564500      0.5550200      0.5535600      0.5520700      0.5505400      0.5489700      0.5473700      0.5457200      0.5440400      0.5423100      0.5405500    
  0.5814700      0.5792900      0.5771800      0.5759780      0.5755600      0.5742500      0.5729500      0.5716600      0.5703800      0.5691000      0.5678100      0.5665300      0.5652300      0.5639300      0.5626100      0.5612800      0.5599200      0.5585500      0.5571500      0.5557300      0.5542700      0.5527900      0.5512700      0.5497200      0.5481400      0.5465100      0.5448500      0.5431500      0.5414100      0.5396300    
  0.5801950      0.5771800      0.5759680      0.5754250      0.5752900      0.5739500      0.5726200      0.5713000      0.5699900      0.5686800      0.5673700      0.5660600      0.5647300      0.5634000      0.5620600      0.5607000      0.5593200      0.5579200      0.5565000      0.5550500      0.5535700      0.5520700      0.5505300      0.5489600      0.5473500      0.5457100      0.5440300      0.5423100      0.5405500      0.5387500    
  0.5771800      0.5759490      0.5753580      0.5752900      0.5743100      0.5736900      0.5723300      0.5709900      0.5696500      0.5683100      0.5669700      0.5656300      0.5642800      0.5629200      0.5615500      0.5601600      0.5587600      0.5573300      0.5558900      0.5544100      0.5529100      0.5513900      0.5498300      0.5482300      0.5466000      0.5449400      0.5432400      0.5415000      0.5397200      0.5379100    
  0.5759360      0.5753240      0.5752900      0.5744300      0.5736900      0.5727000      0.5720800      0.5707100      0.5693400      0.5679700      0.5666100      0.5652400      0.5638600      0.5624800      0.5610800      0.5596700      0.5582400      0.5567900      0.5553200      0.5538200      0.5523000      0.5507500      0.5491700      0.5475500      0.5459000      0.5442200      0.5425000      0.5407400      0.5389400      0.5371100    
  0.5753070      0.5752900      0.5744700      0.5736900      0.5728230      0.5720800      0.5713950      0.5707100      0.5689250      0.5676800      0.5662900      0.5648900      0.5634900      0.5620800      0.5606600      0.5592200      0.5577600      0.5562900      0.5547900      0.5532700      0.5517300      0.5501500      0.5485500      0.5469100      0.5452400      0.5435300      0.5417900      0.5400200      0.5382000      0.5363500    
  0.5752900      0.5744830      0.5736900      0.5728640      0.5720800      0.5717380      0.5713950      0.5696780      0.5676800      0.5669850      0.5655500      0.5645800      0.5631500      0.5617200      0.5602700      0.5588100      0.5573300      0.5558300      0.5543100      0.5527600      0.5511900      0.5495900      0.5479700      0.5463100      0.5446200      0.5428900      0.5411300      0.5393300      0.5375000      0.5356200    
  0.5744880      0.5736900      0.5728780      0.5720800      0.5719090      0.5717380      0.5701230      0.5676800      0.5673330      0.5657940      0.5644450      0.5643100      0.5628600      0.5613900      0.5599200      0.5584300      0.5569300      0.5554000      0.5538600      0.5522900      0.5507000      0.5490800      0.5474300      0.5457400      0.5440300      0.5422800      0.5405000      0.5386800      0.5368300      0.5349400    
  0.5736900      0.5728830      0.5720800      0.5719940      0.5719090      0.5703620      0.5676800      0.5675060      0.5658990      0.5643780      0.5643100      0.5635850      0.5624150      0.5611000      0.5596100      0.5580900      0.5565600      0.5550200      0.5534500      0.5518600      0.5502400      0.5486000      0.5469200      0.5452200      0.5434800      0.5417100      0.5399100      0.5380700      0.5362000      0.5342900    
  0.5728840      0.5720800      0.5720370      0.5719940      0.5704860      0.5676800      0.5675930      0.5659480      0.5643440      0.5643100      0.5639480      0.5628530      0.5611000      0.5603550      0.5596000      0.5580870      0.5565570      0.5550100      0.5525760      0.5514600      0.5498200      0.5481500      0.5464500      0.5447300      0.5429700      0.5411800      0.5393600      0.5375000      0.5356000      0.5336700    
  0.5720800      0.5720590      0.5720370      0.5705490      0.5676800      0.5676370      0.5659720      0.5643270      0.5643100      0.5641290      0.5630530      0.5611000      0.5607270      0.5603520      0.5593470      0.5580810      0.5565510      0.5533020      0.5512750      0.5510900      0.5494300      0.5477400      0.5460200      0.5442700      0.5424900      0.5406800      0.5388300      0.5369500      0.5350400      0.5330900    
  0.5720690      0.5720590      0.5705810      0.5676800      0.5676580      0.5659830      0.5643180      0.5643100      0.5642190      0.5631480      0.5611000      0.5609140      0.5607260      0.5601420      0.5592600      0.5579930      0.5540410      0.5511830      0.5510900      0.5498630      0.5490700      0.5473600      0.5456200      0.5438500      0.5420500      0.5402100      0.5383400      0.5364400      0.5345000      0.5325300    
  0.5720690      0.5705970      0.5676800      0.5676690      0.5659890      0.5643140      0.5643100      0.5642650      0.5631940      0.5611000      0.5610070      0.5609130      0.5605940      0.5600430      0.5591320      0.5545490      0.5511360      0.5510900      0.5495110      0.5487650      0.5477200      0.5470100      0.5452500      0.5434600      0.5416300      0.5397700      0.5378800      0.5359600      0.5340000      0.5320100    
  0.5706050      0.5676800      0.5676750      0.5659920      0.5643120      0.5643100      0.5642870      0.5632170      0.5611000      0.5610530      0.5610070      0.5608380      0.5605170      0.5577050      0.5542200      0.5503230      0.5503150      0.5494350      0.5484300      0.5483250      0.5484600      0.5467000      0.5449100      0.5430900      0.5412500      0.5393700      0.5374600      0.5355100      0.5335300      0.5315200    
  0.5676800      0.5676770      0.5659940      0.5643110      0.5643100      0.5642990      0.5632290      0.5611000      0.5610770      0.5610530      0.5609660      0.5607870      0.5562300      0.5510470      0.5510500      0.5502240      0.5495190      0.5495400      0.5486050      0.5482000      0.5481900      0.5464100      0.5446000      0.5427600      0.5408900      0.5389900      0.5370600      0.5350900      0.5330900      0.5310500    
  0.5676790      0.5659940      0.5643110      0.5643100      0.5643040      0.5632340      0.5611000      0.5610880      0.5610770      0.5610320      0.5576210      0.5526500      0.5515790      0.5510440      0.5510440      0.5510500      0.5500120      0.5494970      0.5495400      0.5483550      0.5479500      0.5461500      0.5443200      0.5424500      0.5405600      0.5386400      0.5366800      0.5346900      0.5326700      0.5306100    
  0.5659950      0.5643100      0.5643100      0.5643070      0.5632370      0.5611000      0.5610940      0.5610880      0.5610660      0.5570060      0.5526500      0.5526500      0.5526500      0.5515740      0.5510380      0.5510380      0.5510500      0.5499610      0.5494550      0.5495400      0.5477400      0.5459100      0.5440600      0.5421700      0.5402600      0.5383100      0.5363300      0.5343200      0.5322800      0.5302000    
  0.5643100      0.5643100      0.5643090      0.5632390      0.5611000      0.5610970      0.5610940      0.5594520      0.5566090      0.5526500      0.5526500      0.5526500      0.5526500      0.5526500      0.5515630      0.5510250      0.5510250      0.5510500      0.5497970      0.5493700      0.5475500      0.5457000      0.5438200      0.5419200      0.5399800      0.5380100      0.5360100      0.5339800      0.5319100      0.5298000    
  0.5643100      0.5643090      0.5632390      0.5611000      0.5610990      0.5592660      0.5565200      0.5555400      0.5545600      0.5532870      0.5526500      0.5526500      0.5526500      0.5526500      0.5526500      0.5515390      0.5510010      0.5510000      0.5510500      0.5492300      0.5473800      0.5455100      0.5436100      0.5416900      0.5397300      0.5377300      0.5357100      0.5336500      0.5315600      0.5294400    
  0.5643100      0.5632400      0.5611000      0.5610990      0.5589010      0.5565200      0.5565200      0.5565200      0.5555400      0.5545600      0.5532870      0.5526500      0.5526500      0.5526500      0.5526500      0.5526500      0.5514800      0.5509530      0.5509500      0.5491100      0.5472400      0.5453500      0.5434300      0.5414800      0.5394900      0.5374800      0.5354300      0.5333500      0.5312400      0.5290900    
