iMOD/TUTORIALS/TUT_MetaswapAnalyser/model_MetaSWAP/meteo/Evaporation/Evaporation_20050330_L1.ASC
NCOLS                30
NROWS                30
XLLCORNER     160000.00
YLLCORNER     340000.00
CELLSIZE        1000.00
NODATA_VALUE   -9999.00
   1.074090       1.072410       1.070680       1.068910       1.067100       1.065270       1.063420       1.061560       1.059690       1.057840       1.056000       1.054180       1.052390       1.050630       1.048920       1.047250       1.045640       1.044070       1.042570       1.041140       1.039770       1.038470       1.037250       1.036100       1.035020       1.034030       1.033120       1.032290       1.031550       1.030880    
   1.067130       1.065480       1.063780       1.062040       1.060270       1.058470       1.056650       1.054820       1.053000       1.051170       1.049370       1.047580       1.045820       1.044090       1.042400       1.040750       1.039160       1.037620       1.036140       1.034720       1.033360       1.032080       1.030860       1.029720       1.028660       1.027670       1.026760       1.025940       1.025190       1.024530    
   1.060100       1.058480       1.056810       1.055100       1.053360       1.051590       1.049810       1.048010       1.046220       1.044430       1.042650       1.040890       1.039160       1.037460       1.035800       1.034180       1.032610       1.031090       1.029620       1.028220       1.026880       1.025610       1.024410       1.023280       1.022220       1.021240       1.020340       1.019520       1.018780       1.018110    
   1.053020       1.051420       1.049770       1.048090       1.046380       1.044640       1.042890       1.041130       1.039370       1.037610       1.035860       1.034130       1.032430       1.030760       1.029120       1.027530       1.025980       1.024480       1.023030       1.021650       1.020330       1.019070       1.017880       1.016760       1.015720       1.014750       1.013850       1.013030       1.012300       1.011640    
   1.045870       1.044290       1.042670       1.041020       1.039330       1.037630       1.035910       1.034180       1.032440       1.030720       1.029000       1.027300       1.025630       1.023980       1.022370       1.020800       1.019270       1.017800       1.016370       1.015010       1.013700       1.012460       1.011290       1.010180       1.009150       1.008180       1.007300       1.006490       1.005760       1.005100    
   1.038660       1.037110       1.035510       1.033880       1.032230       1.030550       1.028860       1.027160       1.025450       1.023760       1.022070       1.020400       1.018750       1.017130       1.015550       1.014000       1.012500       1.011050       1.009640       1.008300       1.007010       1.005790       1.004630       1.003530       1.002510       1.001560       1.000680      0.9998800      0.9991600      0.9985100    
   1.031400       1.029870       1.028290       1.026690       1.025060       1.023410       1.021740       1.020070       1.018400       1.016730       1.015070       1.013430       1.011810       1.010220       1.008660       1.007140       1.005660       1.004230       1.002850       1.001520       1.000250      0.9990400      0.9979000      0.9968200      0.9958100      0.9948700      0.9940100      0.9932200      0.9925000      0.9918500    
   1.024090       1.022570       1.021020       1.019440       1.017840       1.016210       1.014570       1.012930       1.011280       1.009640       1.008010       1.006400       1.004810       1.003240       1.001710       1.000210      0.9987600      0.9973500      0.9959900      0.9946800      0.9934300      0.9922400      0.9911100      0.9900500      0.9890500      0.9881300      0.9872700      0.9864900      0.9857800      0.9851500    
   1.016730       1.015230       1.013700       1.012140       1.010560       1.008960       1.007350       1.005730       1.004110       1.002500       1.000890      0.9993100      0.9977400      0.9962000      0.9946900      0.9932200      0.9917900      0.9904000      0.9890600      0.9877800      0.9865500      0.9853700      0.9842600      0.9832200      0.9822400      0.9813200      0.9804800      0.9797100      0.9790100      0.9783900    
   1.009330       1.007850       1.006330       1.004790       1.003230       1.001660       1.000070      0.9984800      0.9968800      0.9953000      0.9937200      0.9921600      0.9906200      0.9891000      0.9876200      0.9861700      0.9847600      0.9834000      0.9820800      0.9808100      0.9796000      0.9784500      0.9773600      0.9763300      0.9753600      0.9744600      0.9736300      0.9728800      0.9721900      0.9715700    
   1.009320       1.007840       1.004090      0.9974000      0.9958600      0.9943100      0.9927400      0.9911700      0.9896000      0.9880400      0.9864900      0.9849500      0.9834400      0.9819500      0.9804900      0.9790600      0.9776800      0.9763300      0.9750400      0.9737900      0.9726000      0.9714700      0.9703900      0.9693800      0.9684300      0.9675500      0.9667300      0.9659900      0.9653100      0.9647100    
   1.009310       1.004660      0.9974000      0.9906700      0.9884400      0.9869100      0.9853700      0.9838200      0.9822700      0.9807400      0.9792100      0.9776900      0.9762000      0.9747400      0.9733000      0.9719000      0.9705400      0.9692200      0.9679400      0.9667200      0.9655500      0.9644300      0.9633800      0.9623800      0.9614500      0.9605800      0.9597800      0.9590500      0.9583900      0.9577900    
   1.005530      0.9974000      0.9884400      0.9847100      0.9809800      0.9794700      0.9779500      0.9764200      0.9749000      0.9733800      0.9718800      0.9703900      0.9689200      0.9674800      0.9660600      0.9646900      0.9633500      0.9620500      0.9607900      0.9595900      0.9584400      0.9573400      0.9563100      0.9553300      0.9544100      0.9535600      0.9527800      0.9520600      0.9514100      0.9508300    
  0.9974000      0.9874160      0.9828450      0.9809800      0.9774800      0.9719900      0.9704900      0.9689800      0.9674800      0.9659900      0.9645000      0.9630400      0.9615900      0.9601700      0.9587800      0.9574200      0.9561000      0.9548300      0.9536000      0.9524100      0.9512800      0.9502100      0.9491900      0.9482300      0.9473300      0.9465000      0.9457300      0.9450300      0.9443900      0.9438300    
  0.9869270      0.9819120      0.9809800      0.9768170      0.9719900      0.9684900      0.9629900      0.9615000      0.9600200      0.9585500      0.9570800      0.9556400      0.9542200      0.9528200      0.9514500      0.9501100      0.9488200      0.9475600      0.9463500      0.9451900      0.9440800      0.9430200      0.9420200      0.9410800      0.9402000      0.9393800      0.9386300      0.9379400      0.9373300      0.9367700    
  0.9814460      0.9809800      0.9765960      0.9719900      0.9678230      0.9629900      0.9622450      0.9615030      0.9577850      0.9510700      0.9496300      0.9482000      0.9468000      0.9454200      0.9440700      0.9427600      0.9414800      0.9402500      0.9390600      0.9379200      0.9368300      0.9357900      0.9348100      0.9338900      0.9330200      0.9322300      0.9314900      0.9308200      0.9302200      0.9296800    
  0.9809800      0.9765220      0.9719900      0.9676010      0.9629900      0.9626180      0.9622460      0.9581510      0.9510700      0.9503500      0.9445660      0.9407200      0.9393400      0.9379800      0.9366600      0.9353600      0.9341100      0.9328900      0.9317200      0.9306000      0.9295300      0.9285100      0.9275500      0.9266500      0.9258100      0.9250200      0.9243100      0.9236500      0.9230700      0.9225500    
  0.9764970      0.9719900      0.9675270      0.9629900      0.9628040      0.9626180      0.9585210      0.9510700      0.9507100      0.9432320      0.9369650      0.9332100      0.9318500      0.9305100      0.9292000      0.9279300      0.9266900      0.9255000      0.9243500      0.9232500      0.9222000      0.9212000      0.9202600      0.9193700      0.9185500      0.9177800      0.9170800      0.9164500      0.9158800      0.9153800    
  0.9719900      0.9675020      0.9629900      0.9628970      0.9628040      0.9587530      0.9510700      0.9508900      0.9426620      0.9350880      0.9332100      0.9325300      0.9296420      0.9230000      0.9217100      0.9204600      0.9192400      0.9180700      0.9169400      0.9158500      0.9148200      0.9138400      0.9129200      0.9120500      0.9112500      0.9105000      0.9098200      0.9092100      0.9086500      0.9081700    
  0.9674940      0.9629900      0.9629430      0.9628970      0.9588810      0.9510700      0.9509800      0.9423960      0.9341490      0.9332100      0.9328700      0.9295960      0.9230000      0.9223550      0.9217230      0.9204700      0.9192570      0.9180830      0.9120480      0.9084200      0.9074100      0.9064500      0.9055500      0.9047000      0.9039100      0.9031900      0.9025300      0.9019300      0.9013900      0.9009200    
  0.9629900      0.9629670      0.9629430      0.9589480      0.9510700      0.9510250      0.9422670      0.9336790      0.9332100      0.9330400      0.9296690      0.9230000      0.9226780      0.9223590      0.9215160      0.9204830      0.9192700      0.9110080      0.9046900      0.9009600      0.8999600      0.8990200      0.8981400      0.8973100      0.8965400      0.8958400      0.8951900      0.8946100      0.8941000      0.8936500    
  0.9629780      0.9629670      0.9589820      0.9510700      0.9510480      0.9422030      0.9334450      0.9332100      0.9331250      0.9297300      0.9230000      0.9228390      0.9226790      0.9221840      0.9214530      0.9204230      0.9109090      0.9028250      0.9009600      0.8978000      0.8924800      0.8915600      0.8907000      0.8898900      0.8891400      0.8884600      0.8878300      0.8872700      0.8867700      0.8863400    
  0.9629780      0.9589990      0.9510700      0.9510590      0.9421720      0.9333270      0.9332100      0.9331680      0.9297660      0.9230000      0.9229190      0.9228390      0.9225670      0.9221050      0.9213530      0.9065890      0.9018930      0.9009600      0.8893450      0.8849600      0.8844220      0.8840700      0.8832300      0.8824400      0.8817100      0.8810400      0.8804400      0.8799000      0.8794200      0.8790000    
  0.9590080      0.9510700      0.9510640      0.9421560      0.9332690      0.9332100      0.9331890      0.9297860      0.9230000      0.9229600      0.9229200      0.9227750      0.9225040      0.9018020      0.8875740      0.8782580      0.8782650      0.8773930      0.8761630      0.8736600      0.8774400      0.8765600      0.8757300      0.8749600      0.8742500      0.8736000      0.8730200      0.8725000      0.8720400      0.8716400    
  0.9510700      0.9510670      0.9421480      0.9332390      0.9332100      0.9331990      0.9297960      0.9230000      0.9229800      0.9229600      0.9228850      0.9227330      0.8857440      0.8409400      0.8411800      0.8559580      0.8546150      0.8555700      0.8649270      0.8698700      0.8698800      0.8690100      0.8682000      0.8674500      0.8667600      0.8661400      0.8655700      0.8650700      0.8646300      0.8642600    
  0.9510690      0.9421440      0.9332250      0.9332100      0.9332050      0.9298010      0.9230000      0.9229900      0.9229800      0.9229410      0.8813200      0.8190100      0.8334310      0.8406990      0.8406990      0.8411800      0.8497740      0.8536600      0.8555700      0.8606080      0.8622900      0.8614400      0.8606500      0.8599200      0.8592500      0.8586500      0.8581000      0.8576200      0.8572000      0.8568500    
  0.9421420      0.9332170      0.9332100      0.9332070      0.9298040      0.9230000      0.9229950      0.9229900      0.9229700      0.8730520      0.8190100      0.8190100      0.8190100      0.8330760      0.8402190      0.8402190      0.8411800      0.8486840      0.8517500      0.8555700      0.8546900      0.8538600      0.8530800      0.8523700      0.8517200      0.8511300      0.8506100      0.8501500      0.8497500      0.8494200    
  0.9332140      0.9332100      0.9332090      0.9298050      0.9230000      0.9229970      0.9229950      0.8875710      0.8542870      0.8189890      0.8190100      0.8190100      0.8190100      0.8190100      0.8323770      0.8392570      0.8392570      0.8411800      0.8462380      0.8479300      0.8470600      0.8462500      0.8454900      0.8448000      0.8441700      0.8436000      0.8431000      0.8426600      0.8422800      0.8419700    
  0.9332100      0.9332090      0.9298060      0.9230000      0.9229990      0.8636350      0.7746000      0.7779650      0.7813300      0.8063920      0.8189460      0.8190100      0.8190100      0.8190100      0.8190100      0.8310210      0.8373350      0.8373350      0.8411800      0.8402700      0.8394200      0.8386200      0.8378900      0.8372100      0.8366000      0.8360600      0.8355700      0.8351500      0.8348000      0.8345100    
  0.9332100      0.9298060      0.9230000      0.9229990      0.8517550      0.7745850      0.7745850      0.7746000      0.7779640      0.7813300      0.8062830      0.8188190      0.8190100      0.8190100      0.8190100      0.8190100      0.8284830      0.8334900      0.8334900      0.8326000      0.8317600      0.8309800      0.8302700      0.8296100      0.8290200      0.8284900      0.8280300      0.8276300      0.8273000      0.8270300    
