iMOD/TUTORIALS/TUT_MetaswapAnalyser/model_MetaSWAP/meteo/Evaporation/Evaporation_20050509_L1.ASC
NCOLS                30
NROWS                30
XLLCORNER     160000.00
YLLCORNER     340000.00
CELLSIZE        1000.00
NODATA_VALUE   -9999.00
   2.601540       2.601780       2.602020       2.602270       2.602530       2.602780       2.603040       2.603300       2.603550       2.603800       2.604040       2.604280       2.604510       2.604730       2.604940       2.605130       2.605320       2.605490       2.605640       2.605790       2.605910       2.606020       2.606120       2.606200       2.606260       2.606300       2.606330       2.606330       2.606320       2.606300    
   2.603260       2.603500       2.603740       2.603980       2.604230       2.604480       2.604740       2.604980       2.605230       2.605470       2.605710       2.605940       2.606160       2.606380       2.606580       2.606770       2.606950       2.607120       2.607270       2.607410       2.607530       2.607640       2.607730       2.607800       2.607860       2.607900       2.607920       2.607930       2.607920       2.607890    
   2.604990       2.605220       2.605460       2.605700       2.605940       2.606180       2.606430       2.606670       2.606910       2.607150       2.607380       2.607610       2.607820       2.608030       2.608230       2.608410       2.608590       2.608750       2.608900       2.609030       2.609150       2.609250       2.609340       2.609410       2.609460       2.609500       2.609520       2.609520       2.609510       2.609480    
   2.606710       2.606930       2.607170       2.607400       2.607640       2.607880       2.608120       2.608360       2.608590       2.608820       2.609050       2.609270       2.609480       2.609680       2.609870       2.610050       2.610220       2.610380       2.610520       2.610650       2.610760       2.610860       2.610940       2.611010       2.611060       2.611100       2.611110       2.611120       2.611100       2.611070    
   2.608420       2.608650       2.608870       2.609110       2.609340       2.609580       2.609810       2.610040       2.610270       2.610500       2.610720       2.610930       2.611130       2.611330       2.611520       2.611690       2.611850       2.612010       2.612140       2.612270       2.612380       2.612470       2.612550       2.612620       2.612660       2.612690       2.612710       2.612710       2.612690       2.612650    
   2.610130       2.610350       2.610580       2.610810       2.611040       2.611270       2.611500       2.611720       2.611950       2.612170       2.612380       2.612590       2.612790       2.612980       2.613160       2.613330       2.613490       2.613630       2.613770       2.613890       2.613990       2.614080       2.614160       2.614220       2.614260       2.614290       2.614300       2.614290       2.614270       2.614230    
   2.611830       2.612050       2.612280       2.612500       2.612730       2.612950       2.613180       2.613400       2.613620       2.613830       2.614040       2.614240       2.614440       2.614620       2.614800       2.614970       2.615120       2.615260       2.615390       2.615500       2.615610       2.615690       2.615760       2.615820       2.615860       2.615880       2.615890       2.615880       2.615860       2.615810    
   2.613530       2.613750       2.613970       2.614190       2.614420       2.614640       2.614860       2.615070       2.615290       2.615500       2.615700       2.615900       2.616090       2.616270       2.616440       2.616600       2.616750       2.616890       2.617010       2.617120       2.617220       2.617300       2.617370       2.617420       2.617450       2.617470       2.617480       2.617470       2.617440       2.617390    
   2.615230       2.615440       2.615660       2.615880       2.616100       2.616320       2.616530       2.616750       2.616960       2.617160       2.617360       2.617550       2.617740       2.617910       2.618080       2.618230       2.618380       2.618510       2.618630       2.618740       2.618830       2.618900       2.618970       2.619020       2.619050       2.619060       2.619060       2.619050       2.619020       2.618970    
   2.616910       2.617130       2.617340       2.617560       2.617780       2.617990       2.618200       2.618410       2.618620       2.618820       2.619010       2.619200       2.619380       2.619550       2.619710       2.619860       2.620000       2.620130       2.620250       2.620350       2.620440       2.620510       2.620570       2.620610       2.620640       2.620650       2.620650       2.620630       2.620590       2.620540    
   2.616910       2.617130       2.617820       2.619240       2.619450       2.619660       2.619870       2.620080       2.620280       2.620470       2.620660       2.620850       2.621020       2.621190       2.621350       2.621490       2.621630       2.621750       2.621860       2.621960       2.622040       2.622110       2.622170       2.622200       2.622230       2.622240       2.622230       2.622210       2.622170       2.622110    
   2.616910       2.617770       2.619240       2.620650       2.621120       2.621330       2.621530       2.621730       2.621930       2.622120       2.622310       2.622490       2.622660       2.622820       2.622980       2.623120       2.623250       2.623370       2.623470       2.623570       2.623640       2.623710       2.623760       2.623800       2.623820       2.623820       2.623810       2.623780       2.623740       2.623680    
   2.617660       2.619240       2.621150       2.621950       2.622780       2.622990       2.623190       2.623390       2.623580       2.623770       2.623950       2.624130       2.624300       2.624450       2.624600       2.624740       2.624870       2.624980       2.625080       2.625170       2.625250       2.625310       2.625350       2.625380       2.625400       2.625400       2.625380       2.625350       2.625310       2.625240    
   2.619240       2.621380       2.622360       2.622780       2.623470       2.624640       2.624840       2.625040       2.625230       2.625410       2.625590       2.625760       2.625930       2.626080       2.626220       2.626360       2.626480       2.626590       2.626690       2.626770       2.626840       2.626900       2.626940       2.626970       2.626980       2.626980       2.626960       2.626920       2.626870       2.626800    
   2.621490       2.622570       2.622780       2.623630       2.624640       2.625320       2.626490       2.626680       2.626870       2.627050       2.627230       2.627390       2.627550       2.627700       2.627840       2.627970       2.628090       2.628200       2.628290       2.628370       2.628440       2.628490       2.628530       2.628550       2.628560       2.628550       2.628530       2.628490       2.628430       2.628360    
   2.622680       2.622780       2.623680       2.624640       2.625480       2.626490       2.626590       2.626680       2.627320       2.628680       2.628860       2.629020       2.629180       2.629320       2.629460       2.629580       2.629700       2.629800       2.629890       2.629970       2.630030       2.630080       2.630110       2.630130       2.630130       2.630120       2.630090       2.630050       2.629990       2.629910    
   2.622780       2.623700       2.624640       2.625540       2.626490       2.626540       2.626590       2.627320       2.628680       2.628770       2.629890       2.630640       2.630790       2.630940       2.631070       2.631190       2.631300       2.631400       2.631490       2.631560       2.631620       2.631660       2.631690       2.631700       2.631700       2.631690       2.631650       2.631610       2.631540       2.631460    
   2.623710       2.624640       2.625560       2.626490       2.626510       2.626540       2.627280       2.628680       2.628730       2.630210       2.631450       2.632260       2.632410       2.632550       2.632680       2.632790       2.632900       2.633000       2.633080       2.633150       2.633200       2.633240       2.633270       2.633280       2.633270       2.633250       2.633210       2.633160       2.633090       2.633010    
   2.624640       2.625560       2.626490       2.626500       2.626510       2.627250       2.628680       2.628700       2.630350       2.631860       2.632260       2.632340       2.632840       2.634150       2.634280       2.634390       2.634500       2.634590       2.634660       2.634730       2.634780       2.634820       2.634840       2.634840       2.634830       2.634810       2.634770       2.634710       2.634640       2.634550    
   2.625560       2.626490       2.626500       2.626500       2.627240       2.628680       2.628690       2.630410       2.632060       2.632260       2.632300       2.632900       2.634150       2.634210       2.634270       2.634390       2.634490       2.634580       2.635630       2.636310       2.636360       2.636390       2.636400       2.636410       2.636390       2.636360       2.636320       2.636260       2.636180       2.636080    
   2.626490       2.626490       2.626500       2.627230       2.628680       2.628690       2.630440       2.632160       2.632260       2.632280       2.632900       2.634150       2.634180       2.634210       2.634290       2.634390       2.634490       2.635940       2.637090       2.637880       2.637930       2.637950       2.637970       2.637960       2.637950       2.637910       2.637860       2.637800       2.637710       2.637620    
   2.626490       2.626490       2.627220       2.628680       2.628680       2.630460       2.632210       2.632260       2.632270       2.632900       2.634150       2.634170       2.634180       2.634230       2.634300       2.634390       2.636040       2.637490       2.637880       2.638430       2.639490       2.639520       2.639520       2.639520       2.639500       2.639460       2.639400       2.639330       2.639250       2.639140    
   2.626490       2.627220       2.628680       2.628680       2.630460       2.632230       2.632260       2.632260       2.632890       2.634150       2.634160       2.634170       2.634190       2.634240       2.634310       2.636990       2.637680       2.637880       2.640190       2.641050       2.641060       2.641070       2.641080       2.641070       2.641040       2.641000       2.640940       2.640860       2.640770       2.640660    
   2.627220       2.628680       2.628680       2.630470       2.632250       2.632260       2.632260       2.632890       2.634150       2.634150       2.634160       2.634170       2.634200       2.638240       2.640910       2.642540       2.642540       2.642670       2.642860       2.643380       2.642610       2.642620       2.642620       2.642610       2.642580       2.642530       2.642470       2.642390       2.642290       2.642180    
   2.628680       2.628680       2.630470       2.632250       2.632260       2.632260       2.632890       2.634150       2.634150       2.634150       2.634160       2.634180       2.641450       2.650290       2.650240       2.647150       2.647400       2.647210       2.645210       2.644160       2.644160       2.644170       2.644170       2.644150       2.644110       2.644060       2.643990       2.643910       2.643810       2.643690    
   2.628680       2.630470       2.632260       2.632260       2.632260       2.632890       2.634150       2.634150       2.634150       2.634160       2.642400       2.654750       2.651810       2.650340       2.650340       2.650240       2.648420       2.647590       2.647210       2.646080       2.645700       2.645710       2.645700       2.645680       2.645640       2.645580       2.645510       2.645420       2.645320       2.645190    
   2.630470       2.632260       2.632260       2.632260       2.632890       2.634150       2.634150       2.634150       2.634150       2.644040       2.654750       2.654750       2.654750       2.651890       2.650430       2.650430       2.650240       2.648640       2.647980       2.647210       2.647240       2.647240       2.647230       2.647200       2.647160       2.647100       2.647020       2.646930       2.646820       2.646690    
   2.632260       2.632260       2.632260       2.632890       2.634150       2.634150       2.634150       2.641140       2.647740       2.654750       2.654750       2.654750       2.654750       2.654750       2.652020       2.650620       2.650620       2.650240       2.649120       2.648750       2.648770       2.648770       2.648750       2.648720       2.648680       2.648610       2.648530       2.648430       2.648310       2.648180    
   2.632260       2.632260       2.632890       2.634150       2.634150       2.645890       2.663500       2.662810       2.662110       2.657210       2.654760       2.654750       2.654750       2.654750       2.654750       2.652290       2.651000       2.651010       2.650240       2.650280       2.650290       2.650290       2.650270       2.650240       2.650180       2.650110       2.650030       2.649920       2.649800       2.649660    
   2.632260       2.632890       2.634150       2.634150       2.648240       2.663500       2.663500       2.663500       2.662810       2.662110       2.657240       2.654790       2.654750       2.654750       2.654750       2.654750       2.652790       2.651760       2.651770       2.651800       2.651810       2.651800       2.651780       2.651740       2.651680       2.651610       2.651520       2.651410       2.651280       2.651140    
