iMOD/TUTORIALS/TUT_MetaswapAnalyser/model_MetaSWAP/meteo/Evaporation/Evaporation_20050923_L1.ASC
NCOLS                30
NROWS                30
XLLCORNER     160000.00
YLLCORNER     340000.00
CELLSIZE        1000.00
NODATA_VALUE   -9999.00
   2.401550       2.402030       2.402520       2.403030       2.403560       2.404090       2.404640       2.405190       2.405750       2.406330       2.406900       2.407490       2.408070       2.408670       2.409260       2.409850       2.410450       2.411050       2.411640       2.412240       2.412830       2.413420       2.414000       2.414580       2.415160       2.415730       2.416300       2.416860       2.417420       2.417970    
   2.403680       2.404150       2.404640       2.405130       2.405650       2.406170       2.406700       2.407250       2.407800       2.408360       2.408930       2.409500       2.410070       2.410650       2.411240       2.411820       2.412410       2.412990       2.413580       2.414160       2.414740       2.415320       2.415900       2.416470       2.417040       2.417600       2.418160       2.418710       2.419250       2.419790    
   2.405830       2.406290       2.406760       2.407250       2.407750       2.408260       2.408780       2.409310       2.409860       2.410400       2.410960       2.411520       2.412090       2.412650       2.413230       2.413800       2.414370       2.414950       2.415520       2.416100       2.416670       2.417240       2.417800       2.418360       2.418920       2.419470       2.420020       2.420560       2.421100       2.421630    
   2.407980       2.408430       2.408890       2.409370       2.409860       2.410360       2.410870       2.411390       2.411920       2.412460       2.413000       2.413550       2.414110       2.414660       2.415230       2.415790       2.416350       2.416920       2.417480       2.418040       2.418600       2.419160       2.419720       2.420270       2.420820       2.421360       2.421900       2.422430       2.422960       2.423480    
   2.410140       2.410580       2.411030       2.411500       2.411980       2.412470       2.412970       2.413480       2.414000       2.414520       2.415060       2.415600       2.416140       2.416690       2.417240       2.417790       2.418340       2.418890       2.419450       2.420000       2.420550       2.421100       2.421640       2.422180       2.422720       2.423250       2.423780       2.424300       2.424820       2.425330    
   2.412310       2.412740       2.413180       2.413630       2.414100       2.414580       2.415070       2.415570       2.416080       2.416600       2.417120       2.417650       2.418180       2.418720       2.419260       2.419800       2.420340       2.420880       2.421420       2.421960       2.422500       2.423040       2.423580       2.424110       2.424640       2.425160       2.425680       2.426190       2.426700       2.427200    
   2.414490       2.414900       2.415340       2.415780       2.416240       2.416710       2.417190       2.417680       2.418180       2.418680       2.419190       2.419710       2.420230       2.420760       2.421280       2.421810       2.422350       2.422880       2.423410       2.423940       2.424470       2.425000       2.425520       2.426040       2.426560       2.427070       2.427580       2.428080       2.428580       2.429070    
   2.416670       2.417080       2.417500       2.417930       2.418380       2.418840       2.419310       2.419790       2.420280       2.420770       2.421270       2.421780       2.422290       2.422800       2.423320       2.423840       2.424360       2.424880       2.425410       2.425930       2.426440       2.426960       2.427480       2.427990       2.428490       2.429000       2.429490       2.429990       2.430470       2.430960    
   2.418860       2.419260       2.419670       2.420100       2.420530       2.420980       2.421440       2.421910       2.422390       2.422870       2.423360       2.423860       2.424360       2.424860       2.425370       2.425880       2.426390       2.426900       2.427410       2.427920       2.428430       2.428940       2.429440       2.429940       2.430440       2.430930       2.431420       2.431900       2.432380       2.432850    
   2.421050       2.421440       2.421850       2.422260       2.422690       2.423130       2.423580       2.424040       2.424500       2.424980       2.425460       2.425940       2.426430       2.426930       2.427420       2.427920       2.428420       2.428920       2.429420       2.429920       2.430420       2.430920       2.431410       2.431900       2.432390       2.432870       2.433350       2.433820       2.434290       2.434750    
   2.421060       2.421450       2.422500       2.424440       2.424850       2.425280       2.425720       2.426170       2.426630       2.427090       2.427560       2.428040       2.428520       2.429000       2.429490       2.429980       2.430460       2.430960       2.431450       2.431930       2.432420       2.432910       2.433390       2.433870       2.434350       2.434820       2.435290       2.435750       2.436210       2.436660    
   2.421060       2.422360       2.424440       2.426380       2.427020       2.427440       2.427870       2.428310       2.428760       2.429210       2.429670       2.430140       2.430610       2.431080       2.431560       2.432040       2.432510       2.432990       2.433470       2.433950       2.434430       2.434910       2.435380       2.435850       2.436310       2.436770       2.437230       2.437680       2.438130       2.438570    
   2.422140       2.424440       2.427030       2.428110       2.429200       2.429610       2.430030       2.430460       2.430900       2.431340       2.431790       2.432250       2.432710       2.433170       2.433630       2.434100       2.434570       2.435040       2.435510       2.435980       2.436450       2.436910       2.437370       2.437830       2.438290       2.438740       2.439190       2.439630       2.440060       2.440500    
   2.424440       2.427330       2.428660       2.429200       2.430200       2.431780       2.432190       2.432610       2.433040       2.433470       2.433910       2.434360       2.434810       2.435260       2.435720       2.436180       2.436640       2.437090       2.437550       2.438010       2.438470       2.438920       2.439380       2.439820       2.440270       2.440710       2.441150       2.441580       2.442010       2.442430    
   2.427470       2.428930       2.429200       2.430390       2.431780       2.432780       2.434360       2.434770       2.435190       2.435610       2.436040       2.436480       2.436920       2.437360       2.437810       2.438260       2.438710       2.439150       2.439600       2.440050       2.440500       2.440940       2.441380       2.441820       2.442260       2.442690       2.443110       2.443540       2.443950       2.444360    
   2.429060       2.429200       2.430460       2.431780       2.432970       2.434360       2.434570       2.434770       2.435830       2.437760       2.438180       2.438600       2.439030       2.439470       2.439900       2.440340       2.440780       2.441220       2.441660       2.442100       2.442530       2.442970       2.443400       2.443830       2.444250       2.444670       2.445090       2.445500       2.445910       2.446310    
   2.429200       2.430480       2.431780       2.433040       2.434360       2.434460       2.434570       2.435730       2.437760       2.437970       2.439630       2.440730       2.441150       2.441580       2.442010       2.442430       2.442860       2.443290       2.443720       2.444150       2.444580       2.445000       2.445420       2.445840       2.446250       2.446660       2.447070       2.447470       2.447870       2.448260    
   2.430490       2.431780       2.433060       2.434360       2.434410       2.434460       2.435630       2.437760       2.437870       2.440010       2.441800       2.442870       2.443280       2.443690       2.444110       2.444530       2.444950       2.445370       2.445790       2.446210       2.446620       2.447040       2.447450       2.447860       2.448260       2.448660       2.449060       2.449450       2.449830       2.450210    
   2.431780       2.433070       2.434360       2.434390       2.434410       2.435570       2.437760       2.437810       2.440170       2.442340       2.442870       2.443070       2.443910       2.445810       2.446220       2.446630       2.447040       2.447450       2.447860       2.448270       2.448680       2.449080       2.449480       2.449880       2.450270       2.450660       2.451050       2.451430       2.451800       2.452170    
   2.433070       2.434360       2.434370       2.434390       2.435530       2.437760       2.437790       2.440240       2.442600       2.442870       2.442970       2.443920       2.445810       2.446010       2.446220       2.446630       2.447040       2.447450       2.449270       2.450340       2.450730       2.451130       2.451520       2.451910       2.452290       2.452670       2.453040       2.453410       2.453780       2.454140    
   2.434360       2.434370       2.434370       2.435510       2.437760       2.437770       2.440280       2.442740       2.442870       2.442920       2.443890       2.445810       2.445910       2.446010       2.446290       2.446630       2.447040       2.449510       2.451380       2.452410       2.452800       2.453180       2.453560       2.453940       2.454310       2.454680       2.455040       2.455400       2.455760       2.456100    
   2.434360       2.434370       2.435500       2.437760       2.437770       2.440300       2.442800       2.442870       2.442900       2.443870       2.445810       2.445860       2.445910       2.446070       2.446310       2.446650       2.449500       2.451890       2.452410       2.453360       2.454860       2.455240       2.455610       2.455970       2.456340       2.456700       2.457050       2.457400       2.457740       2.458080    
   2.434360       2.435500       2.437760       2.437760       2.440310       2.442840       2.442870       2.442880       2.443860       2.445810       2.445840       2.445860       2.445950       2.446100       2.446350       2.450650       2.452150       2.452410       2.455680       2.456930       2.457150       2.457300       2.457660       2.458010       2.458370       2.458710       2.459060       2.459400       2.459730       2.460050    
   2.435500       2.437760       2.437760       2.440310       2.442850       2.442870       2.442880       2.443860       2.445810       2.445820       2.445840       2.445880       2.445970       2.451790       2.455880       2.458660       2.458660       2.458950       2.459350       2.460040       2.459000       2.459360       2.459710       2.460060       2.460400       2.460740       2.461070       2.461400       2.461720       2.462040    
   2.437760       2.437760       2.440310       2.442860       2.442870       2.442870       2.443850       2.445810       2.445820       2.445820       2.445850       2.445900       2.456280       2.468840       2.468770       2.464770       2.465170       2.464910       2.462410       2.461080       2.461080       2.461420       2.461770       2.462100       2.462440       2.462760       2.463080       2.463400       2.463710       2.464020    
   2.437760       2.440310       2.442870       2.442870       2.442870       2.443850       2.445810       2.445810       2.445820       2.445830       2.457430       2.474780       2.470870       2.468900       2.468900       2.468770       2.466470       2.465430       2.464910       2.463600       2.463160       2.463490       2.463820       2.464150       2.464470       2.464790       2.465100       2.465410       2.465710       2.466000    
   2.440310       2.442870       2.442870       2.442870       2.443850       2.445810       2.445810       2.445810       2.445820       2.459730       2.474780       2.474780       2.474780       2.470970       2.469030       2.469030       2.468770       2.466770       2.465960       2.464910       2.465240       2.465560       2.465880       2.466200       2.466510       2.466820       2.467120       2.467420       2.467710       2.467990    
   2.442870       2.442870       2.442870       2.443850       2.445810       2.445810       2.445810       2.455620       2.464900       2.474790       2.474780       2.474780       2.474780       2.474780       2.471160       2.469300       2.469300       2.468770       2.467440       2.467000       2.467320       2.467630       2.467950       2.468250       2.468560       2.468850       2.469140       2.469430       2.469710       2.469980    
   2.442870       2.442870       2.443850       2.445810       2.445810       2.462230       2.486860       2.485940       2.485020       2.478210       2.474800       2.474780       2.474780       2.474780       2.474780       2.471530       2.469820       2.469820       2.468770       2.469090       2.469400       2.469710       2.470010       2.470310       2.470600       2.470890       2.471170       2.471440       2.471710       2.471970    
   2.442870       2.443850       2.445810       2.445810       2.465520       2.486860       2.486860       2.486860       2.485940       2.485020       2.478240       2.474830       2.474780       2.474780       2.474780       2.474780       2.472220       2.470870       2.470870       2.471180       2.471480       2.471780       2.472070       2.472360       2.472640       2.472920       2.473190       2.473450       2.473710       2.473960    
