iMOD/TUTORIALS/TUT_MetaswapAnalyser/model_MetaSWAP/meteo/Evaporation/Evaporation_20050513_L1.ASC
NCOLS                30
NROWS                30
XLLCORNER     160000.00
YLLCORNER     340000.00
CELLSIZE        1000.00
NODATA_VALUE   -9999.00
   2.023720       2.020460       2.017360       2.014420       2.011630       2.008990       2.006490       2.004120       2.001870       1.999750       1.997740       1.995830       1.994020       1.992320       1.990700       1.989170       1.987720       1.986350       1.985050       1.983830       1.982670       1.981580       1.980550       1.979570       1.978660       1.977800       1.977000       1.976240       1.975540       1.974880    
   2.008400       2.005110       2.001980       1.999020       1.996200       1.993520       1.990990       1.988580       1.986310       1.984150       1.982110       1.980170       1.978340       1.976600       1.974960       1.973410       1.971940       1.970550       1.969240       1.968000       1.966840       1.965740       1.964700       1.963720       1.962810       1.961950       1.961150       1.960400       1.959700       1.959050    
   1.993120       1.989810       1.986660       1.983670       1.980820       1.978110       1.975550       1.973110       1.970800       1.968610       1.966540       1.964570       1.962710       1.960950       1.959280       1.957710       1.956220       1.954810       1.953490       1.952230       1.951050       1.949940       1.948900       1.947920       1.947000       1.946140       1.945340       1.944590       1.943900       1.943260    
   1.977890       1.974560       1.971390       1.968370       1.965490       1.962760       1.960160       1.957690       1.955350       1.953130       1.951020       1.949030       1.947140       1.945350       1.943660       1.942060       1.940550       1.939130       1.937780       1.936520       1.935320       1.934200       1.933150       1.932170       1.931240       1.930380       1.929580       1.928830       1.928140       1.927500    
   1.962700       1.959360       1.956160       1.953120       1.950210       1.947450       1.944820       1.942320       1.939950       1.937700       1.935560       1.933540       1.931620       1.929810       1.928090       1.926470       1.924940       1.923490       1.922130       1.920850       1.919640       1.918510       1.917450       1.916460       1.915530       1.914660       1.913860       1.913110       1.912430       1.911790    
   1.947560       1.944200       1.940980       1.937910       1.934980       1.932190       1.929530       1.927010       1.924600       1.922320       1.920160       1.918100       1.916160       1.914320       1.912580       1.910930       1.909380       1.907910       1.906530       1.905230       1.904010       1.902870       1.901790       1.900790       1.899860       1.898990       1.898180       1.897440       1.896750       1.896120    
   1.932460       1.929080       1.925850       1.922750       1.919800       1.916980       1.914290       1.911740       1.909310       1.906990       1.904800       1.902720       1.900750       1.898880       1.897110       1.895440       1.893860       1.892380       1.890980       1.889660       1.888430       1.887270       1.886190       1.885180       1.884240       1.883360       1.882550       1.881810       1.881120       1.880490    
   1.917400       1.914010       1.910750       1.907640       1.904660       1.901810       1.899100       1.896520       1.894060       1.891720       1.889490       1.887380       1.885380       1.883490       1.881700       1.880000       1.878400       1.876900       1.875480       1.874140       1.872890       1.871720       1.870630       1.869610       1.868660       1.867780       1.866970       1.866220       1.865530       1.864900    
   1.902390       1.898970       1.895700       1.892560       1.889560       1.886690       1.883950       1.881340       1.878850       1.876480       1.874230       1.872100       1.870070       1.868150       1.866330       1.864610       1.862990       1.861460       1.860020       1.858670       1.857410       1.856220       1.855110       1.854080       1.853130       1.852240       1.851420       1.850670       1.849980       1.849350    
   1.887410       1.883980       1.880690       1.877530       1.874510       1.871620       1.868850       1.866210       1.863700       1.861300       1.859020       1.856860       1.854800       1.852850       1.851010       1.849270       1.847620       1.846080       1.844620       1.843250       1.841970       1.840770       1.839650       1.838610       1.837640       1.836750       1.835920       1.835170       1.834480       1.833850    
   1.887450       1.884030       1.876180       1.862540       1.859500       1.856580       1.853790       1.851130       1.848580       1.846160       1.843850       1.841660       1.839580       1.837610       1.835740       1.833970       1.832310       1.830740       1.829260       1.827870       1.826570       1.825360       1.824220       1.823170       1.822200       1.821300       1.820470       1.819710       1.819020       1.818390    
   1.887500       1.877550       1.862540       1.849040       1.844520       1.841580       1.838770       1.836080       1.833510       1.831070       1.828730       1.826510       1.824410       1.822410       1.820520       1.818730       1.817040       1.815440       1.813950       1.812540       1.811220       1.810000       1.808850       1.807790       1.806800       1.805890       1.805060       1.804290       1.803600       1.802970    
   1.879660       1.862540       1.844560       1.837050       1.829590       1.826630       1.823800       1.821080       1.818490       1.816010       1.813660       1.811410       1.809280       1.807250       1.805340       1.803520       1.801810       1.800200       1.798680       1.797260       1.795920       1.794680       1.793520       1.792440       1.791450       1.790530       1.789690       1.788920       1.788220       1.787590    
   1.862540       1.842500       1.833320       1.829590       1.822650       1.811720       1.808860       1.806120       1.803500       1.801010       1.798620       1.796350       1.794190       1.792140       1.790200       1.788370       1.786630       1.785000       1.783460       1.782020       1.780670       1.779410       1.778230       1.777150       1.776140       1.775220       1.774370       1.773600       1.772890       1.772260    
   1.841520       1.831460       1.829590       1.821320       1.811720       1.804850       1.793970       1.791210       1.788560       1.786040       1.783630       1.781340       1.779150       1.777080       1.775110       1.773250       1.771500       1.769840       1.768280       1.766820       1.765460       1.764180       1.763000       1.761900       1.760880       1.759950       1.759090       1.758310       1.757610       1.756980    
   1.830520       1.829590       1.820880       1.811720       1.803510       1.793970       1.792590       1.791250       1.784230       1.771120       1.768680       1.766360       1.764160       1.762060       1.760070       1.758190       1.756410       1.754730       1.753150       1.751680       1.750290       1.749000       1.747800       1.746690       1.745660       1.744720       1.743860       1.743070       1.742370       1.741730    
   1.829590       1.820730       1.811720       1.803070       1.793970       1.793280       1.792600       1.784800       1.771120       1.769900       1.758830       1.751430       1.749200       1.747080       1.745070       1.743160       1.741360       1.739670       1.738070       1.736570       1.735170       1.733870       1.732650       1.731530       1.730490       1.729540       1.728670       1.727880       1.727170       1.726530    
   1.820680       1.811720       1.802920       1.793970       1.793620       1.793280       1.785450       1.771120       1.770510       1.756080       1.743990       1.736550       1.734290       1.732150       1.730110       1.728180       1.726360       1.724640       1.723030       1.721510       1.720100       1.718780       1.717550       1.716410       1.715360       1.714400       1.713530       1.712730       1.712020       1.711380    
   1.811720       1.802870       1.793970       1.793800       1.793630       1.785870       1.771120       1.770810       1.754910       1.740270       1.736550       1.735420       1.730060       1.717260       1.715200       1.713250       1.711410       1.709670       1.708030       1.706500       1.705070       1.703730       1.702490       1.701340       1.700280       1.699320       1.698430       1.697630       1.696910       1.696270    
   1.802850       1.793970       1.793880       1.793800       1.786100       1.771120       1.770970       1.754360       1.738410       1.736550       1.735990       1.729820       1.717260       1.716230       1.715240       1.713290       1.711440       1.709700       1.698470       1.691530       1.690080       1.688730       1.687480       1.686320       1.685250       1.684270       1.683380       1.682580       1.681850       1.681210    
   1.793970       1.793930       1.793880       1.786230       1.771120       1.771040       1.754100       1.737480       1.736550       1.736270       1.729900       1.717260       1.716740       1.716240       1.714920       1.713320       1.711480       1.696060       1.684070       1.676610       1.675140       1.673780       1.672510       1.671340       1.670260       1.669270       1.668380       1.667570       1.666840       1.666190    
   1.793950       1.793930       1.786290       1.771120       1.771080       1.753960       1.737020       1.736550       1.736410       1.730000       1.717260       1.717000       1.716750       1.715970       1.714830       1.713240       1.695560       1.680340       1.676610       1.670670       1.660250       1.658870       1.657590       1.656400       1.655320       1.654320       1.653420       1.652600       1.651870       1.651230    
   1.793950       1.786320       1.771120       1.771100       1.753900       1.736780       1.736550       1.736480       1.730050       1.717260       1.717130       1.717000       1.716570       1.715850       1.714680       1.686890       1.678480       1.676610       1.653980       1.645420       1.644580       1.644010       1.642710       1.641520       1.640420       1.639420       1.638510       1.637690       1.636960       1.636310    
   1.786340       1.771120       1.771110       1.753870       1.736670       1.736550       1.736510       1.730090       1.717260       1.717200       1.717130       1.716900       1.716480       1.676920       1.649900       1.632340       1.632320       1.630610       1.628170       1.623220       1.630600       1.629190       1.627880       1.626680       1.625570       1.624560       1.623650       1.622820       1.622090       1.621440    
   1.771120       1.771120       1.753850       1.736610       1.736550       1.736530       1.730100       1.717260       1.717230       1.717200       1.717080       1.716840       1.646030       1.560150       1.560600       1.589030       1.586220       1.588040       1.606250       1.615860       1.615840       1.614420       1.613100       1.611890       1.610770       1.609760       1.608830       1.608010       1.607270       1.606620    
   1.771120       1.753840       1.736580       1.736550       1.736540       1.730110       1.717260       1.717240       1.717230       1.717170       1.637900       1.519200       1.546130       1.559700       1.559700       1.560600       1.576990       1.584390       1.588040       1.597870       1.601140       1.599700       1.598370       1.597140       1.596020       1.595000       1.594070       1.593240       1.592500       1.591840    
   1.753840       1.736560       1.736550       1.736550       1.730120       1.717260       1.717250       1.717240       1.717210       1.622140       1.519200       1.519200       1.519200       1.545460       1.558790       1.558790       1.560600       1.574910       1.580740       1.588040       1.586480       1.585030       1.583690       1.582450       1.581320       1.580290       1.579360       1.578520       1.577780       1.577130    
   1.736560       1.736550       1.736550       1.730120       1.717260       1.717260       1.717250       1.650530       1.587050       1.519160       1.519200       1.519200       1.519200       1.519200       1.544140       1.556980       1.556980       1.560600       1.570250       1.573450       1.571870       1.570410       1.569050       1.567810       1.566670       1.565630       1.564690       1.563860       1.563110       1.562460    
   1.736550       1.736550       1.730120       1.717260       1.717260       1.605810       1.438660       1.444530       1.450400       1.496160       1.519080       1.519200       1.519200       1.519200       1.519200       1.541590       1.553370       1.553360       1.560600       1.558900       1.557310       1.555830       1.554470       1.553210       1.552070       1.551020       1.550080       1.549240       1.548500       1.547850    
   1.736550       1.730120       1.717260       1.717260       1.583510       1.438630       1.438630       1.438660       1.444530       1.450400       1.495960       1.518850       1.519200       1.519200       1.519200       1.519200       1.536820       1.546140       1.546130       1.544410       1.542800       1.541310       1.539940       1.538670       1.537520       1.536470       1.535530       1.534690       1.533940       1.533290    
