iMOD/TUTORIALS/TUT_MetaswapAnalyser/model_MetaSWAP/meteo/Evaporation/Evaporation_20060620_L1.ASC
NCOLS                30
NROWS                30
XLLCORNER     160000.00
YLLCORNER     340000.00
CELLSIZE        1000.00
NODATA_VALUE   -9999.00
   3.932580       3.936580       3.940390       3.944030       3.947490       3.950800       3.953950       3.956970       3.959850       3.962610       3.965250       3.967790       3.970230       3.972580       3.974850       3.977040       3.979160       3.981210       3.983210       3.985150       3.987040       3.988890       3.990700       3.992480       3.994220       3.995930       3.997620       3.999280       4.000930       4.002560    
   3.933400       3.937430       3.941280       3.944950       3.948460       3.951800       3.955000       3.958060       3.960990       3.963800       3.966490       3.969070       3.971560       3.973950       3.976260       3.978490       3.980650       3.982740       3.984780       3.986760       3.988680       3.990570       3.992410       3.994220       3.995990       3.997730       3.999440       4.001140       4.002810       4.004460    
   3.934120       3.938180       3.942060       3.945770       3.949320       3.952710       3.955950       3.959050       3.962030       3.964880       3.967610       3.970240       3.972770       3.975210       3.977560       3.979840       3.982040       3.984170       3.986240       3.988260       3.990220       3.992140       3.994020       3.995860       3.997660       3.999430       4.001180       4.002900       4.004600       4.006280    
   3.934750       3.938840       3.942750       3.946500       3.950080       3.953510       3.956800       3.959940       3.962960       3.965860       3.968640       3.971310       3.973890       3.976370       3.978760       3.981080       3.983320       3.985490       3.987610       3.989660       3.991660       3.993620       3.995530       3.997400       3.999240       4.001040       4.002820       4.004570       4.006300       4.008000    
   3.935300       3.939420       3.943360       3.947140       3.950760       3.954220       3.957550       3.960740       3.963800       3.966740       3.969560       3.972280       3.974900       3.977430       3.979860       3.982220       3.984510       3.986720       3.988870       3.990970       3.993010       3.995000       3.996950       3.998850       4.000720       4.002560       4.004370       4.006150       4.007910       4.009640    
   3.935770       3.939910       3.943880       3.947690       3.951340       3.954850       3.958210       3.961440       3.964550       3.967530       3.970400       3.973160       3.975820       3.978390       3.980870       3.983270       3.985600       3.987850       3.990050       3.992180       3.994260       3.996290       3.998270       4.000210       4.002120       4.003990       4.005830       4.007640       4.009430       4.011200    
   3.936160       3.940320       3.944320       3.948160       3.951850       3.955390       3.958790       3.962060       3.965210       3.968230       3.971140       3.973940       3.976650       3.979260       3.981790       3.984230       3.986600       3.988890       3.991130       3.993300       3.995420       3.997490       3.999510       4.001490       4.003430       4.005330       4.007210       4.009060       4.010880       4.012670    
   3.936480       3.940670       3.944690       3.948560       3.952280       3.955850       3.959290       3.962600       3.965780       3.968850       3.971800       3.974640       3.977390       3.980050       3.982610       3.985100       3.987510       3.989850       3.992120       3.994330       3.996490       3.998600       4.000660       4.002670       4.004650       4.006590       4.008500       4.010380       4.012240       4.014070    
   3.936740       3.940940       3.944980       3.948880       3.952630       3.956240       3.959710       3.963060       3.966280       3.969380       3.972370       3.975260       3.978050       3.980750       3.983350       3.985880       3.988330       3.990710       3.993030       3.995280       3.997480       3.999620       4.001720       4.003780       4.005790       4.007770       4.009710       4.011630       4.013520       4.015380    
   3.936920       3.941140       3.945210       3.949130       3.952910       3.956550       3.960060       3.963440       3.966700       3.969840       3.972870       3.975800       3.978630       3.981370       3.984020       3.986580       3.989080       3.991500       3.993850       3.996150       3.998390       4.000570       4.002710       4.004800       4.006850       4.008870       4.010850       4.012800       4.014720       4.016620    
   3.936870       3.941090       3.946200       3.949320       3.953130       3.956800       3.960340       3.963750       3.967040       3.970220       3.973290       3.976260       3.979130       3.981910       3.984600       3.987210       3.989740       3.992200       3.994600       3.996930       3.999210       4.001440       4.003610       4.005740       4.007830       4.009890       4.011900       4.013890       4.015850       4.017780    
   3.936820       3.943370       3.949320       3.952280       3.953280       3.956980       3.960550       3.964000       3.967320       3.970540       3.973650       3.976650       3.979560       3.982380       3.985110       3.987760       3.990330       3.992830       3.995270       3.997640       3.999960       4.002230       4.004440       4.006610       4.008740       4.010830       4.012880       4.014910       4.016900       4.018870    
   3.940490       3.949320       3.952070       3.953330       3.953370       3.957100       3.960700       3.964170       3.967540       3.970790       3.973930       3.976970       3.979920       3.982770       3.985540       3.988230       3.990850       3.993390       3.995870       3.998280       4.000640       4.002940       4.005200       4.007400       4.009570       4.011700       4.013790       4.015850       4.017880       4.019880    
   3.949320       3.952030       3.953350       3.953370       3.955880       3.957160       3.960780       3.964290       3.967690       3.970970       3.974150       3.977230       3.980210       3.983100       3.985910       3.988640       3.991290       3.993880       3.996390       3.998850       4.001240       4.003590       4.005880       4.008130       4.010330       4.012500       4.014630       4.016730       4.018790       4.020830    
   3.952020       3.953360       3.953370       3.955470       3.957160       3.959580       3.960810       3.964350       3.967780       3.971090       3.974300       3.977420       3.980440       3.983370       3.986210       3.988980       3.991670       3.994290       3.996850       3.999340       4.001780       4.004160       4.006500       4.008780       4.011030       4.013230       4.015400       4.017530       4.019640       4.021710    
   3.953360       3.953370       3.955330       3.957160       3.959180       3.960810       3.962580       3.964310       3.968600       3.971160       3.974400       3.977550       3.980610       3.983570       3.986450       3.989260       3.991990       3.994650       3.997240       3.999780       4.002250       4.004670       4.007040       4.009370       4.011650       4.013900       4.016100       4.018280       4.020420       4.022530    
   3.953370       3.955290       3.957160       3.959050       3.960810       3.961690       3.962570       3.966660       3.971160       3.972780       3.975680       3.977630       3.980710       3.983720       3.986640       3.989480       3.992240       3.994940       3.997570       4.000140       4.002660       4.005120       4.007530       4.009890       4.012220       4.014500       4.016740       4.018950       4.021130       4.023280    
   3.955270       3.957160       3.959010       3.960810       3.961250       3.961690       3.965520       3.971160       3.971970       3.974980       3.977640       3.977650       3.980770       3.983800       3.986760       3.989630       3.992440       3.995170       3.997840       4.000450       4.003000       4.005500       4.007950       4.010360       4.012720       4.015040       4.017320       4.019570       4.021790       4.023980    
   3.957160       3.958990       3.960810       3.961030       3.961250       3.964910       3.971160       3.971570       3.974680       3.977640       3.977650       3.979210       3.981510       3.983840       3.986830       3.989740       3.992580       3.995350       3.998060       4.000700       4.003290       4.005830       4.008320       4.010760       4.013160       4.015520       4.017840       4.020130       4.022380       4.024610    
   3.958990       3.960810       3.960920       3.961030       3.964590       3.971160       3.971360       3.974540       3.977650       3.977650       3.978430       3.980550       3.983840       3.985330       3.986800       3.989720       3.992560       3.995330       3.999210       4.000900       4.003530       4.006100       4.008630       4.011110       4.013540       4.015940       4.018300       4.020630       4.022920       4.025190    
   3.960810       3.960870       3.960920       3.964420       3.971160       3.971260       3.974470       3.977650       3.977650       3.978040       3.980120       3.983840       3.984590       3.985330       3.987280       3.989690       3.992530       3.997820       4.000970       4.001040       4.003700       4.006320       4.008880       4.011400       4.013880       4.016310       4.018710       4.021080       4.023410       4.025710    
   3.960840       3.960870       3.964340       3.971160       3.971210       3.974440       3.977650       3.977650       3.977840       3.979910       3.983840       3.984210       3.984580       3.985730       3.987430       3.989840       3.996420       4.001010       4.001040       4.002860       4.003830       4.006480       4.009080       4.011640       4.014150       4.016630       4.019070       4.021470       4.023840       4.026180    
   3.960840       3.964300       3.971160       3.971190       3.974420       3.977650       3.977650       3.977750       3.979810       3.983840       3.984030       3.984210       3.984840       3.985920       3.987670       3.995140       4.001020       4.001040       4.002930       4.003890       4.005510       4.006600       4.009240       4.011830       4.014380       4.016900       4.019370       4.021810       4.024220       4.026600    
   3.964280       3.971160       3.971170       3.974410       3.977650       3.977650       3.977700       3.979760       3.983840       3.983930       3.984030       3.984360       3.984990       3.989000       3.994510       4.000970       4.000980       4.002360       4.003920       4.003950       4.003950       4.006670       4.009340       4.011970       4.014560       4.017110       4.019630       4.022110       4.024560       4.026980    
   3.971160       3.971170       3.974410       3.977650       3.977650       3.977670       3.979740       3.983840       3.983890       3.983930       3.984110       3.984460       3.990690       3.997560       3.997570       3.999810       4.000900       4.000920       4.002980       4.003920       4.003940       4.006690       4.009400       4.012070       4.014700       4.017290       4.019840       4.022360       4.024850       4.027310    
   3.971160       3.974410       3.977650       3.977650       3.977660       3.979730       3.983840       3.983860       3.983890       3.983980       3.987930       3.993580       3.996230       3.997550       3.997550       3.997570       3.999800       4.000880       4.000920       4.003130       4.003880       4.006670       4.009420       4.012130       4.014790       4.017420       4.020010       4.022570       4.025090       4.027590    
   3.974410       3.977650       3.977650       3.977660       3.979720       3.983840       3.983850       3.983860       3.983910       3.988590       3.993580       3.993580       3.993580       3.996220       3.997540       3.997540       3.997570       3.999820       4.000830       4.000920       4.003790       4.006620       4.009400       4.012140       4.014840       4.017510       4.020130       4.022730       4.025300       4.027830    
   3.977650       3.977650       3.977650       3.979720       3.983840       3.983850       3.983850       3.984970       3.988340       3.993580       3.993580       3.993580       3.993580       3.993580       3.996200       3.997500       3.997500       3.997570       3.999950       4.000750       4.003660       4.006520       4.009340       4.012120       4.014850       4.017550       4.020220       4.022860       4.025460       4.028030    
   3.977650       3.977650       3.979710       3.983840       3.983840       3.984080       3.984440       3.986360       3.988270       3.991810       3.993580       3.993580       3.993580       3.993580       3.993580       3.996160       3.997440       3.997440       3.997570       4.000560       4.003500       4.006390       4.009240       4.012050       4.014830       4.017570       4.020270       4.022940       4.025590       4.028200    
   3.977650       3.979710       3.983840       3.983840       3.984130       3.984440       3.984440       3.984440       3.986360       3.988270       3.991800       3.993570       3.993580       3.993580       3.993580       3.993580       3.996120       3.997300       3.997310       4.000330       4.003300       4.006230       4.009110       4.011960       4.014770       4.017540       4.020290       4.023000       4.025680       4.028330    
