iMOD/TUTORIALS/TUT_MetaswapAnalyser/model_MetaSWAP/meteo/Evaporation/Evaporation_20050127_L1.ASC
NCOLS                30
NROWS                30
XLLCORNER     160000.00
YLLCORNER     340000.00
CELLSIZE        1000.00
NODATA_VALUE   -9999.00
  0.1792200      0.1796000      0.1800000      0.1804000      0.1808200      0.1812600      0.1817000      0.1821500      0.1826100      0.1830800      0.1835600      0.1840400      0.1845200      0.1850100      0.1855100      0.1860100      0.1865100      0.1870100      0.1875100      0.1880200      0.1885200      0.1890200      0.1895300      0.1900300      0.1905300      0.1910300      0.1915200      0.1920100      0.1925000      0.1929900    
  0.1796700      0.1800500      0.1804400      0.1808400      0.1812600      0.1816900      0.1821300      0.1825800      0.1830400      0.1835000      0.1839700      0.1844500      0.1849400      0.1854200      0.1859100      0.1864100      0.1869100      0.1874100      0.1879000      0.1884100      0.1889100      0.1894100      0.1899100      0.1904000      0.1909000      0.1913900      0.1918900      0.1923800      0.1928600      0.1933400    
  0.1801300      0.1805000      0.1808900      0.1813000      0.1817100      0.1821400      0.1825700      0.1830200      0.1834800      0.1839400      0.1844100      0.1848800      0.1853600      0.1858500      0.1863300      0.1868300      0.1873200      0.1878100      0.1883100      0.1888100      0.1893000      0.1898000      0.1903000      0.1907900      0.1912800      0.1917700      0.1922600      0.1927500      0.1932300      0.1937100    
  0.1806000      0.1809700      0.1813600      0.1817600      0.1821800      0.1826000      0.1830300      0.1834800      0.1839300      0.1843900      0.1848500      0.1853200      0.1858000      0.1862800      0.1867700      0.1872500      0.1877400      0.1882400      0.1887300      0.1892200      0.1897200      0.1902100      0.1907000      0.1911900      0.1916800      0.1921700      0.1926500      0.1931300      0.1936100      0.1940900    
  0.1810800      0.1814500      0.1818400      0.1822400      0.1826500      0.1830700      0.1835000      0.1839400      0.1843900      0.1848500      0.1853100      0.1857800      0.1862500      0.1867300      0.1872100      0.1877000      0.1881800      0.1886700      0.1891600      0.1896500      0.1901400      0.1906300      0.1911200      0.1916000      0.1920900      0.1925700      0.1930500      0.1935300      0.1940100      0.1944800    
  0.1815700      0.1819500      0.1823300      0.1827300      0.1831400      0.1835600      0.1839900      0.1844200      0.1848700      0.1853200      0.1857800      0.1862500      0.1867200      0.1871900      0.1876700      0.1881500      0.1886300      0.1891200      0.1896000      0.1900900      0.1905800      0.1910600      0.1915500      0.1920300      0.1925100      0.1929900      0.1934700      0.1939400      0.1944100      0.1948800    
  0.1820800      0.1824500      0.1828300      0.1832300      0.1836400      0.1840500      0.1844800      0.1849200      0.1853600      0.1858100      0.1862700      0.1867300      0.1871900      0.1876700      0.1881400      0.1886200      0.1891000      0.1895800      0.1900600      0.1905400      0.1910200      0.1915100      0.1919900      0.1924700      0.1929400      0.1934200      0.1938900      0.1943600      0.1948300      0.1952900    
  0.1825900      0.1829600      0.1833400      0.1837400      0.1841500      0.1845600      0.1849900      0.1854200      0.1858600      0.1863100      0.1867600      0.1872200      0.1876800      0.1881500      0.1886200      0.1891000      0.1895700      0.1900500      0.1905300      0.1910000      0.1914800      0.1919600      0.1924400      0.1929100      0.1933900      0.1938600      0.1943300      0.1947900      0.1952500      0.1957100    
  0.1831100      0.1834800      0.1838700      0.1842600      0.1846600      0.1850800      0.1855000      0.1859300      0.1863700      0.1868100      0.1872600      0.1877200      0.1881800      0.1886500      0.1891100      0.1895800      0.1900600      0.1905300      0.1910000      0.1914800      0.1919500      0.1924300      0.1929000      0.1933700      0.1938400      0.1943100      0.1947700      0.1952300      0.1956900      0.1961500    
  0.1836400      0.1840100      0.1844000      0.1847900      0.1851900      0.1856000      0.1860200      0.1864500      0.1868900      0.1873300      0.1877800      0.1882300      0.1886900      0.1891500      0.1896200      0.1900800      0.1905500      0.1910200      0.1914900      0.1919600      0.1924300      0.1929000      0.1933700      0.1938400      0.1943000      0.1947700      0.1952300      0.1956800      0.1961400      0.1965900    
  0.1836430      0.1840170      0.1846330      0.1853300      0.1857300      0.1861400      0.1865600      0.1869800      0.1874200      0.1878600      0.1883000      0.1887500      0.1892100      0.1896700      0.1901300      0.1905900      0.1910600      0.1915200      0.1919900      0.1924600      0.1929200      0.1933900      0.1938500      0.1943200      0.1947800      0.1952400      0.1956900      0.1961500      0.1965900      0.1970400    
  0.1836490      0.1844060      0.1853300      0.1860400      0.1862700      0.1866800      0.1871000      0.1875200      0.1879600      0.1883900      0.1888400      0.1892800      0.1897400      0.1901900      0.1906500      0.1911100      0.1915700      0.1920400      0.1925000      0.1929600      0.1934200      0.1938900      0.1943500      0.1948100      0.1952600      0.1957200      0.1961700      0.1966200      0.1970600      0.1975000    
  0.1841690      0.1853300      0.1861880      0.1865500      0.1868300      0.1872300      0.1876500      0.1880700      0.1885000      0.1889400      0.1893800      0.1898200      0.1902700      0.1907300      0.1911800      0.1916400      0.1921000      0.1925600      0.1930200      0.1934800      0.1939300      0.1943900      0.1948500      0.1953000      0.1957500      0.1962000      0.1966500      0.1970900      0.1975300      0.1979700    
  0.1853300      0.1862590      0.1866900      0.1868300      0.1872830      0.1877900      0.1882100      0.1886300      0.1890600      0.1894900      0.1899300      0.1903700      0.1908200      0.1912700      0.1917200      0.1921700      0.1926300      0.1930900      0.1935400      0.1940000      0.1944500      0.1949100      0.1953600      0.1958100      0.1962600      0.1967000      0.1971400      0.1975800      0.1980200      0.1984500    
  0.1862950      0.1867600      0.1868300      0.1873010      0.1877900      0.1882570      0.1887700      0.1891900      0.1896200      0.1900500      0.1904900      0.1909300      0.1913700      0.1918200      0.1922700      0.1927200      0.1931700      0.1936200      0.1940800      0.1945300      0.1949800      0.1954300      0.1958800      0.1963200      0.1967600      0.1972100      0.1976400      0.1980800      0.1985100      0.1989300    
  0.1867950      0.1868300      0.1873070      0.1877900      0.1882720      0.1887700      0.1889800      0.1891930      0.1898700      0.1906200      0.1910500      0.1914900      0.1919300      0.1923700      0.1928200      0.1932700      0.1937200      0.1941700      0.1946200      0.1950600      0.1955100      0.1959600      0.1964000      0.1968400      0.1972800      0.1977200      0.1981500      0.1985800      0.1990100      0.1994300    
  0.1868300      0.1873090      0.1877900      0.1882770      0.1887700      0.1888750      0.1889810      0.1896660      0.1906200      0.1908350      0.1915700      0.1920600      0.1925000      0.1929400      0.1933800      0.1938300      0.1942700      0.1947200      0.1951700      0.1956100      0.1960500      0.1965000      0.1969300      0.1973700      0.1978100      0.1982400      0.1986700      0.1990900      0.1995100      0.1999300    
  0.1873100      0.1877900      0.1882790      0.1887700      0.1888220      0.1888750      0.1895350      0.1906200      0.1907280      0.1916000      0.1923450      0.1926300      0.1930700      0.1935100      0.1939500      0.1943900      0.1948400      0.1952800      0.1957200      0.1961600      0.1966000      0.1970400      0.1974700      0.1979100      0.1983400      0.1987600      0.1991900      0.1996100      0.2000200      0.2004300    
  0.1877900      0.1882800      0.1887700      0.1887960      0.1888230      0.1894630      0.1906200      0.1906740      0.1916130      0.1924870      0.1926300      0.1928500      0.1933220      0.1940800      0.1945200      0.1949600      0.1954000      0.1958400      0.1962800      0.1967200      0.1971600      0.1975900      0.1980200      0.1984500      0.1988700      0.1993000      0.1997100      0.2001300      0.2005400      0.2009500    
  0.1882800      0.1887700      0.1887830      0.1887960      0.1894260      0.1906200      0.1906470      0.1916190      0.1925590      0.1926300      0.1927400      0.1932210      0.1940800      0.1943000      0.1945200      0.1949600      0.1954000      0.1958400      0.1967940      0.1972800      0.1977200      0.1981500      0.1985700      0.1990000      0.1994200      0.1998400      0.2002500      0.2006600      0.2010600      0.2014600    
  0.1887700      0.1887770      0.1887830      0.1894060      0.1906200      0.1906330      0.1916220      0.1925940      0.1926300      0.1926850      0.1931680      0.1940800      0.1941900      0.1943000      0.1945930      0.1949600      0.1954000      0.1966900      0.1975650      0.1978500      0.1982800      0.1987100      0.1991300      0.1995500      0.1999700      0.2003800      0.2007900      0.2011900      0.2015900      0.2019900    
  0.1887730      0.1887770      0.1893960      0.1906200      0.1906270      0.1916240      0.1926120      0.1926300      0.1926580      0.1931410      0.1940800      0.1941350      0.1941900      0.1943610      0.1946180      0.1949840      0.1965210      0.1977080      0.1978500      0.1983270      0.1988500      0.1992700      0.1996900      0.2001100      0.2005200      0.2009300      0.2013300      0.2017300      0.2021300      0.2025200    
  0.1887730      0.1893920      0.1906200      0.1906230      0.1916240      0.1926210      0.1926300      0.1926440      0.1931270      0.1940800      0.1941080      0.1941350      0.1942290      0.1943900      0.1946540      0.1967010      0.1977790      0.1978500      0.1989770      0.1994300      0.1996800      0.1998500      0.2002600      0.2006700      0.2010800      0.2014800      0.2018800      0.2022800      0.2026600      0.2030500    
  0.1893890      0.1906200      0.1906220      0.1916250      0.1926260      0.1926300      0.1926370      0.1931200      0.1940800      0.1940940      0.1941080      0.1941570      0.1942510      0.1963530      0.1981180      0.1996060      0.1996050      0.1998330      0.2001080      0.2003000      0.2000100      0.2004200      0.2008300      0.2012400      0.2016400      0.2020400      0.2024300      0.2028200      0.2032100      0.2035900    
  0.1906200      0.1906210      0.1916250      0.1926280      0.1926300      0.1926330      0.1931170      0.1940800      0.1940870      0.1940940      0.1941190      0.1941720      0.1978200      0.2021590      0.2021400      0.2012190      0.2014340      0.2013600      0.2008700      0.2005930      0.2005900      0.2010000      0.2014100      0.2018100      0.2022100      0.2026000      0.2029900      0.2033700      0.2037500      0.2041300    
  0.1906200      0.1916250      0.1926290      0.1926300      0.1926320      0.1931150      0.1940800      0.1940830      0.1940870      0.1941000      0.1978930      0.2035400      0.2026350      0.2021770      0.2021770      0.2021400      0.2016990      0.2015080      0.2013600      0.2012250      0.2011800      0.2015800      0.2019900      0.2023900      0.2027800      0.2031700      0.2035500      0.2039300      0.2043000      0.2046700    
  0.1916250      0.1926290      0.1926300      0.1926310      0.1931140      0.1940800      0.1940820      0.1940830      0.1940900      0.1986320      0.2035400      0.2035400      0.2035400      0.2026620      0.2022150      0.2022150      0.2021400      0.2017890      0.2016550      0.2013600      0.2017700      0.2021700      0.2025700      0.2029600      0.2033500      0.2037300      0.2041100      0.2044900      0.2048500      0.2052200    
  0.1926300      0.1926300      0.1926300      0.1931140      0.1940800      0.1940810      0.1940820      0.1970940      0.2001450      0.2035420      0.2035400      0.2035400      0.2035400      0.2035400      0.2027170      0.2022900      0.2022900      0.2021400      0.2020000      0.2019500      0.2023600      0.2027600      0.2031500      0.2035400      0.2039300      0.2043000      0.2046800      0.2050500      0.2054100      0.2057600    
  0.1926300      0.1926300      0.1931140      0.1940800      0.1940800      0.1989650      0.2062900      0.2062050      0.2061200      0.2044040      0.2035450      0.2035400      0.2035400      0.2035400      0.2035400      0.2028240      0.2024400      0.2024400      0.2021400      0.2025500      0.2029500      0.2033500      0.2037400      0.2041200      0.2045000      0.2048800      0.2052400      0.2056100      0.2059600      0.2063100    
  0.1926300      0.1931130      0.1940800      0.1940800      0.1999420      0.2062910      0.2062910      0.2062900      0.2062050      0.2061200      0.2044130      0.2035550      0.2035400      0.2035400      0.2035400      0.2035400      0.2030280      0.2027400      0.2027400      0.2031400      0.2035400      0.2039400      0.2043200      0.2047100      0.2050800      0.2054500      0.2058100      0.2061700      0.2065200      0.2068600    
