iMOD/TUTORIALS/TUT_MetaswapAnalyser/model_MetaSWAP/meteo/Evaporation/Evaporation_20060513_L1.ASC
NCOLS                30
NROWS                30
XLLCORNER     160000.00
YLLCORNER     340000.00
CELLSIZE        1000.00
NODATA_VALUE   -9999.00
   2.937090       2.927950       2.918840       2.909770       2.900740       2.891760       2.882840       2.873980       2.865190       2.856470       2.847830       2.839270       2.830800       2.822420       2.814140       2.805950       2.797870       2.789890       2.782020       2.774260       2.766620       2.759090       2.751670       2.744380       2.737200       2.730140       2.723210       2.716390       2.709700       2.703120    
   2.923500       2.914310       2.905160       2.896040       2.886970       2.877950       2.869000       2.860100       2.851270       2.842520       2.833850       2.825260       2.816760       2.808350       2.800040       2.791830       2.783730       2.775730       2.767840       2.760070       2.752410       2.744870       2.737450       2.730150       2.722970       2.715910       2.708980       2.702170       2.695480       2.688920    
   2.909810       2.900580       2.891380       2.882220       2.873110       2.864050       2.855060       2.846120       2.837260       2.828470       2.819770       2.811150       2.802620       2.794190       2.785850       2.777620       2.769500       2.761480       2.753580       2.745790       2.738120       2.730570       2.723150       2.715840       2.708660       2.701610       2.694680       2.687870       2.681190       2.674640    
   2.896040       2.886760       2.877510       2.868310       2.859160       2.850070       2.841030       2.832060       2.823160       2.814340       2.805600       2.796950       2.788400       2.779940       2.771580       2.763320       2.755180       2.747150       2.739230       2.731430       2.723750       2.716200       2.708760       2.701460       2.694280       2.687220       2.680300       2.673500       2.666830       2.660290    
   2.882180       2.872850       2.863560       2.854320       2.845130       2.835990       2.826920       2.817910       2.808980       2.800120       2.791360       2.782680       2.774090       2.765610       2.757220       2.748950       2.740780       2.732740       2.724800       2.716990       2.709310       2.701740       2.694310       2.687000       2.679820       2.672770       2.665850       2.659060       2.652410       2.645880    
   2.868240       2.858870       2.849540       2.840250       2.831020       2.821840       2.812730       2.803680       2.794720       2.785830       2.777030       2.768320       2.759710       2.751200       2.742790       2.734500       2.726310       2.718250       2.710300       2.702480       2.694790       2.687220       2.679780       2.672470       2.665290       2.658250       2.651340       2.644560       2.637920       2.631410    
   2.854230       2.844810       2.835440       2.826110       2.816830       2.807620       2.798460       2.789380       2.780380       2.771460       2.762630       2.753890       2.745250       2.736720       2.728290       2.719970       2.711770       2.703690       2.695730       2.687900       2.680200       2.672620       2.665180       2.657880       2.650700       2.643670       2.636770       2.630000       2.623370       2.616880    
   2.840150       2.830690       2.821270       2.811900       2.802580       2.793320       2.784130       2.775020       2.765980       2.757030       2.748160       2.739400       2.730730       2.722170       2.713720       2.705380       2.697160       2.689070       2.681100       2.673260       2.665550       2.657970       2.650530       2.643220       2.636050       2.629030       2.622140       2.615380       2.608770       2.602290    
   2.826010       2.816500       2.807040       2.797620       2.788270       2.778970       2.769740       2.760590       2.751510       2.742530       2.733630       2.724840       2.716140       2.707560       2.699080       2.690730       2.682490       2.674380       2.666400       2.658550       2.650840       2.643260       2.635810       2.628510       2.621350       2.614330       2.607450       2.600710       2.594120       2.587660    
   2.811810       2.802260       2.792750       2.783300       2.773890       2.764560       2.755290       2.746100       2.736990       2.727970       2.719040       2.710220       2.701500       2.692890       2.684390       2.676020       2.667760       2.659640       2.651650       2.643790       2.636070       2.628490       2.621050       2.613750       2.606590       2.599580       2.592720       2.586000       2.579420       2.572990    
   2.811820       2.802270       2.786800       2.768910       2.759470       2.750090       2.740790       2.731560       2.722410       2.713360       2.704400       2.695550       2.686800       2.678160       2.669650       2.661250       2.652980       2.644850       2.636840       2.628980       2.621250       2.613670       2.606230       2.598940       2.591790       2.584790       2.577940       2.571240       2.564680       2.558270    
   2.811840       2.792450       2.768910       2.750970       2.745000       2.735580       2.726240       2.716970       2.707790       2.698700       2.689710       2.680830       2.672050       2.663390       2.654850       2.646440       2.638160       2.630010       2.621990       2.614120       2.606390       2.598810       2.591370       2.584080       2.576950       2.569960       2.563130       2.556440       2.549910       2.543520    
   2.798650       2.768910       2.747030       2.737750       2.730500       2.721030       2.711650       2.702340       2.693130       2.684010       2.674980       2.666070       2.657270       2.648580       2.640020       2.631590       2.623290       2.615120       2.607100       2.599220       2.591490       2.583900       2.576470       2.569190       2.562060       2.555090       2.548270       2.541610       2.535100       2.528740    
   2.768910       2.745140       2.734130       2.730500       2.719330       2.706450       2.697020       2.687680       2.678430       2.669270       2.660220       2.651270       2.642440       2.633730       2.625150       2.616690       2.608380       2.600200       2.592170       2.584280       2.576550       2.568960       2.561540       2.554260       2.547150       2.540190       2.533390       2.526750       2.520260       2.513930    
   2.744220       2.732310       2.730500       2.718760       2.706450       2.695280       2.682370       2.672990       2.663700       2.654500       2.645420       2.636440       2.627580       2.618850       2.610240       2.601770       2.593440       2.585250       2.577200       2.569310       2.561580       2.553990       2.546570       2.539310       2.532200       2.525260       2.518480       2.511860       2.505400       2.499100    
   2.731410       2.730500       2.718570       2.706450       2.694700       2.682370       2.677680       2.673020       2.657730       2.639710       2.630590       2.621590       2.612700       2.603940       2.595310       2.586820       2.578470       2.570270       2.562210       2.554320       2.546580       2.539000       2.531580       2.524330       2.517240       2.510310       2.503550       2.496960       2.490530       2.484260    
   2.730500       2.718510       2.706450       2.694510       2.682370       2.680030       2.677690       2.662030       2.639710       2.635150       2.618080       2.606710       2.597800       2.589010       2.580360       2.571840       2.563480       2.555260       2.547200       2.539300       2.531560       2.523980       2.516570       2.509330       2.502250       2.495350       2.488610       2.482040       2.475640       2.469400    
   2.718490       2.706450       2.694440       2.682370       2.681200       2.680030       2.664860       2.639710       2.637430       2.616810       2.599270       2.591820       2.582880       2.574060       2.565390       2.556860       2.548470       2.540240       2.532170       2.524270       2.516520       2.508950       2.501550       2.494310       2.487250       2.480370       2.473650       2.467110       2.460740       2.454530    
   2.706450       2.694420       2.682370       2.681780       2.681200       2.666450       2.639710       2.638570       2.616260       2.595540       2.591820       2.587350       2.576970       2.559110       2.550410       2.541860       2.533460       2.525210       2.517130       2.509220       2.501480       2.493910       2.486510       2.479290       2.472250       2.465380       2.458690       2.452180       2.445840       2.439670    
   2.694410       2.682370       2.682080       2.681780       2.667290       2.639710       2.639140       2.616010       2.593680       2.591820       2.589580       2.578810       2.559110       2.554760       2.550460       2.541910       2.533510       2.525270       2.504970       2.494170       2.486430       2.478860       2.471470       2.464260       2.457240       2.450390       2.443730       2.437240       2.430940       2.424800    
   2.682370       2.682220       2.682080       2.667710       2.639710       2.639420       2.615890       2.592750       2.591820       2.590700       2.579830       2.559110       2.556930       2.554780       2.549040       2.541960       2.533560       2.505900       2.486640       2.479120       2.471370       2.463810       2.456430       2.449240       2.442230       2.435410       2.428770       2.422320       2.416040       2.409950    
   2.682300       2.682220       2.667930       2.639710       2.639570       2.615830       2.592290       2.591820       2.591260       2.580370       2.559110       2.558020       2.556940       2.553590       2.548590       2.541520       2.508690       2.482880       2.479120       2.468940       2.456330       2.448770       2.441400       2.434220       2.427230       2.420430       2.413830       2.407400       2.401170       2.395110    
   2.682300       2.668040       2.639710       2.639640       2.615790       2.592050       2.591820       2.591540       2.580640       2.559110       2.558570       2.558020       2.556180       2.553040       2.547900       2.502790       2.481000       2.479120       2.452040       2.441310       2.436770       2.433740       2.426380       2.419220       2.412250       2.405470       2.398900       2.392510       2.386310       2.380300    
   2.668100       2.639710       2.639670       2.615780       2.591940       2.591820       2.591680       2.580780       2.559110       2.558840       2.558570       2.557590       2.555750       2.506130       2.466240       2.434140       2.434130       2.429510       2.423790       2.418780       2.426280       2.418730       2.411380       2.404230       2.397280       2.390540       2.383990       2.377640       2.371480       2.365510    
   2.639710       2.639690       2.615770       2.591880       2.591820       2.591750       2.580850       2.559110       2.558970       2.558840       2.558330       2.557300       2.470580       2.366940       2.367400       2.392180       2.387280       2.389140       2.403440       2.411290       2.411280       2.403740       2.396400       2.389270       2.382340       2.375630       2.369110       2.362790       2.356680       2.350750    
   2.639700       2.615770       2.591850       2.591820       2.591780       2.580880       2.559110       2.559040       2.558970       2.558710       2.467510       2.331550       2.354760       2.366480       2.366480       2.367400       2.379910       2.385420       2.389140       2.394530       2.396320       2.388780       2.381460       2.374340       2.367440       2.360750       2.354260       2.347990       2.341910       2.336040    
   2.615770       2.591830       2.591820       2.591800       2.580900       2.559110       2.559080       2.559040       2.558910       2.449660       2.331550       2.331550       2.331550       2.354080       2.365560       2.365550       2.367400       2.377700       2.381700       2.389140       2.381390       2.373860       2.366550       2.359450       2.352570       2.345910       2.339460       2.333230       2.327200       2.321370    
   2.591830       2.591820       2.591810       2.580910       2.559110       2.559090       2.559080       2.486410       2.413030       2.331510       2.331550       2.331550       2.331550       2.331550       2.352730       2.363710       2.363710       2.367400       2.372560       2.374260       2.366510       2.358980       2.351680       2.344600       2.337750       2.331120       2.324710       2.318520       2.312530       2.306750    
   2.591820       2.591820       2.580910       2.559110       2.559100       2.440900       2.263620       2.266120       2.268620       2.310470       2.331430       2.331550       2.331550       2.331550       2.331550       2.350110       2.360030       2.360020       2.367400       2.359430       2.351680       2.344160       2.336870       2.329810       2.322980       2.316380       2.310010       2.303860       2.297930       2.292200    
   2.591820       2.580910       2.559110       2.559110       2.417250       2.263590       2.263590       2.263620       2.266120       2.268620       2.310260       2.331200       2.331550       2.331550       2.331550       2.331550       2.345150       2.352660       2.352640       2.344650       2.336900       2.329390       2.322110       2.315070       2.308270       2.301710       2.295380       2.289270       2.283390       2.277720    
