iMOD/TUTORIALS/TUT_MetaswapAnalyser/model_MetaSWAP/meteo/Evaporation/Evaporation_20050919_L1.ASC
NCOLS                30
NROWS                30
XLLCORNER     160000.00
YLLCORNER     340000.00
CELLSIZE        1000.00
NODATA_VALUE   -9999.00
   2.521360       2.521430       2.521510       2.521610       2.521740       2.521880       2.522040       2.522210       2.522400       2.522600       2.522820       2.523050       2.523290       2.523540       2.523800       2.524070       2.524340       2.524620       2.524910       2.525210       2.525510       2.525810       2.526120       2.526430       2.526740       2.527050       2.527370       2.527680       2.528000       2.528320    
   2.523340       2.523400       2.523470       2.523560       2.523680       2.523810       2.523960       2.524120       2.524300       2.524490       2.524700       2.524920       2.525140       2.525380       2.525630       2.525890       2.526150       2.526430       2.526700       2.526990       2.527280       2.527570       2.527870       2.528160       2.528470       2.528770       2.529080       2.529380       2.529690       2.529990    
   2.525340       2.525380       2.525450       2.525530       2.525630       2.525750       2.525890       2.526040       2.526210       2.526400       2.526590       2.526800       2.527020       2.527240       2.527480       2.527730       2.527980       2.528240       2.528510       2.528780       2.529060       2.529340       2.529630       2.529920       2.530210       2.530500       2.530800       2.531090       2.531390       2.531690    
   2.527350       2.527380       2.527440       2.527510       2.527600       2.527710       2.527840       2.527980       2.528140       2.528310       2.528500       2.528700       2.528900       2.529120       2.529350       2.529580       2.529830       2.530080       2.530330       2.530600       2.530860       2.531140       2.531410       2.531690       2.531970       2.532250       2.532540       2.532820       2.533110       2.533390    
   2.529370       2.529400       2.529440       2.529510       2.529590       2.529690       2.529810       2.529940       2.530090       2.530250       2.530420       2.530610       2.530810       2.531010       2.531230       2.531450       2.531690       2.531930       2.532170       2.532420       2.532680       2.532940       2.533200       2.533470       2.533740       2.534010       2.534290       2.534560       2.534840       2.535110    
   2.531410       2.531430       2.531460       2.531520       2.531590       2.531680       2.531790       2.531910       2.532050       2.532200       2.532360       2.532540       2.532720       2.532920       2.533120       2.533340       2.533560       2.533790       2.534020       2.534270       2.534510       2.534760       2.535010       2.535270       2.535530       2.535790       2.536050       2.536320       2.536580       2.536840    
   2.533460       2.533470       2.533490       2.533540       2.533600       2.533680       2.533780       2.533890       2.534020       2.534160       2.534310       2.534480       2.534650       2.534840       2.535030       2.535240       2.535450       2.535670       2.535890       2.536120       2.536360       2.536590       2.536840       2.537080       2.537330       2.537580       2.537830       2.538080       2.538340       2.538590    
   2.535520       2.535520       2.535540       2.535570       2.535630       2.535700       2.535780       2.535890       2.536000       2.536130       2.536280       2.536430       2.536600       2.536770       2.536960       2.537150       2.537350       2.537560       2.537770       2.537990       2.538210       2.538440       2.538670       2.538910       2.539150       2.539380       2.539620       2.539870       2.540110       2.540350    
   2.537600       2.537590       2.537590       2.537620       2.537660       2.537730       2.537800       2.537900       2.538000       2.538120       2.538260       2.538400       2.538550       2.538720       2.538890       2.539080       2.539270       2.539460       2.539660       2.539870       2.540090       2.540300       2.540520       2.540750       2.540970       2.541200       2.541430       2.541660       2.541890       2.542120    
   2.539680       2.539660       2.539660       2.539680       2.539710       2.539760       2.539830       2.539920       2.540010       2.540120       2.540240       2.540380       2.540520       2.540680       2.540840       2.541010       2.541190       2.541380       2.541570       2.541770       2.541970       2.542180       2.542390       2.542600       2.542810       2.543030       2.543250       2.543470       2.543690       2.543910    
   2.539690       2.539670       2.540190       2.541750       2.541770       2.541820       2.541870       2.541950       2.542030       2.542130       2.542250       2.542370       2.542500       2.542650       2.542800       2.542960       2.543130       2.543310       2.543490       2.543670       2.543870       2.544060       2.544260       2.544460       2.544660       2.544870       2.545080       2.545290       2.545490       2.545700    
   2.539690       2.540320       2.541750       2.543320       2.543840       2.543880       2.543920       2.543990       2.544070       2.544160       2.544260       2.544370       2.544500       2.544630       2.544770       2.544920       2.545080       2.545250       2.545420       2.545590       2.545770       2.545960       2.546150       2.546340       2.546530       2.546720       2.546920       2.547120       2.547310       2.547510    
   2.540380       2.541750       2.543970       2.544880       2.545920       2.545950       2.545990       2.546040       2.546110       2.546190       2.546280       2.546390       2.546500       2.546620       2.546760       2.546900       2.547040       2.547200       2.547360       2.547520       2.547690       2.547870       2.548040       2.548220       2.548400       2.548590       2.548770       2.548960       2.549140       2.549330    
   2.541750       2.544260       2.545400       2.545920       2.546630       2.548030       2.548060       2.548100       2.548160       2.548230       2.548320       2.548410       2.548510       2.548630       2.548750       2.548880       2.549020       2.549160       2.549310       2.549460       2.549620       2.549780       2.549950       2.550120       2.550290       2.550460       2.550630       2.550810       2.550980       2.551160    
   2.544400       2.545660       2.545920       2.546860       2.548030       2.548740       2.550140       2.550170       2.550220       2.550280       2.550360       2.550440       2.550540       2.550640       2.550750       2.550870       2.551000       2.551130       2.551270       2.551420       2.551560       2.551710       2.551870       2.552030       2.552180       2.552340       2.552510       2.552670       2.552830       2.553000    
   2.545790       2.545920       2.546940       2.548030       2.548970       2.550140       2.550150       2.550180       2.550760       2.552350       2.552410       2.552480       2.552570       2.552660       2.552770       2.552880       2.552990       2.553110       2.553240       2.553380       2.553510       2.553650       2.553800       2.553940       2.554090       2.554240       2.554390       2.554540       2.554690       2.554840    
   2.545920       2.546960       2.548030       2.549050       2.550140       2.550150       2.550160       2.550860       2.552350       2.552380       2.553670       2.554530       2.554610       2.554690       2.554790       2.554890       2.554990       2.555110       2.555220       2.555350       2.555470       2.555600       2.555730       2.555870       2.556000       2.556140       2.556280       2.556420       2.556560       2.556700    
   2.546970       2.548030       2.549070       2.550140       2.550140       2.550150       2.550880       2.552350       2.552370       2.554110       2.555560       2.556590       2.556660       2.556730       2.556820       2.556910       2.557000       2.557110       2.557210       2.557320       2.557440       2.557560       2.557680       2.557800       2.557930       2.558060       2.558180       2.558310       2.558440       2.558570    
   2.548030       2.549080       2.550140       2.550140       2.550140       2.550880       2.552350       2.552360       2.554300       2.556080       2.556590       2.556620       2.557190       2.558780       2.558850       2.558930       2.559020       2.559110       2.559210       2.559310       2.559420       2.559520       2.559630       2.559750       2.559860       2.559980       2.560090       2.560210       2.560330       2.560440    
   2.549080       2.550140       2.550140       2.550140       2.550880       2.552350       2.552350       2.554390       2.556330       2.556590       2.556610       2.557300       2.558780       2.558820       2.558850       2.558930       2.559020       2.559110       2.560450       2.561310       2.561400       2.561500       2.561600       2.561700       2.561800       2.561910       2.562010       2.562110       2.562220       2.562320    
   2.550140       2.550140       2.550140       2.550880       2.552350       2.552350       2.554430       2.556460       2.556590       2.556600       2.557320       2.558780       2.558800       2.558820       2.558870       2.558940       2.559020       2.560840       2.562310       2.563310       2.563390       2.563480       2.563570       2.563660       2.563750       2.563840       2.563930       2.564030       2.564120       2.564210    
   2.550140       2.550140       2.550880       2.552350       2.552350       2.554450       2.556530       2.556590       2.556590       2.557320       2.558780       2.558790       2.558800       2.558830       2.558870       2.558940       2.560980       2.562810       2.563310       2.564030       2.565390       2.565470       2.565540       2.565620       2.565700       2.565790       2.565870       2.565950       2.566030       2.566110    
   2.550140       2.550880       2.552350       2.552350       2.554460       2.556560       2.556590       2.556590       2.557320       2.558780       2.558780       2.558790       2.558800       2.558830       2.558880       2.562250       2.563060       2.563310       2.566290       2.567400       2.567440       2.567460       2.567530       2.567600       2.567670       2.567740       2.567810       2.567870       2.567940       2.568010    
   2.550880       2.552350       2.552350       2.554460       2.556570       2.556590       2.556590       2.557320       2.558780       2.558780       2.558780       2.558790       2.558810       2.564010       2.567380       2.569380       2.569380       2.569520       2.569750       2.570420       2.569410       2.569460       2.569520       2.569580       2.569630       2.569690       2.569750       2.569810       2.569870       2.569920    
   2.552350       2.552350       2.554470       2.556580       2.556590       2.556590       2.557320       2.558780       2.558780       2.558780       2.558790       2.558800       2.568170       2.579590       2.579530       2.575420       2.575710       2.575450       2.572810       2.571430       2.571420       2.571470       2.571510       2.571560       2.571610       2.571650       2.571700       2.571750       2.571790       2.571840    
   2.552350       2.554470       2.556590       2.556590       2.556590       2.557320       2.558780       2.558780       2.558780       2.558780       2.569560       2.585730       2.581690       2.579660       2.579660       2.579530       2.577080       2.575960       2.575450       2.573950       2.573450       2.573480       2.573510       2.573550       2.573590       2.573620       2.573660       2.573690       2.573720       2.573760    
   2.554470       2.556590       2.556590       2.556590       2.557320       2.558780       2.558780       2.558780       2.558780       2.571720       2.585730       2.585730       2.585730       2.581790       2.579790       2.579790       2.579530       2.577360       2.576470       2.575450       2.575470       2.575500       2.575520       2.575540       2.575570       2.575590       2.575620       2.575640       2.575660       2.575680    
   2.556590       2.556590       2.556590       2.557320       2.558780       2.558780       2.558780       2.568120       2.576730       2.585740       2.585730       2.585730       2.585730       2.585730       2.581970       2.580040       2.580040       2.579530       2.578000       2.577490       2.577500       2.577510       2.577530       2.577540       2.577560       2.577570       2.577580       2.577590       2.577600       2.577610    
   2.556590       2.556590       2.557320       2.558780       2.558780       2.574580       2.598280       2.597200       2.596130       2.589210       2.585750       2.585730       2.585730       2.585730       2.585730       2.582340       2.580560       2.580560       2.579530       2.579530       2.579530       2.579540       2.579540       2.579540       2.579550       2.579550       2.579550       2.579550       2.579540       2.579540    
   2.556590       2.557320       2.558780       2.558780       2.577740       2.598280       2.598280       2.598280       2.597210       2.596130       2.589240       2.585780       2.585730       2.585730       2.585730       2.585730       2.583010       2.581590       2.581590       2.581580       2.581570       2.581560       2.581560       2.581550       2.581540       2.581530       2.581520       2.581510       2.581490       2.581470    
