iMOD/TUTORIALS/TUT_MetaswapAnalyser/model_MetaSWAP/meteo/Evaporation/Evaporation_20060713_L1.ASC
NCOLS                30
NROWS                30
XLLCORNER     160000.00
YLLCORNER     340000.00
CELLSIZE        1000.00
NODATA_VALUE   -9999.00
   4.993090       4.993200       4.993300       4.993410       4.993510       4.993610       4.993720       4.993820       4.993920       4.994030       4.994130       4.994240       4.994350       4.994460       4.994580       4.994690       4.994820       4.994940       4.995070       4.995210       4.995350       4.995500       4.995660       4.995830       4.996000       4.996190       4.996380       4.996580       4.996800       4.997020    
   4.988990       4.989060       4.989130       4.989200       4.989270       4.989340       4.989410       4.989480       4.989560       4.989630       4.989710       4.989800       4.989880       4.989970       4.990070       4.990170       4.990280       4.990390       4.990510       4.990640       4.990780       4.990920       4.991080       4.991240       4.991420       4.991600       4.991800       4.992010       4.992230       4.992470    
   4.984860       4.984890       4.984920       4.984950       4.984990       4.985030       4.985070       4.985110       4.985150       4.985200       4.985260       4.985320       4.985380       4.985450       4.985530       4.985610       4.985710       4.985810       4.985920       4.986040       4.986170       4.986310       4.986460       4.986620       4.986800       4.986990       4.987190       4.987400       4.987630       4.987880    
   4.980680       4.980680       4.980680       4.980670       4.980680       4.980680       4.980690       4.980700       4.980720       4.980740       4.980770       4.980800       4.980850       4.980900       4.980950       4.981020       4.981100       4.981190       4.981290       4.981400       4.981520       4.981650       4.981800       4.981960       4.982140       4.982330       4.982540       4.982760       4.983000       4.983260    
   4.976480       4.976440       4.976400       4.976360       4.976330       4.976300       4.976280       4.976260       4.976250       4.976240       4.976250       4.976260       4.976280       4.976310       4.976350       4.976400       4.976460       4.976540       4.976620       4.976730       4.976840       4.976970       4.977120       4.977280       4.977460       4.977650       4.977860       4.978090       4.978340       4.978600    
   4.972250       4.972170       4.972090       4.972020       4.971950       4.971890       4.971840       4.971790       4.971750       4.971720       4.971690       4.971680       4.971680       4.971690       4.971710       4.971740       4.971790       4.971850       4.971930       4.972020       4.972130       4.972260       4.972400       4.972560       4.972740       4.972940       4.973150       4.973390       4.973640       4.973920    
   4.967980       4.967870       4.967750       4.967650       4.967550       4.967450       4.967370       4.967290       4.967220       4.967160       4.967110       4.967080       4.967050       4.967040       4.967040       4.967060       4.967100       4.967140       4.967210       4.967300       4.967400       4.967520       4.967660       4.967820       4.968000       4.968200       4.968420       4.968660       4.968930       4.969210    
   4.963700       4.963540       4.963390       4.963250       4.963110       4.962990       4.962870       4.962760       4.962660       4.962580       4.962500       4.962440       4.962400       4.962370       4.962350       4.962350       4.962370       4.962410       4.962460       4.962540       4.962640       4.962750       4.962890       4.963050       4.963230       4.963430       4.963660       4.963910       4.964180       4.964480    
   4.959380       4.959190       4.959010       4.958830       4.958660       4.958500       4.958350       4.958210       4.958090       4.957970       4.957870       4.957790       4.957720       4.957670       4.957640       4.957620       4.957630       4.957650       4.957690       4.957760       4.957850       4.957960       4.958100       4.958250       4.958440       4.958640       4.958880       4.959130       4.959410       4.959720    
   4.955050       4.954820       4.954600       4.954390       4.954180       4.953990       4.953810       4.953640       4.953490       4.953350       4.953220       4.953110       4.953020       4.952950       4.952900       4.952870       4.952860       4.952870       4.952900       4.952960       4.953040       4.953150       4.953280       4.953440       4.953620       4.953840       4.954070       4.954340       4.954630       4.954940    
   4.955050       4.954820       4.953430       4.949920       4.949690       4.949460       4.949250       4.949050       4.948870       4.948700       4.948550       4.948420       4.948310       4.948210       4.948140       4.948090       4.948070       4.948070       4.948090       4.948140       4.948220       4.948320       4.948450       4.948610       4.948790       4.949010       4.949250       4.949520       4.949820       4.950150    
   4.955060       4.953310       4.949920       4.946360       4.945180       4.944920       4.944670       4.944450       4.944230       4.944040       4.943860       4.943710       4.943570       4.943460       4.943370       4.943300       4.943260       4.943250       4.943260       4.943300       4.943370       4.943470       4.943600       4.943750       4.943940       4.944160       4.944410       4.944690       4.945000       4.945340    
   4.953390       4.949920       4.944960       4.942910       4.940650       4.940360       4.940080       4.939820       4.939580       4.939360       4.939160       4.938980       4.938820       4.938690       4.938580       4.938500       4.938440       4.938410       4.938420       4.938450       4.938510       4.938600       4.938730       4.938890       4.939080       4.939300       4.939550       4.939840       4.940160       4.940510    
   4.949920       4.944330       4.941780       4.940650       4.938930       4.935790       4.935480       4.935190       4.934920       4.934670       4.934440       4.934240       4.934060       4.933900       4.933780       4.933680       4.933610       4.933570       4.933560       4.933580       4.933640       4.933730       4.933850       4.934010       4.934200       4.934420       4.934690       4.934980       4.935310       4.935670    
   4.944030       4.941220       4.940650       4.938460       4.935790       4.934050       4.930870       4.930550       4.930250       4.929970       4.929720       4.929490       4.929290       4.929110       4.928960       4.928850       4.928760       4.928710       4.928690       4.928700       4.928750       4.928840       4.928960       4.929120       4.929310       4.929540       4.929810       4.930110       4.930450       4.930820    
   4.940930       4.940650       4.938300       4.935790       4.933570       4.930870       4.930710       4.930560       4.929010       4.925260       4.924980       4.924730       4.924500       4.924310       4.924140       4.924010       4.923910       4.923840       4.923810       4.923820       4.923860       4.923940       4.924060       4.924210       4.924410       4.924650       4.924920       4.925230       4.925580       4.925970    
   4.940650       4.938250       4.935790       4.933410       4.930870       4.930790       4.930710       4.928880       4.925260       4.925120       4.922030       4.919960       4.919720       4.919500       4.919310       4.919160       4.919040       4.918970       4.918920       4.918920       4.918960       4.919030       4.919150       4.919310       4.919510       4.919750       4.920030       4.920350       4.920710       4.921110    
   4.938230       4.935790       4.933360       4.930870       4.930830       4.930790       4.928910       4.925260       4.925190       4.921040       4.917580       4.915200       4.914920       4.914680       4.914480       4.914310       4.914180       4.914090       4.914030       4.914020       4.914050       4.914120       4.914240       4.914400       4.914600       4.914840       4.915130       4.915460       4.915830       4.916240    
   4.935790       4.933340       4.930870       4.930850       4.930830       4.928950       4.925260       4.925230       4.920620       4.916390       4.915200       4.915060       4.913670       4.909870       4.909640       4.909460       4.909310       4.909200       4.909140       4.909120       4.909140       4.909210       4.909320       4.909480       4.909680       4.909930       4.910230       4.910570       4.910950       4.911380    
   4.933330       4.930870       4.930860       4.930850       4.928970       4.925260       4.925240       4.920420       4.915800       4.915200       4.915130       4.913450       4.909870       4.909750       4.909660       4.909470       4.909320       4.909220       4.906200       4.904220       4.904230       4.904300       4.904410       4.904560       4.904770       4.905030       4.905330       4.905680       4.906070       4.906510    
   4.930870       4.930870       4.930860       4.928990       4.925260       4.925250       4.920320       4.915500       4.915200       4.915160       4.913410       4.909870       4.909810       4.909760       4.909630       4.909480       4.909340       4.905160       4.901760       4.899310       4.899320       4.899380       4.899490       4.899650       4.899860       4.900120       4.900430       4.900790       4.901200       4.901650    
   4.930870       4.930870       4.928990       4.925260       4.925260       4.920280       4.915350       4.915200       4.915180       4.913410       4.909870       4.909840       4.909810       4.909730       4.909620       4.909480       4.904770       4.900540       4.899310       4.897680       4.894420       4.894470       4.894580       4.894740       4.894960       4.895220       4.895540       4.895910       4.896330       4.896800    
   4.930870       4.929000       4.925260       4.925260       4.920250       4.915270       4.915200       4.915190       4.913420       4.909870       4.909860       4.909840       4.909800       4.909720       4.909610       4.901700       4.899920       4.899310       4.892180       4.889530       4.889550       4.889570       4.889680       4.889840       4.890060       4.890330       4.890660       4.891040       4.891470       4.891950    
   4.929000       4.925260       4.925260       4.920240       4.915240       4.915200       4.915200       4.913420       4.909870       4.909860       4.909860       4.909830       4.909790       4.897430       4.889430       4.884700       4.884700       4.884370       4.883830       4.882190       4.884630       4.884680       4.884780       4.884950       4.885170       4.885450       4.885780       4.886170       4.886620       4.887120    
   4.925260       4.925260       4.920240       4.915220       4.915200       4.915200       4.913420       4.909870       4.909870       4.909860       4.909850       4.909820       4.887550       4.860430       4.860580       4.870260       4.869480       4.870080       4.876430       4.879760       4.879760       4.879800       4.879900       4.880070       4.880290       4.880580       4.880920       4.881320       4.881780       4.882300    
   4.925260       4.920230       4.915210       4.915200       4.915200       4.913420       4.909870       4.909870       4.909870       4.909860       4.884560       4.846620       4.855710       4.860280       4.860280       4.860580       4.866290       4.868880       4.870080       4.873690       4.874890       4.874930       4.875030       4.875200       4.875430       4.875720       4.876070       4.876490       4.876960       4.877490    
   4.920230       4.915210       4.915200       4.915200       4.913420       4.909870       4.909870       4.909870       4.909860       4.879500       4.846620       4.846620       4.846620       4.855490       4.859990       4.859990       4.860580       4.865610       4.867670       4.870080       4.870050       4.870080       4.870180       4.870350       4.870580       4.870880       4.871240       4.871670       4.872160       4.872710    
   4.915200       4.915200       4.915200       4.913420       4.909870       4.909870       4.909870       4.888460       4.868200       4.846610       4.846620       4.846620       4.846620       4.846620       4.855050       4.859390       4.859390       4.860580       4.864090       4.865260       4.865220       4.865250       4.865350       4.865520       4.865750       4.866060       4.866440       4.866880       4.867380       4.867950    
   4.915200       4.915200       4.913420       4.909870       4.909870       4.874070       4.820370       4.822300       4.824230       4.839120       4.846580       4.846620       4.846620       4.846620       4.846620       4.854220       4.858200       4.858200       4.860580       4.860460       4.860410       4.860440       4.860540       4.860710       4.860950       4.861270       4.861650       4.862110       4.862630       4.863210    
   4.915200       4.913420       4.909870       4.909870       4.866900       4.820360       4.820360       4.820370       4.822300       4.824230       4.839060       4.846510       4.846620       4.846620       4.846620       4.846620       4.852660       4.855830       4.855820       4.855690       4.855630       4.855650       4.855750       4.855920       4.856170       4.856500       4.856890       4.857360       4.857900       4.858500    
