iMOD/TUTORIALS/TUT_MetaswapAnalyser/model_MetaSWAP/meteo/Evaporation/Evaporation_20060114_L1.ASC
NCOLS                30
NROWS                30
XLLCORNER     160000.00
YLLCORNER     340000.00
CELLSIZE        1000.00
NODATA_VALUE   -9999.00
  0.5126900      0.5123800      0.5120700      0.5117800      0.5114900      0.5112100      0.5109300      0.5106600      0.5104000      0.5101500      0.5099100      0.5096700      0.5094400      0.5092100      0.5090000      0.5087900      0.5085800      0.5083900      0.5082000      0.5080200      0.5078500      0.5076800      0.5075200      0.5073600      0.5072200      0.5070700      0.5069400      0.5068100      0.5066900      0.5065700    
  0.5135600      0.5132500      0.5129500      0.5126500      0.5123600      0.5120800      0.5118100      0.5115400      0.5112800      0.5110300      0.5107800      0.5105400      0.5103100      0.5100900      0.5098700      0.5096600      0.5094600      0.5092600      0.5090700      0.5088900      0.5087100      0.5085400      0.5083800      0.5082300      0.5080800      0.5079300      0.5077900      0.5076600      0.5075400      0.5074200    
  0.5144400      0.5141300      0.5138300      0.5135300      0.5132400      0.5129600      0.5126900      0.5124200      0.5121600      0.5119100      0.5116600      0.5114200      0.5111900      0.5109600      0.5107500      0.5105400      0.5103300      0.5101300      0.5099400      0.5097600      0.5095800      0.5094100      0.5092500      0.5090900      0.5089400      0.5087900      0.5086500      0.5085200      0.5083900      0.5082700    
  0.5153100      0.5150000      0.5147000      0.5144100      0.5141200      0.5138400      0.5135600      0.5133000      0.5130400      0.5127800      0.5125400      0.5123000      0.5120700      0.5118400      0.5116200      0.5114100      0.5112100      0.5110100      0.5108200      0.5106300      0.5104500      0.5102800      0.5101100      0.5099500      0.5098000      0.5096500      0.5095100      0.5093800      0.5092500      0.5091200    
  0.5161900      0.5158800      0.5155800      0.5152900      0.5150000      0.5147200      0.5144400      0.5141800      0.5139200      0.5136600      0.5134200      0.5131800      0.5129500      0.5127200      0.5125000      0.5122900      0.5120800      0.5118800      0.5116900      0.5115000      0.5113200      0.5111500      0.5109800      0.5108200      0.5106600      0.5105100      0.5103700      0.5102300      0.5101000      0.5099700    
  0.5170700      0.5167600      0.5164600      0.5161600      0.5158800      0.5156000      0.5153200      0.5150600      0.5148000      0.5145400      0.5143000      0.5140600      0.5138200      0.5136000      0.5133800      0.5131600      0.5129600      0.5127600      0.5125600      0.5123800      0.5121900      0.5120200      0.5118500      0.5116900      0.5115300      0.5113800      0.5112300      0.5110900      0.5109600      0.5108300    
  0.5179400      0.5176400      0.5173400      0.5170400      0.5167600      0.5164800      0.5162000      0.5159400      0.5156800      0.5154300      0.5151800      0.5149400      0.5147000      0.5144800      0.5142600      0.5140400      0.5138400      0.5136300      0.5134400      0.5132500      0.5130700      0.5128900      0.5127200      0.5125500      0.5123900      0.5122400      0.5120900      0.5119500      0.5118100      0.5116800    
  0.5188200      0.5185100      0.5182100      0.5179200      0.5176400      0.5173600      0.5170900      0.5168200      0.5165600      0.5163100      0.5160600      0.5158200      0.5155900      0.5153600      0.5151400      0.5149200      0.5147100      0.5145100      0.5143100      0.5141200      0.5139400      0.5137600      0.5135900      0.5134200      0.5132600      0.5131100      0.5129600      0.5128100      0.5126700      0.5125400    
  0.5197000      0.5193900      0.5190900      0.5188000      0.5185200      0.5182400      0.5179700      0.5177000      0.5174400      0.5171900      0.5169400      0.5167000      0.5164700      0.5162400      0.5160200      0.5158000      0.5155900      0.5153900      0.5151900      0.5150000      0.5148100      0.5146300      0.5144600      0.5142900      0.5141300      0.5139700      0.5138200      0.5136700      0.5135300      0.5134000    
  0.5205700      0.5202700      0.5199700      0.5196800      0.5194000      0.5191200      0.5188500      0.5185800      0.5183200      0.5180700      0.5178200      0.5175800      0.5173500      0.5171200      0.5169000      0.5166800      0.5164700      0.5162700      0.5160700      0.5158700      0.5156900      0.5155100      0.5153300      0.5151600      0.5150000      0.5148400      0.5146800      0.5145400      0.5143900      0.5142500    
  0.5205730      0.5202700      0.5201200      0.5205600      0.5202800      0.5200000      0.5197300      0.5194600      0.5192000      0.5189500      0.5187000      0.5184600      0.5182300      0.5180000      0.5177800      0.5175600      0.5173500      0.5171400      0.5169400      0.5167500      0.5165600      0.5163800      0.5162000      0.5160300      0.5158700      0.5157000      0.5155500      0.5154000      0.5152500      0.5151100    
  0.5205760      0.5203810      0.5205600      0.5210100      0.5211600      0.5208800      0.5206100      0.5203500      0.5200900      0.5198300      0.5195900      0.5193500      0.5191100      0.5188800      0.5186600      0.5184400      0.5182300      0.5180200      0.5178200      0.5176300      0.5174400      0.5172500      0.5170800      0.5169000      0.5167300      0.5165700      0.5164100      0.5162600      0.5161100      0.5159700    
  0.5206000      0.5205600      0.5213030      0.5216000      0.5220400      0.5217600      0.5214900      0.5212300      0.5209700      0.5207200      0.5204700      0.5202300      0.5199900      0.5197600      0.5195400      0.5193200      0.5191100      0.5189000      0.5187000      0.5185000      0.5183100      0.5181300      0.5179500      0.5177700      0.5176000      0.5174400      0.5172800      0.5171300      0.5169800      0.5168300    
  0.5205600      0.5214310      0.5218200      0.5220400      0.5221470      0.5226400      0.5223700      0.5221100      0.5218500      0.5216000      0.5213500      0.5211100      0.5208800      0.5206500      0.5204200      0.5202000      0.5199900      0.5197800      0.5195800      0.5193800      0.5191900      0.5190000      0.5188200      0.5186500      0.5184700      0.5183100      0.5181500      0.5179900      0.5178400      0.5176900    
  0.5214900      0.5219300      0.5220400      0.5222760      0.5226400      0.5227530      0.5232500      0.5229900      0.5227300      0.5224800      0.5222300      0.5219900      0.5217600      0.5215300      0.5213000      0.5210800      0.5208700      0.5206600      0.5204600      0.5202600      0.5200700      0.5198800      0.5197000      0.5195200      0.5193400      0.5191800      0.5190100      0.5188600      0.5187000      0.5185500    
  0.5219850      0.5220400      0.5223190      0.5226400      0.5228810      0.5232500      0.5231200      0.5229900      0.5228900      0.5233600      0.5231200      0.5228700      0.5226400      0.5224100      0.5221800      0.5219600      0.5217500      0.5215400      0.5213400      0.5211400      0.5209400      0.5207500      0.5205700      0.5203900      0.5202200      0.5200500      0.5198800      0.5197200      0.5195600      0.5194100    
  0.5220400      0.5223330      0.5226400      0.5229240      0.5232500      0.5231850      0.5231200      0.5230900      0.5233600      0.5232400      0.5235500      0.5237600      0.5235200      0.5232900      0.5230600      0.5228400      0.5226300      0.5224200      0.5222100      0.5220100      0.5218200      0.5216300      0.5214400      0.5212600      0.5210900      0.5209100      0.5207500      0.5205900      0.5204300      0.5202700    
  0.5223380      0.5226400      0.5229380      0.5232500      0.5232170      0.5231850      0.5231890      0.5233600      0.5233000      0.5237980      0.5242000      0.5246400      0.5244000      0.5241700      0.5239500      0.5237200      0.5235100      0.5233000      0.5230900      0.5228900      0.5226900      0.5225000      0.5223200      0.5221300      0.5219600      0.5217800      0.5216200      0.5214500      0.5212900      0.5211400    
  0.5226400      0.5229430      0.5232500      0.5232340      0.5232170      0.5232380      0.5233600      0.5233300      0.5239040      0.5244200      0.5246400      0.5245200      0.5245650      0.5250500      0.5248300      0.5246000      0.5243900      0.5241800      0.5239700      0.5237700      0.5235700      0.5233800      0.5231900      0.5230100      0.5228300      0.5226500      0.5224800      0.5223200      0.5221500      0.5220000    
  0.5229440      0.5232500      0.5232420      0.5232340      0.5232620      0.5233600      0.5233450      0.5239530      0.5245300      0.5246400      0.5245800      0.5246940      0.5250500      0.5249400      0.5248270      0.5246070      0.5243900      0.5241800      0.5244180      0.5246500      0.5244500      0.5242500      0.5240600      0.5238800      0.5237000      0.5235200      0.5233500      0.5231800      0.5230200      0.5228600    
  0.5232500      0.5232460      0.5232420      0.5232740      0.5233600      0.5233530      0.5239770      0.5245850      0.5246400      0.5246100      0.5247410      0.5250500      0.5249950      0.5249390      0.5247910      0.5246080      0.5243920      0.5247190      0.5250850      0.5255200      0.5253200      0.5251300      0.5249400      0.5247500      0.5245700      0.5243900      0.5242200      0.5240500      0.5238800      0.5237200    
  0.5232480      0.5232460      0.5232810      0.5233600      0.5233560      0.5239880      0.5246130      0.5246400      0.5246250      0.5247600      0.5250500      0.5250230      0.5249950      0.5249080      0.5247790      0.5245970      0.5249080      0.5253030      0.5255200      0.5256800      0.5262000      0.5260000      0.5258100      0.5256200      0.5254400      0.5252600      0.5250800      0.5249100      0.5247400      0.5245800    
  0.5232480      0.5232840      0.5233600      0.5233580      0.5239940      0.5246260      0.5246400      0.5246330      0.5247690      0.5250500      0.5250360      0.5250220      0.5249750      0.5248940      0.5247620      0.5255680      0.5254110      0.5255200      0.5266650      0.5270750      0.5269560      0.5268800      0.5266800      0.5264900      0.5263100      0.5261300      0.5259500      0.5257800      0.5256100      0.5254400    
  0.5232850      0.5233600      0.5233590      0.5239970      0.5246330      0.5246400      0.5246360      0.5247730      0.5250500      0.5250430      0.5250360      0.5250110      0.5249640      0.5268380      0.5278180      0.5281450      0.5281450      0.5281060      0.5280930      0.5283850      0.5279500      0.5277500      0.5275500      0.5273600      0.5271800      0.5269900      0.5268200      0.5266400      0.5264700      0.5263000    
  0.5233600      0.5233600      0.5239990      0.5246370      0.5246400      0.5246380      0.5247750      0.5250500      0.5250470      0.5250430      0.5250300      0.5250040      0.5284670      0.5327470      0.5327200      0.5308190      0.5308790      0.5307700      0.5294840      0.5288200      0.5288200      0.5286200      0.5284300      0.5282300      0.5280500      0.5278600      0.5276800      0.5275000      0.5273300      0.5271600    
  0.5233600      0.5239990      0.5246380      0.5246400      0.5246390      0.5247760      0.5250500      0.5250480      0.5250470      0.5250400      0.5292310      0.5355400      0.5337010      0.5327740      0.5327740      0.5327200      0.5315320      0.5309880      0.5307700      0.5299600      0.5296900      0.5294900      0.5293000      0.5291000      0.5289100      0.5287300      0.5285500      0.5283700      0.5281900      0.5280200    
  0.5240000      0.5246390      0.5246400      0.5246400      0.5247760      0.5250500      0.5250490      0.5250480      0.5250450      0.5300800      0.5355400      0.5355400      0.5355400      0.5337410      0.5328290      0.5328290      0.5327200      0.5316510      0.5312050      0.5307700      0.5305600      0.5303600      0.5301700      0.5299700      0.5297800      0.5295900      0.5294100      0.5292300      0.5290500      0.5288800    
  0.5246400      0.5246400      0.5246400      0.5247760      0.5250500      0.5250500      0.5250490      0.5288060      0.5321430      0.5355420      0.5355400      0.5355400      0.5355400      0.5355400      0.5338190      0.5329380      0.5329380      0.5327200      0.5319100      0.5316400      0.5314400      0.5312300      0.5310300      0.5308400      0.5306500      0.5304600      0.5302700      0.5300900      0.5299100      0.5297400    
  0.5246400      0.5246400      0.5247770      0.5250500      0.5250500      0.5314900      0.5411500      0.5406150      0.5400800      0.5370600      0.5355470      0.5355400      0.5355400      0.5355400      0.5355400      0.5339720      0.5331550      0.5331550      0.5327200      0.5325100      0.5323100      0.5321000      0.5319000      0.5317100      0.5315100      0.5313200      0.5311400      0.5309500      0.5307700      0.5305900    
  0.5246400      0.5247770      0.5250500      0.5250500      0.5327790      0.5411520      0.5411520      0.5411500      0.5406150      0.5400800      0.5370720      0.5355610      0.5355400      0.5355400      0.5355400      0.5355400      0.5342540      0.5335900      0.5335900      0.5333800      0.5331700      0.5329700      0.5327700      0.5325700      0.5323800      0.5321900      0.5320000      0.5318100      0.5316300      0.5314500    
