iMOD/TUTORIALS/TUT_MetaswapAnalyser/model_MetaSWAP/meteo/Evaporation/Evaporation_20061230_L1.ASC
NCOLS                30
NROWS                30
XLLCORNER     160000.00
YLLCORNER     340000.00
CELLSIZE        1000.00
NODATA_VALUE   -9999.00
  0.5619000E-01  0.5569000E-01  0.5519000E-01  0.5470000E-01  0.5421000E-01  0.5373000E-01  0.5325000E-01  0.5277000E-01  0.5229000E-01  0.5182000E-01  0.5135000E-01  0.5087000E-01  0.5040000E-01  0.4993000E-01  0.4946000E-01  0.4899000E-01  0.4853000E-01  0.4806000E-01  0.4759000E-01  0.4712000E-01  0.4665000E-01  0.4618000E-01  0.4570000E-01  0.4523000E-01  0.4476000E-01  0.4428000E-01  0.4381000E-01  0.4333000E-01  0.4285000E-01  0.4237000E-01
  0.5629000E-01  0.5579000E-01  0.5529000E-01  0.5480000E-01  0.5432000E-01  0.5383000E-01  0.5335000E-01  0.5287000E-01  0.5240000E-01  0.5192000E-01  0.5145000E-01  0.5098000E-01  0.5051000E-01  0.5004000E-01  0.4957000E-01  0.4910000E-01  0.4863000E-01  0.4816000E-01  0.4769000E-01  0.4722000E-01  0.4675000E-01  0.4628000E-01  0.4580000E-01  0.4533000E-01  0.4485000E-01  0.4438000E-01  0.4390000E-01  0.4342000E-01  0.4294000E-01  0.4246000E-01
  0.5639000E-01  0.5589000E-01  0.5540000E-01  0.5491000E-01  0.5442000E-01  0.5394000E-01  0.5346000E-01  0.5298000E-01  0.5250000E-01  0.5203000E-01  0.5156000E-01  0.5108000E-01  0.5061000E-01  0.5014000E-01  0.4967000E-01  0.4920000E-01  0.4873000E-01  0.4826000E-01  0.4779000E-01  0.4732000E-01  0.4685000E-01  0.4638000E-01  0.4590000E-01  0.4543000E-01  0.4495000E-01  0.4448000E-01  0.4400000E-01  0.4352000E-01  0.4304000E-01  0.4256000E-01
  0.5649000E-01  0.5600000E-01  0.5551000E-01  0.5502000E-01  0.5453000E-01  0.5405000E-01  0.5357000E-01  0.5309000E-01  0.5261000E-01  0.5214000E-01  0.5167000E-01  0.5119000E-01  0.5072000E-01  0.5025000E-01  0.4978000E-01  0.4931000E-01  0.4884000E-01  0.4837000E-01  0.4790000E-01  0.4743000E-01  0.4696000E-01  0.4648000E-01  0.4601000E-01  0.4553000E-01  0.4506000E-01  0.4458000E-01  0.4410000E-01  0.4362000E-01  0.4314000E-01  0.4265000E-01
  0.5660000E-01  0.5611000E-01  0.5561000E-01  0.5513000E-01  0.5464000E-01  0.5416000E-01  0.5368000E-01  0.5320000E-01  0.5273000E-01  0.5225000E-01  0.5178000E-01  0.5131000E-01  0.5083000E-01  0.5036000E-01  0.4989000E-01  0.4942000E-01  0.4895000E-01  0.4848000E-01  0.4801000E-01  0.4754000E-01  0.4706000E-01  0.4659000E-01  0.4611000E-01  0.4564000E-01  0.4516000E-01  0.4468000E-01  0.4420000E-01  0.4372000E-01  0.4324000E-01  0.4275000E-01
  0.5671000E-01  0.5622000E-01  0.5573000E-01  0.5524000E-01  0.5475000E-01  0.5427000E-01  0.5379000E-01  0.5332000E-01  0.5284000E-01  0.5237000E-01  0.5189000E-01  0.5142000E-01  0.5095000E-01  0.5048000E-01  0.5001000E-01  0.4954000E-01  0.4906000E-01  0.4859000E-01  0.4812000E-01  0.4765000E-01  0.4717000E-01  0.4670000E-01  0.4622000E-01  0.4575000E-01  0.4527000E-01  0.4479000E-01  0.4431000E-01  0.4382000E-01  0.4334000E-01  0.4285000E-01
  0.5682000E-01  0.5633000E-01  0.5584000E-01  0.5535000E-01  0.5487000E-01  0.5439000E-01  0.5391000E-01  0.5343000E-01  0.5296000E-01  0.5248000E-01  0.5201000E-01  0.5154000E-01  0.5107000E-01  0.5059000E-01  0.5012000E-01  0.4965000E-01  0.4918000E-01  0.4871000E-01  0.4824000E-01  0.4776000E-01  0.4729000E-01  0.4681000E-01  0.4633000E-01  0.4586000E-01  0.4538000E-01  0.4490000E-01  0.4441000E-01  0.4393000E-01  0.4344000E-01  0.4295000E-01
  0.5693000E-01  0.5644000E-01  0.5595000E-01  0.5547000E-01  0.5499000E-01  0.5450000E-01  0.5403000E-01  0.5355000E-01  0.5307000E-01  0.5260000E-01  0.5213000E-01  0.5166000E-01  0.5118000E-01  0.5071000E-01  0.5024000E-01  0.4977000E-01  0.4930000E-01  0.4883000E-01  0.4835000E-01  0.4788000E-01  0.4740000E-01  0.4693000E-01  0.4645000E-01  0.4597000E-01  0.4549000E-01  0.4500000E-01  0.4452000E-01  0.4403000E-01  0.4355000E-01  0.4306000E-01
  0.5705000E-01  0.5656000E-01  0.5607000E-01  0.5558000E-01  0.5510000E-01  0.5462000E-01  0.5415000E-01  0.5367000E-01  0.5319000E-01  0.5272000E-01  0.5225000E-01  0.5178000E-01  0.5130000E-01  0.5083000E-01  0.5036000E-01  0.4989000E-01  0.4942000E-01  0.4894000E-01  0.4847000E-01  0.4800000E-01  0.4752000E-01  0.4704000E-01  0.4656000E-01  0.4608000E-01  0.4560000E-01  0.4512000E-01  0.4463000E-01  0.4414000E-01  0.4365000E-01  0.4316000E-01
  0.5716000E-01  0.5667000E-01  0.5619000E-01  0.5570000E-01  0.5522000E-01  0.5474000E-01  0.5427000E-01  0.5379000E-01  0.5332000E-01  0.5284000E-01  0.5237000E-01  0.5190000E-01  0.5143000E-01  0.5095000E-01  0.5048000E-01  0.5001000E-01  0.4954000E-01  0.4906000E-01  0.4859000E-01  0.4811000E-01  0.4764000E-01  0.4716000E-01  0.4668000E-01  0.4620000E-01  0.4571000E-01  0.4523000E-01  0.4474000E-01  0.4425000E-01  0.4376000E-01  0.4327000E-01
  0.5716000E-01  0.5667330E-01  0.5609500E-01  0.5582000E-01  0.5534000E-01  0.5486000E-01  0.5439000E-01  0.5391000E-01  0.5344000E-01  0.5297000E-01  0.5249000E-01  0.5202000E-01  0.5155000E-01  0.5108000E-01  0.5061000E-01  0.5013000E-01  0.4966000E-01  0.4919000E-01  0.4871000E-01  0.4823000E-01  0.4776000E-01  0.4728000E-01  0.4680000E-01  0.4631000E-01  0.4583000E-01  0.4534000E-01  0.4486000E-01  0.4437000E-01  0.4387000E-01  0.4338000E-01
  0.5716220E-01  0.5643710E-01  0.5582000E-01  0.5555250E-01  0.5546000E-01  0.5499000E-01  0.5451000E-01  0.5404000E-01  0.5356000E-01  0.5309000E-01  0.5262000E-01  0.5215000E-01  0.5167000E-01  0.5120000E-01  0.5073000E-01  0.5026000E-01  0.4978000E-01  0.4931000E-01  0.4883000E-01  0.4836000E-01  0.4788000E-01  0.4740000E-01  0.4692000E-01  0.4643000E-01  0.4595000E-01  0.4546000E-01  0.4497000E-01  0.4448000E-01  0.4398000E-01  0.4349000E-01
  0.5676820E-01  0.5582000E-01  0.5562190E-01  0.5552500E-01  0.5559000E-01  0.5511000E-01  0.5463000E-01  0.5416000E-01  0.5369000E-01  0.5322000E-01  0.5274000E-01  0.5227000E-01  0.5180000E-01  0.5133000E-01  0.5086000E-01  0.5038000E-01  0.4991000E-01  0.4943000E-01  0.4896000E-01  0.4848000E-01  0.4800000E-01  0.4752000E-01  0.4704000E-01  0.4655000E-01  0.4607000E-01  0.4558000E-01  0.4509000E-01  0.4459000E-01  0.4410000E-01  0.4360000E-01
  0.5582000E-01  0.5564730E-01  0.5555750E-01  0.5559000E-01  0.5531000E-01  0.5523000E-01  0.5476000E-01  0.5429000E-01  0.5381000E-01  0.5334000E-01  0.5287000E-01  0.5240000E-01  0.5193000E-01  0.5146000E-01  0.5098000E-01  0.5051000E-01  0.5004000E-01  0.4956000E-01  0.4908000E-01  0.4860000E-01  0.4812000E-01  0.4764000E-01  0.4716000E-01  0.4667000E-01  0.4618000E-01  0.4569000E-01  0.4520000E-01  0.4471000E-01  0.4421000E-01  0.4371000E-01
  0.5565780E-01  0.5557370E-01  0.5559000E-01  0.5537670E-01  0.5523000E-01  0.5495670E-01  0.5488000E-01  0.5441000E-01  0.5394000E-01  0.5347000E-01  0.5300000E-01  0.5253000E-01  0.5205000E-01  0.5158000E-01  0.5111000E-01  0.5064000E-01  0.5016000E-01  0.4969000E-01  0.4921000E-01  0.4873000E-01  0.4825000E-01  0.4777000E-01  0.4728000E-01  0.4679000E-01  0.4630000E-01  0.4581000E-01  0.4532000E-01  0.4482000E-01  0.4432000E-01  0.4382000E-01
  0.5558190E-01  0.5559000E-01  0.5539890E-01  0.5523000E-01  0.5502220E-01  0.5488000E-01  0.5464500E-01  0.5441000E-01  0.5385250E-01  0.5359000E-01  0.5312000E-01  0.5265000E-01  0.5218000E-01  0.5171000E-01  0.5124000E-01  0.5076000E-01  0.5029000E-01  0.4981000E-01  0.4934000E-01  0.4886000E-01  0.4837000E-01  0.4789000E-01  0.4740000E-01  0.4692000E-01  0.4643000E-01  0.4593000E-01  0.4544000E-01  0.4494000E-01  0.4444000E-01  0.4393000E-01
  0.5559000E-01  0.5540630E-01  0.5523000E-01  0.5504410E-01  0.5488000E-01  0.5476250E-01  0.5464500E-01  0.5412440E-01  0.5359000E-01  0.5335500E-01  0.5301000E-01  0.5278000E-01  0.5231000E-01  0.5184000E-01  0.5137000E-01  0.5089000E-01  0.5042000E-01  0.4994000E-01  0.4946000E-01  0.4898000E-01  0.4850000E-01  0.4801000E-01  0.4753000E-01  0.4704000E-01  0.4655000E-01  0.4605000E-01  0.4555000E-01  0.4505000E-01  0.4455000E-01  0.4405000E-01
  0.5540880E-01  0.5523000E-01  0.5505140E-01  0.5488000E-01  0.5482130E-01  0.5476250E-01  0.5428050E-01  0.5359000E-01  0.5347250E-01  0.5314200E-01  0.5284500E-01  0.5291000E-01  0.5244000E-01  0.5197000E-01  0.5149000E-01  0.5102000E-01  0.5055000E-01  0.5007000E-01  0.4959000E-01  0.4911000E-01  0.4863000E-01  0.4814000E-01  0.4765000E-01  0.4716000E-01  0.4667000E-01  0.4617000E-01  0.4567000E-01  0.4517000E-01  0.4467000E-01  0.4416000E-01
  0.5523000E-01  0.5505380E-01  0.5488000E-01  0.5485060E-01  0.5482130E-01  0.5436360E-01  0.5359000E-01  0.5353130E-01  0.5319840E-01  0.5287750E-01  0.5291000E-01  0.5267500E-01  0.5235500E-01  0.5210000E-01  0.5162000E-01  0.5115000E-01  0.5067000E-01  0.5020000E-01  0.4972000E-01  0.4924000E-01  0.4875000E-01  0.4826000E-01  0.4778000E-01  0.4728000E-01  0.4679000E-01  0.4629000E-01  0.4579000E-01  0.4529000E-01  0.4478000E-01  0.4427000E-01
  0.5505460E-01  0.5488000E-01  0.5486530E-01  0.5485060E-01  0.5440640E-01  0.5359000E-01  0.5356060E-01  0.5322470E-01  0.5289380E-01  0.5291000E-01  0.5279250E-01  0.5251000E-01  0.5210000E-01  0.5186000E-01  0.5162330E-01  0.5114670E-01  0.5067330E-01  0.5019670E-01  0.4960200E-01  0.4936000E-01  0.4888000E-01  0.4839000E-01  0.4790000E-01  0.4741000E-01  0.4691000E-01  0.4641000E-01  0.4591000E-01  0.4540000E-01  0.4490000E-01  0.4439000E-01
  0.5488000E-01  0.5487270E-01  0.5486530E-01  0.5442810E-01  0.5359000E-01  0.5357530E-01  0.5323740E-01  0.5290190E-01  0.5291000E-01  0.5285130E-01  0.5257810E-01  0.5210000E-01  0.5198000E-01  0.5186110E-01  0.5154330E-01  0.5114780E-01  0.5067220E-01  0.4987740E-01  0.4942500E-01  0.4949000E-01  0.4900000E-01  0.4851000E-01  0.4802000E-01  0.4753000E-01  0.4703000E-01  0.4653000E-01  0.4603000E-01  0.4552000E-01  0.4501000E-01  0.4450000E-01
  0.5487630E-01  0.5487270E-01  0.5443900E-01  0.5359000E-01  0.5358270E-01  0.5324370E-01  0.5290590E-01  0.5291000E-01  0.5288060E-01  0.5260980E-01  0.5210000E-01  0.5204000E-01  0.5198040E-01  0.5179480E-01  0.5151740E-01  0.5112110E-01  0.5012900E-01  0.4945750E-01  0.4949000E-01  0.4920670E-01  0.4913000E-01  0.4864000E-01  0.4815000E-01  0.4765000E-01  0.4715000E-01  0.4665000E-01  0.4615000E-01  0.4564000E-01  0.4512000E-01  0.4461000E-01
  0.5487630E-01  0.5444450E-01  0.5359000E-01  0.5358630E-01  0.5324690E-01  0.5290800E-01  0.5291000E-01  0.5289530E-01  0.5262510E-01  0.5210000E-01  0.5207000E-01  0.5204010E-01  0.5193840E-01  0.5176420E-01  0.5147780E-01  0.5042030E-01  0.4947370E-01  0.4949000E-01  0.4934790E-01  0.4925500E-01  0.4896000E-01  0.4876000E-01  0.4827000E-01  0.4777000E-01  0.4727000E-01  0.4677000E-01  0.4626000E-01  0.4575000E-01  0.4524000E-01  0.4472000E-01
  0.5444720E-01  0.5359000E-01  0.5358820E-01  0.5324840E-01  0.5290900E-01  0.5291000E-01  0.5290270E-01  0.5263260E-01  0.5210000E-01  0.5208500E-01  0.5207000E-01  0.5201620E-01  0.5191420E-01  0.5153510E-01  0.5081160E-01  0.4985960E-01  0.4986000E-01  0.4964040E-01  0.4939830E-01  0.4944000E-01  0.4938000E-01  0.4889000E-01  0.4839000E-01  0.4789000E-01  0.4739000E-01  0.4689000E-01  0.4638000E-01  0.4587000E-01  0.4535000E-01  0.4483000E-01
  0.5359000E-01  0.5358910E-01  0.5324920E-01  0.5290950E-01  0.5291000E-01  0.5290630E-01  0.5263630E-01  0.5210000E-01  0.5209250E-01  0.5208500E-01  0.5205710E-01  0.5200020E-01  0.5147920E-01  0.5096340E-01  0.5096000E-01  0.5038790E-01  0.5024500E-01  0.5023000E-01  0.4973560E-01  0.4950000E-01  0.4950000E-01  0.4901000E-01  0.4851000E-01  0.4801000E-01  0.4751000E-01  0.4700000E-01  0.4649000E-01  0.4598000E-01  0.4546000E-01  0.4494000E-01
  0.5358950E-01  0.5324960E-01  0.5290970E-01  0.5291000E-01  0.5290820E-01  0.5263820E-01  0.5210000E-01  0.5209620E-01  0.5209250E-01  0.5207820E-01  0.5194040E-01  0.5178000E-01  0.5123850E-01  0.5096690E-01  0.5096690E-01  0.5096000E-01  0.5048640E-01  0.5026000E-01  0.5023000E-01  0.4977250E-01  0.4962000E-01  0.4913000E-01  0.4863000E-01  0.4813000E-01  0.4763000E-01  0.4712000E-01  0.4661000E-01  0.4609000E-01  0.4557000E-01  0.4505000E-01
  0.5324980E-01  0.5290990E-01  0.5291000E-01  0.5290910E-01  0.5263910E-01  0.5210000E-01  0.5209810E-01  0.5209630E-01  0.5208900E-01  0.5193420E-01  0.5178000E-01  0.5178000E-01  0.5178000E-01  0.5124350E-01  0.5097390E-01  0.5097380E-01  0.5096000E-01  0.5049560E-01  0.5029000E-01  0.5023000E-01  0.4974000E-01  0.4925000E-01  0.4875000E-01  0.4825000E-01  0.4774000E-01  0.4723000E-01  0.4672000E-01  0.4620000E-01  0.4568000E-01  0.4515000E-01
  0.5290990E-01  0.5291000E-01  0.5290950E-01  0.5263950E-01  0.5210000E-01  0.5209910E-01  0.5209810E-01  0.5226080E-01  0.5212790E-01  0.5178030E-01  0.5178000E-01  0.5178000E-01  0.5178000E-01  0.5178000E-01  0.5125320E-01  0.5098790E-01  0.5098750E-01  0.5096000E-01  0.5050250E-01  0.5035000E-01  0.4986000E-01  0.4937000E-01  0.4887000E-01  0.4837000E-01  0.4786000E-01  0.4735000E-01  0.4683000E-01  0.4631000E-01  0.4579000E-01  0.4526000E-01
  0.5291000E-01  0.5290980E-01  0.5263980E-01  0.5210000E-01  0.5209950E-01  0.5258750E-01  0.5332000E-01  0.5304000E-01  0.5276000E-01  0.5210740E-01  0.5178080E-01  0.5178000E-01  0.5178000E-01  0.5178000E-01  0.5178000E-01  0.5127110E-01  0.5101610E-01  0.5101500E-01  0.5096000E-01  0.5047000E-01  0.4998000E-01  0.4948000E-01  0.4898000E-01  0.4848000E-01  0.4797000E-01  0.4746000E-01  0.4694000E-01  0.4642000E-01  0.4589000E-01  0.4536000E-01
  0.5290990E-01  0.5263990E-01  0.5210000E-01  0.5209980E-01  0.5268550E-01  0.5332020E-01  0.5332020E-01  0.5332000E-01  0.5304000E-01  0.5276000E-01  0.5210890E-01  0.5178250E-01  0.5178000E-01  0.5178000E-01  0.5178000E-01  0.5178000E-01  0.5130080E-01  0.5107330E-01  0.5107000E-01  0.5059000E-01  0.5009000E-01  0.4960000E-01  0.4910000E-01  0.4859000E-01  0.4808000E-01  0.4757000E-01  0.4705000E-01  0.4652000E-01  0.4599000E-01  0.4546000E-01
