iMOD/TUTORIALS/TUT_MetaswapAnalyser/model_MetaSWAP/meteo/Evaporation/Evaporation_20060102_L1.ASC
NCOLS                30
NROWS                30
XLLCORNER     160000.00
YLLCORNER     340000.00
CELLSIZE        1000.00
NODATA_VALUE   -9999.00
  0.9919000E-01  0.9867000E-01  0.9815000E-01  0.9763000E-01  0.9711000E-01  0.9660000E-01  0.9608000E-01  0.9556000E-01  0.9505000E-01  0.9453000E-01  0.9400000E-01  0.9348000E-01  0.9295000E-01  0.9242000E-01  0.9188000E-01  0.9134000E-01  0.9079000E-01  0.9023000E-01  0.8968000E-01  0.8911000E-01  0.8854000E-01  0.8796000E-01  0.8737000E-01  0.8678000E-01  0.8618000E-01  0.8557000E-01  0.8496000E-01  0.8433000E-01  0.8370000E-01  0.8307000E-01
  0.9922000E-01  0.9870000E-01  0.9818000E-01  0.9767000E-01  0.9715000E-01  0.9664000E-01  0.9612000E-01  0.9560000E-01  0.9509000E-01  0.9457000E-01  0.9405000E-01  0.9352000E-01  0.9299000E-01  0.9246000E-01  0.9192000E-01  0.9138000E-01  0.9083000E-01  0.9028000E-01  0.8972000E-01  0.8915000E-01  0.8858000E-01  0.8800000E-01  0.8741000E-01  0.8682000E-01  0.8622000E-01  0.8561000E-01  0.8499000E-01  0.8437000E-01  0.8374000E-01  0.8310000E-01
  0.9927000E-01  0.9875000E-01  0.9824000E-01  0.9772000E-01  0.9720000E-01  0.9669000E-01  0.9618000E-01  0.9566000E-01  0.9514000E-01  0.9462000E-01  0.9410000E-01  0.9358000E-01  0.9305000E-01  0.9252000E-01  0.9198000E-01  0.9144000E-01  0.9089000E-01  0.9033000E-01  0.8977000E-01  0.8921000E-01  0.8863000E-01  0.8805000E-01  0.8747000E-01  0.8687000E-01  0.8627000E-01  0.8566000E-01  0.8504000E-01  0.8442000E-01  0.8378000E-01  0.8314000E-01
  0.9934000E-01  0.9882000E-01  0.9830000E-01  0.9779000E-01  0.9727000E-01  0.9676000E-01  0.9624000E-01  0.9573000E-01  0.9521000E-01  0.9469000E-01  0.9417000E-01  0.9365000E-01  0.9312000E-01  0.9259000E-01  0.9205000E-01  0.9151000E-01  0.9096000E-01  0.9040000E-01  0.8984000E-01  0.8928000E-01  0.8870000E-01  0.8812000E-01  0.8753000E-01  0.8694000E-01  0.8633000E-01  0.8572000E-01  0.8510000E-01  0.8447000E-01  0.8384000E-01  0.8320000E-01
  0.9941000E-01  0.9889000E-01  0.9838000E-01  0.9786000E-01  0.9735000E-01  0.9684000E-01  0.9633000E-01  0.9581000E-01  0.9529000E-01  0.9478000E-01  0.9425000E-01  0.9373000E-01  0.9320000E-01  0.9267000E-01  0.9213000E-01  0.9159000E-01  0.9104000E-01  0.9048000E-01  0.8992000E-01  0.8936000E-01  0.8878000E-01  0.8820000E-01  0.8761000E-01  0.8701000E-01  0.8641000E-01  0.8579000E-01  0.8517000E-01  0.8454000E-01  0.8391000E-01  0.8326000E-01
  0.9950000E-01  0.9898000E-01  0.9847000E-01  0.9796000E-01  0.9744000E-01  0.9693000E-01  0.9642000E-01  0.9590000E-01  0.9539000E-01  0.9487000E-01  0.9435000E-01  0.9383000E-01  0.9330000E-01  0.9276000E-01  0.9223000E-01  0.9168000E-01  0.9113000E-01  0.9058000E-01  0.9002000E-01  0.8945000E-01  0.8887000E-01  0.8829000E-01  0.8770000E-01  0.8710000E-01  0.8649000E-01  0.8588000E-01  0.8526000E-01  0.8462000E-01  0.8399000E-01  0.8334000E-01
  0.9960000E-01  0.9908000E-01  0.9857000E-01  0.9806000E-01  0.9755000E-01  0.9704000E-01  0.9652000E-01  0.9601000E-01  0.9550000E-01  0.9498000E-01  0.9446000E-01  0.9393000E-01  0.9340000E-01  0.9287000E-01  0.9233000E-01  0.9179000E-01  0.9124000E-01  0.9068000E-01  0.9012000E-01  0.8955000E-01  0.8897000E-01  0.8839000E-01  0.8780000E-01  0.8720000E-01  0.8659000E-01  0.8597000E-01  0.8535000E-01  0.8471000E-01  0.8407000E-01  0.8342000E-01
  0.9971000E-01  0.9919000E-01  0.9868000E-01  0.9817000E-01  0.9766000E-01  0.9715000E-01  0.9664000E-01  0.9613000E-01  0.9561000E-01  0.9510000E-01  0.9458000E-01  0.9405000E-01  0.9352000E-01  0.9299000E-01  0.9245000E-01  0.9191000E-01  0.9136000E-01  0.9080000E-01  0.9024000E-01  0.8967000E-01  0.8909000E-01  0.8850000E-01  0.8791000E-01  0.8731000E-01  0.8670000E-01  0.8608000E-01  0.8545000E-01  0.8482000E-01  0.8417000E-01  0.8352000E-01
  0.9983000E-01  0.9932000E-01  0.9881000E-01  0.9830000E-01  0.9779000E-01  0.9728000E-01  0.9677000E-01  0.9626000E-01  0.9574000E-01  0.9522000E-01  0.9470000E-01  0.9418000E-01  0.9365000E-01  0.9312000E-01  0.9258000E-01  0.9204000E-01  0.9148000E-01  0.9093000E-01  0.9036000E-01  0.8979000E-01  0.8921000E-01  0.8862000E-01  0.8803000E-01  0.8742000E-01  0.8681000E-01  0.8619000E-01  0.8556000E-01  0.8493000E-01  0.8428000E-01  0.8362000E-01
  0.9996000E-01  0.9945000E-01  0.9894000E-01  0.9843000E-01  0.9792000E-01  0.9741000E-01  0.9690000E-01  0.9639000E-01  0.9588000E-01  0.9536000E-01  0.9484000E-01  0.9432000E-01  0.9379000E-01  0.9326000E-01  0.9272000E-01  0.9217000E-01  0.9162000E-01  0.9106000E-01  0.9050000E-01  0.8993000E-01  0.8934000E-01  0.8876000E-01  0.8816000E-01  0.8755000E-01  0.8694000E-01  0.8632000E-01  0.8568000E-01  0.8504000E-01  0.8439000E-01  0.8374000E-01
  0.9996000E-01  0.9945000E-01  0.9884750E-01  0.9857000E-01  0.9807000E-01  0.9756000E-01  0.9705000E-01  0.9654000E-01  0.9603000E-01  0.9551000E-01  0.9499000E-01  0.9447000E-01  0.9394000E-01  0.9341000E-01  0.9287000E-01  0.9232000E-01  0.9177000E-01  0.9121000E-01  0.9064000E-01  0.9007000E-01  0.8949000E-01  0.8890000E-01  0.8830000E-01  0.8769000E-01  0.8707000E-01  0.8645000E-01  0.8581000E-01  0.8517000E-01  0.8452000E-01  0.8386000E-01
  0.9996000E-01  0.9920690E-01  0.9857000E-01  0.9831000E-01  0.9822000E-01  0.9771000E-01  0.9721000E-01  0.9670000E-01  0.9618000E-01  0.9567000E-01  0.9515000E-01  0.9463000E-01  0.9410000E-01  0.9356000E-01  0.9302000E-01  0.9248000E-01  0.9193000E-01  0.9137000E-01  0.9080000E-01  0.9022000E-01  0.8964000E-01  0.8905000E-01  0.8845000E-01  0.8784000E-01  0.8722000E-01  0.8659000E-01  0.8595000E-01  0.8531000E-01  0.8465000E-01  0.8399000E-01
  0.9955200E-01  0.9857000E-01  0.9839000E-01  0.9830000E-01  0.9838000E-01  0.9788000E-01  0.9737000E-01  0.9686000E-01  0.9635000E-01  0.9583000E-01  0.9531000E-01  0.9479000E-01  0.9426000E-01  0.9373000E-01  0.9319000E-01  0.9264000E-01  0.9209000E-01  0.9153000E-01  0.9096000E-01  0.9038000E-01  0.8980000E-01  0.8920000E-01  0.8860000E-01  0.8799000E-01  0.8737000E-01  0.8674000E-01  0.8610000E-01  0.8545000E-01  0.8479000E-01  0.8412000E-01
  0.9857000E-01  0.9842000E-01  0.9834000E-01  0.9838000E-01  0.9810330E-01  0.9805000E-01  0.9754000E-01  0.9703000E-01  0.9652000E-01  0.9601000E-01  0.9549000E-01  0.9497000E-01  0.9444000E-01  0.9390000E-01  0.9336000E-01  0.9282000E-01  0.9226000E-01  0.9170000E-01  0.9113000E-01  0.9055000E-01  0.8997000E-01  0.8937000E-01  0.8877000E-01  0.8815000E-01  0.8753000E-01  0.8689000E-01  0.8625000E-01  0.8560000E-01  0.8494000E-01  0.8427000E-01
  0.9843250E-01  0.9836000E-01  0.9838000E-01  0.9817780E-01  0.9805000E-01  0.9777000E-01  0.9772000E-01  0.9721000E-01  0.9670000E-01  0.9619000E-01  0.9567000E-01  0.9515000E-01  0.9462000E-01  0.9408000E-01  0.9354000E-01  0.9300000E-01  0.9244000E-01  0.9188000E-01  0.9131000E-01  0.9073000E-01  0.9014000E-01  0.8954000E-01  0.8894000E-01  0.8832000E-01  0.8769000E-01  0.8706000E-01  0.8641000E-01  0.8576000E-01  0.8509000E-01  0.8441000E-01
  0.9837000E-01  0.9838000E-01  0.9820260E-01  0.9805000E-01  0.9784670E-01  0.9772000E-01  0.9746500E-01  0.9721000E-01  0.9661750E-01  0.9637000E-01  0.9586000E-01  0.9533000E-01  0.9481000E-01  0.9427000E-01  0.9373000E-01  0.9318000E-01  0.9263000E-01  0.9207000E-01  0.9149000E-01  0.9091000E-01  0.9032000E-01  0.8972000E-01  0.8911000E-01  0.8849000E-01  0.8787000E-01  0.8723000E-01  0.8658000E-01  0.8592000E-01  0.8525000E-01  0.8457000E-01
  0.9838000E-01  0.9821090E-01  0.9805000E-01  0.9787220E-01  0.9772000E-01  0.9759250E-01  0.9746500E-01  0.9691560E-01  0.9637000E-01  0.9611500E-01  0.9576400E-01  0.9553000E-01  0.9500000E-01  0.9447000E-01  0.9393000E-01  0.9338000E-01  0.9282000E-01  0.9226000E-01  0.9168000E-01  0.9110000E-01  0.9051000E-01  0.8991000E-01  0.8930000E-01  0.8868000E-01  0.8804000E-01  0.8740000E-01  0.8675000E-01  0.8609000E-01  0.8541000E-01  0.8473000E-01
  0.9821360E-01  0.9805000E-01  0.9788070E-01  0.9772000E-01  0.9765630E-01  0.9759250E-01  0.9708580E-01  0.9637000E-01  0.9624250E-01  0.9592180E-01  0.9563000E-01  0.9573000E-01  0.9520000E-01  0.9467000E-01  0.9413000E-01  0.9358000E-01  0.9302000E-01  0.9246000E-01  0.9188000E-01  0.9130000E-01  0.9070000E-01  0.9010000E-01  0.8949000E-01  0.8886000E-01  0.8823000E-01  0.8758000E-01  0.8693000E-01  0.8626000E-01  0.8558000E-01  0.8490000E-01
  0.9805000E-01  0.9788360E-01  0.9772000E-01  0.9768810E-01  0.9765630E-01  0.9717610E-01  0.9637000E-01  0.9630620E-01  0.9598890E-01  0.9568000E-01  0.9573000E-01  0.9546500E-01  0.9511750E-01  0.9487000E-01  0.9433000E-01  0.9378000E-01  0.9322000E-01  0.9266000E-01  0.9208000E-01  0.9150000E-01  0.9090000E-01  0.9030000E-01  0.8968000E-01  0.8905000E-01  0.8842000E-01  0.8777000E-01  0.8711000E-01  0.8644000E-01  0.8576000E-01  0.8507000E-01
  0.9788450E-01  0.9772000E-01  0.9770410E-01  0.9768810E-01  0.9722260E-01  0.9637000E-01  0.9633810E-01  0.9602000E-01  0.9570500E-01  0.9573000E-01  0.9559750E-01  0.9529560E-01  0.9487000E-01  0.9460000E-01  0.9432670E-01  0.9377670E-01  0.9322000E-01  0.9265330E-01  0.9197000E-01  0.9170000E-01  0.9111000E-01  0.9050000E-01  0.8988000E-01  0.8925000E-01  0.8861000E-01  0.8796000E-01  0.8730000E-01  0.8662000E-01  0.8594000E-01  0.8524000E-01
  0.9772000E-01  0.9771200E-01  0.9770410E-01  0.9724620E-01  0.9637000E-01  0.9635410E-01  0.9603510E-01  0.9571750E-01  0.9573000E-01  0.9566380E-01  0.9537330E-01  0.9487000E-01  0.9473500E-01  0.9459890E-01  0.9423440E-01  0.9377440E-01  0.9321670E-01  0.9231170E-01  0.9180500E-01  0.9191000E-01  0.9131000E-01  0.9070000E-01  0.9008000E-01  0.8945000E-01  0.8881000E-01  0.8815000E-01  0.8749000E-01  0.8681000E-01  0.8612000E-01  0.8542000E-01
  0.9771600E-01  0.9771200E-01  0.9725810E-01  0.9637000E-01  0.9636200E-01  0.9604260E-01  0.9572370E-01  0.9573000E-01  0.9569690E-01  0.9540930E-01  0.9487000E-01  0.9480250E-01  0.9473460E-01  0.9452280E-01  0.9420260E-01  0.9374180E-01  0.9261410E-01  0.9185750E-01  0.9191000E-01  0.9158330E-01  0.9153000E-01  0.9091000E-01  0.9029000E-01  0.8966000E-01  0.8901000E-01  0.8835000E-01  0.8768000E-01  0.8700000E-01  0.8630000E-01  0.8560000E-01
  0.9771600E-01  0.9726400E-01  0.9637000E-01  0.9636600E-01  0.9604630E-01  0.9572690E-01  0.9573000E-01  0.9571340E-01  0.9542650E-01  0.9487000E-01  0.9483620E-01  0.9480240E-01  0.9468660E-01  0.9448670E-01  0.9415570E-01  0.9300240E-01  0.9188370E-01  0.9191000E-01  0.9182710E-01  0.9174500E-01  0.9137400E-01  0.9113000E-01  0.9050000E-01  0.8986000E-01  0.8921000E-01  0.8855000E-01  0.8788000E-01  0.8719000E-01  0.8649000E-01  0.8578000E-01
  0.9726700E-01  0.9637000E-01  0.9636800E-01  0.9604810E-01  0.9572840E-01  0.9573000E-01  0.9572170E-01  0.9543500E-01  0.9487000E-01  0.9485310E-01  0.9483620E-01  0.9477510E-01  0.9465860E-01  0.9439980E-01  0.9365170E-01  0.9257040E-01  0.9257000E-01  0.9229750E-01  0.9199830E-01  0.9207000E-01  0.9196000E-01  0.9134000E-01  0.9071000E-01  0.9007000E-01  0.8942000E-01  0.8875000E-01  0.8807000E-01  0.8738000E-01  0.8668000E-01  0.8597000E-01
  0.9637000E-01  0.9636900E-01  0.9604910E-01  0.9572920E-01  0.9573000E-01  0.9572590E-01  0.9543920E-01  0.9487000E-01  0.9486160E-01  0.9485310E-01  0.9482150E-01  0.9475660E-01  0.9447880E-01  0.9427690E-01  0.9427000E-01  0.9342490E-01  0.9325750E-01  0.9323000E-01  0.9252190E-01  0.9218000E-01  0.9218000E-01  0.9156000E-01  0.9093000E-01  0.9028000E-01  0.8963000E-01  0.8896000E-01  0.8827000E-01  0.8758000E-01  0.8687000E-01  0.8615000E-01
  0.9636950E-01  0.9604950E-01  0.9572960E-01  0.9573000E-01  0.9572790E-01  0.9544130E-01  0.9487000E-01  0.9486580E-01  0.9486160E-01  0.9484540E-01  0.9509020E-01  0.9551000E-01  0.9469350E-01  0.9428370E-01  0.9428370E-01  0.9427000E-01  0.9360220E-01  0.9328500E-01  0.9323000E-01  0.9260750E-01  0.9240000E-01  0.9178000E-01  0.9114000E-01  0.9050000E-01  0.8984000E-01  0.8916000E-01  0.8848000E-01  0.8778000E-01  0.8706000E-01  0.8634000E-01
  0.9604980E-01  0.9572980E-01  0.9573000E-01  0.9572900E-01  0.9544230E-01  0.9487000E-01  0.9486790E-01  0.9486580E-01  0.9485760E-01  0.9516340E-01  0.9551000E-01  0.9551000E-01  0.9551000E-01  0.9470360E-01  0.9429750E-01  0.9429750E-01  0.9427000E-01  0.9362370E-01  0.9334000E-01  0.9323000E-01  0.9262000E-01  0.9199000E-01  0.9136000E-01  0.9071000E-01  0.9005000E-01  0.8937000E-01  0.8868000E-01  0.8797000E-01  0.8725000E-01  0.8652000E-01
  0.9572990E-01  0.9573000E-01  0.9572950E-01  0.9544280E-01  0.9487000E-01  0.9486890E-01  0.9486790E-01  0.9542030E-01  0.9558760E-01  0.9551060E-01  0.9551000E-01  0.9551000E-01  0.9551000E-01  0.9551000E-01  0.9472300E-01  0.9432500E-01  0.9432500E-01  0.9427000E-01  0.9365500E-01  0.9345000E-01  0.9284000E-01  0.9221000E-01  0.9157000E-01  0.9092000E-01  0.9025000E-01  0.8957000E-01  0.8888000E-01  0.8817000E-01  0.8745000E-01  0.8671000E-01
  0.9573000E-01  0.9572970E-01  0.9544310E-01  0.9487000E-01  0.9486950E-01  0.9604940E-01  0.9782000E-01  0.9745500E-01  0.9709000E-01  0.9603820E-01  0.9551170E-01  0.9551000E-01  0.9551000E-01  0.9551000E-01  0.9551000E-01  0.9475940E-01  0.9438000E-01  0.9438000E-01  0.9427000E-01  0.9367000E-01  0.9306000E-01  0.9243000E-01  0.9179000E-01  0.9113000E-01  0.9046000E-01  0.8978000E-01  0.8908000E-01  0.8836000E-01  0.8763000E-01  0.8689000E-01
  0.9572990E-01  0.9544320E-01  0.9487000E-01  0.9486970E-01  0.9628600E-01  0.9782030E-01  0.9782030E-01  0.9782000E-01  0.9745500E-01  0.9709000E-01  0.9604120E-01  0.9551510E-01  0.9551000E-01  0.9551000E-01  0.9551000E-01  0.9551000E-01  0.9482250E-01  0.9449000E-01  0.9449000E-01  0.9389000E-01  0.9328000E-01  0.9265000E-01  0.9201000E-01  0.9135000E-01  0.9067000E-01  0.8998000E-01  0.8928000E-01  0.8856000E-01  0.8782000E-01  0.8708000E-01
