iMOD/TUTORIALS/TUT_MetaswapAnalyser/model_MetaSWAP/meteo/Evaporation/Evaporation_20051029_L1.ASC
NCOLS                30
NROWS                30
XLLCORNER     160000.00
YLLCORNER     340000.00
CELLSIZE        1000.00
NODATA_VALUE   -9999.00
   1.105860       1.109060       1.112190       1.115260       1.118260       1.121210       1.124090       1.126920       1.129680       1.132400       1.135060       1.137660       1.140220       1.142720       1.145180       1.147590       1.149950       1.152270       1.154540       1.156770       1.158950       1.161100       1.163200       1.165260       1.167290       1.169280       1.171230       1.173150       1.175030       1.176880    
   1.106380       1.109560       1.112680       1.115730       1.118730       1.121660       1.124540       1.127360       1.130130       1.132830       1.135490       1.138090       1.140650       1.143150       1.145610       1.148020       1.150380       1.152700       1.154970       1.157200       1.159390       1.161540       1.163650       1.165720       1.167750       1.169740       1.171700       1.173620       1.175510       1.177370    
   1.106880       1.110040       1.113150       1.116190       1.119180       1.122110       1.124980       1.127790       1.130550       1.133250       1.135900       1.138510       1.141060       1.143560       1.146010       1.148420       1.150790       1.153110       1.155380       1.157620       1.159810       1.161960       1.164070       1.166150       1.168190       1.170190       1.172150       1.174080       1.175980       1.177840    
   1.107360       1.110510       1.113600       1.116640       1.119610       1.122530       1.125390       1.128200       1.130950       1.133650       1.136300       1.138900       1.141450       1.143950       1.146400       1.148810       1.151180       1.153500       1.155780       1.158010       1.160210       1.162360       1.164480       1.166560       1.168610       1.170610       1.172590       1.174520       1.176430       1.178300    
   1.107840       1.110970       1.114050       1.117070       1.120030       1.122940       1.125790       1.128590       1.131340       1.134040       1.136680       1.139280       1.141820       1.144320       1.146780       1.149190       1.151550       1.153870       1.156150       1.158390       1.160590       1.162750       1.164870       1.166960       1.169010       1.171020       1.173000       1.174950       1.176860       1.178740    
   1.108300       1.111420       1.114480       1.117490       1.120440       1.123340       1.126180       1.128970       1.131710       1.134400       1.137040       1.139640       1.142180       1.144680       1.147130       1.149540       1.151910       1.154230       1.156510       1.158760       1.160960       1.163120       1.165250       1.167340       1.169400       1.171420       1.173400       1.175360       1.177280       1.179170    
   1.108750       1.111850       1.114900       1.117890       1.120830       1.123720       1.126560       1.129340       1.132080       1.134760       1.137400       1.139980       1.142530       1.145020       1.147470       1.149880       1.152250       1.154570       1.156860       1.159100       1.161310       1.163480       1.165610       1.167710       1.169770       1.171790       1.173790       1.175750       1.177680       1.179570    
   1.109190       1.112280       1.115310       1.118290       1.121220       1.124090       1.126920       1.129700       1.132420       1.135100       1.137730       1.140320       1.142860       1.145350       1.147800       1.150210       1.152580       1.154900       1.157190       1.159440       1.161650       1.163820       1.165950       1.168060       1.170120       1.172160       1.174160       1.176120       1.178060       1.179970    
   1.109620       1.112690       1.115710       1.118680       1.121590       1.124460       1.127270       1.130040       1.132760       1.135430       1.138060       1.140640       1.143180       1.145670       1.148120       1.150530       1.152890       1.155220       1.157510       1.159760       1.161970       1.164150       1.166290       1.168390       1.170470       1.172500       1.174510       1.176490       1.178430       1.180350    
   1.110050       1.113100       1.116100       1.119060       1.121960       1.124810       1.127620       1.130380       1.133090       1.135760       1.138380       1.140950       1.143490       1.145970       1.148420       1.150830       1.153200       1.155520       1.157810       1.160060       1.162280       1.164460       1.166610       1.168720       1.170800       1.172840       1.174860       1.176840       1.178790       1.180720    
   1.110030       1.113080       1.116920       1.119430       1.122320       1.125160       1.127960       1.130710       1.133410       1.136070       1.138680       1.141260       1.143780       1.146270       1.148720       1.151120       1.153490       1.155820       1.158110       1.160360       1.162580       1.164760       1.166910       1.169030       1.171110       1.173160       1.175190       1.177180       1.179140       1.181070    
   1.110020       1.114870       1.119430       1.121860       1.122670       1.125500       1.128290       1.131030       1.133720       1.136370       1.138980       1.141550       1.144070       1.146560       1.149000       1.151400       1.153770       1.156100       1.158390       1.160650       1.162870       1.165050       1.167210       1.169330       1.171420       1.173480       1.175510       1.177500       1.179470       1.181410    
   1.112810       1.119430       1.121790       1.122850       1.123020       1.125840       1.128610       1.131340       1.134030       1.136670       1.139270       1.141830       1.144350       1.146830       1.149270       1.151680       1.154040       1.156370       1.158660       1.160920       1.163150       1.165340       1.167490       1.169620       1.171720       1.173780       1.175820       1.177820       1.179800       1.181750    
   1.119430       1.121790       1.122930       1.123020       1.125010       1.126170       1.128930       1.131650       1.134330       1.136960       1.139560       1.142110       1.144630       1.147100       1.149540       1.151940       1.154310       1.156640       1.158930       1.161190       1.163420       1.165610       1.167770       1.169900       1.172000       1.174070       1.176110       1.178130       1.180110       1.182070    
   1.121800       1.122980       1.123020       1.124730       1.126170       1.128110       1.129240       1.131950       1.134620       1.137250       1.139840       1.142390       1.144900       1.147370       1.149800       1.152200       1.154560       1.156890       1.159190       1.161450       1.163680       1.165870       1.168040       1.170170       1.172280       1.174360       1.176400       1.178430       1.180420       1.182390    
   1.123000       1.123020       1.124640       1.126170       1.127840       1.129240       1.130590       1.131940       1.135340       1.137530       1.140110       1.142650       1.145160       1.147630       1.150060       1.152450       1.154820       1.157140       1.159440       1.161700       1.163930       1.166130       1.168300       1.170440       1.172550       1.174630       1.176690       1.178720       1.180720       1.182690    
   1.123020       1.124610       1.126170       1.127750       1.129240       1.129920       1.130590       1.133850       1.137530       1.138820       1.141280       1.142920       1.145420       1.147880       1.150310       1.152700       1.155060       1.157390       1.159680       1.161950       1.164180       1.166380       1.168550       1.170700       1.172810       1.174900       1.176960       1.179000       1.181010       1.182990    
   1.124600       1.126170       1.127720       1.129240       1.129580       1.129920       1.132970       1.137530       1.138180       1.140770       1.143050       1.143180       1.145670       1.148130       1.150550       1.152940       1.155300       1.157630       1.159920       1.162190       1.164420       1.166620       1.168800       1.170950       1.173070       1.175160       1.177230       1.179270       1.181290       1.183280    
   1.126170       1.127710       1.129240       1.129410       1.129580       1.132500       1.137530       1.137850       1.140550       1.143120       1.143180       1.144430       1.146340       1.148370       1.150790       1.153180       1.155540       1.157860       1.160160       1.162420       1.164660       1.166860       1.169040       1.171200       1.173320       1.175420       1.177490       1.179540       1.181570       1.183570    
   1.127710       1.129240       1.129320       1.129410       1.132250       1.137530       1.137690       1.140450       1.143150       1.143180       1.143800       1.145580       1.148370       1.149580       1.150780       1.153170       1.155530       1.157850       1.161190       1.162650       1.164890       1.167100       1.169280       1.171440       1.173570       1.175670       1.177750       1.179810       1.181840       1.183850    
   1.129240       1.129280       1.129320       1.132130       1.137530       1.137610       1.140400       1.143160       1.143180       1.143490       1.145230       1.148370       1.148980       1.149580       1.151180       1.153160       1.155520       1.160040       1.162770       1.162880       1.165120       1.167330       1.169520       1.171670       1.173810       1.175920       1.178010       1.180070       1.182110       1.184120    
   1.129260       1.129280       1.132070       1.137530       1.137570       1.140380       1.143170       1.143180       1.143340       1.145070       1.148370       1.148670       1.148970       1.149910       1.151300       1.153280       1.158880       1.162820       1.162880       1.164450       1.165350       1.167560       1.169750       1.171910       1.174050       1.176160       1.178260       1.180320       1.182370       1.184400    
   1.129260       1.132040       1.137530       1.137550       1.140370       1.143180       1.143180       1.143260       1.144990       1.148370       1.148520       1.148670       1.149190       1.150060       1.151500       1.157980       1.162850       1.162880       1.164700       1.165580       1.166900       1.167790       1.169980       1.172140       1.174290       1.176410       1.178500       1.180580       1.182630       1.184660    
   1.132020       1.137530       1.137540       1.140360       1.143180       1.143180       1.143220       1.144950       1.148370       1.148450       1.148520       1.148790       1.149310       1.153290       1.158170       1.163550       1.163550       1.164620       1.165840       1.165910       1.165800       1.168010       1.170200       1.172370       1.174520       1.176650       1.178750       1.180830       1.182890       1.184930    
   1.137530       1.137540       1.140360       1.143180       1.143180       1.143200       1.144930       1.148370       1.148410       1.148450       1.148590       1.148870       1.155260       1.162440       1.162430       1.163480       1.164260       1.164230       1.165480       1.166020       1.166020       1.168240       1.170430       1.172600       1.174750       1.176880       1.178990       1.181080       1.183150       1.185200    
   1.137530       1.140360       1.143180       1.143180       1.143190       1.144920       1.148370       1.148390       1.148410       1.148480       1.153540       1.160890       1.161930       1.162450       1.162450       1.162430       1.163670       1.164290       1.164230       1.165740       1.166240       1.168460       1.170660       1.172830       1.174990       1.177120       1.179240       1.181330       1.183410       1.185460    
   1.140360       1.143180       1.143180       1.143180       1.144910       1.148370       1.148380       1.148390       1.148430       1.154440       1.160890       1.160890       1.160890       1.161940       1.162460       1.162460       1.162430       1.163740       1.164350       1.164230       1.166470       1.168690       1.170890       1.173060       1.175220       1.177360       1.179480       1.181580       1.183670       1.185730    
   1.143180       1.143180       1.143180       1.144910       1.148370       1.148370       1.148380       1.151300       1.155460       1.160890       1.160890       1.160890       1.160890       1.160890       1.161960       1.162490       1.162490       1.162430       1.163950       1.164460       1.166700       1.168920       1.171120       1.173300       1.175460       1.177600       1.179730       1.181840       1.183930       1.186000    
   1.143180       1.143180       1.144910       1.148370       1.148370       1.152240       1.158050       1.159030       1.160010       1.160600       1.160890       1.160890       1.160890       1.160890       1.160890       1.162010       1.162550       1.162550       1.162430       1.164690       1.166930       1.169150       1.171350       1.173530       1.175700       1.177850       1.179980       1.182090       1.184190       1.186270    
   1.143180       1.144910       1.148370       1.148370       1.153020       1.158050       1.158050       1.158050       1.159030       1.160010       1.160600       1.160900       1.160890       1.160890       1.160890       1.160890       1.162130       1.162670       1.162670       1.164920       1.167160       1.169380       1.171580       1.173770       1.175940       1.178090       1.180230       1.182350       1.184450       1.186540    
