iMOD/TUTORIALS/TUT_MetaswapAnalyser/model_MetaSWAP/meteo/Evaporation/Evaporation_20060510_L1.ASC
NCOLS                30
NROWS                30
XLLCORNER     160000.00
YLLCORNER     340000.00
CELLSIZE        1000.00
NODATA_VALUE   -9999.00
   4.123010       4.124770       4.126440       4.128010       4.129500       4.130900       4.132220       4.133470       4.134640       4.135750       4.136790       4.137770       4.138680       4.139540       4.140350       4.141110       4.141820       4.142490       4.143120       4.143700       4.144250       4.144770       4.145250       4.145700       4.146130       4.146530       4.146910       4.147260       4.147600       4.147910    
   4.114100       4.115850       4.117510       4.119070       4.120550       4.121950       4.123270       4.124520       4.125700       4.126800       4.127850       4.128830       4.129760       4.130630       4.131450       4.132220       4.132940       4.133620       4.134260       4.134870       4.135440       4.135970       4.136480       4.136960       4.137410       4.137830       4.138240       4.138620       4.138990       4.139340    
   4.105130       4.106870       4.108510       4.110070       4.111540       4.112940       4.114260       4.115510       4.116680       4.117790       4.118840       4.119830       4.120760       4.121640       4.122470       4.123250       4.123990       4.124690       4.125350       4.125970       4.126560       4.127120       4.127640       4.128150       4.128620       4.129080       4.129510       4.129920       4.130320       4.130700    
   4.096110       4.097830       4.099460       4.101010       4.102480       4.103870       4.105180       4.106430       4.107610       4.108720       4.109770       4.110770       4.111710       4.112590       4.113430       4.114230       4.114980       4.115690       4.116370       4.117010       4.117620       4.118200       4.118750       4.119270       4.119770       4.120250       4.120720       4.121160       4.121590       4.122000    
   4.087030       4.088730       4.090350       4.091890       4.093350       4.094740       4.096050       4.097290       4.098470       4.099590       4.100640       4.101640       4.102590       4.103490       4.104340       4.105140       4.105910       4.106640       4.107330       4.107990       4.108620       4.109210       4.109790       4.110340       4.110870       4.111380       4.111870       4.112340       4.112800       4.113240    
   4.077900       4.079590       4.081190       4.082720       4.084170       4.085550       4.086860       4.088100       4.089280       4.090400       4.091460       4.092460       4.093420       4.094320       4.095180       4.096000       4.096780       4.097520       4.098230       4.098910       4.099560       4.100180       4.100780       4.101350       4.101900       4.102440       4.102960       4.103460       4.103960       4.104430    
   4.068720       4.070390       4.071990       4.073500       4.074950       4.076320       4.077620       4.078860       4.080040       4.081160       4.082220       4.083230       4.084190       4.085100       4.085970       4.086800       4.087600       4.088350       4.089080       4.089770       4.090440       4.091090       4.091710       4.092310       4.092890       4.093450       4.094000       4.094540       4.095060       4.095570    
   4.059500       4.061160       4.062740       4.064240       4.065680       4.067040       4.068340       4.069580       4.070750       4.071870       4.072930       4.073950       4.074910       4.075840       4.076720       4.077560       4.078360       4.079130       4.079880       4.080590       4.081280       4.081940       4.082590       4.083210       4.083820       4.084410       4.084990       4.085560       4.086110       4.086660    
   4.050240       4.051880       4.053440       4.054940       4.056360       4.057720       4.059010       4.060240       4.061420       4.062540       4.063600       4.064620       4.065590       4.066520       4.067410       4.068260       4.069080       4.069870       4.070630       4.071360       4.072070       4.072750       4.073420       4.074070       4.074700       4.075330       4.075930       4.076530       4.077120       4.077700    
   4.040940       4.042560       4.044120       4.045600       4.047010       4.048360       4.049640       4.050870       4.052040       4.053160       4.054230       4.055250       4.056220       4.057160       4.058060       4.058920       4.059750       4.060550       4.061330       4.062080       4.062810       4.063520       4.064210       4.064880       4.065540       4.066190       4.066830       4.067460       4.068080       4.068700    
   4.040910       4.042540       4.042120       4.036220       4.037620       4.038960       4.040240       4.041460       4.042630       4.043740       4.044810       4.045840       4.046820       4.047760       4.048670       4.049540       4.050380       4.051200       4.051990       4.052760       4.053510       4.054240       4.054950       4.055650       4.056340       4.057020       4.057690       4.058350       4.059000       4.059650    
   4.040890       4.040450       4.036220       4.030200       4.028200       4.029530       4.030800       4.032020       4.033180       4.034290       4.035360       4.036390       4.037370       4.038320       4.039240       4.040120       4.040970       4.041800       4.042610       4.043400       4.044160       4.044920       4.045650       4.046380       4.047090       4.047800       4.048500       4.049190       4.049880       4.050570    
   4.039190       4.036220       4.027160       4.023480       4.018750       4.020070       4.021330       4.022540       4.023700       4.024810       4.025880       4.026910       4.027900       4.028850       4.029770       4.030660       4.031530       4.032370       4.033200       4.034000       4.034790       4.035560       4.036320       4.037070       4.037810       4.038550       4.039280       4.040000       4.040730       4.041450    
   4.036220       4.025810       4.021110       4.018750       4.016470       4.010580       4.011830       4.013040       4.014190       4.015300       4.016370       4.017390       4.018390       4.019340       4.020270       4.021180       4.022050       4.022910       4.023740       4.024570       4.025370       4.026170       4.026950       4.027730       4.028500       4.029260       4.030020       4.030780       4.031540       4.032290    
   4.025180       4.019930       4.018750       4.015270       4.010580       4.008240       4.002310       4.003510       4.004660       4.005760       4.006830       4.007850       4.008850       4.009810       4.010750       4.011660       4.012540       4.013410       4.014260       4.015100       4.015930       4.016740       4.017550       4.018350       4.019150       4.019940       4.020730       4.021520       4.022310       4.023100    
   4.019340       4.018750       4.014870       4.010580       4.007040       4.002310       4.002910       4.003490       4.002530       3.996200       3.997260       3.998290       3.999290       4.000250       4.001190       4.002110       4.003010       4.003890       4.004760       4.005610       4.006450       4.007290       4.008120       4.008950       4.009770       4.010590       4.011420       4.012240       4.013060       4.013890    
   4.018750       4.014730       4.010580       4.006640       4.002310       4.002610       4.002900       4.001280       3.996200       3.996730       3.991910       3.988700       3.989700       3.990670       3.991620       3.992540       3.993450       3.994340       3.995220       3.996090       3.996960       3.997810       3.998660       3.999520       4.000370       4.001220       4.002070       4.002930       4.003790       4.004650    
   4.014690       4.010580       4.006510       4.002310       4.002460       4.002610       4.000750       3.996200       3.996470       3.989570       3.983900       3.979100       3.980100       3.981070       3.982020       3.982950       3.983870       3.984770       3.985670       3.986550       3.987430       3.988310       3.989190       3.990060       3.990940       3.991820       3.992700       3.993590       3.994490       3.995390    
   4.010580       4.006470       4.002310       4.002380       4.002460       4.000500       3.996200       3.996330       3.988570       3.981500       3.979100       3.979600       3.977930       3.971450       3.972410       3.973340       3.974270       3.975180       3.976090       3.976990       3.977890       3.978790       3.979690       3.980590       3.981490       3.982400       3.983320       3.984240       3.985170       3.986100    
   4.006450       4.002310       4.002350       4.002380       4.000390       3.996200       3.996270       3.988100       3.980300       3.979100       3.979350       3.977020       3.971450       3.971930       3.972400       3.973340       3.974260       3.975180       3.970700       3.967420       3.968330       3.969250       3.970170       3.971090       3.972030       3.972960       3.973910       3.974870       3.975830       3.976800    
   4.002310       4.002330       4.002350       4.000330       3.996200       3.996230       3.987870       3.979700       3.979100       3.979230       3.976730       3.971450       3.971690       3.971930       3.972560       3.973330       3.974260       3.968120       3.962620       3.957820       3.958760       3.959690       3.960640       3.961590       3.962540       3.963510       3.964490       3.965480       3.966480       3.967490    
   4.002320       4.002330       4.000300       3.996200       3.996220       3.987760       3.979400       3.979100       3.979160       3.976630       3.971450       3.971570       3.971690       3.972060       3.972610       3.973380       3.966750       3.960220       3.957820       3.955250       3.949170       3.950130       3.951090       3.952070       3.953050       3.954050       3.955060       3.956080       3.957120       3.958160    
   4.002320       4.000290       3.996200       3.996210       3.987710       3.979250       3.979100       3.979130       3.976580       3.971450       3.971510       3.971570       3.971770       3.972120       3.972680       3.960150       3.959020       3.957820       3.944460       3.939580       3.940160       3.940550       3.941540       3.942540       3.943550       3.944580       3.945620       3.946670       3.947740       3.948830    
   4.000280       3.996200       3.996200       3.987680       3.979180       3.979100       3.979120       3.976570       3.971450       3.971480       3.971510       3.971620       3.971820       3.949130       3.935650       3.928990       3.928990       3.928850       3.928380       3.925180       3.929980       3.930970       3.931980       3.933000       3.934040       3.935100       3.936170       3.937260       3.938370       3.939490    
   3.996200       3.996200       3.987660       3.979140       3.979100       3.979110       3.976560       3.971450       3.971470       3.971480       3.971540       3.971650       3.930300       3.879630       3.879930       3.900010       3.898950       3.900150       3.913460       3.920380       3.920380       3.921390       3.922420       3.923470       3.924530       3.925620       3.926720       3.927840       3.928990       3.930150    
   3.996200       3.987660       3.979120       3.979100       3.979100       3.976550       3.971450       3.971460       3.971470       3.971490       3.923020       3.850210       3.869580       3.879330       3.879330       3.879930       3.892170       3.897750       3.900150       3.908120       3.910780       3.911810       3.912860       3.913930       3.915020       3.916130       3.917270       3.918430       3.919610       3.920810    
   3.987650       3.979110       3.979100       3.979100       3.976550       3.971450       3.971450       3.971460       3.971470       3.913280       3.850210       3.850210       3.850210       3.869130       3.878730       3.878730       3.879930       3.890830       3.895350       3.900150       3.901180       3.902230       3.903300       3.904390       3.905510       3.906660       3.907820       3.909020       3.910240       3.911470    
   3.979100       3.979100       3.979100       3.976550       3.971450       3.971450       3.971450       3.929090       3.890400       3.850180       3.850210       3.850210       3.850210       3.850210       3.868260       3.877530       3.877530       3.879930       3.887900       3.890550       3.891590       3.892660       3.893750       3.894860       3.896010       3.897180       3.898390       3.899610       3.900870       3.902150    
   3.979100       3.979100       3.976550       3.971450       3.971450       3.899560       3.791720       3.796840       3.801970       3.834060       3.850130       3.850210       3.850210       3.850210       3.850210       3.866580       3.875140       3.875130       3.879930       3.880960       3.882010       3.883090       3.884200       3.885350       3.886520       3.887720       3.888960       3.890220       3.891510       3.892830    
   3.979100       3.976550       3.971450       3.971450       3.885160       3.791700       3.791700       3.791720       3.796840       3.801970       3.833920       3.849980       3.850210       3.850210       3.850210       3.850210       3.863460       3.870350       3.870340       3.871380       3.872450       3.873550       3.874680       3.875840       3.877040       3.878280       3.879540       3.880840       3.882170       3.883530    
