iMOD/TUTORIALS/TUT_MetaswapAnalyser/model_MetaSWAP/meteo/Evaporation/Evaporation_20061101_L1.ASC
NCOLS                30
NROWS                30
XLLCORNER     160000.00
YLLCORNER     340000.00
CELLSIZE        1000.00
NODATA_VALUE   -9999.00
  0.8208200      0.8201500      0.8194600      0.8187600      0.8180500      0.8173300      0.8165900      0.8158400      0.8150800      0.8143100      0.8135200      0.8127300      0.8119200      0.8111100      0.8102800      0.8094400      0.8086000      0.8077400      0.8068800      0.8060100      0.8051300      0.8042400      0.8033400      0.8024400      0.8015200      0.8006000      0.7996800      0.7987400      0.7978000      0.7968500    
  0.8212000      0.8205200      0.8198300      0.8191300      0.8184100      0.8176900      0.8169500      0.8162000      0.8154300      0.8146600      0.8138700      0.8130800      0.8122700      0.8114500      0.8106300      0.8097900      0.8089500      0.8080900      0.8072300      0.8063600      0.8054800      0.8045900      0.8036900      0.8027900      0.8018700      0.8009600      0.8000300      0.7991000      0.7981600      0.7972100    
  0.8215600      0.8208800      0.8201900      0.8194900      0.8187700      0.8180400      0.8173000      0.8165400      0.8157800      0.8150000      0.8142200      0.8134200      0.8126100      0.8118000      0.8109700      0.8101300      0.8092900      0.8084300      0.8075700      0.8067000      0.8058200      0.8049300      0.8040300      0.8031300      0.8022200      0.8013000      0.8003800      0.7994500      0.7985100      0.7975700    
  0.8219200      0.8212400      0.8205500      0.8198400      0.8191200      0.8183900      0.8176400      0.8168900      0.8161200      0.8153400      0.8145600      0.8137600      0.8129500      0.8121300      0.8113100      0.8104700      0.8096200      0.8087700      0.8079100      0.8070300      0.8061600      0.8052700      0.8043700      0.8034700      0.8025600      0.8016500      0.8007200      0.7997900      0.7988600      0.7979200    
  0.8222800      0.8215900      0.8209000      0.8201800      0.8194600      0.8187300      0.8179800      0.8172300      0.8164600      0.8156800      0.8148900      0.8140900      0.8132800      0.8124600      0.8116400      0.8108000      0.8099500      0.8091000      0.8082400      0.8073700      0.8064900      0.8056000      0.8047100      0.8038100      0.8029000      0.8019800      0.8010600      0.8001400      0.7992000      0.7982600    
  0.8226300      0.8219400      0.8212400      0.8205300      0.8198000      0.8190700      0.8183200      0.8175600      0.8167900      0.8160100      0.8152200      0.8144200      0.8136100      0.8127900      0.8119600      0.8111300      0.8102800      0.8094300      0.8085600      0.8076900      0.8068200      0.8059300      0.8050400      0.8041400      0.8032300      0.8023200      0.8014000      0.8004700      0.7995400      0.7986000    
  0.8229800      0.8222900      0.8215800      0.8208600      0.8201400      0.8194000      0.8186500      0.8178900      0.8171200      0.8163400      0.8155400      0.8147400      0.8139300      0.8131100      0.8122800      0.8114500      0.8106000      0.8097500      0.8088900      0.8080200      0.8071400      0.8062500      0.8053600      0.8044600      0.8035600      0.8026500      0.8017300      0.8008000      0.7998800      0.7989400    
  0.8233200      0.8226300      0.8219200      0.8212000      0.8204700      0.8197300      0.8189700      0.8182100      0.8174400      0.8166600      0.8158600      0.8150600      0.8142500      0.8134300      0.8126000      0.8117600      0.8109200      0.8100600      0.8092000      0.8083300      0.8074600      0.8065700      0.8056800      0.8047800      0.8038800      0.8029700      0.8020500      0.8011300      0.8002100      0.7992700    
  0.8236600      0.8229600      0.8222500      0.8215300      0.8207900      0.8200500      0.8193000      0.8185300      0.8177600      0.8169700      0.8161800      0.8153800      0.8145600      0.8137400      0.8129100      0.8120800      0.8112300      0.8103800      0.8095100      0.8086500      0.8077700      0.8068900      0.8060000      0.8051000      0.8042000      0.8032900      0.8023800      0.8014600      0.8005300      0.7996000    
  0.8240000      0.8232900      0.8225800      0.8218500      0.8211200      0.8203700      0.8196100      0.8188500      0.8180700      0.8172800      0.8164900      0.8156900      0.8148700      0.8140500      0.8132200      0.8123800      0.8115400      0.8106800      0.8098200      0.8089600      0.8080800      0.8072000      0.8063100      0.8054200      0.8045100      0.8036100      0.8026900      0.8017800      0.8008500      0.7999200    
  0.8239930      0.8232900      0.8224730      0.8221700      0.8214300      0.8206900      0.8199300      0.8191600      0.8183800      0.8175900      0.8168000      0.8159900      0.8151800      0.8143600      0.8135300      0.8126900      0.8118400      0.8109900      0.8101300      0.8092600      0.8083900      0.8075100      0.8066200      0.8057200      0.8048300      0.8039200      0.8030100      0.8020900      0.8011700      0.8002500    
  0.8239900      0.8229810      0.8221700      0.8218530      0.8217500      0.8210000      0.8202400      0.8194700      0.8186900      0.8179000      0.8171000      0.8163000      0.8154800      0.8146600      0.8138300      0.8129900      0.8121400      0.8112900      0.8104300      0.8095600      0.8086900      0.8078100      0.8069200      0.8060300      0.8051300      0.8042300      0.8033200      0.8024100      0.8014900      0.8005600    
  0.8234560      0.8221700      0.8219970      0.8219050      0.8220600      0.8213100      0.8205400      0.8197700      0.8189900      0.8182000      0.8174000      0.8166000      0.8157800      0.8149600      0.8141300      0.8132900      0.8124400      0.8115900      0.8107300      0.8098600      0.8089900      0.8081100      0.8072200      0.8063300      0.8054400      0.8045300      0.8036300      0.8027200      0.8018000      0.8008800    
  0.8221700      0.8220520      0.8219830      0.8220600      0.8216630      0.8216200      0.8208500      0.8200800      0.8192900      0.8185000      0.8177000      0.8168900      0.8160800      0.8152500      0.8144200      0.8135800      0.8127300      0.8118800      0.8110200      0.8101600      0.8092800      0.8084100      0.8075200      0.8066300      0.8057400      0.8048400      0.8039300      0.8030200      0.8021100      0.8011900    
  0.8220760      0.8220210      0.8220600      0.8217810      0.8216200      0.8212070      0.8211500      0.8203800      0.8195900      0.8188000      0.8180000      0.8171900      0.8163700      0.8155400      0.8147100      0.8138700      0.8130300      0.8121700      0.8113100      0.8104500      0.8095800      0.8087000      0.8078200      0.8069300      0.8060400      0.8051400      0.8042300      0.8033300      0.8024100      0.8015000    
  0.8220410      0.8220600      0.8218200      0.8216200      0.8213260      0.8211500      0.8207650      0.8203730      0.8194650      0.8190900      0.8182900      0.8174800      0.8166600      0.8158300      0.8150000      0.8141600      0.8133100      0.8124600      0.8116000      0.8107400      0.8098700      0.8089900      0.8081100      0.8072200      0.8063300      0.8054300      0.8045300      0.8036300      0.8027200      0.8018000    
  0.8220600      0.8218330      0.8216200      0.8213650      0.8211500      0.8209580      0.8207630      0.8199230      0.8190900      0.8186900      0.8181360      0.8177700      0.8169500      0.8161200      0.8152900      0.8144500      0.8136000      0.8127500      0.8118900      0.8110300      0.8101600      0.8092800      0.8084000      0.8075100      0.8066200      0.8057300      0.8048300      0.8039200      0.8030200      0.8021000    
  0.8218380      0.8216200      0.8213780      0.8211500      0.8210540      0.8209570      0.8201830      0.8190900      0.8188900      0.8183750      0.8179100      0.8180500      0.8172300      0.8164000      0.8155700      0.8147300      0.8138800      0.8130300      0.8121700      0.8113100      0.8104400      0.8095700      0.8086900      0.8078000      0.8069100      0.8060200      0.8051200      0.8042200      0.8033100      0.8024000    
  0.8216200      0.8213830      0.8211500      0.8211020      0.8210540      0.8203210      0.8190900      0.8189900      0.8184770      0.8179800      0.8180500      0.8176400      0.8170930      0.8166900      0.8158500      0.8150100      0.8141700      0.8133100      0.8124600      0.8115900      0.8107200      0.8098500      0.8089700      0.8080900      0.8072000      0.8063100      0.8054100      0.8045100      0.8036100      0.8027000    
  0.8213840      0.8211500      0.8211260      0.8211020      0.8203920      0.8190900      0.8190400      0.8185240      0.8180150      0.8180500      0.8178450      0.8173680      0.8166900      0.8162700      0.8158500      0.8150100      0.8141630      0.8133130      0.8122760      0.8118700      0.8110000      0.8101300      0.8092500      0.8083700      0.8074900      0.8066000      0.8057000      0.8048100      0.8039000      0.8030000    
  0.8211500      0.8211380      0.8211260      0.8204270      0.8190900      0.8190650      0.8185470      0.8180330      0.8180500      0.8179480      0.8174880      0.8166900      0.8164800      0.8162700      0.8157100      0.8150080      0.8141620      0.8127830      0.8120100      0.8121500      0.8112800      0.8104100      0.8095400      0.8086600      0.8077700      0.8068800      0.8059900      0.8051000      0.8042000      0.8032900    
  0.8211440      0.8211380      0.8204450      0.8190900      0.8190770      0.8185590      0.8180410      0.8180500      0.8179990      0.8175440      0.8166900      0.8165850      0.8164800      0.8161530      0.8156630      0.8149600      0.8132370      0.8120800      0.8121500      0.8116630      0.8115600      0.8106900      0.8098200      0.8089400      0.8080500      0.8071700      0.8062800      0.8053800      0.8044900      0.8035900    
  0.8211440      0.8204540      0.8190900      0.8190840      0.8185640      0.8180460      0.8180500      0.8180240      0.8175710      0.8166900      0.8166380      0.8165850      0.8164060      0.8160990      0.8155920      0.8137900      0.8121150      0.8121500      0.8119750      0.8118350      0.8113140      0.8109700      0.8100900      0.8092200      0.8083400      0.8074500      0.8065600      0.8056700      0.8047800      0.8038800    
  0.8204590      0.8190900      0.8190870      0.8185670      0.8180480      0.8180500      0.8180370      0.8175840      0.8166900      0.8166640      0.8166380      0.8165430      0.8163630      0.8158240      0.8146220      0.8129750      0.8129750      0.8125850      0.8121570      0.8122500      0.8121100      0.8112400      0.8103700      0.8095000      0.8086200      0.8077300      0.8068500      0.8059600      0.8050600      0.8041700    
  0.8190900      0.8190880      0.8185690      0.8180490      0.8180500      0.8180440      0.8175900      0.8166900      0.8166770      0.8166640      0.8166150      0.8165150      0.8158310      0.8152080      0.8152000      0.8140760      0.8138340      0.8138000      0.8128450      0.8123870      0.8123900      0.8115200      0.8106500      0.8097700      0.8088900      0.8080100      0.8071300      0.8062400      0.8053500      0.8044600    
  0.8190890      0.8185690      0.8180490      0.8180500      0.8180470      0.8175930      0.8166900      0.8166830      0.8166770      0.8166520      0.8167070      0.8168700      0.8157690      0.8152170      0.8152170      0.8152000      0.8142970      0.8138670      0.8138000      0.8129450      0.8126600      0.8117900      0.8109200      0.8100500      0.8091700      0.8082900      0.8074100      0.8065200      0.8056400      0.8047500    
  0.8185700      0.8180500      0.8180500      0.8180480      0.8175950      0.8166900      0.8166870      0.8166830      0.8166710      0.8167550      0.8168700      0.8168700      0.8168700      0.8157810      0.8152340      0.8152340      0.8152000      0.8143220      0.8139350      0.8138000      0.8129300      0.8120700      0.8112000      0.8103200      0.8094500      0.8085700      0.8076900      0.8068100      0.8059200      0.8050300    
  0.8180500      0.8180500      0.8180490      0.8175960      0.8166900      0.8166880      0.8166870      0.8172880      0.8172850      0.8168710      0.8168700      0.8168700      0.8168700      0.8168700      0.8158050      0.8152670      0.8152670      0.8152000      0.8143530      0.8140700      0.8132100      0.8123400      0.8114700      0.8106000      0.8097300      0.8088500      0.8079700      0.8070900      0.8062100      0.8053200    
  0.8180500      0.8180500      0.8175960      0.8166900      0.8166890      0.8181130      0.8202500      0.8196800      0.8191100      0.8176190      0.8168720      0.8168700      0.8168700      0.8168700      0.8168700      0.8158490      0.8153350      0.8153350      0.8152000      0.8143400      0.8134800      0.8126100      0.8117500      0.8108800      0.8100000      0.8091300      0.8082500      0.8073700      0.8064900      0.8056100    
  0.8180500      0.8175960      0.8166900      0.8166900      0.8183990      0.8202510      0.8202510      0.8202500      0.8196800      0.8191100      0.8176230      0.8168770      0.8168700      0.8168700      0.8168700      0.8168700      0.8159250      0.8154700      0.8154700      0.8146100      0.8137500      0.8128900      0.8120200      0.8111500      0.8102800      0.8094100      0.8085300      0.8076600      0.8067800      0.8059000    
