iMOD/TUTORIALS/TUT_MetaswapAnalyser/model_MetaSWAP/meteo/Evaporation/Evaporation_20051016_L1.ASC
NCOLS                30
NROWS                30
XLLCORNER     160000.00
YLLCORNER     340000.00
CELLSIZE        1000.00
NODATA_VALUE   -9999.00
   1.579130       1.579800       1.580490       1.581210       1.581940       1.582680       1.583440       1.584220       1.585010       1.585810       1.586630       1.587450       1.588290       1.589140       1.589990       1.590860       1.591730       1.592610       1.593490       1.594380       1.595280       1.596180       1.597090       1.597990       1.598910       1.599820       1.600740       1.601660       1.602580       1.603500    
   1.580530       1.581200       1.581880       1.582590       1.583310       1.584040       1.584800       1.585560       1.586340       1.587140       1.587940       1.588760       1.589590       1.590430       1.591270       1.592130       1.592990       1.593860       1.594740       1.595620       1.596510       1.597400       1.598290       1.599190       1.600100       1.601000       1.601910       1.602820       1.603740       1.604650    
   1.581950       1.582610       1.583280       1.583980       1.584690       1.585420       1.586160       1.586920       1.587690       1.588480       1.589270       1.590080       1.590900       1.591730       1.592570       1.593410       1.594270       1.595130       1.595990       1.596870       1.597740       1.598630       1.599520       1.600410       1.601300       1.602200       1.603100       1.604000       1.604900       1.605810    
   1.583380       1.584030       1.584700       1.585380       1.586090       1.586800       1.587540       1.588290       1.589050       1.589830       1.590610       1.591410       1.592220       1.593040       1.593870       1.594710       1.595550       1.596400       1.597260       1.598130       1.598990       1.599870       1.600750       1.601630       1.602510       1.603400       1.604290       1.605190       1.606080       1.606980    
   1.584820       1.585460       1.586120       1.586800       1.587490       1.588200       1.588930       1.589670       1.590420       1.591190       1.591970       1.592760       1.593560       1.594370       1.595190       1.596010       1.596850       1.597690       1.598540       1.599400       1.600260       1.601120       1.601990       1.602860       1.603740       1.604620       1.605500       1.606380       1.607270       1.608160    
   1.586270       1.586900       1.587550       1.588220       1.588910       1.589610       1.590330       1.591060       1.591800       1.592560       1.593330       1.594110       1.594900       1.595700       1.596510       1.597330       1.598160       1.598990       1.599830       1.600680       1.601530       1.602380       1.603240       1.604110       1.604970       1.605840       1.606720       1.607590       1.608470       1.609350    
   1.587730       1.588360       1.589000       1.589660       1.590340       1.591030       1.591740       1.592460       1.593190       1.593940       1.594700       1.595480       1.596260       1.597050       1.597850       1.598660       1.599480       1.600300       1.601130       1.601970       1.602810       1.603660       1.604510       1.605360       1.606220       1.607080       1.607940       1.608810       1.609680       1.610550    
   1.589200       1.589820       1.590450       1.591100       1.591770       1.592460       1.593160       1.593870       1.594600       1.595340       1.596090       1.596850       1.597620       1.598410       1.599200       1.600000       1.600810       1.601620       1.602440       1.603270       1.604100       1.604940       1.605780       1.606630       1.607470       1.608330       1.609180       1.610040       1.610890       1.611750    
   1.590680       1.591290       1.591910       1.592560       1.593220       1.593890       1.594580       1.595290       1.596010       1.596740       1.597480       1.598230       1.599000       1.599770       1.600560       1.601350       1.602140       1.602950       1.603760       1.604580       1.605400       1.606230       1.607060       1.607900       1.608740       1.609580       1.610430       1.611270       1.612120       1.612970    
   1.592170       1.592770       1.593390       1.594020       1.594670       1.595340       1.596020       1.596720       1.597430       1.598150       1.598880       1.599630       1.600380       1.601150       1.601920       1.602700       1.603490       1.604290       1.605090       1.605900       1.606720       1.607530       1.608360       1.609180       1.610010       1.610850       1.611680       1.612520       1.613360       1.614200    
   1.592180       1.592780       1.593920       1.595490       1.596140       1.596790       1.597470       1.598160       1.598860       1.599570       1.600300       1.601030       1.601780       1.602530       1.603300       1.604070       1.604850       1.605640       1.606430       1.607230       1.608040       1.608850       1.609660       1.610480       1.611300       1.612120       1.612950       1.613770       1.614600       1.615430    
   1.592180       1.593590       1.595490       1.597080       1.597610       1.598260       1.598920       1.599600       1.600290       1.601000       1.601720       1.602440       1.603180       1.603930       1.604680       1.605450       1.606220       1.607000       1.607780       1.608570       1.609370       1.610170       1.610970       1.611780       1.612590       1.613400       1.614220       1.615040       1.615860       1.616680    
   1.593220       1.595490       1.597500       1.598350       1.599090       1.599730       1.600390       1.601060       1.601740       1.602440       1.603140       1.603860       1.604590       1.605330       1.606080       1.606830       1.607590       1.608360       1.609140       1.609920       1.610700       1.611490       1.612290       1.613090       1.613890       1.614690       1.615500       1.616310       1.617120       1.617930    
   1.595490       1.597700       1.598720       1.599090       1.600010       1.601210       1.601860       1.602520       1.603190       1.603880       1.604580       1.605290       1.606010       1.606740       1.607480       1.608220       1.608980       1.609740       1.610500       1.611270       1.612050       1.612830       1.613620       1.614410       1.615200       1.615990       1.616790       1.617590       1.618390       1.619190    
   1.597800       1.598910       1.599090       1.600100       1.601210       1.602130       1.603330       1.603990       1.604650       1.605330       1.606020       1.606720       1.607440       1.608160       1.608890       1.609620       1.610370       1.611120       1.611870       1.612640       1.613400       1.614180       1.614950       1.615730       1.616510       1.617300       1.618090       1.618870       1.619670       1.620460    
   1.599000       1.599090       1.600130       1.601210       1.602220       1.603330       1.603660       1.603990       1.605190       1.606790       1.607470       1.608170       1.608870       1.609580       1.610300       1.611030       1.611760       1.612510       1.613250       1.614010       1.614770       1.615530       1.616290       1.617060       1.617840       1.618610       1.619390       1.620170       1.620950       1.621730    
   1.599090       1.600140       1.601210       1.602250       1.603330       1.603500       1.603660       1.604910       1.606790       1.607130       1.608620       1.609620       1.610310       1.611010       1.611720       1.612440       1.613170       1.613900       1.614640       1.615390       1.616130       1.616890       1.617640       1.618400       1.619170       1.619930       1.620700       1.621470       1.622240       1.623010    
   1.600150       1.601210       1.602270       1.603330       1.603410       1.603500       1.604710       1.606790       1.606960       1.608790       1.610350       1.611070       1.611760       1.612450       1.613150       1.613860       1.614580       1.615310       1.616040       1.616770       1.617510       1.618250       1.619000       1.619750       1.620500       1.621260       1.622020       1.622780       1.623540       1.624300    
   1.601210       1.602270       1.603330       1.603370       1.603410       1.604600       1.606790       1.606870       1.608860       1.610710       1.611070       1.611420       1.612290       1.613890       1.614590       1.615290       1.616000       1.616710       1.617440       1.618160       1.618890       1.619630       1.620360       1.621100       1.621850       1.622590       1.623340       1.624090       1.624840       1.625600    
   1.602270       1.603330       1.603350       1.603370       1.604540       1.606790       1.606830       1.608900       1.610890       1.611070       1.611240       1.612170       1.613890       1.614240       1.614590       1.615290       1.616000       1.616720       1.618570       1.619560       1.620280       1.621000       1.621730       1.622460       1.623200       1.623930       1.624670       1.625410       1.626150       1.626900    
   1.603330       1.603340       1.603350       1.604510       1.606790       1.606810       1.608910       1.610980       1.611070       1.611160       1.612090       1.613890       1.614070       1.614240       1.614710       1.615290       1.616000       1.618500       1.620260       1.620960       1.621670       1.622390       1.623110       1.623830       1.624550       1.625280       1.626010       1.626740       1.627470       1.628200    
   1.603340       1.603340       1.604500       1.606790       1.606800       1.608920       1.611020       1.611070       1.611110       1.612050       1.613890       1.613980       1.614070       1.614340       1.614750       1.615340       1.618270       1.620610       1.620960       1.621900       1.623070       1.623780       1.624490       1.625200       1.625920       1.626630       1.627350       1.628070       1.628790       1.629510    
   1.603340       1.604490       1.606790       1.606800       1.608930       1.611050       1.611070       1.611090       1.612030       1.613890       1.613930       1.613980       1.614130       1.614380       1.614810       1.618870       1.620780       1.620960       1.623480       1.624480       1.624890       1.625170       1.625870       1.626580       1.627280       1.627990       1.628700       1.629410       1.630120       1.630830    
   1.604490       1.606790       1.606790       1.608930       1.611060       1.611070       1.611080       1.612020       1.613890       1.613910       1.613930       1.614010       1.614160       1.618750       1.622370       1.625220       1.625220       1.625620       1.626120       1.626590       1.625880       1.626570       1.627260       1.627960       1.628650       1.629350       1.630050       1.630750       1.631450       1.632150    
   1.606790       1.606790       1.608930       1.611060       1.611070       1.611080       1.612020       1.613890       1.613900       1.613910       1.613950       1.614040       1.622090       1.631750       1.631700       1.629250       1.629660       1.629480       1.628070       1.627300       1.627300       1.627980       1.628660       1.629340       1.630030       1.630720       1.631400       1.632090       1.632780       1.633480    
   1.606790       1.608930       1.611070       1.611070       1.611070       1.612010       1.613890       1.613900       1.613900       1.613920       1.622560       1.635440       1.633010       1.631790       1.631790       1.631700       1.630410       1.629840       1.629480       1.628910       1.628710       1.629380       1.630060       1.630730       1.631410       1.632080       1.632760       1.633440       1.634120       1.634800    
   1.608930       1.611070       1.611070       1.611070       1.612010       1.613890       1.613890       1.613900       1.613910       1.624250       1.635440       1.635440       1.635440       1.633080       1.631880       1.631880       1.631700       1.630620       1.630200       1.629480       1.630130       1.630800       1.631460       1.632120       1.632790       1.633460       1.634130       1.634800       1.635470       1.636140    
   1.611070       1.611070       1.611070       1.612010       1.613890       1.613890       1.613890       1.620960       1.627890       1.635440       1.635440       1.635440       1.635440       1.635440       1.633210       1.632060       1.632060       1.631700       1.631110       1.630910       1.631560       1.632210       1.632860       1.633520       1.634180       1.634830       1.635490       1.636150       1.636810       1.637470    
   1.611070       1.611070       1.612010       1.613890       1.613890       1.625550       1.643040       1.642600       1.642150       1.637690       1.635450       1.635440       1.635440       1.635440       1.635440       1.633470       1.632430       1.632430       1.631700       1.632340       1.632980       1.633630       1.634270       1.634920       1.635560       1.636210       1.636860       1.637510       1.638160       1.638810    
   1.611070       1.612010       1.613890       1.613890       1.627880       1.643040       1.643040       1.643040       1.642600       1.642150       1.637710       1.635480       1.635440       1.635440       1.635440       1.635440       1.633960       1.633150       1.633150       1.633780       1.634410       1.635050       1.635680       1.636320       1.636960       1.637590       1.638230       1.638870       1.639510       1.640150    
