iMOD/TUTORIALS/TUT_MetaswapAnalyser/model_MetaSWAP/meteo/Evaporation/Evaporation_20061029_L1.ASC
NCOLS                30
NROWS                30
XLLCORNER     160000.00
YLLCORNER     340000.00
CELLSIZE        1000.00
NODATA_VALUE   -9999.00
  0.9926800      0.9938300      0.9949600      0.9960800      0.9971700      0.9982300      0.9992700       1.000280       1.001260       1.002210       1.003120       1.004000       1.004830       1.005630       1.006390       1.007110       1.007780       1.008410       1.009000       1.009540       1.010030       1.010480       1.010880       1.011240       1.011550       1.011810       1.012030       1.012200       1.012320       1.012400    
  0.9948500      0.9960000      0.9971300      0.9982400      0.9993300       1.000390       1.001430       1.002430       1.003410       1.004350       1.005260       1.006140       1.006970       1.007770       1.008530       1.009250       1.009920       1.010550       1.011140       1.011680       1.012180       1.012630       1.013040       1.013400       1.013710       1.013980       1.014200       1.014370       1.014500       1.014590    
  0.9970400      0.9981900      0.9993200       1.000420       1.001510       1.002560       1.003600       1.004600       1.005570       1.006510       1.007420       1.008290       1.009130       1.009930       1.010680       1.011400       1.012080       1.012710       1.013300       1.013840       1.014340       1.014800       1.015210       1.015570       1.015890       1.016160       1.016380       1.016560       1.016700       1.016790    
  0.9992500       1.000390       1.001520       1.002620       1.003700       1.004750       1.005780       1.006780       1.007750       1.008690       1.009600       1.010470       1.011300       1.012100       1.012860       1.013570       1.014250       1.014880       1.015470       1.016020       1.016520       1.016980       1.017390       1.017750       1.018080       1.018350       1.018580       1.018760       1.018900       1.019000    
   1.001470       1.002610       1.003730       1.004830       1.005910       1.006960       1.007980       1.008980       1.009950       1.010890       1.011790       1.012660       1.013490       1.014290       1.015040       1.015760       1.016430       1.017070       1.017660       1.018210       1.018710       1.019170       1.019580       1.019950       1.020280       1.020550       1.020790       1.020980       1.021120       1.021220    
   1.003700       1.004840       1.005960       1.007050       1.008130       1.009180       1.010200       1.011190       1.012160       1.013090       1.014000       1.014860       1.015690       1.016490       1.017240       1.017960       1.018630       1.019270       1.019860       1.020410       1.020910       1.021370       1.021790       1.022160       1.022490       1.022770       1.023010       1.023200       1.023350       1.023450    
   1.005950       1.007080       1.008200       1.009290       1.010360       1.011410       1.012430       1.013420       1.014380       1.015320       1.016220       1.017080       1.017910       1.018700       1.019460       1.020170       1.020850       1.021480       1.022070       1.022620       1.023130       1.023590       1.024010       1.024380       1.024710       1.025000       1.025240       1.025430       1.025580       1.025690    
   1.008200       1.009340       1.010450       1.011540       1.012610       1.013650       1.014670       1.015660       1.016620       1.017550       1.018450       1.019310       1.020140       1.020930       1.021690       1.022400       1.023080       1.023710       1.024300       1.024850       1.025360       1.025820       1.026240       1.026620       1.026950       1.027240       1.027480       1.027670       1.027830       1.027940    
   1.010470       1.011600       1.012710       1.013800       1.014870       1.015910       1.016920       1.017910       1.018870       1.019800       1.020690       1.021560       1.022380       1.023170       1.023930       1.024640       1.025320       1.025950       1.026540       1.027090       1.027600       1.028070       1.028490       1.028860       1.029200       1.029480       1.029730       1.029930       1.030080       1.030190    
   1.012750       1.013880       1.014990       1.016070       1.017140       1.018180       1.019190       1.020180       1.021130       1.022060       1.022950       1.023810       1.024640       1.025430       1.026180       1.026890       1.027570       1.028200       1.028790       1.029350       1.029850       1.030320       1.030740       1.031120       1.031450       1.031740       1.031990       1.032190       1.032350       1.032460    
   1.012750       1.013870       1.015830       1.018360       1.019420       1.020450       1.021470       1.022450       1.023400       1.024330       1.025220       1.026080       1.026910       1.027690       1.028440       1.029160       1.029830       1.030470       1.031060       1.031610       1.032120       1.032580       1.033000       1.033380       1.033720       1.034010       1.034260       1.034460       1.034620       1.034730    
   1.012740       1.015200       1.018360       1.020870       1.021710       1.022740       1.023750       1.024730       1.025690       1.026610       1.027500       1.028360       1.029180       1.029970       1.030720       1.031430       1.032110       1.032740       1.033330       1.033880       1.034390       1.034860       1.035280       1.035660       1.035990       1.036290       1.036530       1.036740       1.036900       1.037010    
   1.014470       1.018360       1.021520       1.022860       1.024000       1.025040       1.026050       1.027030       1.027980       1.028900       1.029790       1.030650       1.031470       1.032260       1.033010       1.033720       1.034390       1.035020       1.035610       1.036160       1.036670       1.037140       1.037560       1.037940       1.038280       1.038570       1.038820       1.039020       1.039180       1.039300    
   1.018360       1.021830       1.023430       1.024000       1.025460       1.027340       1.028350       1.029330       1.030280       1.031200       1.032090       1.032940       1.033770       1.034550       1.035300       1.036010       1.036680       1.037310       1.037910       1.038460       1.038970       1.039430       1.039850       1.040230       1.040570       1.040860       1.041110       1.041320       1.041480       1.041600    
   1.021980       1.023710       1.024000       1.025600       1.027340       1.028780       1.030660       1.031640       1.032590       1.033510       1.034400       1.035250       1.036070       1.036850       1.037600       1.038310       1.038980       1.039620       1.040210       1.040760       1.041270       1.041730       1.042150       1.042530       1.042870       1.043160       1.043410       1.043620       1.043780       1.043900    
   1.023860       1.024000       1.025650       1.027340       1.028930       1.030660       1.031150       1.031630       1.033390       1.035820       1.036710       1.037560       1.038380       1.039170       1.039910       1.040620       1.041290       1.041930       1.042520       1.043070       1.043570       1.044040       1.044460       1.044840       1.045180       1.045470       1.045720       1.045920       1.046080       1.046200    
   1.024000       1.025660       1.027340       1.028980       1.030660       1.030910       1.031150       1.033000       1.035820       1.036270       1.038440       1.039880       1.040700       1.041480       1.042230       1.042940       1.043610       1.044240       1.044830       1.045380       1.045890       1.046350       1.046780       1.047150       1.047490       1.047780       1.048030       1.048230       1.048390       1.048510    
   1.025670       1.027340       1.028990       1.030660       1.030780       1.030900       1.032720       1.035820       1.036040       1.038760       1.041040       1.042210       1.043030       1.043810       1.044560       1.045260       1.045930       1.046570       1.047150       1.047700       1.048210       1.048670       1.049100       1.049470       1.049810       1.050100       1.050350       1.050550       1.050710       1.050830    
   1.027340       1.029000       1.030660       1.030720       1.030780       1.032560       1.035820       1.035930       1.038890       1.041630       1.042210       1.042620       1.043800       1.046140       1.046890       1.047590       1.048260       1.048890       1.049480       1.050030       1.050540       1.051000       1.051420       1.051800       1.052130       1.052420       1.052670       1.052870       1.053030       1.053140    
   1.029000       1.030660       1.030690       1.030720       1.032470       1.035820       1.035880       1.038950       1.041920       1.042210       1.042410       1.043690       1.046140       1.046510       1.046870       1.047580       1.048250       1.048880       1.051090       1.052360       1.052870       1.053330       1.053750       1.054130       1.054460       1.054750       1.054990       1.055190       1.055350       1.055470    
   1.030660       1.030680       1.030690       1.032430       1.035820       1.035850       1.038980       1.042060       1.042210       1.042310       1.043610       1.046140       1.046330       1.046510       1.046990       1.047570       1.048230       1.051290       1.053530       1.054700       1.055210       1.055670       1.056090       1.056460       1.056790       1.057080       1.057320       1.057520       1.057680       1.057790    
   1.030670       1.030680       1.032400       1.035820       1.035830       1.039000       1.042140       1.042210       1.042260       1.043570       1.046140       1.046230       1.046330       1.046610       1.047020       1.047600       1.051180       1.054120       1.054700       1.055820       1.057550       1.058010       1.058420       1.058800       1.059130       1.059410       1.059650       1.059850       1.060000       1.060110    
   1.030670       1.032390       1.035820       1.035830       1.039010       1.042170       1.042210       1.042240       1.043550       1.046140       1.046190       1.046230       1.046390       1.046650       1.047080       1.052390       1.054410       1.054700       1.058450       1.059890       1.060170       1.060350       1.060760       1.061140       1.061460       1.061750       1.061990       1.062180       1.062330       1.062440    
   1.032390       1.035820       1.035820       1.039010       1.042190       1.042210       1.042220       1.043530       1.046140       1.046160       1.046190       1.046270       1.046420       1.053260       1.058220       1.061740       1.061740       1.062120       1.062630       1.063410       1.062230       1.062690       1.063110       1.063480       1.063800       1.064080       1.064320       1.064510       1.064660       1.064770    
   1.035820       1.035820       1.039010       1.042200       1.042210       1.042220       1.043530       1.046140       1.046150       1.046160       1.046210       1.046290       1.058410       1.073000       1.072930       1.068550       1.069070       1.068780       1.066040       1.064580       1.064580       1.065040       1.065450       1.065820       1.066140       1.066420       1.066650       1.066840       1.066990       1.067090    
   1.035820       1.039010       1.042210       1.042210       1.042210       1.043520       1.046140       1.046150       1.046150       1.046170       1.059470       1.079350       1.075180       1.073080       1.073080       1.072930       1.070470       1.069370       1.068780       1.067390       1.066930       1.067380       1.067790       1.068160       1.068480       1.068760       1.068990       1.069180       1.069320       1.069420    
   1.039010       1.042210       1.042210       1.042210       1.043520       1.046140       1.046140       1.046150       1.046160       1.062100       1.079350       1.079350       1.079350       1.075290       1.073220       1.073220       1.072930       1.070810       1.069950       1.068780       1.069270       1.069730       1.070140       1.070500       1.070820       1.071090       1.071320       1.071510       1.071640       1.071740    
   1.042210       1.042210       1.042210       1.043520       1.046140       1.046140       1.046140       1.057180       1.067840       1.079360       1.079350       1.079350       1.079350       1.079350       1.075500       1.073510       1.073510       1.072930       1.071570       1.071120       1.071620       1.072070       1.072480       1.072840       1.073160       1.073430       1.073650       1.073830       1.073970       1.074060    
   1.042210       1.042210       1.043520       1.046140       1.046140       1.064430       1.091850       1.091060       1.090260       1.083000       1.079370       1.079350       1.079350       1.079350       1.079350       1.075910       1.074100       1.074100       1.072930       1.073470       1.073960       1.074420       1.074820       1.075180       1.075490       1.075760       1.075980       1.076160       1.076290       1.076380    
   1.042210       1.043520       1.046140       1.046140       1.068080       1.091850       1.091850       1.091850       1.091060       1.090260       1.083040       1.079410       1.079350       1.079350       1.079350       1.079350       1.076690       1.075270       1.075270       1.075810       1.076300       1.076760       1.077160       1.077520       1.077830       1.078090       1.078310       1.078480       1.078610       1.078690    
