iMOD/TUTORIALS/TUT_MetaswapAnalyser/model_MetaSWAP/meteo/Evaporation/Evaporation_20060502_L1.ASC
NCOLS                30
NROWS                30
XLLCORNER     160000.00
YLLCORNER     340000.00
CELLSIZE        1000.00
NODATA_VALUE   -9999.00
   2.889120       2.889430       2.889760       2.890100       2.890460       2.890830       2.891220       2.891620       2.892040       2.892480       2.892920       2.893390       2.893870       2.894360       2.894870       2.895400       2.895940       2.896490       2.897070       2.897650       2.898260       2.898870       2.899510       2.900160       2.900820       2.901500       2.902200       2.902910       2.903640       2.904380    
   2.888470       2.888810       2.889170       2.889540       2.889930       2.890330       2.890740       2.891170       2.891610       2.892070       2.892540       2.893030       2.893530       2.894040       2.894570       2.895120       2.895680       2.896250       2.896840       2.897440       2.898050       2.898680       2.899330       2.899990       2.900660       2.901350       2.902060       2.902770       2.903510       2.904250    
   2.887840       2.888210       2.888600       2.889000       2.889410       2.889840       2.890280       2.890730       2.891200       2.891680       2.892180       2.892680       2.893200       2.893740       2.894290       2.894850       2.895430       2.896010       2.896620       2.897230       2.897860       2.898500       2.899160       2.899830       2.900510       2.901210       2.901920       2.902640       2.903380       2.904130    
   2.887230       2.887630       2.888040       2.888470       2.888910       2.889360       2.889830       2.890310       2.890800       2.891300       2.891820       2.892350       2.892890       2.893450       2.894010       2.894590       2.895190       2.895790       2.896410       2.897040       2.897680       2.898340       2.899000       2.899680       2.900370       2.901080       2.901790       2.902520       2.903270       2.904020    
   2.886630       2.887060       2.887500       2.887950       2.888420       2.888900       2.889390       2.889900       2.890410       2.890940       2.891480       2.892030       2.892590       2.893160       2.893750       2.894350       2.894960       2.895580       2.896210       2.896850       2.897510       2.898180       2.898850       2.899540       2.900240       2.900950       2.901680       2.902410       2.903160       2.903910    
   2.886040       2.886500       2.886970       2.887450       2.887950       2.888450       2.888970       2.889490       2.890030       2.890580       2.891140       2.891720       2.892300       2.892890       2.893500       2.894110       2.894740       2.895380       2.896020       2.896680       2.897350       2.898020       2.898710       2.899410       2.900120       2.900840       2.901570       2.902300       2.903050       2.903820    
   2.885470       2.885950       2.886450       2.886960       2.887480       2.888010       2.888550       2.889100       2.889670       2.890240       2.890820       2.891420       2.892020       2.892630       2.893250       2.893890       2.894530       2.895180       2.895840       2.896510       2.897190       2.897880       2.898580       2.899280       2.900000       2.900730       2.901460       2.902210       2.902960       2.903720    
   2.884900       2.885420       2.885940       2.886480       2.887030       2.887580       2.888150       2.888720       2.889310       2.889900       2.890510       2.891120       2.891750       2.892380       2.893020       2.893670       2.894330       2.894990       2.895670       2.896350       2.897040       2.897740       2.898450       2.899170       2.899890       2.900620       2.901360       2.902110       2.902870       2.903640    
   2.884350       2.884890       2.885450       2.886010       2.886580       2.887160       2.887750       2.888350       2.888960       2.889580       2.890200       2.890840       2.891480       2.892130       2.892790       2.893460       2.894130       2.894810       2.895500       2.896200       2.896900       2.897610       2.898330       2.899050       2.899790       2.900520       2.901270       2.902020       2.902780       2.903550    
   2.883810       2.884380       2.884960       2.885550       2.886140       2.886750       2.887370       2.887990       2.888620       2.889260       2.889910       2.890560       2.891220       2.891890       2.892570       2.893250       2.893940       2.894640       2.895340       2.896050       2.896770       2.897490       2.898210       2.898950       2.899690       2.900430       2.901180       2.901940       2.902700       2.903470    
   2.883810       2.884380       2.884990       2.885090       2.885720       2.886350       2.886990       2.887630       2.888290       2.888950       2.889620       2.890290       2.890970       2.891660       2.892360       2.893060       2.893760       2.894470       2.895190       2.895910       2.896640       2.897370       2.898100       2.898840       2.899590       2.900340       2.901100       2.901860       2.902630       2.903400    
   2.883820       2.884570       2.885090       2.885250       2.885290       2.885950       2.886610       2.887280       2.887960       2.888640       2.889330       2.890030       2.890730       2.891440       2.892150       2.892860       2.893580       2.894310       2.895040       2.895770       2.896510       2.897250       2.898000       2.898740       2.899500       2.900260       2.901020       2.901780       2.902550       2.903320    
   2.884180       2.885090       2.885080       2.885090       2.884880       2.885560       2.886240       2.886940       2.887640       2.888340       2.889050       2.889770       2.890490       2.891210       2.891940       2.892670       2.893410       2.894150       2.894890       2.895640       2.896390       2.897140       2.897890       2.898650       2.899410       2.900170       2.900940       2.901710       2.902480       2.903250    
   2.885090       2.885010       2.884980       2.884880       2.885200       2.885170       2.885880       2.886600       2.887320       2.888050       2.888780       2.889510       2.890250       2.890990       2.891740       2.892490       2.893240       2.893990       2.894750       2.895510       2.896270       2.897030       2.897790       2.898560       2.899320       2.900090       2.900860       2.901630       2.902410       2.903180    
   2.884980       2.884930       2.884880       2.885080       2.885170       2.885520       2.885520       2.886260       2.887000       2.887750       2.888500       2.889260       2.890020       2.890780       2.891540       2.892310       2.893070       2.893840       2.894610       2.895380       2.896150       2.896920       2.897690       2.898460       2.899240       2.900010       2.900780       2.901560       2.902340       2.903110    
   2.884910       2.884880       2.885040       2.885170       2.885400       2.885520       2.885890       2.886260       2.887120       2.887460       2.888230       2.889010       2.889790       2.890560       2.891340       2.892120       2.892910       2.893690       2.894470       2.895250       2.896030       2.896810       2.897590       2.898370       2.899150       2.899930       2.900710       2.901480       2.902260       2.903040    
   2.884880       2.885030       2.885170       2.885360       2.885520       2.885700       2.885890       2.886680       2.887460       2.887850       2.888390       2.888760       2.889560       2.890350       2.891150       2.891940       2.892740       2.893540       2.894330       2.895120       2.895920       2.896700       2.897490       2.898280       2.899060       2.899850       2.900630       2.901410       2.902190       2.902970    
   2.885030       2.885170       2.885350       2.885520       2.885610       2.885700       2.886430       2.887460       2.887650       2.888170       2.888640       2.888510       2.889320       2.890140       2.890950       2.891760       2.892580       2.893390       2.894190       2.895000       2.895800       2.896600       2.897390       2.898190       2.898980       2.899770       2.900550       2.901330       2.902120       2.902900    
   2.885170       2.885350       2.885520       2.885570       2.885610       2.886300       2.887460       2.887560       2.888070       2.888570       2.888510       2.888920       2.889470       2.889930       2.890760       2.891580       2.892410       2.893230       2.894050       2.894870       2.895680       2.896490       2.897290       2.898090       2.898890       2.899680       2.900470       2.901260       2.902040       2.902820    
   2.885350       2.885520       2.885540       2.885570       2.886240       2.887460       2.887510       2.888030       2.888540       2.888510       2.888710       2.889210       2.889930       2.890350       2.890760       2.891580       2.892410       2.893230       2.894300       2.894740       2.895560       2.896380       2.897190       2.898000       2.898800       2.899590       2.900380       2.901170       2.901960       2.902740    
   2.885520       2.885530       2.885540       2.886200       2.887460       2.887480       2.888010       2.888530       2.888510       2.888610       2.889090       2.889930       2.890140       2.890340       2.890900       2.891580       2.892410       2.893840       2.894670       2.894600       2.895440       2.896260       2.897080       2.897900       2.898700       2.899500       2.900300       2.901090       2.901870       2.902650    
   2.885530       2.885530       2.886180       2.887460       2.887470       2.888000       2.888520       2.888510       2.888560       2.889040       2.889930       2.890030       2.890140       2.890460       2.890940       2.891630       2.893410       2.894630       2.894600       2.895120       2.895310       2.896140       2.896970       2.897790       2.898600       2.899410       2.900200       2.900990       2.901780       2.902560    
   2.885530       2.886180       2.887460       2.887470       2.887990       2.888510       2.888510       2.888540       2.889010       2.889930       2.889980       2.890030       2.890210       2.890510       2.891010       2.892950       2.894620       2.894600       2.894960       2.895170       2.895680       2.896020       2.896850       2.897680       2.898500       2.899300       2.900100       2.900900       2.901680       2.902460    
   2.886170       2.887460       2.887460       2.887990       2.888510       2.888510       2.888520       2.889000       2.889930       2.889960       2.889980       2.890080       2.890250       2.891030       2.892390       2.894140       2.894150       2.894550       2.895010       2.894970       2.895040       2.895890       2.896730       2.897560       2.898380       2.899200       2.900000       2.900790       2.901580       2.902350    
   2.887460       2.887460       2.887990       2.888510       2.888510       2.888520       2.888990       2.889930       2.889940       2.889960       2.890000       2.890100       2.891220       2.892380       2.892390       2.893360       2.893670       2.893690       2.894510       2.894890       2.894890       2.895750       2.896600       2.897440       2.898270       2.899080       2.899880       2.900680       2.901460       2.902240    
   2.887460       2.887990       2.888510       2.888510       2.888510       2.888990       2.889930       2.889940       2.889940       2.889970       2.890300       2.890730       2.891830       2.892380       2.892380       2.892390       2.893240       2.893650       2.893690       2.894470       2.894740       2.895610       2.896470       2.897310       2.898140       2.898960       2.899760       2.900560       2.901340       2.902110    
   2.887990       2.888510       2.888510       2.888510       2.888980       2.889930       2.889930       2.889940       2.889950       2.890340       2.890730       2.890730       2.890730       2.891820       2.892360       2.892360       2.892390       2.893230       2.893600       2.893690       2.894580       2.895460       2.896320       2.897170       2.898000       2.898820       2.899630       2.900420       2.901210       2.901980    
   2.888510       2.888510       2.888510       2.888980       2.889930       2.889930       2.889930       2.889480       2.889820       2.890730       2.890730       2.890730       2.890730       2.890730       2.891800       2.892340       2.892340       2.892390       2.893230       2.893510       2.894410       2.895300       2.896160       2.897020       2.897860       2.898680       2.899490       2.900280       2.901060       2.901830    
   2.888510       2.888510       2.888980       2.889930       2.889930       2.888600       2.886610       2.887370       2.888120       2.889860       2.890730       2.890730       2.890730       2.890730       2.890730       2.891760       2.892280       2.892280       2.892390       2.893320       2.894230       2.895120       2.896000       2.896860       2.897700       2.898520       2.899330       2.900120       2.900900       2.901670    
   2.888510       2.888980       2.889930       2.889930       2.888340       2.886610       2.886610       2.886610       2.887370       2.888120       2.889850       2.890720       2.890730       2.890730       2.890730       2.890730       2.891710       2.892170       2.892180       2.893120       2.894040       2.894940       2.895820       2.896680       2.897530       2.898350       2.899160       2.899960       2.900730       2.901500    
