iMOD/TUTORIALS/TUT_MetaswapAnalyser/model_MetaSWAP/meteo/Evaporation/Evaporation_20060101_L1.ASC
NCOLS                30
NROWS                30
XLLCORNER     160000.00
YLLCORNER     340000.00
CELLSIZE        1000.00
NODATA_VALUE   -9999.00
  0.2106200      0.2114400      0.2122500      0.2130600      0.2138700      0.2146700      0.2154700      0.2162600      0.2170400      0.2178100      0.2185800      0.2193400      0.2201000      0.2208400      0.2215700      0.2223000      0.2230200      0.2237300      0.2244200      0.2251100      0.2257900      0.2264600      0.2271200      0.2277700      0.2284100      0.2290400      0.2296600      0.2302700      0.2308700      0.2314700    
  0.2122600      0.2130800      0.2138900      0.2147100      0.2155200      0.2163200      0.2171200      0.2179100      0.2186900      0.2194700      0.2202400      0.2210000      0.2217600      0.2225000      0.2232400      0.2239700      0.2246900      0.2254000      0.2261000      0.2267900      0.2274700      0.2281400      0.2288000      0.2294500      0.2300900      0.2307200      0.2313400      0.2319600      0.2325600      0.2331500    
  0.2139000      0.2147200      0.2155400      0.2163600      0.2171700      0.2179700      0.2187700      0.2195700      0.2203500      0.2211300      0.2219000      0.2226700      0.2234200      0.2241700      0.2249100      0.2256400      0.2263600      0.2270700      0.2277700      0.2284600      0.2291500      0.2298200      0.2304800      0.2311300      0.2317700      0.2324100      0.2330300      0.2336400      0.2342500      0.2348400    
  0.2155400      0.2163700      0.2171900      0.2180100      0.2188200      0.2196300      0.2204300      0.2212300      0.2220200      0.2228000      0.2235700      0.2243400      0.2250900      0.2258400      0.2265800      0.2273100      0.2280400      0.2287500      0.2294500      0.2301400      0.2308300      0.2315000      0.2321600      0.2328200      0.2334600      0.2340900      0.2347200      0.2353300      0.2359400      0.2365300    
  0.2171900      0.2180200      0.2188500      0.2196700      0.2204800      0.2212900      0.2221000      0.2228900      0.2236800      0.2244700      0.2252400      0.2260100      0.2267700      0.2275200      0.2282600      0.2289900      0.2297200      0.2304300      0.2311300      0.2318300      0.2325100      0.2331900      0.2338500      0.2345100      0.2351500      0.2357900      0.2364100      0.2370200      0.2376300      0.2382200    
  0.2188500      0.2196800      0.2205100      0.2213300      0.2221400      0.2229600      0.2237600      0.2245600      0.2253500      0.2261400      0.2269100      0.2276800      0.2284400      0.2292000      0.2299400      0.2306700      0.2314000      0.2321200      0.2328200      0.2335200      0.2342000      0.2348800      0.2355400      0.2362000      0.2368400      0.2374800      0.2381000      0.2387200      0.2393200      0.2399200    
  0.2205000      0.2213400      0.2221700      0.2229900      0.2238100      0.2246200      0.2254300      0.2262300      0.2270300      0.2278100      0.2285900      0.2293600      0.2301200      0.2308800      0.2316200      0.2323600      0.2330900      0.2338000      0.2345100      0.2352100      0.2358900      0.2365700      0.2372400      0.2378900      0.2385400      0.2391700      0.2398000      0.2404100      0.2410200      0.2416200    
  0.2221600      0.2230000      0.2238300      0.2246600      0.2254800      0.2262900      0.2271000      0.2279100      0.2287000      0.2294900      0.2302700      0.2310400      0.2318100      0.2325600      0.2333100      0.2340500      0.2347800      0.2354900      0.2362000      0.2369000      0.2375900      0.2382600      0.2389300      0.2395900      0.2402400      0.2408700      0.2415000      0.2421100      0.2427200      0.2433100    
  0.2238200      0.2246600      0.2255000      0.2263300      0.2271500      0.2279700      0.2287800      0.2295800      0.2303800      0.2311700      0.2319500      0.2327300      0.2334900      0.2342500      0.2350000      0.2357400      0.2364700      0.2371900      0.2379000      0.2385900      0.2392800      0.2399600      0.2406300      0.2412900      0.2419300      0.2425700      0.2432000      0.2438100      0.2444200      0.2450100    
  0.2254900      0.2263300      0.2271600      0.2280000      0.2288200      0.2296400      0.2304500      0.2312600      0.2320600      0.2328500      0.2336400      0.2344100      0.2351800      0.2359400      0.2366900      0.2374300      0.2381600      0.2388800      0.2395900      0.2402900      0.2409800      0.2416600      0.2423300      0.2429900      0.2436400      0.2442700      0.2449000      0.2455100      0.2461200      0.2467100    
  0.2254870      0.2263270      0.2277900      0.2296700      0.2305000      0.2313200      0.2321300      0.2329400      0.2337400      0.2345400      0.2353200      0.2361000      0.2368700      0.2376300      0.2383800      0.2391300      0.2398600      0.2405800      0.2412900      0.2419900      0.2426800      0.2433600      0.2440300      0.2446900      0.2453400      0.2459700      0.2466000      0.2472200      0.2478200      0.2484200    
  0.2254860      0.2273180      0.2296700      0.2315480      0.2321700      0.2330000      0.2338100      0.2346300      0.2354300      0.2362300      0.2370100      0.2377900      0.2385600      0.2393300      0.2400800      0.2408200      0.2415600      0.2422800      0.2429900      0.2436900      0.2443800      0.2450600      0.2457300      0.2463900      0.2470400      0.2476800      0.2483100      0.2489200      0.2495300      0.2501200    
  0.2267790      0.2296700      0.2320190      0.2330100      0.2338500      0.2346800      0.2355000      0.2363100      0.2371100      0.2379100      0.2387000      0.2394900      0.2402600      0.2410200      0.2417800      0.2425200      0.2432500      0.2439800      0.2446900      0.2454000      0.2460900      0.2467700      0.2474400      0.2481000      0.2487500      0.2493800      0.2500100      0.2506300      0.2512300      0.2518200    
  0.2296700      0.2322420      0.2334300      0.2338500      0.2349630      0.2363600      0.2371800      0.2379900      0.2388000      0.2396000      0.2403900      0.2411800      0.2419500      0.2427200      0.2434700      0.2442200      0.2449600      0.2456800      0.2464000      0.2471000      0.2477900      0.2484700      0.2491400      0.2498000      0.2504500      0.2510900      0.2517200      0.2523300      0.2529300      0.2535300    
  0.2323510      0.2336400      0.2338500      0.2350580      0.2363600      0.2374670      0.2388600      0.2396800      0.2404900      0.2412900      0.2420900      0.2428700      0.2436500      0.2444200      0.2451700      0.2459200      0.2466600      0.2473800      0.2481000      0.2488000      0.2495000      0.2501800      0.2508500      0.2515100      0.2521600      0.2528000      0.2534200      0.2540400      0.2546400      0.2552300    
  0.2337450      0.2338500      0.2350890      0.2363600      0.2375620      0.2388600      0.2392700      0.2396770      0.2411100      0.2429800      0.2437800      0.2445700      0.2453400      0.2461100      0.2468700      0.2476200      0.2483600      0.2490900      0.2498000      0.2505100      0.2512000      0.2518900      0.2525600      0.2532200      0.2538600      0.2545000      0.2551300      0.2557400      0.2563400      0.2569400    
  0.2338500      0.2351000      0.2363600      0.2375940      0.2388600      0.2390650      0.2392690      0.2407590      0.2429800      0.2433800      0.2451100      0.2462600      0.2470400      0.2478100      0.2485700      0.2493200      0.2500600      0.2507900      0.2515100      0.2522100      0.2529100      0.2535900      0.2542600      0.2549200      0.2555700      0.2562100      0.2568300      0.2574500      0.2580500      0.2586400    
  0.2351030      0.2363600      0.2376050      0.2388600      0.2389630      0.2390650      0.2405180      0.2429800      0.2431800      0.2453080      0.2471100      0.2479600      0.2487400      0.2495100      0.2502700      0.2510200      0.2517600      0.2524900      0.2532100      0.2539200      0.2546100      0.2553000      0.2559700      0.2566300      0.2572800      0.2579100      0.2585400      0.2591500      0.2597500      0.2603400    
  0.2363600      0.2376080      0.2388600      0.2389110      0.2389620      0.2403810      0.2429800      0.2430800      0.2453930      0.2475350      0.2479600      0.2483500      0.2493550      0.2512100      0.2519700      0.2527200      0.2534700      0.2542000      0.2549200      0.2556200      0.2563200      0.2570000      0.2576800      0.2583400      0.2589800      0.2596200      0.2602400      0.2608500      0.2614500      0.2620400    
  0.2376090      0.2388600      0.2388860      0.2389110      0.2403090      0.2429800      0.2430300      0.2454320      0.2477480      0.2479600      0.2481550      0.2492190      0.2512100      0.2515900      0.2519670      0.2527200      0.2534630      0.2541970      0.2562200      0.2573300      0.2580300      0.2587100      0.2593800      0.2600400      0.2606900      0.2613200      0.2619500      0.2625600      0.2631600      0.2637400    
  0.2388600      0.2388730      0.2388860      0.2402710      0.2429800      0.2430050      0.2454510      0.2478540      0.2479600      0.2480570      0.2491360      0.2512100      0.2514000      0.2515890      0.2520920      0.2527170      0.2534600      0.2562180      0.2581800      0.2590300      0.2597300      0.2604100      0.2610900      0.2617500      0.2623900      0.2630300      0.2636500      0.2642600      0.2648600      0.2654400    
  0.2388660      0.2388730      0.2402520      0.2429800      0.2429930      0.2454610      0.2479070      0.2479600      0.2480090      0.2490910      0.2512100      0.2513050      0.2514000      0.2516940      0.2521330      0.2527560      0.2560060      0.2586050      0.2590300      0.2600630      0.2614300      0.2621200      0.2627900      0.2634500      0.2641000      0.2647300      0.2653500      0.2659600      0.2665500      0.2671400    
  0.2388660      0.2402430      0.2429800      0.2429860      0.2454650      0.2479330      0.2479600      0.2479840      0.2490670      0.2512100      0.2512570      0.2513050      0.2514660      0.2517420      0.2521940      0.2567670      0.2588170      0.2590300      0.2619760      0.2631300      0.2635440      0.2638200      0.2644900      0.2651500      0.2658000      0.2664300      0.2670500      0.2676600      0.2682500      0.2688300    
  0.2402380      0.2429800      0.2429830      0.2454680      0.2479470      0.2479600      0.2479720      0.2490550      0.2512100      0.2512340      0.2512570      0.2513430      0.2515040      0.2568210      0.2609420      0.2641250      0.2641250      0.2645630      0.2651130      0.2656800      0.2648300      0.2655200      0.2661900      0.2668500      0.2674900      0.2681300      0.2687500      0.2693500      0.2699400      0.2705300    
  0.2429800      0.2429820      0.2454690      0.2479530      0.2479600      0.2479660      0.2490490      0.2512100      0.2512220      0.2512340      0.2512780      0.2513680      0.2607170      0.2719320      0.2718800      0.2689420      0.2694310      0.2692200      0.2674760      0.2665300      0.2665300      0.2672200      0.2678900      0.2685500      0.2691900      0.2698200      0.2704400      0.2710400      0.2716400      0.2722100    
  0.2429810      0.2454690      0.2479570      0.2479600      0.2479630      0.2490460      0.2512100      0.2512160      0.2512220      0.2512450      0.2612440      0.2761700      0.2733880      0.2719840      0.2719840      0.2718800      0.2703300      0.2696430      0.2692200      0.2684750      0.2682300      0.2689100      0.2695800      0.2702400      0.2708900      0.2715100      0.2721300      0.2727300      0.2733200      0.2739000    
  0.2454700      0.2479580      0.2479600      0.2479620      0.2490450      0.2512100      0.2512130      0.2512160      0.2512270      0.2632100      0.2761700      0.2761700      0.2761700      0.2734650      0.2720890      0.2720890      0.2718800      0.2705790      0.2700650      0.2692200      0.2699200      0.2706000      0.2712800      0.2719300      0.2725800      0.2732000      0.2738200      0.2744200      0.2750100      0.2755800    
  0.2479590      0.2479600      0.2479610      0.2490440      0.2512100      0.2512110      0.2512130      0.2593270      0.2673590      0.2761750      0.2761700      0.2761700      0.2761700      0.2761700      0.2736180      0.2722980      0.2722980      0.2718800      0.2711500      0.2709100      0.2716100      0.2722900      0.2729600      0.2736200      0.2742600      0.2748900      0.2755000      0.2761000      0.2766900      0.2772600    
  0.2479600      0.2479600      0.2490440      0.2512100      0.2512110      0.2645280      0.2845000      0.2840750      0.2836500      0.2786760      0.2761840      0.2761700      0.2761700      0.2761700      0.2761700      0.2739150      0.2727160      0.2727150      0.2718800      0.2725900      0.2732900      0.2739800      0.2746500      0.2753000      0.2759500      0.2765700      0.2771800      0.2777800      0.2783600      0.2789300    
  0.2479600      0.2490440      0.2512100      0.2512100      0.2671920      0.2845030      0.2845030      0.2845000      0.2840750      0.2836500      0.2786990      0.2762110      0.2761700      0.2761700      0.2761700      0.2761700      0.2744750      0.2735530      0.2735500      0.2742700      0.2749700      0.2756600      0.2763300      0.2769800      0.2776200      0.2782500      0.2788600      0.2794500      0.2800400      0.2806000    
