iMOD/TUTORIALS/TUT_MetaswapAnalyser/model_MetaSWAP/meteo/Evaporation/Evaporation_20050113_L1.ASC
NCOLS                30
NROWS                30
XLLCORNER     160000.00
YLLCORNER     340000.00
CELLSIZE        1000.00
NODATA_VALUE   -9999.00
  0.3041500      0.3044200      0.3047400      0.3051000      0.3055000      0.3059400      0.3064200      0.3069300      0.3074600      0.3080300      0.3086200      0.3092300      0.3098600      0.3105100      0.3111800      0.3118600      0.3125500      0.3132500      0.3139700      0.3146900      0.3154100      0.3161400      0.3168800      0.3176100      0.3183500      0.3190900      0.3198300      0.3205600      0.3213000      0.3220300    
  0.3051900      0.3054500      0.3057500      0.3061000      0.3064900      0.3069100      0.3073700      0.3078600      0.3083900      0.3089300      0.3095100      0.3101000      0.3107200      0.3113500      0.3120100      0.3126700      0.3133500      0.3140400      0.3147400      0.3154400      0.3161600      0.3168700      0.3175900      0.3183200      0.3190400      0.3197700      0.3204900      0.3212200      0.3219400      0.3226600    
  0.3062500      0.3065000      0.3067900      0.3071300      0.3075000      0.3079100      0.3083600      0.3088300      0.3093400      0.3098700      0.3104300      0.3110100      0.3116100      0.3122300      0.3128700      0.3135200      0.3141800      0.3148500      0.3155400      0.3162300      0.3169300      0.3176300      0.3183400      0.3190500      0.3197600      0.3204700      0.3211900      0.3219000      0.3226100      0.3233100    
  0.3073400      0.3075800      0.3078600      0.3081800      0.3085400      0.3089400      0.3093700      0.3098300      0.3103200      0.3108400      0.3113800      0.3119400      0.3125300      0.3131300      0.3137500      0.3143900      0.3150400      0.3157000      0.3163700      0.3170400      0.3177300      0.3184200      0.3191100      0.3198100      0.3205100      0.3212100      0.3219100      0.3226000      0.3233000      0.3239900    
  0.3084500      0.3086800      0.3089500      0.3092600      0.3096000      0.3099900      0.3104000      0.3108500      0.3113300      0.3118300      0.3123600      0.3129100      0.3134800      0.3140600      0.3146700      0.3152900      0.3159200      0.3165700      0.3172200      0.3178900      0.3185500      0.3192300      0.3199100      0.3205900      0.3212800      0.3219600      0.3226500      0.3233300      0.3240200      0.3247000    
  0.3095800      0.3098000      0.3100600      0.3103600      0.3106900      0.3110600      0.3114600      0.3119000      0.3123600      0.3128500      0.3133600      0.3138900      0.3144500      0.3150200      0.3156100      0.3162200      0.3168400      0.3174700      0.3181000      0.3187500      0.3194100      0.3200700      0.3207300      0.3214000      0.3220700      0.3227500      0.3234200      0.3240900      0.3247600      0.3254300    
  0.3107400      0.3109500      0.3111900      0.3114800      0.3118000      0.3121600      0.3125500      0.3129700      0.3134100      0.3138900      0.3143900      0.3149100      0.3154500      0.3160000      0.3165800      0.3171700      0.3177700      0.3183900      0.3190100      0.3196500      0.3202900      0.3209300      0.3215800      0.3222400      0.3229000      0.3235500      0.3242100      0.3248700      0.3255300      0.3261800    
  0.3119100      0.3121100      0.3123500      0.3126200      0.3129300      0.3132800      0.3136500      0.3140600      0.3144900      0.3149500      0.3154400      0.3159400      0.3164700      0.3170100      0.3175700      0.3181500      0.3187400      0.3193400      0.3199500      0.3205600      0.3211900      0.3218200      0.3224600      0.3231000      0.3237400      0.3243800      0.3250300      0.3256700      0.3263200      0.3269600    
  0.3131000      0.3132900      0.3135200      0.3137900      0.3140900      0.3144200      0.3147800      0.3151800      0.3156000      0.3160400      0.3165100      0.3170000      0.3175100      0.3180400      0.3185900      0.3191500      0.3197200      0.3203100      0.3209000      0.3215100      0.3221200      0.3227300      0.3233600      0.3239800      0.3246100      0.3252400      0.3258700      0.3265000      0.3271300      0.3277500    
  0.3143100      0.3144900      0.3147100      0.3149700      0.3152600      0.3155800      0.3159300      0.3163100      0.3167200      0.3171500      0.3176000      0.3180800      0.3185800      0.3190900      0.3196200      0.3201700      0.3207300      0.3213000      0.3218800      0.3224700      0.3230700      0.3236700      0.3242800      0.3248900      0.3255000      0.3261100      0.3267300      0.3273500      0.3279600      0.3285700    
  0.3143230      0.3145030      0.3150850      0.3161700      0.3164500      0.3167600      0.3171000      0.3174600      0.3178600      0.3182800      0.3187200      0.3191800      0.3196700      0.3201700      0.3206800      0.3212200      0.3217600      0.3223200      0.3228800      0.3234600      0.3240400      0.3246200      0.3252200      0.3258100      0.3264100      0.3270100      0.3276100      0.3282100      0.3288200      0.3294100    
  0.3143360      0.3150200      0.3161700      0.3172880      0.3176500      0.3179500      0.3182800      0.3186400      0.3190200      0.3194300      0.3198500      0.3203000      0.3207700      0.3212600      0.3217600      0.3222800      0.3228100      0.3233500      0.3239000      0.3244600      0.3250300      0.3256000      0.3261800      0.3267600      0.3273400      0.3279300      0.3285200      0.3291000      0.3296900      0.3302700    
  0.3149300      0.3161700      0.3176510      0.3182650      0.3188800      0.3191600      0.3194800      0.3198300      0.3202000      0.3205900      0.3210100      0.3214400      0.3219000      0.3223700      0.3228600      0.3233600      0.3238800      0.3244100      0.3249400      0.3254900      0.3260400      0.3266000      0.3271600      0.3277300      0.3283000      0.3288700      0.3294400      0.3300100      0.3305800      0.3311500    
  0.3161700      0.3178180      0.3185720      0.3188800      0.3194770      0.3203900      0.3207000      0.3210300      0.3213900      0.3217700      0.3221800      0.3226000      0.3230400      0.3235000      0.3239800      0.3244700      0.3249700      0.3254800      0.3260000      0.3265300      0.3270700      0.3276200      0.3281600      0.3287200      0.3292700      0.3298300      0.3303800      0.3309400      0.3315000      0.3320500    
  0.3178990      0.3187260      0.3188800      0.3195820      0.3203900      0.3210070      0.3219300      0.3222500      0.3226000      0.3229700      0.3233600      0.3237700      0.3242000      0.3246500      0.3251100      0.3255900      0.3260800      0.3265700      0.3270800      0.3276000      0.3281200      0.3286500      0.3291800      0.3297200      0.3302600      0.3308000      0.3313400      0.3318800      0.3324300      0.3329700    
  0.3188030      0.3188800      0.3196170      0.3203900      0.3211090      0.3219300      0.3220900      0.3222600      0.3230000      0.3241800      0.3245600      0.3249600      0.3253800      0.3258100      0.3262600      0.3267300      0.3272000      0.3276800      0.3281800      0.3286800      0.3291900      0.3297000      0.3302200      0.3307400      0.3312700      0.3317900      0.3323200      0.3328500      0.3333700      0.3339000    
  0.3188800      0.3196290      0.3203900      0.3211430      0.3219300      0.3220100      0.3220930      0.3228830      0.3241800      0.3243700      0.3254500      0.3261700      0.3265700      0.3269900      0.3274300      0.3278800      0.3283400      0.3288100      0.3292900      0.3297800      0.3302700      0.3307700      0.3312800      0.3317800      0.3322900      0.3328000      0.3333200      0.3338300      0.3343400      0.3348500    
  0.3196330      0.3203900      0.3211540      0.3219300      0.3219700      0.3220110      0.3227910      0.3241800      0.3242750      0.3256310      0.3267750      0.3273800      0.3277800      0.3281900      0.3286100      0.3290500      0.3294900      0.3299500      0.3304200      0.3308900      0.3313700      0.3318600      0.3323500      0.3328400      0.3333300      0.3338300      0.3343300      0.3348200      0.3353200      0.3358100    
  0.3203900      0.3211580      0.3219300      0.3219500      0.3219700      0.3227380      0.3241800      0.3242280      0.3257090      0.3270780      0.3273800      0.3275800      0.3281850      0.3293900      0.3298000      0.3302300      0.3306600      0.3311100      0.3315600      0.3320200      0.3324900      0.3329600      0.3334300      0.3339100      0.3343900      0.3348700      0.3353500      0.3358300      0.3363100      0.3367900    
  0.3211590      0.3219300      0.3219400      0.3219500      0.3227100      0.3241800      0.3242040      0.3257450      0.3272290      0.3273800      0.3274800      0.3281340      0.3293900      0.3295950      0.3298070      0.3302300      0.3306670      0.3311100      0.3324340      0.3331600      0.3336100      0.3340700      0.3345300      0.3349900      0.3354600      0.3359200      0.3363900      0.3368600      0.3373200      0.3377800    
  0.3219300      0.3219350      0.3219400      0.3226950      0.3241800      0.3241920      0.3257630      0.3273040      0.3273800      0.3274300      0.3280960      0.3293900      0.3294930      0.3295970      0.3298770      0.3302340      0.3306690      0.3324540      0.3337400      0.3343200      0.3347500      0.3352000      0.3356400      0.3360900      0.3365400      0.3369900      0.3374400      0.3378900      0.3383400      0.3387900    
  0.3219320      0.3219350      0.3226880      0.3241800      0.3241860      0.3257710      0.3273420      0.3273800      0.3274050      0.3280740      0.3293900      0.3294410      0.3294930      0.3296560      0.3299030      0.3302600      0.3323410      0.3340300      0.3343200      0.3349930      0.3359100      0.3363400      0.3367700      0.3372000      0.3376400      0.3380700      0.3385100      0.3389400      0.3393800      0.3398100    
  0.3219320      0.3226840      0.3241800      0.3241830      0.3257760      0.3273610      0.3273800      0.3273930      0.3280620      0.3293900      0.3294160      0.3294410      0.3295300      0.3296840      0.3299400      0.3329150      0.3341750      0.3343200      0.3363080      0.3370800      0.3373280      0.3374900      0.3379100      0.3383300      0.3387500      0.3391700      0.3395900      0.3400100      0.3404200      0.3408400    
  0.3226820      0.3241800      0.3241810      0.3257780      0.3273710      0.3273800      0.3273860      0.3280560      0.3293900      0.3294030      0.3294160      0.3294620      0.3295520      0.3331860      0.3358980      0.3378980      0.3378950      0.3381390      0.3384520      0.3388400      0.3382500      0.3386500      0.3390500      0.3394600      0.3398600      0.3402700      0.3406800      0.3410800      0.3414800      0.3418800    
  0.3241800      0.3241810      0.3257790      0.3273750      0.3273800      0.3273830      0.3280530      0.3293900      0.3293960      0.3294030      0.3294270      0.3294770      0.3358990      0.3436290      0.3435900      0.3413620      0.3416240      0.3414700      0.3401470      0.3394370      0.3394300      0.3398200      0.3402100      0.3406000      0.3409900      0.3413800      0.3417700      0.3421600      0.3425500      0.3429300    
  0.3241800      0.3257790      0.3273780      0.3273800      0.3273820      0.3280520      0.3293900      0.3293930      0.3293960      0.3294090      0.3364770      0.3470400      0.3447980      0.3436680      0.3436680      0.3435900      0.3423380      0.3417780      0.3414700      0.3408400      0.3406300      0.3410000      0.3413800      0.3417600      0.3421300      0.3425100      0.3428800      0.3432600      0.3436300      0.3440000    
  0.3257800      0.3273790      0.3273800      0.3273810      0.3280510      0.3293900      0.3293920      0.3293930      0.3293990      0.3378720      0.3470400      0.3470400      0.3470400      0.3448560      0.3437460      0.3437460      0.3435900      0.3425160      0.3420850      0.3414700      0.3418300      0.3421900      0.3425600      0.3429200      0.3432800      0.3436400      0.3440000      0.3443600      0.3447100      0.3450700    
  0.3273790      0.3273800      0.3273800      0.3280500      0.3293900      0.3293910      0.3293920      0.3353260      0.3409840      0.3470430      0.3470400      0.3470400      0.3470400      0.3470400      0.3449700      0.3439020      0.3439020      0.3435900      0.3429200      0.3427000      0.3430400      0.3433900      0.3437400      0.3440900      0.3444300      0.3447800      0.3451200      0.3454700      0.3458100      0.3461400    
  0.3273800      0.3273800      0.3280500      0.3293900      0.3293900      0.3392950      0.3541500      0.3536350      0.3531200      0.3490760      0.3470500      0.3470400      0.3470400      0.3470400      0.3470400      0.3451910      0.3442150      0.3442150      0.3435900      0.3439200      0.3442600      0.3445900      0.3449300      0.3452600      0.3456000      0.3459300      0.3462600      0.3465800      0.3469100      0.3472300    
  0.3273800      0.3280500      0.3293900      0.3293900      0.3412770      0.3541520      0.3541520      0.3541500      0.3536350      0.3531200      0.3490940      0.3470710      0.3470400      0.3470400      0.3470400      0.3470400      0.3456060      0.3448400      0.3448400      0.3451600      0.3454800      0.3458000      0.3461200      0.3464500      0.3467600      0.3470800      0.3473900      0.3477000      0.3480100      0.3483200    
