iMOD/TUTORIALS/TUT_MetaswapAnalyser/model_MetaSWAP/meteo/Evaporation/Evaporation_20060223_L1.ASC
NCOLS                30
NROWS                30
XLLCORNER     160000.00
YLLCORNER     340000.00
CELLSIZE        1000.00
NODATA_VALUE   -9999.00
  0.5787400      0.5787100      0.5787100      0.5787400      0.5788000      0.5788800      0.5790000      0.5791400      0.5793200      0.5795300      0.5797800      0.5800600      0.5803800      0.5807300      0.5811200      0.5815500      0.5820200      0.5825200      0.5830600      0.5836400      0.5842600      0.5849200      0.5856200      0.5863600      0.5871300      0.5879400      0.5887800      0.5896700      0.5905900      0.5915400    
  0.5757500      0.5757000      0.5756800      0.5756900      0.5757300      0.5757900      0.5758900      0.5760200      0.5761800      0.5763700      0.5766000      0.5768600      0.5771600      0.5775000      0.5778800      0.5782900      0.5787400      0.5792300      0.5797600      0.5803300      0.5809400      0.5815800      0.5822700      0.5829900      0.5837500      0.5845500      0.5853900      0.5862600      0.5871700      0.5881200    
  0.5727600      0.5726900      0.5726500      0.5726300      0.5726500      0.5727000      0.5727700      0.5728800      0.5730300      0.5732000      0.5734100      0.5736600      0.5739500      0.5742700      0.5746300      0.5750300      0.5754600      0.5759400      0.5764500      0.5770100      0.5776000      0.5782400      0.5789100      0.5796200      0.5803700      0.5811600      0.5819900      0.5828500      0.5837600      0.5846900    
  0.5697600      0.5696700      0.5696100      0.5695700      0.5695700      0.5696000      0.5696500      0.5697400      0.5698700      0.5700300      0.5702200      0.5704500      0.5707200      0.5710300      0.5713700      0.5717500      0.5721800      0.5726400      0.5731400      0.5736800      0.5742600      0.5748800      0.5755500      0.5762500      0.5769900      0.5777700      0.5785900      0.5794400      0.5803400      0.5812700    
  0.5667600      0.5666500      0.5665600      0.5665100      0.5664800      0.5664900      0.5665300      0.5666000      0.5667100      0.5668500      0.5670300      0.5672400      0.5674900      0.5677800      0.5681100      0.5684800      0.5688900      0.5693300      0.5698200      0.5703500      0.5709200      0.5715300      0.5721800      0.5728700      0.5736000      0.5743700      0.5751800      0.5760300      0.5769100      0.5778400    
  0.5637500      0.5636200      0.5635200      0.5634400      0.5634000      0.5633800      0.5634000      0.5634600      0.5635400      0.5636700      0.5638300      0.5640200      0.5642600      0.5645300      0.5648500      0.5652000      0.5655900      0.5660300      0.5665000      0.5670200      0.5675700      0.5681700      0.5688100      0.5694900      0.5702100      0.5709700      0.5717700      0.5726100      0.5734900      0.5744100    
  0.5607500      0.5605900      0.5604700      0.5603700      0.5603100      0.5602700      0.5602700      0.5603100      0.5603800      0.5604800      0.5606300      0.5608100      0.5610200      0.5612800      0.5615800      0.5619200      0.5622900      0.5627100      0.5631800      0.5636800      0.5642200      0.5648100      0.5654400      0.5661100      0.5668200      0.5675700      0.5683600      0.5692000      0.5700700      0.5709800    
  0.5577400      0.5575700      0.5574200      0.5573000      0.5572200      0.5571600      0.5571400      0.5571600      0.5572100      0.5573000      0.5574200      0.5575800      0.5577900      0.5580300      0.5583100      0.5586300      0.5589900      0.5594000      0.5598500      0.5603400      0.5608700      0.5614500      0.5620600      0.5627200      0.5634300      0.5641700      0.5649500      0.5657800      0.5666400      0.5675500    
  0.5547400      0.5545400      0.5543700      0.5542300      0.5541300      0.5540500      0.5540100      0.5540100      0.5540400      0.5541100      0.5542200      0.5543600      0.5545500      0.5547700      0.5550400      0.5553400      0.5556900      0.5560900      0.5565200      0.5570000      0.5575200      0.5580800      0.5586900      0.5593400      0.5600300      0.5607700      0.5615400      0.5623600      0.5632200      0.5641200    
  0.5517400      0.5515100      0.5513200      0.5511600      0.5510400      0.5509400      0.5508800      0.5508600      0.5508700      0.5509200      0.5510100      0.5511400      0.5513100      0.5515200      0.5517700      0.5520600      0.5523900      0.5527700      0.5531900      0.5536600      0.5541700      0.5547200      0.5553200      0.5559600      0.5566400      0.5573700      0.5581400      0.5589500      0.5598000      0.5606900    
  0.5517470      0.5515230      0.5505230      0.5481000      0.5479500      0.5478400      0.5477600      0.5477100      0.5477100      0.5477400      0.5478100      0.5479200      0.5480700      0.5482600      0.5485000      0.5487700      0.5490900      0.5494600      0.5498700      0.5503200      0.5508200      0.5513600      0.5519400      0.5525800      0.5532500      0.5539700      0.5547300      0.5555400      0.5563800      0.5572700    
  0.5517570      0.5504730      0.5481000      0.5456780      0.5448700      0.5447300      0.5446300      0.5445700      0.5445400      0.5445600      0.5446100      0.5447000      0.5448300      0.5450100      0.5452300      0.5454900      0.5458000      0.5461500      0.5465400      0.5469800      0.5474700      0.5480000      0.5485700      0.5492000      0.5498600      0.5505700      0.5513300      0.5521300      0.5529700      0.5538500    
  0.5505840      0.5481000      0.5447240      0.5433300      0.5417900      0.5416300      0.5415100      0.5414300      0.5413800      0.5413800      0.5414100      0.5414800      0.5416000      0.5417600      0.5419600      0.5422100      0.5425000      0.5428400      0.5432200      0.5436500      0.5441200      0.5446400      0.5452100      0.5458200      0.5464800      0.5471800      0.5479300      0.5487200      0.5495600      0.5504400    
  0.5481000      0.5442940      0.5425600      0.5417900      0.5406530      0.5385400      0.5383900      0.5382900      0.5382300      0.5382000      0.5382200      0.5382700      0.5383700      0.5385100      0.5387000      0.5389300      0.5392100      0.5395300      0.5399000      0.5403200      0.5407800      0.5412900      0.5418400      0.5424500      0.5431000      0.5437900      0.5445400      0.5453200      0.5461500      0.5470300    
  0.5440900      0.5421750      0.5417900      0.5403280      0.5385400      0.5374030      0.5352800      0.5351600      0.5350800      0.5350300      0.5350300      0.5350700      0.5351500      0.5352700      0.5354400      0.5356600      0.5359200      0.5362300      0.5365900      0.5369900      0.5374400      0.5379400      0.5384900      0.5390800      0.5397200      0.5404100      0.5411500      0.5419300      0.5427600      0.5436300    
  0.5419830      0.5417900      0.5402190      0.5385400      0.5370740      0.5352800      0.5352200      0.5351730      0.5342850      0.5318700      0.5318500      0.5318700      0.5319300      0.5320400      0.5321900      0.5323900      0.5326400      0.5329300      0.5332800      0.5336700      0.5341100      0.5346000      0.5351300      0.5357200      0.5363600      0.5370400      0.5377700      0.5385400      0.5393700      0.5402300    
  0.5417900      0.5401830      0.5385400      0.5369650      0.5352800      0.5352500      0.5352240      0.5341370      0.5318700      0.5318600      0.5299500      0.5286700      0.5287200      0.5288100      0.5289500      0.5291300      0.5293600      0.5296500      0.5299800      0.5303500      0.5307800      0.5312600      0.5317900      0.5323700      0.5329900      0.5336700      0.5343900      0.5351700      0.5359800      0.5368500    
  0.5401710      0.5385400      0.5369280      0.5352800      0.5352650      0.5352510      0.5341200      0.5318700      0.5318650      0.5292500      0.5270800      0.5254900      0.5255200      0.5255900      0.5257100      0.5258800      0.5261000      0.5263700      0.5266800      0.5270500      0.5274700      0.5279300      0.5284500      0.5290200      0.5296400      0.5303100      0.5310300      0.5318000      0.5326100      0.5334700    
  0.5385400      0.5369160      0.5352800      0.5352720      0.5352660      0.5341270      0.5318700      0.5318680      0.5289520      0.5262850      0.5254900      0.5255050      0.5247450      0.5223800      0.5224900      0.5226400      0.5228400      0.5230900      0.5234000      0.5237500      0.5241600      0.5246200      0.5251300      0.5256900      0.5263000      0.5269600      0.5276800      0.5284400      0.5292500      0.5301100    
  0.5369120      0.5352800      0.5352760      0.5352730      0.5341340      0.5318700      0.5318690      0.5288130      0.5258870      0.5254900      0.5254970      0.5245300      0.5223800      0.5224350      0.5225030      0.5226570      0.5228570      0.5231100      0.5215780      0.5204600      0.5208600      0.5213100      0.5218100      0.5223600      0.5229700      0.5236200      0.5243300      0.5250900      0.5259000      0.5267600    
  0.5352800      0.5352780      0.5352760      0.5341380      0.5318700      0.5318690      0.5287460      0.5256890      0.5254900      0.5254940      0.5244740      0.5223800      0.5224080      0.5224390      0.5225320      0.5226720      0.5228740      0.5207120      0.5188250      0.5171900      0.5175700      0.5180100      0.5185000      0.5190500      0.5196500      0.5203000      0.5210000      0.5217600      0.5225600      0.5234200    
  0.5352790      0.5352780      0.5341410      0.5318700      0.5318700      0.5287130      0.5255890      0.5254900      0.5254920      0.5244600      0.5223800      0.5223940      0.5224090      0.5224600      0.5225480      0.5226930      0.5202910      0.5180080      0.5171900      0.5163530      0.5143000      0.5147300      0.5152100      0.5157500      0.5163400      0.5169900      0.5176900      0.5184400      0.5192400      0.5200900    
  0.5352790      0.5341420      0.5318700      0.5318700      0.5286960      0.5255400      0.5254900      0.5254910      0.5244550      0.5223800      0.5223870      0.5223940      0.5224210      0.5224720      0.5225670      0.5181280      0.5175990      0.5171900      0.5126910      0.5110450      0.5112940      0.5114500      0.5119300      0.5124600      0.5130500      0.5136900      0.5143800      0.5151300      0.5159300      0.5167900    
  0.5341430      0.5318700      0.5318700      0.5286880      0.5255150      0.5254900      0.5254900      0.5244540      0.5223800      0.5223830      0.5223870      0.5224010      0.5224290      0.5146900      0.5099760      0.5075150      0.5075100      0.5074470      0.5072620      0.5061750      0.5077900      0.5082000      0.5086600      0.5091900      0.5097700      0.5104000      0.5111000      0.5118400      0.5126400      0.5134900    
  0.5318700      0.5318700      0.5286840      0.5255020      0.5254900      0.5254900      0.5244540      0.5223800      0.5223820      0.5223840      0.5223900      0.5224060      0.5083660      0.4912030      0.4913000      0.4978720      0.4974350      0.4978300      0.5022610      0.5045670      0.5045600      0.5049600      0.5054100      0.5059300      0.5065000      0.5071400      0.5078300      0.5085700      0.5093700      0.5102200    
  0.5318700      0.5286820      0.5254960      0.5254900      0.5254900      0.5244530      0.5223800      0.5223810      0.5223820      0.5223850      0.5062120      0.4819400      0.4880350      0.4911060      0.4911060      0.4913000      0.4952430      0.4970400      0.4978300      0.5004720      0.5013500      0.5017300      0.5021800      0.5026900      0.5032600      0.5038900      0.5045700      0.5053200      0.5061200      0.5069700    
  0.5286810      0.5254930      0.5254900      0.5254900      0.5244530      0.5223800      0.5223800      0.5223810      0.5223830      0.5029720      0.4819400      0.4819400      0.4819400      0.4878920      0.4909120      0.4909110      0.4913000      0.4948030      0.4962500      0.4978300      0.4981500      0.4985300      0.4989700      0.4994700      0.5000400      0.5006600      0.5013400      0.5020800      0.5028800      0.5037400    
  0.5254920      0.5254900      0.5254900      0.5244530      0.5223800      0.5223800      0.5223800      0.5085980      0.4956560      0.4819320      0.4819400      0.4819400      0.4819400      0.4819400      0.4876100      0.4905240      0.4905230      0.4913000      0.4938320      0.4946700      0.4949800      0.4953400      0.4957800      0.4962700      0.4968300      0.4974500      0.4981300      0.4988700      0.4996700      0.5005300    
  0.5254900      0.5254900      0.5244530      0.5223800      0.5223800      0.4992510      0.4645600      0.4659050      0.4672500      0.4770210      0.4819160      0.4819400      0.4819400      0.4819400      0.4819400      0.4870660      0.4897480      0.4897450      0.4913000      0.4915300      0.4918200      0.4921800      0.4926100      0.4931000      0.4936500      0.4942700      0.4949500      0.4956900      0.4964800      0.4973400    
  0.5254900      0.5244530      0.5223800      0.5223800      0.4946220      0.4645550      0.4645550      0.4645600      0.4659050      0.4672500      0.4769790      0.4818670      0.4819400      0.4819400      0.4819400      0.4819400      0.4860530      0.4882000      0.4881900      0.4884100      0.4886900      0.4890400      0.4894600      0.4899400      0.4904900      0.4911100      0.4917800      0.4925200      0.4933200      0.4941800    
