iMOD/TUTORIALS/TUT_MetaswapAnalyser/model_MetaSWAP/meteo/Evaporation/Evaporation_20051228_L1.ASC
NCOLS                30
NROWS                30
XLLCORNER     160000.00
YLLCORNER     340000.00
CELLSIZE        1000.00
NODATA_VALUE   -9999.00
  0.2365000      0.2359100      0.2353000      0.2346900      0.2340600      0.2334200      0.2327700      0.2321100      0.2314400      0.2307600      0.2300800      0.2293800      0.2286700      0.2279600      0.2272400      0.2265100      0.2257700      0.2250300      0.2242800      0.2235200      0.2227600      0.2219900      0.2212200      0.2204400      0.2196600      0.2188700      0.2180800      0.2172800      0.2164800      0.2156800    
  0.2350700      0.2344700      0.2338500      0.2332300      0.2326000      0.2319500      0.2313000      0.2306400      0.2299600      0.2292800      0.2285900      0.2278900      0.2271800      0.2264600      0.2257400      0.2250100      0.2242700      0.2235300      0.2227800      0.2220200      0.2212600      0.2204900      0.2197200      0.2189400      0.2181600      0.2173800      0.2165900      0.2158000      0.2150000      0.2142000    
  0.2336300      0.2330200      0.2324000      0.2317700      0.2311300      0.2304800      0.2298200      0.2291500      0.2284700      0.2277900      0.2270900      0.2263900      0.2256800      0.2249600      0.2242400      0.2235000      0.2227600      0.2220200      0.2212700      0.2205100      0.2197500      0.2189900      0.2182200      0.2174400      0.2166600      0.2158800      0.2150900      0.2143000      0.2135100      0.2127200    
  0.2321800      0.2315600      0.2309400      0.2303000      0.2296600      0.2290000      0.2283400      0.2276600      0.2269800      0.2262900      0.2255900      0.2248800      0.2241700      0.2234500      0.2227200      0.2219900      0.2212500      0.2205000      0.2197500      0.2190000      0.2182400      0.2174700      0.2167000      0.2159300      0.2151500      0.2143700      0.2135900      0.2128000      0.2120200      0.2112300    
  0.2307300      0.2301000      0.2294700      0.2288300      0.2281800      0.2275100      0.2268400      0.2261700      0.2254800      0.2247800      0.2240800      0.2233700      0.2226600      0.2219300      0.2212000      0.2204700      0.2197300      0.2189800      0.2182300      0.2174700      0.2167100      0.2159500      0.2151800      0.2144100      0.2136400      0.2128600      0.2120800      0.2113000      0.2105100      0.2097300    
  0.2292700      0.2286400      0.2280000      0.2273500      0.2266900      0.2260200      0.2253500      0.2246600      0.2239700      0.2232700      0.2225700      0.2218500      0.2211300      0.2204100      0.2196800      0.2189400      0.2182000      0.2174500      0.2167000      0.2159400      0.2151900      0.2144200      0.2136600      0.2128900      0.2121100      0.2113400      0.2105600      0.2097800      0.2090000      0.2082200    
  0.2278100      0.2271700      0.2265200      0.2258600      0.2252000      0.2245300      0.2238500      0.2231600      0.2224600      0.2217600      0.2210500      0.2203300      0.2196100      0.2188800      0.2181500      0.2174100      0.2166600      0.2159200      0.2151700      0.2144100      0.2136500      0.2128900      0.2121200      0.2113600      0.2105900      0.2098100      0.2090400      0.2082600      0.2074900      0.2067100    
  0.2263400      0.2257000      0.2250400      0.2243800      0.2237000      0.2230300      0.2223400      0.2216400      0.2209400      0.2202400      0.2195200      0.2188000      0.2180800      0.2173500      0.2166100      0.2158700      0.2151300      0.2143800      0.2136300      0.2128700      0.2121100      0.2113500      0.2105900      0.2098200      0.2090500      0.2082800      0.2075100      0.2067400      0.2059600      0.2051900    
  0.2248700      0.2242200      0.2235600      0.2228800      0.2222100      0.2215200      0.2208300      0.2201300      0.2194200      0.2187100      0.2179900      0.2172700      0.2165400      0.2158100      0.2150700      0.2143300      0.2135800      0.2128300      0.2120800      0.2113200      0.2105700      0.2098100      0.2090400      0.2082800      0.2075100      0.2067400      0.2059800      0.2052100      0.2044400      0.2036700    
  0.2234000      0.2227400      0.2220700      0.2213900      0.2207100      0.2200100      0.2193200      0.2186100      0.2179000      0.2171800      0.2164600      0.2157300      0.2150000      0.2142700      0.2135300      0.2127800      0.2120300      0.2112800      0.2105300      0.2097700      0.2090200      0.2082600      0.2075000      0.2067300      0.2059700      0.2052000      0.2044400      0.2036700      0.2029000      0.2021400    
  0.2234000      0.2227370      0.2215220      0.2198900      0.2192000      0.2185000      0.2178000      0.2170900      0.2163700      0.2156500      0.2149300      0.2141900      0.2134600      0.2127200      0.2119800      0.2112300      0.2104800      0.2097300      0.2089800      0.2082200      0.2074600      0.2067000      0.2059400      0.2051800      0.2044200      0.2036600      0.2029000      0.2021300      0.2013700      0.2006100    
  0.2233970      0.2218870      0.2198900      0.2182420      0.2176900      0.2169900      0.2162800      0.2155600      0.2148400      0.2141200      0.2133900      0.2126500      0.2119100      0.2111700      0.2104300      0.2096800      0.2089300      0.2081700      0.2074200      0.2066600      0.2059100      0.2051500      0.2043900      0.2036300      0.2028700      0.2021100      0.2013500      0.2005900      0.1998300      0.1990700    
  0.2223060      0.2198900      0.2178160      0.2169400      0.2161900      0.2154700      0.2147600      0.2140400      0.2133100      0.2125800      0.2118500      0.2111100      0.2103600      0.2096200      0.2088700      0.2081200      0.2073700      0.2066200      0.2058600      0.2051000      0.2043500      0.2035900      0.2028300      0.2020700      0.2013100      0.2005600      0.1998000      0.1990400      0.1982900      0.1975300    
  0.2198900      0.2176150      0.2165650      0.2161900      0.2152070      0.2139600      0.2132400      0.2125100      0.2117800      0.2110400      0.2103000      0.2095600      0.2088100      0.2080700      0.2073200      0.2065600      0.2058100      0.2050500      0.2043000      0.2035400      0.2027800      0.2020300      0.2012700      0.2005100      0.1997600      0.1990000      0.1982500      0.1974900      0.1967400      0.1959900    
  0.2175180      0.2163770      0.2161900      0.2151190      0.2139600      0.2129700      0.2117100      0.2109800      0.2102400      0.2095000      0.2087600      0.2080100      0.2072600      0.2065100      0.2057600      0.2050000      0.2042500      0.2034900      0.2027300      0.2019800      0.2012200      0.2004600      0.1997100      0.1989500      0.1982000      0.1974400      0.1966900      0.1959400      0.1951900      0.1944400    
  0.2162840      0.2161900      0.2150900      0.2139600      0.2128800      0.2117100      0.2113450      0.2109770      0.2096700      0.2079600      0.2072100      0.2064600      0.2057100      0.2049500      0.2042000      0.2034400      0.2026800      0.2019200      0.2011700      0.2004100      0.1996500      0.1989000      0.1981400      0.1973900      0.1966300      0.1958800      0.1951300      0.1943900      0.1936400      0.1929000    
  0.2161900      0.2150800      0.2139600      0.2128500      0.2117100      0.2115270      0.2113440      0.2099880      0.2079600      0.2075850      0.2059800      0.2049100      0.2041500      0.2034000      0.2026400      0.2018800      0.2011200      0.2003600      0.1996000      0.1988400      0.1980800      0.1973300      0.1965700      0.1958200      0.1950700      0.1943200      0.1935800      0.1928300      0.1920900      0.1913500    
  0.2150770      0.2139600      0.2128400      0.2117100      0.2116190      0.2115270      0.2102050      0.2079600      0.2077720      0.2058040      0.2041350      0.2033600      0.2026000      0.2018400      0.2010800      0.2003100      0.1995500      0.1987900      0.1980300      0.1972700      0.1965100      0.1957600      0.1950100      0.1942500      0.1935100      0.1927600      0.1920200      0.1912800      0.1905400      0.1898000    
  0.2139600      0.2128370      0.2117100      0.2116640      0.2116190      0.2103280      0.2079600      0.2078660      0.2057290      0.2037480      0.2033600      0.2029800      0.2020200      0.2002800      0.1995100      0.1987500      0.1979900      0.1972200      0.1964600      0.1957000      0.1949400      0.1941900      0.1934400      0.1926900      0.1919400      0.1912000      0.1904600      0.1897200      0.1889800      0.1882500    
  0.2128360      0.2117100      0.2116870      0.2116640      0.2103930      0.2079600      0.2079130      0.2056940      0.2035540      0.2033600      0.2031700      0.2021600      0.2002800      0.1998950      0.1995130      0.1987500      0.1979870      0.1972230      0.1952140      0.1941300      0.1933700      0.1926200      0.1918700      0.1911200      0.1903800      0.1896300      0.1889000      0.1881600      0.1874300      0.1867000    
  0.2117100      0.2116990      0.2116870      0.2104260      0.2079600      0.2079370      0.2056770      0.2034570      0.2033600      0.2032650      0.2022420      0.2002800      0.2000870      0.1998960      0.1993860      0.1987500      0.1979870      0.1952660      0.1933450      0.1925600      0.1918100      0.1910500      0.1903000      0.1895500      0.1888100      0.1880700      0.1873400      0.1866000      0.1858800      0.1851500    
  0.2117040      0.2116990      0.2104430      0.2079600      0.2079480      0.2056680      0.2034080      0.2033600      0.2033130      0.2022870      0.2002800      0.2001840      0.2000880      0.1997900      0.1993440      0.1987080      0.1955030      0.1929530      0.1925600      0.1915370      0.1902400      0.1894800      0.1887300      0.1879900      0.1872500      0.1865100      0.1857800      0.1850500      0.1843200      0.1836000    
  0.2117040      0.2104510      0.2079600      0.2079540      0.2056640      0.2033840      0.2033600      0.2033360      0.2023100      0.2002800      0.2002320      0.2001840      0.2000210      0.1997410      0.1992810      0.1948370      0.1927560      0.1925600      0.1897740      0.1886750      0.1882200      0.1879200      0.1871700      0.1864200      0.1856800      0.1849500      0.1842200      0.1834900      0.1827700      0.1820600    
  0.2104560      0.2079600      0.2079570      0.2056620      0.2033720      0.2033600      0.2033480      0.2023220      0.2002800      0.2002560      0.2002320      0.2001450      0.1999820      0.1949750      0.1910130      0.1878760      0.1878750      0.1874170      0.1868480      0.1863250      0.1871100      0.1863500      0.1856000      0.1848600      0.1841200      0.1833900      0.1826600      0.1819400      0.1812200      0.1805100    
  0.2079600      0.2079590      0.2056610      0.2033660      0.2033600      0.2033540      0.2023270      0.2002800      0.2002680      0.2002560      0.2002110      0.2001200      0.1913360      0.1808120      0.1808600      0.1834850      0.1829960      0.1831900      0.1847110      0.1855430      0.1855400      0.1847900      0.1840400      0.1833000      0.1825600      0.1818300      0.1811100      0.1803900      0.1796800      0.1789700    
  0.2079590      0.2056610      0.2033630      0.2033600      0.2033570      0.2023300      0.2002800      0.2002740      0.2002680      0.2002450      0.1909330      0.1770400      0.1795150      0.1807640      0.1807640      0.1808600      0.1822070      0.1828020      0.1831900      0.1837850      0.1839800      0.1832300      0.1824800      0.1817400      0.1810100      0.1802800      0.1795600      0.1788400      0.1781300      0.1774300    
  0.2056600      0.2033620      0.2033600      0.2033590      0.2023320      0.2002800      0.2002770      0.2002740      0.2002620      0.1891050      0.1770400      0.1770400      0.1770400      0.1794440      0.1806680      0.1806670      0.1808600      0.1819780      0.1824150      0.1831900      0.1824300      0.1816700      0.1809300      0.1801900      0.1794500      0.1787300      0.1780100      0.1773000      0.1765900      0.1758900    
  0.2033610      0.2033600      0.2033590      0.2023330      0.2002800      0.2002780      0.2002770      0.1927930      0.1853070      0.1770360      0.1770400      0.1770400      0.1770400      0.1770400      0.1793030      0.1804750      0.1804750      0.1808600      0.1814450      0.1816400      0.1808700      0.1801200      0.1793700      0.1786300      0.1779000      0.1771800      0.1764700      0.1757600      0.1750600      0.1743600    
  0.2033600      0.2033600      0.2023330      0.2002800      0.2002790      0.1880550      0.1697200      0.1700400      0.1703600      0.1748020      0.1770280      0.1770400      0.1770400      0.1770400      0.1770400      0.1790300      0.1800910      0.1800900      0.1808600      0.1800900      0.1793300      0.1785700      0.1778300      0.1770900      0.1763600      0.1756400      0.1749300      0.1742200      0.1735200      0.1728400    
  0.2033600      0.2023330      0.2002800      0.2002800      0.1856090      0.1697170      0.1697170      0.1697200      0.1700400      0.1703600      0.1747810      0.1770030      0.1770400      0.1770400      0.1770400      0.1770400      0.1785140      0.1793230      0.1793200      0.1785500      0.1777800      0.1770300      0.1762800      0.1755500      0.1748200      0.1741000      0.1733900      0.1726900      0.1720000      0.1713100    
