iMOD/TUTORIALS/TUT_MetaswapAnalyser/model_MetaSWAP/meteo/Evaporation/Evaporation_20050519_L1.ASC
NCOLS                30
NROWS                30
XLLCORNER     160000.00
YLLCORNER     340000.00
CELLSIZE        1000.00
NODATA_VALUE   -9999.00
   3.522040       3.527730       3.533420       3.539120       3.544830       3.550540       3.556260       3.561990       3.567720       3.573460       3.579200       3.584960       3.590720       3.596500       3.602280       3.608070       3.613880       3.619690       3.625520       3.631350       3.637200       3.643060       3.648930       3.654820       3.660720       3.666630       3.672560       3.678500       3.684450       3.690430    
   3.525950       3.531640       3.537340       3.543050       3.548760       3.554470       3.560190       3.565920       3.571660       3.577400       3.583150       3.588910       3.594680       3.600460       3.606240       3.612040       3.617850       3.623670       3.629500       3.635340       3.641190       3.647050       3.652930       3.658820       3.664730       3.670640       3.676580       3.682520       3.688490       3.694460    
   3.529830       3.535530       3.541240       3.546950       3.552660       3.558380       3.564110       3.569840       3.575580       3.581330       3.587080       3.592840       3.598620       3.604400       3.610190       3.615990       3.621800       3.627620       3.633460       3.639300       3.645160       3.651030       3.656910       3.662810       3.668720       3.674640       3.680580       3.686530       3.692500       3.698490    
   3.533700       3.539400       3.545110       3.550820       3.556540       3.562270       3.568000       3.573730       3.579480       3.585230       3.590990       3.596760       3.602530       3.608320       3.614110       3.619920       3.625740       3.631560       3.637400       3.643250       3.649110       3.654990       3.660880       3.666780       3.672690       3.678620       3.684570       3.690520       3.696500       3.702490    
   3.537540       3.543250       3.548960       3.554680       3.560410       3.566130       3.571870       3.577610       3.583360       3.589110       3.594880       3.600650       3.606430       3.612220       3.618020       3.623830       3.629650       3.635480       3.641320       3.647180       3.653050       3.658930       3.664820       3.670730       3.676650       3.682580       3.688530       3.694500       3.700480       3.706480    
   3.541360       3.547080       3.552800       3.558520       3.564250       3.569980       3.575720       3.581470       3.587220       3.592980       3.598750       3.604520       3.610310       3.616100       3.621910       3.627720       3.633550       3.639380       3.645230       3.651090       3.656960       3.662850       3.668750       3.674660       3.680590       3.686530       3.692490       3.698460       3.704440       3.710450    
   3.545170       3.550890       3.556610       3.562340       3.568070       3.573810       3.579550       3.585300       3.591060       3.596830       3.602600       3.608380       3.614170       3.619970       3.625780       3.631600       3.637430       3.643270       3.649120       3.654990       3.660860       3.666760       3.672660       3.678580       3.684510       3.690460       3.696420       3.702400       3.708390       3.714400    
   3.548950       3.554680       3.560410       3.566140       3.571880       3.577620       3.583370       3.589120       3.594880       3.600650       3.606430       3.612220       3.618010       3.623810       3.629630       3.635450       3.641290       3.647140       3.652990       3.658860       3.664750       3.670650       3.676560       3.682480       3.688420       3.694370       3.700340       3.706320       3.712320       3.718340    
   3.552720       3.558450       3.564190       3.569920       3.575670       3.581410       3.587170       3.592930       3.598690       3.604470       3.610250       3.616040       3.621840       3.627640       3.633460       3.639290       3.645130       3.650990       3.656850       3.662730       3.668620       3.674520       3.680440       3.686370       3.692310       3.698270       3.704250       3.710240       3.716240       3.722260    
   3.556470       3.562210       3.567950       3.573690       3.579440       3.585190       3.590950       3.596710       3.602480       3.608260       3.614050       3.619840       3.625650       3.631460       3.637280       3.643120       3.648960       3.654820       3.660690       3.666570       3.672470       3.678380       3.684300       3.690240       3.696190       3.702150       3.708130       3.714130       3.720140       3.726170    
   3.556470       3.562210       3.570320       3.577440       3.583190       3.588950       3.594710       3.600480       3.606260       3.612040       3.617830       3.623630       3.629440       3.635260       3.641090       3.646930       3.652780       3.658640       3.664520       3.670400       3.676300       3.682220       3.688150       3.694090       3.700050       3.706020       3.712010       3.718010       3.724030       3.730070    
   3.556470       3.566610       3.577440       3.584550       3.586930       3.592690       3.598460       3.604230       3.610010       3.615800       3.621600       3.627400       3.633220       3.639040       3.644870       3.650720       3.656580       3.662440       3.668330       3.674220       3.680130       3.686050       3.691980       3.697930       3.703900       3.709880       3.715870       3.721880       3.727910       3.733950    
   3.562820       3.577440       3.585360       3.588790       3.590650       3.596420       3.602190       3.607970       3.613760       3.619550       3.625350       3.631160       3.636980       3.642810       3.648650       3.654500       3.660360       3.666230       3.672120       3.678020       3.683930       3.689860       3.695800       3.701760       3.707730       3.713720       3.719720       3.725740       3.731770       3.737820    
   3.577440       3.585790       3.589720       3.590650       3.595730       3.600130       3.605910       3.611700       3.617490       3.623280       3.629090       3.634900       3.640730       3.646560       3.652410       3.658260       3.664130       3.670010       3.675900       3.681810       3.687730       3.693660       3.699610       3.705570       3.711550       3.717540       3.723550       3.729580       3.735620       3.741680    
   3.586020       3.590190       3.590650       3.595500       3.600130       3.605220       3.609620       3.615410       3.621200       3.627000       3.632820       3.638630       3.644460       3.650300       3.656150       3.662010       3.667890       3.673770       3.679670       3.685580       3.691510       3.697450       3.703400       3.709370       3.715360       3.721360       3.727370       3.733410       3.739460       3.745520    
   3.590420       3.590650       3.595430       3.600130       3.604990       3.609620       3.612510       3.615410       3.623580       3.630710       3.636530       3.642350       3.648190       3.654030       3.659890       3.665750       3.671630       3.677520       3.683430       3.689340       3.695280       3.701220       3.707180       3.713160       3.719150       3.725160       3.731180       3.737220       3.743280       3.749360    
   3.590650       3.595400       3.600130       3.604910       3.609620       3.611070       3.612510       3.620550       3.630710       3.633620       3.641080       3.646060       3.651900       3.657750       3.663610       3.669480       3.675360       3.681260       3.687170       3.693090       3.699030       3.704990       3.710950       3.716940       3.722940       3.728950       3.734980       3.741030       3.747100       3.753180    
   3.595390       3.600130       3.604890       3.609620       3.610340       3.611070       3.618710       3.630710       3.632160       3.640610       3.647900       3.649750       3.655590       3.661450       3.667320       3.673190       3.679080       3.684990       3.690900       3.696830       3.702780       3.708740       3.714710       3.720700       3.726710       3.732730       3.738770       3.744830       3.750900       3.756990    
   3.600130       3.604880       3.609620       3.609980       3.610340       3.617710       3.630710       3.631440       3.640410       3.648830       3.649750       3.652670       3.657980       3.665140       3.671010       3.676900       3.682790       3.688700       3.694620       3.700560       3.706510       3.712480       3.718460       3.724460       3.730470       3.736500       3.742550       3.748610       3.754690       3.760790    
   3.604880       3.609620       3.609800       3.609980       3.617190       3.630710       3.631070       3.640320       3.649290       3.649750       3.651210       3.656390       3.665140       3.668080       3.671020       3.676900       3.682800       3.688700       3.699230       3.704280       3.710230       3.716210       3.722190       3.728200       3.734220       3.740260       3.746310       3.752380       3.758470       3.764580    
   3.609620       3.609710       3.609800       3.616920       3.630710       3.630890       3.640270       3.649520       3.649750       3.650480       3.655620       3.665140       3.666610       3.668080       3.672000       3.676900       3.682800       3.696970       3.706130       3.707980       3.713950       3.719930       3.725920       3.731930       3.737960       3.744010       3.750070       3.756150       3.762250       3.768360    
   3.609670       3.609710       3.616790       3.630710       3.630800       3.640250       3.649630       3.649750       3.650120       3.655250       3.665140       3.665870       3.666610       3.668890       3.672330       3.677230       3.694340       3.707060       3.707980       3.713190       3.717650       3.723640       3.729640       3.735660       3.741690       3.747750       3.753820       3.759910       3.766010       3.772140    
   3.609670       3.616720       3.630710       3.630760       3.640240       3.649690       3.649750       3.649930       3.655060       3.665140       3.665510       3.665870       3.667130       3.669280       3.672820       3.694090       3.707520       3.707980       3.717350       3.721340       3.724940       3.727340       3.733350       3.739370       3.745420       3.751480       3.757560       3.763660       3.769770       3.775900    
   3.616680       3.630710       3.630730       3.640240       3.649720       3.649750       3.649840       3.654970       3.665140       3.665320       3.665510       3.666170       3.667430       3.685140       3.702410       3.719010       3.719010       3.722070       3.725640       3.726870       3.725030       3.731030       3.737050       3.743080       3.749130       3.755200       3.761290       3.767400       3.773520       3.779660    
   3.630710       3.630720       3.640230       3.649740       3.649750       3.649800       3.654930       3.665140       3.665230       3.665320       3.665670       3.666370       3.696350       3.731450       3.731340       3.727960       3.730500       3.730040       3.729350       3.728710       3.728710       3.734720       3.740740       3.746780       3.752840       3.758920       3.765020       3.771130       3.777260       3.783410    
   3.630720       3.640230       3.649740       3.649750       3.649770       3.654900       3.665140       3.665190       3.665230       3.665410       3.693970       3.736240       3.733140       3.731570       3.731570       3.731340       3.730980       3.730950       3.730040       3.731790       3.732380       3.738390       3.744430       3.750480       3.756540       3.762630       3.768730       3.774860       3.781000       3.787160    
   3.640230       3.649750       3.649750       3.649760       3.654890       3.665140       3.665160       3.665190       3.665270       3.699420       3.736240       3.736240       3.736240       3.733310       3.731790       3.731790       3.731340       3.731590       3.731860       3.730040       3.736040       3.742070       3.748100       3.754160       3.760240       3.766330       3.772450       3.778580       3.784730       3.790900    
   3.649750       3.649750       3.649760       3.654890       3.665140       3.665150       3.665160       3.685990       3.709130       3.736250       3.736240       3.736240       3.736240       3.736240       3.733650       3.732250       3.732250       3.731340       3.733100       3.733690       3.739700       3.745730       3.751780       3.757840       3.763930       3.770030       3.776150       3.782290       3.788450       3.794630    
   3.649750       3.649750       3.654880       3.665140       3.665150       3.697480       3.745960       3.747150       3.748330       3.740300       3.736270       3.736240       3.736240       3.736240       3.736240       3.734310       3.733160       3.733160       3.731340       3.737340       3.743360       3.749390       3.755450       3.761520       3.767610       3.773720       3.779860       3.786010       3.792180       3.798360    
   3.649750       3.654880       3.665140       3.665140       3.703940       3.745970       3.745970       3.745960       3.747150       3.748330       3.740350       3.736330       3.736240       3.736240       3.736240       3.736240       3.735600       3.734970       3.734970       3.740980       3.747010       3.753050       3.759110       3.765190       3.771290       3.777410       3.783550       3.789710       3.795890       3.802090    
