iMOD/TUTORIALS/TUT_MetaswapAnalyser/model_MetaSWAP/meteo/Evaporation/Evaporation_20050222_L1.ASC
NCOLS                30
NROWS                30
XLLCORNER     160000.00
YLLCORNER     340000.00
CELLSIZE        1000.00
NODATA_VALUE   -9999.00
  0.5546100      0.5549700      0.5553400      0.5557300      0.5561300      0.5565500      0.5569700      0.5574000      0.5578400      0.5582800      0.5587300      0.5591900      0.5596500      0.5601200      0.5605800      0.5610600      0.5615300      0.5620000      0.5624800      0.5629500      0.5634300      0.5639000      0.5643800      0.5648500      0.5653200      0.5657800      0.5662500      0.5667100      0.5671700      0.5676300    
  0.5565800      0.5569400      0.5573200      0.5577000      0.5581000      0.5585100      0.5589300      0.5593600      0.5598000      0.5602400      0.5606900      0.5611400      0.5616000      0.5620600      0.5625300      0.5629900      0.5634600      0.5639300      0.5644000      0.5648700      0.5653400      0.5658100      0.5662800      0.5667500      0.5672100      0.5676700      0.5681300      0.5685800      0.5690400      0.5694900    
  0.5585700      0.5589300      0.5593000      0.5596900      0.5600800      0.5604900      0.5609100      0.5613400      0.5617700      0.5622100      0.5626600      0.5631100      0.5635600      0.5640200      0.5644800      0.5649400      0.5654100      0.5658800      0.5663400      0.5668100      0.5672700      0.5677300      0.5682000      0.5686500      0.5691100      0.5695700      0.5700200      0.5704700      0.5709100      0.5713500    
  0.5605700      0.5609300      0.5613000      0.5616800      0.5620800      0.5624900      0.5629000      0.5633200      0.5637600      0.5641900      0.5646400      0.5650800      0.5655400      0.5659900      0.5664500      0.5669100      0.5673700      0.5678300      0.5682900      0.5687500      0.5692100      0.5696700      0.5701200      0.5705700      0.5710200      0.5714700      0.5719200      0.5723600      0.5727900      0.5732300    
  0.5625800      0.5629400      0.5633100      0.5636900      0.5640900      0.5644900      0.5649000      0.5653300      0.5657500      0.5661900      0.5666300      0.5670700      0.5675200      0.5679700      0.5684300      0.5688800      0.5693400      0.5697900      0.5702500      0.5707000      0.5711600      0.5716100      0.5720600      0.5725100      0.5729500      0.5733900      0.5738200      0.5742600      0.5746900      0.5751100    
  0.5646100      0.5649700      0.5653300      0.5657100      0.5661100      0.5665100      0.5669200      0.5673400      0.5677600      0.5682000      0.5686300      0.5690700      0.5695200      0.5699700      0.5704200      0.5708700      0.5713200      0.5717700      0.5722200      0.5726700      0.5731200      0.5735600      0.5740100      0.5744500      0.5748800      0.5753100      0.5757400      0.5761700      0.5765900      0.5770000    
  0.5666500      0.5670000      0.5673700      0.5677500      0.5681400      0.5685400      0.5689400      0.5693600      0.5697800      0.5702100      0.5706500      0.5710900      0.5715300      0.5719700      0.5724200      0.5728600      0.5733100      0.5737600      0.5742000      0.5746500      0.5750900      0.5755300      0.5759600      0.5764000      0.5768200      0.5772500      0.5776700      0.5780900      0.5785000      0.5789100    
  0.5687000      0.5690500      0.5694100      0.5697900      0.5701800      0.5705700      0.5709800      0.5713900      0.5718200      0.5722400      0.5726700      0.5731100      0.5735500      0.5739900      0.5744300      0.5748700      0.5753100      0.5757500      0.5761900      0.5766300      0.5770700      0.5775000      0.5779300      0.5783500      0.5787800      0.5791900      0.5796100      0.5800100      0.5804200      0.5808100    
  0.5707500      0.5711000      0.5714700      0.5718400      0.5722300      0.5726200      0.5730300      0.5734400      0.5738600      0.5742800      0.5747100      0.5751400      0.5755700      0.5760100      0.5764500      0.5768900      0.5773200      0.5777600      0.5781900      0.5786300      0.5790600      0.5794800      0.5799000      0.5803200      0.5807400      0.5811500      0.5815500      0.5819500      0.5823400      0.5827300    
  0.5728200      0.5731700      0.5735300      0.5739000      0.5742900      0.5746800      0.5750800      0.5754900      0.5759100      0.5763300      0.5767500      0.5771800      0.5776100      0.5780400      0.5784800      0.5789100      0.5793400      0.5797700      0.5802000      0.5806300      0.5810500      0.5814700      0.5818900      0.5823000      0.5827000      0.5831100      0.5835000      0.5838900      0.5842800      0.5846500    
  0.5728230      0.5731730      0.5741430      0.5759700      0.5763500      0.5767500      0.5771400      0.5775500      0.5779600      0.5783800      0.5788000      0.5792300      0.5796600      0.5800800      0.5805100      0.5809400      0.5813700      0.5818000      0.5822200      0.5826400      0.5830600      0.5834700      0.5838800      0.5842800      0.5846800      0.5850700      0.5854600      0.5858400      0.5862200      0.5865800    
  0.5728280      0.5740270      0.5759700      0.5778150      0.5784300      0.5788200      0.5792200      0.5796200      0.5800300      0.5804400      0.5808600      0.5812800      0.5817100      0.5821300      0.5825600      0.5829800      0.5834000      0.5838200      0.5842400      0.5846600      0.5850700      0.5854700      0.5858700      0.5862700      0.5866600      0.5870500      0.5874200      0.5878000      0.5881600      0.5885200    
  0.5738290      0.5759700      0.5784410      0.5794700      0.5805100      0.5809000      0.5812900      0.5816900      0.5821000      0.5825100      0.5829300      0.5833500      0.5837700      0.5841900      0.5846100      0.5850300      0.5854500      0.5858600      0.5862700      0.5866800      0.5870900      0.5874800      0.5878800      0.5882700      0.5886500      0.5890200      0.5893900      0.5897600      0.5901100      0.5904600    
  0.5759700      0.5787280      0.5799900      0.5805100      0.5814630      0.5829800      0.5833800      0.5837800      0.5841800      0.5845900      0.5850000      0.5854200      0.5858300      0.5862500      0.5866700      0.5870800      0.5874900      0.5879000      0.5883100      0.5887100      0.5891100      0.5895000      0.5898900      0.5902700      0.5906400      0.5910100      0.5913700      0.5917200      0.5920700      0.5924100    
  0.5788640      0.5802500      0.5805100      0.5816510      0.5829800      0.5839430      0.5854700      0.5858600      0.5862700      0.5866700      0.5870800      0.5874900      0.5879100      0.5883200      0.5887300      0.5891400      0.5895500      0.5899500      0.5903500      0.5907500      0.5911400      0.5915200      0.5919000      0.5922800      0.5926400      0.5930000      0.5933500      0.5936900      0.5940300      0.5943600    
  0.5803800      0.5805100      0.5817140      0.5829800      0.5841310      0.5854700      0.5856650      0.5858670      0.5868900      0.5887600      0.5891600      0.5895700      0.5899800      0.5903900      0.5908000      0.5912000      0.5916100      0.5920100      0.5924000      0.5927900      0.5931700      0.5935500      0.5939200      0.5942900      0.5946400      0.5949900      0.5953300      0.5956700      0.5959900      0.5963100    
  0.5805100      0.5817350      0.5829800      0.5841940      0.5854700      0.5855670      0.5856670      0.5867950      0.5887600      0.5889600      0.5905780      0.5916600      0.5920600      0.5924700      0.5928700      0.5932700      0.5936700      0.5940600      0.5944500      0.5948400      0.5952100      0.5955800      0.5959500      0.5963000      0.5966500      0.5969900      0.5973200      0.5976500      0.5979600      0.5982700    
  0.5817420      0.5829800      0.5842150      0.5854700      0.5855190      0.5855680      0.5866980      0.5887600      0.5888600      0.5909480      0.5927000      0.5937400      0.5941500      0.5945500      0.5949500      0.5953400      0.5957400      0.5961300      0.5965100      0.5968900      0.5972600      0.5976200      0.5979700      0.5983200      0.5986600      0.5989900      0.5993100      0.5996300      0.5999300      0.6002300    
  0.5829800      0.5842220      0.5854700      0.5854940      0.5855190      0.5866360      0.5887600      0.5888100      0.5911060      0.5932200      0.5937400      0.5939450      0.5947680      0.5966300      0.5970300      0.5974200      0.5978100      0.5981900      0.5985700      0.5989400      0.5993000      0.5996600      0.6000000      0.6003400      0.6006700      0.6009900      0.6013100      0.6016100      0.6019000      0.6021900    
  0.5842240      0.5854700      0.5854820      0.5854940      0.5866020      0.5887600      0.5887850      0.5911790      0.5934800      0.5937400      0.5938430      0.5947710      0.5966300      0.5968300      0.5970270      0.5974200      0.5978070      0.5981900      0.5999480      0.6009900      0.6013500      0.6017000      0.6020400      0.6023700      0.6026900      0.6030000      0.6033000      0.6035900      0.6038800      0.6041500    
  0.5854700      0.5854760      0.5854820      0.5865850      0.5887600      0.5887730      0.5912150      0.5936100      0.5937400      0.5937910      0.5947460      0.5966300      0.5967300      0.5968290      0.5970920      0.5974180      0.5978060      0.6002030      0.6020200      0.6030500      0.6034000      0.6037400      0.6040700      0.6043900      0.6047000      0.6050100      0.6053000      0.6055800      0.6058500      0.6061100    
  0.5854730      0.5854760      0.5865760      0.5887600      0.5887660      0.5912320      0.5936750      0.5937400      0.5937660      0.5947270      0.5966300      0.5966800      0.5967300      0.5968840      0.5971130      0.5974390      0.6002020      0.6025350      0.6030500      0.6039670      0.6054500      0.6057800      0.6061000      0.6064200      0.6067200      0.6070100      0.6072900      0.6075600      0.6078200      0.6080700    
  0.5854730      0.5865710      0.5887600      0.5887630      0.5912410      0.5937080      0.5937400      0.5937530      0.5947160      0.5966300      0.5966550      0.5966800      0.5967640      0.5969090      0.5971450      0.6013520      0.6027930      0.6030500      0.6062730      0.6075000      0.6076940      0.6078200      0.6081400      0.6084400      0.6087400      0.6090200      0.6092900      0.6095500      0.6098000      0.6100300    
  0.5865690      0.5887600      0.5887620      0.5912460      0.5937240      0.5937400      0.5937460      0.5947100      0.5966300      0.5966420      0.5966550      0.5967000      0.5967840      0.6024950      0.6065020      0.6092150      0.6092150      0.6095000      0.6098910      0.6105750      0.6095500      0.6098700      0.6101700      0.6104700      0.6107500      0.6110200      0.6112800      0.6115300      0.6117700      0.6119900    
  0.5887600      0.5887610      0.5912480      0.5937320      0.5937400      0.5937430      0.5947060      0.5966300      0.5966360      0.5966420      0.5966660      0.5967130      0.6068980      0.6192240      0.6191600      0.6152300      0.6156360      0.6153800      0.6129070      0.6115970      0.6116000      0.6119100      0.6122100      0.6124900      0.6127700      0.6130300      0.6132800      0.6135100      0.6137400      0.6139500    
  0.5887600      0.5912490      0.5937360      0.5937400      0.5937420      0.5947050      0.5966300      0.5966330      0.5966360      0.5966480      0.6079880      0.6249600      0.6211880      0.6192870      0.6192870      0.6191600      0.6169080      0.6158930      0.6153800      0.6140780      0.6136400      0.6139500      0.6142400      0.6145100      0.6147800      0.6150300      0.6152700      0.6154900      0.6157000      0.6159000    
  0.5912490      0.5937380      0.5937400      0.5937410      0.5947040      0.5966300      0.5966320      0.5966330      0.5966390      0.6102390      0.6249600      0.6249600      0.6249600      0.6212830      0.6194150      0.6194150      0.6191600      0.6172010      0.6164050      0.6153800      0.6156900      0.6159800      0.6162600      0.6165300      0.6167900      0.6170300      0.6172500      0.6174700      0.6176700      0.6178500    
  0.5937390      0.5937400      0.5937400      0.5947040      0.5966300      0.5966310      0.5966320      0.6061410      0.6152240      0.6249650      0.6249600      0.6249600      0.6249600      0.6249600      0.6214680      0.6196700      0.6196700      0.6191600      0.6178600      0.6174300      0.6177300      0.6180100      0.6182900      0.6185500      0.6187900      0.6190200      0.6192400      0.6194400      0.6196200      0.6198000    
  0.5937400      0.5937400      0.5947040      0.5966300      0.5966300      0.6125030      0.6363100      0.6354850      0.6346600      0.6282080      0.6249770      0.6249600      0.6249600      0.6249600      0.6249600      0.6218280      0.6201800      0.6201800      0.6191600      0.6194700      0.6197600      0.6200400      0.6203100      0.6205600      0.6207900      0.6210100      0.6212100      0.6214000      0.6215800      0.6217400    
  0.5937400      0.5947030      0.5966300      0.5966300      0.6156800      0.6363140      0.6363140      0.6363100      0.6354850      0.6346600      0.6282370      0.6250100      0.6249600      0.6249600      0.6249600      0.6249600      0.6225010      0.6212000      0.6212000      0.6215000      0.6217900      0.6220600      0.6223200      0.6225600      0.6227800      0.6229900      0.6231800      0.6233600      0.6235200      0.6236700    
