iMOD/TUTORIALS/TUT_MetaswapAnalyser/model_MetaSWAP/meteo/Evaporation/Evaporation_20050520_L1.ASC
NCOLS                30
NROWS                30
XLLCORNER     160000.00
YLLCORNER     340000.00
CELLSIZE        1000.00
NODATA_VALUE   -9999.00
   2.705000       2.704600       2.704240       2.703900       2.703600       2.703320       2.703070       2.702830       2.702610       2.702410       2.702220       2.702030       2.701860       2.701690       2.701520       2.701360       2.701190       2.701030       2.700860       2.700690       2.700520       2.700340       2.700160       2.699970       2.699770       2.699580       2.699370       2.699160       2.698950       2.698730    
   2.707960       2.707560       2.707190       2.706850       2.706540       2.706250       2.705990       2.705750       2.705520       2.705310       2.705110       2.704920       2.704740       2.704570       2.704400       2.704230       2.704070       2.703910       2.703740       2.703570       2.703400       2.703230       2.703050       2.702870       2.702690       2.702500       2.702300       2.702100       2.701900       2.701690    
   2.710930       2.710520       2.710150       2.709800       2.709480       2.709190       2.708920       2.708670       2.708440       2.708220       2.708020       2.707820       2.707640       2.707460       2.707290       2.707120       2.706960       2.706790       2.706630       2.706460       2.706300       2.706130       2.705960       2.705780       2.705600       2.705420       2.705240       2.705050       2.704850       2.704660    
   2.713890       2.713490       2.713110       2.712760       2.712440       2.712140       2.711860       2.711600       2.711360       2.711140       2.710930       2.710730       2.710540       2.710360       2.710190       2.710020       2.709850       2.709690       2.709530       2.709360       2.709200       2.709030       2.708870       2.708700       2.708530       2.708350       2.708180       2.708000       2.707810       2.707620    
   2.716870       2.716460       2.716080       2.715720       2.715390       2.715090       2.714810       2.714540       2.714300       2.714070       2.713850       2.713650       2.713460       2.713270       2.713100       2.712920       2.712760       2.712590       2.712430       2.712270       2.712110       2.711950       2.711790       2.711620       2.711460       2.711290       2.711120       2.710950       2.710770       2.710600    
   2.719840       2.719430       2.719050       2.718690       2.718360       2.718050       2.717760       2.717490       2.717240       2.717010       2.716790       2.716580       2.716380       2.716190       2.716010       2.715840       2.715670       2.715510       2.715340       2.715180       2.715030       2.714870       2.714710       2.714550       2.714390       2.714230       2.714070       2.713900       2.713740       2.713570    
   2.722820       2.722410       2.722020       2.721660       2.721320       2.721010       2.720720       2.720450       2.720190       2.719950       2.719720       2.719510       2.719310       2.719120       2.718940       2.718760       2.718590       2.718430       2.718260       2.718110       2.717950       2.717800       2.717640       2.717490       2.717330       2.717180       2.717020       2.716870       2.716710       2.716550    
   2.725800       2.725390       2.725000       2.724640       2.724300       2.723980       2.723680       2.723400       2.723140       2.722900       2.722670       2.722450       2.722250       2.722060       2.721870       2.721690       2.721520       2.721350       2.721190       2.721040       2.720880       2.720730       2.720580       2.720430       2.720280       2.720130       2.719980       2.719830       2.719680       2.719540    
   2.728780       2.728370       2.727980       2.727620       2.727270       2.726950       2.726650       2.726370       2.726100       2.725860       2.725620       2.725400       2.725190       2.725000       2.724810       2.724630       2.724460       2.724290       2.724130       2.723970       2.723820       2.723670       2.723520       2.723380       2.723230       2.723090       2.722950       2.722810       2.722660       2.722520    
   2.731760       2.731350       2.730960       2.730600       2.730250       2.729930       2.729620       2.729340       2.729070       2.728820       2.728580       2.728360       2.728150       2.727950       2.727750       2.727570       2.727400       2.727230       2.727070       2.726920       2.726760       2.726620       2.726470       2.726330       2.726190       2.726050       2.725920       2.725780       2.725650       2.725520    
   2.731770       2.731360       2.731620       2.733580       2.733230       2.732910       2.732600       2.732310       2.732040       2.731790       2.731540       2.731320       2.731100       2.730900       2.730710       2.730520       2.730350       2.730180       2.730020       2.729870       2.729720       2.729570       2.729430       2.729290       2.729160       2.729020       2.728890       2.728760       2.728640       2.728510    
   2.731780       2.732080       2.733580       2.735560       2.736220       2.735890       2.735580       2.735290       2.735020       2.734760       2.734510       2.734280       2.734070       2.733860       2.733670       2.733480       2.733300       2.733140       2.732980       2.732820       2.732670       2.732530       2.732390       2.732260       2.732120       2.732000       2.731870       2.731750       2.731630       2.731510    
   2.732410       2.733580       2.736520       2.737710       2.739210       2.738880       2.738570       2.738270       2.738000       2.737730       2.737490       2.737260       2.737040       2.736830       2.736630       2.736440       2.736270       2.736100       2.735940       2.735780       2.735640       2.735500       2.735360       2.735230       2.735100       2.734980       2.734860       2.734740       2.734630       2.734520    
   2.733580       2.736940       2.738460       2.739210       2.739990       2.741870       2.741560       2.741260       2.740980       2.740720       2.740470       2.740230       2.740010       2.739800       2.739600       2.739410       2.739240       2.739070       2.738910       2.738750       2.738610       2.738470       2.738330       2.738210       2.738080       2.737960       2.737850       2.737740       2.737630       2.737530    
   2.737140       2.738840       2.739210       2.740360       2.741870       2.742660       2.744550       2.744250       2.743970       2.743700       2.743450       2.743210       2.742990       2.742780       2.742580       2.742390       2.742210       2.742040       2.741880       2.741730       2.741580       2.741440       2.741310       2.741190       2.741070       2.740950       2.740840       2.740740       2.740640       2.740540    
   2.739020       2.739210       2.740480       2.741870       2.743030       2.744550       2.744400       2.744260       2.744650       2.746690       2.746440       2.746200       2.745970       2.745760       2.745560       2.745370       2.745190       2.745020       2.744860       2.744710       2.744560       2.744430       2.744300       2.744180       2.744060       2.743950       2.743850       2.743750       2.743650       2.743560    
   2.739210       2.740520       2.741870       2.743150       2.744550       2.744470       2.744400       2.745000       2.746690       2.746560       2.748140       2.749190       2.748960       2.748750       2.748540       2.748350       2.748170       2.748000       2.747840       2.747690       2.747550       2.747420       2.747290       2.747170       2.747060       2.746950       2.746850       2.746760       2.746670       2.746590    
   2.740530       2.741870       2.743190       2.744550       2.744510       2.744480       2.745140       2.746690       2.746630       2.748850       2.750690       2.752180       2.751960       2.751740       2.751540       2.751340       2.751160       2.750990       2.750830       2.750680       2.750540       2.750410       2.750290       2.750170       2.750060       2.749960       2.749870       2.749780       2.749690       2.749620    
   2.741870       2.743200       2.744550       2.744530       2.744510       2.745200       2.746690       2.746660       2.749160       2.751430       2.752180       2.752070       2.752660       2.754740       2.754530       2.754340       2.754160       2.753990       2.753830       2.753680       2.753540       2.753410       2.753290       2.753180       2.753070       2.752970       2.752880       2.752800       2.752720       2.752650    
   2.743210       2.744550       2.744540       2.744530       2.745230       2.746690       2.746670       2.749300       2.751810       2.752180       2.752130       2.752910       2.754740       2.754630       2.754540       2.754340       2.754160       2.753990       2.755570       2.756680       2.756550       2.756420       2.756300       2.756190       2.756090       2.755990       2.755910       2.755830       2.755760       2.755690    
   2.744550       2.744550       2.744540       2.745250       2.746690       2.746680       2.749370       2.751990       2.752180       2.752150       2.752990       2.754740       2.754690       2.754640       2.754500       2.754350       2.754170       2.756320       2.758180       2.759690       2.759560       2.759430       2.759310       2.759210       2.759110       2.759020       2.758940       2.758860       2.758800       2.758740    
   2.744550       2.744550       2.745260       2.746690       2.746690       2.749400       2.752090       2.752180       2.752170       2.753020       2.754740       2.754710       2.754690       2.754610       2.754500       2.754340       2.756690       2.758940       2.759690       2.760610       2.762570       2.762450       2.762330       2.762230       2.762130       2.762050       2.761970       2.761900       2.761840       2.761790    
   2.744550       2.745260       2.746690       2.746690       2.749420       2.752130       2.752180       2.752170       2.753030       2.754740       2.754730       2.754710       2.754670       2.754600       2.754480       2.758720       2.759310       2.759690       2.764010       2.765590       2.765520       2.765470       2.765360       2.765260       2.765170       2.765080       2.765010       2.764950       2.764890       2.764850    
   2.745260       2.746690       2.746690       2.749430       2.752160       2.752180       2.752180       2.753030       2.754740       2.754730       2.754730       2.754700       2.754660       2.761960       2.766420       2.768780       2.768770       2.768890       2.769130       2.770130       2.768620       2.768500       2.768390       2.768290       2.768200       2.768130       2.768060       2.768000       2.767950       2.767910    
   2.746690       2.746690       2.749430       2.752170       2.752180       2.752180       2.753030       2.754740       2.754740       2.754730       2.754720       2.754700       2.767960       2.784200       2.784100       2.777860       2.778240       2.777860       2.773780       2.771650       2.771650       2.771530       2.771430       2.771330       2.771250       2.771180       2.771110       2.771060       2.771010       2.770980    
   2.746690       2.749430       2.752170       2.752180       2.752180       2.753030       2.754740       2.754740       2.754740       2.754730       2.770210       2.793450       2.787360       2.784290       2.784290       2.784100       2.780340       2.778620       2.777860       2.775480       2.774690       2.774570       2.774470       2.774380       2.774300       2.774230       2.774170       2.774120       2.774080       2.774050    
   2.749430       2.752180       2.752180       2.752180       2.753030       2.754740       2.754740       2.754740       2.754740       2.773320       2.793450       2.793450       2.793450       2.787500       2.784480       2.784480       2.784100       2.780760       2.779390       2.777860       2.777730       2.777620       2.777520       2.777430       2.777350       2.777290       2.777240       2.777190       2.777160       2.777130    
   2.752180       2.752180       2.752180       2.753030       2.754740       2.754740       2.754740       2.768320       2.780670       2.793460       2.793450       2.793450       2.793450       2.793450       2.787780       2.784870       2.784860       2.784100       2.781710       2.780910       2.780780       2.780670       2.780580       2.780490       2.780420       2.780360       2.780310       2.780270       2.780240       2.780220    
   2.752180       2.752180       2.753030       2.754740       2.754740       2.777790       2.812370       2.810720       2.809080       2.798680       2.793480       2.793450       2.793450       2.793450       2.793450       2.788320       2.785630       2.785630       2.784100       2.783960       2.783840       2.783730       2.783640       2.783560       2.783490       2.783430       2.783390       2.783350       2.783330       2.783320    
   2.752180       2.753030       2.754740       2.754740       2.782410       2.812380       2.812380       2.812370       2.810730       2.809080       2.798730       2.793530       2.793450       2.793450       2.793450       2.793450       2.789320       2.787160       2.787160       2.787020       2.786900       2.786800       2.786710       2.786630       2.786560       2.786510       2.786470       2.786440       2.786430       2.786420    
