iMOD/TUTORIALS/TUT_MetaswapAnalyser/model_MetaSWAP/meteo/Evaporation/Evaporation_20050201_L1.ASC
NCOLS                30
NROWS                30
XLLCORNER     160000.00
YLLCORNER     340000.00
CELLSIZE        1000.00
NODATA_VALUE   -9999.00
  0.4225900      0.4228200      0.4230400      0.4232600      0.4234600      0.4236600      0.4238500      0.4240400      0.4242200      0.4243900      0.4245500      0.4247100      0.4248600      0.4250000      0.4251400      0.4252700      0.4253900      0.4255000      0.4256100      0.4257100      0.4258100      0.4258900      0.4259700      0.4260500      0.4261100      0.4261700      0.4262200      0.4262700      0.4263000      0.4263300    
  0.4227500      0.4229700      0.4231700      0.4233800      0.4235700      0.4237600      0.4239400      0.4241200      0.4242800      0.4244500      0.4246000      0.4247500      0.4248900      0.4250200      0.4251500      0.4252700      0.4253900      0.4255000      0.4256000      0.4256900      0.4257800      0.4258600      0.4259300      0.4260000      0.4260600      0.4261100      0.4261600      0.4262000      0.4262300      0.4262600    
  0.4229100      0.4231100      0.4233100      0.4235000      0.4236800      0.4238600      0.4240300      0.4241900      0.4243500      0.4245000      0.4246500      0.4247900      0.4249200      0.4250500      0.4251700      0.4252800      0.4253900      0.4254900      0.4255800      0.4256700      0.4257500      0.4258200      0.4258900      0.4259500      0.4260100      0.4260600      0.4261000      0.4261300      0.4261600      0.4261800    
  0.4230700      0.4232600      0.4234400      0.4236200      0.4237900      0.4239600      0.4241200      0.4242700      0.4244200      0.4245600      0.4247000      0.4248300      0.4249500      0.4250700      0.4251800      0.4252900      0.4253900      0.4254800      0.4255700      0.4256500      0.4257200      0.4257900      0.4258500      0.4259100      0.4259600      0.4260000      0.4260400      0.4260700      0.4260900      0.4261100    
  0.4232300      0.4234000      0.4235800      0.4237400      0.4239000      0.4240600      0.4242100      0.4243500      0.4244900      0.4246200      0.4247500      0.4248700      0.4249900      0.4250900      0.4252000      0.4253000      0.4253900      0.4254700      0.4255500      0.4256300      0.4256900      0.4257600      0.4258100      0.4258600      0.4259100      0.4259400      0.4259800      0.4260000      0.4260200      0.4260400    
  0.4233900      0.4235500      0.4237100      0.4238700      0.4240100      0.4241600      0.4243000      0.4244300      0.4245600      0.4246800      0.4248000      0.4249100      0.4250200      0.4251200      0.4252200      0.4253000      0.4253900      0.4254700      0.4255400      0.4256100      0.4256700      0.4257200      0.4257700      0.4258200      0.4258600      0.4258900      0.4259200      0.4259400      0.4259500      0.4259600    
  0.4235600      0.4237100      0.4238500      0.4239900      0.4241300      0.4242600      0.4243900      0.4245100      0.4246300      0.4247500      0.4248500      0.4249600      0.4250500      0.4251500      0.4252300      0.4253200      0.4253900      0.4254600      0.4255300      0.4255900      0.4256400      0.4256900      0.4257400      0.4257800      0.4258100      0.4258400      0.4258600      0.4258800      0.4258900      0.4258900    
  0.4237200      0.4238600      0.4239900      0.4241200      0.4242500      0.4243700      0.4244900      0.4246000      0.4247100      0.4248100      0.4249100      0.4250000      0.4250900      0.4251700      0.4252500      0.4253300      0.4254000      0.4254600      0.4255200      0.4255700      0.4256200      0.4256600      0.4257000      0.4257300      0.4257600      0.4257800      0.4258000      0.4258100      0.4258200      0.4258200    
  0.4238900      0.4240200      0.4241400      0.4242500      0.4243700      0.4244800      0.4245800      0.4246800      0.4247800      0.4248700      0.4249600      0.4250500      0.4251300      0.4252000      0.4252700      0.4253400      0.4254000      0.4254600      0.4255100      0.4255600      0.4256000      0.4256400      0.4256700      0.4256900      0.4257200      0.4257300      0.4257500      0.4257500      0.4257600      0.4257500    
  0.4240700      0.4241700      0.4242800      0.4243900      0.4244900      0.4245900      0.4246800      0.4247700      0.4248600      0.4249400      0.4250200      0.4251000      0.4251700      0.4252300      0.4253000      0.4253600      0.4254100      0.4254600      0.4255000      0.4255400      0.4255800      0.4256100      0.4256300      0.4256600      0.4256700      0.4256800      0.4256900      0.4256900      0.4256900      0.4256900    
  0.4240630      0.4241730      0.4243400      0.4245200      0.4246100      0.4247000      0.4247800      0.4248600      0.4249400      0.4250100      0.4250800      0.4251500      0.4252100      0.4252700      0.4253200      0.4253700      0.4254200      0.4254600      0.4255000      0.4255300      0.4255600      0.4255800      0.4256000      0.4256200      0.4256300      0.4256400      0.4256400      0.4256400      0.4256300      0.4256200    
  0.4240630      0.4242740      0.4245200      0.4246850      0.4247400      0.4248100      0.4248800      0.4249500      0.4250200      0.4250800      0.4251400      0.4252000      0.4252500      0.4253000      0.4253500      0.4253900      0.4254300      0.4254600      0.4254900      0.4255200      0.4255400      0.4255600      0.4255700      0.4255800      0.4255900      0.4255900      0.4255900      0.4255800      0.4255700      0.4255600    
  0.4242020      0.4245200      0.4247200      0.4248050      0.4248700      0.4249300      0.4249900      0.4250500      0.4251100      0.4251600      0.4252100      0.4252600      0.4253000      0.4253400      0.4253800      0.4254100      0.4254400      0.4254700      0.4254900      0.4255100      0.4255300      0.4255400      0.4255500      0.4255500      0.4255500      0.4255500      0.4255400      0.4255300      0.4255100      0.4254900    
  0.4245200      0.4247370      0.4248370      0.4248700      0.4249500      0.4250500      0.4251000      0.4251500      0.4251900      0.4252400      0.4252800      0.4253100      0.4253500      0.4253800      0.4254100      0.4254400      0.4254600      0.4254800      0.4254900      0.4255000      0.4255100      0.4255200      0.4255200      0.4255200      0.4255100      0.4255100      0.4254900      0.4254800      0.4254600      0.4254300    
  0.4247450      0.4248540      0.4248700      0.4249570      0.4250500      0.4251200      0.4252100      0.4252500      0.4252800      0.4253200      0.4253500      0.4253700      0.4254000      0.4254200      0.4254400      0.4254600      0.4254800      0.4254900      0.4255000      0.4255000      0.4255000      0.4255000      0.4255000      0.4254900      0.4254800      0.4254700      0.4254500      0.4254300      0.4254000      0.4253700    
  0.4248620      0.4248700      0.4249590      0.4250500      0.4251270      0.4252100      0.4252300      0.4252470      0.4253120      0.4254000      0.4254200      0.4254400      0.4254500      0.4254700      0.4254800      0.4254900      0.4255000      0.4255000      0.4255000      0.4255000      0.4255000      0.4254900      0.4254800      0.4254600      0.4254500      0.4254300      0.4254100      0.4253800      0.4253500      0.4253200    
  0.4248700      0.4249600      0.4250500      0.4251290      0.4252100      0.4252200      0.4252290      0.4252970      0.4254000      0.4254100      0.4254660      0.4255000      0.4255100      0.4255200      0.4255200      0.4255200      0.4255200      0.4255200      0.4255100      0.4255000      0.4254900      0.4254800      0.4254600      0.4254400      0.4254200      0.4253900      0.4253700      0.4253400      0.4253000      0.4252600    
  0.4249600      0.4250500      0.4251300      0.4252100      0.4252150      0.4252200      0.4252870      0.4254000      0.4254050      0.4254760      0.4255350      0.4255700      0.4255700      0.4255700      0.4255600      0.4255500      0.4255500      0.4255300      0.4255200      0.4255000      0.4254900      0.4254700      0.4254400      0.4254200      0.4253900      0.4253600      0.4253300      0.4252900      0.4252600      0.4252100    
  0.4250500      0.4251300      0.4252100      0.4252130      0.4252150      0.4252800      0.4254000      0.4254020      0.4254810      0.4255530      0.4255700      0.4255700      0.4255820      0.4256200      0.4256100      0.4255900      0.4255700      0.4255600      0.4255300      0.4255100      0.4254900      0.4254600      0.4254300      0.4254000      0.4253700      0.4253300      0.4252900      0.4252500      0.4252100      0.4251700    
  0.4251300      0.4252100      0.4252110      0.4252120      0.4252770      0.4254000      0.4254010      0.4254830      0.4255610      0.4255700      0.4255700      0.4255860      0.4256200      0.4256150      0.4256070      0.4255900      0.4255730      0.4255530      0.4255300      0.4255200      0.4254900      0.4254600      0.4254200      0.4253800      0.4253500      0.4253100      0.4252600      0.4252200      0.4251700      0.4251200    
  0.4252100      0.4252110      0.4252110      0.4252750      0.4254000      0.4254010      0.4254840      0.4255660      0.4255700      0.4255700      0.4255860      0.4256200      0.4256180      0.4256140      0.4256040      0.4255900      0.4255720      0.4255420      0.4255250      0.4255300      0.4255000      0.4254600      0.4254200      0.4253700      0.4253300      0.4252800      0.4252300      0.4251800      0.4251300      0.4250800    
  0.4252100      0.4252110      0.4252740      0.4254000      0.4254000      0.4254840      0.4255680      0.4255700      0.4255700      0.4255870      0.4256200      0.4256190      0.4256170      0.4256120      0.4256030      0.4255890      0.4255520      0.4255280      0.4255300      0.4255130      0.4255100      0.4254600      0.4254100      0.4253600      0.4253100      0.4252600      0.4252100      0.4251500      0.4251000      0.4250400    
  0.4252100      0.4252740      0.4254000      0.4254000      0.4254850      0.4255690      0.4255700      0.4255700      0.4255870      0.4256200      0.4256190      0.4256190      0.4256160      0.4256100      0.4256010      0.4255750      0.4255290      0.4255300      0.4255260      0.4255200      0.4254860      0.4254600      0.4254100      0.4253600      0.4253000      0.4252400      0.4251900      0.4251300      0.4250700      0.4250000    
  0.4252740      0.4254000      0.4254000      0.4254850      0.4255690      0.4255700      0.4255700      0.4255870      0.4256200      0.4256200      0.4256190      0.4256180      0.4256150      0.4256720      0.4256630      0.4256060      0.4256050      0.4255740      0.4255380      0.4255400      0.4255300      0.4254700      0.4254100      0.4253500      0.4252900      0.4252300      0.4251700      0.4251000      0.4250400      0.4249700    
  0.4254000      0.4254000      0.4254850      0.4255700      0.4255700      0.4255700      0.4255870      0.4256200      0.4256200      0.4256200      0.4256190      0.4256170      0.4257260      0.4258620      0.4258600      0.4257240      0.4256850      0.4256800      0.4255940      0.4255530      0.4255500      0.4254900      0.4254200      0.4253500      0.4252900      0.4252200      0.4251500      0.4250800      0.4250100      0.4249400    
  0.4254000      0.4254850      0.4255700      0.4255700      0.4255700      0.4255870      0.4256200      0.4256200      0.4256200      0.4256190      0.4258310      0.4261500      0.4259590      0.4258630      0.4258630      0.4258600      0.4257450      0.4256900      0.4256800      0.4256020      0.4255800      0.4255000      0.4254300      0.4253600      0.4252900      0.4252100      0.4251400      0.4250700      0.4249900      0.4249200    
  0.4254850      0.4255700      0.4255700      0.4255700      0.4255870      0.4256200      0.4256200      0.4256200      0.4256200      0.4258740      0.4261500      0.4261500      0.4261500      0.4259610      0.4258660      0.4258660      0.4258600      0.4257490      0.4257000      0.4256800      0.4256000      0.4255200      0.4254500      0.4253700      0.4252900      0.4252100      0.4251300      0.4250500      0.4249700      0.4248900    
  0.4255700      0.4255700      0.4255700      0.4255870      0.4256200      0.4256200      0.4256200      0.4258970      0.4260560      0.4261500      0.4261500      0.4261500      0.4261500      0.4261500      0.4259660      0.4258730      0.4258730      0.4258600      0.4257550      0.4257200      0.4256300      0.4255500      0.4254600      0.4253800      0.4252900      0.4252100      0.4251300      0.4250400      0.4249600      0.4248800    
  0.4255700      0.4255700      0.4255870      0.4256200      0.4256200      0.4261760      0.4270100      0.4268700      0.4267300      0.4263440      0.4261510      0.4261500      0.4261500      0.4261500      0.4261500      0.4259750      0.4258860      0.4258850      0.4258600      0.4257600      0.4256700      0.4255800      0.4254900      0.4253900      0.4253000      0.4252200      0.4251300      0.4250400      0.4249500      0.4248600    
  0.4255700      0.4255870      0.4256200      0.4256200      0.4262870      0.4270100      0.4270100      0.4270100      0.4268700      0.4267300      0.4263450      0.4261520      0.4261500      0.4261500      0.4261500      0.4261500      0.4259910      0.4259130      0.4259100      0.4258100      0.4257100      0.4256100      0.4255100      0.4254100      0.4253200      0.4252300      0.4251300      0.4250400      0.4249500      0.4248500    
