iMOD/TUTORIALS/TUT_MetaswapAnalyser/model_MetaSWAP/meteo/Evaporation/Evaporation_20060927_L1.ASC
NCOLS                30
NROWS                30
XLLCORNER     160000.00
YLLCORNER     340000.00
CELLSIZE        1000.00
NODATA_VALUE   -9999.00
   1.709760       1.708530       1.707260       1.705950       1.704600       1.703220       1.701800       1.700330       1.698830       1.697290       1.695700       1.694080       1.692410       1.690710       1.688960       1.687170       1.685350       1.683480       1.681570       1.679620       1.677630       1.675600       1.673530       1.671430       1.669280       1.667100       1.664880       1.662630       1.660340       1.658010    
   1.709100       1.707840       1.706550       1.705210       1.703850       1.702440       1.700990       1.699510       1.697990       1.696430       1.694830       1.693190       1.691510       1.689790       1.688030       1.686230       1.684400       1.682520       1.680600       1.678650       1.676660       1.674620       1.672550       1.670450       1.668300       1.666120       1.663900       1.661650       1.659360       1.657040    
   1.708450       1.707160       1.705840       1.704480       1.703090       1.701660       1.700190       1.698690       1.697150       1.695570       1.693950       1.692290       1.690600       1.688870       1.687100       1.685290       1.683440       1.681560       1.679640       1.677680       1.675680       1.673640       1.671570       1.669460       1.667310       1.665130       1.662920       1.660670       1.658380       1.656060    
   1.707790       1.706480       1.705130       1.703740       1.702330       1.700870       1.699390       1.697860       1.696300       1.694710       1.693070       1.691400       1.689690       1.687950       1.686170       1.684350       1.682490       1.680600       1.678670       1.676700       1.674700       1.672660       1.670580       1.668470       1.666320       1.664140       1.661930       1.659680       1.657400       1.655080    
   1.707140       1.705800       1.704420       1.703010       1.701570       1.700090       1.698580       1.697040       1.695460       1.693850       1.692200       1.690510       1.688790       1.687030       1.685230       1.683400       1.681540       1.679640       1.677700       1.675720       1.673710       1.671670       1.669590       1.667480       1.665330       1.663150       1.660940       1.658690       1.656410       1.654100    
   1.706490       1.705120       1.703710       1.702280       1.700810       1.699320       1.697780       1.696220       1.694620       1.692990       1.691320       1.689620       1.687880       1.686110       1.684300       1.682460       1.680580       1.678670       1.676730       1.674750       1.672730       1.670680       1.668600       1.666490       1.664340       1.662160       1.659940       1.657700       1.655420       1.653110    
   1.705840       1.704440       1.703010       1.701550       1.700060       1.698540       1.696990       1.695400       1.693780       1.692130       1.690440       1.688730       1.686970       1.685190       1.683370       1.681520       1.679630       1.677710       1.675760       1.673770       1.671750       1.669700       1.667610       1.665490       1.663340       1.661160       1.658950       1.656700       1.654430       1.652120    
   1.705200       1.703770       1.702310       1.700830       1.699310       1.697770       1.696190       1.694580       1.692940       1.691270       1.689570       1.687840       1.686070       1.684270       1.682440       1.680570       1.678680       1.676750       1.674790       1.672790       1.670770       1.668710       1.666620       1.664500       1.662340       1.660160       1.657950       1.655710       1.653430       1.651130    
   1.704560       1.703100       1.701620       1.700100       1.698560       1.697000       1.695400       1.693770       1.692110       1.690420       1.688700       1.686950       1.685170       1.683360       1.681510       1.679630       1.677730       1.675790       1.673820       1.671820       1.669780       1.667720       1.665630       1.663500       1.661350       1.659160       1.656950       1.654710       1.652440       1.650140    
   1.703920       1.702430       1.700920       1.699390       1.697820       1.696230       1.694610       1.692960       1.691280       1.689570       1.687840       1.686070       1.684270       1.682440       1.680590       1.678700       1.676780       1.674830       1.672850       1.670840       1.668800       1.666730       1.664640       1.662510       1.660350       1.658170       1.655950       1.653710       1.651440       1.649140    
   1.703910       1.702420       1.700350       1.698670       1.697080       1.695470       1.693830       1.692160       1.690460       1.688730       1.686970       1.685190       1.683380       1.681530       1.679660       1.677760       1.675830       1.673870       1.671890       1.669870       1.667820       1.665750       1.663650       1.661520       1.659360       1.657170       1.654960       1.652720       1.650450       1.648150    
   1.703900       1.701340       1.698670       1.696930       1.696350       1.694710       1.693050       1.691360       1.689640       1.687890       1.686120       1.684320       1.682490       1.680630       1.678740       1.676830       1.674890       1.672920       1.670920       1.668900       1.666850       1.664770       1.662660       1.660520       1.658360       1.656180       1.653960       1.651720       1.649450       1.647160    
   1.702320       1.698670       1.696800       1.695980       1.695620       1.693960       1.692270       1.690560       1.688820       1.687060       1.685260       1.683450       1.681600       1.679730       1.677830       1.675900       1.673950       1.671970       1.669960       1.667930       1.665870       1.663790       1.661670       1.659540       1.657370       1.655180       1.652970       1.650730       1.648460       1.646170    
   1.698670       1.696720       1.695800       1.695620       1.694270       1.693220       1.691510       1.689770       1.688010       1.686230       1.684420       1.682580       1.680720       1.678830       1.676920       1.674980       1.673020       1.671030       1.669010       1.666970       1.664900       1.662810       1.660690       1.658550       1.656380       1.654190       1.651980       1.649730       1.647470       1.645180    
   1.696680       1.695710       1.695620       1.694370       1.693220       1.691820       1.690740       1.688990       1.687210       1.685400       1.683570       1.681720       1.679840       1.677940       1.676010       1.674060       1.672090       1.670090       1.668060       1.666010       1.663940       1.661840       1.659720       1.657570       1.655400       1.653200       1.650990       1.648750       1.646480       1.644190    
   1.695670       1.695620       1.694400       1.693220       1.691930       1.690740       1.689860       1.688980       1.686550       1.684590       1.682740       1.680870       1.678970       1.677060       1.675120       1.673150       1.671160       1.669150       1.667120       1.665060       1.662980       1.660870       1.658740       1.656590       1.654420       1.652220       1.650000       1.647760       1.645500       1.643210    
   1.695620       1.694410       1.693220       1.691960       1.690740       1.690300       1.689860       1.687500       1.684590       1.683670       1.681480       1.680020       1.678110       1.676180       1.674220       1.672240       1.670240       1.668220       1.666180       1.664110       1.662020       1.659910       1.657770       1.655620       1.653440       1.651240       1.649020       1.646780       1.644510       1.642230    
   1.694420       1.693220       1.691970       1.690740       1.690520       1.690300       1.688060       1.684590       1.684130       1.681700       1.679600       1.679180       1.677250       1.675310       1.673340       1.671340       1.669330       1.667300       1.665240       1.663170       1.661070       1.658950       1.656810       1.654650       1.652470       1.650270       1.648040       1.645800       1.643540       1.641250    
   1.693220       1.691980       1.690740       1.690630       1.690520       1.688370       1.684590       1.684360       1.681800       1.679390       1.679180       1.678220       1.676550       1.674440       1.672460       1.670450       1.668430       1.666380       1.664320       1.662230       1.660120       1.658000       1.655850       1.653690       1.651500       1.649300       1.647070       1.644830       1.642560       1.640280    
   1.691980       1.690740       1.690690       1.690630       1.688530       1.684590       1.684470       1.681840       1.679290       1.679180       1.678700       1.677100       1.674440       1.673450       1.672450       1.670450       1.668420       1.666380       1.662920       1.661300       1.659190       1.657050       1.654900       1.652730       1.650540       1.648330       1.646110       1.643860       1.641600       1.639310    
   1.690740       1.690710       1.690690       1.688610       1.684590       1.684530       1.681860       1.679230       1.679180       1.678940       1.677350       1.674440       1.673940       1.673450       1.672120       1.670440       1.668410       1.663790       1.660840       1.660380       1.658250       1.656110       1.653960       1.651780       1.649590       1.647380       1.645150       1.642900       1.640640       1.638350    
   1.690730       1.690710       1.688650       1.684590       1.684560       1.681870       1.679210       1.679180       1.679060       1.677480       1.674440       1.674190       1.673940       1.673170       1.672000       1.670320       1.664730       1.660610       1.660380       1.658650       1.657330       1.655180       1.653020       1.650840       1.648640       1.646430       1.644200       1.641950       1.639680       1.637400    
   1.690730       1.688670       1.684590       1.684580       1.681880       1.679190       1.679180       1.679120       1.677540       1.674440       1.674320       1.674190       1.673770       1.673040       1.671830       1.665050       1.660500       1.660380       1.657630       1.656420       1.655130       1.654260       1.652090       1.649900       1.647700       1.645480       1.643250       1.641000       1.638740       1.636450    
   1.688680       1.684590       1.684580       1.681880       1.679190       1.679180       1.679150       1.677570       1.674440       1.674380       1.674320       1.674090       1.673670       1.668530       1.663150       1.657700       1.657700       1.656620       1.655360       1.655060       1.655510       1.653350       1.651170       1.648980       1.646770       1.644550       1.642310       1.640060       1.637800       1.635510    
   1.684590       1.684590       1.681880       1.679180       1.679180       1.679160       1.677580       1.674440       1.674410       1.674380       1.674260       1.674020       1.665440       1.655470       1.655500       1.655790       1.654910       1.655020       1.654690       1.654610       1.654610       1.652440       1.650260       1.648060       1.645850       1.643620       1.641380       1.639130       1.636860       1.634580    
   1.684590       1.681880       1.679180       1.679180       1.679170       1.677590       1.674440       1.674420       1.674410       1.674350       1.666650       1.655290       1.655390       1.655450       1.655450       1.655500       1.655060       1.654800       1.655020       1.654050       1.653720       1.651540       1.649350       1.647150       1.644930       1.642700       1.640460       1.638210       1.635940       1.633660    
   1.681880       1.679180       1.679180       1.679180       1.677600       1.674440       1.674430       1.674420       1.674390       1.665200       1.655290       1.655290       1.655290       1.655350       1.655400       1.655400       1.655500       1.654900       1.654590       1.655020       1.652850       1.650660       1.648460       1.646250       1.644030       1.641800       1.639550       1.637300       1.635030       1.632750    
   1.679180       1.679180       1.679180       1.677600       1.674440       1.674440       1.674430       1.669280       1.663000       1.655290       1.655290       1.655290       1.655290       1.655290       1.655280       1.655300       1.655300       1.655500       1.654500       1.654160       1.651980       1.649780       1.647580       1.645360       1.643140       1.640900       1.638650       1.636390       1.634130       1.631840    
   1.679180       1.679180       1.677600       1.674440       1.674440       1.666850       1.655480       1.654670       1.653860       1.654810       1.655280       1.655290       1.655290       1.655290       1.655290       1.655120       1.655090       1.655090       1.655500       1.653320       1.651120       1.648920       1.646700       1.644480       1.642250       1.640010       1.637760       1.635500       1.633230       1.630950    
   1.679180       1.677600       1.674440       1.674440       1.665340       1.655480       1.655480       1.655480       1.654670       1.653860       1.654800       1.655270       1.655290       1.655290       1.655290       1.655290       1.654820       1.654680       1.654680       1.652480       1.650280       1.648060       1.645840       1.643620       1.641380       1.639140       1.636880       1.634620       1.632350       1.630070    
