iMOD/TUTORIALS/TUT_MetaswapAnalyser/model_MetaSWAP/meteo/Evaporation/Evaporation_20060316_L1.ASC
NCOLS                30
NROWS                30
XLLCORNER     160000.00
YLLCORNER     340000.00
CELLSIZE        1000.00
NODATA_VALUE   -9999.00
  0.4780000      0.4795500      0.4811100      0.4827000      0.4842900      0.4859000      0.4875100      0.4891300      0.4907600      0.4923800      0.4940000      0.4956200      0.4972300      0.4988300      0.5004200      0.5020000      0.5035700      0.5051200      0.5066600      0.5081700      0.5096700      0.5111600      0.5126200      0.5140600      0.5154800      0.5168700      0.5182500      0.5196000      0.5209400      0.5222500    
  0.4801600      0.4817100      0.4832700      0.4848500      0.4864400      0.4880400      0.4896500      0.4912700      0.4928800      0.4945000      0.4961200      0.4977300      0.4993300      0.5009300      0.5025200      0.5040900      0.5056600      0.5072000      0.5087400      0.5102500      0.5117500      0.5132300      0.5146900      0.5161300      0.5175500      0.5189400      0.5203200      0.5216700      0.5230000      0.5243200    
  0.4823300      0.4838800      0.4854400      0.4870100      0.4886000      0.4902000      0.4918000      0.4934100      0.4950200      0.4966400      0.4982500      0.4998500      0.5014500      0.5030400      0.5046300      0.5062000      0.5077600      0.5093000      0.5108300      0.5123400      0.5138400      0.5153200      0.5167700      0.5182100      0.5196300      0.5210200      0.5224000      0.5237500      0.5250900      0.5264000    
  0.4845200      0.4860600      0.4876200      0.4891900      0.4907700      0.4923700      0.4939700      0.4955700      0.4971800      0.4987800      0.5003900      0.5019900      0.5035900      0.5051700      0.5067500      0.5083200      0.5098700      0.5114200      0.5129400      0.5144500      0.5159400      0.5174200      0.5188700      0.5203100      0.5217200      0.5231200      0.5244900      0.5258500      0.5271800      0.5284900    
  0.4867100      0.4882500      0.4898100      0.4913800      0.4929600      0.4945500      0.4961400      0.4977400      0.4993500      0.5009500      0.5025500      0.5041400      0.5057400      0.5073200      0.5088900      0.5104600      0.5120100      0.5135400      0.5150700      0.5165700      0.5180600      0.5195300      0.5209900      0.5224200      0.5238300      0.5252300      0.5266000      0.5279500      0.5292800      0.5305900    
  0.4889100      0.4904600      0.4920100      0.4935800      0.4951600      0.4967400      0.4983300      0.4999300      0.5015300      0.5031200      0.5047200      0.5063100      0.5079000      0.5094800      0.5110500      0.5126000      0.5141500      0.5156800      0.5172000      0.5187100      0.5201900      0.5216600      0.5231100      0.5245400      0.5259500      0.5273400      0.5287200      0.5300700      0.5313900      0.5327000    
  0.4911200      0.4926700      0.4942200      0.4957900      0.4973600      0.4989500      0.5005300      0.5021200      0.5037200      0.5053100      0.5069000      0.5084900      0.5100700      0.5116500      0.5132100      0.5147700      0.5163100      0.5178400      0.5193500      0.5208500      0.5223300      0.5238000      0.5252500      0.5266800      0.5280800      0.5294700      0.5308400      0.5321900      0.5335200      0.5348200    
  0.4933400      0.4948800      0.4964400      0.4980000      0.4995800      0.5011600      0.5027400      0.5043300      0.5059200      0.5075100      0.5091000      0.5106800      0.5122600      0.5138300      0.5153900      0.5169400      0.5184800      0.5200000      0.5215100      0.5230100      0.5244900      0.5259500      0.5274000      0.5288200      0.5302300      0.5316100      0.5329800      0.5343300      0.5356500      0.5369500    
  0.4955700      0.4971100      0.4986600      0.5002300      0.5018000      0.5033800      0.5049600      0.5065500      0.5081300      0.5097200      0.5113000      0.5128800      0.5144500      0.5160200      0.5175800      0.5191200      0.5206600      0.5221800      0.5236900      0.5251800      0.5266500      0.5281100      0.5295500      0.5309800      0.5323800      0.5337600      0.5351300      0.5364700      0.5377900      0.5390900    
  0.4978000      0.4993400      0.5009000      0.5024600      0.5040300      0.5056100      0.5071900      0.5087700      0.5103500      0.5119400      0.5135100      0.5150900      0.5166600      0.5182200      0.5197700      0.5213200      0.5228500      0.5243700      0.5258700      0.5273600      0.5288300      0.5302900      0.5317200      0.5331400      0.5345400      0.5359200      0.5372800      0.5386200      0.5399400      0.5412400    
  0.4978000      0.4993470      0.5018500      0.5047000      0.5062700      0.5078400      0.5094200      0.5110000      0.5125800      0.5141600      0.5157400      0.5173100      0.5188700      0.5204300      0.5219800      0.5235200      0.5250500      0.5265600      0.5280600      0.5295500      0.5310200      0.5324700      0.5339000      0.5353200      0.5367100      0.5380900      0.5394500      0.5407800      0.5421000      0.5434000    
  0.4978040      0.5009240      0.5047000      0.5075580      0.5085100      0.5100800      0.5116600      0.5132400      0.5148200      0.5163900      0.5179700      0.5195400      0.5211000      0.5226500      0.5242000      0.5257300      0.5272600      0.5287700      0.5302600      0.5317400      0.5332100      0.5346600      0.5360900      0.5375000      0.5388900      0.5402700      0.5416200      0.5429500      0.5442700      0.5455600    
  0.4999250      0.5047000      0.5081590      0.5096300      0.5107500      0.5123300      0.5139000      0.5154800      0.5170600      0.5186300      0.5202000      0.5217700      0.5233300      0.5248800      0.5264200      0.5279500      0.5294700      0.5309800      0.5324700      0.5339500      0.5354100      0.5368600      0.5382800      0.5396900      0.5410800      0.5424500      0.5438000      0.5451300      0.5464400      0.5477300    
  0.5047000      0.5084500      0.5101900      0.5107500      0.5125530      0.5145800      0.5161500      0.5177300      0.5193000      0.5208800      0.5224500      0.5240100      0.5255700      0.5271100      0.5286500      0.5301800      0.5317000      0.5332000      0.5346900      0.5361600      0.5376200      0.5390600      0.5404800      0.5418900      0.5432700      0.5446400      0.5459900      0.5473100      0.5486200      0.5499000    
  0.5085920      0.5104700      0.5107500      0.5126280      0.5145800      0.5163800      0.5184100      0.5199800      0.5215500      0.5231300      0.5246900      0.5262500      0.5278100      0.5293500      0.5308900      0.5324200      0.5339300      0.5354300      0.5369100      0.5383800      0.5398400      0.5412800      0.5426900      0.5440900      0.5454800      0.5468400      0.5481800      0.5495000      0.5508000      0.5520800    
  0.5106100      0.5107500      0.5126530      0.5145800      0.5164570      0.5184100      0.5191950      0.5199800      0.5225100      0.5253800      0.5269400      0.5285000      0.5300600      0.5316000      0.5331300      0.5346600      0.5361700      0.5376600      0.5391400      0.5406100      0.5420600      0.5434900      0.5449100      0.5463000      0.5476800      0.5490400      0.5503800      0.5516900      0.5529900      0.5542700    
  0.5107500      0.5126610      0.5145800      0.5164820      0.5184100      0.5188030      0.5191950      0.5217660      0.5253800      0.5261600      0.5289180      0.5307600      0.5323100      0.5338500      0.5353800      0.5369000      0.5384100      0.5399000      0.5413800      0.5428400      0.5442900      0.5457200      0.5471300      0.5485200      0.5498900      0.5512500      0.5525800      0.5538900      0.5551900      0.5564600    
  0.5126640      0.5145800      0.5164910      0.5184100      0.5186060      0.5188030      0.5212860      0.5253800      0.5257700      0.5290710      0.5318850      0.5330100      0.5345600      0.5361000      0.5376300      0.5391500      0.5406500      0.5421400      0.5436200      0.5450800      0.5465200      0.5479500      0.5493500      0.5507400      0.5521100      0.5534600      0.5547900      0.5561000      0.5573800      0.5586500    
  0.5145800      0.5164940      0.5184100      0.5185080      0.5186060      0.5210190      0.5253800      0.5255750      0.5291360      0.5324480      0.5330100      0.5337850      0.5355080      0.5383600      0.5398900      0.5414000      0.5429000      0.5443900      0.5458600      0.5473200      0.5487600      0.5501800      0.5515800      0.5529700      0.5543300      0.5556700      0.5570000      0.5583000      0.5595800      0.5608500    
  0.5164950      0.5184100      0.5184590      0.5185080      0.5208780      0.5253800      0.5254780      0.5291660      0.5327290      0.5330100      0.5333970      0.5351660      0.5383600      0.5391250      0.5398830      0.5413970      0.5428970      0.5443830      0.5477880      0.5495600      0.5510000      0.5524200      0.5538100      0.5551900      0.5565500      0.5578900      0.5592100      0.5605100      0.5617900      0.5630500    
  0.5184100      0.5184350      0.5184590      0.5208060      0.5253800      0.5254290      0.5291810      0.5328690      0.5330100      0.5332040      0.5349830      0.5383600      0.5387420      0.5391230      0.5401350      0.5413920      0.5428920      0.5475130      0.5506850      0.5518100      0.5532400      0.5546500      0.5560500      0.5574200      0.5587800      0.5601100      0.5614300      0.5627200      0.5639900      0.5652500    
  0.5184220      0.5184350      0.5207700      0.5253800      0.5254040      0.5291880      0.5329400      0.5330100      0.5331070      0.5348890      0.5383600      0.5385510      0.5387420      0.5393330      0.5402170      0.5414730      0.5469710      0.5512480      0.5518100      0.5535100      0.5554800      0.5568900      0.5582900      0.5596600      0.5610100      0.5623400      0.5636500      0.5649400      0.5662000      0.5674500    
  0.5184220      0.5207520      0.5253800      0.5253920      0.5291910      0.5329750      0.5330100      0.5330580      0.5348420      0.5383600      0.5384560      0.5385510      0.5388750      0.5394310      0.5403410      0.5477480      0.5515290      0.5518100      0.5560370      0.5577300      0.5585740      0.5591400      0.5605200      0.5618900      0.5632400      0.5645600      0.5658700      0.5671500      0.5684100      0.5696500    
  0.5207430      0.5253800      0.5253860      0.5291930      0.5329920      0.5330100      0.5330340      0.5348170      0.5383600      0.5384080      0.5384560      0.5386270      0.5389520      0.5467470      0.5531960      0.5585500      0.5585500      0.5593620      0.5603500      0.5611000      0.5599800      0.5613800      0.5627600      0.5641200      0.5654700      0.5667900      0.5680800      0.5693600      0.5706200      0.5718500    
  0.5253800      0.5253830      0.5291940      0.5330010      0.5330100      0.5330220      0.5348050      0.5383600      0.5383840      0.5384080      0.5384970      0.5386780      0.5522430      0.5684100      0.5683400      0.5647660      0.5655700      0.5652900      0.5633200      0.5622200      0.5622200      0.5636200      0.5650000      0.5663600      0.5676900      0.5690100      0.5703000      0.5715800      0.5728300      0.5740500    
  0.5253820      0.5291950      0.5330060      0.5330100      0.5330160      0.5347990      0.5383600      0.5383720      0.5383840      0.5384300      0.5525530      0.5735900      0.5701950      0.5684800      0.5684800      0.5683400      0.5666060      0.5658500      0.5652900      0.5646700      0.5644600      0.5658600      0.5672400      0.5685900      0.5699200      0.5712300      0.5725200      0.5737900      0.5750300      0.5762500    
  0.5291950      0.5330080      0.5330100      0.5330130      0.5347960      0.5383600      0.5383660      0.5383720      0.5383950      0.5553090      0.5735900      0.5735900      0.5735900      0.5702980      0.5686200      0.5686200      0.5683400      0.5669430      0.5664100      0.5652900      0.5667100      0.5681000      0.5694700      0.5708200      0.5721500      0.5734500      0.5747400      0.5760000      0.5772300      0.5784500    
  0.5330090      0.5330100      0.5330120      0.5347950      0.5383600      0.5383630      0.5383660      0.5495610      0.5609270      0.5735960      0.5735900      0.5735900      0.5735900      0.5735900      0.5705030      0.5689000      0.5689000      0.5683400      0.5677320      0.5675300      0.5689500      0.5703400      0.5717000      0.5730500      0.5743700      0.5756700      0.5769500      0.5782000      0.5794300      0.5806400    
  0.5330100      0.5330110      0.5347940      0.5383600      0.5383610      0.5565270      0.5837700      0.5834400      0.5831100      0.5767800      0.5736080      0.5735900      0.5735900      0.5735900      0.5735900      0.5709020      0.5694590      0.5694600      0.5683400      0.5697700      0.5711800      0.5725700      0.5739300      0.5752700      0.5765900      0.5778900      0.5791600      0.5804100      0.5816300      0.5828300    
  0.5330100      0.5347940      0.5383600      0.5383610      0.5601610      0.5837740      0.5837740      0.5837700      0.5834400      0.5831100      0.5768110      0.5736440      0.5735900      0.5735900      0.5735900      0.5735900      0.5716570      0.5705770      0.5705800      0.5720100      0.5734100      0.5748000      0.5761600      0.5775000      0.5788100      0.5801000      0.5813600      0.5826000      0.5838200      0.5850200    
