iMOD/TUTORIALS/TUT_MetaswapAnalyser/model_MetaSWAP/meteo/Evaporation/Evaporation_20050920_L1.ASC
NCOLS                30
NROWS                30
XLLCORNER     160000.00
YLLCORNER     340000.00
CELLSIZE        1000.00
NODATA_VALUE   -9999.00
   2.354680       2.355560       2.356480       2.357440       2.358450       2.359480       2.360550       2.361660       2.362790       2.363940       2.365130       2.366330       2.367550       2.368800       2.370050       2.371330       2.372610       2.373910       2.375220       2.376540       2.377860       2.379190       2.380530       2.381860       2.383200       2.384550       2.385890       2.387230       2.388580       2.389920    
   2.356860       2.357710       2.358600       2.359530       2.360500       2.361500       2.362540       2.363600       2.364700       2.365820       2.366970       2.368140       2.369330       2.370540       2.371770       2.373010       2.374270       2.375540       2.376820       2.378110       2.379400       2.380710       2.382020       2.383330       2.384650       2.385970       2.387300       2.388620       2.389940       2.391260    
   2.359050       2.359870       2.360720       2.361620       2.362550       2.363520       2.364520       2.365560       2.366620       2.367710       2.368820       2.369960       2.371120       2.372300       2.373500       2.374710       2.375940       2.377180       2.378430       2.379690       2.380960       2.382240       2.383530       2.384820       2.386110       2.387410       2.388710       2.390020       2.391320       2.392620    
   2.361240       2.362030       2.362850       2.363720       2.364620       2.365550       2.366520       2.367520       2.368550       2.369610       2.370690       2.371790       2.372920       2.374070       2.375230       2.376420       2.377620       2.378830       2.380050       2.381290       2.382530       2.383780       2.385050       2.386310       2.387590       2.388860       2.390140       2.391430       2.392710       2.393990    
   2.363440       2.364190       2.364990       2.365820       2.366690       2.367590       2.368530       2.369490       2.370490       2.371510       2.372560       2.373640       2.374730       2.375850       2.376980       2.378140       2.379310       2.380490       2.381690       2.382890       2.384110       2.385340       2.386580       2.387820       2.389070       2.390330       2.391590       2.392850       2.394110       2.395380    
   2.365630       2.366360       2.367120       2.367930       2.368760       2.369640       2.370540       2.371470       2.372440       2.373430       2.374450       2.375490       2.376550       2.377640       2.378750       2.379870       2.381010       2.382160       2.383330       2.384520       2.385710       2.386910       2.388120       2.389340       2.390570       2.391800       2.393040       2.394280       2.395530       2.396780    
   2.367830       2.368530       2.369270       2.370040       2.370840       2.371680       2.372560       2.373460       2.374390       2.375350       2.376340       2.377350       2.378390       2.379440       2.380520       2.381610       2.382720       2.383850       2.384990       2.386150       2.387320       2.388490       2.389680       2.390880       2.392080       2.393290       2.394510       2.395730       2.396960       2.398190    
   2.370040       2.370710       2.371410       2.372150       2.372930       2.373740       2.374580       2.375450       2.376360       2.377290       2.378240       2.379220       2.380230       2.381250       2.382300       2.383370       2.384450       2.385550       2.386660       2.387790       2.388930       2.390090       2.391250       2.392430       2.393610       2.394800       2.395990       2.397190       2.398400       2.399610    
   2.372240       2.372880       2.373560       2.374270       2.375020       2.375800       2.376610       2.377450       2.378330       2.379230       2.380150       2.381100       2.382080       2.383070       2.384090       2.385130       2.386180       2.387260       2.388350       2.389450       2.390560       2.391690       2.392830       2.393980       2.395140       2.396310       2.397490       2.398670       2.399860       2.401050    
   2.374450       2.375060       2.375710       2.376400       2.377120       2.377870       2.378650       2.379460       2.380300       2.381170       2.382070       2.382990       2.383930       2.384900       2.385890       2.386900       2.387930       2.388980       2.390040       2.391120       2.392210       2.393310       2.394430       2.395560       2.396690       2.397840       2.398990       2.400160       2.401320       2.402500    
   2.374460       2.375070       2.376420       2.378520       2.379210       2.379940       2.380690       2.381470       2.382280       2.383130       2.383990       2.384880       2.385800       2.386740       2.387700       2.388680       2.389680       2.390700       2.391740       2.392790       2.393860       2.394940       2.396030       2.397140       2.398250       2.399380       2.400510       2.401650       2.402800       2.403960    
   2.374470       2.376120       2.378520       2.380620       2.381320       2.382010       2.382730       2.383490       2.384270       2.385090       2.385920       2.386790       2.387680       2.388590       2.389520       2.390480       2.391450       2.392440       2.393450       2.394480       2.395520       2.396580       2.397650       2.398730       2.399820       2.400930       2.402040       2.403160       2.404290       2.405430    
   2.375750       2.378520       2.381230       2.382370       2.383420       2.384090       2.384790       2.385510       2.386270       2.387050       2.387860       2.388700       2.389560       2.390440       2.391350       2.392280       2.393220       2.394190       2.395180       2.396180       2.397200       2.398230       2.399280       2.400340       2.401410       2.402490       2.403580       2.404690       2.405800       2.406920    
   2.378520       2.381520       2.382890       2.383420       2.384560       2.386170       2.386840       2.387540       2.388270       2.389020       2.389810       2.390620       2.391450       2.392300       2.393180       2.394090       2.395010       2.395950       2.396910       2.397890       2.398880       2.399890       2.400910       2.401950       2.403000       2.404060       2.405140       2.406220       2.407310       2.408410    
   2.381650       2.383160       2.383420       2.384720       2.386170       2.387300       2.388900       2.389570       2.390270       2.391000       2.391760       2.392540       2.393350       2.394180       2.395030       2.395900       2.396800       2.397720       2.398650       2.399600       2.400580       2.401560       2.402560       2.403580       2.404610       2.405650       2.406700       2.407770       2.408840       2.409920    
   2.383290       2.383420       2.384770       2.386170       2.387460       2.388900       2.389240       2.389580       2.390960       2.392990       2.393720       2.394470       2.395250       2.396050       2.396880       2.397730       2.398600       2.399490       2.400400       2.401330       2.402280       2.403240       2.404220       2.405220       2.406220       2.407250       2.408280       2.409320       2.410380       2.411440    
   2.383420       2.384790       2.386170       2.387510       2.388900       2.389070       2.389240       2.390690       2.392990       2.393350       2.395190       2.396410       2.397160       2.397940       2.398740       2.399560       2.400410       2.401280       2.402160       2.403070       2.403990       2.404930       2.405890       2.406870       2.407850       2.408850       2.409870       2.410890       2.411930       2.412980    
   2.384790       2.386170       2.387530       2.388900       2.388980       2.389070       2.390500       2.392990       2.393170       2.395450       2.397380       2.398350       2.399080       2.399830       2.400610       2.401410       2.402230       2.403070       2.403930       2.404820       2.405720       2.406640       2.407570       2.408520       2.409490       2.410470       2.411470       2.412470       2.413490       2.414520    
   2.386170       2.387530       2.388900       2.388940       2.388980       2.390380       2.392990       2.393080       2.395570       2.397860       2.398350       2.398720       2.399750       2.401730       2.402480       2.403260       2.404050       2.404870       2.405710       2.406570       2.407450       2.408350       2.409260       2.410190       2.411140       2.412100       2.413080       2.414070       2.415070       2.416080    
   2.387530       2.388900       2.388920       2.388940       2.390330       2.392990       2.393040       2.395620       2.398110       2.398350       2.398530       2.399640       2.401730       2.402100       2.402490       2.403260       2.404060       2.404880       2.407120       2.408340       2.409190       2.410070       2.410960       2.411870       2.412800       2.413740       2.414700       2.415670       2.416650       2.417650    
   2.388900       2.388910       2.388920       2.390290       2.392990       2.393010       2.395640       2.398230       2.398350       2.398440       2.399560       2.401730       2.401920       2.402110       2.402620       2.403270       2.404070       2.407080       2.409220       2.410110       2.410950       2.411800       2.412670       2.413560       2.414470       2.415390       2.416330       2.417280       2.418250       2.419230    
   2.388910       2.388910       2.390280       2.392990       2.393000       2.395660       2.398290       2.398350       2.398400       2.399520       2.401730       2.401820       2.401920       2.402220       2.402670       2.403320       2.406840       2.409670       2.410110       2.411260       2.412710       2.413540       2.414390       2.415260       2.416150       2.417050       2.417970       2.418910       2.419860       2.420820    
   2.388910       2.390270       2.392990       2.393000       2.395660       2.398320       2.398350       2.398370       2.399500       2.401730       2.401780       2.401820       2.401990       2.402270       2.402730       2.407650       2.409890       2.410110       2.413250       2.414480       2.414970       2.415290       2.416120       2.416970       2.417840       2.418730       2.419630       2.420550       2.421480       2.422420    
   2.390270       2.392990       2.392990       2.395670       2.398330       2.398350       2.398360       2.399490       2.401730       2.401750       2.401780       2.401860       2.402030       2.407740       2.412150       2.415530       2.415530       2.415990       2.416560       2.417160       2.416260       2.417050       2.417860       2.418690       2.419540       2.420410       2.421290       2.422190       2.423110       2.424040    
   2.392990       2.392990       2.395670       2.398340       2.398350       2.398360       2.399480       2.401730       2.401740       2.401750       2.401800       2.401890       2.411960       2.424050       2.423990       2.420730       2.421180       2.420950       2.419070       2.418050       2.418050       2.418820       2.419610       2.420420       2.421250       2.422100       2.422970       2.423850       2.424750       2.425670    
   2.392990       2.395670       2.398350       2.398350       2.398350       2.399480       2.401730       2.401740       2.401740       2.401760       2.412720       2.429090       2.425780       2.424110       2.424110       2.423990       2.422210       2.421410       2.420950       2.420130       2.419850       2.420600       2.421370       2.422160       2.422980       2.423810       2.424660       2.425520       2.426410       2.427310    
   2.395670       2.398350       2.398350       2.398350       2.399480       2.401730       2.401730       2.401740       2.401750       2.414880       2.429090       2.429090       2.429090       2.425860       2.424220       2.424220       2.423990       2.422470       2.421870       2.420950       2.421660       2.422390       2.423140       2.423920       2.424710       2.425520       2.426360       2.427210       2.428070       2.428960    
   2.398350       2.398350       2.398350       2.399480       2.401730       2.401730       2.401730       2.410900       2.419680       2.429100       2.429090       2.429090       2.429090       2.429090       2.426030       2.424460       2.424460       2.423990       2.423090       2.422790       2.423470       2.424190       2.424920       2.425680       2.426450       2.427250       2.428070       2.428900       2.429750       2.430620    
   2.398350       2.398350       2.399480       2.401730       2.401730       2.417040       2.440000       2.439200       2.438390       2.432200       2.429110       2.429090       2.429090       2.429090       2.429090       2.426370       2.424930       2.424920       2.423990       2.424630       2.425300       2.426000       2.426710       2.427450       2.428210       2.428990       2.429790       2.430610       2.431440       2.432300    
   2.398350       2.399480       2.401730       2.401730       2.420100       2.440000       2.440000       2.440000       2.439200       2.438390       2.432230       2.429140       2.429090       2.429090       2.429090       2.429090       2.426990       2.425870       2.425860       2.426490       2.427140       2.427810       2.428510       2.429230       2.429970       2.430740       2.431520       2.432320       2.433150       2.433980    
