iMOD/TUTORIALS/TUT_MetaswapAnalyser/model_MetaSWAP/meteo/Evaporation/Evaporation_20060830_L1.ASC
NCOLS                30
NROWS                30
XLLCORNER     160000.00
YLLCORNER     340000.00
CELLSIZE        1000.00
NODATA_VALUE   -9999.00
   1.761780       1.759420       1.757220       1.755180       1.753280       1.751520       1.749910       1.748430       1.747080       1.745850       1.744750       1.743750       1.742880       1.742100       1.741430       1.740860       1.740390       1.740000       1.739700       1.739480       1.739340       1.739280       1.739290       1.739360       1.739500       1.739700       1.739960       1.740270       1.740630       1.741040    
   1.773140       1.770780       1.768570       1.766520       1.764610       1.762840       1.761210       1.759710       1.758340       1.757090       1.755960       1.754940       1.754030       1.753230       1.752530       1.751920       1.751400       1.750980       1.750630       1.750370       1.750180       1.750070       1.750030       1.750050       1.750130       1.750270       1.750470       1.750720       1.751010       1.751360    
   1.784590       1.782230       1.780020       1.777960       1.776040       1.774260       1.772620       1.771100       1.769710       1.768440       1.767280       1.766240       1.765300       1.764460       1.763730       1.763080       1.762530       1.762060       1.761670       1.761370       1.761130       1.760970       1.760870       1.760840       1.760860       1.760950       1.761080       1.761270       1.761500       1.761780    
   1.796150       1.793790       1.791580       1.789510       1.787580       1.785790       1.784130       1.782590       1.781180       1.779890       1.778710       1.777630       1.776670       1.775800       1.775030       1.774350       1.773760       1.773250       1.772820       1.772460       1.772180       1.771970       1.771820       1.771730       1.771700       1.771720       1.771790       1.771920       1.772080       1.772290    
   1.807790       1.805440       1.803220       1.801150       1.799210       1.797410       1.795730       1.794180       1.792750       1.791430       1.790230       1.789130       1.788130       1.787230       1.786430       1.785710       1.785080       1.784530       1.784060       1.783660       1.783330       1.783060       1.782860       1.782720       1.782630       1.782590       1.782600       1.782660       1.782760       1.782900    
   1.819530       1.817170       1.814950       1.812870       1.810930       1.809110       1.807420       1.805860       1.804410       1.803070       1.801840       1.800720       1.799690       1.798760       1.797920       1.797170       1.796500       1.795910       1.795390       1.794950       1.794570       1.794250       1.794000       1.793800       1.793650       1.793550       1.793500       1.793500       1.793530       1.793610    
   1.831340       1.828980       1.826770       1.824680       1.822730       1.820910       1.819200       1.817620       1.816150       1.814800       1.813540       1.812390       1.811340       1.810380       1.809510       1.808720       1.808010       1.807380       1.806820       1.806330       1.805900       1.805530       1.805220       1.804970       1.804760       1.804600       1.804490       1.804420       1.804390       1.804400    
   1.843230       1.840880       1.838660       1.836570       1.834610       1.832780       1.831060       1.829470       1.827980       1.826600       1.825330       1.824150       1.823070       1.822080       1.821180       1.820350       1.819610       1.818930       1.818330       1.817790       1.817310       1.816900       1.816530       1.816220       1.815960       1.815740       1.815560       1.815430       1.815330       1.815270    
   1.855190       1.852840       1.850620       1.848530       1.846570       1.844720       1.843000       1.841390       1.839890       1.838490       1.837190       1.835990       1.834880       1.833860       1.832920       1.832070       1.831280       1.830570       1.829920       1.829340       1.828810       1.828340       1.827920       1.827560       1.827240       1.826960       1.826720       1.826520       1.826350       1.826220    
   1.867220       1.864870       1.862650       1.860560       1.858590       1.856740       1.855010       1.853380       1.851860       1.850450       1.849130       1.847900       1.846770       1.845720       1.844750       1.843850       1.843030       1.842280       1.841590       1.840960       1.840380       1.839860       1.839390       1.838970       1.838590       1.838250       1.837950       1.837680       1.837450       1.837240    
   1.867260       1.864910       1.865180       1.872650       1.870680       1.868820       1.867080       1.865440       1.863910       1.862470       1.861130       1.859890       1.858720       1.857640       1.856640       1.855710       1.854850       1.854060       1.853330       1.852650       1.852030       1.851460       1.850930       1.850450       1.850010       1.849610       1.849250       1.848920       1.848610       1.848340    
   1.867310       1.867500       1.872650       1.880300       1.882830       1.880960       1.879210       1.877560       1.876010       1.874560       1.873200       1.871930       1.870740       1.869640       1.868600       1.867640       1.866740       1.865910       1.865130       1.864410       1.863740       1.863120       1.862540       1.862010       1.861510       1.861050       1.860620       1.860220       1.859850       1.859510    
   1.869310       1.872650       1.884230       1.888930       1.895030       1.893160       1.891400       1.889740       1.888180       1.886710       1.885330       1.884040       1.882820       1.881690       1.880620       1.879630       1.878700       1.877820       1.877000       1.876240       1.875520       1.874850       1.874220       1.873630       1.873070       1.872540       1.872050       1.871590       1.871150       1.870730    
   1.872650       1.885970       1.891980       1.895030       1.897870       1.905410       1.903640       1.901970       1.900390       1.898910       1.897510       1.896200       1.894960       1.893800       1.892700       1.891670       1.890710       1.889790       1.888940       1.888130       1.887360       1.886640       1.885950       1.885300       1.884690       1.884100       1.883550       1.883010       1.882510       1.882020    
   1.886790       1.893510       1.895030       1.899440       1.905410       1.908320       1.915920       1.914240       1.912660       1.911160       1.909740       1.908410       1.907150       1.905960       1.904840       1.903780       1.902770       1.901820       1.900920       1.900070       1.899250       1.898480       1.897740       1.897040       1.896370       1.895720       1.895100       1.894500       1.893920       1.893370    
   1.894270       1.895030       1.899960       1.905410       1.909880       1.915920       1.915080       1.914270       1.915380       1.923450       1.922020       1.920670       1.919380       1.918170       1.917020       1.915920       1.914890       1.913900       1.912960       1.912060       1.911200       1.910380       1.909590       1.908830       1.908090       1.907390       1.906700       1.906040       1.905390       1.904760    
   1.895030       1.900130       1.905410       1.910400       1.915920       1.915500       1.915090       1.917050       1.923450       1.922730       1.928880       1.932970       1.931660       1.930420       1.929240       1.928120       1.927050       1.926020       1.925040       1.924100       1.923200       1.922320       1.921480       1.920660       1.919870       1.919100       1.918350       1.917620       1.916910       1.916210    
   1.900190       1.905410       1.910580       1.915920       1.915710       1.915500       1.917770       1.923450       1.923090       1.931900       1.939140       1.945300       1.943980       1.942710       1.941510       1.940360       1.939250       1.938190       1.937170       1.936190       1.935230       1.934310       1.933420       1.932540       1.931690       1.930860       1.930050       1.929250       1.928460       1.927690    
   1.905410       1.910640       1.915920       1.915810       1.915710       1.918110       1.923450       1.923270       1.933190       1.942220       1.945300       1.944640       1.946760       1.955040       1.953810       1.952630       1.951490       1.950390       1.949330       1.948310       1.947310       1.946340       1.945390       1.944470       1.943560       1.942660       1.941780       1.940920       1.940060       1.939220    
   1.910660       1.915920       1.915870       1.915820       1.918270       1.923450       1.923360       1.933790       1.943760       1.945300       1.944970       1.947930       1.955040       1.954420       1.953830       1.952640       1.951500       1.950400       1.956230       1.960470       1.959420       1.958400       1.957400       1.956420       1.955460       1.954500       1.953560       1.952620       1.951700       1.950780    
   1.915920       1.915890       1.915870       1.918350       1.923450       1.923410       1.934090       1.944530       1.945300       1.945130       1.948310       1.955040       1.954730       1.954430       1.953630       1.952660       1.951520       1.959470       1.966560       1.972650       1.971570       1.970500       1.969450       1.968410       1.967390       1.966370       1.965360       1.964360       1.963360       1.962380    
   1.915910       1.915890       1.918390       1.923450       1.923430       1.934230       1.944910       1.945300       1.945220       1.948450       1.955040       1.954890       1.954730       1.954260       1.953570       1.952600       1.961180       1.969600       1.972650       1.975990       1.983740       1.982620       1.981520       1.980430       1.979340       1.978270       1.977190       1.976120       1.975060       1.974000    
   1.915910       1.918410       1.923450       1.923440       1.934300       1.945110       1.945300       1.945260       1.948500       1.955040       1.954960       1.954890       1.954630       1.954190       1.953480       1.969580       1.971130       1.972650       1.989710       1.995940       1.995240       1.994770       1.993620       1.992470       1.991330       1.990190       1.989050       1.987910       1.986780       1.985640    
   1.918420       1.923450       1.923440       1.934340       1.945200       1.945300       1.945280       1.948520       1.955040       1.955000       1.954960       1.954830       1.954570       1.983610       2.000870       2.009420       2.009420       2.009590       2.010190       2.014260       2.008140       2.006930       2.005730       2.004530       2.003330       2.002130       2.000920       1.999720       1.998510       1.997300    
   1.923450       1.923450       1.934360       1.945250       1.945300       1.945290       1.948540       1.955040       1.955020       1.955000       1.954930       1.954790       2.007690       2.072530       2.072150       2.046430       2.047720       2.046180       2.029200       2.020370       2.020370       2.019110       2.017860       2.016600       2.015340       2.014080       2.012810       2.011540       2.010260       2.008980    
   1.923450       1.934370       1.945280       1.945300       1.945290       1.948540       1.955040       1.955030       1.955020       1.954980       2.017130       2.110470       2.085500       2.072920       2.072920       2.072150       2.056430       2.049250       2.046180       2.036000       2.032600       2.031300       2.030000       2.028690       2.027370       2.026050       2.024710       2.023370       2.022020       2.020660    
   1.934370       1.945290       1.945300       1.945300       1.948540       1.955040       1.955040       1.955030       1.955010       2.029620       2.110470       2.110470       2.110470       2.086060       2.073690       2.073690       2.072150       2.058130       2.052320       2.046180       2.044840       2.043490       2.042140       2.040780       2.039400       2.038020       2.036620       2.035210       2.033780       2.032350    
   1.945290       1.945300       1.945300       1.948550       1.955040       1.955040       1.955040       2.009500       2.059080       2.110500       2.110470       2.110470       2.110470       2.110470       2.087180       2.075220       2.075220       2.072150       2.061880       2.058460       2.057080       2.055690       2.054290       2.052870       2.051440       2.049990       2.048520       2.047040       2.045550       2.044040    
   1.945300       1.945300       1.948550       1.955040       1.955040       2.047630       2.186500       2.179710       2.172920       2.131380       2.110570       2.110470       2.110470       2.110470       2.110470       2.089330       2.078290       2.078290       2.072150       2.070740       2.069310       2.067880       2.066430       2.064960       2.063470       2.061960       2.060430       2.058880       2.057310       2.055720    
   1.945300       1.948550       1.955040       1.955040       2.066160       2.186520       2.186520       2.186500       2.179710       2.172920       2.131550       2.110770       2.110470       2.110470       2.110470       2.110470       2.093340       2.084440       2.084440       2.083000       2.081540       2.080060       2.078560       2.077040       2.075490       2.073920       2.072320       2.070700       2.069060       2.067390    
