iMOD/TUTORIALS/TUT_MetaswapAnalyser/model_MetaSWAP/meteo/Evaporation/Evaporation_20050812_L1.ASC
NCOLS                30
NROWS                30
XLLCORNER     160000.00
YLLCORNER     340000.00
CELLSIZE        1000.00
NODATA_VALUE   -9999.00
   2.064660       2.058100       2.051570       2.045060       2.038580       2.032110       2.025670       2.019250       2.012850       2.006470       2.000110       1.993760       1.987440       1.981120       1.974830       1.968550       1.962290       1.956040       1.949800       1.943580       1.937370       1.931170       1.924980       1.918800       1.912630       1.906460       1.900310       1.894170       1.888030       1.881900    
   2.075030       2.068470       2.061940       2.055420       2.048930       2.042460       2.036010       2.029580       2.023170       2.016770       2.010400       2.004040       1.997690       1.991360       1.985050       1.978750       1.972470       1.966190       1.959930       1.953680       1.947440       1.941210       1.934990       1.928780       1.922580       1.916390       1.910200       1.904020       1.897850       1.891680    
   2.085380       2.078820       2.072290       2.065770       2.059270       2.052800       2.046340       2.039900       2.033470       2.027070       2.020680       2.014310       2.007950       2.001600       1.995270       1.988950       1.982640       1.976350       1.970060       1.963790       1.957520       1.951270       1.945020       1.938780       1.932540       1.926310       1.920090       1.913880       1.907670       1.901470    
   2.095720       2.089160       2.082620       2.076100       2.069600       2.063120       2.056660       2.050210       2.043770       2.037360       2.030960       2.024570       2.018200       2.011830       2.005480       1.999150       1.992820       1.986500       1.980190       1.973890       1.967600       1.961320       1.955040       1.948770       1.942510       1.936250       1.929990       1.923750       1.917500       1.911260    
   2.106040       2.099480       2.092940       2.086420       2.079920       2.073430       2.066960       2.060510       2.054060       2.047640       2.041230       2.034830       2.028440       2.022060       2.015700       2.009340       2.002990       1.996650       1.990320       1.984000       1.977690       1.971380       1.965070       1.958770       1.952480       1.946190       1.939900       1.933620       1.927340       1.921060    
   2.116340       2.109780       2.103240       2.096720       2.090220       2.083730       2.077250       2.070790       2.064340       2.057910       2.051490       2.045070       2.038670       2.032280       2.025900       2.019530       2.013160       2.006800       2.000450       1.994110       1.987770       1.981430       1.975100       1.968770       1.962450       1.956130       1.949810       1.943490       1.937180       1.930870    
   2.126620       2.120060       2.113530       2.107010       2.100500       2.094010       2.087530       2.081060       2.074610       2.068170       2.061730       2.055310       2.048900       2.042490       2.036100       2.029710       2.023320       2.016950       2.010570       2.004210       1.997840       1.991480       1.985130       1.978770       1.972420       1.966070       1.959720       1.953370       1.947020       1.940680    
   2.136870       2.130330       2.123790       2.117270       2.110770       2.104270       2.097790       2.091320       2.084860       2.078410       2.071970       2.065540       2.059110       2.052700       2.046290       2.039880       2.033480       2.027080       2.020690       2.014300       2.007920       2.001530       1.995150       1.988770       1.982390       1.976010       1.969630       1.963250       1.956870       1.950490    
   2.147110       2.140570       2.134040       2.127520       2.121010       2.114520       2.108030       2.101560       2.095090       2.088640       2.082190       2.075750       2.069320       2.062890       2.056460       2.050040       2.043630       2.037210       2.030800       2.024390       2.017980       2.011580       2.005170       1.998760       1.992350       1.985940       1.979530       1.973120       1.966710       1.960300    
   2.157320       2.150780       2.144260       2.137740       2.131240       2.124740       2.118260       2.111780       2.105310       2.098850       2.092400       2.085950       2.079500       2.073060       2.066630       2.060190       2.053760       2.047330       2.040900       2.034470       2.028040       2.021610       2.015180       2.008750       2.002310       1.995880       1.989440       1.983000       1.976550       1.970110    
   2.157320       2.150790       2.145180       2.147940       2.141440       2.134950       2.128460       2.121980       2.115510       2.109050       2.102590       2.096130       2.089680       2.083230       2.076780       2.070330       2.063890       2.057440       2.050990       2.044550       2.038100       2.031640       2.025190       2.018730       2.012270       2.005800       1.999340       1.992860       1.986390       1.979910    
   2.157330       2.150310       2.147940       2.150690       2.151620       2.145130       2.138640       2.132160       2.125690       2.119220       2.112760       2.106290       2.099830       2.093380       2.086920       2.080460       2.074000       2.067540       2.061070       2.054610       2.048140       2.041660       2.035190       2.028700       2.022220       2.015720       2.009230       2.002730       1.996220       1.989710    
   2.154860       2.147940       2.154280       2.156700       2.161780       2.155290       2.148800       2.142320       2.135850       2.129380       2.122910       2.116440       2.109970       2.103510       2.097040       2.090570       2.084100       2.077620       2.071140       2.064660       2.058170       2.051670       2.045170       2.038670       2.032150       2.025640       2.019110       2.012580       2.006040       1.999500    
   2.147940       2.155810       2.159240       2.161780       2.160830       2.165420       2.158940       2.152460       2.145980       2.139510       2.133040       2.126570       2.120090       2.113620       2.107140       2.100660       2.094180       2.087690       2.081190       2.074690       2.068180       2.061670       2.055150       2.048620       2.042080       2.035540       2.028980       2.022430       2.015860       2.009280    
   2.156510       2.160510       2.161780       2.162680       2.165420       2.164470       2.169050       2.162570       2.156100       2.149620       2.143150       2.136670       2.130190       2.123710       2.117230       2.110740       2.104240       2.097740       2.091230       2.084710       2.078180       2.071650       2.065110       2.058560       2.052000       2.045430       2.038850       2.032260       2.025660       2.019060    
   2.161150       2.161780       2.163290       2.165420       2.166310       2.169050       2.165810       2.162570       2.157000       2.159710       2.153230       2.146750       2.140270       2.133780       2.127290       2.120790       2.114280       2.107770       2.101240       2.094710       2.088170       2.081620       2.075050       2.068480       2.061900       2.055300       2.048700       2.042080       2.035450       2.028820    
   2.161780       2.163500       2.165420       2.166930       2.169050       2.167430       2.165810       2.161270       2.159710       2.156470       2.156670       2.156810       2.150320       2.143830       2.137330       2.130820       2.124310       2.117780       2.111240       2.104700       2.098140       2.091570       2.084980       2.078390       2.071780       2.065160       2.058530       2.051890       2.045230       2.038570    
   2.163570       2.165420       2.167130       2.169050       2.168240       2.167430       2.163560       2.159710       2.158090       2.160300       2.161830       2.166840       2.160350       2.153850       2.147350       2.140830       2.134310       2.127770       2.121220       2.114660       2.108090       2.101500       2.094900       2.088280       2.081650       2.075010       2.068350       2.061680       2.054990       2.048300    
   2.165420       2.167200       2.169050       2.168640       2.168240       2.164730       2.159710       2.158900       2.161850       2.164330       2.166840       2.163600       2.161220       2.163850       2.157340       2.150820       2.144290       2.137740       2.131180       2.124600       2.118010       2.111410       2.104790       2.098150       2.091500       2.084830       2.078150       2.071450       2.064740       2.058010    
   2.167220       2.169050       2.168850       2.168640       2.165330       2.159710       2.159300       2.162580       2.165590       2.166840       2.165220       2.163880       2.163850       2.160590       2.157340       2.150820       2.144280       2.137740       2.134490       2.134520       2.127920       2.121300       2.114660       2.108000       2.101330       2.094640       2.087930       2.081200       2.074460       2.067710    
   2.169050       2.168950       2.168850       2.165630       2.159710       2.159510       2.162930       2.166210       2.166840       2.166030       2.164950       2.163850       2.162220       2.160590       2.156250       2.150810       2.144280       2.140080       2.139470       2.144420       2.137800       2.131160       2.124510       2.117830       2.111130       2.104420       2.097690       2.090940       2.084170       2.077390    
   2.169000       2.168950       2.165780       2.159710       2.159610       2.163100       2.166530       2.166840       2.166430       2.165420       2.163850       2.163040       2.162220       2.159690       2.155890       2.150450       2.144310       2.141940       2.144420       2.143290       2.147660       2.141000       2.134330       2.127630       2.120920       2.114180       2.107420       2.100650       2.093850       2.087040    
   2.169000       2.165860       2.159710       2.159660       2.163190       2.166680       2.166840       2.166640       2.165640       2.163850       2.163440       2.163040       2.161650       2.159270       2.155340       2.153530       2.143180       2.144420       2.154340       2.157470       2.153470       2.150820       2.144130       2.137410       2.130680       2.123920       2.117140       2.110330       2.103510       2.096670    
   2.165900       2.159710       2.159680       2.163230       2.166760       2.166840       2.166740       2.165740       2.163850       2.163650       2.163440       2.162710       2.161320       2.176360       2.179370       2.173800       2.173800       2.171330       2.168900       2.172170       2.167290       2.160600       2.153900       2.147160       2.140410       2.133630       2.126820       2.119990       2.113140       2.106270    
   2.159710       2.159700       2.163250       2.166800       2.166840       2.166790       2.165790       2.163850       2.163750       2.163650       2.163270       2.162490       2.191930       2.229480       2.229180       2.205120       2.204400       2.203190       2.185820       2.177050       2.177060       2.170360       2.163640       2.156890       2.150110       2.143310       2.136480       2.129630       2.122750       2.115850    
   2.159700       2.163260       2.166820       2.166840       2.166810       2.165820       2.163850       2.163800       2.163750       2.163550       2.203690       2.264520       2.241410       2.229780       2.229780       2.229180       2.213080       2.205610       2.203190       2.190890       2.186790       2.180080       2.173350       2.166580       2.159780       2.152960       2.146110       2.139230       2.132320       2.125400    
   2.163270       2.166830       2.166840       2.166830       2.165830       2.163850       2.163820       2.163800       2.163700       2.212010       2.264520       2.264520       2.264520       2.241850       2.230380       2.230380       2.229180       2.214330       2.208030       2.203190       2.196500       2.189780       2.183020       2.176240       2.169420       2.162580       2.155700       2.148800       2.141870       2.134910    
   2.166840       2.166840       2.166830       2.165840       2.163850       2.163840       2.163820       2.202320       2.234070       2.264550       2.264520       2.264520       2.264520       2.264520       2.242710       2.231580       2.231580       2.229180       2.216940       2.212870       2.206170       2.199430       2.192670       2.185860       2.179030       2.172160       2.165260       2.158340       2.151380       2.144390    
   2.166840       2.166840       2.165840       2.163850       2.163840       2.231780       2.333680       2.325810       2.317950       2.282400       2.264600       2.264520       2.264520       2.264520       2.264520       2.244370       2.233980       2.233980       2.229180       2.222510       2.215800       2.209050       2.202270       2.195450       2.188600       2.181710       2.174790       2.167840       2.160850       2.153840    
   2.166840       2.165840       2.163850       2.163850       2.245380       2.333700       2.333700       2.333680       2.325820       2.317950       2.282530       2.264750       2.264520       2.264520       2.264520       2.264520       2.247420       2.238770       2.238790       2.232110       2.225390       2.218630       2.211840       2.205000       2.198130       2.191220       2.184280       2.177300       2.170290       2.163250    
