iMOD/TUTORIALS/TUT_MetaswapAnalyser/model_MetaSWAP/meteo/Evaporation/Evaporation_20051009_L1.ASC
NCOLS                30
NROWS                30
XLLCORNER     160000.00
YLLCORNER     340000.00
CELLSIZE        1000.00
NODATA_VALUE   -9999.00
  0.8358100      0.8347000      0.8337000      0.8328100      0.8320200      0.8313300      0.8307100      0.8301700      0.8296900      0.8292700      0.8289000      0.8285700      0.8282800      0.8280200      0.8277700      0.8275500      0.8273300      0.8271200      0.8269100      0.8266900      0.8264600      0.8262200      0.8259700      0.8256900      0.8254000      0.8250700      0.8247200      0.8243400      0.8239200      0.8234700    
  0.8457000      0.8446100      0.8436300      0.8427600      0.8419800      0.8412900      0.8406800      0.8401400      0.8396600      0.8392400      0.8388700      0.8385400      0.8382400      0.8379600      0.8377100      0.8374700      0.8372500      0.8370200      0.8367900      0.8365600      0.8363200      0.8360600      0.8357800      0.8354800      0.8351600      0.8348100      0.8344300      0.8340100      0.8335600      0.8330800    
  0.8557000      0.8546400      0.8536800      0.8528200      0.8520500      0.8513700      0.8507700      0.8502300      0.8497500      0.8493300      0.8489600      0.8486200      0.8483100      0.8480300      0.8477700      0.8475200      0.8472800      0.8470400      0.8468000      0.8465400      0.8462800      0.8460000      0.8457000      0.8453800      0.8450300      0.8446500      0.8442400      0.8437900      0.8433100      0.8427900    
  0.8658100      0.8647700      0.8638300      0.8629900      0.8622400      0.8615600      0.8609700      0.8604300      0.8599600      0.8595400      0.8591600      0.8588200      0.8585000      0.8582200      0.8579400      0.8576800      0.8574300      0.8571700      0.8569100      0.8566400      0.8563600      0.8560600      0.8557300      0.8553800      0.8550000      0.8546000      0.8541500      0.8536800      0.8531600      0.8526100    
  0.8760200      0.8750100      0.8740900      0.8732600      0.8725200      0.8718600      0.8712700      0.8707400      0.8702700      0.8698500      0.8694700      0.8691200      0.8688000      0.8685100      0.8682200      0.8679500      0.8676800      0.8674100      0.8671300      0.8668400      0.8665400      0.8662100      0.8658600      0.8654900      0.8650800      0.8646400      0.8641700      0.8636600      0.8631000      0.8625100    
  0.8863200      0.8853300      0.8844400      0.8836300      0.8829000      0.8822500      0.8816700      0.8811500      0.8806800      0.8802600      0.8798800      0.8795300      0.8792000      0.8789000      0.8786100      0.8783200      0.8780400      0.8777500      0.8774600      0.8771500      0.8768200      0.8764700      0.8761000      0.8756900      0.8752500      0.8747800      0.8742800      0.8737300      0.8731400      0.8725100    
  0.8967100      0.8957500      0.8948700      0.8940900      0.8933800      0.8927400      0.8921700      0.8916500      0.8911900      0.8907700      0.8903800      0.8900300      0.8897000      0.8893900      0.8890900      0.8887900      0.8884900      0.8881900      0.8878800      0.8875500      0.8872000      0.8868200      0.8864200      0.8859900      0.8855200      0.8850200      0.8844700      0.8838900      0.8832600      0.8825900    
  0.9071700      0.9062400      0.9053900      0.9046200      0.9039300      0.9033100      0.9027500      0.9022400      0.9017800      0.9013600      0.9009800      0.9006300      0.9002900      0.8999700      0.8996600      0.8993500      0.8990400      0.8987200      0.8983900      0.8980400      0.8976600      0.8972600      0.8968300      0.8963700      0.8958700      0.8953300      0.8947500      0.8941300      0.8934600      0.8927500    
  0.9177100      0.9168100      0.9159900      0.9152400      0.9145700      0.9139600      0.9134100      0.9129100      0.9124600      0.9120400      0.9116600      0.9113000      0.9109700      0.9106400      0.9103200      0.9100000      0.9096700      0.9093400      0.9089800      0.9086100      0.9082200      0.9077900      0.9073300      0.9068400      0.9063100      0.9057300      0.9051200      0.9044600      0.9037500      0.9029900    
  0.9283200      0.9274500      0.9266500      0.9259300      0.9252700      0.9246800      0.9241400      0.9236600      0.9232100      0.9228000      0.9224200      0.9220600      0.9217200      0.9213900      0.9210600      0.9207300      0.9203900      0.9200300      0.9196600      0.9192700      0.9188500      0.9184000      0.9179100      0.9173900      0.9168200      0.9162100      0.9155600      0.9148600      0.9141000      0.9133000    
  0.9283500      0.9274730      0.9291780      0.9366800      0.9360400      0.9354700      0.9349500      0.9344700      0.9340300      0.9336300      0.9332500      0.9328900      0.9325500      0.9322100      0.9318700      0.9315300      0.9311700      0.9308100      0.9304200      0.9300000      0.9295600      0.9290800      0.9285600      0.9280100      0.9274100      0.9267600      0.9260700      0.9253300      0.9245300      0.9236800    
  0.9283790      0.9304200      0.9366800      0.9443400      0.9468800      0.9463200      0.9458100      0.9453500      0.9449200      0.9445200      0.9441500      0.9437900      0.9434400      0.9431000      0.9427500      0.9424000      0.9420300      0.9416500      0.9412400      0.9408000      0.9403400      0.9398300      0.9392800      0.9387000      0.9380600      0.9373800      0.9366500      0.9358600      0.9350200      0.9341300    
  0.9312060      0.9366800      0.9477750      0.9523200      0.9577600      0.9572300      0.9567400      0.9562800      0.9558700      0.9554800      0.9551100      0.9547500      0.9544000      0.9540500      0.9537000      0.9533400      0.9529600      0.9525600      0.9521300      0.9516700      0.9511800      0.9506500      0.9500700      0.9494500      0.9487800      0.9480600      0.9472900      0.9464600      0.9455800      0.9446400    
  0.9366800      0.9493140      0.9550400      0.9577600      0.9610570      0.9681800      0.9677100      0.9672700      0.9668700      0.9664800      0.9661200      0.9657600      0.9654200      0.9650600      0.9647100      0.9643300      0.9639400      0.9635300      0.9630800      0.9626000      0.9620800      0.9615200      0.9609200      0.9602600      0.9595600      0.9588000      0.9579900      0.9571100      0.9561800      0.9551900    
  0.9500380      0.9564000      0.9577600      0.9623320      0.9681800      0.9715400      0.9787300      0.9783100      0.9779100      0.9775400      0.9771800      0.9768300      0.9764800      0.9761300      0.9757600      0.9753800      0.9749800      0.9745500      0.9740900      0.9735900      0.9730400      0.9724600      0.9718200      0.9711300      0.9703900      0.9695900      0.9687400      0.9678200      0.9668400      0.9658000    
  0.9570800      0.9577600      0.9627570      0.9681800      0.9728170      0.9787300      0.9785200      0.9783170      0.9806000      0.9886400      0.9882900      0.9879400      0.9876000      0.9872400      0.9868700      0.9864800      0.9860700      0.9856200      0.9851400      0.9846200      0.9840600      0.9834400      0.9827700      0.9820500      0.9812700      0.9804400      0.9795400      0.9785700      0.9775500      0.9764600    
  0.9577600      0.9628990      0.9681800      0.9732420      0.9787300      0.9786250      0.9785220      0.9815190      0.9886400      0.9884650      0.9948480      0.9990900      0.9987500      0.9983900      0.9980200      0.9976200      0.9972000      0.9967400      0.9962400      0.9957000      0.9951100      0.9944700      0.9937700      0.9930200      0.9922000      0.9913200      0.9903800      0.9893700      0.9883000      0.9871600    
  0.9629460      0.9681800      0.9733840      0.9787300      0.9786780      0.9786260      0.9818270      0.9886400      0.9885530      0.9973840       1.004690       1.010280       1.009940       1.009580       1.009210       1.008800       1.008370       1.007900       1.007380       1.006820       1.006210       1.005540       1.004810       1.004020       1.003170       1.002250       1.001260       1.000200      0.9990800      0.9978900    
  0.9681800      0.9734310      0.9787300      0.9787040      0.9786780      0.9819420      0.9886400      0.9885960      0.9984680       1.007480       1.010280       1.010110       1.012650       1.020800       1.020420       1.020020       1.019570       1.019090       1.018560       1.017980       1.017340       1.016640       1.015880       1.015060       1.014170       1.013210       1.012170       1.011070       1.009900       1.008650    
  0.9734470      0.9787300      0.9787170      0.9787040      0.9819910      0.9886400      0.9886180      0.9989730       1.008880       1.010280       1.010200       1.013460       1.020800       1.020610       1.020410       1.020000       1.019560       1.019070       1.025030       1.029160       1.028500       1.027780       1.026990       1.026130       1.025200       1.024190       1.023120       1.021960       1.020740       1.019440    
  0.9787300      0.9787230      0.9787170      0.9820130      0.9886400      0.9886290      0.9992180       1.009580       1.010280       1.010240       1.013680       1.020800       1.020700       1.020610       1.020340       1.019990       1.019550       1.027760       1.034770       1.040370       1.039680       1.038930       1.038110       1.037220       1.036250       1.035200       1.034080       1.032880       1.031600       1.030250    
  0.9787270      0.9787230      0.9820230      0.9886400      0.9886350      0.9993400       1.009930       1.010280       1.010260       1.013750       1.020800       1.020750       1.020700       1.020550       1.020310       1.019960       1.029050       1.037570       1.040370       1.043650       1.050890       1.050110       1.049260       1.048330       1.047320       1.046230       1.045060       1.043810       1.042480       1.041070    
  0.9787270      0.9820280      0.9886400      0.9886370      0.9994000       1.010110       1.010280       1.010270       1.013770       1.020800       1.020780       1.020750       1.020670       1.020520       1.020280       1.036480       1.038970       1.040370       1.056270       1.062110       1.061630       1.061300       1.060420       1.059460       1.058410       1.057280       1.056060       1.054760       1.053370       1.051900    
  0.9820310      0.9886400      0.9886390      0.9994300       1.010190       1.010280       1.010270       1.013780       1.020800       1.020790       1.020780       1.020730       1.020650       1.048110       1.065030       1.074100       1.074100       1.074440       1.075200       1.078950       1.073330       1.072500       1.071590       1.070590       1.069500       1.068330       1.067060       1.065710       1.064270       1.062740    
  0.9886400      0.9886390      0.9994450       1.010240       1.010280       1.010280       1.013780       1.020800       1.020790       1.020790       1.020770       1.020720       1.070500       1.131330       1.130980       1.107820       1.109220       1.107820       1.092530       1.084560       1.084560       1.083710       1.082760       1.081730       1.080600       1.079380       1.078070       1.076660       1.075160       1.073580    
  0.9886400      0.9994530       1.010260       1.010280       1.010280       1.013790       1.020800       1.020800       1.020790       1.020780       1.078490       1.165080       1.142870       1.131680       1.131680       1.130980       1.117000       1.110630       1.107820       1.098790       1.095790       1.094910       1.093930       1.092860       1.091690       1.090430       1.089060       1.087610       1.086050       1.084400    
  0.9994560       1.010270       1.010280       1.010280       1.013790       1.020800       1.020800       1.020800       1.020790       1.090040       1.165080       1.165080       1.165080       1.143380       1.132380       1.132380       1.130980       1.118560       1.113430       1.107820       1.107000       1.106100       1.105090       1.103990       1.102780       1.101470       1.100050       1.098540       1.096930       1.095220    
   1.010270       1.010280       1.010280       1.013790       1.020800       1.020800       1.020800       1.070650       1.116750       1.165110       1.165080       1.165080       1.165080       1.165080       1.144400       1.133780       1.133780       1.130980       1.122020       1.119040       1.118210       1.117280       1.116240       1.115100       1.113850       1.112490       1.111030       1.109460       1.107790       1.106020    
   1.010280       1.010280       1.013790       1.020800       1.020800       1.104980       1.231230       1.225720       1.220200       1.183540       1.165170       1.165080       1.165080       1.165080       1.165080       1.146360       1.136570       1.136570       1.130980       1.130240       1.129390       1.128430       1.127370       1.126190       1.124900       1.123490       1.121980       1.120350       1.118620       1.116790    
   1.010280       1.013790       1.020800       1.020800       1.121820       1.231250       1.231250       1.231230       1.225720       1.220200       1.183690       1.165350       1.165080       1.165080       1.165080       1.165080       1.150010       1.142150       1.142170       1.141410       1.140540       1.139560       1.138470       1.137250       1.135920       1.134470       1.132900       1.131210       1.129420       1.127520    
