iMOD/TUTORIALS/TUT_MetaswapAnalyser/model_MetaSWAP/meteo/Evaporation/Evaporation_20060427_L1.ASC
NCOLS                30
NROWS                30
XLLCORNER     160000.00
YLLCORNER     340000.00
CELLSIZE        1000.00
NODATA_VALUE   -9999.00
   2.443720       2.435850       2.427960       2.420050       2.412140       2.404220       2.396300       2.388390       2.380500       2.372610       2.364760       2.356920       2.349130       2.341360       2.333640       2.325960       2.318330       2.310750       2.303230       2.295770       2.288370       2.281030       2.273760       2.266560       2.259440       2.252390       2.245420       2.238530       2.231720       2.224990    
   2.439020       2.431140       2.423250       2.415350       2.407440       2.399530       2.391620       2.383720       2.375830       2.367960       2.360110       2.352290       2.344500       2.336750       2.329040       2.321370       2.313750       2.306190       2.298680       2.291230       2.283840       2.276520       2.269260       2.262080       2.254970       2.247930       2.240970       2.234090       2.227290       2.220580    
   2.434270       2.426400       2.418510       2.410610       2.402700       2.394800       2.386890       2.379000       2.371120       2.363260       2.355420       2.347610       2.339830       2.332090       2.324390       2.316730       2.309130       2.301570       2.294080       2.286640       2.279260       2.271950       2.264710       2.257540       2.250440       2.243420       2.236480       2.229610       2.222830       2.216130    
   2.429490       2.421610       2.413720       2.405820       2.397920       2.390020       2.382120       2.374230       2.366360       2.358510       2.350680       2.342880       2.335110       2.327380       2.319690       2.312050       2.304450       2.296910       2.289430       2.282000       2.274640       2.267350       2.260120       2.252960       2.245880       2.238870       2.231940       2.225090       2.218320       2.211630    
   2.424670       2.416790       2.408900       2.401000       2.393100       2.385200       2.377310       2.369430       2.361560       2.353710       2.345890       2.338100       2.330350       2.322630       2.314950       2.307320       2.299740       2.292210       2.284740       2.277320       2.269980       2.262690       2.255480       2.248340       2.241270       2.234280       2.227360       2.220530       2.213770       2.207100    
   2.419820       2.411930       2.404040       2.396140       2.388240       2.380340       2.372450       2.364580       2.356720       2.348880       2.341070       2.333290       2.325540       2.317830       2.310160       2.302540       2.294970       2.287460       2.280000       2.272600       2.265270       2.258000       2.250800       2.243670       2.236620       2.229640       2.222740       2.215920       2.209180       2.202530    
   2.414930       2.407040       2.399140       2.391240       2.383350       2.375450       2.367570       2.359690       2.351840       2.344010       2.336210       2.328430       2.320690       2.313000       2.305340       2.297730       2.290170       2.282670       2.275220       2.267840       2.260520       2.253270       2.246080       2.238970       2.231930       2.224970       2.218080       2.211280       2.204560       2.197920    
   2.410010       2.402120       2.394220       2.386320       2.378420       2.370530       2.362640       2.354780       2.346930       2.339100       2.331310       2.323540       2.315810       2.308120       2.300480       2.292880       2.285330       2.277840       2.270410       2.263040       2.255730       2.248490       2.241320       2.234230       2.227200       2.220260       2.213390       2.206600       2.199900       2.193270    
   2.405070       2.397170       2.389270       2.381360       2.373460       2.365570       2.357690       2.349830       2.341980       2.334160       2.326370       2.318610       2.310890       2.303210       2.295580       2.287990       2.280460       2.272980       2.265560       2.258200       2.250910       2.243680       2.236530       2.229450       2.222440       2.215510       2.208660       2.201890       2.195200       2.188600    
   2.400100       2.392200       2.384290       2.376380       2.368480       2.360590       2.352710       2.344850       2.337010       2.329190       2.321410       2.313660       2.305940       2.298270       2.290650       2.283070       2.275550       2.268080       2.260670       2.253330       2.246050       2.238840       2.231700       2.224630       2.217640       2.210730       2.203900       2.197140       2.190470       2.183890    
   2.400100       2.392200       2.381060       2.371370       2.363470       2.355580       2.347700       2.339840       2.332000       2.324190       2.316410       2.308670       2.300960       2.293300       2.285680       2.278120       2.270610       2.263150       2.255760       2.248420       2.241160       2.233960       2.226840       2.219790       2.212820       2.205920       2.199100       2.192370       2.185720       2.179150    
   2.400100       2.386180       2.371370       2.361670       2.358440       2.350540       2.342670       2.334810       2.326970       2.319170       2.311390       2.303650       2.295950       2.288300       2.280690       2.273140       2.265630       2.258190       2.250810       2.243490       2.236240       2.229060       2.221950       2.214920       2.207960       2.201080       2.194280       2.187560       2.180930       2.174380    
   2.391410       2.371370       2.360590       2.355920       2.353390       2.345490       2.337610       2.329750       2.321920       2.314120       2.306350       2.298610       2.290920       2.283270       2.275670       2.268130       2.260640       2.253200       2.245830       2.238530       2.231290       2.224120       2.217030       2.210010       2.203070       2.196210       2.189430       2.182730       2.176120       2.169590    
   2.371370       2.360000       2.354650       2.353390       2.346430       2.340420       2.332540       2.324680       2.316850       2.309050       2.301280       2.293550       2.285860       2.278220       2.270630       2.263090       2.255610       2.248190       2.240830       2.233540       2.226320       2.219160       2.212090       2.205090       2.198160       2.191320       2.184560       2.177880       2.171280       2.164770    
   2.359700       2.354020       2.353390       2.346750       2.340420       2.333470       2.327440       2.319590       2.311750       2.303960       2.296190       2.288470       2.280780       2.273150       2.265570       2.258040       2.250560       2.243150       2.235810       2.228530       2.221320       2.214180       2.207120       2.200130       2.193230       2.186400       2.179660       2.173000       2.166420       2.159930    
   2.353710       2.353390       2.346850       2.340420       2.333780       2.327440       2.323510       2.319590       2.308540       2.298850       2.291090       2.283360       2.275690       2.268060       2.260480       2.252960       2.245500       2.238100       2.230760       2.223490       2.216300       2.209170       2.202130       2.195160       2.188270       2.181460       2.174740       2.168100       2.161540       2.155070    
   2.353390       2.346890       2.340420       2.333880       2.327440       2.325480       2.323520       2.312620       2.298850       2.294970       2.284930       2.278250       2.270570       2.262950       2.255380       2.247860       2.240410       2.233020       2.225700       2.218440       2.211260       2.204150       2.197120       2.190160       2.183290       2.176500       2.169800       2.163180       2.156640       2.150190    
   2.346900       2.340420       2.333910       2.327440       2.326460       2.325480       2.315120       2.298850       2.296910       2.285510       2.275680       2.273120       2.265450       2.257830       2.250260       2.242750       2.235310       2.227930       2.220610       2.213370       2.206200       2.199110       2.192090       2.185150       2.178300       2.171530       2.164840       2.158240       2.151730       2.145300    
   2.340420       2.333920       2.327440       2.326950       2.326460       2.316480       2.298850       2.297880       2.285760       2.274400       2.273120       2.269280       2.262270       2.252690       2.245130       2.237630       2.230190       2.222820       2.215520       2.208280       2.201130       2.194050       2.187050       2.180130       2.173290       2.166540       2.159870       2.153290       2.146800       2.140390    
   2.333930       2.327440       2.327190       2.326950       2.317180       2.298850       2.298370       2.285870       2.273760       2.273120       2.271200       2.264340       2.252690       2.248910       2.245150       2.237650       2.230210       2.222840       2.209580       2.203190       2.196040       2.188970       2.181990       2.175090       2.168270       2.161530       2.154890       2.148330       2.141860       2.135470    
   2.327440       2.327320       2.327190       2.317540       2.298850       2.298610       2.285930       2.273440       2.273120       2.272160       2.265340       2.252690       2.250800       2.248920       2.243900       2.237670       2.230240       2.212270       2.200630       2.198080       2.190940       2.183890       2.176920       2.170030       2.163230       2.156520       2.149890       2.143350       2.136910       2.130550    
   2.327380       2.327320       2.317730       2.298850       2.298730       2.285960       2.273280       2.273120       2.272640       2.265830       2.252690       2.251750       2.250800       2.247870       2.243500       2.237270       2.215520       2.199360       2.198080       2.191620       2.185840       2.178800       2.171840       2.164970       2.158190       2.151500       2.144890       2.138370       2.131950       2.125610    
   2.327380       2.317820       2.298850       2.298790       2.285970       2.273200       2.273120       2.272880       2.266070       2.252690       2.252220       2.251750       2.250140       2.247390       2.242880       2.215540       2.198720       2.198080       2.185870       2.180730       2.176510       2.173700       2.166760       2.159910       2.153140       2.146470       2.139880       2.133390       2.126980       2.120670    
   2.317860       2.298850       2.298820       2.285980       2.273160       2.273120       2.273000       2.266190       2.252690       2.252450       2.252220       2.251370       2.249760       2.226160       2.203760       2.182700       2.182700       2.179040       2.174760       2.173050       2.175610       2.168600       2.161670       2.154840       2.148090       2.141430       2.134870       2.128400       2.122020       2.115730    
   2.298850       2.298830       2.285980       2.273140       2.273120       2.273060       2.266250       2.252690       2.252570       2.252450       2.252010       2.251120       2.211050       2.164070       2.164230       2.169800       2.166680       2.167320       2.169180       2.170490       2.170490       2.163490       2.156580       2.149760       2.143030       2.136400       2.129850       2.123400       2.117050       2.110780    
   2.298840       2.285980       2.273130       2.273120       2.273090       2.266280       2.252690       2.252630       2.252570       2.252350       2.213580       2.156170       2.161300       2.163910       2.163910       2.164230       2.165590       2.166040       2.167320       2.165860       2.165370       2.158390       2.151490       2.144690       2.137980       2.131360       2.124840       2.118410       2.112080       2.105840    
   2.285980       2.273120       2.273120       2.273100       2.266290       2.252690       2.252660       2.252630       2.252520       2.206170       2.156170       2.156170       2.156170       2.161070       2.163590       2.163590       2.164230       2.164760       2.164760       2.167320       2.160260       2.153290       2.146410       2.139620       2.132930       2.126330       2.119830       2.113430       2.107120       2.100910    
   2.273120       2.273120       2.273110       2.266300       2.252690       2.252680       2.252660       2.224070       2.192700       2.156160       2.156170       2.156170       2.156170       2.156170       2.160600       2.162950       2.162950       2.164230       2.162710       2.162200       2.155150       2.148190       2.141320       2.134550       2.127880       2.121310       2.114830       2.108450       2.102170       2.095980    
   2.273120       2.273120       2.266310       2.252690       2.252680       2.208010       2.141010       2.139740       2.138480       2.150240       2.156130       2.156170       2.156170       2.156170       2.156170       2.159670       2.161680       2.161670       2.164230       2.157090       2.150050       2.143100       2.136250       2.129500       2.122840       2.116290       2.109830       2.103480       2.097220       2.091060    
   2.273120       2.266310       2.252690       2.252690       2.199070       2.141000       2.141000       2.141010       2.139740       2.138480       2.150170       2.156050       2.156170       2.156170       2.156170       2.156170       2.157880       2.159130       2.159120       2.151990       2.144960       2.138020       2.131190       2.124450       2.117820       2.111280       2.104850       2.098520       2.092290       2.086160    
