iMOD/TUTORIALS/TUT_MetaswapAnalyser/model_MetaSWAP/meteo/Evaporation/Evaporation_20060616_L1.ASC
NCOLS                30
NROWS                30
XLLCORNER     160000.00
YLLCORNER     340000.00
CELLSIZE        1000.00
NODATA_VALUE   -9999.00
   3.455530       3.445570       3.435510       3.425350       3.415090       3.404740       3.394280       3.383740       3.373100       3.362370       3.351560       3.340660       3.329680       3.318620       3.307480       3.296260       3.284970       3.273610       3.262180       3.250680       3.239110       3.227480       3.215790       3.204030       3.192220       3.180350       3.168430       3.156450       3.144420       3.132350    
   3.458430       3.448500       3.438460       3.428320       3.418090       3.407760       3.397340       3.386820       3.376220       3.365520       3.354740       3.343880       3.332930       3.321900       3.310800       3.299620       3.288370       3.277040       3.265650       3.254180       3.242650       3.231060       3.219410       3.207690       3.195920       3.184080       3.172200       3.160260       3.148270       3.136230    
   3.461350       3.451440       3.441430       3.431320       3.421110       3.410810       3.400410       3.389930       3.379350       3.368690       3.357940       3.347110       3.336200       3.325210       3.314140       3.302990       3.291770       3.280480       3.269130       3.257700       3.246210       3.234650       3.223030       3.211350       3.199620       3.187820       3.175980       3.164070       3.152120       3.140120    
   3.464300       3.454410       3.444420       3.434330       3.424150       3.413870       3.403510       3.393050       3.382500       3.371870       3.361160       3.350360       3.339480       3.328520       3.317490       3.306380       3.295190       3.283940       3.272620       3.261230       3.249770       3.238250       3.226670       3.215030       3.203330       3.191570       3.179760       3.167890       3.155980       3.144010    
   3.467270       3.457400       3.447430       3.437370       3.427210       3.416960       3.406620       3.396190       3.385670       3.375070       3.364390       3.353620       3.342770       3.331850       3.320850       3.309770       3.298620       3.287410       3.276120       3.264760       3.253340       3.241860       3.230310       3.218710       3.207040       3.195320       3.183550       3.171720       3.159840       3.147910    
   3.470270       3.460420       3.450470       3.440420       3.430290       3.420060       3.409750       3.399350       3.388860       3.378290       3.367640       3.356900       3.346080       3.335190       3.324220       3.313180       3.302070       3.290880       3.279630       3.268310       3.256920       3.245480       3.233970       3.222400       3.210770       3.199080       3.187340       3.175550       3.163710       3.151810    
   3.473290       3.463460       3.453530       3.443500       3.433390       3.423190       3.412900       3.402530       3.392070       3.381530       3.370900       3.360200       3.349410       3.338550       3.327610       3.316610       3.305520       3.294370       3.283150       3.271870       3.260520       3.249100       3.237630       3.226090       3.214500       3.202850       3.191150       3.179390       3.167580       3.155720    
   3.476340       3.466520       3.456610       3.446610       3.436520       3.426340       3.416080       3.405730       3.395290       3.384780       3.374180       3.363510       3.352750       3.341920       3.331020       3.320040       3.308990       3.297880       3.286690       3.275440       3.264120       3.252740       3.241300       3.229800       3.218240       3.206630       3.194960       3.183230       3.171460       3.159640    
   3.479410       3.469610       3.459710       3.449730       3.439660       3.429510       3.419270       3.408940       3.398540       3.388050       3.377480       3.366830       3.356110       3.345310       3.334440       3.323490       3.312480       3.301390       3.290240       3.279020       3.267730       3.256390       3.244980       3.233510       3.221990       3.210410       3.198770       3.187080       3.175350       3.163560    
   3.482500       3.472720       3.462840       3.452880       3.442830       3.432700       3.422480       3.412180       3.401800       3.391340       3.380800       3.370180       3.359480       3.348710       3.337870       3.326960       3.315970       3.304920       3.293800       3.282610       3.271360       3.260050       3.248670       3.237240       3.225750       3.214200       3.202600       3.190940       3.179240       3.167480    
   3.482480       3.472690       3.461120       3.456050       3.446020       3.435910       3.425710       3.415440       3.405080       3.394640       3.384130       3.373540       3.362870       3.352130       3.341320       3.330430       3.319480       3.308460       3.297370       3.286210       3.275000       3.263710       3.252370       3.240970       3.229510       3.218000       3.206430       3.194810       3.183140       3.171420    
   3.482450       3.468080       3.456050       3.450940       3.449230       3.439140       3.428970       3.418710       3.408380       3.397970       3.387480       3.376920       3.366280       3.355570       3.344780       3.333930       3.323000       3.312010       3.300950       3.289830       3.278640       3.267390       3.256080       3.244720       3.233290       3.221810       3.210270       3.198680       3.187040       3.175360    
   3.474680       3.456050       3.452570       3.450850       3.452460       3.442390       3.432240       3.422010       3.411700       3.401310       3.390850       3.380310       3.369700       3.359020       3.348260       3.337430       3.326540       3.315580       3.304550       3.293460       3.282300       3.271080       3.259800       3.248470       3.237070       3.225620       3.214120       3.202560       3.190960       3.179300    
   3.456050       3.453180       3.451650       3.452460       3.446840       3.445660       3.435530       3.425320       3.415040       3.404670       3.394230       3.383720       3.373140       3.362480       3.351750       3.340950       3.330090       3.319160       3.308160       3.297090       3.285970       3.274780       3.263530       3.252230       3.240870       3.229450       3.217980       3.206450       3.194880       3.183250    
   3.453440       3.452060       3.452460       3.448320       3.445660       3.440010       3.438840       3.428650       3.418390       3.408050       3.397640       3.387150       3.376590       3.365960       3.355260       3.344490       3.333650       3.322750       3.311780       3.300740       3.289650       3.278490       3.267280       3.256000       3.244670       3.233280       3.221840       3.210350       3.198800       3.187210    
   3.452260       3.452460       3.448810       3.445660       3.441500       3.438840       3.433740       3.428630       3.416640       3.411450       3.401060       3.390590       3.380060       3.369460       3.358780       3.348040       3.337230       3.326350       3.315410       3.304410       3.293340       3.282210       3.271030       3.259780       3.248480       3.237120       3.225710       3.214250       3.202740       3.191180    
   3.452460       3.448980       3.445660       3.442000       3.438840       3.436290       3.433740       3.422610       3.411450       3.406260       3.398940       3.394060       3.383550       3.372970       3.362320       3.351600       3.340820       3.329970       3.319060       3.308080       3.297040       3.285950       3.274790       3.263570       3.252300       3.240980       3.229600       3.218160       3.206680       3.195150    
   3.449030       3.445660       3.442170       3.438840       3.437570       3.436290       3.426020       3.411450       3.408850       3.401990       3.395790       3.397530       3.387050       3.376490       3.365870       3.355180       3.344420       3.333600       3.322720       3.311770       3.300760       3.289690       3.278560       3.267370       3.256130       3.244840       3.233480       3.222080       3.210630       3.199130    
   3.445660       3.442220       3.438840       3.438200       3.437570       3.427830       3.411450       3.410150       3.403300       3.396660       3.397530       3.392290       3.385270       3.380030       3.369440       3.358770       3.348040       3.337250       3.326390       3.315470       3.304480       3.293440       3.282340       3.271190       3.259970       3.248700       3.237380       3.226010       3.214580       3.203110    
   3.442240       3.438840       3.438520       3.438200       3.428760       3.411450       3.410800       3.403900       3.397100       3.397530       3.394910       3.388780       3.380030       3.374730       3.369410       3.358750       3.348020       3.337230       3.324240       3.319180       3.308220       3.297210       3.286140       3.275010       3.263820       3.252580       3.241290       3.229940       3.218550       3.207100    
   3.438840       3.438680       3.438520       3.429230       3.411450       3.411130       3.404200       3.397310       3.397530       3.396220       3.390310       3.380030       3.377380       3.374730       3.367630       3.358730       3.348000       3.330680       3.321040       3.322900       3.311970       3.300980       3.289940       3.278840       3.267680       3.256470       3.245200       3.233880       3.222520       3.211100    
   3.438760       3.438680       3.429470       3.411450       3.411290       3.404350       3.397420       3.397530       3.396880       3.391020       3.380030       3.378710       3.377380       3.373250       3.367030       3.358120       3.336460       3.321970       3.322900       3.316870       3.315730       3.304770       3.293750       3.282680       3.271550       3.260360       3.249120       3.237830       3.226490       3.215100    
   3.438760       3.429590       3.411450       3.411370       3.404420       3.397480       3.397530       3.397200       3.391360       3.380030       3.379370       3.378710       3.376440       3.372550       3.366130       3.343650       3.322430       3.322900       3.321110       3.319510       3.312940       3.308570       3.297570       3.286530       3.275420       3.264260       3.253050       3.241790       3.230480       3.219120    
   3.429650       3.411450       3.411410       3.404450       3.397500       3.397530       3.397370       3.391530       3.380030       3.379700       3.379370       3.378170       3.375900       3.369720       3.354880       3.334190       3.334190       3.329290       3.323920       3.325180       3.323280       3.312370       3.301410       3.290380       3.279310       3.268170       3.256990       3.245750       3.234470       3.223130    
   3.411450       3.411430       3.404470       3.397520       3.397530       3.397450       3.391610       3.380030       3.379860       3.379700       3.379080       3.377810       3.370330       3.363880       3.363760       3.348970       3.345950       3.345470       3.333070       3.327080       3.327080       3.316190       3.305250       3.294250       3.283200       3.272090       3.260930       3.249720       3.238460       3.227160    
   3.411440       3.404480       3.397520       3.397530       3.397490       3.391660       3.380030       3.379950       3.379860       3.379550       3.381610       3.385740       3.371260       3.364000       3.364000       3.363760       3.352010       3.346420       3.345470       3.334530       3.330880       3.320020       3.309100       3.298130       3.287100       3.276020       3.264890       3.253700       3.242470       3.231190    
   3.404490       3.397530       3.397530       3.397510       3.391680       3.380030       3.379990       3.379950       3.379790       3.382500       3.385740       3.385740       3.385740       3.371440       3.364240       3.364230       3.363760       3.352380       3.347370       3.345470       3.334700       3.323860       3.312970       3.302020       3.291010       3.279960       3.268850       3.257690       3.246480       3.235220    
   3.397530       3.397530       3.397520       3.391690       3.380030       3.380010       3.379990       3.388750       3.389810       3.385750       3.385740       3.385740       3.385740       3.385740       3.371770       3.364710       3.364710       3.363760       3.352900       3.349280       3.338520       3.327710       3.316840       3.305910       3.294930       3.283900       3.272820       3.261680       3.250500       3.239260    
   3.397530       3.397520       3.391690       3.380030       3.380020       3.399780       3.429420       3.422340       3.415270       3.395610       3.385770       3.385740       3.385740       3.385740       3.385740       3.372400       3.365660       3.365660       3.363760       3.353090       3.342350       3.331560       3.320720       3.309820       3.298860       3.287850       3.276790       3.265680       3.254520       3.243310    
   3.397530       3.391690       3.380030       3.380020       3.403740       3.429430       3.429430       3.429420       3.422340       3.415270       3.395670       3.385830       3.385740       3.385740       3.385740       3.385740       3.373480       3.367560       3.367560       3.356910       3.346200       3.335430       3.324610       3.313730       3.302800       3.291810       3.280770       3.269680       3.258550       3.247360    
