iMOD/TUTORIALS/TUT_MetaswapAnalyser/model_MetaSWAP/meteo/Evaporation/Evaporation_20050730_L1.ASC
NCOLS                30
NROWS                30
XLLCORNER     160000.00
YLLCORNER     340000.00
CELLSIZE        1000.00
NODATA_VALUE   -9999.00
   3.278090       3.274590       3.271000       3.267340       3.263590       3.259750       3.255820       3.251800       3.247690       3.243480       3.239170       3.234760       3.230260       3.225640       3.220930       3.216110       3.211190       3.206170       3.201040       3.195800       3.190470       3.185020       3.179480       3.173840       3.168100       3.162260       3.156320       3.150290       3.144170       3.137960    
   3.279290       3.275740       3.272110       3.268400       3.264620       3.260750       3.256790       3.252740       3.248600       3.244370       3.240040       3.235610       3.231090       3.226460       3.221740       3.216920       3.211990       3.206960       3.201830       3.196600       3.191270       3.185840       3.180310       3.174680       3.168950       3.163130       3.157220       3.151210       3.145120       3.138930    
   3.280490       3.276890       3.273220       3.269470       3.265650       3.261740       3.257750       3.253670       3.249500       3.245250       3.240900       3.236450       3.231910       3.227280       3.222540       3.217710       3.212780       3.207750       3.202620       3.197390       3.192070       3.186640       3.181120       3.175510       3.169790       3.163990       3.158100       3.152110       3.146040       3.139880    
   3.281680       3.278040       3.274320       3.270540       3.266670       3.262730       3.258710       3.254600       3.250410       3.246120       3.241750       3.237290       3.232730       3.228080       3.223340       3.218500       3.213560       3.208530       3.203400       3.198170       3.192850       3.187430       3.181920       3.176320       3.170620       3.164830       3.158960       3.152990       3.146940       3.140810    
   3.282880       3.279190       3.275430       3.271600       3.267700       3.263720       3.259670       3.255530       3.251310       3.247000       3.242610       3.238120       3.233550       3.228880       3.224130       3.219280       3.214330       3.209300       3.204160       3.198940       3.193620       3.188210       3.182710       3.177120       3.171430       3.165660       3.159800       3.153860       3.147830       3.141720    
   3.284090       3.280350       3.276540       3.272670       3.268730       3.264720       3.260630       3.256460       3.252210       3.247880       3.243460       3.238950       3.234360       3.229680       3.224910       3.220050       3.215100       3.210060       3.204930       3.199700       3.194390       3.188990       3.183490       3.177910       3.172240       3.166480       3.160640       3.154710       3.148700       3.142610    
   3.285290       3.281510       3.277660       3.273750       3.269770       3.265710       3.261590       3.257390       3.253110       3.248750       3.244310       3.239780       3.235180       3.230480       3.225700       3.220830       3.215870       3.210820       3.205690       3.200460       3.195150       3.189750       3.184260       3.178690       3.173030       3.167290       3.161460       3.155550       3.149560       3.143490    
   3.286500       3.282670       3.278780       3.274820       3.270800       3.266710       3.262560       3.258320       3.254010       3.249630       3.245160       3.240620       3.235990       3.231280       3.226480       3.221600       3.216630       3.211580       3.206440       3.201220       3.195910       3.190510       3.185030       3.179460       3.173820       3.168080       3.162270       3.156380       3.150410       3.144360    
   3.287720       3.283840       3.279900       3.275900       3.271840       3.267720       3.263520       3.259260       3.254920       3.250510       3.246020       3.241450       3.236800       3.232080       3.227260       3.222370       3.217400       3.212340       3.207190       3.201970       3.196660       3.191270       3.185790       3.180230       3.174590       3.168870       3.163080       3.157200       3.151240       3.145220    
   3.288940       3.285010       3.281030       3.276990       3.272890       3.268730       3.264500       3.260200       3.255830       3.251390       3.246880       3.242290       3.237620       3.232880       3.228050       3.223150       3.218160       3.213090       3.207950       3.202720       3.197410       3.192020       3.186550       3.181000       3.175370       3.169660       3.163870       3.158010       3.152070       3.146060    
   3.288920       3.284990       3.280280       3.278090       3.273950       3.269750       3.265480       3.261150       3.256750       3.252280       3.247740       3.243130       3.238440       3.233680       3.228840       3.223920       3.218930       3.213850       3.208700       3.203470       3.198160       3.192770       3.187300       3.181750       3.176130       3.170430       3.164660       3.158810       3.152890       3.146900    
   3.288910       3.283070       3.278090       3.275780       3.275010       3.270770       3.266470       3.262110       3.257680       3.253180       3.248620       3.243980       3.239270       3.234490       3.229630       3.224700       3.219690       3.214610       3.209450       3.204220       3.198900       3.193520       3.188050       3.182510       3.176900       3.171210       3.165450       3.159610       3.153700       3.147730    
   3.285720       3.278090       3.276370       3.275550       3.276080       3.271800       3.267470       3.263070       3.258610       3.254080       3.249490       3.244830       3.240100       3.235300       3.230430       3.225480       3.220470       3.215370       3.210210       3.204970       3.199650       3.194270       3.188800       3.183270       3.177660       3.171980       3.166230       3.160410       3.154510       3.148550    
   3.278090       3.276590       3.275810       3.276080       3.273570       3.272840       3.268470       3.264040       3.259550       3.255000       3.250380       3.245690       3.240940       3.236120       3.231230       3.226270       3.221240       3.216140       3.210970       3.205720       3.200410       3.195020       3.189560       3.184020       3.178420       3.172750       3.167010       3.161200       3.155320       3.149370    
   3.276680       3.275950       3.276080       3.274160       3.272840       3.270270       3.269490       3.265020       3.260500       3.255920       3.251270       3.246560       3.241790       3.236950       3.232040       3.227070       3.222020       3.216910       3.211730       3.206480       3.201160       3.195770       3.190310       3.184780       3.179180       3.173520       3.167780       3.161980       3.156120       3.150190    
   3.276010       3.276080       3.274360       3.272840       3.270870       3.269490       3.267250       3.265000       3.259570       3.256840       3.252170       3.247440       3.242640       3.237780       3.232860       3.227870       3.222810       3.217690       3.212500       3.207240       3.201920       3.196530       3.191070       3.185540       3.179950       3.174290       3.168560       3.162770       3.156920       3.151000    
   3.276080       3.274430       3.272840       3.271070       3.269490       3.268370       3.267250       3.262170       3.256840       3.254510       3.250800       3.248330       3.243510       3.238630       3.233680       3.228680       3.223610       3.218470       3.213280       3.208010       3.202680       3.197290       3.191830       3.186300       3.180710       3.175060       3.169340       3.163560       3.157720       3.151810    
   3.274450       3.272840       3.271130       3.269490       3.268930       3.268370       3.263660       3.256840       3.255670       3.252030       3.248780       3.249220       3.244380       3.239480       3.234520       3.229500       3.224410       3.219270       3.214060       3.208780       3.203450       3.198050       3.192590       3.187070       3.181480       3.175830       3.170120       3.164350       3.158510       3.152620    
   3.272840       3.271150       3.269490       3.269210       3.268930       3.264450       3.256840       3.256260       3.252550       3.249000       3.249220       3.246800       3.243360       3.240340       3.235360       3.230320       3.225220       3.220060       3.214850       3.209570       3.204230       3.198820       3.193360       3.187840       3.182250       3.176610       3.170900       3.165140       3.159310       3.153430    
   3.271160       3.269490       3.269350       3.269210       3.264860       3.256840       3.256550       3.252800       3.249110       3.249220       3.248010       3.244930       3.240340       3.237850       3.235340       3.230300       3.225200       3.220040       3.213200       3.210360       3.205010       3.199600       3.194140       3.188610       3.183030       3.177390       3.171690       3.165930       3.160120       3.154240    
   3.269490       3.269420       3.269350       3.265060       3.256840       3.256690       3.252910       3.249160       3.249220       3.248610       3.245620       3.240340       3.239090       3.237840       3.234500       3.230280       3.225180       3.216070       3.210750       3.211150       3.205800       3.200390       3.194920       3.189400       3.183810       3.178180       3.172480       3.166730       3.160920       3.155060    
   3.269450       3.269420       3.265170       3.256840       3.256770       3.252970       3.249190       3.249220       3.248920       3.245950       3.240340       3.239720       3.239090       3.237140       3.234210       3.229990       3.218730       3.210950       3.211150       3.207850       3.206600       3.201180       3.195710       3.190180       3.184600       3.178970       3.173280       3.167530       3.161730       3.155880    
   3.269450       3.265220       3.256840       3.256800       3.253000       3.249210       3.249220       3.249070       3.246110       3.240340       3.240030       3.239720       3.238650       3.236810       3.233780       3.221520       3.211050       3.211150       3.208770       3.207420       3.204160       3.201980       3.196510       3.190980       3.185400       3.179770       3.174080       3.168340       3.162550       3.156700    
   3.265250       3.256840       3.256820       3.253020       3.249210       3.249220       3.249140       3.246180       3.240340       3.240180       3.240030       3.239470       3.238390       3.233140       3.224510       3.213660       3.213650       3.211160       3.208370       3.208640       3.208230       3.202800       3.197320       3.191790       3.186210       3.180570       3.174890       3.169160       3.163370       3.157530    
   3.256840       3.256830       3.253020       3.249220       3.249220       3.249180       3.246220       3.240340       3.240260       3.240180       3.239890       3.239300       3.231540       3.223340       3.223310       3.217970       3.216270       3.216160       3.211330       3.209060       3.209060       3.203620       3.198140       3.192600       3.187020       3.181390       3.175710       3.169980       3.164200       3.158370    
   3.256840       3.253030       3.249220       3.249220       3.249200       3.246240       3.240340       3.240300       3.240260       3.240110       3.236470       3.231500       3.226080       3.223370       3.223370       3.223310       3.218630       3.216380       3.216160       3.211470       3.209900       3.204460       3.198960       3.193430       3.187840       3.182210       3.176530       3.170810       3.165030       3.159210    
   3.253030       3.249220       3.249220       3.249210       3.246250       3.240340       3.240320       3.240300       3.240230       3.235970       3.231500       3.231500       3.231500       3.226120       3.223430       3.223420       3.223310       3.218670       3.216600       3.216160       3.210750       3.205300       3.199800       3.194260       3.188680       3.183050       3.177370       3.171650       3.165880       3.160060    
   3.249220       3.249220       3.249220       3.246260       3.240340       3.240330       3.240320       3.240720       3.237510       3.231500       3.231500       3.231500       3.231500       3.231500       3.226200       3.223540       3.223540       3.223310       3.218610       3.217030       3.211620       3.206160       3.200660       3.195110       3.189520       3.183890       3.178220       3.172500       3.166730       3.160920    
   3.249220       3.249220       3.246260       3.240340       3.240330       3.243630       3.248580       3.245310       3.242040       3.235020       3.231510       3.231500       3.231500       3.231500       3.231500       3.226340       3.223770       3.223770       3.223310       3.217920       3.212500       3.207030       3.201520       3.195970       3.190380       3.184750       3.179070       3.173360       3.167600       3.161790    
   3.249220       3.246260       3.240340       3.240340       3.244290       3.248580       3.248580       3.248580       3.245310       3.242040       3.235040       3.231520       3.231500       3.231500       3.231500       3.231500       3.226560       3.224230       3.224230       3.218830       3.213390       3.207910       3.202400       3.196850       3.191250       3.185620       3.179940       3.174230       3.168470       3.162670    
