iMOD/TUTORIALS/TUT_MetaswapAnalyser/model_MetaSWAP/meteo/Evaporation/Evaporation_20051025_L1.ASC
NCOLS                30
NROWS                30
XLLCORNER     160000.00
YLLCORNER     340000.00
CELLSIZE        1000.00
NODATA_VALUE   -9999.00
  0.3327300      0.3317500      0.3307600      0.3297700      0.3287700      0.3277700      0.3267600      0.3257500      0.3247300      0.3237100      0.3226900      0.3216600      0.3206200      0.3195900      0.3185400      0.3175000      0.3164400      0.3153900      0.3143300      0.3132600      0.3122000      0.3111200      0.3100500      0.3089600      0.3078800      0.3067900      0.3056900      0.3046000      0.3034900      0.3023900    
  0.3335300      0.3325500      0.3315700      0.3305800      0.3295800      0.3285800      0.3275800      0.3265700      0.3255500      0.3245300      0.3235100      0.3224800      0.3214500      0.3204100      0.3193600      0.3183200      0.3172700      0.3162100      0.3151500      0.3140800      0.3130200      0.3119400      0.3108600      0.3097800      0.3086900      0.3076000      0.3065000      0.3054000      0.3043000      0.3031900    
  0.3343400      0.3333600      0.3323700      0.3313900      0.3303900      0.3293900      0.3283900      0.3273800      0.3263700      0.3253500      0.3243300      0.3233000      0.3222700      0.3212300      0.3201900      0.3191400      0.3180900      0.3170300      0.3159700      0.3149100      0.3138400      0.3127600      0.3116800      0.3106000      0.3095100      0.3084100      0.3073200      0.3062100      0.3051100      0.3039900    
  0.3351400      0.3341600      0.3331800      0.3322000      0.3312000      0.3302100      0.3292000      0.3282000      0.3271900      0.3261700      0.3251500      0.3241200      0.3230900      0.3220500      0.3210100      0.3199600      0.3189100      0.3178600      0.3167900      0.3157300      0.3146600      0.3135800      0.3125000      0.3114100      0.3103200      0.3092300      0.3081300      0.3070200      0.3059100      0.3048000    
  0.3359400      0.3349700      0.3339900      0.3330000      0.3320100      0.3310200      0.3300200      0.3290100      0.3280000      0.3269900      0.3259700      0.3249400      0.3239100      0.3228700      0.3218300      0.3207900      0.3197300      0.3186800      0.3176200      0.3165500      0.3154800      0.3144000      0.3133200      0.3122300      0.3111400      0.3100400      0.3089400      0.3078300      0.3067200      0.3056000    
  0.3367500      0.3357700      0.3348000      0.3338100      0.3328300      0.3318300      0.3308300      0.3298300      0.3288200      0.3278100      0.3267900      0.3257600      0.3247300      0.3237000      0.3226500      0.3216100      0.3205600      0.3195000      0.3184400      0.3173700      0.3163000      0.3152200      0.3141400      0.3130500      0.3119600      0.3108600      0.3097500      0.3086400      0.3075300      0.3064100    
  0.3375500      0.3365800      0.3356000      0.3346200      0.3336400      0.3326400      0.3316500      0.3306400      0.3296400      0.3286200      0.3276100      0.3265800      0.3255500      0.3245200      0.3234800      0.3224300      0.3213800      0.3203200      0.3192600      0.3181900      0.3171200      0.3160400      0.3149600      0.3138700      0.3127700      0.3116700      0.3105600      0.3094500      0.3083400      0.3072100    
  0.3383500      0.3373800      0.3364100      0.3354300      0.3344400      0.3334500      0.3324600      0.3314600      0.3304500      0.3294400      0.3284200      0.3274000      0.3263700      0.3253400      0.3243000      0.3232500      0.3222000      0.3211500      0.3200800      0.3190100      0.3179400      0.3168600      0.3157800      0.3146800      0.3135900      0.3124800      0.3113800      0.3102600      0.3091400      0.3080200    
  0.3391500      0.3381900      0.3372100      0.3362400      0.3352500      0.3342600      0.3332700      0.3322700      0.3312700      0.3302600      0.3292400      0.3282200      0.3271900      0.3261600      0.3251200      0.3240700      0.3230200      0.3219700      0.3209000      0.3198400      0.3187600      0.3176800      0.3165900      0.3155000      0.3144000      0.3133000      0.3121900      0.3110700      0.3099500      0.3088200    
  0.3399500      0.3389900      0.3380200      0.3370400      0.3360600      0.3350700      0.3340800      0.3330800      0.3320800      0.3310700      0.3300600      0.3290400      0.3280100      0.3269800      0.3259400      0.3249000      0.3238400      0.3227900      0.3217300      0.3206600      0.3195800      0.3185000      0.3174100      0.3163200      0.3152200      0.3141100      0.3130000      0.3118800      0.3107600      0.3096300    
  0.3399500      0.3389870      0.3379750      0.3378500      0.3368700      0.3358800      0.3348900      0.3339000      0.3328900      0.3318900      0.3308700      0.3298500      0.3288300      0.3278000      0.3267600      0.3257200      0.3246600      0.3236100      0.3225400      0.3214800      0.3204000      0.3193200      0.3182300      0.3171300      0.3160300      0.3149200      0.3138100      0.3126900      0.3115700      0.3104300    
  0.3399490      0.3386900      0.3378500      0.3377150      0.3376700      0.3366900      0.3357000      0.3347100      0.3337100      0.3327000      0.3316900      0.3306700      0.3296500      0.3286100      0.3275800      0.3265300      0.3254800      0.3244300      0.3233600      0.3222900      0.3212200      0.3201300      0.3190400      0.3179500      0.3168500      0.3157400      0.3146200      0.3135000      0.3123700      0.3112400    
  0.3393500      0.3378500      0.3380260      0.3380700      0.3384700      0.3374900      0.3365100      0.3355100      0.3345200      0.3335100      0.3325000      0.3314800      0.3304600      0.3294300      0.3283900      0.3273500      0.3263000      0.3252400      0.3241800      0.3231100      0.3220300      0.3209500      0.3198600      0.3187600      0.3176600      0.3165500      0.3154300      0.3143100      0.3131700      0.3120400    
  0.3378500      0.3381540      0.3382700      0.3384700      0.3380870      0.3383000      0.3373100      0.3363200      0.3353200      0.3343200      0.3333100      0.3323000      0.3312700      0.3302400      0.3292100      0.3281700      0.3271200      0.3260600      0.3250000      0.3239300      0.3228500      0.3217600      0.3206700      0.3195700      0.3184700      0.3173600      0.3162400      0.3151100      0.3139800      0.3128400    
  0.3382110      0.3383700      0.3384700      0.3382860      0.3383000      0.3379070      0.3381100      0.3371300      0.3361300      0.3351300      0.3341200      0.3331100      0.3320900      0.3310600      0.3300200      0.3289800      0.3279300      0.3268800      0.3258100      0.3247400      0.3236600      0.3225800      0.3214900      0.3203900      0.3192800      0.3181600      0.3170400      0.3159100      0.3147800      0.3136400    
  0.3384200      0.3384700      0.3383520      0.3383000      0.3381060      0.3381100      0.3376200      0.3371230      0.3360800      0.3359300      0.3349300      0.3339200      0.3329000      0.3318700      0.3308300      0.3297900      0.3287400      0.3276900      0.3266200      0.3255500      0.3244800      0.3233900      0.3223000      0.3211900      0.3200900      0.3189700      0.3178500      0.3167200      0.3155800      0.3144300    
  0.3384700      0.3383740      0.3383000      0.3381720      0.3381100      0.3378650      0.3376180      0.3366880      0.3359300      0.3354300      0.3350060      0.3347200      0.3337000      0.3326800      0.3316400      0.3306000      0.3295500      0.3285000      0.3274400      0.3263600      0.3252900      0.3242000      0.3231000      0.3220000      0.3208900      0.3197700      0.3186500      0.3175200      0.3163800      0.3152300    
  0.3383810      0.3383000      0.3381940      0.3381100      0.3379870      0.3378640      0.3370250      0.3359300      0.3356800      0.3354040      0.3351250      0.3355300      0.3345100      0.3334800      0.3324500      0.3314100      0.3303600      0.3293100      0.3282400      0.3271700      0.3260900      0.3250100      0.3239100      0.3228100      0.3217000      0.3205800      0.3194500      0.3183100      0.3171700      0.3160200    
  0.3383000      0.3382010      0.3381100      0.3380490      0.3379870      0.3372020      0.3359300      0.3358050      0.3355740      0.3353280      0.3355300      0.3350200      0.3344530      0.3342900      0.3332500      0.3322200      0.3311700      0.3301100      0.3290500      0.3279800      0.3269000      0.3258100      0.3247100      0.3236100      0.3225000      0.3213800      0.3202500      0.3191100      0.3179700      0.3168100    
  0.3382040      0.3381100      0.3380790      0.3380490      0.3372920      0.3359300      0.3358670      0.3356540      0.3354290      0.3355300      0.3352750      0.3348230      0.3342900      0.3337700      0.3332530      0.3322130      0.3311670      0.3301100      0.3291000      0.3287800      0.3277000      0.3266100      0.3255200      0.3244100      0.3233000      0.3221700      0.3210400      0.3199000      0.3187600      0.3176000    
  0.3381100      0.3380950      0.3380790      0.3373370      0.3359300      0.3358990      0.3356920      0.3354790      0.3355300      0.3354020      0.3349800      0.3342900      0.3340300      0.3337710      0.3330790      0.3322110      0.3311630      0.3298270      0.3291800      0.3295800      0.3285000      0.3274100      0.3263100      0.3252100      0.3240900      0.3229700      0.3218300      0.3206900      0.3195400      0.3183900    
  0.3381020      0.3380950      0.3373600      0.3359300      0.3359140      0.3357110      0.3355050      0.3355300      0.3354660      0.3350510      0.3342900      0.3341600      0.3340300      0.3336270      0.3330200      0.3321510      0.3304320      0.3293800      0.3295800      0.3291270      0.3293000      0.3282100      0.3271100      0.3260000      0.3248800      0.3237600      0.3226200      0.3214800      0.3203300      0.3191700    
  0.3381020      0.3373720      0.3359300      0.3359220      0.3357210      0.3355170      0.3355300      0.3354980      0.3350840      0.3342900      0.3342250      0.3341600      0.3339390      0.3335590      0.3329330      0.3314060      0.3294800      0.3295800      0.3300180      0.3300900      0.3294360      0.3290000      0.3279000      0.3267900      0.3256700      0.3245500      0.3234100      0.3222600      0.3211100      0.3199500    
  0.3373780      0.3359300      0.3359260      0.3357250      0.3355240      0.3355300      0.3355140      0.3351010      0.3342900      0.3342570      0.3342250      0.3341080      0.3338860      0.3343400      0.3335690      0.3319440      0.3319450      0.3314920      0.3310110      0.3312750      0.3308800      0.3297900      0.3286900      0.3275800      0.3264600      0.3253300      0.3241900      0.3230400      0.3218900      0.3207200    
  0.3359300      0.3359280      0.3357280      0.3355270      0.3355300      0.3355220      0.3351090      0.3342900      0.3342740      0.3342580      0.3341970      0.3340730      0.3352530      0.3369540      0.3369300      0.3346400      0.3344080      0.3343100      0.3325420      0.3316670      0.3316700      0.3305800      0.3294800      0.3283600      0.3272400      0.3261100      0.3249700      0.3238200      0.3226600      0.3214900    
  0.3359290      0.3357290      0.3355280      0.3355300      0.3355260      0.3351130      0.3342900      0.3342820      0.3342740      0.3342430      0.3366090      0.3402600      0.3380750      0.3369770      0.3369770      0.3369300      0.3352790      0.3345050      0.3343100      0.3329150      0.3324500      0.3313600      0.3302600      0.3291400      0.3280200      0.3268900      0.3257400      0.3245900      0.3234300      0.3222600    
  0.3357290      0.3355290      0.3355300      0.3355280      0.3351150      0.3342900      0.3342860      0.3342820      0.3342660      0.3371290      0.3402600      0.3402600      0.3402600      0.3381100      0.3370250      0.3370250      0.3369300      0.3353710      0.3347000      0.3343100      0.3332300      0.3321400      0.3310300      0.3299200      0.3287900      0.3276600      0.3265100      0.3253600      0.3242000      0.3230200    
  0.3355300      0.3355300      0.3355290      0.3351160      0.3342900      0.3342880      0.3342860      0.3369460      0.3387860      0.3402620      0.3402600      0.3402600      0.3402600      0.3402600      0.3381780      0.3371200      0.3371200      0.3369300      0.3355450      0.3350900      0.3340000      0.3329100      0.3318100      0.3306900      0.3295600      0.3284300      0.3272800      0.3261200      0.3249600      0.3237800    
  0.3355300      0.3355300      0.3351160      0.3342900      0.3342890      0.3392450      0.3466800      0.3458150      0.3449500      0.3418290      0.3402660      0.3402600      0.3402600      0.3402600      0.3402600      0.3383070      0.3373100      0.3373100      0.3369300      0.3358500      0.3347700      0.3336800      0.3325700      0.3314600      0.3303300      0.3291900      0.3280400      0.3268800      0.3257100      0.3245300    
  0.3355300      0.3351160      0.3342900      0.3342890      0.3402380      0.3466810      0.3466810      0.3466800      0.3458150      0.3449500      0.3418390      0.3402780      0.3402600      0.3402600      0.3402600      0.3402600      0.3385400      0.3376900      0.3376900      0.3366200      0.3355300      0.3344400      0.3333300      0.3322200      0.3310900      0.3299500      0.3288000      0.3276300      0.3264600      0.3252800    
