iMOD/TUTORIALS/TUT_MetaswapAnalyser/model_MetaSWAP/meteo/Evaporation/Evaporation_20060701_L1.ASC
NCOLS                30
NROWS                30
XLLCORNER     160000.00
YLLCORNER     340000.00
CELLSIZE        1000.00
NODATA_VALUE   -9999.00
   5.511630       5.512650       5.513660       5.514650       5.515630       5.516610       5.517580       5.518550       5.519500       5.520460       5.521410       5.522360       5.523310       5.524260       5.525200       5.526150       5.527100       5.528050       5.529000       5.529950       5.530900       5.531860       5.532820       5.533780       5.534750       5.535710       5.536680       5.537650       5.538630       5.539600    
   5.511470       5.512480       5.513490       5.514480       5.515460       5.516430       5.517400       5.518360       5.519320       5.520270       5.521220       5.522170       5.523110       5.524060       5.525000       5.525950       5.526890       5.527840       5.528780       5.529740       5.530690       5.531640       5.532600       5.533560       5.534520       5.535480       5.536450       5.537420       5.538390       5.539360    
   5.511300       5.512310       5.513310       5.514290       5.515270       5.516240       5.517210       5.518170       5.519120       5.520070       5.521020       5.521960       5.522910       5.523850       5.524790       5.525730       5.526680       5.527620       5.528560       5.529510       5.530460       5.531410       5.532370       5.533320       5.534280       5.535240       5.536210       5.537170       5.538140       5.539110    
   5.511120       5.512120       5.513120       5.514100       5.515080       5.516050       5.517010       5.517970       5.518920       5.519860       5.520810       5.521750       5.522690       5.523630       5.524570       5.525510       5.526450       5.527390       5.528330       5.529280       5.530230       5.531170       5.532130       5.533080       5.534040       5.535000       5.535960       5.536920       5.537890       5.538860    
   5.510930       5.511930       5.512920       5.513900       5.514870       5.515840       5.516800       5.517750       5.518700       5.519650       5.520590       5.521530       5.522470       5.523400       5.524340       5.525280       5.526220       5.527160       5.528100       5.529040       5.529980       5.530930       5.531880       5.532830       5.533790       5.534740       5.535700       5.536670       5.537630       5.538600    
   5.510740       5.511730       5.512720       5.513690       5.514660       5.515620       5.516580       5.517530       5.518480       5.519420       5.520360       5.521300       5.522230       5.523170       5.524100       5.525040       5.525980       5.526910       5.527850       5.528790       5.529730       5.530680       5.531630       5.532580       5.533530       5.534480       5.535440       5.536400       5.537370       5.538340    
   5.510540       5.511530       5.512510       5.513480       5.514440       5.515400       5.516360       5.517300       5.518250       5.519190       5.520120       5.521060       5.521990       5.522930       5.523860       5.524790       5.525730       5.526660       5.527600       5.528540       5.529480       5.530420       5.531370       5.532310       5.533260       5.534220       5.535180       5.536140       5.537100       5.538070    
   5.510330       5.511310       5.512290       5.513260       5.514220       5.515170       5.516120       5.517070       5.518010       5.518950       5.519880       5.520810       5.521750       5.522680       5.523610       5.524540       5.525470       5.526400       5.527340       5.528270       5.529210       5.530160       5.531100       5.532050       5.533000       5.533950       5.534900       5.535860       5.536830       5.537790    
   5.510110       5.511090       5.512060       5.513030       5.513980       5.514940       5.515880       5.516820       5.517760       5.518700       5.519630       5.520560       5.521490       5.522420       5.523350       5.524280       5.525210       5.526140       5.527070       5.528010       5.528940       5.529880       5.530830       5.531770       5.532720       5.533670       5.534630       5.535590       5.536550       5.537510    
   5.509890       5.510870       5.511830       5.512790       5.513750       5.514700       5.515640       5.516580       5.517510       5.518440       5.519370       5.520300       5.521230       5.522160       5.523080       5.524010       5.524940       5.525870       5.526800       5.527730       5.528670       5.529610       5.530550       5.531490       5.532440       5.533390       5.534350       5.535300       5.536270       5.537230    
   5.509890       5.510860       5.512010       5.512550       5.513500       5.514450       5.515390       5.516320       5.517260       5.518180       5.519110       5.520040       5.520960       5.521890       5.522810       5.523740       5.524660       5.525590       5.526520       5.527450       5.528390       5.529320       5.530260       5.531210       5.532160       5.533110       5.534060       5.535020       5.535980       5.536940    
   5.509890       5.511330       5.512550       5.513080       5.513260       5.514200       5.515130       5.516060       5.516990       5.517920       5.518840       5.519770       5.520690       5.521610       5.522530       5.523460       5.524380       5.525310       5.526240       5.527170       5.528100       5.529040       5.529980       5.530920       5.531870       5.532820       5.533770       5.534730       5.535690       5.536650    
   5.510670       5.512550       5.512940       5.513130       5.513000       5.513940       5.514870       5.515800       5.516730       5.517650       5.518570       5.519490       5.520410       5.521330       5.522250       5.523170       5.524100       5.525020       5.525950       5.526880       5.527810       5.528740       5.529680       5.530630       5.531570       5.532520       5.533480       5.534430       5.535400       5.536360    
   5.512550       5.512890       5.513070       5.513000       5.513540       5.513680       5.514610       5.515530       5.516460       5.517380       5.518300       5.519210       5.520130       5.521050       5.521970       5.522890       5.523810       5.524730       5.525660       5.526580       5.527510       5.528450       5.529390       5.530330       5.531280       5.532230       5.533180       5.534140       5.535100       5.536060    
   5.512870       5.513030       5.513000       5.513410       5.513680       5.514210       5.514340       5.515260       5.516180       5.517100       5.518010       5.518930       5.519840       5.520760       5.521680       5.522590       5.523510       5.524430       5.525360       5.526290       5.527220       5.528150       5.529090       5.530030       5.530980       5.531920       5.532880       5.533840       5.534800       5.535760    
   5.513020       5.513000       5.513360       5.513680       5.514080       5.514340       5.514800       5.515260       5.516340       5.516820       5.517730       5.518640       5.519560       5.520470       5.521380       5.522300       5.523220       5.524140       5.525060       5.525980       5.526910       5.527850       5.528780       5.529730       5.530670       5.531620       5.532580       5.533530       5.534500       5.535460    
   5.513000       5.513350       5.513680       5.514030       5.514340       5.514570       5.514800       5.515810       5.516820       5.517270       5.517920       5.518350       5.519260       5.520170       5.521090       5.522000       5.522920       5.523830       5.524760       5.525680       5.526610       5.527540       5.528480       5.529420       5.530370       5.531320       5.532270       5.533230       5.534190       5.535160    
   5.513340       5.513680       5.514020       5.514340       5.514450       5.514570       5.515500       5.516820       5.517050       5.517660       5.518210       5.518060       5.518970       5.519880       5.520790       5.521700       5.522610       5.523530       5.524450       5.525370       5.526300       5.527230       5.528170       5.529110       5.530060       5.531010       5.531960       5.532920       5.533890       5.534860    
   5.513680       5.514010       5.514340       5.514400       5.514450       5.515340       5.516820       5.516930       5.517540       5.518130       5.518060       5.518520       5.519120       5.519580       5.520490       5.521400       5.522310       5.523220       5.524140       5.525070       5.525990       5.526920       5.527860       5.528800       5.529750       5.530700       5.531660       5.532620       5.533580       5.534550    
   5.514010       5.514340       5.514370       5.514400       5.515250       5.516820       5.516880       5.517490       5.518100       5.518060       5.518290       5.518820       5.519580       5.520030       5.520490       5.521400       5.522310       5.523220       5.524330       5.524760       5.525680       5.526610       5.527550       5.528490       5.529440       5.530390       5.531350       5.532310       5.533280       5.534250    
   5.514340       5.514350       5.514370       5.515210       5.516820       5.516850       5.517470       5.518080       5.518060       5.518170       5.518690       5.519580       5.519810       5.520030       5.520640       5.521400       5.522310       5.523780       5.524600       5.524440       5.525370       5.526300       5.527240       5.528180       5.529120       5.530080       5.531040       5.532000       5.532970       5.533940    
   5.514350       5.514350       5.515190       5.516820       5.516830       5.517450       5.518070       5.518060       5.518120       5.518630       5.519580       5.519690       5.519810       5.520160       5.520690       5.521450       5.523290       5.524520       5.524440       5.524960       5.525060       5.525990       5.526920       5.527870       5.528810       5.529770       5.530720       5.531690       5.532660       5.533640    
   5.514350       5.515180       5.516820       5.516830       5.517450       5.518060       5.518060       5.518090       5.518600       5.519580       5.519640       5.519690       5.519890       5.520220       5.520770       5.522680       5.524480       5.524440       5.524600       5.524740       5.525300       5.525680       5.526610       5.527550       5.528500       5.529460       5.530420       5.531380       5.532350       5.533330    
   5.515170       5.516820       5.516820       5.517440       5.518060       5.518060       5.518070       5.518580       5.519580       5.519610       5.519640       5.519740       5.519930       5.520480       5.521760       5.523510       5.523510       5.523920       5.524380       5.524270       5.524430       5.525360       5.526300       5.527240       5.528190       5.529140       5.530110       5.531070       5.532050       5.533030    
   5.516820       5.516820       5.517440       5.518060       5.518060       5.518070       5.518570       5.519580       5.519590       5.519610       5.519660       5.519770       5.520450       5.521050       5.521060       5.522290       5.522540       5.522580       5.523620       5.524120       5.524120       5.525050       5.525990       5.526930       5.527880       5.528830       5.529800       5.530770       5.531740       5.532720    
   5.516820       5.517440       5.518060       5.518060       5.518060       5.518570       5.519580       5.519590       5.519590       5.519620       5.519520       5.519280       5.520450       5.521040       5.521040       5.521060       5.522040       5.522500       5.522580       5.523500       5.523810       5.524740       5.525680       5.526620       5.527570       5.528530       5.529490       5.530460       5.531440       5.532420    
   5.517440       5.518060       5.518060       5.518060       5.518570       5.519580       5.519580       5.519590       5.519600       5.519460       5.519280       5.519280       5.519280       5.520440       5.521020       5.521020       5.521060       5.522010       5.522430       5.522580       5.523500       5.524430       5.525370       5.526310       5.527260       5.528220       5.529180       5.530160       5.531140       5.532130    
   5.518060       5.518060       5.518060       5.518570       5.519580       5.519580       5.519580       5.518950       5.518920       5.519280       5.519280       5.519280       5.519280       5.519280       5.520410       5.520990       5.520990       5.521060       5.521970       5.522270       5.523190       5.524120       5.525060       5.526000       5.526950       5.527920       5.528880       5.529860       5.530840       5.531830    
   5.518060       5.518060       5.518570       5.519580       5.519580       5.518130       5.515940       5.516490       5.517040       5.518530       5.519280       5.519280       5.519280       5.519280       5.519280       5.520360       5.520910       5.520910       5.521060       5.521970       5.522890       5.523820       5.524750       5.525700       5.526650       5.527610       5.528580       5.529560       5.530550       5.531540    
   5.518060       5.518570       5.519580       5.519580       5.517830       5.515940       5.515940       5.515940       5.516490       5.517040       5.518530       5.519270       5.519280       5.519280       5.519280       5.519280       5.520280       5.520760       5.520760       5.521670       5.522590       5.523520       5.524450       5.525400       5.526350       5.527320       5.528290       5.529270       5.530260       5.531250    
