iMOD/TUTORIALS/TUT_MetaswapAnalyser/model_MetaSWAP/meteo/Evaporation/Evaporation_20051007_L1.ASC
NCOLS                30
NROWS                30
XLLCORNER     160000.00
YLLCORNER     340000.00
CELLSIZE        1000.00
NODATA_VALUE   -9999.00
   1.676000       1.680470       1.684860       1.689170       1.693410       1.697570       1.701670       1.705700       1.709670       1.713570       1.717420       1.721220       1.724960       1.728660       1.732310       1.735910       1.739470       1.742990       1.746470       1.749910       1.753320       1.756700       1.760050       1.763360       1.766650       1.769910       1.773150       1.776360       1.779550       1.782710    
   1.674370       1.678880       1.683300       1.687650       1.691920       1.696120       1.700260       1.704320       1.708330       1.712270       1.716160       1.719990       1.723770       1.727500       1.731190       1.734820       1.738420       1.741970       1.745490       1.748960       1.752410       1.755820       1.759190       1.762540       1.765860       1.769150       1.772420       1.775660       1.778880       1.782070    
   1.672720       1.677260       1.681720       1.686100       1.690410       1.694650       1.698820       1.702920       1.706960       1.710940       1.714870       1.718730       1.722550       1.726320       1.730030       1.733710       1.737340       1.740920       1.744470       1.747980       1.751460       1.754900       1.758310       1.761690       1.765040       1.768360       1.771660       1.774930       1.778180       1.781400    
   1.671040       1.675620       1.680110       1.684520       1.688870       1.693140       1.697350       1.701490       1.705560       1.709580       1.713540       1.717440       1.721300       1.725100       1.728850       1.732560       1.736220       1.739850       1.743430       1.746970       1.750480       1.753960       1.757400       1.760810       1.764190       1.767540       1.770870       1.774170       1.777450       1.780700    
   1.669340       1.673950       1.678470       1.682920       1.687300       1.691610       1.695850       1.700030       1.704140       1.708190       1.712190       1.716130       1.720010       1.723850       1.727640       1.731380       1.735080       1.738740       1.742350       1.745930       1.749470       1.752980       1.756450       1.759900       1.763310       1.766690       1.770050       1.773380       1.776690       1.779970    
   1.667620       1.672250       1.676810       1.681300       1.685710       1.690050       1.694330       1.698540       1.702690       1.706770       1.710810       1.714780       1.718700       1.722580       1.726400       1.730180       1.733910       1.737600       1.741250       1.744860       1.748440       1.751980       1.755480       1.758960       1.762400       1.765820       1.769200       1.772570       1.775900       1.779220    
   1.665870       1.670540       1.675130       1.679650       1.684090       1.688470       1.692780       1.697020       1.701210       1.705330       1.709400       1.713410       1.717370       1.721270       1.725130       1.728940       1.732710       1.736430       1.740120       1.743760       1.747370       1.750940       1.754480       1.757990       1.761460       1.764910       1.768330       1.771720       1.775090       1.778430    
   1.664110       1.668800       1.673430       1.677980       1.682450       1.686860       1.691210       1.695490       1.699700       1.703860       1.707960       1.712010       1.716000       1.719940       1.723830       1.727680       1.731480       1.735240       1.738960       1.742640       1.746280       1.749880       1.753450       1.756990       1.760500       1.763980       1.767430       1.770850       1.774250       1.777620    
   1.662320       1.667050       1.671700       1.676280       1.680790       1.685240       1.689610       1.693930       1.698180       1.702370       1.706500       1.710580       1.714610       1.718590       1.722510       1.726390       1.730230       1.734020       1.737770       1.741480       1.745160       1.748800       1.752400       1.755970       1.759510       1.763020       1.766500       1.769950       1.773380       1.776780    
   1.660510       1.665270       1.669960       1.674570       1.679110       1.683590       1.688000       1.692340       1.696630       1.700850       1.705020       1.709140       1.713200       1.717210       1.721170       1.725080       1.728950       1.732780       1.736560       1.740300       1.744010       1.747680       1.751320       1.754920       1.758490       1.762030       1.765550       1.769030       1.772490       1.775920    
   1.660490       1.665250       1.670660       1.672840       1.677410       1.681920       1.686360       1.690740       1.695060       1.699320       1.703520       1.707670       1.711760       1.715800       1.719800       1.723750       1.727650       1.731510       1.735320       1.739100       1.742840       1.746540       1.750210       1.753850       1.757450       1.761020       1.764570       1.768080       1.771570       1.775030    
   1.660460       1.667310       1.672840       1.674970       1.675690       1.680230       1.684700       1.689110       1.693460       1.697760       1.701990       1.706170       1.710300       1.714380       1.718400       1.722390       1.726320       1.730210       1.734060       1.737870       1.741650       1.745380       1.749080       1.752750       1.756380       1.759990       1.763560       1.767110       1.770630       1.774120    
   1.664060       1.672840       1.674150       1.674820       1.673950       1.678520       1.683030       1.687470       1.691850       1.696180       1.700440       1.704660       1.708820       1.712930       1.716990       1.721000       1.724970       1.728900       1.732780       1.736620       1.740430       1.744190       1.747930       1.751630       1.755290       1.758930       1.762530       1.766110       1.769660       1.773180    
   1.672840       1.673830       1.674380       1.673950       1.676420       1.676800       1.681330       1.685810       1.690220       1.694580       1.698880       1.703120       1.707320       1.711460       1.715550       1.719600       1.723600       1.727560       1.731470       1.735350       1.739190       1.742990       1.746750       1.750480       1.754180       1.757840       1.761480       1.765090       1.768670       1.772220    
   1.673700       1.674170       1.673950       1.675720       1.676800       1.679250       1.679620       1.684130       1.688570       1.692960       1.697290       1.701570       1.705790       1.709970       1.714100       1.718170       1.722210       1.726200       1.730150       1.734050       1.737920       1.741750       1.745550       1.749310       1.753040       1.756740       1.760410       1.764040       1.767650       1.771240    
   1.674060       1.673950       1.675490       1.676800       1.678560       1.679620       1.681870       1.684110       1.689240       1.691320       1.695690       1.700000       1.704250       1.708460       1.712620       1.716730       1.720790       1.724820       1.728800       1.732740       1.736640       1.740500       1.744330       1.748120       1.751880       1.755610       1.759310       1.762980       1.766620       1.770230    
   1.673950       1.675410       1.676800       1.678330       1.679620       1.680750       1.681870       1.686640       1.691320       1.693510       1.696440       1.698410       1.702690       1.706930       1.711120       1.715260       1.719360       1.723420       1.727430       1.731400       1.735330       1.739230       1.743080       1.746910       1.750700       1.754460       1.758190       1.761890       1.765560       1.769200    
   1.675390       1.676800       1.678250       1.679620       1.680180       1.680740       1.685140       1.691320       1.692410       1.695130       1.697610       1.696800       1.701120       1.705390       1.709610       1.713780       1.717910       1.722000       1.726040       1.730040       1.734010       1.737930       1.741820       1.745680       1.749500       1.753290       1.757050       1.760780       1.764480       1.768160    
   1.676800       1.678220       1.679620       1.679900       1.680180       1.684350       1.691320       1.691870       1.694570       1.697200       1.696800       1.698960       1.701780       1.703820       1.708080       1.712280       1.716440       1.720560       1.724630       1.728670       1.732660       1.736620       1.740540       1.744430       1.748280       1.752100       1.755890       1.759650       1.763380       1.767090    
   1.678210       1.679620       1.679760       1.679900       1.683940       1.691320       1.691590       1.694310       1.697000       1.696800       1.697880       1.700340       1.703820       1.705950       1.708060       1.712270       1.716430       1.720540       1.725400       1.727270       1.731300       1.735290       1.739240       1.743160       1.747040       1.750890       1.754710       1.758500       1.762260       1.766000    
   1.679620       1.679690       1.679760       1.683730       1.691320       1.691460       1.694190       1.696900       1.696800       1.697340       1.699710       1.703820       1.704890       1.705940       1.708760       1.712250       1.716410       1.722960       1.726570       1.725860       1.729920       1.733940       1.737920       1.741870       1.745780       1.749660       1.753510       1.757330       1.761130       1.764890    
   1.679660       1.679690       1.683630       1.691320       1.691390       1.694120       1.696850       1.696800       1.697070       1.699420       1.703820       1.704350       1.704880       1.706530       1.708980       1.712470       1.720740       1.726210       1.725860       1.728100       1.728520       1.732570       1.736580       1.740560       1.744500       1.748420       1.752300       1.756150       1.759970       1.763760    
   1.679660       1.683570       1.691320       1.691350       1.694090       1.696830       1.696800       1.696930       1.699280       1.703820       1.704090       1.704350       1.705250       1.706800       1.709330       1.717940       1.726040       1.725860       1.726500       1.727100       1.729540       1.731180       1.735230       1.739230       1.743210       1.747150       1.751060       1.754940       1.758800       1.762620    
   1.683550       1.691320       1.691340       1.694080       1.696810       1.696800       1.696870       1.699210       1.703820       1.703950       1.704090       1.704560       1.705470       1.707770       1.713470       1.721460       1.721460       1.723350       1.725420       1.724950       1.725670       1.729780       1.733860       1.737890       1.741900       1.745870       1.749810       1.753720       1.757600       1.761460    
   1.691320       1.691330       1.694070       1.696810       1.696800       1.696830       1.699170       1.703820       1.703890       1.703950       1.704200       1.704710       1.707410       1.709640       1.709690       1.715610       1.716870       1.717060       1.721890       1.724220       1.724230       1.728370       1.732470       1.736540       1.740570       1.744570       1.748540       1.752480       1.756400       1.760280    
   1.691320       1.694060       1.696800       1.696800       1.696820       1.699160       1.703820       1.703850       1.703890       1.704010       1.702780       1.700510       1.706560       1.709590       1.709590       1.709690       1.714430       1.716680       1.717060       1.721340       1.722770       1.726940       1.731070       1.735170       1.739230       1.743260       1.747260       1.751230       1.755170       1.759080    
   1.694060       1.696800       1.696800       1.696810       1.699150       1.703820       1.703840       1.703850       1.703920       1.702340       1.700510       1.700510       1.700510       1.706490       1.709490       1.709490       1.709690       1.714280       1.716310       1.717060       1.721300       1.725490       1.729650       1.733780       1.737870       1.741930       1.745960       1.749960       1.753930       1.757870    
   1.696800       1.696800       1.696800       1.699140       1.703820       1.703830       1.703840       1.699830       1.699090       1.700510       1.700510       1.700510       1.700510       1.700510       1.706350       1.709300       1.709300       1.709690       1.714080       1.715550       1.719810       1.724030       1.728220       1.732380       1.736500       1.740590       1.744650       1.748680       1.752680       1.756650    
   1.696800       1.696800       1.699140       1.703820       1.703820       1.694830       1.681340       1.684520       1.687700       1.696230       1.700500       1.700510       1.700510       1.700510       1.700510       1.706090       1.708900       1.708900       1.709690       1.714020       1.718310       1.722560       1.726780       1.730970       1.735120       1.739240       1.743320       1.747380       1.751410       1.755410    
   1.696800       1.699140       1.703820       1.703820       1.693030       1.681340       1.681340       1.681340       1.684520       1.687700       1.696200       1.700470       1.700510       1.700510       1.700510       1.700510       1.705640       1.708120       1.708120       1.712480       1.716800       1.721080       1.725330       1.729540       1.733720       1.737870       1.741980       1.746070       1.750130       1.754150    
