iMOD/TUTORIALS/TUT_MetaswapAnalyser/model_MetaSWAP/meteo/Evaporation/Evaporation_20050120_L1.ASC
NCOLS                30
NROWS                30
XLLCORNER     160000.00
YLLCORNER     340000.00
CELLSIZE        1000.00
NODATA_VALUE   -9999.00
  0.1529400      0.1522900      0.1516200      0.1509500      0.1502700      0.1495900      0.1489000      0.1482000      0.1475000      0.1467900      0.1460800      0.1453600      0.1446400      0.1439200      0.1431900      0.1424600      0.1417300      0.1409900      0.1402600      0.1395200      0.1387800      0.1380400      0.1372900      0.1365500      0.1358000      0.1350600      0.1343100      0.1335600      0.1328100      0.1320700    
  0.1528100      0.1521500      0.1514900      0.1508200      0.1501400      0.1494600      0.1487700      0.1480700      0.1473700      0.1466600      0.1459500      0.1452400      0.1445200      0.1438000      0.1430700      0.1423400      0.1416100      0.1408800      0.1401400      0.1394000      0.1386600      0.1379200      0.1371800      0.1364300      0.1356900      0.1349400      0.1342000      0.1334500      0.1327000      0.1319500    
  0.1526700      0.1520200      0.1513500      0.1506800      0.1500100      0.1493200      0.1486300      0.1479400      0.1472400      0.1465300      0.1458200      0.1451100      0.1443900      0.1436700      0.1429500      0.1422200      0.1414900      0.1407500      0.1400200      0.1392800      0.1385400      0.1378000      0.1370600      0.1363100      0.1355700      0.1348200      0.1340800      0.1333300      0.1325800      0.1318300    
  0.1525300      0.1518800      0.1512200      0.1505500      0.1498700      0.1491900      0.1485000      0.1478000      0.1471000      0.1464000      0.1456900      0.1449800      0.1442600      0.1435400      0.1428200      0.1420900      0.1413600      0.1406300      0.1398900      0.1391600      0.1384200      0.1376800      0.1369400      0.1361900      0.1354500      0.1347000      0.1339600      0.1332100      0.1324600      0.1317200    
  0.1523900      0.1517400      0.1510700      0.1504000      0.1497300      0.1490500      0.1483600      0.1476700      0.1469700      0.1462600      0.1455600      0.1448400      0.1441300      0.1434100      0.1426900      0.1419600      0.1412300      0.1405000      0.1397700      0.1390300      0.1382900      0.1375500      0.1368100      0.1360700      0.1353200      0.1345800      0.1338300      0.1330900      0.1323400      0.1315900    
  0.1522500      0.1515900      0.1509300      0.1502600      0.1495900      0.1489000      0.1482200      0.1475200      0.1468300      0.1461200      0.1454200      0.1447100      0.1439900      0.1432700      0.1425500      0.1418300      0.1411000      0.1403700      0.1396300      0.1389000      0.1381600      0.1374200      0.1366800      0.1359400      0.1352000      0.1344500      0.1337100      0.1329600      0.1322200      0.1314700    
  0.1521000      0.1514500      0.1507800      0.1501100      0.1494400      0.1487600      0.1480700      0.1473800      0.1466800      0.1459800      0.1452800      0.1445700      0.1438500      0.1431400      0.1424100      0.1416900      0.1409600      0.1402300      0.1395000      0.1387700      0.1380300      0.1372900      0.1365500      0.1358100      0.1350700      0.1343300      0.1335800      0.1328400      0.1320900      0.1313400    
  0.1519500      0.1513000      0.1506300      0.1499700      0.1492900      0.1486100      0.1479300      0.1472300      0.1465400      0.1458400      0.1451300      0.1444200      0.1437100      0.1429900      0.1422700      0.1415500      0.1408200      0.1401000      0.1393600      0.1386300      0.1379000      0.1371600      0.1364200      0.1356800      0.1349400      0.1341900      0.1334500      0.1327100      0.1319600      0.1312100    
  0.1518000      0.1511500      0.1504800      0.1498100      0.1491400      0.1484600      0.1477800      0.1470900      0.1463900      0.1456900      0.1449900      0.1442800      0.1435700      0.1428500      0.1421300      0.1414100      0.1406800      0.1399600      0.1392300      0.1384900      0.1377600      0.1370200      0.1362800      0.1355400      0.1348000      0.1340600      0.1333200      0.1325700      0.1318300      0.1310800    
  0.1516500      0.1509900      0.1503300      0.1496600      0.1489900      0.1483100      0.1476200      0.1469300      0.1462400      0.1455400      0.1448400      0.1441300      0.1434200      0.1427000      0.1419900      0.1412600      0.1405400      0.1398100      0.1390800      0.1383500      0.1376200      0.1368800      0.1361500      0.1354100      0.1346700      0.1339200      0.1331800      0.1324400      0.1316900      0.1309500    
  0.1516470      0.1509900      0.1501220      0.1495100      0.1488300      0.1481500      0.1474700      0.1467800      0.1460900      0.1453900      0.1446900      0.1439800      0.1432700      0.1425600      0.1418400      0.1411200      0.1403900      0.1396700      0.1389400      0.1382100      0.1374800      0.1367400      0.1360000      0.1352700      0.1345300      0.1337900      0.1330400      0.1323000      0.1315600      0.1308100    
  0.1516440      0.1505670      0.1495100      0.1488850      0.1486800      0.1480000      0.1473100      0.1466300      0.1459300      0.1452400      0.1445300      0.1438300      0.1431200      0.1424100      0.1416900      0.1409700      0.1402500      0.1395200      0.1387900      0.1380600      0.1373300      0.1366000      0.1358600      0.1351200      0.1343900      0.1336400      0.1329000      0.1321600      0.1314200      0.1306700    
  0.1510040      0.1495100      0.1488790      0.1486000      0.1485200      0.1478400      0.1471600      0.1464700      0.1457800      0.1450800      0.1443800      0.1436700      0.1429600      0.1422500      0.1415400      0.1408200      0.1401000      0.1393700      0.1386500      0.1379200      0.1371800      0.1364500      0.1357200      0.1349800      0.1342400      0.1335000      0.1327600      0.1320200      0.1312800      0.1305300    
  0.1495100      0.1488670      0.1485600      0.1485200      0.1480130      0.1476800      0.1470000      0.1463100      0.1456200      0.1449200      0.1442200      0.1435200      0.1428100      0.1421000      0.1413800      0.1406600      0.1399400      0.1392200      0.1384900      0.1377700      0.1370400      0.1363000      0.1355700      0.1348300      0.1341000      0.1333600      0.1326200      0.1318800      0.1311300      0.1303900    
  0.1488590      0.1485400      0.1485200      0.1480710      0.1476800      0.1471730      0.1468400      0.1461500      0.1454600      0.1447600      0.1440600      0.1433600      0.1426500      0.1419400      0.1412300      0.1405100      0.1397900      0.1390700      0.1383400      0.1376100      0.1368800      0.1361500      0.1354200      0.1346800      0.1339500      0.1332100      0.1324700      0.1317300      0.1309900      0.1302500    
  0.1485300      0.1485200      0.1480900      0.1476800      0.1472310      0.1468400      0.1464950      0.1461500      0.1452420      0.1446000      0.1439000      0.1432000      0.1424900      0.1417800      0.1410700      0.1403500      0.1396300      0.1389100      0.1381900      0.1374600      0.1367300      0.1360000      0.1352700      0.1345300      0.1338000      0.1330600      0.1323200      0.1315800      0.1308400      0.1301000    
  0.1485200      0.1480970      0.1476800      0.1472500      0.1468400      0.1466680      0.1464950      0.1456220      0.1446000      0.1442500      0.1435200      0.1430300      0.1423300      0.1416200      0.1409100      0.1401900      0.1394700      0.1387500      0.1380300      0.1373000      0.1365800      0.1358500      0.1351100      0.1343800      0.1336400      0.1329100      0.1321700      0.1314300      0.1306900      0.1299500    
  0.1480990      0.1476800      0.1472570      0.1468400      0.1467540      0.1466680      0.1458460      0.1446000      0.1444250      0.1436380      0.1429500      0.1428700      0.1421700      0.1414600      0.1407500      0.1400300      0.1393100      0.1385900      0.1378700      0.1371500      0.1364200      0.1356900      0.1349600      0.1342300      0.1334900      0.1327600      0.1320200      0.1312800      0.1305400      0.1298000    
  0.1476800      0.1472590      0.1468400      0.1467970      0.1467540      0.1459670      0.1446000      0.1445130      0.1436890      0.1429100      0.1428700      0.1425200      0.1419470      0.1412900      0.1405800      0.1398700      0.1391500      0.1384300      0.1377100      0.1369900      0.1362600      0.1355300      0.1348000      0.1340700      0.1333300      0.1326000      0.1318600      0.1311300      0.1303900      0.1296500    
  0.1472600      0.1468400      0.1468180      0.1467970      0.1460290      0.1446000      0.1445560      0.1437120      0.1428900      0.1428700      0.1426950      0.1421570      0.1412900      0.1409350      0.1405800      0.1398670      0.1391500      0.1384300      0.1373220      0.1368200      0.1361000      0.1353700      0.1346400      0.1339100      0.1331800      0.1324400      0.1317100      0.1309700      0.1302300      0.1294900    
  0.1468400      0.1468290      0.1468180      0.1460610      0.1446000      0.1445780      0.1437240      0.1428800      0.1428700      0.1427820      0.1422530      0.1412900      0.1411130      0.1409350      0.1404610      0.1398660      0.1391490      0.1376600      0.1367400      0.1366600      0.1359400      0.1352100      0.1344800      0.1337500      0.1330200      0.1322800      0.1315500      0.1308100      0.1300800      0.1293400    
  0.1468350      0.1468290      0.1460770      0.1446000      0.1445890      0.1437290      0.1428750      0.1428700      0.1428260      0.1422990      0.1412900      0.1412010      0.1411130      0.1408360      0.1404200      0.1398250      0.1380070      0.1367000      0.1366600      0.1361230      0.1357700      0.1350500      0.1343200      0.1335900      0.1328600      0.1321200      0.1313900      0.1306500      0.1299200      0.1291800    
  0.1468350      0.1460850      0.1446000      0.1445950      0.1437320      0.1428720      0.1428700      0.1428480      0.1423210      0.1412900      0.1412460      0.1412010      0.1410500      0.1407900      0.1403600      0.1382170      0.1366800      0.1366600      0.1359360      0.1356050      0.1351700      0.1348800      0.1341500      0.1334200      0.1326900      0.1319600      0.1312300      0.1304900      0.1297600      0.1290200    
  0.1460890      0.1446000      0.1445970      0.1437340      0.1428710      0.1428700      0.1428590      0.1423320      0.1412900      0.1412680      0.1412460      0.1411660      0.1410140      0.1395550      0.1379050      0.1361550      0.1361550      0.1358070      0.1354100      0.1353550      0.1354400      0.1347100      0.1339900      0.1332600      0.1325300      0.1318000      0.1310700      0.1303300      0.1296000      0.1288600    
  0.1446000      0.1445990      0.1437340      0.1428710      0.1428700      0.1428650      0.1423380      0.1412900      0.1412790      0.1412680      0.1412260      0.1411420      0.1387510      0.1360140      0.1360200      0.1358880      0.1356290      0.1356500      0.1353780      0.1352700      0.1352700      0.1345500      0.1338200      0.1330900      0.1323600      0.1316300      0.1309000      0.1301700      0.1294300      0.1287000    
  0.1445990      0.1437350      0.1428700      0.1428700      0.1428670      0.1423410      0.1412900      0.1412840      0.1412790      0.1412580      0.1392070      0.1362000      0.1360720      0.1360090      0.1360090      0.1360200      0.1357470      0.1356070      0.1356500      0.1352380      0.1351000      0.1343800      0.1336500      0.1329200      0.1322000      0.1314700      0.1307400      0.1300000      0.1292700      0.1285400    
  0.1437350      0.1428700      0.1428700      0.1428690      0.1423420      0.1412900      0.1412870      0.1412840      0.1412740      0.1388290      0.1362000      0.1362000      0.1362000      0.1360630      0.1359980      0.1359980      0.1360200      0.1357120      0.1355650      0.1356500      0.1349300      0.1342100      0.1334800      0.1327600      0.1320300      0.1313000      0.1305700      0.1298400      0.1291000      0.1283700    
  0.1428700      0.1428700      0.1428690      0.1423430      0.1412900      0.1412890      0.1412870      0.1399610      0.1382860      0.1362000      0.1362000      0.1362000      0.1362000      0.1362000      0.1360460      0.1359750      0.1359750      0.1360200      0.1356130      0.1354800      0.1347600      0.1340300      0.1333100      0.1325800      0.1318600      0.1311300      0.1304000      0.1296700      0.1289400      0.1282000    
  0.1428700      0.1428700      0.1423430      0.1412900      0.1412890      0.1393850      0.1365300      0.1362650      0.1360000      0.1361320      0.1361990      0.1362000      0.1362000      0.1362000      0.1362000      0.1360120      0.1359300      0.1359300      0.1360200      0.1353000      0.1345800      0.1338600      0.1331400      0.1324100      0.1316900      0.1309600      0.1302300      0.1295000      0.1287700      0.1280400    
  0.1428700      0.1423430      0.1412900      0.1412900      0.1390050      0.1365300      0.1365300      0.1365300      0.1362650      0.1360000      0.1361300      0.1361960      0.1362000      0.1362000      0.1362000      0.1362000      0.1359420      0.1358400      0.1358400      0.1351200      0.1344100      0.1336900      0.1329600      0.1322400      0.1315100      0.1307900      0.1300600      0.1293300      0.1286000      0.1278700    
