iMOD/TUTORIALS/TUT_MetaswapAnalyser/model_MetaSWAP/meteo/Evaporation/Evaporation_20061016_L1.ASC
NCOLS                30
NROWS                30
XLLCORNER     160000.00
YLLCORNER     340000.00
CELLSIZE        1000.00
NODATA_VALUE   -9999.00
   1.617150       1.617110       1.617070       1.617020       1.616960       1.616900       1.616830       1.616750       1.616670       1.616590       1.616500       1.616410       1.616320       1.616230       1.616130       1.616030       1.615930       1.615840       1.615740       1.615640       1.615540       1.615440       1.615340       1.615240       1.615140       1.615040       1.614940       1.614850       1.614750       1.614660    
   1.618180       1.618140       1.618100       1.618050       1.617990       1.617930       1.617860       1.617780       1.617700       1.617620       1.617540       1.617450       1.617350       1.617260       1.617160       1.617070       1.616970       1.616870       1.616770       1.616670       1.616570       1.616470       1.616370       1.616270       1.616170       1.616070       1.615970       1.615870       1.615780       1.615680    
   1.619200       1.619170       1.619120       1.619070       1.619020       1.618950       1.618880       1.618810       1.618730       1.618650       1.618560       1.618480       1.618380       1.618290       1.618200       1.618100       1.618000       1.617900       1.617800       1.617700       1.617600       1.617500       1.617400       1.617300       1.617200       1.617090       1.617000       1.616900       1.616800       1.616700    
   1.620230       1.620190       1.620150       1.620100       1.620040       1.619980       1.619910       1.619840       1.619760       1.619680       1.619590       1.619500       1.619410       1.619320       1.619220       1.619130       1.619030       1.618930       1.618830       1.618730       1.618630       1.618520       1.618420       1.618320       1.618220       1.618120       1.618020       1.617920       1.617820       1.617720    
   1.621250       1.621220       1.621170       1.621120       1.621060       1.621000       1.620930       1.620860       1.620780       1.620700       1.620620       1.620530       1.620440       1.620350       1.620250       1.620150       1.620050       1.619960       1.619850       1.619750       1.619650       1.619550       1.619450       1.619340       1.619240       1.619140       1.619040       1.618940       1.618840       1.618740    
   1.622280       1.622240       1.622190       1.622140       1.622080       1.622020       1.621950       1.621880       1.621800       1.621720       1.621640       1.621550       1.621460       1.621370       1.621270       1.621180       1.621080       1.620980       1.620880       1.620780       1.620680       1.620570       1.620470       1.620370       1.620260       1.620160       1.620060       1.619960       1.619850       1.619750    
   1.623300       1.623260       1.623210       1.623160       1.623100       1.623040       1.622970       1.622900       1.622820       1.622740       1.622660       1.622570       1.622480       1.622390       1.622300       1.622200       1.622100       1.622000       1.621900       1.621800       1.621700       1.621590       1.621490       1.621390       1.621280       1.621180       1.621080       1.620970       1.620870       1.620770    
   1.624320       1.624280       1.624230       1.624180       1.624120       1.624060       1.623990       1.623920       1.623840       1.623760       1.623680       1.623590       1.623500       1.623410       1.623320       1.623220       1.623120       1.623020       1.622920       1.622820       1.622720       1.622610       1.622510       1.622410       1.622300       1.622200       1.622090       1.621990       1.621880       1.621780    
   1.625340       1.625300       1.625250       1.625200       1.625140       1.625080       1.625010       1.624940       1.624860       1.624780       1.624700       1.624610       1.624520       1.624430       1.624330       1.624240       1.624140       1.624040       1.623940       1.623840       1.623730       1.623630       1.623530       1.623420       1.623320       1.623210       1.623110       1.623000       1.622900       1.622790    
   1.626360       1.626310       1.626270       1.626210       1.626150       1.626090       1.626020       1.625950       1.625880       1.625800       1.625710       1.625630       1.625540       1.625440       1.625350       1.625250       1.625160       1.625060       1.624960       1.624850       1.624750       1.624650       1.624540       1.624440       1.624330       1.624230       1.624120       1.624020       1.623910       1.623800    
   1.626350       1.626310       1.626510       1.627230       1.627170       1.627110       1.627040       1.626970       1.626890       1.626810       1.626730       1.626640       1.626550       1.626460       1.626360       1.626270       1.626170       1.626070       1.625970       1.625870       1.625760       1.625660       1.625560       1.625450       1.625340       1.625240       1.625130       1.625030       1.624920       1.624810    
   1.626350       1.626600       1.627230       1.627940       1.628180       1.628120       1.628050       1.627980       1.627900       1.627820       1.627740       1.627650       1.627560       1.627470       1.627380       1.627280       1.627180       1.627080       1.626980       1.626880       1.626780       1.626670       1.626570       1.626460       1.626360       1.626250       1.626140       1.626040       1.625930       1.625820    
   1.626640       1.627230       1.628270       1.628690       1.629200       1.629130       1.629060       1.628990       1.628910       1.628830       1.628750       1.628660       1.628580       1.628480       1.628390       1.628290       1.628200       1.628100       1.627990       1.627890       1.627790       1.627680       1.627580       1.627470       1.627370       1.627260       1.627150       1.627040       1.626940       1.626830    
   1.627230       1.628410       1.628940       1.629200       1.629490       1.630140       1.630080       1.630000       1.629930       1.629850       1.629760       1.629680       1.629590       1.629490       1.629400       1.629300       1.629210       1.629110       1.629010       1.628900       1.628800       1.628690       1.628590       1.628480       1.628380       1.628270       1.628160       1.628050       1.627940       1.627840    
   1.628480       1.629070       1.629200       1.629610       1.630140       1.630440       1.631090       1.631010       1.630940       1.630850       1.630770       1.630680       1.630600       1.630500       1.630410       1.630310       1.630220       1.630120       1.630010       1.629910       1.629810       1.629700       1.629600       1.629490       1.629380       1.629280       1.629170       1.629060       1.628950       1.628840    
   1.629140       1.629200       1.629650       1.630140       1.630560       1.631090       1.631050       1.631010       1.631170       1.631860       1.631780       1.631690       1.631600       1.631510       1.631420       1.631320       1.631220       1.631120       1.631020       1.630920       1.630810       1.630710       1.630600       1.630500       1.630390       1.630280       1.630170       1.630060       1.629950       1.629840    
   1.629200       1.629660       1.630140       1.630600       1.631090       1.631070       1.631050       1.631270       1.631860       1.631820       1.632350       1.632700       1.632610       1.632520       1.632420       1.632330       1.632230       1.632130       1.632030       1.631920       1.631820       1.631720       1.631610       1.631500       1.631390       1.631290       1.631180       1.631070       1.630960       1.630850    
   1.629670       1.630140       1.630610       1.631090       1.631080       1.631070       1.631310       1.631860       1.631840       1.632590       1.633200       1.633710       1.633620       1.633520       1.633430       1.633330       1.633240       1.633130       1.633030       1.632930       1.632830       1.632720       1.632610       1.632510       1.632400       1.632290       1.632180       1.632070       1.631960       1.631850    
   1.630140       1.630610       1.631090       1.631090       1.631080       1.631330       1.631860       1.631850       1.632690       1.633460       1.633710       1.633670       1.633840       1.634530       1.634430       1.634340       1.634240       1.634140       1.634040       1.633930       1.633830       1.633720       1.633620       1.633510       1.633400       1.633290       1.633180       1.633070       1.632960       1.632850    
   1.630610       1.631090       1.631090       1.631090       1.631340       1.631860       1.631860       1.632740       1.633580       1.633710       1.633690       1.633940       1.634530       1.634480       1.634430       1.634340       1.634240       1.634140       1.634600       1.634940       1.634830       1.634730       1.634620       1.634510       1.634400       1.634290       1.634180       1.634070       1.633960       1.633850    
   1.631090       1.631090       1.631090       1.631340       1.631860       1.631860       1.632760       1.633650       1.633710       1.633700       1.633970       1.634530       1.634510       1.634480       1.634420       1.634340       1.634240       1.634870       1.635440       1.635940       1.635830       1.635730       1.635620       1.635510       1.635400       1.635290       1.635180       1.635070       1.634960       1.634850    
   1.631090       1.631090       1.631340       1.631860       1.631860       1.632770       1.633680       1.633710       1.633700       1.633980       1.634530       1.634520       1.634510       1.634470       1.634410       1.634330       1.635020       1.635690       1.635940       1.636200       1.636830       1.636730       1.636620       1.636510       1.636400       1.636290       1.636180       1.636070       1.635960       1.635850    
   1.631090       1.631350       1.631860       1.631860       1.632780       1.633690       1.633710       1.633710       1.633980       1.634530       1.634520       1.634520       1.634500       1.634460       1.634400       1.635700       1.635810       1.635940       1.637320       1.637830       1.637770       1.637730       1.637620       1.637510       1.637400       1.637290       1.637180       1.637070       1.636960       1.636840    
   1.631350       1.631860       1.631860       1.632780       1.633700       1.633710       1.633710       1.633980       1.634530       1.634530       1.634520       1.634510       1.634490       1.636850       1.638250       1.638930       1.638930       1.638950       1.639000       1.639330       1.638830       1.638730       1.638620       1.638510       1.638400       1.638290       1.638180       1.638060       1.637950       1.637840    
   1.631860       1.631860       1.632780       1.633710       1.633710       1.633710       1.633980       1.634530       1.634530       1.634530       1.634520       1.634510       1.638800       1.644060       1.644030       1.641940       1.642060       1.641930       1.640550       1.639830       1.639830       1.639720       1.639620       1.639510       1.639400       1.639280       1.639170       1.639060       1.638950       1.638830    
   1.631860       1.632780       1.633710       1.633710       1.633710       1.633980       1.634530       1.634530       1.634530       1.634530       1.639560       1.647120       1.645110       1.644090       1.644090       1.644030       1.642760       1.642180       1.641930       1.641100       1.640830       1.640720       1.640610       1.640500       1.640390       1.640280       1.640170       1.640060       1.639940       1.639830    
   1.632780       1.633710       1.633710       1.633710       1.633980       1.634530       1.634530       1.634530       1.634530       1.640570       1.647120       1.647120       1.647120       1.645150       1.644150       1.644160       1.644030       1.642900       1.642430       1.641930       1.641830       1.641720       1.641610       1.641500       1.641390       1.641280       1.641160       1.641050       1.640940       1.640820    
   1.633710       1.633710       1.633710       1.633980       1.634530       1.634530       1.634530       1.638950       1.642960       1.647120       1.647120       1.647120       1.647120       1.647120       1.645240       1.644280       1.644280       1.644030       1.643200       1.642930       1.642820       1.642710       1.642600       1.642490       1.642380       1.642270       1.642160       1.642040       1.641930       1.641820    
   1.633710       1.633710       1.633980       1.634530       1.634530       1.642040       1.653300       1.652750       1.652200       1.648820       1.647130       1.647120       1.647120       1.647120       1.647120       1.645420       1.644530       1.644530       1.644030       1.643920       1.643820       1.643710       1.643600       1.643490       1.643380       1.643260       1.643150       1.643040       1.642920       1.642810    
   1.633710       1.633980       1.634530       1.634530       1.643540       1.653300       1.653300       1.653300       1.652750       1.652200       1.648830       1.647140       1.647120       1.647120       1.647120       1.647120       1.645740       1.645030       1.645030       1.644920       1.644810       1.644700       1.644590       1.644480       1.644370       1.644260       1.644140       1.644030       1.643920       1.643800    
