iMOD/TUTORIALS/TUT_MetaswapAnalyser/model_MetaSWAP/meteo/Evaporation/Evaporation_20060709_L1.ASC
NCOLS                30
NROWS                30
XLLCORNER     160000.00
YLLCORNER     340000.00
CELLSIZE        1000.00
NODATA_VALUE   -9999.00
   3.145160       3.142980       3.140760       3.138510       3.136220       3.133910       3.131580       3.129230       3.126860       3.124480       3.122090       3.119680       3.117270       3.114860       3.112440       3.110020       3.107610       3.105200       3.102790       3.100380       3.097990       3.095600       3.093220       3.090850       3.088490       3.086150       3.083810       3.081480       3.079170       3.076870    
   3.147040       3.144890       3.142690       3.140460       3.138200       3.135920       3.133610       3.131280       3.128930       3.126570       3.124200       3.121810       3.119420       3.117020       3.114620       3.112220       3.109820       3.107420       3.105020       3.102630       3.100250       3.097870       3.095500       3.093140       3.090790       3.088450       3.086120       3.083800       3.081490       3.079200    
   3.148880       3.146750       3.144570       3.142370       3.140140       3.137870       3.135590       3.133280       3.130960       3.128620       3.126260       3.123900       3.121520       3.119140       3.116760       3.114370       3.111990       3.109600       3.107220       3.104840       3.102470       3.100100       3.097750       3.095400       3.093050       3.090720       3.088400       3.086090       3.083790       3.081500    
   3.150670       3.148560       3.146410       3.144230       3.142020       3.139790       3.137520       3.135240       3.132940       3.130620       3.128280       3.125940       3.123580       3.121220       3.118860       3.116490       3.114120       3.111750       3.109380       3.107020       3.104660       3.102300       3.099950       3.097610       3.095280       3.092960       3.090650       3.088350       3.086060       3.083770    
   3.152410       3.150330       3.148210       3.146050       3.143870       3.141650       3.139420       3.137150       3.134870       3.132580       3.130260       3.127940       3.125600       3.123260       3.120910       3.118560       3.116210       3.113850       3.111500       3.109150       3.106800       3.104460       3.102130       3.099800       3.097480       3.095170       3.092870       3.090570       3.088290       3.086020    
   3.154110       3.152060       3.149960       3.147830       3.145670       3.143480       3.141260       3.139030       3.136770       3.134490       3.132200       3.129900       3.127580       3.125260       3.122930       3.120600       3.118260       3.115920       3.113580       3.111250       3.108920       3.106590       3.104270       3.101950       3.099640       3.097340       3.095050       3.092770       3.090500       3.088230    
   3.155770       3.153740       3.151670       3.149560       3.147430       3.145260       3.143070       3.140860       3.138620       3.136370       3.134100       3.131820       3.129520       3.127220       3.124910       3.122590       3.120270       3.117950       3.115630       3.113310       3.111000       3.108680       3.106370       3.104070       3.101780       3.099490       3.097210       3.094940       3.092670       3.090420    
   3.157390       3.155380       3.153340       3.151260       3.149150       3.147010       3.144840       3.142650       3.140440       3.138200       3.135960       3.133690       3.131420       3.129140       3.126850       3.124550       3.122250       3.119950       3.117640       3.115340       3.113040       3.110740       3.108450       3.106160       3.103880       3.101600       3.099330       3.097070       3.094820       3.092580    
   3.158970       3.156990       3.154970       3.152910       3.150830       3.148710       3.146570       3.144400       3.142210       3.140000       3.137780       3.135540       3.133280       3.131020       3.128750       3.126470       3.124190       3.121910       3.119620       3.117330       3.115050       3.112760       3.110490       3.108210       3.105940       3.103680       3.101430       3.099180       3.096940       3.094710    
   3.160510       3.158550       3.156560       3.154530       3.152470       3.150380       3.148260       3.146110       3.143950       3.141760       3.139560       3.137340       3.135110       3.132870       3.130620       3.128360       3.126100       3.123830       3.121560       3.119290       3.117020       3.114760       3.112490       3.110230       3.107980       3.105730       3.103490       3.101260       3.099030       3.096820    
   3.160500       3.158540       3.156440       3.156110       3.154070       3.152000       3.149910       3.147790       3.145650       3.143480       3.141300       3.139110       3.136900       3.134680       3.132450       3.130210       3.127970       3.125720       3.123470       3.121220       3.118970       3.116720       3.114470       3.112230       3.109990       3.107760       3.105530       3.103310       3.101100       3.098890    
   3.160480       3.157900       3.156110       3.155750       3.155640       3.153600       3.151530       3.149430       3.147310       3.145170       3.143020       3.140840       3.138650       3.136450       3.134240       3.132030       3.129800       3.127570       3.125340       3.123110       3.120880       3.118640       3.116410       3.114190       3.111960       3.109750       3.107540       3.105330       3.103130       3.100940    
   3.159220       3.156110       3.156360       3.156400       3.157170       3.155160       3.153110       3.151040       3.148940       3.146830       3.144690       3.142540       3.140370       3.138200       3.136010       3.133810       3.131610       3.129400       3.127180       3.124970       3.122760       3.120540       3.118330       3.116120       3.113910       3.111710       3.109520       3.107330       3.105140       3.102970    
   3.156110       3.156610       3.156790       3.157170       3.156340       3.156680       3.154660       3.152610       3.150540       3.148450       3.146330       3.144210       3.142060       3.139910       3.137740       3.135560       3.133380       3.131190       3.129000       3.126800       3.124600       3.122410       3.120210       3.118020       3.115830       3.113650       3.111470       3.109290       3.107130       3.104970    
   3.156720       3.156980       3.157170       3.156730       3.156680       3.155840       3.156180       3.154150       3.152100       3.150030       3.147950       3.145840       3.143720       3.141580       3.139440       3.137280       3.135120       3.132950       3.130780       3.128600       3.126420       3.124240       3.122070       3.119890       3.117720       3.115550       3.113390       3.111230       3.109080       3.106940    
   3.157070       3.157170       3.156860       3.156680       3.156230       3.156180       3.155160       3.154140       3.151970       3.151590       3.149520       3.147440       3.145340       3.143230       3.141100       3.138970       3.136830       3.134680       3.132530       3.130370       3.128210       3.126050       3.123890       3.121740       3.119580       3.117430       3.115290       3.113150       3.111010       3.108890    
   3.157170       3.156900       3.156680       3.156360       3.156180       3.155670       3.155160       3.153220       3.151590       3.150560       3.149620       3.149010       3.146940       3.144840       3.142740       3.140630       3.138510       3.136380       3.134250       3.132110       3.129970       3.127830       3.125690       3.123560       3.121420       3.119290       3.117160       3.115040       3.112920       3.110810    
   3.156920       3.156680       3.156410       3.156180       3.155930       3.155670       3.153910       3.151590       3.151070       3.150420       3.149790       3.150560       3.148500       3.146430       3.144350       3.142260       3.140160       3.138050       3.135940       3.133820       3.131710       3.129590       3.127470       3.125350       3.123230       3.121120       3.119010       3.116900       3.114800       3.112710    
   3.156680       3.156420       3.156180       3.156050       3.155930       3.154270       3.151590       3.151330       3.150760       3.150170       3.150560       3.149530       3.148370       3.147990       3.145930       3.143860       3.141780       3.139700       3.137610       3.135510       3.133410       3.131310       3.129210       3.127110       3.125010       3.122920       3.120830       3.118740       3.116660       3.114580    
   3.156430       3.156180       3.156120       3.156050       3.154460       3.151590       3.151460       3.150920       3.150370       3.150560       3.150040       3.149110       3.147990       3.146960       3.145930       3.143860       3.141780       3.139700       3.137760       3.137170       3.135090       3.133010       3.130930       3.128850       3.126770       3.124700       3.122620       3.120560       3.118490       3.116440    
   3.156180       3.156150       3.156120       3.154560       3.151590       3.151530       3.151000       3.150460       3.150560       3.150300       3.149430       3.147990       3.147480       3.146960       3.145580       3.143850       3.141780       3.139200       3.137980       3.138800       3.136750       3.134690       3.132630       3.130570       3.128510       3.126450       3.124400       3.122350       3.120310       3.118270    
   3.156160       3.156150       3.154600       3.151590       3.151560       3.151040       3.150510       3.150560       3.150430       3.149570       3.147990       3.147730       3.147470       3.146670       3.145460       3.143740       3.140410       3.138390       3.138800       3.137980       3.138380       3.136340       3.134300       3.132260       3.130220       3.128180       3.126150       3.124120       3.122100       3.120080    
   3.156160       3.154630       3.151590       3.151570       3.151060       3.150540       3.150560       3.150500       3.149640       3.147990       3.147860       3.147730       3.147290       3.146540       3.145290       3.142330       3.138600       3.138800       3.139770       3.139970       3.138760       3.137960       3.135940       3.133930       3.131910       3.129890       3.127880       3.125870       3.123860       3.121860    
   3.154640       3.151590       3.151580       3.151070       3.150550       3.150560       3.150530       3.149670       3.147990       3.147930       3.147860       3.147630       3.147190       3.148010       3.146530       3.143450       3.143460       3.142650       3.141810       3.142340       3.141560       3.139570       3.137570       3.135570       3.133570       3.131580       3.129590       3.127600       3.125610       3.123630    
   3.151590       3.151590       3.151070       3.150550       3.150560       3.150540       3.149690       3.147990       3.147960       3.147930       3.147810       3.147560       3.149760       3.152970       3.152930       3.148640       3.148290       3.148110       3.144770       3.143110       3.143120       3.141150       3.139170       3.137200       3.135220       3.133240       3.131270       3.129300       3.127340       3.125380    
   3.151590       3.151070       3.150560       3.150560       3.150550       3.149700       3.147990       3.147970       3.147960       3.147900       3.152240       3.158960       3.155010       3.153020       3.153020       3.152930       3.149900       3.148480       3.148110       3.145520       3.144660       3.142710       3.140750       3.138800       3.136840       3.134890       3.132940       3.130990       3.129050       3.127110    
   3.151070       3.150560       3.150560       3.150560       3.149700       3.147990       3.147980       3.147970       3.147940       3.153200       3.158960       3.158960       3.158960       3.155070       3.153110       3.153110       3.152930       3.150080       3.148850       3.148110       3.146180       3.144250       3.142320       3.140380       3.138450       3.136520       3.134590       3.132660       3.130740       3.128820    
   3.150560       3.150560       3.150560       3.149700       3.147990       3.147990       3.147980       3.152800       3.156190       3.158960       3.158960       3.158960       3.158960       3.158960       3.155200       3.153280       3.153290       3.152930       3.150420       3.149590       3.147680       3.145770       3.143860       3.141940       3.140030       3.138120       3.136210       3.134310       3.132410       3.130510    
   3.150560       3.150560       3.149700       3.147990       3.147990       3.156890       3.170240       3.168760       3.167290       3.161750       3.158970       3.158960       3.158960       3.158960       3.158960       3.155440       3.153640       3.153640       3.152930       3.151050       3.149160       3.147270       3.145380       3.143490       3.141600       3.139710       3.137830       3.135940       3.134060       3.132190    
   3.150560       3.149700       3.147990       3.147990       3.158670       3.170240       3.170240       3.170240       3.168760       3.167290       3.161770       3.158990       3.158960       3.158960       3.158960       3.158960       3.155870       3.154350       3.154350       3.152490       3.150630       3.148760       3.146890       3.145020       3.143150       3.141280       3.139420       3.137560       3.135700       3.133850    
