iMOD/TUTORIALS/TUT_MetaswapAnalyser/model_MetaSWAP/meteo/Evaporation/Evaporation_20060507_L1.ASC
NCOLS                30
NROWS                30
XLLCORNER     160000.00
YLLCORNER     340000.00
CELLSIZE        1000.00
NODATA_VALUE   -9999.00
   3.231840       3.243900       3.255860       3.267730       3.279490       3.291150       3.302710       3.314150       3.325480       3.336700       3.347790       3.358770       3.369630       3.380370       3.390980       3.401470       3.411830       3.422060       3.432170       3.442150       3.452000       3.461730       3.471330       3.480800       3.490150       3.499370       3.508470       3.517450       3.526310       3.535060    
   3.225800       3.237850       3.249800       3.261650       3.273410       3.285060       3.296610       3.308050       3.319380       3.330590       3.341690       3.352670       3.363540       3.374280       3.384900       3.395400       3.405770       3.416020       3.426150       3.436150       3.446020       3.455770       3.465400       3.474900       3.484280       3.493530       3.502670       3.511680       3.520580       3.529370    
   3.219730       3.231770       3.243710       3.255560       3.267310       3.278950       3.290490       3.301930       3.313250       3.324470       3.335570       3.346550       3.357420       3.368170       3.378800       3.389310       3.399700       3.409960       3.420100       3.430120       3.440020       3.449790       3.459440       3.468970       3.478380       3.487670       3.496840       3.505890       3.514820       3.523650    
   3.213640       3.225670       3.237600       3.249440       3.261180       3.272820       3.284360       3.295790       3.307110       3.318330       3.329430       3.340420       3.351290       3.362040       3.372680       3.383200       3.393600       3.403880       3.414040       3.424080       3.433990       3.443790       3.453470       3.463020       3.472460       3.481780       3.490980       3.500070       3.509040       3.517900    
   3.207520       3.219550       3.231470       3.243300       3.255040       3.266670       3.278200       3.289630       3.300950       3.312170       3.323270       3.334260       3.345140       3.355900       3.366540       3.377070       3.387490       3.397780       3.407960       3.418010       3.427950       3.437770       3.447470       3.457050       3.466520       3.475870       3.485100       3.494220       3.503230       3.512120    
   3.201390       3.213400       3.225320       3.237150       3.248880       3.260500       3.272030       3.283460       3.294780       3.305990       3.317090       3.328080       3.338970       3.349740       3.360390       3.370930       3.381350       3.391660       3.401850       3.411930       3.421890       3.431730       3.441450       3.451060       3.460550       3.469930       3.479200       3.488350       3.497390       3.506320    
   3.195240       3.207240       3.219160       3.230970       3.242700       3.254320       3.265840       3.277260       3.288580       3.299790       3.310900       3.321890       3.332780       3.343560       3.354220       3.364770       3.375200       3.385530       3.395730       3.405830       3.415800       3.425670       3.435410       3.445050       3.454570       3.463980       3.473270       3.482460       3.491530       3.500500    
   3.189070       3.201070       3.212970       3.224780       3.236500       3.248120       3.259640       3.271060       3.282370       3.293580       3.304690       3.315690       3.326580       3.337360       3.348030       3.358590       3.369040       3.379380       3.389600       3.399710       3.409700       3.419590       3.429360       3.439020       3.448560       3.458000       3.467330       3.476540       3.485650       3.494650    
   3.182880       3.194870       3.206770       3.218580       3.230290       3.241900       3.253420       3.264830       3.276150       3.287360       3.298470       3.309470       3.320360       3.331150       3.341830       3.352400       3.362860       3.373210       3.383450       3.393570       3.403590       3.413490       3.423290       3.432970       3.442540       3.452000       3.461360       3.470610       3.479750       3.488780    
   3.176680       3.188660       3.200550       3.212350       3.224060       3.235670       3.247180       3.258590       3.269910       3.281120       3.292230       3.303230       3.314130       3.324930       3.335610       3.346190       3.356660       3.367030       3.377280       3.387420       3.397460       3.407380       3.417200       3.426900       3.436500       3.445990       3.455380       3.464650       3.473830       3.482900    
   3.176650       3.188630       3.201920       3.206110       3.217810       3.229420       3.240930       3.252340       3.263650       3.274870       3.285980       3.296980       3.307890       3.318690       3.329380       3.339970       3.350450       3.360830       3.371100       3.381260       3.391310       3.401250       3.411090       3.420820       3.430440       3.439960       3.449370       3.458680       3.467880       3.476990    
   3.176620       3.193330       3.206110       3.210190       3.211560       3.223160       3.234660       3.246070       3.257390       3.268600       3.279710       3.290720       3.301630       3.312440       3.323140       3.333740       3.344230       3.354620       3.364900       3.375080       3.385150       3.395110       3.404970       3.414720       3.424370       3.433910       3.443350       3.452690       3.461920       3.471060    
   3.185150       3.206110       3.207500       3.208430       3.205290       3.216880       3.228390       3.239800       3.251110       3.262320       3.273440       3.284450       3.295360       3.306180       3.316890       3.327490       3.338000       3.348400       3.358690       3.368880       3.378970       3.388960       3.398830       3.408610       3.418280       3.427850       3.437320       3.446680       3.455950       3.465110    
   3.206110       3.206440       3.206860       3.205290       3.210920       3.210600       3.222100       3.233510       3.244820       3.256030       3.267150       3.278170       3.289080       3.299900       3.310620       3.321240       3.331750       3.342160       3.352470       3.362680       3.372780       3.382790       3.392690       3.402480       3.412180       3.421770       3.431270       3.440660       3.449950       3.459150    
   3.205980       3.206070       3.205290       3.208940       3.210600       3.216170       3.215800       3.227210       3.238520       3.249730       3.260850       3.271870       3.282790       3.293620       3.304340       3.314970       3.325490       3.335920       3.346240       3.356460       3.366580       3.376600       3.386520       3.396340       3.406060       3.415680       3.425200       3.434620       3.443940       3.453170    
   3.205680       3.205290       3.208280       3.210600       3.214190       3.215800       3.221510       3.227180       3.239720       3.243420       3.254540       3.265570       3.276490       3.287320       3.298060       3.308690       3.319220       3.329660       3.340000       3.350240       3.360370       3.370410       3.380350       3.390190       3.399930       3.409570       3.419120       3.428570       3.437920       3.447180    
   3.205290       3.208060       3.210600       3.213530       3.215800       3.218650       3.221490       3.232960       3.243420       3.248980       3.255140       3.259250       3.270180       3.281020       3.291760       3.302400       3.312950       3.323390       3.333740       3.344000       3.354150       3.364210       3.374160       3.384030       3.393790       3.403460       3.413030       3.422500       3.431880       3.441170    
   3.207980       3.210600       3.213310       3.215800       3.217230       3.218650       3.229130       3.243420       3.246200       3.251310       3.256090       3.252930       3.263860       3.274710       3.285450       3.296100       3.306660       3.317120       3.327480       3.337750       3.347920       3.357990       3.367970       3.377850       3.387640       3.397330       3.406920       3.416420       3.425830       3.435140    
   3.210600       3.213240       3.215800       3.216510       3.217230       3.227110       3.243420       3.244810       3.249670       3.254510       3.252930       3.258390       3.264970       3.268390       3.279140       3.289800       3.300360       3.310840       3.321210       3.331490       3.341680       3.351770       3.361760       3.371670       3.381470       3.391190       3.400810       3.410330       3.419770       3.429110    
   3.213210       3.215800       3.216160       3.216510       3.226070       3.243420       3.244110       3.248910       3.253720       3.252930       3.255660       3.261170       3.268390       3.273770       3.279110       3.289770       3.300330       3.310800       3.321540       3.325230       3.335430       3.345530       3.355550       3.365470       3.375300       3.385040       3.394680       3.404230       3.413690       3.423060    
   3.215800       3.215980       3.216160       3.225540       3.243420       3.243770       3.248540       3.253320       3.252930       3.254300       3.259540       3.268390       3.271080       3.273760       3.280880       3.289740       3.300300       3.314740       3.322090       3.318950       3.329170       3.339290       3.349330       3.359270       3.369120       3.378870       3.388540       3.398120       3.407610       3.417000    
   3.215890       3.215980       3.225270       3.243420       3.243590       3.248360       3.253130       3.252930       3.253610       3.258790       3.268390       3.269730       3.271070       3.275240       3.281460       3.290310       3.308850       3.320520       3.318950       3.323670       3.322900       3.333040       3.343090       3.353050       3.362920       3.372700       3.382400       3.392000       3.401510       3.410940    
   3.215890       3.225140       3.243420       3.243510       3.248270       3.253030       3.252930       3.253270       3.258430       3.268390       3.269060       3.269730       3.272020       3.275920       3.282330       3.300080       3.319740       3.318950       3.316610       3.316630       3.322720       3.326790       3.336860       3.346840       3.356730       3.366530       3.376240       3.385870       3.395410       3.404860    
   3.225070       3.243420       3.243460       3.248220       3.252980       3.252930       3.253100       3.258260       3.268390       3.268730       3.269060       3.270270       3.272560       3.272110       3.282400       3.300070       3.300070       3.304520       3.309300       3.307210       3.310350       3.320530       3.330610       3.340610       3.350520       3.360340       3.370080       3.379730       3.389290       3.398770    
   3.243420       3.243440       3.248200       3.252950       3.252930       3.253020       3.258170       3.268390       3.268560       3.268730       3.269350       3.270630       3.266130       3.257960       3.258160       3.277840       3.280400       3.281190       3.296520       3.304070       3.304070       3.314260       3.324360       3.334380       3.344310       3.354150       3.363910       3.373580       3.383170       3.392680    
   3.243430       3.248190       3.252940       3.252930       3.252970       3.258130       3.268390       3.268470       3.268560       3.268880       3.253210       3.228660       3.248030       3.257760       3.257760       3.258160       3.272750       3.279610       3.281190       3.293630       3.297780       3.307990       3.318100       3.328140       3.338090       3.347950       3.357730       3.367430       3.377040       3.386570    
   3.248180       3.252940       3.252930       3.252950       3.258100       3.268390       3.268430       3.268470       3.268640       3.249590       3.228660       3.228660       3.228660       3.247740       3.257370       3.257370       3.258160       3.272020       3.278030       3.281190       3.291490       3.301710       3.311840       3.321890       3.331860       3.341750       3.351550       3.361270       3.370910       3.380460    
   3.252930       3.252930       3.252940       3.258090       3.268390       3.268410       3.268430       3.247980       3.236040       3.228640       3.228660       3.228660       3.228660       3.228660       3.247180       3.256580       3.256580       3.258160       3.270700       3.274880       3.285190       3.295430       3.305580       3.315650       3.325630       3.335540       3.345360       3.355110       3.364770       3.374350    
   3.252930       3.252940       3.258090       3.268390       3.268400       3.228770       3.169320       3.177850       3.186370       3.214520       3.228610       3.228660       3.228660       3.228660       3.228660       3.246110       3.255000       3.255000       3.258160       3.268570       3.278900       3.289140       3.299310       3.309400       3.319400       3.329330       3.339170       3.348940       3.358620       3.368230    
   3.252930       3.258090       3.268390       3.268400       3.220830       3.169310       3.169310       3.169320       3.177850       3.186370       3.214430       3.228500       3.228660       3.228660       3.228660       3.228660       3.244200       3.251830       3.251830       3.262250       3.272600       3.282860       3.293040       3.303140       3.313170       3.323110       3.332980       3.342760       3.352470       3.362100    
