iMOD/TUTORIALS/TUT_MetaswapAnalyser/model_MetaSWAP/meteo/Evaporation/Evaporation_20050808_L1.ASC
NCOLS                30
NROWS                30
XLLCORNER     160000.00
YLLCORNER     340000.00
CELLSIZE        1000.00
NODATA_VALUE   -9999.00
   2.226930       2.228190       2.229330       2.230350       2.231260       2.232050       2.232730       2.233300       2.233760       2.234110       2.234350       2.234480       2.234520       2.234440       2.234270       2.233990       2.233620       2.233160       2.232600       2.231950       2.231210       2.230380       2.229480       2.228490       2.227420       2.226270       2.225060       2.223770       2.222420       2.221000    
   2.218870       2.220060       2.221140       2.222100       2.222960       2.223700       2.224330       2.224860       2.225280       2.225590       2.225800       2.225900       2.225910       2.225810       2.225620       2.225330       2.224950       2.224480       2.223920       2.223270       2.222530       2.221720       2.220820       2.219850       2.218800       2.217680       2.216490       2.215240       2.213920       2.212540    
   2.210750       2.211870       2.212890       2.213800       2.214600       2.215290       2.215880       2.216360       2.216730       2.217010       2.217180       2.217260       2.217240       2.217120       2.216910       2.216610       2.216220       2.215740       2.215180       2.214530       2.213800       2.212990       2.212110       2.211160       2.210130       2.209030       2.207870       2.206640       2.205360       2.204010    
   2.202570       2.203630       2.204590       2.205440       2.206180       2.206830       2.207360       2.207800       2.208140       2.208380       2.208520       2.208570       2.208520       2.208380       2.208150       2.207840       2.207430       2.206950       2.206380       2.205740       2.205010       2.204220       2.203340       2.202400       2.201400       2.200320       2.199190       2.197990       2.196740       2.195430    
   2.194350       2.195350       2.196240       2.197030       2.197720       2.198310       2.198800       2.199200       2.199490       2.199700       2.199800       2.199820       2.199750       2.199590       2.199340       2.199010       2.198600       2.198110       2.197540       2.196890       2.196170       2.195380       2.194520       2.193600       2.192610       2.191560       2.190450       2.189290       2.188060       2.186790    
   2.186090       2.187020       2.187850       2.188580       2.189220       2.189760       2.190200       2.190550       2.190800       2.190970       2.191040       2.191030       2.190930       2.190750       2.190480       2.190140       2.189710       2.189210       2.188640       2.188000       2.187280       2.186500       2.185660       2.184750       2.183780       2.182750       2.181670       2.180530       2.179340       2.178100    
   2.177780       2.178650       2.179420       2.180090       2.180670       2.181160       2.181550       2.181860       2.182070       2.182200       2.182240       2.182200       2.182070       2.181860       2.181580       2.181220       2.180780       2.180280       2.179700       2.179060       2.178350       2.177570       2.176740       2.175850       2.174900       2.173890       2.172830       2.171730       2.170570       2.169370    
   2.169440       2.170240       2.170950       2.171560       2.172090       2.172520       2.172870       2.173130       2.173300       2.173390       2.173400       2.173320       2.173170       2.172940       2.172640       2.172260       2.171810       2.171300       2.170720       2.170080       2.169370       2.168600       2.167780       2.166900       2.165970       2.164990       2.163960       2.162880       2.161750       2.160590    
   2.161070       2.161800       2.162450       2.163000       2.163470       2.163850       2.164150       2.164360       2.164490       2.164550       2.164520       2.164410       2.164230       2.163980       2.163660       2.163260       2.162810       2.162280       2.161700       2.161060       2.160350       2.159600       2.158780       2.157920       2.157010       2.156050       2.155040       2.153990       2.152900       2.151760    
   2.152660       2.153330       2.153910       2.154410       2.154820       2.155150       2.155400       2.155570       2.155660       2.155670       2.155610       2.155470       2.155260       2.154990       2.154640       2.154240       2.153760       2.153230       2.152640       2.152000       2.151300       2.150550       2.149750       2.148900       2.148010       2.147070       2.146090       2.145070       2.144000       2.142910    
   2.152630       2.153300       2.151860       2.145790       2.146150       2.146430       2.146630       2.146750       2.146790       2.146770       2.146670       2.146500       2.146260       2.145960       2.145600       2.145180       2.144690       2.144150       2.143560       2.142910       2.142220       2.141470       2.140680       2.139850       2.138970       2.138060       2.137100       2.136110       2.135080       2.134010    
   2.152600       2.150900       2.145790       2.139530       2.137460       2.137680       2.137830       2.137900       2.137910       2.137840       2.137710       2.137500       2.137240       2.136920       2.136530       2.136090       2.135590       2.135040       2.134440       2.133800       2.133100       2.132370       2.131590       2.130770       2.129910       2.129010       2.128080       2.127120       2.126120       2.125090    
   2.150280       2.145790       2.136790       2.133100       2.128740       2.128910       2.129010       2.129040       2.129000       2.128890       2.128720       2.128490       2.128190       2.127840       2.127440       2.126980       2.126470       2.125910       2.125310       2.124660       2.123970       2.123230       2.122460       2.121660       2.120820       2.119940       2.119040       2.118100       2.117130       2.116140    
   2.145790       2.135560       2.130920       2.128740       2.125930       2.120130       2.120180       2.120160       2.120070       2.119930       2.119720       2.119450       2.119130       2.118750       2.118330       2.117850       2.117320       2.116760       2.116140       2.115490       2.114800       2.114080       2.113320       2.112530       2.111700       2.110850       2.109970       2.109060       2.108120       2.107160    
   2.134980       2.129830       2.128740       2.124930       2.120130       2.117210       2.111330       2.111260       2.111140       2.110950       2.110700       2.110400       2.110050       2.109650       2.109200       2.108700       2.108160       2.107580       2.106970       2.106310       2.105620       2.104900       2.104150       2.103380       2.102570       2.101740       2.100880       2.100000       2.099090       2.098170    
   2.129280       2.128740       2.124600       2.120130       2.116220       2.111330       2.111290       2.111240       2.108830       2.101960       2.101680       2.101340       2.100960       2.100530       2.100060       2.099540       2.098990       2.098400       2.097770       2.097120       2.096430       2.095710       2.094970       2.094210       2.093420       2.092610       2.091770       2.090920       2.090050       2.089160    
   2.128740       2.124490       2.120130       2.115890       2.111330       2.111310       2.111290       2.108330       2.101960       2.101820       2.096090       2.092270       2.091860       2.091400       2.090900       2.090370       2.089800       2.089200       2.088570       2.087910       2.087220       2.086510       2.085780       2.085020       2.084250       2.083460       2.082650       2.081830       2.080990       2.080130    
   2.124450       2.120130       2.115780       2.111330       2.111320       2.111310       2.108220       2.101960       2.101890       2.094160       2.087730       2.083200       2.082750       2.082270       2.081750       2.081190       2.080610       2.079990       2.079350       2.078690       2.078000       2.077300       2.076570       2.075830       2.075080       2.074310       2.073520       2.072730       2.071920       2.071090    
   2.120130       2.115750       2.111330       2.111330       2.111320       2.108200       2.101960       2.101920       2.093340       2.085470       2.083200       2.082970       2.080340       2.073130       2.072590       2.072010       2.071410       2.070780       2.070130       2.069470       2.068780       2.068080       2.067360       2.066640       2.065900       2.065150       2.064390       2.063620       2.062840       2.062050    
   2.115740       2.111330       2.111330       2.111330       2.108200       2.101960       2.101940       2.092950       2.084330       2.083200       2.083090       2.079910       2.073130       2.072860       2.072580       2.072000       2.071400       2.070770       2.064330       2.060240       2.059560       2.058860       2.058150       2.057430       2.056710       2.055980       2.055240       2.054500       2.053760       2.053000    
   2.111330       2.111330       2.111330       2.108200       2.101960       2.101950       2.092760       2.083770       2.083200       2.083140       2.079830       2.073130       2.072990       2.072860       2.072480       2.071990       2.071390       2.062630       2.055630       2.051020       2.050330       2.049640       2.048940       2.048230       2.047530       2.046820       2.046100       2.045390       2.044680       2.043960    
   2.111330       2.111330       2.108210       2.101960       2.101960       2.092670       2.083480       2.083200       2.083170       2.079830       2.073130       2.073060       2.072990       2.072780       2.072440       2.071960       2.062070       2.053320       2.051020       2.047490       2.041110       2.040420       2.039730       2.039040       2.038340       2.037650       2.036970       2.036280       2.035600       2.034920    
   2.111330       2.108210       2.101960       2.101960       2.092630       2.083340       2.083200       2.083190       2.079830       2.073130       2.073100       2.073060       2.072940       2.072740       2.072390       2.056420       2.052170       2.051020       2.037130       2.031910       2.031490       2.031210       2.030530       2.029840       2.029170       2.028500       2.027840       2.027180       2.026530       2.025880    
   2.108210       2.101960       2.101960       2.092600       2.083270       2.083200       2.083190       2.079840       2.073130       2.073110       2.073100       2.073030       2.072910       2.049130       2.033310       2.023470       2.023460       2.022540       2.021180       2.018110       2.022700       2.022010       2.021330       2.020670       2.020010       2.019360       2.018720       2.018090       2.017470       2.016860    
   2.101960       2.101960       2.092590       2.083240       2.083200       2.083200       2.079840       2.073130       2.073120       2.073110       2.073080       2.073010       2.030230       1.978180       1.978460       1.996400       1.994770       1.995910       2.007440       2.013520       2.013510       2.012830       2.012160       2.011500       2.010860       2.010230       2.009620       2.009020       2.008430       2.007850    
   2.101960       2.092590       2.083220       2.083200       2.083200       2.079840       2.073130       2.073130       2.073120       2.073110       2.024760       1.952290       1.969320       1.977900       1.977900       1.978460       1.988900       1.993630       1.995910       2.002240       2.004350       2.003670       2.003000       2.002350       2.001730       2.001120       2.000530       1.999960       1.999400       1.998860    
   2.092580       2.083210       2.083200       2.083200       2.079840       2.073130       2.073130       2.073130       2.073120       2.015110       1.952290       1.952290       1.952290       1.968900       1.977330       1.977330       1.978460       1.987610       1.991350       1.995910       1.995200       1.994520       1.993860       1.993230       1.992620       1.992030       1.991470       1.990920       1.990400       1.989900    
   2.083200       2.083200       2.083200       2.079840       2.073130       2.073130       2.073130       2.032220       1.993510       1.952270       1.952290       1.952290       1.952290       1.952290       1.968080       1.976200       1.976200       1.978460       1.984720       1.986800       1.986090       1.985410       1.984750       1.984130       1.983540       1.982970       1.982430       1.981920       1.981430       1.980960    
   2.083200       2.083200       2.079840       2.073130       2.073130       2.004700       1.902070       1.905780       1.909500       1.937960       1.952220       1.952290       1.952290       1.952290       1.952290       1.966490       1.973950       1.973940       1.978460       1.977710       1.977000       1.976320       1.975680       1.975060       1.974480       1.973940       1.973430       1.972940       1.972490       1.972060    
   2.083200       2.079840       2.073130       2.073130       1.991010       1.902050       1.902050       1.902070       1.905780       1.909500       1.937840       1.952070       1.952290       1.952290       1.952290       1.952290       1.963520       1.969440       1.969420       1.968670       1.967950       1.967270       1.966630       1.966030       1.965470       1.964940       1.964460       1.964000       1.963580       1.963190    
