iMOD/TUTORIALS/TUT_MetaswapAnalyser/model_MetaSWAP/meteo/Evaporation/Evaporation_20050902_L1.ASC
NCOLS                30
NROWS                30
XLLCORNER     160000.00
YLLCORNER     340000.00
CELLSIZE        1000.00
NODATA_VALUE   -9999.00
   3.370980       3.370530       3.370020       3.369430       3.368770       3.368050       3.367260       3.366400       3.365480       3.364490       3.363440       3.362320       3.361140       3.359890       3.358580       3.357210       3.355780       3.354280       3.352720       3.351100       3.349410       3.347670       3.345860       3.343990       3.342060       3.340070       3.338010       3.335900       3.333720       3.331490    
   3.376320       3.375840       3.375290       3.374680       3.373990       3.373250       3.372430       3.371550       3.370600       3.369590       3.368520       3.367380       3.366180       3.364910       3.363580       3.362190       3.360740       3.359220       3.357640       3.356010       3.354310       3.352540       3.350720       3.348840       3.346900       3.344890       3.342830       3.340700       3.338520       3.336280    
   3.381610       3.381100       3.380520       3.379880       3.379170       3.378400       3.377560       3.376650       3.375690       3.374650       3.373560       3.372400       3.371170       3.369890       3.368540       3.367130       3.365660       3.364130       3.362530       3.360880       3.359160       3.357390       3.355550       3.353660       3.351700       3.349690       3.347610       3.345480       3.343290       3.341040    
   3.386860       3.386320       3.385710       3.385040       3.384310       3.383510       3.382640       3.381720       3.380720       3.379670       3.378550       3.377370       3.376130       3.374830       3.373460       3.372030       3.370540       3.369000       3.367390       3.365720       3.363990       3.362200       3.360350       3.358440       3.356480       3.354450       3.352370       3.350220       3.348020       3.345770    
   3.392060       3.391490       3.390860       3.390160       3.389400       3.388580       3.387690       3.386740       3.385730       3.384650       3.383510       3.382310       3.381050       3.379730       3.378340       3.376900       3.375390       3.373830       3.372210       3.370520       3.368780       3.366980       3.365120       3.363200       3.361220       3.359190       3.357090       3.354940       3.352740       3.350470    
   3.397240       3.396630       3.395970       3.395250       3.394460       3.393610       3.392700       3.391730       3.390690       3.389590       3.388430       3.387210       3.385930       3.384590       3.383190       3.381730       3.380210       3.378630       3.376990       3.375290       3.373540       3.371720       3.369850       3.367920       3.365940       3.363890       3.361790       3.359630       3.357420       3.355150    
   3.402370       3.401740       3.401050       3.400290       3.399480       3.398610       3.397670       3.396680       3.395620       3.394500       3.393320       3.392080       3.390780       3.389430       3.388010       3.386530       3.384990       3.383400       3.381750       3.380040       3.378270       3.376440       3.374560       3.372620       3.370620       3.368570       3.366460       3.364300       3.362080       3.359800    
   3.407470       3.406810       3.406090       3.405310       3.404470       3.403570       3.402610       3.401590       3.400510       3.399370       3.398180       3.396920       3.395600       3.394220       3.392790       3.391300       3.389750       3.388140       3.386470       3.384750       3.382970       3.381130       3.379240       3.377290       3.375280       3.373220       3.371110       3.368940       3.366710       3.364430    
   3.412530       3.411840       3.411090       3.410290       3.409420       3.408500       3.407520       3.406470       3.405370       3.404220       3.403000       3.401720       3.400390       3.398990       3.397540       3.396040       3.394470       3.392850       3.391170       3.389430       3.387640       3.385790       3.383890       3.381930       3.379920       3.377850       3.375730       3.373550       3.371320       3.369040    
   3.417570       3.416840       3.416070       3.415230       3.414340       3.413400       3.412390       3.411330       3.410210       3.409030       3.407790       3.406490       3.405140       3.403730       3.402270       3.400740       3.399160       3.397530       3.395840       3.394090       3.392290       3.390430       3.388510       3.386550       3.384530       3.382450       3.380320       3.378140       3.375900       3.373620    
   3.417550       3.416830       3.417070       3.420150       3.419240       3.418260       3.417240       3.416150       3.415010       3.413810       3.412550       3.411240       3.409870       3.408440       3.406960       3.405420       3.403830       3.402180       3.400480       3.398720       3.396900       3.395040       3.393110       3.391140       3.389110       3.387030       3.384890       3.382710       3.380470       3.378180    
   3.417530       3.417900       3.420150       3.423110       3.424100       3.423100       3.422050       3.420940       3.419780       3.418560       3.417290       3.415960       3.414570       3.413130       3.411630       3.410080       3.408470       3.406810       3.405090       3.403320       3.401500       3.399620       3.397690       3.395710       3.393670       3.391580       3.389440       3.387250       3.385010       3.382710    
   3.418440       3.420150       3.424680       3.426520       3.428940       3.427920       3.426840       3.425710       3.424530       3.423290       3.422000       3.420650       3.419240       3.417790       3.416270       3.414710       3.413080       3.411410       3.409680       3.407900       3.406070       3.404180       3.402240       3.400250       3.398210       3.396110       3.393970       3.391770       3.389520       3.387230    
   3.420150       3.425370       3.427730       3.428940       3.429850       3.432700       3.431610       3.430460       3.429250       3.427990       3.426680       3.425310       3.423890       3.422420       3.420890       3.419310       3.417680       3.415990       3.414250       3.412460       3.410610       3.408720       3.406770       3.404770       3.402720       3.400620       3.398470       3.396270       3.394020       3.391720    
   3.425700       3.428340       3.428940       3.430500       3.432700       3.433550       3.436350       3.435170       3.433950       3.432670       3.431340       3.429950       3.428520       3.427030       3.425490       3.423890       3.422240       3.420540       3.418790       3.416990       3.415140       3.413230       3.411280       3.409270       3.407220       3.405110       3.402960       3.400750       3.398500       3.396200    
   3.428640       3.428940       3.430710       3.432700       3.434200       3.436350       3.435760       3.435160       3.434780       3.437320       3.435980       3.434570       3.433120       3.431610       3.430060       3.428450       3.426790       3.425080       3.423320       3.421500       3.419640       3.417730       3.415770       3.413750       3.411690       3.409580       3.407420       3.405220       3.402960       3.400660    
   3.428940       3.430780       3.432700       3.434420       3.436350       3.436060       3.435760       3.435750       3.437320       3.436650       3.438160       3.439170       3.437700       3.436180       3.434610       3.432990       3.431310       3.429590       3.427820       3.426000       3.424130       3.422200       3.420230       3.418220       3.416150       3.414030       3.411870       3.409660       3.407400       3.405100    
   3.430810       3.432700       3.434490       3.436350       3.436200       3.436050       3.436220       3.437320       3.436990       3.439470       3.441460       3.443750       3.442260       3.440730       3.439140       3.437500       3.435820       3.434090       3.432300       3.430470       3.428590       3.426660       3.424680       3.422660       3.420590       3.418470       3.416300       3.414080       3.411820       3.409520    
   3.432700       3.434510       3.436350       3.436280       3.436200       3.436450       3.437320       3.437150       3.440030       3.442610       3.443750       3.443010       3.443000       3.445250       3.443650       3.442000       3.440310       3.438560       3.436770       3.434920       3.433040       3.431100       3.429110       3.427080       3.425000       3.422880       3.420710       3.418490       3.416230       3.413920    
   3.434520       3.436350       3.436310       3.436280       3.436560       3.437320       3.437240       3.440280       3.443180       3.443750       3.443380       3.443750       3.445250       3.444450       3.443630       3.441990       3.440290       3.438550       3.438680       3.439360       3.437460       3.435520       3.433530       3.431490       3.429410       3.427280       3.425100       3.422890       3.420620       3.418310    
   3.436350       3.436330       3.436310       3.436620       3.437320       3.437280       3.440410       3.443460       3.443750       3.443560       3.444030       3.445250       3.444850       3.444440       3.443360       3.441970       3.440270       3.440570       3.441570       3.443780       3.441870       3.439920       3.437920       3.435880       3.433790       3.431660       3.429480       3.427260       3.425000       3.422690    
   3.436340       3.436330       3.436650       3.437320       3.437300       3.440470       3.443610       3.443750       3.443660       3.444150       3.445250       3.445050       3.444850       3.444220       3.443260       3.441870       3.441850       3.442670       3.443780       3.443970       3.446270       3.444310       3.442310       3.440260       3.438170       3.436030       3.433850       3.431620       3.429360       3.427050    
   3.436340       3.436660       3.437320       3.437310       3.440500       3.443680       3.443750       3.443700       3.444200       3.445250       3.445150       3.445050       3.444710       3.444110       3.443110       3.445420       3.443230       3.443780       3.448900       3.450640       3.449460       3.448680       3.446670       3.444620       3.442520       3.440380       3.438200       3.435970       3.433700       3.431390    
   3.436670       3.437320       3.437310       3.440520       3.443710       3.443750       3.443730       3.444230       3.445250       3.445200       3.445150       3.444970       3.444620       3.453120       3.456770       3.456890       3.456890       3.456270       3.455740       3.457190       3.455020       3.453040       3.451030       3.448970       3.446870       3.444720       3.442540       3.440310       3.438040       3.435730    
   3.437320       3.437320       3.440530       3.443730       3.443750       3.443740       3.444240       3.445250       3.445230       3.445200       3.445110       3.444910       3.460850       3.480710       3.480570       3.470520       3.470540       3.470000       3.462960       3.459370       3.459370       3.457390       3.455370       3.453300       3.451200       3.449050       3.446860       3.444630       3.442360       3.440050    
   3.437320       3.440530       3.443740       3.443750       3.443740       3.444240       3.445250       3.445240       3.445230       3.445180       3.465210       3.495420       3.485720       3.480840       3.480840       3.480570       3.474080       3.471080       3.470000       3.465280       3.463710       3.461720       3.459700       3.457630       3.455520       3.453370       3.451180       3.448940       3.446670       3.444360    
   3.440530       3.443750       3.443750       3.443750       3.444250       3.445250       3.445240       3.445240       3.445210       3.469290       3.495420       3.495420       3.495420       3.485920       3.481110       3.481110       3.480570       3.474650       3.472160       3.470000       3.468040       3.466050       3.464010       3.461940       3.459820       3.457670       3.455480       3.453240       3.450970       3.448660    
   3.443750       3.443750       3.443750       3.444250       3.445250       3.445250       3.445240       3.463630       3.479540       3.495430       3.495420       3.495420       3.495420       3.495420       3.486310       3.481650       3.481650       3.480570       3.475880       3.474320       3.472360       3.470360       3.468320       3.466240       3.464120       3.461960       3.459770       3.457540       3.455260       3.452950    
   3.443750       3.443750       3.444250       3.445250       3.445250       3.477160       3.525030       3.521920       3.518810       3.503250       3.495460       3.495420       3.495420       3.495420       3.495420       3.487060       3.482730       3.482730       3.480570       3.478640       3.476670       3.474660       3.472610       3.470530       3.468410       3.466250       3.464050       3.461820       3.459540       3.457230    
   3.443750       3.444250       3.445250       3.445250       3.483550       3.525040       3.525040       3.525030       3.521920       3.518810       3.503310       3.495530       3.495420       3.495420       3.495420       3.495420       3.488450       3.484890       3.484890       3.482950       3.480970       3.478950       3.476900       3.474810       3.472690       3.470520       3.468330       3.466090       3.463820       3.461510    
