iMOD/TUTORIALS/TUT_MetaswapAnalyser/model_MetaSWAP/meteo/Evaporation/Evaporation_20051024_L1.ASC
NCOLS                30
NROWS                30
XLLCORNER     160000.00
YLLCORNER     340000.00
CELLSIZE        1000.00
NODATA_VALUE   -9999.00
  0.1439200      0.1439400      0.1439600      0.1439900      0.1440300      0.1440800      0.1441400      0.1442000      0.1442700      0.1443500      0.1444300      0.1445300      0.1446300      0.1447400      0.1448500      0.1449800      0.1451100      0.1452500      0.1454000      0.1455600      0.1457300      0.1459000      0.1460800      0.1462700      0.1464700      0.1466700      0.1468900      0.1471100      0.1473400      0.1475700    
  0.1442500      0.1442700      0.1443000      0.1443300      0.1443700      0.1444100      0.1444700      0.1445300      0.1446000      0.1446800      0.1447600      0.1448600      0.1449600      0.1450600      0.1451800      0.1453100      0.1454400      0.1455800      0.1457300      0.1458800      0.1460500      0.1462200      0.1464000      0.1465900      0.1467800      0.1469800      0.1472000      0.1474100      0.1476400      0.1478700    
  0.1445900      0.1446100      0.1446300      0.1446600      0.1447000      0.1447500      0.1448000      0.1448600      0.1449300      0.1450100      0.1450900      0.1451900      0.1452900      0.1453900      0.1455100      0.1456300      0.1457600      0.1459000      0.1460500      0.1462000      0.1463700      0.1465400      0.1467100      0.1469000      0.1470900      0.1473000      0.1475000      0.1477200      0.1479500      0.1481800    
  0.1449200      0.1449400      0.1449700      0.1450000      0.1450400      0.1450800      0.1451400      0.1452000      0.1452700      0.1453400      0.1454300      0.1455200      0.1456200      0.1457200      0.1458400      0.1459600      0.1460900      0.1462300      0.1463700      0.1465300      0.1466900      0.1468600      0.1470300      0.1472200      0.1474100      0.1476100      0.1478100      0.1480300      0.1482500      0.1484800    
  0.1452600      0.1452800      0.1453000      0.1453300      0.1453700      0.1454200      0.1454700      0.1455300      0.1456000      0.1456700      0.1457600      0.1458500      0.1459500      0.1460500      0.1461600      0.1462900      0.1464100      0.1465500      0.1467000      0.1468500      0.1470100      0.1471700      0.1473500      0.1475300      0.1477200      0.1479200      0.1481200      0.1483400      0.1485600      0.1487800    
  0.1456000      0.1456100      0.1456400      0.1456700      0.1457100      0.1457500      0.1458100      0.1458600      0.1459300      0.1460100      0.1460900      0.1461800      0.1462800      0.1463800      0.1464900      0.1466100      0.1467400      0.1468800      0.1470200      0.1471700      0.1473300      0.1474900      0.1476700      0.1478500      0.1480400      0.1482300      0.1484300      0.1486500      0.1488600      0.1490900    
  0.1459300      0.1459500      0.1459700      0.1460000      0.1460400      0.1460900      0.1461400      0.1462000      0.1462700      0.1463400      0.1464200      0.1465100      0.1466100      0.1467100      0.1468200      0.1469400      0.1470700      0.1472000      0.1473400      0.1474900      0.1476500      0.1478100      0.1479800      0.1481600      0.1483500      0.1485400      0.1487500      0.1489500      0.1491700      0.1493900    
  0.1462700      0.1462900      0.1463100      0.1463400      0.1463800      0.1464200      0.1464800      0.1465300      0.1466000      0.1466700      0.1467500      0.1468400      0.1469400      0.1470400      0.1471500      0.1472700      0.1473900      0.1475300      0.1476700      0.1478200      0.1479700      0.1481300      0.1483000      0.1484800      0.1486700      0.1488600      0.1490600      0.1492600      0.1494800      0.1497000    
  0.1466100      0.1466200      0.1466500      0.1466800      0.1467200      0.1467600      0.1468100      0.1468700      0.1469300      0.1470100      0.1470900      0.1471700      0.1472700      0.1473700      0.1474800      0.1476000      0.1477200      0.1478500      0.1479900      0.1481400      0.1482900      0.1484500      0.1486200      0.1488000      0.1489800      0.1491700      0.1493700      0.1495700      0.1497900      0.1500000    
  0.1469500      0.1469600      0.1469800      0.1470100      0.1470500      0.1471000      0.1471500      0.1472000      0.1472700      0.1473400      0.1474200      0.1475100      0.1476000      0.1477000      0.1478100      0.1479300      0.1480500      0.1481800      0.1483200      0.1484600      0.1486100      0.1487700      0.1489400      0.1491200      0.1493000      0.1494900      0.1496800      0.1498800      0.1500900      0.1503100    
  0.1469500      0.1469630      0.1470750      0.1473500      0.1473900      0.1474300      0.1474800      0.1475400      0.1476000      0.1476800      0.1477500      0.1478400      0.1479300      0.1480300      0.1481400      0.1482500      0.1483800      0.1485100      0.1486400      0.1487900      0.1489400      0.1491000      0.1492600      0.1494300      0.1496100      0.1498000      0.1499900      0.1502000      0.1504000      0.1506200    
  0.1469510      0.1470850      0.1473500      0.1476320      0.1477300      0.1477700      0.1478200      0.1478700      0.1479400      0.1480100      0.1480900      0.1481700      0.1482600      0.1483600      0.1484700      0.1485800      0.1487000      0.1488300      0.1489700      0.1491100      0.1492600      0.1494200      0.1495800      0.1497500      0.1499300      0.1501200      0.1503100      0.1505100      0.1507100      0.1509300    
  0.1470820      0.1473500      0.1477340      0.1478950      0.1480600      0.1481100      0.1481500      0.1482100      0.1482700      0.1483400      0.1484200      0.1485100      0.1486000      0.1486900      0.1488000      0.1489100      0.1490300      0.1491600      0.1492900      0.1494300      0.1495800      0.1497400      0.1499000      0.1500700      0.1502500      0.1504300      0.1506200      0.1508200      0.1510200      0.1512300    
  0.1473500      0.1477800      0.1479780      0.1480600      0.1482030      0.1484400      0.1484900      0.1485500      0.1486100      0.1486800      0.1487500      0.1488400      0.1489300      0.1490300      0.1491300      0.1492400      0.1493600      0.1494900      0.1496200      0.1497600      0.1499100      0.1500600      0.1502200      0.1503900      0.1505600      0.1507500      0.1509300      0.1511300      0.1513300      0.1515400    
  0.1478020      0.1480190      0.1480600      0.1482340      0.1484400      0.1485870      0.1488300      0.1488800      0.1489400      0.1490100      0.1490900      0.1491700      0.1492600      0.1493600      0.1494600      0.1495700      0.1496900      0.1498100      0.1499500      0.1500800      0.1502300      0.1503800      0.1505400      0.1507100      0.1508800      0.1510600      0.1512500      0.1514400      0.1516400      0.1518500    
  0.1480390      0.1480600      0.1482450      0.1484400      0.1486190      0.1488300      0.1488550      0.1488830      0.1490450      0.1493500      0.1494200      0.1495000      0.1495900      0.1496900      0.1497900      0.1499000      0.1500200      0.1501400      0.1502700      0.1504100      0.1505500      0.1507000      0.1508600      0.1510300      0.1512000      0.1513800      0.1515600      0.1517500      0.1519500      0.1521600    
  0.1480600      0.1482480      0.1484400      0.1486300      0.1488300      0.1488420      0.1488560      0.1490330      0.1493500      0.1493850      0.1496560      0.1498400      0.1499300      0.1500200      0.1501200      0.1502300      0.1503500      0.1504700      0.1506000      0.1507300      0.1508800      0.1510300      0.1511800      0.1513500      0.1515200      0.1516900      0.1518800      0.1520700      0.1522600      0.1524700    
  0.1482490      0.1484400      0.1486330      0.1488300      0.1488360      0.1488430      0.1490200      0.1493500      0.1493680      0.1497130      0.1500050      0.1501700      0.1502600      0.1503500      0.1504500      0.1505600      0.1506800      0.1508000      0.1509200      0.1510600      0.1512000      0.1513500      0.1515000      0.1516700      0.1518300      0.1520100      0.1521900      0.1523800      0.1525800      0.1527800    
  0.1484400      0.1486340      0.1488300      0.1488330      0.1488360      0.1490120      0.1493500      0.1493590      0.1497380      0.1500880      0.1501700      0.1502150      0.1503650      0.1506800      0.1507800      0.1508900      0.1510000      0.1511200      0.1512500      0.1513800      0.1515200      0.1516700      0.1518300      0.1519900      0.1521500      0.1523300      0.1525100      0.1526900      0.1528900      0.1530900    
  0.1486350      0.1488300      0.1488320      0.1488330      0.1490080      0.1493500      0.1493540      0.1497490      0.1501290      0.1501700      0.1501920      0.1503570      0.1506800      0.1507300      0.1507830      0.1508900      0.1510030      0.1511230      0.1515000      0.1517100      0.1518500      0.1519900      0.1521500      0.1523100      0.1524700      0.1526400      0.1528200      0.1530100      0.1532000      0.1534000    
  0.1488300      0.1488310      0.1488320      0.1490060      0.1493500      0.1493520      0.1497550      0.1501490      0.1501700      0.1501810      0.1503500      0.1506800      0.1507050      0.1507310      0.1508010      0.1508920      0.1510060      0.1515080      0.1518750      0.1520400      0.1521700      0.1523200      0.1524700      0.1526300      0.1527900      0.1529600      0.1531400      0.1533200      0.1535100      0.1537100    
  0.1488300      0.1488310      0.1490050      0.1493500      0.1493510      0.1497570      0.1501600      0.1501700      0.1501760      0.1503450      0.1506800      0.1506930      0.1507050      0.1507460      0.1508080      0.1509000      0.1514810      0.1519580      0.1520400      0.1522370      0.1525000      0.1526400      0.1527900      0.1529500      0.1531100      0.1532800      0.1534500      0.1536400      0.1538200      0.1540200    
  0.1488300      0.1490040      0.1493500      0.1493510      0.1497590      0.1501650      0.1501700      0.1501730      0.1503430      0.1506800      0.1506860      0.1506930      0.1507150      0.1507530      0.1508180      0.1516400      0.1519990      0.1520400      0.1526030      0.1528250      0.1529080      0.1529600      0.1531100      0.1532700      0.1534300      0.1536000      0.1537700      0.1539500      0.1541400      0.1543300    
  0.1490040      0.1493500      0.1493500      0.1497590      0.1501670      0.1501700      0.1501710      0.1503410      0.1506800      0.1506830      0.1506860      0.1506980      0.1507200      0.1517010      0.1524480      0.1530150      0.1530150      0.1530980      0.1532030      0.1533100      0.1531500      0.1532900      0.1534300      0.1535900      0.1537500      0.1539100      0.1540900      0.1542600      0.1544500      0.1546400    
  0.1493500      0.1493500      0.1497600      0.1501690      0.1501700      0.1501710      0.1503410      0.1506800      0.1506820      0.1506830      0.1506890      0.1507010      0.1524380      0.1545300      0.1545200      0.1539440      0.1540310      0.1539900      0.1536550      0.1534730      0.1534700      0.1536100      0.1537600      0.1539100      0.1540700      0.1542300      0.1544000      0.1545800      0.1547600      0.1549500    
  0.1493500      0.1497600      0.1501690      0.1501700      0.1501700      0.1503400      0.1506800      0.1506810      0.1506820      0.1506850      0.1525710      0.1553900      0.1548250      0.1545410      0.1545410      0.1545200      0.1542100      0.1540720      0.1539900      0.1538450      0.1538000      0.1539300      0.1540800      0.1542300      0.1543900      0.1545500      0.1547200      0.1548900      0.1550800      0.1552600    
  0.1497600      0.1501700      0.1501700      0.1501700      0.1503400      0.1506800      0.1506800      0.1506810      0.1506820      0.1529430      0.1553900      0.1553900      0.1553900      0.1548410      0.1545610      0.1545610      0.1545200      0.1542580      0.1541550      0.1539900      0.1541200      0.1542600      0.1544000      0.1545500      0.1547000      0.1548700      0.1550300      0.1552100      0.1553900      0.1555700    
  0.1501700      0.1501700      0.1501700      0.1503400      0.1506800      0.1506800      0.1506800      0.1522430      0.1537560      0.1553910      0.1553900      0.1553900      0.1553900      0.1553900      0.1548710      0.1546020      0.1546020      0.1545200      0.1543680      0.1543200      0.1544500      0.1545800      0.1547200      0.1548700      0.1550200      0.1551800      0.1553500      0.1555200      0.1557000      0.1558900    
  0.1501700      0.1501700      0.1503400      0.1506800      0.1506800      0.1532760      0.1571700      0.1570500      0.1569300      0.1559060      0.1553930      0.1553900      0.1553900      0.1553900      0.1553900      0.1549290      0.1546850      0.1546850      0.1545200      0.1546400      0.1547700      0.1549000      0.1550500      0.1551900      0.1553400      0.1555000      0.1556700      0.1558400      0.1560200      0.1562000    
  0.1501700      0.1503400      0.1506800      0.1506800      0.1537960      0.1571710      0.1571710      0.1571700      0.1570500      0.1569300      0.1559100      0.1553980      0.1553900      0.1553900      0.1553900      0.1553900      0.1550390      0.1548500      0.1548500      0.1549700      0.1551000      0.1552300      0.1553700      0.1555100      0.1556600      0.1558200      0.1559900      0.1561500      0.1563300      0.1565100    
