iMOD/TUTORIALS/TUT_MetaswapAnalyser/model_MetaSWAP/meteo/Evaporation/Evaporation_20050827_L1.ASC
NCOLS                30
NROWS                30
XLLCORNER     160000.00
YLLCORNER     340000.00
CELLSIZE        1000.00
NODATA_VALUE   -9999.00
   2.331510       2.336040       2.340530       2.344960       2.349340       2.353670       2.357940       2.362160       2.366320       2.370430       2.374480       2.378480       2.382410       2.386300       2.390120       2.393880       2.397590       2.401240       2.404830       2.408360       2.411840       2.415260       2.418620       2.421920       2.425170       2.428360       2.431500       2.434590       2.437620       2.440600    
   2.341420       2.346000       2.350540       2.355020       2.359450       2.363820       2.368140       2.372410       2.376620       2.380770       2.384870       2.388900       2.392880       2.396800       2.400660       2.404460       2.408200       2.411880       2.415490       2.419050       2.422550       2.425990       2.429370       2.432690       2.435950       2.439160       2.442300       2.445400       2.448440       2.451420    
   2.351360       2.355990       2.360570       2.365100       2.369580       2.374000       2.378370       2.382680       2.386940       2.391140       2.395270       2.399350       2.403370       2.407320       2.411220       2.415050       2.418820       2.422530       2.426180       2.429760       2.433280       2.436740       2.440140       2.443470       2.446750       2.449970       2.453120       2.456220       2.459260       2.462250    
   2.361320       2.366000       2.370630       2.375210       2.379740       2.384210       2.388630       2.392980       2.397280       2.401520       2.405700       2.409820       2.413880       2.417870       2.421800       2.425670       2.429470       2.433210       2.436880       2.440490       2.444030       2.447510       2.450920       2.454280       2.457560       2.460790       2.463960       2.467060       2.470110       2.473090    
   2.371310       2.376040       2.380720       2.385350       2.389920       2.394440       2.398900       2.403300       2.407650       2.411930       2.416150       2.420310       2.424410       2.428440       2.432400       2.436300       2.440130       2.443900       2.447600       2.451230       2.454790       2.458290       2.461730       2.465090       2.468390       2.471630       2.474800       2.477910       2.480960       2.483950    
   2.381330       2.386100       2.390830       2.395500       2.400120       2.404690       2.409200       2.413640       2.418030       2.422360       2.426620       2.430820       2.434950       2.439020       2.443020       2.446950       2.450810       2.454610       2.458330       2.461990       2.465570       2.469090       2.472540       2.475920       2.479230       2.482480       2.485660       2.488770       2.491820       2.494810    
   2.391360       2.396180       2.400960       2.405680       2.410340       2.414950       2.419510       2.424000       2.428430       2.432800       2.437100       2.441340       2.445510       2.449610       2.453650       2.457610       2.461500       2.465330       2.469080       2.472760       2.476360       2.479900       2.483360       2.486760       2.490080       2.493340       2.496520       2.499640       2.502690       2.505680    
   2.401410       2.406280       2.411100       2.415870       2.420580       2.425240       2.429830       2.434370       2.438850       2.443260       2.447600       2.451880       2.456080       2.460220       2.464290       2.468290       2.472210       2.476060       2.479830       2.483540       2.487160       2.490720       2.494200       2.497610       2.500940       2.504200       2.507400       2.510520       2.513570       2.516560    
   2.411480       2.416390       2.421260       2.426070       2.430830       2.435530       2.440180       2.444760       2.449270       2.453720       2.458110       2.462420       2.466670       2.470840       2.474940       2.478970       2.482920       2.486800       2.490600       2.494320       2.497970       2.501540       2.505040       2.508460       2.511800       2.515070       2.518270       2.521400       2.524450       2.527430    
   2.421550       2.426520       2.431430       2.436290       2.441090       2.445840       2.450530       2.455150       2.459710       2.464200       2.468630       2.472980       2.477260       2.481470       2.485600       2.489660       2.493640       2.497550       2.501370       2.505120       2.508790       2.512380       2.515890       2.519320       2.522670       2.525950       2.529150       2.532280       2.535330       2.538310    
   2.421540       2.426500       2.435190       2.446510       2.451360       2.456150       2.460890       2.465550       2.470150       2.474690       2.479150       2.483540       2.487860       2.492110       2.496270       2.500360       2.504370       2.508300       2.512150       2.515920       2.519610       2.523210       2.526740       2.530180       2.533540       2.536820       2.540030       2.543160       2.546210       2.549180    
   2.421520       2.432430       2.446510       2.457860       2.461640       2.466480       2.471250       2.475960       2.480600       2.485180       2.489680       2.494110       2.498470       2.502740       2.506940       2.511060       2.515100       2.519060       2.522930       2.526720       2.530430       2.534050       2.537590       2.541040       2.544410       2.547700       2.550910       2.554030       2.557080       2.560060    
   2.429240       2.446510       2.460770       2.466780       2.471920       2.476800       2.481620       2.486370       2.491060       2.495670       2.500210       2.504680       2.509070       2.513380       2.517620       2.521770       2.525830       2.529810       2.533710       2.537520       2.541250       2.544880       2.548430       2.551900       2.555280       2.558570       2.561780       2.564910       2.567950       2.570920    
   2.446510       2.462140       2.469350       2.471920       2.478610       2.487120       2.491990       2.496780       2.501510       2.506160       2.510740       2.515250       2.519680       2.524020       2.528290       2.532470       2.536560       2.540570       2.544490       2.548320       2.552060       2.555710       2.559280       2.562750       2.566140       2.569430       2.572650       2.575770       2.578810       2.581770    
   2.462800       2.470630       2.471920       2.479220       2.487120       2.493820       2.502350       2.507190       2.511960       2.516650       2.521270       2.525820       2.530280       2.534660       2.538960       2.543170       2.547290       2.551320       2.555260       2.559110       2.562870       2.566540       2.570120       2.573600       2.576990       2.580290       2.583500       2.586630       2.589660       2.592620    
   2.471280       2.471920       2.479420       2.487120       2.494430       2.502350       2.504770       2.507170       2.515730       2.527140       2.531800       2.536380       2.540870       2.545290       2.549620       2.553860       2.558010       2.562060       2.566030       2.569900       2.573680       2.577360       2.580940       2.584440       2.587830       2.591140       2.594350       2.597470       2.600500       2.603450    
   2.471920       2.479490       2.487120       2.494630       2.502350       2.503560       2.504760       2.513700       2.527140       2.529470       2.539940       2.546930       2.551460       2.555910       2.560270       2.564540       2.568720       2.572800       2.576790       2.580680       2.584470       2.588160       2.591760       2.595260       2.598660       2.601970       2.605180       2.608300       2.611320       2.614260    
   2.479510       2.487120       2.494700       2.502350       2.502950       2.503560       2.512290       2.527140       2.528310       2.541240       2.552200       2.557470       2.562040       2.566520       2.570910       2.575210       2.579410       2.583520       2.587530       2.591440       2.595250       2.598960       2.602570       2.606070       2.609480       2.612790       2.616000       2.619110       2.622130       2.625050    
   2.487120       2.494720       2.502350       2.502650       2.502950       2.511490       2.527140       2.527720       2.541800       2.554840       2.557470       2.559760       2.565780       2.577110       2.581540       2.585860       2.590100       2.594230       2.598260       2.602190       2.606010       2.609740       2.613350       2.616870       2.620280       2.623580       2.626790       2.629900       2.632910       2.635830    
   2.494730       2.502350       2.502500       2.502650       2.511060       2.527140       2.527430       2.542060       2.556150       2.557470       2.558610       2.565030       2.577110       2.579330       2.581500       2.585830       2.590060       2.594200       2.606250       2.612920       2.616760       2.620490       2.624120       2.627640       2.631050       2.634360       2.637560       2.640670       2.643670       2.646570    
   2.502350       2.502430       2.502500       2.510840       2.527140       2.527290       2.542180       2.556810       2.557470       2.558040       2.564560       2.577110       2.578220       2.579310       2.582220       2.585800       2.590030       2.606480       2.618280       2.623630       2.627480       2.631230       2.634860       2.638390       2.641810       2.645110       2.648310       2.651410       2.654400       2.657290    
   2.502390       2.502430       2.510730       2.527140       2.527210       2.542240       2.557140       2.557470       2.557760       2.564290       2.577110       2.577660       2.578210       2.579920       2.582440       2.586020       2.605380       2.620950       2.623630       2.629760       2.638180       2.641940       2.645580       2.649120       2.652530       2.655840       2.659030       2.662120       2.665100       2.667980    
   2.502390       2.510670       2.527140       2.527180       2.542270       2.557310       2.557470       2.557610       2.564160       2.577110       2.577390       2.577660       2.578600       2.580190       2.582790       2.610320       2.622290       2.623630       2.641760       2.648840       2.651100       2.652620       2.656280       2.659810       2.663230       2.666530       2.669720       2.672800       2.675770       2.678630    
   2.510640       2.527140       2.527160       2.542290       2.557390       2.557470       2.557540       2.564090       2.577110       2.577250       2.577390       2.577880       2.578820       2.611410       2.636390       2.655440       2.655450       2.658000       2.661240       2.664800       2.659500       2.663280       2.666940       2.670480       2.673890       2.677190       2.680370       2.683440       2.686400       2.689240    
   2.527140       2.527150       2.542300       2.557430       2.557470       2.557510       2.564050       2.577110       2.577180       2.577250       2.577510       2.578030       2.635430       2.704360       2.704040       2.685570       2.688570       2.687260       2.676110       2.670090       2.670100       2.673900       2.677560       2.681100       2.684520       2.687820       2.690990       2.694050       2.696990       2.699820    
   2.527140       2.542300       2.557450       2.557470       2.557490       2.564030       2.577110       2.577140       2.577180       2.577310       2.638790       2.730580       2.713370       2.704690       2.704690       2.704040       2.694240       2.689880       2.687260       2.682310       2.680670       2.684480       2.688150       2.691690       2.695110       2.698400       2.701560       2.704610       2.707530       2.710340    
   2.542300       2.557460       2.557470       2.557480       2.564030       2.577110       2.577130       2.577140       2.577210       2.650890       2.730580       2.730580       2.730580       2.713850       2.705330       2.705330       2.704040       2.695770       2.692490       2.687260       2.691200       2.695020       2.698690       2.702240       2.705650       2.708940       2.712090       2.715120       2.718030       2.720820    
   2.557470       2.557470       2.557470       2.564020       2.577110       2.577120       2.577130       2.626830       2.676240       2.730610       2.730580       2.730580       2.730580       2.730580       2.714790       2.706620       2.706620       2.704040       2.699300       2.697730       2.701690       2.705510       2.709190       2.712740       2.716150       2.719430       2.722570       2.725590       2.728480       2.731250    
   2.557470       2.557470       2.564020       2.577110       2.577110       2.658550       2.780690       2.778270       2.775840       2.745740       2.730660       2.730580       2.730580       2.730580       2.730580       2.716620       2.709210       2.709210       2.704040       2.708150       2.712120       2.715950       2.719640       2.723190       2.726600       2.729870       2.733000       2.736000       2.738870       2.741620    
   2.557470       2.564020       2.577110       2.577110       2.674850       2.780710       2.780710       2.780690       2.778270       2.775840       2.745880       2.730830       2.730580       2.730580       2.730580       2.730580       2.720070       2.714370       2.714380       2.718520       2.722500       2.726350       2.730040       2.733590       2.736990       2.740250       2.743370       2.746350       2.749200       2.751930    
