iMOD/TUTORIALS/TUT_MetaswapAnalyser/model_MetaSWAP/meteo/Evaporation/Evaporation_20051224_L1.ASC
NCOLS                30
NROWS                30
XLLCORNER     160000.00
YLLCORNER     340000.00
CELLSIZE        1000.00
NODATA_VALUE   -9999.00
  0.1288800      0.1279400      0.1269900      0.1260400      0.1250900      0.1241400      0.1231900      0.1222300      0.1212700      0.1203100      0.1193400      0.1183700      0.1173900      0.1164100      0.1154200      0.1144300      0.1134400      0.1124400      0.1114300      0.1104200      0.1094100      0.1083900      0.1073600      0.1063300      0.1053000      0.1042600      0.1032100      0.1021600      0.1011100      0.1000500    
  0.1277400      0.1267900      0.1258400      0.1248900      0.1239300      0.1229800      0.1220200      0.1210500      0.1200900      0.1191200      0.1181400      0.1171700      0.1161900      0.1152000      0.1142100      0.1132200      0.1122200      0.1112200      0.1102100      0.1092000      0.1081800      0.1071600      0.1061300      0.1051000      0.1040700      0.1030200      0.1019800      0.1009300      0.9987000E-01  0.9881000E-01
  0.1266100      0.1256500      0.1246900      0.1237300      0.1227700      0.1218100      0.1208400      0.1198700      0.1189000      0.1179300      0.1169500      0.1159700      0.1149900      0.1140000      0.1130000      0.1120100      0.1110100      0.1100000      0.1089900      0.1079700      0.1069600      0.1059300      0.1049000      0.1038700      0.1028300      0.1017900      0.1007400      0.9969000E-01  0.9864000E-01  0.9758000E-01
  0.1254700      0.1245100      0.1235500      0.1225800      0.1216100      0.1206400      0.1196700      0.1187000      0.1177200      0.1167400      0.1157600      0.1147700      0.1137800      0.1127900      0.1118000      0.1107900      0.1097900      0.1087800      0.1077700      0.1067500      0.1057300      0.1047000      0.1036700      0.1026400      0.1016000      0.1005600      0.9951000E-01  0.9846000E-01  0.9740000E-01  0.9634000E-01
  0.1243400      0.1233700      0.1224000      0.1214300      0.1204500      0.1194800      0.1185000      0.1175200      0.1165400      0.1155600      0.1145700      0.1135800      0.1125900      0.1115900      0.1105900      0.1095800      0.1085800      0.1075600      0.1065500      0.1055300      0.1045000      0.1034800      0.1024500      0.1014100      0.1003700      0.9932000E-01  0.9828000E-01  0.9722000E-01  0.9617000E-01  0.9511000E-01
  0.1232100      0.1222300      0.1212600      0.1202800      0.1193000      0.1183200      0.1173300      0.1163500      0.1153600      0.1143700      0.1133800      0.1123900      0.1113900      0.1103900      0.1093800      0.1083700      0.1073600      0.1063500      0.1053300      0.1043100      0.1032800      0.1022500      0.1012200      0.1001800      0.9914000E-01  0.9809000E-01  0.9704000E-01  0.9599000E-01  0.9493000E-01  0.9387000E-01
  0.1220800      0.1211000      0.1201100      0.1191300      0.1181400      0.1171600      0.1161700      0.1151800      0.1141800      0.1131900      0.1121900      0.1111900      0.1101900      0.1091900      0.1081800      0.1071700      0.1061500      0.1051300      0.1041100      0.1030900      0.1020600      0.1010300      0.9999000E-01  0.9895000E-01  0.9791000E-01  0.9686000E-01  0.9581000E-01  0.9476000E-01  0.9370000E-01  0.9264000E-01
  0.1209500      0.1199600      0.1189700      0.1179800      0.1169900      0.1160000      0.1150000      0.1140100      0.1130100      0.1120100      0.1110100      0.1100000      0.1090000      0.1079900      0.1069700      0.1059600      0.1049400      0.1039200      0.1029000      0.1018700      0.1008400      0.9980000E-01  0.9876000E-01  0.9772000E-01  0.9668000E-01  0.9563000E-01  0.9458000E-01  0.9352000E-01  0.9247000E-01  0.9140000E-01
  0.1198300      0.1188300      0.1178300      0.1168300      0.1158400      0.1148400      0.1138400      0.1128400      0.1118300      0.1108300      0.1098200      0.1088100      0.1078000      0.1067900      0.1057700      0.1047500      0.1037300      0.1027100      0.1016800      0.1006500      0.9962000E-01  0.9858000E-01  0.9754000E-01  0.9650000E-01  0.9545000E-01  0.9440000E-01  0.9335000E-01  0.9229000E-01  0.9123000E-01  0.9017000E-01
  0.1187000      0.1177000      0.1166900      0.1156900      0.1146900      0.1136800      0.1126800      0.1116700      0.1106600      0.1096500      0.1086400      0.1076300      0.1066100      0.1055900      0.1045700      0.1035500      0.1025300      0.1015000      0.1004700      0.9943000E-01  0.9840000E-01  0.9736000E-01  0.9632000E-01  0.9527000E-01  0.9422000E-01  0.9317000E-01  0.9212000E-01  0.9106000E-01  0.9000000E-01  0.8894000E-01
  0.1187000      0.1176970      0.1161580      0.1145500      0.1135400      0.1125300      0.1115100      0.1105000      0.1094900      0.1084700      0.1074600      0.1064400      0.1054200      0.1044000      0.1033700      0.1023500      0.1013200      0.1002900      0.9926000E-01  0.9822000E-01  0.9718000E-01  0.9614000E-01  0.9510000E-01  0.9405000E-01  0.9300000E-01  0.9195000E-01  0.9089000E-01  0.8983000E-01  0.8877000E-01  0.8771000E-01
  0.1187000      0.1167760      0.1145500      0.1129300      0.1123900      0.1113700      0.1103600      0.1093400      0.1083200      0.1073000      0.1062800      0.1052600      0.1042300      0.1032100      0.1021800      0.1011500      0.1001200      0.9908000E-01  0.9805000E-01  0.9701000E-01  0.9597000E-01  0.9492000E-01  0.9388000E-01  0.9283000E-01  0.9178000E-01  0.9072000E-01  0.8967000E-01  0.8861000E-01  0.8754000E-01  0.8648000E-01
  0.1174320      0.1145500      0.1126340      0.1118150      0.1112400      0.1102200      0.1092000      0.1081800      0.1071500      0.1061300      0.1051000      0.1040700      0.1030500      0.1020200      0.1009800      0.9995000E-01  0.9891000E-01  0.9788000E-01  0.9684000E-01  0.9580000E-01  0.9475000E-01  0.9371000E-01  0.9266000E-01  0.9161000E-01  0.9055000E-01  0.8950000E-01  0.8844000E-01  0.8738000E-01  0.8632000E-01  0.8525000E-01
  0.1145500      0.1124880      0.1115280      0.1112400      0.1101770      0.1090700      0.1080400      0.1070200      0.1059900      0.1049600      0.1039300      0.1028900      0.1018600      0.1008300      0.9979000E-01  0.9875000E-01  0.9771000E-01  0.9667000E-01  0.9563000E-01  0.9459000E-01  0.9354000E-01  0.9249000E-01  0.9144000E-01  0.9039000E-01  0.8933000E-01  0.8828000E-01  0.8722000E-01  0.8615000E-01  0.8509000E-01  0.8402000E-01
  0.1124150      0.1113840      0.1112400      0.1101620      0.1090700      0.1080000      0.1068900      0.1058600      0.1048200      0.1037900      0.1027500      0.1017200      0.1006800      0.9964000E-01  0.9860000E-01  0.9756000E-01  0.9652000E-01  0.9547000E-01  0.9443000E-01  0.9338000E-01  0.9233000E-01  0.9128000E-01  0.9022000E-01  0.8917000E-01  0.8811000E-01  0.8705000E-01  0.8599000E-01  0.8493000E-01  0.8387000E-01  0.8280000E-01
  0.1113120      0.1112400      0.1101570      0.1090700      0.1079870      0.1068900      0.1063750      0.1058570      0.1042720      0.1026200      0.1015800      0.1005400      0.9950000E-01  0.9845000E-01  0.9741000E-01  0.9636000E-01  0.9532000E-01  0.9427000E-01  0.9322000E-01  0.9217000E-01  0.9112000E-01  0.9007000E-01  0.8901000E-01  0.8795000E-01  0.8690000E-01  0.8583000E-01  0.8477000E-01  0.8371000E-01  0.8264000E-01  0.8158000E-01
  0.1112400      0.1101560      0.1090700      0.1079820      0.1068900      0.1066330      0.1063740      0.1047810      0.1026200      0.1021000      0.1004580      0.9936000E-01  0.9832000E-01  0.9727000E-01  0.9622000E-01  0.9517000E-01  0.9412000E-01  0.9307000E-01  0.9202000E-01  0.9097000E-01  0.8991000E-01  0.8886000E-01  0.8780000E-01  0.8674000E-01  0.8568000E-01  0.8462000E-01  0.8355000E-01  0.8249000E-01  0.8142000E-01  0.8035000E-01
  0.1101550      0.1090700      0.1079810      0.1068900      0.1067610      0.1066320      0.1051020      0.1026200      0.1023600      0.1004290      0.9877500E-01  0.9819000E-01  0.9714000E-01  0.9609000E-01  0.9504000E-01  0.9398000E-01  0.9293000E-01  0.9188000E-01  0.9082000E-01  0.8976000E-01  0.8871000E-01  0.8765000E-01  0.8659000E-01  0.8553000E-01  0.8447000E-01  0.8340000E-01  0.8234000E-01  0.8127000E-01  0.8020000E-01  0.7913000E-01
  0.1090700      0.1079800      0.1068900      0.1068260      0.1067610      0.1052790      0.1026200      0.1024900      0.1004160      0.9848250E-01  0.9819000E-01  0.9766500E-01  0.9658250E-01  0.9491000E-01  0.9385000E-01  0.9280000E-01  0.9174000E-01  0.9068000E-01  0.8962000E-01  0.8856000E-01  0.8750000E-01  0.8644000E-01  0.8538000E-01  0.8432000E-01  0.8325000E-01  0.8219000E-01  0.8112000E-01  0.8005000E-01  0.7898000E-01  0.7791000E-01
  0.1079800      0.1068900      0.1068580      0.1068260      0.1053710      0.1026200      0.1025550      0.1004100      0.9833620E-01  0.9819000E-01  0.9792750E-01  0.9683690E-01  0.9491000E-01  0.9438000E-01  0.9385330E-01  0.9279670E-01  0.9174000E-01  0.9068000E-01  0.8848000E-01  0.8737000E-01  0.8630000E-01  0.8524000E-01  0.8417000E-01  0.8311000E-01  0.8204000E-01  0.8098000E-01  0.7991000E-01  0.7884000E-01  0.7777000E-01  0.7670000E-01
  0.1068900      0.1068740      0.1068580      0.1054190      0.1026200      0.1025870      0.1004080      0.9826310E-01  0.9819000E-01  0.9805870E-01  0.9696610E-01  0.9491000E-01  0.9464500E-01  0.9438110E-01  0.9367670E-01  0.9279670E-01  0.9173890E-01  0.8876800E-01  0.8677000E-01  0.8617000E-01  0.8510000E-01  0.8404000E-01  0.8297000E-01  0.8190000E-01  0.8083000E-01  0.7977000E-01  0.7870000E-01  0.7762000E-01  0.7655000E-01  0.7548000E-01
  0.1068820      0.1068740      0.1054430      0.1026200      0.1026040      0.1004060      0.9822660E-01  0.9819000E-01  0.9812440E-01  0.9703120E-01  0.9491000E-01  0.9477750E-01  0.9464540E-01  0.9423430E-01  0.9361820E-01  0.9273740E-01  0.8918870E-01  0.8647000E-01  0.8617000E-01  0.8506000E-01  0.8391000E-01  0.8284000E-01  0.8177000E-01  0.8070000E-01  0.7963000E-01  0.7856000E-01  0.7749000E-01  0.7641000E-01  0.7534000E-01  0.7427000E-01
  0.1068820      0.1054550      0.1026200      0.1026120      0.1004060      0.9820830E-01  0.9819000E-01  0.9815720E-01  0.9706390E-01  0.9491000E-01  0.9484380E-01  0.9477760E-01  0.9455240E-01  0.9416590E-01  0.9352990E-01  0.8889390E-01  0.8632000E-01  0.8617000E-01  0.8371750E-01  0.8271500E-01  0.8207000E-01  0.8164000E-01  0.8057000E-01  0.7950000E-01  0.7842000E-01  0.7735000E-01  0.7628000E-01  0.7520000E-01  0.7413000E-01  0.7306000E-01
  0.1054610      0.1026200      0.1026160      0.1004050      0.9819910E-01  0.9819000E-01  0.9817360E-01  0.9708030E-01  0.9491000E-01  0.9487690E-01  0.9484380E-01  0.9472460E-01  0.9449860E-01  0.9000460E-01  0.8606610E-01  0.8260580E-01  0.8260500E-01  0.8202080E-01  0.8132330E-01  0.8092500E-01  0.8152000E-01  0.8044000E-01  0.7937000E-01  0.7830000E-01  0.7722000E-01  0.7615000E-01  0.7507000E-01  0.7400000E-01  0.7292000E-01  0.7185000E-01
  0.1026200      0.1026180      0.1004050      0.9819460E-01  0.9819000E-01  0.9818180E-01  0.9708850E-01  0.9491000E-01  0.9489340E-01  0.9487690E-01  0.9481510E-01  0.9468900E-01  0.8693160E-01  0.7773340E-01  0.7777000E-01  0.7943120E-01  0.7889250E-01  0.7904000E-01  0.7985310E-01  0.8033000E-01  0.8033000E-01  0.7925000E-01  0.7818000E-01  0.7710000E-01  0.7602000E-01  0.7495000E-01  0.7387000E-01  0.7279000E-01  0.7172000E-01  0.7064000E-01
  0.1026190      0.1004050      0.9819230E-01  0.9819000E-01  0.9818590E-01  0.9709260E-01  0.9491000E-01  0.9490170E-01  0.9489340E-01  0.9486180E-01  0.8702420E-01  0.7537000E-01  0.7691540E-01  0.7769690E-01  0.7769690E-01  0.7777000E-01  0.7845730E-01  0.7874500E-01  0.7904000E-01  0.7911750E-01  0.7914000E-01  0.7806000E-01  0.7698000E-01  0.7590000E-01  0.7483000E-01  0.7375000E-01  0.7267000E-01  0.7159000E-01  0.7051000E-01  0.6944000E-01
  0.1004050      0.9819110E-01  0.9819000E-01  0.9818800E-01  0.9709460E-01  0.9491000E-01  0.9490590E-01  0.9490170E-01  0.9488570E-01  0.8550390E-01  0.7537000E-01  0.7537000E-01  0.7537000E-01  0.7686110E-01  0.7762380E-01  0.7762380E-01  0.7777000E-01  0.7827440E-01  0.7845000E-01  0.7904000E-01  0.7796000E-01  0.7687000E-01  0.7579000E-01  0.7471000E-01  0.7363000E-01  0.7255000E-01  0.7147000E-01  0.7039000E-01  0.6931000E-01  0.6823000E-01
  0.9819060E-01  0.9819000E-01  0.9818900E-01  0.9709560E-01  0.9491000E-01  0.9490790E-01  0.9490590E-01  0.8885330E-01  0.8253160E-01  0.7536680E-01  0.7537000E-01  0.7537000E-01  0.7537000E-01  0.7537000E-01  0.7675380E-01  0.7747750E-01  0.7747750E-01  0.7777000E-01  0.7783750E-01  0.7786000E-01  0.7677000E-01  0.7569000E-01  0.7460000E-01  0.7352000E-01  0.7244000E-01  0.7136000E-01  0.7028000E-01  0.6919000E-01  0.6811000E-01  0.6703000E-01
  0.9819000E-01  0.9818950E-01  0.9709620E-01  0.9491000E-01  0.9490900E-01  0.8522830E-01  0.7071000E-01  0.7071490E-01  0.7072000E-01  0.7381140E-01  0.7536050E-01  0.7537000E-01  0.7537000E-01  0.7537000E-01  0.7537000E-01  0.7654390E-01  0.7718500E-01  0.7718500E-01  0.7777000E-01  0.7668000E-01  0.7559000E-01  0.7451000E-01  0.7342000E-01  0.7233000E-01  0.7125000E-01  0.7016000E-01  0.6908000E-01  0.6800000E-01  0.6692000E-01  0.6584000E-01
  0.9818970E-01  0.9709640E-01  0.9491000E-01  0.9490950E-01  0.8329170E-01  0.7070780E-01  0.7070780E-01  0.7071000E-01  0.7071480E-01  0.7072000E-01  0.7379510E-01  0.7534150E-01  0.7537000E-01  0.7537000E-01  0.7537000E-01  0.7537000E-01  0.7614310E-01  0.7660000E-01  0.7660000E-01  0.7551000E-01  0.7442000E-01  0.7332000E-01  0.7224000E-01  0.7115000E-01  0.7006000E-01  0.6898000E-01  0.6789000E-01  0.6681000E-01  0.6572000E-01  0.6464000E-01
