iMOD/TUTORIALS/TUT_MetaswapAnalyser/model_MetaSWAP/meteo/Evaporation/Evaporation_20051114_L1.ASC
NCOLS                30
NROWS                30
XLLCORNER     160000.00
YLLCORNER     340000.00
CELLSIZE        1000.00
NODATA_VALUE   -9999.00
  0.5830600      0.5813600      0.5796200      0.5778500      0.5760500      0.5742300      0.5723700      0.5704900      0.5685900      0.5666700      0.5647300      0.5627800      0.5608100      0.5588300      0.5568500      0.5548500      0.5528500      0.5508400      0.5488300      0.5468200      0.5448100      0.5428000      0.5407900      0.5387800      0.5367800      0.5347900      0.5328000      0.5308100      0.5288400      0.5268700    
  0.5787600      0.5770400      0.5752700      0.5734800      0.5716600      0.5698100      0.5679300      0.5660300      0.5641200      0.5621800      0.5602200      0.5582600      0.5562800      0.5542800      0.5522900      0.5502800      0.5482700      0.5462500      0.5442400      0.5422200      0.5402100      0.5381900      0.5361800      0.5341800      0.5321800      0.5301800      0.5282000      0.5262200      0.5242500      0.5222900    
  0.5744300      0.5726800      0.5708900      0.5690700      0.5672200      0.5653500      0.5634500      0.5615400      0.5596000      0.5576400      0.5556700      0.5536900      0.5517000      0.5496900      0.5476800      0.5456700      0.5436500      0.5416300      0.5396100      0.5375800      0.5355600      0.5335500      0.5315400      0.5295300      0.5275300      0.5255400      0.5235600      0.5215900      0.5196200      0.5176700    
  0.5700600      0.5682800      0.5664600      0.5646200      0.5627500      0.5608500      0.5589300      0.5570000      0.5550400      0.5530700      0.5510800      0.5490900      0.5470800      0.5450600      0.5430400      0.5410200      0.5389900      0.5369600      0.5349300      0.5329100      0.5308800      0.5288700      0.5268500      0.5248500      0.5228500      0.5208600      0.5188800      0.5169200      0.5149600      0.5130200    
  0.5656600      0.5638400      0.5620000      0.5601300      0.5582400      0.5563200      0.5543800      0.5524200      0.5504500      0.5484600      0.5464600      0.5444400      0.5424200      0.5404000      0.5383700      0.5363300      0.5342900      0.5322600      0.5302200      0.5281900      0.5261700      0.5241500      0.5221400      0.5201300      0.5181400      0.5161500      0.5141800      0.5122100      0.5102600      0.5083300    
  0.5612200      0.5593800      0.5575100      0.5556100      0.5536900      0.5517500      0.5497900      0.5478100      0.5458200      0.5438100      0.5417900      0.5397700      0.5377300      0.5356900      0.5336500      0.5316100      0.5295600      0.5275200      0.5254800      0.5234500      0.5214200      0.5194000      0.5173800      0.5153800      0.5133900      0.5114100      0.5094400      0.5074800      0.5055400      0.5036100    
  0.5567600      0.5548800      0.5529800      0.5510600      0.5491100      0.5471500      0.5451700      0.5431700      0.5411600      0.5391300      0.5371000      0.5350600      0.5330100      0.5309600      0.5289100      0.5268500      0.5248000      0.5227500      0.5207100      0.5186700      0.5166300      0.5146100      0.5126000      0.5106000      0.5086100      0.5066300      0.5046700      0.5027200      0.5007800      0.4988600    
  0.5522600      0.5503600      0.5484300      0.5464800      0.5445100      0.5425200      0.5405200      0.5385000      0.5364700      0.5344300      0.5323800      0.5303200      0.5282600      0.5261900      0.5241300      0.5220700      0.5200000      0.5179500      0.5159000      0.5138600      0.5118200      0.5098000      0.5077900      0.5057900      0.5038000      0.5018200      0.4998700      0.4979200      0.4960000      0.4940900    
  0.5477400      0.5458100      0.5438500      0.5418700      0.5398800      0.5378700      0.5358400      0.5338000      0.5317500      0.5296900      0.5276200      0.5255500      0.5234700      0.5214000      0.5193200      0.5172500      0.5151800      0.5131200      0.5110600      0.5090200      0.5069800      0.5049600      0.5029400      0.5009500      0.4989600      0.4969900      0.4950400      0.4931000      0.4911900      0.4892800    
  0.5432000      0.5412300      0.5392500      0.5372400      0.5352200      0.5331900      0.5311400      0.5290800      0.5270100      0.5249300      0.5228400      0.5207600      0.5186700      0.5165800      0.5144900      0.5124100      0.5103300      0.5082600      0.5062000      0.5041500      0.5021100      0.5000900      0.4980800      0.4960800      0.4941000      0.4921400      0.4901900      0.4882600      0.4863500      0.4844600    
  0.5431900      0.5412270      0.5375780      0.5325900      0.5305400      0.5284800      0.5264100      0.5243300      0.5222400      0.5201400      0.5180400      0.5159400      0.5138300      0.5117300      0.5096300      0.5075400      0.5054600      0.5033800      0.5013200      0.4992600      0.4972200      0.4951900      0.4931800      0.4911900      0.4892100      0.4872500      0.4853100      0.4833900      0.4814900      0.4796100    
  0.5431830      0.5386460      0.5325900      0.5275280      0.5258500      0.5237600      0.5216700      0.5195600      0.5174500      0.5153400      0.5132200      0.5111000      0.5089800      0.5068700      0.5047600      0.5026500      0.5005600      0.4984800      0.4964100      0.4943500      0.4923100      0.4902800      0.4882700      0.4862800      0.4843000      0.4823500      0.4804200      0.4785100      0.4766200      0.4747500    
  0.5398860      0.5325900      0.5261840      0.5234900      0.5211300      0.5190200      0.5169000      0.5147800      0.5126400      0.5105100      0.5083700      0.5062400      0.5041100      0.5019800      0.4998600      0.4977500      0.4956400      0.4935500      0.4914800      0.4894200      0.4873700      0.4853400      0.4833300      0.4813500      0.4793800      0.4774300      0.4755000      0.4736000      0.4717200      0.4698600    
  0.5325900      0.5255540      0.5223100      0.5211300      0.5181400      0.5142700      0.5121200      0.5099700      0.5078200      0.5056700      0.5035100      0.5013600      0.4992100      0.4970700      0.4949400      0.4928200      0.4907100      0.4886100      0.4865300      0.4844600      0.4824200      0.4803900      0.4783800      0.4764000      0.4744300      0.4724900      0.4705700      0.4686800      0.4668000      0.4649600    
  0.5252480      0.5217200      0.5211300      0.5178470      0.5142700      0.5112400      0.5073300      0.5051600      0.5029900      0.5008100      0.4986400      0.4964700      0.4943100      0.4921500      0.4900100      0.4878800      0.4857600      0.4836500      0.4815700      0.4795000      0.4774500      0.4754200      0.4734100      0.4714300      0.4694700      0.4675300      0.4656200      0.4637400      0.4618800      0.4600400    
  0.5214250      0.5211300      0.5177490      0.5142700      0.5109470      0.5073300      0.5062450      0.5051600      0.5012250      0.4959400      0.4937500      0.4915700      0.4893900      0.4872200      0.4850600      0.4829200      0.4807900      0.4786800      0.4765900      0.4745100      0.4724600      0.4704300      0.4684300      0.4664500      0.4644900      0.4625600      0.4606600      0.4587800      0.4569300      0.4551100    
  0.5211300      0.5177160      0.5142700      0.5108490      0.5073300      0.5067880      0.5062450      0.5021420      0.4959400      0.4948450      0.4899280      0.4866500      0.4844600      0.4822800      0.4801100      0.4779500      0.4758100      0.4736900      0.4716000      0.4695200      0.4674700      0.4654400      0.4634300      0.4614600      0.4595100      0.4575800      0.4556900      0.4538200      0.4519800      0.4501700    
  0.5177050      0.5142700      0.5108160      0.5073300      0.5070590      0.5067880      0.5027790      0.4959400      0.4953930      0.4893270      0.4841900      0.4817300      0.4795200      0.4773200      0.4751400      0.4729700      0.4708300      0.4687000      0.4665900      0.4645100      0.4624600      0.4604300      0.4584300      0.4564500      0.4545100      0.4525900      0.4507000      0.4488500      0.4470200      0.4452200    
  0.5142700      0.5108050      0.5073300      0.5071940      0.5070590      0.5031410      0.4959400      0.4956660      0.4890700      0.4829600      0.4817300      0.4806250      0.4777320      0.4723600      0.4701600      0.4679900      0.4658300      0.4637000      0.4615900      0.4595000      0.4574400      0.4554100      0.4534100      0.4514400      0.4495000      0.4475900      0.4457100      0.4438700      0.4420500      0.4402700    
  0.5108020      0.5073300      0.5072620      0.5071940      0.5033340      0.4959400      0.4958030      0.4889500      0.4823450      0.4817300      0.4811780      0.4781120      0.4723600      0.4712600      0.4701700      0.4679930      0.4658400      0.4637070      0.4577460      0.4544800      0.4524200      0.4503900      0.4483900      0.4464200      0.4444900      0.4425900      0.4407200      0.4388800      0.4370800      0.4353100    
  0.5073300      0.5072960      0.5072620      0.5034330      0.4959400      0.4958720      0.4888920      0.4820370      0.4817300      0.4814540      0.4783450      0.4723600      0.4718100      0.4712630      0.4698080      0.4680010      0.4658470      0.4577450      0.4519700      0.4494600      0.4473900      0.4453600      0.4433700      0.4414000      0.4394700      0.4375800      0.4357200      0.4338900      0.4321000      0.4303400    
  0.5073130      0.5072960      0.5034830      0.4959400      0.4959060      0.4888630      0.4818840      0.4817300      0.4815920      0.4784720      0.4723600      0.4720850      0.4718110      0.4709600      0.4696910      0.4678850      0.4583530      0.4507150      0.4494600      0.4464070      0.4423700      0.4403400      0.4383400      0.4363800      0.4344600      0.4325700      0.4307200      0.4289000      0.4271300      0.4253800    
  0.5073130      0.5035080      0.4959400      0.4959230      0.4888490      0.4818070      0.4817300      0.4816610      0.4785390      0.4723600      0.4722230      0.4720850      0.4716190      0.4708210      0.4695120      0.4560840      0.4500870      0.4494600      0.4407520      0.4373400      0.4361220      0.4353100      0.4333100      0.4313600      0.4294400      0.4275600      0.4257200      0.4239200      0.4221500      0.4204200    
  0.5035210      0.4959400      0.4959310      0.4888420      0.4817680      0.4817300      0.4816950      0.4785720      0.4723600      0.4722910      0.4722230      0.4719760      0.4715080      0.4558700      0.4437570      0.4344070      0.4344050      0.4331070      0.4314780      0.4298000      0.4323100      0.4302800      0.4282900      0.4263400      0.4244200      0.4225500      0.4207200      0.4189300      0.4171800      0.4154700    
  0.4959400      0.4959360      0.4888390      0.4817490      0.4817300      0.4817130      0.4785890      0.4723600      0.4723260      0.4722910      0.4721630      0.4719020      0.4443900      0.4113750      0.4115300      0.4201870      0.4187280      0.4193500      0.4244980      0.4272930      0.4272900      0.4252600      0.4232700      0.4213200      0.4194100      0.4175500      0.4157300      0.4139500      0.4122100      0.4105200    
  0.4959380      0.4888370      0.4817400      0.4817300      0.4817210      0.4785980      0.4723600      0.4723430      0.4723260      0.4722600      0.4428510      0.3989500      0.4071060      0.4112210      0.4112210      0.4115300      0.4160840      0.4181050      0.4193500      0.4215480      0.4222800      0.4202400      0.4182600      0.4163100      0.4144100      0.4125600      0.4107500      0.4089800      0.4072600      0.4055800    
  0.4888360      0.4817350      0.4817300      0.4817260      0.4786020      0.4723600      0.4723510      0.4723430      0.4723090      0.4370670      0.3989500      0.3989500      0.3989500      0.4068770      0.4109120      0.4109110      0.4115300      0.4153500      0.4168600      0.4193500      0.4172700      0.4152400      0.4132500      0.4113100      0.4094200      0.4075700      0.4057700      0.4040200      0.4023100      0.4006500    
  0.4817320      0.4817300      0.4817280      0.4786040      0.4723600      0.4723560      0.4723510      0.4485710      0.4249380      0.3989370      0.3989500      0.3989500      0.3989500      0.3989500      0.4064260      0.4102930      0.4102930      0.4115300      0.4136600      0.4143700      0.4122800      0.4102500      0.4082600      0.4063200      0.4044400      0.4026000      0.4008100      0.3990700      0.3973800      0.3957300    
  0.4817300      0.4817290      0.4786060      0.4723600      0.4723580      0.4334280      0.3750400      0.3761600      0.3772800      0.3916910      0.3989100      0.3989500      0.3989500      0.3989500      0.3989500      0.4055480      0.4090570      0.4090550      0.4115300      0.4093900      0.4073000      0.4052700      0.4032800      0.4013500      0.3994700      0.3976400      0.3958700      0.3941400      0.3924700      0.3908400    
  0.4817290      0.4786060      0.4723600      0.4723590      0.4256380      0.3750310      0.3750310      0.3750400      0.3761590      0.3772800      0.3916230      0.3988310      0.3989500      0.3989500      0.3989500      0.3989500      0.4038930      0.4065870      0.4065800      0.4044300      0.4023400      0.4003000      0.3983200      0.3963900      0.3945200      0.3927000      0.3909400      0.3892300      0.3875700      0.3859600    
