iMOD/TUTORIALS/TUT_MetaswapAnalyser/model_MetaSWAP/meteo/Evaporation/Evaporation_20050223_L1.ASC
NCOLS                30
NROWS                30
XLLCORNER     160000.00
YLLCORNER     340000.00
CELLSIZE        1000.00
NODATA_VALUE   -9999.00
  0.3197200      0.3185000      0.3172900      0.3160700      0.3148600      0.3136500      0.3124400      0.3112300      0.3100200      0.3088200      0.3076100      0.3064100      0.3052100      0.3040000      0.3028000      0.3016000      0.3004000      0.2992000      0.2979900      0.2967900      0.2955900      0.2943900      0.2931900      0.2919900      0.2907900      0.2895900      0.2883900      0.2872000      0.2860000      0.2848000    
  0.3196700      0.3184300      0.3171900      0.3159600      0.3147300      0.3135000      0.3122700      0.3110500      0.3098200      0.3086000      0.3073800      0.3061600      0.3049500      0.3037300      0.3025100      0.3013000      0.3000800      0.2988700      0.2976600      0.2964500      0.2952400      0.2940300      0.2928200      0.2916100      0.2904100      0.2892000      0.2880000      0.2867900      0.2855900      0.2843900    
  0.3196100      0.3183500      0.3170900      0.3158400      0.3145900      0.3133500      0.3121000      0.3108600      0.3096200      0.3083800      0.3071500      0.3059100      0.3046800      0.3034500      0.3022200      0.3009900      0.2997700      0.2985400      0.2973200      0.2961000      0.2948800      0.2936600      0.2924500      0.2912300      0.2900200      0.2888000      0.2875900      0.2863800      0.2851800      0.2839700    
  0.3195400      0.3182700      0.3169900      0.3157200      0.3144500      0.3131900      0.3119300      0.3106700      0.3094100      0.3081600      0.3069100      0.3056600      0.3044100      0.3031700      0.3019200      0.3006800      0.2994500      0.2982100      0.2969800      0.2957500      0.2945200      0.2932900      0.2920700      0.2908400      0.2896200      0.2884000      0.2871900      0.2859700      0.2847600      0.2835500    
  0.3194700      0.3181800      0.3168800      0.3155900      0.3143100      0.3130200      0.3117500      0.3104700      0.3092000      0.3079300      0.3066600      0.3054000      0.3041400      0.3028800      0.3016200      0.3003700      0.2991200      0.2978800      0.2966300      0.2953900      0.2941500      0.2929200      0.2916800      0.2904500      0.2892300      0.2880000      0.2867800      0.2855600      0.2843400      0.2831300    
  0.3194000      0.3180800      0.3167700      0.3154600      0.3141600      0.3128600      0.3115600      0.3102700      0.3089800      0.3076900      0.3064100      0.3051300      0.3038600      0.3025900      0.3013200      0.3000500      0.2987900      0.2975400      0.2962800      0.2950300      0.2937800      0.2925400      0.2913000      0.2900600      0.2888200      0.2875900      0.2863700      0.2851400      0.2839200      0.2827000    
  0.3193200      0.3179800      0.3166500      0.3153300      0.3140000      0.3126900      0.3113700      0.3100600      0.3087600      0.3074600      0.3061600      0.3048700      0.3035800      0.3022900      0.3010100      0.2997400      0.2984600      0.2971900      0.2959300      0.2946700      0.2934100      0.2921600      0.2909100      0.2896600      0.2884200      0.2871800      0.2859500      0.2847200      0.2834900      0.2822700    
  0.3192400      0.3178800      0.3165300      0.3151900      0.3138500      0.3125100      0.3111800      0.3098600      0.3085300      0.3072200      0.3059100      0.3046000      0.3032900      0.3020000      0.3007000      0.2994100      0.2981300      0.2968500      0.2955700      0.2943000      0.2930400      0.2917700      0.2905200      0.2892600      0.2880200      0.2867700      0.2855300      0.2843000      0.2830700      0.2818400    
  0.3191500      0.3177800      0.3164100      0.3150500      0.3136900      0.3123400      0.3109900      0.3096500      0.3083100      0.3069800      0.3056500      0.3043300      0.3030100      0.3017000      0.3003900      0.2990900      0.2977900      0.2965000      0.2952200      0.2939300      0.2926600      0.2913900      0.2901200      0.2888600      0.2876100      0.2863600      0.2851100      0.2838800      0.2826400      0.2814100    
  0.3190700      0.3176700      0.3162800      0.3149000      0.3135300      0.3121600      0.3107900      0.3094300      0.3080800      0.3067300      0.3053900      0.3040500      0.3027200      0.3014000      0.3000800      0.2987600      0.2974500      0.2961500      0.2948600      0.2935700      0.2922800      0.2910000      0.2897300      0.2884600      0.2872000      0.2859400      0.2846900      0.2834500      0.2822100      0.2809800    
  0.3190700      0.3176730      0.3159030      0.3147600      0.3133600      0.3119800      0.3105900      0.3092200      0.3078500      0.3064900      0.3051300      0.3037800      0.3024300      0.3010900      0.2997600      0.2984400      0.2971200      0.2958000      0.2945000      0.2932000      0.2919000      0.2906100      0.2893300      0.2880600      0.2867900      0.2855300      0.2842700      0.2830200      0.2817800      0.2805400    
  0.3190710      0.3168510      0.3147600      0.3135870      0.3132000      0.3117900      0.3104000      0.3090000      0.3076200      0.3062400      0.3048700      0.3035000      0.3021400      0.3007900      0.2994500      0.2981100      0.2967800      0.2954500      0.2941400      0.2928300      0.2915200      0.2902300      0.2889400      0.2876600      0.2863800      0.2851100      0.2838500      0.2826000      0.2813500      0.2801100    
  0.3177880      0.3147600      0.3136230      0.3131150      0.3130300      0.3116100      0.3102000      0.3087900      0.3073900      0.3059900      0.3046100      0.3032300      0.3018500      0.3004900      0.2991300      0.2977800      0.2964400      0.2951000      0.2937700      0.2924500      0.2911400      0.2898400      0.2885400      0.2872500      0.2859700      0.2847000      0.2834300      0.2821700      0.2809200      0.2796800    
  0.3147600      0.3136210      0.3130730      0.3130300      0.3120230      0.3114300      0.3100000      0.3085700      0.3071500      0.3057400      0.3043400      0.3029500      0.3015600      0.3001800      0.2988100      0.2974500      0.2961000      0.2947500      0.2934100      0.2920800      0.2907600      0.2894500      0.2881500      0.2868500      0.2855600      0.2842800      0.2830100      0.2817500      0.2804900      0.2792400    
  0.3136160      0.3130510      0.3130300      0.3121610      0.3114300      0.3104100      0.3098000      0.3083600      0.3069200      0.3055000      0.3040800      0.3026700      0.3012700      0.2998800      0.2985000      0.2971200      0.2957600      0.2944000      0.2930500      0.2917100      0.2903800      0.2890600      0.2877500      0.2864500      0.2851500      0.2838700      0.2825900      0.2813200      0.2800600      0.2788100    
  0.3130410      0.3130300      0.3122070      0.3114300      0.3105470      0.3098000      0.3090800      0.3083600      0.3065070      0.3052500      0.3038200      0.3024000      0.3009800      0.2995800      0.2981800      0.2968000      0.2954200      0.2940500      0.2926900      0.2913400      0.2900000      0.2886800      0.2873600      0.2860500      0.2847500      0.2834600      0.2821700      0.2809000      0.2796400      0.2783800    
  0.3130300      0.3122220      0.3114300      0.3105920      0.3098000      0.3094400      0.3090800      0.3072990      0.3052500      0.3045350      0.3030880      0.3021200      0.3007000      0.2992800      0.2978700      0.2964700      0.2950800      0.2937000      0.2923300      0.2909800      0.2896300      0.2882900      0.2869600      0.2856500      0.2843400      0.2830400      0.2817600      0.2804800      0.2792100      0.2779500    
  0.3122270      0.3114300      0.3106070      0.3098000      0.3096200      0.3094400      0.3077670      0.3052500      0.3048920      0.3033420      0.3019850      0.3018500      0.3004100      0.2989800      0.2975600      0.2961500      0.2947500      0.2933600      0.2919800      0.2906100      0.2892500      0.2879100      0.2865700      0.2852500      0.2839400      0.2826300      0.2813400      0.2800600      0.2787900      0.2775300    
  0.3114300      0.3106120      0.3098000      0.3097100      0.3096200      0.3080190      0.3052500      0.3050710      0.3034500      0.3019170      0.3018500      0.3011300      0.2999800      0.2986800      0.2972500      0.2958200      0.2944100      0.2930100      0.2916200      0.2902500      0.2888800      0.2875300      0.2861800      0.2848500      0.2835400      0.2822300      0.2809300      0.2796500      0.2783700      0.2771100    
  0.3106140      0.3098000      0.3097550      0.3097100      0.3081500      0.3052500      0.3051610      0.3035010      0.3018840      0.3018500      0.3014900      0.3004100      0.2986800      0.2979650      0.2972500      0.2958270      0.2944130      0.2930130      0.2908580      0.2898800      0.2885100      0.2871500      0.2858000      0.2844600      0.2831400      0.2818200      0.2805200      0.2792300      0.2779600      0.2766900    
  0.3098000      0.3097770      0.3097550      0.3082160      0.3052500      0.3052050      0.3035260      0.3018670      0.3018500      0.3016700      0.3006080      0.2986800      0.2983220      0.2979650      0.2970140      0.2958300      0.2944180      0.2915040      0.2897050      0.2895300      0.2881400      0.2867700      0.2854200      0.2840700      0.2827400      0.2814200      0.2801200      0.2788200      0.2775400      0.2762700    
  0.3097890      0.3097770      0.3082500      0.3052500      0.3052280      0.3035380      0.3018580      0.3018500      0.3017600      0.3007020      0.2986800      0.2985010      0.2983220      0.2977670      0.2969360      0.2957540      0.2921800      0.2896180      0.2895300      0.2884830      0.2877800      0.2864000      0.2850400      0.2836900      0.2823500      0.2810300      0.2797200      0.2784200      0.2771400      0.2758600    
  0.3097890      0.3082660      0.3052500      0.3052390      0.3035440      0.3018540      0.3018500      0.3018050      0.3007480      0.2986800      0.2985910      0.2985010      0.2981970      0.2976750      0.2968190      0.2925900      0.2895740      0.2895300      0.2880830      0.2874250      0.2865940      0.2860400      0.2846700      0.2833100      0.2819700      0.2806400      0.2793200      0.2780200      0.2767300      0.2754600    
  0.3082750      0.3052500      0.3052440      0.3035470      0.3018520      0.3018500      0.3018270      0.3007710      0.2986800      0.2986350      0.2985910      0.2984300      0.2981250      0.2952500      0.2919820      0.2885060      0.2885050      0.2878090      0.2870140      0.2868950      0.2870700      0.2856800      0.2843000      0.2829300      0.2815800      0.2802500      0.2789300      0.2776300      0.2763400      0.2750600    
  0.3052500      0.3052470      0.3035480      0.3018510      0.3018500      0.3018390      0.3007820      0.2986800      0.2986580      0.2986350      0.2985520      0.2983820      0.2936790      0.2883010      0.2883100      0.2879910      0.2874400      0.2874800      0.2869380      0.2867230      0.2867200      0.2853200      0.2839300      0.2825600      0.2812100      0.2798700      0.2785500      0.2772400      0.2759400      0.2746600    
  0.3052490      0.3035490      0.3018500      0.3018500      0.3018440      0.3007880      0.2986800      0.2986690      0.2986580      0.2986150      0.2947060      0.2889800      0.2885200      0.2882920      0.2882920      0.2883100      0.2877070      0.2874000      0.2874800      0.2866550      0.2863800      0.2849700      0.2835800      0.2822000      0.2808400      0.2795000      0.2781700      0.2768600      0.2755600      0.2742800    
  0.3035500      0.3018500      0.3018500      0.3018470      0.3007910      0.2986800      0.2986740      0.2986690      0.2986470      0.2939880      0.2889800      0.2889800      0.2889800      0.2885060      0.2882740      0.2882740      0.2883100      0.2876390      0.2873200      0.2874800      0.2860400      0.2846200      0.2832200      0.2818400      0.2804800      0.2791300      0.2778000      0.2764800      0.2751800      0.2739000    
  0.3018500      0.3018500      0.3018490      0.3007920      0.2986800      0.2986770      0.2986740      0.2963530      0.2931380      0.2889790      0.2889800      0.2889800      0.2889800      0.2889800      0.2884780      0.2882380      0.2882380      0.2883100      0.2874480      0.2871600      0.2857100      0.2842900      0.2828800      0.2814900      0.2801200      0.2787700      0.2774300      0.2761200      0.2748100      0.2735300    
  0.3018500      0.3018490      0.3007930      0.2986800      0.2986790      0.2955580      0.2908800      0.2901500      0.2894200      0.2891250      0.2889780      0.2889800      0.2889800      0.2889800      0.2889800      0.2884210      0.2881650      0.2881650      0.2883100      0.2868400      0.2853900      0.2839600      0.2825400      0.2811500      0.2797700      0.2784200      0.2770800      0.2757600      0.2744500      0.2731700    
  0.3018500      0.3007930      0.2986800      0.2986790      0.2949350      0.2908800      0.2908800      0.2908800      0.2901500      0.2894200      0.2891220      0.2889740      0.2889800      0.2889800      0.2889800      0.2889800      0.2883030      0.2880200      0.2880200      0.2865400      0.2850800      0.2836400      0.2822200      0.2808200      0.2794300      0.2780700      0.2767300      0.2754100      0.2741000      0.2728100    
