iMOD/TUTORIALS/TUT_MetaswapAnalyser/model_MetaSWAP/meteo/Evaporation/Evaporation_20050807_L1.ASC
NCOLS                30
NROWS                30
XLLCORNER     160000.00
YLLCORNER     340000.00
CELLSIZE        1000.00
NODATA_VALUE   -9999.00
   2.725750       2.725260       2.724660       2.723950       2.723130       2.722210       2.721200       2.720100       2.718920       2.717670       2.716360       2.714980       2.713540       2.712050       2.710520       2.708940       2.707330       2.705680       2.704010       2.702300       2.700580       2.698830       2.697070       2.695290       2.693500       2.691710       2.689900       2.688090       2.686270       2.684450    
   2.720080       2.719540       2.718890       2.718140       2.717290       2.716340       2.715300       2.714170       2.712970       2.711700       2.710360       2.708960       2.707510       2.706000       2.704460       2.702870       2.701240       2.699580       2.697900       2.696190       2.694460       2.692700       2.690940       2.689160       2.687360       2.685560       2.683760       2.681940       2.680130       2.678310    
   2.714380       2.713790       2.713100       2.712300       2.711410       2.710420       2.709350       2.708200       2.706980       2.705680       2.704320       2.702900       2.701430       2.699910       2.698350       2.696750       2.695110       2.693440       2.691750       2.690030       2.688290       2.686530       2.684760       2.682980       2.681180       2.679380       2.677580       2.675760       2.673950       2.672140    
   2.708650       2.708010       2.707270       2.706430       2.705500       2.704480       2.703380       2.702200       2.700940       2.699630       2.698240       2.696810       2.695320       2.693780       2.692200       2.690590       2.688940       2.687260       2.685560       2.683830       2.682080       2.680320       2.678550       2.676760       2.674960       2.673160       2.671360       2.669550       2.667740       2.665930    
   2.702900       2.702210       2.701420       2.700530       2.699560       2.698510       2.697370       2.696160       2.694880       2.693540       2.692130       2.690670       2.689170       2.687610       2.686020       2.684390       2.682730       2.681040       2.679330       2.677590       2.675840       2.674070       2.672300       2.670510       2.668710       2.666910       2.665100       2.663300       2.661490       2.659680    
   2.697130       2.696380       2.695540       2.694610       2.693600       2.692510       2.691340       2.690090       2.688780       2.687410       2.685990       2.684510       2.682980       2.681410       2.679800       2.678160       2.676490       2.674790       2.673060       2.671320       2.669560       2.667790       2.666010       2.664220       2.662420       2.660620       2.658820       2.657010       2.655210       2.653410    
   2.691350       2.690540       2.689650       2.688670       2.687620       2.686480       2.685280       2.684000       2.682660       2.681270       2.679810       2.678310       2.676770       2.675180       2.673550       2.671900       2.670210       2.668500       2.666770       2.665020       2.663250       2.661480       2.659690       2.657900       2.656100       2.654300       2.652500       2.650700       2.648900       2.647110    
   2.685550       2.684690       2.683740       2.682720       2.681620       2.680440       2.679200       2.677890       2.676520       2.675090       2.673620       2.672090       2.670520       2.668920       2.667280       2.665600       2.663900       2.662180       2.660440       2.658680       2.656910       2.655130       2.653340       2.651550       2.649750       2.647950       2.646160       2.644360       2.642570       2.640780    
   2.679740       2.678820       2.677820       2.676750       2.675600       2.674380       2.673100       2.671760       2.670360       2.668900       2.667400       2.665850       2.664260       2.662630       2.660970       2.659290       2.657570       2.655840       2.654090       2.652320       2.650550       2.648760       2.646970       2.645180       2.643380       2.641580       2.639790       2.638000       2.636210       2.634430    
   2.673930       2.672950       2.671890       2.670770       2.669580       2.668320       2.666990       2.665610       2.664180       2.662690       2.661160       2.659590       2.657970       2.656330       2.654650       2.652950       2.651220       2.649480       2.647710       2.645940       2.644160       2.642370       2.640570       2.638780       2.636980       2.635190       2.633400       2.631610       2.629830       2.628060    
   2.673900       2.672920       2.670100       2.664780       2.663540       2.662240       2.660870       2.659460       2.657990       2.656470       2.654910       2.653310       2.651670       2.650000       2.648310       2.646590       2.644850       2.643090       2.641320       2.639540       2.637750       2.635950       2.634160       2.632360       2.630560       2.628770       2.626980       2.625200       2.623430       2.621670    
   2.673880       2.670430       2.664780       2.659320       2.657500       2.656150       2.654750       2.653290       2.651780       2.650240       2.648640       2.647020       2.645360       2.643670       2.641950       2.640210       2.638460       2.636690       2.634900       2.633110       2.631320       2.629520       2.627720       2.625920       2.624130       2.622340       2.620550       2.618780       2.617010       2.615260    
   2.670960       2.664780       2.657510       2.654480       2.651460       2.650060       2.648620       2.647120       2.645580       2.643990       2.642370       2.640720       2.639030       2.637320       2.635580       2.633830       2.632050       2.630270       2.628480       2.626680       2.624870       2.623070       2.621270       2.619470       2.617670       2.615890       2.614110       2.612340       2.610580       2.608830    
   2.664780       2.656680       2.652970       2.651460       2.648500       2.643970       2.642480       2.640940       2.639370       2.637750       2.636090       2.634410       2.632700       2.630960       2.629200       2.627430       2.625640       2.623840       2.622040       2.620230       2.618420       2.616610       2.614800       2.613000       2.611210       2.609420       2.607650       2.605890       2.604140       2.602400    
   2.656280       2.652220       2.651460       2.647980       2.643970       2.640930       2.636350       2.634770       2.633150       2.631500       2.629810       2.628100       2.626360       2.624600       2.622820       2.621020       2.619220       2.617410       2.615590       2.613770       2.611950       2.610140       2.608330       2.606520       2.604730       2.602950       2.601180       2.599420       2.597680       2.595960    
   2.651840       2.651460       2.647800       2.643970       2.640420       2.636350       2.635560       2.634760       2.631170       2.625250       2.623530       2.621790       2.620020       2.618230       2.616430       2.614610       2.612790       2.610960       2.609130       2.607300       2.605480       2.603660       2.601840       2.600040       2.598250       2.596470       2.594700       2.592960       2.591220       2.589500    
   2.651460       2.647740       2.643970       2.640250       2.636350       2.635950       2.635560       2.631680       2.625250       2.624390       2.619040       2.615480       2.613680       2.611860       2.610040       2.608200       2.606360       2.604520       2.602670       2.600830       2.599000       2.597170       2.595350       2.593550       2.591760       2.589980       2.588220       2.586480       2.584760       2.583050    
   2.647720       2.643970       2.640190       2.636350       2.636150       2.635950       2.632110       2.625250       2.624820       2.618040       2.612320       2.609170       2.607340       2.605500       2.603650       2.601790       2.599930       2.598070       2.596210       2.594360       2.592520       2.590680       2.588860       2.587060       2.585270       2.583490       2.581740       2.580000       2.578290       2.576590    
   2.643970       2.640170       2.636350       2.636250       2.636150       2.632370       2.625250       2.625040       2.617600       2.610750       2.609170       2.608250       2.605290       2.599140       2.597270       2.595390       2.593510       2.591630       2.589760       2.587890       2.586040       2.584200       2.582370       2.580570       2.578780       2.577010       2.575260       2.573530       2.571820       2.570140    
   2.640160       2.636350       2.636300       2.636250       2.632500       2.625250       2.625140       2.617400       2.609960       2.609170       2.608710       2.605460       2.599140       2.598210       2.597270       2.595390       2.593510       2.591630       2.585140       2.581430       2.579560       2.577720       2.575890       2.574080       2.572290       2.570520       2.568780       2.567060       2.565360       2.563690    
   2.636350       2.636330       2.636300       2.632580       2.625250       2.625200       2.617310       2.609560       2.609170       2.608940       2.605620       2.599140       2.598670       2.598200       2.596950       2.595390       2.593510       2.584690       2.578200       2.574970       2.573090       2.571240       2.569410       2.567590       2.565810       2.564040       2.562300       2.560590       2.558900       2.557240    
   2.636340       2.636330       2.632610       2.625250       2.625220       2.617260       2.609370       2.609170       2.609060       2.605720       2.599140       2.598910       2.598670       2.597940       2.596850       2.595280       2.585030       2.576580       2.574970       2.571560       2.566630       2.564770       2.562930       2.561120       2.559330       2.557570       2.555840       2.554130       2.552460       2.550810    
   2.636340       2.632630       2.625250       2.625240       2.617230       2.609270       2.609170       2.609110       2.605770       2.599140       2.599020       2.598910       2.598510       2.597820       2.596690       2.581740       2.575780       2.574970       2.564320       2.560190       2.559070       2.558320       2.556470       2.554660       2.552870       2.551110       2.549380       2.547690       2.546020       2.544380    
   2.632640       2.625250       2.625240       2.617220       2.609220       2.609170       2.609140       2.605800       2.599140       2.599080       2.599020       2.598810       2.598410       2.579730       2.565880       2.555750       2.555750       2.554410       2.552690       2.550540       2.553750       2.551870       2.550020       2.548210       2.546420       2.544660       2.542940       2.541250       2.539600       2.537970    
   2.625250       2.625250       2.617220       2.609190       2.609170       2.609160       2.605810       2.599140       2.599110       2.599080       2.598970       2.598750       2.565630       2.525700       2.525900       2.537380       2.535730       2.536520       2.543560       2.547340       2.547340       2.545450       2.543590       2.541770       2.539990       2.538240       2.536520       2.534840       2.533190       2.531580    
   2.625250       2.617210       2.609180       2.609170       2.609160       2.605820       2.599140       2.599130       2.599110       2.599050       2.563120       2.509390       2.520110       2.525510       2.525510       2.525900       2.532140       2.534930       2.536520       2.539840       2.540940       2.539050       2.537180       2.535360       2.533570       2.531830       2.530120       2.528450       2.526810       2.525210    
   2.617210       2.609180       2.609170       2.609170       2.605820       2.599140       2.599130       2.599130       2.599100       2.556010       2.509390       2.509390       2.509390       2.519820       2.525120       2.525120       2.525900       2.531220       2.533350       2.536520       2.534570       2.532660       2.530800       2.528970       2.527180       2.525440       2.523740       2.522080       2.520450       2.518870    
   2.609170       2.609170       2.609170       2.605820       2.599140       2.599140       2.599130       2.569780       2.540920       2.509370       2.509390       2.509390       2.509390       2.509390       2.519250       2.524340       2.524340       2.525900       2.529120       2.530180       2.528230       2.526310       2.524430       2.522600       2.520820       2.519080       2.517380       2.515730       2.514120       2.512550    
   2.609170       2.609170       2.605830       2.599140       2.599140       2.550840       2.478410       2.480080       2.481760       2.500140       2.509340       2.509390       2.509390       2.509390       2.509390       2.518140       2.522780       2.522770       2.525900       2.523880       2.521910       2.519980       2.518100       2.516270       2.514480       2.512750       2.511060       2.509420       2.507820       2.506260    
   2.609170       2.605830       2.599140       2.599140       2.541180       2.478400       2.478400       2.478410       2.480080       2.481760       2.500050       2.509240       2.509390       2.509390       2.509390       2.509390       2.516070       2.519660       2.519650       2.517620       2.515630       2.513690       2.511800       2.509960       2.508180       2.506450       2.504770       2.503130       2.501550       2.500010    
