iMOD/TUTORIALS/TUT_MetaswapAnalyser/model_MetaSWAP/meteo/Evaporation/Evaporation_20050726_L1.ASC
NCOLS                30
NROWS                30
XLLCORNER     160000.00
YLLCORNER     340000.00
CELLSIZE        1000.00
NODATA_VALUE   -9999.00
   1.721860       1.724470       1.727010       1.729500       1.731920       1.734280       1.736570       1.738780       1.740920       1.742980       1.744960       1.746860       1.748680       1.750410       1.752050       1.753610       1.755070       1.756450       1.757730       1.758920       1.760010       1.761020       1.761930       1.762750       1.763470       1.764110       1.764650       1.765100       1.765460       1.765730    
   1.722230       1.724850       1.727400       1.729900       1.732330       1.734690       1.736990       1.739210       1.741360       1.743430       1.745430       1.747340       1.749170       1.750910       1.752570       1.754140       1.755620       1.757010       1.758310       1.759520       1.760640       1.761660       1.762590       1.763430       1.764170       1.764830       1.765390       1.765860       1.766250       1.766540    
   1.722620       1.725240       1.727810       1.730310       1.732750       1.735120       1.737430       1.739660       1.741820       1.743900       1.745910       1.747830       1.749680       1.751430       1.753110       1.754690       1.756190       1.757590       1.758910       1.760140       1.761270       1.762310       1.763260       1.764120       1.764880       1.765560       1.766140       1.766640       1.767040       1.767360    
   1.723030       1.725660       1.728230       1.730740       1.733180       1.735570       1.737880       1.740120       1.742290       1.744390       1.746410       1.748340       1.750200       1.751970       1.753650       1.755250       1.756760       1.758190       1.759520       1.760760       1.761910       1.762970       1.763940       1.764820       1.765600       1.766300       1.766900       1.767410       1.767840       1.768170    
   1.723450       1.726090       1.728660       1.731180       1.733640       1.736030       1.738350       1.740600       1.742780       1.744890       1.746920       1.748860       1.750730       1.752520       1.754220       1.755830       1.757360       1.758790       1.760140       1.761400       1.762570       1.763640       1.764630       1.765520       1.766330       1.767040       1.767660       1.768190       1.768640       1.769000    
   1.723890       1.726530       1.729110       1.731640       1.734100       1.736500       1.738830       1.741100       1.743290       1.745400       1.747440       1.749400       1.751280       1.753080       1.754790       1.756420       1.757960       1.759410       1.760770       1.762050       1.763230       1.764320       1.765330       1.766240       1.767060       1.767790       1.768430       1.768980       1.769450       1.769820    
   1.724340       1.726990       1.729580       1.732110       1.734580       1.736990       1.739330       1.741600       1.743800       1.745930       1.747980       1.749950       1.751840       1.753650       1.755380       1.757020       1.758570       1.760040       1.761420       1.762710       1.763910       1.765020       1.766030       1.766960       1.767800       1.768550       1.769210       1.769780       1.770260       1.770650    
   1.724810       1.727460       1.730060       1.732600       1.735080       1.737490       1.739840       1.742120       1.744330       1.746470       1.748530       1.750510       1.752420       1.754240       1.755980       1.757630       1.759200       1.760680       1.762070       1.763380       1.764590       1.765710       1.766750       1.767690       1.768550       1.769310       1.769990       1.770570       1.771070       1.771480    
   1.725280       1.727940       1.730550       1.733100       1.735580       1.738010       1.740370       1.742660       1.744880       1.747020       1.749090       1.751090       1.753000       1.754840       1.756590       1.758250       1.759830       1.761330       1.762740       1.764050       1.765280       1.766420       1.767470       1.768430       1.769300       1.770080       1.770770       1.771370       1.771890       1.772320    
   1.725770       1.728440       1.731050       1.733610       1.736100       1.738530       1.740900       1.743200       1.745430       1.747590       1.749670       1.751670       1.753600       1.755440       1.757210       1.758890       1.760480       1.761990       1.763410       1.764740       1.765980       1.767140       1.768200       1.769180       1.770060       1.770860       1.771560       1.772180       1.772710       1.773150    
   1.725750       1.728420       1.731810       1.734130       1.736630       1.739070       1.741450       1.743760       1.745990       1.748160       1.750250       1.752270       1.754210       1.756060       1.757840       1.759530       1.761140       1.762660       1.764090       1.765440       1.766690       1.767860       1.768940       1.769930       1.770830       1.771640       1.772360       1.772990       1.773530       1.773990    
   1.725740       1.730030       1.734130       1.736410       1.737170       1.739620       1.742000       1.744320       1.746570       1.748750       1.750850       1.752880       1.754820       1.756690       1.758480       1.760180       1.761800       1.763330       1.764780       1.766140       1.767410       1.768590       1.769680       1.770680       1.771600       1.772420       1.773150       1.773800       1.774360       1.774830    
   1.728230       1.734130       1.736420       1.737440       1.737710       1.740170       1.742570       1.744890       1.747150       1.749340       1.751450       1.753490       1.755450       1.757330       1.759130       1.760840       1.762470       1.764020       1.765480       1.766850       1.768130       1.769330       1.770430       1.771450       1.772370       1.773210       1.773960       1.774620       1.775190       1.775670    
   1.734130       1.736460       1.737580       1.737710       1.739540       1.740740       1.743140       1.745480       1.747740       1.749940       1.752060       1.754110       1.756080       1.757970       1.759780       1.761510       1.763150       1.764710       1.766180       1.767560       1.768860       1.770070       1.771180       1.772210       1.773150       1.774000       1.774760       1.775430       1.776020       1.776510    
   1.736490       1.737640       1.737710       1.739330       1.740740       1.742530       1.743720       1.746060       1.748340       1.750550       1.752680       1.754740       1.756720       1.758620       1.760450       1.762180       1.763840       1.765410       1.766890       1.768290       1.769590       1.770810       1.771940       1.772980       1.773930       1.774790       1.775570       1.776250       1.776850       1.777360    
   1.737680       1.737710       1.739260       1.740740       1.742330       1.743720       1.744890       1.746040       1.749030       1.751160       1.753310       1.755380       1.757370       1.759280       1.761110       1.762860       1.764530       1.766110       1.767610       1.769010       1.770330       1.771560       1.772700       1.773750       1.774720       1.775590       1.776370       1.777070       1.777680       1.778200    
   1.737710       1.739240       1.740740       1.742260       1.743720       1.744310       1.744880       1.747780       1.751160       1.752230       1.754510       1.756020       1.758020       1.759940       1.761790       1.763550       1.765230       1.766820       1.768320       1.769740       1.771070       1.772310       1.773470       1.774530       1.775500       1.776390       1.777180       1.777890       1.778500       1.779030    
   1.739230       1.740740       1.742240       1.743720       1.744010       1.744300       1.747030       1.751160       1.751700       1.754180       1.756340       1.756660       1.758680       1.760610       1.762470       1.764240       1.765930       1.767530       1.769050       1.770480       1.771820       1.773070       1.774230       1.775300       1.776290       1.777180       1.777990       1.778700       1.779330       1.779870    
   1.740740       1.742230       1.743720       1.743870       1.744010       1.746630       1.751160       1.751430       1.754040       1.756500       1.756660       1.757670       1.759310       1.761280       1.763150       1.764930       1.766630       1.768240       1.769770       1.771210       1.772560       1.773830       1.775000       1.776080       1.777080       1.777980       1.778790       1.779520       1.780160       1.780700    
   1.742230       1.743720       1.743790       1.743870       1.746420       1.751160       1.751290       1.753970       1.756580       1.756660       1.757160       1.758730       1.761280       1.762210       1.763120       1.764900       1.766600       1.768210       1.770770       1.771950       1.773310       1.774580       1.775770       1.776860       1.777860       1.778770       1.779600       1.780330       1.780980       1.781530    
   1.743720       1.743760       1.743790       1.746310       1.751160       1.751230       1.753940       1.756620       1.756660       1.756910       1.758460       1.761280       1.761750       1.762200       1.763410       1.764870       1.766570       1.770120       1.772320       1.772680       1.774060       1.775340       1.776530       1.777630       1.778650       1.779570       1.780400       1.781140       1.781790       1.782360    
   1.743740       1.743760       1.746250       1.751160       1.751190       1.753930       1.756640       1.756660       1.756790       1.758330       1.761280       1.761510       1.761740       1.762450       1.763500       1.764950       1.769350       1.772500       1.772680       1.773850       1.774800       1.776090       1.777300       1.778410       1.779430       1.780360       1.781190       1.781940       1.782600       1.783180    
   1.743740       1.746230       1.751160       1.751180       1.753920       1.756650       1.756660       1.756720       1.758260       1.761280       1.761400       1.761510       1.761900       1.762570       1.763640       1.769050       1.772590       1.772680       1.774680       1.775550       1.776330       1.776850       1.778060       1.779180       1.780200       1.781140       1.781990       1.782740       1.783410       1.783990    
   1.746210       1.751160       1.751170       1.753910       1.756650       1.756660       1.756690       1.758230       1.761280       1.761340       1.761400       1.761600       1.761990       1.766260       1.770590       1.774860       1.774870       1.775580       1.776410       1.776650       1.776290       1.777600       1.778820       1.779940       1.780980       1.781920       1.782770       1.783540       1.784210       1.784790    
   1.751160       1.751160       1.753910       1.756660       1.756660       1.756680       1.758220       1.761280       1.761310       1.761340       1.761450       1.761660       1.768750       1.776940       1.776920       1.776510       1.777140       1.777050       1.777080       1.777020       1.777020       1.778340       1.779570       1.780700       1.781740       1.782690       1.783550       1.784320       1.785000       1.785590    
   1.751160       1.753910       1.756660       1.756660       1.756670       1.758210       1.761280       1.761290       1.761310       1.761360       1.767790       1.777250       1.777060       1.776960       1.776960       1.776920       1.777110       1.777230       1.777050       1.777580       1.777750       1.779080       1.780320       1.781460       1.782500       1.783460       1.784320       1.785100       1.785780       1.786370    
   1.753910       1.756660       1.756660       1.756660       1.758200       1.761280       1.761290       1.761290       1.761320       1.768990       1.777250       1.777250       1.777250       1.777090       1.777000       1.777000       1.776920       1.777230       1.777410       1.777050       1.778480       1.779810       1.781050       1.782200       1.783260       1.784220       1.785090       1.785860       1.786550       1.787150    
   1.756660       1.756660       1.756660       1.758200       1.761280       1.761280       1.761290       1.765560       1.770810       1.777250       1.777250       1.777250       1.777250       1.777250       1.777160       1.777090       1.777090       1.776920       1.777540       1.777760       1.779190       1.780540       1.781790       1.782940       1.784000       1.784970       1.785840       1.786620       1.787310       1.787910    
   1.756660       1.756660       1.758200       1.761280       1.761280       1.767540       1.776920       1.777640       1.778350       1.777620       1.777250       1.777250       1.777250       1.777250       1.777250       1.777280       1.777260       1.777260       1.776920       1.778450       1.779900       1.781250       1.782510       1.783670       1.784730       1.785700       1.786580       1.787360       1.788050       1.788660    
   1.756660       1.758200       1.761280       1.761280       1.768790       1.776920       1.776920       1.776920       1.777640       1.778350       1.777630       1.777260       1.777250       1.777250       1.777250       1.777250       1.777520       1.777590       1.777590       1.779140       1.780590       1.781950       1.783220       1.784380       1.785450       1.786420       1.787300       1.788090       1.788780       1.789390    
