iMOD/TUTORIALS/TUT_MetaswapAnalyser/model_MetaSWAP/meteo/Evaporation/Evaporation_20051113_L1.ASC
NCOLS                30
NROWS                30
XLLCORNER     160000.00
YLLCORNER     340000.00
CELLSIZE        1000.00
NODATA_VALUE   -9999.00
  0.5395000      0.5395500      0.5395900      0.5396100      0.5396200      0.5396200      0.5396000      0.5395700      0.5395200      0.5394600      0.5393900      0.5393100      0.5392200      0.5391100      0.5390000      0.5388700      0.5387300      0.5385800      0.5384200      0.5382400      0.5380600      0.5378600      0.5376500      0.5374400      0.5372100      0.5369700      0.5367100      0.5364500      0.5361700      0.5358900    
  0.5388700      0.5389200      0.5389600      0.5389800      0.5389900      0.5389900      0.5389700      0.5389500      0.5389000      0.5388500      0.5387800      0.5387100      0.5386200      0.5385100      0.5384000      0.5382700      0.5381400      0.5379900      0.5378300      0.5376600      0.5374700      0.5372800      0.5370800      0.5368600      0.5366300      0.5363900      0.5361400      0.5358800      0.5356000      0.5353100    
  0.5382400      0.5383000      0.5383400      0.5383600      0.5383800      0.5383800      0.5383600      0.5383400      0.5383000      0.5382500      0.5381800      0.5381100      0.5380200      0.5379200      0.5378100      0.5376900      0.5375500      0.5374100      0.5372500      0.5370800      0.5369000      0.5367100      0.5365000      0.5362900      0.5360600      0.5358200      0.5355700      0.5353100      0.5350400      0.5347500    
  0.5376300      0.5376900      0.5377300      0.5377500      0.5377700      0.5377700      0.5377600      0.5377400      0.5377000      0.5376500      0.5375900      0.5375200      0.5374400      0.5373400      0.5372300      0.5371100      0.5369800      0.5368400      0.5366800      0.5365100      0.5363300      0.5361400      0.5359400      0.5357300      0.5355000      0.5352600      0.5350100      0.5347500      0.5344800      0.5341900    
  0.5370300      0.5370900      0.5371300      0.5371600      0.5371800      0.5371800      0.5371700      0.5371500      0.5371200      0.5370700      0.5370100      0.5369400      0.5368600      0.5367700      0.5366600      0.5365400      0.5364100      0.5362700      0.5361200      0.5359500      0.5357800      0.5355900      0.5353900      0.5351700      0.5349500      0.5347100      0.5344600      0.5342000      0.5339300      0.5336400    
  0.5364500      0.5365000      0.5365400      0.5365700      0.5365900      0.5366000      0.5365900      0.5365700      0.5365400      0.5365000      0.5364400      0.5363800      0.5363000      0.5362000      0.5361000      0.5359800      0.5358600      0.5357200      0.5355700      0.5354000      0.5352300      0.5350400      0.5348400      0.5346300      0.5344000      0.5341700      0.5339200      0.5336600      0.5333900      0.5331000    
  0.5358700      0.5359200      0.5359700      0.5360000      0.5360200      0.5360300      0.5360200      0.5360000      0.5359800      0.5359300      0.5358800      0.5358200      0.5357400      0.5356500      0.5355500      0.5354300      0.5353100      0.5351700      0.5350200      0.5348600      0.5346800      0.5345000      0.5343000      0.5340900      0.5338700      0.5336300      0.5333800      0.5331200      0.5328500      0.5325700    
  0.5353100      0.5353600      0.5354000      0.5354400      0.5354600      0.5354700      0.5354600      0.5354500      0.5354200      0.5353800      0.5353300      0.5352700      0.5351900      0.5351000      0.5350000      0.5348900      0.5347700      0.5346300      0.5344800      0.5343200      0.5341500      0.5339600      0.5337700      0.5335600      0.5333400      0.5331000      0.5328500      0.5326000      0.5323200      0.5320400    
  0.5347500      0.5348100      0.5348500      0.5348800      0.5349100      0.5349100      0.5349100      0.5349000      0.5348700      0.5348400      0.5347900      0.5347200      0.5346500      0.5345700      0.5344700      0.5343600      0.5342300      0.5341000      0.5339500      0.5337900      0.5336200      0.5334400      0.5332400      0.5330300      0.5328100      0.5325800      0.5323300      0.5320700      0.5318000      0.5315200    
  0.5342100      0.5342700      0.5343100      0.5343400      0.5343600      0.5343700      0.5343700      0.5343600      0.5343400      0.5343000      0.5342500      0.5341900      0.5341200      0.5340400      0.5339400      0.5338300      0.5337100      0.5335800      0.5334300      0.5332700      0.5331000      0.5329200      0.5327200      0.5325200      0.5323000      0.5320600      0.5318200      0.5315600      0.5312900      0.5310000    
  0.5342100      0.5342630      0.5341820      0.5338100      0.5338300      0.5338400      0.5338400      0.5338300      0.5338100      0.5337700      0.5337300      0.5336700      0.5336000      0.5335200      0.5334200      0.5333100      0.5331900      0.5330600      0.5329200      0.5327600      0.5325900      0.5324100      0.5322100      0.5320100      0.5317900      0.5315500      0.5313100      0.5310500      0.5307800      0.5304900    
  0.5342060      0.5341160      0.5338100      0.5334370      0.5333100      0.5333200      0.5333200      0.5333100      0.5332900      0.5332600      0.5332100      0.5331500      0.5330800      0.5330000      0.5329100      0.5328000      0.5326800      0.5325500      0.5324100      0.5322500      0.5320900      0.5319000      0.5317100      0.5315000      0.5312800      0.5310500      0.5308100      0.5305500      0.5302800      0.5299900    
  0.5340680      0.5338100      0.5332760      0.5330550      0.5328000      0.5328100      0.5328100      0.5328000      0.5327800      0.5327500      0.5327000      0.5326500      0.5325800      0.5325000      0.5324100      0.5323000      0.5321800      0.5320500      0.5319100      0.5317600      0.5315900      0.5314100      0.5312100      0.5310100      0.5307900      0.5305500      0.5303100      0.5300500      0.5297800      0.5294900    
  0.5338100      0.5332030      0.5329280      0.5328000      0.5326400      0.5323100      0.5323100      0.5323000      0.5322800      0.5322500      0.5322000      0.5321500      0.5320800      0.5320000      0.5319100      0.5318100      0.5316900      0.5315600      0.5314200      0.5312600      0.5311000      0.5309200      0.5307200      0.5305200      0.5303000      0.5300700      0.5298200      0.5295600      0.5292900      0.5290000    
  0.5331690      0.5328640      0.5328000      0.5325830      0.5323100      0.5321430      0.5318100      0.5318100      0.5317900      0.5317500      0.5317100      0.5316600      0.5315900      0.5315100      0.5314200      0.5313200      0.5312000      0.5310700      0.5309300      0.5307800      0.5306100      0.5304300      0.5302400      0.5300300      0.5298100      0.5295800      0.5293400      0.5290800      0.5288000      0.5285200    
  0.5328320      0.5328000      0.5325640      0.5323100      0.5320880      0.5318100      0.5318100      0.5318030      0.5316550      0.5312700      0.5312300      0.5311700      0.5311100      0.5310300      0.5309400      0.5308400      0.5307200      0.5306000      0.5304500      0.5303000      0.5301300      0.5299500      0.5297600      0.5295600      0.5293400      0.5291000      0.5288600      0.5286000      0.5283200      0.5280400    
  0.5328000      0.5325580      0.5323100      0.5320690      0.5318100      0.5318100      0.5318080      0.5316350      0.5312700      0.5312500      0.5309200      0.5307000      0.5306300      0.5305600      0.5304700      0.5303600      0.5302500      0.5301200      0.5299800      0.5298300      0.5296600      0.5294800      0.5292900      0.5290800      0.5288600      0.5286300      0.5283800      0.5281200      0.5278500      0.5275600    
  0.5325560      0.5323100      0.5320630      0.5318100      0.5318100      0.5318090      0.5316310      0.5312700      0.5312600      0.5308270      0.5304650      0.5302300      0.5301600      0.5300900      0.5300000      0.5299000      0.5297800      0.5296600      0.5295200      0.5293600      0.5292000      0.5290200      0.5288300      0.5286200      0.5284000      0.5281700      0.5279200      0.5276600      0.5273800      0.5270900    
  0.5323100      0.5320610      0.5318100      0.5318100      0.5318100      0.5316300      0.5312700      0.5312650      0.5307870      0.5303470      0.5302300      0.5301950      0.5300280      0.5296300      0.5295400      0.5294400      0.5293200      0.5292000      0.5290600      0.5289000      0.5287400      0.5285600      0.5283700      0.5281600      0.5279400      0.5277000      0.5274600      0.5271900      0.5269200      0.5266300    
  0.5320600      0.5318100      0.5318100      0.5318100      0.5316300      0.5312700      0.5312680      0.5307680      0.5302890      0.5302300      0.5302130      0.5300210      0.5296300      0.5295850      0.5295370      0.5294330      0.5293200      0.5291930      0.5287220      0.5284500      0.5282800      0.5281000      0.5279100      0.5277000      0.5274800      0.5272500      0.5270000      0.5267400      0.5264600      0.5261700    
  0.5318100      0.5318100      0.5318100      0.5316300      0.5312700      0.5312690      0.5307590      0.5302590      0.5302300      0.5302210      0.5300230      0.5296300      0.5296080      0.5295840      0.5295180      0.5294300      0.5293160      0.5286920      0.5282250      0.5280000      0.5278400      0.5276600      0.5274600      0.5272500      0.5270300      0.5268000      0.5265500      0.5262800      0.5260100      0.5257100    
  0.5318100      0.5318100      0.5316300      0.5312700      0.5312690      0.5307550      0.5302450      0.5302300      0.5302260      0.5300260      0.5296300      0.5296190      0.5296070      0.5295700      0.5295110      0.5294210      0.5287100      0.5281130      0.5280000      0.5277430      0.5273900      0.5272100      0.5270200      0.5268100      0.5265900      0.5263500      0.5261000      0.5258300      0.5255600      0.5252600    
  0.5318100      0.5316300      0.5312700      0.5312700      0.5307520      0.5302370      0.5302300      0.5302280      0.5300280      0.5296300      0.5296240      0.5296190      0.5295990      0.5295630      0.5295010      0.5284820      0.5280560      0.5280000      0.5272510      0.5269550      0.5268460      0.5267700      0.5265800      0.5263700      0.5261500      0.5259100      0.5256600      0.5253900      0.5251100      0.5248200    
  0.5316300      0.5312700      0.5312700      0.5307510      0.5302340      0.5302300      0.5302290      0.5300290      0.5296300      0.5296270      0.5296240      0.5296140      0.5295930      0.5283530      0.5274160      0.5267110      0.5267100      0.5265960      0.5264510      0.5263050      0.5265200      0.5263400      0.5261500      0.5259300      0.5257100      0.5254700      0.5252200      0.5249500      0.5246700      0.5243700    
  0.5312700      0.5312700      0.5307510      0.5302320      0.5302300      0.5302290      0.5300290      0.5296300      0.5296290      0.5296270      0.5296220      0.5296110      0.5274040      0.5247370      0.5247500      0.5254920      0.5253670      0.5254200      0.5258560      0.5260930      0.5260900      0.5259100      0.5257200      0.5255000      0.5252800      0.5250400      0.5247800      0.5245100      0.5242300      0.5239300    
  0.5312700      0.5307500      0.5302310      0.5302300      0.5302300      0.5300300      0.5296300      0.5296290      0.5296290      0.5296260      0.5272400      0.5236700      0.5243710      0.5247240      0.5247240      0.5247500      0.5251410      0.5253150      0.5254200      0.5256080      0.5256700      0.5254900      0.5252900      0.5250800      0.5248500      0.5246100      0.5243500      0.5240800      0.5238000      0.5235000    
  0.5307500      0.5302300      0.5302300      0.5302300      0.5300300      0.5296300      0.5296300      0.5296290      0.5296280      0.5267670      0.5236700      0.5236700      0.5236700      0.5243520      0.5246990      0.5246990      0.5247500      0.5250800      0.5252100      0.5254200      0.5252500      0.5250700      0.5248700      0.5246500      0.5244200      0.5241800      0.5239200      0.5236500      0.5233600      0.5230600    
  0.5302300      0.5302300      0.5302300      0.5300300      0.5296300      0.5296300      0.5296300      0.5276770      0.5257610      0.5236690      0.5236700      0.5236700      0.5236700      0.5236700      0.5243150      0.5246470      0.5246470      0.5247500      0.5249400      0.5250000      0.5248300      0.5246500      0.5244500      0.5242300      0.5240000      0.5237600      0.5235000      0.5232200      0.5229300      0.5226300    
  0.5302300      0.5302300      0.5300300      0.5296300      0.5296300      0.5263940      0.5215400      0.5216800      0.5218200      0.5230500      0.5236670      0.5236700      0.5236700      0.5236700      0.5236700      0.5242420      0.5245450      0.5245450      0.5247500      0.5245900      0.5244200      0.5242300      0.5240300      0.5238200      0.5235800      0.5233400      0.5230800      0.5228000      0.5225100      0.5222000    
  0.5302300      0.5300300      0.5296300      0.5296300      0.5257460      0.5215390      0.5215390      0.5215400      0.5216800      0.5218200      0.5230450      0.5236600      0.5236700      0.5236700      0.5236700      0.5236700      0.5241060      0.5243400      0.5243400      0.5241800      0.5240100      0.5238200      0.5236200      0.5234000      0.5231700      0.5229200      0.5226600      0.5223800      0.5220800      0.5217700    
