iMOD/TUTORIALS/TUT_MetaswapAnalyser/model_MetaSWAP/meteo/Evaporation/Evaporation_20061212_L1.ASC
NCOLS                30
NROWS                30
XLLCORNER     160000.00
YLLCORNER     340000.00
CELLSIZE        1000.00
NODATA_VALUE   -9999.00
  0.5176400      0.5176000      0.5175500      0.5174900      0.5174300      0.5173700      0.5172900      0.5172100      0.5171300      0.5170300      0.5169400      0.5168300      0.5167200      0.5166100      0.5164900      0.5163600      0.5162300      0.5161000      0.5159500      0.5158100      0.5156500      0.5155000      0.5153400      0.5151700      0.5150000      0.5148200      0.5146400      0.5144500      0.5142600      0.5140700    
  0.5180600      0.5180100      0.5179600      0.5179000      0.5178400      0.5177700      0.5176900      0.5176100      0.5175300      0.5174300      0.5173300      0.5172300      0.5171200      0.5170100      0.5168800      0.5167600      0.5166300      0.5164900      0.5163500      0.5162000      0.5160500      0.5158900      0.5157300      0.5155700      0.5153900      0.5152200      0.5150400      0.5148600      0.5146700      0.5144700    
  0.5184700      0.5184200      0.5183700      0.5183100      0.5182400      0.5181700      0.5181000      0.5180100      0.5179300      0.5178300      0.5177300      0.5176300      0.5175200      0.5174000      0.5172800      0.5171500      0.5170200      0.5168900      0.5167400      0.5166000      0.5164500      0.5162900      0.5161300      0.5159600      0.5157900      0.5156200      0.5154400      0.5152600      0.5150700      0.5148800    
  0.5188800      0.5188300      0.5187800      0.5187200      0.5186500      0.5185800      0.5185000      0.5184200      0.5183300      0.5182300      0.5181300      0.5180300      0.5179200      0.5178000      0.5176800      0.5175500      0.5174200      0.5172800      0.5171400      0.5169900      0.5168400      0.5166900      0.5165300      0.5163600      0.5161900      0.5160200      0.5158400      0.5156600      0.5154700      0.5152800    
  0.5193000      0.5192500      0.5191900      0.5191300      0.5190600      0.5189800      0.5189000      0.5188200      0.5187300      0.5186300      0.5185300      0.5184200      0.5183100      0.5182000      0.5180700      0.5179500      0.5178200      0.5176800      0.5175400      0.5173900      0.5172400      0.5170800      0.5169300      0.5167600      0.5165900      0.5164200      0.5162400      0.5160600      0.5158800      0.5156900    
  0.5197100      0.5196600      0.5196000      0.5195400      0.5194700      0.5193900      0.5193100      0.5192200      0.5191300      0.5190300      0.5189300      0.5188200      0.5187100      0.5185900      0.5184700      0.5183400      0.5182100      0.5180800      0.5179300      0.5177900      0.5176400      0.5174800      0.5173200      0.5171600      0.5169900      0.5168200      0.5166500      0.5164700      0.5162800      0.5161000    
  0.5201300      0.5200700      0.5200100      0.5199500      0.5198700      0.5198000      0.5197100      0.5196300      0.5195300      0.5194400      0.5193300      0.5192200      0.5191100      0.5189900      0.5188700      0.5187400      0.5186100      0.5184700      0.5183300      0.5181900      0.5180400      0.5178800      0.5177200      0.5175600      0.5173900      0.5172200      0.5170500      0.5168700      0.5166900      0.5165000    
  0.5205400      0.5204900      0.5204200      0.5203600      0.5202800      0.5202000      0.5201200      0.5200300      0.5199400      0.5198400      0.5197300      0.5196200      0.5195100      0.5193900      0.5192700      0.5191400      0.5190100      0.5188700      0.5187300      0.5185800      0.5184300      0.5182800      0.5181200      0.5179600      0.5178000      0.5176300      0.5174500      0.5172800      0.5170900      0.5169100    
  0.5209600      0.5209000      0.5208400      0.5207700      0.5206900      0.5206100      0.5205300      0.5204400      0.5203400      0.5202400      0.5201400      0.5200300      0.5199100      0.5197900      0.5196700      0.5195400      0.5194100      0.5192700      0.5191300      0.5189800      0.5188300      0.5186800      0.5185200      0.5183600      0.5182000      0.5180300      0.5178600      0.5176800      0.5175000      0.5173200    
  0.5213800      0.5213200      0.5212500      0.5211800      0.5211000      0.5210200      0.5209300      0.5208400      0.5207500      0.5206400      0.5205400      0.5204300      0.5203100      0.5201900      0.5200700      0.5199400      0.5198100      0.5196700      0.5195300      0.5193800      0.5192300      0.5190800      0.5189200      0.5187600      0.5186000      0.5184300      0.5182600      0.5180900      0.5179100      0.5177300    
  0.5213770      0.5213170      0.5213350      0.5215900      0.5215100      0.5214300      0.5213400      0.5212500      0.5211500      0.5210500      0.5209400      0.5208300      0.5207100      0.5205900      0.5204700      0.5203400      0.5202100      0.5200700      0.5199300      0.5197800      0.5196400      0.5194800      0.5193300      0.5191700      0.5190000      0.5188400      0.5186700      0.5184900      0.5183200      0.5181400    
  0.5213740      0.5214050      0.5215900      0.5218420      0.5219300      0.5218400      0.5217500      0.5216600      0.5215600      0.5214600      0.5213500      0.5212300      0.5211200      0.5210000      0.5208700      0.5207400      0.5206100      0.5204700      0.5203300      0.5201900      0.5200400      0.5198900      0.5197300      0.5195700      0.5194100      0.5192400      0.5190700      0.5189000      0.5187300      0.5185500    
  0.5214490      0.5215900      0.5219770      0.5221350      0.5223400      0.5222500      0.5221600      0.5220700      0.5219700      0.5218600      0.5217500      0.5216400      0.5215200      0.5214000      0.5212700      0.5211400      0.5210100      0.5208700      0.5207300      0.5205900      0.5204400      0.5202900      0.5201300      0.5199700      0.5198100      0.5196500      0.5194800      0.5193100      0.5191300      0.5189600    
  0.5215900      0.5220360      0.5222380      0.5223400      0.5224200      0.5226700      0.5225700      0.5224800      0.5223700      0.5222700      0.5221600      0.5220400      0.5219300      0.5218000      0.5216800      0.5215500      0.5214100      0.5212800      0.5211400      0.5209900      0.5208400      0.5206900      0.5205400      0.5203800      0.5202200      0.5200500      0.5198900      0.5197200      0.5195400      0.5193700    
  0.5220640      0.5222890      0.5223400      0.5224770      0.5226700      0.5227430      0.5229900      0.5228900      0.5227800      0.5226800      0.5225700      0.5224500      0.5223300      0.5222100      0.5220800      0.5219500      0.5218200      0.5216800      0.5215400      0.5214000      0.5212500      0.5211000      0.5209400      0.5207900      0.5206300      0.5204600      0.5203000      0.5201300      0.5199600      0.5197800    
  0.5223140      0.5223400      0.5224960      0.5226700      0.5228010      0.5229900      0.5229400      0.5228870      0.5228600      0.5230900      0.5229800      0.5228600      0.5227400      0.5226200      0.5224900      0.5223600      0.5222200      0.5220900      0.5219400      0.5218000      0.5216500      0.5215000      0.5213500      0.5211900      0.5210300      0.5208700      0.5207100      0.5205400      0.5203700      0.5201900    
  0.5223400      0.5225020      0.5226700      0.5228200      0.5229900      0.5229650      0.5229390      0.5229440      0.5230900      0.5230350      0.5231760      0.5232700      0.5231500      0.5230200      0.5229000      0.5227600      0.5226300      0.5224900      0.5223500      0.5222100      0.5220600      0.5219100      0.5217600      0.5216000      0.5214400      0.5212800      0.5211200      0.5209500      0.5207800      0.5206100    
  0.5225040      0.5226700      0.5228270      0.5229900      0.5229770      0.5229650      0.5229850      0.5230900      0.5230620      0.5232910      0.5234750      0.5236800      0.5235600      0.5234300      0.5233000      0.5231700      0.5230400      0.5229000      0.5227600      0.5226100      0.5224700      0.5223200      0.5221700      0.5220100      0.5218500      0.5216900      0.5215300      0.5213600      0.5212000      0.5210200    
  0.5226700      0.5228290      0.5229900      0.5229840      0.5229770      0.5230040      0.5230900      0.5230760      0.5233400      0.5235770      0.5236800      0.5236200      0.5236280      0.5238400      0.5237100      0.5235800      0.5234500      0.5233100      0.5231700      0.5230200      0.5228800      0.5227300      0.5225700      0.5224200      0.5222600      0.5221000      0.5219400      0.5217800      0.5216100      0.5214400    
  0.5228300      0.5229900      0.5229870      0.5229840      0.5230140      0.5230900      0.5230830      0.5233630      0.5236290      0.5236800      0.5236500      0.5236920      0.5238400      0.5237750      0.5237100      0.5235800      0.5234470      0.5233100      0.5233540      0.5234300      0.5232900      0.5231400      0.5229900      0.5228300      0.5226800      0.5225200      0.5223600      0.5221900      0.5220300      0.5218600    
  0.5229900      0.5229880      0.5229870      0.5230190      0.5230900      0.5230870      0.5233740      0.5236540      0.5236800      0.5236650      0.5237150      0.5238400      0.5238080      0.5237750      0.5236880      0.5235790      0.5234460      0.5235170      0.5236350      0.5238400      0.5237000      0.5235500      0.5234000      0.5232400      0.5230900      0.5229300      0.5227700      0.5226100      0.5224400      0.5222800    
  0.5229890      0.5229880      0.5230210      0.5230900      0.5230880      0.5233800      0.5236670      0.5236800      0.5236720      0.5237250      0.5238400      0.5238240      0.5238080      0.5237570      0.5236810      0.5235710      0.5236240      0.5237380      0.5238400      0.5238830      0.5241100      0.5239600      0.5238100      0.5236600      0.5235000      0.5233500      0.5231900      0.5230300      0.5228600      0.5227000    
  0.5229890      0.5230220      0.5230900      0.5230890      0.5233820      0.5236740      0.5236800      0.5236760      0.5237290      0.5238400      0.5238320      0.5238240      0.5237960      0.5237480      0.5236700      0.5239510      0.5237890      0.5238400      0.5243500      0.5245250      0.5244360      0.5243800      0.5242300      0.5240700      0.5239200      0.5237600      0.5236100      0.5234500      0.5232800      0.5231200    
  0.5230230      0.5230900      0.5230900      0.5233840      0.5236770      0.5236800      0.5236780      0.5237310      0.5238400      0.5238360      0.5238320      0.5238170      0.5237890      0.5246360      0.5250290      0.5250900      0.5250900      0.5250460      0.5250110      0.5251500      0.5249400      0.5247900      0.5246400      0.5244900      0.5243400      0.5241800      0.5240300      0.5238700      0.5237100      0.5235400    
  0.5230900      0.5230900      0.5233840      0.5236780      0.5236800      0.5236790      0.5237320      0.5238400      0.5238380      0.5238360      0.5238280      0.5238130      0.5253880      0.5273430      0.5273300      0.5263840      0.5263930      0.5263400      0.5256900      0.5253570      0.5253600      0.5252100      0.5250600      0.5249100      0.5247600      0.5246000      0.5244500      0.5242900      0.5241300      0.5239700    
  0.5230900      0.5233850      0.5236790      0.5236800      0.5236790      0.5237330      0.5238400      0.5238390      0.5238380      0.5238340      0.5257950      0.5287500      0.5278230      0.5273560      0.5273560      0.5273300      0.5267240      0.5264450      0.5263400      0.5259150      0.5257700      0.5256300      0.5254800      0.5253300      0.5251800      0.5250200      0.5248700      0.5247100      0.5245500      0.5244000    
  0.5233850      0.5236800      0.5236800      0.5236800      0.5237330      0.5238400      0.5238390      0.5238390      0.5238370      0.5261930      0.5287500      0.5287500      0.5287500      0.5278420      0.5273830      0.5273820      0.5273300      0.5267810      0.5265500      0.5263400      0.5261900      0.5260500      0.5259000      0.5257500      0.5256000      0.5254500      0.5252900      0.5251400      0.5249800      0.5248200    
  0.5236800      0.5236800      0.5236800      0.5237330      0.5238400      0.5238400      0.5238390      0.5256490      0.5272050      0.5287510      0.5287500      0.5287500      0.5287500      0.5287500      0.5278810      0.5274350      0.5274350      0.5273300      0.5269020      0.5267600      0.5266200      0.5264700      0.5263200      0.5261700      0.5260200      0.5258700      0.5257200      0.5255600      0.5254100      0.5252500    
  0.5236800      0.5236800      0.5237330      0.5238400      0.5238400      0.5269680      0.5316600      0.5313700      0.5310800      0.5295300      0.5287540      0.5287500      0.5287500      0.5287500      0.5287500      0.5279540      0.5275410      0.5275400      0.5273300      0.5271800      0.5270400      0.5268900      0.5267500      0.5266000      0.5264500      0.5263000      0.5261500      0.5259900      0.5258400      0.5256900    
  0.5236800      0.5237330      0.5238400      0.5238400      0.5275940      0.5316610      0.5316610      0.5316600      0.5313700      0.5310800      0.5295360      0.5287610      0.5287500      0.5287500      0.5287500      0.5287500      0.5280910      0.5277530      0.5277500      0.5276100      0.5274600      0.5273200      0.5271700      0.5270200      0.5268800      0.5267300      0.5265800      0.5264200      0.5262700      0.5261200    
