iMOD/TUTORIALS/TUT_MetaswapAnalyser/model_MetaSWAP/meteo/Evaporation/Evaporation_20050806_L1.ASC
NCOLS                30
NROWS                30
XLLCORNER     160000.00
YLLCORNER     340000.00
CELLSIZE        1000.00
NODATA_VALUE   -9999.00
   2.586930       2.583260       2.579540       2.575760       2.571920       2.568040       2.564110       2.560130       2.556110       2.552050       2.547940       2.543810       2.539640       2.535440       2.531210       2.526950       2.522670       2.518360       2.514030       2.509690       2.505320       2.500940       2.496550       2.492140       2.487730       2.483300       2.478870       2.474430       2.469980       2.465530    
   2.588220       2.584590       2.580910       2.577170       2.573380       2.569530       2.565640       2.561700       2.557720       2.553700       2.549640       2.545540       2.541410       2.537250       2.533050       2.528830       2.524590       2.520320       2.516020       2.511710       2.507380       2.503030       2.498670       2.494300       2.489910       2.485510       2.481100       2.476690       2.472270       2.467840    
   2.589490       2.585900       2.582250       2.578550       2.574800       2.571000       2.567140       2.563250       2.559310       2.555320       2.551300       2.547240       2.543150       2.539030       2.534870       2.530690       2.526480       2.522240       2.517980       2.513710       2.509410       2.505090       2.500760       2.496420       2.492060       2.487690       2.483310       2.478920       2.474530       2.470130    
   2.590730       2.587180       2.583570       2.579910       2.576200       2.572430       2.568620       2.564760       2.560860       2.556920       2.552940       2.548920       2.544860       2.540780       2.536660       2.532510       2.528340       2.524140       2.519910       2.515670       2.511400       2.507120       2.502820       2.498500       2.494180       2.489830       2.485480       2.481120       2.476750       2.472380    
   2.591950       2.588440       2.584870       2.581240       2.577570       2.573840       2.570070       2.566250       2.562390       2.558490       2.554540       2.550560       2.546550       2.542500       2.538420       2.534310       2.530170       2.526000       2.521810       2.517600       2.513370       2.509120       2.504850       2.500560       2.496260       2.491950       2.487630       2.483290       2.478950       2.474600    
   2.593150       2.589670       2.586140       2.582550       2.578910       2.575230       2.571490       2.567720       2.563890       2.560030       2.556120       2.552180       2.548200       2.544190       2.540140       2.536070       2.531970       2.527840       2.523680       2.519500       2.515300       2.511080       2.506850       2.502590       2.498320       2.494040       2.489740       2.485430       2.481120       2.476790    
   2.594330       2.590880       2.587390       2.583840       2.580240       2.576590       2.572890       2.569150       2.565370       2.561540       2.557670       2.553770       2.549830       2.545850       2.541850       2.537810       2.533740       2.529640       2.525520       2.521380       2.517210       2.513020       2.508820       2.504590       2.500350       2.496100       2.491830       2.487550       2.483260       2.478960    
   2.595490       2.592080       2.588620       2.585100       2.581540       2.577930       2.574270       2.570570       2.566820       2.563030       2.559200       2.555330       2.551430       2.547490       2.543520       2.539520       2.535480       2.531420       2.527340       2.523220       2.519090       2.514930       2.510760       2.506560       2.502350       2.498120       2.493880       2.489630       2.485370       2.481090    
   2.596620       2.593250       2.589820       2.586340       2.582820       2.579240       2.575620       2.571960       2.568250       2.564490       2.560700       2.556870       2.553000       2.549100       2.545170       2.541200       2.537200       2.533170       2.529120       2.525040       2.520940       2.516820       2.512670       2.508510       2.504320       2.500130       2.495910       2.491690       2.487450       2.483200    
   2.597740       2.594400       2.591010       2.587570       2.584080       2.580540       2.576950       2.573320       2.569650       2.565930       2.562180       2.558390       2.554550       2.550690       2.546790       2.542850       2.538890       2.534900       2.530880       2.526830       2.522760       2.518670       2.514560       2.510420       2.506270       2.502100       2.497910       2.493710       2.489500       2.485280    
   2.597720       2.594380       2.590440       2.588770       2.585310       2.581810       2.578260       2.574670       2.571030       2.567350       2.563630       2.559870       2.556080       2.552250       2.548380       2.544490       2.540560       2.536600       2.532610       2.528600       2.524560       2.520500       2.516410       2.512310       2.508190       2.504040       2.499890       2.495710       2.491530       2.487330    
   2.597710       2.592830       2.588770       2.587090       2.586530       2.583060       2.579550       2.575990       2.572390       2.568750       2.565060       2.561340       2.557580       2.553780       2.549950       2.546090       2.542200       2.538270       2.534320       2.530340       2.526330       2.522300       2.518250       2.514170       2.510080       2.505960       2.501830       2.497690       2.493530       2.489350    
   2.595080       2.588770       2.587680       2.587130       2.587730       2.584290       2.580810       2.577290       2.573720       2.570120       2.566470       2.562780       2.559060       2.555300       2.551500       2.547670       2.543810       2.539920       2.536000       2.532050       2.528070       2.524070       2.520050       2.516010       2.511940       2.507860       2.503750       2.499630       2.495500       2.491350    
   2.588770       2.587900       2.587430       2.587730       2.585840       2.585500       2.582060       2.578570       2.575040       2.571470       2.567850       2.564200       2.560510       2.556790       2.553020       2.549230       2.545400       2.541540       2.537650       2.533740       2.529790       2.525820       2.521830       2.517820       2.513780       2.509720       2.505650       2.501550       2.497440       2.493320    
   2.588000       2.587580       2.587730       2.586360       2.585500       2.583620       2.583290       2.579830       2.576330       2.572800       2.569220       2.565600       2.561940       2.558250       2.554520       2.550760       2.546970       2.543140       2.539280       2.535400       2.531490       2.527550       2.523590       2.519600       2.515590       2.511560       2.507510       2.503450       2.499360       2.495270    
   2.587660       2.587730       2.586530       2.585500       2.584140       2.583290       2.581560       2.579820       2.575760       2.574100       2.570560       2.566980       2.563350       2.559700       2.556000       2.552270       2.548510       2.544720       2.540890       2.537040       2.533160       2.529250       2.525310       2.521360       2.517380       2.513380       2.509350       2.505310       2.501260       2.497180    
   2.587730       2.586590       2.585500       2.584310       2.583290       2.582430       2.581560       2.577810       2.574100       2.572330       2.569930       2.568330       2.564740       2.561120       2.557460       2.553760       2.550030       2.546270       2.542480       2.538650       2.534800       2.530920       2.527020       2.523090       2.519140       2.515160       2.511170       2.507160       2.503120       2.499070    
   2.586610       2.585500       2.584370       2.583290       2.582860       2.582420       2.578970       2.574100       2.573220       2.571010       2.569000       2.569670       2.566110       2.562520       2.558890       2.555230       2.551530       2.547800       2.544040       2.540240       2.536420       2.532580       2.528700       2.524800       2.520880       2.516930       2.512960       2.508970       2.504960       2.500940    
   2.585500       2.584390       2.583290       2.583070       2.582860       2.579590       2.574100       2.573660       2.571470       2.569330       2.569670       2.567890       2.565550       2.563900       2.560300       2.556670       2.553000       2.549300       2.545570       2.541810       2.538020       2.534200       2.530360       2.526480       2.522590       2.518670       2.514720       2.510760       2.506780       2.502780    
   2.584390       2.583290       2.583180       2.583070       2.579900       2.574100       2.573880       2.571680       2.569500       2.569670       2.568780       2.566750       2.563900       2.562100       2.560290       2.556660       2.552990       2.549290       2.544980       2.543360       2.539600       2.535810       2.531990       2.528140       2.524280       2.520380       2.516470       2.512530       2.508570       2.504590    
   2.583290       2.583240       2.583180       2.580070       2.574100       2.573990       2.571780       2.569590       2.569670       2.569220       2.567280       2.563900       2.563000       2.562100       2.559680       2.556650       2.552980       2.547250       2.544120       2.544880       2.541150       2.537390       2.533600       2.529780       2.525940       2.522070       2.518180       2.514270       2.510340       2.506380    
   2.583260       2.583240       2.580150       2.574100       2.574040       2.571830       2.569630       2.569670       2.569450       2.567520       2.563900       2.563450       2.563000       2.561590       2.559470       2.556440       2.549250       2.544500       2.544880       2.542900       2.542680       2.538950       2.535180       2.531400       2.527580       2.523740       2.519870       2.515990       2.512080       2.508150    
   2.583260       2.580190       2.574100       2.574070       2.571860       2.569650       2.569670       2.569560       2.567630       2.563900       2.563670       2.563450       2.562680       2.561360       2.559170       2.551810       2.544690       2.544880       2.544590       2.544180       2.541950       2.540480       2.536750       2.532990       2.529200       2.525380       2.521540       2.517680       2.513790       2.509890    
   2.580210       2.574100       2.574090       2.571870       2.569660       2.569670       2.569610       2.567690       2.563900       2.563790       2.563670       2.563270       2.562500       2.560740       2.555990       2.549210       2.549220       2.547630       2.545900       2.546400       2.545670       2.541990       2.538290       2.534550       2.530790       2.527000       2.523190       2.519350       2.515490       2.511600    
   2.574100       2.574090       2.571880       2.569660       2.569670       2.569640       2.567720       2.563900       2.563840       2.563790       2.563580       2.563150       2.561220       2.559790       2.559750       2.554620       2.553730       2.553560       2.549230       2.547130       2.547130       2.543490       2.539810       2.536100       2.532360       2.528600       2.524810       2.520990       2.517160       2.513300    
   2.574100       2.571880       2.569670       2.569670       2.569660       2.567730       2.563900       2.563870       2.563840       2.563740       2.564880       2.566940       2.562210       2.559830       2.559830       2.559750       2.555780       2.553900       2.553560       2.549810       2.548580       2.544950       2.541300       2.537620       2.533910       2.530170       2.526400       2.522610       2.518800       2.514960    
   2.571880       2.569670       2.569670       2.569660       2.567740       2.563900       2.563890       2.563870       2.563820       2.565270       2.566940       2.566940       2.566940       2.562270       2.559910       2.559910       2.559750       2.555920       2.554240       2.553560       2.549990       2.546400       2.542780       2.539120       2.535430       2.531720       2.527980       2.524210       2.520420       2.516600    
   2.569670       2.569670       2.569670       2.567740       2.563900       2.563890       2.563890       2.566880       2.567630       2.566940       2.566940       2.566940       2.566940       2.566940       2.562380       2.560070       2.560080       2.559750       2.556130       2.554930       2.551390       2.547830       2.544230       2.540600       2.536930       2.533240       2.529530       2.525780       2.522010       2.518220    
   2.569670       2.569670       2.567740       2.563900       2.563900       2.570390       2.580130       2.578030       2.575940       2.569950       2.566950       2.566940       2.566940       2.566940       2.566940       2.562590       2.560400       2.560400       2.559750       2.556280       2.552770       2.549230       2.545650       2.542050       2.538410       2.534750       2.531050       2.527330       2.523590       2.519820    
   2.569670       2.567750       2.563900       2.563900       2.571690       2.580130       2.580130       2.580130       2.578030       2.575940       2.569970       2.566970       2.566940       2.566940       2.566940       2.566940       2.562960       2.561040       2.561050       2.557600       2.554120       2.550610       2.547060       2.543480       2.539870       2.536230       2.532560       2.528860       2.525130       2.521380    
