iMOD/TUTORIALS/TUT_MetaswapAnalyser/model_MetaSWAP/meteo/Evaporation/Evaporation_20051214_L1.ASC
NCOLS                30
NROWS                30
XLLCORNER     160000.00
YLLCORNER     340000.00
CELLSIZE        1000.00
NODATA_VALUE   -9999.00
  0.3128600      0.3115100      0.3101600      0.3087900      0.3074100      0.3060100      0.3046100      0.3032000      0.3017800      0.3003600      0.2989200      0.2974900      0.2960400      0.2945900      0.2931400      0.2916900      0.2902300      0.2887800      0.2873200      0.2858600      0.2843900      0.2829300      0.2814700      0.2800100      0.2785600      0.2771000      0.2756400      0.2741900      0.2727400      0.2712900    
  0.3117400      0.3103900      0.3090300      0.3076500      0.3062600      0.3048600      0.3034600      0.3020400      0.3006200      0.2991900      0.2977500      0.2963100      0.2948600      0.2934100      0.2919600      0.2905000      0.2890400      0.2875800      0.2861200      0.2846600      0.2832000      0.2817400      0.2802800      0.2788200      0.2773600      0.2759000      0.2744500      0.2729900      0.2715400      0.2700900    
  0.3106200      0.3092600      0.3078900      0.3065000      0.3051100      0.3037100      0.3023000      0.3008700      0.2994500      0.2980100      0.2965700      0.2951300      0.2936800      0.2922200      0.2907700      0.2893100      0.2878500      0.2863800      0.2849200      0.2834600      0.2819900      0.2805300      0.2790700      0.2776100      0.2761500      0.2747000      0.2732400      0.2717900      0.2703400      0.2688900    
  0.3094900      0.3081200      0.3067400      0.3053500      0.3039500      0.3025400      0.3011300      0.2997000      0.2982700      0.2968300      0.2953800      0.2939300      0.2924800      0.2910200      0.2895700      0.2881000      0.2866400      0.2851800      0.2837100      0.2822500      0.2807800      0.2793200      0.2778600      0.2764000      0.2749400      0.2734900      0.2720300      0.2705800      0.2691300      0.2676900    
  0.3083600      0.3069800      0.3055900      0.3042000      0.3027900      0.3013800      0.2999500      0.2985200      0.2970800      0.2956400      0.2941900      0.2927400      0.2912800      0.2898200      0.2883600      0.2869000      0.2854300      0.2839600      0.2825000      0.2810300      0.2795700      0.2781100      0.2766400      0.2751800      0.2737300      0.2722700      0.2708200      0.2693700      0.2679200      0.2664800    
  0.3072200      0.3058300      0.3044400      0.3030400      0.3016200      0.3002000      0.2987700      0.2973400      0.2958900      0.2944500      0.2929900      0.2915400      0.2900700      0.2886100      0.2871500      0.2856800      0.2842100      0.2827500      0.2812800      0.2798100      0.2783500      0.2768800      0.2754200      0.2739600      0.2725000      0.2710500      0.2696000      0.2681500      0.2667100      0.2652600    
  0.3060800      0.3046800      0.3032800      0.3018700      0.3004500      0.2990200      0.2975900      0.2961500      0.2947000      0.2932500      0.2917900      0.2903300      0.2888600      0.2874000      0.2859300      0.2844600      0.2829900      0.2815200      0.2800500      0.2785900      0.2771200      0.2756600      0.2741900      0.2727300      0.2712800      0.2698200      0.2683700      0.2669300      0.2654800      0.2640500    
  0.3049300      0.3035300      0.3021200      0.3007000      0.2992700      0.2978400      0.2964000      0.2949500      0.2935000      0.2920400      0.2905800      0.2891100      0.2876500      0.2861800      0.2847100      0.2832400      0.2817600      0.2802900      0.2788200      0.2773500      0.2758900      0.2744200      0.2729600      0.2715000      0.2700500      0.2685900      0.2671500      0.2657000      0.2642600      0.2628200    
  0.3037800      0.3023700      0.3009500      0.2995300      0.2980900      0.2966500      0.2952100      0.2937500      0.2922900      0.2908300      0.2893700      0.2879000      0.2864300      0.2849500      0.2834800      0.2820100      0.2805300      0.2790600      0.2775900      0.2761200      0.2746500      0.2731900      0.2717200      0.2702700      0.2688100      0.2673600      0.2659100      0.2644700      0.2630300      0.2616000    
  0.3026300      0.3012100      0.2997800      0.2983500      0.2969100      0.2954600      0.2940100      0.2925500      0.2910900      0.2896200      0.2881500      0.2866800      0.2852000      0.2837300      0.2822500      0.2807700      0.2793000      0.2778200      0.2763500      0.2748800      0.2734100      0.2719500      0.2704800      0.2690300      0.2675700      0.2661200      0.2646800      0.2632400      0.2618000      0.2603700    
  0.3026230      0.3012070      0.2991280      0.2971700      0.2957200      0.2942700      0.2928100      0.2913500      0.2898800      0.2884100      0.2869300      0.2854500      0.2839800      0.2825000      0.2810200      0.2795400      0.2780600      0.2765800      0.2751100      0.2736400      0.2721700      0.2707000      0.2692400      0.2677800      0.2663300      0.2648800      0.2634400      0.2620000      0.2605600      0.2591400    
  0.3026200      0.3000320      0.2971700      0.2951950      0.2945400      0.2930800      0.2916100      0.2901400      0.2886700      0.2871900      0.2857100      0.2842300      0.2827500      0.2812600      0.2797800      0.2783000      0.2768200      0.2753400      0.2738600      0.2723900      0.2709200      0.2694600      0.2680000      0.2665400      0.2650900      0.2636400      0.2622000      0.2607600      0.2593300      0.2579000    
  0.3009620      0.2971700      0.2949150      0.2939450      0.2933500      0.2918800      0.2904100      0.2889300      0.2874500      0.2859700      0.2844800      0.2830000      0.2815100      0.2800300      0.2785400      0.2770600      0.2755700      0.2740900      0.2726200      0.2711400      0.2696700      0.2682100      0.2667500      0.2652900      0.2638400      0.2623900      0.2609500      0.2595200      0.2580900      0.2566700    
  0.2971700      0.2947710      0.2936480      0.2933500      0.2919700      0.2906800      0.2892000      0.2877200      0.2862400      0.2847500      0.2832600      0.2817700      0.2802800      0.2787900      0.2773000      0.2758100      0.2743300      0.2728500      0.2713700      0.2698900      0.2684200      0.2669600      0.2655000      0.2640400      0.2625900      0.2611500      0.2597100      0.2582700      0.2568500      0.2554300    
  0.2946970      0.2934990      0.2933500      0.2920000      0.2906800      0.2892930      0.2880000      0.2865100      0.2850200      0.2835300      0.2820300      0.2805400      0.2790400      0.2775500      0.2760600      0.2745700      0.2730800      0.2716000      0.2701200      0.2686400      0.2671700      0.2657000      0.2642400      0.2627900      0.2613400      0.2599000      0.2584600      0.2570300      0.2556100      0.2541900    
  0.2934240      0.2933500      0.2920100      0.2906800      0.2893240      0.2880000      0.2872550      0.2865100      0.2843420      0.2823100      0.2808100      0.2793100      0.2778100      0.2763100      0.2748200      0.2733200      0.2718300      0.2703500      0.2688700      0.2673900      0.2659200      0.2644500      0.2629900      0.2615400      0.2600900      0.2586500      0.2572100      0.2557900      0.2543700      0.2529500    
  0.2933500      0.2920130      0.2906800      0.2893350      0.2880000      0.2876270      0.2872550      0.2851040      0.2823100      0.2815600      0.2794720      0.2780800      0.2765700      0.2750700      0.2735700      0.2720800      0.2705900      0.2691000      0.2676100      0.2661400      0.2646600      0.2632000      0.2617400      0.2602800      0.2588400      0.2574000      0.2559700      0.2545400      0.2531200      0.2517100    
  0.2920140      0.2906800      0.2893380      0.2880000      0.2878140      0.2876270      0.2855740      0.2823100      0.2819350      0.2795310      0.2774650      0.2768500      0.2753400      0.2738300      0.2723300      0.2708300      0.2693400      0.2678500      0.2663600      0.2648800      0.2634100      0.2619400      0.2604900      0.2590300      0.2575900      0.2561500      0.2547200      0.2533000      0.2518800      0.2504800    
  0.2906800      0.2893390      0.2880000      0.2879070      0.2878140      0.2858310      0.2823100      0.2821220      0.2795570      0.2771570      0.2768500      0.2760950      0.2746550      0.2726000      0.2710900      0.2695900      0.2680900      0.2666000      0.2651100      0.2636300      0.2621600      0.2606900      0.2592300      0.2577800      0.2563400      0.2549000      0.2534700      0.2520500      0.2506400      0.2492400    
  0.2893400      0.2880000      0.2879530      0.2879070      0.2859660      0.2823100      0.2822160      0.2795690      0.2770040      0.2768500      0.2764720      0.2750500      0.2726000      0.2718450      0.2710930      0.2695900      0.2680930      0.2666000      0.2637700      0.2623800      0.2609100      0.2594400      0.2579800      0.2565300      0.2550900      0.2536500      0.2522300      0.2508100      0.2494000      0.2480000    
  0.2880000      0.2879770      0.2879530      0.2860340      0.2823100      0.2822630      0.2795740      0.2769270      0.2768500      0.2766610      0.2752430      0.2726000      0.2722220      0.2718460      0.2708430      0.2695920      0.2680940      0.2642700      0.2617550      0.2611300      0.2596600      0.2581900      0.2567300      0.2552800      0.2538400      0.2524100      0.2509900      0.2495700      0.2481700      0.2467700    
  0.2879880      0.2879770      0.2860690      0.2823100      0.2822870      0.2795770      0.2768880      0.2768500      0.2767560      0.2753390      0.2726000      0.2724110      0.2722230      0.2716370      0.2707600      0.2695100      0.2649060      0.2614420      0.2611300      0.2597330      0.2584100      0.2569400      0.2554800      0.2540300      0.2525900      0.2511600      0.2497400      0.2483300      0.2469300      0.2455400    
  0.2879880      0.2860860      0.2823100      0.2822980      0.2795790      0.2768690      0.2768500      0.2768030      0.2753860      0.2726000      0.2725060      0.2724110      0.2720900      0.2715400      0.2706360      0.2647750      0.2612860      0.2611300      0.2583320      0.2571650      0.2562840      0.2557000      0.2542400      0.2527900      0.2513500      0.2499200      0.2485100      0.2471000      0.2457000      0.2443100    
  0.2860950      0.2823100      0.2823040      0.2795790      0.2768600      0.2768500      0.2768260      0.2754100      0.2726000      0.2725530      0.2725060      0.2723360      0.2720140      0.2667540      0.2618920      0.2574160      0.2574150      0.2566350      0.2557160      0.2553000      0.2559200      0.2544500      0.2530000      0.2515500      0.2501100      0.2486900      0.2472700      0.2458700      0.2444700      0.2430900    
  0.2823100      0.2823070      0.2795800      0.2768550      0.2768500      0.2768380      0.2754220      0.2726000      0.2725760      0.2725530      0.2724650      0.2722850      0.2632980      0.2527120      0.2527500      0.2542320      0.2535470      0.2537000      0.2542990      0.2546830      0.2546800      0.2532100      0.2517600      0.2503100      0.2488800      0.2474500      0.2460400      0.2446400      0.2432500      0.2418700    
  0.2823090      0.2795800      0.2768520      0.2768500      0.2768440      0.2754270      0.2726000      0.2725880      0.2725760      0.2725310      0.2637290      0.2506700      0.2520010      0.2526750      0.2526750      0.2527500      0.2532170      0.2533950      0.2537000      0.2535130      0.2534500      0.2519800      0.2505200      0.2490800      0.2476500      0.2462300      0.2448200      0.2434200      0.2420300      0.2406600    
  0.2795800      0.2768510      0.2768500      0.2768470      0.2754300      0.2726000      0.2725940      0.2725880      0.2725650      0.2620350      0.2506700      0.2506700      0.2506700      0.2519450      0.2526000      0.2526000      0.2527500      0.2530220      0.2530900      0.2537000      0.2522200      0.2507500      0.2492900      0.2478500      0.2464200      0.2450000      0.2436000      0.2422000      0.2408200      0.2394500    
  0.2768510      0.2768500      0.2768480      0.2754320      0.2726000      0.2725970      0.2725940      0.2660470      0.2589240      0.2506670      0.2506700      0.2506700      0.2506700      0.2506700      0.2518340      0.2524500      0.2524500      0.2527500      0.2525480      0.2524800      0.2509900      0.2495300      0.2480700      0.2466300      0.2452000      0.2437800      0.2423800      0.2409900      0.2396100      0.2382500    
  0.2768500      0.2768490      0.2754330      0.2726000      0.2725990      0.2623180      0.2469000      0.2466700      0.2464400      0.2492510      0.2506600      0.2506700      0.2506700      0.2506700      0.2506700      0.2516180      0.2521500      0.2521500      0.2527500      0.2512600      0.2497800      0.2483100      0.2468500      0.2454100      0.2439900      0.2425700      0.2411700      0.2397900      0.2384100      0.2370500    
  0.2768500      0.2754330      0.2726000      0.2725990      0.2602620      0.2468980      0.2468980      0.2469000      0.2466700      0.2464400      0.2492350      0.2506410      0.2506700      0.2506700      0.2506700      0.2506700      0.2512010      0.2515500      0.2515500      0.2500500      0.2485700      0.2471000      0.2456400      0.2442000      0.2427800      0.2413700      0.2399700      0.2385900      0.2372200      0.2358600    
