iMOD/TUTORIALS/TUT_MetaswapAnalyser/model_MetaSWAP/meteo/Evaporation/Evaporation_20060227_L1.ASC
NCOLS                30
NROWS                30
XLLCORNER     160000.00
YLLCORNER     340000.00
CELLSIZE        1000.00
NODATA_VALUE   -9999.00
  0.4923400      0.4909800      0.4896300      0.4882900      0.4869500      0.4856400      0.4843400      0.4830600      0.4818100      0.4805800      0.4793800      0.4782000      0.4770600      0.4759600      0.4748900      0.4738600      0.4728700      0.4719100      0.4710000      0.4701300      0.4693100      0.4685300      0.4677900      0.4671000      0.4664500      0.4658500      0.4652900      0.4647800      0.4643200      0.4639000    
  0.4920900      0.4907500      0.4894100      0.4880900      0.4867800      0.4854900      0.4842100      0.4829500      0.4817100      0.4805000      0.4793200      0.4781600      0.4770400      0.4759500      0.4748900      0.4738700      0.4728900      0.4719500      0.4710400      0.4701800      0.4693600      0.4685900      0.4678500      0.4671600      0.4665200      0.4659200      0.4653600      0.4648500      0.4643800      0.4639600    
  0.4918200      0.4905000      0.4891900      0.4878900      0.4866000      0.4853200      0.4840600      0.4828300      0.4816100      0.4804200      0.4792500      0.4781100      0.4770000      0.4759200      0.4748800      0.4738700      0.4729000      0.4719700      0.4710700      0.4702200      0.4694000      0.4686300      0.4679000      0.4672200      0.4665700      0.4659700      0.4654100      0.4649000      0.4644300      0.4640000    
  0.4915400      0.4902400      0.4889500      0.4876700      0.4864000      0.4851500      0.4839100      0.4826900      0.4814900      0.4803100      0.4791600      0.4780400      0.4769500      0.4758800      0.4748500      0.4738600      0.4729000      0.4719700      0.4710900      0.4702400      0.4694300      0.4686700      0.4679400      0.4672600      0.4666100      0.4660100      0.4654600      0.4649400      0.4644700      0.4640400    
  0.4912500      0.4899700      0.4887000      0.4874400      0.4861900      0.4849600      0.4837400      0.4825400      0.4813500      0.4802000      0.4790600      0.4779600      0.4768800      0.4758300      0.4748100      0.4738300      0.4728800      0.4719700      0.4710900      0.4702500      0.4694500      0.4686900      0.4679700      0.4672800      0.4666500      0.4660500      0.4654900      0.4649700      0.4645000      0.4640700    
  0.4909500      0.4896900      0.4884400      0.4872000      0.4859700      0.4847500      0.4835500      0.4823700      0.4812100      0.4800700      0.4789500      0.4778600      0.4768000      0.4757600      0.4747600      0.4737900      0.4728500      0.4719400      0.4710800      0.4702400      0.4694500      0.4686900      0.4679800      0.4673000      0.4666600      0.4660700      0.4655100      0.4650000      0.4645200      0.4640900    
  0.4906500      0.4894100      0.4881700      0.4869500      0.4857400      0.4845400      0.4833600      0.4821900      0.4810500      0.4799300      0.4788300      0.4777500      0.4767000      0.4756800      0.4746900      0.4737300      0.4728000      0.4719100      0.4710500      0.4702300      0.4694400      0.4686900      0.4679800      0.4673100      0.4666700      0.4660800      0.4655200      0.4650100      0.4645300      0.4641000    
  0.4903300      0.4891100      0.4878900      0.4866900      0.4855000      0.4843200      0.4831500      0.4820100      0.4808800      0.4797700      0.4786900      0.4776300      0.4765900      0.4755900      0.4746100      0.4736600      0.4727400      0.4718600      0.4710100      0.4702000      0.4694200      0.4686700      0.4679700      0.4673000      0.4666700      0.4660800      0.4655200      0.4650100      0.4645300      0.4641000    
  0.4900000      0.4888000      0.4876000      0.4864200      0.4852400      0.4840800      0.4829400      0.4818100      0.4807000      0.4796100      0.4785400      0.4774900      0.4764700      0.4754800      0.4745100      0.4735800      0.4726700      0.4718000      0.4709600      0.4701500      0.4693800      0.4686400      0.4679400      0.4672800      0.4666500      0.4660600      0.4655100      0.4650000      0.4645200      0.4640900    
  0.4896700      0.4884800      0.4873100      0.4861400      0.4849800      0.4838400      0.4827100      0.4816000      0.4805000      0.4794300      0.4783700      0.4773400      0.4763400      0.4753600      0.4744100      0.4734800      0.4725900      0.4717300      0.4709000      0.4701000      0.4693300      0.4686000      0.4679100      0.4672500      0.4666300      0.4660400      0.4654900      0.4649800      0.4645000      0.4640700    
  0.4896700      0.4884870      0.4869450      0.4858500      0.4847100      0.4835800      0.4824700      0.4813700      0.4803000      0.4792400      0.4782000      0.4771900      0.4761900      0.4752300      0.4742900      0.4733800      0.4724900      0.4716400      0.4708200      0.4700300      0.4692700      0.4685500      0.4678600      0.4672100      0.4665900      0.4660100      0.4654600      0.4649500      0.4644800      0.4640400    
  0.4896730      0.4877380      0.4858500      0.4847830      0.4844300      0.4833200      0.4822200      0.4811400      0.4800800      0.4790400      0.4780200      0.4770200      0.4760400      0.4750900      0.4741600      0.4732600      0.4723900      0.4715400      0.4707300      0.4699500      0.4692000      0.4684900      0.4678000      0.4671600      0.4665400      0.4659600      0.4654200      0.4649100      0.4644400      0.4640000    
  0.4885310      0.4858500      0.4847640      0.4842850      0.4841400      0.4830400      0.4819600      0.4809000      0.4798600      0.4788300      0.4778200      0.4768300      0.4758700      0.4749300      0.4740200      0.4731300      0.4722700      0.4714400      0.4706300      0.4698600      0.4691200      0.4684100      0.4677300      0.4670900      0.4664800      0.4659100      0.4653600      0.4648600      0.4643900      0.4639500    
  0.4858500      0.4847420      0.4842130      0.4841400      0.4833130      0.4827600      0.4817000      0.4806500      0.4796200      0.4786100      0.4776100      0.4766400      0.4756900      0.4747700      0.4738600      0.4729900      0.4721400      0.4713200      0.4705200      0.4697600      0.4690300      0.4683200      0.4676500      0.4670200      0.4664100      0.4658400      0.4653000      0.4648000      0.4643300      0.4638900    
  0.4847270      0.4841760      0.4841400      0.4834040      0.4827600      0.4819600      0.4814200      0.4803900      0.4793700      0.4783800      0.4774000      0.4764400      0.4755000      0.4745900      0.4737000      0.4728300      0.4720000      0.4711800      0.4704000      0.4696500      0.4689200      0.4682300      0.4675600      0.4669300      0.4663300      0.4657600      0.4652300      0.4647300      0.4642600      0.4638200    
  0.4841580      0.4841400      0.4834350      0.4827600      0.4820470      0.4814200      0.4809050      0.4803930      0.4790700      0.4781400      0.4771700      0.4762300      0.4753000      0.4744000      0.4735300      0.4726700      0.4718400      0.4710400      0.4702700      0.4695200      0.4688100      0.4681200      0.4674600      0.4668300      0.4662400      0.4656800      0.4651400      0.4646500      0.4641800      0.4637500    
  0.4841400      0.4834450      0.4827600      0.4820760      0.4814200      0.4811620      0.4809060      0.4796270      0.4781400      0.4776550      0.4766640      0.4760100      0.4751000      0.4742100      0.4733400      0.4725000      0.4716800      0.4708900      0.4701300      0.4693900      0.4686800      0.4680000      0.4673500      0.4667300      0.4661400      0.4655800      0.4650500      0.4645600      0.4640900      0.4636600    
  0.4834480      0.4827600      0.4820850      0.4814200      0.4812910      0.4811630      0.4799590      0.4781400      0.4778970      0.4768240      0.4758900      0.4757700      0.4748800      0.4740000      0.4731500      0.4723200      0.4715100      0.4707300      0.4699700      0.4692400      0.4685400      0.4678700      0.4672300      0.4666100      0.4660300      0.4654700      0.4649500      0.4644600      0.4639900      0.4635700    
  0.4827600      0.4820880      0.4814200      0.4813560      0.4812910      0.4801380      0.4781400      0.4780190      0.4768920      0.4758300      0.4757700      0.4753250      0.4746070      0.4737800      0.4729400      0.4721200      0.4713300      0.4705500      0.4698100      0.4690900      0.4684000      0.4677300      0.4670900      0.4664800      0.4659000      0.4653600      0.4648400      0.4643500      0.4638900      0.4634600    
  0.4820890      0.4814200      0.4813880      0.4813560      0.4802310      0.4781400      0.4780790      0.4769240      0.4758000      0.4757700      0.4755470      0.4748710      0.4737800      0.4733600      0.4729470      0.4721300      0.4713330      0.4705630      0.4694240      0.4689200      0.4682400      0.4675800      0.4669500      0.4663500      0.4657700      0.4652300      0.4647100      0.4642300      0.4637700      0.4633500    
  0.4814200      0.4814040      0.4813880      0.4802790      0.4781400      0.4781100      0.4769400      0.4757850      0.4757700      0.4756590      0.4749920      0.4737800      0.4735700      0.4733620      0.4728120      0.4721370      0.4713420      0.4697810      0.4688350      0.4687500      0.4680700      0.4674200      0.4668000      0.4662000      0.4656300      0.4650900      0.4645800      0.4641000      0.4636500      0.4632200    
  0.4814120      0.4814040      0.4803030      0.4781400      0.4781250      0.4769470      0.4757780      0.4757700      0.4757140      0.4750500      0.4737800      0.4736750      0.4735710      0.4732480      0.4727700      0.4720970      0.4701610      0.4687920      0.4687500      0.4682400      0.4679000      0.4672500      0.4666400      0.4660500      0.4654800      0.4649500      0.4644400      0.4639600      0.4635100      0.4630900    
  0.4814120      0.4803150      0.4781400      0.4781320      0.4769510      0.4757740      0.4757700      0.4757420      0.4750790      0.4737800      0.4737280      0.4736750      0.4734980      0.4731960      0.4727050      0.4703860      0.4687710      0.4687500      0.4680290      0.4677100      0.4673280      0.4670800      0.4664700      0.4658800      0.4653200      0.4647900      0.4642900      0.4638200      0.4633700      0.4629500    
  0.4803210      0.4781400      0.4781360      0.4769530      0.4757720      0.4757700      0.4757560      0.4750930      0.4737800      0.4737540      0.4737280      0.4736340      0.4734570      0.4717670      0.4699650      0.4681270      0.4681300      0.4678250      0.4674780      0.4674150      0.4675200      0.4668900      0.4662900      0.4657100      0.4651600      0.4646300      0.4641300      0.4636600      0.4632200      0.4628000    
  0.4781400      0.4781380      0.4769540      0.4757710      0.4757700      0.4757630      0.4751000      0.4737800      0.4737670      0.4737540      0.4737050      0.4736060      0.4708350      0.4676620      0.4676700      0.4677030      0.4674810      0.4675100      0.4673590      0.4673100      0.4673100      0.4666900      0.4661000      0.4655300      0.4649800      0.4644600      0.4639700      0.4635000      0.4630600      0.4626500    
  0.4781390      0.4769550      0.4757700      0.4757700      0.4757670      0.4751030      0.4737800      0.4737730      0.4737670      0.4737420      0.4712130      0.4675000      0.4676010      0.4676540      0.4676540      0.4676700      0.4675300      0.4674530      0.4675100      0.4672000      0.4671000      0.4664900      0.4659000      0.4653300      0.4647900      0.4642800      0.4637900      0.4633300      0.4628900      0.4624800    
  0.4769550      0.4757700      0.4757700      0.4757680      0.4751050      0.4737800      0.4737770      0.4737730      0.4737610      0.4707440      0.4675000      0.4675000      0.4675000      0.4675890      0.4676370      0.4676370      0.4676700      0.4674870      0.4673950      0.4675100      0.4668800      0.4662800      0.4656900      0.4651300      0.4646000      0.4640900      0.4636100      0.4631500      0.4627200      0.4623100    
  0.4757700      0.4757700      0.4757690      0.4751060      0.4737800      0.4737780      0.4737770      0.4719780      0.4699290      0.4674990      0.4675000      0.4675000      0.4675000      0.4675000      0.4675640      0.4676050      0.4676050      0.4676700      0.4673730      0.4672800      0.4666600      0.4660600      0.4654800      0.4649300      0.4644000      0.4638900      0.4634100      0.4629600      0.4625300      0.4621300    
  0.4757700      0.4757700      0.4751060      0.4737800      0.4737790      0.4710190      0.4668800      0.4667400      0.4666000      0.4671980      0.4674980      0.4675000      0.4675000      0.4675000      0.4675000      0.4675160      0.4675390      0.4675400      0.4676700      0.4670300      0.4664200      0.4658300      0.4652600      0.4647100      0.4641900      0.4636900      0.4632100      0.4627600      0.4623400      0.4619400    
  0.4757700      0.4751060      0.4737800      0.4737800      0.4704670      0.4668790      0.4668790      0.4668800      0.4667400      0.4666000      0.4671940      0.4674930      0.4675000      0.4675000      0.4675000      0.4675000      0.4674190      0.4674070      0.4674100      0.4667800      0.4661800      0.4655900      0.4650300      0.4644900      0.4639700      0.4634800      0.4630100      0.4625600      0.4621400      0.4617400    
