iMOD/TUTORIALS/TUT_MetaswapAnalyser/model_MetaSWAP/meteo/Evaporation/Evaporation_20050124_L1.ASC
NCOLS                30
NROWS                30
XLLCORNER     160000.00
YLLCORNER     340000.00
CELLSIZE        1000.00
NODATA_VALUE   -9999.00
  0.5327500      0.5313700      0.5299600      0.5285200      0.5270500      0.5255700      0.5240700      0.5225500      0.5210300      0.5194900      0.5179500      0.5164000      0.5148500      0.5133100      0.5117700      0.5102300      0.5087000      0.5071800      0.5056700      0.5041800      0.5026900      0.5012200      0.4997700      0.4983300      0.4969100      0.4955100      0.4941200      0.4927500      0.4914100      0.4900800    
  0.5317700      0.5303900      0.5289800      0.5275400      0.5260900      0.5246100      0.5231100      0.5216000      0.5200800      0.5185500      0.5170200      0.5154800      0.5139400      0.5124000      0.5108600      0.5093300      0.5078100      0.5062900      0.5047900      0.5032900      0.5018100      0.5003500      0.4989000      0.4974600      0.4960400      0.4946400      0.4932600      0.4918900      0.4905400      0.4892200    
  0.5307600      0.5293800      0.5279700      0.5265400      0.5250900      0.5236200      0.5221300      0.5206300      0.5191100      0.5175900      0.5160600      0.5145300      0.5129900      0.5114600      0.5099300      0.5084000      0.5068800      0.5053700      0.5038700      0.5023800      0.5009100      0.4994500      0.4980000      0.4965700      0.4951500      0.4937500      0.4923700      0.4910100      0.4896600      0.4883300    
  0.5297200      0.5283500      0.5269500      0.5255200      0.5240700      0.5226000      0.5211200      0.5196200      0.5181200      0.5166000      0.5150800      0.5135500      0.5120200      0.5104900      0.5089700      0.5074500      0.5059300      0.5044300      0.5029300      0.5014500      0.4999800      0.4985200      0.4970700      0.4956500      0.4942300      0.4928400      0.4914600      0.4901000      0.4887600      0.4874300    
  0.5286700      0.5273000      0.5259000      0.5244700      0.5230300      0.5215700      0.5200900      0.5186000      0.5170900      0.5155800      0.5140700      0.5125400      0.5110200      0.5095000      0.5079800      0.5064700      0.5049600      0.5034600      0.5019700      0.5004900      0.4990200      0.4975700      0.4961300      0.4947000      0.4932900      0.4919000      0.4905300      0.4891700      0.4878300      0.4865100    
  0.5276000      0.5262200      0.5248200      0.5234000      0.5219600      0.5205000      0.5190300      0.5175400      0.5160500      0.5145400      0.5130300      0.5115200      0.5100000      0.5084800      0.5069700      0.5054600      0.5039600      0.5024600      0.5009800      0.4995000      0.4980400      0.4965900      0.4951600      0.4937400      0.4923300      0.4909400      0.4895700      0.4882200      0.4868800      0.4855700    
  0.5265000      0.5251300      0.5237300      0.5223100      0.5208800      0.5194200      0.5179500      0.5164700      0.5149800      0.5134800      0.5119700      0.5104600      0.5089500      0.5074400      0.5059400      0.5044300      0.5029400      0.5014500      0.4999700      0.4985000      0.4970400      0.4956000      0.4941600      0.4927500      0.4913500      0.4899700      0.4886000      0.4872500      0.4859200      0.4846100    
  0.5253900      0.5240100      0.5226200      0.5212000      0.5197700      0.5183200      0.5168500      0.5153800      0.5138900      0.5123900      0.5108900      0.5093900      0.5078800      0.5063800      0.5048800      0.5033800      0.5018900      0.5004100      0.4989300      0.4974700      0.4960200      0.4945800      0.4931500      0.4917400      0.4903500      0.4889700      0.4876100      0.4862600      0.4849400      0.4836300    
  0.5242600      0.5228800      0.5214900      0.5200800      0.5186400      0.5172000      0.5157300      0.5142600      0.5127800      0.5112900      0.5097900      0.5082900      0.5068000      0.5053000      0.5038000      0.5023100      0.5008200      0.4993500      0.4978800      0.4964200      0.4949700      0.4935400      0.4921200      0.4907100      0.4893200      0.4879500      0.4865900      0.4852500      0.4839300      0.4826300    
  0.5231100      0.5217400      0.5203400      0.5189300      0.5175000      0.5160600      0.5146000      0.5131300      0.5116500      0.5101600      0.5086700      0.5071800      0.5056900      0.5041900      0.5027000      0.5012200      0.4997400      0.4982600      0.4968000      0.4953500      0.4939100      0.4924800      0.4910700      0.4896700      0.4882800      0.4869100      0.4855600      0.4842300      0.4829100      0.4816200    
  0.5231030      0.5217300      0.5196950      0.5177700      0.5163400      0.5149000      0.5134400      0.5119800      0.5105000      0.5090200      0.5075400      0.5060500      0.5045600      0.5030700      0.5015900      0.5001100      0.4986300      0.4971600      0.4957100      0.4942600      0.4928300      0.4914000      0.4899900      0.4886000      0.4872200      0.4858600      0.4845200      0.4831900      0.4818800      0.4805900    
  0.5230960      0.5205750      0.5177700      0.5158150      0.5151700      0.5137300      0.5122800      0.5108100      0.5093400      0.5078600      0.5063800      0.5049000      0.5034100      0.5019300      0.5004500      0.4989800      0.4975100      0.4960500      0.4945900      0.4931500      0.4917200      0.4903100      0.4889100      0.4875200      0.4861500      0.4847900      0.4834500      0.4821300      0.4808300      0.4795400    
  0.5214710      0.5177700      0.5155350      0.5145750      0.5139800      0.5125400      0.5110900      0.5096300      0.5081600      0.5066900      0.5052100      0.5037300      0.5022500      0.5007700      0.4993000      0.4978300      0.4963700      0.4949100      0.4934700      0.4920300      0.4906100      0.4892000      0.4878000      0.4864200      0.4850500      0.4837000      0.4823700      0.4810600      0.4797600      0.4784800    
  0.5177700      0.5153910      0.5142770      0.5139800      0.5126200      0.5113400      0.5099000      0.5084400      0.5069700      0.5055000      0.5040300      0.5025500      0.5010800      0.4996000      0.4981300      0.4966700      0.4952100      0.4937600      0.4923200      0.4908900      0.4894700      0.4880700      0.4866800      0.4853000      0.4839500      0.4826000      0.4812800      0.4799700      0.4786800      0.4774100    
  0.5153170      0.5141290      0.5139800      0.5126470      0.5113400      0.5099770      0.5086900      0.5072300      0.5057700      0.5043000      0.5028300      0.5013600      0.4998900      0.4984200      0.4969500      0.4954900      0.4940400      0.4925900      0.4911600      0.4897400      0.4883300      0.4869300      0.4855400      0.4841800      0.4828200      0.4814900      0.4801700      0.4788700      0.4775800      0.4763200    
  0.5140540      0.5139800      0.5126560      0.5113400      0.5100020      0.5086900      0.5079600      0.5072300      0.5050980      0.5030900      0.5016200      0.5001500      0.4986800      0.4972200      0.4957600      0.4943000      0.4928500      0.4914100      0.4899900      0.4885700      0.4871600      0.4857700      0.4843900      0.4830300      0.4816900      0.4803600      0.4790500      0.4777500      0.4764800      0.4752200    
  0.5139800      0.5126590      0.5113400      0.5100110      0.5086900      0.5083250      0.5079600      0.5058440      0.5030900      0.5023550      0.5002980      0.4989300      0.4974700      0.4960100      0.4945500      0.4931000      0.4916600      0.4902200      0.4888000      0.4873900      0.4859900      0.4846000      0.4832300      0.4818800      0.4805400      0.4792200      0.4779100      0.4766300      0.4753600      0.4741100    
  0.5126590      0.5113400      0.5100140      0.5086900      0.5085070      0.5083250      0.5063050      0.5030900      0.5027230      0.5003520      0.4983150      0.4977000      0.4962400      0.4947800      0.4933300      0.4918900      0.4904500      0.4890200      0.4876000      0.4861900      0.4848000      0.4834200      0.4820600      0.4807100      0.4793800      0.4780700      0.4767700      0.4754900      0.4742300      0.4729900    
  0.5113400      0.5100150      0.5086900      0.5085990      0.5085070      0.5065570      0.5030900      0.5029060      0.5003740      0.4980080      0.4977000      0.4969700      0.4955680      0.4935500      0.4921000      0.4906600      0.4892300      0.4878000      0.4863900      0.4849900      0.4836000      0.4822300      0.4808700      0.4795300      0.4782100      0.4769000      0.4756100      0.4743400      0.4730900      0.4718600    
  0.5100150      0.5086900      0.5086440      0.5085990      0.5066880      0.5030900      0.5029980      0.5003850      0.4978540      0.4977000      0.4973350      0.4959470      0.4935500      0.4928250      0.4921030      0.4906630      0.4892300      0.4878070      0.4851020      0.4837800      0.4824000      0.4810300      0.4796800      0.4783400      0.4770300      0.4757300      0.4744500      0.4731900      0.4719400      0.4707200    
  0.5086900      0.5086670      0.5086440      0.5067550      0.5030900      0.5030440      0.5003900      0.4977770      0.4977000      0.4975180      0.4961330      0.4935500      0.4931870      0.4928260      0.4918640      0.4906660      0.4892330      0.4855710      0.4831650      0.4825500      0.4811800      0.4798200      0.4784700      0.4771500      0.4758400      0.4745500      0.4732800      0.4720200      0.4707900      0.4695700    
  0.5086790      0.5086670      0.5067890      0.5030900      0.5030670      0.5003920      0.4977380      0.4977000      0.4976090      0.4962250      0.4935500      0.4933690      0.4931880      0.4926260      0.4917850      0.4905880      0.4861750      0.4828570      0.4825500      0.4812270      0.4799500      0.4786000      0.4772600      0.4759400      0.4746400      0.4733600      0.4720900      0.4708500      0.4696200      0.4684200    
  0.5086790      0.5068060      0.5030900      0.5030790      0.5003940      0.4977190      0.4977000      0.4976540      0.4962710      0.4935500      0.4934590      0.4933690      0.4930610      0.4925330      0.4916660      0.4860140      0.4827040      0.4825500      0.4798380      0.4787150      0.4779080      0.4773700      0.4760400      0.4747300      0.4734400      0.4721600      0.4709100      0.4696700      0.4684600      0.4672600    
  0.5068150      0.5030900      0.5030840      0.5003940      0.4977100      0.4977000      0.4976770      0.4962940      0.4935500      0.4935050      0.4934590      0.4932960      0.4929880      0.4877970      0.4830860      0.4788190      0.4788200      0.4781100      0.4772720      0.4768600      0.4774800      0.4761400      0.4748200      0.4735100      0.4722300      0.4709600      0.4697100      0.4684900      0.4672800      0.4660900    
  0.5030900      0.5030870      0.5003950      0.4977050      0.4977000      0.4976890      0.4963050      0.4935500      0.4935270      0.4935050      0.4934200      0.4932480      0.4843650      0.4738910      0.4739300      0.4755540      0.4749320      0.4750900      0.4758020      0.4762400      0.4762400      0.4749100      0.4735900      0.4722900      0.4710100      0.4697600      0.4685200      0.4673000      0.4661000      0.4649200    
  0.5030890      0.5003950      0.4977020      0.4977000      0.4976940      0.4963110      0.4935500      0.4935390      0.4935270      0.4934840      0.4846430      0.4715200      0.4730680      0.4738510      0.4738510      0.4739300      0.4745320      0.4747750      0.4750900      0.4750200      0.4750000      0.4736700      0.4723600      0.4710700      0.4698000      0.4685500      0.4673200      0.4661100      0.4649200      0.4637500    
  0.5003950      0.4977010      0.4977000      0.4976970      0.4963140      0.4935500      0.4935440      0.4935390      0.4935170      0.4829390      0.4715200      0.4715200      0.4715200      0.4730090      0.4737720      0.4737720      0.4739300      0.4743340      0.4744600      0.4750900      0.4737500      0.4724200      0.4711200      0.4698400      0.4685700      0.4673300      0.4661100      0.4649100      0.4637400      0.4625800    
  0.4977010      0.4977000      0.4976990      0.4963150      0.4935500      0.4935470      0.4935440      0.4868270      0.4796880      0.4715170      0.4715200      0.4715200      0.4715200      0.4715200      0.4728940      0.4736150      0.4736150      0.4739300      0.4738570      0.4738300      0.4725000      0.4711800      0.4698800      0.4686100      0.4673500      0.4661200      0.4649100      0.4637200      0.4625500      0.4614000    
  0.4977000      0.4976990      0.4963160      0.4935500      0.4935490      0.4828920      0.4669100      0.4668100      0.4667100      0.4699070      0.4715100      0.4715200      0.4715200      0.4715200      0.4715200      0.4726670      0.4733000      0.4733000      0.4739300      0.4725800      0.4712400      0.4699300      0.4686400      0.4673700      0.4661300      0.4649000      0.4637000      0.4625200      0.4613700      0.4602300    
  0.4977000      0.4963160      0.4935500      0.4935490      0.4807600      0.4669080      0.4669080      0.4669100      0.4668100      0.4667100      0.4698900      0.4714890      0.4715200      0.4715200      0.4715200      0.4715200      0.4722320      0.4726700      0.4726700      0.4713200      0.4699900      0.4686900      0.4674000      0.4661400      0.4649100      0.4636900      0.4625000      0.4613300      0.4601800      0.4590600    
