iMOD/TUTORIALS/TUT_MetaswapAnalyser/model_MetaSWAP/meteo/Evaporation/Evaporation_20050226_L1.ASC
NCOLS                30
NROWS                30
XLLCORNER     160000.00
YLLCORNER     340000.00
CELLSIZE        1000.00
NODATA_VALUE   -9999.00
  0.1868500      0.1856000      0.1843700      0.1831500      0.1819600      0.1807800      0.1796100      0.1784700      0.1773400      0.1762300      0.1751300      0.1740500      0.1729900      0.1719400      0.1709100      0.1699000      0.1689000      0.1679200      0.1669500      0.1659900      0.1650600      0.1641300      0.1632200      0.1623300      0.1614400      0.1605800      0.1597200      0.1588800      0.1580500      0.1572300    
  0.1862400      0.1849800      0.1837500      0.1825300      0.1813300      0.1801400      0.1789800      0.1778300      0.1767000      0.1755800      0.1744800      0.1734000      0.1723300      0.1712800      0.1702500      0.1692300      0.1682300      0.1672400      0.1662700      0.1653100      0.1643700      0.1634500      0.1625300      0.1616300      0.1607500      0.1598800      0.1590200      0.1581700      0.1573400      0.1565200    
  0.1856300      0.1843700      0.1831300      0.1819100      0.1807000      0.1795200      0.1783500      0.1771900      0.1760600      0.1749400      0.1738400      0.1727500      0.1716800      0.1706300      0.1695900      0.1685700      0.1675600      0.1665700      0.1656000      0.1646400      0.1636900      0.1627600      0.1618500      0.1609400      0.1600600      0.1591800      0.1583200      0.1574700      0.1566400      0.1558100    
  0.1850200      0.1837600      0.1825200      0.1812900      0.1800800      0.1788900      0.1777200      0.1765600      0.1754300      0.1743000      0.1732000      0.1721100      0.1710400      0.1699800      0.1689400      0.1679100      0.1669000      0.1659100      0.1649300      0.1639700      0.1630200      0.1620900      0.1611700      0.1602600      0.1593700      0.1584900      0.1576300      0.1567700      0.1559400      0.1551100    
  0.1844200      0.1831600      0.1819100      0.1806800      0.1794700      0.1782800      0.1771000      0.1759400      0.1748000      0.1736700      0.1725600      0.1714700      0.1703900      0.1693300      0.1682900      0.1672600      0.1662500      0.1652500      0.1642700      0.1633000      0.1623500      0.1614100      0.1604900      0.1595800      0.1586900      0.1578000      0.1569400      0.1560800      0.1552400      0.1544100    
  0.1838300      0.1825600      0.1813100      0.1800800      0.1788600      0.1776600      0.1764800      0.1753200      0.1741700      0.1730400      0.1719300      0.1708400      0.1697600      0.1686900      0.1676400      0.1666100      0.1656000      0.1645900      0.1636100      0.1626400      0.1616800      0.1607400      0.1598200      0.1589000      0.1580100      0.1571200      0.1562500      0.1553900      0.1545500      0.1537200    
  0.1832400      0.1819700      0.1807100      0.1794800      0.1782600      0.1770600      0.1758700      0.1747100      0.1735600      0.1724200      0.1713100      0.1702100      0.1691200      0.1680500      0.1670000      0.1659700      0.1649500      0.1639400      0.1629500      0.1619800      0.1610200      0.1600800      0.1591500      0.1582300      0.1573300      0.1564400      0.1555700      0.1547100      0.1538600      0.1530300    
  0.1826500      0.1813800      0.1801200      0.1788800      0.1776600      0.1764500      0.1752700      0.1741000      0.1729400      0.1718000      0.1706800      0.1695800      0.1684900      0.1674200      0.1663700      0.1653300      0.1643100      0.1633000      0.1623000      0.1613300      0.1603700      0.1594200      0.1584800      0.1575700      0.1566600      0.1557700      0.1548900      0.1540300      0.1531800      0.1523400    
  0.1820700      0.1807900      0.1795300      0.1782900      0.1770600      0.1758600      0.1746600      0.1734900      0.1723300      0.1711900      0.1700700      0.1689600      0.1678700      0.1668000      0.1657400      0.1646900      0.1636700      0.1626600      0.1616600      0.1606800      0.1597100      0.1587600      0.1578300      0.1569000      0.1560000      0.1551000      0.1542200      0.1533500      0.1525000      0.1516600    
  0.1815000      0.1802200      0.1789500      0.1777000      0.1764800      0.1752600      0.1740700      0.1728900      0.1717300      0.1705800      0.1694600      0.1683500      0.1672500      0.1661700      0.1651100      0.1640600      0.1630300      0.1620200      0.1610200      0.1600300      0.1590600      0.1581100      0.1571700      0.1562400      0.1553300      0.1544400      0.1535500      0.1526800      0.1518300      0.1509800    
  0.1815070      0.1802230      0.1784970      0.1771200      0.1758900      0.1746800      0.1734800      0.1722900      0.1711300      0.1699800      0.1688500      0.1677400      0.1666400      0.1655500      0.1644900      0.1634400      0.1624000      0.1613900      0.1603800      0.1593900      0.1584200      0.1574600      0.1565200      0.1555900      0.1546800      0.1537800      0.1528900      0.1520200      0.1511600      0.1503100    
  0.1815120      0.1793370      0.1771200      0.1757650      0.1753100      0.1740900      0.1728900      0.1717000      0.1705400      0.1693800      0.1682500      0.1671300      0.1660300      0.1649400      0.1638700      0.1628200      0.1617800      0.1607600      0.1597500      0.1587600      0.1577800      0.1568200      0.1558700      0.1549400      0.1540200      0.1531200      0.1522300      0.1513500      0.1504900      0.1496400    
  0.1801950      0.1771200      0.1756630      0.1750250      0.1747400      0.1735100      0.1723100      0.1711200      0.1699500      0.1687900      0.1676500      0.1665300      0.1654200      0.1643300      0.1632600      0.1622000      0.1611600      0.1601300      0.1591200      0.1581300      0.1571500      0.1561800      0.1552300      0.1543000      0.1533800      0.1524700      0.1515700      0.1507000      0.1498300      0.1489800    
  0.1771200      0.1756010      0.1748830      0.1747400      0.1737300      0.1729400      0.1717300      0.1705400      0.1693600      0.1682000      0.1670600      0.1659300      0.1648200      0.1637300      0.1626500      0.1615900      0.1605400      0.1595100      0.1585000      0.1575000      0.1565200      0.1555500      0.1546000      0.1536600      0.1527300      0.1518200      0.1509200      0.1500400      0.1491700      0.1483200    
  0.1755680      0.1748110      0.1747400      0.1738030      0.1729400      0.1719430      0.1711600      0.1699600      0.1687800      0.1676200      0.1664700      0.1653400      0.1642300      0.1631300      0.1620500      0.1609800      0.1599300      0.1589000      0.1578800      0.1568800      0.1558900      0.1549200      0.1539600      0.1530200      0.1520900      0.1511800      0.1502800      0.1493900      0.1485200      0.1476600    
  0.1747760      0.1747400      0.1738280      0.1729400      0.1720140      0.1711600      0.1705600      0.1699670      0.1683500      0.1670400      0.1658900      0.1647500      0.1636400      0.1625300      0.1614500      0.1603800      0.1593300      0.1582900      0.1572700      0.1562600      0.1552700      0.1543000      0.1533300      0.1523900      0.1514600      0.1505400      0.1496400      0.1487500      0.1478700      0.1470100    
  0.1747400      0.1738360      0.1729400      0.1720380      0.1711600      0.1708600      0.1705620      0.1689790      0.1670400      0.1664650      0.1650880      0.1641700      0.1630500      0.1619400      0.1608500      0.1597800      0.1587200      0.1576800      0.1566600      0.1556500      0.1546500      0.1536800      0.1527100      0.1517600      0.1508300      0.1499100      0.1490000      0.1481100      0.1472300      0.1463700    
  0.1738390      0.1729400      0.1720460      0.1711600      0.1710100      0.1708610      0.1693600      0.1670400      0.1667530      0.1652130      0.1638800      0.1635900      0.1624700      0.1613600      0.1602700      0.1591900      0.1581300      0.1570800      0.1560500      0.1550400      0.1540400      0.1530600      0.1520900      0.1511400      0.1502000      0.1492800      0.1483700      0.1474700      0.1465900      0.1457300    
  0.1729400      0.1720490      0.1711600      0.1710850      0.1710100      0.1695680      0.1670400      0.1668960      0.1652660      0.1637350      0.1635900      0.1630300      0.1620500      0.1607800      0.1596800      0.1586000      0.1575400      0.1564900      0.1554500      0.1544400      0.1534400      0.1524500      0.1514800      0.1505200      0.1495800      0.1486600      0.1477400      0.1468500      0.1459600      0.1450900    
  0.1720500      0.1711600      0.1711220      0.1710850      0.1696760      0.1670400      0.1669680      0.1652910      0.1636620      0.1635900      0.1633100      0.1623630      0.1607800      0.1602300      0.1596870      0.1586070      0.1575430      0.1564930      0.1546920      0.1538400      0.1528300      0.1518400      0.1508700      0.1499100      0.1489700      0.1480400      0.1471200      0.1462200      0.1453300      0.1444600    
  0.1711600      0.1711410      0.1711230      0.1697310      0.1670400      0.1670040      0.1653030      0.1636260      0.1635900      0.1634500      0.1625110      0.1607800      0.1605050      0.1602320      0.1595080      0.1586120      0.1575480      0.1551020      0.1535400      0.1532400      0.1522400      0.1512400      0.1502700      0.1493000      0.1483600      0.1474200      0.1465000      0.1456000      0.1447100      0.1438300    
  0.1711510      0.1711410      0.1697590      0.1670400      0.1670220      0.1653090      0.1636080      0.1635900      0.1635200      0.1625830      0.1607800      0.1606430      0.1605060      0.1600820      0.1594510      0.1585560      0.1555780      0.1533900      0.1532400      0.1523730      0.1516400      0.1506500      0.1496700      0.1487000      0.1477500      0.1468100      0.1458900      0.1449800      0.1440900      0.1432100    
  0.1711510      0.1697730      0.1670400      0.1670310      0.1653120      0.1635990      0.1635900      0.1635550      0.1626180      0.1607800      0.1607110      0.1606430      0.1604100      0.1600130      0.1593630      0.1556820      0.1533150      0.1532400      0.1517120      0.1510550      0.1504580      0.1500600      0.1490700      0.1481000      0.1471500      0.1462100      0.1452800      0.1443700      0.1434800      0.1426000    
  0.1697800      0.1670400      0.1670360      0.1653140      0.1635950      0.1635900      0.1635720      0.1626360      0.1607800      0.1607460      0.1607110      0.1605880      0.1603550      0.1573790      0.1544100      0.1515120      0.1515100      0.1509860      0.1503760      0.1501800      0.1504700      0.1494700      0.1484800      0.1475100      0.1465500      0.1456100      0.1446800      0.1437700      0.1428700      0.1419900    
  0.1670400      0.1670380      0.1653140      0.1635920      0.1635900      0.1635810      0.1626450      0.1607800      0.1607630      0.1607460      0.1606820      0.1605510      0.1555460      0.1497130      0.1497300      0.1501590      0.1497110      0.1497800      0.1498220      0.1498930      0.1498900      0.1488900      0.1479000      0.1469200      0.1459600      0.1450200      0.1440900      0.1431700      0.1422700      0.1413800    
  0.1670390      0.1653150      0.1635910      0.1635900      0.1635860      0.1626490      0.1607800      0.1607710      0.1607630      0.1607300      0.1560720      0.1491900      0.1495240      0.1496960      0.1496960      0.1497300      0.1496860      0.1496420      0.1497800      0.1494350      0.1493200      0.1483100      0.1473200      0.1463400      0.1453700      0.1444300      0.1434900      0.1425700      0.1416700      0.1407800    
  0.1653150      0.1635910      0.1635900      0.1635880      0.1626510      0.1607800      0.1607760      0.1607710      0.1607550      0.1551890      0.1491900      0.1491900      0.1491900      0.1494990      0.1496610      0.1496610      0.1497300      0.1495920      0.1495050      0.1497800      0.1487500      0.1477400      0.1467400      0.1457600      0.1447900      0.1438400      0.1429100      0.1419900      0.1410800      0.1401900    
  0.1635900      0.1635900      0.1635890      0.1626520      0.1607800      0.1607780      0.1607760      0.1575130      0.1537270      0.1491890      0.1491900      0.1491900      0.1491900      0.1491900      0.1494480      0.1495930      0.1495920      0.1497300      0.1493530      0.1492300      0.1481900      0.1471700      0.1461700      0.1451900      0.1442200      0.1432600      0.1423300      0.1414000      0.1404900      0.1396000    
  0.1635900      0.1635890      0.1626530      0.1607800      0.1607790      0.1558270      0.1484000      0.1480750      0.1477500      0.1487060      0.1491860      0.1491900      0.1491900      0.1491900      0.1491900      0.1493480      0.1494560      0.1494550      0.1497300      0.1486700      0.1476300      0.1466100      0.1456100      0.1446200      0.1436500      0.1426900      0.1417500      0.1408200      0.1399100      0.1390100    
  0.1635900      0.1626530      0.1607800      0.1607790      0.1548360      0.1483990      0.1483990      0.1484000      0.1480750      0.1477500      0.1486990      0.1491770      0.1491900      0.1491900      0.1491900      0.1491900      0.1491520      0.1491830      0.1491800      0.1481200      0.1470800      0.1460600      0.1450500      0.1440600      0.1430800      0.1421200      0.1411800      0.1402500      0.1393400      0.1384400    
