iMOD/TUTORIALS/TUT_MetaswapAnalyser/model_MetaSWAP/meteo/Evaporation/Evaporation_20060203_L1.ASC
NCOLS                30
NROWS                30
XLLCORNER     160000.00
YLLCORNER     340000.00
CELLSIZE        1000.00
NODATA_VALUE   -9999.00
  0.1285700      0.1284500      0.1283200      0.1281800      0.1280300      0.1278700      0.1277000      0.1275200      0.1273200      0.1271200      0.1269100      0.1266900      0.1264600      0.1262200      0.1259700      0.1257100      0.1254500      0.1251700      0.1248900      0.1246000      0.1243000      0.1239900      0.1236800      0.1233500      0.1230200      0.1226900      0.1223400      0.1219900      0.1216400      0.1212700    
  0.1282700      0.1281600      0.1280300      0.1278900      0.1277400      0.1275800      0.1274000      0.1272200      0.1270300      0.1268300      0.1266200      0.1264000      0.1261700      0.1259300      0.1256900      0.1254300      0.1251700      0.1248900      0.1246100      0.1243200      0.1240200      0.1237200      0.1234000      0.1230800      0.1227600      0.1224200      0.1220800      0.1217300      0.1213700      0.1210100    
  0.1279700      0.1278600      0.1277300      0.1275900      0.1274400      0.1272800      0.1271100      0.1269300      0.1267400      0.1265400      0.1263300      0.1261100      0.1258800      0.1256400      0.1254000      0.1251400      0.1248800      0.1246100      0.1243300      0.1240400      0.1237400      0.1234400      0.1231300      0.1228100      0.1224800      0.1221500      0.1218100      0.1214600      0.1211100      0.1207500    
  0.1276700      0.1275500      0.1274200      0.1272900      0.1271400      0.1269800      0.1268100      0.1266300      0.1264400      0.1262400      0.1260300      0.1258100      0.1255900      0.1253500      0.1251100      0.1248500      0.1245900      0.1243200      0.1240400      0.1237600      0.1234600      0.1231600      0.1228500      0.1225300      0.1222100      0.1218800      0.1215400      0.1211900      0.1208400      0.1204800    
  0.1273600      0.1272500      0.1271200      0.1269800      0.1268300      0.1266700      0.1265000      0.1263300      0.1261400      0.1259400      0.1257300      0.1255200      0.1252900      0.1250600      0.1248100      0.1245600      0.1243000      0.1240300      0.1237500      0.1234700      0.1231800      0.1228800      0.1225700      0.1222500      0.1219300      0.1216000      0.1212600      0.1209200      0.1205700      0.1202100    
  0.1270500      0.1269400      0.1268100      0.1266700      0.1265200      0.1263600      0.1262000      0.1260200      0.1258300      0.1256400      0.1254300      0.1252100      0.1249900      0.1247600      0.1245200      0.1242600      0.1240100      0.1237400      0.1234600      0.1231800      0.1228900      0.1225900      0.1222800      0.1219700      0.1216500      0.1213200      0.1209800      0.1206400      0.1202900      0.1199400    
  0.1267400      0.1266200      0.1265000      0.1263600      0.1262100      0.1260500      0.1258900      0.1257100      0.1255200      0.1253300      0.1251200      0.1249100      0.1246900      0.1244500      0.1242100      0.1239700      0.1237100      0.1234400      0.1231700      0.1228900      0.1226000      0.1223000      0.1219900      0.1216800      0.1213600      0.1210400      0.1207000      0.1203600      0.1200200      0.1196600    
  0.1264300      0.1263100      0.1261800      0.1260400      0.1259000      0.1257400      0.1255700      0.1254000      0.1252100      0.1250200      0.1248100      0.1246000      0.1243800      0.1241500      0.1239100      0.1236600      0.1234100      0.1231400      0.1228700      0.1225900      0.1223000      0.1220100      0.1217000      0.1213900      0.1210800      0.1207500      0.1204200      0.1200800      0.1197400      0.1193800    
  0.1261100      0.1259900      0.1258600      0.1257300      0.1255800      0.1254200      0.1252600      0.1250800      0.1249000      0.1247100      0.1245000      0.1242900      0.1240700      0.1238400      0.1236000      0.1233600      0.1231000      0.1228400      0.1225700      0.1222900      0.1220000      0.1217100      0.1214100      0.1211000      0.1207800      0.1204600      0.1201300      0.1198000      0.1194500      0.1191000    
  0.1257900      0.1256700      0.1255400      0.1254100      0.1252600      0.1251100      0.1249400      0.1247700      0.1245800      0.1243900      0.1241900      0.1239800      0.1237600      0.1235300      0.1233000      0.1230500      0.1228000      0.1225400      0.1222700      0.1219900      0.1217000      0.1214100      0.1211100      0.1208100      0.1204900      0.1201700      0.1198400      0.1195100      0.1191700      0.1188200    
  0.1257870      0.1256670      0.1254250      0.1250800      0.1249400      0.1247800      0.1246200      0.1244500      0.1242600      0.1240700      0.1238700      0.1236600      0.1234400      0.1232200      0.1229800      0.1227400      0.1224900      0.1222300      0.1219600      0.1216900      0.1214000      0.1211100      0.1208100      0.1205100      0.1202000      0.1198800      0.1195500      0.1192200      0.1188800      0.1185300    
  0.1257820      0.1254900      0.1250800      0.1247300      0.1246100      0.1244600      0.1243000      0.1241200      0.1239400      0.1237500      0.1235500      0.1233400      0.1231300      0.1229000      0.1226700      0.1224300      0.1221800      0.1219200      0.1216500      0.1213800      0.1211000      0.1208100      0.1205100      0.1202100      0.1199000      0.1195800      0.1192600      0.1189200      0.1185900      0.1182400    
  0.1255600      0.1250800      0.1246370      0.1244500      0.1242900      0.1241300      0.1239700      0.1238000      0.1236200      0.1234300      0.1232300      0.1230200      0.1228100      0.1225800      0.1223500      0.1221100      0.1218600      0.1216100      0.1213400      0.1210700      0.1207900      0.1205000      0.1202100      0.1199000      0.1196000      0.1192800      0.1189600      0.1186300      0.1182900      0.1179500    
  0.1250800      0.1245940      0.1243700      0.1242900      0.1240770      0.1238100      0.1236400      0.1234700      0.1232900      0.1231000      0.1229100      0.1227000      0.1224900      0.1222600      0.1220300      0.1217900      0.1215500      0.1212900      0.1210300      0.1207600      0.1204800      0.1201900      0.1199000      0.1196000      0.1192900      0.1189800      0.1186600      0.1183300      0.1180000      0.1176600    
  0.1245740      0.1243300      0.1242900      0.1240590      0.1238100      0.1235870      0.1233100      0.1231400      0.1229600      0.1227800      0.1225800      0.1223700      0.1221600      0.1219400      0.1217100      0.1214700      0.1212300      0.1209700      0.1207100      0.1204400      0.1201600      0.1198800      0.1195900      0.1192900      0.1189900      0.1186700      0.1183500      0.1180300      0.1177000      0.1173600    
  0.1243100      0.1242900      0.1240530      0.1238100      0.1235690      0.1233100      0.1232250      0.1231370      0.1228320      0.1224500      0.1222500      0.1220500      0.1218300      0.1216100      0.1213900      0.1211500      0.1209000      0.1206500      0.1203900      0.1201200      0.1198500      0.1195700      0.1192800      0.1189800      0.1186800      0.1183700      0.1180500      0.1177300      0.1174000      0.1170600    
  0.1242900      0.1240510      0.1238100      0.1235630      0.1233100      0.1232680      0.1232240      0.1229110      0.1224500      0.1223500      0.1219700      0.1217200      0.1215100      0.1212900      0.1210600      0.1208200      0.1205800      0.1203300      0.1200700      0.1198100      0.1195300      0.1192500      0.1189600      0.1186700      0.1183700      0.1180600      0.1177400      0.1174200      0.1170900      0.1167600    
  0.1240500      0.1238100      0.1235610      0.1233100      0.1232890      0.1232670      0.1229630      0.1224500      0.1224000      0.1219400      0.1215500      0.1213800      0.1211700      0.1209600      0.1207300      0.1205000      0.1202500      0.1200100      0.1197500      0.1194800      0.1192100      0.1189300      0.1186500      0.1183500      0.1180500      0.1177500      0.1174300      0.1171100      0.1167900      0.1164500    
  0.1238100      0.1235600      0.1233100      0.1232990      0.1232890      0.1229920      0.1224500      0.1224250      0.1219270      0.1214650      0.1213800      0.1212750      0.1210320      0.1206200      0.1204000      0.1201700      0.1199300      0.1196800      0.1194200      0.1191600      0.1188900      0.1186100      0.1183300      0.1180400      0.1177400      0.1174300      0.1171200      0.1168000      0.1164800      0.1161500    
  0.1235600      0.1233100      0.1233050      0.1232990      0.1230080      0.1224500      0.1224380      0.1219210      0.1214220      0.1213800      0.1213280      0.1210770      0.1206200      0.1205100      0.1203970      0.1201670      0.1199270      0.1196770      0.1191200      0.1188300      0.1185600      0.1182900      0.1180100      0.1177200      0.1174200      0.1171200      0.1168100      0.1164900      0.1161700      0.1158400    
  0.1233100      0.1233070      0.1233050      0.1230150      0.1224500      0.1224440      0.1219180      0.1214010      0.1213800      0.1213540      0.1211010      0.1206200      0.1205650      0.1205090      0.1203580      0.1201630      0.1199230      0.1191810      0.1186700      0.1185100      0.1182400      0.1179600      0.1176800      0.1173900      0.1171000      0.1168000      0.1164900      0.1161700      0.1158500      0.1155300    
  0.1233090      0.1233070      0.1230190      0.1224500      0.1224470      0.1219160      0.1213910      0.1213800      0.1213670      0.1211140      0.1206200      0.1205920      0.1205650      0.1204770      0.1203430      0.1201480      0.1192730      0.1185900      0.1185100      0.1182200      0.1179100      0.1176400      0.1173600      0.1170700      0.1167800      0.1164800      0.1161700      0.1158600      0.1155400      0.1152100    
  0.1233090      0.1230210      0.1224500      0.1224480      0.1219160      0.1213850      0.1213800      0.1213730      0.1211200      0.1206200      0.1206060      0.1205920      0.1205450      0.1204620      0.1203230      0.1191630      0.1185500      0.1185100      0.1178480      0.1175800      0.1174180      0.1173100      0.1170300      0.1167400      0.1164500      0.1161500      0.1158500      0.1155400      0.1152200      0.1149000    
  0.1230220      0.1224500      0.1224490      0.1219150      0.1213830      0.1213800      0.1213770      0.1211230      0.1206200      0.1206130      0.1206060      0.1205810      0.1205330      0.1193470      0.1183470      0.1174990      0.1175000      0.1173590      0.1171900      0.1170800      0.1172500      0.1169800      0.1167000      0.1164200      0.1161300      0.1158300      0.1155300      0.1152200      0.1149000      0.1145800    
  0.1224500      0.1224500      0.1219150      0.1213810      0.1213800      0.1213780      0.1211250      0.1206200      0.1206170      0.1206130      0.1206000      0.1205730      0.1185100      0.1160490      0.1160600      0.1165770      0.1164470      0.1164900      0.1167580      0.1169100      0.1169100      0.1166400      0.1163700      0.1160900      0.1158000      0.1155000      0.1152000      0.1148900      0.1145800      0.1142600    
  0.1224500      0.1219150      0.1213810      0.1213800      0.1213790      0.1211260      0.1206200      0.1206180      0.1206170      0.1206100      0.1184570      0.1152500      0.1157740      0.1160380      0.1160380      0.1160600      0.1163010      0.1164050      0.1164900      0.1165530      0.1165700      0.1163100      0.1160300      0.1157500      0.1154700      0.1151700      0.1148700      0.1145700      0.1142500      0.1139400    
  0.1219150      0.1213800      0.1213800      0.1213800      0.1211260      0.1206200      0.1206190      0.1206180      0.1206150      0.1180370      0.1152500      0.1152500      0.1152500      0.1157570      0.1160160      0.1160160      0.1160600      0.1162490      0.1163200      0.1164900      0.1162400      0.1159700      0.1157000      0.1154200      0.1151300      0.1148400      0.1145400      0.1142400      0.1139300      0.1136100    
  0.1213800      0.1213800      0.1213800      0.1211260      0.1206200      0.1206200      0.1206190      0.1188860      0.1171560      0.1152490      0.1152500      0.1152500      0.1152500      0.1152500      0.1157250      0.1159730      0.1159730      0.1160600      0.1161270      0.1161500      0.1158900      0.1156300      0.1153600      0.1150800      0.1148000      0.1145100      0.1142100      0.1139100      0.1136000      0.1132800    
  0.1213800      0.1213800      0.1211270      0.1206200      0.1206200      0.1177880      0.1135400      0.1136150      0.1136900      0.1147270      0.1152470      0.1152500      0.1152500      0.1152500      0.1152500      0.1156630      0.1158850      0.1158850      0.1160600      0.1158100      0.1155500      0.1152900      0.1150200      0.1147400      0.1144600      0.1141700      0.1138800      0.1135800      0.1132700      0.1129600    
  0.1213800      0.1211270      0.1206200      0.1206200      0.1172210      0.1135390      0.1135390      0.1135400      0.1136150      0.1136900      0.1147220      0.1152410      0.1152500      0.1152500      0.1152500      0.1152500      0.1155440      0.1157100      0.1157100      0.1154600      0.1152100      0.1149500      0.1146800      0.1144000      0.1141200      0.1138400      0.1135400      0.1132400      0.1129400      0.1126300    
