iMOD/TUTORIALS/TUT_MetaswapAnalyser/model_MetaSWAP/meteo/Evaporation/Evaporation_20060105_L1.ASC
NCOLS                30
NROWS                30
XLLCORNER     160000.00
YLLCORNER     340000.00
CELLSIZE        1000.00
NODATA_VALUE   -9999.00
  0.1286600      0.1273000      0.1259500      0.1246100      0.1232700      0.1219400      0.1206100      0.1193000      0.1179900      0.1167000      0.1154200      0.1141400      0.1128800      0.1116300      0.1104000      0.1091800      0.1079700      0.1067700      0.1055900      0.1044300      0.1032800      0.1021500      0.1010300      0.9992000E-01  0.9884000E-01  0.9777000E-01  0.9671000E-01  0.9567000E-01  0.9465000E-01  0.9364000E-01
  0.1289900      0.1276400      0.1262900      0.1249500      0.1236100      0.1222800      0.1209600      0.1196500      0.1183500      0.1170600      0.1157700      0.1145000      0.1132400      0.1119900      0.1107600      0.1095400      0.1083300      0.1071400      0.1059600      0.1047900      0.1036400      0.1025100      0.1013900      0.1002900      0.9920000E-01  0.9813000E-01  0.9707000E-01  0.9603000E-01  0.9501000E-01  0.9400000E-01
  0.1293100      0.1279600      0.1266100      0.1252800      0.1239400      0.1226200      0.1213000      0.1199900      0.1186900      0.1174000      0.1161200      0.1148500      0.1135900      0.1123500      0.1111100      0.1098900      0.1086900      0.1074900      0.1063100      0.1051500      0.1040000      0.1028700      0.1017500      0.1006400      0.9955000E-01  0.9848000E-01  0.9743000E-01  0.9638000E-01  0.9536000E-01  0.9435000E-01
  0.1296100      0.1282700      0.1269300      0.1255900      0.1242700      0.1229400      0.1216300      0.1203200      0.1190200      0.1177300      0.1164600      0.1151900      0.1139300      0.1126900      0.1114600      0.1102400      0.1090300      0.1078400      0.1066600      0.1055000      0.1043500      0.1032100      0.1020900      0.1009900      0.9990000E-01  0.9883000E-01  0.9777000E-01  0.9673000E-01  0.9570000E-01  0.9469000E-01
  0.1299100      0.1285700      0.1272300      0.1259000      0.1245800      0.1232600      0.1219400      0.1206400      0.1193500      0.1180600      0.1167800      0.1155200      0.1142600      0.1130200      0.1117900      0.1105700      0.1093700      0.1081700      0.1070000      0.1058300      0.1046900      0.1035500      0.1024300      0.1013300      0.1002400      0.9917000E-01  0.9811000E-01  0.9706000E-01  0.9604000E-01  0.9503000E-01
  0.1302000      0.1288600      0.1275300      0.1262000      0.1248800      0.1235600      0.1222500      0.1209500      0.1196600      0.1183700      0.1171000      0.1158400      0.1145800      0.1133400      0.1121100      0.1109000      0.1096900      0.1085000      0.1073300      0.1061600      0.1050100      0.1038800      0.1027600      0.1016600      0.1005700      0.9950000E-01  0.9844000E-01  0.9739000E-01  0.9637000E-01  0.9536000E-01
  0.1304800      0.1291400      0.1278100      0.1264900      0.1251700      0.1238500      0.1225500      0.1212500      0.1199600      0.1186800      0.1174100      0.1161400      0.1148900      0.1136500      0.1124300      0.1112100      0.1100100      0.1088200      0.1076400      0.1064800      0.1053400      0.1042000      0.1030800      0.1019800      0.1008900      0.9982000E-01  0.9876000E-01  0.9772000E-01  0.9669000E-01  0.9568000E-01
  0.1307400      0.1294100      0.1280900      0.1267700      0.1254500      0.1241400      0.1228400      0.1215400      0.1202500      0.1189700      0.1177000      0.1164400      0.1152000      0.1139600      0.1127300      0.1115200      0.1103200      0.1091300      0.1079600      0.1067900      0.1056500      0.1045200      0.1034000      0.1022900      0.1012100      0.1001300      0.9907000E-01  0.9803000E-01  0.9700000E-01  0.9599000E-01
  0.1310000      0.1296700      0.1283500      0.1270300      0.1257200      0.1244100      0.1231100      0.1218200      0.1205400      0.1192600      0.1179900      0.1167400      0.1154900      0.1142500      0.1130300      0.1118200      0.1106200      0.1094300      0.1082600      0.1071000      0.1059500      0.1048200      0.1037000      0.1026000      0.1015100      0.1004400      0.9938000E-01  0.9834000E-01  0.9731000E-01  0.9630000E-01
  0.1312500      0.1299300      0.1286100      0.1272900      0.1259800      0.1246800      0.1233800      0.1220900      0.1208100      0.1195400      0.1182700      0.1170200      0.1157700      0.1145400      0.1133200      0.1121100      0.1109100      0.1097200      0.1085500      0.1073900      0.1062500      0.1051200      0.1040000      0.1029000      0.1018100      0.1007400      0.9968000E-01  0.9864000E-01  0.9761000E-01  0.9660000E-01
  0.1312500      0.1299300      0.1283430      0.1275400      0.1262400      0.1249400      0.1236400      0.1223500      0.1210800      0.1198000      0.1185400      0.1172900      0.1160500      0.1148200      0.1136000      0.1123900      0.1111900      0.1100100      0.1088400      0.1076800      0.1065400      0.1054100      0.1042900      0.1031900      0.1021100      0.1010400      0.9998000E-01  0.9894000E-01  0.9791000E-01  0.9690000E-01
  0.1312510      0.1292660      0.1275400      0.1267450      0.1264800      0.1251900      0.1238900      0.1226100      0.1213300      0.1200600      0.1188100      0.1175600      0.1163200      0.1150900      0.1138700      0.1126600      0.1114700      0.1102900      0.1091200      0.1079600      0.1068200      0.1056900      0.1045800      0.1034800      0.1023900      0.1013200      0.1002700      0.9923000E-01  0.9820000E-01  0.9719000E-01
  0.1301580      0.1275400      0.1269010      0.1266000      0.1267200      0.1254300      0.1241400      0.1228600      0.1215800      0.1203200      0.1190600      0.1178100      0.1165700      0.1153500      0.1141300      0.1129300      0.1117400      0.1105600      0.1093900      0.1082300      0.1070900      0.1059700      0.1048500      0.1037600      0.1026700      0.1016000      0.1005500      0.9951000E-01  0.9848000E-01  0.9747000E-01
  0.1275400      0.1269550      0.1266600      0.1267200      0.1259370      0.1256600      0.1243700      0.1230900      0.1218200      0.1205600      0.1193100      0.1180600      0.1168300      0.1156000      0.1143900      0.1131900      0.1120000      0.1108200      0.1096500      0.1085000      0.1073600      0.1062400      0.1051200      0.1040300      0.1029400      0.1018800      0.1008200      0.9978000E-01  0.9876000E-01  0.9775000E-01
  0.1269760      0.1266900      0.1267200      0.1261060      0.1256600      0.1248770      0.1246000      0.1233300      0.1220600      0.1208000      0.1195500      0.1183000      0.1170700      0.1158500      0.1146400      0.1134400      0.1122500      0.1110700      0.1099100      0.1087600      0.1076200      0.1065000      0.1053900      0.1042900      0.1032100      0.1021400      0.1010900      0.1000500      0.9903000E-01  0.9802000E-01
  0.1267050      0.1267200      0.1261620      0.1256600      0.1250460      0.1246000      0.1239650      0.1233300      0.1218050      0.1210300      0.1197800      0.1185400      0.1173100      0.1160900      0.1148800      0.1136800      0.1124900      0.1113200      0.1101600      0.1090100      0.1078700      0.1067500      0.1056400      0.1045500      0.1034700      0.1024100      0.1013600      0.1003200      0.9930000E-01  0.9829000E-01
  0.1267200      0.1261810      0.1256600      0.1251020      0.1246000      0.1242820      0.1239650      0.1225330      0.1210300      0.1204050      0.1194220      0.1187700      0.1175400      0.1163200      0.1151100      0.1139200      0.1127300      0.1115600      0.1104000      0.1092600      0.1081200      0.1070000      0.1059000      0.1048000      0.1037300      0.1026600      0.1016100      0.1005800      0.9956000E-01  0.9855000E-01
  0.1261870      0.1256600      0.1251210      0.1246000      0.1244410      0.1242820      0.1229520      0.1210300      0.1207180      0.1197450      0.1188800      0.1189900      0.1177600      0.1165500      0.1153400      0.1141500      0.1129700      0.1118000      0.1106400      0.1094900      0.1083600      0.1072400      0.1061400      0.1050500      0.1039700      0.1029100      0.1018700      0.1008300      0.9981000E-01  0.9881000E-01
  0.1256600      0.1251270      0.1246000      0.1245210      0.1244410      0.1231770      0.1210300      0.1208740      0.1198840      0.1189350      0.1189900      0.1183750      0.1175180      0.1167700      0.1155600      0.1143700      0.1131900      0.1120300      0.1108700      0.1097300      0.1086000      0.1074800      0.1063800      0.1052900      0.1042200      0.1031600      0.1021100      0.1010800      0.1000700      0.9906000E-01
  0.1251290      0.1246000      0.1245600      0.1245210      0.1232920      0.1210300      0.1209520      0.1199480      0.1189620      0.1189900      0.1186830      0.1179130      0.1167700      0.1161650      0.1155670      0.1143730      0.1131970      0.1120300      0.1105540      0.1099600      0.1088300      0.1077100      0.1066100      0.1055300      0.1044600      0.1034000      0.1023500      0.1013300      0.1003100      0.9931000E-01
  0.1246000      0.1245800      0.1245600      0.1233510      0.1210300      0.1209910      0.1199790      0.1189760      0.1189900      0.1188360      0.1180890      0.1167700      0.1164670      0.1161670      0.1153680      0.1143790      0.1132000      0.1112060      0.1100700      0.1101800      0.1090500      0.1079400      0.1068400      0.1057600      0.1046900      0.1036300      0.1025900      0.1015700      0.1005500      0.9956000E-01
  0.1245900      0.1245800      0.1233800      0.1210300      0.1210100      0.1199950      0.1189830      0.1189900      0.1189130      0.1181710      0.1167700      0.1166190      0.1164680      0.1160010      0.1153050      0.1143160      0.1118180      0.1101250      0.1101800      0.1095000      0.1092700      0.1081600      0.1070700      0.1059800      0.1049200      0.1038600      0.1028200      0.1018000      0.1007900      0.9979000E-01
  0.1245900      0.1233950      0.1210300      0.1210200      0.1200020      0.1189870      0.1189900      0.1189520      0.1182110      0.1167700      0.1166940      0.1166190      0.1163630      0.1159250      0.1152070      0.1124770      0.1101520      0.1101800      0.1097410      0.1094850      0.1088200      0.1083800      0.1072900      0.1062100      0.1051400      0.1040900      0.1030500      0.1020300      0.1010200      0.1000300    
  0.1234030      0.1210300      0.1210250      0.1200060      0.1189880      0.1189900      0.1189710      0.1182310      0.1167700      0.1167320      0.1166940      0.1165590      0.1163020      0.1151040      0.1131820      0.1107940      0.1107950      0.1102890      0.1097280      0.1098000      0.1097000      0.1085900      0.1075000      0.1064200      0.1053600      0.1043100      0.1032800      0.1022600      0.1012500      0.1002600    
  0.1210300      0.1210280      0.1200080      0.1189890      0.1189900      0.1189800      0.1182400      0.1167700      0.1167510      0.1167320      0.1166620      0.1165180      0.1147640      0.1129260      0.1129200      0.1117710      0.1114350      0.1114100      0.1103840      0.1099000      0.1099000      0.1088000      0.1077100      0.1066400      0.1055800      0.1045300      0.1035000      0.1024800      0.1014800      0.1004900    
  0.1210290      0.1200090      0.1189900      0.1189900      0.1189850      0.1182450      0.1167700      0.1167610      0.1167510      0.1167150      0.1158180      0.1145900      0.1134850      0.1129310      0.1129310      0.1129200      0.1119330      0.1114600      0.1114100      0.1104270      0.1101000      0.1090000      0.1079200      0.1068500      0.1057900      0.1047500      0.1037200      0.1027000      0.1017000      0.1007200    
  0.1200100      0.1189900      0.1189900      0.1189880      0.1182480      0.1167700      0.1167650      0.1167610      0.1167420      0.1156930      0.1145900      0.1145900      0.1145900      0.1134930      0.1129430      0.1129430      0.1129200      0.1119440      0.1115100      0.1114100      0.1103000      0.1092100      0.1081200      0.1070500      0.1060000      0.1049600      0.1039300      0.1029200      0.1019200      0.1009400    
  0.1189900      0.1189900      0.1189890      0.1182490      0.1167700      0.1167680      0.1167650      0.1167170      0.1159410      0.1145900      0.1145900      0.1145900      0.1145900      0.1145900      0.1135080      0.1129650      0.1129650      0.1129200      0.1119350      0.1116100      0.1105000      0.1094000      0.1083200      0.1072600      0.1062000      0.1051700      0.1041400      0.1031400      0.1021400      0.1011600    
  0.1189900      0.1189890      0.1182490      0.1167700      0.1167690      0.1172290      0.1179200      0.1172600      0.1166000      0.1152610      0.1145910      0.1145900      0.1145900      0.1145900      0.1145900      0.1135350      0.1130100      0.1130100      0.1129200      0.1118000      0.1106900      0.1096000      0.1085200      0.1074600      0.1064100      0.1053700      0.1043500      0.1033500      0.1023600      0.1013800    
  0.1189900      0.1182500      0.1167700      0.1167690      0.1173220      0.1179200      0.1179200      0.1179200      0.1172600      0.1166000      0.1152640      0.1145940      0.1145900      0.1145900      0.1145900      0.1145900      0.1135770      0.1131000      0.1131000      0.1119800      0.1108800      0.1097900      0.1087100      0.1076500      0.1066100      0.1055800      0.1045600      0.1035600      0.1025700      0.1016000    
