iMOD/TUTORIALS/TUT_MetaswapAnalyser/model_MetaSWAP/meteo/Evaporation/Evaporation_20050816_L1.ASC
NCOLS                30
NROWS                30
XLLCORNER     160000.00
YLLCORNER     340000.00
CELLSIZE        1000.00
NODATA_VALUE   -9999.00
   2.285870       2.279020       2.272410       2.266050       2.259910       2.254000       2.248320       2.242860       2.237610       2.232570       2.227730       2.223100       2.218650       2.214400       2.210340       2.206450       2.202740       2.199200       2.195830       2.192620       2.189570       2.186670       2.183910       2.181300       2.178830       2.176490       2.174270       2.172180       2.170210       2.168340    
   2.288510       2.281710       2.275140       2.268810       2.262710       2.256830       2.251170       2.245730       2.240500       2.235470       2.230650       2.226020       2.221580       2.217330       2.213260       2.209360       2.205640       2.202090       2.198700       2.195460       2.192380       2.189450       2.186670       2.184020       2.181500       2.179120       2.176860       2.174720       2.172690       2.170770    
   2.291280       2.284530       2.278010       2.271720       2.265650       2.259800       2.254160       2.248740       2.243530       2.238510       2.233700       2.229070       2.224640       2.220380       2.216310       2.212410       2.208670       2.205100       2.201690       2.198440       2.195330       2.192370       2.189550       2.186860       2.184310       2.181880       2.179570       2.177380       2.175300       2.173330    
   2.294170       2.287470       2.281000       2.274740       2.268710       2.262890       2.257280       2.251880       2.246690       2.241680       2.236880       2.232260       2.227830       2.223570       2.219490       2.215580       2.211830       2.208240       2.204810       2.201530       2.198400       2.195410       2.192550       2.189830       2.187230       2.184760       2.182400       2.180160       2.178030       2.176000    
   2.297190       2.290540       2.284110       2.277890       2.271890       2.266110       2.260520       2.255150       2.249960       2.244980       2.240180       2.235570       2.231140       2.226880       2.222790       2.218870       2.215110       2.211510       2.208060       2.204750       2.201590       2.198570       2.195680       2.192910       2.190280       2.187760       2.185350       2.183060       2.180870       2.178790    
   2.300310       2.293710       2.287330       2.281160       2.275190       2.269440       2.263880       2.258520       2.253360       2.248390       2.243600       2.238990       2.234560       2.230300       2.226210       2.222280       2.218510       2.214890       2.211410       2.208090       2.204900       2.201840       2.198910       2.196110       2.193430       2.190870       2.188420       2.186070       2.183830       2.181690    
   2.303550       2.297000       2.290660       2.284530       2.278600       2.272870       2.267350       2.262010       2.256870       2.251910       2.247130       2.242530       2.238100       2.233840       2.229740       2.225800       2.222010       2.218380       2.214880       2.211530       2.208310       2.205220       2.202260       2.199420       2.196700       2.194090       2.191590       2.189190       2.186890       2.184690    
   2.306880       2.300380       2.294090       2.288000       2.282110       2.276420       2.270910       2.265600       2.260480       2.255530       2.250760       2.246170       2.241740       2.237480       2.233380       2.229430       2.225630       2.221970       2.218460       2.215080       2.211830       2.208710       2.205710       2.202830       2.200070       2.197410       2.194860       2.192410       2.190060       2.187800    
   2.310310       2.303860       2.297620       2.291570       2.285710       2.280050       2.274580       2.269290       2.264180       2.259260       2.254500       2.249910       2.245490       2.241220       2.237110       2.233150       2.229340       2.225670       2.222130       2.218730       2.215450       2.212300       2.209260       2.206350       2.203540       2.200830       2.198230       2.195730       2.193320       2.191010    
   2.313820       2.307430       2.301230       2.295230       2.289410       2.283780       2.278340       2.273070       2.267990       2.263070       2.258330       2.253740       2.249320       2.245060       2.240940       2.236970       2.233150       2.229460       2.225900       2.222470       2.219170       2.215980       2.212910       2.209950       2.207100       2.204350       2.201700       2.199150       2.196680       2.194310    
   2.313890       2.307490       2.300710       2.298970       2.293190       2.287590       2.282180       2.276940       2.271870       2.266980       2.262240       2.257670       2.253250       2.248980       2.244860       2.240890       2.237050       2.233340       2.229760       2.226310       2.222980       2.219760       2.216650       2.213650       2.210760       2.207960       2.205260       2.202650       2.200130       2.197700    
   2.313950       2.305270       2.298970       2.297550       2.297050       2.291490       2.286100       2.280890       2.275840       2.270960       2.266240       2.261670       2.257260       2.252990       2.248870       2.244880       2.241030       2.237310       2.233710       2.230230       2.226870       2.223620       2.220480       2.217440       2.214500       2.211650       2.208900       2.206240       2.203670       2.201170    
   2.309680       2.298970       2.299130       2.299020       2.300980       2.295460       2.290100       2.284910       2.279890       2.275020       2.270320       2.265760       2.261350       2.257080       2.252950       2.248960       2.245100       2.241360       2.237740       2.234230       2.230840       2.227560       2.224380       2.221300       2.218320       2.215430       2.212630       2.209910       2.207280       2.204730    
   2.298970       2.299770       2.300000       2.300980       2.298650       2.299500       2.294170       2.289010       2.284000       2.279160       2.274460       2.269920       2.265510       2.261250       2.257110       2.253110       2.249240       2.245480       2.241840       2.238320       2.234900       2.231580       2.228370       2.225250       2.222220       2.219280       2.216430       2.213660       2.210970       2.208360    
   2.300050       2.300490       2.300980       2.299710       2.299500       2.297320       2.298300       2.293170       2.288190       2.283360       2.278680       2.274140       2.269740       2.265480       2.261340       2.257340       2.253450       2.249680       2.246020       2.242470       2.239020       2.235670       2.232420       2.229270       2.226200       2.223210       2.220310       2.217490       2.214740       2.212060    
   2.300730       2.300980       2.300060       2.299500       2.298370       2.298300       2.295730       2.293220       2.288080       2.287620       2.282960       2.278430       2.274040       2.269770       2.265640       2.261620       2.257720       2.253940       2.250260       2.246690       2.243210       2.239840       2.236550       2.233350       2.230240       2.227210       2.224250       2.221380       2.218570       2.215840    
   2.300980       2.300180       2.299500       2.298720       2.298300       2.297020       2.295750       2.291160       2.287620       2.285290       2.283790       2.282780       2.278390       2.274130       2.269990       2.265970       2.262060       2.258260       2.254570       2.250970       2.247470       2.244060       2.240740       2.237500       2.234340       2.231260       2.228260       2.225330       2.222470       2.219670    
   2.300220       2.299500       2.298840       2.298300       2.297660       2.297020       2.292890       2.287620       2.286460       2.285770       2.284980       2.287180       2.282800       2.278540       2.274400       2.270380       2.266460       2.262650       2.258930       2.255310       2.251780       2.248340       2.244990       2.241710       2.238510       2.235380       2.232330       2.229340       2.226420       2.223570    
   2.299500       2.298880       2.298300       2.297980       2.297660       2.293800       2.287620       2.287040       2.286620       2.286080       2.287180       2.284990       2.282880       2.283000       2.278860       2.274830       2.270910       2.267080       2.263350       2.259710       2.256150       2.252680       2.249290       2.245970       2.242730       2.239560       2.236450       2.233410       2.230430       2.227520    
   2.298890       2.298300       2.298140       2.297980       2.294260       2.287620       2.287330       2.287020       2.286630       2.287180       2.286080       2.284510       2.283000       2.280930       2.278900       2.274870       2.270940       2.267110       2.264590       2.264150       2.260570       2.257070       2.253640       2.250290       2.247000       2.243780       2.240620       2.237530       2.234490       2.231520    
   2.298300       2.298220       2.298140       2.294500       2.287620       2.287470       2.287210       2.286900       2.287180       2.286630       2.285190       2.283000       2.281970       2.280940       2.278230       2.274900       2.270970       2.267530       2.266400       2.268640       2.265030       2.261500       2.258040       2.254650       2.251320       2.248050       2.244840       2.241690       2.238600       2.235560    
   2.298260       2.298220       2.294620       2.287620       2.287550       2.287310       2.287040       2.287180       2.286910       2.285500       2.283000       2.282480       2.281970       2.280380       2.278020       2.274700       2.269910       2.267520       2.268640       2.267740       2.269540       2.265980       2.262480       2.259050       2.255680       2.252360       2.249100       2.245900       2.242750       2.239650    
   2.298260       2.294680       2.287620       2.287580       2.287350       2.287110       2.287180       2.287040       2.285650       2.283000       2.282740       2.282480       2.281610       2.280120       2.277700       2.274630       2.268080       2.268640       2.272860       2.274100       2.271940       2.270490       2.266960       2.263490       2.260070       2.256710       2.253400       2.250140       2.246930       2.243770    
   2.294710       2.287620       2.287600       2.287380       2.287150       2.287180       2.287110       2.285720       2.283000       2.282870       2.282740       2.282280       2.281410       2.287220       2.286970       2.282450       2.282440       2.280960       2.279430       2.280950       2.278650       2.275030       2.271470       2.267960       2.264500       2.261090       2.257730       2.254420       2.251150       2.247920    
   2.287620       2.287610       2.287390       2.287160       2.287180       2.287150       2.285750       2.283000       2.282940       2.282870       2.282630       2.282140       2.294040       2.309580       2.309430       2.297490       2.296830       2.296250       2.287610       2.283260       2.283250       2.279600       2.276010       2.272460       2.268960       2.265500       2.262090       2.258720       2.255390       2.252100    
   2.287620       2.287390       2.287170       2.287180       2.287160       2.285770       2.283000       2.282970       2.282940       2.282810       2.300480       2.327390       2.315640       2.309720       2.309720       2.309430       2.301230       2.297420       2.296250       2.289970       2.287870       2.284190       2.280570       2.276980       2.273440       2.269940       2.266470       2.263050       2.259660       2.256310    
   2.287400       2.287180       2.287180       2.287170       2.285780       2.283000       2.282980       2.282970       2.282910       2.304200       2.327390       2.327390       2.327390       2.315850       2.310020       2.310020       2.309430       2.301830       2.298590       2.296250       2.292510       2.288810       2.285150       2.281520       2.277940       2.274390       2.270870       2.267390       2.263940       2.260530    
   2.287180       2.287180       2.287180       2.285780       2.283000       2.282990       2.282980       2.300800       2.314710       2.327400       2.327390       2.327390       2.327390       2.327390       2.316270       2.310600       2.310610       2.309430       2.303050       2.300930       2.297160       2.293430       2.289740       2.286080       2.282450       2.278850       2.275290       2.271750       2.268240       2.264760    
   2.287180       2.287180       2.285780       2.283000       2.283000       2.314900       2.362760       2.358560       2.354360       2.336410       2.327430       2.327390       2.327390       2.327390       2.327390       2.317080       2.311780       2.311780       2.309430       2.305600       2.301820       2.298060       2.294340       2.290640       2.286970       2.283330       2.279710       2.276110       2.272550       2.269000    
   2.287180       2.285790       2.283000       2.283000       2.321290       2.362770       2.362770       2.362760       2.358560       2.354360       2.336480       2.327500       2.327390       2.327390       2.327390       2.327390       2.318560       2.314130       2.314130       2.310290       2.306480       2.302700       2.298940       2.295210       2.291500       2.287800       2.284130       2.280480       2.276850       2.273250    
