iMOD/TUTORIALS/TUT_MetaswapAnalyser/model_MetaSWAP/meteo/Evaporation/Evaporation_20050327_L1.ASC
NCOLS                30
NROWS                30
XLLCORNER     160000.00
YLLCORNER     340000.00
CELLSIZE        1000.00
NODATA_VALUE   -9999.00
   1.009970       1.015750       1.021480       1.027130       1.032720       1.038250       1.043700       1.049080       1.054380       1.059610       1.064760       1.069830       1.074820       1.079730       1.084560       1.089300       1.093950       1.098520       1.103000       1.107390       1.111690       1.115910       1.120030       1.124060       1.128000       1.131840       1.135590       1.139260       1.142820       1.146300    
   1.005670       1.011410       1.017080       1.022690       1.028240       1.033720       1.039140       1.044480       1.049740       1.054940       1.060060       1.065100       1.070060       1.074940       1.079740       1.084460       1.089100       1.093650       1.098110       1.102490       1.106780       1.110980       1.115090       1.119120       1.123050       1.126890       1.130640       1.134310       1.137880       1.141360    
   1.001390       1.007080       1.012700       1.018270       1.023780       1.029220       1.034590       1.039890       1.045120       1.050280       1.055370       1.060380       1.065320       1.070170       1.074950       1.079640       1.084260       1.088790       1.093230       1.097600       1.101870       1.106060       1.110170       1.114180       1.118110       1.121950       1.125700       1.129370       1.132940       1.136420    
  0.9971200       1.002760       1.008340       1.013870       1.019330       1.024720       1.030060       1.035320       1.040520       1.045640       1.050700       1.055680       1.060580       1.065410       1.070160       1.074840       1.079430       1.083940       1.088370       1.092720       1.096980       1.101160       1.105250       1.109260       1.113180       1.117020       1.120770       1.124430       1.128010       1.131490    
  0.9928800      0.9984600       1.004000       1.009480       1.014890       1.020250       1.025540       1.030770       1.035930       1.041020       1.046040       1.050990       1.055870       1.060670       1.065390       1.070040       1.074610       1.079110       1.083520       1.087850       1.092100       1.096270       1.100350       1.104350       1.108270       1.112100       1.115850       1.119510       1.123080       1.126580    
  0.9886500      0.9941900      0.9996700       1.005100       1.010480       1.015790       1.021040       1.026230       1.031360       1.036410       1.041400       1.046320       1.051170       1.055940       1.060640       1.065270       1.069810       1.074290       1.078680       1.083000       1.087230       1.091390       1.095460       1.099450       1.103360       1.107190       1.110940       1.114600       1.118170       1.121670    
  0.9844400      0.9899300      0.9953700       1.000750       1.006080       1.011350       1.016560       1.021710       1.026800       1.031820       1.036780       1.041660       1.046480       1.051230       1.055900       1.060500       1.065030       1.069480       1.073860       1.078160       1.082380       1.086520       1.090580       1.094570       1.098470       1.102290       1.106030       1.109690       1.113270       1.116770    
  0.9802500      0.9856900      0.9910800      0.9964200       1.001700       1.006930       1.012100       1.017210       1.022260       1.027250       1.032170       1.037030       1.041810       1.046530       1.051180       1.055760       1.060260       1.064690       1.069050       1.073330       1.077540       1.081670       1.085720       1.089700       1.093590       1.097410       1.101150       1.104800       1.108380       1.111880    
  0.9760700      0.9814700      0.9868100      0.9921000      0.9973500       1.002530       1.007660       1.012730       1.017750       1.022700       1.027580       1.032410       1.037160       1.041850       1.046470       1.051030       1.055510       1.059920       1.064260       1.068520       1.072720       1.076830       1.080870       1.084840       1.088730       1.092540       1.096270       1.099930       1.103500       1.107000    
  0.9719200      0.9772700      0.9825600      0.9878100      0.9930100      0.9981500       1.003240       1.008270       1.013250       1.018160       1.023020       1.027810       1.032530       1.037190       1.041790       1.046320       1.050780       1.055160       1.059480       1.063730       1.067910       1.072010       1.076040       1.080000       1.083880       1.087680       1.091410       1.095060       1.098640       1.102140    
  0.9719100      0.9772500      0.9827950      0.9835400      0.9886900      0.9937900      0.9988400       1.003830       1.008770       1.013650       1.018470       1.023220       1.027920       1.032550       1.037120       1.041620       1.046060       1.050430       1.054730       1.058960       1.063120       1.067210       1.071220       1.075170       1.079040       1.082840       1.086560       1.090210       1.093790       1.097290    
  0.9718940      0.9788740      0.9835400      0.9841850      0.9843900      0.9894500      0.9944600      0.9994100       1.004310       1.009150       1.013940       1.018660       1.023330       1.027930       1.032470       1.036950       1.041360       1.045710       1.049990       1.054200       1.058340       1.062420       1.066420       1.070360       1.074220       1.078010       1.081730       1.085380       1.088950       1.092450    
  0.9752050      0.9835400      0.9825250      0.9822550      0.9801200      0.9851300      0.9901000      0.9950100      0.9998700       1.004680       1.009430       1.014120       1.018760       1.023330       1.027840       1.032290       1.036680       1.041010       1.045270       1.049460       1.053590       1.057650       1.061640       1.065560       1.069420       1.073200       1.076920       1.080560       1.084130       1.087630    
  0.9835400      0.9818430      0.9811870      0.9801200      0.9820300      0.9808400      0.9857600      0.9906400      0.9954600       1.000230       1.004940       1.009600       1.014210       1.018750       1.023240       1.027660       1.032020       1.036330       1.040570       1.044740       1.048850       1.052900       1.056880       1.060790       1.064630       1.068410       1.072120       1.075760       1.079330       1.082820    
  0.9815390      0.9806540      0.9801200      0.9809970      0.9808400      0.9826830      0.9814500      0.9862800      0.9910700      0.9958000       1.000480       1.005110       1.009680       1.014190       1.018650       1.023050       1.027390       1.031670       1.035880       1.040040       1.044140       1.048170       1.052130       1.056030       1.059870       1.063640       1.067340       1.070970       1.074540       1.078040    
  0.9803870      0.9801200      0.9806520      0.9808400      0.9816580      0.9814500      0.9838650      0.9862670      0.9911350      0.9913900      0.9960400       1.000630       1.005170       1.009650       1.014080       1.018460       1.022770       1.027030       1.031220       1.035360       1.039440       1.043450       1.047410       1.051290       1.055120       1.058880       1.062580       1.066200       1.069770       1.073260    
  0.9801200      0.9805370      0.9808400      0.9813160      0.9814500      0.9826580      0.9838610      0.9881640      0.9913900      0.9937150      0.9951980      0.9961800       1.000690       1.005140       1.009540       1.013890       1.018180       1.022410       1.026590       1.030700       1.034760       1.038760       1.042700       1.046580       1.050390       1.054140       1.057830       1.061460       1.065020       1.068510    
  0.9804990      0.9808400      0.9812020      0.9814500      0.9820540      0.9826560      0.9865180      0.9913900      0.9925530      0.9932040      0.9939650      0.9917500      0.9962200       1.000650       1.005020       1.009340       1.013600       1.017810       1.021970       1.026070       1.030110       1.034090       1.038010       1.041880       1.045680       1.049430       1.053110       1.056730       1.060280       1.063780    
  0.9808400      0.9811640      0.9814500      0.9817520      0.9820530      0.9856540      0.9913900      0.9919710      0.9923510      0.9928580      0.9917500      0.9939850      0.9962000      0.9961800       1.000520       1.004810       1.009050       1.013240       1.017370       1.021450       1.025470       1.029440       1.033350       1.037200       1.041000       1.044730       1.048400       1.052020       1.055570       1.059060    
  0.9811510      0.9814500      0.9816010      0.9817520      0.9852120      0.9913900      0.9916810      0.9919530      0.9923040      0.9917500      0.9928670      0.9945290      0.9961800      0.9983500       1.000500       1.004790       1.009030       1.013220       1.016240       1.016860       1.020860       1.024810       1.028710       1.032550       1.036330       1.040050       1.043720       1.047330       1.050880       1.054360    
  0.9814500      0.9815260      0.9816010      0.9849890      0.9913900      0.9915350      0.9917600      0.9920270      0.9917500      0.9923090      0.9938320      0.9961800      0.9972650      0.9983440       1.001220       1.004780       1.009020       1.013070       1.014580       1.012290       1.016280       1.020210       1.024090       1.027920       1.031690       1.035400       1.039060       1.042660       1.046210       1.049690    
  0.9814880      0.9815250      0.9848760      0.9913900      0.9914630      0.9916650      0.9918880      0.9917500      0.9920290      0.9935180      0.9961800      0.9967220      0.9972630      0.9989420       1.001450       1.005000       1.010520       1.013430       1.012290       1.013430       1.011710       1.015630       1.019490       1.023310       1.027070       1.030770       1.034420       1.038020       1.041560       1.045040    
  0.9814880      0.9848200      0.9913900      0.9914260      0.9916170      0.9918190      0.9917500      0.9918900      0.9933690      0.9961800      0.9964510      0.9967220      0.9976420      0.9992170       1.001800       1.005730       1.012860       1.012290       1.008330       1.007180       1.009520       1.011070       1.014920       1.018720       1.022470       1.026160       1.029810       1.033390       1.036930       1.040410    
  0.9847920      0.9913900      0.9914080      0.9915940      0.9917850      0.9917500      0.9918200      0.9932970      0.9961800      0.9963160      0.9964510      0.9969390      0.9978600      0.9928590      0.9937770      0.9988520      0.9988450       1.000370       1.001930       1.000420       1.002660       1.006540       1.010370       1.014160       1.017890       1.021580       1.025210       1.028800       1.032330       1.035800    
  0.9913900      0.9913990      0.9915820      0.9917670      0.9917500      0.9917850      0.9932620      0.9961800      0.9962480      0.9963160      0.9965680      0.9970830      0.9865630      0.9726460      0.9727800      0.9842800      0.9848510      0.9854000      0.9939080      0.9981800      0.9981700       1.002030       1.005850       1.009620       1.013350       1.017020       1.020650       1.024220       1.027750       1.031220    
  0.9913950      0.9915760      0.9917590      0.9917500      0.9917670      0.9932440      0.9961800      0.9962140      0.9962480      0.9963770      0.9804410      0.9561200      0.9670270      0.9725110      0.9725110      0.9727800      0.9806420      0.9843030      0.9854000      0.9916370      0.9937100      0.9975500       1.001350       1.005110       1.008820       1.012490       1.016100       1.019670       1.023190       1.026660    
  0.9915730      0.9917540      0.9917500      0.9917590      0.9932350      0.9961800      0.9961970      0.9962140      0.9962800      0.9770610      0.9561200      0.9561200      0.9561200      0.9668290      0.9722430      0.9722420      0.9727800      0.9800860      0.9832050      0.9854000      0.9892700      0.9931000      0.9968800       1.000630       1.004320       1.007980       1.011590       1.015150       1.018660       1.022120    
  0.9917520      0.9917500      0.9917540      0.9932310      0.9961800      0.9961890      0.9961970      0.9801150      0.9675680      0.9561090      0.9561200      0.9561200      0.9561200      0.9561200      0.9664430      0.9717060      0.9717050      0.9727800      0.9789600      0.9810100      0.9848600      0.9886700      0.9924400      0.9961700      0.9998500       1.003500       1.007100       1.010650       1.014160       1.017620    
  0.9917500      0.9917520      0.9932290      0.9961800      0.9961840      0.9673360      0.9240600      0.9279150      0.9317700      0.9479720      0.9560860      0.9561200      0.9561200      0.9561200      0.9561200      0.9657030      0.9706320      0.9706300      0.9727800      0.9766500      0.9804800      0.9842700      0.9880200      0.9917400      0.9954100      0.9990400       1.002630       1.006180       1.009680       1.013140    
  0.9917510      0.9932280      0.9961800      0.9961820      0.9615580      0.9240520      0.9240520      0.9240600      0.9279150      0.9317700      0.9479130      0.9560180      0.9561200      0.9561200      0.9561200      0.9561200      0.9643560      0.9684870      0.9684800      0.9723200      0.9761300      0.9799000      0.9836400      0.9873300      0.9910000      0.9946200      0.9982000       1.001740       1.005230       1.008690    
