iMOD/TUTORIALS/TUT_MetaswapAnalyser/model_MetaSWAP/meteo/Evaporation/Evaporation_20051031_L1.ASC
NCOLS                30
NROWS                30
XLLCORNER     160000.00
YLLCORNER     340000.00
CELLSIZE        1000.00
NODATA_VALUE   -9999.00
   1.070980       1.076730       1.082430       1.088080       1.093680       1.099240       1.104740       1.110200       1.115610       1.120970       1.126290       1.131550       1.136770       1.141940       1.147070       1.152140       1.157170       1.162150       1.167090       1.171980       1.176820       1.181620       1.186370       1.191080       1.195740       1.200370       1.204950       1.209480       1.213980       1.218430    
   1.071100       1.076830       1.082510       1.088150       1.093740       1.099280       1.104770       1.110220       1.115620       1.120970       1.126280       1.131540       1.136750       1.141920       1.147040       1.152110       1.157130       1.162120       1.167050       1.171940       1.176790       1.181590       1.186350       1.191060       1.195730       1.200360       1.204950       1.209500       1.214000       1.218470    
   1.071230       1.076940       1.082600       1.088220       1.093790       1.099320       1.104800       1.110240       1.115630       1.120970       1.126270       1.131520       1.136730       1.141890       1.147000       1.152070       1.157100       1.162080       1.167010       1.171900       1.176750       1.181560       1.186320       1.191040       1.195720       1.200350       1.204950       1.209510       1.214020       1.218500    
   1.071350       1.077040       1.082690       1.088290       1.093850       1.099370       1.104840       1.110260       1.115640       1.120970       1.126260       1.131500       1.136700       1.141860       1.146970       1.152040       1.157060       1.162040       1.166970       1.171870       1.176720       1.181520       1.186290       1.191020       1.195700       1.200340       1.204950       1.209510       1.214040       1.218520    
   1.071480       1.077160       1.082780       1.088370       1.093910       1.099410       1.104870       1.110280       1.115650       1.120970       1.126250       1.131490       1.136680       1.141830       1.146940       1.152000       1.157020       1.162000       1.166930       1.171830       1.176680       1.181490       1.186260       1.190990       1.195680       1.200330       1.204940       1.209510       1.214050       1.218550    
   1.071620       1.077270       1.082880       1.088450       1.093980       1.099460       1.104900       1.110300       1.115660       1.120970       1.126240       1.131470       1.136660       1.141800       1.146900       1.151960       1.156980       1.161960       1.166890       1.171790       1.176640       1.181450       1.186230       1.190960       1.195660       1.200310       1.204930       1.209510       1.214060       1.218560    
   1.071750       1.077390       1.082980       1.088530       1.094040       1.099510       1.104940       1.110330       1.115670       1.120980       1.126240       1.131460       1.136640       1.141780       1.146870       1.151930       1.156940       1.161920       1.166850       1.171750       1.176600       1.181420       1.186200       1.190930       1.195630       1.200300       1.204920       1.209510       1.214060       1.218580    
   1.071900       1.077510       1.083080       1.088620       1.094110       1.099570       1.104980       1.110360       1.115690       1.120980       1.126240       1.131450       1.136620       1.141750       1.146840       1.151890       1.156910       1.161880       1.166810       1.171710       1.176560       1.181380       1.186160       1.190900       1.195610       1.200280       1.204910       1.209510       1.214070       1.218600    
   1.072040       1.077640       1.083190       1.088710       1.094190       1.099630       1.105030       1.110390       1.115710       1.120990       1.126240       1.131440       1.136600       1.141730       1.146820       1.151860       1.156870       1.161840       1.166770       1.171670       1.176530       1.181350       1.186130       1.190880       1.195590       1.200260       1.204900       1.209510       1.214080       1.218610    
   1.072190       1.077770       1.083310       1.088810       1.094270       1.099690       1.105080       1.110430       1.115740       1.121010       1.126240       1.131440       1.136590       1.141710       1.146790       1.151830       1.156840       1.161810       1.166740       1.171630       1.176490       1.181310       1.186100       1.190850       1.195560       1.200250       1.204890       1.209500       1.214080       1.218630    
   1.072180       1.077760       1.084700       1.088910       1.094350       1.099760       1.105130       1.110470       1.115770       1.121030       1.126250       1.131430       1.136580       1.141690       1.146770       1.151810       1.156810       1.161780       1.166700       1.171600       1.176460       1.181280       1.186070       1.190820       1.195540       1.200230       1.204880       1.209500       1.214090       1.218640    
   1.072170       1.080890       1.088910       1.093060       1.094440       1.099840       1.105190       1.110520       1.115800       1.121050       1.126260       1.131440       1.136580       1.141680       1.146750       1.151790       1.156780       1.161750       1.166670       1.171570       1.176430       1.181250       1.186040       1.190800       1.195520       1.200220       1.204870       1.209500       1.214090       1.218660    
   1.077130       1.088910       1.092750       1.094490       1.094540       1.099920       1.105260       1.110570       1.115840       1.121080       1.126280       1.131450       1.136580       1.141680       1.146740       1.151770       1.156760       1.161720       1.166650       1.171540       1.176400       1.181230       1.186020       1.190780       1.195510       1.200200       1.204870       1.209500       1.214100       1.218670    
   1.088910       1.092680       1.094520       1.094540       1.098160       1.100010       1.105340       1.110630       1.115890       1.121120       1.126310       1.131460       1.136590       1.141680       1.146730       1.151760       1.156750       1.161700       1.166630       1.171520       1.176380       1.181200       1.186000       1.190760       1.195490       1.200200       1.204870       1.209510       1.214110       1.218690    
   1.092660       1.094530       1.094540       1.097570       1.100010       1.103590       1.105420       1.110700       1.115940       1.121160       1.126340       1.131490       1.136600       1.141680       1.146730       1.151750       1.156730       1.161690       1.166610       1.171500       1.176360       1.181180       1.185980       1.190750       1.195480       1.200190       1.204870       1.209510       1.214130       1.218720    
   1.094530       1.094540       1.097370       1.100010       1.103010       1.105420       1.108060       1.110690       1.117250       1.121210       1.126380       1.131510       1.136620       1.141700       1.146740       1.151750       1.156730       1.161680       1.166600       1.171490       1.176340       1.181170       1.185970       1.190740       1.195480       1.200190       1.204870       1.209520       1.214150       1.218740    
   1.094540       1.097310       1.100010       1.102810       1.105420       1.106740       1.108060       1.114300       1.121210       1.123800       1.128450       1.131550       1.136650       1.141710       1.146750       1.151750       1.156730       1.161680       1.166590       1.171480       1.176340       1.181160       1.185960       1.190730       1.195480       1.200190       1.204880       1.209540       1.214170       1.218770    
   1.097290       1.100010       1.102750       1.105420       1.106080       1.106740       1.112580       1.121210       1.122500       1.127330       1.131570       1.131600       1.136680       1.141740       1.146770       1.151770       1.156740       1.161680       1.166590       1.171480       1.176330       1.181160       1.185960       1.190740       1.195480       1.200200       1.204890       1.209560       1.214200       1.218810    
   1.100010       1.102730       1.105420       1.105750       1.106080       1.111650       1.121210       1.121860       1.126850       1.131590       1.131600       1.134140       1.137950       1.141770       1.146800       1.151790       1.156750       1.161690       1.166600       1.171480       1.176340       1.181170       1.185970       1.190740       1.195490       1.200210       1.204910       1.209580       1.214230       1.218850    
   1.102720       1.105420       1.105590       1.105750       1.111170       1.121210       1.121530       1.126620       1.131590       1.131600       1.132870       1.136360       1.141770       1.144280       1.146790       1.151780       1.156740       1.161680       1.168560       1.171500       1.176350       1.181180       1.185980       1.190760       1.195510       1.200240       1.204940       1.209610       1.214260       1.218890    
   1.105420       1.105500       1.105580       1.110930       1.121210       1.121370       1.126510       1.131600       1.131600       1.132240       1.135650       1.141770       1.143030       1.144280       1.147620       1.151770       1.156730       1.166000       1.171510       1.171520       1.176370       1.181200       1.186000       1.190780       1.195530       1.200260       1.204970       1.209650       1.214310       1.218940    
   1.105460       1.105500       1.110810       1.121210       1.121290       1.126460       1.131600       1.131600       1.131920       1.135310       1.141770       1.142400       1.143030       1.144980       1.147890       1.152040       1.163510       1.171510       1.171520       1.174760       1.176400       1.181220       1.186030       1.190810       1.195560       1.200300       1.205010       1.209700       1.214360       1.219000    
   1.105460       1.110750       1.121210       1.121250       1.126430       1.131600       1.131600       1.131760       1.135150       1.141770       1.142080       1.142400       1.143470       1.145300       1.148300       1.161330       1.171520       1.171520       1.174810       1.176440       1.179330       1.181260       1.186060       1.190840       1.195600       1.200340       1.205060       1.209750       1.214420       1.219070    
   1.110710       1.121210       1.121230       1.126420       1.131600       1.131600       1.131680       1.135070       1.141770       1.141930       1.142080       1.142650       1.143720       1.151060       1.160670       1.171680       1.171680       1.173950       1.176490       1.176510       1.176480       1.181300       1.186110       1.190890       1.195650       1.200390       1.205110       1.209810       1.214490       1.219140    
   1.121210       1.121220       1.126410       1.131600       1.131600       1.131640       1.135030       1.141770       1.141850       1.141930       1.142220       1.142820       1.154360       1.167180       1.167180       1.170260       1.171850       1.171840       1.175070       1.176540       1.176530       1.181360       1.186160       1.190950       1.195710       1.200450       1.205180       1.209880       1.214560       1.219230    
   1.121220       1.126410       1.131600       1.131600       1.131620       1.135010       1.141770       1.141810       1.141850       1.142000       1.150490       1.162740       1.165710       1.167190       1.167190       1.167180       1.170320       1.171860       1.171840       1.175410       1.176600       1.181420       1.186230       1.191010       1.195780       1.200520       1.205250       1.209960       1.214650       1.219320    
   1.126410       1.131600       1.131600       1.131610       1.135000       1.141770       1.141790       1.141810       1.141890       1.151960       1.162740       1.162740       1.162740       1.165710       1.167200       1.167190       1.167180       1.170410       1.171890       1.171840       1.176680       1.181500       1.186300       1.191090       1.195860       1.200600       1.205340       1.210050       1.214740       1.219420    
   1.131600       1.131600       1.131600       1.134990       1.141770       1.141780       1.141790       1.146100       1.153130       1.162740       1.162740       1.162740       1.162740       1.162740       1.165730       1.167210       1.167210       1.167180       1.170740       1.171930       1.176760       1.181580       1.186390       1.191170       1.195940       1.200700       1.205430       1.210150       1.214850       1.219530    
   1.131600       1.131600       1.134990       1.141770       1.141770       1.146820       1.154380       1.156660       1.158930       1.161470       1.162740       1.162740       1.162740       1.162740       1.162740       1.165770       1.167240       1.167240       1.167180       1.172030       1.176870       1.181680       1.186490       1.191270       1.196040       1.200800       1.205540       1.210260       1.214970       1.219660    
   1.131600       1.134990       1.141770       1.141770       1.147830       1.154380       1.154380       1.154380       1.156660       1.158930       1.161470       1.162740       1.162740       1.162740       1.162740       1.162740       1.165890       1.167310       1.167300       1.172150       1.176980       1.181800       1.186600       1.191380       1.196160       1.200920       1.205660       1.210390       1.215100       1.219800    
