iMOD/TUTORIALS/TUT_MetaswapAnalyser/model_MetaSWAP/meteo/Evaporation/Evaporation_20050929_L1.ASC
NCOLS                30
NROWS                30
XLLCORNER     160000.00
YLLCORNER     340000.00
CELLSIZE        1000.00
NODATA_VALUE   -9999.00
   1.548220       1.544910       1.541550       1.538150       1.534720       1.531260       1.527790       1.524300       1.520810       1.517330       1.513850       1.510390       1.506950       1.503530       1.500150       1.496800       1.493500       1.490230       1.487010       1.483850       1.480730       1.477660       1.474650       1.471700       1.468800       1.465960       1.463170       1.460450       1.457780       1.455160    
   1.550290       1.547010       1.543690       1.540320       1.536930       1.533510       1.530070       1.526610       1.523160       1.519700       1.516250       1.512820       1.509400       1.506010       1.502650       1.499320       1.496020       1.492770       1.489560       1.486400       1.483280       1.480220       1.477200       1.474240       1.471340       1.468480       1.465690       1.462950       1.460260       1.457630    
   1.552350       1.549100       1.545810       1.542470       1.539110       1.535720       1.532320       1.528900       1.525470       1.522050       1.518630       1.515220       1.511830       1.508460       1.505110       1.501800       1.498520       1.495280       1.492080       1.488920       1.485810       1.482750       1.479740       1.476770       1.473860       1.471000       1.468190       1.465440       1.462730       1.460090    
   1.554380       1.551160       1.547900       1.544600       1.541270       1.537920       1.534540       1.531160       1.527760       1.524370       1.520980       1.517600       1.514230       1.510880       1.507560       1.504260       1.501000       1.497770       1.494580       1.491430       1.488330       1.485260       1.482250       1.479280       1.476370       1.473500       1.470680       1.467920       1.465200       1.462540    
   1.556410       1.553220       1.549980       1.546720       1.543420       1.540090       1.536750       1.533400       1.530030       1.526670       1.523300       1.519950       1.516610       1.513280       1.509980       1.506700       1.503450       1.500240       1.497060       1.493920       1.490820       1.487760       1.484750       1.481780       1.478860       1.475980       1.473160       1.470380       1.467660       1.464980    
   1.558420       1.555250       1.552050       1.548810       1.545540       1.542250       1.538940       1.535610       1.532280       1.528940       1.525600       1.522280       1.518960       1.515660       1.512370       1.509120       1.505880       1.502680       1.499520       1.496380       1.493290       1.490240       1.487220       1.484260       1.481330       1.478460       1.475620       1.472840       1.470100       1.467410    
   1.560410       1.557270       1.554090       1.550880       1.547650       1.544380       1.541100       1.537810       1.534500       1.531190       1.527890       1.524580       1.521290       1.518010       1.514750       1.511510       1.508290       1.505110       1.501950       1.498830       1.495740       1.492690       1.489690       1.486720       1.483790       1.480910       1.478070       1.475280       1.472540       1.469840    
   1.562390       1.559280       1.556130       1.552950       1.549740       1.546500       1.543250       1.539980       1.536710       1.533430       1.530140       1.526870       1.523600       1.520340       1.517100       1.513880       1.510680       1.507510       1.504360       1.501250       1.498170       1.495130       1.492130       1.489160       1.486240       1.483350       1.480510       1.477710       1.474960       1.472250    
   1.564360       1.561270       1.558150       1.554990       1.551810       1.548600       1.545380       1.542140       1.538890       1.535640       1.532380       1.529130       1.525880       1.522650       1.519430       1.516230       1.513050       1.509890       1.506760       1.503660       1.500590       1.497550       1.494550       1.491590       1.488660       1.485780       1.482930       1.480130       1.477370       1.474650    
   1.566310       1.563250       1.560150       1.557020       1.553870       1.550690       1.547490       1.544280       1.541060       1.537830       1.534600       1.531370       1.528150       1.524940       1.521740       1.518560       1.515390       1.512250       1.509130       1.506040       1.502980       1.499950       1.496960       1.494000       1.491080       1.488190       1.485340       1.482540       1.479770       1.477040    
   1.566300       1.563240       1.559860       1.559040       1.555910       1.552760       1.549590       1.546400       1.543210       1.540010       1.536800       1.533600       1.530400       1.527210       1.524030       1.520860       1.517720       1.514590       1.511490       1.508410       1.505360       1.502340       1.499350       1.496390       1.493470       1.490590       1.487740       1.484930       1.482150       1.479420    
   1.566290       1.562110       1.559040       1.558210       1.557940       1.554810       1.551670       1.548510       1.545340       1.542160       1.538980       1.535800       1.532630       1.529460       1.526300       1.523150       1.520020       1.516910       1.513820       1.510760       1.507710       1.504700       1.501720       1.498770       1.495850       1.492970       1.490120       1.487300       1.484530       1.481790    
   1.564190       1.559040       1.559040       1.558940       1.559950       1.556850       1.553730       1.550600       1.547450       1.544300       1.541150       1.537990       1.534840       1.531690       1.528550       1.525420       1.522310       1.519210       1.516140       1.513080       1.510050       1.507050       1.504070       1.501130       1.498210       1.495330       1.492480       1.489660       1.486880       1.484140    
   1.559040       1.559370       1.559450       1.559950       1.558560       1.558880       1.555780       1.552670       1.549550       1.546430       1.543290       1.540160       1.537030       1.533900       1.530780       1.527670       1.524580       1.521500       1.518440       1.515390       1.512370       1.509380       1.506410       1.503470       1.500560       1.497680       1.494830       1.492010       1.489230       1.486480    
   1.559510       1.559700       1.559950       1.559130       1.558880       1.557490       1.557820       1.554730       1.551640       1.548530       1.545420       1.542310       1.539200       1.536100       1.533000       1.529910       1.526830       1.523760       1.520720       1.517690       1.514680       1.511690       1.508730       1.505800       1.502890       1.500010       1.497170       1.494350       1.491560       1.488810    
   1.559820       1.559950       1.559320       1.558880       1.558060       1.557820       1.556280       1.554730       1.551380       1.550630       1.547540       1.544450       1.541360       1.538270       1.535190       1.532120       1.529060       1.526010       1.522980       1.519960       1.516960       1.513990       1.511040       1.508110       1.505210       1.502330       1.499490       1.496670       1.493880       1.491130    
   1.559950       1.559380       1.558880       1.558250       1.557820       1.557050       1.556280       1.553250       1.550630       1.549080       1.547570       1.546570       1.543500       1.540440       1.537370       1.534320       1.531270       1.528240       1.525220       1.522220       1.519230       1.516270       1.513320       1.510400       1.507510       1.504630       1.501790       1.498970       1.496190       1.493430    
   1.559400       1.558880       1.558320       1.557820       1.557430       1.557050       1.554300       1.550630       1.549860       1.548720       1.547620       1.548680       1.545630       1.542580       1.539540       1.536500       1.533470       1.530460       1.527450       1.524460       1.521490       1.518530       1.515590       1.512680       1.509790       1.506920       1.504080       1.501270       1.498480       1.495720    
   1.558880       1.558340       1.557820       1.557630       1.557430       1.554850       1.550630       1.550240       1.549210       1.548150       1.548680       1.547150       1.545400       1.544710       1.541690       1.538670       1.535650       1.532650       1.529660       1.526680       1.523720       1.520780       1.517850       1.514940       1.512060       1.509200       1.506360       1.503540       1.500760       1.498000    
   1.558350       1.557820       1.557720       1.557630       1.555140       1.550630       1.550440       1.549440       1.548420       1.548680       1.547920       1.546490       1.544710       1.543200       1.541690       1.538670       1.535660       1.532650       1.529790       1.528890       1.525940       1.523010       1.520090       1.517190       1.514310       1.511450       1.508620       1.505810       1.503020       1.500260    
   1.557820       1.557770       1.557720       1.555280       1.550630       1.550530       1.549550       1.548550       1.548680       1.548300       1.546950       1.544710       1.543960       1.543200       1.541190       1.538670       1.535660       1.531830       1.529980       1.531080       1.528140       1.525220       1.522310       1.519420       1.516550       1.513690       1.510860       1.508050       1.505270       1.502510    
   1.557800       1.557770       1.555350       1.550630       1.550580       1.549600       1.548610       1.548680       1.548490       1.547160       1.544710       1.544330       1.543960       1.542780       1.541020       1.538510       1.533560       1.530530       1.531080       1.529850       1.530330       1.527420       1.524520       1.521630       1.518770       1.515920       1.513090       1.510290       1.507500       1.504740    
   1.557800       1.555390       1.550630       1.550610       1.549630       1.548650       1.548680       1.548580       1.547260       1.544710       1.544520       1.544330       1.543690       1.542590       1.540770       1.536280       1.530810       1.531080       1.532290       1.532500       1.530760       1.529600       1.526710       1.523830       1.520970       1.518130       1.515310       1.512510       1.509720       1.506960    
   1.555410       1.550630       1.550620       1.549640       1.548660       1.548680       1.548630       1.547310       1.544710       1.544620       1.544520       1.544180       1.543540       1.544490       1.542130       1.537490       1.537490       1.536280       1.535010       1.535730       1.534660       1.531770       1.528880       1.526020       1.523170       1.520330       1.517510       1.514710       1.511930       1.509170    
   1.550630       1.550620       1.549650       1.548670       1.548680       1.548660       1.547330       1.544710       1.544660       1.544620       1.544440       1.544080       1.546840       1.550960       1.550900       1.544760       1.544160       1.543900       1.539150       1.536790       1.536800       1.533920       1.531040       1.528190       1.525340       1.522510       1.519700       1.516900       1.514120       1.511360    
   1.550630       1.549650       1.548680       1.548680       1.548670       1.547340       1.544710       1.544690       1.544660       1.544570       1.550540       1.559780       1.553950       1.551030       1.551030       1.550900       1.546490       1.544420       1.543900       1.540160       1.538920       1.536050       1.533190       1.530340       1.527500       1.524680       1.521870       1.519070       1.516300       1.513540    
   1.549650       1.548680       1.548680       1.548670       1.547350       1.544710       1.544700       1.544690       1.544640       1.551870       1.559780       1.559780       1.559780       1.554050       1.551150       1.551150       1.550900       1.546740       1.544940       1.543900       1.541030       1.538170       1.535320       1.532480       1.529650       1.526830       1.524020       1.521230       1.518460       1.515710    
   1.548680       1.548680       1.548680       1.547350       1.544710       1.544700       1.544700       1.551570       1.556200       1.559790       1.559780       1.559780       1.559780       1.559780       1.554230       1.551410       1.551410       1.550900       1.547210       1.545980       1.543130       1.540280       1.537430       1.534600       1.531780       1.528960       1.526160       1.523380       1.520610       1.517860    
   1.548680       1.548680       1.547360       1.544710       1.544710       1.557570       1.576870       1.574560       1.572260       1.563950       1.559800       1.559780       1.559780       1.559780       1.559780       1.554580       1.551920       1.551920       1.550900       1.548050       1.545200       1.542360       1.539530       1.536710       1.533890       1.531080       1.528290       1.525510       1.522740       1.519990    
   1.548680       1.547360       1.544710       1.544710       1.560150       1.576870       1.576870       1.576870       1.574560       1.572260       1.563980       1.559830       1.559780       1.559780       1.559780       1.559780       1.555200       1.552930       1.552940       1.550100       1.547270       1.544440       1.541610       1.538800       1.535990       1.533190       1.530400       1.527620       1.524860       1.522110    
