iMOD/TUTORIALS/TUT_MetaswapAnalyser/model_MetaSWAP/meteo/Evaporation/Evaporation_20060130_L1.ASC
NCOLS                30
NROWS                30
XLLCORNER     160000.00
YLLCORNER     340000.00
CELLSIZE        1000.00
NODATA_VALUE   -9999.00
  0.4028000      0.4024700      0.4022000      0.4019800      0.4018100      0.4016800      0.4016000      0.4015600      0.4015500      0.4015800      0.4016500      0.4017500      0.4018700      0.4020200      0.4022000      0.4024000      0.4026100      0.4028500      0.4031000      0.4033700      0.4036500      0.4039400      0.4042400      0.4045500      0.4048700      0.4051900      0.4055200      0.4058500      0.4061800      0.4065100    
  0.4071000      0.4067900      0.4065300      0.4063200      0.4061600      0.4060400      0.4059700      0.4059300      0.4059400      0.4059700      0.4060400      0.4061400      0.4062700      0.4064200      0.4066000      0.4068000      0.4070100      0.4072400      0.4074900      0.4077600      0.4080300      0.4083100      0.4086100      0.4089100      0.4092100      0.4095200      0.4098400      0.4101600      0.4104700      0.4107900    
  0.4114400      0.4111400      0.4109000      0.4107000      0.4105600      0.4104500      0.4103800      0.4103600      0.4103700      0.4104100      0.4104800      0.4105900      0.4107200      0.4108700      0.4110500      0.4112400      0.4114600      0.4116900      0.4119300      0.4121900      0.4124500      0.4127300      0.4130200      0.4133100      0.4136000      0.4139000      0.4142000      0.4145100      0.4148100      0.4151100    
  0.4158200      0.4155400      0.4153100      0.4151300      0.4149900      0.4149000      0.4148400      0.4148300      0.4148400      0.4148900      0.4149700      0.4150800      0.4152100      0.4153600      0.4155400      0.4157300      0.4159400      0.4161700      0.4164100      0.4166600      0.4169200      0.4171900      0.4174700      0.4177500      0.4180300      0.4183200      0.4186100      0.4189000      0.4191900      0.4194700    
  0.4202400      0.4199800      0.4197700      0.4196000      0.4194700      0.4193900      0.4193400      0.4193300      0.4193600      0.4194100      0.4195000      0.4196100      0.4197400      0.4199000      0.4200700      0.4202600      0.4204700      0.4207000      0.4209300      0.4211800      0.4214300      0.4216900      0.4219600      0.4222300      0.4225000      0.4227800      0.4230500      0.4233300      0.4236000      0.4238700    
  0.4246900      0.4244500      0.4242600      0.4241000      0.4239900      0.4239200      0.4238800      0.4238800      0.4239100      0.4239700      0.4240600      0.4241700      0.4243100      0.4244700      0.4246400      0.4248400      0.4250400      0.4252600      0.4254900      0.4257300      0.4259800      0.4262300      0.4264900      0.4267500      0.4270100      0.4272700      0.4275300      0.4277900      0.4280500      0.4283100    
  0.4291800      0.4289600      0.4287800      0.4286400      0.4285500      0.4284800      0.4284600      0.4284700      0.4285000      0.4285700      0.4286600      0.4287800      0.4289200      0.4290800      0.4292500      0.4294400      0.4296500      0.4298600      0.4300900      0.4303200      0.4305600      0.4308100      0.4310600      0.4313000      0.4315500      0.4318000      0.4320500      0.4323000      0.4325400      0.4327700    
  0.4337100      0.4335000      0.4333400      0.4332200      0.4331300      0.4330800      0.4330700      0.4330800      0.4331300      0.4332000      0.4333000      0.4334200      0.4335600      0.4337200      0.4339000      0.4340900      0.4342900      0.4345000      0.4347200      0.4349500      0.4351800      0.4354200      0.4356600      0.4359000      0.4361300      0.4363700      0.4366000      0.4368300      0.4370600      0.4372800    
  0.4382600      0.4380700      0.4379300      0.4378200      0.4377500      0.4377100      0.4377100      0.4377300      0.4377900      0.4378700      0.4379700      0.4380900      0.4382400      0.4384000      0.4385800      0.4387700      0.4389600      0.4391700      0.4393900      0.4396100      0.4398400      0.4400600      0.4402900      0.4405200      0.4407400      0.4409700      0.4411800      0.4414000      0.4416100      0.4418100    
  0.4428400      0.4426700      0.4425400      0.4424500      0.4423900      0.4423700      0.4423700      0.4424100      0.4424700      0.4425600      0.4426700      0.4428000      0.4429500      0.4431100      0.4432900      0.4434700      0.4436700      0.4438800      0.4440900      0.4443000      0.4445200      0.4447400      0.4449600      0.4451700      0.4453800      0.4455900      0.4458000      0.4460000      0.4461900      0.4463700    
  0.4428530      0.4426830      0.4436900      0.4471000      0.4470600      0.4470500      0.4470700      0.4471100      0.4471900      0.4472800      0.4474000      0.4475300      0.4476800      0.4478500      0.4480200      0.4482100      0.4484100      0.4486100      0.4488100      0.4490200      0.4492300      0.4494400      0.4496500      0.4498500      0.4500500      0.4502500      0.4504400      0.4506200      0.4507900      0.4509600    
  0.4428660      0.4440820      0.4471000      0.4505950      0.4517500      0.4517600      0.4517900      0.4518400      0.4519200      0.4520300      0.4521500      0.4522900      0.4524400      0.4526100      0.4527900      0.4529700      0.4531700      0.4533700      0.4535700      0.4537700      0.4539700      0.4541700      0.4543700      0.4545600      0.4547500      0.4549300      0.4551000      0.4552700      0.4554300      0.4555700    
  0.4442800      0.4471000      0.4520690      0.4541100      0.4564700      0.4564800      0.4565300      0.4566000      0.4566900      0.4568000      0.4569200      0.4570700      0.4572300      0.4574000      0.4575800      0.4577600      0.4579500      0.4581500      0.4583500      0.4585400      0.4587400      0.4589300      0.4591200      0.4593000      0.4594700      0.4596400      0.4598000      0.4599400      0.4600800      0.4602100    
  0.4471000      0.4527320      0.4552900      0.4564700      0.4580600      0.4612300      0.4612900      0.4613700      0.4614700      0.4615900      0.4617200      0.4618700      0.4620300      0.4622100      0.4623900      0.4625700      0.4627600      0.4629600      0.4631500      0.4633400      0.4635300      0.4637100      0.4638900      0.4640500      0.4642200      0.4643700      0.4645100      0.4646400      0.4647600      0.4648700    
  0.4530460      0.4558800      0.4564700      0.4585870      0.4612300      0.4628630      0.4660700      0.4661600      0.4662700      0.4663900      0.4665400      0.4666900      0.4668600      0.4670400      0.4672200      0.4674000      0.4675900      0.4677800      0.4679700      0.4681500      0.4683300      0.4685100      0.4686800      0.4688300      0.4689800      0.4691200      0.4692400      0.4693600      0.4694600      0.4695500    
  0.4561750      0.4564700      0.4587620      0.4612300      0.4633880      0.4660700      0.4661150      0.4661670      0.4675100      0.4712200      0.4713700      0.4715300      0.4717000      0.4718800      0.4720700      0.4722500      0.4724400      0.4726300      0.4728100      0.4729900      0.4731600      0.4733300      0.4734800      0.4736300      0.4737700      0.4738900      0.4740000      0.4740900      0.4741800      0.4742400    
  0.4564700      0.4588210      0.4612300      0.4635630      0.4660700      0.4660920      0.4661170      0.4677530      0.4712200      0.4712950      0.4743520      0.4763900      0.4765600      0.4767500      0.4769300      0.4771200      0.4773100      0.4774900      0.4776700      0.4778400      0.4780100      0.4781700      0.4783100      0.4784500      0.4785700      0.4786700      0.4787700      0.4788500      0.4789100      0.4789600    
  0.4588400      0.4612300      0.4636210      0.4660700      0.4660810      0.4660930      0.4677960      0.4712200      0.4712580      0.4753870      0.4788200      0.4812500      0.4814400      0.4816200      0.4818100      0.4820000      0.4821900      0.4823700      0.4825400      0.4827100      0.4828700      0.4830200      0.4831500      0.4832800      0.4833800      0.4834800      0.4835500      0.4836100      0.4836600      0.4836800    
  0.4612300      0.4636400      0.4660700      0.4660760      0.4660820      0.4677980      0.4712200      0.4712390      0.4758300      0.4800350      0.4812500      0.4813450      0.4827050      0.4865100      0.4867000      0.4868900      0.4870800      0.4872600      0.4874300      0.4875900      0.4877400      0.4878800      0.4880100      0.4881200      0.4882100      0.4882900      0.4883500      0.4883900      0.4884200      0.4884200    
  0.4636470      0.4660700      0.4660730      0.4660760      0.4677940      0.4712200      0.4712290      0.4760360      0.4806420      0.4812500      0.4812970      0.4829530      0.4865100      0.4866050      0.4867000      0.4868900      0.4870770      0.4872570      0.4904320      0.4924900      0.4926300      0.4927600      0.4928700      0.4929700      0.4930500      0.4931200      0.4931600      0.4931800      0.4931900      0.4931700    
  0.4660700      0.4660710      0.4660730      0.4677910      0.4712200      0.4712250      0.4761360      0.4809460      0.4812500      0.4812740      0.4830020      0.4865100      0.4865570      0.4866050      0.4867320      0.4868890      0.4870740      0.4914190      0.4949400      0.4973900      0.4975200      0.4976500      0.4977500      0.4978400      0.4979000      0.4979500      0.4979800      0.4979800      0.4979700      0.4979300    
  0.4660710      0.4660710      0.4677890      0.4712200      0.4712220      0.4761860      0.4810980      0.4812500      0.4812620      0.4830090      0.4865100      0.4865340      0.4865570      0.4866310      0.4867420      0.4868980      0.4917870      0.4961650      0.4973900      0.4991130      0.5024300      0.5025400      0.5026300      0.5027100      0.5027600      0.5027900      0.5028000      0.5027900      0.5027500      0.5026900    
  0.4660710      0.4677880      0.4712200      0.4712210      0.4762100      0.4811740      0.4812500      0.4812560      0.4830080      0.4865100      0.4865220      0.4865340      0.4865740      0.4866440      0.4867570      0.4948660      0.4967770      0.4973900      0.5046330      0.5073350      0.5073980      0.5074400      0.5075200      0.5075800      0.5076200      0.5076400      0.5076300      0.5076000      0.5075400      0.5074600    
  0.4677870      0.4712200      0.4712210      0.4762230      0.4812120      0.4812500      0.4812530      0.4830060      0.4865100      0.4865160      0.4865220      0.4865430      0.4865840      0.4991260      0.5072720      0.5121250      0.5121250      0.5124870      0.5130600      0.5146950      0.5122400      0.5123400      0.5124100      0.5124600      0.5124900      0.5124900      0.5124600      0.5124100      0.5123300      0.5122300    
  0.4712200      0.4712200      0.4762290      0.4812310      0.4812500      0.4812510      0.4830050      0.4865100      0.4865130      0.4865160      0.4865270      0.4865500      0.5091540      0.5366830      0.5365300      0.5267120      0.5274720      0.5268600      0.5204910      0.5171500      0.5171500      0.5172400      0.5173000      0.5173400      0.5173500      0.5173300      0.5172900      0.5172200      0.5171200      0.5170000    
  0.4712200      0.4762320      0.4812410      0.4812500      0.4812510      0.4830040      0.4865100      0.4865110      0.4865130      0.4865190      0.5123150      0.5509900      0.5415780      0.5368360      0.5368360      0.5365300      0.5307220      0.5280850      0.5268600      0.5232570      0.5220600      0.5221400      0.5221900      0.5222200      0.5222200      0.5221800      0.5221200      0.5220300      0.5219100      0.5217600    
  0.4762330      0.4812450      0.4812500      0.4812500      0.4830040      0.4865100      0.4865110      0.4865110      0.4865140      0.5174650      0.5509900      0.5509900      0.5509900      0.5418030      0.5371410      0.5371410      0.5365300      0.5314130      0.5293100      0.5268600      0.5269600      0.5270400      0.5270800      0.5270900      0.5270800      0.5270300      0.5269400      0.5268300      0.5266900      0.5265200    
  0.4812480      0.4812500      0.4812500      0.4830030      0.4865100      0.4865100      0.4865110      0.5085490      0.5291780      0.5510030      0.5509900      0.5509900      0.5509900      0.5509900      0.5422470      0.5377520      0.5377530      0.5365300      0.5329520      0.5317600      0.5318600      0.5319300      0.5319600      0.5319600      0.5319300      0.5318600      0.5317600      0.5316300      0.5314700      0.5312700    
  0.4812500      0.4812500      0.4830030      0.4865100      0.4865100      0.5235320      0.5790600      0.5768600      0.5746600      0.5589160      0.5510290      0.5509900      0.5509900      0.5509900      0.5509900      0.5431060      0.5389730      0.5389750      0.5365300      0.5366600      0.5367500      0.5368100      0.5368300      0.5368200      0.5367700      0.5366900      0.5365700      0.5364200      0.5362300      0.5360200    
  0.4812500      0.4830030      0.4865100      0.4865100      0.5309420      0.5790690      0.5790690      0.5790600      0.5768600      0.5746600      0.5589840      0.5511080      0.5509900      0.5509900      0.5509900      0.5509900      0.5447100      0.5414130      0.5414200      0.5415400      0.5416300      0.5416800      0.5416900      0.5416700      0.5416100      0.5415100      0.5413700      0.5412000      0.5409900      0.5407500    
