iMOD/TUTORIALS/TUT_MetaswapAnalyser/model_MetaSWAP/meteo/Evaporation/Evaporation_20050106_L1.ASC
NCOLS                30
NROWS                30
XLLCORNER     160000.00
YLLCORNER     340000.00
CELLSIZE        1000.00
NODATA_VALUE   -9999.00
  0.4624700      0.4619800      0.4614800      0.4609600      0.4604300      0.4598800      0.4593200      0.4587500      0.4581700      0.4575800      0.4569800      0.4563700      0.4557500      0.4551200      0.4544800      0.4538400      0.4531900      0.4525300      0.4518700      0.4512000      0.4505300      0.4498600      0.4491800      0.4485000      0.4478200      0.4471300      0.4464500      0.4457600      0.4450700      0.4443800    
  0.4613900      0.4608900      0.4603800      0.4598500      0.4593200      0.4587600      0.4582000      0.4576300      0.4570400      0.4564400      0.4558400      0.4552200      0.4546000      0.4539700      0.4533300      0.4526900      0.4520300      0.4513800      0.4507200      0.4500500      0.4493800      0.4487100      0.4480300      0.4473500      0.4466700      0.4459900      0.4453100      0.4446200      0.4439400      0.4432600    
  0.4602900      0.4597900      0.4592700      0.4587300      0.4581900      0.4576300      0.4570600      0.4564800      0.4558900      0.4552900      0.4546800      0.4540600      0.4534400      0.4528000      0.4521600      0.4515200      0.4508700      0.4502100      0.4495500      0.4488800      0.4482100      0.4475400      0.4468700      0.4461900      0.4455100      0.4448300      0.4441500      0.4434700      0.4428000      0.4421200    
  0.4591800      0.4586700      0.4581400      0.4576000      0.4570500      0.4564800      0.4559100      0.4553200      0.4547300      0.4541200      0.4535100      0.4528900      0.4522600      0.4516200      0.4509800      0.4503300      0.4496800      0.4490200      0.4483600      0.4477000      0.4470300      0.4463600      0.4456900      0.4450100      0.4443400      0.4436600      0.4429900      0.4423100      0.4416400      0.4409600    
  0.4580600      0.4575400      0.4570000      0.4564500      0.4558900      0.4553200      0.4547400      0.4541500      0.4535500      0.4529400      0.4523200      0.4517000      0.4510700      0.4504300      0.4497900      0.4491400      0.4484800      0.4478200      0.4471600      0.4465000      0.4458300      0.4451600      0.4444900      0.4438200      0.4431500      0.4424800      0.4418000      0.4411300      0.4404600      0.4397900    
  0.4569200      0.4563900      0.4558500      0.4552900      0.4547300      0.4541500      0.4535600      0.4529700      0.4523600      0.4517500      0.4511300      0.4505000      0.4498600      0.4492200      0.4485800      0.4479300      0.4472700      0.4466100      0.4459500      0.4452900      0.4446200      0.4439500      0.4432800      0.4426200      0.4419500      0.4412800      0.4406100      0.4399400      0.4392800      0.4386100    
  0.4557800      0.4552400      0.4546800      0.4541200      0.4535500      0.4529600      0.4523700      0.4517700      0.4511600      0.4505400      0.4499100      0.4492800      0.4486400      0.4480000      0.4473500      0.4467000      0.4460500      0.4453900      0.4447300      0.4440600      0.4434000      0.4427300      0.4420600      0.4414000      0.4407300      0.4400700      0.4394000      0.4387400      0.4380800      0.4374200    
  0.4546200      0.4540700      0.4535100      0.4529400      0.4523600      0.4517700      0.4511700      0.4505600      0.4499400      0.4493200      0.4486900      0.4480600      0.4474200      0.4467700      0.4461200      0.4454700      0.4448100      0.4441500      0.4434900      0.4428200      0.4421600      0.4415000      0.4408300      0.4401700      0.4395000      0.4388400      0.4381800      0.4375200      0.4368700      0.4362100    
  0.4534500      0.4528900      0.4523200      0.4517500      0.4511600      0.4505600      0.4499500      0.4493400      0.4487200      0.4480900      0.4474600      0.4468200      0.4461700      0.4455300      0.4448700      0.4442200      0.4435600      0.4429000      0.4422400      0.4415800      0.4409100      0.4402500      0.4395900      0.4389300      0.4382700      0.4376100      0.4369500      0.4363000      0.4356500      0.4350000    
  0.4522800      0.4517100      0.4511300      0.4505400      0.4499500      0.4493400      0.4487300      0.4481100      0.4474800      0.4468500      0.4462100      0.4455700      0.4449200      0.4442700      0.4436200      0.4429600      0.4423000      0.4416400      0.4409800      0.4403200      0.4396600      0.4389900      0.4383300      0.4376800      0.4370200      0.4363600      0.4357100      0.4350600      0.4344100      0.4337700    
  0.4522730      0.4517070      0.4506780      0.4493300      0.4487300      0.4481200      0.4475000      0.4468700      0.4462400      0.4456000      0.4449600      0.4443100      0.4436600      0.4430100      0.4423500      0.4416900      0.4410300      0.4403700      0.4397100      0.4390500      0.4383900      0.4377300      0.4370700      0.4364100      0.4357600      0.4351100      0.4344600      0.4338100      0.4331700      0.4325300    
  0.4522700      0.4509970      0.4493300      0.4479570      0.4475000      0.4468800      0.4462600      0.4456300      0.4449900      0.4443500      0.4437000      0.4430500      0.4423900      0.4417400      0.4410800      0.4404200      0.4397600      0.4390900      0.4384300      0.4377700      0.4371100      0.4364500      0.4358000      0.4351400      0.4344900      0.4338400      0.4332000      0.4325600      0.4319200      0.4312900    
  0.4513560      0.4493300      0.4476110      0.4468850      0.4462700      0.4456400      0.4450100      0.4443700      0.4437300      0.4430800      0.4424300      0.4417700      0.4411200      0.4404600      0.4397900      0.4391300      0.4384700      0.4378100      0.4371400      0.4364800      0.4358300      0.4351700      0.4345100      0.4338600      0.4332200      0.4325700      0.4319300      0.4312900      0.4306600      0.4300400    
  0.4493300      0.4474470      0.4465770      0.4462700      0.4454330      0.4443900      0.4437500      0.4431100      0.4424600      0.4418100      0.4411500      0.4404900      0.4398300      0.4391700      0.4385000      0.4378400      0.4371800      0.4365100      0.4358500      0.4351900      0.4345300      0.4338800      0.4332200      0.4325800      0.4319300      0.4312900      0.4306500      0.4300200      0.4294000      0.4287700    
  0.4473680      0.4464240      0.4462700      0.4453640      0.4443900      0.4435430      0.4424900      0.4418400      0.4411900      0.4405300      0.4398700      0.4392100      0.4385400      0.4378700      0.4372100      0.4365400      0.4358700      0.4352100      0.4345500      0.4338900      0.4332300      0.4325800      0.4319300      0.4312800      0.4306400      0.4300000      0.4293700      0.4287400      0.4281200      0.4275100    
  0.4463470      0.4462700      0.4453410      0.4443900      0.4434740      0.4424900      0.4421650      0.4418400      0.4407020      0.4392500      0.4385800      0.4379100      0.4372400      0.4365700      0.4359000      0.4352400      0.4345700      0.4339000      0.4332400      0.4325800      0.4319200      0.4312700      0.4306200      0.4299800      0.4293400      0.4287100      0.4280800      0.4274600      0.4268400      0.4262300    
  0.4462700      0.4453340      0.4443900      0.4434510      0.4424900      0.4423270      0.4421650      0.4409890      0.4392500      0.4389150      0.4375320      0.4366100      0.4359400      0.4352700      0.4346000      0.4339200      0.4332600      0.4325900      0.4319300      0.4312700      0.4306100      0.4299600      0.4293100      0.4286700      0.4280400      0.4274100      0.4267800      0.4261700      0.4255500      0.4249500    
  0.4453310      0.4443900      0.4434440      0.4424900      0.4424090      0.4423270      0.4411830      0.4392500      0.4390830      0.4373930      0.4359600      0.4353100      0.4346300      0.4339600      0.4332800      0.4326100      0.4319400      0.4312700      0.4306100      0.4299500      0.4292900      0.4286400      0.4280000      0.4273600      0.4267300      0.4261000      0.4254800      0.4248700      0.4242600      0.4236600    
  0.4443900      0.4434410      0.4424900      0.4424490      0.4424090      0.4412920      0.4392500      0.4391660      0.4373340      0.4356350      0.4353100      0.4349700      0.4341350      0.4326400      0.4319600      0.4312900      0.4306200      0.4299500      0.4292800      0.4286200      0.4279700      0.4273200      0.4266800      0.4260400      0.4254100      0.4247900      0.4241800      0.4235700      0.4229700      0.4223700    
  0.4434400      0.4424900      0.4424700      0.4424490      0.4413500      0.4392500      0.4392080      0.4373070      0.4354720      0.4353100      0.4351400      0.4342640      0.4326400      0.4323000      0.4319630      0.4312900      0.4306200      0.4299500      0.4282240      0.4273000      0.4266400      0.4260000      0.4253600      0.4247200      0.4241000      0.4234800      0.4228700      0.4222600      0.4216700      0.4210800    
  0.4424900      0.4424800      0.4424700      0.4413800      0.4392500      0.4392290      0.4372930      0.4353910      0.4353100      0.4352250      0.4343380      0.4326400      0.4324700      0.4323010      0.4318510      0.4312910      0.4306200      0.4282800      0.4266350      0.4259700      0.4253100      0.4246700      0.4240300      0.4234000      0.4227700      0.4221600      0.4215500      0.4209600      0.4203700      0.4197800    
  0.4424850      0.4424800      0.4413950      0.4392500      0.4392400      0.4372870      0.4353510      0.4353100      0.4352680      0.4343780      0.4326400      0.4325550      0.4324700      0.4322070      0.4318140      0.4312540      0.4284930      0.4263020      0.4259700      0.4250870      0.4239800      0.4233400      0.4227000      0.4220700      0.4214500      0.4208400      0.4202400      0.4196500      0.4190600      0.4184900    
  0.4424850      0.4414020      0.4392500      0.4392450      0.4372830      0.4353300      0.4353100      0.4352890      0.4343990      0.4326400      0.4325970      0.4325550      0.4324110      0.4321640      0.4317590      0.4279320      0.4261360      0.4259700      0.4235870      0.4226450      0.4222600      0.4220000      0.4213700      0.4207400      0.4201300      0.4195200      0.4189200      0.4183300      0.4177600      0.4171900    
  0.4414060      0.4392500      0.4392470      0.4372820      0.4353200      0.4353100      0.4352990      0.4344090      0.4326400      0.4326190      0.4325980      0.4325210      0.4323770      0.4280760      0.4246670      0.4219650      0.4219650      0.4215740      0.4210890      0.4206450      0.4213100      0.4206700      0.4200400      0.4194100      0.4188000      0.4182000      0.4176100      0.4170200      0.4164500      0.4158900    
  0.4392500      0.4392490      0.4372810      0.4353150      0.4353100      0.4353050      0.4344150      0.4326400      0.4326290      0.4326190      0.4325790      0.4324980      0.4249580      0.4159290      0.4159700      0.4182120      0.4177940      0.4179600      0.4192640      0.4199770      0.4199800      0.4193400      0.4187100      0.4180800      0.4174800      0.4168800      0.4162900      0.4157100      0.4151400      0.4145900    
  0.4392490      0.4372800      0.4353130      0.4353100      0.4353070      0.4344170      0.4326400      0.4326350      0.4326290      0.4326090      0.4246230      0.4127100      0.4148220      0.4158870      0.4158870      0.4159700      0.4171200      0.4176270      0.4179600      0.4184720      0.4186400      0.4180000      0.4173700      0.4167600      0.4161500      0.4155500      0.4149700      0.4144000      0.4138400      0.4132900    
  0.4372800      0.4353110      0.4353100      0.4353090      0.4344190      0.4326400      0.4326370      0.4326350      0.4326240      0.4230560      0.4127100      0.4127100      0.4127100      0.4147610      0.4158050      0.4158050      0.4159700      0.4169230      0.4172950      0.4179600      0.4173100      0.4166700      0.4160400      0.4154300      0.4148300      0.4142300      0.4136600      0.4130900      0.4125300      0.4119900    
  0.4353110      0.4353100      0.4353090      0.4344190      0.4326400      0.4326390      0.4326370      0.4262270      0.4198050      0.4127060      0.4127100      0.4127100      0.4127100      0.4127100      0.4146400      0.4156400      0.4156400      0.4159700      0.4164670      0.4166300      0.4159800      0.4153400      0.4147200      0.4141000      0.4135000      0.4129200      0.4123400      0.4117800      0.4112300      0.4107000    
  0.4353100      0.4353100      0.4344200      0.4326400      0.4326390      0.4221870      0.4065100      0.4067600      0.4070100      0.4108000      0.4126990      0.4127100      0.4127100      0.4127100      0.4127100      0.4144050      0.4153100      0.4153100      0.4159700      0.4153100      0.4146600      0.4140200      0.4133900      0.4127800      0.4121800      0.4116000      0.4110300      0.4104800      0.4099300      0.4094000    
  0.4353100      0.4344200      0.4326400      0.4326400      0.4200950      0.4065080      0.4065080      0.4065100      0.4067600      0.4070100      0.4107820      0.4126780      0.4127100      0.4127100      0.4127100      0.4127100      0.4139620      0.4146500      0.4146500      0.4139800      0.4133300      0.4126900      0.4120700      0.4114600      0.4108700      0.4102900      0.4097300      0.4091800      0.4086400      0.4081200    
