iMOD/TUTORIALS/TUT_MetaswapAnalyser/model_MetaSWAP/meteo/Evaporation/Evaporation_20060603_L1.ASC
NCOLS                30
NROWS                30
XLLCORNER     160000.00
YLLCORNER     340000.00
CELLSIZE        1000.00
NODATA_VALUE   -9999.00
   2.898060       2.894110       2.890230       2.886420       2.882670       2.878980       2.875350       2.871770       2.868250       2.864780       2.861350       2.857970       2.854640       2.851350       2.848090       2.844880       2.841700       2.838560       2.835450       2.832370       2.829320       2.826310       2.823320       2.820360       2.817440       2.814530       2.811660       2.808820       2.806000       2.803200    
   2.897600       2.893590       2.889650       2.885780       2.881970       2.878220       2.874530       2.870890       2.867310       2.863780       2.860300       2.856870       2.853480       2.850140       2.846840       2.843570       2.840350       2.837160       2.834000       2.830880       2.827800       2.824740       2.821720       2.818720       2.815760       2.812820       2.809920       2.807040       2.804190       2.801370    
   2.897150       2.893070       2.889070       2.885130       2.881260       2.877450       2.873700       2.870010       2.866370       2.862790       2.859250       2.855770       2.852330       2.848930       2.845580       2.842270       2.838990       2.835760       2.832560       2.829400       2.826270       2.823170       2.820110       2.817080       2.814080       2.811110       2.808170       2.805260       2.802380       2.799530    
   2.896680       2.892550       2.888480       2.884490       2.880560       2.876690       2.872880       2.869130       2.865440       2.861790       2.858200       2.854660       2.851170       2.847730       2.844320       2.840960       2.837640       2.834360       2.831120       2.827910       2.824740       2.821610       2.818510       2.815440       2.812400       2.809400       2.806430       2.803490       2.800580       2.797700    
   2.896220       2.892020       2.887900       2.883840       2.879850       2.875920       2.872050       2.868250       2.864500       2.860800       2.857160       2.853560       2.850020       2.846520       2.843070       2.839660       2.836290       2.832960       2.829680       2.826430       2.823220       2.820040       2.816900       2.813800       2.810730       2.807690       2.804680       2.801710       2.798770       2.795860    
   2.895750       2.891490       2.887300       2.883190       2.879140       2.875150       2.871230       2.867360       2.863560       2.859800       2.856110       2.852460       2.848860       2.845310       2.841810       2.838360       2.834940       2.831570       2.828240       2.824950       2.821700       2.818480       2.815300       2.812160       2.809050       2.805980       2.802940       2.799940       2.796960       2.794020    
   2.895270       2.890960       2.886710       2.882530       2.878430       2.874380       2.870400       2.866480       2.862620       2.858810       2.855060       2.851360       2.847710       2.844110       2.840560       2.837050       2.833590       2.830180       2.826800       2.823470       2.820180       2.816920       2.813700       2.810520       2.807380       2.804270       2.801200       2.798160       2.795160       2.792190    
   2.894800       2.890420       2.886110       2.881880       2.877710       2.873610       2.869570       2.865590       2.861680       2.857810       2.854010       2.850260       2.846560       2.842910       2.839310       2.835760       2.832250       2.828790       2.825370       2.821990       2.818660       2.815360       2.812110       2.808890       2.805710       2.802570       2.799470       2.796400       2.793360       2.790360    
   2.894320       2.889880       2.885520       2.881220       2.877000       2.872840       2.868740       2.864710       2.860740       2.856820       2.852960       2.849160       2.845410       2.841710       2.838060       2.834460       2.830910       2.827400       2.823940       2.820520       2.817140       2.813810       2.810510       2.807260       2.804050       2.800870       2.797730       2.794630       2.791560       2.788530    
   2.893840       2.889340       2.884920       2.880570       2.876280       2.872070       2.867920       2.863830       2.859800       2.855830       2.851920       2.848060       2.844260       2.840510       2.836810       2.833170       2.829570       2.826020       2.822510       2.819050       2.815630       2.812260       2.808920       2.805630       2.802380       2.799170       2.796000       2.792870       2.789770       2.786710    
   2.893860       2.889370       2.883680       2.879910       2.875570       2.871300       2.867090       2.862940       2.858860       2.854840       2.850880       2.846970       2.843120       2.839320       2.835570       2.831880       2.828230       2.824630       2.821090       2.817580       2.814120       2.810710       2.807340       2.804010       2.800730       2.797480       2.794270       2.791110       2.787980       2.784890    
   2.893890       2.886710       2.879910       2.876120       2.874850       2.870530       2.866260       2.862060       2.857930       2.853850       2.849840       2.845880       2.841980       2.838130       2.834330       2.830590       2.826900       2.823260       2.819670       2.816120       2.812620       2.809170       2.805760       2.802390       2.799070       2.795790       2.792550       2.789350       2.786190       2.783070    
   2.889740       2.879910       2.876170       2.874500       2.874140       2.869760       2.865440       2.861190       2.857000       2.852870       2.848800       2.844790       2.840840       2.836940       2.833100       2.829310       2.825570       2.821890       2.818250       2.814660       2.811120       2.807630       2.804180       2.800780       2.797420       2.794110       2.790840       2.787610       2.784420       2.781260    
   2.879910       2.876130       2.874320       2.874140       2.870960       2.868990       2.864620       2.860310       2.856070       2.851890       2.847770       2.843710       2.839700       2.835760       2.831870       2.828030       2.824250       2.820520       2.816840       2.813210       2.809630       2.806100       2.802610       2.799180       2.795780       2.792430       2.789130       2.785860       2.782640       2.779460    
   2.876100       2.874230       2.874140       2.871360       2.868990       2.865800       2.863800       2.859440       2.855140       2.850910       2.846740       2.842620       2.838570       2.834580       2.830640       2.826760       2.822930       2.819160       2.815440       2.811770       2.808140       2.804570       2.801050       2.797570       2.794140       2.790760       2.787420       2.784130       2.780870       2.777660    
   2.874180       2.874140       2.871500       2.868990       2.866200       2.863800       2.861620       2.859460       2.853860       2.849930       2.845710       2.841550       2.837450       2.833410       2.829420       2.825490       2.821620       2.817800       2.814040       2.810320       2.806660       2.803050       2.799490       2.795980       2.792520       2.789100       2.785720       2.782400       2.779110       2.775870    
   2.874140       2.871540       2.868990       2.866330       2.863800       2.862710       2.861630       2.856220       2.849930       2.847820       2.843420       2.840480       2.836330       2.832240       2.828210       2.824230       2.820310       2.816450       2.812640       2.808890       2.805190       2.801540       2.797940       2.794390       2.790890       2.787440       2.784030       2.780680       2.777360       2.774090    
   2.871560       2.868990       2.866370       2.863800       2.863260       2.862710       2.857620       2.849930       2.848880       2.844100       2.839950       2.839410       2.835210       2.831070       2.827000       2.822980       2.819010       2.815110       2.811260       2.807460       2.803720       2.800030       2.796400       2.792810       2.789280       2.785790       2.782350       2.778960       2.775620       2.772320    
   2.868990       2.866390       2.863800       2.863530       2.863260       2.858380       2.849930       2.849400       2.844400       2.839680       2.839410       2.837310       2.833900       2.829920       2.825790       2.821730       2.817720       2.813770       2.809880       2.806040       2.802260       2.798540       2.794860       2.791240       2.787670       2.784150       2.780680       2.777260       2.773880       2.770550    
   2.866390       2.863800       2.863660       2.863530       2.858770       2.849930       2.849670       2.844540       2.839540       2.839410       2.838360       2.835140       2.829920       2.827860       2.825810       2.821750       2.817740       2.813790       2.807510       2.804630       2.800810       2.797040       2.793330       2.789680       2.786070       2.782520       2.779010       2.775560       2.772150       2.768790    
   2.863800       2.863730       2.863660       2.858970       2.849930       2.849800       2.844600       2.839480       2.839410       2.838890       2.835710       2.829920       2.828890       2.827860       2.825140       2.821770       2.817760       2.809240       2.803930       2.803230       2.799370       2.795560       2.791810       2.788120       2.784480       2.780890       2.777360       2.773870       2.770440       2.767050    
   2.863770       2.863730       2.859070       2.849930       2.849860       2.844640       2.839440       2.839410       2.839150       2.835980       2.829920       2.829400       2.828890       2.827300       2.824920       2.821550       2.811120       2.803580       2.803230       2.800180       2.797930       2.794090       2.790300       2.786570       2.782900       2.779280       2.775710       2.772190       2.768730       2.765310    
   2.863770       2.859130       2.849930       2.849900       2.844650       2.839430       2.839410       2.839280       2.836110       2.829920       2.829660       2.829400       2.828530       2.827040       2.824590       2.812020       2.803410       2.803230       2.798580       2.796510       2.794180       2.792630       2.788800       2.785040       2.781330       2.777680       2.774080       2.770530       2.767030       2.763580    
   2.859150       2.849930       2.849910       2.844660       2.839420       2.839410       2.839340       2.836180       2.829920       2.829790       2.829660       2.829200       2.828320       2.819180       2.809300       2.799120       2.799120       2.797140       2.794860       2.794380       2.795090       2.791170       2.787310       2.783510       2.779770       2.776080       2.772450       2.768870       2.765350       2.761870    
   2.849930       2.849920       2.844670       2.839410       2.839410       2.839380       2.836210       2.829920       2.829860       2.829790       2.829550       2.829060       2.813950       2.796540       2.796580       2.796460       2.794830       2.795000       2.794010       2.793690       2.793680       2.789730       2.785830       2.782000       2.778220       2.774500       2.770840       2.767230       2.763670       2.760170    
   2.849930       2.844670       2.839410       2.839410       2.839390       2.836230       2.829920       2.829890       2.829860       2.829730       2.816580       2.797240       2.796740       2.796500       2.796500       2.796580       2.795330       2.794670       2.795000       2.792970       2.792290       2.788290       2.784360       2.780490       2.776680       2.772930       2.769240       2.765600       2.762010       2.758480    
   2.844670       2.839410       2.839410       2.839400       2.836240       2.829920       2.829900       2.829890       2.829830       2.814130       2.797240       2.797240       2.797240       2.796680       2.796420       2.796420       2.796580       2.795080       2.794330       2.795000       2.790900       2.786870       2.782910       2.779000       2.775160       2.771370       2.767650       2.763980       2.760370       2.756810    
   2.839410       2.839410       2.839410       2.836240       2.829920       2.829910       2.829900       2.821450       2.810690       2.797240       2.797240       2.797240       2.797240       2.797240       2.796560       2.796260       2.796260       2.796580       2.794390       2.793660       2.789530       2.785460       2.781460       2.777520       2.773650       2.769830       2.766070       2.762380       2.758730       2.755150    
   2.839410       2.839410       2.836240       2.829920       2.829920       2.817920       2.799940       2.798060       2.796180       2.796880       2.797230       2.797240       2.797240       2.797240       2.797240       2.796320       2.795950       2.795950       2.796580       2.792340       2.788170       2.784070       2.780030       2.776060       2.772150       2.768300       2.764510       2.760790       2.757120       2.753500    
   2.839410       2.836250       2.829920       2.829920       2.815530       2.799940       2.799940       2.799940       2.798060       2.796180       2.796860       2.797210       2.797240       2.797240       2.797240       2.797240       2.795840       2.795310       2.795310       2.791030       2.786820       2.782680       2.778610       2.774600       2.770660       2.766780       2.762970       2.759210       2.755510       2.751870    
