iMOD/TUTORIALS/TUT_MetaswapAnalyser/model_MetaSWAP/meteo/Evaporation/Evaporation_20061111_L1.ASC
NCOLS                30
NROWS                30
XLLCORNER     160000.00
YLLCORNER     340000.00
CELLSIZE        1000.00
NODATA_VALUE   -9999.00
  0.4073600      0.4044700      0.4015500      0.3986000      0.3956200      0.3926200      0.3895900      0.3865400      0.3834700      0.3803900      0.3772900      0.3741700      0.3710400      0.3679100      0.3647600      0.3616100      0.3584600      0.3553000      0.3521400      0.3489800      0.3458200      0.3426600      0.3395100      0.3363600      0.3332200      0.3300800      0.3269500      0.3238300      0.3207200      0.3176200    
  0.4055900      0.4026900      0.3997600      0.3968000      0.3938200      0.3908100      0.3877700      0.3847200      0.3816400      0.3785500      0.3754500      0.3723300      0.3692000      0.3660600      0.3629100      0.3597600      0.3566000      0.3534400      0.3502900      0.3471300      0.3439700      0.3408100      0.3376600      0.3345200      0.3313800      0.3282400      0.3251200      0.3220100      0.3189000      0.3158100    
  0.4037800      0.4008700      0.3979400      0.3949700      0.3919700      0.3889600      0.3859200      0.3828500      0.3797700      0.3766800      0.3735700      0.3704500      0.3673100      0.3641700      0.3610200      0.3578700      0.3547100      0.3515600      0.3484000      0.3452400      0.3420800      0.3389300      0.3357800      0.3326400      0.3295000      0.3263700      0.3232500      0.3201500      0.3170500      0.3139600    
  0.4019400      0.3990200      0.3960700      0.3931000      0.3900900      0.3870700      0.3840200      0.3809500      0.3778700      0.3747700      0.3716500      0.3685300      0.3653900      0.3622500      0.3591000      0.3559500      0.3527900      0.3496300      0.3464700      0.3433100      0.3401600      0.3370100      0.3338600      0.3307300      0.3275900      0.3244700      0.3213600      0.3182500      0.3151600      0.3120800    
  0.4000700      0.3971400      0.3941800      0.3911900      0.3881800      0.3851500      0.3820900      0.3790200      0.3759300      0.3728200      0.3697100      0.3665800      0.3634400      0.3602900      0.3571400      0.3539900      0.3508300      0.3476700      0.3445100      0.3413600      0.3382100      0.3350600      0.3319200      0.3287800      0.3256600      0.3225400      0.3194300      0.3163300      0.3132500      0.3101700    
  0.3981600      0.3952200      0.3922500      0.3892500      0.3862300      0.3831900      0.3801300      0.3770500      0.3739600      0.3708500      0.3677200      0.3645900      0.3614500      0.3583000      0.3551500      0.3520000      0.3488400      0.3456800      0.3425200      0.3393700      0.3362200      0.3330800      0.3299400      0.3268100      0.3236900      0.3205700      0.3174700      0.3143800      0.3113000      0.3082400    
  0.3962300      0.3932700      0.3902900      0.3872800      0.3842600      0.3812100      0.3781400      0.3750500      0.3719500      0.3688400      0.3657100      0.3625800      0.3594300      0.3562800      0.3531300      0.3499700      0.3468200      0.3436600      0.3405000      0.3373500      0.3342100      0.3310600      0.3279300      0.3248000      0.3216900      0.3185800      0.3154900      0.3124000      0.3093300      0.3062700    
  0.3942600      0.3912900      0.3883000      0.3852900      0.3822500      0.3791900      0.3761200      0.3730200      0.3699200      0.3668000      0.3636700      0.3605300      0.3573800      0.3542300      0.3510800      0.3479200      0.3447600      0.3416100      0.3384600      0.3353100      0.3321600      0.3290200      0.3258900      0.3227700      0.3196600      0.3165600      0.3134700      0.3104000      0.3073300      0.3042800    
  0.3922700      0.3892900      0.3862900      0.3832600      0.3802200      0.3771500      0.3740700      0.3709700      0.3678600      0.3647300      0.3616000      0.3584600      0.3553100      0.3521500      0.3490000      0.3458400      0.3426800      0.3395300      0.3363800      0.3332300      0.3300900      0.3269600      0.3238300      0.3207200      0.3176100      0.3145200      0.3114300      0.3083700      0.3053100      0.3022700    
  0.3902500      0.3872600      0.3842500      0.3812100      0.3781600      0.3750800      0.3719900      0.3688900      0.3657700      0.3626400      0.3595000      0.3563600      0.3532000      0.3500500      0.3468900      0.3437300      0.3405800      0.3374200      0.3342700      0.3311300      0.3279900      0.3248600      0.3217400      0.3186300      0.3155300      0.3124400      0.3093700      0.3063100      0.3032600      0.3002300    
  0.3902430      0.3872530      0.3829650      0.3791400      0.3760700      0.3729900      0.3698900      0.3667800      0.3636600      0.3605200      0.3573800      0.3542300      0.3510800      0.3479200      0.3447600      0.3416000      0.3384500      0.3352900      0.3321400      0.3290000      0.3258700      0.3227400      0.3196300      0.3165200      0.3134300      0.3103500      0.3072800      0.3042300      0.3011900      0.2981700    
  0.3902360      0.3849000      0.3791400      0.3752550      0.3739700      0.3708700      0.3677700      0.3646500      0.3615200      0.3583800      0.3552300      0.3520800      0.3489200      0.3457600      0.3426000      0.3394500      0.3362900      0.3331400      0.3299900      0.3268500      0.3237200      0.3206000      0.3174900      0.3143900      0.3113100      0.3082300      0.3051700      0.3021300      0.2991000      0.2960900    
  0.3868700      0.3791400      0.3747850      0.3729050      0.3718400      0.3687400      0.3656200      0.3625000      0.3593600      0.3562200      0.3530700      0.3499100      0.3467500      0.3435900      0.3404300      0.3372700      0.3341100      0.3309600      0.3278200      0.3246800      0.3215500      0.3184400      0.3153300      0.3122400      0.3091600      0.3060900      0.3030400      0.3000100      0.2969900      0.2939900    
  0.3791400      0.3745340      0.3723730      0.3718400      0.3690530      0.3665800      0.3634600      0.3603300      0.3571800      0.3540300      0.3508800      0.3477200      0.3445500      0.3413900      0.3382300      0.3350700      0.3319100      0.3287600      0.3256200      0.3224900      0.3193600      0.3162500      0.3131500      0.3100700      0.3069900      0.3039400      0.3008900      0.2978700      0.2948600      0.2918700    
  0.3744050      0.3721060      0.3718400      0.3691580      0.3665800      0.3637730      0.3612800      0.3581400      0.3549900      0.3518300      0.3486700      0.3455100      0.3423400      0.3391700      0.3360100      0.3328500      0.3296900      0.3265500      0.3234100      0.3202700      0.3171500      0.3140500      0.3109500      0.3078700      0.3048100      0.3017600      0.2987200      0.2957100      0.2927100      0.2897300    
  0.3719730      0.3718400      0.3691930      0.3665800      0.3638780      0.3612800      0.3597100      0.3581370      0.3536420      0.3496100      0.3464500      0.3432800      0.3401100      0.3369400      0.3337700      0.3306100      0.3274600      0.3243100      0.3211700      0.3180400      0.3149300      0.3118200      0.3087400      0.3056600      0.3026000      0.2995600      0.2965400      0.2935300      0.2905400      0.2875700    
  0.3718400      0.3692040      0.3665800      0.3639130      0.3612800      0.3604950      0.3597090      0.3552750      0.3496100      0.3480300      0.3438300      0.3410300      0.3378600      0.3346900      0.3315200      0.3283600      0.3252000      0.3220600      0.3189200      0.3158000      0.3126800      0.3095900      0.3065000      0.3034400      0.3003800      0.2973500      0.2943400      0.2913400      0.2883600      0.2854000    
  0.3692080      0.3665800      0.3639240      0.3612800      0.3608870      0.3604950      0.3562720      0.3496100      0.3488200      0.3440310      0.3399050      0.3387800      0.3356000      0.3324200      0.3292500      0.3260900      0.3229300      0.3197900      0.3166500      0.3135300      0.3104200      0.3073300      0.3042500      0.3011900      0.2981500      0.2951300      0.2921200      0.2891300      0.2861700      0.2832200    
  0.3665800      0.3639280      0.3612800      0.3610840      0.3608870      0.3568160      0.3496100      0.3492150      0.3441170      0.3393420      0.3387800      0.3371900      0.3342350      0.3301400      0.3269700      0.3238100      0.3206500      0.3175100      0.3143700      0.3112600      0.3081500      0.3050600      0.3019900      0.2989400      0.2959000      0.2928900      0.2898900      0.2869100      0.2839600      0.2810200    
  0.3639290      0.3612800      0.3611820      0.3610840      0.3570990      0.3496100      0.3494130      0.3441570      0.3390610      0.3387800      0.3379850      0.3350860      0.3301400      0.3285550      0.3269730      0.3238100      0.3206570      0.3175100      0.3117560      0.3089700      0.3058700      0.3027800      0.2997200      0.2966700      0.2936400      0.2906300      0.2876500      0.2846800      0.2817400      0.2788200    
  0.3612800      0.3612310      0.3611820      0.3572440      0.3496100      0.3495110      0.3441760      0.3389210      0.3387800      0.3383820      0.3354980      0.3301400      0.3293470      0.3285560      0.3264460      0.3238130      0.3206590      0.3128830      0.3078200      0.3066700      0.3035700      0.3004900      0.2974300      0.2943900      0.2913700      0.2883700      0.2854000      0.2824400      0.2795100      0.2766000    
  0.3612550      0.3612310      0.3573170      0.3496100      0.3495610      0.3441860      0.3388500      0.3387800      0.3385810      0.3357000      0.3301400      0.3297440      0.3293480      0.3281170      0.3262720      0.3236390      0.3142540      0.3072450      0.3066700      0.3038330      0.3012600      0.2981900      0.2951300      0.2921000      0.2890900      0.2861000      0.2831400      0.2801900      0.2772700      0.2743800    
  0.3612550      0.3573530      0.3496100      0.3495850      0.3441900      0.3388150      0.3387800      0.3386810      0.3358000      0.3301400      0.3299420      0.3297440      0.3290690      0.3279120      0.3260090      0.3141630      0.3069580      0.3066700      0.3012260      0.2989400      0.2971020      0.2958800      0.2928300      0.2898000      0.2868000      0.2838200      0.2808700      0.2779300      0.2750300      0.2721400    
  0.3573720      0.3496100      0.3495980      0.3441930      0.3387980      0.3387800      0.3387300      0.3358500      0.3301400      0.3300410      0.3299420      0.3295850      0.3289080      0.3185300      0.3087800      0.2996880      0.2996900      0.2980990      0.2962320      0.2954600      0.2966200      0.2935600      0.2905200      0.2875000      0.2845100      0.2815400      0.2785900      0.2756700      0.2727800      0.2699100    
  0.3496100      0.3496040      0.3441940      0.3387890      0.3387800      0.3387550      0.3358750      0.3301400      0.3300900      0.3300410      0.3298560      0.3294780      0.3118130      0.2910570      0.2911300      0.2937750      0.2924170      0.2927100      0.2936550      0.2942970      0.2943000      0.2912400      0.2882000      0.2851900      0.2822100      0.2792500      0.2763100      0.2734000      0.2705200      0.2676600    
  0.3496070      0.3441940      0.3387840      0.3387800      0.3387680      0.3358880      0.3301400      0.3301150      0.3300900      0.3299960      0.3127830      0.2872700      0.2897340      0.2909840      0.2909840      0.2911300      0.2918620      0.2921250      0.2927100      0.2921520      0.2919700      0.2889100      0.2858800      0.2828800      0.2799000      0.2769500      0.2740300      0.2711300      0.2682600      0.2654200    
  0.3441950      0.3387820      0.3387800      0.3387740      0.3358940      0.3301400      0.3301280      0.3301150      0.3300670      0.3094820      0.2872700      0.2872700      0.2872700      0.2896260      0.2908390      0.2908390      0.2911300      0.2914850      0.2915400      0.2927100      0.2896300      0.2865800      0.2835600      0.2805600      0.2776000      0.2746600      0.2717400      0.2688600      0.2660100      0.2631800    
  0.3387810      0.3387800      0.3387770      0.3358970      0.3301400      0.3301340      0.3301280      0.3173300      0.3034060      0.2872640      0.2872700      0.2872700      0.2872700      0.2872700      0.2894110      0.2905470      0.2905470      0.2911300      0.2905600      0.2903700      0.2873000      0.2842500      0.2812400      0.2782500      0.2752900      0.2723600      0.2694600      0.2665900      0.2637500      0.2609300    
  0.3387800      0.3387780      0.3358980      0.3301400      0.3301370      0.3100750      0.2799900      0.2795000      0.2790100      0.2845000      0.2872510      0.2872700      0.2872700      0.2872700      0.2872700      0.2889900      0.2899650      0.2899650      0.2911300      0.2880300      0.2849600      0.2819200      0.2789100      0.2759300      0.2729800      0.2700600      0.2671800      0.2643200      0.2614900      0.2586900    
  0.3387790      0.3358990      0.3301400      0.3301380      0.3060630      0.2799860      0.2799860      0.2799900      0.2795000      0.2790100      0.2844670      0.2872130      0.2872700      0.2872700      0.2872700      0.2872700      0.2881760      0.2888000      0.2888000      0.2857000      0.2826300      0.2796000      0.2765900      0.2736200      0.2706800      0.2677700      0.2649000      0.2620500      0.2592400      0.2564600    
