iMOD/TUTORIALS/TUT_MetaswapAnalyser/model_MetaSWAP/meteo/Evaporation/Evaporation_20060917_L1.ASC
NCOLS                30
NROWS                30
XLLCORNER     160000.00
YLLCORNER     340000.00
CELLSIZE        1000.00
NODATA_VALUE   -9999.00
  0.9185000      0.9189000      0.9194200      0.9200700      0.9208600      0.9217700      0.9228200      0.9239900      0.9252900      0.9267200      0.9282700      0.9299600      0.9317600      0.9337000      0.9357500      0.9379300      0.9402400      0.9426600      0.9452000      0.9478600      0.9506300      0.9535200      0.9565200      0.9596400      0.9628600      0.9661900      0.9696300      0.9731700      0.9768100      0.9805400    
  0.9163700      0.9166700      0.9171000      0.9176600      0.9183500      0.9191700      0.9201300      0.9212100      0.9224200      0.9237600      0.9252200      0.9268200      0.9285400      0.9303900      0.9323600      0.9344500      0.9366700      0.9390100      0.9414800      0.9440600      0.9467500      0.9495700      0.9525000      0.9555400      0.9586900      0.9619500      0.9653200      0.9687900      0.9723700      0.9760400    
  0.9142500      0.9144500      0.9147900      0.9152600      0.9158600      0.9165900      0.9174500      0.9184400      0.9195600      0.9208100      0.9221900      0.9236900      0.9253300      0.9270900      0.9289800      0.9309900      0.9331300      0.9353900      0.9377700      0.9402700      0.9429000      0.9456300      0.9484900      0.9514600      0.9545400      0.9577300      0.9610300      0.9644400      0.9679500      0.9715600    
  0.9121400      0.9122500      0.9124900      0.9128700      0.9133700      0.9140100      0.9147800      0.9156800      0.9167100      0.9178700      0.9191600      0.9205800      0.9221300      0.9238100      0.9256100      0.9275400      0.9296000      0.9317800      0.9340800      0.9365100      0.9390600      0.9417200      0.9445000      0.9474000      0.9504100      0.9535400      0.9567700      0.9601100      0.9635600      0.9671100    
  0.9100300      0.9100500      0.9102000      0.9104800      0.9109000      0.9114500      0.9121200      0.9129300      0.9138800      0.9149500      0.9161500      0.9174900      0.9189500      0.9205400      0.9222600      0.9241100      0.9260900      0.9281900      0.9304200      0.9327700      0.9352400      0.9378300      0.9405400      0.9433600      0.9463100      0.9493600      0.9525300      0.9558100      0.9591900      0.9626800    
  0.9079400      0.9078700      0.9079200      0.9081100      0.9084400      0.9088900      0.9094800      0.9102000      0.9110600      0.9120400      0.9131600      0.9144100      0.9157900      0.9173000      0.9189300      0.9207000      0.9226000      0.9246200      0.9267700      0.9290400      0.9314400      0.9339600      0.9365900      0.9393500      0.9422300      0.9452100      0.9483200      0.9515300      0.9548500      0.9582800    
  0.9058600      0.9056900      0.9056600      0.9057600      0.9059900      0.9063600      0.9068600      0.9074900      0.9082500      0.9091500      0.9101800      0.9113400      0.9126400      0.9140600      0.9156200      0.9173100      0.9191200      0.9210700      0.9231400      0.9253400      0.9276600      0.9301000      0.9326700      0.9353600      0.9381700      0.9410900      0.9441300      0.9472800      0.9505400      0.9539100    
  0.9037900      0.9035300      0.9034000      0.9034100      0.9035600      0.9038300      0.9042400      0.9047900      0.9054600      0.9062800      0.9072200      0.9083000      0.9095100      0.9108500      0.9123300      0.9139300      0.9156700      0.9175400      0.9195300      0.9216500      0.9239000      0.9262800      0.9287700      0.9313900      0.9341300      0.9369900      0.9399600      0.9430500      0.9462500      0.9495600    
  0.9017300      0.9013800      0.9011700      0.9010800      0.9011400      0.9013200      0.9016500      0.9021000      0.9026900      0.9034200      0.9042800      0.9052700      0.9064000      0.9076600      0.9090500      0.9105800      0.9122300      0.9140200      0.9159400      0.9179900      0.9201700      0.9224700      0.9249000      0.9274500      0.9301200      0.9329200      0.9358300      0.9388500      0.9419900      0.9452400    
  0.8996800      0.8992500      0.8989400      0.8987700      0.8987300      0.8988300      0.8990700      0.8994300      0.8999400      0.9005800      0.9013500      0.9022600      0.9033000      0.9044800      0.9057900      0.9072400      0.9088200      0.9105300      0.9123800      0.9143500      0.9164600      0.9186900      0.9210500      0.9235300      0.9261400      0.9288700      0.9317200      0.9346800      0.9377600      0.9409600    
  0.8997300      0.8992900      0.8983580      0.8964700      0.8963500      0.8963600      0.8965000      0.8967800      0.8972000      0.8977500      0.8984400      0.8992700      0.9002300      0.9013300      0.9025600      0.9039300      0.9054300      0.9070700      0.9088400      0.9107400      0.9127700      0.9149300      0.9172200      0.9196400      0.9221800      0.9248500      0.9276400      0.9305400      0.9335600      0.9367000    
  0.8997730      0.8984620      0.8964700      0.8946080      0.8939800      0.8939000      0.8939600      0.8941500      0.8944800      0.8949500      0.8955600      0.8963000      0.8971800      0.8981900      0.8993500      0.9006400      0.9020600      0.9036200      0.9053200      0.9071500      0.9091100      0.9112000      0.9134200      0.9157700      0.9182500      0.9208600      0.9235800      0.9264300      0.9293900      0.9324800    
  0.8987630      0.8964700      0.8938780      0.8928050      0.8916300      0.8914600      0.8914300      0.8915400      0.8917900      0.8921700      0.8926900      0.8933500      0.8941500      0.8950800      0.8961600      0.8973700      0.8987200      0.9002000      0.9018200      0.9035800      0.9054700      0.9074900      0.9096500      0.9119400      0.9143500      0.9168900      0.9195600      0.9223500      0.9252600      0.9282800    
  0.8964700      0.8935490      0.8922180      0.8916300      0.8907100      0.8890400      0.8889300      0.8889500      0.8891100      0.8894100      0.8898500      0.8904200      0.8911400      0.8919900      0.8929900      0.8941200      0.8953900      0.8968000      0.8983500      0.9000400      0.9018600      0.9038200      0.9059100      0.9081300      0.9104800      0.9129600      0.9155700      0.9183000      0.9211500      0.9241200    
  0.8933930      0.8919240      0.8916300      0.8904600      0.8890400      0.8881370      0.8864400      0.8863800      0.8864600      0.8866700      0.8870300      0.8875200      0.8881500      0.8889300      0.8898500      0.8909000      0.8921000      0.8934300      0.8949100      0.8965200      0.8982800      0.9001700      0.9021900      0.9043500      0.9066400      0.9090600      0.9116100      0.9142800      0.9170800      0.9200000    
  0.8917770      0.8916300      0.8903770      0.8890400      0.8878720      0.8864400      0.8864100      0.8864270      0.8858670      0.8839600      0.8842300      0.8846400      0.8852000      0.8858900      0.8867300      0.8877100      0.8888300      0.8900900      0.8915000      0.8930400      0.8947200      0.8965400      0.8985000      0.9006000      0.9028300      0.9051900      0.9076800      0.9103000      0.9130400      0.9159100    
  0.8916300      0.8903490      0.8890400      0.8877840      0.8864400      0.8864250      0.8864260      0.8856660      0.8839600      0.8840950      0.8827160      0.8817900      0.8822600      0.8828800      0.8836400      0.8845400      0.8855900      0.8867800      0.8881100      0.8895800      0.8912000      0.8929500      0.8948500      0.8968800      0.8990500      0.9013500      0.9037800      0.9063500      0.9090400      0.9118500    
  0.8903400      0.8890400      0.8877550      0.8864400      0.8864330      0.8864300      0.8856190      0.8839600      0.8840270      0.8820210      0.8803750      0.8789600      0.8793600      0.8798900      0.8805800      0.8814000      0.8823700      0.8834900      0.8847500      0.8861600      0.8877000      0.8893900      0.8912200      0.8931900      0.8953000      0.8975500      0.8999200      0.9024300      0.9050700      0.9078400    
  0.8890400      0.8877450      0.8864400      0.8864360      0.8864340      0.8856100      0.8839600      0.8839940      0.8817270      0.8796680      0.8789600      0.8791600      0.8787880      0.8769400      0.8775400      0.8782900      0.8791900      0.8802300      0.8814200      0.8827600      0.8842400      0.8858600      0.8876300      0.8895400      0.8915900      0.8937800      0.8961000      0.8985600      0.9011400      0.9038600    
  0.8877420      0.8864400      0.8864380      0.8864370      0.8856100      0.8839600      0.8839770      0.8815910      0.8793140      0.8789600      0.8790600      0.8784620      0.8769400      0.8772400      0.8775900      0.8783400      0.8792370      0.8802800      0.8799760      0.8794000      0.8808100      0.8823700      0.8840800      0.8859200      0.8879200      0.8900500      0.8923200      0.8947200      0.8972600      0.8999200    
  0.8864400      0.8864390      0.8864380      0.8856110      0.8839600      0.8839680      0.8815250      0.8791370      0.8789600      0.8790100      0.8783560      0.8769400      0.8770900      0.8772570      0.8777230      0.8783890      0.8792860      0.8786600      0.8777350      0.8760700      0.8774100      0.8789100      0.8805500      0.8823400      0.8842800      0.8863500      0.8885700      0.8909200      0.8934100      0.8960300    
  0.8864400      0.8864390      0.8856120      0.8839600      0.8839640      0.8814920      0.8790480      0.8789600      0.8789850      0.8783160      0.8769400      0.8770150      0.8770960      0.8773570      0.8777900      0.8784660      0.8778610      0.8769030      0.8760700      0.8758430      0.8740500      0.8754900      0.8770700      0.8788000      0.8806800      0.8827000      0.8848600      0.8871600      0.8896000      0.8921700    
  0.8864400      0.8856130      0.8839600      0.8839620      0.8814760      0.8790040      0.8789600      0.8789730      0.8783000      0.8769400      0.8769780      0.8770170      0.8771560      0.8774140      0.8778710      0.8754160      0.8764860      0.8760700      0.8721220      0.8707500      0.8715700      0.8721000      0.8736200      0.8753000      0.8771200      0.8790800      0.8812000      0.8834500      0.8858400      0.8883700    
  0.8856130      0.8839600      0.8839610      0.8814680      0.8789820      0.8789600      0.8789660      0.8782930      0.8769400      0.8769590      0.8769780      0.8770500      0.8771950      0.8706500      0.8673650      0.8664870      0.8664750      0.8667460      0.8669310      0.8658250      0.8674500      0.8687600      0.8702200      0.8718300      0.8736000      0.8755100      0.8775700      0.8797800      0.8821200      0.8846000    
  0.8839600      0.8839610      0.8814640      0.8789710      0.8789600      0.8789630      0.8782900      0.8769400      0.8769490      0.8769590      0.8769960      0.8770750      0.8649890      0.8500700      0.8501600      0.8568450      0.8564990      0.8568800      0.8617250      0.8642170      0.8642000      0.8654500      0.8668500      0.8684100      0.8701200      0.8719800      0.8740000      0.8761500      0.8784500      0.8808900    
  0.8839600      0.8814620      0.8789660      0.8789600      0.8789620      0.8782880      0.8769400      0.8769450      0.8769490      0.8769680      0.8627460      0.8413500      0.8470890      0.8499800      0.8499790      0.8501600      0.8542470      0.8561170      0.8568800      0.8599800      0.8610000      0.8621900      0.8635300      0.8650300      0.8666900      0.8685000      0.8704700      0.8725800      0.8748300      0.8772300    
  0.8814610      0.8789630      0.8789600      0.8789610      0.8782870      0.8769400      0.8769420      0.8769450      0.8769540      0.8598730      0.8413500      0.8413500      0.8413500      0.8469560      0.8497990      0.8497990      0.8501600      0.8538300      0.8553550      0.8568800      0.8578400      0.8589700      0.8602500      0.8617000      0.8633100      0.8650700      0.8669800      0.8690500      0.8712600      0.8736100    
  0.8789610      0.8789600      0.8789600      0.8782870      0.8769400      0.8769410      0.8769420      0.8649430      0.8535390      0.8413430      0.8413500      0.8413500      0.8413500      0.8413500      0.8466950      0.8494390      0.8494370      0.8501600      0.8529250      0.8538300      0.8547300      0.8557900      0.8570200      0.8584200      0.8599700      0.8616800      0.8635500      0.8655700      0.8677400      0.8700600    
  0.8789600      0.8789600      0.8782870      0.8769400      0.8769410      0.8570320      0.8271700      0.8280500      0.8289300      0.8371910      0.8413290      0.8413500      0.8413500      0.8413500      0.8413500      0.8461910      0.8487210      0.8487150      0.8501600      0.8508300      0.8516600      0.8526700      0.8538400      0.8551800      0.8566800      0.8583500      0.8601700      0.8621500      0.8642800      0.8665500    
  0.8789600      0.8782870      0.8769400      0.8769400      0.8530470      0.8271660      0.8271660      0.8271700      0.8280500      0.8289300      0.8371550      0.8412870      0.8413500      0.8413500      0.8413500      0.8413500      0.8452570      0.8472870      0.8472700      0.8478700      0.8486500      0.8496000      0.8507100      0.8520000      0.8534500      0.8550700      0.8568500      0.8587800      0.8608700      0.8631100    
