iMOD/TUTORIALS/TUT_MetaswapAnalyser/model_MetaSWAP/meteo/Evaporation/Evaporation_20051211_L1.ASC
NCOLS                30
NROWS                30
XLLCORNER     160000.00
YLLCORNER     340000.00
CELLSIZE        1000.00
NODATA_VALUE   -9999.00
  0.2560900      0.2541300      0.2521600      0.2501800      0.2482000      0.2462000      0.2442100      0.2422200      0.2402200      0.2382300      0.2362400      0.2342600      0.2322900      0.2303200      0.2283700      0.2264200      0.2244900      0.2225700      0.2206700      0.2187800      0.2169000      0.2150500      0.2132100      0.2113800      0.2095800      0.2078000      0.2060300      0.2042900      0.2025600      0.2008600    
  0.2574400      0.2554700      0.2534900      0.2515100      0.2495200      0.2475200      0.2455300      0.2435300      0.2415300      0.2395300      0.2375400      0.2355600      0.2335800      0.2316100      0.2296500      0.2277000      0.2257700      0.2238400      0.2219300      0.2200400      0.2181600      0.2163000      0.2144500      0.2126300      0.2108200      0.2090300      0.2072600      0.2055100      0.2037800      0.2020700    
  0.2587600      0.2567800      0.2548000      0.2528100      0.2508200      0.2488200      0.2468200      0.2448100      0.2428100      0.2408100      0.2388200      0.2368300      0.2348500      0.2328800      0.2309100      0.2289600      0.2270200      0.2250900      0.2231800      0.2212800      0.2194000      0.2175300      0.2156800      0.2138500      0.2120400      0.2102500      0.2084800      0.2067200      0.2049900      0.2032800    
  0.2600600      0.2580800      0.2560900      0.2541000      0.2521000      0.2500900      0.2480900      0.2460800      0.2440700      0.2420700      0.2400700      0.2380800      0.2361000      0.2341200      0.2321500      0.2302000      0.2282500      0.2263200      0.2244100      0.2225000      0.2206200      0.2187500      0.2169000      0.2150600      0.2132500      0.2114500      0.2096700      0.2079100      0.2061800      0.2044600    
  0.2613400      0.2593500      0.2573600      0.2553600      0.2533500      0.2513400      0.2493300      0.2473200      0.2453200      0.2433100      0.2413100      0.2393100      0.2373200      0.2353400      0.2333700      0.2314100      0.2294700      0.2275300      0.2256100      0.2237100      0.2218200      0.2199500      0.2180900      0.2162500      0.2144300      0.2126300      0.2108500      0.2090900      0.2073500      0.2056300    
  0.2626000      0.2606000      0.2586000      0.2566000      0.2545900      0.2525800      0.2505600      0.2485500      0.2465400      0.2445300      0.2425200      0.2405200      0.2385300      0.2365500      0.2345700      0.2326100      0.2306600      0.2287200      0.2268000      0.2248900      0.2230000      0.2211200      0.2192700      0.2174300      0.2156000      0.2138000      0.2120200      0.2102500      0.2085100      0.2067900    
  0.2638400      0.2618400      0.2598300      0.2578200      0.2558100      0.2537900      0.2517700      0.2497500      0.2477400      0.2457300      0.2437200      0.2417100      0.2397200      0.2377300      0.2357600      0.2337900      0.2318400      0.2299000      0.2279700      0.2260600      0.2241600      0.2222900      0.2204200      0.2185800      0.2167600      0.2149500      0.2131600      0.2114000      0.2096500      0.2079300    
  0.2650600      0.2630600      0.2610500      0.2590300      0.2570100      0.2549900      0.2529600      0.2509400      0.2489200      0.2469100      0.2448900      0.2428900      0.2408900      0.2389000      0.2369200      0.2349500      0.2330000      0.2310500      0.2291200      0.2272100      0.2253100      0.2234300      0.2215700      0.2197200      0.2178900      0.2160900      0.2143000      0.2125300      0.2107800      0.2090500    
  0.2662700      0.2642600      0.2622400      0.2602200      0.2581900      0.2561700      0.2541400      0.2521100      0.2500900      0.2480700      0.2460500      0.2440400      0.2420400      0.2400500      0.2380700      0.2361000      0.2341400      0.2321900      0.2302600      0.2283400      0.2264400      0.2245600      0.2226900      0.2208500      0.2190200      0.2172100      0.2154200      0.2136400      0.2118900      0.2101600    
  0.2674600      0.2654400      0.2634200      0.2613900      0.2593600      0.2573300      0.2553000      0.2532700      0.2512400      0.2492100      0.2471900      0.2451800      0.2431800      0.2411800      0.2392000      0.2372200      0.2352600      0.2333100      0.2313800      0.2294600      0.2275600      0.2256700      0.2238100      0.2219600      0.2201200      0.2183100      0.2165200      0.2147500      0.2130000      0.2112600    
  0.2674570      0.2654400      0.2632000      0.2625500      0.2605100      0.2584800      0.2564400      0.2544000      0.2523700      0.2503400      0.2483200      0.2463100      0.2443000      0.2423000      0.2403100      0.2383300      0.2363700      0.2344200      0.2324800      0.2305600      0.2286600      0.2267700      0.2249000      0.2230500      0.2212200      0.2194000      0.2176100      0.2158400      0.2140800      0.2123500    
  0.2674560      0.2646620      0.2625500      0.2618700      0.2616500      0.2596100      0.2575700      0.2555300      0.2534900      0.2514600      0.2494300      0.2474100      0.2454000      0.2434000      0.2414100      0.2394300      0.2374700      0.2355100      0.2335700      0.2316500      0.2297500      0.2278600      0.2259800      0.2241300      0.2223000      0.2204800      0.2186900      0.2169100      0.2151600      0.2134300    
  0.2660340      0.2625500      0.2623500      0.2622100      0.2627700      0.2607300      0.2586800      0.2566400      0.2546000      0.2525600      0.2505300      0.2485100      0.2464900      0.2444900      0.2425000      0.2405100      0.2385500      0.2365900      0.2346500      0.2327300      0.2308200      0.2289300      0.2270500      0.2252000      0.2233600      0.2215500      0.2197500      0.2179800      0.2162200      0.2144900    
  0.2625500      0.2625400      0.2624900      0.2627700      0.2617770      0.2618300      0.2597800      0.2577300      0.2556900      0.2536500      0.2516200      0.2495900      0.2475700      0.2455600      0.2435700      0.2415800      0.2396100      0.2376500      0.2357100      0.2337900      0.2318800      0.2299800      0.2281100      0.2262600      0.2244200      0.2226000      0.2208100      0.2190300      0.2172800      0.2155400    
  0.2626220      0.2626300      0.2627700      0.2621260      0.2618300      0.2608270      0.2608700      0.2588200      0.2567700      0.2547200      0.2526900      0.2506600      0.2486400      0.2466300      0.2446300      0.2426400      0.2406700      0.2387100      0.2367600      0.2348300      0.2329200      0.2310300      0.2291500      0.2273000      0.2254600      0.2236500      0.2218500      0.2200700      0.2183200      0.2165800    
  0.2627000      0.2627700      0.2622420      0.2618300      0.2611760      0.2608700      0.2598450      0.2588200      0.2565250      0.2557900      0.2537500      0.2517100      0.2496900      0.2476800      0.2456700      0.2436800      0.2417100      0.2397500      0.2378000      0.2358700      0.2339600      0.2320600      0.2301900      0.2283300      0.2264900      0.2246800      0.2228800      0.2211000      0.2193500      0.2176200    
  0.2627700      0.2622810      0.2618300      0.2612920      0.2608700      0.2603570      0.2598450      0.2577450      0.2557900      0.2547700      0.2535600      0.2527600      0.2507300      0.2487100      0.2467100      0.2447200      0.2427400      0.2407700      0.2388300      0.2369000      0.2349800      0.2330900      0.2312100      0.2293500      0.2275200      0.2257000      0.2239000      0.2221300      0.2203700      0.2186400    
  0.2622940      0.2618300      0.2613310      0.2608700      0.2606140      0.2603570      0.2584340      0.2557900      0.2552800      0.2542370      0.2532750      0.2537900      0.2517600      0.2497400      0.2477300      0.2457400      0.2437600      0.2417900      0.2398400      0.2379100      0.2360000      0.2341000      0.2322200      0.2303600      0.2285300      0.2267100      0.2249100      0.2231400      0.2213900      0.2196500    
  0.2618300      0.2613440      0.2608700      0.2607420      0.2606140      0.2587990      0.2557900      0.2555350      0.2545260      0.2535320      0.2537900      0.2527750      0.2515120      0.2507600      0.2487500      0.2467500      0.2447700      0.2428000      0.2408500      0.2389200      0.2370000      0.2351000      0.2332200      0.2313700      0.2295300      0.2277100      0.2259200      0.2241400      0.2223900      0.2206600    
  0.2613480      0.2608700      0.2608060      0.2607420      0.2589860      0.2557900      0.2556630      0.2546600      0.2536610      0.2537900      0.2532820      0.2522090      0.2507600      0.2497550      0.2487530      0.2467570      0.2447730      0.2428070      0.2406760      0.2399100      0.2379900      0.2361000      0.2342200      0.2323600      0.2305200      0.2287100      0.2269100      0.2251400      0.2233900      0.2216600    
  0.2608700      0.2608380      0.2608060      0.2590810      0.2557900      0.2557260      0.2547260      0.2537260      0.2537900      0.2535360      0.2525100      0.2507600      0.2502570      0.2497560      0.2484220      0.2467610      0.2447790      0.2419120      0.2404050      0.2409000      0.2389800      0.2370800      0.2352000      0.2333500      0.2315100      0.2296900      0.2279000      0.2261300      0.2243800      0.2226500    
  0.2608540      0.2608380      0.2591290      0.2557900      0.2557580      0.2547580      0.2537580      0.2537900      0.2536630      0.2526490      0.2507600      0.2505090      0.2502580      0.2494780      0.2483130      0.2466540      0.2430010      0.2406530      0.2409000      0.2399470      0.2399600      0.2380600      0.2361800      0.2343200      0.2324900      0.2306700      0.2288800      0.2271100      0.2253600      0.2236400    
  0.2608540      0.2591530      0.2557900      0.2557740      0.2547740      0.2537740      0.2537900      0.2537270      0.2527160      0.2507600      0.2506340      0.2505090      0.2500820      0.2493500      0.2481480      0.2445080      0.2407760      0.2409000      0.2410390      0.2409300      0.2397900      0.2390300      0.2371500      0.2353000      0.2334600      0.2316500      0.2298600      0.2280900      0.2263400      0.2246200    
  0.2591650      0.2557900      0.2557820      0.2547820      0.2537820      0.2537900      0.2537580      0.2527480      0.2507600      0.2506970      0.2506340      0.2504080      0.2499800      0.2495300      0.2472740      0.2437930      0.2437950      0.2429600      0.2420560      0.2423800      0.2419000      0.2400000      0.2381200      0.2362600      0.2344300      0.2326100      0.2308200      0.2290600      0.2273100      0.2255900    
  0.2557900      0.2557860      0.2547860      0.2537860      0.2537900      0.2537740      0.2527640      0.2507600      0.2507290      0.2506970      0.2505800      0.2503410      0.2502170      0.2505700      0.2505400      0.2473080      0.2468090      0.2466900      0.2441150      0.2428570      0.2428600      0.2409600      0.2390800      0.2372200      0.2353900      0.2335800      0.2317900      0.2300200      0.2282800      0.2265600    
  0.2557880      0.2547880      0.2537880      0.2537900      0.2537820      0.2527720      0.2507600      0.2507440      0.2507290      0.2506690      0.2524680      0.2553600      0.2521910      0.2505990      0.2505990      0.2505400      0.2480870      0.2469270      0.2466900      0.2445320      0.2438100      0.2419100      0.2400300      0.2381800      0.2363500      0.2345400      0.2327500      0.2309900      0.2292500      0.2275300    
  0.2547890      0.2537890      0.2537900      0.2537860      0.2527760      0.2507600      0.2507520      0.2507440      0.2507140      0.2529170      0.2553600      0.2553600      0.2553600      0.2522340      0.2506590      0.2506590      0.2505400      0.2481900      0.2471650      0.2466900      0.2447700      0.2428700      0.2409900      0.2391300      0.2373000      0.2354900      0.2337100      0.2319500      0.2302100      0.2285000    
  0.2537890      0.2537900      0.2537880      0.2527780      0.2507600      0.2507560      0.2507520      0.2535980      0.2549260      0.2553630      0.2553600      0.2553600      0.2553600      0.2553600      0.2523180      0.2507770      0.2507770      0.2505400      0.2483650      0.2476400      0.2457200      0.2438100      0.2419400      0.2400800      0.2382500      0.2364400      0.2346600      0.2329000      0.2311700      0.2294600    
  0.2537900      0.2537890      0.2527790      0.2507600      0.2507580      0.2565380      0.2652100      0.2636950      0.2621800      0.2576410      0.2553680      0.2553600      0.2553600      0.2553600      0.2553600      0.2524770      0.2510140      0.2510150      0.2505400      0.2485900      0.2466600      0.2447600      0.2428800      0.2410300      0.2392000      0.2373900      0.2356200      0.2338600      0.2321300      0.2304200    
  0.2537890      0.2527790      0.2507600      0.2507590      0.2576970      0.2652120      0.2652120      0.2652100      0.2636950      0.2621800      0.2576540      0.2553840      0.2553600      0.2553600      0.2553600      0.2553600      0.2527570      0.2514870      0.2514900      0.2495300      0.2476100      0.2457100      0.2438300      0.2419700      0.2401500      0.2383400      0.2365700      0.2348200      0.2330900      0.2313900    
