iMOD/TUTORIALS/TUT_MetaswapAnalyser/model_MetaSWAP/meteo/Evaporation/Evaporation_20051027_L1.ASC
NCOLS                30
NROWS                30
XLLCORNER     160000.00
YLLCORNER     340000.00
CELLSIZE        1000.00
NODATA_VALUE   -9999.00
   1.400720       1.400430       1.400130       1.399820       1.399510       1.399190       1.398870       1.398540       1.398210       1.397870       1.397540       1.397200       1.396850       1.396510       1.396160       1.395810       1.395460       1.395100       1.394750       1.394390       1.394040       1.393680       1.393320       1.392960       1.392610       1.392250       1.391890       1.391530       1.391180       1.390820    
   1.401390       1.401090       1.400790       1.400480       1.400170       1.399850       1.399520       1.399200       1.398870       1.398530       1.398190       1.397850       1.397510       1.397160       1.396810       1.396460       1.396110       1.395760       1.395400       1.395050       1.394690       1.394330       1.393980       1.393620       1.393260       1.392900       1.392540       1.392190       1.391830       1.391470    
   1.402060       1.401760       1.401450       1.401140       1.400820       1.400500       1.400180       1.399850       1.399520       1.399180       1.398850       1.398500       1.398160       1.397810       1.397470       1.397120       1.396760       1.396410       1.396060       1.395700       1.395340       1.394990       1.394630       1.394270       1.393910       1.393560       1.393200       1.392840       1.392480       1.392130    
   1.402720       1.402420       1.402110       1.401800       1.401480       1.401160       1.400840       1.400510       1.400170       1.399840       1.399500       1.399160       1.398810       1.398470       1.398120       1.397770       1.397410       1.397060       1.396710       1.396350       1.395990       1.395640       1.395280       1.394920       1.394560       1.394210       1.393850       1.393490       1.393130       1.392780    
   1.403390       1.403080       1.402770       1.402460       1.402140       1.401820       1.401490       1.401160       1.400830       1.400490       1.400150       1.399810       1.399460       1.399120       1.398770       1.398420       1.398060       1.397710       1.397360       1.397000       1.396640       1.396290       1.395930       1.395570       1.395210       1.394860       1.394500       1.394140       1.393780       1.393430    
   1.404050       1.403740       1.403430       1.403120       1.402800       1.402470       1.402140       1.401810       1.401480       1.401140       1.400800       1.400460       1.400110       1.399760       1.399420       1.399060       1.398710       1.398360       1.398000       1.397650       1.397290       1.396930       1.396580       1.396220       1.395860       1.395500       1.395150       1.394790       1.394430       1.394070    
   1.404720       1.404410       1.404090       1.403770       1.403450       1.403130       1.402800       1.402460       1.402130       1.401790       1.401450       1.401110       1.400760       1.400410       1.400060       1.399710       1.399360       1.399000       1.398650       1.398290       1.397940       1.397580       1.397220       1.396870       1.396510       1.396150       1.395790       1.395440       1.395080       1.394720    
   1.405380       1.405070       1.404750       1.404430       1.404110       1.403780       1.403450       1.403120       1.402780       1.402440       1.402100       1.401750       1.401410       1.401060       1.400710       1.400360       1.400000       1.399650       1.399300       1.398940       1.398580       1.398230       1.397870       1.397510       1.397150       1.396800       1.396440       1.396080       1.395720       1.395370    
   1.406050       1.405730       1.405410       1.405090       1.404760       1.404430       1.404100       1.403770       1.403430       1.403090       1.402750       1.402400       1.402050       1.401710       1.401350       1.401000       1.400650       1.400300       1.399940       1.399580       1.399230       1.398870       1.398510       1.398160       1.397800       1.397440       1.397080       1.396730       1.396370       1.396010    
   1.406710       1.406390       1.406070       1.405750       1.405420       1.405090       1.404750       1.404420       1.404080       1.403740       1.403390       1.403050       1.402700       1.402350       1.402000       1.401650       1.401290       1.400940       1.400580       1.400230       1.399870       1.399510       1.399160       1.398800       1.398440       1.398080       1.397730       1.397370       1.397010       1.396660    
   1.406710       1.406390       1.406150       1.406410       1.406080       1.405740       1.405410       1.405070       1.404730       1.404390       1.404040       1.403690       1.403350       1.403000       1.402640       1.402290       1.401940       1.401580       1.401230       1.400870       1.400510       1.400160       1.399800       1.399440       1.399080       1.398730       1.398370       1.398010       1.397660       1.397300    
   1.406710       1.406420       1.406410       1.406650       1.406730       1.406400       1.406060       1.405720       1.405380       1.405030       1.404690       1.404340       1.403990       1.403640       1.403290       1.402930       1.402580       1.402220       1.401870       1.401510       1.401160       1.400800       1.400440       1.400080       1.399730       1.399370       1.399010       1.398650       1.398300       1.397940    
   1.406640       1.406410       1.406880       1.407060       1.407390       1.407050       1.406710       1.406370       1.406030       1.405680       1.405340       1.404990       1.404640       1.404280       1.403930       1.403580       1.403220       1.402870       1.402510       1.402150       1.401800       1.401440       1.401080       1.400720       1.400370       1.400010       1.399650       1.399300       1.398940       1.398580    
   1.406410       1.406980       1.407230       1.407390       1.407380       1.407710       1.407370       1.407020       1.406680       1.406330       1.405980       1.405630       1.405280       1.404930       1.404580       1.404220       1.403870       1.403510       1.403150       1.402790       1.402440       1.402080       1.401720       1.401360       1.401010       1.400650       1.400290       1.399940       1.399580       1.399230    
   1.407020       1.407310       1.407390       1.407490       1.407710       1.407700       1.408020       1.407680       1.407330       1.406980       1.406630       1.406280       1.405930       1.405570       1.405220       1.404860       1.404510       1.404150       1.403790       1.403440       1.403080       1.402720       1.402360       1.402000       1.401650       1.401290       1.400930       1.400580       1.400220       1.399870    
   1.407350       1.407390       1.407530       1.407710       1.407810       1.408020       1.407850       1.407680       1.407410       1.407630       1.407280       1.406930       1.406570       1.406220       1.405860       1.405510       1.405150       1.404790       1.404430       1.404080       1.403720       1.403360       1.403000       1.402640       1.402290       1.401930       1.401570       1.401220       1.400860       1.400510    
   1.407390       1.407540       1.407710       1.407850       1.408020       1.407940       1.407850       1.407640       1.407630       1.407450       1.407530       1.407570       1.407220       1.406860       1.406510       1.406150       1.405790       1.405430       1.405080       1.404720       1.404360       1.404000       1.403640       1.403280       1.402930       1.402570       1.402210       1.401860       1.401500       1.401150    
   1.407550       1.407710       1.407860       1.408020       1.407980       1.407930       1.407760       1.407630       1.407540       1.407750       1.407900       1.408220       1.407860       1.407510       1.407150       1.406790       1.406430       1.406080       1.405720       1.405360       1.405000       1.404640       1.404280       1.403920       1.403570       1.403210       1.402850       1.402500       1.402140       1.401790    
   1.407710       1.407860       1.408020       1.408000       1.407980       1.407830       1.407630       1.407590       1.407840       1.408060       1.408220       1.408040       1.407940       1.408150       1.407800       1.407440       1.407080       1.406720       1.406360       1.406000       1.405640       1.405280       1.404920       1.404560       1.404210       1.403850       1.403490       1.403140       1.402780       1.402430    
   1.407860       1.408020       1.408010       1.408000       1.407860       1.407630       1.407610       1.407880       1.408140       1.408220       1.408130       1.408090       1.408150       1.407970       1.407800       1.407440       1.407080       1.406720       1.406600       1.406640       1.406280       1.405920       1.405560       1.405200       1.404850       1.404490       1.404130       1.403780       1.403420       1.403070    
   1.408020       1.408010       1.408010       1.407870       1.407630       1.407620       1.407900       1.408180       1.408220       1.408170       1.408150       1.408150       1.408060       1.407970       1.407740       1.407440       1.407080       1.406930       1.406960       1.407280       1.406920       1.406560       1.406200       1.405840       1.405490       1.405130       1.404770       1.404420       1.404060       1.403710    
   1.408020       1.408010       1.407880       1.407630       1.407620       1.407910       1.408200       1.408220       1.408200       1.408170       1.408150       1.408110       1.408060       1.407920       1.407720       1.407420       1.407170       1.407120       1.407280       1.407250       1.407560       1.407200       1.406840       1.406480       1.406130       1.405770       1.405410       1.405060       1.404700       1.404350    
   1.408020       1.407890       1.407630       1.407630       1.407920       1.408210       1.408220       1.408210       1.408190       1.408150       1.408130       1.408110       1.408030       1.407900       1.407690       1.407740       1.407200       1.407280       1.407980       1.408210       1.407990       1.407840       1.407480       1.407130       1.406770       1.406410       1.406050       1.405700       1.405340       1.404990    
   1.407890       1.407630       1.407630       1.407920       1.408220       1.408220       1.408210       1.408190       1.408150       1.408140       1.408130       1.408090       1.408010       1.409100       1.409430       1.409210       1.409210       1.409080       1.408950       1.409170       1.408850       1.408490       1.408130       1.407770       1.407410       1.407050       1.406690       1.406340       1.405980       1.405630    
   1.407630       1.407630       1.407920       1.408220       1.408220       1.408220       1.408190       1.408150       1.408140       1.408140       1.408120       1.408080       1.410170       1.412820       1.412800       1.411250       1.411220       1.411140       1.410050       1.409490       1.409490       1.409130       1.408770       1.408410       1.408050       1.407690       1.407330       1.406980       1.406630       1.406270    
   1.407630       1.407920       1.408220       1.408220       1.408220       1.408200       1.408150       1.408150       1.408140       1.408130       1.410910       1.415120       1.413600       1.412840       1.412840       1.412800       1.411780       1.411300       1.411140       1.410390       1.410130       1.409770       1.409410       1.409050       1.408690       1.408330       1.407980       1.407620       1.407270       1.406910    
   1.407920       1.408220       1.408220       1.408220       1.408200       1.408150       1.408150       1.408150       1.408140       1.411490       1.415120       1.415120       1.415120       1.413630       1.412880       1.412880       1.412800       1.411860       1.411460       1.411140       1.410780       1.410420       1.410050       1.409690       1.409330       1.408980       1.408620       1.408260       1.407910       1.407560    
   1.408220       1.408220       1.408220       1.408200       1.408150       1.408150       1.408150       1.410810       1.413010       1.415120       1.415120       1.415120       1.415120       1.415120       1.413690       1.412960       1.412960       1.412800       1.412040       1.411790       1.411420       1.411060       1.410700       1.410340       1.409980       1.409620       1.409260       1.408910       1.408550       1.408200    
   1.408220       1.408220       1.408200       1.408150       1.408150       1.412820       1.419830       1.419310       1.418790       1.416350       1.415130       1.415120       1.415120       1.415120       1.415120       1.413810       1.413130       1.413130       1.412800       1.412440       1.412070       1.411710       1.411340       1.410980       1.410620       1.410260       1.409910       1.409550       1.409200       1.408840    
   1.408220       1.408200       1.408150       1.408150       1.413760       1.419830       1.419830       1.419830       1.419310       1.418790       1.416360       1.415140       1.415120       1.415120       1.415120       1.415120       1.414010       1.413450       1.413450       1.413080       1.412720       1.412350       1.411990       1.411630       1.411270       1.410910       1.410550       1.410200       1.409840       1.409490    
