iMOD/TUTORIALS/TUT_MetaswapAnalyser/model_MetaSWAP/meteo/Evaporation/Evaporation_20060228_L1.ASC
NCOLS                30
NROWS                30
XLLCORNER     160000.00
YLLCORNER     340000.00
CELLSIZE        1000.00
NODATA_VALUE   -9999.00
  0.3454400      0.3436500      0.3418400      0.3400000      0.3381500      0.3362800      0.3343900      0.3324800      0.3305400      0.3286000      0.3266300      0.3246400      0.3226400      0.3206200      0.3185900      0.3165400      0.3144700      0.3123900      0.3102900      0.3081900      0.3060600      0.3039300      0.3017800      0.2996200      0.2974400      0.2952600      0.2930600      0.2908600      0.2886400      0.2864100    
  0.3433500      0.3415600      0.3397500      0.3379200      0.3360700      0.3342000      0.3323100      0.3304000      0.3284800      0.3265300      0.3245700      0.3225900      0.3205900      0.3185800      0.3165400      0.3145000      0.3124400      0.3103600      0.3082700      0.3061700      0.3040500      0.3019200      0.2997700      0.2976200      0.2954500      0.2932700      0.2910800      0.2888800      0.2866700      0.2844500    
  0.3412600      0.3394700      0.3376700      0.3358400      0.3339900      0.3321200      0.3302400      0.3283300      0.3264100      0.3244600      0.3225000      0.3205300      0.3185300      0.3165200      0.3145000      0.3124600      0.3104000      0.3083300      0.3062400      0.3041400      0.3020300      0.2999000      0.2977700      0.2956100      0.2934500      0.2912800      0.2890900      0.2869000      0.2846900      0.2824700    
  0.3391700      0.3373900      0.3355800      0.3337500      0.3319100      0.3300400      0.3281600      0.3262500      0.3243300      0.3223900      0.3204400      0.3184600      0.3164700      0.3144700      0.3124500      0.3104100      0.3083600      0.3062900      0.3042100      0.3021200      0.3000100      0.2978900      0.2957500      0.2936100      0.2914500      0.2892800      0.2871000      0.2849100      0.2827100      0.2805000    
  0.3370800      0.3353000      0.3334900      0.3316600      0.3298200      0.3279600      0.3260700      0.3241700      0.3222600      0.3203200      0.3183700      0.3164000      0.3144100      0.3124100      0.3103900      0.3083600      0.3063100      0.3042500      0.3021700      0.3000800      0.2979800      0.2958600      0.2937400      0.2915900      0.2894400      0.2872800      0.2851000      0.2829200      0.2807200      0.2785200    
  0.3349900      0.3332000      0.3314000      0.3295700      0.3277300      0.3258700      0.3239900      0.3220900      0.3201800      0.3182400      0.3163000      0.3143300      0.3123500      0.3103500      0.3083400      0.3063100      0.3042600      0.3022100      0.3001300      0.2980500      0.2959500      0.2938400      0.2917100      0.2895800      0.2874300      0.2852700      0.2831000      0.2809200      0.2787300      0.2765300    
  0.3329000      0.3311100      0.3293100      0.3274800      0.3256400      0.3237800      0.3219000      0.3200100      0.3181000      0.3161700      0.3142200      0.3122600      0.3102800      0.3082800      0.3062700      0.3042500      0.3022100      0.3001600      0.2980900      0.2960100      0.2939200      0.2918100      0.2896900      0.2875600      0.2854200      0.2832600      0.2811000      0.2789200      0.2767400      0.2745400    
  0.3308000      0.3290200      0.3272100      0.3253900      0.3235500      0.3216900      0.3198200      0.3179200      0.3160100      0.3140900      0.3121400      0.3101800      0.3082100      0.3062200      0.3042100      0.3021900      0.3001500      0.2981100      0.2960400      0.2939700      0.2918800      0.2897800      0.2876600      0.2855400      0.2834000      0.2812500      0.2790900      0.2769200      0.2747400      0.2725500    
  0.3287100      0.3269200      0.3251200      0.3233000      0.3214600      0.3196000      0.3177300      0.3158400      0.3139300      0.3120000      0.3100600      0.3081100      0.3061300      0.3041500      0.3021400      0.3001300      0.2981000      0.2960500      0.2939900      0.2919200      0.2898400      0.2877400      0.2856300      0.2835100      0.2813700      0.2792300      0.2770800      0.2749100      0.2727400      0.2705500    
  0.3266100      0.3248300      0.3230200      0.3212000      0.3193600      0.3175100      0.3156400      0.3137500      0.3118400      0.3099200      0.3079800      0.3060300      0.3040600      0.3020700      0.3000800      0.2980600      0.2960400      0.2939900      0.2919400      0.2898700      0.2877900      0.2857000      0.2835900      0.2814800      0.2793500      0.2772100      0.2750600      0.2729000      0.2707300      0.2685500    
  0.3266070      0.3248200      0.3220400      0.3191100      0.3172700      0.3154100      0.3135400      0.3116600      0.3097500      0.3078300      0.3059000      0.3039500      0.3019800      0.3000000      0.2980100      0.2960000      0.2939700      0.2919300      0.2898800      0.2878200      0.2857400      0.2836600      0.2815600      0.2794400      0.2773200      0.2751800      0.2730400      0.2708800      0.2687200      0.2665400    
  0.3266000      0.3231440      0.3191100      0.3161580      0.3151700      0.3133200      0.3114500      0.3095600      0.3076600      0.3057500      0.3038100      0.3018600      0.2999000      0.2979200      0.2959300      0.2939300      0.2919100      0.2898700      0.2878300      0.2857700      0.2836900      0.2816100      0.2795100      0.2774100      0.2752900      0.2731600      0.2710200      0.2688600      0.2667000      0.2645300    
  0.3243060      0.3191100      0.3156180      0.3141250      0.3130800      0.3112200      0.3093600      0.3074700      0.3055700      0.3036600      0.3017300      0.2997800      0.2978200      0.2958500      0.2938600      0.2918500      0.2898400      0.2878100      0.2857700      0.2837100      0.2816400      0.2795600      0.2774700      0.2753700      0.2732500      0.2711300      0.2689900      0.2668400      0.2646900      0.2625200    
  0.3191100      0.3153530      0.3136030      0.3130800      0.3111430      0.3091300      0.3072600      0.3053800      0.3034800      0.3015700      0.2996400      0.2977000      0.2957400      0.2937700      0.2917800      0.2897800      0.2877700      0.2857400      0.2837000      0.2816500      0.2795900      0.2775100      0.2754200      0.2733200      0.2712100      0.2690900      0.2669600      0.2648200      0.2626700      0.2605000    
  0.3152210      0.3133410      0.3130800      0.3111180      0.3091300      0.3071870      0.3051700      0.3032800      0.3013900      0.2994800      0.2975500      0.2956100      0.2936500      0.2916900      0.2897000      0.2877100      0.2857000      0.2836700      0.2816400      0.2795900      0.2775300      0.2754600      0.2733700      0.2712800      0.2691700      0.2670500      0.2649300      0.2627900      0.2606400      0.2584900    
  0.3132110      0.3130800      0.3111090      0.3091300      0.3071620      0.3051700      0.3042250      0.3032800      0.3003820      0.2973800      0.2954600      0.2935200      0.2915700      0.2896000      0.2876200      0.2856300      0.2836200      0.2816000      0.2795700      0.2775300      0.2754700      0.2734000      0.2713200      0.2692300      0.2671300      0.2650100      0.2628900      0.2607600      0.2586200      0.2564600    
  0.3130800      0.3111060      0.3091300      0.3071540      0.3051700      0.3046980      0.3042250      0.3013170      0.2973800      0.2964200      0.2934260      0.2914300      0.2894800      0.2875200      0.2855400      0.2835500      0.2815500      0.2795300      0.2775000      0.2754600      0.2734100      0.2713400      0.2692700      0.2671800      0.2650800      0.2629700      0.2608500      0.2587300      0.2565900      0.2544400    
  0.3111050      0.3091300      0.3071510      0.3051700      0.3049340      0.3046980      0.3019050      0.2973800      0.2969000      0.2933900      0.2903850      0.2893400      0.2874000      0.2854300      0.2834600      0.2814700      0.2794700      0.2774600      0.2754300      0.2733900      0.2713400      0.2692800      0.2672100      0.2651300      0.2630300      0.2609300      0.2588100      0.2566900      0.2545500      0.2524100    
  0.3091300      0.3071500      0.3051700      0.3050520      0.3049340      0.3022290      0.2973800      0.2971400      0.2933750      0.2898630      0.2893400      0.2883700      0.2863800      0.2833500      0.2813800      0.2793900      0.2773900      0.2753800      0.2733600      0.2713200      0.2692800      0.2672200      0.2651500      0.2630700      0.2609800      0.2588800      0.2567700      0.2546500      0.2525200      0.2503800    
  0.3071500      0.3051700      0.3051110      0.3050520      0.3023990      0.2973800      0.2972600      0.2933670      0.2896010      0.2893400      0.2888550      0.2868600      0.2833500      0.2823650      0.2813730      0.2793870      0.2773870      0.2753770      0.2712980      0.2692500      0.2672100      0.2651600      0.2630900      0.2610200      0.2589300      0.2568300      0.2547300      0.2526100      0.2504800      0.2483500    
  0.3051700      0.3051400      0.3051110      0.3024850      0.2973800      0.2973200      0.2933640      0.2894710      0.2893400      0.2890970      0.2871010      0.2833500      0.2828570      0.2823630      0.2810420      0.2793820      0.2773830      0.2718910      0.2682150      0.2671800      0.2651400      0.2630900      0.2610300      0.2589600      0.2568800      0.2547800      0.2526800      0.2505700      0.2484400      0.2463100    
  0.3051550      0.3051400      0.3025290      0.2973800      0.2973500      0.2933620      0.2894050      0.2893400      0.2892190      0.2872220      0.2833500      0.2831040      0.2828570      0.2820870      0.2809290      0.2792690      0.2727070      0.2676980      0.2671800      0.2651300      0.2630700      0.2610300      0.2589700      0.2569000      0.2548200      0.2527300      0.2506300      0.2485200      0.2464000      0.2442800    
  0.3051550      0.3025510      0.2973800      0.2973650      0.2933610      0.2893730      0.2893400      0.2892790      0.2872830      0.2833500      0.2832270      0.2831030      0.2826830      0.2819580      0.2807620      0.2722600      0.2674390      0.2671800      0.2628010      0.2610000      0.2597760      0.2589600      0.2569000      0.2548400      0.2527600      0.2506800      0.2485800      0.2464700      0.2443600      0.2422400    
  0.3025620      0.2973800      0.2973730      0.2933600      0.2893560      0.2893400      0.2893100      0.2873130      0.2833500      0.2832880      0.2832270      0.2830040      0.2825810      0.2744950      0.2673250      0.2609550      0.2609550      0.2598720      0.2585840      0.2578950      0.2589300      0.2568900      0.2548400      0.2527700      0.2507000      0.2486200      0.2465300      0.2444300      0.2423100      0.2401900    
  0.2973800      0.2973760      0.2933600      0.2893480      0.2893400      0.2893250      0.2873280      0.2833500      0.2833190      0.2832880      0.2831730      0.2829370      0.2690090      0.2525150      0.2525800      0.2554340      0.2544700      0.2547300      0.2560630      0.2568570      0.2568600      0.2548200      0.2527700      0.2507100      0.2486400      0.2465600      0.2444700      0.2423800      0.2402700      0.2381500    
  0.2973780      0.2933600      0.2893440      0.2893400      0.2893320      0.2873360      0.2833500      0.2833350      0.2833190      0.2832600      0.2692080      0.2483200      0.2510630      0.2524500      0.2524500      0.2525800      0.2537320      0.2542100      0.2547300      0.2547700      0.2547800      0.2527500      0.2507000      0.2486400      0.2465800      0.2445000      0.2424200      0.2403200      0.2382200      0.2361100    
  0.2933600      0.2893420      0.2893400      0.2893360      0.2873400      0.2833500      0.2833420      0.2833350      0.2833050      0.2664850      0.2483200      0.2483200      0.2483200      0.2509660      0.2523200      0.2523200      0.2525800      0.2534080      0.2536900      0.2547300      0.2527100      0.2506700      0.2486300      0.2465800      0.2445200      0.2424400      0.2403600      0.2382700      0.2361700      0.2340600    
  0.2893410      0.2893400      0.2893380      0.2873410      0.2833500      0.2833460      0.2833420      0.2724650      0.2611350      0.2483140      0.2483200      0.2483200      0.2483200      0.2483200      0.2507760      0.2520600      0.2520600      0.2525800      0.2526320      0.2526500      0.2506300      0.2486000      0.2465600      0.2445100      0.2424500      0.2403800      0.2383000      0.2362100      0.2341200      0.2320100    
  0.2893400      0.2893390      0.2873420      0.2833500      0.2833480      0.2659070      0.2397500      0.2398150      0.2398800      0.2454910      0.2483030      0.2483200      0.2483200      0.2483200      0.2483200      0.2504020      0.2515400      0.2515400      0.2525800      0.2505700      0.2485500      0.2465300      0.2444900      0.2424400      0.2403800      0.2383200      0.2362400      0.2341600      0.2320600      0.2299600    
  0.2893400      0.2873430      0.2833500      0.2833490      0.2624180      0.2397460      0.2397460      0.2397500      0.2398150      0.2398800      0.2454620      0.2482690      0.2483200      0.2483200      0.2483200      0.2483200      0.2496880      0.2505000      0.2505000      0.2484900      0.2464800      0.2444500      0.2424200      0.2403700      0.2383200      0.2362500      0.2341800      0.2321000      0.2300100      0.2279100    
