iMOD/TUTORIALS/TUT_MetaswapAnalyser/model_MetaSWAP/meteo/Evaporation/Evaporation_20050405_L1.ASC
NCOLS                30
NROWS                30
XLLCORNER     160000.00
YLLCORNER     340000.00
CELLSIZE        1000.00
NODATA_VALUE   -9999.00
   2.195530       2.191610       2.187690       2.183770       2.179850       2.175940       2.172020       2.168110       2.164190       2.160280       2.156370       2.152470       2.148560       2.144660       2.140760       2.136870       2.132970       2.129090       2.125200       2.121330       2.117450       2.113590       2.109730       2.105880       2.102030       2.098190       2.094360       2.090550       2.086740       2.082940    
   2.193260       2.189340       2.185420       2.181500       2.177570       2.173650       2.169740       2.165820       2.161900       2.157990       2.154080       2.150170       2.146270       2.142370       2.138470       2.134570       2.130680       2.126800       2.122920       2.119040       2.115170       2.111310       2.107460       2.103610       2.099770       2.095940       2.092120       2.088300       2.084500       2.080710    
   2.190960       2.187040       2.183120       2.179190       2.175270       2.171350       2.167430       2.163510       2.159590       2.155680       2.151770       2.147860       2.143950       2.140050       2.136150       2.132260       2.128370       2.124490       2.120610       2.116740       2.112870       2.109020       2.105160       2.101320       2.097490       2.093660       2.089850       2.086040       2.082250       2.078460    
   2.188640       2.184710       2.180790       2.176870       2.172940       2.169020       2.165100       2.161180       2.157260       2.153350       2.149430       2.145520       2.141620       2.137720       2.133820       2.129930       2.126040       2.122160       2.118280       2.114410       2.110550       2.106700       2.102850       2.099010       2.095190       2.091370       2.087560       2.083760       2.079970       2.076190    
   2.186290       2.182360       2.178440       2.174520       2.170590       2.166670       2.162740       2.158820       2.154900       2.150990       2.147080       2.143170       2.139260       2.135360       2.131460       2.127570       2.123690       2.119810       2.115940       2.112070       2.108210       2.104360       2.100520       2.096690       2.092860       2.089050       2.085250       2.081460       2.077680       2.073910    
   2.183910       2.179990       2.176070       2.172140       2.168220       2.164290       2.160370       2.156450       2.152530       2.148610       2.144700       2.140790       2.136880       2.132980       2.129090       2.125200       2.121320       2.117440       2.113570       2.109710       2.105850       2.102010       2.098170       2.094340       2.090530       2.086720       2.082920       2.079140       2.075360       2.071600    
   2.181520       2.177600       2.173670       2.169750       2.165820       2.161900       2.157970       2.154050       2.150130       2.146210       2.142300       2.138390       2.134490       2.130590       2.126690       2.122800       2.118920       2.115050       2.111180       2.107320       2.103470       2.099630       2.095800       2.091980       2.088170       2.084370       2.080580       2.076800       2.073030       2.069280    
   2.179100       2.175180       2.171260       2.167330       2.163400       2.159480       2.155550       2.151630       2.147710       2.143800       2.139880       2.135970       2.132070       2.128170       2.124280       2.120390       2.116510       2.112640       2.108780       2.104920       2.101080       2.097240       2.093410       2.089600       2.085790       2.082000       2.078210       2.074440       2.070690       2.066940    
   2.176660       2.172740       2.168820       2.164890       2.160970       2.157040       2.153120       2.149190       2.145270       2.141360       2.137450       2.133540       2.129630       2.125740       2.121850       2.117960       2.114080       2.110220       2.106360       2.102500       2.098660       2.094830       2.091010       2.087200       2.083400       2.079610       2.075840       2.072070       2.068320       2.064590    
   2.174200       2.170280       2.166360       2.162440       2.158510       2.154580       2.150660       2.146740       2.142820       2.138900       2.134990       2.131080       2.127180       2.123280       2.119390       2.115510       2.111640       2.107770       2.103920       2.100070       2.096230       2.092400       2.088590       2.084780       2.080990       2.077210       2.073440       2.069680       2.065940       2.062210    
   2.174200       2.170280       2.164760       2.159960       2.156030       2.152110       2.148180       2.144260       2.140340       2.136430       2.132520       2.128610       2.124710       2.120810       2.116930       2.113050       2.109180       2.105310       2.101460       2.097620       2.093780       2.089960       2.086150       2.082350       2.078560       2.074790       2.071030       2.067280       2.063550       2.059830    
   2.174200       2.167300       2.159960       2.155140       2.153540       2.149620       2.145690       2.141770       2.137850       2.133940       2.130030       2.126120       2.122220       2.118330       2.114440       2.110560       2.106700       2.102840       2.098990       2.095150       2.091320       2.087500       2.083700       2.079900       2.076120       2.072360       2.068600       2.064860       2.061140       2.057430    
   2.169890       2.159960       2.154600       2.152290       2.151030       2.147100       2.143180       2.139260       2.135340       2.131430       2.127520       2.123620       2.119720       2.115830       2.111940       2.108070       2.104200       2.100340       2.096500       2.092660       2.088840       2.085030       2.081230       2.077440       2.073670       2.069910       2.066160       2.062430       2.058710       2.055010    
   2.159960       2.154310       2.151660       2.151030       2.147570       2.144580       2.140660       2.136740       2.132820       2.128910       2.125000       2.121090       2.117200       2.113310       2.109430       2.105550       2.101690       2.097840       2.094000       2.090170       2.086350       2.082540       2.078750       2.074970       2.071200       2.067450       2.063710       2.059980       2.056280       2.052580    
   2.154160       2.151340       2.151030       2.147730       2.144580       2.141120       2.138120       2.134200       2.130280       2.126370       2.122460       2.118560       2.114660       2.110780       2.106900       2.103030       2.099170       2.095320       2.091480       2.087650       2.083840       2.080040       2.076250       2.072480       2.068720       2.064970       2.061240       2.057520       2.053820       2.050140    
   2.151190       2.151030       2.147780       2.144580       2.141270       2.138120       2.136160       2.134200       2.128660       2.123810       2.119910       2.116010       2.112110       2.108230       2.104350       2.100490       2.096630       2.092780       2.088950       2.085130       2.081320       2.077520       2.073740       2.069970       2.066220       2.062480       2.058760       2.055050       2.051360       2.047690    
   2.151030       2.147800       2.144580       2.141320       2.138120       2.137140       2.136160       2.130710       2.123810       2.121860       2.116810       2.113440       2.109550       2.105670       2.101800       2.097930       2.094080       2.090240       2.086410       2.082590       2.078780       2.074990       2.071220       2.067460       2.063710       2.059980       2.056270       2.052570       2.048890       2.045220    
   2.147800       2.144580       2.141340       2.138120       2.137630       2.137140       2.131950       2.123810       2.122840       2.117100       2.112150       2.110870       2.106980       2.103100       2.099230       2.095360       2.091510       2.087680       2.083850       2.080040       2.076240       2.072460       2.068690       2.064930       2.061190       2.057470       2.053770       2.050080       2.046400       2.042750    
   2.144580       2.141350       2.138120       2.137880       2.137630       2.132630       2.123810       2.123320       2.117230       2.111510       2.110870       2.108920       2.105370       2.100510       2.096650       2.092790       2.088940       2.085110       2.081280       2.077480       2.073680       2.069900       2.066140       2.062390       2.058660       2.054950       2.051250       2.047570       2.043910       2.040260    
   2.141350       2.138120       2.138000       2.137880       2.132990       2.123810       2.123570       2.117280       2.111190       2.110870       2.109900       2.106420       2.100510       2.098580       2.096650       2.092790       2.088950       2.085110       2.078220       2.074900       2.071120       2.067340       2.063590       2.059850       2.056120       2.052420       2.048730       2.045060       2.041400       2.037770    
   2.138120       2.138060       2.138000       2.133170       2.123810       2.123690       2.117310       2.111030       2.110870       2.110380       2.106920       2.100510       2.099550       2.098580       2.096010       2.092800       2.088950       2.079640       2.073610       2.072320       2.068540       2.064770       2.061020       2.057290       2.053570       2.049880       2.046200       2.042540       2.038890       2.035270    
   2.138090       2.138060       2.133260       2.123810       2.123750       2.117330       2.110950       2.110870       2.110630       2.107170       2.100510       2.100030       2.099550       2.098040       2.095790       2.092580       2.081330       2.072960       2.072320       2.068940       2.065950       2.062190       2.058450       2.054720       2.051020       2.047330       2.043660       2.040000       2.036370       2.032760    
   2.138090       2.133300       2.123810       2.123780       2.117330       2.110910       2.110870       2.110750       2.107290       2.100510       2.100270       2.100030       2.099210       2.097790       2.095470       2.081370       2.072640       2.072320       2.066020       2.063350       2.061100       2.059610       2.055870       2.052150       2.048450       2.044770       2.041110       2.037470       2.033840       2.030240    
   2.133330       2.123810       2.123800       2.117340       2.110890       2.110870       2.110810       2.107360       2.100510       2.100390       2.100270       2.099830       2.099010       2.086910       2.075380       2.064490       2.064500       2.062570       2.060320       2.059450       2.060760       2.057010       2.053280       2.049570       2.045880       2.042210       2.038560       2.034920       2.031310       2.027720    
   2.123810       2.123800       2.117340       2.110880       2.110870       2.110840       2.107390       2.100510       2.100450       2.100390       2.100160       2.099700       2.079170       2.055090       2.055170       2.057950       2.056340       2.056670       2.057520       2.058150       2.058150       2.054410       2.050690       2.046980       2.043300       2.039640       2.036000       2.032370       2.028770       2.025190    
   2.123810       2.117340       2.110870       2.110870       2.110850       2.107400       2.100510       2.100480       2.100450       2.100330       2.080460       2.051020       2.053660       2.055010       2.055010       2.055170       2.055810       2.056010       2.056670       2.055820       2.055540       2.051800       2.048090       2.044390       2.040720       2.037060       2.033430       2.029820       2.026230       2.022660    
   2.117340       2.110870       2.110870       2.110860       2.107410       2.100510       2.100490       2.100480       2.100420       2.076660       2.051020       2.051020       2.051020       2.053540       2.054840       2.054840       2.055170       2.055380       2.055360       2.056670       2.052920       2.049190       2.045480       2.041800       2.038130       2.034490       2.030860       2.027260       2.023680       2.020120    
   2.110870       2.110870       2.110870       2.107410       2.100510       2.100500       2.100490       2.085760       2.069680       2.051010       2.051020       2.051020       2.051020       2.051020       2.053300       2.054510       2.054510       2.055170       2.054320       2.054040       2.050300       2.046570       2.042870       2.039190       2.035540       2.031900       2.028290       2.024700       2.021130       2.017580    
   2.110870       2.110870       2.107410       2.100510       2.100510       2.077430       2.042820       2.042230       2.041640       2.047870       2.051000       2.051020       2.051020       2.051020       2.051020       2.052820       2.053850       2.053850       2.055170       2.051410       2.047670       2.043960       2.040260       2.036590       2.032940       2.029320       2.025720       2.022140       2.018580       2.015040    
   2.110870       2.107420       2.100510       2.100510       2.072810       2.042810       2.042810       2.042820       2.042230       2.041640       2.047840       2.050950       2.051020       2.051020       2.051020       2.051020       2.051890       2.052530       2.052530       2.048780       2.045040       2.041340       2.037650       2.033990       2.030350       2.026730       2.023140       2.019570       2.016030       2.012510    
