iMOD/TUTORIALS/TUT_MetaswapAnalyser/model_MetaSWAP/meteo/Evaporation/Evaporation_20060320_L1.ASC
NCOLS                30
NROWS                30
XLLCORNER     160000.00
YLLCORNER     340000.00
CELLSIZE        1000.00
NODATA_VALUE   -9999.00
  0.9174900      0.9212500      0.9251200      0.9291000      0.9331800      0.9373600      0.9416300      0.9459900      0.9504300      0.9549400      0.9595200      0.9641700      0.9688700      0.9736300      0.9784400      0.9833000      0.9881900      0.9931200      0.9980900       1.003090       1.008110       1.013160       1.018220       1.023300       1.028390       1.033500       1.038610       1.043720       1.048840       1.053950    
  0.9172500      0.9210200      0.9249000      0.9288900      0.9329700      0.9371600      0.9414300      0.9457800      0.9502200      0.9547300      0.9593100      0.9639500      0.9686500      0.9734000      0.9782000      0.9830500      0.9879400      0.9928600      0.9978200       1.002810       1.007820       1.012850       1.017900       1.022970       1.028050       1.033140       1.038240       1.043340       1.048440       1.053530    
  0.9170900      0.9208700      0.9247700      0.9287600      0.9328500      0.9370400      0.9413100      0.9456700      0.9501000      0.9546100      0.9591800      0.9638200      0.9685100      0.9732600      0.9780600      0.9829000      0.9877700      0.9926900      0.9976400       1.002610       1.007610       1.012630       1.017670       1.022730       1.027790       1.032870       1.037950       1.043030       1.048110       1.053200    
  0.9170100      0.9208100      0.9247200      0.9287200      0.9328200      0.9370100      0.9412900      0.9456400      0.9500800      0.9545800      0.9591500      0.9637800      0.9684700      0.9732100      0.9780000      0.9828300      0.9877000      0.9926000      0.9975400       1.002500       1.007490       1.012500       1.017520       1.022560       1.027610       1.032670       1.037730       1.042800       1.047870       1.052930    
  0.9170100      0.9208300      0.9247500      0.9287600      0.9328700      0.9370600      0.9413400      0.9457000      0.9501300      0.9546300      0.9592000      0.9638300      0.9685100      0.9732400      0.9780200      0.9828400      0.9877000      0.9926000      0.9975200       1.002470       1.007450       1.012440       1.017450       1.022470       1.027510       1.032550       1.037600       1.042650       1.047690       1.052740    
  0.9170900      0.9209300      0.9248600      0.9288800      0.9330000      0.9372000      0.9414800      0.9458400      0.9502700      0.9547700      0.9593300      0.9639500      0.9686300      0.9733500      0.9781200      0.9829400      0.9877900      0.9926700      0.9975800       1.002520       1.007480       1.012460       1.017460       1.022460       1.027480       1.032510       1.037530       1.042560       1.047590       1.052620    
  0.9172400      0.9210900      0.9250400      0.9290700      0.9331900      0.9374000      0.9416900      0.9460500      0.9504800      0.9549800      0.9595400      0.9641500      0.9688200      0.9735400      0.9783000      0.9831100      0.9879500      0.9928200      0.9977200       1.002640       1.007590       1.012550       1.017530       1.022530       1.027530       1.032530       1.037540       1.042550       1.047560       1.052570    
  0.9174600      0.9213200      0.9252800      0.9293300      0.9334600      0.9376800      0.9419700      0.9463300      0.9507600      0.9552600      0.9598100      0.9644300      0.9690900      0.9738000      0.9785600      0.9833500      0.9881800      0.9930400      0.9979300       1.002840       1.007770       1.012720       1.017680       1.022660       1.027640       1.032630       1.037620       1.042610       1.047600       1.052590    
  0.9177400      0.9216200      0.9256000      0.9296600      0.9338000      0.9380200      0.9423100      0.9466800      0.9511100      0.9556100      0.9601600      0.9647700      0.9694300      0.9741300      0.9788800      0.9836700      0.9884800      0.9933300      0.9982100       1.003110       1.008020       1.012960       1.017900       1.022860       1.027820       1.032790       1.037760       1.042740       1.047700       1.052670    
  0.9180800      0.9219800      0.9259700      0.9300400      0.9341900      0.9384200      0.9427200      0.9470900      0.9515300      0.9560200      0.9605800      0.9651800      0.9698300      0.9745300      0.9792700      0.9840500      0.9888500      0.9936900      0.9985500       1.003440       1.008340       1.013260       1.018190       1.023130       1.028070       1.033020       1.037970       1.042920       1.047870       1.052810    
  0.9181070      0.9220100      0.9271200      0.9304900      0.9346500      0.9388900      0.9431900      0.9475700      0.9520000      0.9565000      0.9610500      0.9656500      0.9703000      0.9749900      0.9797300      0.9844900      0.9892900      0.9941200      0.9989600       1.003830       1.008720       1.013620       1.018540       1.023460       1.028380       1.033310       1.038240       1.043170       1.048090       1.053010    
  0.9181370      0.9244320      0.9304900      0.9340080      0.9351600      0.9394100      0.9437200      0.9481000      0.9525400      0.9570400      0.9615900      0.9661900      0.9708300      0.9755200      0.9802400      0.9850000      0.9897900      0.9946000      0.9994400       1.004290       1.009160       1.014050       1.018940       1.023850       1.028750       1.033660       1.038570       1.043480       1.048380       1.053270    
  0.9218450      0.9304900      0.9339180      0.9354450      0.9357300      0.9399800      0.9443000      0.9486900      0.9531300      0.9576300      0.9621800      0.9667800      0.9714200      0.9761000      0.9808100      0.9855600      0.9903400      0.9951400      0.9999700       1.004810       1.009670       1.014530       1.019410       1.024300       1.029180       1.034070       1.038960       1.043840       1.048720       1.053590    
  0.9304900      0.9339310      0.9355870      0.9357300      0.9387730      0.9406100      0.9449400      0.9493300      0.9537700      0.9582700      0.9628200      0.9674200      0.9720600      0.9767300      0.9814400      0.9861800      0.9909500      0.9957400       1.000550       1.005380       1.010220       1.015070       1.019930       1.024800       1.029660       1.034530       1.039400       1.044260       1.049110       1.053950    
  0.9339530      0.9356590      0.9357300      0.9383710      0.9406100      0.9437230      0.9456200      0.9500100      0.9544600      0.9589700      0.9635200      0.9681100      0.9727500      0.9774200      0.9821200      0.9868500      0.9916100      0.9963900       1.001190       1.006010       1.010830       1.015670       1.020510       1.025350       1.030200       1.035050       1.039890       1.044720       1.049550       1.054370    
  0.9356940      0.9357300      0.9382370      0.9406100      0.9433180      0.9456200      0.9478150      0.9500300      0.9557880      0.9597100      0.9642600      0.9688500      0.9734800      0.9781500      0.9828500      0.9875700      0.9923200      0.9970900       1.001880       1.006680       1.011490       1.016310       1.021130       1.025960       1.030780       1.035610       1.040430       1.045240       1.050040       1.054840    
  0.9357300      0.9381920      0.9406100      0.9431830      0.9456200      0.9467180      0.9478220      0.9533360      0.9597100      0.9619850      0.9665840      0.9696400      0.9742700      0.9789300      0.9836200      0.9883400      0.9930800      0.9978400       1.002610       1.007400       1.012200       1.017000       1.021810       1.026610       1.031420       1.036220       1.041010       1.045800       1.050580       1.055350    
  0.9381770      0.9406100      0.9431380      0.9456200      0.9461690      0.9467200      0.9518960      0.9597100      0.9608470      0.9657580      0.9700500      0.9704600      0.9750900      0.9797500      0.9844400      0.9891500      0.9938800      0.9986300       1.003390       1.008170       1.012950       1.017730       1.022520       1.027310       1.032090       1.036870       1.041640       1.046410       1.051160       1.055900    
  0.9406100      0.9431230      0.9456200      0.9458940      0.9461690      0.9511240      0.9597100      0.9602790      0.9654060      0.9702550      0.9704600      0.9727750      0.9764780      0.9806100      0.9853000      0.9900000      0.9947300      0.9994600       1.004220       1.008980       1.013740       1.018510       1.023280       1.028050       1.032810       1.037570       1.042320       1.047060       1.051780       1.056500    
  0.9431170      0.9456200      0.9457570      0.9458950      0.9507240      0.9597100      0.9599940      0.9652420      0.9703580      0.9704600      0.9716170      0.9750810      0.9806100      0.9829550      0.9853030      0.9900100      0.9947300      0.9994700       1.006640       1.009820       1.014580       1.019330       1.024080       1.028830       1.033570       1.038300       1.043030       1.047740       1.052440       1.057130    
  0.9456200      0.9456890      0.9457570      0.9505220      0.9597100      0.9598520      0.9651630      0.9704090      0.9704600      0.9710390      0.9744420      0.9806100      0.9817820      0.9829560      0.9860890      0.9900140      0.9947370       1.004360       1.010260       1.010710       1.015450       1.020180       1.024920       1.029640       1.034360       1.039080       1.043780       1.048460       1.053140       1.057800    
  0.9456540      0.9456890      0.9504190      0.9597100      0.9597810      0.9651240      0.9704340      0.9704600      0.9707490      0.9741380      0.9806100      0.9811960      0.9817830      0.9836090      0.9863530      0.9902800       1.002060       1.010490       1.010710       1.014170       1.016350       1.021070       1.025790       1.030490       1.035190       1.039880       1.044560       1.049220       1.053870       1.058500    
  0.9456540      0.9503680      0.9597100      0.9597460      0.9651040      0.9704470      0.9704600      0.9706050      0.9739890      0.9806100      0.9809030      0.9811960      0.9821960      0.9839150      0.9867480       1.000590       1.010600       1.010710       1.015230       1.017300       1.020120       1.021990       1.026690       1.031380       1.036050       1.040720       1.045370       1.050010       1.054630       1.059230    
  0.9503420      0.9597100      0.9597280      0.9650950      0.9704540      0.9704600      0.9705320      0.9739160      0.9806100      0.9807570      0.9809030      0.9814320      0.9824360      0.9917450       1.002360       1.013680       1.013670       1.015900       1.018430       1.018740       1.018250       1.022940       1.027620       1.032290       1.036940       1.041590       1.046210       1.050820       1.055420       1.059990    
  0.9597100      0.9597190      0.9650900      0.9704570      0.9704600      0.9704960      0.9738800      0.9806100      0.9806830      0.9807570      0.9810310      0.9815900      0.9967910       1.014150       1.014120       1.015130       1.016760       1.016630       1.018490       1.019250       1.019240       1.023910       1.028570       1.033220       1.037860       1.042480       1.047080       1.051660       1.056230       1.060770    
  0.9597140      0.9650870      0.9704580      0.9704600      0.9704780      0.9738610      0.9806100      0.9806470      0.9806830      0.9808240      0.9937910       1.012790       1.013730       1.014190       1.014190       1.014120       1.015960       1.016900       1.016630       1.019350       1.020250       1.024910       1.029550       1.034180       1.038800       1.043390       1.047970       1.052530       1.057060       1.061580    
  0.9650860      0.9704590      0.9704600      0.9704690      0.9738520      0.9806100      0.9806280      0.9806470      0.9807180      0.9961760       1.012790       1.012790       1.012790       1.013780       1.014260       1.014260       1.014120       1.016180       1.017160       1.016630       1.021280       1.025930       1.030550       1.035170       1.039760       1.044330       1.048880       1.053410       1.057920       1.062400    
  0.9704600      0.9704600      0.9704640      0.9738480      0.9806100      0.9806190      0.9806280      0.9889110      0.9995110       1.012790       1.012790       1.012790       1.012790       1.012790       1.013880       1.014390       1.014390       1.014120       1.016800       1.017690       1.022330       1.026960       1.031570       1.036170       1.040740       1.045280       1.049810       1.054310       1.058790       1.063250    
  0.9704600      0.9704620      0.9738460      0.9806100      0.9806150      0.9923800       1.010020       1.011840       1.013650       1.013080       1.012800       1.012790       1.012790       1.012790       1.012790       1.014100       1.014670       1.014670       1.014120       1.018770       1.023400       1.028010       1.032610       1.037180       1.041730       1.046250       1.050750       1.055230       1.059680       1.064100    
  0.9704610      0.9738440      0.9806100      0.9806120      0.9947310       1.010020       1.010020       1.010020       1.011840       1.013650       1.013100       1.012820       1.012790       1.012790       1.012790       1.012790       1.014530       1.015220       1.015220       1.019860       1.024480       1.029080       1.033650       1.038210       1.042730       1.047230       1.051710       1.056150       1.060570       1.064970    
