iMOD/TUTORIALS/TUT_MetaswapAnalyser/model_MetaSWAP/meteo/Evaporation/Evaporation_20061122_L1.ASC
NCOLS                30
NROWS                30
XLLCORNER     160000.00
YLLCORNER     340000.00
CELLSIZE        1000.00
NODATA_VALUE   -9999.00
  0.3948500      0.3941600      0.3934900      0.3928200      0.3921600      0.3915000      0.3908500      0.3902100      0.3895600      0.3889200      0.3882800      0.3876400      0.3870000      0.3863600      0.3857100      0.3850700      0.3844100      0.3837600      0.3831000      0.3824400      0.3817700      0.3810900      0.3804100      0.3797300      0.3790400      0.3783400      0.3776400      0.3769400      0.3762300      0.3755100    
  0.3968900      0.3962100      0.3955400      0.3948800      0.3942200      0.3935700      0.3929300      0.3922800      0.3916400      0.3910100      0.3903700      0.3897300      0.3890900      0.3884500      0.3878100      0.3871700      0.3865200      0.3858600      0.3852100      0.3845500      0.3838800      0.3832100      0.3825300      0.3818500      0.3811600      0.3804600      0.3797700      0.3790600      0.3783500      0.3776400    
  0.3989400      0.3982700      0.3976100      0.3969500      0.3963000      0.3956500      0.3950100      0.3943700      0.3937300      0.3931000      0.3924700      0.3918300      0.3912000      0.3905600      0.3899200      0.3892800      0.3886300      0.3879800      0.3873300      0.3866700      0.3860000      0.3853300      0.3846600      0.3839700      0.3832900      0.3826000      0.3819000      0.3811900      0.3804800      0.3797700    
  0.4010100      0.4003400      0.3996800      0.3990300      0.3983800      0.3977400      0.3971000      0.3964700      0.3958400      0.3952000      0.3945700      0.3939400      0.3933100      0.3926800      0.3920400      0.3914000      0.3907600      0.3901100      0.3894500      0.3888000      0.3881300      0.3874700      0.3867900      0.3861100      0.3854300      0.3847300      0.3840400      0.3833300      0.3826200      0.3819100    
  0.4030800      0.4024200      0.4017700      0.4011200      0.4004800      0.3998400      0.3992100      0.3985800      0.3979500      0.3973200      0.3966900      0.3960600      0.3954300      0.3948000      0.3941700      0.3935300      0.3928900      0.3922400      0.3915900      0.3909400      0.3902800      0.3896100      0.3889400      0.3882600      0.3875700      0.3868800      0.3861900      0.3854800      0.3847700      0.3840600    
  0.4051600      0.4045000      0.4038600      0.4032200      0.4025800      0.4019500      0.4013200      0.4006900      0.4000700      0.3994400      0.3988200      0.3982000      0.3975700      0.3969400      0.3963100      0.3956700      0.3950300      0.3943900      0.3937400      0.3930900      0.3924300      0.3917600      0.3910900      0.3904100      0.3897300      0.3890400      0.3883400      0.3876400      0.3869300      0.3862100    
  0.4072400      0.4066000      0.4059600      0.4053200      0.4046900      0.4040600      0.4034400      0.4028200      0.4022000      0.4015800      0.4009600      0.4003300      0.3997100      0.3990900      0.3984600      0.3978200      0.3971900      0.3965500      0.3959000      0.3952500      0.3945900      0.3939200      0.3932500      0.3925800      0.3918900      0.3912000      0.3905100      0.3898000      0.3890900      0.3883800    
  0.4093400      0.4087000      0.4080600      0.4074300      0.4068100      0.4061900      0.4055700      0.4049500      0.4043300      0.4037200      0.4031000      0.4024800      0.4018600      0.4012400      0.4006100      0.3999800      0.3993500      0.3987100      0.3980600      0.3974100      0.3967600      0.3960900      0.3954200      0.3947500      0.3940600      0.3933700      0.3926800      0.3919700      0.3912600      0.3905500    
  0.4114300      0.4108000      0.4101700      0.4095500      0.4089300      0.4083200      0.4077000      0.4070900      0.4064800      0.4058600      0.4052500      0.4046400      0.4040200      0.4034000      0.4027800      0.4021500      0.4015200      0.4008800      0.4002400      0.3995900      0.3989300      0.3982700      0.3976000      0.3969200      0.3962400      0.3955500      0.3948500      0.3941500      0.3934400      0.3927200    
  0.4135400      0.4129100      0.4122900      0.4116700      0.4110600      0.4104500      0.4098400      0.4092300      0.4086300      0.4080200      0.4074100      0.4068000      0.4061800      0.4055700      0.4049500      0.4043200      0.4036900      0.4030600      0.4024100      0.4017700      0.4011100      0.4004500      0.3997800      0.3991100      0.3984200      0.3977300      0.3970400      0.3963300      0.3956200      0.3949000    
  0.4135400      0.4129130      0.4126680      0.4138000      0.4132000      0.4125900      0.4119900      0.4113800      0.4107800      0.4101800      0.4095700      0.4089700      0.4083600      0.4077400      0.4071200      0.4065000      0.4058700      0.4052400      0.4046000      0.4039500      0.4033000      0.4026400      0.4019700      0.4013000      0.4006100      0.3999200      0.3992300      0.3985200      0.3978100      0.3970900    
  0.4135410      0.4132300      0.4138000      0.4149520      0.4153300      0.4147400      0.4141400      0.4135400      0.4129400      0.4123400      0.4117400      0.4111400      0.4105300      0.4099200      0.4093100      0.4086900      0.4080600      0.4074300      0.4067900      0.4061500      0.4054900      0.4048300      0.4041700      0.4034900      0.4028100      0.4021200      0.4014200      0.4007100      0.4000000      0.3992800    
  0.4136860      0.4138000      0.4156590      0.4164050      0.4174800      0.4168800      0.4162900      0.4157000      0.4151100      0.4145100      0.4139100      0.4133200      0.4127100      0.4121000      0.4114900      0.4108800      0.4102500      0.4096200      0.4089900      0.4083400      0.4076900      0.4070300      0.4063700      0.4056900      0.4050100      0.4043200      0.4036200      0.4029100      0.4021900      0.4014700    
  0.4138000      0.4159700      0.4169420      0.4174800      0.4177970      0.4190300      0.4184500      0.4178600      0.4172700      0.4166800      0.4160900      0.4155000      0.4149000      0.4142900      0.4136800      0.4130700      0.4124500      0.4118200      0.4111900      0.4105400      0.4098900      0.4092400      0.4085700      0.4078900      0.4072100      0.4065200      0.4058200      0.4051100      0.4043900      0.4036600    
  0.4161150      0.4172110      0.4174800      0.4181020      0.4190300      0.4193630      0.4206100      0.4200300      0.4194400      0.4188600      0.4182700      0.4176800      0.4170800      0.4164800      0.4158800      0.4152700      0.4146500      0.4140200      0.4133900      0.4127500      0.4121000      0.4114400      0.4107800      0.4101000      0.4094200      0.4087200      0.4080200      0.4073100      0.4065900      0.4058600    
  0.4173460      0.4174800      0.4182040      0.4190300      0.4196680      0.4206100      0.4203200      0.4200270      0.4198420      0.4210400      0.4204500      0.4198700      0.4192700      0.4186800      0.4180800      0.4174700      0.4168500      0.4162300      0.4156000      0.4149600      0.4143100      0.4136500      0.4129900      0.4123100      0.4116300      0.4109300      0.4102300      0.4095200      0.4087900      0.4080600    
  0.4174800      0.4182380      0.4190300      0.4197690      0.4206100      0.4204650      0.4203190      0.4203070      0.4210400      0.4207450      0.4215300      0.4220500      0.4214700      0.4208700      0.4202800      0.4196700      0.4190600      0.4184400      0.4178100      0.4171700      0.4165200      0.4158600      0.4152000      0.4145200      0.4138400      0.4131400      0.4124400      0.4117200      0.4110000      0.4102700    
  0.4182490      0.4190300      0.4198030      0.4206100      0.4205380      0.4204650      0.4205330      0.4210400      0.4208930      0.4221400      0.4231450      0.4242400      0.4236600      0.4230700      0.4224800      0.4218700      0.4212600      0.4206400      0.4200200      0.4193800      0.4187300      0.4180800      0.4174100      0.4167400      0.4160500      0.4153500      0.4146500      0.4139300      0.4132000      0.4124700    
  0.4190300      0.4198140      0.4206100      0.4205740      0.4205370      0.4206440      0.4210400      0.4209660      0.4224010      0.4236920      0.4242400      0.4239500      0.4240600      0.4252700      0.4246800      0.4240800      0.4234700      0.4228600      0.4222300      0.4215900      0.4209500      0.4202900      0.4196300      0.4189500      0.4182600      0.4175700      0.4168600      0.4161400      0.4154100      0.4146700    
  0.4198180      0.4206100      0.4205920      0.4205740      0.4206990      0.4210400      0.4210030      0.4225230      0.4239660      0.4242400      0.4240950      0.4243800      0.4252700      0.4249750      0.4246770      0.4240770      0.4234700      0.4228530      0.4233020      0.4238100      0.4231600      0.4225100      0.4218400      0.4211700      0.4204800      0.4197800      0.4190700      0.4183500      0.4176200      0.4168800    
  0.4206100      0.4206010      0.4205920      0.4207260      0.4210400      0.4210220      0.4225820      0.4241030      0.4242400      0.4241680      0.4244960      0.4252700      0.4251220      0.4249740      0.4245760      0.4240740      0.4234670      0.4241120      0.4249150      0.4260200      0.4253800      0.4247200      0.4240600      0.4233800      0.4226900      0.4219900      0.4212800      0.4205600      0.4198200      0.4190800    
  0.4206050      0.4206010      0.4207400      0.4210400      0.4210310      0.4226110      0.4241720      0.4242400      0.4242040      0.4245430      0.4252700      0.4251960      0.4251220      0.4248910      0.4245410      0.4240390      0.4246280      0.4254670      0.4260200      0.4263300      0.4275900      0.4269400      0.4262700      0.4256000      0.4249100      0.4242000      0.4234900      0.4227600      0.4220300      0.4212800    
  0.4206050      0.4207470      0.4210400      0.4210350      0.4226260      0.4242060      0.4242400      0.4242220      0.4245640      0.4252700      0.4252330      0.4251960      0.4250700      0.4248510      0.4244900      0.4263180      0.4257440      0.4260200      0.4288190      0.4298050      0.4294120      0.4291500      0.4284900      0.4278100      0.4271200      0.4264100      0.4257000      0.4249700      0.4242300      0.4234800    
  0.4207500      0.4210400      0.4210380      0.4226330      0.4242230      0.4242400      0.4242310      0.4245740      0.4252700      0.4252520      0.4252330      0.4251660      0.4250390      0.4296680      0.4319950      0.4326400      0.4326400      0.4324830      0.4323830      0.4331200      0.4320200      0.4313600      0.4307000      0.4300200      0.4293300      0.4286200      0.4279000      0.4271700      0.4264300      0.4256700    
  0.4210400      0.4210390      0.4226360      0.4242310      0.4242400      0.4242350      0.4245790      0.4252700      0.4252610      0.4252520      0.4252170      0.4251460      0.4337200      0.4443280      0.4442600      0.4394110      0.4395350      0.4392600      0.4359350      0.4342230      0.4342200      0.4335700      0.4329100      0.4322300      0.4315300      0.4308200      0.4301000      0.4293700      0.4286200      0.4278600    
  0.4210390      0.4226380      0.4242360      0.4242400      0.4242380      0.4245810      0.4252700      0.4252650      0.4252610      0.4252430      0.4356710      0.4513700      0.4467320      0.4443960      0.4443960      0.4442600      0.4412100      0.4398100      0.4392600      0.4371350      0.4364300      0.4357800      0.4351100      0.4344300      0.4337300      0.4330200      0.4323000      0.4315600      0.4308100      0.4300500    
  0.4226390      0.4242380      0.4242400      0.4242390      0.4245820      0.4252700      0.4252680      0.4252650      0.4252560      0.4377830      0.4513700      0.4513700      0.4513700      0.4468320      0.4445320      0.4445330      0.4442600      0.4415090      0.4403600      0.4392600      0.4386300      0.4379800      0.4373100      0.4366300      0.4359300      0.4352200      0.4344900      0.4337500      0.4330000      0.4322300    
  0.4242390      0.4242400      0.4242390      0.4245830      0.4252700      0.4252690      0.4252680      0.4345850      0.4428910      0.4513760      0.4513700      0.4513700      0.4513700      0.4513700      0.4470290      0.4448050      0.4448050      0.4442600      0.4421580      0.4414600      0.4408200      0.4401700      0.4395100      0.4388200      0.4381300      0.4374100      0.4366800      0.4359400      0.4351800      0.4344100    
  0.4242400      0.4242400      0.4245830      0.4252700      0.4252690      0.4412260      0.4651600      0.4638550      0.4625500      0.4551130      0.4513880      0.4513700      0.4513700      0.4513700      0.4513700      0.4474100      0.4453490      0.4453500      0.4442600      0.4436500      0.4430100      0.4423600      0.4417000      0.4410100      0.4403100      0.4396000      0.4388600      0.4381200      0.4373500      0.4365800    
  0.4242400      0.4245830      0.4252700      0.4252700      0.4444200      0.4651640      0.4651640      0.4651600      0.4638550      0.4625500      0.4551430      0.4514230      0.4513700      0.4513700      0.4513700      0.4513700      0.4481140      0.4464370      0.4464400      0.4458300      0.4451900      0.4445500      0.4438800      0.4431900      0.4424900      0.4417700      0.4410400      0.4402900      0.4395200      0.4387400    
