iMOD/TUTORIALS/TUT_MetaswapAnalyser/model_MetaSWAP/meteo/Evaporation/Evaporation_20061019_L1.ASC
NCOLS                30
NROWS                30
XLLCORNER     160000.00
YLLCORNER     340000.00
CELLSIZE        1000.00
NODATA_VALUE   -9999.00
  0.7289800      0.7281800      0.7274400      0.7267700      0.7261600      0.7256100      0.7251100      0.7246700      0.7242800      0.7239500      0.7236600      0.7234200      0.7232200      0.7230700      0.7229600      0.7228900      0.7228600      0.7228700      0.7229100      0.7229800      0.7230900      0.7232300      0.7233900      0.7235900      0.7238200      0.7240700      0.7243400      0.7246500      0.7249700      0.7253200    
  0.7298300      0.7290200      0.7282700      0.7275800      0.7269500      0.7263800      0.7258700      0.7254100      0.7250100      0.7246500      0.7243500      0.7240900      0.7238800      0.7237100      0.7235800      0.7234900      0.7234400      0.7234300      0.7234500      0.7235100      0.7236000      0.7237200      0.7238700      0.7240500      0.7242600      0.7245000      0.7247600      0.7250400      0.7253500      0.7256800    
  0.7307000      0.7298800      0.7291100      0.7284100      0.7277700      0.7271800      0.7266500      0.7261800      0.7257600      0.7253900      0.7250600      0.7247900      0.7245600      0.7243700      0.7242200      0.7241200      0.7240500      0.7240200      0.7240300      0.7240700      0.7241400      0.7242400      0.7243800      0.7245400      0.7247300      0.7249500      0.7252000      0.7254700      0.7257600      0.7260700    
  0.7316000      0.7307600      0.7299900      0.7292700      0.7286100      0.7280100      0.7274700      0.7269800      0.7265400      0.7261500      0.7258100      0.7255100      0.7252700      0.7250600      0.7249000      0.7247700      0.7246900      0.7246400      0.7246300      0.7246500      0.7247100      0.7247900      0.7249100      0.7250600      0.7252300      0.7254400      0.7256600      0.7259200      0.7261900      0.7264900    
  0.7325200      0.7316700      0.7308800      0.7301500      0.7294800      0.7288600      0.7283000      0.7278000      0.7273400      0.7269300      0.7265800      0.7262700      0.7260000      0.7257800      0.7256000      0.7254600      0.7253500      0.7252900      0.7252600      0.7252600      0.7253000      0.7253700      0.7254700      0.7256000      0.7257600      0.7259400      0.7261500      0.7263900      0.7266500      0.7269300    
  0.7334600      0.7326000      0.7318000      0.7310500      0.7303700      0.7297400      0.7291600      0.7286400      0.7281700      0.7277400      0.7273700      0.7270400      0.7267600      0.7265200      0.7263200      0.7261600      0.7260400      0.7259600      0.7259100      0.7259000      0.7259200      0.7259700      0.7260600      0.7261700      0.7263100      0.7264800      0.7266700      0.7268900      0.7271300      0.7274000    
  0.7344200      0.7335500      0.7327300      0.7319800      0.7312800      0.7306300      0.7300400      0.7295000      0.7290200      0.7285800      0.7281900      0.7278400      0.7275400      0.7272800      0.7270700      0.7268900      0.7267600      0.7266500      0.7265900      0.7265600      0.7265600      0.7266000      0.7266600      0.7267600      0.7268800      0.7270300      0.7272100      0.7274100      0.7276400      0.7278900    
  0.7354000      0.7345200      0.7336900      0.7329200      0.7322100      0.7315500      0.7309500      0.7303900      0.7298900      0.7294300      0.7290300      0.7286700      0.7283500      0.7280700      0.7278400      0.7276500      0.7274900      0.7273700      0.7272900      0.7272400      0.7272300      0.7272500      0.7273000      0.7273700      0.7274800      0.7276100      0.7277700      0.7279600      0.7281700      0.7284000    
  0.7363900      0.7355000      0.7346700      0.7338900      0.7331600      0.7324900      0.7318700      0.7313000      0.7307800      0.7303100      0.7298900      0.7295100      0.7291800      0.7288900      0.7286400      0.7284200      0.7282500      0.7281200      0.7280200      0.7279500      0.7279200      0.7279200      0.7279500      0.7280100      0.7281000      0.7282200      0.7283600      0.7285300      0.7287200      0.7289400    
  0.7374100      0.7365100      0.7356600      0.7348700      0.7341300      0.7334400      0.7328100      0.7322300      0.7317000      0.7312100      0.7307700      0.7303800      0.7300300      0.7297200      0.7294500      0.7292200      0.7290300      0.7288800      0.7287700      0.7286800      0.7286300      0.7286200      0.7286300      0.7286700      0.7287500      0.7288500      0.7289700      0.7291200      0.7293000      0.7295000    
  0.7374300      0.7365270      0.7357270      0.7358700      0.7351200      0.7344200      0.7337700      0.7331800      0.7326300      0.7321300      0.7316700      0.7312600      0.7309000      0.7305700      0.7302900      0.7300400      0.7298400      0.7296700      0.7295300      0.7294400      0.7293700      0.7293300      0.7293300      0.7293600      0.7294100      0.7294900      0.7296000      0.7297400      0.7299000      0.7300800    
  0.7374480      0.7363890      0.7358700      0.7360630      0.7361200      0.7354100      0.7347500      0.7341400      0.7335800      0.7330600      0.7325900      0.7321700      0.7317900      0.7314400      0.7311400      0.7308800      0.7306600      0.7304700      0.7303200      0.7302100      0.7301200      0.7300700      0.7300500      0.7300600      0.7301000      0.7301600      0.7302600      0.7303700      0.7305100      0.7306800    
  0.7370280      0.7358700      0.7364260      0.7366300      0.7371400      0.7364200      0.7357500      0.7351200      0.7345500      0.7340200      0.7335300      0.7330900      0.7326900      0.7323400      0.7320200      0.7317400      0.7315000      0.7313000      0.7311300      0.7310000      0.7309000      0.7308300      0.7307900      0.7307800      0.7308100      0.7308500      0.7309300      0.7310300      0.7311500      0.7313000    
  0.7358700      0.7365800      0.7368850      0.7371400      0.7370000      0.7374400      0.7367600      0.7361200      0.7355300      0.7349900      0.7344900      0.7340300      0.7336200      0.7332500      0.7329100      0.7326200      0.7323700      0.7321500      0.7319600      0.7318100      0.7316900      0.7316100      0.7315500      0.7315300      0.7315300      0.7315600      0.7316200      0.7317000      0.7318100      0.7319400    
  0.7366510      0.7370130      0.7371400      0.7371930      0.7374400      0.7373270      0.7377800      0.7371300      0.7365300      0.7359700      0.7354600      0.7349900      0.7345600      0.7341700      0.7338300      0.7335200      0.7332500      0.7330100      0.7328100      0.7326400      0.7325100      0.7324100      0.7323300      0.7322900      0.7322800      0.7322900      0.7323300      0.7324000      0.7324900      0.7326100    
  0.7370760      0.7371400      0.7372580      0.7374400      0.7375160      0.7377800      0.7374550      0.7371470      0.7366500      0.7369700      0.7364500      0.7359600      0.7355200      0.7351200      0.7347600      0.7344300      0.7341400      0.7338900      0.7336700      0.7334900      0.7333400      0.7332200      0.7331300      0.7330700      0.7330400      0.7330400      0.7330600      0.7331100      0.7331900      0.7332900    
  0.7371400      0.7372790      0.7374400      0.7375790      0.7377800      0.7376170      0.7374610      0.7370550      0.7369700      0.7367100      0.7368560      0.7369500      0.7364900      0.7360800      0.7357000      0.7353600      0.7350600      0.7347900      0.7345600      0.7343600      0.7341900      0.7340500      0.7339500      0.7338700      0.7338300      0.7338100      0.7338100      0.7338500      0.7339000      0.7339800    
  0.7372860      0.7374400      0.7375990      0.7377800      0.7376990      0.7376190      0.7372760      0.7369700      0.7368400      0.7371870      0.7374500      0.7379500      0.7374800      0.7370500      0.7366600      0.7363000      0.7359900      0.7357000      0.7354500      0.7352400      0.7350600      0.7349000      0.7347800      0.7346900      0.7346300      0.7345900      0.7345800      0.7346000      0.7346400      0.7347000    
  0.7374400      0.7376060      0.7377800      0.7377390      0.7376990      0.7373910      0.7369700      0.7369050      0.7373290      0.7377000      0.7379500      0.7377150      0.7376300      0.7380400      0.7376300      0.7372600      0.7369300      0.7366300      0.7363700      0.7361400      0.7359400      0.7357700      0.7356300      0.7355200      0.7354400      0.7353900      0.7353600      0.7353600      0.7353900      0.7354300    
  0.7376090      0.7377800      0.7377600      0.7377400      0.7374500      0.7369700      0.7369380      0.7373960      0.7378250      0.7379500      0.7378330      0.7378340      0.7380400      0.7378350      0.7376430      0.7372730      0.7369400      0.7366430      0.7368340      0.7370500      0.7368300      0.7366500      0.7365000      0.7363700      0.7362800      0.7362100      0.7361600      0.7361400      0.7361500      0.7361800    
  0.7377800      0.7377700      0.7377600      0.7374800      0.7369700      0.7369540      0.7374280      0.7378880      0.7379500      0.7378910      0.7379140      0.7380400      0.7379370      0.7378390      0.7375840      0.7372860      0.7369520      0.7371820      0.7375150      0.7379800      0.7377500      0.7375500      0.7373800      0.7372400      0.7371200      0.7370400      0.7369800      0.7369400      0.7369300      0.7369500    
  0.7377750      0.7377700      0.7374950      0.7369700      0.7369620      0.7374440      0.7379190      0.7379500      0.7379210      0.7379490      0.7380400      0.7379890      0.7379390      0.7377870      0.7375700      0.7372740      0.7374300      0.7377470      0.7379800      0.7381330      0.7386700      0.7384600      0.7382700      0.7381200      0.7379900      0.7378800      0.7378100      0.7377600      0.7377300      0.7377300    
  0.7377750      0.7375020      0.7369700      0.7369660      0.7374520      0.7379340      0.7379500      0.7379350      0.7379650      0.7380400      0.7380140      0.7379890      0.7379050      0.7377650      0.7375430      0.7382070      0.7378640      0.7379800      0.7391960      0.7396200      0.7394800      0.7393800      0.7391800      0.7390100      0.7388600      0.7387500      0.7386500      0.7385900      0.7385400      0.7385300    
  0.7375060      0.7369700      0.7369680      0.7374560      0.7379420      0.7379500      0.7379430      0.7379730      0.7380400      0.7380270      0.7380150      0.7379690      0.7378860      0.7398610      0.7407680      0.7409030      0.7409000      0.7408090      0.7407360      0.7410500      0.7405700      0.7403200      0.7401000      0.7399200      0.7397500      0.7396200      0.7395100      0.7394300      0.7393700      0.7393400    
  0.7369700      0.7369690      0.7374580      0.7379460      0.7379500      0.7379460      0.7379760      0.7380400      0.7380340      0.7380270      0.7380040      0.7379570      0.7416550      0.7462630      0.7462300      0.7439570      0.7439460      0.7438200      0.7423120      0.7415370      0.7415300      0.7412700      0.7410400      0.7408400      0.7406600      0.7405100      0.7403800      0.7402900      0.7402100      0.7401600    
  0.7369690      0.7374590      0.7379480      0.7379500      0.7379480      0.7379780      0.7380400      0.7380370      0.7380340      0.7380210      0.7427340      0.7498400      0.7474820      0.7462960      0.7462960      0.7462300      0.7447530      0.7440730      0.7438200      0.7428400      0.7425100      0.7422300      0.7419900      0.7417700      0.7415800      0.7414100      0.7412700      0.7411500      0.7410600      0.7410000    
  0.7374590      0.7379490      0.7379500      0.7379490      0.7379790      0.7380400      0.7380380      0.7380370      0.7380310      0.7436940      0.7498400      0.7498400      0.7498400      0.7475310      0.7463610      0.7463610      0.7462300      0.7448900      0.7443250      0.7438200      0.7435000      0.7432100      0.7429500      0.7427100      0.7425000      0.7423200      0.7421700      0.7420400      0.7419300      0.7418500    
  0.7379490      0.7379500      0.7379500      0.7379800      0.7380400      0.7380390      0.7380380      0.7424890      0.7462180      0.7498430      0.7498400      0.7498400      0.7498400      0.7498400      0.7476260      0.7464930      0.7464930      0.7462300      0.7451850      0.7448300      0.7445000      0.7441900      0.7439200      0.7436700      0.7434400      0.7432500      0.7430800      0.7429300      0.7428100      0.7427100    
  0.7379500      0.7379500      0.7379800      0.7380400      0.7380400      0.7458440      0.7575500      0.7567000      0.7558500      0.7518520      0.7498490      0.7498400      0.7498400      0.7498400      0.7498400      0.7478090      0.7467550      0.7467550      0.7462300      0.7458600      0.7455100      0.7451900      0.7449000      0.7446300      0.7444000      0.7441800      0.7440000      0.7438400      0.7437000      0.7435800    
  0.7379500      0.7379800      0.7380400      0.7380400      0.7474060      0.7575520      0.7575520      0.7575500      0.7567000      0.7558500      0.7518670      0.7498670      0.7498400      0.7498400      0.7498400      0.7498400      0.7481470      0.7472800      0.7472800      0.7468900      0.7465300      0.7461900      0.7458900      0.7456100      0.7453600      0.7451300      0.7449300      0.7447500      0.7446000      0.7444700    
