iMOD/TUTORIALS/TUT_MetaswapAnalyser/model_MetaSWAP/meteo/Evaporation/Evaporation_20050510_L1.ASC
NCOLS                30
NROWS                30
XLLCORNER     160000.00
YLLCORNER     340000.00
CELLSIZE        1000.00
NODATA_VALUE   -9999.00
   2.188910       2.189380       2.189880       2.190400       2.190940       2.191500       2.192070       2.192660       2.193260       2.193870       2.194490       2.195100       2.195720       2.196340       2.196950       2.197560       2.198160       2.198760       2.199340       2.199920       2.200480       2.201030       2.201580       2.202100       2.202620       2.203120       2.203600       2.204070       2.204530       2.204970    
   2.187250       2.187730       2.188230       2.188760       2.189300       2.189870       2.190450       2.191040       2.191640       2.192250       2.192870       2.193490       2.194110       2.194730       2.195340       2.195960       2.196560       2.197160       2.197750       2.198330       2.198900       2.199460       2.200000       2.200540       2.201060       2.201560       2.202050       2.202530       2.203000       2.203450    
   2.185590       2.186080       2.186590       2.187120       2.187670       2.188240       2.188820       2.189420       2.190030       2.190640       2.191260       2.191880       2.192500       2.193120       2.193740       2.194360       2.194970       2.195570       2.196160       2.196750       2.197320       2.197880       2.198440       2.198970       2.199500       2.200010       2.200510       2.200990       2.201460       2.201920    
   2.183920       2.184420       2.184940       2.185480       2.186040       2.186610       2.187200       2.187800       2.188410       2.189030       2.189650       2.190270       2.190900       2.191520       2.192150       2.192760       2.193380       2.193980       2.194580       2.195170       2.195750       2.196310       2.196870       2.197410       2.197940       2.198460       2.198960       2.199450       2.199930       2.200390    
   2.182250       2.182760       2.183290       2.183840       2.184410       2.184990       2.185580       2.186190       2.186800       2.187420       2.188040       2.188670       2.189300       2.189930       2.190550       2.191180       2.191790       2.192400       2.193000       2.193590       2.194180       2.194750       2.195310       2.195860       2.196390       2.196910       2.197420       2.197920       2.198400       2.198860    
   2.180580       2.181110       2.181650       2.182200       2.182780       2.183360       2.183960       2.184570       2.185190       2.185810       2.186440       2.187070       2.187700       2.188340       2.188960       2.189590       2.190210       2.190820       2.191430       2.192020       2.192610       2.193180       2.193750       2.194300       2.194840       2.195370       2.195880       2.196380       2.196870       2.197340    
   2.178910       2.179440       2.179990       2.180560       2.181140       2.181740       2.182340       2.182960       2.183580       2.184210       2.184840       2.185470       2.186110       2.186740       2.187380       2.188000       2.188630       2.189240       2.189850       2.190450       2.191040       2.191620       2.192190       2.192740       2.193290       2.193820       2.194340       2.194840       2.195330       2.195810    
   2.177230       2.177780       2.178340       2.178920       2.179510       2.180110       2.180720       2.181340       2.181970       2.182600       2.183240       2.183880       2.184520       2.185150       2.185790       2.186420       2.187050       2.187670       2.188280       2.188880       2.189480       2.190060       2.190630       2.191190       2.191740       2.192270       2.192800       2.193300       2.193800       2.194280    
   2.175540       2.176110       2.176680       2.177270       2.177870       2.178480       2.179100       2.179720       2.180360       2.181000       2.181640       2.182280       2.182920       2.183570       2.184210       2.184840       2.185470       2.186090       2.186710       2.187320       2.187910       2.188500       2.189070       2.189640       2.190190       2.190730       2.191250       2.191770       2.192270       2.192750    
   2.173860       2.174430       2.175020       2.175620       2.176220       2.176840       2.177470       2.178100       2.178740       2.179390       2.180040       2.180680       2.181330       2.181980       2.182620       2.183260       2.183890       2.184520       2.185140       2.185750       2.186350       2.186940       2.187520       2.188090       2.188640       2.189180       2.189710       2.190230       2.190730       2.191220    
   2.173860       2.174440       2.174760       2.173960       2.174580       2.175210       2.175840       2.176480       2.177130       2.177780       2.178430       2.179080       2.179740       2.180390       2.181040       2.181680       2.182310       2.182950       2.183570       2.184180       2.184790       2.185380       2.185960       2.186530       2.187090       2.187640       2.188170       2.188690       2.189200       2.189690    
   2.173870       2.174250       2.173960       2.173180       2.172930       2.173560       2.174210       2.174860       2.175510       2.176170       2.176830       2.177480       2.178140       2.178800       2.179450       2.180100       2.180740       2.181370       2.182000       2.182610       2.183220       2.183820       2.184400       2.184980       2.185540       2.186090       2.186630       2.187150       2.187660       2.188150    
   2.173850       2.173960       2.172630       2.172100       2.171270       2.171920       2.172570       2.173230       2.173890       2.174550       2.175220       2.175880       2.176540       2.177200       2.177860       2.178510       2.179160       2.179790       2.180420       2.181050       2.181660       2.182260       2.182850       2.183420       2.183990       2.184540       2.185080       2.185600       2.186120       2.186620    
   2.173960       2.172390       2.171680       2.171270       2.171150       2.170260       2.170930       2.171590       2.172260       2.172930       2.173600       2.174270       2.174940       2.175610       2.176270       2.176930       2.177570       2.178220       2.178850       2.179480       2.180090       2.180690       2.181290       2.181870       2.182430       2.182990       2.183530       2.184060       2.184570       2.185080    
   2.172270       2.171480       2.171270       2.170890       2.170260       2.170160       2.169280       2.169950       2.170630       2.171310       2.171990       2.172660       2.173340       2.174010       2.174680       2.175340       2.175990       2.176640       2.177270       2.177900       2.178520       2.179130       2.179720       2.180310       2.180880       2.181440       2.181980       2.182510       2.183030       2.183530    
   2.171370       2.171270       2.170810       2.170260       2.169900       2.169280       2.169620       2.169950       2.170390       2.169680       2.170370       2.171050       2.171730       2.172410       2.173080       2.173740       2.174400       2.175050       2.175700       2.176330       2.176950       2.177560       2.178160       2.178740       2.179320       2.179880       2.180430       2.180960       2.181480       2.181990    
   2.171270       2.170780       2.170260       2.169810       2.169280       2.169450       2.169620       2.169910       2.169680       2.170030       2.169670       2.169430       2.170120       2.170800       2.171480       2.172150       2.172810       2.173470       2.174110       2.174750       2.175370       2.175990       2.176590       2.177180       2.177760       2.178320       2.178870       2.179400       2.179930       2.180430    
   2.170770       2.170260       2.169780       2.169280       2.169360       2.169450       2.169660       2.169680       2.169850       2.169160       2.168620       2.167810       2.168500       2.169190       2.169870       2.170550       2.171220       2.171880       2.172530       2.173170       2.173800       2.174410       2.175020       2.175610       2.176190       2.176760       2.177310       2.177850       2.178370       2.178880    
   2.170260       2.169770       2.169280       2.169320       2.169360       2.169540       2.169680       2.169770       2.168940       2.168220       2.167810       2.168150       2.168270       2.167570       2.168260       2.168940       2.169620       2.170280       2.170940       2.171580       2.172210       2.172830       2.173440       2.174040       2.174620       2.175190       2.175740       2.176280       2.176810       2.177320    
   2.169770       2.169280       2.169300       2.169320       2.169480       2.169680       2.169720       2.168840       2.168010       2.167810       2.167980       2.167950       2.167570       2.167920       2.168260       2.168940       2.169610       2.170280       2.170240       2.169990       2.170630       2.171250       2.171860       2.172460       2.173050       2.173620       2.174170       2.174710       2.175240       2.175750    
   2.169280       2.169290       2.169300       2.169440       2.169680       2.169700       2.168790       2.167910       2.167810       2.167900       2.167830       2.167570       2.167740       2.167910       2.168370       2.168940       2.169610       2.169540       2.169190       2.168390       2.169030       2.169660       2.170280       2.170880       2.171470       2.172040       2.172600       2.173140       2.173670       2.174180    
   2.169290       2.169290       2.169430       2.169680       2.169690       2.168770       2.167860       2.167810       2.167850       2.167780       2.167570       2.167660       2.167740       2.168010       2.168410       2.168970       2.169050       2.168790       2.168390       2.168290       2.167440       2.168070       2.168690       2.169290       2.169880       2.170460       2.171020       2.171560       2.172090       2.172610    
   2.169290       2.169420       2.169680       2.169690       2.168760       2.167840       2.167810       2.167830       2.167750       2.167570       2.167610       2.167660       2.167800       2.168050       2.168460       2.167710       2.168590       2.168390       2.166480       2.165830       2.166210       2.166470       2.167090       2.167700       2.168290       2.168870       2.169430       2.169980       2.170510       2.171020    
   2.169420       2.169680       2.169680       2.168750       2.167820       2.167810       2.167820       2.167740       2.167570       2.167590       2.167610       2.167690       2.167840       2.164750       2.163490       2.163530       2.163540       2.163750       2.163950       2.163410       2.164220       2.164860       2.165490       2.166100       2.166690       2.167270       2.167840       2.168380       2.168920       2.169430    
   2.169680       2.169680       2.168750       2.167820       2.167810       2.167820       2.167740       2.167570       2.167580       2.167590       2.167630       2.167710       2.161900       2.154640       2.154690       2.158460       2.158470       2.158680       2.161270       2.162600       2.162600       2.163250       2.163880       2.164490       2.165090       2.165670       2.166230       2.166780       2.167320       2.167840    
   2.169680       2.168750       2.167810       2.167810       2.167810       2.167730       2.167570       2.167580       2.167580       2.167600       2.160160       2.148920       2.152690       2.154590       2.154590       2.154690       2.157140       2.158270       2.158680       2.160400       2.160980       2.161630       2.162260       2.162870       2.163470       2.164060       2.164630       2.165180       2.165710       2.166230    
   2.168750       2.167810       2.167810       2.167810       2.167730       2.167570       2.167570       2.167580       2.167590       2.158640       2.148920       2.148920       2.148920       2.152610       2.154480       2.154480       2.154690       2.156920       2.157860       2.158680       2.159350       2.160000       2.160630       2.161250       2.161850       2.162440       2.163010       2.163560       2.164100       2.164620    
   2.167810       2.167810       2.167810       2.167730       2.167570       2.167570       2.167570       2.160550       2.154650       2.148920       2.148920       2.148920       2.148920       2.148920       2.152460       2.154270       2.154270       2.154690       2.156450       2.157030       2.157700       2.158360       2.159000       2.159620       2.160230       2.160810       2.161380       2.161940       2.162480       2.163000    
   2.167810       2.167810       2.167730       2.167570       2.167570       2.155290       2.136860       2.138150       2.139450       2.145750       2.148910       2.148920       2.148920       2.148920       2.148920       2.152170       2.153850       2.153850       2.154690       2.155380       2.156050       2.156710       2.157360       2.157980       2.158590       2.159180       2.159750       2.160310       2.160840       2.161360    
   2.167810       2.167730       2.167570       2.167570       2.152830       2.136860       2.136860       2.136860       2.138150       2.139450       2.145730       2.148880       2.148920       2.148920       2.148920       2.148920       2.151630       2.153010       2.153020       2.153710       2.154390       2.155060       2.155700       2.156330       2.156940       2.157530       2.158110       2.158660       2.159200       2.159720    
