iMOD/TUTORIALS/TUT_MetaswapAnalyser/model_MetaSWAP/meteo/Evaporation/Evaporation_20060725_L1.ASC
NCOLS                30
NROWS                30
XLLCORNER     160000.00
YLLCORNER     340000.00
CELLSIZE        1000.00
NODATA_VALUE   -9999.00
   4.789640       4.789170       4.788640       4.788050       4.787400       4.786700       4.785950       4.785160       4.784310       4.783430       4.782510       4.781550       4.780560       4.779540       4.778500       4.777420       4.776330       4.775210       4.774080       4.772930       4.771760       4.770590       4.769410       4.768220       4.767020       4.765830       4.764630       4.763440       4.762250       4.761060    
   4.786270       4.785760       4.785200       4.784580       4.783910       4.783190       4.782410       4.781600       4.780740       4.779840       4.778900       4.777930       4.776930       4.775900       4.774840       4.773760       4.772660       4.771540       4.770410       4.769260       4.768100       4.766920       4.765750       4.764560       4.763380       4.762190       4.761010       4.759820       4.758650       4.757470    
   4.782830       4.782290       4.781700       4.781050       4.780350       4.779600       4.778810       4.777970       4.777090       4.776180       4.775230       4.774240       4.773230       4.772190       4.771130       4.770040       4.768930       4.767810       4.766670       4.765520       4.764360       4.763200       4.762020       4.760850       4.759670       4.758490       4.757320       4.756150       4.754980       4.753830    
   4.779330       4.778760       4.778130       4.777460       4.776730       4.775960       4.775140       4.774290       4.773390       4.772460       4.771490       4.770490       4.769470       4.768420       4.767350       4.766250       4.765140       4.764020       4.762880       4.761730       4.760570       4.759410       4.758240       4.757070       4.755900       4.754730       4.753570       4.752410       4.751260       4.750120    
   4.775780       4.775170       4.774520       4.773810       4.773060       4.772260       4.771420       4.770540       4.769630       4.768680       4.767700       4.766680       4.765650       4.764590       4.763510       4.762410       4.761290       4.760160       4.759020       4.757870       4.756720       4.755560       4.754400       4.753230       4.752070       4.750920       4.749760       4.748620       4.747480       4.746360    
   4.772180       4.771540       4.770850       4.770110       4.769330       4.768510       4.767640       4.766740       4.765810       4.764840       4.763840       4.762820       4.761770       4.760700       4.759610       4.758500       4.757380       4.756250       4.755110       4.753960       4.752810       4.751650       4.750500       4.749340       4.748190       4.747040       4.745900       4.744770       4.743650       4.742540    
   4.768520       4.767850       4.767130       4.766360       4.765550       4.764700       4.763820       4.762890       4.761940       4.760950       4.759940       4.758900       4.757840       4.756760       4.755660       4.754550       4.753420       4.752290       4.751150       4.750000       4.748850       4.747700       4.746550       4.745400       4.744260       4.743120       4.741990       4.740880       4.739770       4.738680    
   4.764830       4.764120       4.763360       4.762560       4.761730       4.760850       4.759940       4.759000       4.758020       4.757020       4.755990       4.754940       4.753860       4.752770       4.751660       4.750540       4.749410       4.748280       4.747130       4.745990       4.744840       4.743690       4.742550       4.741410       4.740270       4.739150       4.738030       4.736930       4.735840       4.734760    
   4.761090       4.760340       4.759550       4.758730       4.757860       4.756960       4.756020       4.755050       4.754060       4.753040       4.751990       4.750920       4.749840       4.748730       4.747620       4.746490       4.745360       4.744220       4.743070       4.741920       4.740780       4.739640       4.738500       4.737360       4.736240       4.735130       4.734020       4.732930       4.731860       4.730800    
   4.757310       4.756530       4.755710       4.754850       4.753950       4.753020       4.752060       4.751070       4.750050       4.749010       4.747950       4.746870       4.745770       4.744650       4.743530       4.742390       4.741250       4.740110       4.738960       4.737820       4.736670       4.735530       4.734400       4.733280       4.732160       4.731060       4.729970       4.728900       4.727840       4.726790    
   4.757300       4.756520       4.754510       4.750930       4.750000       4.749050       4.748060       4.747050       4.746010       4.744950       4.743870       4.742770       4.741660       4.740530       4.739400       4.738260       4.737110       4.735960       4.734810       4.733670       4.732530       4.731390       4.730260       4.729150       4.728040       4.726950       4.725880       4.724810       4.723770       4.722740    
   4.757280       4.754810       4.750930       4.747240       4.746020       4.745040       4.744030       4.742990       4.741930       4.740850       4.739750       4.738630       4.737510       4.736370       4.735230       4.734080       4.732930       4.731770       4.730620       4.729480       4.728340       4.727210       4.726090       4.724980       4.723880       4.722800       4.721740       4.720700       4.719670       4.718660    
   4.755260       4.750930       4.746050       4.744010       4.742010       4.741000       4.739960       4.738900       4.737810       4.736710       4.735590       4.734460       4.733320       4.732170       4.731020       4.729860       4.728710       4.727550       4.726400       4.725250       4.724120       4.722990       4.721870       4.720770       4.719690       4.718620       4.717570       4.716540       4.715530       4.714540    
   4.750930       4.745500       4.743010       4.742010       4.739980       4.736930       4.735860       4.734780       4.733670       4.732550       4.731410       4.730260       4.729110       4.727950       4.726780       4.725620       4.724450       4.723290       4.722140       4.720990       4.719860       4.718730       4.717630       4.716530       4.715460       4.714400       4.713360       4.712350       4.711350       4.710380    
   4.745240       4.742510       4.742010       4.739640       4.736930       4.734840       4.731740       4.730630       4.729500       4.728350       4.727200       4.726030       4.724860       4.723690       4.722510       4.721340       4.720170       4.719000       4.717850       4.716700       4.715570       4.714450       4.713340       4.712260       4.711200       4.710150       4.709130       4.708130       4.707150       4.706190    
   4.742260       4.742010       4.739530       4.736930       4.734500       4.731740       4.731180       4.730620       4.728160       4.724140       4.722960       4.721780       4.720590       4.719400       4.718220       4.717030       4.715850       4.714680       4.713530       4.712380       4.711250       4.710130       4.709040       4.707960       4.706900       4.705870       4.704860       4.703870       4.702910       4.701980    
   4.742010       4.739490       4.736930       4.734390       4.731740       4.731460       4.731180       4.728530       4.724140       4.723550       4.719920       4.717500       4.716300       4.715090       4.713900       4.712700       4.711520       4.710340       4.709180       4.708030       4.706900       4.705790       4.704700       4.703630       4.702580       4.701560       4.700570       4.699600       4.698650       4.697740    
   4.739480       4.736930       4.734350       4.731740       4.731600       4.731460       4.728830       4.724140       4.723850       4.719230       4.715350       4.713200       4.711980       4.710760       4.709550       4.708350       4.707160       4.705970       4.704810       4.703660       4.702530       4.701420       4.700340       4.699280       4.698240       4.697230       4.696250       4.695300       4.694370       4.693470    
   4.736930       4.734340       4.731740       4.731670       4.731600       4.729010       4.724140       4.723990       4.718940       4.714280       4.713200       4.712590       4.710590       4.706420       4.705190       4.703980       4.702770       4.701590       4.700420       4.699270       4.698140       4.697040       4.695960       4.694900       4.693880       4.692880       4.691910       4.690970       4.690070       4.689190    
   4.734340       4.731740       4.731710       4.731670       4.729100       4.724140       4.724070       4.718800       4.713740       4.713200       4.712900       4.710700       4.706420       4.705800       4.705200       4.703980       4.702780       4.701590       4.697310       4.694860       4.693730       4.692630       4.691550       4.690510       4.689490       4.688510       4.687550       4.686630       4.685740       4.684890    
   4.731740       4.731720       4.731710       4.729160       4.724140       4.724100       4.718740       4.713470       4.713200       4.713050       4.710800       4.706420       4.706110       4.705810       4.704990       4.703990       4.702780       4.696950       4.692650       4.690430       4.689310       4.688210       4.687140       4.686100       4.685090       4.684120       4.683180       4.682280       4.681410       4.680570    
   4.731730       4.731720       4.729180       4.724140       4.724120       4.718700       4.713330       4.713200       4.713120       4.710870       4.706420       4.706270       4.706110       4.705640       4.704930       4.703920       4.697140       4.691540       4.690430       4.688200       4.684870       4.683770       4.682710       4.681680       4.680680       4.679720       4.678800       4.677910       4.677060       4.676240    
   4.731730       4.729190       4.724140       4.724130       4.718690       4.713270       4.713200       4.713160       4.710900       4.706420       4.706340       4.706270       4.706010       4.705560       4.704830       4.694810       4.690980       4.690430       4.683190       4.680420       4.679760       4.679320       4.678270       4.677240       4.676260       4.675310       4.674400       4.673530       4.672700       4.671900    
   4.729200       4.724140       4.724140       4.718680       4.713230       4.713200       4.713180       4.710920       4.706420       4.706380       4.706340       4.706210       4.705940       4.693100       4.683740       4.677070       4.677070       4.676270       4.675220       4.673730       4.675960       4.674870       4.673820       4.672800       4.671830       4.670890       4.670000       4.669140       4.668330       4.667550    
   4.724140       4.724140       4.718670       4.713220       4.713200       4.713190       4.710930       4.706420       4.706400       4.706380       4.706310       4.706160       4.683360       4.655850       4.655990       4.664190       4.663150       4.663710       4.668790       4.671500       4.671500       4.670410       4.669360       4.668360       4.667390       4.666470       4.665590       4.664750       4.663960       4.663200    
   4.724140       4.718670       4.713210       4.713200       4.713200       4.710940       4.706420       4.706410       4.706400       4.706360       4.681380       4.644020       4.651790       4.655710       4.655710       4.655990       4.660550       4.662600       4.663710       4.666210       4.667040       4.665950       4.664910       4.663910       4.662950       4.662040       4.661180       4.660360       4.659590       4.658850    
   4.718670       4.713200       4.713200       4.713200       4.710940       4.706420       4.706420       4.706410       4.706390       4.676440       4.644020       4.644020       4.644020       4.651590       4.655440       4.655440       4.655990       4.659910       4.661480       4.663710       4.662580       4.661490       4.660450       4.659460       4.658520       4.657620       4.656770       4.655970       4.655220       4.654510    
   4.713200       4.713200       4.713200       4.710940       4.706420       4.706420       4.706420       4.685780       4.665740       4.644010       4.644020       4.644020       4.644020       4.644020       4.651190       4.654880       4.654880       4.655990       4.658440       4.659260       4.658120       4.657040       4.656000       4.655020       4.654080       4.653200       4.652370       4.651590       4.650850       4.650160    
   4.713200       4.713200       4.710940       4.706420       4.706420       4.672340       4.621230       4.622570       4.623910       4.637280       4.643980       4.644020       4.644020       4.644020       4.644020       4.650400       4.653780       4.653780       4.655990       4.654810       4.653670       4.652590       4.651560       4.650580       4.649660       4.648790       4.647970       4.647210       4.646500       4.645830    
   4.713200       4.710940       4.706420       4.706420       4.665520       4.621220       4.621220       4.621230       4.622570       4.623910       4.637220       4.643910       4.644020       4.644020       4.644020       4.644020       4.648930       4.651570       4.651560       4.650370       4.649240       4.648150       4.647120       4.646160       4.645240       4.644390       4.643590       4.642840       4.642150       4.641510    
