iMOD/TUTORIALS/TUT_MetaswapAnalyser/model_MetaSWAP/meteo/Evaporation/Evaporation_20050831_L1.ASC
NCOLS                30
NROWS                30
XLLCORNER     160000.00
YLLCORNER     340000.00
CELLSIZE        1000.00
NODATA_VALUE   -9999.00
   3.823610       3.824400       3.825200       3.825990       3.826790       3.827600       3.828400       3.829210       3.830030       3.830840       3.831670       3.832490       3.833330       3.834160       3.835010       3.835860       3.836720       3.837580       3.838450       3.839320       3.840200       3.841090       3.841990       3.842890       3.843790       3.844700       3.845620       3.846540       3.847470       3.848410    
   3.825540       3.826340       3.827140       3.827940       3.828740       3.829550       3.830360       3.831180       3.831990       3.832810       3.833640       3.834470       3.835310       3.836150       3.836990       3.837850       3.838700       3.839570       3.840440       3.841310       3.842190       3.843080       3.843970       3.844870       3.845770       3.846680       3.847600       3.848520       3.849440       3.850370    
   3.827470       3.828280       3.829080       3.829890       3.830700       3.831510       3.832330       3.833140       3.833970       3.834790       3.835620       3.836460       3.837290       3.838140       3.838990       3.839840       3.840700       3.841560       3.842430       3.843310       3.844190       3.845070       3.845960       3.846860       3.847760       3.848670       3.849580       3.850490       3.851410       3.852340    
   3.829420       3.830230       3.831040       3.831850       3.832660       3.833480       3.834300       3.835120       3.835950       3.836780       3.837610       3.838450       3.839290       3.840130       3.840980       3.841840       3.842700       3.843560       3.844430       3.845310       3.846190       3.847070       3.847960       3.848850       3.849750       3.850660       3.851560       3.852470       3.853390       3.854310    
   3.831370       3.832180       3.833000       3.833810       3.834630       3.835450       3.836280       3.837100       3.837930       3.838770       3.839600       3.840440       3.841290       3.842130       3.842990       3.843840       3.844700       3.845570       3.846440       3.847310       3.848190       3.849080       3.849960       3.850850       3.851750       3.852650       3.853560       3.854460       3.855370       3.856290    
   3.833330       3.834140       3.834960       3.835780       3.836610       3.837430       3.838260       3.839090       3.839920       3.840760       3.841600       3.842440       3.843290       3.844140       3.845000       3.845850       3.846720       3.847580       3.848450       3.849320       3.850200       3.851080       3.851970       3.852860       3.853750       3.854650       3.855550       3.856460       3.857360       3.858270    
   3.835290       3.836110       3.836940       3.837760       3.838590       3.839420       3.840250       3.841090       3.841920       3.842760       3.843600       3.844450       3.845300       3.846150       3.847010       3.847870       3.848730       3.849600       3.850470       3.851340       3.852220       3.853100       3.853980       3.854870       3.855760       3.856660       3.857560       3.858460       3.859360       3.860270    
   3.837260       3.838090       3.838920       3.839750       3.840580       3.841410       3.842250       3.843080       3.843930       3.844770       3.845610       3.846460       3.847310       3.848170       3.849030       3.849890       3.850750       3.851620       3.852490       3.853360       3.854240       3.855120       3.856000       3.856890       3.857780       3.858670       3.859560       3.860460       3.861360       3.862260    
   3.839240       3.840070       3.840900       3.841740       3.842570       3.843410       3.844250       3.845090       3.845930       3.846780       3.847630       3.848480       3.849330       3.850190       3.851050       3.851910       3.852780       3.853640       3.854520       3.855390       3.856260       3.857140       3.858020       3.858910       3.859800       3.860680       3.861580       3.862470       3.863360       3.864260    
   3.841230       3.842060       3.842890       3.843730       3.844570       3.845410       3.846250       3.847100       3.847950       3.848800       3.849650       3.850500       3.851360       3.852220       3.853080       3.853940       3.854810       3.855680       3.856550       3.857420       3.858290       3.859170       3.860050       3.860930       3.861820       3.862700       3.863590       3.864480       3.865370       3.866270    
   3.841230       3.842060       3.843600       3.845730       3.846570       3.847420       3.848270       3.849110       3.849960       3.850820       3.851670       3.852530       3.853390       3.854250       3.855110       3.855970       3.856840       3.857710       3.858580       3.859450       3.860330       3.861200       3.862080       3.862960       3.863840       3.864730       3.865610       3.866500       3.867390       3.868280    
   3.841230       3.843160       3.845730       3.847870       3.848580       3.849430       3.850280       3.851130       3.851990       3.852840       3.853700       3.854560       3.855420       3.856280       3.857150       3.858010       3.858880       3.859750       3.860620       3.861490       3.862360       3.863240       3.864120       3.864990       3.865870       3.866750       3.867640       3.868520       3.869400       3.870290    
   3.842630       3.845730       3.848450       3.849590       3.850600       3.851450       3.852300       3.853160       3.854010       3.854870       3.855730       3.856590       3.857450       3.858320       3.859180       3.860050       3.860920       3.861790       3.862660       3.863530       3.864400       3.865280       3.866150       3.867030       3.867910       3.868780       3.869660       3.870540       3.871420       3.872300    
   3.845730       3.848720       3.850090       3.850600       3.851840       3.853470       3.854320       3.855180       3.856040       3.856900       3.857770       3.858630       3.859490       3.860360       3.861230       3.862100       3.862960       3.863830       3.864700       3.865580       3.866450       3.867320       3.868200       3.869070       3.869940       3.870820       3.871690       3.872570       3.873450       3.874320    
   3.848850       3.850350       3.850600       3.851970       3.853470       3.854710       3.856350       3.857210       3.858080       3.858940       3.859800       3.860670       3.861540       3.862400       3.863270       3.864140       3.865010       3.865880       3.866750       3.867620       3.868500       3.869370       3.870240       3.871110       3.871980       3.872860       3.873730       3.874600       3.875470       3.876350    
   3.850470       3.850600       3.852010       3.853470       3.854840       3.856350       3.856780       3.857210       3.858800       3.860980       3.861840       3.862710       3.863580       3.864450       3.865320       3.866190       3.867060       3.867930       3.868800       3.869670       3.870540       3.871420       3.872290       3.873160       3.874030       3.874900       3.875760       3.876630       3.877500       3.878370    
   3.850600       3.852030       3.853470       3.854890       3.856350       3.856560       3.856780       3.858440       3.860980       3.861410       3.863420       3.864760       3.865630       3.866500       3.867370       3.868240       3.869110       3.869990       3.870860       3.871730       3.872600       3.873470       3.874330       3.875200       3.876070       3.876940       3.877800       3.878670       3.879530       3.880400    
   3.852030       3.853470       3.854900       3.856350       3.856460       3.856570       3.858190       3.860980       3.861200       3.863680       3.865790       3.866810       3.867680       3.868550       3.869420       3.870300       3.871170       3.872040       3.872910       3.873780       3.874650       3.875520       3.876390       3.877250       3.878120       3.878980       3.879840       3.880700       3.881570       3.882420    
   3.853470       3.854910       3.856350       3.856400       3.856460       3.858050       3.860980       3.861090       3.863790       3.866300       3.866810       3.867250       3.868410       3.870610       3.871480       3.872350       3.873230       3.874100       3.874970       3.875840       3.876710       3.877570       3.878440       3.879300       3.880160       3.881030       3.881880       3.882740       3.883600       3.884450    
   3.854910       3.856350       3.856380       3.856400       3.857970       3.860980       3.861030       3.863840       3.866550       3.866810       3.867030       3.868270       3.870610       3.871050       3.871480       3.872350       3.873230       3.874100       3.876550       3.877900       3.878760       3.879630       3.880490       3.881350       3.882210       3.883070       3.883930       3.884780       3.885640       3.886490    
   3.856350       3.856360       3.856380       3.857930       3.860980       3.861010       3.863870       3.866680       3.866810       3.866920       3.868180       3.870610       3.870830       3.871050       3.871630       3.872350       3.873230       3.876550       3.878920       3.879950       3.880820       3.881690       3.882550       3.883410       3.884260       3.885120       3.885970       3.886820       3.887670       3.888520    
   3.856360       3.856360       3.857910       3.860980       3.860990       3.863880       3.866750       3.866810       3.866860       3.868130       3.870610       3.870720       3.870830       3.871170       3.871670       3.872400       3.876300       3.879440       3.879950       3.881220       3.882880       3.883740       3.884600       3.885460       3.886320       3.887170       3.888020       3.888860       3.889710       3.890550    
   3.856360       3.857900       3.860980       3.860990       3.863890       3.866780       3.866810       3.866840       3.868100       3.870610       3.870660       3.870720       3.870900       3.871220       3.871750       3.877240       3.879690       3.879950       3.883530       3.884940       3.885460       3.885800       3.886660       3.887520       3.888370       3.889220       3.890060       3.890910       3.891750       3.892580    
   3.857900       3.860980       3.860980       3.863890       3.866790       3.866810       3.866820       3.868090       3.870610       3.870640       3.870660       3.870760       3.870950       3.877360       3.882320       3.886140       3.886140       3.886670       3.887340       3.888030       3.887000       3.887860       3.888720       3.889570       3.890420       3.891270       3.892110       3.892950       3.893780       3.894620    
   3.860980       3.860980       3.863890       3.866800       3.866810       3.866820       3.868080       3.870610       3.870620       3.870640       3.870690       3.870790       3.882080       3.895620       3.895560       3.891990       3.892580       3.892320       3.890210       3.889060       3.889060       3.889920       3.890770       3.891620       3.892470       3.893310       3.894150       3.894990       3.895820       3.896650    
   3.860980       3.863890       3.866810       3.866810       3.866810       3.868080       3.870610       3.870620       3.870620       3.870650       3.882760       3.900850       3.897420       3.895690       3.895690       3.895560       3.893670       3.892830       3.892320       3.891420       3.891120       3.891980       3.892830       3.893680       3.894520       3.895360       3.896200       3.897030       3.897860       3.898680    
   3.863890       3.866810       3.866810       3.866810       3.868080       3.870610       3.870610       3.870620       3.870630       3.885150       3.900850       3.900850       3.900850       3.897510       3.895820       3.895820       3.895560       3.893970       3.893340       3.892320       3.893180       3.894030       3.894880       3.895730       3.896570       3.897410       3.898240       3.899070       3.899890       3.900710    
   3.866810       3.866810       3.866810       3.868080       3.870610       3.870610       3.870610       3.880500       3.890230       3.900860       3.900850       3.900850       3.900850       3.900850       3.897700       3.896070       3.896080       3.895560       3.894670       3.894370       3.895230       3.896090       3.896940       3.897780       3.898620       3.899450       3.900280       3.901100       3.901920       3.902740    
   3.866810       3.866810       3.868080       3.870610       3.870610       3.886880       3.911270       3.910710       3.910140       3.903960       3.900870       3.900850       3.900850       3.900850       3.900850       3.898070       3.896590       3.896590       3.895560       3.896430       3.897290       3.898140       3.898990       3.899830       3.900670       3.901500       3.902320       3.903140       3.903950       3.904760    
   3.866810       3.868080       3.870610       3.870610       3.890130       3.911270       3.911270       3.911270       3.910710       3.910140       3.903990       3.900900       3.900850       3.900850       3.900850       3.900850       3.898760       3.897620       3.897620       3.898480       3.899340       3.900190       3.901040       3.901880       3.902710       3.903540       3.904360       3.905170       3.905980       3.906790    
