iMOD/TUTORIALS/TUT_MetaswapAnalyser/model_MetaSWAP/meteo/Evaporation/Evaporation_20061006_L1.ASC
NCOLS                30
NROWS                30
XLLCORNER     160000.00
YLLCORNER     340000.00
CELLSIZE        1000.00
NODATA_VALUE   -9999.00
  0.5697500      0.5701700      0.5705600      0.5709200      0.5712600      0.5715700      0.5718600      0.5721200      0.5723600      0.5725800      0.5727800      0.5729600      0.5731300      0.5732700      0.5734000      0.5735200      0.5736200      0.5737100      0.5737800      0.5738400      0.5738900      0.5739300      0.5739600      0.5739800      0.5739900      0.5740000      0.5739900      0.5739700      0.5739500      0.5739200    
  0.5734500      0.5738800      0.5742900      0.5746600      0.5750100      0.5753300      0.5756300      0.5759100      0.5761600      0.5763900      0.5766000      0.5767900      0.5769600      0.5771200      0.5772600      0.5773800      0.5774900      0.5775900      0.5776700      0.5777300      0.5777900      0.5778300      0.5778700      0.5778900      0.5779000      0.5779000      0.5779000      0.5778800      0.5778600      0.5778300    
  0.5771500      0.5775900      0.5780000      0.5783900      0.5787500      0.5790900      0.5794000      0.5796800      0.5799500      0.5801900      0.5804100      0.5806100      0.5807900      0.5809600      0.5811100      0.5812400      0.5813500      0.5814600      0.5815400      0.5816200      0.5816800      0.5817200      0.5817600      0.5817900      0.5818000      0.5818100      0.5818000      0.5817800      0.5817600      0.5817300    
  0.5808400      0.5812900      0.5817100      0.5821100      0.5824800      0.5828300      0.5831500      0.5834500      0.5837200      0.5839800      0.5842100      0.5844200      0.5846100      0.5847900      0.5849500      0.5850900      0.5852100      0.5853200      0.5854100      0.5854900      0.5855600      0.5856100      0.5856500      0.5856800      0.5856900      0.5857000      0.5856900      0.5856800      0.5856600      0.5856200    
  0.5845200      0.5849800      0.5854200      0.5858300      0.5862100      0.5865700      0.5869000      0.5872100      0.5874900      0.5877600      0.5880000      0.5882200      0.5884300      0.5886100      0.5887700      0.5889200      0.5890500      0.5891700      0.5892700      0.5893500      0.5894300      0.5894800      0.5895300      0.5895600      0.5895800      0.5895800      0.5895800      0.5895700      0.5895400      0.5895100    
  0.5882000      0.5886700      0.5891100      0.5895300      0.5899300      0.5902900      0.5906400      0.5909600      0.5912600      0.5915300      0.5917800      0.5920200      0.5922300      0.5924200      0.5926000      0.5927500      0.5928900      0.5930100      0.5931200      0.5932100      0.5932900      0.5933500      0.5934000      0.5934300      0.5934500      0.5934600      0.5934600      0.5934500      0.5934200      0.5933900    
  0.5918600      0.5923500      0.5928000      0.5932300      0.5936400      0.5940200      0.5943700      0.5947000      0.5950100      0.5952900      0.5955600      0.5958000      0.5960200      0.5962200      0.5964100      0.5965700      0.5967200      0.5968500      0.5969600      0.5970600      0.5971400      0.5972100      0.5972600      0.5973000      0.5973200      0.5973300      0.5973300      0.5973200      0.5973000      0.5972600    
  0.5955300      0.5960200      0.5964800      0.5969200      0.5973400      0.5977300      0.5980900      0.5984400      0.5987500      0.5990500      0.5993200      0.5995800      0.5998100      0.6000200      0.6002100      0.6003800      0.6005400      0.6006700      0.6007900      0.6009000      0.6009800      0.6010500      0.6011100      0.6011500      0.6011800      0.6011900      0.6012000      0.6011800      0.6011600      0.6011300    
  0.5991800      0.5996800      0.6001600      0.6006100      0.6010300      0.6014300      0.6018100      0.6021600      0.6024900      0.6028000      0.6030800      0.6033400      0.6035800      0.6038000      0.6040000      0.6041800      0.6043500      0.6044900      0.6046200      0.6047300      0.6048200      0.6048900      0.6049500      0.6050000      0.6050300      0.6050500      0.6050500      0.6050400      0.6050200      0.6049800    
  0.6028300      0.6033400      0.6038200      0.6042800      0.6047200      0.6051300      0.6055200      0.6058800      0.6062200      0.6065300      0.6068300      0.6071000      0.6073500      0.6075800      0.6077900      0.6079800      0.6081500      0.6083000      0.6084300      0.6085500      0.6086400      0.6087200      0.6087900      0.6088400      0.6088700      0.6088900      0.6089000      0.6088900      0.6088700      0.6088300    
  0.6028200      0.6033300      0.6048470      0.6079500      0.6084000      0.6088200      0.6092100      0.6095900      0.6099400      0.6102600      0.6105700      0.6108500      0.6111100      0.6113500      0.6115600      0.6117600      0.6119400      0.6121000      0.6122400      0.6123600      0.6124600      0.6125500      0.6126200      0.6126700      0.6127000      0.6127300      0.6127300      0.6127200      0.6127000      0.6126700    
  0.6028110      0.6047370      0.6079500      0.6110370      0.6120700      0.6125000      0.6129100      0.6132900      0.6136500      0.6139800      0.6143000      0.6145900      0.6148600      0.6151100      0.6153300      0.6155400      0.6157200      0.6158900      0.6160300      0.6161600      0.6162700      0.6163600      0.6164300      0.6164900      0.6165300      0.6165500      0.6165600      0.6165500      0.6165300      0.6165000    
  0.6044430      0.6079500      0.6121540      0.6139000      0.6157300      0.6161700      0.6165900      0.6169800      0.6173500      0.6177000      0.6180200      0.6183200      0.6186000      0.6188500      0.6190900      0.6193000      0.6195000      0.6196700      0.6198200      0.6199500      0.6200700      0.6201600      0.6202400      0.6203000      0.6203400      0.6203700      0.6203800      0.6203700      0.6203500      0.6203200    
  0.6079500      0.6126620      0.6148150      0.6157300      0.6172470      0.6198400      0.6202600      0.6206700      0.6210400      0.6214000      0.6217300      0.6220400      0.6223300      0.6225900      0.6228400      0.6230600      0.6232600      0.6234400      0.6236000      0.6237400      0.6238600      0.6239600      0.6240400      0.6241000      0.6241500      0.6241800      0.6241900      0.6241800      0.6241600      0.6241300    
  0.6129040      0.6152730      0.6157300      0.6176060      0.6198400      0.6213430      0.6239300      0.6243400      0.6247300      0.6250900      0.6254400      0.6257600      0.6260500      0.6263300      0.6265800      0.6268100      0.6270100      0.6272000      0.6273700      0.6275100      0.6276400      0.6277400      0.6278300      0.6278900      0.6279400      0.6279700      0.6279900      0.6279800      0.6279600      0.6279300    
  0.6155010      0.6157300      0.6177250      0.6198400      0.6217040      0.6239300      0.6241350      0.6243330      0.6257350      0.6287800      0.6291300      0.6294600      0.6297600      0.6300500      0.6303100      0.6305400      0.6307600      0.6309500      0.6311200      0.6312700      0.6314000      0.6315100      0.6316000      0.6316800      0.6317300      0.6317600      0.6317800      0.6317700      0.6317600      0.6317200    
  0.6157300      0.6177650      0.6198400      0.6218250      0.6239300      0.6240320      0.6241330      0.6257460      0.6287800      0.6289550      0.6314720      0.6331500      0.6334700      0.6337600      0.6340300      0.6342700      0.6344900      0.6346900      0.6348700      0.6350300      0.6351600      0.6352800      0.6353700      0.6354500      0.6355000      0.6355400      0.6355500      0.6355500      0.6355400      0.6355000    
  0.6177780      0.6198400      0.6218650      0.6239300      0.6239810      0.6240320      0.6256730      0.6287800      0.6288680      0.6322080      0.6349950      0.6368400      0.6371600      0.6374600      0.6377400      0.6379900      0.6382200      0.6384300      0.6386100      0.6387700      0.6389100      0.6390300      0.6391300      0.6392100      0.6392700      0.6393000      0.6393200      0.6393200      0.6393000      0.6392700    
  0.6198400      0.6218780      0.6239300      0.6239560      0.6239810      0.6256160      0.6287800      0.6288240      0.6325230      0.6359170      0.6368400      0.6370000      0.6381520      0.6411500      0.6414400      0.6417000      0.6419300      0.6421500      0.6423400      0.6425100      0.6426500      0.6427800      0.6428800      0.6429600      0.6430200      0.6430600      0.6430800      0.6430800      0.6430600      0.6430300    
  0.6218830      0.6239300      0.6239430      0.6239560      0.6255830      0.6287800      0.6288020      0.6326690      0.6363790      0.6368400      0.6369200      0.6382860      0.6411500      0.6412950      0.6414300      0.6416900      0.6419270      0.6421400      0.6446340      0.6462300      0.6463800      0.6465100      0.6466100      0.6467000      0.6467600      0.6468000      0.6468300      0.6468300      0.6468100      0.6467800    
  0.6239300      0.6239360      0.6239430      0.6255650      0.6287800      0.6287910      0.6327400      0.6366090      0.6368400      0.6368800      0.6382990      0.6411500      0.6412220      0.6412920      0.6414720      0.6416820      0.6419190      0.6453450      0.6480850      0.6499400      0.6501000      0.6502300      0.6503400      0.6504300      0.6504900      0.6505400      0.6505600      0.6505600      0.6505500      0.6505100    
  0.6239330      0.6239360      0.6255560      0.6287800      0.6287850      0.6327750      0.6367250      0.6368400      0.6368600      0.6382920      0.6411500      0.6411860      0.6412210      0.6413290      0.6414820      0.6416910      0.6455800      0.6490130      0.6499400      0.6512800      0.6538000      0.6539400      0.6540500      0.6541400      0.6542100      0.6542600      0.6542800      0.6542900      0.6542700      0.6542300    
  0.6239330      0.6255510      0.6287800      0.6287830      0.6327930      0.6367820      0.6368400      0.6368500      0.6382860      0.6411500      0.6411680      0.6411860      0.6412450      0.6413440      0.6415000      0.6478360      0.6494760      0.6499400      0.6554310      0.6574900      0.6575760      0.6576400      0.6577600      0.6578500      0.6579200      0.6579700      0.6579900      0.6580000      0.6579800      0.6579400    
  0.6255490      0.6287800      0.6287810      0.6328010      0.6368110      0.6368400      0.6368450      0.6382810      0.6411500      0.6411590      0.6411680      0.6412000      0.6412580      0.6507670      0.6570640      0.6609470      0.6609500      0.6612820      0.6617830      0.6630150      0.6611800      0.6613200      0.6614500      0.6615400      0.6616200      0.6616600      0.6616900      0.6617000      0.6616800      0.6616400    
  0.6287800      0.6287810      0.6328060      0.6368260      0.6368400      0.6368420      0.6382790      0.6411500      0.6411550      0.6411590      0.6411760      0.6412090      0.6583040      0.6790920      0.6789800      0.6717790      0.6724140      0.6719600      0.6672960      0.6648430      0.6648500      0.6650000      0.6651200      0.6652200      0.6653000      0.6653500      0.6653800      0.6653800      0.6653600      0.6653300    
  0.6287800      0.6328080      0.6368330      0.6368400      0.6368410      0.6382780      0.6411500      0.6411520      0.6411550      0.6411630      0.6604810      0.6894300      0.6826310      0.6792040      0.6792040      0.6789800      0.6747740      0.6728670      0.6719600      0.6693650      0.6685000      0.6686600      0.6687900      0.6688900      0.6689700      0.6690200      0.6690500      0.6690500      0.6690300      0.6690000    
  0.6328090      0.6368360      0.6368400      0.6368410      0.6382770      0.6411500      0.6411510      0.6411520      0.6411570      0.6643320      0.6894300      0.6894300      0.6894300      0.6827960      0.6794290      0.6794290      0.6789800      0.6752870      0.6737750      0.6719600      0.6721500      0.6723100      0.6724400      0.6725400      0.6726200      0.6726800      0.6727100      0.6727100      0.6726900      0.6726500    
  0.6368380      0.6368400      0.6368400      0.6382770      0.6411500      0.6411510      0.6411510      0.6575150      0.6729770      0.6894400      0.6894300      0.6894300      0.6894300      0.6894300      0.6831220      0.6798770      0.6798780      0.6789800      0.6764320      0.6755900      0.6757800      0.6759400      0.6760800      0.6761800      0.6762700      0.6763200      0.6763500      0.6763500      0.6763300      0.6762900    
  0.6368400      0.6368400      0.6382770      0.6411500      0.6411500      0.6685560      0.7096600      0.7081300      0.7066000      0.6951800      0.6894590      0.6894300      0.6894300      0.6894300      0.6894300      0.6837530      0.6807730      0.6807750      0.6789800      0.6792000      0.6794000      0.6795600      0.6797000      0.6798100      0.6798900      0.6799500      0.6799800      0.6799800      0.6799600      0.6799200    
  0.6368400      0.6382770      0.6411500      0.6411500      0.6740400      0.7096670      0.7096670      0.7096600      0.7081300      0.7066000      0.6952290      0.6895170      0.6894300      0.6894300      0.6894300      0.6894300      0.6849320      0.6825630      0.6825700      0.6828000      0.6830000      0.6831700      0.6833100      0.6834200      0.6835100      0.6835600      0.6835900      0.6835900      0.6835700      0.6835300    
