iMOD/TUTORIALS/TUT_MetaswapAnalyser/model_MetaSWAP/meteo/Evaporation/Evaporation_20050528_L1.ASC
NCOLS                30
NROWS                30
XLLCORNER     160000.00
YLLCORNER     340000.00
CELLSIZE        1000.00
NODATA_VALUE   -9999.00
   4.798410       4.800890       4.803350       4.805810       4.808270       4.810720       4.813150       4.815580       4.818000       4.820400       4.822790       4.825160       4.827520       4.829860       4.832180       4.834480       4.836760       4.839020       4.841260       4.843470       4.845660       4.847830       4.849970       4.852090       4.854170       4.856230       4.858260       4.860260       4.862240       4.864180    
   4.800420       4.802920       4.805410       4.807890       4.810370       4.812830       4.815290       4.817730       4.820160       4.822580       4.824980       4.827370       4.829740       4.832090       4.834430       4.836740       4.839030       4.841300       4.843550       4.845770       4.847970       4.850140       4.852280       4.854400       4.856490       4.858560       4.860590       4.862590       4.864560       4.866510    
   4.802450       4.804970       4.807490       4.809990       4.812490       4.814970       4.817450       4.819910       4.822360       4.824790       4.827210       4.829610       4.831990       4.834360       4.836700       4.839030       4.841330       4.843610       4.845860       4.848090       4.850300       4.852470       4.854620       4.856750       4.858840       4.860910       4.862940       4.864940       4.866920       4.868860    
   4.804510       4.807050       4.809590       4.812120       4.814630       4.817140       4.819630       4.822110       4.824570       4.827020       4.829460       4.831870       4.834270       4.836650       4.839000       4.841340       4.843650       4.845940       4.848200       4.850440       4.852650       4.854830       4.856990       4.859110       4.861210       4.863280       4.865320       4.867320       4.869290       4.871240    
   4.806590       4.809150       4.811710       4.814260       4.816800       4.819320       4.821830       4.824330       4.826810       4.829280       4.831730       4.834160       4.836570       4.838960       4.841330       4.843670       4.845990       4.848290       4.850560       4.852810       4.855020       4.857210       4.859370       4.861500       4.863610       4.865680       4.867710       4.869720       4.871690       4.873640    
   4.808680       4.811270       4.813860       4.816430       4.818990       4.821530       4.824060       4.826580       4.829080       4.831560       4.834020       4.836470       4.838890       4.841290       4.843670       4.846030       4.848360       4.850670       4.852950       4.855200       4.857420       4.859620       4.861780       4.863920       4.866020       4.868090       4.870130       4.872140       4.874120       4.876060    
   4.810800       4.813410       4.816020       4.818610       4.821190       4.823760       4.826310       4.828840       4.831360       4.833860       4.836340       4.838800       4.841240       4.843650       4.846040       4.848410       4.850750       4.853070       4.855350       4.857610       4.859840       4.862040       4.864210       4.866350       4.868460       4.870530       4.872570       4.874580       4.876560       4.878500    
   4.812930       4.815570       4.818200       4.820810       4.823420       4.826000       4.828570       4.831120       4.833660       4.836180       4.838670       4.841140       4.843600       4.846030       4.848430       4.850810       4.853160       4.855480       4.857780       4.860050       4.862280       4.864490       4.866660       4.868810       4.870920       4.872990       4.875030       4.877040       4.879020       4.880960    
   4.815070       4.817740       4.820390       4.823030       4.825660       4.828260       4.830850       4.833420       4.835980       4.838510       4.841020       4.843510       4.845980       4.848420       4.850830       4.853220       4.855590       4.857920       4.860220       4.862500       4.864740       4.866950       4.869130       4.871280       4.873390       4.875470       4.877510       4.879520       4.881500       4.883430    
   4.817230       4.819930       4.822600       4.825260       4.827910       4.830540       4.833150       4.835740       4.838310       4.840860       4.843390       4.845890       4.848370       4.850830       4.853260       4.855660       4.858030       4.860370       4.862680       4.864970       4.867220       4.869430       4.871620       4.873770       4.875880       4.877960       4.880010       4.882020       4.883990       4.885930    
   4.817230       4.819920       4.823820       4.827510       4.830180       4.832830       4.835460       4.838070       4.840660       4.843220       4.845770       4.848290       4.850780       4.853250       4.855690       4.858100       4.860490       4.862840       4.865160       4.867450       4.869710       4.871930       4.874120       4.876270       4.878390       4.880470       4.882520       4.884530       4.886500       4.888440    
   4.817220       4.822120       4.827510       4.831220       4.832460       4.835130       4.837780       4.840410       4.843020       4.845600       4.848160       4.850700       4.853210       4.855690       4.858140       4.860570       4.862960       4.865320       4.867650       4.869950       4.872210       4.874440       4.876630       4.878790       4.880910       4.883000       4.885040       4.887050       4.889020       4.890960    
   4.820340       4.827510       4.831770       4.833600       4.834750       4.837440       4.840110       4.842760       4.845390       4.847990       4.850570       4.853120       4.855640       4.858140       4.860610       4.863040       4.865450       4.867820       4.870160       4.872460       4.874730       4.876960       4.879160       4.881320       4.883450       4.885530       4.887580       4.889590       4.891560       4.893490    
   4.827510       4.832050       4.834180       4.834750       4.837320       4.839760       4.842450       4.845120       4.847770       4.850390       4.852980       4.855550       4.858090       4.860600       4.863080       4.865530       4.867940       4.870320       4.872670       4.874980       4.877260       4.879500       4.881700       4.883870       4.885990       4.888080       4.890130       4.892140       4.894110       4.896040    
   4.832190       4.834460       4.834750       4.837280       4.839760       4.842340       4.844800       4.847490       4.850160       4.852790       4.855410       4.857990       4.860550       4.863070       4.865560       4.868020       4.870450       4.872840       4.875200       4.877520       4.879800       4.882050       4.884250       4.886420       4.888550       4.890640       4.892690       4.894700       4.896670       4.898600    
   4.834610       4.834750       4.837260       4.839760       4.842300       4.844800       4.846140       4.847480       4.851410       4.855210       4.857840       4.860440       4.863010       4.865550       4.868060       4.870530       4.872970       4.875370       4.877730       4.880060       4.882350       4.884600       4.886810       4.888980       4.891120       4.893210       4.895260       4.897260       4.899230       4.901160    
   4.834750       4.837260       4.839760       4.842290       4.844800       4.845470       4.846140       4.850060       4.855210       4.856520       4.860350       4.862890       4.865480       4.868030       4.870550       4.873040       4.875490       4.877900       4.880280       4.882610       4.884910       4.887160       4.889380       4.891560       4.893690       4.895780       4.897830       4.899840       4.901810       4.903730    
   4.837260       4.839760       4.842280       4.844800       4.845140       4.845470       4.849220       4.855210       4.855870       4.860310       4.864120       4.865350       4.867960       4.870520       4.873060       4.875560       4.878020       4.880440       4.882820       4.885170       4.887470       4.889740       4.891960       4.894130       4.896270       4.898360       4.900410       4.902420       4.904380       4.906310    
   4.839760       4.842280       4.844800       4.844970       4.845140       4.848760       4.855210       4.855540       4.860290       4.864730       4.865350       4.866650       4.869210       4.873020       4.875570       4.878080       4.880550       4.882980       4.885380       4.887730       4.890040       4.892310       4.894540       4.896720       4.898860       4.900950       4.903000       4.905010       4.906970       4.908890    
   4.842280       4.844800       4.844880       4.844970       4.848520       4.855210       4.855370       4.860290       4.865040       4.865350       4.866000       4.868560       4.873020       4.874300       4.875560       4.878070       4.880540       4.882970       4.887850       4.890300       4.892610       4.894890       4.897120       4.899300       4.901440       4.903540       4.905590       4.907600       4.909560       4.911470    
   4.844800       4.844840       4.844880       4.848390       4.855210       4.855290       4.860280       4.865200       4.865350       4.865680       4.868230       4.873020       4.873660       4.874290       4.875970       4.878050       4.880520       4.887160       4.891580       4.892870       4.895190       4.897470       4.899700       4.901890       4.904040       4.906130       4.908180       4.910190       4.912140       4.914060    
   4.844820       4.844840       4.848330       4.855210       4.855250       4.860280       4.865270       4.865350       4.865510       4.868070       4.873020       4.873340       4.873660       4.874640       4.876110       4.878180       4.886170       4.892230       4.892870       4.895280       4.897770       4.900050       4.902290       4.904480       4.906630       4.908730       4.910780       4.912780       4.914730       4.916640    
   4.844820       4.848300       4.855210       4.855230       4.860280       4.865310       4.865350       4.865430       4.867990       4.873020       4.873180       4.873340       4.873880       4.874800       4.876310       4.886710       4.892550       4.892870       4.898170       4.900340       4.901720       4.902630       4.904880       4.907070       4.909220       4.911320       4.913370       4.915370       4.917320       4.919230    
   4.848290       4.855210       4.855220       4.860280       4.865330       4.865350       4.865390       4.867950       4.873020       4.873100       4.873180       4.873470       4.874010       4.883960       4.892770       4.900550       4.900550       4.901830       4.903350       4.904200       4.902920       4.905210       4.907460       4.909660       4.911810       4.913910       4.915960       4.917960       4.919910       4.921810    
   4.855210       4.855220       4.860280       4.865340       4.865350       4.865370       4.867930       4.873020       4.873060       4.873100       4.873250       4.873550       4.890680       4.910950       4.910870       4.907360       4.908560       4.908240       4.906510       4.905490       4.905490       4.907790       4.910040       4.912250       4.914400       4.916500       4.918540       4.920540       4.922490       4.924390    
   4.855210       4.860280       4.865350       4.865350       4.865360       4.867920       4.873020       4.873040       4.873060       4.873140       4.890310       4.915830       4.912640       4.911030       4.911030       4.910870       4.909460       4.908870       4.908240       4.908100       4.908050       4.910360       4.912620       4.914830       4.916980       4.919080       4.921130       4.923120       4.925060       4.926960    
   4.860280       4.865350       4.865350       4.865360       4.867910       4.873020       4.873030       4.873040       4.873080       4.893630       4.915830       4.915830       4.915830       4.912760       4.911180       4.911180       4.910870       4.909860       4.909510       4.908240       4.910610       4.912930       4.915190       4.917400       4.919550       4.921650       4.923700       4.925690       4.927630       4.929520    
   4.865350       4.865350       4.865350       4.867910       4.873020       4.873020       4.873030       4.886080       4.899960       4.915840       4.915830       4.915830       4.915830       4.915830       4.912990       4.911500       4.911500       4.910870       4.910800       4.910780       4.913160       4.915490       4.917760       4.919970       4.922120       4.924220       4.926260       4.928250       4.930190       4.932080    
   4.865350       4.865350       4.867910       4.873020       4.873020       4.893710       4.924740       4.924960       4.925190       4.918970       4.915850       4.915830       4.915830       4.915830       4.915830       4.913440       4.912120       4.912130       4.910870       4.913320       4.915700       4.918040       4.920310       4.922520       4.924680       4.926780       4.928820       4.930810       4.932740       4.934620    
   4.865350       4.867910       4.873020       4.873020       4.897850       4.924740       4.924740       4.924740       4.924970       4.925190       4.919000       4.915890       4.915830       4.915830       4.915830       4.915830       4.914300       4.913380       4.913380       4.915840       4.918240       4.920570       4.922850       4.925070       4.927220       4.929320       4.931360       4.933350       4.935270       4.937150    
