iMOD/TUTORIALS/TUT_MetaswapAnalyser/model_MetaSWAP/meteo/Evaporation/Evaporation_20061001_L1.ASC
NCOLS                30
NROWS                30
XLLCORNER     160000.00
YLLCORNER     340000.00
CELLSIZE        1000.00
NODATA_VALUE   -9999.00
   1.161750       1.159460       1.157170       1.154870       1.152580       1.150300       1.148030       1.145760       1.143520       1.141280       1.139070       1.136880       1.134710       1.132570       1.130450       1.128370       1.126310       1.124280       1.122290       1.120330       1.118410       1.116530       1.114680       1.112870       1.111100       1.109360       1.107670       1.106010       1.104400       1.102830    
   1.162270       1.159970       1.157680       1.155380       1.153090       1.150810       1.148530       1.146270       1.144020       1.141790       1.139570       1.137380       1.135210       1.133060       1.130950       1.128860       1.126800       1.124770       1.122770       1.120810       1.118880       1.116990       1.115130       1.113320       1.111540       1.109800       1.108100       1.106430       1.104810       1.103230    
   1.162760       1.160460       1.158160       1.155860       1.153570       1.151290       1.149010       1.146750       1.144500       1.142260       1.140050       1.137850       1.135680       1.133530       1.131410       1.129320       1.127260       1.125220       1.123220       1.121260       1.119320       1.117430       1.115570       1.113740       1.111960       1.110210       1.108500       1.106830       1.105200       1.103610    
   1.163220       1.160920       1.158620       1.156320       1.154030       1.151740       1.149460       1.147200       1.144950       1.142710       1.140500       1.138300       1.136130       1.133980       1.131850       1.129760       1.127690       1.125660       1.123650       1.121680       1.119740       1.117840       1.115980       1.114150       1.112360       1.110600       1.108890       1.107210       1.105580       1.103980    
   1.163660       1.161360       1.159050       1.156750       1.154460       1.152170       1.149890       1.147630       1.145370       1.143140       1.140920       1.138720       1.136550       1.134400       1.132270       1.130170       1.128100       1.126060       1.124060       1.122080       1.120140       1.118240       1.116360       1.114530       1.112730       1.110980       1.109260       1.107570       1.105930       1.104320    
   1.164080       1.161770       1.159470       1.157160       1.154870       1.152580       1.150300       1.148030       1.145780       1.143540       1.141320       1.139120       1.136940       1.134790       1.132660       1.130560       1.128490       1.126450       1.124440       1.122460       1.120520       1.118610       1.116730       1.114890       1.113090       1.111330       1.109600       1.107910       1.106260       1.104650    
   1.164480       1.162170       1.159860       1.157550       1.155250       1.152960       1.150680       1.148410       1.146150       1.143920       1.141700       1.139490       1.137320       1.135160       1.133030       1.130930       1.128860       1.126810       1.124800       1.122820       1.120870       1.118960       1.117080       1.115230       1.113430       1.111660       1.109930       1.108240       1.106580       1.104960    
   1.164860       1.162540       1.160230       1.157920       1.155620       1.153320       1.151040       1.148770       1.146510       1.144270       1.142050       1.139850       1.137670       1.135510       1.133380       1.131270       1.129200       1.127150       1.125140       1.123150       1.121200       1.119280       1.117400       1.115560       1.113750       1.111970       1.110240       1.108540       1.106880       1.105260    
   1.165220       1.162900       1.160580       1.158270       1.155960       1.153670       1.151380       1.149110       1.146850       1.144610       1.142380       1.140180       1.138000       1.135840       1.133710       1.131600       1.129520       1.127470       1.125450       1.123470       1.121510       1.119590       1.117710       1.115860       1.114050       1.112270       1.110530       1.108830       1.107160       1.105540    
   1.165570       1.163240       1.160920       1.158600       1.156290       1.153990       1.151700       1.149430       1.147170       1.144920       1.142700       1.140490       1.138310       1.136150       1.134010       1.131900       1.129820       1.127770       1.125750       1.123760       1.121810       1.119880       1.118000       1.116140       1.114330       1.112550       1.110800       1.109100       1.107430       1.105800    
   1.165570       1.163240       1.160420       1.158910       1.156600       1.154300       1.152010       1.149730       1.147460       1.145220       1.142990       1.140780       1.138600       1.136440       1.134300       1.132190       1.130110       1.128050       1.126030       1.124040       1.122080       1.120160       1.118260       1.116410       1.114590       1.112810       1.111060       1.109350       1.107680       1.106040    
   1.165570       1.162040       1.158910       1.157390       1.156890       1.154590       1.152290       1.150010       1.147750       1.145500       1.143270       1.141060       1.138870       1.136710       1.134570       1.132460       1.130370       1.128320       1.126290       1.124300       1.122340       1.120410       1.118520       1.116660       1.114840       1.113050       1.111300       1.109590       1.107910       1.106270    
   1.163600       1.158910       1.157630       1.157030       1.157170       1.154860       1.152560       1.150280       1.148010       1.145760       1.143530       1.141320       1.139130       1.136960       1.134820       1.132710       1.130620       1.128560       1.126530       1.124540       1.122580       1.120650       1.118750       1.116890       1.115070       1.113280       1.111530       1.109810       1.108130       1.106490    
   1.158910       1.157700       1.157100       1.157170       1.155720       1.155120       1.152820       1.150530       1.148260       1.146010       1.143770       1.141560       1.139370       1.137200       1.135050       1.132940       1.130850       1.128790       1.126760       1.124760       1.122800       1.120870       1.118970       1.117110       1.115280       1.113490       1.111740       1.110020       1.108340       1.106690    
   1.157730       1.157140       1.157170       1.156000       1.155120       1.153670       1.153060       1.150770       1.148490       1.146240       1.144000       1.141780       1.139590       1.137420       1.135270       1.133160       1.131060       1.129000       1.126970       1.124970       1.123010       1.121070       1.119170       1.117310       1.115480       1.113690       1.111930       1.110210       1.108530       1.106880    
   1.157150       1.157170       1.156100       1.155120       1.153950       1.153060       1.151910       1.150770       1.147990       1.146450       1.144210       1.141990       1.139800       1.137620       1.135480       1.133360       1.131260       1.129200       1.127170       1.125170       1.123200       1.121260       1.119360       1.117500       1.115670       1.113870       1.112110       1.110390       1.108710       1.107060    
   1.157170       1.156130       1.155120       1.154040       1.153060       1.152490       1.151920       1.149280       1.146450       1.145330       1.143440       1.142190       1.139990       1.137820       1.135670       1.133550       1.131450       1.129390       1.127350       1.125350       1.123380       1.121440       1.119540       1.117670       1.115840       1.114040       1.112280       1.110560       1.108880       1.107230    
   1.156140       1.155120       1.154070       1.153060       1.152770       1.152490       1.150030       1.146450       1.145890       1.143980       1.142280       1.142380       1.140180       1.138000       1.135850       1.133720       1.131620       1.129560       1.127520       1.125520       1.123540       1.121610       1.119700       1.117830       1.116000       1.114200       1.112440       1.110720       1.109030       1.107380    
   1.155120       1.154080       1.153060       1.152920       1.152770       1.150440       1.146450       1.146170       1.144210       1.142330       1.142380       1.141280       1.139680       1.138170       1.136010       1.133880       1.131780       1.129720       1.127680       1.125670       1.123700       1.121760       1.119850       1.117980       1.116150       1.114350       1.112590       1.110860       1.109180       1.107530    
   1.154090       1.153060       1.152990       1.152920       1.150640       1.146450       1.146310       1.144310       1.142360       1.142380       1.141830       1.140380       1.138170       1.137090       1.136020       1.133890       1.131790       1.129730       1.126970       1.125810       1.123840       1.121900       1.119990       1.118120       1.116290       1.114490       1.112730       1.111000       1.109310       1.107660    
   1.153060       1.153020       1.152990       1.150750       1.146450       1.146380       1.144360       1.142370       1.142380       1.142100       1.140690       1.138170       1.137630       1.137090       1.135670       1.133900       1.131800       1.128060       1.125880       1.125950       1.123970       1.122030       1.120120       1.118250       1.116410       1.114610       1.112850       1.111130       1.109440       1.107790    
   1.153040       1.153020       1.150800       1.146450       1.146410       1.144390       1.142370       1.142380       1.142240       1.140840       1.138170       1.137900       1.137630       1.136800       1.135550       1.133790       1.129130       1.125920       1.125950       1.124670       1.124090       1.122150       1.120240       1.118370       1.116530       1.114730       1.112970       1.111240       1.109560       1.107900    
   1.153040       1.150830       1.146450       1.146430       1.144400       1.142380       1.142380       1.142310       1.140910       1.138170       1.138040       1.137900       1.137440       1.136660       1.135380       1.130130       1.125930       1.125950       1.124790       1.124200       1.123030       1.122260       1.120350       1.118480       1.116640       1.114840       1.113080       1.111350       1.109670       1.108010    
   1.150840       1.146450       1.146440       1.144410       1.142380       1.142380       1.142350       1.140940       1.138170       1.138100       1.138040       1.137790       1.137330       1.134560       1.130730       1.126250       1.126260       1.125340       1.124320       1.124360       1.124310       1.122360       1.120450       1.118580       1.116740       1.114940       1.113180       1.111460       1.109770       1.108120    
   1.146450       1.146450       1.144410       1.142380       1.142380       1.142360       1.140960       1.138170       1.138140       1.138100       1.137980       1.137720       1.133440       1.128750       1.128750       1.127220       1.126570       1.126560       1.125080       1.124410       1.124410       1.122460       1.120550       1.118670       1.116840       1.115040       1.113280       1.111550       1.109860       1.108220    
   1.146450       1.144410       1.142380       1.142380       1.142370       1.140970       1.138170       1.138150       1.138140       1.138070       1.135180       1.131040       1.129520       1.128750       1.128750       1.128750       1.127290       1.126580       1.126560       1.125010       1.124500       1.122550       1.120640       1.118760       1.116930       1.115130       1.113360       1.111640       1.109960       1.108310    
   1.144410       1.142380       1.142380       1.142380       1.140970       1.138170       1.138160       1.138150       1.138120       1.134690       1.131040       1.131040       1.131040       1.129520       1.128760       1.128760       1.128750       1.127270       1.126610       1.126560       1.124580       1.122630       1.120720       1.118840       1.117010       1.115210       1.113450       1.111730       1.110040       1.108400    
   1.142380       1.142380       1.142380       1.140970       1.138170       1.138170       1.138160       1.137010       1.134580       1.131040       1.131040       1.131040       1.131040       1.131040       1.129520       1.128770       1.128770       1.128750       1.127170       1.126650       1.124660       1.122710       1.120800       1.118920       1.117090       1.115290       1.113530       1.111810       1.110130       1.108480    
   1.142380       1.142380       1.140980       1.138170       1.138170       1.137250       1.135870       1.134730       1.133590       1.131890       1.131040       1.131040       1.131040       1.131040       1.131040       1.129530       1.128790       1.128790       1.128750       1.126720       1.124740       1.122780       1.120870       1.119000       1.117160       1.115360       1.113610       1.111890       1.110210       1.108560    
   1.142380       1.140980       1.138170       1.138170       1.137070       1.135870       1.135870       1.135870       1.134730       1.133590       1.131890       1.131040       1.131040       1.131040       1.131040       1.131040       1.129520       1.128830       1.128830       1.126800       1.124810       1.122860       1.120940       1.119070       1.117230       1.115440       1.113680       1.111960       1.110290       1.108650    
