iMOD/TUTORIALS/TUT_MetaswapAnalyser/model_MetaSWAP/meteo/Evaporation/Evaporation_20051230_L1.ASC
NCOLS                30
NROWS                30
XLLCORNER     160000.00
YLLCORNER     340000.00
CELLSIZE        1000.00
NODATA_VALUE   -9999.00
  0.2421000      0.2429800      0.2438600      0.2447300      0.2456000      0.2464600      0.2473200      0.2481800      0.2490300      0.2498900      0.2507300      0.2515800      0.2524200      0.2532600      0.2541000      0.2549400      0.2557700      0.2566100      0.2574400      0.2582700      0.2591000      0.2599300      0.2607500      0.2615800      0.2624000      0.2632200      0.2640400      0.2648600      0.2656800      0.2665000    
  0.2424700      0.2433500      0.2442300      0.2451000      0.2459700      0.2468400      0.2477000      0.2485600      0.2494200      0.2502700      0.2511200      0.2519600      0.2528100      0.2536500      0.2544900      0.2553300      0.2561600      0.2570000      0.2578300      0.2586600      0.2594900      0.2603200      0.2611400      0.2619700      0.2627900      0.2636100      0.2644300      0.2652500      0.2660700      0.2668900    
  0.2428300      0.2437200      0.2446000      0.2454700      0.2463500      0.2472100      0.2480800      0.2489400      0.2498000      0.2506500      0.2515000      0.2523500      0.2531900      0.2540400      0.2548800      0.2557200      0.2565500      0.2573900      0.2582200      0.2590500      0.2598800      0.2607100      0.2615300      0.2623600      0.2631800      0.2640000      0.2648200      0.2656400      0.2664600      0.2672700    
  0.2432000      0.2440900      0.2449700      0.2458500      0.2467200      0.2475900      0.2484500      0.2493200      0.2501700      0.2510300      0.2518800      0.2527300      0.2535800      0.2544200      0.2552600      0.2561000      0.2569400      0.2577800      0.2586100      0.2594400      0.2602700      0.2611000      0.2619200      0.2627500      0.2635700      0.2643900      0.2652100      0.2660300      0.2668500      0.2676600    
  0.2435600      0.2444500      0.2453300      0.2462100      0.2470900      0.2479600      0.2488300      0.2496900      0.2505500      0.2514100      0.2522600      0.2531100      0.2539600      0.2548100      0.2556500      0.2564900      0.2573300      0.2581600      0.2590000      0.2598300      0.2606600      0.2614900      0.2623100      0.2631400      0.2639600      0.2647800      0.2656000      0.2664200      0.2672300      0.2680500    
  0.2439300      0.2448200      0.2457000      0.2465800      0.2474600      0.2483300      0.2492000      0.2500700      0.2509300      0.2517900      0.2526400      0.2534900      0.2543400      0.2551900      0.2560300      0.2568700      0.2577100      0.2585500      0.2593800      0.2602200      0.2610500      0.2618700      0.2627000      0.2635200      0.2643500      0.2651700      0.2659900      0.2668000      0.2676200      0.2684300    
  0.2442900      0.2451800      0.2460700      0.2469500      0.2478300      0.2487000      0.2495700      0.2504400      0.2513000      0.2521600      0.2530200      0.2538700      0.2547200      0.2555700      0.2564100      0.2572600      0.2581000      0.2589300      0.2597700      0.2606000      0.2614300      0.2622600      0.2630900      0.2639100      0.2647300      0.2655500      0.2663700      0.2671900      0.2680000      0.2688200    
  0.2446500      0.2455400      0.2464300      0.2473100      0.2481900      0.2490700      0.2499400      0.2508100      0.2516700      0.2525400      0.2533900      0.2542500      0.2551000      0.2559500      0.2567900      0.2576400      0.2584800      0.2593200      0.2601500      0.2609800      0.2618200      0.2626400      0.2634700      0.2643000      0.2651200      0.2659400      0.2667600      0.2675700      0.2683900      0.2692000    
  0.2450100      0.2459000      0.2467900      0.2476800      0.2485600      0.2494400      0.2503100      0.2511800      0.2520500      0.2529100      0.2537700      0.2546200      0.2554800      0.2563300      0.2571700      0.2580200      0.2588600      0.2597000      0.2605300      0.2613700      0.2622000      0.2630300      0.2638600      0.2646800      0.2655000      0.2663200      0.2671400      0.2679600      0.2687700      0.2695800    
  0.2453600      0.2462600      0.2471500      0.2480400      0.2489200      0.2498000      0.2506800      0.2515500      0.2524200      0.2532800      0.2541400      0.2550000      0.2558500      0.2567000      0.2575500      0.2584000      0.2592400      0.2600800      0.2609200      0.2617500      0.2625800      0.2634100      0.2642400      0.2650600      0.2658900      0.2667100      0.2675200      0.2683400      0.2691500      0.2699700    
  0.2453600      0.2462570      0.2474630      0.2484000      0.2492800      0.2501700      0.2510400      0.2519100      0.2527800      0.2536500      0.2545100      0.2553700      0.2562300      0.2570800      0.2579300      0.2587700      0.2596200      0.2604600      0.2613000      0.2621300      0.2629600      0.2637900      0.2646200      0.2654500      0.2662700      0.2670900      0.2679100      0.2687200      0.2695400      0.2703500    
  0.2453590      0.2468700      0.2484000      0.2493350      0.2496500      0.2505300      0.2514100      0.2522800      0.2531500      0.2540200      0.2548800      0.2557400      0.2566000      0.2574500      0.2583000      0.2591500      0.2599900      0.2608400      0.2616700      0.2625100      0.2633400      0.2641700      0.2650000      0.2658300      0.2666500      0.2674700      0.2682900      0.2691000      0.2699200      0.2707300    
  0.2462720      0.2484000      0.2493940      0.2498300      0.2500100      0.2508900      0.2517700      0.2526400      0.2535200      0.2543900      0.2552500      0.2561100      0.2569700      0.2578200      0.2586800      0.2595200      0.2603700      0.2612100      0.2620500      0.2628900      0.2637200      0.2645500      0.2653800      0.2662100      0.2670300      0.2678500      0.2686700      0.2694800      0.2703000      0.2711100    
  0.2484000      0.2494310      0.2499200      0.2500100      0.2507170      0.2512500      0.2521300      0.2530100      0.2538800      0.2547500      0.2556200      0.2564800      0.2573400      0.2582000      0.2590500      0.2599000      0.2607400      0.2615900      0.2624300      0.2632600      0.2641000      0.2649300      0.2657600      0.2665800      0.2674100      0.2682300      0.2690500      0.2698600      0.2706800      0.2714900    
  0.2494510      0.2499650      0.2500100      0.2506590      0.2512500      0.2519570      0.2524900      0.2533700      0.2542400      0.2551200      0.2559800      0.2568500      0.2577100      0.2585600      0.2594200      0.2602700      0.2611200      0.2619600      0.2628000      0.2636400      0.2644700      0.2653100      0.2661400      0.2669600      0.2677900      0.2686100      0.2694200      0.2702400      0.2710500      0.2718600    
  0.2499880      0.2500100      0.2506400      0.2512500      0.2518990      0.2524900      0.2529300      0.2533670      0.2545520      0.2554800      0.2563500      0.2572100      0.2580700      0.2589300      0.2597900      0.2606400      0.2614900      0.2623300      0.2631700      0.2640100      0.2648500      0.2656800      0.2665100      0.2673400      0.2681600      0.2689800      0.2698000      0.2706200      0.2714300      0.2722400    
  0.2500100      0.2506330      0.2512500      0.2518800      0.2524900      0.2527100      0.2529290      0.2540820      0.2554800      0.2559150      0.2569120      0.2575800      0.2584400      0.2593000      0.2601600      0.2610100      0.2618600      0.2627000      0.2635500      0.2643900      0.2652200      0.2660500      0.2668900      0.2677100      0.2685400      0.2693600      0.2701800      0.2709900      0.2718100      0.2726200    
  0.2506310      0.2512500      0.2518730      0.2524900      0.2526000      0.2527100      0.2538000      0.2554800      0.2556970      0.2568010      0.2577600      0.2579400      0.2588000      0.2596700      0.2605200      0.2613800      0.2622300      0.2630700      0.2639200      0.2647600      0.2655900      0.2664300      0.2672600      0.2680900      0.2689100      0.2697300      0.2705500      0.2713700      0.2721800      0.2729900    
  0.2512500      0.2518710      0.2524900      0.2525450      0.2526000      0.2536470      0.2554800      0.2555890      0.2567540      0.2578500      0.2579400      0.2583700      0.2591100      0.2600300      0.2608900      0.2617400      0.2625900      0.2634400      0.2642900      0.2651300      0.2659600      0.2668000      0.2676300      0.2684600      0.2692800      0.2701000      0.2709200      0.2717400      0.2725500      0.2733600    
  0.2518700      0.2524900      0.2525180      0.2525450      0.2535680      0.2554800      0.2555340      0.2567320      0.2578950      0.2579400      0.2581550      0.2588620      0.2600300      0.2604600      0.2608870      0.2617400      0.2625900      0.2634400      0.2648420      0.2654900      0.2663300      0.2671700      0.2680000      0.2688300      0.2696500      0.2704800      0.2712900      0.2721100      0.2729200      0.2737300    
  0.2524900      0.2525040      0.2525170      0.2535280      0.2554800      0.2555070      0.2567210      0.2579170      0.2579400      0.2580470      0.2587470      0.2600300      0.2602450      0.2604590      0.2610290      0.2617390      0.2625900      0.2644810      0.2656750      0.2658600      0.2667000      0.2675400      0.2683700      0.2692000      0.2700200      0.2708400      0.2716600      0.2724800      0.2732900      0.2741000    
  0.2524970      0.2525040      0.2535070      0.2554800      0.2554940      0.2567150      0.2579290      0.2579400      0.2579940      0.2586910      0.2600300      0.2601370      0.2602450      0.2605780      0.2610760      0.2617860      0.2640880      0.2657680      0.2658600      0.2665430      0.2670700      0.2679000      0.2687400      0.2695600      0.2703900      0.2712100      0.2720300      0.2728500      0.2736600      0.2744700    
  0.2524970      0.2534970      0.2554800      0.2554870      0.2567130      0.2579340      0.2579400      0.2579670      0.2586640      0.2600300      0.2600840      0.2601370      0.2603200      0.2606330      0.2611460      0.2639420      0.2658140      0.2658600      0.2669510      0.2674300      0.2679320      0.2682700      0.2691000      0.2699300      0.2707600      0.2715800      0.2724000      0.2732200      0.2740300      0.2748400    
  0.2534920      0.2554800      0.2554830      0.2567110      0.2579370      0.2579400      0.2579530      0.2586500      0.2600300      0.2600570      0.2600840      0.2601800      0.2603630      0.2624970      0.2647150      0.2669440      0.2669450      0.2673650      0.2678500      0.2679700      0.2677900      0.2686300      0.2694600      0.2703000      0.2711200      0.2719400      0.2727600      0.2735800      0.2743900      0.2752000    
  0.2554800      0.2554820      0.2567110      0.2579390      0.2579400      0.2579470      0.2586430      0.2600300      0.2600430      0.2600570      0.2601070      0.2602090      0.2637710      0.2679010      0.2678900      0.2677360      0.2680740      0.2680300      0.2681350      0.2681500      0.2681500      0.2689900      0.2698300      0.2706600      0.2714800      0.2723100      0.2731300      0.2739400      0.2747600      0.2755700    
  0.2554810      0.2567100      0.2579390      0.2579400      0.2579430      0.2586400      0.2600300      0.2600370      0.2600430      0.2600690      0.2633070      0.2680800      0.2679700      0.2679120      0.2679120      0.2678900      0.2680330      0.2681170      0.2680300      0.2683900      0.2685100      0.2693500      0.2701900      0.2710200      0.2718500      0.2726700      0.2734900      0.2743100      0.2751200      0.2759300    
  0.2567100      0.2579400      0.2579400      0.2579420      0.2586380      0.2600300      0.2600330      0.2600370      0.2600500      0.2639160      0.2680800      0.2680800      0.2680800      0.2679860      0.2679340      0.2679340      0.2678900      0.2680960      0.2682050      0.2680300      0.2688700      0.2697100      0.2705500      0.2713800      0.2722100      0.2730300      0.2738500      0.2746700      0.2754800      0.2762900    
  0.2579400      0.2579400      0.2579410      0.2586370      0.2600300      0.2600320      0.2600330      0.2622570      0.2648920      0.2680810      0.2680800      0.2680800      0.2680800      0.2680800      0.2680190      0.2679780      0.2679780      0.2678900      0.2682600      0.2683800      0.2692300      0.2700700      0.2709000      0.2717400      0.2725600      0.2733900      0.2742100      0.2750300      0.2758400      0.2766500    
  0.2579400      0.2579400      0.2586370      0.2600300      0.2600310      0.2633630      0.2683600      0.2686350      0.2689100      0.2683590      0.2680830      0.2680800      0.2680800      0.2680800      0.2680800      0.2680830      0.2680650      0.2680650      0.2678900      0.2687400      0.2695800      0.2704200      0.2712600      0.2720900      0.2729200      0.2737500      0.2745700      0.2753800      0.2762000      0.2770100    
  0.2579400      0.2586370      0.2600300      0.2600300      0.2640290      0.2683610      0.2683610      0.2683600      0.2686350      0.2689100      0.2683640      0.2680880      0.2680800      0.2680800      0.2680800      0.2680800      0.2682110      0.2682400      0.2682400      0.2690900      0.2699300      0.2707800      0.2716100      0.2724500      0.2732800      0.2741000      0.2749200      0.2757400      0.2765500      0.2773600    
