iMOD/TUTORIALS/TUT_MetaswapAnalyser/model_MetaSWAP/meteo/Evaporation/Evaporation_20060208_L1.ASC
NCOLS                30
NROWS                30
XLLCORNER     160000.00
YLLCORNER     340000.00
CELLSIZE        1000.00
NODATA_VALUE   -9999.00
  0.3467000      0.3459300      0.3451700      0.3444200      0.3436800      0.3429400      0.3422100      0.3414800      0.3407600      0.3400300      0.3393100      0.3385800      0.3378500      0.3371100      0.3363700      0.3356200      0.3348700      0.3341100      0.3333500      0.3325700      0.3317900      0.3309900      0.3301900      0.3293800      0.3285500      0.3277200      0.3268800      0.3260300      0.3251700      0.3242900    
  0.3448700      0.3440800      0.3433000      0.3425300      0.3417700      0.3410200      0.3402700      0.3395200      0.3387800      0.3380400      0.3372900      0.3365500      0.3358100      0.3350600      0.3343100      0.3335500      0.3327900      0.3320200      0.3312400      0.3304600      0.3296700      0.3288700      0.3280600      0.3272500      0.3264200      0.3255900      0.3247400      0.3238900      0.3230300      0.3221600    
  0.3430400      0.3422400      0.3414400      0.3406500      0.3398700      0.3390900      0.3383300      0.3375600      0.3368000      0.3360500      0.3352900      0.3345300      0.3337700      0.3330100      0.3322500      0.3314800      0.3307100      0.3299300      0.3291400      0.3283500      0.3275600      0.3267500      0.3259400      0.3251200      0.3242900      0.3234500      0.3226100      0.3217600      0.3208900      0.3200200    
  0.3412200      0.3403900      0.3395800      0.3387700      0.3379700      0.3371800      0.3363900      0.3356100      0.3348400      0.3340600      0.3332900      0.3325200      0.3317400      0.3309700      0.3301900      0.3294100      0.3286300      0.3278400      0.3270500      0.3262500      0.3254500      0.3246400      0.3238200      0.3230000      0.3221700      0.3213300      0.3204800      0.3196300      0.3187600      0.3178900    
  0.3394100      0.3385600      0.3377200      0.3369000      0.3360800      0.3352700      0.3344700      0.3336700      0.3328800      0.3320900      0.3313000      0.3305100      0.3297200      0.3289400      0.3281500      0.3273600      0.3265600      0.3257700      0.3249600      0.3241600      0.3233500      0.3225300      0.3217100      0.3208800      0.3200400      0.3192000      0.3183500      0.3175000      0.3166400      0.3157700    
  0.3376000      0.3367300      0.3358800      0.3350300      0.3342000      0.3333700      0.3325500      0.3317300      0.3309200      0.3301200      0.3293100      0.3285100      0.3277100      0.3269100      0.3261100      0.3253100      0.3245000      0.3236900      0.3228800      0.3220700      0.3212500      0.3204300      0.3196000      0.3187700      0.3179300      0.3170800      0.3162300      0.3153800      0.3145100      0.3136500    
  0.3357900      0.3349100      0.3340400      0.3331700      0.3323200      0.3314700      0.3306400      0.3298000      0.3289800      0.3281500      0.3273400      0.3265200      0.3257000      0.3248900      0.3240800      0.3232600      0.3224500      0.3216300      0.3208100      0.3199900      0.3191600      0.3183300      0.3175000      0.3166600      0.3158200      0.3149700      0.3141200      0.3132600      0.3124000      0.3115300    
  0.3339900      0.3330900      0.3322000      0.3313200      0.3304500      0.3295800      0.3287300      0.3278800      0.3270400      0.3262000      0.3253700      0.3245300      0.3237100      0.3228800      0.3220500      0.3212300      0.3204000      0.3195700      0.3187400      0.3179100      0.3170800      0.3162400      0.3154000      0.3145600      0.3137100      0.3128600      0.3120100      0.3111500      0.3102800      0.3094100    
  0.3322000      0.3312800      0.3303700      0.3294700      0.3285800      0.3277000      0.3268300      0.3259600      0.3251000      0.3242500      0.3234000      0.3225600      0.3217100      0.3208700      0.3200300      0.3192000      0.3183600      0.3175200      0.3166800      0.3158400      0.3150000      0.3141600      0.3133200      0.3124700      0.3116200      0.3107600      0.3099000      0.3090400      0.3081800      0.3073100    
  0.3304100      0.3294700      0.3285500      0.3276300      0.3267200      0.3258300      0.3249400      0.3240500      0.3231800      0.3223100      0.3214500      0.3205900      0.3197300      0.3188800      0.3180200      0.3171700      0.3163300      0.3154800      0.3146300      0.3137800      0.3129300      0.3120800      0.3112300      0.3103800      0.3095200      0.3086700      0.3078000      0.3069400      0.3060700      0.3052000    
  0.3304130      0.3294770      0.3278630      0.3258000      0.3248700      0.3239600      0.3230500      0.3221500      0.3212600      0.3203800      0.3195000      0.3186200      0.3177500      0.3168800      0.3160200      0.3151600      0.3143000      0.3134400      0.3125900      0.3117300      0.3108700      0.3100200      0.3091600      0.3083000      0.3074400      0.3065800      0.3057100      0.3048500      0.3039800      0.3031000    
  0.3304190      0.3283880      0.3258000      0.3237220      0.3230300      0.3220900      0.3211700      0.3202600      0.3193500      0.3184500      0.3175500      0.3166700      0.3157800      0.3149000      0.3140300      0.3131500      0.3122800      0.3114100      0.3105500      0.3096800      0.3088200      0.3079500      0.3070900      0.3062200      0.3053600      0.3044900      0.3036300      0.3027600      0.3018900      0.3010100    
  0.3289940      0.3258000      0.3232060      0.3221100      0.3211900      0.3202400      0.3193000      0.3183700      0.3174500      0.3165300      0.3156200      0.3147200      0.3138200      0.3129300      0.3120400      0.3111500      0.3102700      0.3093900      0.3085200      0.3076400      0.3067700      0.3059000      0.3050300      0.3041600      0.3032900      0.3024200      0.3015500      0.3006700      0.2998000      0.2989300    
  0.3258000      0.3229610      0.3216500      0.3211900      0.3199400      0.3183900      0.3174400      0.3164900      0.3155500      0.3146200      0.3136900      0.3127800      0.3118600      0.3109600      0.3100600      0.3091600      0.3082700      0.3073800      0.3064900      0.3056100      0.3047300      0.3038500      0.3029700      0.3021000      0.3012200      0.3003500      0.2994700      0.2986000      0.2977200      0.2968500    
  0.3228430      0.3214200      0.3211900      0.3198400      0.3183900      0.3171370      0.3155800      0.3146200      0.3136600      0.3127100      0.3117700      0.3108400      0.3099200      0.3090000      0.3080800      0.3071800      0.3062700      0.3053700      0.3044800      0.3035900      0.3027000      0.3018100      0.3009300      0.3000500      0.2991600      0.2982900      0.2974100      0.2965300      0.2956500      0.2947800    
  0.3213050      0.3211900      0.3198070      0.3183900      0.3170360      0.3155800      0.3151000      0.3146200      0.3129520      0.3108200      0.3098600      0.3089200      0.3079800      0.3070500      0.3061200      0.3052000      0.3042900      0.3033800      0.3024700      0.3015700      0.3006700      0.2997800      0.2988900      0.2980000      0.2971200      0.2962300      0.2953500      0.2944700      0.2935900      0.2927100    
  0.3211900      0.3197960      0.3183900      0.3170020      0.3155800      0.3153400      0.3151000      0.3133730      0.3108200      0.3103400      0.3083380      0.3070000      0.3060500      0.3051000      0.3041600      0.3032300      0.3023100      0.3013900      0.3004700      0.2995600      0.2986600      0.2977500      0.2968600      0.2959600      0.2950700      0.2941900      0.2933000      0.2924200      0.2915300      0.2906500    
  0.3197920      0.3183900      0.3169910      0.3155800      0.3154600      0.3153400      0.3136580      0.3108200      0.3105800      0.3081270      0.3060450      0.3050900      0.3041300      0.3031700      0.3022200      0.3012700      0.3003400      0.2994100      0.2984800      0.2975600      0.2966500      0.2957400      0.2948400      0.2939400      0.2930400      0.2921500      0.2912600      0.2903700      0.2894900      0.2886000    
  0.3183900      0.3169870      0.3155800      0.3155200      0.3154600      0.3138200      0.3108200      0.3107000      0.3080370      0.3055680      0.3050900      0.3046100      0.3034070      0.3012400      0.3002800      0.2993200      0.2983700      0.2974300      0.2965000      0.2955700      0.2946500      0.2937300      0.2928200      0.2919200      0.2910100      0.2901200      0.2892200      0.2883300      0.2874500      0.2865600    
  0.3169860      0.3155800      0.3155500      0.3155200      0.3139050      0.3108200      0.3107600      0.3079950      0.3053290      0.3050900      0.3048500      0.3035870      0.3012400      0.3007600      0.3002800      0.2993230      0.2983730      0.2974330      0.2949420      0.2935900      0.2926600      0.2917300      0.2908200      0.2899000      0.2890000      0.2881000      0.2872000      0.2863100      0.2854200      0.2845300    
  0.3155800      0.3155650      0.3155500      0.3139490      0.3108200      0.3107900      0.3079750      0.3052090      0.3050900      0.3049700      0.3036920      0.3012400      0.3010000      0.3007600      0.3001210      0.2993260      0.2983770      0.2949950      0.2926050      0.2916200      0.2906800      0.2897500      0.2888200      0.2879000      0.2869900      0.2860800      0.2851800      0.2842900      0.2834000      0.2825100    
  0.3155730      0.3155650      0.3139710      0.3108200      0.3108050      0.3079650      0.3051500      0.3050900      0.3050300      0.3037480      0.3012400      0.3011200      0.3010000      0.3006270      0.3000690      0.2992740      0.2952860      0.2921120      0.2916200      0.2903330      0.2887000      0.2877700      0.2868300      0.2859100      0.2849900      0.2840800      0.2831800      0.2822800      0.2813800      0.2804900    
  0.3155730      0.3139820      0.3108200      0.3108130      0.3079600      0.3051200      0.3050900      0.3050600      0.3037770      0.3012400      0.3011800      0.3011200      0.3009160      0.3005650      0.2999900      0.2944590      0.2918660      0.2916200      0.2881300      0.2867450      0.2861800      0.2858000      0.2848600      0.2839300      0.2830000      0.2820900      0.2811800      0.2802800      0.2793800      0.2784900    
  0.3139880      0.3108200      0.3108160      0.3079580      0.3051050      0.3050900      0.3050750      0.3037920      0.3012400      0.3012100      0.3011800      0.3010720      0.3008670      0.2946700      0.2897360      0.2858030      0.2858000      0.2852070      0.2844730      0.2838200      0.2847900      0.2838400      0.2828900      0.2819500      0.2810200      0.2801000      0.2791900      0.2782900      0.2773900      0.2764900    
  0.3108200      0.3108180      0.3079560      0.3050970      0.3050900      0.3050820      0.3037990      0.3012400      0.3012250      0.3012100      0.3011540      0.3010400      0.2901710      0.2771520      0.2772100      0.2803890      0.2797430      0.2799800      0.2818350      0.2828530      0.2828500      0.2818800      0.2809300      0.2799900      0.2790600      0.2781300      0.2772200      0.2763100      0.2754000      0.2745100    
  0.3108190      0.3079560      0.3050940      0.3050900      0.3050860      0.3038030      0.3012400      0.3012330      0.3012250      0.3011960      0.2897650      0.2727100      0.2756230      0.2770930      0.2770930      0.2772100      0.2788040      0.2795050      0.2799800      0.2806850      0.2809200      0.2799500      0.2789900      0.2780400      0.2771000      0.2761700      0.2752500      0.2743400      0.2734300      0.2725400    
  0.3079550      0.3050920      0.3050900      0.3050880      0.3038050      0.3012400      0.3012360      0.3012330      0.3012180      0.2875210      0.2727100      0.2727100      0.2727100      0.2755360      0.2769760      0.2769760      0.2772100      0.2785210      0.2790300      0.2799800      0.2789900      0.2780200      0.2770500      0.2761000      0.2751500      0.2742200      0.2732900      0.2723800      0.2714700      0.2705700    
  0.3050910      0.3050900      0.3050890      0.3038060      0.3012400      0.3012380      0.3012360      0.2921440      0.2829430      0.2727050      0.2727100      0.2727100      0.2727100      0.2727100      0.2753660      0.2767430      0.2767420      0.2772100      0.2778650      0.2780800      0.2770800      0.2761000      0.2751300      0.2741700      0.2732200      0.2722800      0.2713500      0.2704300      0.2695200      0.2686200    
  0.3050900      0.3050900      0.3038060      0.3012400      0.3012390      0.2864740      0.2643300      0.2646100      0.2648900      0.2700900      0.2726950      0.2727100      0.2727100      0.2727100      0.2727100      0.2750340      0.2762770      0.2762750      0.2772100      0.2761900      0.2751900      0.2741900      0.2732100      0.2722500      0.2712900      0.2703500      0.2694200      0.2685000      0.2675800      0.2666800    
  0.3050900      0.3038060      0.3012400      0.3012400      0.2835200      0.2643270      0.2643270      0.2643300      0.2646100      0.2648900      0.2700650      0.2726660      0.2727100      0.2727100      0.2727100      0.2727100      0.2744070      0.2753470      0.2753400      0.2743100      0.2733000      0.2723000      0.2713100      0.2703400      0.2693800      0.2684300      0.2675000      0.2665700      0.2656600      0.2647600    
