iMOD/TUTORIALS/TUT_MetaswapAnalyser/model_MetaSWAP/meteo/Evaporation/Evaporation_20060820_L1.ASC
NCOLS                30
NROWS                30
XLLCORNER     160000.00
YLLCORNER     340000.00
CELLSIZE        1000.00
NODATA_VALUE   -9999.00
   1.805960       1.803380       1.800880       1.798470       1.796130       1.793870       1.791680       1.789550       1.787490       1.785490       1.783540       1.781650       1.779800       1.778000       1.776240       1.774530       1.772850       1.771210       1.769610       1.768040       1.766500       1.765000       1.763530       1.762090       1.760680       1.759300       1.757950       1.756630       1.755350       1.754090    
   1.806460       1.803810       1.801250       1.798780       1.796380       1.794050       1.791800       1.789610       1.787490       1.785430       1.783420       1.781470       1.779570       1.777720       1.775920       1.774150       1.772430       1.770750       1.769110       1.767510       1.765940       1.764400       1.762900       1.761440       1.760010       1.758610       1.757240       1.755910       1.754610       1.753340    
   1.806910       1.804200       1.801590       1.799050       1.796590       1.794200       1.791890       1.789640       1.787460       1.785340       1.783270       1.781270       1.779320       1.777410       1.775560       1.773750       1.771990       1.770270       1.768580       1.766940       1.765340       1.763780       1.762250       1.760760       1.759310       1.757890       1.756500       1.755160       1.753840       1.752570    
   1.807310       1.804550       1.801880       1.799280       1.796760       1.794310       1.791940       1.789630       1.787390       1.785210       1.783090       1.781030       1.779030       1.777080       1.775170       1.773320       1.771510       1.769750       1.768030       1.766360       1.764720       1.763130       1.761570       1.760060       1.758580       1.757140       1.755740       1.754370       1.753050       1.751760    
   1.807680       1.804860       1.802130       1.799470       1.796890       1.794390       1.791950       1.789590       1.787290       1.785060       1.782880       1.780770       1.778710       1.776710       1.774760       1.772860       1.771010       1.769210       1.767450       1.765740       1.764070       1.762450       1.760870       1.759330       1.757830       1.756370       1.754950       1.753570       1.752230       1.750930    
   1.808000       1.805130       1.802340       1.799620       1.796990       1.794420       1.791930       1.789510       1.787160       1.784870       1.782640       1.780480       1.778370       1.776320       1.774320       1.772380       1.770490       1.768640       1.766850       1.765100       1.763400       1.761750       1.760140       1.758570       1.757050       1.755570       1.754130       1.752730       1.751380       1.750070    
   1.808280       1.805360       1.802510       1.799740       1.797050       1.794430       1.791880       1.789410       1.787000       1.784650       1.782370       1.780160       1.778000       1.775900       1.773860       1.771870       1.769940       1.768050       1.766220       1.764440       1.762710       1.761020       1.759390       1.757790       1.756250       1.754750       1.753290       1.751880       1.750510       1.749190    
   1.808530       1.805550       1.802650       1.799830       1.797080       1.794400       1.791800       1.789270       1.786810       1.784410       1.782080       1.779810       1.777600       1.775460       1.773370       1.771340       1.769360       1.767440       1.765570       1.763760       1.761990       1.760280       1.758610       1.757000       1.755430       1.753910       1.752430       1.751000       1.749620       1.748280    
   1.808730       1.805700       1.802750       1.799880       1.797070       1.794350       1.791690       1.789100       1.786590       1.784140       1.781760       1.779440       1.777180       1.774990       1.772860       1.770780       1.768770       1.766810       1.764900       1.763050       1.761250       1.759510       1.757820       1.756180       1.754580       1.753040       1.751550       1.750110       1.748710       1.747360    
   1.808910       1.805830       1.802820       1.799890       1.797040       1.794260       1.791550       1.788910       1.786340       1.783840       1.781410       1.779040       1.776740       1.774500       1.772320       1.770210       1.768150       1.766150       1.764210       1.762320       1.760500       1.758720       1.757000       1.755340       1.753720       1.752160       1.750650       1.749190       1.747780       1.746420    
   1.808930       1.805850       1.802100       1.799880       1.796970       1.794140       1.791380       1.788690       1.786070       1.783520       1.781040       1.778620       1.776270       1.773990       1.771770       1.769610       1.767510       1.765470       1.763500       1.761580       1.759720       1.757920       1.756170       1.754480       1.752840       1.751260       1.749730       1.748260       1.746840       1.745460    
   1.808960       1.804190       1.799880       1.797620       1.796880       1.794000       1.791180       1.788440       1.785770       1.783170       1.780640       1.778180       1.775780       1.773450       1.771190       1.768990       1.766850       1.764780       1.762770       1.760820       1.758930       1.757090       1.755320       1.753610       1.751950       1.750350       1.748800       1.747310       1.745870       1.744490    
   1.806290       1.799880       1.797770       1.796820       1.796760       1.793830       1.790970       1.788170       1.785460       1.782810       1.780230       1.777720       1.775280       1.772900       1.770600       1.768350       1.766180       1.764070       1.762020       1.760040       1.758120       1.756260       1.754460       1.752720       1.751040       1.749420       1.747850       1.746350       1.744900       1.743500    
   1.799880       1.797800       1.796790       1.796760       1.794740       1.793630       1.790720       1.787880       1.785120       1.782420       1.779790       1.777240       1.774750       1.772330       1.769980       1.767700       1.765490       1.763340       1.761260       1.759240       1.757290       1.755400       1.753580       1.751810       1.750110       1.748470       1.746890       1.745370       1.743910       1.742500    
   1.797800       1.796770       1.796760       1.795040       1.793630       1.791600       1.790460       1.787570       1.784760       1.782010       1.779340       1.776740       1.774210       1.771750       1.769350       1.767030       1.764780       1.762600       1.760480       1.758430       1.756450       1.754540       1.752680       1.750900       1.749180       1.747520       1.745920       1.744390       1.742910       1.741490    
   1.796770       1.796760       1.795140       1.793630       1.791900       1.790460       1.789020       1.787600       1.783980       1.781590       1.778870       1.776220       1.773650       1.771140       1.768710       1.766350       1.764060       1.761840       1.759690       1.757610       1.755600       1.753660       1.751780       1.749970       1.748230       1.746550       1.744940       1.743390       1.741900       1.740480    
   1.796760       1.795180       1.793630       1.792000       1.790460       1.789740       1.789020       1.785550       1.781590       1.780230       1.777500       1.775690       1.773070       1.770530       1.768050       1.765650       1.763330       1.761070       1.758890       1.756780       1.754740       1.752770       1.750870       1.749040       1.747270       1.745580       1.743950       1.742390       1.740890       1.739450    
   1.795190       1.793630       1.792030       1.790460       1.790100       1.789740       1.786470       1.781590       1.780910       1.777980       1.775420       1.775150       1.772480       1.769900       1.767390       1.764950       1.762580       1.760290       1.758080       1.755940       1.753870       1.751870       1.749950       1.748090       1.746310       1.744600       1.742950       1.741370       1.739860       1.738420    
   1.793630       1.792040       1.790460       1.790280       1.790100       1.786980       1.781590       1.781250       1.778180       1.775290       1.775150       1.773810       1.771700       1.769260       1.766710       1.764230       1.761830       1.759510       1.757260       1.755090       1.752990       1.750960       1.749020       1.747140       1.745340       1.743610       1.741950       1.740360       1.738840       1.737380    
   1.792040       1.790460       1.790370       1.790280       1.787240       1.781590       1.781420       1.778280       1.775220       1.775150       1.774480       1.772480       1.769260       1.767990       1.766730       1.764260       1.761860       1.759530       1.755890       1.754230       1.752100       1.750050       1.748080       1.746190       1.744360       1.742620       1.740940       1.739340       1.737810       1.736340    
   1.790460       1.790410       1.790370       1.787370       1.781590       1.781500       1.778320       1.775180       1.775150       1.774820       1.772840       1.769260       1.768620       1.767990       1.766330       1.764280       1.761880       1.756890       1.753800       1.753370       1.751210       1.749140       1.747140       1.745230       1.743390       1.741620       1.739930       1.738320       1.736780       1.735300    
   1.790440       1.790410       1.787440       1.781590       1.781550       1.778350       1.775170       1.775150       1.774980       1.773020       1.769260       1.768940       1.768630       1.767650       1.766200       1.764160       1.758000       1.753590       1.753370       1.751630       1.750320       1.748220       1.746200       1.744260       1.742410       1.740630       1.738930       1.737300       1.735750       1.734270    
   1.790440       1.787470       1.781590       1.781570       1.778360       1.775160       1.775150       1.775070       1.773100       1.769260       1.769100       1.768940       1.768400       1.767490       1.766000       1.758520       1.753480       1.753370       1.750630       1.749420       1.748150       1.747300       1.745260       1.743300       1.741430       1.739630       1.737920       1.736280       1.734720       1.733230    
   1.787490       1.781590       1.781580       1.778360       1.775150       1.775150       1.775110       1.773140       1.769260       1.769180       1.769100       1.768820       1.768280       1.762710       1.756800       1.750780       1.750780       1.749660       1.748380       1.748090       1.748530       1.746380       1.744320       1.742340       1.740450       1.738640       1.736910       1.735270       1.733700       1.732200    
   1.781590       1.781580       1.778370       1.775150       1.775150       1.775130       1.773170       1.769260       1.769220       1.769180       1.769030       1.768730       1.759530       1.748930       1.748960       1.749030       1.748070       1.748180       1.747750       1.747640       1.747640       1.745470       1.743380       1.741390       1.739480       1.737660       1.735920       1.734260       1.732680       1.731180    
   1.781590       1.778370       1.775150       1.775150       1.775140       1.773180       1.769260       1.769240       1.769220       1.769140       1.761100       1.749270       1.749030       1.748910       1.748910       1.748960       1.748320       1.747970       1.748180       1.747110       1.746750       1.744560       1.742450       1.740440       1.738510       1.736680       1.734920       1.733260       1.731670       1.730170    
   1.778370       1.775150       1.775150       1.775140       1.773180       1.769260       1.769250       1.769240       1.769200       1.759600       1.749270       1.749270       1.749270       1.748990       1.748860       1.748860       1.748960       1.748160       1.747760       1.748180       1.745870       1.743650       1.741530       1.739490       1.737550       1.735700       1.733940       1.732270       1.730680       1.729170    
   1.775150       1.775150       1.775150       1.773180       1.769260       1.769260       1.769250       1.764150       1.757560       1.749270       1.749270       1.749270       1.749270       1.749270       1.748910       1.748760       1.748760       1.748960       1.747740       1.747330       1.745000       1.742760       1.740610       1.738560       1.736610       1.734740       1.732970       1.731290       1.729700       1.728180    
   1.775150       1.775150       1.773190       1.769260       1.769260       1.762130       1.751450       1.750170       1.748900       1.749140       1.749260       1.749270       1.749270       1.749270       1.749270       1.748760       1.748560       1.748560       1.748960       1.746500       1.744130       1.741870       1.739710       1.737640       1.735670       1.733800       1.732020       1.730330       1.728730       1.727210    
   1.775150       1.773190       1.769260       1.769260       1.760710       1.751450       1.751450       1.751450       1.750170       1.748900       1.749130       1.749250       1.749270       1.749270       1.749270       1.749270       1.748460       1.748170       1.748160       1.745670       1.743290       1.741000       1.738820       1.736730       1.734750       1.732870       1.731080       1.729380       1.727780       1.726260    
