iMOD/TUTORIALS/TUT_MetaswapAnalyser/model_MetaSWAP/meteo/Evaporation/Evaporation_20051126_L1.ASC
NCOLS                30
NROWS                30
XLLCORNER     160000.00
YLLCORNER     340000.00
CELLSIZE        1000.00
NODATA_VALUE   -9999.00
  0.1477500      0.1461100      0.1444800      0.1428700      0.1412700      0.1396900      0.1381300      0.1365800      0.1350400      0.1335200      0.1320200      0.1305400      0.1290700      0.1276200      0.1261800      0.1247600      0.1233600      0.1219800      0.1206100      0.1192600      0.1179300      0.1166200      0.1153200      0.1140400      0.1127800      0.1115400      0.1103100      0.1091000      0.1079100      0.1067300    
  0.1477800      0.1461500      0.1445200      0.1429200      0.1413300      0.1397500      0.1381900      0.1366400      0.1351100      0.1335900      0.1320900      0.1306100      0.1291400      0.1276900      0.1262600      0.1248400      0.1234400      0.1220600      0.1207000      0.1193500      0.1180200      0.1167000      0.1154100      0.1141300      0.1128700      0.1116200      0.1103900      0.1091800      0.1079900      0.1068100    
  0.1478100      0.1461800      0.1445600      0.1429600      0.1413700      0.1398000      0.1382400      0.1367000      0.1351700      0.1336600      0.1321600      0.1306800      0.1292100      0.1277600      0.1263300      0.1249200      0.1235200      0.1221400      0.1207700      0.1194300      0.1181000      0.1167800      0.1154900      0.1142100      0.1129500      0.1117000      0.1104700      0.1092600      0.1080700      0.1068900    
  0.1478300      0.1462000      0.1445900      0.1429900      0.1414100      0.1398400      0.1382900      0.1367500      0.1352200      0.1337100      0.1322200      0.1307400      0.1292800      0.1278300      0.1264000      0.1249900      0.1235900      0.1222100      0.1208500      0.1195000      0.1181700      0.1168600      0.1155600      0.1142800      0.1130200      0.1117700      0.1105400      0.1093300      0.1081400      0.1069600    
  0.1478400      0.1462200      0.1446100      0.1430200      0.1414400      0.1398800      0.1383300      0.1367900      0.1352700      0.1337600      0.1322700      0.1307900      0.1293300      0.1278900      0.1264600      0.1250500      0.1236500      0.1222700      0.1209100      0.1195700      0.1182400      0.1169200      0.1156300      0.1143500      0.1130900      0.1118400      0.1106100      0.1094000      0.1082000      0.1070200    
  0.1478400      0.1462300      0.1446300      0.1430400      0.1414700      0.1399100      0.1383600      0.1368300      0.1353100      0.1338000      0.1323100      0.1308400      0.1293800      0.1279400      0.1265200      0.1251100      0.1237100      0.1223300      0.1209700      0.1196300      0.1183000      0.1169900      0.1156900      0.1144100      0.1131500      0.1119000      0.1106800      0.1094600      0.1082700      0.1070900    
  0.1478400      0.1462400      0.1446400      0.1430600      0.1414900      0.1399300      0.1383900      0.1368600      0.1353400      0.1338400      0.1323500      0.1308800      0.1294300      0.1279900      0.1265600      0.1251600      0.1237600      0.1223900      0.1210300      0.1196800      0.1183600      0.1170400      0.1157500      0.1144700      0.1132100      0.1119600      0.1107300      0.1095200      0.1083200      0.1071400    
  0.1478400      0.1462400      0.1446400      0.1430700      0.1415000      0.1399500      0.1384100      0.1368800      0.1353700      0.1338700      0.1323900      0.1309200      0.1294700      0.1280300      0.1266100      0.1252000      0.1238100      0.1224400      0.1210800      0.1197300      0.1184100      0.1171000      0.1158000      0.1145200      0.1132600      0.1120200      0.1107900      0.1095700      0.1083800      0.1072000    
  0.1478300      0.1462300      0.1446400      0.1430700      0.1415100      0.1399600      0.1384200      0.1369000      0.1353900      0.1339000      0.1324200      0.1309500      0.1295000      0.1280700      0.1266500      0.1252400      0.1238500      0.1224800      0.1211200      0.1197800      0.1184500      0.1171400      0.1158500      0.1145700      0.1133100      0.1120700      0.1108400      0.1096200      0.1084300      0.1072400    
  0.1478100      0.1462200      0.1446300      0.1430600      0.1415100      0.1399600      0.1384300      0.1369100      0.1354100      0.1339200      0.1324400      0.1309800      0.1295300      0.1281000      0.1266800      0.1252800      0.1238900      0.1225200      0.1211600      0.1198200      0.1185000      0.1171900      0.1158900      0.1146200      0.1133600      0.1121100      0.1108800      0.1096700      0.1084700      0.1072900    
  0.1478130      0.1462200      0.1442420      0.1430600      0.1415000      0.1399600      0.1384300      0.1369200      0.1354200      0.1339300      0.1324600      0.1310000      0.1295500      0.1281200      0.1267000      0.1253000      0.1239200      0.1225500      0.1211900      0.1198600      0.1185300      0.1172200      0.1159300      0.1146600      0.1134000      0.1121500      0.1109200      0.1097100      0.1085100      0.1073300    
  0.1478170      0.1453340      0.1430600      0.1418820      0.1414900      0.1399600      0.1384300      0.1369200      0.1354200      0.1339400      0.1324700      0.1310100      0.1295700      0.1281400      0.1267300      0.1253300      0.1239400      0.1225800      0.1212200      0.1198900      0.1185600      0.1172600      0.1159700      0.1146900      0.1134300      0.1121900      0.1109600      0.1097400      0.1085500      0.1073700    
  0.1464080      0.1430600      0.1419770      0.1414850      0.1414800      0.1399400      0.1384200      0.1369200      0.1354200      0.1339400      0.1324700      0.1310200      0.1295800      0.1281500      0.1267400      0.1253500      0.1239600      0.1226000      0.1212500      0.1199100      0.1185900      0.1172800      0.1159900      0.1147200      0.1134600      0.1122200      0.1109900      0.1097800      0.1085800      0.1074000    
  0.1430600      0.1420000      0.1414830      0.1414800      0.1404500      0.1399300      0.1384100      0.1369100      0.1354200      0.1339400      0.1324700      0.1310200      0.1295900      0.1281600      0.1267500      0.1253600      0.1239800      0.1226200      0.1212700      0.1199300      0.1186100      0.1173100      0.1160200      0.1147500      0.1134900      0.1122400      0.1110200      0.1098000      0.1086100      0.1074300    
  0.1420050      0.1414810      0.1414800      0.1406200      0.1399300      0.1389100      0.1383900      0.1368900      0.1354100      0.1339300      0.1324700      0.1310200      0.1295900      0.1281700      0.1267600      0.1253700      0.1239900      0.1226300      0.1212800      0.1199500      0.1186300      0.1173300      0.1160400      0.1147700      0.1135100      0.1122700      0.1110400      0.1098300      0.1086300      0.1074500    
  0.1414810      0.1414800      0.1406770      0.1399300      0.1390770      0.1383900      0.1376400      0.1368970      0.1350370      0.1339200      0.1324600      0.1310200      0.1295900      0.1281700      0.1267600      0.1253700      0.1240000      0.1226400      0.1212900      0.1199600      0.1186400      0.1173400      0.1160500      0.1147800      0.1135300      0.1122900      0.1110600      0.1098500      0.1086500      0.1074700    
  0.1414800      0.1406960      0.1399300      0.1391320      0.1383900      0.1380150      0.1376420      0.1358740      0.1339200      0.1331900      0.1318800      0.1310100      0.1295800      0.1281600      0.1267600      0.1253700      0.1240000      0.1226400      0.1213000      0.1199700      0.1186500      0.1173500      0.1160700      0.1148000      0.1135400      0.1123000      0.1110700      0.1098600      0.1086700      0.1074900    
  0.1407020      0.1399300      0.1391510      0.1383900      0.1382030      0.1380160      0.1363630      0.1339200      0.1335550      0.1321960      0.1310000      0.1309900      0.1295700      0.1281500      0.1267500      0.1253700      0.1240000      0.1226400      0.1213000      0.1199700      0.1186600      0.1173600      0.1160700      0.1148000      0.1135500      0.1123100      0.1110900      0.1098800      0.1086800      0.1075000    
  0.1399300      0.1391570      0.1383900      0.1382960      0.1382030      0.1366250      0.1339200      0.1337380      0.1323310      0.1309950      0.1309900      0.1302800      0.1292120      0.1281400      0.1267400      0.1253600      0.1239900      0.1226300      0.1212900      0.1199700      0.1186600      0.1173600      0.1160800      0.1148100      0.1135600      0.1123200      0.1110900      0.1098900      0.1086900      0.1075100    
  0.1391590      0.1383900      0.1383430      0.1382960      0.1367610      0.1339200      0.1338290      0.1323940      0.1309930      0.1309900      0.1306350      0.1296560      0.1281400      0.1274400      0.1267470      0.1253630      0.1239930      0.1226370      0.1207600      0.1199600      0.1186500      0.1173600      0.1160800      0.1148100      0.1135600      0.1123200      0.1111000      0.1098900      0.1087000      0.1075200    
  0.1383900      0.1383670      0.1383430      0.1368300      0.1339200      0.1338740      0.1324250      0.1309910      0.1309900      0.1308120      0.1298550      0.1281400      0.1277900      0.1274420      0.1265170      0.1253680      0.1239980      0.1214590      0.1199550      0.1199500      0.1186500      0.1173500      0.1160700      0.1148100      0.1135600      0.1123200      0.1111000      0.1098900      0.1087000      0.1075200    
  0.1383780      0.1383670      0.1368650      0.1339200      0.1338970      0.1324400      0.1309910      0.1309900      0.1309010      0.1299490      0.1281400      0.1279650      0.1277910      0.1272500      0.1264420      0.1252940      0.1221450      0.1199520      0.1199500      0.1190770      0.1186300      0.1173400      0.1160600      0.1148000      0.1135500      0.1123200      0.1111000      0.1098900      0.1087000      0.1075200    
  0.1383780      0.1368820      0.1339200      0.1339090      0.1324470      0.1309900      0.1309900      0.1309460      0.1299950      0.1281400      0.1280530      0.1279650      0.1276680      0.1271610      0.1263290      0.1227450      0.1199510      0.1199500      0.1190580      0.1186150      0.1178420      0.1173300      0.1160500      0.1147900      0.1135400      0.1123100      0.1110900      0.1098900      0.1087000      0.1075200    
  0.1368910      0.1339200      0.1339140      0.1324510      0.1309900      0.1309900      0.1309680      0.1300180      0.1281400      0.1280960      0.1280530      0.1278950      0.1275980      0.1255570      0.1229080      0.1198890      0.1198900      0.1192800      0.1185950      0.1185900      0.1186000      0.1173100      0.1160400      0.1147800      0.1135300      0.1123000      0.1110800      0.1098800      0.1086900      0.1075200    
  0.1339200      0.1339170      0.1324530      0.1309900      0.1309900      0.1309790      0.1300290      0.1281400      0.1281180      0.1280960      0.1280150      0.1278490      0.1246370      0.1210690      0.1210700      0.1202550      0.1198260      0.1198300      0.1189690      0.1185800      0.1185800      0.1172900      0.1160200      0.1147600      0.1135200      0.1122900      0.1110700      0.1098700      0.1086800      0.1075100    
  0.1339190      0.1324540      0.1309900      0.1309900      0.1309840      0.1300340      0.1281400      0.1281290      0.1281180      0.1280760      0.1256960      0.1222600      0.1214650      0.1210670      0.1210670      0.1210700      0.1202330      0.1198230      0.1198300      0.1188750      0.1185600      0.1172700      0.1160000      0.1147400      0.1135000      0.1122700      0.1110600      0.1098600      0.1086700      0.1075000    
  0.1324550      0.1309900      0.1309900      0.1309870      0.1300370      0.1281400      0.1281350      0.1281290      0.1281080      0.1252820      0.1222600      0.1222600      0.1222600      0.1214630      0.1210650      0.1210650      0.1210700      0.1202070      0.1198150      0.1198300      0.1185300      0.1172500      0.1159800      0.1147200      0.1134800      0.1122600      0.1110400      0.1098400      0.1086600      0.1074900    
  0.1309900      0.1309900      0.1309890      0.1300390      0.1281400      0.1281370      0.1281350      0.1269250      0.1249540      0.1222600      0.1222600      0.1222600      0.1222600      0.1222600      0.1214580      0.1210600      0.1210600      0.1210700      0.1201150      0.1198000      0.1185000      0.1172200      0.1159500      0.1147000      0.1134600      0.1122300      0.1110200      0.1098300      0.1086400      0.1074700    
  0.1309900      0.1309890      0.1300390      0.1281400      0.1281390      0.1267260      0.1246100      0.1239700      0.1233300      0.1226160      0.1222600      0.1222600      0.1222600      0.1222600      0.1222600      0.1214450      0.1210500      0.1210500      0.1210700      0.1197600      0.1184700      0.1171900      0.1159200      0.1146700      0.1134300      0.1122100      0.1110000      0.1098100      0.1086300      0.1074600    
  0.1309900      0.1300400      0.1281400      0.1281390      0.1264450      0.1246100      0.1246100      0.1246100      0.1239700      0.1233300      0.1226160      0.1222590      0.1222600      0.1222600      0.1222600      0.1222600      0.1214120      0.1210300      0.1210300      0.1197200      0.1184300      0.1171600      0.1158900      0.1146400      0.1134100      0.1121900      0.1109800      0.1097900      0.1086100      0.1074400    
