iMOD/TUTORIALS/TUT_MetaswapAnalyser/model_MetaSWAP/meteo/Evaporation/Evaporation_20060822_L1.ASC
NCOLS                30
NROWS                30
XLLCORNER     160000.00
YLLCORNER     340000.00
CELLSIZE        1000.00
NODATA_VALUE   -9999.00
   2.556530       2.550660       2.544710       2.538660       2.532530       2.526330       2.520050       2.513710       2.507310       2.500860       2.494370       2.487840       2.481270       2.474670       2.468050       2.461410       2.454760       2.448100       2.441430       2.434770       2.428110       2.421460       2.414820       2.408200       2.401600       2.395030       2.388480       2.381960       2.375470       2.369020    
   2.552440       2.546500       2.540470       2.534360       2.528170       2.521900       2.515570       2.509180       2.502730       2.496240       2.489700       2.483130       2.476530       2.469900       2.463250       2.456590       2.449910       2.443230       2.436550       2.429880       2.423210       2.416550       2.409910       2.403290       2.396700       2.390130       2.383590       2.377080       2.370610       2.364180    
   2.548240       2.542220       2.536120       2.529940       2.523680       2.517360       2.510970       2.504530       2.498040       2.491500       2.484920       2.478310       2.471670       2.465010       2.458330       2.451640       2.444950       2.438250       2.431560       2.424870       2.418190       2.411530       2.404890       2.398270       2.391680       2.385120       2.378590       2.372090       2.365640       2.359220    
   2.543940       2.537840       2.531660       2.525410       2.519090       2.512710       2.506260       2.499770       2.493220       2.486640       2.480020       2.473370       2.466700       2.460000       2.453300       2.446590       2.439870       2.433150       2.426450       2.419750       2.413060       2.406400       2.399760       2.393140       2.386550       2.380000       2.373480       2.367000       2.360560       2.354170    
   2.539530       2.533350       2.527100       2.520780       2.514390       2.507950       2.501450       2.494900       2.488300       2.481670       2.475010       2.468320       2.461620       2.454890       2.448160       2.441420       2.434680       2.427950       2.421230       2.414520       2.407830       2.401160       2.394520       2.387900       2.381320       2.374780       2.368270       2.361810       2.355380       2.349010    
   2.535030       2.528770       2.522450       2.516050       2.509600       2.503090       2.496530       2.489930       2.483290       2.476610       2.469910       2.463180       2.456430       2.449680       2.442920       2.436150       2.429400       2.422650       2.415910       2.409190       2.402490       2.395820       2.389180       2.382570       2.375990       2.369460       2.362960       2.356510       2.350110       2.343760    
   2.530440       2.524110       2.517700       2.511240       2.504720       2.498150       2.491530       2.484870       2.478180       2.471450       2.464700       2.457940       2.451160       2.444370       2.437580       2.430790       2.424010       2.417240       2.410490       2.403760       2.397060       2.390380       2.383740       2.377130       2.370570       2.364040       2.357560       2.351130       2.344750       2.338420    
   2.525780       2.519360       2.512880       2.506340       2.499750       2.493120       2.486440       2.479720       2.472980       2.466200       2.459410       2.452610       2.445790       2.438970       2.432150       2.425340       2.418540       2.411750       2.404990       2.398250       2.391540       2.384860       2.378220       2.371610       2.365050       2.358540       2.352070       2.345660       2.339300       2.332990    
   2.521040       2.514540       2.507980       2.501370       2.494710       2.488010       2.481270       2.474500       2.467700       2.460880       2.454040       2.447190       2.440340       2.433490       2.426640       2.419800       2.412980       2.406170       2.399390       2.392640       2.385930       2.379250       2.372610       2.366010       2.359460       2.352960       2.346500       2.340110       2.333770       2.327480    
   2.516230       2.509640       2.503010       2.496320       2.489590       2.482830       2.476030       2.469200       2.462340       2.455470       2.448590       2.441700       2.434810       2.427920       2.421040       2.414180       2.407340       2.400520       2.393720       2.386960       2.380240       2.373560       2.366920       2.360320       2.353780       2.347290       2.340860       2.334480       2.328160       2.321900    
   2.516210       2.509630       2.500050       2.491210       2.484410       2.477580       2.470720       2.463830       2.456920       2.450000       2.443070       2.436140       2.429210       2.422290       2.415380       2.408490       2.401620       2.394780       2.387980       2.381210       2.374480       2.367790       2.361150       2.354570       2.348030       2.341560       2.335140       2.328780       2.322480       2.316250    
   2.516190       2.504270       2.491210       2.482170       2.479170       2.472270       2.465350       2.458400       2.451440       2.444470       2.437490       2.430510       2.423550       2.416590       2.409650       2.402730       2.395840       2.388980       2.382160       2.375380       2.368640       2.361960       2.355320       2.348740       2.342220       2.335750       2.329350       2.323010       2.316740       2.310530    
   2.508600       2.491210       2.480950       2.476530       2.473880       2.466910       2.459920       2.452920       2.445900       2.438870       2.431850       2.424830       2.417820       2.410830       2.403860       2.396910       2.390000       2.383120       2.376280       2.369490       2.362750       2.356060       2.349420       2.342850       2.336330       2.329880       2.323500       2.317180       2.310930       2.304750    
   2.491210       2.480310       2.475200       2.473880       2.467430       2.461510       2.454450       2.447380       2.440310       2.433230       2.426150       2.419090       2.412040       2.405010       2.398010       2.391030       2.384100       2.377200       2.370350       2.363550       2.356800       2.350100       2.343470       2.336900       2.330400       2.323960       2.317590       2.311290       2.305070       2.298920    
   2.479990       2.474540       2.473880       2.467610       2.461510       2.454960       2.448930       2.441800       2.434670       2.427540       2.420410       2.413300       2.406210       2.399140       2.392110       2.385110       2.378140       2.371230       2.364360       2.357550       2.350790       2.344090       2.337460       2.330900       2.324410       2.317980       2.311630       2.305360       2.299160       2.293030    
   2.474210       2.473880       2.467670       2.461510       2.455130       2.448930       2.445360       2.441800       2.431460       2.421810       2.414630       2.407480       2.400340       2.393240       2.386160       2.379130       2.372150       2.365210       2.358320       2.351500       2.344740       2.338040       2.331410       2.324850       2.318370       2.311960       2.305630       2.299380       2.293200       2.287110    
   2.473880       2.467690       2.461510       2.455190       2.448930       2.447150       2.445360       2.435110       2.421810       2.418220       2.408250       2.401610       2.394430       2.387290       2.380180       2.373120       2.366110       2.359150       2.352250       2.345410       2.338640       2.331940       2.325310       2.318760       2.312290       2.305890       2.299580       2.293350       2.287200       2.281140    
   2.467690       2.461510       2.455210       2.448930       2.448040       2.447150       2.437360       2.421810       2.420010       2.408530       2.398660       2.395720       2.388500       2.381310       2.374170       2.367070       2.360030       2.353050       2.346130       2.339280       2.332510       2.325800       2.319180       2.312630       2.306170       2.299790       2.293500       2.287290       2.281170       2.275140    
   2.461510       2.455220       2.448930       2.448480       2.448040       2.438590       2.421810       2.420910       2.408650       2.397190       2.395720       2.392110       2.385210       2.375310       2.368130       2.361000       2.353930       2.346930       2.339990       2.333130       2.326340       2.319640       2.313010       2.306470       2.300020       2.293660       2.287390       2.281210       2.275120       2.269110    
   2.455220       2.448930       2.448710       2.448480       2.439230       2.421810       2.421360       2.408710       2.396460       2.395720       2.393910       2.387090       2.375310       2.371720       2.368150       2.361020       2.353950       2.346950       2.333550       2.326950       2.320150       2.313440       2.306820       2.300290       2.293850       2.287500       2.281250       2.275100       2.269030       2.263060    
   2.448930       2.448820       2.448710       2.439560       2.421810       2.421590       2.408740       2.396090       2.395720       2.394820       2.388010       2.375310       2.373510       2.371730       2.366960       2.361040       2.353970       2.335810       2.323850       2.320750       2.313940       2.307230       2.300610       2.294090       2.287660       2.281330       2.275100       2.268970       2.262930       2.257000    
   2.448870       2.448820       2.439720       2.421810       2.421700       2.408750       2.395900       2.395720       2.395270       2.388460       2.375310       2.374410       2.373520       2.370730       2.366580       2.360660       2.338780       2.322300       2.320750       2.314140       2.307720       2.301000       2.294380       2.287870       2.281450       2.275140       2.268930       2.262820       2.256820       2.250920    
   2.448870       2.439810       2.421810       2.421750       2.408760       2.395810       2.395720       2.395490       2.388690       2.375310       2.374860       2.374410       2.372890       2.370280       2.365990       2.337930       2.321530       2.320750       2.307130       2.301490       2.297460       2.294770       2.288150       2.281640       2.275240       2.268940       2.262750       2.256680       2.250700       2.244840    
   2.439850       2.421810       2.421780       2.408760       2.395770       2.395720       2.395610       2.388800       2.375310       2.375090       2.374860       2.374050       2.372530       2.346840       2.323410       2.302110       2.302110       2.298490       2.294220       2.292140       2.295260       2.288530       2.281910       2.275410       2.269020       2.262740       2.256580       2.250530       2.244590       2.238760    
   2.421810       2.421800       2.408760       2.395740       2.395720       2.395660       2.388860       2.375310       2.375200       2.375090       2.374670       2.373810       2.329840       2.278000       2.278190       2.285970       2.282700       2.283470       2.286900       2.289030       2.289020       2.282290       2.275680       2.269180       2.262800       2.256550       2.250410       2.244380       2.238480       2.232680    
   2.421800       2.408760       2.395730       2.395720       2.395690       2.388890       2.375310       2.375250       2.375200       2.374980       2.331650       2.267330       2.274290       2.277810       2.277810       2.278190       2.280870       2.281930       2.283470       2.282970       2.282800       2.276070       2.269450       2.262960       2.256600       2.250360       2.244240       2.238250       2.232380       2.226620    
   2.408760       2.395730       2.395720       2.395710       2.388900       2.375310       2.375280       2.375250       2.375150       2.323300       2.267330       2.267330       2.267330       2.274000       2.277430       2.277430       2.278190       2.279890       2.280390       2.283470       2.276600       2.269860       2.263240       2.256760       2.250410       2.244190       2.238100       2.232140       2.226300       2.220580    
   2.395720       2.395720       2.395710       2.388910       2.375310       2.375300       2.375280       2.342990       2.307930       2.267310       2.267330       2.267330       2.267330       2.267330       2.273440       2.276670       2.276670       2.278190       2.277530       2.277300       2.270420       2.263670       2.257060       2.250580       2.244240       2.238050       2.231980       2.226050       2.220250       2.214570    
   2.395720       2.395720       2.388910       2.375310       2.375300       2.324670       2.248730       2.247510       2.246290       2.260270       2.267280       2.267330       2.267330       2.267330       2.267330       2.272350       2.275150       2.275150       2.278190       2.271160       2.264260       2.257510       2.250900       2.244430       2.238110       2.231930       2.225890       2.219990       2.214230       2.208590    
   2.395720       2.388910       2.375310       2.375310       2.314540       2.248720       2.248720       2.248730       2.247510       2.246290       2.260190       2.267190       2.267330       2.267330       2.267330       2.267330       2.270250       2.272120       2.272100       2.265050       2.258140       2.251380       2.244770       2.238310       2.232010       2.225850       2.219840       2.213980       2.208250       2.202660    
