iMOD/TUTORIALS/TUT_MetaswapAnalyser/model_MetaSWAP/meteo/Evaporation/Evaporation_20051129_L1.ASC
NCOLS                30
NROWS                30
XLLCORNER     160000.00
YLLCORNER     340000.00
CELLSIZE        1000.00
NODATA_VALUE   -9999.00
  0.2278700      0.2262600      0.2246800      0.2231000      0.2215500      0.2200000      0.2184700      0.2169600      0.2154600      0.2139800      0.2125100      0.2110600      0.2096200      0.2082000      0.2067900      0.2054000      0.2040200      0.2026500      0.2013100      0.1999700      0.1986600      0.1973500      0.1960700      0.1947900      0.1935400      0.1922900      0.1910700      0.1898500      0.1886600      0.1874700    
  0.2273900      0.2258000      0.2242200      0.2226600      0.2211100      0.2195800      0.2180600      0.2165600      0.2150700      0.2135900      0.2121300      0.2106900      0.2092600      0.2078400      0.2064400      0.2050500      0.2036800      0.2023300      0.2009800      0.1996600      0.1983500      0.1970500      0.1957700      0.1945000      0.1932500      0.1920100      0.1907900      0.1895800      0.1883800      0.1872000    
  0.2269200      0.2253400      0.2237800      0.2222300      0.2206900      0.2191700      0.2176600      0.2161600      0.2146800      0.2132100      0.2117600      0.2103300      0.2089000      0.2074900      0.2061000      0.2047200      0.2033600      0.2020100      0.2006700      0.1993500      0.1980400      0.1967500      0.1954700      0.1942100      0.1929600      0.1917300      0.1905100      0.1893100      0.1881200      0.1869400    
  0.2264600      0.2248900      0.2233400      0.2218000      0.2202700      0.2187600      0.2172600      0.2157700      0.2143000      0.2128400      0.2114000      0.2099700      0.2085500      0.2071500      0.2057700      0.2043900      0.2030400      0.2016900      0.2003600      0.1990500      0.1977500      0.1964600      0.1951900      0.1939300      0.1926900      0.1914600      0.1902400      0.1890400      0.1878600      0.1866800    
  0.2260000      0.2244500      0.2229100      0.2213800      0.2198600      0.2183600      0.2168700      0.2153900      0.2139300      0.2124800      0.2110400      0.2096200      0.2082100      0.2068200      0.2054400      0.2040700      0.2027200      0.2013900      0.2000600      0.1987500      0.1974600      0.1961800      0.1949100      0.1936600      0.1924200      0.1911900      0.1899800      0.1887900      0.1876000      0.1864300    
  0.2255500      0.2240100      0.2224800      0.2209600      0.2194600      0.2179600      0.2164800      0.2150200      0.2135600      0.2121200      0.2106900      0.2092800      0.2078800      0.2064900      0.2051200      0.2037600      0.2024200      0.2010900      0.1997700      0.1984600      0.1971700      0.1959000      0.1946400      0.1933900      0.1921500      0.1909300      0.1897300      0.1885300      0.1873500      0.1861900    
  0.2251100      0.2235800      0.2220600      0.2205500      0.2190600      0.2175800      0.2161000      0.2146500      0.2132000      0.2117700      0.2103500      0.2089400      0.2075500      0.2061700      0.2048100      0.2034500      0.2021200      0.2007900      0.1994800      0.1981800      0.1969000      0.1956300      0.1943700      0.1931300      0.1919000      0.1906800      0.1894800      0.1882900      0.1871100      0.1859500    
  0.2246700      0.2231500      0.2216500      0.2201500      0.2186700      0.2171900      0.2157300      0.2142800      0.2128500      0.2114200      0.2100100      0.2086100      0.2072300      0.2058600      0.2045000      0.2031500      0.2018200      0.2005000      0.1992000      0.1979000      0.1966300      0.1953600      0.1941100      0.1928700      0.1916400      0.1904300      0.1892300      0.1880500      0.1868700      0.1857100    
  0.2242400      0.2227300      0.2212400      0.2197500      0.2182800      0.2168200      0.2153600      0.2139200      0.2125000      0.2110800      0.2096800      0.2082900      0.2069100      0.2055500      0.2042000      0.2028600      0.2015300      0.2002200      0.1989200      0.1976300      0.1963600      0.1951000      0.1938500      0.1926200      0.1914000      0.1901900      0.1889900      0.1878100      0.1866400      0.1854800    
  0.2238100      0.2223200      0.2208300      0.2193600      0.2179000      0.2164400      0.2150000      0.2135700      0.2121500      0.2107500      0.2093500      0.2079700      0.2066000      0.2052400      0.2039000      0.2025700      0.2012500      0.1999400      0.1986500      0.1973700      0.1961000      0.1948400      0.1936000      0.1923700      0.1911500      0.1899500      0.1887600      0.1875800      0.1864100      0.1852600    
  0.2238130      0.2223200      0.2203700      0.2189700      0.2175200      0.2160700      0.2146400      0.2132200      0.2118100      0.2104100      0.2090300      0.2076500      0.2062900      0.2049400      0.2036100      0.2022800      0.2009700      0.1996700      0.1983800      0.1971000      0.1958400      0.1945900      0.1933500      0.1921300      0.1909200      0.1897200      0.1885300      0.1873500      0.1861900      0.1850400    
  0.2238160      0.2213680      0.2189700      0.2176000      0.2171400      0.2157100      0.2142900      0.2128800      0.2114800      0.2100900      0.2087100      0.2073400      0.2059900      0.2046500      0.2033200      0.2020000      0.2006900      0.1994000      0.1981200      0.1968500      0.1955900      0.1943400      0.1931100      0.1918900      0.1906800      0.1894900      0.1883000      0.1871300      0.1859700      0.1848200    
  0.2223680      0.2189700      0.2175740      0.2169550      0.2167700      0.2153500      0.2139400      0.2125400      0.2111500      0.2097600      0.2084000      0.2070400      0.2056900      0.2043600      0.2030300      0.2017200      0.2004200      0.1991300      0.1978600      0.1965900      0.1953400      0.1941000      0.1928700      0.1916600      0.1904500      0.1892600      0.1880800      0.1869100      0.1857600      0.1846100    
  0.2189700      0.2175440      0.2168620      0.2167700      0.2157030      0.2149900      0.2135900      0.2122000      0.2108200      0.2094500      0.2080800      0.2067400      0.2054000      0.2040700      0.2027500      0.2014500      0.2001500      0.1988700      0.1976000      0.1963400      0.1951000      0.1938600      0.1926400      0.1914300      0.1902300      0.1890400      0.1878600      0.1867000      0.1855500      0.1844100    
  0.2175250      0.2168160      0.2167700      0.2158210      0.2149900      0.2139430      0.2132500      0.2118700      0.2104900      0.2091300      0.2077800      0.2064400      0.2051000      0.2037800      0.2024800      0.2011800      0.1998900      0.1986100      0.1973500      0.1961000      0.1948600      0.1936300      0.1924100      0.1912000      0.1900100      0.1888200      0.1876500      0.1864900      0.1853400      0.1842000    
  0.2167930      0.2167700      0.2158600      0.2149900      0.2140610      0.2132500      0.2125600      0.2118700      0.2100770      0.2088200      0.2074700      0.2061400      0.2048200      0.2035000      0.2022000      0.2009100      0.1996300      0.1983600      0.1971000      0.1958600      0.1946200      0.1933900      0.1921800      0.1909800      0.1897900      0.1886100      0.1874400      0.1862800      0.1851400      0.1840000    
  0.2167700      0.2158730      0.2149900      0.2141000      0.2132500      0.2129050      0.2125600      0.2108320      0.2088200      0.2081450      0.2067680      0.2058500      0.2045300      0.2032300      0.2019300      0.2006500      0.1993700      0.1981100      0.1968600      0.1956200      0.1943900      0.1931700      0.1919600      0.1907600      0.1895700      0.1884000      0.1872300      0.1860800      0.1849400      0.1838000    
  0.2158780      0.2149900      0.2141130      0.2132500      0.2130770      0.2129050      0.2112790      0.2088200      0.2084830      0.2070000      0.2057050      0.2055600      0.2042500      0.2029500      0.2016600      0.2003900      0.1991200      0.1978600      0.1966200      0.1953800      0.1941500      0.1929400      0.1917400      0.1905400      0.1893600      0.1881900      0.1870300      0.1858800      0.1847400      0.1836100    
  0.2149900      0.2141180      0.2132500      0.2131640      0.2130770      0.2115200      0.2088200      0.2086510      0.2070990      0.2056330      0.2055600      0.2049050      0.2038600      0.2026800      0.2014000      0.2001300      0.1988700      0.1976200      0.1963800      0.1951500      0.1939300      0.1927200      0.1915200      0.1903300      0.1891500      0.1879800      0.1868300      0.1856800      0.1845500      0.1834200    
  0.2141190      0.2132500      0.2132070      0.2131640      0.2116450      0.2088200      0.2087360      0.2071450      0.2055960      0.2055600      0.2052330      0.2042510      0.2026800      0.2020400      0.2014030      0.2001330      0.1988730      0.1976230      0.1957520      0.1949200      0.1937000      0.1925000      0.1913000      0.1901200      0.1889500      0.1877800      0.1866300      0.1854900      0.1843500      0.1832300    
  0.2132500      0.2132280      0.2132070      0.2117090      0.2088200      0.2087780      0.2071680      0.2055780      0.2055600      0.2053960      0.2044310      0.2026800      0.2023600      0.2020410      0.2011920      0.2001370      0.1988770      0.1963490      0.1948050      0.1946900      0.1934800      0.1922800      0.1910900      0.1899100      0.1887400      0.1875800      0.1864300      0.1852900      0.1841700      0.1830500    
  0.2132390      0.2132280      0.2117410      0.2088200      0.2087990      0.2071790      0.2055690      0.2055600      0.2054780      0.2045170      0.2026800      0.2025200      0.2023600      0.2018640      0.2011230      0.2000690      0.1969600      0.1947480      0.1946900      0.1938100      0.1932600      0.1920600      0.1908800      0.1897000      0.1885400      0.1873800      0.1862400      0.1851000      0.1839800      0.1828600    
  0.2132390      0.2117570      0.2088200      0.2088090      0.2071840      0.2055650      0.2055600      0.2055190      0.2045590      0.2026800      0.2026000      0.2025200      0.2022480      0.2017830      0.2010190      0.1973790      0.1947190      0.1946900      0.1935640      0.1930400      0.1923260      0.1918500      0.1906700      0.1895000      0.1883400      0.1871900      0.1860500      0.1849200      0.1837900      0.1826800    
  0.2117650      0.2088200      0.2088150      0.2071870      0.2055620      0.2055600      0.2055400      0.2045790      0.2026800      0.2026400      0.2026000      0.2024560      0.2021840      0.1997850      0.1970080      0.1940250      0.1940250      0.1934460      0.1927870      0.1927150      0.1928200      0.1916400      0.1904600      0.1893000      0.1881400      0.1870000      0.1858600      0.1847300      0.1836100      0.1825000    
  0.2088200      0.2088170      0.2071890      0.2055610      0.2055600      0.2055500      0.2045900      0.2026800      0.2026600      0.2026400      0.2025650      0.2024130      0.1985170      0.1940830      0.1940900      0.1937540      0.1933320      0.1933600      0.1928290      0.1926070      0.1926100      0.1914300      0.1902600      0.1891000      0.1879500      0.1868000      0.1856700      0.1845500      0.1834300      0.1823200    
  0.2088190      0.2071890      0.2055610      0.2055600      0.2055550      0.2045950      0.2026800      0.2026700      0.2026600      0.2026220      0.1993600      0.1945900      0.1942460      0.1940760      0.1940760      0.1940900      0.1935690      0.1933050      0.1933600      0.1926350      0.1923900      0.1912200      0.1900500      0.1889000      0.1877500      0.1866100      0.1854800      0.1843600      0.1832500      0.1821500    
  0.2071900      0.2055600      0.2055600      0.2055570      0.2045970      0.2026800      0.2026750      0.2026700      0.2026510      0.1987640      0.1945900      0.1945900      0.1945900      0.1942360      0.1940630      0.1940630      0.1940900      0.1935190      0.1932500      0.1933600      0.1921800      0.1910100      0.1898500      0.1887000      0.1875600      0.1864200      0.1853000      0.1841800      0.1830700      0.1819700    
  0.2055600      0.2055600      0.2055590      0.2045990      0.2026800      0.2026780      0.2026750      0.2006490      0.1979780      0.1945890      0.1945900      0.1945900      0.1945900      0.1945900      0.1942150      0.1940350      0.1940350      0.1940900      0.1933770      0.1931400      0.1919700      0.1908100      0.1896500      0.1885100      0.1873700      0.1862400      0.1851200      0.1840000      0.1829000      0.1818000    
  0.2055600      0.2055590      0.2045990      0.2026800      0.2026790      0.1998060      0.1955000      0.1950500      0.1946000      0.1945920      0.1945880      0.1945900      0.1945900      0.1945900      0.1945900      0.1941720      0.1939800      0.1939800      0.1940900      0.1929200      0.1917600      0.1906000      0.1894500      0.1883100      0.1871800      0.1860500      0.1849300      0.1838200      0.1827200      0.1816300    
  0.2055600      0.2046000      0.2026800      0.2026790      0.1992330      0.1955000      0.1955000      0.1955000      0.1950500      0.1946000      0.1945890      0.1945840      0.1945900      0.1945900      0.1945900      0.1945900      0.1940810      0.1938700      0.1938700      0.1927100      0.1915500      0.1904000      0.1892500      0.1881200      0.1869900      0.1858600      0.1847500      0.1836500      0.1825500      0.1814600    
