iMOD/TUTORIALS/TUT_MetaswapAnalyser/model_MetaSWAP/meteo/Evaporation/Evaporation_20060313_L1.ASC
NCOLS                30
NROWS                30
XLLCORNER     160000.00
YLLCORNER     340000.00
CELLSIZE        1000.00
NODATA_VALUE   -9999.00
   1.509120       1.508640       1.508160       1.507670       1.507190       1.506700       1.506210       1.505720       1.505230       1.504740       1.504250       1.503760       1.503280       1.502790       1.502300       1.501820       1.501340       1.500860       1.500380       1.499900       1.499430       1.498960       1.498490       1.498020       1.497560       1.497100       1.496650       1.496190       1.495750       1.495300    
   1.509470       1.508990       1.508500       1.508020       1.507530       1.507040       1.506550       1.506060       1.505570       1.505070       1.504580       1.504090       1.503600       1.503110       1.502630       1.502140       1.501660       1.501180       1.500700       1.500220       1.499740       1.499270       1.498800       1.498340       1.497880       1.497420       1.496960       1.496510       1.496060       1.495620    
   1.509820       1.509330       1.508850       1.508360       1.507860       1.507370       1.506880       1.506390       1.505890       1.505400       1.504910       1.504420       1.503920       1.503430       1.502950       1.502460       1.501970       1.501490       1.501010       1.500530       1.500060       1.499580       1.499120       1.498650       1.498190       1.497730       1.497270       1.496820       1.496370       1.495930    
   1.510160       1.509670       1.509180       1.508690       1.508190       1.507700       1.507200       1.506710       1.506210       1.505720       1.505230       1.504730       1.504240       1.503750       1.503260       1.502770       1.502280       1.501800       1.501320       1.500840       1.500360       1.499890       1.499420       1.498960       1.498490       1.498030       1.497580       1.497130       1.496680       1.496240    
   1.510490       1.510000       1.509510       1.509010       1.508520       1.508020       1.507520       1.507030       1.506530       1.506030       1.505540       1.505040       1.504550       1.504060       1.503570       1.503080       1.502590       1.502100       1.501620       1.501140       1.500670       1.500190       1.499720       1.499260       1.498790       1.498330       1.497880       1.497430       1.496980       1.496540    
   1.510820       1.510320       1.509830       1.509330       1.508840       1.508340       1.507840       1.507340       1.506840       1.506340       1.505840       1.505350       1.504850       1.504360       1.503870       1.503380       1.502890       1.502400       1.501920       1.501440       1.500960       1.500490       1.500020       1.499550       1.499090       1.498630       1.498180       1.497720       1.497280       1.496840    
   1.511140       1.510640       1.510150       1.509650       1.509150       1.508650       1.508150       1.507650       1.507150       1.506650       1.506150       1.505650       1.505150       1.504660       1.504160       1.503670       1.503180       1.502700       1.502210       1.501730       1.501260       1.500780       1.500310       1.499850       1.499380       1.498920       1.498470       1.498020       1.497570       1.497130    
   1.511460       1.510960       1.510460       1.509960       1.509460       1.508950       1.508450       1.507950       1.507450       1.506940       1.506440       1.505940       1.505450       1.504950       1.504460       1.503960       1.503470       1.502990       1.502500       1.502020       1.501540       1.501070       1.500600       1.500130       1.499670       1.499210       1.498760       1.498310       1.497860       1.497420    
   1.511770       1.511270       1.510760       1.510260       1.509760       1.509250       1.508750       1.508240       1.507740       1.507240       1.506740       1.506240       1.505740       1.505240       1.504740       1.504250       1.503760       1.503270       1.502790       1.502310       1.501830       1.501350       1.500880       1.500420       1.499950       1.499500       1.499040       1.498590       1.498150       1.497710    
   1.512080       1.511570       1.511070       1.510560       1.510060       1.509550       1.509040       1.508540       1.508030       1.507530       1.507020       1.506520       1.506020       1.505520       1.505030       1.504530       1.504040       1.503550       1.503070       1.502590       1.502110       1.501630       1.501160       1.500700       1.500230       1.499780       1.499320       1.498870       1.498430       1.497990    
   1.512080       1.511570       1.511010       1.510860       1.510350       1.509840       1.509330       1.508820       1.508320       1.507810       1.507310       1.506800       1.506300       1.505800       1.505310       1.504810       1.504320       1.503830       1.503340       1.502860       1.502380       1.501910       1.501440       1.500970       1.500510       1.500050       1.499600       1.499150       1.498710       1.498270    
   1.512080       1.511380       1.510860       1.510690       1.510640       1.510130       1.509620       1.509110       1.508600       1.508090       1.507590       1.507080       1.506580       1.506080       1.505580       1.505080       1.504590       1.504100       1.503620       1.503130       1.502660       1.502180       1.501710       1.501240       1.500780       1.500330       1.499870       1.499420       1.498980       1.498540    
   1.511720       1.510860       1.510810       1.510780       1.510920       1.510410       1.509900       1.509390       1.508880       1.508370       1.507860       1.507360       1.506850       1.506350       1.505850       1.505350       1.504860       1.504370       1.503890       1.503400       1.502920       1.502450       1.501980       1.501510       1.501050       1.500600       1.500140       1.499700       1.499250       1.498820    
   1.510860       1.510860       1.510850       1.510920       1.510670       1.510690       1.510180       1.509660       1.509150       1.508640       1.508130       1.507630       1.507120       1.506620       1.506120       1.505620       1.505130       1.504640       1.504150       1.503670       1.503190       1.502710       1.502240       1.501780       1.501320       1.500860       1.500410       1.499960       1.499520       1.499090    
   1.510880       1.510890       1.510920       1.510760       1.510690       1.510440       1.510450       1.509940       1.509420       1.508910       1.508400       1.507890       1.507390       1.506880       1.506380       1.505880       1.505390       1.504900       1.504410       1.503930       1.503450       1.502980       1.502510       1.502040       1.501580       1.501130       1.500680       1.500230       1.499790       1.499360    
   1.510900       1.510920       1.510790       1.510690       1.510530       1.510450       1.510200       1.509940       1.509360       1.509180       1.508670       1.508160       1.507650       1.507140       1.506640       1.506150       1.505650       1.505160       1.504670       1.504190       1.503710       1.503240       1.502770       1.502300       1.501840       1.501390       1.500940       1.500490       1.500050       1.499620    
   1.510920       1.510800       1.510690       1.510560       1.510450       1.510320       1.510190       1.509670       1.509180       1.508920       1.508620       1.508420       1.507910       1.507400       1.506900       1.506400       1.505910       1.505420       1.504930       1.504440       1.503970       1.503490       1.503020       1.502560       1.502100       1.501650       1.501200       1.500750       1.500320       1.499880    
   1.510800       1.510690       1.510570       1.510450       1.510390       1.510320       1.509840       1.509180       1.509050       1.508790       1.508550       1.508680       1.508170       1.507660       1.507160       1.506660       1.506160       1.505670       1.505180       1.504700       1.504220       1.503750       1.503280       1.502810       1.502360       1.501900       1.501450       1.501010       1.500580       1.500150    
   1.510690       1.510570       1.510450       1.510420       1.510390       1.509930       1.509180       1.509120       1.508860       1.508620       1.508680       1.508420       1.508110       1.507910       1.507410       1.506910       1.506410       1.505920       1.505430       1.504950       1.504470       1.504000       1.503530       1.503070       1.502610       1.502160       1.501710       1.501270       1.500830       1.500410    
   1.510570       1.510450       1.510430       1.510420       1.509980       1.509180       1.509150       1.508900       1.508650       1.508680       1.508550       1.508280       1.507910       1.507660       1.507410       1.506910       1.506410       1.505920       1.505390       1.505200       1.504720       1.504250       1.503780       1.503320       1.502860       1.502410       1.501960       1.501520       1.501090       1.500660    
   1.510450       1.510440       1.510430       1.510000       1.509180       1.509160       1.508910       1.508660       1.508680       1.508620       1.508360       1.507910       1.507790       1.507660       1.507330       1.506910       1.506410       1.505700       1.505330       1.505450       1.504970       1.504490       1.504030       1.503570       1.503110       1.502660       1.502220       1.501780       1.501350       1.500920    
   1.510450       1.510440       1.510010       1.509180       1.509170       1.508920       1.508670       1.508680       1.508650       1.508390       1.507910       1.507850       1.507790       1.507590       1.507300       1.506880       1.505970       1.505390       1.505450       1.505210       1.505210       1.504740       1.504270       1.503810       1.503360       1.502910       1.502470       1.502030       1.501600       1.501170    
   1.510450       1.510020       1.509180       1.509180       1.508930       1.508680       1.508680       1.508660       1.508410       1.507910       1.507880       1.507850       1.507740       1.507560       1.507260       1.506350       1.505420       1.505450       1.505480       1.505460       1.505170       1.504990       1.504520       1.504060       1.503600       1.503160       1.502720       1.502280       1.501850       1.501430    
   1.510020       1.509180       1.509180       1.508930       1.508680       1.508680       1.508670       1.508420       1.507910       1.507890       1.507880       1.507820       1.507720       1.507610       1.507040       1.506170       1.506180       1.505970       1.505740       1.505820       1.505700       1.505230       1.504760       1.504300       1.503850       1.503400       1.502960       1.502530       1.502100       1.501680    
   1.509180       1.509180       1.508930       1.508680       1.508680       1.508680       1.508420       1.507910       1.507900       1.507890       1.507870       1.507810       1.507780       1.507880       1.507870       1.507060       1.506930       1.506900       1.506260       1.505940       1.505940       1.505470       1.505010       1.504550       1.504100       1.503650       1.503210       1.502780       1.502350       1.501930    
   1.509180       1.508930       1.508680       1.508680       1.508680       1.508420       1.507910       1.507910       1.507900       1.507890       1.508350       1.509080       1.508280       1.507880       1.507880       1.507870       1.507250       1.506960       1.506900       1.506360       1.506180       1.505710       1.505250       1.504790       1.504340       1.503900       1.503460       1.503030       1.502600       1.502190    
   1.508930       1.508680       1.508680       1.508680       1.508420       1.507910       1.507910       1.507910       1.507900       1.508460       1.509080       1.509080       1.509080       1.508300       1.507900       1.507900       1.507870       1.507280       1.507020       1.506900       1.506420       1.505950       1.505490       1.505030       1.504580       1.504140       1.503710       1.503280       1.502850       1.502440    
   1.508680       1.508680       1.508680       1.508420       1.507910       1.507910       1.507910       1.508630       1.508970       1.509080       1.509080       1.509080       1.509080       1.509080       1.508320       1.507930       1.507930       1.507870       1.507320       1.507140       1.506660       1.506200       1.505730       1.505280       1.504830       1.504390       1.503950       1.503520       1.503100       1.502690    
   1.508680       1.508680       1.508420       1.507910       1.507910       1.509380       1.511590       1.511200       1.510820       1.509660       1.509080       1.509080       1.509080       1.509080       1.509080       1.508360       1.507990       1.507990       1.507870       1.507380       1.506910       1.506440       1.505970       1.505520       1.505070       1.504630       1.504200       1.503770       1.503360       1.502940    
   1.508680       1.508420       1.507910       1.507910       1.509680       1.511590       1.511590       1.511590       1.511200       1.510820       1.509670       1.509090       1.509080       1.509080       1.509080       1.509080       1.508430       1.508110       1.508110       1.507620       1.507150       1.506680       1.506220       1.505760       1.505320       1.504880       1.504450       1.504020       1.503610       1.503200    
