iMOD/TUTORIALS/TUT_MetaswapAnalyser/model_MetaSWAP/meteo/Evaporation/Evaporation_20061119_L1.ASC
NCOLS                30
NROWS                30
XLLCORNER     160000.00
YLLCORNER     340000.00
CELLSIZE        1000.00
NODATA_VALUE   -9999.00
  0.1486100      0.1476000      0.1465800      0.1455700      0.1445600      0.1435500      0.1425400      0.1415300      0.1405200      0.1395100      0.1385000      0.1375000      0.1365000      0.1355000      0.1345000      0.1335100      0.1325200      0.1315300      0.1305400      0.1295600      0.1285800      0.1276100      0.1266400      0.1256700      0.1247000      0.1237400      0.1227900      0.1218300      0.1208800      0.1199300    
  0.1484100      0.1474000      0.1463800      0.1453700      0.1443500      0.1433400      0.1423200      0.1413100      0.1403000      0.1392900      0.1382800      0.1372700      0.1362700      0.1352700      0.1342700      0.1332700      0.1322800      0.1312900      0.1303000      0.1293100      0.1283300      0.1273500      0.1263800      0.1254100      0.1244400      0.1234800      0.1225200      0.1215600      0.1206100      0.1196600    
  0.1482200      0.1472000      0.1461800      0.1451600      0.1441400      0.1431200      0.1421100      0.1410900      0.1400800      0.1390600      0.1380500      0.1370400      0.1360300      0.1350300      0.1340300      0.1330300      0.1320300      0.1310400      0.1300500      0.1290600      0.1280800      0.1270900      0.1261200      0.1251400      0.1241700      0.1232100      0.1222400      0.1212800      0.1203300      0.1193700    
  0.1480200      0.1469900      0.1459700      0.1449500      0.1439300      0.1429100      0.1418900      0.1408700      0.1398500      0.1388300      0.1378200      0.1368100      0.1358000      0.1347900      0.1337800      0.1327800      0.1317800      0.1307900      0.1297900      0.1288000      0.1278200      0.1268300      0.1258500      0.1248800      0.1239000      0.1229300      0.1219700      0.1210000      0.1200500      0.1190900    
  0.1478100      0.1467900      0.1457600      0.1447300      0.1437100      0.1426800      0.1416600      0.1406400      0.1396200      0.1386000      0.1375800      0.1365700      0.1355600      0.1345500      0.1335400      0.1325300      0.1315300      0.1305300      0.1295400      0.1285400      0.1275500      0.1265700      0.1255800      0.1246000      0.1236300      0.1226600      0.1216900      0.1207200      0.1197600      0.1188000    
  0.1476100      0.1465800      0.1455500      0.1445200      0.1434900      0.1424600      0.1414300      0.1404100      0.1393900      0.1383600      0.1373400      0.1363300      0.1353100      0.1343000      0.1332900      0.1322800      0.1312800      0.1302700      0.1292700      0.1282800      0.1272900      0.1263000      0.1253100      0.1243300      0.1233500      0.1223800      0.1214100      0.1204400      0.1194700      0.1185100    
  0.1474000      0.1463600      0.1453300      0.1443000      0.1432600      0.1422300      0.1412000      0.1401800      0.1391500      0.1381200      0.1371000      0.1360800      0.1350600      0.1340500      0.1330300      0.1320200      0.1310200      0.1300100      0.1290100      0.1280100      0.1270200      0.1260300      0.1250400      0.1240500      0.1230700      0.1221000      0.1211200      0.1201500      0.1191800      0.1182200    
  0.1471900      0.1461500      0.1451100      0.1440700      0.1430400      0.1420000      0.1409700      0.1399400      0.1389100      0.1378800      0.1368600      0.1358300      0.1348100      0.1337900      0.1327800      0.1317700      0.1307600      0.1297500      0.1287400      0.1277400      0.1267500      0.1257500      0.1247600      0.1237700      0.1227900      0.1218100      0.1208300      0.1198600      0.1188900      0.1179300    
  0.1469700      0.1459300      0.1448900      0.1438500      0.1428100      0.1417700      0.1407300      0.1397000      0.1386700      0.1376400      0.1366100      0.1355800      0.1345600      0.1335400      0.1325200      0.1315000      0.1304900      0.1294800      0.1284800      0.1274700      0.1264700      0.1254800      0.1244800      0.1234900      0.1225100      0.1215200      0.1205500      0.1195700      0.1186000      0.1176300    
  0.1467600      0.1457100      0.1446600      0.1436200      0.1425800      0.1415400      0.1405000      0.1394600      0.1384200      0.1373900      0.1363600      0.1353300      0.1343000      0.1332800      0.1322600      0.1312400      0.1302200      0.1292100      0.1282000      0.1272000      0.1261900      0.1252000      0.1242000      0.1232100      0.1222200      0.1212300      0.1202500      0.1192800      0.1183000      0.1173300    
  0.1467600      0.1457100      0.1443450      0.1433900      0.1423400      0.1413000      0.1402600      0.1392100      0.1381800      0.1371400      0.1361000      0.1350700      0.1340400      0.1330200      0.1319900      0.1309700      0.1299500      0.1289400      0.1279300      0.1269200      0.1259200      0.1249100      0.1239200      0.1229200      0.1219300      0.1209400      0.1199600      0.1189800      0.1180000      0.1170300    
  0.1467600      0.1450510      0.1433900      0.1424280      0.1421100      0.1410600      0.1400100      0.1389700      0.1379300      0.1368900      0.1358500      0.1348100      0.1337800      0.1327500      0.1317300      0.1307000      0.1296800      0.1286700      0.1276500      0.1266400      0.1256300      0.1246300      0.1236300      0.1226300      0.1216400      0.1206500      0.1196600      0.1186800      0.1177000      0.1167300    
  0.1457530      0.1433900      0.1424190      0.1419900      0.1418700      0.1408200      0.1397700      0.1387200      0.1376700      0.1366300      0.1355900      0.1345500      0.1335200      0.1324900      0.1314600      0.1304300      0.1294100      0.1283900      0.1273700      0.1263600      0.1253500      0.1243400      0.1233400      0.1223400      0.1213500      0.1203500      0.1193700      0.1183800      0.1174000      0.1164200    
  0.1433900      0.1424020      0.1419300      0.1418700      0.1410870      0.1405700      0.1395200      0.1384700      0.1374200      0.1363800      0.1353300      0.1342900      0.1332500      0.1322200      0.1311900      0.1301600      0.1291300      0.1281100      0.1270900      0.1260700      0.1250600      0.1240500      0.1230500      0.1220500      0.1210500      0.1200600      0.1190700      0.1180800      0.1171000      0.1161200    
  0.1423910      0.1419000      0.1418700      0.1411760      0.1405700      0.1397870      0.1392700      0.1382200      0.1371700      0.1361200      0.1350700      0.1340300      0.1329900      0.1319500      0.1309100      0.1298800      0.1288500      0.1278300      0.1268100      0.1257900      0.1247700      0.1237600      0.1227600      0.1217500      0.1207500      0.1197600      0.1187600      0.1177700      0.1167900      0.1158100    
  0.1418850      0.1418700      0.1412050      0.1405700      0.1398760      0.1392700      0.1387450      0.1382200      0.1368430      0.1358600      0.1348100      0.1337600      0.1327200      0.1316800      0.1306400      0.1296000      0.1285700      0.1275500      0.1265200      0.1255000      0.1244800      0.1234700      0.1224600      0.1214600      0.1204500      0.1194500      0.1184600      0.1174700      0.1164800      0.1155000    
  0.1418700      0.1412150      0.1405700      0.1399050      0.1392700      0.1390070      0.1387450      0.1374170      0.1358600      0.1353350      0.1342280      0.1334900      0.1324500      0.1314000      0.1303600      0.1293300      0.1282900      0.1272600      0.1262400      0.1252100      0.1241900      0.1231800      0.1221600      0.1211600      0.1201500      0.1191500      0.1181500      0.1171600      0.1161700      0.1151900    
  0.1412180      0.1405700      0.1399150      0.1392700      0.1391390      0.1390070      0.1377570      0.1358600      0.1355970      0.1344000      0.1333550      0.1332200      0.1321700      0.1311300      0.1300800      0.1290400      0.1280100      0.1269800      0.1259500      0.1249200      0.1239000      0.1228800      0.1218700      0.1208600      0.1198500      0.1188500      0.1178500      0.1168500      0.1158600      0.1148700    
  0.1405700      0.1399180      0.1392700      0.1392040      0.1391390      0.1379410      0.1358600      0.1357290      0.1344730      0.1332870      0.1332200      0.1326950      0.1318420      0.1308500      0.1298000      0.1287600      0.1277200      0.1266900      0.1256600      0.1246300      0.1236000      0.1225800      0.1215700      0.1205500      0.1195500      0.1185400      0.1175400      0.1165400      0.1155500      0.1145600    
  0.1399190      0.1392700      0.1392370      0.1392040      0.1380360      0.1358600      0.1357940      0.1345070      0.1332540      0.1332200      0.1329580      0.1321520      0.1308500      0.1303250      0.1298030      0.1287600      0.1277230      0.1266900      0.1250700      0.1243300      0.1233100      0.1222900      0.1212700      0.1202500      0.1192400      0.1182300      0.1172300      0.1162300      0.1152400      0.1142500    
  0.1392700      0.1392540      0.1392370      0.1380840      0.1358600      0.1358270      0.1345240      0.1332370      0.1332200      0.1330890      0.1322950      0.1308500      0.1305880      0.1303260      0.1296290      0.1287620      0.1277240      0.1255420      0.1241850      0.1240400      0.1230100      0.1219900      0.1209600      0.1199500      0.1189300      0.1179200      0.1169200      0.1159200      0.1149200      0.1139300    
  0.1392620      0.1392540      0.1381090      0.1358600      0.1358440      0.1345320      0.1332280      0.1332200      0.1331540      0.1323630      0.1308500      0.1307190      0.1305880      0.1301810      0.1295730      0.1287050      0.1260360      0.1241130      0.1240400      0.1232530      0.1227100      0.1216800      0.1206600      0.1196400      0.1186300      0.1176200      0.1166100      0.1156100      0.1146100      0.1136100    
  0.1392620      0.1381210      0.1358600      0.1358520      0.1345360      0.1332240      0.1332200      0.1331870      0.1323970      0.1308500      0.1307840      0.1307190      0.1304960      0.1301140      0.1294860      0.1263070      0.1240760      0.1240400      0.1229160      0.1224100      0.1217920      0.1213800      0.1203600      0.1193400      0.1183200      0.1173000      0.1163000      0.1152900      0.1142900      0.1132900    
  0.1381270      0.1358600      0.1358560      0.1345380      0.1332220      0.1332200      0.1332040      0.1324140      0.1308500      0.1308170      0.1307840      0.1306660      0.1304430      0.1281990      0.1257260      0.1231450      0.1231450      0.1226390      0.1220600      0.1219600      0.1221100      0.1210800      0.1200500      0.1190300      0.1180100      0.1169900      0.1159800      0.1149800      0.1139700      0.1129700    
  0.1358600      0.1358580      0.1345390      0.1332210      0.1332200      0.1332120      0.1324220      0.1308500      0.1308340      0.1308170      0.1307560      0.1306310      0.1269360      0.1226910      0.1227000      0.1226030      0.1222120      0.1222500      0.1219280      0.1218100      0.1218100      0.1207700      0.1197500      0.1187200      0.1177000      0.1166800      0.1156700      0.1146600      0.1136600      0.1126600    
  0.1358590      0.1345390      0.1332210      0.1332200      0.1332160      0.1324260      0.1308500      0.1308420      0.1308340      0.1308020      0.1275890      0.1228700      0.1227430      0.1226810      0.1226810      0.1227000      0.1223550      0.1221750      0.1222500      0.1216930      0.1215100      0.1204700      0.1194400      0.1184100      0.1173900      0.1163700      0.1153500      0.1143400      0.1133400      0.1123400    
  0.1345400      0.1332200      0.1332200      0.1332180      0.1324280      0.1308500      0.1308460      0.1308420      0.1308260      0.1269930      0.1228700      0.1228700      0.1228700      0.1227280      0.1226620      0.1226620      0.1227000      0.1222970      0.1221000      0.1222500      0.1212000      0.1201700      0.1191300      0.1181000      0.1170800      0.1160500      0.1150400      0.1140300      0.1130200      0.1120100    
  0.1332200      0.1332200      0.1332190      0.1324290      0.1308500      0.1308480      0.1308460      0.1287460      0.1261220      0.1228690      0.1228700      0.1228700      0.1228700      0.1228700      0.1227000      0.1226250      0.1226250      0.1227000      0.1221380      0.1219500      0.1209000      0.1198600      0.1188200      0.1177900      0.1167600      0.1157400      0.1147200      0.1137100      0.1127000      0.1116900    
  0.1332200      0.1332190      0.1324290      0.1308500      0.1308490      0.1278170      0.1232700      0.1228700      0.1224700      0.1227340      0.1228680      0.1228700      0.1228700      0.1228700      0.1228700      0.1226430      0.1225500      0.1225500      0.1227000      0.1216500      0.1206000      0.1195500      0.1185100      0.1174800      0.1164500      0.1154300      0.1144100      0.1133900      0.1123800      0.1113700    
  0.1332200      0.1324300      0.1308500      0.1308490      0.1272110      0.1232690      0.1232690      0.1232700      0.1228700      0.1224700      0.1227300      0.1228630      0.1228700      0.1228700      0.1228700      0.1228700      0.1225280      0.1224000      0.1224000      0.1213400      0.1202900      0.1192500      0.1182100      0.1171700      0.1161400      0.1151100      0.1140900      0.1130700      0.1120600      0.1110500    
