iMOD/TUTORIALS/TUT_MetaswapAnalyser/model_MetaSWAP/meteo/Evaporation/Evaporation_20060929_L1.ASC
NCOLS                30
NROWS                30
XLLCORNER     160000.00
YLLCORNER     340000.00
CELLSIZE        1000.00
NODATA_VALUE   -9999.00
   1.585040       1.583010       1.581050       1.579170       1.577350       1.575600       1.573910       1.572280       1.570700       1.569180       1.567710       1.566280       1.564890       1.563550       1.562240       1.560970       1.559740       1.558530       1.557360       1.556210       1.555080       1.553980       1.552900       1.551840       1.550800       1.549770       1.548760       1.547760       1.546770       1.545790    
   1.586530       1.584500       1.582540       1.580650       1.578820       1.577060       1.575360       1.573720       1.572130       1.570600       1.569110       1.567670       1.566270       1.564910       1.563590       1.562310       1.561060       1.559840       1.558650       1.557480       1.556340       1.555230       1.554130       1.553050       1.551990       1.550950       1.549920       1.548900       1.547900       1.546900    
   1.588040       1.586010       1.584050       1.582160       1.580330       1.578560       1.576850       1.575200       1.573600       1.572050       1.570550       1.569100       1.567680       1.566310       1.564980       1.563680       1.562410       1.561180       1.559970       1.558790       1.557640       1.556500       1.555390       1.554300       1.553220       1.552160       1.551120       1.550080       1.549060       1.548050    
   1.589580       1.587550       1.585590       1.583690       1.581860       1.580080       1.578360       1.576700       1.575090       1.573530       1.572020       1.570550       1.569130       1.567740       1.566390       1.565080       1.563800       1.562550       1.561330       1.560130       1.558960       1.557810       1.556680       1.555580       1.554480       1.553410       1.552340       1.551290       1.550260       1.549230    
   1.591150       1.589120       1.587150       1.585250       1.583410       1.581630       1.579900       1.578230       1.576610       1.575040       1.573520       1.572040       1.570600       1.569200       1.567840       1.566520       1.565220       1.563960       1.562720       1.561510       1.560320       1.559150       1.558010       1.556880       1.555780       1.554680       1.553600       1.552540       1.551480       1.550440    
   1.592730       1.590710       1.588740       1.586840       1.584990       1.583200       1.581470       1.579790       1.578160       1.576580       1.575050       1.573560       1.572110       1.570700       1.569320       1.567980       1.566670       1.565390       1.564140       1.562910       1.561710       1.560530       1.559370       1.558220       1.557100       1.555990       1.554890       1.553810       1.552740       1.551670    
   1.594340       1.592310       1.590350       1.588440       1.586590       1.584800       1.583060       1.581380       1.579740       1.578150       1.576600       1.575100       1.573640       1.572210       1.570830       1.569470       1.568150       1.566850       1.565590       1.564340       1.563120       1.561930       1.560750       1.559590       1.558450       1.557320       1.556210       1.555110       1.554020       1.552940    
   1.595960       1.593940       1.591970       1.590070       1.588220       1.586420       1.584680       1.582980       1.581340       1.579740       1.578180       1.576670       1.575200       1.573760       1.572360       1.570990       1.569650       1.568340       1.567060       1.565800       1.564570       1.563360       1.562160       1.560990       1.559830       1.558680       1.557550       1.556440       1.555330       1.554230    
   1.597600       1.595580       1.593620       1.591710       1.589860       1.588060       1.586310       1.584610       1.582960       1.581350       1.579790       1.578260       1.576780       1.575330       1.573910       1.572530       1.571180       1.569860       1.568560       1.567290       1.566040       1.564810       1.563600       1.562410       1.561230       1.560070       1.558930       1.557790       1.556660       1.555550    
   1.599260       1.597240       1.595280       1.593370       1.591520       1.589720       1.587960       1.586260       1.584600       1.582980       1.581410       1.579880       1.578380       1.576920       1.575490       1.574100       1.572740       1.571400       1.570090       1.568800       1.567540       1.566290       1.565070       1.563860       1.562660       1.561490       1.560320       1.559170       1.558030       1.556890    
   1.599280       1.597260       1.595230       1.595050       1.593190       1.591390       1.589630       1.587920       1.586260       1.584630       1.583050       1.581510       1.580000       1.578530       1.577100       1.575690       1.574310       1.572960       1.571640       1.570330       1.569050       1.567790       1.566550       1.565330       1.564120       1.562920       1.561740       1.560570       1.559410       1.558260    
   1.599300       1.596710       1.595050       1.594930       1.594880       1.593080       1.591320       1.589600       1.587930       1.586300       1.584710       1.583160       1.581650       1.580170       1.578720       1.577300       1.575910       1.574540       1.573210       1.571890       1.570600       1.569320       1.568060       1.566820       1.565600       1.564380       1.563190       1.562000       1.560820       1.559650    
   1.598100       1.595050       1.595580       1.595740       1.596590       1.594780       1.593020       1.591300       1.589620       1.587990       1.586390       1.584830       1.583310       1.581820       1.580360       1.578930       1.577530       1.576150       1.574800       1.573470       1.572160       1.570870       1.569590       1.568340       1.567100       1.565870       1.564650       1.563440       1.562250       1.561060    
   1.595050       1.595840       1.596160       1.596590       1.595960       1.596500       1.594730       1.593010       1.591330       1.589690       1.588090       1.586520       1.584990       1.583490       1.582020       1.580580       1.579160       1.577770       1.576410       1.575060       1.573740       1.572430       1.571150       1.569870       1.568610       1.567370       1.566140       1.564910       1.563700       1.562490    
   1.595970       1.596380       1.596590       1.596350       1.596500       1.595900       1.596460       1.594730       1.593050       1.591400       1.589790       1.588220       1.586680       1.585170       1.583690       1.582240       1.580810       1.579410       1.578030       1.576680       1.575340       1.574020       1.572720       1.571430       1.570150       1.568890       1.567640       1.566400       1.565170       1.563940    
   1.596480       1.596590       1.596480       1.596500       1.596290       1.596460       1.595600       1.594750       1.593080       1.593130       1.591510       1.589930       1.588390       1.586870       1.585380       1.583920       1.582480       1.581070       1.579680       1.578310       1.576960       1.575620       1.574300       1.573000       1.571710       1.570430       1.569160       1.567900       1.566660       1.565410    
   1.596590       1.596520       1.596500       1.596420       1.596460       1.596030       1.595600       1.594140       1.593130       1.592320       1.591930       1.591660       1.590110       1.588580       1.587080       1.585610       1.584160       1.582740       1.581340       1.579950       1.578590       1.577240       1.575910       1.574590       1.573280       1.571990       1.570700       1.569430       1.568160       1.566900    
   1.596540       1.596500       1.596460       1.596460       1.596240       1.596030       1.594720       1.593130       1.592730       1.592660       1.592530       1.593400       1.591840       1.590300       1.588800       1.587320       1.585860       1.584420       1.583010       1.581610       1.580240       1.578870       1.577530       1.576190       1.574870       1.573560       1.572260       1.570970       1.569680       1.568400    
   1.596500       1.596470       1.596460       1.596350       1.596240       1.595030       1.593130       1.592930       1.592980       1.592970       1.593400       1.592620       1.591890       1.592040       1.590520       1.589030       1.587570       1.586120       1.584700       1.583290       1.581900       1.580520       1.579160       1.577810       1.576470       1.575150       1.573830       1.572520       1.571220       1.569920    
   1.596480       1.596460       1.596410       1.596350       1.595190       1.593130       1.593030       1.593120       1.593180       1.593400       1.593010       1.592490       1.592040       1.591280       1.590530       1.589040       1.587570       1.586130       1.585150       1.584970       1.583570       1.582180       1.580810       1.579440       1.578090       1.576750       1.575410       1.574090       1.572770       1.571450    
   1.596460       1.596430       1.596410       1.595270       1.593130       1.593080       1.593190       1.593290       1.593400       1.593200       1.592730       1.592040       1.591660       1.591280       1.590280       1.589050       1.587580       1.586270       1.585820       1.586670       1.585250       1.583850       1.582460       1.581090       1.579720       1.578360       1.577010       1.575660       1.574330       1.573000    
   1.596450       1.596430       1.595310       1.593130       1.593100       1.593230       1.593350       1.593400       1.593300       1.592840       1.592040       1.591850       1.591660       1.591080       1.590200       1.588970       1.587160       1.586250       1.586670       1.586290       1.586950       1.585530       1.584130       1.582740       1.581360       1.579980       1.578620       1.577260       1.575900       1.574550    
   1.596450       1.595330       1.593130       1.593120       1.593250       1.593370       1.593400       1.593350       1.592900       1.592040       1.591940       1.591850       1.591530       1.590980       1.590080       1.588930       1.586460       1.586670       1.588210       1.588650       1.587800       1.587230       1.585810       1.584400       1.583010       1.581620       1.580230       1.578860       1.577490       1.576120    
   1.595340       1.593130       1.593120       1.593260       1.593390       1.593400       1.593380       1.592920       1.592040       1.591990       1.591950       1.591770       1.591450       1.593650       1.593550       1.591840       1.591840       1.591250       1.590650       1.591220       1.590360       1.588920       1.587500       1.586080       1.584660       1.583260       1.581860       1.580470       1.579080       1.577700    
   1.593130       1.593130       1.593260       1.593390       1.593400       1.593390       1.592930       1.592040       1.592020       1.591990       1.591900       1.591720       1.596210       1.602050       1.602000       1.597490       1.597230       1.597010       1.593730       1.592080       1.592080       1.590630       1.589190       1.587750       1.586330       1.584910       1.583490       1.582080       1.580680       1.579280    
   1.593130       1.593260       1.593400       1.593400       1.593390       1.592940       1.592040       1.592030       1.592020       1.591970       1.598640       1.608780       1.604340       1.602110       1.602110       1.602000       1.598890       1.597450       1.597010       1.594600       1.593800       1.592340       1.590890       1.589440       1.588000       1.586570       1.585140       1.583710       1.582290       1.580870    
   1.593260       1.593400       1.593400       1.593400       1.592940       1.592040       1.592030       1.592030       1.592010       1.600040       1.608780       1.608780       1.608780       1.604420       1.602220       1.602220       1.602000       1.599110       1.597880       1.597010       1.595530       1.594060       1.592590       1.591130       1.589680       1.588230       1.586780       1.585340       1.583900       1.582460    
   1.593400       1.593400       1.593400       1.592950       1.592040       1.592040       1.592030       1.598770       1.604010       1.608780       1.608780       1.608780       1.608780       1.608780       1.604580       1.602440       1.602440       1.602000       1.599560       1.598750       1.597260       1.595780       1.594300       1.592830       1.591360       1.589890       1.588430       1.586970       1.585520       1.584070    
   1.593400       1.593400       1.592950       1.592040       1.592040       1.604130       1.622270       1.620640       1.619000       1.612200       1.608790       1.608780       1.608780       1.608780       1.608780       1.604880       1.602870       1.602870       1.602000       1.600490       1.598990       1.597500       1.596010       1.594520       1.593040       1.591560       1.590090       1.588610       1.587140       1.585670    
   1.593400       1.592950       1.592040       1.592040       1.606550       1.622270       1.622270       1.622270       1.620640       1.619000       1.612220       1.608820       1.608780       1.608780       1.608780       1.608780       1.605430       1.603750       1.603750       1.602230       1.600720       1.599220       1.597720       1.596220       1.594730       1.593230       1.591740       1.590250       1.588760       1.587280    
