iMOD/TUTORIALS/TUT_MetaswapAnalyser/model_MetaSWAP/meteo/Evaporation/Evaporation_20051202_L1.ASC
NCOLS                30
NROWS                30
XLLCORNER     160000.00
YLLCORNER     340000.00
CELLSIZE        1000.00
NODATA_VALUE   -9999.00
  0.1347400      0.1352400      0.1357600      0.1363000      0.1368500      0.1374300      0.1380100      0.1386200      0.1392400      0.1398700      0.1405100      0.1411700      0.1418400      0.1425300      0.1432200      0.1439200      0.1446400      0.1453600      0.1460900      0.1468400      0.1475900      0.1483400      0.1491100      0.1498800      0.1506600      0.1514400      0.1522300      0.1530300      0.1538300      0.1546400    
  0.1344100      0.1349100      0.1354200      0.1359500      0.1365000      0.1370700      0.1376500      0.1382400      0.1388500      0.1394800      0.1401200      0.1407700      0.1414300      0.1421100      0.1427900      0.1434900      0.1442000      0.1449200      0.1456400      0.1463800      0.1471200      0.1478700      0.1486300      0.1494000      0.1501700      0.1509500      0.1517400      0.1525300      0.1533200      0.1541300    
  0.1340900      0.1345800      0.1350900      0.1356100      0.1361500      0.1367100      0.1372900      0.1378700      0.1384800      0.1391000      0.1397300      0.1403700      0.1410300      0.1417000      0.1423800      0.1430700      0.1437700      0.1444800      0.1452000      0.1459300      0.1466600      0.1474100      0.1481600      0.1489200      0.1496900      0.1504600      0.1512500      0.1520300      0.1528200      0.1536200    
  0.1337800      0.1342600      0.1347600      0.1352800      0.1358100      0.1363700      0.1369300      0.1375100      0.1381100      0.1387200      0.1393400      0.1399800      0.1406300      0.1412900      0.1419700      0.1426500      0.1433400      0.1440500      0.1447600      0.1454800      0.1462100      0.1469500      0.1477000      0.1484600      0.1492200      0.1499900      0.1507600      0.1515400      0.1523300      0.1531200    
  0.1334700      0.1339500      0.1344400      0.1349500      0.1354800      0.1360200      0.1365800      0.1371600      0.1377500      0.1383500      0.1389700      0.1396000      0.1402400      0.1409000      0.1415600      0.1422400      0.1429300      0.1436200      0.1443300      0.1450500      0.1457700      0.1465000      0.1472500      0.1479900      0.1487500      0.1495100      0.1502800      0.1510600      0.1518400      0.1526300    
  0.1331700      0.1336400      0.1341300      0.1346300      0.1351500      0.1356900      0.1362400      0.1368100      0.1373900      0.1379900      0.1386000      0.1392200      0.1398600      0.1405000      0.1411600      0.1418300      0.1425100      0.1432100      0.1439100      0.1446200      0.1453300      0.1460600      0.1468000      0.1475400      0.1482900      0.1490500      0.1498100      0.1505800      0.1513600      0.1521400    
  0.1328700      0.1333400      0.1338200      0.1343100      0.1348300      0.1353600      0.1359100      0.1364700      0.1370400      0.1376300      0.1382400      0.1388500      0.1394800      0.1401200      0.1407700      0.1414400      0.1421100      0.1427900      0.1434900      0.1441900      0.1449000      0.1456300      0.1463600      0.1470900      0.1478400      0.1485900      0.1493500      0.1501100      0.1508800      0.1516600    
  0.1325800      0.1330400      0.1335100      0.1340000      0.1345100      0.1350400      0.1355800      0.1361300      0.1367000      0.1372800      0.1378800      0.1384900      0.1391100      0.1397400      0.1403900      0.1410400      0.1417100      0.1423900      0.1430800      0.1437800      0.1444800      0.1452000      0.1459200      0.1466500      0.1473900      0.1481400      0.1488900      0.1496500      0.1504100      0.1511900    
  0.1322900      0.1327400      0.1332100      0.1337000      0.1342000      0.1347200      0.1352500      0.1358000      0.1363600      0.1369400      0.1375300      0.1381300      0.1387400      0.1393700      0.1400100      0.1406600      0.1413200      0.1419900      0.1426700      0.1433600      0.1440600      0.1447700      0.1454900      0.1462200      0.1469500      0.1476900      0.1484400      0.1491900      0.1499500      0.1507200    
  0.1320100      0.1324500      0.1329200      0.1334000      0.1338900      0.1344000      0.1349300      0.1354700      0.1360300      0.1366000      0.1371800      0.1377800      0.1383800      0.1390000      0.1396400      0.1402800      0.1409300      0.1416000      0.1422700      0.1429600      0.1436500      0.1443600      0.1450700      0.1457900      0.1465100      0.1472500      0.1479900      0.1487400      0.1494900      0.1502600    
  0.1320100      0.1324600      0.1329680      0.1331000      0.1335900      0.1341000      0.1346200      0.1351500      0.1357000      0.1362600      0.1368400      0.1374300      0.1380300      0.1386400      0.1392700      0.1399100      0.1405500      0.1412100      0.1418800      0.1425600      0.1432500      0.1439400      0.1446500      0.1453600      0.1460800      0.1468100      0.1475500      0.1482900      0.1490400      0.1498000    
  0.1320170      0.1326340      0.1331000      0.1332450      0.1332900      0.1337900      0.1343100      0.1348400      0.1353800      0.1359300      0.1365000      0.1370900      0.1376800      0.1382900      0.1389100      0.1395400      0.1401800      0.1408300      0.1414900      0.1421700      0.1428500      0.1435400      0.1442400      0.1449500      0.1456600      0.1463800      0.1471200      0.1478500      0.1486000      0.1493500    
  0.1323340      0.1331000      0.1331230      0.1331450      0.1330000      0.1334900      0.1340000      0.1345200      0.1350600      0.1356100      0.1361700      0.1367500      0.1373400      0.1379400      0.1385500      0.1391800      0.1398100      0.1404600      0.1411100      0.1417800      0.1424500      0.1431400      0.1438300      0.1445300      0.1452400      0.1459600      0.1466900      0.1474200      0.1481600      0.1489000    
  0.1331000      0.1330740      0.1330720      0.1330000      0.1332300      0.1332000      0.1337000      0.1342200      0.1347500      0.1352900      0.1358500      0.1364200      0.1370000      0.1375900      0.1382000      0.1388200      0.1394500      0.1400900      0.1407400      0.1414000      0.1420700      0.1427400      0.1434300      0.1441300      0.1448300      0.1455400      0.1462600      0.1469900      0.1477200      0.1484700    
  0.1330520      0.1330360      0.1330000      0.1331430      0.1332000      0.1334370      0.1334100      0.1339200      0.1344400      0.1349800      0.1355300      0.1360900      0.1366700      0.1372600      0.1378600      0.1384700      0.1390900      0.1397200      0.1403700      0.1410200      0.1416800      0.1423500      0.1430400      0.1437300      0.1444200      0.1451300      0.1458500      0.1465700      0.1473000      0.1480300    
  0.1330180      0.1330000      0.1331140      0.1332000      0.1333490      0.1334100      0.1336650      0.1339230      0.1345030      0.1346700      0.1352100      0.1357700      0.1363400      0.1369200      0.1375100      0.1381200      0.1387400      0.1393600      0.1400000      0.1406500      0.1413000      0.1419700      0.1426500      0.1433300      0.1440200      0.1447200      0.1454300      0.1461500      0.1468700      0.1476000    
  0.1330000      0.1331050      0.1332000      0.1333200      0.1334100      0.1335380      0.1336660      0.1341900      0.1346700      0.1349400      0.1352480      0.1354500      0.1360200      0.1365900      0.1371800      0.1377800      0.1383900      0.1390100      0.1396400      0.1402800      0.1409300      0.1415900      0.1422600      0.1429400      0.1436300      0.1443200      0.1450300      0.1457400      0.1464600      0.1471800    
  0.1331020      0.1332000      0.1333100      0.1334100      0.1334740      0.1335380      0.1340160      0.1346700      0.1348050      0.1350590      0.1352950      0.1351400      0.1357000      0.1362700      0.1368500      0.1374400      0.1380400      0.1386600      0.1392800      0.1399200      0.1405600      0.1412200      0.1418800      0.1425600      0.1432400      0.1439300      0.1446200      0.1453300      0.1460400      0.1467600    
  0.1332000      0.1333070      0.1334100      0.1334420      0.1334740      0.1339240      0.1346700      0.1347370      0.1349780      0.1352180      0.1351400      0.1354200      0.1357620      0.1359400      0.1365200      0.1371100      0.1377000      0.1383100      0.1389300      0.1395600      0.1402000      0.1408500      0.1415100      0.1421800      0.1428500      0.1435400      0.1442300      0.1449300      0.1456400      0.1463500    
  0.1333060      0.1334100      0.1334260      0.1334420      0.1338780      0.1346700      0.1347040      0.1349410      0.1351790      0.1351400      0.1352800      0.1355660      0.1359400      0.1362300      0.1365230      0.1371100      0.1377070      0.1383130      0.1389740      0.1392100      0.1398400      0.1404900      0.1411400      0.1418000      0.1424700      0.1431500      0.1438400      0.1445300      0.1452300      0.1459400    
  0.1334100      0.1334180      0.1334260      0.1338540      0.1346700      0.1346870      0.1349230      0.1351590      0.1351400      0.1352100      0.1354810      0.1359400      0.1360850      0.1362310      0.1366210      0.1371130      0.1377100      0.1385780      0.1390350      0.1388600      0.1394900      0.1401300      0.1407700      0.1414300      0.1420900      0.1427700      0.1434500      0.1441400      0.1448400      0.1455400    
  0.1334140      0.1334180      0.1338420      0.1346700      0.1346780      0.1349140      0.1351500      0.1351400      0.1351750      0.1354430      0.1359400      0.1360120      0.1360850      0.1363120      0.1366550      0.1371480      0.1382420      0.1389480      0.1388600      0.1391630      0.1391400      0.1397700      0.1404100      0.1410600      0.1417200      0.1423900      0.1430700      0.1437500      0.1444400      0.1451400    
  0.1334140      0.1338360      0.1346700      0.1346740      0.1349090      0.1351450      0.1351400      0.1351570      0.1354240      0.1359400      0.1359760      0.1360130      0.1361370      0.1363510      0.1367050      0.1377630      0.1389040      0.1388600      0.1387780      0.1388000      0.1391740      0.1394200      0.1400600      0.1407000      0.1413600      0.1420200      0.1426900      0.1433700      0.1440600      0.1447500    
  0.1338330      0.1346700      0.1346720      0.1349070      0.1351420      0.1351400      0.1351490      0.1354150      0.1359400      0.1359580      0.1359760      0.1360420      0.1361670      0.1362160      0.1368420      0.1378660      0.1378650      0.1381250      0.1384040      0.1382900      0.1384600      0.1390800      0.1397100      0.1403500      0.1410000      0.1416500      0.1423200      0.1429900      0.1436700      0.1443600    
  0.1346700      0.1346710      0.1349060      0.1351410      0.1351400      0.1351440      0.1354110      0.1359400      0.1359490      0.1359580      0.1359920      0.1360620      0.1359470      0.1356600      0.1356700      0.1366990      0.1368300      0.1368700      0.1377110      0.1381230      0.1381200      0.1387400      0.1393600      0.1400000      0.1406400      0.1412900      0.1419500      0.1426200      0.1433000      0.1439800    
  0.1346710      0.1349060      0.1351410      0.1351400      0.1351420      0.1354090      0.1359400      0.1359450      0.1359490      0.1359660      0.1352900      0.1342200      0.1351720      0.1356510      0.1356510      0.1356700      0.1364310      0.1367900      0.1368700      0.1375600      0.1377900      0.1384000      0.1390200      0.1396500      0.1402900      0.1409300      0.1415900      0.1422500      0.1429200      0.1436000    
  0.1349050      0.1351400      0.1351400      0.1351410      0.1354080      0.1359400      0.1359420      0.1359450      0.1359530      0.1351290      0.1342200      0.1342200      0.1342200      0.1351580      0.1356310      0.1356310      0.1356700      0.1363960      0.1367100      0.1368700      0.1374600      0.1380700      0.1386800      0.1393100      0.1399400      0.1405800      0.1412300      0.1418900      0.1425600      0.1432300    
  0.1351400      0.1351400      0.1351410      0.1354070      0.1359400      0.1359410      0.1359420      0.1350380      0.1345230      0.1342190      0.1342200      0.1342200      0.1342200      0.1342200      0.1351310      0.1355930      0.1355930      0.1356700      0.1363320      0.1365500      0.1371400      0.1377400      0.1383500      0.1389700      0.1395900      0.1402300      0.1408800      0.1415300      0.1421900      0.1428600    
  0.1351400      0.1351400      0.1354070      0.1359400      0.1359410      0.1341850      0.1315500      0.1319300      0.1323100      0.1335810      0.1342180      0.1342200      0.1342200      0.1342200      0.1342200      0.1350790      0.1355160      0.1355150      0.1356700      0.1362400      0.1368200      0.1374200      0.1380200      0.1386300      0.1392500      0.1398900      0.1405300      0.1411800      0.1418300      0.1425000    
  0.1351400      0.1354070      0.1359400      0.1359400      0.1338330      0.1315500      0.1315500      0.1315500      0.1319300      0.1323100      0.1335770      0.1342130      0.1342200      0.1342200      0.1342200      0.1342200      0.1349880      0.1353630      0.1353600      0.1359300      0.1365100      0.1371000      0.1376900      0.1383000      0.1389200      0.1395500      0.1401800      0.1408300      0.1414800      0.1421400    
