iMOD/TUTORIALS/TUT_MetaswapAnalyser/model_MetaSWAP/meteo/Evaporation/Evaporation_20050717_L1.ASC
NCOLS                30
NROWS                30
XLLCORNER     160000.00
YLLCORNER     340000.00
CELLSIZE        1000.00
NODATA_VALUE   -9999.00
   4.746470       4.742400       4.738280       4.734120       4.729900       4.725650       4.721360       4.717030       4.712670       4.708290       4.703880       4.699460       4.695010       4.690560       4.686090       4.681620       4.677140       4.672660       4.668180       4.663710       4.659250       4.654790       4.650350       4.645930       4.641520       4.637140       4.632780       4.628440       4.624140       4.619870    
   4.755980       4.751880       4.747730       4.743540       4.739300       4.735020       4.730710       4.726360       4.721990       4.717590       4.713170       4.708730       4.704280       4.699810       4.695340       4.690860       4.686370       4.681890       4.677410       4.672940       4.668470       4.664020       4.659590       4.655170       4.650770       4.646390       4.642040       4.637720       4.633430       4.629180    
   4.765360       4.761230       4.757050       4.752830       4.748560       4.744270       4.739930       4.735570       4.731180       4.726760       4.722330       4.717880       4.713410       4.708940       4.704450       4.699970       4.695480       4.690990       4.686510       4.682040       4.677580       4.673130       4.668700       4.664290       4.659900       4.655530       4.651200       4.646890       4.642610       4.638370    
   4.774620       4.770450       4.766240       4.761990       4.757710       4.753390       4.749030       4.744650       4.740240       4.735810       4.731360       4.726900       4.722420       4.717940       4.713450       4.708960       4.704470       4.699980       4.695500       4.691030       4.686570       4.682130       4.677700       4.673300       4.668920       4.664560       4.660240       4.655940       4.651680       4.647460    
   4.783760       4.779560       4.775320       4.771040       4.766730       4.762390       4.758010       4.753610       4.749190       4.744740       4.740280       4.735810       4.731320       4.726830       4.722330       4.717830       4.713340       4.708850       4.704370       4.699900       4.695440       4.691010       4.686590       4.682190       4.677820       4.673480       4.669170       4.664890       4.660650       4.656440    
   4.792790       4.788560       4.784290       4.779980       4.775650       4.771280       4.766880       4.762460       4.758020       4.753560       4.749080       4.744600       4.740100       4.735600       4.731100       4.726600       4.722100       4.717610       4.713130       4.708660       4.704210       4.699780       4.695370       4.690980       4.686630       4.682300       4.678000       4.673730       4.669500       4.665320    
   4.801710       4.797450       4.793150       4.788810       4.784450       4.780060       4.775640       4.771200       4.766740       4.762270       4.757780       4.753280       4.748780       4.744270       4.739760       4.735250       4.730750       4.726260       4.721780       4.717320       4.712870       4.708450       4.704050       4.699670       4.695320       4.691010       4.686720       4.682480       4.678260       4.674090    
   4.810530       4.806240       4.801900       4.797540       4.793160       4.788740       4.784300       4.779840       4.775370       4.770870       4.766370       4.761860       4.757350       4.752830       4.748320       4.743810       4.739300       4.734810       4.730340       4.725880       4.721440       4.717020       4.712620       4.708260       4.703920       4.699620       4.695350       4.691120       4.686930       4.682780    
   4.819260       4.814930       4.810570       4.806180       4.801760       4.797320       4.792860       4.788380       4.783890       4.779380       4.774870       4.770340       4.765820       4.761290       4.756770       4.752260       4.747760       4.743260       4.738790       4.734330       4.729900       4.725490       4.721110       4.716750       4.712430       4.708140       4.703890       4.699670       4.695500       4.691370    
   4.827890       4.823530       4.819140       4.814720       4.810280       4.805810       4.801330       4.796830       4.792320       4.787790       4.783260       4.778730       4.774200       4.769660       4.765140       4.760620       4.756110       4.751620       4.747150       4.742700       4.738270       4.733870       4.729490       4.725150       4.720840       4.716570       4.712330       4.708140       4.703980       4.699870    
   4.827880       4.823520       4.820140       4.823170       4.818700       4.814210       4.809710       4.805190       4.800660       4.796120       4.791570       4.787030       4.782480       4.777940       4.773410       4.768890       4.764380       4.759890       4.755420       4.750970       4.746550       4.742160       4.737790       4.733460       4.729170       4.724910       4.720690       4.716510       4.712380       4.708290    
   4.827870       4.823680       4.823170       4.826060       4.827040       4.822530       4.818000       4.813460       4.808910       4.804360       4.799800       4.795240       4.790690       4.786140       4.781600       4.777070       4.772560       4.768070       4.763610       4.759160       4.754750       4.750360       4.746010       4.741690       4.737410       4.733170       4.728970       4.724810       4.720700       4.716630    
   4.826730       4.823170       4.828930       4.831170       4.835310       4.830770       4.826220       4.821660       4.817090       4.812520       4.807940       4.803370       4.798810       4.794250       4.789700       4.785180       4.780660       4.776170       4.771710       4.767270       4.762860       4.758480       4.754140       4.749840       4.745570       4.741340       4.737160       4.733020       4.728930       4.724890    
   4.823170       4.830160       4.833240       4.835310       4.835000       4.838930       4.834360       4.829770       4.825190       4.820600       4.816010       4.811430       4.806850       4.802280       4.797730       4.793200       4.788690       4.784200       4.779730       4.775300       4.770900       4.766530       4.762200       4.757900       4.753650       4.749450       4.745280       4.741170       4.737100       4.733070    
   4.830730       4.834280       4.835310       4.836410       4.838930       4.838570       4.842430       4.837820       4.833210       4.828610       4.824000       4.819410       4.814820       4.810250       4.805690       4.801150       4.796630       4.792140       4.787680       4.783250       4.778860       4.774500       4.770180       4.765900       4.761670       4.757470       4.753330       4.749230       4.745190       4.741190    
   4.834790       4.835310       4.836880       4.838930       4.839980       4.842430       4.840130       4.837820       4.834050       4.836550       4.831930       4.827320       4.822720       4.818140       4.813570       4.809030       4.804510       4.800020       4.795560       4.791140       4.786750       4.782400       4.778090       4.773830       4.769610       4.765430       4.761310       4.757230       4.753210       4.749240    
   4.835310       4.837040       4.838930       4.840450       4.842430       4.841280       4.840130       4.837140       4.836550       4.834240       4.834790       4.835170       4.830560       4.825960       4.821390       4.816840       4.812320       4.807830       4.803380       4.798960       4.794580       4.790240       4.785940       4.781690       4.777480       4.773330       4.769220       4.765170       4.761170       4.757220    
   4.837090       4.838930       4.840600       4.842430       4.841850       4.841280       4.838770       4.836550       4.835390       4.837520       4.839060       4.842960       4.838330       4.833730       4.829150       4.824600       4.820070       4.815580       4.811130       4.806710       4.802340       4.798010       4.793720       4.789480       4.785300       4.781160       4.777080       4.773050       4.769070       4.765150    
   4.838930       4.840650       4.842430       4.842140       4.841850       4.839610       4.836550       4.835970       4.838690       4.841010       4.842960       4.840640       4.839120       4.841440       4.836850       4.832290       4.827770       4.823280       4.818820       4.814410       4.810040       4.805720       4.801450       4.797220       4.793050       4.788940       4.784870       4.780860       4.776910       4.773020    
   4.840670       4.842430       4.842290       4.842140       4.840040       4.836550       4.836260       4.839230       4.841990       4.842960       4.841800       4.841040       4.841440       4.839150       4.836860       4.832300       4.827780       4.823290       4.821640       4.822050       4.817690       4.813380       4.809120       4.804910       4.800750       4.796660       4.792610       4.788630       4.784700       4.780840    
   4.842430       4.842360       4.842290       4.840250       4.836550       4.836410       4.839500       4.842470       4.842960       4.842380       4.841810       4.841440       4.840290       4.839150       4.836100       4.832310       4.827790       4.825640       4.825840       4.829640       4.825290       4.820990       4.816740       4.812540       4.808400       4.804330       4.800310       4.796350       4.792450       4.788610    
   4.842390       4.842360       4.840360       4.836550       4.836480       4.839630       4.842720       4.842960       4.842670       4.842150       4.841440       4.840870       4.840290       4.838510       4.835860       4.832070       4.828630       4.827740       4.829640       4.829260       4.832840       4.828550       4.824310       4.820130       4.816010       4.811950       4.807950       4.804020       4.800140       4.796330    
   4.842390       4.840420       4.836550       4.836510       4.839690       4.842840       4.842960       4.842820       4.842300       4.841440       4.841150       4.840870       4.839890       4.838220       4.835480       4.835450       4.828690       4.829640       4.837690       4.840320       4.837760       4.836060       4.831840       4.827670       4.823570       4.819530       4.815550       4.811640       4.807800       4.804010    
   4.840440       4.836550       4.836530       4.839720       4.842900       4.842960       4.842890       4.842380       4.841440       4.841300       4.841150       4.840640       4.839660       4.851750       4.855010       4.851980       4.851990       4.850470       4.849030       4.851530       4.847810       4.843540       4.839320       4.835180       4.831090       4.827070       4.823120       4.819230       4.815410       4.811660    
   4.836550       4.836540       4.839740       4.842930       4.842960       4.842920       4.842420       4.841440       4.841370       4.841300       4.841030       4.840480       4.863900       4.893620       4.893390       4.875570       4.875260       4.874340       4.861670       4.855240       4.855250       4.850980       4.846780       4.842640       4.838580       4.834580       4.830650       4.826790       4.823000       4.819280    
   4.836550       4.839750       4.842950       4.842960       4.842940       4.842440       4.841440       4.841400       4.841370       4.841230       4.872470       4.919760       4.902520       4.893850       4.893850       4.893390       4.881620       4.876170       4.874340       4.865560       4.862650       4.858390       4.854200       4.850080       4.846030       4.842050       4.838150       4.834320       4.830550       4.826860    
   4.839750       4.842950       4.842960       4.842950       4.842440       4.841440       4.841420       4.841400       4.841330       4.878920       4.919760       4.919760       4.919760       4.902860       4.894300       4.894300       4.893390       4.882590       4.878010       4.874340       4.870020       4.865770       4.861590       4.857490       4.853460       4.849500       4.845620       4.841820       4.838080       4.834420    
   4.842960       4.842960       4.842960       4.842450       4.841440       4.841430       4.841420       4.871290       4.896000       4.919780       4.919760       4.919760       4.919760       4.919760       4.903520       4.895220       4.895220       4.893390       4.884600       4.881680       4.877370       4.873130       4.868960       4.864870       4.860860       4.856930       4.853070       4.849290       4.845590       4.841960    
   4.842960       4.842960       4.842450       4.841440       4.841440       4.894100       4.973090       4.967040       4.960980       4.933550       4.919820       4.919760       4.919760       4.919760       4.919760       4.904780       4.897040       4.897050       4.893390       4.889010       4.884700       4.880460       4.876310       4.872240       4.868250       4.864340       4.860500       4.856750       4.853080       4.849480    
   4.842960       4.842450       4.841440       4.841440       4.904640       4.973100       4.973100       4.973090       4.967040       4.960980       4.933660       4.919940       4.919760       4.919760       4.919760       4.919760       4.907110       4.900700       4.900700       4.896320       4.892010       4.887790       4.883640       4.879590       4.875620       4.871730       4.867920       4.864200       4.860560       4.857000    
