iMOD/TUTORIALS/TUT_MetaswapAnalyser/model_MetaSWAP/meteo/Evaporation/Evaporation_20060419_L1.ASC
NCOLS                30
NROWS                30
XLLCORNER     160000.00
YLLCORNER     340000.00
CELLSIZE        1000.00
NODATA_VALUE   -9999.00
   2.209340       2.212940       2.216560       2.220190       2.223850       2.227520       2.231210       2.234910       2.238630       2.242370       2.246120       2.249880       2.253650       2.257440       2.261240       2.265040       2.268860       2.272690       2.276520       2.280360       2.284210       2.288060       2.291920       2.295780       2.299640       2.303500       2.307370       2.311240       2.315100       2.318970    
   2.214160       2.217740       2.221340       2.224960       2.228590       2.232240       2.235910       2.239600       2.243300       2.247020       2.250750       2.254490       2.258240       2.262010       2.265790       2.269570       2.273370       2.277180       2.280990       2.284810       2.288630       2.292460       2.296300       2.300140       2.303980       2.307820       2.311670       2.315510       2.319360       2.323200    
   2.218980       2.222540       2.226120       2.229720       2.233340       2.236970       2.240620       2.244290       2.247970       2.251670       2.255380       2.259100       2.262830       2.266580       2.270340       2.274100       2.277880       2.281670       2.285460       2.289260       2.293060       2.296870       2.300690       2.304500       2.308320       2.312150       2.315970       2.319790       2.323620       2.327440    
   2.223800       2.227340       2.230900       2.234480       2.238080       2.241700       2.245330       2.248980       2.252640       2.256320       2.260010       2.263710       2.267430       2.271150       2.274890       2.278640       2.282390       2.286160       2.289930       2.293710       2.297490       2.301280       2.305080       2.308870       2.312670       2.316470       2.320280       2.324080       2.327880       2.331690    
   2.228620       2.232140       2.235680       2.239240       2.242820       2.246420       2.250040       2.253660       2.257310       2.260970       2.264640       2.268320       2.272020       2.275730       2.279450       2.283170       2.286910       2.290650       2.294410       2.298160       2.301930       2.305700       2.309470       2.313250       2.317030       2.320810       2.324590       2.328370       2.332150       2.335940    
   2.233430       2.236940       2.240460       2.244010       2.247570       2.251150       2.254740       2.258350       2.261980       2.265620       2.269270       2.272940       2.276620       2.280300       2.284000       2.287710       2.291430       2.295150       2.298880       2.302620       2.306370       2.310110       2.313870       2.317620       2.321380       2.325140       2.328900       2.332670       2.336430       2.340190    
   2.238250       2.241740       2.245250       2.248770       2.252310       2.255870       2.259450       2.263040       2.266650       2.270270       2.273910       2.277550       2.281210       2.284880       2.288560       2.292250       2.295950       2.299650       2.303370       2.307080       2.310810       2.314540       2.318270       2.322000       2.325740       2.329480       2.333220       2.336970       2.340710       2.344450    
   2.243070       2.246540       2.250030       2.253530       2.257060       2.260600       2.264160       2.267740       2.271320       2.274930       2.278540       2.282170       2.285810       2.289460       2.293120       2.296790       2.300470       2.304160       2.307850       2.311550       2.315250       2.318960       2.322670       2.326390       2.330110       2.333830       2.337550       2.341270       2.344990       2.348710    
   2.247890       2.251340       2.254810       2.258300       2.261800       2.265330       2.268870       2.272430       2.276000       2.279580       2.283180       2.286790       2.290410       2.294040       2.297680       2.301330       2.304990       2.308660       2.312330       2.316010       2.319700       2.323390       2.327080       2.330770       2.334470       2.338170       2.341870       2.345580       2.349280       2.352980    
   2.252700       2.256140       2.259590       2.263060       2.266550       2.270060       2.273580       2.277120       2.280670       2.284240       2.287820       2.291410       2.295010       2.298620       2.302250       2.305880       2.309520       2.313170       2.316820       2.320480       2.324150       2.327810       2.331490       2.335160       2.338840       2.342520       2.346200       2.349890       2.353570       2.357250    
   2.252710       2.256140       2.261650       2.267820       2.271290       2.274780       2.278290       2.281810       2.285340       2.288890       2.292450       2.296030       2.299610       2.303210       2.306810       2.310420       2.314050       2.317670       2.321310       2.324950       2.328600       2.332250       2.335900       2.339560       2.343220       2.346880       2.350540       2.354200       2.357860       2.361520    
   2.252720       2.259580       2.267820       2.273980       2.276040       2.279510       2.283000       2.286500       2.290020       2.293550       2.297090       2.300650       2.304210       2.307790       2.311380       2.314970       2.318570       2.322180       2.325800       2.329420       2.333050       2.336680       2.340310       2.343950       2.347590       2.351230       2.354870       2.358520       2.362160       2.365800    
   2.257360       2.267820       2.275250       2.278410       2.280780       2.284240       2.287710       2.291190       2.294690       2.298210       2.301730       2.305270       2.308820       2.312380       2.315940       2.319520       2.323100       2.326700       2.330290       2.333900       2.337500       2.341120       2.344730       2.348350       2.351970       2.355590       2.359210       2.362840       2.366460       2.370080    
   2.267820       2.275860       2.279590       2.280780       2.284660       2.288960       2.292420       2.295880       2.299370       2.302860       2.306370       2.309890       2.313420       2.316960       2.320510       2.324070       2.327630       2.331210       2.334790       2.338370       2.341960       2.345550       2.349150       2.352750       2.356350       2.359950       2.363560       2.367160       2.370760       2.374360    
   2.276160       2.280190       2.280780       2.284800       2.288960       2.292830       2.297120       2.300570       2.304040       2.307520       2.311010       2.314510       2.318020       2.321550       2.325080       2.328620       2.332170       2.335720       2.339280       2.342850       2.346420       2.349990       2.353570       2.357150       2.360730       2.364310       2.367900       2.371480       2.375070       2.378650    
   2.280480       2.280780       2.284850       2.288960       2.292970       2.297120       2.298850       2.300580       2.306080       2.312170       2.315650       2.319130       2.322630       2.326130       2.329650       2.333170       2.336700       2.340230       2.343780       2.347320       2.350880       2.354430       2.357990       2.361550       2.365120       2.368680       2.372240       2.375810       2.379380       2.382940    
   2.280780       2.284860       2.288960       2.293020       2.297120       2.297980       2.298850       2.304420       2.312170       2.313910       2.319810       2.323750       2.327230       2.330720       2.334210       2.337720       2.341230       2.344750       2.348270       2.351800       2.355340       2.358870       2.362410       2.365960       2.369500       2.373050       2.376590       2.380140       2.383680       2.387230    
   2.284870       2.288960       2.293030       2.297120       2.297550       2.297980       2.303350       2.312170       2.313040       2.320060       2.326060       2.328370       2.331830       2.335300       2.338780       2.342270       2.345760       2.349270       2.352770       2.356280       2.359800       2.363320       2.366840       2.370360       2.373890       2.377420       2.380940       2.384470       2.388000       2.391520    
   2.288960       2.293040       2.297120       2.297340       2.297550       2.302760       2.312170       2.312600       2.320170       2.327220       2.328370       2.330100       2.333850       2.339890       2.343350       2.346820       2.350300       2.353780       2.357270       2.360760       2.364260       2.367760       2.371260       2.374770       2.378280       2.381790       2.385290       2.388800       2.392310       2.395820    
   2.293040       2.297120       2.297230       2.297340       2.302460       2.312170       2.312390       2.320220       2.327790       2.328370       2.329240       2.333050       2.339890       2.341620       2.343350       2.346820       2.350300       2.353780       2.361350       2.365240       2.368720       2.372210       2.375690       2.379180       2.382670       2.386160       2.389650       2.393140       2.396620       2.400110    
   2.297120       2.297170       2.297230       2.302300       2.312170       2.312280       2.320250       2.328080       2.328370       2.328800       2.332640       2.339890       2.340750       2.341620       2.343930       2.346830       2.350300       2.360530       2.367480       2.369720       2.373190       2.376650       2.380120       2.383590       2.387060       2.390530       2.394000       2.397470       2.400940       2.404410    
   2.297150       2.297170       2.302220       2.312170       2.312220       2.320260       2.328230       2.328370       2.328590       2.332420       2.339890       2.340320       2.340760       2.342100       2.344130       2.347020       2.359190       2.368600       2.369720       2.373520       2.377650       2.381100       2.384540       2.388000       2.391450       2.394900       2.398350       2.401810       2.405260       2.408710    
   2.297150       2.302180       2.312170       2.312200       2.320260       2.328300       2.328370       2.328480       2.332320       2.339890       2.340110       2.340320       2.341060       2.342330       2.344420       2.360530       2.369160       2.369720       2.378540       2.382110       2.384170       2.385540       2.388970       2.392400       2.395840       2.399270       2.402710       2.406140       2.409580       2.413010    
   2.302160       2.312170       2.312180       2.320270       2.328330       2.328370       2.328420       2.332260       2.339890       2.340000       2.340110       2.340500       2.341240       2.357510       2.371340       2.383160       2.383160       2.385050       2.387320       2.388800       2.386570       2.389990       2.393400       2.396810       2.400230       2.403650       2.407060       2.410480       2.413890       2.417310    
   2.312170       2.312180       2.320270       2.328350       2.328370       2.328400       2.332240       2.339890       2.339940       2.340000       2.340200       2.340610       2.368820       2.402360       2.402220       2.395400       2.397160       2.396600       2.393050       2.391040       2.391040       2.394430       2.397830       2.401220       2.404620       2.408020       2.411420       2.414820       2.418210       2.421610    
   2.312170       2.320270       2.328360       2.328370       2.328380       2.332220       2.339890       2.339920       2.339940       2.340050       2.369120       2.412400       2.405820       2.402500       2.402500       2.402220       2.399070       2.397720       2.396600       2.395780       2.395500       2.398870       2.402250       2.405630       2.409010       2.412390       2.415770       2.419150       2.422530       2.425910    
   2.320270       2.328370       2.328370       2.328380       2.332220       2.339890       2.339900       2.339920       2.339970       2.374780       2.412400       2.412400       2.412400       2.406030       2.402780       2.402780       2.402220       2.399750       2.398840       2.396600       2.399960       2.403320       2.406680       2.410040       2.413400       2.416760       2.420130       2.423490       2.426850       2.430200    
   2.328370       2.328370       2.328370       2.332210       2.339890       2.339900       2.339900       2.362850       2.386260       2.412410       2.412400       2.412400       2.412400       2.412400       2.406440       2.403340       2.403340       2.402220       2.401360       2.401070       2.404410       2.407760       2.411100       2.414450       2.417790       2.421140       2.424480       2.427820       2.431160       2.434500    
   2.328370       2.328370       2.332210       2.339890       2.339890       2.377120       2.432940       2.432290       2.431630       2.418840       2.412440       2.412400       2.412400       2.412400       2.412400       2.407240       2.404460       2.404460       2.402220       2.405550       2.408870       2.412200       2.415520       2.418850       2.422180       2.425510       2.428830       2.432160       2.435480       2.438800    
   2.328370       2.332210       2.339890       2.339890       2.384560       2.432950       2.432950       2.432940       2.432290       2.431630       2.418910       2.412510       2.412400       2.412400       2.412400       2.412400       2.408770       2.406710       2.406710       2.410020       2.413320       2.416630       2.419940       2.423250       2.426560       2.429870       2.433180       2.436490       2.439790       2.443100    
