iMOD/TUTORIALS/TUT_MetaswapAnalyser/model_MetaSWAP/meteo/Evaporation/Evaporation_20051101_L1.ASC
NCOLS                30
NROWS                30
XLLCORNER     160000.00
YLLCORNER     340000.00
CELLSIZE        1000.00
NODATA_VALUE   -9999.00
  0.8548500      0.8548400      0.8548200      0.8547900      0.8547600      0.8547200      0.8546700      0.8546200      0.8545500      0.8544800      0.8544000      0.8543100      0.8542200      0.8541100      0.8540000      0.8538800      0.8537500      0.8536200      0.8534800      0.8533300      0.8531700      0.8530000      0.8528300      0.8526500      0.8524600      0.8522700      0.8520700      0.8518600      0.8516400      0.8514200    
  0.8556400      0.8556200      0.8555900      0.8555600      0.8555100      0.8554700      0.8554100      0.8553500      0.8552800      0.8552000      0.8551100      0.8550200      0.8549200      0.8548100      0.8546900      0.8545700      0.8544400      0.8543000      0.8541600      0.8540000      0.8538400      0.8536700      0.8535000      0.8533100      0.8531200      0.8529300      0.8527200      0.8525100      0.8522900      0.8520700    
  0.8564400      0.8564100      0.8563700      0.8563300      0.8562800      0.8562200      0.8561600      0.8560900      0.8560100      0.8559300      0.8558400      0.8557400      0.8556300      0.8555200      0.8554000      0.8552700      0.8551300      0.8549900      0.8548400      0.8546800      0.8545200      0.8543500      0.8541700      0.8539800      0.8537900      0.8535900      0.8533900      0.8531700      0.8529500      0.8527300    
  0.8572500      0.8572100      0.8571600      0.8571100      0.8570500      0.8569900      0.8569200      0.8568400      0.8567600      0.8566600      0.8565700      0.8564600      0.8563500      0.8562300      0.8561100      0.8559700      0.8558300      0.8556900      0.8555300      0.8553700      0.8552100      0.8550300      0.8548500      0.8546600      0.8544700      0.8542600      0.8540500      0.8538400      0.8536200      0.8533900    
  0.8580700      0.8580200      0.8579600      0.8579000      0.8578300      0.8577600      0.8576800      0.8576000      0.8575100      0.8574100      0.8573100      0.8572000      0.8570800      0.8569600      0.8568200      0.8566900      0.8565400      0.8563900      0.8562300      0.8560700      0.8559000      0.8557200      0.8555400      0.8553400      0.8551500      0.8549400      0.8547300      0.8545100      0.8542900      0.8540600    
  0.8589000      0.8588400      0.8587700      0.8587000      0.8586300      0.8585500      0.8584600      0.8583700      0.8582700      0.8581700      0.8580600      0.8579400      0.8578200      0.8576900      0.8575500      0.8574100      0.8572600      0.8571100      0.8569400      0.8567700      0.8566000      0.8564200      0.8562300      0.8560400      0.8558300      0.8556300      0.8554100      0.8551900      0.8549700      0.8547400    
  0.8597400      0.8596600      0.8595900      0.8595100      0.8594300      0.8593400      0.8592500      0.8591500      0.8590400      0.8589300      0.8588100      0.8586900      0.8585600      0.8584300      0.8582900      0.8581400      0.8579900      0.8578300      0.8576600      0.8574900      0.8573100      0.8571200      0.8569300      0.8567300      0.8565300      0.8563200      0.8561000      0.8558800      0.8556500      0.8554200    
  0.8605900      0.8605000      0.8604200      0.8603300      0.8602400      0.8601400      0.8600400      0.8599300      0.8598200      0.8597000      0.8595800      0.8594500      0.8593200      0.8591800      0.8590300      0.8588800      0.8587200      0.8585500      0.8583800      0.8582100      0.8580200      0.8578400      0.8576400      0.8574400      0.8572300      0.8570200      0.8568000      0.8565800      0.8563400      0.8561100    
  0.8614500      0.8613500      0.8612600      0.8611600      0.8610600      0.8609600      0.8608500      0.8607300      0.8606100      0.8604900      0.8603600      0.8602200      0.8600800      0.8599300      0.8597800      0.8596200      0.8594600      0.8592900      0.8591200      0.8589400      0.8587500      0.8585600      0.8583600      0.8581500      0.8579400      0.8577300      0.8575000      0.8572800      0.8570400      0.8568000    
  0.8623100      0.8622100      0.8621100      0.8620000      0.8618900      0.8617800      0.8616600      0.8615400      0.8614100      0.8612800      0.8611400      0.8610000      0.8608500      0.8607000      0.8605400      0.8603800      0.8602100      0.8600400      0.8598600      0.8596700      0.8594800      0.8592800      0.8590800      0.8588700      0.8586600      0.8584400      0.8582200      0.8579800      0.8577500      0.8575100    
  0.8623100      0.8622100      0.8622930      0.8628500      0.8627300      0.8626100      0.8624800      0.8623500      0.8622200      0.8620800      0.8619300      0.8617800      0.8616300      0.8614700      0.8613100      0.8611400      0.8609700      0.8607900      0.8606000      0.8604100      0.8602200      0.8600200      0.8598100      0.8596000      0.8593800      0.8591600      0.8589300      0.8587000      0.8584600      0.8582200    
  0.8623100      0.8624160      0.8628500      0.8634000      0.8635800      0.8634500      0.8633100      0.8631700      0.8630300      0.8628800      0.8627300      0.8625800      0.8624200      0.8622600      0.8620900      0.8619100      0.8617300      0.8615500      0.8613600      0.8611600      0.8609700      0.8607600      0.8605500      0.8603400      0.8601100      0.8598900      0.8596600      0.8594200      0.8591800      0.8589300    
  0.8624960      0.8628500      0.8636750      0.8640100      0.8644400      0.8643000      0.8641500      0.8640100      0.8638600      0.8637000      0.8635400      0.8633800      0.8632200      0.8630500      0.8628700      0.8626900      0.8625100      0.8623200      0.8621200      0.8619200      0.8617200      0.8615100      0.8613000      0.8610800      0.8608500      0.8606200      0.8603900      0.8601500      0.8599100      0.8596600    
  0.8628500      0.8637980      0.8642250      0.8644400      0.8646300      0.8651500      0.8650000      0.8648500      0.8646900      0.8645300      0.8643600      0.8641900      0.8640200      0.8638400      0.8636600      0.8634800      0.8632900      0.8630900      0.8628900      0.8626900      0.8624800      0.8622700      0.8620500      0.8618300      0.8616000      0.8613700      0.8611300      0.8608800      0.8606400      0.8603800    
  0.8638550      0.8643330      0.8644400      0.8647400      0.8651500      0.8653370      0.8658600      0.8657000      0.8655300      0.8653600      0.8651900      0.8650100      0.8648300      0.8646500      0.8644600      0.8642700      0.8640800      0.8638800      0.8636700      0.8634600      0.8632500      0.8630300      0.8628100      0.8625800      0.8623500      0.8621100      0.8618700      0.8616300      0.8613800      0.8611200    
  0.8643860      0.8644400      0.8647770      0.8651500      0.8654490      0.8658600      0.8657800      0.8656970      0.8656980      0.8662000      0.8660200      0.8658400      0.8656500      0.8654600      0.8652700      0.8650700      0.8648700      0.8646700      0.8644600      0.8642400      0.8640300      0.8638000      0.8635800      0.8633500      0.8631100      0.8628700      0.8626200      0.8623800      0.8621200      0.8618600    
  0.8644400      0.8647890      0.8651500      0.8654860      0.8658600      0.8658200      0.8657790      0.8658440      0.8662000      0.8661100      0.8664520      0.8666800      0.8664800      0.8662900      0.8660900      0.8658800      0.8656800      0.8654700      0.8652500      0.8650300      0.8648100      0.8645800      0.8643500      0.8641200      0.8638800      0.8636300      0.8633800      0.8631300      0.8628700      0.8626100    
  0.8647930      0.8651500      0.8654990      0.8658600      0.8658400      0.8658200      0.8659110      0.8662000      0.8661550      0.8666760      0.8671000      0.8675200      0.8673200      0.8671200      0.8669100      0.8667000      0.8664900      0.8662700      0.8660500      0.8658300      0.8656000      0.8653700      0.8651300      0.8648900      0.8646500      0.8644000      0.8641500      0.8638900      0.8636300      0.8633700    
  0.8651500      0.8655030      0.8658600      0.8658500      0.8658400      0.8659430      0.8662000      0.8661770      0.8667720      0.8673100      0.8675200      0.8674200      0.8674780      0.8679500      0.8677400      0.8675300      0.8673100      0.8670900      0.8668600      0.8666300      0.8664000      0.8661600      0.8659200      0.8656800      0.8654300      0.8651800      0.8649200      0.8646600      0.8644000      0.8641300    
  0.8655040      0.8658600      0.8658550      0.8658500      0.8659580      0.8662000      0.8661890      0.8668170      0.8674150      0.8675200      0.8674700      0.8675920      0.8679500      0.8678450      0.8677400      0.8675270      0.8673100      0.8670870      0.8672560      0.8674400      0.8672000      0.8669600      0.8667200      0.8664700      0.8662200      0.8659600      0.8657000      0.8654400      0.8651700      0.8649000    
  0.8658600      0.8658570      0.8658550      0.8659660      0.8662000      0.8661940      0.8668390      0.8674670      0.8675200      0.8674950      0.8676330      0.8679500      0.8678980      0.8678450      0.8677040      0.8675260      0.8673080      0.8675530      0.8678500      0.8682600      0.8680100      0.8677700      0.8675200      0.8672700      0.8670100      0.8667500      0.8664800      0.8662200      0.8659500      0.8656700    
  0.8658590      0.8658570      0.8659700      0.8662000      0.8661970      0.8668490      0.8674940      0.8675200      0.8675070      0.8676490      0.8679500      0.8679240      0.8678980      0.8678150      0.8676910      0.8675120      0.8677400      0.8680550      0.8682600      0.8683670      0.8688300      0.8685800      0.8683300      0.8680700      0.8678100      0.8675400      0.8672800      0.8670100      0.8667300      0.8664500    
  0.8658590      0.8659710      0.8662000      0.8661990      0.8668550      0.8675070      0.8675200      0.8675140      0.8676570      0.8679500      0.8679370      0.8679240      0.8678790      0.8678010      0.8676730      0.8683770      0.8681580      0.8682600      0.8692990      0.8696600      0.8695060      0.8694000      0.8691400      0.8688800      0.8686200      0.8683500      0.8680800      0.8678000      0.8675200      0.8672400    
  0.8659720      0.8662000      0.8661990      0.8668570      0.8675130      0.8675200      0.8675170      0.8676600      0.8679500      0.8679430      0.8679370      0.8679130      0.8678680      0.8696710      0.8705630      0.8707870      0.8707850      0.8707020      0.8706340      0.8709100      0.8704900      0.8702300      0.8699700      0.8697000      0.8694300      0.8691600      0.8688800      0.8686000      0.8683200      0.8680300    
  0.8662000      0.8662000      0.8668590      0.8675170      0.8675200      0.8675180      0.8676620      0.8679500      0.8679470      0.8679430      0.8679310      0.8679060      0.8712390      0.8753580      0.8753300      0.8734070      0.8734170      0.8733100      0.8720040      0.8713330      0.8713300      0.8710700      0.8708000      0.8705200      0.8702500      0.8699700      0.8696900      0.8694100      0.8691200      0.8688300    
  0.8662000      0.8668590      0.8675180      0.8675200      0.8675190      0.8676630      0.8679500      0.8679480      0.8679470      0.8679400      0.8720760      0.8783000      0.8763610      0.8753850      0.8753850      0.8753300      0.8740940      0.8735250      0.8733100      0.8724630      0.8721800      0.8719100      0.8716300      0.8713600      0.8710800      0.8707900      0.8705100      0.8702200      0.8699300      0.8696400    
  0.8668600      0.8675190      0.8675200      0.8675200      0.8676630      0.8679500      0.8679490      0.8679480      0.8679450      0.8729130      0.8783000      0.8783000      0.8783000      0.8764020      0.8754400      0.8754400      0.8753300      0.8742110      0.8737400      0.8733100      0.8730300      0.8727500      0.8724700      0.8721900      0.8719100      0.8716200      0.8713300      0.8710400      0.8707500      0.8704500    
  0.8675200      0.8675200      0.8675200      0.8676630      0.8679500      0.8679500      0.8679490      0.8717660      0.8750460      0.8783030      0.8783000      0.8783000      0.8783000      0.8783000      0.8764810      0.8755500      0.8755500      0.8753300      0.8744620      0.8741700      0.8738900      0.8736100      0.8733200      0.8730400      0.8727500      0.8724600      0.8721600      0.8718700      0.8715700      0.8712700    
  0.8675200      0.8675200      0.8676630      0.8679500      0.8679500      0.8745700      0.8845000      0.8838600      0.8832200      0.8799470      0.8783080      0.8783000      0.8783000      0.8783000      0.8783000      0.8766350      0.8757710      0.8757700      0.8753300      0.8750400      0.8747600      0.8744700      0.8741800      0.8738900      0.8735900      0.8733000      0.8730000      0.8727000      0.8723900      0.8720900    
  0.8675200      0.8676630      0.8679500      0.8679500      0.8758960      0.8845020      0.8845020      0.8845000      0.8838600      0.8832200      0.8799600      0.8783230      0.8783000      0.8783000      0.8783000      0.8783000      0.8769210      0.8762130      0.8762100      0.8759200      0.8756300      0.8753300      0.8750400      0.8747400      0.8744400      0.8741400      0.8738400      0.8735400      0.8732300      0.8729200    
