iMOD/TUTORIALS/TUT_MetaswapAnalyser/model_MetaSWAP/meteo/Evaporation/Evaporation_20060904_L1.ASC
NCOLS                30
NROWS                30
XLLCORNER     160000.00
YLLCORNER     340000.00
CELLSIZE        1000.00
NODATA_VALUE   -9999.00
   2.103520       2.105160       2.106920       2.108790       2.110780       2.112860       2.115040       2.117320       2.119680       2.122110       2.124630       2.127210       2.129860       2.132570       2.135330       2.138140       2.141000       2.143910       2.146850       2.149830       2.152850       2.155890       2.158960       2.162060       2.165170       2.168310       2.171460       2.174630       2.177800       2.180990    
   2.102760       2.104380       2.106120       2.107980       2.109940       2.112000       2.114160       2.116410       2.118740       2.121150       2.123640       2.126200       2.128820       2.131500       2.134240       2.137030       2.139860       2.142750       2.145670       2.148630       2.151620       2.154640       2.157690       2.160760       2.163860       2.166970       2.170110       2.173250       2.176410       2.179580    
   2.102070       2.103680       2.105410       2.107240       2.109180       2.111220       2.113350       2.115570       2.117880       2.120270       2.122730       2.125260       2.127860       2.130510       2.133230       2.135990       2.138800       2.141660       2.144560       2.147490       2.150460       2.153460       2.156490       2.159540       2.162610       2.165710       2.168820       2.171950       2.175090       2.178240    
   2.101450       2.103050       2.104760       2.106570       2.108490       2.110510       2.112620       2.114820       2.117100       2.119460       2.121900       2.124400       2.126970       2.129600       2.132290       2.135030       2.137820       2.140650       2.143520       2.146430       2.149380       2.152350       2.155360       2.158390       2.161440       2.164510       2.167600       2.170710       2.173830       2.176960    
   2.100900       2.102490       2.104180       2.105980       2.107880       2.109870       2.111960       2.114130       2.116390       2.118730       2.121140       2.123620       2.126160       2.128760       2.131420       2.134140       2.136900       2.139710       2.142550       2.145440       2.148360       2.151310       2.154290       2.157300       2.160330       2.163380       2.166450       2.169530       2.172630       2.175740    
   2.100410       2.101990       2.103670       2.105450       2.107330       2.109300       2.111370       2.113520       2.115750       2.118060       2.120450       2.122900       2.125420       2.128000       2.130630       2.133320       2.136050       2.138840       2.141660       2.144520       2.147410       2.150340       2.153300       2.156280       2.159290       2.162310       2.165360       2.168420       2.171500       2.174580    
   2.099990       2.101550       2.103220       2.104980       2.106840       2.108800       2.110840       2.112970       2.115180       2.117470       2.119830       2.122250       2.124740       2.127300       2.129910       2.132570       2.135280       2.138030       2.140830       2.143660       2.146530       2.149440       2.152370       2.155330       2.158310       2.161310       2.164330       2.167370       2.170420       2.173490    
   2.099620       2.101170       2.102830       2.104570       2.106420       2.108350       2.110380       2.112480       2.114670       2.116930       2.119270       2.121670       2.124140       2.126660       2.129250       2.131880       2.134560       2.137290       2.140060       2.142870       2.145720       2.148590       2.151500       2.154430       2.157390       2.160370       2.163370       2.166380       2.169410       2.172450    
   2.099310       2.100850       2.102490       2.104230       2.106050       2.107970       2.109970       2.112060       2.114220       2.116460       2.118770       2.121150       2.123590       2.126090       2.128650       2.131260       2.133920       2.136620       2.139360       2.142150       2.144960       2.147820       2.150700       2.153600       2.156540       2.159490       2.162460       2.165450       2.168460       2.171480    
   2.099060       2.100590       2.102210       2.103930       2.105750       2.107640       2.109630       2.111690       2.113830       2.116050       2.118340       2.120690       2.123110       2.125580       2.128110       2.130700       2.133330       2.136000       2.138720       2.141480       2.144270       2.147100       2.149950       2.152830       2.155740       2.158670       2.161610       2.164580       2.167560       2.170550    
   2.099090       2.100620       2.102610       2.103700       2.105490       2.107370       2.109340       2.111380       2.113500       2.115700       2.117960       2.120290       2.122680       2.125130       2.127640       2.130190       2.132800       2.135450       2.138140       2.140870       2.143640       2.146430       2.149260       2.152120       2.155000       2.157900       2.160820       2.163760       2.166720       2.169690    
   2.099130       2.101510       2.103700       2.104900       2.105290       2.107150       2.109100       2.111120       2.113220       2.115400       2.117640       2.119940       2.122310       2.124740       2.127220       2.129750       2.132330       2.134950       2.137620       2.140320       2.143060       2.145830       2.148630       2.151460       2.154320       2.157190       2.160090       2.163000       2.165930       2.168870    
   2.100510       2.103700       2.104740       2.105220       2.105140       2.106980       2.108910       2.110920       2.113000       2.115150       2.117370       2.119650       2.121990       2.124390       2.126850       2.129360       2.131910       2.134510       2.137150       2.139820       2.142540       2.145280       2.148060       2.150860       2.153690       2.156530       2.159400       2.162290       2.165200       2.168110    
   2.103700       2.104690       2.105180       2.105140       2.106330       2.106860       2.108770       2.110760       2.112820       2.114950       2.117150       2.119410       2.121730       2.124100       2.126540       2.129020       2.131540       2.134120       2.136730       2.139380       2.142070       2.144780       2.147530       2.150310       2.153110       2.155930       2.158770       2.161630       2.164510       2.167400    
   2.104670       2.105160       2.105140       2.106110       2.106860       2.108100       2.108680       2.110650       2.112690       2.114800       2.116980       2.119220       2.121510       2.123870       2.126270       2.128730       2.131230       2.133780       2.136360       2.138990       2.141650       2.144340       2.147060       2.149810       2.152580       2.155380       2.158190       2.161030       2.163880       2.166740    
   2.105150       2.105140       2.106040       2.106860       2.107880       2.108680       2.109660       2.110670       2.113210       2.114700       2.116850       2.119070       2.121340       2.123670       2.126060       2.128490       2.130960       2.133490       2.136050       2.138650       2.141280       2.143940       2.146640       2.149360       2.152100       2.154870       2.157660       2.160470       2.163290       2.166130    
   2.105140       2.106010       2.106860       2.107810       2.108680       2.109170       2.109670       2.112060       2.114700       2.115780       2.117700       2.118970       2.121220       2.123530       2.125890       2.128290       2.130750       2.133240       2.135780       2.138350       2.140960       2.143600       2.146260       2.148960       2.151680       2.154420       2.157180       2.159960       2.162750       2.165560    
   2.106000       2.106860       2.107780       2.108680       2.108930       2.109170       2.111400       2.114700       2.115240       2.117210       2.118940       2.118910       2.121140       2.123430       2.125760       2.128150       2.130570       2.133040       2.135550       2.138100       2.140680       2.143290       2.145930       2.148600       2.151290       2.154000       2.156740       2.159490       2.162260       2.165040    
   2.106860       2.107770       2.108680       2.108800       2.108930       2.111050       2.114700       2.114970       2.117000       2.118930       2.118910       2.120030       2.121710       2.123370       2.125680       2.128040       2.130440       2.132890       2.135380       2.137900       2.140450       2.143040       2.145650       2.148290       2.150950       2.153640       2.156340       2.159070       2.161810       2.164560    
   2.107770       2.108680       2.108740       2.108800       2.110870       2.114700       2.114830       2.116900       2.118920       2.118910       2.119470       2.121000       2.123370       2.124530       2.125700       2.128050       2.130460       2.132900       2.136300       2.137730       2.140260       2.142820       2.145410       2.148020       2.150660       2.153310       2.155990       2.158690       2.161400       2.164120    
   2.108680       2.108710       2.108740       2.110780       2.114700       2.114770       2.116850       2.118910       2.118910       2.119190       2.120690       2.123370       2.123950       2.124530       2.126090       2.128070       2.130470       2.134990       2.137670       2.137610       2.140110       2.142650       2.145210       2.147790       2.150400       2.153030       2.155680       2.158350       2.161030       2.163730    
   2.108700       2.108710       2.110730       2.114700       2.114730       2.116830       2.118910       2.118910       2.119050       2.120540       2.123370       2.123660       2.123950       2.124860       2.126230       2.128210       2.133760       2.137640       2.137610       2.139240       2.140010       2.142510       2.145050       2.147600       2.150190       2.152790       2.155410       2.158050       2.160700       2.163370    
   2.108700       2.110710       2.114700       2.114720       2.116820       2.118910       2.118910       2.118980       2.120470       2.123370       2.123510       2.123660       2.124150       2.125010       2.126430       2.132690       2.137620       2.137610       2.139180       2.139960       2.141440       2.142420       2.144920       2.147450       2.150010       2.152580       2.155180       2.157790       2.160410       2.163050    
   2.110700       2.114700       2.114710       2.116810       2.118910       2.118910       2.118950       2.120430       2.123370       2.123440       2.123510       2.123780       2.124280       2.127800       2.132390       2.137630       2.137620       2.138710       2.139920       2.139900       2.139900       2.142350       2.144840       2.147340       2.149870       2.152410       2.154980       2.157560       2.160160       2.162770    
   2.114700       2.114700       2.116810       2.118910       2.118910       2.118930       2.120410       2.123370       2.123410       2.123440       2.123580       2.123860       2.129420       2.135630       2.135620       2.136970       2.137660       2.137640       2.139200       2.139910       2.139900       2.142330       2.144780       2.147260       2.149760       2.152280       2.154820       2.157370       2.159940       2.162520    
   2.114700       2.116810       2.118910       2.118910       2.118920       2.120410       2.123370       2.123390       2.123410       2.123480       2.127810       2.134090       2.135120       2.135630       2.135630       2.135620       2.136990       2.137670       2.137640       2.139360       2.139930       2.142340       2.144760       2.147220       2.149690       2.152180       2.154690       2.157210       2.159750       2.162310    
   2.116810       2.118910       2.118910       2.118910       2.120400       2.123370       2.123380       2.123390       2.123420       2.128570       2.134090       2.134090       2.134090       2.135130       2.135650       2.135650       2.135620       2.137050       2.137700       2.137640       2.139990       2.142370       2.144780       2.147200       2.149650       2.152110       2.154590       2.157090       2.159600       2.162120    
   2.118910       2.118910       2.118910       2.120400       2.123370       2.123370       2.123380       2.125940       2.129500       2.134090       2.134090       2.134090       2.134090       2.134090       2.135150       2.135670       2.135670       2.135620       2.137230       2.137760       2.140090       2.142440       2.144820       2.147220       2.149640       2.152070       2.154530       2.156990       2.159480       2.161970    
   2.118910       2.118910       2.120400       2.123370       2.123370       2.126800       2.131930       2.132760       2.133590       2.133930       2.134090       2.134090       2.134090       2.134090       2.134090       2.135200       2.135720       2.135720       2.135620       2.137900       2.140210       2.142540       2.144890       2.147260       2.149660       2.152060       2.154490       2.156930       2.159380       2.161850    
   2.118910       2.120400       2.123370       2.123370       2.127480       2.131930       2.131930       2.131930       2.132760       2.133590       2.133930       2.134100       2.134090       2.134090       2.134090       2.134090       2.135300       2.135830       2.135820       2.138070       2.140360       2.142660       2.144990       2.147340       2.149700       2.152080       2.154480       2.156890       2.159310       2.161750    
