iMOD/TUTORIALS/TUT_MetaswapAnalyser/model_MetaSWAP/meteo/Evaporation/Evaporation_20051207_L1.ASC
NCOLS                30
NROWS                30
XLLCORNER     160000.00
YLLCORNER     340000.00
CELLSIZE        1000.00
NODATA_VALUE   -9999.00
  0.2207600      0.2199000      0.2190200      0.2181300      0.2172100      0.2162800      0.2153200      0.2143500      0.2133700      0.2123600      0.2113500      0.2103200      0.2092700      0.2082100      0.2071400      0.2060600      0.2049700      0.2038600      0.2027500      0.2016200      0.2004900      0.1993500      0.1982000      0.1970400      0.1958700      0.1947000      0.1935200      0.1923300      0.1911400      0.1899500    
  0.2190700      0.2182100      0.2173300      0.2164200      0.2155000      0.2145600      0.2136100      0.2126400      0.2116500      0.2106400      0.2096200      0.2085900      0.2075500      0.2064900      0.2054200      0.2043400      0.2032400      0.2021400      0.2010300      0.1999100      0.1987800      0.1976400      0.1964900      0.1953400      0.1941700      0.1930100      0.1918300      0.1906500      0.1894700      0.1882800    
  0.2173800      0.2165100      0.2156200      0.2147100      0.2137900      0.2128400      0.2118800      0.2109100      0.2099200      0.2089100      0.2078900      0.2068600      0.2058100      0.2047500      0.2036800      0.2026000      0.2015100      0.2004100      0.1993000      0.1981800      0.1970500      0.1959200      0.1947700      0.1936200      0.1924700      0.1913000      0.1901400      0.1889600      0.1877800      0.1866000    
  0.2156800      0.2148000      0.2139100      0.2129900      0.2120600      0.2111100      0.2101500      0.2091700      0.2081800      0.2071700      0.2061500      0.2051100      0.2040700      0.2030100      0.2019400      0.2008600      0.1997700      0.1986700      0.1975600      0.1964400      0.1953200      0.1941800      0.1930500      0.1919000      0.1907500      0.1895900      0.1884300      0.1872600      0.1860900      0.1849100    
  0.2139700      0.2130800      0.2121800      0.2112600      0.2103300      0.2093700      0.2084100      0.2074300      0.2064300      0.2054200      0.2043900      0.2033600      0.2023100      0.2012500      0.2001800      0.1991000      0.1980100      0.1969100      0.1958100      0.1946900      0.1935700      0.1924400      0.1913100      0.1901700      0.1890200      0.1878700      0.1867100      0.1855500      0.1843900      0.1832200    
  0.2122500      0.2113600      0.2104500      0.2095300      0.2085900      0.2076300      0.2066600      0.2056700      0.2046700      0.2036600      0.2026300      0.2016000      0.2005500      0.1994900      0.1984200      0.1973400      0.1962500      0.1951500      0.1940500      0.1929400      0.1918200      0.1906900      0.1895600      0.1884300      0.1872900      0.1861400      0.1849900      0.1838300      0.1826700      0.1815100    
  0.2105300      0.2096300      0.2087100      0.2077800      0.2068400      0.2058700      0.2049000      0.2039100      0.2029100      0.2018900      0.2008600      0.1998200      0.1987700      0.1977100      0.1966500      0.1955700      0.1944800      0.1933800      0.1922800      0.1911700      0.1900600      0.1889400      0.1878100      0.1866800      0.1855400      0.1844000      0.1832500      0.1821100      0.1809500      0.1798000    
  0.2088000      0.2078900      0.2069700      0.2060300      0.2050800      0.2041200      0.2031300      0.2021400      0.2011400      0.2001200      0.1990900      0.1980500      0.1970000      0.1959400      0.1948700      0.1937900      0.1927000      0.1916100      0.1905100      0.1894000      0.1882900      0.1871700      0.1860500      0.1849200      0.1837900      0.1826500      0.1815100      0.1803700      0.1792300      0.1780800    
  0.2070700      0.2061500      0.2052200      0.2042800      0.2033200      0.2023500      0.2013600      0.2003700      0.1993600      0.1983400      0.1973000      0.1962600      0.1952100      0.1941500      0.1930800      0.1920000      0.1909200      0.1898200      0.1887300      0.1876200      0.1865100      0.1854000      0.1842800      0.1831600      0.1820300      0.1809000      0.1797700      0.1786300      0.1774900      0.1763500    
  0.2053300      0.2044100      0.2034700      0.2025200      0.2015600      0.2005800      0.1995900      0.1985900      0.1975800      0.1965500      0.1955200      0.1944700      0.1934200      0.1923600      0.1912900      0.1902100      0.1891200      0.1880300      0.1869400      0.1858400      0.1847300      0.1836200      0.1825000      0.1813800      0.1802600      0.1791400      0.1780100      0.1768800      0.1757500      0.1746200    
  0.2053270      0.2044030      0.2027900      0.2007600      0.1997900      0.1988100      0.1978100      0.1968000      0.1957900      0.1947600      0.1937200      0.1926800      0.1916200      0.1905600      0.1894900      0.1884100      0.1873300      0.1862400      0.1851400      0.1840400      0.1829400      0.1818300      0.1807200      0.1796100      0.1784900      0.1773700      0.1762500      0.1751300      0.1740000      0.1728800    
  0.2053210      0.2033200      0.2007600      0.1987020      0.1980200      0.1970300      0.1960300      0.1950200      0.1940000      0.1929700      0.1919300      0.1908800      0.1898200      0.1887600      0.1876900      0.1866100      0.1855300      0.1844400      0.1833400      0.1822500      0.1811500      0.1800400      0.1789300      0.1778200      0.1767100      0.1756000      0.1744800      0.1733700      0.1722500      0.1711300    
  0.2039080      0.2007600      0.1982080      0.1971300      0.1962400      0.1952500      0.1942400      0.1932300      0.1922000      0.1911700      0.1901300      0.1890700      0.1880200      0.1869500      0.1858800      0.1848000      0.1837200      0.1826300      0.1815400      0.1804500      0.1793500      0.1782500      0.1771400      0.1760400      0.1749300      0.1738200      0.1727100      0.1716000      0.1704900      0.1693800    
  0.2007600      0.1979730      0.1966850      0.1962400      0.1949830      0.1934600      0.1924500      0.1914300      0.1904100      0.1893700      0.1883200      0.1872700      0.1862100      0.1851400      0.1840700      0.1829900      0.1819100      0.1808200      0.1797300      0.1786400      0.1775400      0.1764500      0.1753500      0.1742500      0.1731400      0.1720400      0.1709400      0.1698300      0.1687300      0.1676300    
  0.1978590      0.1964620      0.1962400      0.1948940      0.1934600      0.1921900      0.1906600      0.1896400      0.1886100      0.1875700      0.1865200      0.1854600      0.1844000      0.1833300      0.1822600      0.1811800      0.1801000      0.1790100      0.1779200      0.1768300      0.1757400      0.1746400      0.1735500      0.1724500      0.1713500      0.1702600      0.1691600      0.1680600      0.1669700      0.1658700    
  0.1963510      0.1962400      0.1948650      0.1934600      0.1921030      0.1906600      0.1901500      0.1896370      0.1878950      0.1857600      0.1847100      0.1836500      0.1825900      0.1815200      0.1804400      0.1793600      0.1782800      0.1772000      0.1761100      0.1750200      0.1739300      0.1728400      0.1717500      0.1706500      0.1695600      0.1684700      0.1673800      0.1662900      0.1652000      0.1641100    
  0.1962400      0.1948550      0.1934600      0.1920740      0.1906600      0.1904050      0.1901490      0.1883600      0.1857600      0.1852350      0.1831980      0.1818400      0.1807700      0.1797000      0.1786200      0.1775500      0.1764600      0.1753800      0.1742900      0.1732100      0.1721200      0.1710300      0.1699400      0.1688500      0.1677700      0.1666800      0.1656000      0.1645100      0.1634300      0.1623500    
  0.1948520      0.1934600      0.1920650      0.1906600      0.1905330      0.1904050      0.1886690      0.1857600      0.1854970      0.1830320      0.1809350      0.1800300      0.1789600      0.1778800      0.1768100      0.1757300      0.1746500      0.1735600      0.1724800      0.1713900      0.1703100      0.1692200      0.1681400      0.1670500      0.1659700      0.1648900      0.1638100      0.1627300      0.1616600      0.1605800    
  0.1934600      0.1920620      0.1906600      0.1905960      0.1905320      0.1888410      0.1857600      0.1856290      0.1829600      0.1804830      0.1800300      0.1794950      0.1782350      0.1760700      0.1749900      0.1739100      0.1728300      0.1717400      0.1706600      0.1695800      0.1684900      0.1674100      0.1663300      0.1652500      0.1641700      0.1631000      0.1620200      0.1609500      0.1598800      0.1588200    
  0.1920610      0.1906600      0.1906280      0.1905960      0.1889330      0.1857600      0.1856940      0.1829270      0.1802560      0.1800300      0.1797630      0.1784570      0.1760700      0.1755300      0.1749900      0.1739100      0.1728270      0.1717430      0.1691380      0.1677600      0.1666800      0.1656000      0.1645200      0.1634500      0.1623700      0.1613000      0.1602400      0.1591700      0.1581100      0.1570500    
  0.1906600      0.1906440      0.1906280      0.1889790      0.1857600      0.1857270      0.1829110      0.1801430      0.1800300      0.1798960      0.1785800      0.1760700      0.1758000      0.1755300      0.1748100      0.1739090      0.1728270      0.1693030      0.1668550      0.1659500      0.1648700      0.1637900      0.1627200      0.1616500      0.1605800      0.1595100      0.1584500      0.1573900      0.1563400      0.1552900    
  0.1906520      0.1906440      0.1890030      0.1857600      0.1857440      0.1829030      0.1800870      0.1800300      0.1799630      0.1786440      0.1760700      0.1759350      0.1758000      0.1753800      0.1747500      0.1738490      0.1696780      0.1664030      0.1659500      0.1646270      0.1630600      0.1619800      0.1609100      0.1598400      0.1587800      0.1577200      0.1566700      0.1556100      0.1545700      0.1535200    
  0.1906520      0.1890150      0.1857600      0.1857520      0.1828990      0.1800580      0.1800300      0.1799970      0.1786770      0.1760700      0.1760030      0.1759350      0.1757050      0.1753100      0.1746590      0.1689960      0.1661760      0.1659500      0.1625900      0.1612500      0.1606040      0.1601700      0.1591100      0.1580400      0.1569900      0.1559300      0.1548800      0.1538400      0.1528000      0.1517600    
  0.1890210      0.1857600      0.1857560      0.1828970      0.1800440      0.1800300      0.1800130      0.1786930      0.1760700      0.1760360      0.1760030      0.1758810      0.1756500      0.1695690      0.1646000      0.1605260      0.1605250      0.1599020      0.1591390      0.1585350      0.1594400      0.1583700      0.1573000      0.1562500      0.1551900      0.1541400      0.1531000      0.1520600      0.1510300      0.1500000    
  0.1857600      0.1857580      0.1828960      0.1800370      0.1800300      0.1800220      0.1787020      0.1760700      0.1760530      0.1760360      0.1759730      0.1758440      0.1652270      0.1525440      0.1526000      0.1555070      0.1548760      0.1551000      0.1567300      0.1576330      0.1576300      0.1565700      0.1555100      0.1544500      0.1534000      0.1523600      0.1513200      0.1502900      0.1492600      0.1482400    
  0.1857590      0.1828950      0.1800340      0.1800300      0.1800260      0.1787060      0.1760700      0.1760620      0.1760530      0.1760210      0.1649150      0.1483600      0.1511040      0.1524890      0.1524890      0.1526000      0.1540280      0.1546530      0.1551000      0.1556500      0.1558300      0.1547700      0.1537100      0.1526600      0.1516200      0.1505800      0.1495500      0.1485200      0.1475000      0.1464900    
  0.1828950      0.1800320      0.1800300      0.1800280      0.1787080      0.1760700      0.1760660      0.1760620      0.1760450      0.1627420      0.1483600      0.1483600      0.1483600      0.1510210      0.1523780      0.1523780      0.1526000      0.1537590      0.1542050      0.1551000      0.1540400      0.1529700      0.1519200      0.1508700      0.1498300      0.1488000      0.1477800      0.1467600      0.1457500      0.1447400    
  0.1800310      0.1800300      0.1800290      0.1787090      0.1760700      0.1760680      0.1760660      0.1672480      0.1583100      0.1483550      0.1483600      0.1483600      0.1483600      0.1483600      0.1508590      0.1521550      0.1521550      0.1526000      0.1531320      0.1533100      0.1522400      0.1511900      0.1501300      0.1490900      0.1480600      0.1470300      0.1460100      0.1450000      0.1440000      0.1430000    
  0.1800300      0.1800290      0.1787090      0.1760700      0.1760690      0.1617440      0.1402600      0.1405400      0.1408200      0.1458340      0.1483460      0.1483600      0.1483600      0.1483600      0.1483600      0.1505420      0.1517110      0.1517100      0.1526000      0.1515200      0.1504600      0.1494000      0.1483500      0.1473200      0.1462900      0.1452600      0.1442500      0.1432500      0.1422500      0.1412600    
  0.1800300      0.1787100      0.1760700      0.1760690      0.1588780      0.1402570      0.1402570      0.1402600      0.1405400      0.1408200      0.1458090      0.1483170      0.1483600      0.1483600      0.1483600      0.1483600      0.1499430      0.1508230      0.1508200      0.1497400      0.1486800      0.1476300      0.1465800      0.1455500      0.1445200      0.1435000      0.1425000      0.1415000      0.1405100      0.1395300    
