iMOD/TUTORIALS/TUT_MetaswapAnalyser/model_MetaSWAP/meteo/Evaporation/Evaporation_20060821_L1.ASC
NCOLS                30
NROWS                30
XLLCORNER     160000.00
YLLCORNER     340000.00
CELLSIZE        1000.00
NODATA_VALUE   -9999.00
   1.475950       1.476400       1.476830       1.477220       1.477590       1.477920       1.478220       1.478490       1.478730       1.478930       1.479100       1.479240       1.479340       1.479410       1.479440       1.479440       1.479400       1.479320       1.479210       1.479060       1.478870       1.478650       1.478390       1.478090       1.477750       1.477380       1.476970       1.476520       1.476030       1.475500    
   1.469650       1.470100       1.470530       1.470930       1.471290       1.471630       1.471940       1.472210       1.472460       1.472660       1.472840       1.472980       1.473090       1.473170       1.473210       1.473210       1.473180       1.473110       1.473000       1.472860       1.472690       1.472470       1.472220       1.471930       1.471610       1.471240       1.470840       1.470410       1.469930       1.469420    
   1.463360       1.463810       1.464240       1.464640       1.465010       1.465350       1.465660       1.465940       1.466190       1.466410       1.466590       1.466740       1.466850       1.466930       1.466980       1.466990       1.466960       1.466900       1.466810       1.466680       1.466510       1.466300       1.466060       1.465780       1.465470       1.465120       1.464730       1.464300       1.463840       1.463340    
   1.457080       1.457540       1.457970       1.458370       1.458740       1.459090       1.459400       1.459690       1.459940       1.460160       1.460340       1.460500       1.460620       1.460700       1.460760       1.460770       1.460760       1.460710       1.460620       1.460500       1.460340       1.460140       1.459910       1.459640       1.459340       1.459000       1.458620       1.458200       1.457750       1.457260    
   1.450810       1.451270       1.451700       1.452110       1.452490       1.452830       1.453150       1.453440       1.453690       1.453920       1.454110       1.454270       1.454390       1.454490       1.454550       1.454570       1.454560       1.454520       1.454440       1.454320       1.454170       1.453990       1.453760       1.453500       1.453210       1.452880       1.452510       1.452110       1.451670       1.451190    
   1.444550       1.445010       1.445450       1.445860       1.446240       1.446590       1.446910       1.447200       1.447460       1.447690       1.447880       1.448050       1.448180       1.448280       1.448340       1.448380       1.448370       1.448340       1.448260       1.448160       1.448010       1.447840       1.447620       1.447380       1.447090       1.446770       1.446410       1.446020       1.445590       1.445130    
   1.438300       1.438770       1.439210       1.439620       1.440000       1.440350       1.440680       1.440970       1.441240       1.441470       1.441670       1.441840       1.441980       1.442080       1.442150       1.442190       1.442190       1.442160       1.442100       1.442000       1.441870       1.441700       1.441490       1.441250       1.440980       1.440670       1.440320       1.439940       1.439520       1.439070    
   1.432070       1.432540       1.432980       1.433390       1.433780       1.434130       1.434460       1.434760       1.435020       1.435260       1.435470       1.435640       1.435780       1.435890       1.435970       1.436010       1.436020       1.436000       1.435940       1.435850       1.435720       1.435560       1.435370       1.435140       1.434870       1.434570       1.434240       1.433860       1.433460       1.433010    
   1.425850       1.426310       1.426760       1.427170       1.427560       1.427920       1.428250       1.428550       1.428820       1.429060       1.429270       1.429450       1.429600       1.429710       1.429790       1.429840       1.429860       1.429840       1.429790       1.429710       1.429590       1.429440       1.429250       1.429030       1.428770       1.428480       1.428160       1.427790       1.427400       1.426970    
   1.419630       1.420100       1.420550       1.420960       1.421350       1.421720       1.422050       1.422350       1.422630       1.422870       1.423090       1.423270       1.423420       1.423540       1.423630       1.423680       1.423710       1.423700       1.423650       1.423580       1.423460       1.423320       1.423140       1.422930       1.422680       1.422400       1.422080       1.421730       1.421340       1.420920    
   1.419620       1.420090       1.419100       1.414770       1.415160       1.415520       1.415860       1.416170       1.416440       1.416690       1.416910       1.417100       1.417250       1.417380       1.417470       1.417530       1.417560       1.417560       1.417520       1.417450       1.417350       1.417210       1.417040       1.416830       1.416590       1.416320       1.416010       1.415670       1.415300       1.414890    
   1.419610       1.418400       1.414770       1.410430       1.408980       1.409340       1.409680       1.409990       1.410270       1.410520       1.410740       1.410940       1.411100       1.411230       1.411320       1.411390       1.411420       1.411430       1.411400       1.411330       1.411240       1.411110       1.410940       1.410750       1.410520       1.410250       1.409950       1.409620       1.409250       1.408850    
   1.417970       1.414770       1.408470       1.405890       1.402800       1.403170       1.403510       1.403820       1.404110       1.404360       1.404590       1.404780       1.404950       1.405080       1.405180       1.405260       1.405300       1.405300       1.405280       1.405220       1.405130       1.405010       1.404860       1.404670       1.404440       1.404190       1.403900       1.403580       1.403220       1.402830    
   1.414770       1.407600       1.404350       1.402800       1.400990       1.397010       1.397350       1.397670       1.397950       1.398210       1.398440       1.398640       1.398810       1.398950       1.399060       1.399130       1.399180       1.399190       1.399170       1.399120       1.399040       1.398920       1.398770       1.398590       1.398380       1.398130       1.397850       1.397540       1.397190       1.396810    
   1.407180       1.403570       1.402800       1.400270       1.397010       1.395190       1.391200       1.391520       1.391810       1.392070       1.392300       1.392510       1.392680       1.392820       1.392930       1.393020       1.393070       1.393090       1.393070       1.393030       1.392950       1.392840       1.392700       1.392530       1.392320       1.392080       1.391810       1.391500       1.391160       1.390790    
   1.403190       1.402800       1.400030       1.397010       1.394470       1.391200       1.391360       1.391510       1.390340       1.385940       1.386180       1.386380       1.386560       1.386710       1.386820       1.386910       1.386960       1.386990       1.386980       1.386940       1.386870       1.386770       1.386640       1.386470       1.386270       1.386040       1.385770       1.385480       1.385150       1.384780    
   1.402800       1.399950       1.397010       1.394230       1.391200       1.391280       1.391360       1.389790       1.385940       1.386060       1.382590       1.380270       1.380450       1.380600       1.380720       1.380810       1.380870       1.380900       1.380900       1.380870       1.380800       1.380710       1.380580       1.380420       1.380230       1.380000       1.379750       1.379460       1.379140       1.378780    
   1.399920       1.397010       1.394150       1.391200       1.391240       1.391280       1.389590       1.385940       1.386000       1.381190       1.377220       1.374160       1.374350       1.374500       1.374630       1.374720       1.374790       1.374820       1.374820       1.374800       1.374740       1.374650       1.374530       1.374380       1.374190       1.373970       1.373720       1.373440       1.373130       1.372790    
   1.397010       1.394120       1.391200       1.391220       1.391240       1.389510       1.385940       1.385970       1.380600       1.375690       1.374160       1.374250       1.372850       1.368410       1.368540       1.368640       1.368710       1.368750       1.368760       1.368740       1.368680       1.368600       1.368490       1.368340       1.368160       1.367950       1.367710       1.367440       1.367130       1.366800    
   1.394110       1.391200       1.391210       1.391220       1.389480       1.385940       1.385950       1.380320       1.374920       1.374160       1.374210       1.372420       1.368410       1.368470       1.368530       1.368630       1.368700       1.368740       1.365110       1.362680       1.362640       1.362560       1.362450       1.362310       1.362140       1.361940       1.361700       1.361440       1.361140       1.360810    
   1.391200       1.391200       1.391210       1.389460       1.385940       1.385950       1.380180       1.374540       1.374160       1.374180       1.372300       1.368410       1.368440       1.368470       1.368550       1.368620       1.368690       1.363770       1.359660       1.356640       1.356600       1.356520       1.356420       1.356290       1.356120       1.355930       1.355700       1.355440       1.355150       1.354830    
   1.391200       1.391200       1.389450       1.385940       1.385940       1.380120       1.374350       1.374160       1.374170       1.372260       1.368410       1.368430       1.368440       1.368490       1.368550       1.368620       1.363170       1.358150       1.356640       1.354600       1.350570       1.350500       1.350400       1.350270       1.350120       1.349930       1.349710       1.349460       1.349170       1.348860    
   1.391200       1.389450       1.385940       1.385940       1.380080       1.374260       1.374160       1.374170       1.372250       1.368410       1.368420       1.368430       1.368450       1.368490       1.368550       1.359260       1.357390       1.356640       1.347830       1.344550       1.344510       1.344480       1.344390       1.344270       1.344120       1.343930       1.343720       1.343480       1.343200       1.342900    
   1.389450       1.385940       1.385940       1.380070       1.374210       1.374160       1.374160       1.372250       1.368410       1.368410       1.368420       1.368430       1.368460       1.353510       1.344020       1.338590       1.338590       1.338190       1.337530       1.335530       1.338530       1.338470       1.338380       1.338270       1.338120       1.337950       1.337740       1.337500       1.337240       1.336940    
   1.385940       1.385940       1.380060       1.374180       1.374160       1.374160       1.372240       1.368410       1.368410       1.368410       1.368420       1.368440       1.341380       1.308350       1.308540       1.320670       1.319790       1.320540       1.328400       1.332520       1.332520       1.332470       1.332390       1.332280       1.332140       1.331970       1.331770       1.331540       1.331270       1.330980    
   1.385940       1.380050       1.374170       1.374160       1.374160       1.372240       1.368410       1.368410       1.368410       1.368420       1.337280       1.290570       1.302270       1.308170       1.308170       1.308540       1.315760       1.319040       1.320540       1.325020       1.326520       1.326470       1.326400       1.326290       1.326160       1.325990       1.325800       1.325580       1.325320       1.325040    
   1.380050       1.374170       1.374160       1.374160       1.372240       1.368410       1.368410       1.368410       1.368410       1.331050       1.290570       1.290570       1.290570       1.302000       1.307790       1.307790       1.308540       1.314920       1.317540       1.320540       1.320520       1.320480       1.320410       1.320310       1.320180       1.320030       1.319840       1.319620       1.319370       1.319100    
   1.374160       1.374160       1.374160       1.372240       1.368410       1.368410       1.368410       1.341490       1.316620       1.290550       1.290570       1.290570       1.290570       1.290570       1.301450       1.307050       1.307040       1.308540       1.313050       1.314550       1.314540       1.314500       1.314440       1.314340       1.314220       1.314070       1.313890       1.313670       1.313430       1.313160    
   1.374160       1.374160       1.372240       1.368410       1.368410       1.322920       1.254690       1.257710       1.260740       1.280580       1.290520       1.290570       1.290570       1.290570       1.290570       1.300400       1.305550       1.305550       1.308540       1.308560       1.308560       1.308530       1.308470       1.308380       1.308260       1.308110       1.307940       1.307730       1.307500       1.307230    
   1.374160       1.372240       1.368410       1.368410       1.313810       1.254680       1.254680       1.254690       1.257710       1.260740       1.280500       1.290420       1.290570       1.290570       1.290570       1.290570       1.298440       1.302560       1.302560       1.302590       1.302590       1.302560       1.302510       1.302420       1.302310       1.302170       1.302000       1.301800       1.301570       1.301310    
