iMOD/TUTORIALS/TUT_MetaswapAnalyser/model_MetaSWAP/meteo/Evaporation/Evaporation_20050126_L1.ASC
NCOLS                30
NROWS                30
XLLCORNER     160000.00
YLLCORNER     340000.00
CELLSIZE        1000.00
NODATA_VALUE   -9999.00
  0.4035700      0.4023300      0.4011200      0.3999400      0.3987900      0.3976700      0.3965800      0.3955100      0.3944700      0.3934400      0.3924400      0.3914600      0.3904900      0.3895400      0.3886100      0.3876800      0.3867700      0.3858700      0.3849800      0.3841000      0.3832300      0.3823600      0.3814900      0.3806400      0.3797800      0.3789300      0.3780800      0.3772300      0.3763800      0.3755300    
  0.4045800      0.4033400      0.4021300      0.4009600      0.3998100      0.3986900      0.3976000      0.3965300      0.3954900      0.3944600      0.3934600      0.3924700      0.3915100      0.3905500      0.3896100      0.3886900      0.3877700      0.3868700      0.3859800      0.3850900      0.3842100      0.3833400      0.3824700      0.3816000      0.3807400      0.3798900      0.3790300      0.3781700      0.3773200      0.3764600    
  0.4056200      0.4043900      0.4031800      0.4020100      0.4008600      0.3997400      0.3986500      0.3975800      0.3965400      0.3955100      0.3945100      0.3935200      0.3925500      0.3915900      0.3906500      0.3897200      0.3888100      0.3879000      0.3870000      0.3861100      0.3852200      0.3843500      0.3834700      0.3826000      0.3817400      0.3808700      0.3800100      0.3791500      0.3782900      0.3774200    
  0.4066900      0.4054600      0.4042600      0.4030900      0.4019400      0.4008300      0.3997300      0.3986600      0.3976200      0.3965900      0.3955900      0.3946000      0.3936200      0.3926700      0.3917200      0.3907900      0.3898700      0.3889600      0.3880500      0.3871600      0.3862700      0.3853800      0.3845000      0.3836300      0.3827600      0.3818900      0.3810200      0.3801500      0.3792800      0.3784100    
  0.4077900      0.4065600      0.4053600      0.4041900      0.4030500      0.4019300      0.4008400      0.3997700      0.3987300      0.3977000      0.3966900      0.3957000      0.3947300      0.3937600      0.3928200      0.3918800      0.3909600      0.3900400      0.3891300      0.3882300      0.3873400      0.3864500      0.3855600      0.3846800      0.3838000      0.3829300      0.3820500      0.3811700      0.3803000      0.3794200    
  0.4089100      0.4076800      0.4064900      0.4053200      0.4041800      0.4030700      0.4019800      0.4009100      0.3998600      0.3988300      0.3978200      0.3968300      0.3958500      0.3948900      0.3939400      0.3930000      0.3920700      0.3911500      0.3902400      0.3893300      0.3884300      0.3875400      0.3866500      0.3857600      0.3848700      0.3839900      0.3831100      0.3822200      0.3813400      0.3804500    
  0.4100500      0.4088300      0.4076400      0.4064800      0.4053400      0.4042300      0.4031400      0.4020700      0.4010200      0.3999900      0.3989800      0.3979900      0.3970100      0.3960400      0.3950900      0.3941500      0.3932100      0.3922900      0.3913700      0.3904600      0.3895600      0.3886600      0.3877600      0.3868600      0.3859700      0.3850800      0.3841900      0.3833000      0.3824000      0.3815100    
  0.4112200      0.4100000      0.4088200      0.4076600      0.4065200      0.4054100      0.4043200      0.4032500      0.4022100      0.4011800      0.4001600      0.3991700      0.3981900      0.3972200      0.3962600      0.3953200      0.3943800      0.3934500      0.3925300      0.3916100      0.3907000      0.3898000      0.3888900      0.3879900      0.3870900      0.3861900      0.3852900      0.3843900      0.3834900      0.3825900    
  0.4124100      0.4112000      0.4100100      0.4088600      0.4077300      0.4066200      0.4055300      0.4044600      0.4034100      0.4023800      0.4013700      0.4003700      0.3993900      0.3984200      0.3974600      0.3965100      0.3955700      0.3946300      0.3937100      0.3927900      0.3918700      0.3909600      0.3900500      0.3891400      0.3882300      0.3873300      0.3864200      0.3855100      0.3846000      0.3836900    
  0.4136100      0.4124100      0.4112300      0.4100800      0.4089500      0.4078400      0.4067600      0.4056900      0.4046400      0.4036100      0.4026000      0.4016000      0.4006100      0.3996400      0.3986800      0.3977200      0.3967800      0.3958400      0.3949100      0.3939800      0.3930600      0.3921400      0.3912300      0.3903100      0.3894000      0.3884800      0.3875700      0.3866500      0.3857400      0.3848200    
  0.4136200      0.4124170      0.4112600      0.4113200      0.4101900      0.4090900      0.4080000      0.4069400      0.4058900      0.4048600      0.4038500      0.4028500      0.4018600      0.4008800      0.3999200      0.3989600      0.3980100      0.3970700      0.3961300      0.3952000      0.3942800      0.3933500      0.3924300      0.3915100      0.3905800      0.3896600      0.3887400      0.3878100      0.3868900      0.3859600    
  0.4136290      0.4121540      0.4113200      0.4114220      0.4114500      0.4103500      0.4092700      0.4082000      0.4071600      0.4061300      0.4051100      0.4041100      0.4031200      0.4021400      0.4011800      0.4002200      0.3992600      0.3983200      0.3973800      0.3964400      0.3955100      0.3945800      0.3936500      0.3927200      0.3917900      0.3908600      0.3899300      0.3890000      0.3880600      0.3871200    
  0.4129910      0.4113200      0.4118910      0.4120900      0.4127300      0.4116300      0.4105500      0.4094900      0.4084400      0.4074100      0.4064000      0.4054000      0.4044100      0.4034300      0.4024600      0.4014900      0.4005400      0.3995900      0.3986400      0.3977000      0.3967600      0.3958200      0.3948900      0.3939500      0.3930100      0.3920800      0.3911400      0.3901900      0.3892500      0.3883000    
  0.4113200      0.4120880      0.4124100      0.4127300      0.4124300      0.4129300      0.4118500      0.4107900      0.4097500      0.4087200      0.4077000      0.4067000      0.4057100      0.4047200      0.4037500      0.4027900      0.4018300      0.4008700      0.3999200      0.3989800      0.3980300      0.3970900      0.3961400      0.3952000      0.3942600      0.3933100      0.3923600      0.3914100      0.3904600      0.3895000    
  0.4121770      0.4125700      0.4127300      0.4126970      0.4129300      0.4126500      0.4131700      0.4121100      0.4110600      0.4100400      0.4090200      0.4080200      0.4070200      0.4060400      0.4050600      0.4041000      0.4031300      0.4021800      0.4012200      0.4002700      0.3993200      0.3983700      0.3974200      0.3964700      0.3955200      0.3945600      0.3936100      0.3926500      0.3916800      0.3907100    
  0.4126500      0.4127300      0.4127860      0.4129300      0.4129170      0.4131700      0.4126400      0.4121130      0.4111450      0.4113700      0.4103500      0.4093500      0.4083600      0.4073700      0.4063900      0.4054200      0.4044600      0.4034900      0.4025400      0.4015800      0.4006200      0.3996700      0.3987100      0.3977500      0.3967900      0.3958300      0.3948600      0.3938900      0.3929200      0.3919400    
  0.4127300      0.4128150      0.4129300      0.4130060      0.4131700      0.4129050      0.4126410      0.4118170      0.4113700      0.4108600      0.4107660      0.4107000      0.4097000      0.4087200      0.4077400      0.4067600      0.4057900      0.4048300      0.4038600      0.4029000      0.4019400      0.4009800      0.4000200      0.3990500      0.3980800      0.3971100      0.3961400      0.3951600      0.3941800      0.3931900    
  0.4128250      0.4129300      0.4130350      0.4131700      0.4130380      0.4129050      0.4121830      0.4113700      0.4111150      0.4112870      0.4113800      0.4120600      0.4110600      0.4100700      0.4090900      0.4081200      0.4071500      0.4061800      0.4052100      0.4042400      0.4032700      0.4023100      0.4013400      0.4003600      0.3993900      0.3984100      0.3974200      0.3964400      0.3954400      0.3944400    
  0.4129300      0.4130450      0.4131700      0.4131040      0.4130380      0.4123740      0.4113700      0.4112420      0.4115100      0.4117200      0.4120600      0.4115600      0.4111600      0.4114500      0.4104600      0.4094800      0.4085100      0.4075400      0.4065600      0.4055900      0.4046200      0.4036500      0.4026700      0.4016900      0.4007100      0.3997200      0.3987200      0.3977300      0.3967200      0.3957100    
  0.4130480      0.4131700      0.4131370      0.4131040      0.4124710      0.4113700      0.4113060      0.4116150      0.4118900      0.4120600      0.4118100      0.4115570      0.4114500      0.4109550      0.4104630      0.4094830      0.4085100      0.4075370      0.4069960      0.4069600      0.4059800      0.4050000      0.4040100      0.4030300      0.4020400      0.4010400      0.4000400      0.3990300      0.3980200      0.3970000    
  0.4131700      0.4131530      0.4131370      0.4125210      0.4113700      0.4113380      0.4116650      0.4119750      0.4120600      0.4119350      0.4117190      0.4114500      0.4112020      0.4109560      0.4103010      0.4094860      0.4085100      0.4078040      0.4076450      0.4083300      0.4073500      0.4063600      0.4053700      0.4043800      0.4033800      0.4023700      0.4013600      0.4003400      0.3993200      0.3982900    
  0.4131620      0.4131530      0.4125450      0.4113700      0.4113540      0.4116900      0.4120170      0.4120600      0.4119970      0.4117910      0.4114500      0.4113260      0.4112030      0.4108200      0.4102470      0.4094320      0.4084230      0.4079870      0.4083300      0.4081370      0.4087300      0.4077300      0.4067400      0.4057400      0.4047300      0.4037100      0.4026900      0.4016700      0.4006300      0.3995900    
  0.4131620      0.4125580      0.4113700      0.4113620      0.4117030      0.4120390      0.4120600      0.4120290      0.4118250      0.4114500      0.4113880      0.4113260      0.4111160      0.4107570      0.4101660      0.4097600      0.4081590      0.4083300      0.4096990      0.4101200      0.4095200      0.4091200      0.4081100      0.4071000      0.4060900      0.4050700      0.4040400      0.4030000      0.4019500      0.4009000    
  0.4125640      0.4113700      0.4113660      0.4117090      0.4120490      0.4120600      0.4120440      0.4118410      0.4114500      0.4114190      0.4113880      0.4112770      0.4110660      0.4131620      0.4134850      0.4125420      0.4125400      0.4121460      0.4117480      0.4122100      0.4115100      0.4105100      0.4095000      0.4084800      0.4074600      0.4064200      0.4053800      0.4043400      0.4032800      0.4022200    
  0.4113700      0.4113680      0.4117120      0.4120550      0.4120600      0.4120520      0.4118490      0.4114500      0.4114350      0.4114190      0.4113610      0.4112440      0.4153720      0.4206540      0.4206100      0.4170730      0.4169280      0.4167500      0.4142010      0.4129130      0.4129100      0.4119000      0.4108900      0.4098600      0.4088300      0.4077900      0.4067400      0.4056800      0.4046200      0.4035400    
  0.4113690      0.4117130      0.4120570      0.4120600      0.4120560      0.4118530      0.4114500      0.4114420      0.4114350      0.4114050      0.4171650      0.4259000      0.4224400      0.4206990      0.4206990      0.4206100      0.4182160      0.4171050      0.4167500      0.4149300      0.4143200      0.4133100      0.4122800      0.4112500      0.4102100      0.4091600      0.4081000      0.4070400      0.4059600      0.4048700    
  0.4117140      0.4120590      0.4120600      0.4120580      0.4118550      0.4114500      0.4114460      0.4114420      0.4114270      0.4183610      0.4259000      0.4259000      0.4259000      0.4225050      0.4207880      0.4207880      0.4206100      0.4184000      0.4174600      0.4167500      0.4157400      0.4147100      0.4136900      0.4126500      0.4116000      0.4105400      0.4094700      0.4083900      0.4073000      0.4062100    
  0.4120590      0.4120600      0.4120590      0.4118560      0.4114500      0.4114480      0.4114460      0.4170690      0.4216150      0.4259040      0.4259000      0.4259000      0.4259000      0.4259000      0.4226330      0.4209650      0.4209650      0.4206100      0.4187800      0.4181700      0.4171500      0.4161300      0.4150900      0.4140400      0.4129900      0.4119200      0.4108400      0.4097500      0.4086500      0.4075400    
  0.4120600      0.4120590      0.4118560      0.4114500      0.4114490      0.4214010      0.4363300      0.4351450      0.4339600      0.4285970      0.4259120      0.4259000      0.4259000      0.4259000      0.4259000      0.4228790      0.4213210      0.4213200      0.4206100      0.4195900      0.4185700      0.4175400      0.4165000      0.4154400      0.4143800      0.4133000      0.4122100      0.4111100      0.4100000      0.4088800    
  0.4120600      0.4118560      0.4114500      0.4114490      0.4233940      0.4363330      0.4363330      0.4363300      0.4351450      0.4339600      0.4286170      0.4259350      0.4259000      0.4259000      0.4259000      0.4259000      0.4233310      0.4220330      0.4220300      0.4210200      0.4199900      0.4189600      0.4179100      0.4168500      0.4157700      0.4146900      0.4135900      0.4124800      0.4113600      0.4102200    
