iMOD/TUTORIALS/TUT_MetaswapAnalyser/model_MetaSWAP/meteo/Evaporation/Evaporation_20050721_L1.ASC
NCOLS                30
NROWS                30
XLLCORNER     160000.00
YLLCORNER     340000.00
CELLSIZE        1000.00
NODATA_VALUE   -9999.00
   1.774670       1.771890       1.769030       1.766090       1.763080       1.760010       1.756870       1.753680       1.750430       1.747130       1.743790       1.740410       1.736990       1.733540       1.730060       1.726550       1.723020       1.719470       1.715910       1.712330       1.708740       1.705130       1.701520       1.697910       1.694300       1.690680       1.687060       1.683450       1.679840       1.676240    
   1.780430       1.777610       1.774720       1.771760       1.768720       1.765620       1.762470       1.759250       1.755990       1.752670       1.749320       1.745920       1.742490       1.739020       1.735530       1.732010       1.728470       1.724900       1.721330       1.717740       1.714130       1.710520       1.706910       1.703290       1.699660       1.696040       1.692420       1.688800       1.685190       1.681580    
   1.786140       1.783290       1.780360       1.777370       1.774310       1.771190       1.768010       1.764770       1.761490       1.758160       1.754780       1.751370       1.747920       1.744440       1.740940       1.737400       1.733850       1.730280       1.726690       1.723090       1.719480       1.715860       1.712240       1.708610       1.704980       1.701350       1.697720       1.694100       1.690480       1.686870    
   1.791800       1.788910       1.785950       1.782930       1.779840       1.776700       1.773490       1.770240       1.766930       1.763580       1.760190       1.756770       1.753300       1.749810       1.746290       1.742750       1.739180       1.735600       1.732000       1.728390       1.724770       1.721150       1.717520       1.713880       1.710240       1.706610       1.702980       1.699350       1.695730       1.692110    
   1.797410       1.794490       1.791500       1.788440       1.785330       1.782160       1.778930       1.775650       1.772330       1.768960       1.765550       1.762110       1.758630       1.755130       1.751600       1.748040       1.744470       1.740870       1.737270       1.733650       1.730020       1.726380       1.722750       1.719100       1.715460       1.711820       1.708180       1.704550       1.700930       1.697310    
   1.802990       1.800020       1.797000       1.793910       1.790770       1.787570       1.784320       1.781020       1.777680       1.774290       1.770870       1.767410       1.763920       1.760400       1.756850       1.753280       1.749700       1.746100       1.742480       1.738850       1.735220       1.731580       1.727930       1.724280       1.720640       1.716990       1.713350       1.709720       1.706090       1.702470    
   1.808520       1.805520       1.802460       1.799340       1.796170       1.792940       1.789670       1.786350       1.782980       1.779580       1.776130       1.772660       1.769150       1.765620       1.762060       1.758480       1.754880       1.751270       1.747650       1.744010       1.740370       1.736720       1.733070       1.729420       1.725770       1.722120       1.718470       1.714840       1.711210       1.707580    
   1.814010       1.810970       1.807880       1.804730       1.801530       1.798270       1.794970       1.791630       1.788240       1.784820       1.781360       1.777860       1.774340       1.770800       1.767220       1.763630       1.760030       1.756400       1.752770       1.749130       1.745480       1.741820       1.738170       1.734510       1.730850       1.727200       1.723560       1.719920       1.716280       1.712660    
   1.819470       1.816390       1.813260       1.810080       1.806850       1.803570       1.800240       1.796870       1.793460       1.790020       1.786540       1.783030       1.779490       1.775930       1.772350       1.768750       1.765130       1.761500       1.757850       1.754200       1.750540       1.746880       1.743220       1.739560       1.735900       1.732250       1.728600       1.724960       1.721320       1.717700    
   1.824900       1.821780       1.818620       1.815400       1.812130       1.808820       1.805470       1.802080       1.798650       1.795180       1.791690       1.788160       1.784610       1.781030       1.777430       1.773820       1.770190       1.766550       1.762900       1.759240       1.755570       1.751910       1.748240       1.744570       1.740910       1.737250       1.733600       1.729960       1.726330       1.722710    
   1.824880       1.821770       1.819120       1.820680       1.817390       1.814050       1.810670       1.807250       1.803800       1.800310       1.796800       1.793250       1.789680       1.786090       1.782480       1.778850       1.775210       1.771560       1.767900       1.764230       1.760560       1.756890       1.753220       1.749550       1.745890       1.742230       1.738570       1.734930       1.731300       1.727680    
   1.824860       1.821610       1.820680       1.822120       1.822610       1.819240       1.815840       1.812390       1.808920       1.805410       1.801870       1.798310       1.794720       1.791120       1.787490       1.783850       1.780200       1.776540       1.772870       1.769200       1.765520       1.761840       1.758170       1.754490       1.750820       1.747160       1.743510       1.739870       1.736230       1.732610    
   1.823770       1.820680       1.823960       1.825210       1.827810       1.824410       1.820980       1.817510       1.814010       1.810480       1.806920       1.803340       1.799730       1.796110       1.792470       1.788820       1.785160       1.781490       1.777810       1.774130       1.770440       1.766760       1.763080       1.759400       1.755730       1.752070       1.748410       1.744770       1.741140       1.737520    
   1.820680       1.824740       1.826510       1.827810       1.827260       1.829550       1.826090       1.822590       1.819070       1.815510       1.811940       1.808330       1.804710       1.801080       1.797420       1.793760       1.790080       1.786400       1.782710       1.779020       1.775330       1.771640       1.767960       1.764280       1.760610       1.756940       1.753290       1.749640       1.746010       1.742400    
   1.825100       1.827160       1.827810       1.828210       1.829550       1.828940       1.831180       1.827650       1.824100       1.820530       1.816930       1.813310       1.809670       1.806010       1.802340       1.798670       1.794980       1.791290       1.787590       1.783890       1.780200       1.776500       1.772810       1.769130       1.765450       1.761790       1.758130       1.754490       1.750860       1.747250    
   1.827490       1.827810       1.828520       1.829550       1.829890       1.831180       1.829410       1.827640       1.824450       1.825510       1.821890       1.818250       1.814600       1.810920       1.807240       1.803550       1.799850       1.796150       1.792440       1.788730       1.785030       1.781330       1.777640       1.773950       1.770270       1.766610       1.762950       1.759310       1.755680       1.752070    
   1.827810       1.828630       1.829550       1.830210       1.831180       1.830300       1.829410       1.826750       1.825510       1.823700       1.823380       1.823180       1.819500       1.815810       1.812110       1.808410       1.804690       1.800980       1.797260       1.793550       1.789840       1.786130       1.782440       1.778750       1.775070       1.771400       1.767750       1.764110       1.760480       1.756870    
   1.828660       1.829550       1.830310       1.831180       1.830740       1.830300       1.827990       1.825510       1.824600       1.825260       1.825630       1.828080       1.824380       1.820680       1.816960       1.813240       1.809520       1.805790       1.802070       1.798340       1.794630       1.790910       1.787210       1.783520       1.779840       1.776170       1.772520       1.768880       1.765250       1.761650    
   1.829550       1.830350       1.831180       1.830960       1.830740       1.828630       1.825510       1.825060       1.826060       1.826850       1.828080       1.826230       1.824670       1.825520       1.821790       1.818060       1.814320       1.810580       1.806850       1.803110       1.799390       1.795670       1.791970       1.788270       1.784590       1.780920       1.777270       1.773630       1.770010       1.766410    
   1.830360       1.831180       1.831070       1.830960       1.828960       1.825510       1.825280       1.826440       1.827470       1.828080       1.827160       1.826120       1.825520       1.823660       1.821790       1.818060       1.814320       1.810580       1.808200       1.807870       1.804130       1.800410       1.796700       1.793000       1.789320       1.785650       1.782000       1.778360       1.774740       1.771140    
   1.831180       1.831120       1.831070       1.829120       1.825510       1.825400       1.826620       1.827770       1.828080       1.827620       1.826720       1.825520       1.824590       1.823660       1.821170       1.818060       1.814320       1.811190       1.810240       1.812600       1.808860       1.805130       1.801420       1.797720       1.794030       1.790360       1.786710       1.783080       1.779460       1.775870    
   1.831150       1.831120       1.829210       1.825510       1.825450       1.826710       1.827930       1.828080       1.827850       1.826980       1.825520       1.825050       1.824590       1.823140       1.820960       1.817850       1.813520       1.811420       1.812600       1.811680       1.813570       1.809840       1.806120       1.802410       1.798730       1.795060       1.791410       1.787780       1.784170       1.780570    
   1.831150       1.829250       1.825510       1.825480       1.826750       1.828000       1.828080       1.827960       1.827110       1.825520       1.825290       1.825050       1.824260       1.822890       1.820650       1.818200       1.812010       1.812600       1.816960       1.818260       1.816020       1.814530       1.810800       1.807100       1.803410       1.799740       1.796090       1.792460       1.788860       1.785270    
   1.829270       1.825510       1.825500       1.826770       1.828040       1.828080       1.828020       1.827170       1.825520       1.825400       1.825290       1.824870       1.824070       1.830430       1.830710       1.826670       1.826670       1.825210       1.823730       1.825290       1.822960       1.819210       1.815480       1.811770       1.808080       1.804410       1.800760       1.797140       1.793530       1.789950    
   1.825510       1.825500       1.826780       1.828060       1.828080       1.828050       1.827200       1.825520       1.825460       1.825400       1.825190       1.824740       1.837520       1.854060       1.853910       1.841910       1.841330       1.840750       1.832020       1.827630       1.827630       1.823880       1.820140       1.816430       1.812740       1.809070       1.805420       1.801800       1.798200       1.794630    
   1.825510       1.826790       1.828070       1.828080       1.828070       1.827210       1.825520       1.825490       1.825460       1.825350       1.843800       1.871840       1.860100       1.854200       1.854200       1.853910       1.845720       1.841920       1.840750       1.834410       1.832300       1.828540       1.824800       1.821080       1.817390       1.813720       1.810080       1.806460       1.802860       1.799290    
   1.826790       1.828080       1.828080       1.828070       1.827220       1.825520       1.825510       1.825490       1.825430       1.847660       1.871840       1.871840       1.871840       1.860320       1.854490       1.854490       1.853910       1.846320       1.843080       1.840750       1.836960       1.833190       1.829450       1.825730       1.822030       1.818370       1.814720       1.811110       1.807520       1.803960    
   1.828080       1.828080       1.828080       1.827220       1.825520       1.825510       1.825510       1.843990       1.858510       1.871850       1.871840       1.871840       1.871840       1.871840       1.860740       1.855080       1.855080       1.853910       1.847540       1.845410       1.841620       1.837840       1.834090       1.830370       1.826680       1.823010       1.819370       1.815760       1.812170       1.808610    
   1.828080       1.828080       1.827220       1.825520       1.825520       1.858670       1.908390       1.903950       1.899510       1.881100       1.871880       1.871840       1.871840       1.871840       1.871840       1.861550       1.856250       1.856250       1.853910       1.850080       1.846270       1.842490       1.838730       1.835010       1.831310       1.827650       1.824010       1.820400       1.816820       1.813270    
   1.828080       1.827230       1.825520       1.825520       1.865300       1.908400       1.908400       1.908390       1.903950       1.899510       1.881170       1.871960       1.871840       1.871840       1.871840       1.871840       1.863020       1.858580       1.858580       1.854740       1.850920       1.847140       1.843380       1.839650       1.835950       1.832290       1.828650       1.825050       1.821470       1.817930    
