iMOD/TUTORIALS/TUT_MetaswapAnalyser/model_MetaSWAP/meteo/Evaporation/Evaporation_20060319_L1.ASC
NCOLS                30
NROWS                30
XLLCORNER     160000.00
YLLCORNER     340000.00
CELLSIZE        1000.00
NODATA_VALUE   -9999.00
   1.335820       1.331870       1.327910       1.323920       1.319910       1.315880       1.311820       1.307740       1.303630       1.299500       1.295350       1.291160       1.286960       1.282720       1.278470       1.274180       1.269880       1.265540       1.261190       1.256810       1.252410       1.247990       1.243550       1.239090       1.234620       1.230130       1.225620       1.221100       1.216570       1.212030    
   1.337200       1.333200       1.329180       1.325140       1.321070       1.316990       1.312880       1.308750       1.304600       1.300420       1.296220       1.292000       1.287760       1.283490       1.279200       1.274880       1.270550       1.266190       1.261810       1.257420       1.253000       1.248570       1.244120       1.239650       1.235170       1.230680       1.226170       1.221650       1.217130       1.212590    
   1.338500       1.334450       1.330370       1.326280       1.322160       1.318030       1.313870       1.309690       1.305490       1.301270       1.297030       1.292770       1.288490       1.284180       1.279860       1.275520       1.271160       1.266780       1.262380       1.257960       1.253530       1.249080       1.244620       1.240150       1.235660       1.231170       1.226660       1.222150       1.217630       1.213100    
   1.339730       1.335620       1.331500       1.327350       1.323180       1.319000       1.314790       1.310560       1.306320       1.302060       1.297780       1.293470       1.289160       1.284820       1.280460       1.276090       1.271700       1.267300       1.262880       1.258450       1.254000       1.249540       1.245070       1.240590       1.236100       1.231600       1.227090       1.222580       1.218070       1.213550    
   1.340890       1.336730       1.332550       1.328350       1.324130       1.319900       1.315640       1.311370       1.307090       1.302780       1.298460       1.294120       1.289760       1.285390       1.281010       1.276610       1.272190       1.267760       1.263320       1.258870       1.254410       1.249940       1.245460       1.240970       1.236470       1.231970       1.227470       1.222960       1.218450       1.213940    
   1.341990       1.337770       1.333540       1.329290       1.325020       1.320740       1.316440       1.312120       1.307790       1.303440       1.299080       1.294700       1.290310       1.285910       1.281490       1.277060       1.272620       1.268170       1.263710       1.259240       1.254770       1.250280       1.245790       1.241300       1.236800       1.232300       1.227790       1.223290       1.218780       1.214280    
   1.343020       1.338750       1.334470       1.330170       1.325850       1.321520       1.317170       1.312810       1.308430       1.304050       1.299640       1.295230       1.290800       1.286370       1.281920       1.277460       1.273000       1.268530       1.264050       1.259560       1.255070       1.250570       1.246070       1.241570       1.237070       1.232570       1.228070       1.223570       1.219070       1.214570    
   1.343990       1.339670       1.335330       1.330980       1.326620       1.322240       1.317850       1.313440       1.309020       1.304590       1.300150       1.295700       1.291240       1.286770       1.282300       1.277810       1.273320       1.268830       1.264330       1.259830       1.255320       1.250820       1.246310       1.241800       1.237300       1.232790       1.228290       1.223790       1.219300       1.214820    
   1.344900       1.340530       1.336140       1.331740       1.327330       1.322910       1.318470       1.314020       1.309560       1.305090       1.300610       1.296120       1.291630       1.287130       1.282620       1.278110       1.273600       1.269080       1.264570       1.260050       1.255530       1.251010       1.246490       1.241980       1.237470       1.232970       1.228470       1.223980       1.219490       1.215010    
   1.345760       1.341340       1.336900       1.332450       1.327990       1.323520       1.319040       1.314550       1.310050       1.305540       1.301020       1.296500       1.291970       1.287440       1.282900       1.278370       1.273830       1.269290       1.264750       1.260220       1.255690       1.251160       1.246640       1.242120       1.237610       1.233100       1.228610       1.224120       1.219640       1.215170    
   1.345750       1.341330       1.335950       1.333110       1.328610       1.324090       1.319560       1.315030       1.310480       1.305940       1.301380       1.296820       1.292260       1.287700       1.283140       1.278580       1.274010       1.269460       1.264900       1.260350       1.255800       1.251270       1.246730       1.242210       1.237700       1.233190       1.228700       1.224220       1.219750       1.215290    
   1.345750       1.339040       1.333110       1.330150       1.329170       1.324610       1.320040       1.315460       1.310880       1.306290       1.301700       1.297110       1.292510       1.287920       1.283330       1.278740       1.274160       1.269580       1.265000       1.260440       1.255880       1.251330       1.246790       1.242270       1.237750       1.233250       1.228760       1.224280       1.219820       1.215370    
   1.342010       1.333110       1.330590       1.329430       1.329690       1.325090       1.320470       1.315850       1.311230       1.306600       1.301980       1.297350       1.292720       1.288100       1.283480       1.278870       1.274260       1.269660       1.265070       1.260490       1.255920       1.251360       1.246810       1.242280       1.237770       1.233260       1.228780       1.224310       1.219850       1.215410    
   1.333110       1.330740       1.329560       1.329690       1.326770       1.325520       1.320870       1.316210       1.311540       1.306880       1.302220       1.297550       1.292900       1.288240       1.283600       1.278960       1.274330       1.269710       1.265100       1.260500       1.255920       1.251350       1.246800       1.242270       1.237750       1.233250       1.228760       1.224300       1.219850       1.215430    
   1.330790       1.329630       1.329690       1.327330       1.325520       1.322540       1.321220       1.316520       1.311820       1.307120       1.302420       1.297720       1.293030       1.288350       1.283680       1.279010       1.274360       1.269720       1.265090       1.260480       1.255890       1.251310       1.246750       1.242220       1.237700       1.233200       1.228720       1.224260       1.219820       1.215410    
   1.329660       1.329690       1.327510       1.325520       1.323090       1.321220       1.318870       1.316520       1.310690       1.307320       1.302590       1.297860       1.293140       1.288420       1.283720       1.279030       1.274360       1.269700       1.265060       1.260430       1.255830       1.251240       1.246680       1.242130       1.237610       1.233120       1.228640       1.224190       1.219770       1.215360    
   1.329690       1.327570       1.325520       1.323280       1.321220       1.320040       1.318870       1.313350       1.307320       1.304960       1.300750       1.297960       1.293210       1.288470       1.283740       1.279030       1.274330       1.269650       1.264990       1.260350       1.255740       1.251140       1.246570       1.242030       1.237510       1.233010       1.228540       1.224100       1.219680       1.215290    
   1.327590       1.325520       1.323340       1.321220       1.320630       1.320040       1.314900       1.307320       1.306140       1.301810       1.298000       1.298040       1.293260       1.288490       1.283730       1.278990       1.274280       1.269580       1.264900       1.260250       1.255620       1.251020       1.246440       1.241890       1.237370       1.232880       1.228420       1.223990       1.219580       1.215200    
   1.325520       1.323360       1.321220       1.320930       1.320630       1.315720       1.307320       1.306730       1.302270       1.298020       1.298040       1.295650       1.292070       1.288480       1.283700       1.278940       1.274200       1.269480       1.264790       1.260120       1.255480       1.250870       1.246290       1.241740       1.237220       1.232730       1.228270       1.223850       1.219450       1.215090    
   1.323370       1.321220       1.321070       1.320930       1.316150       1.307320       1.307020       1.302480       1.298030       1.298040       1.296840       1.293560       1.288480       1.286090       1.283710       1.278950       1.274210       1.269490       1.262830       1.259970       1.255320       1.250700       1.246120       1.241570       1.237050       1.232560       1.228110       1.223690       1.219310       1.214960    
   1.321220       1.321150       1.321070       1.316370       1.307320       1.307170       1.302580       1.298040       1.298040       1.297440       1.294230       1.288480       1.287290       1.286090       1.282910       1.278950       1.274210       1.265240       1.259880       1.259800       1.255140       1.250520       1.245930       1.241370       1.236860       1.232380       1.227930       1.223530       1.219150       1.214820    
   1.321180       1.321150       1.316480       1.307320       1.307250       1.302630       1.298040       1.298040       1.297740       1.294550       1.288480       1.287880       1.287290       1.285430       1.282650       1.278690       1.267610       1.259840       1.259800       1.256630       1.254950       1.250320       1.245720       1.241170       1.236650       1.232180       1.227740       1.223340       1.218980       1.214660    
   1.321180       1.316530       1.307320       1.307280       1.302650       1.298040       1.298040       1.297890       1.294700       1.288480       1.288180       1.287880       1.286870       1.285120       1.282260       1.269590       1.259820       1.259800       1.256400       1.254740       1.251960       1.250100       1.245510       1.240950       1.236440       1.231970       1.227540       1.223150       1.218810       1.214500    
   1.316560       1.307320       1.307300       1.302670       1.298040       1.298040       1.297970       1.294780       1.288480       1.288330       1.288180       1.287640       1.286620       1.279300       1.269880       1.259190       1.259190       1.256980       1.254490       1.254420       1.254530       1.249880       1.245280       1.240720       1.236210       1.231750       1.227330       1.222950       1.218620       1.214330    
   1.307320       1.307310       1.302670       1.298040       1.298040       1.298000       1.294820       1.288480       1.288410       1.288330       1.288050       1.287480       1.275890       1.262950       1.262960       1.260170       1.258550       1.258580       1.255630       1.254310       1.254310       1.249650       1.245050       1.240490       1.235980       1.231530       1.227120       1.222750       1.218430       1.214160    
   1.307320       1.302680       1.298040       1.298040       1.298020       1.294830       1.288480       1.288440       1.288410       1.288260       1.279720       1.267360       1.264420       1.262950       1.262950       1.262960       1.259990       1.258530       1.258580       1.255210       1.254080       1.249420       1.244810       1.240260       1.235750       1.231300       1.226900       1.222550       1.218250       1.213990    
   1.302680       1.298040       1.298040       1.298030       1.294840       1.288480       1.288460       1.288440       1.288370       1.278220       1.267360       1.267360       1.267360       1.264410       1.262940       1.262940       1.262960       1.259880       1.258470       1.258580       1.253860       1.249190       1.244580       1.240020       1.235520       1.231080       1.226690       1.222350       1.218060       1.213830    
   1.298040       1.298040       1.298040       1.294850       1.288480       1.288470       1.288460       1.284370       1.277260       1.267360       1.267360       1.267360       1.267360       1.267360       1.264390       1.262910       1.262910       1.262960       1.259520       1.258360       1.253630       1.248960       1.244350       1.239790       1.235300       1.230860       1.226480       1.222160       1.217890       1.213670    
   1.298040       1.298040       1.294850       1.288480       1.288480       1.284070       1.277480       1.274830       1.272190       1.268970       1.267360       1.267360       1.267360       1.267360       1.267360       1.264330       1.262870       1.262870       1.262960       1.258160       1.253420       1.248740       1.244120       1.239570       1.235080       1.230650       1.226280       1.221970       1.217720       1.213520    
   1.298040       1.294850       1.288480       1.288480       1.283200       1.277480       1.277480       1.277480       1.274830       1.272190       1.268970       1.267360       1.267360       1.267360       1.267360       1.267360       1.264200       1.262780       1.262770       1.257960       1.253210       1.248520       1.243900       1.239350       1.234870       1.230450       1.226090       1.221800       1.217570       1.213390    
