iMOD/TUTORIALS/TUT_MetaswapAnalyser/model_MetaSWAP/meteo/Evaporation/Evaporation_20060429_L1.ASC
NCOLS                30
NROWS                30
XLLCORNER     160000.00
YLLCORNER     340000.00
CELLSIZE        1000.00
NODATA_VALUE   -9999.00
   1.719800       1.719140       1.718660       1.718350       1.718180       1.718160       1.718250       1.718440       1.718730       1.719090       1.719520       1.719990       1.720500       1.721040       1.721600       1.722150       1.722710       1.723250       1.723770       1.724270       1.724730       1.725150       1.725520       1.725850       1.726120       1.726330       1.726490       1.726580       1.726600       1.726560    
   1.720910       1.720210       1.719690       1.719330       1.719120       1.719040       1.719080       1.719230       1.719460       1.719770       1.720140       1.720570       1.721030       1.721520       1.722030       1.722550       1.723060       1.723560       1.724050       1.724510       1.724930       1.725320       1.725670       1.725970       1.726220       1.726410       1.726540       1.726610       1.726620       1.726560    
   1.722110       1.721390       1.720830       1.720430       1.720170       1.720050       1.720040       1.720130       1.720310       1.720570       1.720900       1.721270       1.721680       1.722130       1.722590       1.723060       1.723530       1.724000       1.724440       1.724860       1.725260       1.725610       1.725930       1.726200       1.726420       1.726580       1.726690       1.726740       1.726730       1.726650    
   1.723420       1.722660       1.722070       1.721630       1.721330       1.721160       1.721100       1.721150       1.721280       1.721490       1.721760       1.722090       1.722450       1.722850       1.723270       1.723690       1.724120       1.724540       1.724950       1.725340       1.725690       1.726010       1.726300       1.726540       1.726730       1.726860       1.726940       1.726970       1.726930       1.726830    
   1.724820       1.724030       1.723410       1.722940       1.722600       1.722380       1.722280       1.722270       1.722360       1.722520       1.722740       1.723020       1.723340       1.723690       1.724060       1.724440       1.724820       1.725200       1.725570       1.725920       1.726230       1.726520       1.726770       1.726970       1.727130       1.727240       1.727290       1.727290       1.727220       1.727100    
   1.726300       1.725490       1.724840       1.724330       1.723950       1.723700       1.723550       1.723500       1.723540       1.723650       1.723830       1.724060       1.724330       1.724630       1.724960       1.725290       1.725630       1.725970       1.726290       1.726600       1.726880       1.727130       1.727340       1.727510       1.727640       1.727710       1.727740       1.727700       1.727610       1.727460    
   1.727870       1.727040       1.726360       1.725810       1.725400       1.725110       1.724920       1.724830       1.724820       1.724890       1.725020       1.725200       1.725420       1.725680       1.725960       1.726250       1.726550       1.726840       1.727120       1.727390       1.727630       1.727840       1.728010       1.728150       1.728240       1.728280       1.728270       1.728200       1.728080       1.727900    
   1.729510       1.728660       1.727950       1.727380       1.726930       1.726600       1.726370       1.726240       1.726190       1.726210       1.726300       1.726430       1.726610       1.726820       1.727060       1.727300       1.727560       1.727810       1.728050       1.728270       1.728470       1.728640       1.728780       1.728870       1.728930       1.728930       1.728890       1.728790       1.728630       1.728420    
   1.731220       1.730350       1.729620       1.729020       1.728540       1.728180       1.727910       1.727740       1.727650       1.727630       1.727670       1.727760       1.727890       1.728060       1.728250       1.728450       1.728660       1.728870       1.729060       1.729240       1.729400       1.729530       1.729630       1.729690       1.729710       1.729670       1.729590       1.729460       1.729270       1.729020    
   1.733000       1.732110       1.731360       1.730730       1.730230       1.729830       1.729530       1.729320       1.729190       1.729120       1.729120       1.729170       1.729260       1.729380       1.729530       1.729690       1.729850       1.730020       1.730170       1.730310       1.730430       1.730520       1.730570       1.730590       1.730570       1.730500       1.730380       1.730210       1.729980       1.729700    
   1.733050       1.732160       1.731680       1.732510       1.731980       1.731550       1.731220       1.730970       1.730800       1.730700       1.730660       1.730670       1.730710       1.730790       1.730890       1.731010       1.731130       1.731250       1.731360       1.731460       1.731530       1.731580       1.731600       1.731570       1.731510       1.731400       1.731240       1.731030       1.730770       1.730450    
   1.733090       1.732350       1.732510       1.733490       1.733800       1.733340       1.732970       1.732690       1.732490       1.732350       1.732270       1.732230       1.732240       1.732280       1.732340       1.732410       1.732490       1.732560       1.732630       1.732690       1.732720       1.732720       1.732700       1.732630       1.732530       1.732380       1.732180       1.731930       1.731630       1.731270    
   1.733020       1.732510       1.734100       1.734740       1.735670       1.735180       1.734790       1.734480       1.734240       1.734060       1.733950       1.733870       1.733840       1.733840       1.733850       1.733880       1.733920       1.733960       1.733980       1.733990       1.733980       1.733940       1.733880       1.733770       1.733620       1.733430       1.733190       1.732900       1.732560       1.732160    
   1.732510       1.734370       1.735200       1.735670       1.735980       1.737090       1.736670       1.736320       1.736050       1.735840       1.735690       1.735580       1.735510       1.735460       1.735440       1.735430       1.735430       1.735420       1.735400       1.735370       1.735320       1.735240       1.735130       1.734980       1.734790       1.734550       1.734270       1.733940       1.733560       1.733120    
   1.734500       1.735440       1.735670       1.736250       1.737090       1.737450       1.738600       1.738230       1.737920       1.737680       1.737490       1.737350       1.737240       1.737160       1.737090       1.737040       1.737000       1.736950       1.736890       1.736820       1.736720       1.736600       1.736440       1.736250       1.736020       1.735740       1.735420       1.735040       1.734620       1.734130    
   1.735550       1.735670       1.736340       1.737090       1.737710       1.738600       1.738420       1.738250       1.738350       1.739570       1.739350       1.739170       1.739030       1.738910       1.738810       1.738720       1.738630       1.738540       1.738440       1.738320       1.738190       1.738020       1.737820       1.737590       1.737310       1.736990       1.736620       1.736200       1.735730       1.735210    
   1.735670       1.736370       1.737090       1.737800       1.738600       1.738510       1.738420       1.738650       1.739570       1.739460       1.740420       1.741050       1.740870       1.740710       1.740580       1.740450       1.740320       1.740190       1.740050       1.739890       1.739710       1.739510       1.739260       1.738980       1.738660       1.738300       1.737890       1.737420       1.736910       1.736340    
   1.736380       1.737090       1.737830       1.738600       1.738550       1.738510       1.738790       1.739570       1.739520       1.740890       1.742010       1.742970       1.742760       1.742570       1.742400       1.742230       1.742070       1.741900       1.741720       1.741520       1.741300       1.741050       1.740760       1.740440       1.740070       1.739660       1.739200       1.738690       1.738130       1.737510    
   1.737090       1.737840       1.738600       1.738580       1.738550       1.738860       1.739570       1.739540       1.741090       1.742490       1.742970       1.742860       1.743200       1.744480       1.744270       1.744070       1.743870       1.743660       1.743440       1.743200       1.742930       1.742640       1.742310       1.741940       1.741530       1.741080       1.740570       1.740020       1.739410       1.738740    
   1.737840       1.738600       1.738590       1.738580       1.738890       1.739570       1.739560       1.741180       1.742730       1.742970       1.742920       1.743380       1.744480       1.744370       1.744270       1.744070       1.743870       1.743660       1.744380       1.744920       1.744620       1.744280       1.743910       1.743490       1.743040       1.742540       1.741990       1.741380       1.740730       1.740010    
   1.738600       1.738590       1.738590       1.738910       1.739570       1.739560       1.741230       1.742850       1.742970       1.742940       1.743440       1.744480       1.744430       1.744380       1.744240       1.744070       1.743860       1.744880       1.745810       1.746690       1.746340       1.745960       1.745550       1.745090       1.744590       1.744040       1.743440       1.742790       1.742090       1.741330    
   1.738600       1.738590       1.738910       1.739570       1.739570       1.741250       1.742910       1.742970       1.742960       1.743460       1.744480       1.744450       1.744430       1.744350       1.744230       1.744060       1.745150       1.746250       1.746690       1.747050       1.748110       1.747690       1.747230       1.746730       1.746180       1.745590       1.744940       1.744240       1.743490       1.742680    
   1.738600       1.738920       1.739570       1.739570       1.741260       1.742940       1.742970       1.742960       1.743470       1.744480       1.744470       1.744450       1.744410       1.744330       1.744210       1.746450       1.746470       1.746690       1.749090       1.749930       1.749650       1.749450       1.748950       1.748400       1.747810       1.747170       1.746470       1.745730       1.744920       1.744060    
   1.738920       1.739570       1.739570       1.741260       1.742950       1.742970       1.742970       1.743470       1.744480       1.744470       1.744470       1.744440       1.744400       1.748870       1.751350       1.752350       1.752340       1.752190       1.752080       1.752680       1.751750       1.751250       1.750700       1.750110       1.749470       1.748780       1.748040       1.747240       1.746390       1.745470    
   1.739570       1.739570       1.741270       1.742960       1.742970       1.742970       1.743470       1.744480       1.744480       1.744470       1.744460       1.744440       1.752590       1.762580       1.762520       1.758210       1.758230       1.757990       1.755100       1.753620       1.753610       1.753070       1.752480       1.751850       1.751160       1.750420       1.749630       1.748780       1.747880       1.746910    
   1.739570       1.741270       1.742970       1.742970       1.742970       1.743470       1.744480       1.744480       1.744480       1.744470       1.754350       1.769200       1.764840       1.762650       1.762650       1.762520       1.759750       1.758480       1.757990       1.756130       1.755500       1.754920       1.754280       1.753610       1.752870       1.752090       1.751250       1.750350       1.749390       1.748370    
   1.741270       1.742970       1.742970       1.742970       1.743470       1.744480       1.744480       1.744480       1.744480       1.756340       1.769200       1.769200       1.769200       1.764930       1.762770       1.762770       1.762520       1.760020       1.758970       1.757990       1.757410       1.756780       1.756110       1.755390       1.754610       1.753770       1.752880       1.751930       1.750920       1.749850    
   1.742970       1.742970       1.742970       1.743470       1.744480       1.744480       1.744480       1.753310       1.761170       1.769210       1.769200       1.769200       1.769200       1.769200       1.765110       1.763020       1.763020       1.762520       1.760590       1.759950       1.759330       1.758660       1.757950       1.757180       1.756360       1.755480       1.754530       1.753530       1.752470       1.751340    
   1.742970       1.742970       1.743470       1.744480       1.744480       1.759630       1.782360       1.781080       1.779790       1.772740       1.769220       1.769200       1.769200       1.769200       1.769200       1.765470       1.763530       1.763530       1.762520       1.761920       1.761260       1.760560       1.759800       1.758990       1.758120       1.757190       1.756200       1.755140       1.754020       1.752840    
   1.742970       1.743470       1.744480       1.744480       1.762670       1.782360       1.782360       1.782360       1.781080       1.779790       1.772770       1.769250       1.769200       1.769200       1.769200       1.769200       1.766110       1.764530       1.764530       1.763890       1.763200       1.762460       1.761660       1.760810       1.759890       1.758910       1.757870       1.756760       1.755580       1.754350    
