iMOD/TUTORIALS/TUT_MetaswapAnalyser/model_MetaSWAP/meteo/Evaporation/Evaporation_20060903_L1.ASC
NCOLS                30
NROWS                30
XLLCORNER     160000.00
YLLCORNER     340000.00
CELLSIZE        1000.00
NODATA_VALUE   -9999.00
  0.6377900      0.6357200      0.6336400      0.6315400      0.6294200      0.6272900      0.6251500      0.6230000      0.6208400      0.6186700      0.6165000      0.6143200      0.6121400      0.6099500      0.6077600      0.6055700      0.6033800      0.6011800      0.5989900      0.5968000      0.5946100      0.5924200      0.5902300      0.5880500      0.5858700      0.5836900      0.5815200      0.5793500      0.5771900      0.5750300    
  0.6366000      0.6345700      0.6325100      0.6304500      0.6283600      0.6262700      0.6241600      0.6220400      0.6199100      0.6177700      0.6156300      0.6134700      0.6113100      0.6091500      0.6069800      0.6048100      0.6026400      0.6004600      0.5982900      0.5961100      0.5939300      0.5917500      0.5895800      0.5874000      0.5852300      0.5830600      0.5808900      0.5787300      0.5765700      0.5744100    
  0.6353900      0.6333900      0.6313700      0.6293400      0.6272900      0.6252300      0.6231500      0.6210600      0.6189600      0.6168500      0.6147300      0.6126100      0.6104700      0.6083300      0.6061900      0.6040400      0.6018800      0.5997200      0.5975600      0.5954000      0.5932400      0.5910700      0.5889100      0.5867400      0.5845700      0.5824100      0.5802500      0.5780900      0.5759300      0.5737700    
  0.6341600      0.6321900      0.6302100      0.6282100      0.6262000      0.6241600      0.6221200      0.6200600      0.6179900      0.6159100      0.6138200      0.6117200      0.6096100      0.6074900      0.6053700      0.6032400      0.6011100      0.5989700      0.5968200      0.5946800      0.5925200      0.5903700      0.5882200      0.5860600      0.5839000      0.5817400      0.5795800      0.5774300      0.5752700      0.5731100    
  0.6329100      0.6309800      0.6290300      0.6270700      0.6250800      0.6230900      0.6210700      0.6190400      0.6170000      0.6149500      0.6128900      0.6108100      0.6087300      0.6066400      0.6045400      0.6024300      0.6003100      0.5981900      0.5960600      0.5939300      0.5917900      0.5896500      0.5875100      0.5853600      0.5832100      0.5810600      0.5789000      0.5767500      0.5745900      0.5724400    
  0.6316500      0.6297500      0.6278400      0.6259100      0.6239500      0.6219900      0.6200100      0.6180100      0.6160000      0.6139700      0.6119400      0.6098900      0.6078300      0.6057600      0.6036800      0.6016000      0.5995000      0.5974000      0.5952900      0.5931700      0.5910400      0.5889200      0.5867800      0.5846400      0.5825000      0.5803600      0.5782100      0.5760600      0.5739000      0.5717500    
  0.6303700      0.6285100      0.6266300      0.6247200      0.6228100      0.6208700      0.6189200      0.6169500      0.6149700      0.6129800      0.6109700      0.6089500      0.6069100      0.6048700      0.6028100      0.6007400      0.5986700      0.5965800      0.5944900      0.5923900      0.5902800      0.5881600      0.5860400      0.5839100      0.5817700      0.5796300      0.5774900      0.5753400      0.5731900      0.5710400    
  0.6290700      0.6272400      0.6253900      0.6235300      0.6216400      0.6197400      0.6178200      0.6158800      0.6139300      0.6119600      0.6099800      0.6079800      0.6059700      0.6039500      0.6019200      0.5998700      0.5978200      0.5957500      0.5936700      0.5915800      0.5894900      0.5873800      0.5852700      0.5831500      0.5810300      0.5788900      0.5767500      0.5746100      0.5724600      0.5703100    
  0.6277600      0.6259600      0.6241400      0.6223100      0.6204500      0.6185800      0.6166900      0.6147900      0.6128600      0.6109200      0.6089700      0.6070000      0.6050100      0.6030200      0.6010000      0.5989800      0.5969400      0.5948900      0.5928300      0.5907600      0.5886800      0.5865900      0.5844900      0.5823800      0.5802600      0.5781300      0.5760000      0.5738600      0.5717100      0.5695600    
  0.6264200      0.6246600      0.6228800      0.6210700      0.6192500      0.6174100      0.6155500      0.6136700      0.6117800      0.6098700      0.6079400      0.6059900      0.6040400      0.6020600      0.6000700      0.5980700      0.5960500      0.5940200      0.5919800      0.5899200      0.5878500      0.5857700      0.5836800      0.5815800      0.5794700      0.5773500      0.5752200      0.5730900      0.5709400      0.5687900    
  0.6264170      0.6246530      0.6221080      0.6198200      0.6180300      0.6162200      0.6143900      0.6125400      0.6106700      0.6087900      0.6068900      0.6049700      0.6030400      0.6010800      0.5991200      0.5971300      0.5951400      0.5931200      0.5911000      0.5890600      0.5870000      0.5849400      0.5828600      0.5807700      0.5786600      0.5765500      0.5744300      0.5723000      0.5701500      0.5680000    
  0.6264100      0.6232490      0.6198200      0.6175370      0.6167800      0.6150000      0.6132000      0.6113900      0.6095500      0.6076900      0.6058200      0.6039300      0.6020200      0.6000900      0.5981400      0.5961800      0.5942000      0.5922100      0.5902000      0.5881700      0.5861300      0.5840800      0.5820100      0.5799300      0.5778400      0.5757300      0.5736100      0.5714800      0.5693400      0.5671900    
  0.6244080      0.6198200      0.6172570      0.6161500      0.6155200      0.6137700      0.6120000      0.6102100      0.6084000      0.6065700      0.6047300      0.6028600      0.6009700      0.5990700      0.5971500      0.5952100      0.5932500      0.5912700      0.5892800      0.5872700      0.5852400      0.5832000      0.5811400      0.5790700      0.5769900      0.5748900      0.5727700      0.5706500      0.5685100      0.5663600    
  0.6198200      0.6171080      0.6158350      0.6155200      0.6139370      0.6125200      0.6107800      0.6090200      0.6072400      0.6054300      0.6036100      0.6017700      0.5999100      0.5980300      0.5961300      0.5942100      0.5922700      0.5903100      0.5883400      0.5863400      0.5843300      0.5823000      0.5802500      0.5781900      0.5761100      0.5740200      0.5719100      0.5697900      0.5676600      0.5655100    
  0.6170310      0.6156770      0.6155200      0.6139920      0.6125200      0.6109430      0.6095300      0.6078000      0.6060500      0.6042700      0.6024800      0.6006600      0.5988200      0.5969700      0.5950900      0.5931900      0.5912700      0.5893300      0.5873700      0.5853900      0.5833900      0.5813800      0.5793400      0.5772900      0.5752200      0.5731300      0.5710300      0.5689100      0.5667800      0.5646300    
  0.6155990      0.6155200      0.6140110      0.6125200      0.6109980      0.6095300      0.6086650      0.6077930      0.6053030      0.6030900      0.6013200      0.5995300      0.5977200      0.5958800      0.5940300      0.5921500      0.5902500      0.5883300      0.5863800      0.5844200      0.5824400      0.5804300      0.5784100      0.5763600      0.5743000      0.5722200      0.5701200      0.5680100      0.5658800      0.5637300    
  0.6155200      0.6140170      0.6125200      0.6110160      0.6095300      0.6090970      0.6086630      0.6062130      0.6030900      0.6022050      0.5999040      0.5983800      0.5965900      0.5947700      0.5929400      0.5910800      0.5892000      0.5873000      0.5853700      0.5834200      0.5814500      0.5794600      0.5774500      0.5754200      0.5733600      0.5712900      0.5692000      0.5670800      0.5649600      0.5628100    
  0.6140190      0.6125200      0.6110220      0.6095300      0.6093140      0.6090970      0.6067660      0.6030900      0.6026480      0.6000380      0.5977900      0.5972000      0.5954300      0.5936400      0.5918300      0.5899900      0.5881300      0.5862500      0.5843400      0.5824100      0.5804500      0.5784700      0.5764700      0.5744400      0.5724000      0.5703300      0.5682400      0.5661300      0.5640100      0.5618600    
  0.6125200      0.6110240      0.6095300      0.6094220      0.6093130      0.6070670      0.6030900      0.6028690      0.6000940      0.5974950      0.5972000      0.5963150      0.5946900      0.5924900      0.5907000      0.5888800      0.5870400      0.5851700      0.5832800      0.5813600      0.5794200      0.5774500      0.5754600      0.5734500      0.5714100      0.5693500      0.5672600      0.5651600      0.5630300      0.5608900    
  0.6110250      0.6095300      0.6094760      0.6094220      0.6072230      0.6030900      0.6029790      0.6001200      0.5973470      0.5972000      0.5967580      0.5951740      0.5924900      0.5915950      0.5906900      0.5888730      0.5870300      0.5851630      0.5818600      0.5802900      0.5783700      0.5764100      0.5744300      0.5724200      0.5703900      0.5683400      0.5662600      0.5641600      0.5620300      0.5598900    
  0.6095300      0.6095030      0.6094760      0.6073030      0.6030900      0.6030350      0.6001330      0.5972740      0.5972000      0.5969790      0.5954050      0.5924900      0.5920430      0.5915920      0.5903860      0.5888640      0.5870220      0.5826000      0.5797450      0.5792000      0.5772900      0.5753400      0.5733700      0.5713700      0.5693500      0.5673000      0.5652300      0.5631300      0.5610100      0.5588700    
  0.6095160      0.6095030      0.6073430      0.6030900      0.6030620      0.6001390      0.5972370      0.5972000      0.5970890      0.5955190      0.5924900      0.5922660      0.5920410      0.5913400      0.5902810      0.5887580      0.5834320      0.5794730      0.5792000      0.5775570      0.5761800      0.5742500      0.5722900      0.5703000      0.5682800      0.5662400      0.5641700      0.5620800      0.5599600      0.5578100    
  0.6095160      0.6073630      0.6030900      0.6030760      0.6001420      0.5972180      0.5972000      0.5971450      0.5955740      0.5924900      0.5923780      0.5922660      0.5918830      0.5912210      0.5901260      0.5834880      0.5793360      0.5792000      0.5762720      0.5750350      0.5738860      0.5731300      0.5711800      0.5692000      0.5671900      0.5651500      0.5630900      0.5609900      0.5588700      0.5567300    
  0.6073730      0.6030900      0.6030830      0.6001430      0.5972090      0.5972000      0.5971720      0.5956020      0.5924900      0.5924340      0.5923780      0.5921760      0.5917900      0.5861120      0.5807120      0.5756270      0.5756350      0.5747270      0.5736730      0.5732950      0.5738900      0.5719800      0.5700400      0.5680700      0.5660700      0.5640300      0.5619700      0.5598800      0.5577600      0.5556200    
  0.6030900      0.6030870      0.6001440      0.5972050      0.5972000      0.5971860      0.5956160      0.5924900      0.5924620      0.5924340      0.5923290      0.5921140      0.5824780      0.5711770      0.5712200      0.5725930      0.5719090      0.5720700      0.5724190      0.5726900      0.5727000      0.5708000      0.5688700      0.5669100      0.5649200      0.5628900      0.5608300      0.5587400      0.5566300      0.5544800    
  0.6030880      0.6001450      0.5972020      0.5972000      0.5971930      0.5956230      0.5924900      0.5924760      0.5924620      0.5924080      0.5828520      0.5686900      0.5703130      0.5711340      0.5711340      0.5712200      0.5716090      0.5717470      0.5720700      0.5716200      0.5714800      0.5696000      0.5676800      0.5657200      0.5637400      0.5617100      0.5596600      0.5575700      0.5554600      0.5533100    
  0.6001450      0.5972010      0.5972000      0.5971970      0.5956270      0.5924900      0.5924830      0.5924760      0.5924490      0.5810200      0.5686900      0.5686900      0.5686900      0.5702490      0.5710480      0.5710490      0.5712200      0.5713990      0.5714250      0.5720700      0.5702300      0.5683600      0.5664500      0.5645100      0.5625200      0.5605100      0.5584500      0.5563700      0.5542500      0.5521100    
  0.5972010      0.5972000      0.5971980      0.5956280      0.5924900      0.5924870      0.5924830      0.5849440      0.5772620      0.5686860      0.5686900      0.5686900      0.5686900      0.5686900      0.5701220      0.5708760      0.5708770      0.5712200      0.5708820      0.5707800      0.5689600      0.5671000      0.5652000      0.5632600      0.5612800      0.5592700      0.5572200      0.5551400      0.5530200      0.5508700    
  0.5972000      0.5971990      0.5956290      0.5924900      0.5924880      0.5803350      0.5621100      0.5622400      0.5623700      0.5665720      0.5686770      0.5686900      0.5686900      0.5686900      0.5686900      0.5698730      0.5705320      0.5705350      0.5712200      0.5694600      0.5676500      0.5658000      0.5639100      0.5619800      0.5600100      0.5580000      0.5559500      0.5538700      0.5517500      0.5496000    
  0.5972000      0.5956300      0.5924900      0.5924890      0.5779040      0.5621060      0.5621060      0.5621100      0.5622400      0.5623700      0.5665500      0.5686520      0.5686900      0.5686900      0.5686900      0.5686900      0.5693910      0.5698400      0.5698500      0.5681000      0.5663100      0.5644700      0.5625900      0.5606600      0.5587000      0.5566900      0.5546500      0.5525700      0.5504500      0.5483000    
