iMOD/TUTORIALS/TUT_MetaswapAnalyser/model_MetaSWAP/meteo/Evaporation/Evaporation_20050121_L1.ASC
NCOLS                30
NROWS                30
XLLCORNER     160000.00
YLLCORNER     340000.00
CELLSIZE        1000.00
NODATA_VALUE   -9999.00
  0.4082100      0.4078900      0.4075200      0.4071300      0.4067000      0.4062400      0.4057400      0.4052200      0.4046600      0.4040700      0.4034600      0.4028200      0.4021500      0.4014500      0.4007300      0.3999800      0.3992100      0.3984100      0.3976000      0.3967600      0.3959000      0.3950200      0.3941200      0.3932000      0.3922700      0.3913100      0.3903500      0.3893600      0.3883700      0.3873500    
  0.4074300      0.4070900      0.4067200      0.4063200      0.4058800      0.4054200      0.4049200      0.4043900      0.4038300      0.4032400      0.4026200      0.4019800      0.4013100      0.4006100      0.3998900      0.3991400      0.3983700      0.3975800      0.3967600      0.3959300      0.3950700      0.3942000      0.3933000      0.3923900      0.3914600      0.3905200      0.3895600      0.3885800      0.3875900      0.3865900    
  0.4066200      0.4062800      0.4059000      0.4054900      0.4050500      0.4045800      0.4040700      0.4035400      0.4029800      0.4023800      0.4017700      0.4011200      0.4004500      0.3997500      0.3990300      0.3982800      0.3975200      0.3967200      0.3959100      0.3950800      0.3942300      0.3933600      0.3924700      0.3915600      0.3906400      0.3897000      0.3887500      0.3877800      0.3868000      0.3858000    
  0.4057900      0.4054400      0.4050600      0.4046400      0.4041900      0.4037200      0.4032100      0.4026700      0.4021000      0.4015100      0.4008900      0.4002400      0.3995700      0.3988700      0.3981500      0.3974100      0.3966400      0.3958500      0.3950400      0.3942100      0.3933600      0.3925000      0.3916100      0.3907100      0.3898000      0.3888600      0.3879200      0.3869600      0.3859800      0.3850000    
  0.4049500      0.4045900      0.4042000      0.4037800      0.4033200      0.4028400      0.4023200      0.4017800      0.4012100      0.4006200      0.3999900      0.3993400      0.3986700      0.3979700      0.3972500      0.3965100      0.3957400      0.3949600      0.3941500      0.3933300      0.3924800      0.3916200      0.3907400      0.3898500      0.3889300      0.3880100      0.3870700      0.3861200      0.3851500      0.3841700    
  0.4040900      0.4037200      0.4033200      0.4028900      0.4024300      0.4019400      0.4014200      0.4008800      0.4003000      0.3997000      0.3990800      0.3984300      0.3977500      0.3970600      0.3963400      0.3955900      0.3948300      0.3940500      0.3932400      0.3924200      0.3915800      0.3907200      0.3898500      0.3889600      0.3880500      0.3871400      0.3862000      0.3852600      0.3843000      0.3833300    
  0.4032200      0.4028400      0.4024300      0.4019900      0.4015300      0.4010300      0.4005100      0.3999600      0.3993800      0.3987800      0.3981500      0.3975000      0.3968200      0.3961200      0.3954000      0.3946600      0.3939000      0.3931200      0.3923200      0.3915000      0.3906600      0.3898100      0.3889400      0.3880600      0.3871600      0.3862500      0.3853200      0.3843800      0.3834300      0.3824700    
  0.4023300      0.4019400      0.4015200      0.4010800      0.4006000      0.4001000      0.3995700      0.3990200      0.3984400      0.3978300      0.3972000      0.3965500      0.3958700      0.3951700      0.3944500      0.3937100      0.3929500      0.3921700      0.3913700      0.3905600      0.3897300      0.3888800      0.3880100      0.3871400      0.3862400      0.3853400      0.3844200      0.3834900      0.3825500      0.3816000    
  0.4014300      0.4010300      0.4006000      0.4001500      0.3996700      0.3991600      0.3986300      0.3980700      0.3974800      0.3968700      0.3962400      0.3955900      0.3949100      0.3942100      0.3934900      0.3927500      0.3919900      0.3912100      0.3904200      0.3896000      0.3887800      0.3879300      0.3870700      0.3862000      0.3853100      0.3844200      0.3835000      0.3825800      0.3816500      0.3807100    
  0.4005100      0.4001000      0.3996700      0.3992100      0.3987200      0.3982100      0.3976700      0.3971000      0.3965100      0.3959000      0.3952700      0.3946100      0.3939300      0.3932300      0.3925100      0.3917700      0.3910100      0.3902400      0.3894400      0.3886300      0.3878100      0.3869700      0.3861200      0.3852500      0.3843700      0.3834800      0.3825700      0.3816600      0.3807300      0.3798000    
  0.4005000      0.4000930      0.3993070      0.3982500      0.3977600      0.3972400      0.3966900      0.3961200      0.3955300      0.3949200      0.3942800      0.3936200      0.3929400      0.3922400      0.3915200      0.3907800      0.3900200      0.3892500      0.3884600      0.3876500      0.3868300      0.3860000      0.3851500      0.3842900      0.3834100      0.3825300      0.3816300      0.3807200      0.3798000      0.3788800    
  0.4004910      0.3995380      0.3982500      0.3971500      0.3967900      0.3962600      0.3957100      0.3951300      0.3945400      0.3939200      0.3932800      0.3926100      0.3919300      0.3912300      0.3905100      0.3897700      0.3890200      0.3882400      0.3874600      0.3866500      0.3858400      0.3850100      0.3841600      0.3833100      0.3824400      0.3815600      0.3806700      0.3797700      0.3788600      0.3779400    
  0.3997870      0.3982500      0.3968740      0.3962950      0.3958000      0.3952700      0.3947100      0.3941300      0.3935300      0.3929100      0.3922600      0.3916000      0.3909200      0.3902100      0.3894900      0.3887500      0.3880000      0.3872300      0.3864400      0.3856400      0.3848300      0.3840000      0.3831700      0.3823200      0.3814500      0.3805800      0.3797000      0.3788100      0.3779100      0.3770000    
  0.3982500      0.3967430      0.3960480      0.3958000      0.3951130      0.3942700      0.3937100      0.3931200      0.3925200      0.3918900      0.3912400      0.3905700      0.3898900      0.3891800      0.3884600      0.3877300      0.3869700      0.3862000      0.3854200      0.3846200      0.3838100      0.3829900      0.3821600      0.3813100      0.3804600      0.3795900      0.3787200      0.3778300      0.3769400      0.3760400    
  0.3966790      0.3959240      0.3958000      0.3950610      0.3942700      0.3935570      0.3926900      0.3921000      0.3914900      0.3908600      0.3902100      0.3895400      0.3888500      0.3881500      0.3874200      0.3866900      0.3859300      0.3851700      0.3843900      0.3835900      0.3827800      0.3819700      0.3811400      0.3803000      0.3794500      0.3785900      0.3777200      0.3768400      0.3759600      0.3750700    
  0.3958620      0.3958000      0.3950440      0.3942700      0.3935060      0.3926900      0.3923950      0.3920930      0.3910680      0.3898200      0.3891700      0.3884900      0.3878000      0.3871000      0.3863700      0.3856400      0.3848800      0.3841200      0.3833400      0.3825500      0.3817500      0.3809300      0.3801100      0.3792700      0.3784300      0.3775800      0.3767200      0.3758500      0.3749700      0.3740900    
  0.3958000      0.3950380      0.3942700      0.3934890      0.3926900      0.3925430      0.3923930      0.3913440      0.3898200      0.3894950      0.3882600      0.3874400      0.3867500      0.3860400      0.3853200      0.3845800      0.3838300      0.3830600      0.3822900      0.3815000      0.3807000      0.3798900      0.3790700      0.3782400      0.3774000      0.3765500      0.3757000      0.3748400      0.3739700      0.3730900    
  0.3950360      0.3942700      0.3934830      0.3926900      0.3926160      0.3925420      0.3915250      0.3898200      0.3896570      0.3881730      0.3869100      0.3863800      0.3856900      0.3849800      0.3842500      0.3835100      0.3827600      0.3820000      0.3812200      0.3804400      0.3796400      0.3788300      0.3780200      0.3771900      0.3763600      0.3755200      0.3746800      0.3738200      0.3729600      0.3720900    
  0.3942700      0.3934810      0.3926900      0.3926530      0.3926160      0.3916260      0.3898200      0.3897390      0.3881350      0.3866450      0.3863800      0.3860350      0.3852370      0.3839000      0.3831800      0.3824400      0.3816900      0.3809200      0.3801500      0.3793700      0.3785700      0.3777700      0.3769600      0.3761400      0.3753200      0.3744800      0.3736400      0.3728000      0.3719400      0.3710900    
  0.3934800      0.3926900      0.3926720      0.3926530      0.3916790      0.3898200      0.3897790      0.3881170      0.3865120      0.3863800      0.3862070      0.3853880      0.3839000      0.3835400      0.3831730      0.3824370      0.3816830      0.3809200      0.3791880      0.3782900      0.3775000      0.3767000      0.3759000      0.3750800      0.3742600      0.3734300      0.3726000      0.3717600      0.3709200      0.3700700    
  0.3926900      0.3926810      0.3926720      0.3917060      0.3898200      0.3898000      0.3881090      0.3864460      0.3863800      0.3862940      0.3854690      0.3839000      0.3837200      0.3835380      0.3830500      0.3824310      0.3816800      0.3793500      0.3777500      0.3772100      0.3764200      0.3756300      0.3748200      0.3740200      0.3732000      0.3723800      0.3715500      0.3707200      0.3698900      0.3690500    
  0.3926850      0.3926810      0.3917200      0.3898200      0.3898100      0.3881040      0.3864130      0.3863800      0.3863370      0.3855110      0.3839000      0.3838100      0.3837190      0.3834360      0.3830060      0.3823870      0.3796300      0.3774800      0.3772100      0.3763230      0.3753400      0.3745400      0.3737500      0.3729400      0.3721300      0.3713200      0.3705000      0.3696800      0.3688500      0.3680200    
  0.3926850      0.3917260      0.3898200      0.3898150      0.3881020      0.3863970      0.3863800      0.3863580      0.3855320      0.3839000      0.3838550      0.3838100      0.3836550      0.3833870      0.3829430      0.3792570      0.3773450      0.3772100      0.3750950      0.3742450      0.3737720      0.3734600      0.3726600      0.3718600      0.3710600      0.3702500      0.3694400      0.3686300      0.3678100      0.3669800    
  0.3917300      0.3898200      0.3898170      0.3881010      0.3863880      0.3863800      0.3863690      0.3855430      0.3839000      0.3838770      0.3838550      0.3837730      0.3836170      0.3797910      0.3765950      0.3739140      0.3739150      0.3734850      0.3729650      0.3726000      0.3731500      0.3723700      0.3715800      0.3707800      0.3699800      0.3691800      0.3683800      0.3675700      0.3667600      0.3659400    
  0.3898200      0.3898190      0.3881010      0.3863840      0.3863800      0.3863750      0.3855480      0.3839000      0.3838890      0.3838770      0.3838350      0.3837490      0.3770880      0.3691450      0.3691800      0.3708920      0.3704810      0.3706200      0.3715340      0.3720500      0.3720500      0.3712700      0.3704800      0.3697000      0.3689000      0.3681100      0.3673100      0.3665100      0.3657100      0.3649000    
  0.3898190      0.3881000      0.3863820      0.3863800      0.3863770      0.3855510      0.3839000      0.3838940      0.3838890      0.3838670      0.3769440      0.3666300      0.3682780      0.3691110      0.3691110      0.3691800      0.3699920      0.3703420      0.3706200      0.3708670      0.3709500      0.3701700      0.3693900      0.3686100      0.3678200      0.3670300      0.3662400      0.3654500      0.3646500      0.3638500    
  0.3881000      0.3863810      0.3863800      0.3863790      0.3855520      0.3839000      0.3838970      0.3838940      0.3838830      0.3755920      0.3666300      0.3666300      0.3666300      0.3682270      0.3690410      0.3690410      0.3691800      0.3698240      0.3700650      0.3706200      0.3698500      0.3690700      0.3682900      0.3675100      0.3667300      0.3659500      0.3651700      0.3643800      0.3635900      0.3628100    
  0.3863800      0.3863800      0.3863790      0.3855530      0.3839000      0.3838990      0.3838970      0.3784110      0.3728390      0.3666270      0.3666300      0.3666300      0.3666300      0.3666300      0.3681250      0.3689030      0.3689030      0.3691800      0.3694300      0.3695100      0.3687400      0.3679700      0.3672000      0.3664200      0.3656500      0.3648700      0.3640900      0.3633100      0.3625400      0.3617600    
  0.3863800      0.3863800      0.3855530      0.3839000      0.3838990      0.3750150      0.3616900      0.3618300      0.3619700      0.3650690      0.3666210      0.3666300      0.3666300      0.3666300      0.3666300      0.3679270      0.3686250      0.3686250      0.3691800      0.3684100      0.3676400      0.3668700      0.3661000      0.3653300      0.3645600      0.3637900      0.3630200      0.3622500      0.3614800      0.3607100    
  0.3863800      0.3855530      0.3839000      0.3839000      0.3732370      0.3616880      0.3616880      0.3616900      0.3618300      0.3619700      0.3650530      0.3666030      0.3666300      0.3666300      0.3666300      0.3666300      0.3675510      0.3680700      0.3680700      0.3673000      0.3665300      0.3657700      0.3650000      0.3642300      0.3634700      0.3627000      0.3619400      0.3611800      0.3604200      0.3596600    
