iMOD/TUTORIALS/TUT_MetaswapAnalyser/model_MetaSWAP/meteo/Evaporation/Evaporation_20060815_L1.ASC
NCOLS                30
NROWS                30
XLLCORNER     160000.00
YLLCORNER     340000.00
CELLSIZE        1000.00
NODATA_VALUE   -9999.00
   1.083920       1.083170       1.082420       1.081660       1.080900       1.080140       1.079380       1.078630       1.077880       1.077130       1.076400       1.075670       1.074950       1.074250       1.073550       1.072870       1.072210       1.071550       1.070910       1.070290       1.069680       1.069090       1.068510       1.067950       1.067400       1.066860       1.066340       1.065840       1.065350       1.064870    
   1.082500       1.081800       1.081100       1.080390       1.079680       1.078980       1.078270       1.077560       1.076860       1.076160       1.075470       1.074780       1.074110       1.073440       1.072780       1.072130       1.071500       1.070870       1.070260       1.069660       1.069070       1.068490       1.067930       1.067380       1.066840       1.066310       1.065800       1.065290       1.064800       1.064320    
   1.081100       1.080450       1.079800       1.079150       1.078500       1.077840       1.077180       1.076520       1.075860       1.075210       1.074560       1.073920       1.073280       1.072650       1.072030       1.071410       1.070800       1.070210       1.069620       1.069040       1.068470       1.067910       1.067360       1.066820       1.066300       1.065780       1.065270       1.064770       1.064280       1.063800    
   1.079730       1.079140       1.078540       1.077940       1.077330       1.076720       1.076110       1.075500       1.074890       1.074280       1.073680       1.073070       1.072470       1.071880       1.071290       1.070710       1.070130       1.069560       1.069000       1.068440       1.067890       1.067350       1.066820       1.066290       1.065770       1.065260       1.064760       1.064260       1.063770       1.063290    
   1.078390       1.077840       1.077300       1.076740       1.076190       1.075630       1.075070       1.074500       1.073940       1.073370       1.072810       1.072250       1.071680       1.071130       1.070570       1.070020       1.069470       1.068930       1.068390       1.067860       1.067330       1.066800       1.066280       1.065770       1.065260       1.064760       1.064260       1.063770       1.063280       1.062800    
   1.077070       1.076580       1.076080       1.075580       1.075070       1.074560       1.074040       1.073520       1.073000       1.072480       1.071960       1.071440       1.070910       1.070390       1.069870       1.069350       1.068830       1.068310       1.067800       1.067290       1.066780       1.066270       1.065770       1.065270       1.064770       1.064270       1.063780       1.063290       1.062810       1.062320    
   1.075770       1.075330       1.074880       1.074430       1.073970       1.073510       1.073040       1.072560       1.072090       1.071610       1.071130       1.070640       1.070160       1.069670       1.069180       1.068690       1.068200       1.067710       1.067220       1.066730       1.066240       1.065750       1.065260       1.064780       1.064290       1.063800       1.063310       1.062830       1.062340       1.061860    
   1.074500       1.074110       1.073710       1.073300       1.072890       1.072470       1.072050       1.071620       1.071190       1.070750       1.070310       1.069860       1.069420       1.068960       1.068510       1.068050       1.067590       1.067120       1.066660       1.066190       1.065720       1.065250       1.064770       1.064300       1.063820       1.063340       1.062860       1.062370       1.061890       1.061400    
   1.073250       1.072900       1.072550       1.072190       1.071830       1.071450       1.071080       1.070690       1.070300       1.069910       1.069510       1.069100       1.068690       1.068270       1.067850       1.067420       1.066990       1.066550       1.066110       1.065660       1.065210       1.064750       1.064290       1.063830       1.063360       1.062890       1.062410       1.061930       1.061450       1.060960    
   1.072010       1.071710       1.071410       1.071100       1.070780       1.070450       1.070120       1.069780       1.069430       1.069080       1.068720       1.068350       1.067970       1.067590       1.067200       1.066800       1.066390       1.065980       1.065560       1.065140       1.064710       1.064270       1.063820       1.063370       1.062910       1.062440       1.061970       1.061490       1.061010       1.060520    
   1.072010       1.071710       1.071060       1.070020       1.069750       1.069460       1.069180       1.068880       1.068570       1.068260       1.067940       1.067600       1.067260       1.066910       1.066560       1.066190       1.065810       1.065430       1.065030       1.064630       1.064210       1.063790       1.063360       1.062920       1.062470       1.062010       1.061540       1.061070       1.060580       1.060090    
   1.072010       1.071200       1.070020       1.069050       1.068720       1.068490       1.068240       1.067990       1.067720       1.067450       1.067170       1.066870       1.066570       1.066250       1.065920       1.065590       1.065240       1.064880       1.064500       1.064120       1.063730       1.063320       1.062900       1.062470       1.062030       1.061580       1.061120       1.060640       1.060160       1.059670    
   1.071380       1.070020       1.068750       1.068220       1.067720       1.067520       1.067320       1.067110       1.066890       1.066650       1.066400       1.066150       1.065880       1.065590       1.065300       1.064990       1.064670       1.064330       1.063980       1.063620       1.063240       1.062850       1.062450       1.062030       1.061600       1.061150       1.060700       1.060220       1.059740       1.059250    
   1.070020       1.068620       1.067970       1.067720       1.067270       1.066570       1.066410       1.066240       1.066050       1.065860       1.065650       1.065430       1.065190       1.064940       1.064680       1.064400       1.064110       1.063790       1.063470       1.063130       1.062770       1.062390       1.062000       1.061590       1.061170       1.060730       1.060280       1.059810       1.059330       1.058830    
   1.068550       1.067850       1.067720       1.067190       1.066570       1.066160       1.065500       1.065370       1.065230       1.065070       1.064900       1.064720       1.064520       1.064300       1.064060       1.063810       1.063550       1.063260       1.062960       1.062630       1.062290       1.061930       1.061550       1.061160       1.060740       1.060310       1.059860       1.059390       1.058910       1.058410    
   1.067780       1.067720       1.067160       1.066570       1.066080       1.065500       1.065430       1.065370       1.064990       1.064290       1.064160       1.064010       1.063840       1.063660       1.063450       1.063230       1.062990       1.062730       1.062450       1.062140       1.061820       1.061480       1.061110       1.060720       1.060320       1.059890       1.059440       1.058980       1.058490       1.057990    
   1.067720       1.067150       1.066570       1.066050       1.065500       1.065470       1.065430       1.065020       1.064290       1.064220       1.063670       1.063300       1.063170       1.063010       1.062840       1.062650       1.062430       1.062200       1.061940       1.061650       1.061350       1.061020       1.060660       1.060290       1.059890       1.059470       1.059020       1.058560       1.058070       1.057570    
   1.067150       1.066570       1.066040       1.065500       1.065480       1.065470       1.065050       1.064290       1.064260       1.063540       1.062950       1.062590       1.062490       1.062370       1.062230       1.062060       1.061870       1.061660       1.061420       1.061160       1.060870       1.060560       1.060220       1.059850       1.059460       1.059040       1.058600       1.058140       1.057650       1.057140    
   1.066570       1.066040       1.065500       1.065490       1.065480       1.065070       1.064290       1.064270       1.063490       1.062770       1.062590       1.062540       1.062290       1.061730       1.061610       1.061480       1.061310       1.061130       1.060910       1.060670       1.060390       1.060090       1.059770       1.059410       1.059020       1.058610       1.058170       1.057710       1.057220       1.056710    
   1.066040       1.065500       1.065500       1.065490       1.065080       1.064290       1.064280       1.063460       1.062680       1.062590       1.062570       1.062290       1.061730       1.061670       1.061610       1.061470       1.061310       1.061120       1.060510       1.060170       1.059910       1.059620       1.059310       1.058960       1.058580       1.058180       1.057740       1.057280       1.056780       1.056260    
   1.065500       1.065500       1.065500       1.065090       1.064290       1.064290       1.063450       1.062630       1.062590       1.062580       1.062290       1.061730       1.061700       1.061670       1.061580       1.061460       1.061300       1.060500       1.059920       1.059660       1.059420       1.059150       1.058840       1.058510       1.058140       1.057730       1.057300       1.056830       1.056340       1.055810    
   1.065500       1.065500       1.065090       1.064290       1.064290       1.063450       1.062610       1.062590       1.062580       1.062300       1.061730       1.061720       1.061700       1.061650       1.061570       1.061450       1.060540       1.059790       1.059660       1.059330       1.058920       1.058660       1.058370       1.058040       1.057680       1.057280       1.056840       1.056380       1.055880       1.055350    
   1.065500       1.065100       1.064290       1.064290       1.063440       1.062600       1.062590       1.062590       1.062300       1.061730       1.061720       1.061710       1.061690       1.061640       1.061560       1.060260       1.059720       1.059660       1.058760       1.058410       1.058260       1.058170       1.057890       1.057570       1.057210       1.056810       1.056380       1.055910       1.055410       1.054870    
   1.065100       1.064290       1.064290       1.063440       1.062600       1.062590       1.062590       1.062300       1.061730       1.061730       1.061720       1.061710       1.061680       1.060020       1.058840       1.058020       1.058020       1.057920       1.057790       1.057630       1.057890       1.057660       1.057390       1.057080       1.056730       1.056330       1.055900       1.055430       1.054920       1.054380    
   1.064290       1.064290       1.063440       1.062590       1.062590       1.062590       1.062300       1.061730       1.061730       1.061730       1.061720       1.061700       1.058750       1.055190       1.055210       1.056360       1.056310       1.056380       1.057010       1.057350       1.057360       1.057140       1.056880       1.056580       1.056230       1.055840       1.055400       1.054930       1.054420       1.053870    
   1.064290       1.063440       1.062590       1.062590       1.062590       1.062300       1.061730       1.061730       1.061730       1.061720       1.058250       1.053060       1.054460       1.055170       1.055170       1.055210       1.055910       1.056230       1.056380       1.056700       1.056810       1.056610       1.056350       1.056060       1.055710       1.055320       1.054890       1.054410       1.053900       1.053340    
   1.063440       1.062590       1.062590       1.062590       1.062300       1.061730       1.061730       1.061730       1.061730       1.057570       1.053060       1.053060       1.053060       1.054430       1.055130       1.055130       1.055210       1.055830       1.056080       1.056380       1.056240       1.056050       1.055810       1.055520       1.055180       1.054790       1.054360       1.053880       1.053350       1.052790    
   1.062590       1.062590       1.062590       1.062300       1.061730       1.061730       1.061730       1.058420       1.055690       1.053060       1.053060       1.053060       1.053060       1.053060       1.054370       1.055040       1.055040       1.055210       1.055630       1.055780       1.055650       1.055470       1.055240       1.054960       1.054620       1.054240       1.053800       1.053320       1.052790       1.052210    
   1.062590       1.062590       1.062300       1.061730       1.061730       1.055890       1.047130       1.047810       1.048500       1.051530       1.053050       1.053060       1.053060       1.053060       1.053060       1.054250       1.054870       1.054880       1.055210       1.055160       1.055040       1.054880       1.054650       1.054380       1.054040       1.053660       1.053220       1.052730       1.052190       1.051610    
   1.062590       1.062300       1.061730       1.061730       1.054720       1.047130       1.047130       1.047130       1.047810       1.048500       1.051520       1.053040       1.053060       1.053060       1.053060       1.053060       1.054030       1.054530       1.054540       1.054500       1.054410       1.054250       1.054040       1.053770       1.053440       1.053050       1.052610       1.052120       1.051570       1.050980    
