iMOD/TUTORIALS/TUT_MetaswapAnalyser/model_MetaSWAP/meteo/Evaporation/Evaporation_20050609_L1.ASC
NCOLS                30
NROWS                30
XLLCORNER     160000.00
YLLCORNER     340000.00
CELLSIZE        1000.00
NODATA_VALUE   -9999.00
   4.260530       4.257500       4.254390       4.251200       4.247960       4.244640       4.241270       4.237830       4.234340       4.230810       4.227220       4.223590       4.219920       4.216200       4.212460       4.208680       4.204860       4.201020       4.197160       4.193270       4.189350       4.185420       4.181470       4.177500       4.173520       4.169520       4.165510       4.161500       4.157470       4.153440    
   4.264130       4.261120       4.258040       4.254890       4.251670       4.248390       4.245040       4.241640       4.238180       4.234680       4.231120       4.227520       4.223870       4.220190       4.216470       4.212710       4.208920       4.205110       4.201260       4.197390       4.193490       4.189580       4.185640       4.181690       4.177720       4.173740       4.169740       4.165730       4.161720       4.157690    
   4.267700       4.264710       4.261660       4.258540       4.255350       4.252100       4.248790       4.245420       4.241990       4.238510       4.234990       4.231410       4.227800       4.224140       4.220440       4.216710       4.212950       4.209150       4.205330       4.201480       4.197600       4.193710       4.189790       4.185850       4.181890       4.177920       4.173940       4.169940       4.165930       4.161910    
   4.271240       4.268280       4.265260       4.262160       4.259000       4.255780       4.252500       4.249160       4.245760       4.242320       4.238820       4.235280       4.231690       4.228060       4.224390       4.220680       4.216940       4.213170       4.209370       4.205540       4.201680       4.197800       4.193900       4.189970       4.186030       4.182070       4.178100       4.174110       4.170110       4.166100    
   4.274760       4.271820       4.268820       4.265760       4.262630       4.259440       4.256180       4.252870       4.249510       4.246090       4.242620       4.239100       4.235540       4.231940       4.228300       4.224620       4.220900       4.217150       4.213370       4.209560       4.205730       4.201860       4.197980       4.194070       4.190140       4.186200       4.182240       4.178260       4.174270       4.170270    
   4.278250       4.275340       4.272370       4.269330       4.266220       4.263060       4.259840       4.256560       4.253220       4.249830       4.246390       4.242900       4.239370       4.235800       4.232180       4.228520       4.224830       4.221100       4.217350       4.213560       4.209740       4.205900       4.202030       4.198140       4.194220       4.190290       4.186340       4.182370       4.178390       4.174400    
   4.281720       4.278830       4.275880       4.272870       4.269800       4.266660       4.263460       4.260210       4.256900       4.253540       4.250130       4.246670       4.243170       4.239620       4.236030       4.232400       4.228730       4.225020       4.221290       4.217520       4.213720       4.209900       4.206040       4.202170       4.198270       4.194350       4.190410       4.186460       4.182490       4.178500    
   4.285160       4.282300       4.279380       4.276390       4.273340       4.270230       4.267060       4.263840       4.260560       4.257220       4.253840       4.250410       4.246930       4.243410       4.239840       4.236240       4.232590       4.228910       4.225200       4.221450       4.217670       4.213870       4.210030       4.206170       4.202290       4.198380       4.194460       4.190520       4.186550       4.182580    
   4.288580       4.285740       4.282840       4.279880       4.276860       4.273770       4.270630       4.267440       4.264180       4.260880       4.257520       4.254120       4.250670       4.247170       4.243630       4.240050       4.236430       4.232770       4.229080       4.225350       4.221590       4.217810       4.213990       4.210140       4.206280       4.202390       4.198470       4.194540       4.190590       4.186620    
   4.291980       4.289160       4.286290       4.283350       4.280350       4.277290       4.274180       4.271010       4.267780       4.264510       4.261180       4.257800       4.254370       4.250900       4.247390       4.243830       4.240240       4.236600       4.232930       4.229220       4.225480       4.221710       4.217920       4.214090       4.210230       4.206360       4.202460       4.198540       4.194600       4.190640    
   4.291960       4.289140       4.286400       4.286790       4.283820       4.280790       4.277700       4.274550       4.271360       4.268100       4.264800       4.261450       4.258050       4.254610       4.251120       4.247580       4.244010       4.240400       4.236750       4.233060       4.229350       4.225590       4.221810       4.218000       4.214160       4.210300       4.206410       4.202500       4.198570       4.194620    
   4.291940       4.288570       4.286790       4.287140       4.287260       4.284260       4.281190       4.278080       4.274900       4.271680       4.268400       4.265080       4.261700       4.258280       4.254820       4.251310       4.247760       4.244170       4.240540       4.236880       4.233180       4.229440       4.225680       4.221880       4.218060       4.214210       4.210340       4.206440       4.202520       4.198580    
   4.290500       4.286790       4.288400       4.288970       4.290690       4.287700       4.284660       4.281570       4.278420       4.275230       4.271970       4.268670       4.265330       4.261930       4.258490       4.255010       4.251480       4.247910       4.244300       4.240660       4.236980       4.233260       4.229520       4.225740       4.221930       4.218090       4.214230       4.210340       4.206430       4.202500    
   4.286790       4.288930       4.289830       4.290690       4.289840       4.291120       4.288110       4.285040       4.281920       4.278750       4.275520       4.272250       4.268920       4.265550       4.262130       4.258670       4.255170       4.251620       4.248040       4.244410       4.240750       4.237050       4.233320       4.229560       4.225770       4.221950       4.218100       4.214220       4.210320       4.206400    
   4.289170       4.290260       4.290690       4.290550       4.291120       4.290250       4.291530       4.288490       4.285390       4.282240       4.279040       4.275790       4.272490       4.269140       4.265750       4.262310       4.258830       4.255310       4.251740       4.248140       4.244500       4.240820       4.237100       4.233360       4.229580       4.225770       4.221930       4.218070       4.214180       4.210260    
   4.290480       4.290690       4.290790       4.291120       4.290970       4.291530       4.290010       4.288470       4.285460       4.285710       4.282530       4.279310       4.276030       4.272710       4.269340       4.265930       4.262470       4.258960       4.255420       4.251830       4.248210       4.244550       4.240850       4.237120       4.233360       4.229560       4.225740       4.221880       4.218000       4.214100    
   4.290690       4.290870       4.291120       4.291210       4.291530       4.290770       4.290000       4.287410       4.285710       4.284120       4.283320       4.282800       4.279550       4.276250       4.272900       4.269510       4.266070       4.262590       4.259070       4.255500       4.251900       4.248250       4.244570       4.240860       4.237110       4.233320       4.229510       4.225670       4.221800       4.217900    
   4.290890       4.291120       4.291290       4.291530       4.291150       4.290770       4.288470       4.285710       4.284910       4.284790       4.284540       4.286270       4.283040       4.279760       4.276440       4.273070       4.269650       4.266190       4.262690       4.259140       4.255550       4.251930       4.248260       4.244560       4.240830       4.237060       4.233260       4.229430       4.225570       4.221680    
   4.291120       4.291310       4.291530       4.291340       4.291150       4.289030       4.285710       4.285310       4.285420       4.285400       4.286270       4.284660       4.283080       4.283250       4.279950       4.276600       4.273200       4.269760       4.266280       4.262750       4.259180       4.255570       4.251930       4.248240       4.244520       4.240760       4.236970       4.233150       4.229300       4.225420    
   4.291320       4.291530       4.291440       4.291340       4.289310       4.285710       4.285510       4.285710       4.285840       4.286270       4.285460       4.284310       4.283250       4.281600       4.279930       4.276580       4.273190       4.269750       4.267000       4.266330       4.262780       4.259190       4.255560       4.251890       4.248180       4.244440       4.240660       4.236850       4.233010       4.229140    
   4.291530       4.291480       4.291440       4.289450       4.285710       4.285610       4.285850       4.286050       4.286270       4.285870       4.284820       4.283250       4.282420       4.281590       4.279370       4.276570       4.273170       4.269590       4.268110       4.269890       4.266350       4.262780       4.259160       4.255510       4.251810       4.248080       4.244310       4.240510       4.236680       4.232820    
   4.291510       4.291480       4.289520       4.285710       4.285660       4.285920       4.286160       4.286270       4.286070       4.285050       4.283250       4.282840       4.282420       4.281130       4.279180       4.276370       4.271640       4.269000       4.269890       4.268710       4.269900       4.266340       4.262740       4.259100       4.255410       4.251700       4.247940       4.244150       4.240330       4.236470    
   4.291510       4.289550       4.285710       4.285680       4.285960       4.286220       4.286270       4.286170       4.285160       4.283250       4.283040       4.282840       4.282130       4.280910       4.278890       4.275380       4.269440       4.269890       4.272650       4.273390       4.271270       4.269870       4.266280       4.262650       4.258990       4.255280       4.251530       4.247750       4.243940       4.240090    
   4.289570       4.285710       4.285700       4.285970       4.286240       4.286270       4.286220       4.285210       4.283250       4.283150       4.283040       4.282670       4.281960       4.285640       4.284600       4.280240       4.280240       4.278870       4.277450       4.278620       4.276890       4.273370       4.269800       4.266180       4.262530       4.258830       4.255100       4.251330       4.247520       4.243680    
   4.285710       4.285700       4.285980       4.286260       4.286270       4.286240       4.285240       4.283250       4.283200       4.283150       4.282950       4.282560       4.290360       4.300710       4.300610       4.291560       4.291020       4.290600       4.283760       4.280340       4.280350       4.276840       4.273280       4.269680       4.266040       4.262350       4.258630       4.254870       4.251070       4.247240    
   4.285710       4.285990       4.286260       4.286270       4.286260       4.285250       4.283250       4.283220       4.283200       4.283100       4.295160       4.313570       4.305080       4.300810       4.300810       4.300610       4.294350       4.291440       4.290600       4.285470       4.283770       4.280280       4.276740       4.273150       4.269520       4.265840       4.262130       4.258380       4.254590       4.250760    
   4.285990       4.286270       4.286270       4.286260       4.285260       4.283250       4.283240       4.283220       4.283170       4.297720       4.313570       4.313570       4.313570       4.305230       4.301020       4.301020       4.300610       4.294770       4.292270       4.290600       4.287170       4.283690       4.280160       4.276590       4.272970       4.269300       4.265600       4.261850       4.258070       4.254250    
   4.286270       4.286270       4.286270       4.285260       4.283250       4.283240       4.283240       4.295430       4.304920       4.313580       4.313570       4.313570       4.313570       4.313570       4.305530       4.301430       4.301430       4.300610       4.295600       4.293950       4.290530       4.287070       4.283550       4.279990       4.276380       4.272730       4.269040       4.265300       4.261520       4.257710    
   4.286270       4.286270       4.285260       4.283250       4.283250       4.305160       4.338040       4.335050       4.332070       4.319760       4.313600       4.313570       4.313570       4.313570       4.313570       4.306090       4.302240       4.302250       4.300610       4.297260       4.293870       4.290410       4.286910       4.283360       4.279770       4.276120       4.272440       4.268710       4.264940       4.261130    
   4.286270       4.285260       4.283250       4.283250       4.309550       4.338050       4.338050       4.338040       4.335050       4.332070       4.319800       4.313650       4.313570       4.313570       4.313570       4.313570       4.307100       4.303870       4.303880       4.300550       4.297170       4.293730       4.290240       4.286710       4.283120       4.279490       4.275810       4.272090       4.268320       4.264520    
