iMOD/TUTORIALS/TUT_MetaswapAnalyser/model_MetaSWAP/meteo/Evaporation/Evaporation_20060327_L1.ASC
NCOLS                30
NROWS                30
XLLCORNER     160000.00
YLLCORNER     340000.00
CELLSIZE        1000.00
NODATA_VALUE   -9999.00
   1.490290       1.491200       1.492100       1.492990       1.493870       1.494740       1.495610       1.496480       1.497340       1.498210       1.499090       1.499970       1.500860       1.501750       1.502670       1.503590       1.504530       1.505480       1.506450       1.507440       1.508440       1.509460       1.510500       1.511560       1.512640       1.513740       1.514850       1.515990       1.517140       1.518310    
   1.493490       1.494420       1.495340       1.496250       1.497150       1.498040       1.498930       1.499820       1.500700       1.501590       1.502480       1.503370       1.504270       1.505180       1.506100       1.507040       1.507980       1.508940       1.509910       1.510900       1.511910       1.512930       1.513970       1.515020       1.516100       1.517190       1.518300       1.519430       1.520570       1.521740    
   1.496670       1.497620       1.498570       1.499500       1.500420       1.501330       1.502240       1.503140       1.504040       1.504940       1.505850       1.506760       1.507670       1.508590       1.509530       1.510470       1.511420       1.512380       1.513360       1.514360       1.515360       1.516380       1.517420       1.518480       1.519550       1.520630       1.521740       1.522860       1.523990       1.525140    
   1.499840       1.500810       1.501770       1.502720       1.503660       1.504590       1.505520       1.506440       1.507360       1.508280       1.509200       1.510120       1.511050       1.511990       1.512930       1.513880       1.514840       1.515810       1.516790       1.517790       1.518800       1.519820       1.520860       1.521910       1.522980       1.524060       1.525160       1.526270       1.527400       1.528540    
   1.502980       1.503980       1.504960       1.505930       1.506890       1.507840       1.508790       1.509730       1.510660       1.511600       1.512530       1.513470       1.514410       1.515360       1.516310       1.517270       1.518240       1.519220       1.520210       1.521210       1.522220       1.523240       1.524280       1.525330       1.526400       1.527470       1.528570       1.529670       1.530790       1.531930    
   1.506120       1.507130       1.508130       1.509120       1.510100       1.511070       1.512030       1.512990       1.513950       1.514900       1.515850       1.516800       1.517760       1.518720       1.519680       1.520650       1.521630       1.522610       1.523610       1.524610       1.525620       1.526650       1.527690       1.528740       1.529800       1.530870       1.531960       1.533060       1.534180       1.535300    
   1.509240       1.510270       1.511290       1.512300       1.513290       1.514280       1.515260       1.516240       1.517210       1.518180       1.519150       1.520110       1.521080       1.522050       1.523030       1.524010       1.524990       1.525990       1.526990       1.527990       1.529010       1.530040       1.531080       1.532130       1.533190       1.534260       1.535340       1.536440       1.537540       1.538660    
   1.512340       1.513390       1.514430       1.515460       1.516470       1.517480       1.518480       1.519470       1.520460       1.521440       1.522420       1.523410       1.524390       1.525370       1.526360       1.527350       1.528340       1.529340       1.530350       1.531360       1.532380       1.533410       1.534450       1.535500       1.536560       1.537630       1.538710       1.539800       1.540900       1.542010    
   1.515420       1.516490       1.517550       1.518600       1.519630       1.520660       1.521670       1.522680       1.523690       1.524690       1.525690       1.526680       1.527680       1.528670       1.529670       1.530670       1.531670       1.532680       1.533690       1.534710       1.535740       1.536770       1.537810       1.538860       1.539920       1.540980       1.542060       1.543150       1.544240       1.545350    
   1.518490       1.519580       1.520660       1.521720       1.522780       1.523820       1.524850       1.525880       1.526900       1.527920       1.528930       1.529940       1.530950       1.531960       1.532960       1.533970       1.534990       1.536000       1.537020       1.538050       1.539080       1.540110       1.541150       1.542200       1.543260       1.544320       1.545400       1.546480       1.547570       1.548670    
   1.518490       1.519580       1.521700       1.524830       1.525900       1.526960       1.528010       1.529060       1.530100       1.531130       1.532150       1.533180       1.534200       1.535220       1.536240       1.537260       1.538280       1.539310       1.540330       1.541360       1.542400       1.543440       1.544480       1.545530       1.546590       1.547650       1.548720       1.549790       1.550880       1.551970    
   1.518480       1.521150       1.524830       1.527960       1.529010       1.530090       1.531160       1.532220       1.533270       1.534320       1.535360       1.536400       1.537440       1.538470       1.539500       1.540530       1.541560       1.542590       1.543620       1.544660       1.545700       1.546740       1.547790       1.548840       1.549890       1.550960       1.552020       1.553100       1.554180       1.555260    
   1.520460       1.524830       1.528870       1.530560       1.532110       1.533200       1.534290       1.535360       1.536430       1.537500       1.538550       1.539600       1.540650       1.541700       1.542740       1.543780       1.544820       1.545860       1.546900       1.547940       1.548990       1.550030       1.551080       1.552130       1.553190       1.554250       1.555310       1.556380       1.557460       1.558540    
   1.524830       1.529290       1.531330       1.532110       1.533870       1.536300       1.537400       1.538490       1.539580       1.540650       1.541730       1.542790       1.543850       1.544910       1.545960       1.547010       1.548060       1.549110       1.550160       1.551210       1.552250       1.553300       1.554350       1.555410       1.556460       1.557520       1.558590       1.559650       1.560720       1.561800    
   1.529490       1.531720       1.532110       1.534090       1.536300       1.538060       1.540490       1.541600       1.542700       1.543800       1.544880       1.545960       1.547030       1.548100       1.549170       1.550230       1.551290       1.552340       1.553400       1.554450       1.555500       1.556560       1.557610       1.558670       1.559720       1.560780       1.561840       1.562910       1.563970       1.565040    
   1.531920       1.532110       1.534170       1.536300       1.538280       1.540490       1.541040       1.541600       1.543760       1.546920       1.548020       1.549110       1.550200       1.551280       1.552360       1.553430       1.554490       1.555560       1.556620       1.557680       1.558740       1.559800       1.560850       1.561910       1.562970       1.564020       1.565080       1.566140       1.567210       1.568270    
   1.532110       1.534190       1.536300       1.538360       1.540490       1.540770       1.541040       1.543330       1.546920       1.547470       1.550330       1.552240       1.553340       1.554440       1.555520       1.556610       1.557680       1.558760       1.559820       1.560890       1.561950       1.563020       1.564070       1.565130       1.566190       1.567250       1.568310       1.569360       1.570420       1.571480    
   1.534200       1.536300       1.538380       1.540490       1.540630       1.540770       1.543020       1.546920       1.547190       1.550780       1.553800       1.555360       1.556470       1.557580       1.558680       1.559770       1.560850       1.561940       1.563010       1.564080       1.565150       1.566220       1.567280       1.568340       1.569400       1.570460       1.571510       1.572570       1.573620       1.574680    
   1.536300       1.538390       1.540490       1.540560       1.540630       1.542830       1.546920       1.547060       1.550970       1.554580       1.555360       1.555910       1.557530       1.560700       1.561810       1.562910       1.564010       1.565100       1.566180       1.567260       1.568330       1.569400       1.570470       1.571530       1.572590       1.573640       1.574700       1.575750       1.576800       1.577860    
   1.538390       1.540490       1.540520       1.540560       1.542740       1.546920       1.546990       1.551050       1.554970       1.555360       1.555640       1.557380       1.560700       1.561250       1.561810       1.562910       1.564010       1.565100       1.568500       1.570410       1.571490       1.572570       1.573640       1.574700       1.575760       1.576820       1.577870       1.578920       1.579970       1.581020    
   1.540490       1.540510       1.540520       1.542680       1.546920       1.546950       1.551100       1.555170       1.555360       1.555500       1.557270       1.560700       1.560980       1.561250       1.561990       1.562910       1.564000       1.568630       1.571980       1.573550       1.574640       1.575710       1.576790       1.577850       1.578910       1.579970       1.581020       1.582070       1.583120       1.584160    
   1.540500       1.540510       1.542660       1.546920       1.546940       1.551120       1.555260       1.555360       1.555430       1.557210       1.560700       1.560840       1.560980       1.561410       1.562050       1.562970       1.568370       1.572760       1.573550       1.575320       1.577760       1.578840       1.579920       1.580990       1.582050       1.583110       1.584160       1.585200       1.586250       1.587290    
   1.540500       1.542650       1.546920       1.546930       1.551130       1.555310       1.555360       1.555390       1.557170       1.560700       1.560770       1.560840       1.561070       1.561480       1.562140       1.569860       1.573160       1.573550       1.578800       1.580860       1.581510       1.581950       1.583030       1.584100       1.585170       1.586220       1.587270       1.588320       1.589360       1.590390    
   1.542640       1.546920       1.546920       1.551130       1.555340       1.555360       1.555380       1.557160       1.560700       1.560730       1.560770       1.560890       1.561130       1.570380       1.577420       1.582760       1.582760       1.583510       1.584450       1.585480       1.583950       1.585040       1.586130       1.587200       1.588260       1.589320       1.590370       1.591410       1.592450       1.593480    
   1.546920       1.546920       1.551140       1.555350       1.555360       1.555370       1.557150       1.560700       1.560720       1.560730       1.560800       1.560930       1.577260       1.596910       1.596820       1.591480       1.592360       1.591980       1.588760       1.587010       1.587020       1.588120       1.589200       1.590280       1.591340       1.592400       1.593450       1.594490       1.595520       1.596550    
   1.546920       1.551140       1.555350       1.555360       1.555360       1.557140       1.560700       1.560710       1.560720       1.560750       1.578260       1.604420       1.599490       1.597000       1.597000       1.596820       1.593990       1.592730       1.591980       1.590540       1.590070       1.591170       1.592260       1.593330       1.594400       1.595460       1.596500       1.597540       1.598570       1.599590    
   1.551140       1.555360       1.555360       1.555360       1.557140       1.560700       1.560700       1.560710       1.560730       1.581710       1.604420       1.604420       1.604420       1.599630       1.597190       1.597190       1.596820       1.594430       1.593480       1.591980       1.593100       1.594200       1.595290       1.596370       1.597440       1.598490       1.599540       1.600580       1.601600       1.602620    
   1.555360       1.555360       1.555360       1.557140       1.560700       1.560700       1.560700       1.574860       1.588940       1.604430       1.604420       1.604420       1.604420       1.604420       1.599900       1.597560       1.597560       1.596820       1.595440       1.594980       1.596100       1.597210       1.598310       1.599390       1.600460       1.601510       1.602560       1.603590       1.604610       1.605630    
   1.555360       1.555360       1.557140       1.560700       1.560700       1.583930       1.618780       1.618050       1.617320       1.608740       1.604440       1.604420       1.604420       1.604420       1.604420       1.600420       1.598290       1.598290       1.596820       1.597960       1.599090       1.600200       1.601300       1.602380       1.603450       1.604510       1.605550       1.606580       1.607600       1.608610    
   1.555360       1.557140       1.560700       1.560700       1.588580       1.618790       1.618790       1.618780       1.618050       1.617320       1.608780       1.604490       1.604420       1.604420       1.604420       1.604420       1.601400       1.599760       1.599770       1.600920       1.602050       1.603170       1.604270       1.605360       1.606430       1.607480       1.608520       1.609550       1.610570       1.611580    
