iMOD/TUTORIALS/TUT_MetaswapAnalyser/model_MetaSWAP/meteo/Evaporation/Evaporation_20051120_L1.ASC
NCOLS                30
NROWS                30
XLLCORNER     160000.00
YLLCORNER     340000.00
CELLSIZE        1000.00
NODATA_VALUE   -9999.00
  0.3054100      0.3036500      0.3019000      0.3001500      0.2984100      0.2966700      0.2949500      0.2932300      0.2915200      0.2898200      0.2881400      0.2864600      0.2848000      0.2831400      0.2815000      0.2798700      0.2782600      0.2766600      0.2750700      0.2734900      0.2719300      0.2703800      0.2688500      0.2673300      0.2658300      0.2643400      0.2628600      0.2614000      0.2599600      0.2585300    
  0.3060100      0.3042500      0.3024800      0.3007300      0.2989800      0.2972400      0.2955100      0.2937900      0.2920800      0.2903800      0.2886900      0.2870000      0.2853300      0.2836800      0.2820300      0.2804000      0.2787800      0.2771700      0.2755700      0.2739900      0.2724300      0.2708800      0.2693400      0.2678100      0.2663100      0.2648100      0.2633300      0.2618700      0.2604200      0.2589900    
  0.3066000      0.3048300      0.3030600      0.3013000      0.2995500      0.2978000      0.2960700      0.2943400      0.2926200      0.2909200      0.2892200      0.2875300      0.2858600      0.2842000      0.2825500      0.2809100      0.2792800      0.2776700      0.2760700      0.2744900      0.2729100      0.2713600      0.2698200      0.2682900      0.2667700      0.2652800      0.2637900      0.2623200      0.2608700      0.2594300    
  0.3071700      0.3053900      0.3036200      0.3018600      0.3001000      0.2983500      0.2966100      0.2948800      0.2931600      0.2914400      0.2897400      0.2880500      0.2863700      0.2847000      0.2830500      0.2814100      0.2797800      0.2781600      0.2765600      0.2749700      0.2733900      0.2718300      0.2702800      0.2687500      0.2672300      0.2657300      0.2642400      0.2627700      0.2613100      0.2598700    
  0.3077300      0.3059500      0.3041700      0.3024000      0.3006400      0.2988800      0.2971400      0.2954000      0.2936800      0.2919600      0.2902500      0.2885600      0.2868700      0.2852000      0.2835400      0.2818900      0.2802600      0.2786400      0.2770300      0.2754400      0.2738600      0.2722900      0.2707400      0.2692000      0.2676800      0.2661700      0.2646800      0.2632100      0.2617500      0.2603000    
  0.3082800      0.3064900      0.3047100      0.3029300      0.3011700      0.2994100      0.2976600      0.2959100      0.2941800      0.2924600      0.2907500      0.2890500      0.2873600      0.2856900      0.2840200      0.2823700      0.2807300      0.2791000      0.2774900      0.2758900      0.2743100      0.2727400      0.2711900      0.2696400      0.2681200      0.2666100      0.2651100      0.2636300      0.2621700      0.2607200    
  0.3088200      0.3070200      0.3052400      0.3034500      0.3016800      0.2999200      0.2981600      0.2964200      0.2946800      0.2929500      0.2912400      0.2895300      0.2878400      0.2861600      0.2844900      0.2828300      0.2811900      0.2795600      0.2779500      0.2763400      0.2747500      0.2731800      0.2716200      0.2700800      0.2685500      0.2670300      0.2655400      0.2640500      0.2625800      0.2611300    
  0.3093500      0.3075500      0.3057500      0.3039600      0.3021900      0.3004200      0.2986600      0.2969100      0.2951600      0.2934300      0.2917100      0.2900000      0.2883100      0.2866200      0.2849500      0.2832900      0.2816400      0.2800100      0.2783900      0.2767800      0.2751900      0.2736100      0.2720500      0.2705000      0.2689700      0.2674500      0.2659500      0.2644600      0.2629900      0.2615300    
  0.3098600      0.3080600      0.3062600      0.3044600      0.3026800      0.3009100      0.2991400      0.2973800      0.2956400      0.2939000      0.2921800      0.2904700      0.2887600      0.2870700      0.2854000      0.2837300      0.2820800      0.2804400      0.2788200      0.2772100      0.2756100      0.2740300      0.2724700      0.2709200      0.2693800      0.2678600      0.2663500      0.2648600      0.2633900      0.2619300    
  0.3103700      0.3085500      0.3067500      0.3049500      0.3031600      0.3013800      0.2996100      0.2978500      0.2961000      0.2943600      0.2926300      0.2909200      0.2892100      0.2875200      0.2858400      0.2841700      0.2825100      0.2808700      0.2792400      0.2776300      0.2760300      0.2744500      0.2728800      0.2713200      0.2697800      0.2682600      0.2667500      0.2652600      0.2637800      0.2623200    
  0.3103700      0.3085570      0.3064200      0.3054300      0.3036400      0.3018500      0.3000800      0.2983100      0.2965600      0.2948100      0.2930800      0.2913600      0.2896500      0.2879500      0.2862700      0.2845900      0.2829300      0.2812900      0.2796600      0.2780400      0.2764400      0.2748500      0.2732800      0.2717200      0.2701800      0.2686500      0.2671400      0.2656400      0.2641600      0.2627000    
  0.3103730      0.3076940      0.3054300      0.3044330      0.3041000      0.3023100      0.3005300      0.2987600      0.2970000      0.2952600      0.2935200      0.2917900      0.2900800      0.2883800      0.2866900      0.2850100      0.2833500      0.2817000      0.2800600      0.2784400      0.2768400      0.2752500      0.2736700      0.2721100      0.2705600      0.2690300      0.2675200      0.2660200      0.2645400      0.2630700    
  0.3089230      0.3054300      0.3046880      0.3043300      0.3045600      0.3027600      0.3009800      0.2992100      0.2974400      0.2956900      0.2939500      0.2922200      0.2905000      0.2887900      0.2871000      0.2854200      0.2837500      0.2821000      0.2804600      0.2788400      0.2772300      0.2756300      0.2740500      0.2724900      0.2709400      0.2694100      0.2678900      0.2663900      0.2649000      0.2634400    
  0.3054300      0.3047810      0.3044450      0.3045600      0.3035100      0.3032100      0.3014200      0.2996400      0.2978700      0.2961100      0.2943700      0.2926300      0.2909100      0.2892000      0.2875000      0.2858200      0.2841500      0.2824900      0.2808500      0.2792200      0.2776100      0.2760100      0.2744300      0.2728600      0.2713100      0.2697800      0.2682600      0.2667500      0.2652700      0.2637900    
  0.3048180      0.3045020      0.3045600      0.3037600      0.3032100      0.3021600      0.3018500      0.3000600      0.2982900      0.2965300      0.2947800      0.2930400      0.2913100      0.2896000      0.2879000      0.2862100      0.2845400      0.2828800      0.2812300      0.2796000      0.2779900      0.2763900      0.2748000      0.2732300      0.2716800      0.2701400      0.2686200      0.2671100      0.2656200      0.2641500    
  0.3045310      0.3045600      0.3038430      0.3032100      0.3024070      0.3018500      0.3009550      0.3000670      0.2979550      0.2969400      0.2951800      0.2934400      0.2917100      0.2899900      0.2882900      0.2865900      0.2849200      0.2832500      0.2816100      0.2799700      0.2783500      0.2767500      0.2751600      0.2735900      0.2720400      0.2705000      0.2689700      0.2674600      0.2659700      0.2644900    
  0.3045600      0.3038710      0.3032100      0.3024890      0.3018500      0.3014030      0.3009570      0.2989790      0.2969400      0.2960600      0.2947220      0.2938300      0.2921000      0.2903800      0.2886700      0.2869700      0.2852900      0.2836300      0.2819700      0.2803400      0.2787200      0.2771100      0.2755200      0.2739500      0.2723900      0.2708400      0.2693200      0.2678100      0.2663100      0.2648400    
  0.3038800      0.3032100      0.3025160      0.3018500      0.3016260      0.3014030      0.2995700      0.2969400      0.2965000      0.2951930      0.2940250      0.2942200      0.2924800      0.2907500      0.2890400      0.2873400      0.2856600      0.2839900      0.2823300      0.2807000      0.2790700      0.2774600      0.2758700      0.2742900      0.2727300      0.2711900      0.2696600      0.2681500      0.2666500      0.2651700    
  0.3032100      0.3025250      0.3018500      0.3017380      0.3016270      0.2998850      0.2969400      0.2967200      0.2953950      0.2941230      0.2942200      0.2933500      0.2921450      0.2911300      0.2894100      0.2877100      0.2860200      0.2843500      0.2826900      0.2810500      0.2794200      0.2778100      0.2762100      0.2746300      0.2730700      0.2715300      0.2700000      0.2684800      0.2669800      0.2655000    
  0.3025280      0.3018500      0.3017940      0.3017380      0.3000470      0.2969400      0.2968300      0.2954890      0.2941710      0.2942200      0.2937850      0.2927110      0.2911300      0.2902700      0.2894170      0.2877130      0.2860270      0.2843530      0.2822420      0.2813900      0.2797600      0.2781500      0.2765500      0.2749700      0.2734100      0.2718600      0.2703300      0.2688100      0.2673100      0.2658300    
  0.3018500      0.3018220      0.3017940      0.3001300      0.2969400      0.2968850      0.2955350      0.2941960      0.2942200      0.2940020      0.2929620      0.2911300      0.2907000      0.2902720      0.2891330      0.2877190      0.2860310      0.2831820      0.2815600      0.2817300      0.2801000      0.2784900      0.2768900      0.2753000      0.2737400      0.2721900      0.2706500      0.2691400      0.2676400      0.2661500    
  0.3018360      0.3018220      0.3001710      0.2969400      0.2969120      0.2955580      0.2942080      0.2942200      0.2941110      0.2930790      0.2911300      0.2909150      0.2907010      0.2900350      0.2890410      0.2876280      0.2840610      0.2816450      0.2817300      0.2807530      0.2804300      0.2788200      0.2772100      0.2756300      0.2740600      0.2725100      0.2709700      0.2694600      0.2679500      0.2664700    
  0.3018360      0.3001920      0.2969400      0.2969260      0.2955690      0.2942140      0.2942200      0.2941660      0.2931350      0.2911300      0.2910230      0.2909150      0.2905500      0.2899260      0.2889010      0.2850250      0.2816870      0.2817300      0.2811230      0.2807600      0.2797880      0.2791400      0.2775400      0.2759500      0.2743800      0.2728300      0.2712900      0.2697700      0.2682700      0.2667800    
  0.3002030      0.2969400      0.2969330      0.2955740      0.2942170      0.2942200      0.2941930      0.2931630      0.2911300      0.2910760      0.2910230      0.2908290      0.2904640      0.2888390      0.2861260      0.2827040      0.2827050      0.2819620      0.2811390      0.2812500      0.2810900      0.2794600      0.2778600      0.2762700      0.2747000      0.2731400      0.2716000      0.2700800      0.2685800      0.2671000    
  0.2969400      0.2969370      0.2955770      0.2942180      0.2942200      0.2942060      0.2931760      0.2911300      0.2911030      0.2910760      0.2909760      0.2907720      0.2884240      0.2859900      0.2859800      0.2842210      0.2837200      0.2836800      0.2821370      0.2814070      0.2814100      0.2797800      0.2781700      0.2765800      0.2750100      0.2734500      0.2719100      0.2703900      0.2688900      0.2674000    
  0.2969380      0.2955790      0.2942190      0.2942200      0.2942130      0.2931830      0.2911300      0.2911170      0.2911030      0.2910520      0.2900050      0.2886000      0.2868680      0.2859990      0.2859990      0.2859800      0.2844800      0.2837600      0.2836800      0.2822120      0.2817200      0.2801000      0.2784900      0.2768900      0.2753200      0.2737600      0.2722200      0.2707000      0.2692000      0.2677100    
  0.2955790      0.2942200      0.2942200      0.2942170      0.2931870      0.2911300      0.2911230      0.2911170      0.2910910      0.2898720      0.2886000      0.2886000      0.2886000      0.2868820      0.2860190      0.2860190      0.2859800      0.2844980      0.2838400      0.2836800      0.2820400      0.2804100      0.2787900      0.2772000      0.2756200      0.2740700      0.2725300      0.2710000      0.2695000      0.2680100    
  0.2942200      0.2942200      0.2942180      0.2931880      0.2911300      0.2911270      0.2911230      0.2913050      0.2903780      0.2886010      0.2886000      0.2886000      0.2886000      0.2886000      0.2869080      0.2860570      0.2860570      0.2859800      0.2844920      0.2840000      0.2823500      0.2807100      0.2791000      0.2775100      0.2759300      0.2743700      0.2728300      0.2713100      0.2698000      0.2683100    
  0.2942200      0.2942190      0.2931890      0.2911300      0.2911280      0.2922640      0.2939700      0.2929300      0.2918900      0.2896990      0.2886030      0.2886000      0.2886000      0.2886000      0.2886000      0.2869560      0.2861350      0.2861350      0.2859800      0.2843100      0.2826500      0.2810200      0.2794100      0.2778100      0.2762300      0.2746700      0.2731300      0.2716100      0.2701000      0.2686100    
  0.2942200      0.2931900      0.2911300      0.2911290      0.2924930      0.2939710      0.2939710      0.2939700      0.2929300      0.2918900      0.2897040      0.2886080      0.2886000      0.2886000      0.2886000      0.2886000      0.2870310      0.2862900      0.2862900      0.2846100      0.2829600      0.2813300      0.2797100      0.2781100      0.2765300      0.2749700      0.2734300      0.2719100      0.2704000      0.2689100    
