iMOD/TUTORIALS/TUT_MetaswapAnalyser/model_MetaSWAP/meteo/Evaporation/Evaporation_20050401_L1.ASC
NCOLS                30
NROWS                30
XLLCORNER     160000.00
YLLCORNER     340000.00
CELLSIZE        1000.00
NODATA_VALUE   -9999.00
   2.662500       2.664180       2.665830       2.667460       2.669070       2.670650       2.672220       2.673770       2.675300       2.676810       2.678300       2.679790       2.681250       2.682710       2.684150       2.685580       2.686990       2.688400       2.689800       2.691180       2.692560       2.693930       2.695290       2.696640       2.697990       2.699320       2.700650       2.701980       2.703290       2.704600    
   2.662840       2.664520       2.666190       2.667830       2.669450       2.671050       2.672620       2.674180       2.675720       2.677250       2.678750       2.680250       2.681720       2.683190       2.684640       2.686070       2.687500       2.688920       2.690320       2.691710       2.693100       2.694470       2.695840       2.697200       2.698550       2.699890       2.701230       2.702550       2.703870       2.705190    
   2.663160       2.664860       2.666540       2.668190       2.669820       2.671430       2.673020       2.674590       2.676140       2.677670       2.679190       2.680690       2.682180       2.683660       2.685120       2.686560       2.688000       2.689420       2.690830       2.692230       2.693630       2.695010       2.696380       2.697750       2.699100       2.700450       2.701790       2.703120       2.704450       2.705760    
   2.663480       2.665190       2.666870       2.668540       2.670180       2.671800       2.673400       2.674980       2.676550       2.678090       2.679620       2.681130       2.682630       2.684110       2.685580       2.687040       2.688480       2.689920       2.691340       2.692740       2.694140       2.695530       2.696910       2.698280       2.699640       2.701000       2.702340       2.703680       2.705010       2.706330    
   2.663780       2.665500       2.667200       2.668880       2.670530       2.672160       2.673770       2.675370       2.676940       2.678500       2.680040       2.681560       2.683070       2.684560       2.686040       2.687510       2.688960       2.690400       2.691830       2.693250       2.694650       2.696050       2.697430       2.698810       2.700180       2.701540       2.702890       2.704230       2.705560       2.706890    
   2.664080       2.665810       2.667520       2.669200       2.670870       2.672510       2.674140       2.675740       2.677330       2.678890       2.680440       2.681980       2.683500       2.685000       2.686490       2.687960       2.689420       2.690870       2.692310       2.693740       2.695150       2.696550       2.697950       2.699330       2.700700       2.702070       2.703420       2.704770       2.706110       2.707440    
   2.664370       2.666110       2.667830       2.669530       2.671200       2.672860       2.674490       2.676100       2.677700       2.679280       2.680840       2.682390       2.683910       2.685430       2.686920       2.688410       2.689880       2.691340       2.692780       2.694220       2.695640       2.697050       2.698450       2.699840       2.701220       2.702590       2.703950       2.705300       2.706640       2.707980    
   2.664650       2.666400       2.668130       2.669840       2.671520       2.673190       2.674830       2.676460       2.678070       2.679660       2.681230       2.682780       2.684320       2.685840       2.687350       2.688850       2.690330       2.691790       2.693250       2.694690       2.696120       2.697530       2.698940       2.700340       2.701720       2.703100       2.704470       2.705820       2.707170       2.708510    
   2.664920       2.666680       2.668420       2.670140       2.671840       2.673510       2.675170       2.676810       2.678420       2.680020       2.681610       2.683170       2.684720       2.686250       2.687770       2.689270       2.690760       2.692240       2.693700       2.695150       2.696580       2.698010       2.699420       2.700830       2.702220       2.703600       2.704970       2.706340       2.707690       2.709030    
   2.665190       2.666960       2.668710       2.670440       2.672140       2.673830       2.675500       2.677140       2.678770       2.680380       2.681970       2.683550       2.685110       2.686650       2.688180       2.689690       2.691190       2.692670       2.694140       2.695600       2.697040       2.698480       2.699900       2.701310       2.702710       2.704090       2.705470       2.706840       2.708200       2.709550    
   2.665180       2.666950       2.669210       2.670720       2.672440       2.674140       2.675810       2.677470       2.679110       2.680730       2.682330       2.683920       2.685490       2.687040       2.688580       2.690100       2.691600       2.693100       2.694580       2.696040       2.697490       2.698930       2.700360       2.701780       2.703180       2.704580       2.705960       2.707340       2.708700       2.710050    
   2.665170       2.668020       2.670720       2.672220       2.672730       2.674440       2.676120       2.677790       2.679440       2.681070       2.682680       2.684280       2.685860       2.687420       2.688970       2.690500       2.692010       2.693510       2.695000       2.696470       2.697930       2.699380       2.700820       2.702240       2.703650       2.705050       2.706440       2.707820       2.709190       2.710550    
   2.666820       2.670720       2.672210       2.672870       2.673010       2.674730       2.676420       2.678100       2.679760       2.681400       2.683030       2.684630       2.686220       2.687790       2.689350       2.690890       2.692410       2.693920       2.695420       2.696900       2.698370       2.699820       2.701260       2.702690       2.704110       2.705520       2.706920       2.708300       2.709670       2.711040    
   2.670720       2.672220       2.672940       2.673010       2.674250       2.675010       2.676720       2.678410       2.680080       2.681730       2.683360       2.684970       2.686570       2.688150       2.689720       2.691270       2.692800       2.694320       2.695820       2.697310       2.698790       2.700250       2.701700       2.703140       2.704560       2.705980       2.707380       2.708770       2.710150       2.711520    
   2.672230       2.672980       2.673010       2.674090       2.675010       2.676240       2.677000       2.678700       2.680380       2.682040       2.683680       2.685310       2.686920       2.688510       2.690080       2.691640       2.693180       2.694710       2.696220       2.697720       2.699200       2.700670       2.702130       2.703570       2.705010       2.706430       2.707830       2.709230       2.710610       2.711990    
   2.672990       2.673010       2.674040       2.675010       2.676080       2.677000       2.677850       2.678690       2.680870       2.682350       2.684000       2.685640       2.687250       2.688850       2.690440       2.692000       2.693550       2.695090       2.696610       2.698120       2.699610       2.701090       2.702550       2.704000       2.705440       2.706860       2.708280       2.709680       2.711070       2.712450    
   2.673010       2.674020       2.675010       2.676030       2.677000       2.677420       2.677850       2.679940       2.682350       2.683180       2.684840       2.685950       2.687580       2.689190       2.690780       2.692360       2.693920       2.695460       2.696990       2.698510       2.700000       2.701490       2.702960       2.704420       2.705860       2.707300       2.708720       2.710120       2.711520       2.712900    
   2.674010       2.675010       2.676010       2.677000       2.677210       2.677420       2.679390       2.682350       2.682760       2.684550       2.686110       2.686260       2.687900       2.689520       2.691120       2.692700       2.694270       2.695830       2.697360       2.698890       2.700390       2.701890       2.703360       2.704830       2.706280       2.707720       2.709140       2.710560       2.711960       2.713350    
   2.675010       2.676010       2.677000       2.677110       2.677210       2.679090       2.682350       2.682560       2.684420       2.686180       2.686260       2.687080       2.688380       2.689840       2.691450       2.693040       2.694620       2.696180       2.697730       2.699260       2.700770       2.702270       2.703760       2.705230       2.706690       2.708130       2.709560       2.710980       2.712390       2.713790    
   2.676010       2.677000       2.677050       2.677110       2.678940       2.682350       2.682450       2.684360       2.686220       2.686260       2.686670       2.687890       2.689840       2.690650       2.691440       2.693040       2.694610       2.696180       2.698550       2.699620       2.701140       2.702650       2.704140       2.705620       2.707090       2.708540       2.709980       2.711400       2.712810       2.714210    
   2.677000       2.677030       2.677050       2.678860       2.682350       2.682400       2.684330       2.686240       2.686260       2.686460       2.687660       2.689840       2.690240       2.690640       2.691710       2.693030       2.694610       2.697820       2.699800       2.699970       2.701500       2.703020       2.704520       2.706000       2.707480       2.708930       2.710380       2.711810       2.713230       2.714630    
   2.677010       2.677030       2.678820       2.682350       2.682380       2.684320       2.686250       2.686260       2.686360       2.687560       2.689840       2.690040       2.690240       2.690860       2.691790       2.693120       2.697060       2.699880       2.699970       2.701110       2.701860       2.703380       2.704890       2.706380       2.707860       2.709320       2.710770       2.712210       2.713630       2.715040    
   2.677010       2.678800       2.682350       2.682360       2.684310       2.686250       2.686260       2.686310       2.687510       2.689840       2.689940       2.690040       2.690380       2.690970       2.691930       2.696570       2.699930       2.699970       2.701500       2.702200       2.703120       2.703730       2.705250       2.706750       2.708230       2.709700       2.711160       2.712600       2.714030       2.715440    
   2.678790       2.682350       2.682360       2.684310       2.686260       2.686260       2.686290       2.687480       2.689840       2.689890       2.689940       2.690120       2.690460       2.693550       2.697110       2.700950       2.700950       2.701720       2.702590       2.702700       2.702540       2.704080       2.705600       2.707110       2.708600       2.710070       2.711530       2.712980       2.714420       2.715840    
   2.682350       2.682350       2.684310       2.686260       2.686260       2.686270       2.687470       2.689840       2.689870       2.689890       2.689980       2.690180       2.695200       2.700920       2.700910       2.701370       2.701970       2.701930       2.702590       2.702870       2.702870       2.704410       2.705940       2.707460       2.708950       2.710430       2.711900       2.713350       2.714790       2.716220    
   2.682350       2.684310       2.686260       2.686260       2.686270       2.687460       2.689840       2.689850       2.689870       2.689910       2.694030       2.700050       2.700640       2.700930       2.700930       2.700910       2.701640       2.702000       2.701930       2.702870       2.703190       2.704740       2.706280       2.707800       2.709300       2.710790       2.712260       2.713720       2.715160       2.716600    
   2.684310       2.686260       2.686260       2.686260       2.687460       2.689840       2.689850       2.689850       2.689880       2.694780       2.700050       2.700050       2.700050       2.700650       2.700940       2.700940       2.700910       2.701700       2.702080       2.701930       2.703500       2.705060       2.706600       2.708130       2.709640       2.711130       2.712610       2.714080       2.715530       2.716960    
   2.686260       2.686260       2.686260       2.687450       2.689840       2.689840       2.689850       2.692260       2.695640       2.700050       2.700050       2.700050       2.700050       2.700050       2.700670       2.700980       2.700980       2.700910       2.701890       2.702230       2.703810       2.705370       2.706920       2.708450       2.709970       2.711470       2.712950       2.714420       2.715880       2.717320    
   2.686260       2.686260       2.687450       2.689840       2.689840       2.693070       2.697900       2.698680       2.699450       2.699850       2.700050       2.700050       2.700050       2.700050       2.700050       2.700730       2.701040       2.701050       2.700910       2.702510       2.704100       2.705680       2.707230       2.708770       2.710290       2.711800       2.713290       2.714760       2.716220       2.717670    
   2.686260       2.687450       2.689840       2.689840       2.693710       2.697900       2.697900       2.697900       2.698680       2.699450       2.699850       2.700060       2.700050       2.700050       2.700050       2.700050       2.700840       2.701180       2.701180       2.702790       2.704390       2.705970       2.707530       2.709080       2.710600       2.712120       2.713610       2.715090       2.716560       2.718010    
