iMOD/TUTORIALS/TUT_MetaswapAnalyser/model_MetaSWAP/meteo/Evaporation/Evaporation_20050621_L1.ASC
NCOLS                30
NROWS                30
XLLCORNER     160000.00
YLLCORNER     340000.00
CELLSIZE        1000.00
NODATA_VALUE   -9999.00
   4.200150       4.200220       4.200320       4.200460       4.200620       4.200820       4.201050       4.201310       4.201600       4.201920       4.202270       4.202650       4.203060       4.203490       4.203950       4.204440       4.204950       4.205490       4.206050       4.206640       4.207250       4.207880       4.208540       4.209210       4.209910       4.210620       4.211360       4.212110       4.212880       4.213660    
   4.200130       4.200200       4.200300       4.200440       4.200610       4.200810       4.201040       4.201300       4.201590       4.201910       4.202260       4.202640       4.203050       4.203480       4.203940       4.204430       4.204940       4.205480       4.206040       4.206630       4.207240       4.207870       4.208520       4.209190       4.209890       4.210600       4.211330       4.212080       4.212850       4.213630    
   4.200160       4.200230       4.200330       4.200460       4.200630       4.200830       4.201060       4.201320       4.201620       4.201940       4.202290       4.202670       4.203070       4.203510       4.203970       4.204450       4.204970       4.205500       4.206060       4.206650       4.207260       4.207890       4.208540       4.209210       4.209900       4.210610       4.211340       4.212080       4.212850       4.213620    
   4.200220       4.200290       4.200390       4.200530       4.200700       4.200900       4.201130       4.201390       4.201680       4.202000       4.202350       4.202730       4.203140       4.203570       4.204030       4.204520       4.205030       4.205560       4.206120       4.206710       4.207310       4.207940       4.208590       4.209260       4.209950       4.210650       4.211380       4.212120       4.212880       4.213660    
   4.200320       4.200390       4.200500       4.200640       4.200800       4.201000       4.201240       4.201500       4.201790       4.202110       4.202460       4.202840       4.203240       4.203670       4.204130       4.204620       4.205130       4.205660       4.206220       4.206800       4.207400       4.208030       4.208670       4.209340       4.210030       4.210730       4.211450       4.212190       4.212950       4.213720    
   4.200460       4.200540       4.200640       4.200780       4.200950       4.201150       4.201380       4.201640       4.201930       4.202250       4.202600       4.202980       4.203380       4.203810       4.204270       4.204750       4.205260       4.205790       4.206350       4.206920       4.207530       4.208150       4.208790       4.209460       4.210140       4.210840       4.211560       4.212300       4.213050       4.213820    
   4.200640       4.200720       4.200820       4.200960       4.201130       4.201330       4.201560       4.201820       4.202110       4.202430       4.202780       4.203150       4.203560       4.203980       4.204440       4.204920       4.205430       4.205960       4.206510       4.207080       4.207680       4.208300       4.208940       4.209600       4.210280       4.210980       4.211700       4.212430       4.213180       4.213940    
   4.200860       4.200930       4.201040       4.201180       4.201350       4.201550       4.201780       4.202040       4.202320       4.202640       4.202990       4.203360       4.203760       4.204190       4.204640       4.205120       4.205630       4.206150       4.206700       4.207280       4.207870       4.208490       4.209130       4.209780       4.210460       4.211160       4.211870       4.212600       4.213340       4.214100    
   4.201110       4.201190       4.201290       4.201430       4.201600       4.201800       4.202030       4.202290       4.202570       4.202890       4.203240       4.203610       4.204010       4.204430       4.204880       4.205360       4.205860       4.206380       4.206930       4.207500       4.208100       4.208710       4.209340       4.210000       4.210670       4.211360       4.212070       4.212790       4.213530       4.214290    
   4.201400       4.201470       4.201580       4.201720       4.201890       4.202080       4.202310       4.202570       4.202860       4.203170       4.203520       4.203880       4.204280       4.204710       4.205160       4.205630       4.206130       4.206650       4.207190       4.207760       4.208350       4.208960       4.209590       4.210240       4.210910       4.211590       4.212300       4.213020       4.213760       4.214510    
   4.201410       4.201480       4.201700       4.202040       4.202200       4.202400       4.202630       4.202890       4.203170       4.203490       4.203830       4.204200       4.204590       4.205010       4.205460       4.205930       4.206420       4.206940       4.207480       4.208050       4.208630       4.209240       4.209870       4.210510       4.211180       4.211860       4.212560       4.213280       4.214010       4.214760    
   4.201420       4.201660       4.202040       4.202440       4.202560       4.202750       4.202980       4.203240       4.203520       4.203830       4.204170       4.204540       4.204930       4.205350       4.205790       4.206260       4.206750       4.207270       4.207810       4.208370       4.208950       4.209550       4.210170       4.210810       4.211480       4.212150       4.212850       4.213560       4.214290       4.215030    
   4.201630       4.202040       4.202540       4.202750       4.202940       4.203140       4.203360       4.203620       4.203900       4.204210       4.204540       4.204910       4.205300       4.205720       4.206160       4.206620       4.207110       4.207620       4.208160       4.208710       4.209290       4.209890       4.210510       4.211150       4.211800       4.212480       4.213170       4.213870       4.214600       4.215340    
   4.202040       4.202590       4.202850       4.202940       4.203210       4.203550       4.203770       4.204030       4.204310       4.204610       4.204950       4.205310       4.205700       4.206110       4.206550       4.207010       4.207500       4.208010       4.208540       4.209090       4.209660       4.210260       4.210870       4.211510       4.212160       4.212830       4.213510       4.214220       4.214930       4.215670    
   4.202620       4.202890       4.202940       4.203230       4.203550       4.203850       4.204220       4.204470       4.204750       4.205050       4.205380       4.205740       4.206130       4.206540       4.206970       4.207430       4.207910       4.208420       4.208950       4.209500       4.210070       4.210660       4.211270       4.211890       4.212540       4.213210       4.213890       4.214580       4.215300       4.216030    
   4.202920       4.202940       4.203240       4.203550       4.203870       4.204220       4.204340       4.204480       4.204950       4.205520       4.205850       4.206200       4.206590       4.206990       4.207420       4.207880       4.208360       4.208860       4.209380       4.209930       4.210490       4.211080       4.211690       4.212310       4.212950       4.213610       4.214290       4.214980       4.215690       4.216410    
   4.202940       4.203240       4.203550       4.203880       4.204220       4.204280       4.204350       4.204820       4.205520       4.205690       4.206290       4.206690       4.207070       4.207480       4.207900       4.208360       4.208830       4.209330       4.209850       4.210390       4.210950       4.211530       4.212130       4.212750       4.213390       4.214040       4.214720       4.215400       4.216110       4.216820    
   4.203240       4.203550       4.203880       4.204220       4.204250       4.204280       4.204740       4.205520       4.205600       4.206330       4.206950       4.207210       4.207580       4.207980       4.208410       4.208860       4.209330       4.209820       4.210340       4.210880       4.211430       4.212010       4.212610       4.213220       4.213850       4.214500       4.215170       4.215850       4.216550       4.217260    
   4.203550       4.203880       4.204220       4.204240       4.204250       4.204700       4.205520       4.205560       4.206350       4.207080       4.207210       4.207400       4.207820       4.208520       4.208940       4.209390       4.209860       4.210340       4.210860       4.211390       4.211940       4.212510       4.213100       4.213710       4.214340       4.214980       4.215650       4.216320       4.217020       4.217720    
   4.203880       4.204220       4.204230       4.204240       4.204680       4.205520       4.205540       4.206360       4.207140       4.207210       4.207300       4.207740       4.208520       4.208730       4.208950       4.209400       4.209860       4.210350       4.211400       4.211930       4.212470       4.213040       4.213630       4.214230       4.214850       4.215490       4.216150       4.216820       4.217510       4.218210    
   4.204220       4.204220       4.204230       4.204670       4.205520       4.205530       4.206360       4.207180       4.207210       4.207260       4.207690       4.208520       4.208620       4.208730       4.209030       4.209400       4.209870       4.211260       4.212210       4.212490       4.213030       4.213600       4.214180       4.214780       4.215390       4.216030       4.216680       4.217340       4.218020       4.218720    
   4.204220       4.204220       4.204660       4.205520       4.205530       4.206360       4.207190       4.207210       4.207230       4.207670       4.208520       4.208570       4.208630       4.208790       4.209050       4.209430       4.211080       4.212350       4.212490       4.213050       4.213620       4.214170       4.214750       4.215340       4.215950       4.216580       4.217230       4.217890       4.218560       4.219250    
   4.204220       4.204660       4.205520       4.205520       4.206360       4.207200       4.207210       4.207220       4.207660       4.208520       4.208550       4.208570       4.208660       4.208820       4.209090       4.211280       4.212420       4.212490       4.213740       4.214240       4.214560       4.214770       4.215340       4.215930       4.216540       4.217160       4.217800       4.218460       4.219130       4.219810    
   4.204650       4.205520       4.205520       4.206360       4.207210       4.207210       4.207220       4.207650       4.208520       4.208530       4.208550       4.208590       4.208690       4.210980       4.212870       4.214430       4.214420       4.214670       4.214970       4.215170       4.214850       4.215400       4.215960       4.216550       4.217150       4.217770       4.218400       4.219050       4.219710       4.220390    
   4.205520       4.205520       4.206360       4.207210       4.207210       4.207210       4.207650       4.208520       4.208530       4.208530       4.208560       4.208610       4.212600       4.217350       4.217330       4.216240       4.216440       4.216350       4.215810       4.215510       4.215500       4.216040       4.216610       4.217180       4.217780       4.218390       4.219020       4.219660       4.220320       4.220990    
   4.205520       4.206360       4.207210       4.207210       4.207210       4.207650       4.208520       4.208520       4.208530       4.208540       4.212830       4.219220       4.218000       4.217380       4.217380       4.217330       4.216770       4.216530       4.216350       4.216220       4.216170       4.216710       4.217270       4.217840       4.218430       4.219040       4.219660       4.220300       4.220950       4.221620    
   4.206370       4.207210       4.207210       4.207210       4.207650       4.208520       4.208520       4.208520       4.208530       4.213670       4.219220       4.219220       4.219220       4.218030       4.217430       4.217420       4.217330       4.216880       4.216710       4.216350       4.216870       4.217400       4.217950       4.218520       4.219110       4.219710       4.220320       4.220950       4.221600       4.222260    
   4.207210       4.207210       4.207210       4.207650       4.208520       4.208520       4.208520       4.212170       4.215590       4.219220       4.219220       4.219220       4.219220       4.219220       4.218100       4.217520       4.217520       4.217330       4.217140       4.217070       4.217580       4.218110       4.218660       4.219220       4.219800       4.220400       4.221000       4.221630       4.222270       4.222920    
   4.207210       4.207210       4.207650       4.208520       4.208520       4.214560       4.223610       4.223360       4.223100       4.220520       4.219230       4.219220       4.219220       4.219220       4.219220       4.218240       4.217710       4.217710       4.217330       4.217820       4.218320       4.218840       4.219380       4.219940       4.220510       4.221100       4.221710       4.222330       4.222960       4.223610    
   4.207210       4.207650       4.208520       4.208520       4.215760       4.223610       4.223610       4.223610       4.223360       4.223100       4.220530       4.219240       4.219220       4.219220       4.219220       4.219220       4.218500       4.218100       4.218090       4.218580       4.219080       4.219600       4.220130       4.220680       4.221250       4.221830       4.222430       4.223040       4.223670       4.224310    
