iMOD/TUTORIALS/TUT_MetaswapAnalyser/model_MetaSWAP/meteo/Evaporation/Evaporation_20061105_L1.ASC
NCOLS                30
NROWS                30
XLLCORNER     160000.00
YLLCORNER     340000.00
CELLSIZE        1000.00
NODATA_VALUE   -9999.00
  0.3334600      0.3318300      0.3302000      0.3285900      0.3269900      0.3254100      0.3238500      0.3223000      0.3207600      0.3192500      0.3177500      0.3162700      0.3148200      0.3133800      0.3119600      0.3105600      0.3091900      0.3078300      0.3065000      0.3051900      0.3039000      0.3026400      0.3013900      0.3001700      0.2989700      0.2977900      0.2966400      0.2955000      0.2943900      0.2933000    
  0.3340100      0.3323500      0.3307100      0.3290800      0.3274700      0.3258700      0.3242900      0.3227200      0.3211700      0.3196400      0.3181300      0.3166400      0.3151600      0.3137100      0.3122700      0.3108600      0.3094700      0.3081000      0.3067500      0.3054300      0.3041200      0.3028400      0.3015900      0.3003500      0.2991400      0.2979400      0.2967700      0.2956300      0.2945000      0.2934000    
  0.3345500      0.3328800      0.3312200      0.3295700      0.3279400      0.3263300      0.3247300      0.3231400      0.3215800      0.3200300      0.3185000      0.3169900      0.3155000      0.3140300      0.3125900      0.3111600      0.3097500      0.3083700      0.3070000      0.3056600      0.3043500      0.3030500      0.3017800      0.3005300      0.2993000      0.2980900      0.2969100      0.2957500      0.2946100      0.2934900    
  0.3351000      0.3334000      0.3317300      0.3300600      0.3284100      0.3267800      0.3251600      0.3235600      0.3219800      0.3204200      0.3188800      0.3173500      0.3158400      0.3143600      0.3129000      0.3114500      0.3100300      0.3086300      0.3072600      0.3059000      0.3045700      0.3032600      0.3019700      0.3007100      0.2994600      0.2982500      0.2970500      0.2958700      0.2947200      0.2935900    
  0.3356400      0.3339200      0.3322300      0.3305500      0.3288800      0.3272300      0.3256000      0.3239800      0.3223900      0.3208100      0.3192500      0.3177000      0.3161800      0.3146800      0.3132000      0.3117500      0.3103100      0.3089000      0.3075000      0.3061400      0.3047900      0.3034600      0.3021600      0.3008900      0.2996300      0.2984000      0.2971900      0.2960000      0.2948300      0.2936900    
  0.3361700      0.3344400      0.3327300      0.3310300      0.3293500      0.3276800      0.3260300      0.3244000      0.3227900      0.3211900      0.3196100      0.3180600      0.3165200      0.3150100      0.3135100      0.3120400      0.3105900      0.3091600      0.3077500      0.3063700      0.3050100      0.3036700      0.3023600      0.3010600      0.2998000      0.2985500      0.2973300      0.2961300      0.2949500      0.2937900    
  0.3367100      0.3349600      0.3332300      0.3315100      0.3298100      0.3281300      0.3264600      0.3248200      0.3231900      0.3215700      0.3199800      0.3184100      0.3168600      0.3153300      0.3138200      0.3123300      0.3108700      0.3094200      0.3080000      0.3066000      0.3052300      0.3038800      0.3025500      0.3012400      0.2999600      0.2987000      0.2974700      0.2962600      0.2950700      0.2939000    
  0.3372500      0.3354800      0.3337300      0.3320000      0.3302800      0.3285800      0.3269000      0.3252300      0.3235800      0.3219600      0.3203500      0.3187600      0.3172000      0.3156500      0.3141300      0.3126200      0.3111400      0.3096900      0.3082500      0.3068400      0.3054500      0.3040900      0.3027400      0.3014300      0.3001300      0.2988600      0.2976100      0.2963900      0.2951800      0.2940000    
  0.3377800      0.3360000      0.3342300      0.3324800      0.3307400      0.3290300      0.3273300      0.3256400      0.3239800      0.3223400      0.3207200      0.3191100      0.3175300      0.3159700      0.3144300      0.3129100      0.3114200      0.3099500      0.3085000      0.3070700      0.3056700      0.3042900      0.3029400      0.3016100      0.3003000      0.2990200      0.2977500      0.2965200      0.2953000      0.2941100    
  0.3383200      0.3365200      0.3347300      0.3329600      0.3312100      0.3294700      0.3277600      0.3260600      0.3243800      0.3227200      0.3210800      0.3194600      0.3178700      0.3162900      0.3147400      0.3132100      0.3117000      0.3102100      0.3087500      0.3073100      0.3058900      0.3045000      0.3031300      0.3017900      0.3004700      0.2991700      0.2979000      0.2966500      0.2954300      0.2942200    
  0.3383270      0.3365230      0.3344130      0.3334400      0.3316700      0.3299200      0.3281900      0.3264700      0.3247800      0.3231000      0.3214500      0.3198100      0.3182000      0.3166100      0.3150400      0.3135000      0.3119800      0.3104800      0.3090000      0.3075500      0.3061200      0.3047100      0.3033300      0.3019800      0.3006400      0.2993300      0.2980500      0.2967900      0.2955500      0.2943400    
  0.3383310      0.3356760      0.3334400      0.3324620      0.3321400      0.3303700      0.3286200      0.3268900      0.3251800      0.3234900      0.3218200      0.3201700      0.3185400      0.3169300      0.3153500      0.3137900      0.3122500      0.3107400      0.3092500      0.3077800      0.3063400      0.3049200      0.3035300      0.3021600      0.3008200      0.2995000      0.2982000      0.2969300      0.2956800      0.2944500    
  0.3368990      0.3334400      0.3327180      0.3323700      0.3326000      0.3308200      0.3290500      0.3273000      0.3255800      0.3238700      0.3221800      0.3205200      0.3188800      0.3172600      0.3156600      0.3140800      0.3125300      0.3110100      0.3095000      0.3080200      0.3065700      0.3051400      0.3037300      0.3023500      0.3009900      0.2996600      0.2983500      0.2970700      0.2958100      0.2945700    
  0.3334400      0.3328110      0.3324850      0.3326000      0.3315600      0.3312600      0.3294800      0.3277200      0.3259800      0.3242500      0.3225500      0.3208700      0.3192100      0.3175800      0.3159700      0.3143800      0.3128100      0.3112700      0.3097600      0.3082600      0.3068000      0.3053500      0.3039300      0.3025400      0.3011700      0.2998300      0.2985100      0.2972100      0.2959400      0.2947000    
  0.3328480      0.3325420      0.3326000      0.3318070      0.3312600      0.3302170      0.3299100      0.3281400      0.3263800      0.3246400      0.3229200      0.3212300      0.3195500      0.3179000      0.3162800      0.3146800      0.3131000      0.3115400      0.3100100      0.3085100      0.3070200      0.3055700      0.3041400      0.3027300      0.3013500      0.3000000      0.2986700      0.2973600      0.2960800      0.2948200    
  0.3325710      0.3326000      0.3318890      0.3312600      0.3304620      0.3299100      0.3290250      0.3281430      0.3260480      0.3250300      0.3232900      0.3215800      0.3199000      0.3182300      0.3165900      0.3149700      0.3133800      0.3118100      0.3102700      0.3087500      0.3072600      0.3057900      0.3043500      0.3029300      0.3015400      0.3001700      0.2988300      0.2975100      0.2962200      0.2949500    
  0.3326000      0.3319160      0.3312600      0.3305440      0.3299100      0.3294680      0.3290260      0.3270610      0.3250300      0.3241600      0.3228280      0.3219400      0.3202400      0.3185600      0.3169000      0.3152700      0.3136700      0.3120800      0.3105300      0.3090000      0.3074900      0.3060100      0.3045600      0.3031300      0.3017200      0.3003500      0.2989900      0.2976700      0.2963600      0.2950900    
  0.3319250      0.3312600      0.3305710      0.3299100      0.3296890      0.3294680      0.3276460      0.3250300      0.3245950      0.3232880      0.3221200      0.3223000      0.3205800      0.3188900      0.3172200      0.3155800      0.3139600      0.3123600      0.3107900      0.3092500      0.3077300      0.3062300      0.3047700      0.3033300      0.3019100      0.3005200      0.2991600      0.2978200      0.2965100      0.2952300    
  0.3312600      0.3305800      0.3299100      0.3297990      0.3296890      0.3279580      0.3250300      0.3248120      0.3234850      0.3222100      0.3223000      0.3214400      0.3202480      0.3192200      0.3175400      0.3158800      0.3142500      0.3126400      0.3110600      0.3095000      0.3079700      0.3064600      0.3049800      0.3035300      0.3021100      0.3007100      0.2993300      0.2979900      0.2966700      0.2953700    
  0.3305830      0.3299100      0.3298550      0.3297990      0.3281190      0.3250300      0.3249210      0.3235760      0.3222550      0.3223000      0.3218700      0.3208020      0.3192200      0.3183800      0.3175470      0.3158900      0.3142570      0.3126500      0.3105920      0.3097500      0.3082100      0.3066900      0.3052000      0.3037400      0.3023100      0.3009000      0.2995100      0.2981500      0.2968200      0.2955200    
  0.3299100      0.3298820      0.3298550      0.3282010      0.3250300      0.3249760      0.3236210      0.3222770      0.3223000      0.3220850      0.3210480      0.3192200      0.3188000      0.3183820      0.3172720      0.3158980      0.3142660      0.3114780      0.3098800      0.3100100      0.3084600      0.3069300      0.3054300      0.3039500      0.3025100      0.3010900      0.2996900      0.2983300      0.2969900      0.2956700    
  0.3298960      0.3298820      0.3282420      0.3250300      0.3250030      0.3236430      0.3222890      0.3223000      0.3221920      0.3211630      0.3192200      0.3190100      0.3188010      0.3181510      0.3171840      0.3158120      0.3123190      0.3099450      0.3100100      0.3090600      0.3087100      0.3071700      0.3056600      0.3041700      0.3027100      0.3012800      0.2998800      0.2985000      0.2971500      0.2958300    
  0.3298960      0.3282630      0.3250300      0.3250160      0.3236540      0.3222940      0.3223000      0.3222460      0.3212190      0.3192200      0.3191150      0.3190100      0.3186540      0.3180450      0.3170490      0.3132270      0.3099770      0.3100100      0.3093500      0.3089700      0.3080360      0.3074100      0.3058900      0.3043900      0.3029300      0.3014900      0.3000700      0.2986900      0.2973300      0.2960000    
  0.3282730      0.3250300      0.3250230      0.3236600      0.3222970      0.3223000      0.3222730      0.3212460      0.3192200      0.3191670      0.3191150      0.3189260      0.3185700      0.3169220      0.3142230      0.3108410      0.3108400      0.3100990      0.3092740      0.3093600      0.3092300      0.3076600      0.3061300      0.3046200      0.3031400      0.3016900      0.3002700      0.2988800      0.2975100      0.2961700    
  0.3250300      0.3250270      0.3236620      0.3222990      0.3223000      0.3222870      0.3212600      0.3192200      0.3191940      0.3191680      0.3190700      0.3188700      0.3164660      0.3139500      0.3139400      0.3122360      0.3117060      0.3116700      0.3101910      0.3094930      0.3094900      0.3079200      0.3063700      0.3048500      0.3033700      0.3019100      0.3004700      0.2990700      0.2976900      0.2963500    
  0.3250280      0.3236640      0.3222990      0.3223000      0.3222930      0.3212670      0.3192200      0.3192070      0.3191940      0.3191440      0.3180940      0.3166800      0.3148690      0.3139610      0.3139610      0.3139400      0.3124560      0.3117430      0.3116700      0.3102400      0.3097600      0.3081800      0.3066200      0.3050900      0.3035900      0.3021300      0.3006800      0.2992700      0.2978900      0.2965300    
  0.3236640      0.3223000      0.3223000      0.3222970      0.3212700      0.3192200      0.3192130      0.3192070      0.3191810      0.3179580      0.3166800      0.3166800      0.3166800      0.3148830      0.3139810      0.3139810      0.3139400      0.3124710      0.3118150      0.3116700      0.3100400      0.3084400      0.3068800      0.3053400      0.3038300      0.3023500      0.3009000      0.2994800      0.2980900      0.2967200    
  0.3223000      0.3223000      0.3222980      0.3212720      0.3192200      0.3192170      0.3192130      0.3195050      0.3185630      0.3166810      0.3166800      0.3166800      0.3166800      0.3166800      0.3149110      0.3140220      0.3140220      0.3139400      0.3124580      0.3119600      0.3103200      0.3087100      0.3071400      0.3055900      0.3040700      0.3025800      0.3011300      0.2997000      0.2983000      0.2969200    
  0.3223000      0.3222990      0.3212720      0.3192200      0.3192180      0.3206300      0.3227500      0.3215850      0.3204200      0.3179300      0.3166830      0.3166800      0.3166800      0.3166800      0.3166800      0.3149620      0.3141040      0.3141050      0.3139400      0.3122600      0.3106100      0.3089900      0.3074100      0.3058500      0.3043200      0.3028200      0.3013600      0.2999200      0.2985100      0.2971300    
  0.3223000      0.3212730      0.3192200      0.3192190      0.3209140      0.3227510      0.3227510      0.3227500      0.3215850      0.3204200      0.3179350      0.3166890      0.3166800      0.3166800      0.3166800      0.3166800      0.3150420      0.3142670      0.3142700      0.3125700      0.3109100      0.3092800      0.3076800      0.3061100      0.3045800      0.3030700      0.3016000      0.3001500      0.2987400      0.2973500    
