iMOD/TUTORIALS/TUT_MetaswapAnalyser/model_MetaSWAP/meteo/Evaporation/Evaporation_20050321_L1.ASC
NCOLS                30
NROWS                30
XLLCORNER     160000.00
YLLCORNER     340000.00
CELLSIZE        1000.00
NODATA_VALUE   -9999.00
   2.388370       2.387870       2.387350       2.386800       2.386220       2.385610       2.384980       2.384330       2.383660       2.382970       2.382250       2.381530       2.380780       2.380030       2.379260       2.378470       2.377680       2.376880       2.376060       2.375240       2.374420       2.373580       2.372750       2.371910       2.371060       2.370210       2.369360       2.368510       2.367660       2.366810    
   2.389620       2.389150       2.388640       2.388100       2.387540       2.386950       2.386340       2.385710       2.385050       2.384380       2.383690       2.382970       2.382250       2.381510       2.380750       2.379990       2.379210       2.378420       2.377620       2.376820       2.376010       2.375190       2.374360       2.373540       2.372700       2.371870       2.371030       2.370200       2.369360       2.368520    
   2.390860       2.390400       2.389910       2.389390       2.388850       2.388280       2.387680       2.387070       2.386430       2.385770       2.385100       2.384400       2.383690       2.382970       2.382230       2.381480       2.380720       2.379940       2.379160       2.378370       2.377570       2.376770       2.375960       2.375150       2.374330       2.373510       2.372680       2.371860       2.371030       2.370200    
   2.392080       2.391640       2.391160       2.390660       2.390140       2.389580       2.389010       2.388410       2.387790       2.387150       2.386490       2.385810       2.385120       2.384410       2.383690       2.382950       2.382210       2.381450       2.380680       2.379910       2.379120       2.378330       2.377540       2.376740       2.375930       2.375120       2.374310       2.373500       2.372690       2.371870    
   2.393290       2.392860       2.392400       2.391920       2.391400       2.390870       2.390310       2.389730       2.389120       2.388500       2.387860       2.387200       2.386520       2.385830       2.385130       2.384410       2.383680       2.382930       2.382180       2.381420       2.380650       2.379880       2.379100       2.378310       2.377520       2.376720       2.375930       2.375130       2.374320       2.373520    
   2.394480       2.394060       2.393620       2.393150       2.392660       2.392140       2.391600       2.391030       2.390440       2.389840       2.389210       2.388570       2.387910       2.387230       2.386540       2.385840       2.385130       2.384400       2.383670       2.382920       2.382170       2.381410       2.380640       2.379870       2.379090       2.378310       2.377520       2.376730       2.375940       2.375150    
   2.395650       2.395250       2.394820       2.394370       2.393890       2.393390       2.392860       2.392320       2.391750       2.391160       2.390550       2.389920       2.389280       2.388620       2.387950       2.387260       2.386560       2.385850       2.385130       2.384400       2.383660       2.382910       2.382160       2.381400       2.380640       2.379870       2.379100       2.378320       2.377540       2.376770    
   2.396800       2.396420       2.396010       2.395570       2.395110       2.394630       2.394120       2.393580       2.393030       2.392460       2.391870       2.391260       2.390630       2.389990       2.389330       2.388660       2.387980       2.387280       2.386580       2.385860       2.385140       2.384400       2.383670       2.382920       2.382170       2.381420       2.380660       2.379890       2.379130       2.378360    
   2.397950       2.397580       2.397180       2.396760       2.396320       2.395850       2.395350       2.394840       2.394300       2.393740       2.393170       2.392570       2.391960       2.391340       2.390700       2.390040       2.389370       2.388690       2.388000       2.387300       2.386600       2.385880       2.385150       2.384420       2.383690       2.382940       2.382200       2.381450       2.380700       2.379940    
   2.399070       2.398720       2.398340       2.397940       2.397510       2.397050       2.396570       2.396080       2.395550       2.395010       2.394450       2.393880       2.393280       2.392670       2.392050       2.391410       2.390760       2.390090       2.389420       2.388730       2.388040       2.387330       2.386620       2.385910       2.385180       2.384460       2.383720       2.382990       2.382250       2.381510    
   2.399060       2.398710       2.398520       2.399100       2.398680       2.398240       2.397780       2.397300       2.396790       2.396270       2.395720       2.395160       2.394580       2.393990       2.393380       2.392760       2.392120       2.391470       2.390810       2.390140       2.389460       2.388770       2.388080       2.387380       2.386670       2.385950       2.385230       2.384510       2.383780       2.383050    
   2.399050       2.398850       2.399100       2.399650       2.399840       2.399420       2.398970       2.398500       2.398020       2.397510       2.396980       2.396430       2.395870       2.395290       2.394700       2.394090       2.393470       2.392840       2.392190       2.391540       2.390870       2.390200       2.389520       2.388830       2.388130       2.387430       2.386730       2.386020       2.385300       2.384590    
   2.399100       2.399100       2.400040       2.400410       2.400990       2.400580       2.400150       2.399700       2.399220       2.398730       2.398220       2.397690       2.397140       2.396580       2.396000       2.395410       2.394800       2.394190       2.393560       2.392920       2.392270       2.391610       2.390940       2.390260       2.389580       2.388900       2.388200       2.387510       2.386800       2.386100    
   2.399100       2.400210       2.400700       2.400990       2.401100       2.401730       2.401320       2.400880       2.400420       2.399940       2.399450       2.398930       2.398400       2.397850       2.397290       2.396710       2.396120       2.395520       2.394900       2.394280       2.393640       2.393000       2.392350       2.391680       2.391020       2.390340       2.389660       2.388980       2.388290       2.387600    
   2.400290       2.400850       2.400990       2.401270       2.401730       2.401840       2.402470       2.402040       2.401600       2.401140       2.400660       2.400160       2.399640       2.399110       2.398560       2.398000       2.397430       2.396840       2.396240       2.395630       2.395010       2.394380       2.393740       2.393090       2.392440       2.391780       2.391110       2.390440       2.389760       2.389090    
   2.400920       2.400990       2.401330       2.401730       2.402010       2.402470       2.402260       2.402040       2.401770       2.402320       2.401860       2.401370       2.400870       2.400360       2.399820       2.399280       2.398720       2.398140       2.397560       2.396960       2.396360       2.395740       2.395110       2.394480       2.393840       2.393200       2.392540       2.391880       2.391220       2.390560    
   2.400990       2.401350       2.401730       2.402070       2.402470       2.402360       2.402250       2.402100       2.402320       2.402090       2.402380       2.402580       2.402090       2.401590       2.401070       2.400540       2.399990       2.399430       2.398860       2.398280       2.397690       2.397090       2.396480       2.395860       2.395230       2.394600       2.393960       2.393320       2.392670       2.392010    
   2.401360       2.401730       2.402090       2.402470       2.402420       2.402360       2.402260       2.402320       2.402200       2.402740       2.403170       2.403760       2.403290       2.402810       2.402300       2.401790       2.401250       2.400710       2.400160       2.399590       2.399010       2.398420       2.397830       2.397220       2.396610       2.395990       2.395360       2.394730       2.394100       2.393450    
   2.401730       2.402100       2.402470       2.402440       2.402420       2.402340       2.402320       2.402260       2.402900       2.403470       2.403760       2.403520       2.403470       2.404010       2.403520       2.403020       2.402500       2.401980       2.401430       2.400880       2.400320       2.399740       2.399160       2.398570       2.397970       2.397360       2.396750       2.396130       2.395510       2.394880    
   2.402100       2.402470       2.402460       2.402440       2.402380       2.402320       2.402290       2.402970       2.403610       2.403760       2.403640       2.403690       2.404010       2.403770       2.403520       2.403010       2.402500       2.401970       2.401980       2.402160       2.401610       2.401050       2.400480       2.399910       2.399320       2.398730       2.398130       2.397520       2.396910       2.396300    
   2.402470       2.402460       2.402460       2.402400       2.402320       2.402310       2.403010       2.403690       2.403760       2.403700       2.403780       2.404010       2.403890       2.403760       2.403430       2.403010       2.402490       2.402530       2.402790       2.403430       2.402890       2.402350       2.401790       2.401230       2.400660       2.400080       2.399490       2.398900       2.398300       2.397700    
   2.402470       2.402460       2.402410       2.402320       2.402310       2.403020       2.403720       2.403760       2.403730       2.403810       2.404010       2.403950       2.403890       2.403690       2.403400       2.402980       2.402920       2.403110       2.403430       2.403490       2.404160       2.403630       2.403090       2.402540       2.401980       2.401410       2.400840       2.400260       2.399680       2.399090    
   2.402470       2.402420       2.402320       2.402320       2.403030       2.403740       2.403760       2.403750       2.403830       2.404010       2.403980       2.403950       2.403840       2.403660       2.403360       2.403930       2.403270       2.403430       2.404900       2.405410       2.405100       2.404900       2.404370       2.403840       2.403290       2.402740       2.402180       2.401610       2.401040       2.400460    
   2.402420       2.402320       2.402320       2.403040       2.403750       2.403760       2.403750       2.403840       2.404010       2.403990       2.403980       2.403920       2.403820       2.406110       2.407080       2.407100       2.407100       2.406970       2.406860       2.407280       2.406660       2.406160       2.405640       2.405120       2.404590       2.404050       2.403500       2.402950       2.402390       2.401820    
   2.402320       2.402320       2.403040       2.403760       2.403760       2.403760       2.403840       2.404010       2.404000       2.403990       2.403970       2.403910       2.408220       2.413600       2.413560       2.410860       2.410930       2.410780       2.408870       2.407890       2.407900       2.407410       2.406900       2.406390       2.405880       2.405350       2.404820       2.404270       2.403730       2.403170    
   2.402320       2.403040       2.403760       2.403760       2.403760       2.403840       2.404010       2.404010       2.404000       2.403990       2.409320       2.417370       2.414880       2.413630       2.413630       2.413560       2.411860       2.411080       2.410780       2.409530       2.409120       2.408640       2.408150       2.407660       2.407150       2.406640       2.406120       2.405590       2.405050       2.404510    
   2.403040       2.403760       2.403760       2.403760       2.403840       2.404010       2.404010       2.404010       2.404000       2.410410       2.417370       2.417370       2.417370       2.414940       2.413700       2.413700       2.413560       2.412020       2.411380       2.410780       2.410330       2.409870       2.409390       2.408910       2.408410       2.407910       2.407410       2.406890       2.406370       2.405840    
   2.403760       2.403760       2.403760       2.403840       2.404010       2.404010       2.404010       2.408790       2.413040       2.417370       2.417370       2.417370       2.417370       2.417370       2.415040       2.413850       2.413850       2.413560       2.412360       2.411970       2.411530       2.411080       2.410620       2.410150       2.409670       2.409180       2.408680       2.408180       2.407670       2.407160    
   2.403760       2.403760       2.403840       2.404010       2.404010       2.412200       2.424480       2.423820       2.423150       2.419300       2.417380       2.417370       2.417370       2.417370       2.417370       2.415240       2.414140       2.414140       2.413560       2.413150       2.412720       2.412280       2.411830       2.411380       2.410910       2.410440       2.409950       2.409460       2.408970       2.408460    
   2.403760       2.403840       2.404010       2.404010       2.413840       2.424480       2.424480       2.424480       2.423820       2.423150       2.419320       2.417400       2.417370       2.417370       2.417370       2.417370       2.415620       2.414710       2.414720       2.414320       2.413900       2.413480       2.413040       2.412600       2.412140       2.411680       2.411210       2.410730       2.410250       2.409760    
