iMOD/TUTORIALS/TUT_MetaswapAnalyser/model_MetaSWAP/meteo/Evaporation/Evaporation_20061220_L1.ASC
NCOLS                30
NROWS                30
XLLCORNER     160000.00
YLLCORNER     340000.00
CELLSIZE        1000.00
NODATA_VALUE   -9999.00
  0.1078400      0.1074300      0.1070200      0.1066000      0.1061900      0.1057700      0.1053600      0.1049500      0.1045300      0.1041200      0.1037100      0.1033000      0.1028900      0.1024900      0.1020800      0.1016800      0.1012800      0.1008900      0.1005000      0.1001100      0.9972000E-01  0.9934000E-01  0.9896000E-01  0.9858000E-01  0.9821000E-01  0.9784000E-01  0.9747000E-01  0.9711000E-01  0.9675000E-01  0.9639000E-01
  0.1085700      0.1081500      0.1077300      0.1073200      0.1069000      0.1064900      0.1060700      0.1056500      0.1052400      0.1048200      0.1044100      0.1040000      0.1035900      0.1031800      0.1027800      0.1023800      0.1019800      0.1015800      0.1011800      0.1007900      0.1004000      0.1000200      0.9963000E-01  0.9926000E-01  0.9888000E-01  0.9851000E-01  0.9814000E-01  0.9777000E-01  0.9741000E-01  0.9705000E-01
  0.1092900      0.1088700      0.1084500      0.1080300      0.1076100      0.1072000      0.1067800      0.1063600      0.1059400      0.1055300      0.1051100      0.1047000      0.1042900      0.1038800      0.1034700      0.1030700      0.1026700      0.1022700      0.1018700      0.1014800      0.1010800      0.1007000      0.1003100      0.9993000E-01  0.9955000E-01  0.9918000E-01  0.9880000E-01  0.9844000E-01  0.9807000E-01  0.9771000E-01
  0.1100100      0.1095900      0.1091700      0.1087500      0.1083300      0.1079100      0.1074900      0.1070700      0.1066500      0.1062300      0.1058100      0.1054000      0.1049900      0.1045800      0.1041700      0.1037600      0.1033600      0.1029500      0.1025600      0.1021600      0.1017700      0.1013800      0.1009900      0.1006000      0.1002200      0.9985000E-01  0.9947000E-01  0.9910000E-01  0.9873000E-01  0.9837000E-01
  0.1107300      0.1103100      0.1098900      0.1094600      0.1090400      0.1086200      0.1082000      0.1077700      0.1073500      0.1069300      0.1065200      0.1061000      0.1056800      0.1052700      0.1048600      0.1044500      0.1040500      0.1036400      0.1032400      0.1028400      0.1024500      0.1020500      0.1016600      0.1012800      0.1009000      0.1005200      0.1001400      0.9977000E-01  0.9940000E-01  0.9903000E-01
  0.1114500      0.1110300      0.1106000      0.1101800      0.1097500      0.1093300      0.1089000      0.1084800      0.1080600      0.1076400      0.1072200      0.1068000      0.1063800      0.1059700      0.1055500      0.1051400      0.1047400      0.1043300      0.1039300      0.1035300      0.1031300      0.1027300      0.1023400      0.1019500      0.1015700      0.1011800      0.1008100      0.1004300      0.1000600      0.9969000E-01
  0.1121800      0.1117500      0.1113200      0.1108900      0.1104600      0.1100400      0.1096100      0.1091900      0.1087600      0.1083400      0.1079200      0.1075000      0.1070800      0.1066600      0.1062500      0.1058300      0.1054200      0.1050200      0.1046100      0.1042100      0.1038100      0.1034100      0.1030200      0.1026300      0.1022400      0.1018500      0.1014700      0.1010900      0.1007200      0.1003500    
  0.1129000      0.1124700      0.1120400      0.1116100      0.1111800      0.1107500      0.1103200      0.1098900      0.1094700      0.1090400      0.1086200      0.1081900      0.1077700      0.1073600      0.1069400      0.1065200      0.1061100      0.1057000      0.1053000      0.1048900      0.1044900      0.1040900      0.1036900      0.1033000      0.1029100      0.1025200      0.1021400      0.1017600      0.1013800      0.1010100    
  0.1136200      0.1131900      0.1127500      0.1123200      0.1118900      0.1114600      0.1110300      0.1106000      0.1101700      0.1097400      0.1093200      0.1088900      0.1084700      0.1080500      0.1076300      0.1072200      0.1068000      0.1063900      0.1059800      0.1055700      0.1051700      0.1047700      0.1043700      0.1039700      0.1035800      0.1031900      0.1028100      0.1024200      0.1020400      0.1016700    
  0.1143400      0.1139100      0.1134700      0.1130300      0.1126000      0.1121700      0.1117300      0.1113000      0.1108700      0.1104400      0.1100200      0.1095900      0.1091700      0.1087400      0.1083200      0.1079000      0.1074900      0.1070800      0.1066600      0.1062600      0.1058500      0.1054500      0.1050500      0.1046500      0.1042500      0.1038600      0.1034700      0.1030900      0.1027000      0.1023200    
  0.1143430      0.1139070      0.1135400      0.1137500      0.1133100      0.1128800      0.1124400      0.1120100      0.1115800      0.1111400      0.1107200      0.1102900      0.1098600      0.1094400      0.1090100      0.1085900      0.1081800      0.1077600      0.1073500      0.1069400      0.1065300      0.1061200      0.1057200      0.1053200      0.1049200      0.1045300      0.1041400      0.1037500      0.1033700      0.1029800    
  0.1143430      0.1138850      0.1137500      0.1139550      0.1140200      0.1135900      0.1131500      0.1127100      0.1122800      0.1118500      0.1114100      0.1109800      0.1105600      0.1101300      0.1097100      0.1092800      0.1088600      0.1084500      0.1080300      0.1076200      0.1072100      0.1068000      0.1064000      0.1059900      0.1055900      0.1052000      0.1048100      0.1044200      0.1040300      0.1036400    
  0.1141900      0.1137500      0.1142060      0.1143800      0.1147400      0.1143000      0.1138600      0.1134200      0.1129800      0.1125500      0.1121100      0.1116800      0.1112500      0.1108200      0.1104000      0.1099700      0.1095500      0.1091300      0.1087100      0.1083000      0.1078900      0.1074800      0.1070700      0.1066700      0.1062700      0.1058700      0.1054700      0.1050800      0.1046900      0.1043000    
  0.1137500      0.1143140      0.1145600      0.1147400      0.1146800      0.1150000      0.1145600      0.1141200      0.1136800      0.1132500      0.1128100      0.1123800      0.1119500      0.1115200      0.1110900      0.1106600      0.1102400      0.1098200      0.1094000      0.1089800      0.1085700      0.1081600      0.1077500      0.1073400      0.1069400      0.1065400      0.1061400      0.1057400      0.1053500      0.1049600    
  0.1143640      0.1146500      0.1147400      0.1148070      0.1150000      0.1149430      0.1152700      0.1148300      0.1143900      0.1139500      0.1135100      0.1130800      0.1126400      0.1122100      0.1117800      0.1113500      0.1109300      0.1105000      0.1100800      0.1096600      0.1092500      0.1088300      0.1084200      0.1080100      0.1076100      0.1072000      0.1068000      0.1064100      0.1060100      0.1056200    
  0.1146950      0.1147400      0.1148490      0.1150000      0.1150710      0.1152700      0.1150500      0.1148300      0.1144550      0.1146500      0.1142100      0.1137700      0.1133400      0.1129000      0.1124700      0.1120400      0.1116100      0.1111900      0.1107600      0.1103400      0.1099200      0.1095100      0.1091000      0.1086900      0.1082800      0.1078700      0.1074700      0.1070700      0.1066800      0.1062800    
  0.1147400      0.1148630      0.1150000      0.1151140      0.1152700      0.1151600      0.1150500      0.1147460      0.1146500      0.1144300      0.1144520      0.1144700      0.1140300      0.1135900      0.1131600      0.1127300      0.1123000      0.1118700      0.1114500      0.1110200      0.1106000      0.1101900      0.1097700      0.1093600      0.1089500      0.1085400      0.1081400      0.1077400      0.1073400      0.1069400    
  0.1148680      0.1150000      0.1151280      0.1152700      0.1152150      0.1151600      0.1149020      0.1146500      0.1145400      0.1147010      0.1148150      0.1151600      0.1147200      0.1142900      0.1138500      0.1134200      0.1129900      0.1125600      0.1121300      0.1117000      0.1112800      0.1108600      0.1104500      0.1100300      0.1096200      0.1092100      0.1088000      0.1084000      0.1080000      0.1076000    
  0.1150000      0.1151330      0.1152700      0.1152430      0.1152150      0.1149820      0.1146500      0.1145950      0.1148080      0.1149880      0.1151600      0.1149400      0.1147880      0.1149800      0.1145400      0.1141100      0.1136700      0.1132400      0.1128100      0.1123800      0.1119600      0.1115400      0.1111200      0.1107000      0.1102900      0.1098800      0.1094700      0.1090600      0.1086600      0.1082600    
  0.1151340      0.1152700      0.1152560      0.1152430      0.1150220      0.1146500      0.1146230      0.1148570      0.1150740      0.1151600      0.1150500      0.1149670      0.1149800      0.1147600      0.1145430      0.1141070      0.1136730      0.1132400      0.1130500      0.1130700      0.1126400      0.1122200      0.1117900      0.1113800      0.1109600      0.1105500      0.1101400      0.1097300      0.1093200      0.1089200    
  0.1152700      0.1152630      0.1152560      0.1150430      0.1146500      0.1146360      0.1148810      0.1151170      0.1151600      0.1151050      0.1150390      0.1149800      0.1148700      0.1147610      0.1144700      0.1141080      0.1136730      0.1134250      0.1134100      0.1137500      0.1133200      0.1128900      0.1124700      0.1120500      0.1116300      0.1112100      0.1108000      0.1103900      0.1099800      0.1095800    
  0.1152670      0.1152630      0.1150530      0.1146500      0.1146430      0.1148930      0.1151380      0.1151600      0.1151330      0.1150710      0.1149800      0.1149250      0.1148700      0.1147000      0.1144460      0.1140840      0.1137070      0.1135800      0.1137500      0.1136870      0.1139900      0.1135700      0.1131400      0.1127200      0.1123000      0.1118800      0.1114700      0.1110500      0.1106500      0.1102400    
  0.1152670      0.1150580      0.1146500      0.1146470      0.1148990      0.1151490      0.1151600      0.1151460      0.1150860      0.1149800      0.1149520      0.1149250      0.1148320      0.1146720      0.1144100      0.1143370      0.1136650      0.1137500      0.1144490      0.1146700      0.1144140      0.1142400      0.1138200      0.1133900      0.1129700      0.1125500      0.1121300      0.1117200      0.1113100      0.1109000    
  0.1150610      0.1146500      0.1146480      0.1149020      0.1151550      0.1151600      0.1151530      0.1150930      0.1149800      0.1149660      0.1149530      0.1149030      0.1148100      0.1158860      0.1161320      0.1157850      0.1157850      0.1156230      0.1154630      0.1156900      0.1153500      0.1149200      0.1144900      0.1140600      0.1136400      0.1132200      0.1128000      0.1123800      0.1119700      0.1115600    
  0.1146500      0.1146490      0.1149040      0.1151570      0.1151600      0.1151570      0.1150970      0.1149800      0.1149730      0.1149660      0.1149410      0.1148890      0.1169850      0.1196510      0.1196300      0.1179570      0.1179050      0.1178200      0.1166310      0.1160300      0.1160300      0.1155900      0.1151600      0.1147300      0.1143100      0.1138800      0.1134600      0.1130400      0.1126300      0.1122200    
  0.1146500      0.1149040      0.1151590      0.1151600      0.1151580      0.1150980      0.1149800      0.1149770      0.1149730      0.1149600      0.1178070      0.1221200      0.1204920      0.1196730      0.1196730      0.1196300      0.1185100      0.1179900      0.1178200      0.1169850      0.1167100      0.1162700      0.1158400      0.1154100      0.1149800      0.1145500      0.1141300      0.1137100      0.1132900      0.1128800    
  0.1149050      0.1151590      0.1151600      0.1151590      0.1150990      0.1149800      0.1149780      0.1149770      0.1149700      0.1183960      0.1221200      0.1221200      0.1221200      0.1205230      0.1197150      0.1197150      0.1196300      0.1185980      0.1181600      0.1178200      0.1173800      0.1169400      0.1165100      0.1160800      0.1156500      0.1152200      0.1147900      0.1143700      0.1139500      0.1135300    
  0.1151600      0.1151600      0.1151600      0.1151000      0.1149800      0.1149790      0.1149780      0.1177290      0.1199780      0.1221220      0.1221200      0.1221200      0.1221200      0.1221200      0.1205840      0.1198000      0.1198000      0.1196300      0.1187830      0.1185000      0.1180600      0.1176200      0.1171800      0.1167500      0.1163200      0.1158900      0.1154600      0.1150300      0.1146100      0.1141900    
  0.1151600      0.1151600      0.1151000      0.1149800      0.1149800      0.1198440      0.1271400      0.1265650      0.1259900      0.1234150      0.1221260      0.1221200      0.1221200      0.1221200      0.1221200      0.1207020      0.1199700      0.1199700      0.1196300      0.1191800      0.1187400      0.1182900      0.1178600      0.1174200      0.1169800      0.1165500      0.1161200      0.1157000      0.1152700      0.1148500    
  0.1151600      0.1151000      0.1149800      0.1149800      0.1208180      0.1271410      0.1271410      0.1271400      0.1265650      0.1259900      0.1234250      0.1221370      0.1221200      0.1221200      0.1221200      0.1221200      0.1209180      0.1203100      0.1203100      0.1198600      0.1194100      0.1189700      0.1185300      0.1180900      0.1176500      0.1172200      0.1167900      0.1163600      0.1159300      0.1155100    
