iMOD/TUTORIALS/TUT_MetaswapAnalyser/model_MetaSWAP/meteo/Evaporation/Evaporation_20060716_L1.ASC
NCOLS                30
NROWS                30
XLLCORNER     160000.00
YLLCORNER     340000.00
CELLSIZE        1000.00
NODATA_VALUE   -9999.00
   5.479460       5.478560       5.477630       5.476690       5.475720       5.474740       5.473740       5.472730       5.471710       5.470670       5.469620       5.468560       5.467500       5.466420       5.465350       5.464260       5.463180       5.462090       5.461000       5.459920       5.458830       5.457740       5.456660       5.455580       5.454500       5.453420       5.452360       5.451290       5.450240       5.449180    
   5.480000       5.479100       5.478180       5.477250       5.476290       5.475310       5.474320       5.473320       5.472300       5.471270       5.470230       5.469180       5.468120       5.467060       5.465990       5.464920       5.463840       5.462760       5.461680       5.460600       5.459520       5.458440       5.457360       5.456290       5.455220       5.454150       5.453090       5.452030       5.450980       5.449940    
   5.480520       5.479630       5.478720       5.477780       5.476830       5.475870       5.474880       5.473890       5.472880       5.471860       5.470820       5.469780       5.468730       5.467680       5.466620       5.465550       5.464480       5.463410       5.462340       5.461260       5.460190       5.459120       5.458050       5.456980       5.455920       5.454860       5.453810       5.452760       5.451710       5.450680    
   5.481020       5.480130       5.479230       5.478300       5.477360       5.476400       5.475430       5.474440       5.473430       5.472420       5.471400       5.470360       5.469320       5.468270       5.467220       5.466160       5.465100       5.464040       5.462970       5.461910       5.460840       5.459780       5.458720       5.457660       5.456600       5.455550       5.454500       5.453460       5.452430       5.451400    
   5.481510       5.480630       5.479730       5.478810       5.477870       5.476920       5.475950       5.474970       5.473970       5.472970       5.471950       5.470930       5.469890       5.468850       5.467810       5.466760       5.465710       5.464650       5.463590       5.462540       5.461480       5.460420       5.459370       5.458320       5.457270       5.456230       5.455190       5.454150       5.453120       5.452100    
   5.481980       5.481100       5.480210       5.479300       5.478360       5.477420       5.476460       5.475480       5.474500       5.473500       5.472490       5.471470       5.470440       5.469410       5.468380       5.467340       5.466290       5.465240       5.464200       5.463140       5.462100       5.461050       5.460000       5.458960       5.457920       5.456880       5.455850       5.454820       5.453800       5.452790    
   5.482440       5.481560       5.480680       5.479770       5.478840       5.477900       5.476950       5.475980       5.475000       5.474010       5.473010       5.472000       5.470980       5.469960       5.468930       5.467900       5.466860       5.465820       5.464780       5.463740       5.462700       5.461660       5.460620       5.459580       5.458550       5.457520       5.456500       5.455480       5.454460       5.453460    
   5.482880       5.482010       5.481130       5.480220       5.479310       5.478370       5.477420       5.476460       5.475490       5.474510       5.473510       5.472510       5.471500       5.470480       5.469460       5.468440       5.467410       5.466380       5.465350       5.464310       5.463280       5.462250       5.461220       5.460190       5.459170       5.458140       5.457130       5.456120       5.455110       5.454110    
   5.483310       5.482450       5.481570       5.480670       5.479760       5.478830       5.477890       5.476930       5.475960       5.474990       5.474000       5.473010       5.472010       5.471000       5.469980       5.468970       5.467940       5.466920       5.465900       5.464870       5.463850       5.462820       5.461800       5.460780       5.459770       5.458750       5.457740       5.456740       5.455740       5.454750    
   5.483730       5.482870       5.481990       5.481100       5.480190       5.479270       5.478330       5.477390       5.476430       5.475460       5.474480       5.473490       5.472490       5.471490       5.470490       5.469480       5.468470       5.467450       5.466430       5.465420       5.464400       5.463380       5.462370       5.461360       5.460350       5.459350       5.458350       5.457350       5.456360       5.455380    
   5.483720       5.482860       5.481870       5.481520       5.480620       5.479700       5.478770       5.477830       5.476870       5.475910       5.474940       5.473960       5.472970       5.471980       5.470980       5.469980       5.468970       5.467960       5.466960       5.465950       5.464940       5.463930       5.462920       5.461920       5.460920       5.459920       5.458930       5.457950       5.456960       5.455990    
   5.483720       5.482490       5.481520       5.481150       5.481030       5.480120       5.479190       5.478260       5.477310       5.476350       5.475390       5.474410       5.473430       5.472450       5.471460       5.470460       5.469460       5.468460       5.467460       5.466460       5.465460       5.464460       5.463460       5.462470       5.461480       5.460490       5.459510       5.458530       5.457550       5.456580    
   5.483070       5.481520       5.481330       5.481230       5.481430       5.480520       5.479600       5.478670       5.477730       5.476780       5.475820       5.474850       5.473880       5.472900       5.471920       5.470930       5.469940       5.468950       5.467960       5.466960       5.465970       5.464980       5.463990       5.463000       5.462020       5.461040       5.460060       5.459090       5.458130       5.457170    
   5.481520       5.481400       5.481330       5.481430       5.480960       5.480920       5.480000       5.479080       5.478140       5.477200       5.476250       5.475280       5.474320       5.473350       5.472370       5.471390       5.470410       5.469420       5.468440       5.467450       5.466470       5.465480       5.464500       5.463520       5.462550       5.461580       5.460610       5.459650       5.458690       5.457740    
   5.481430       5.481380       5.481430       5.481100       5.480920       5.480440       5.480390       5.479470       5.478540       5.477600       5.476660       5.475700       5.474740       5.473780       5.472810       5.471840       5.470860       5.469890       5.468910       5.467930       5.466950       5.465980       5.465010       5.464040       5.463070       5.462100       5.461150       5.460190       5.459240       5.458300    
   5.481410       5.481430       5.481150       5.480920       5.480580       5.480390       5.479930       5.479470       5.478400       5.478000       5.477060       5.476110       5.475160       5.474200       5.473240       5.472270       5.471300       5.470340       5.469370       5.468400       5.467430       5.466460       5.465490       5.464530       5.463570       5.462620       5.461670       5.460720       5.459780       5.458850    
   5.481430       5.481170       5.480920       5.480630       5.480390       5.480160       5.479930       5.478950       5.478000       5.477530       5.476920       5.476510       5.475560       5.474610       5.473660       5.472700       5.471740       5.470780       5.469810       5.468850       5.467890       5.466930       5.465970       5.465020       5.464070       5.463120       5.462180       5.461240       5.460310       5.459390    
   5.481170       5.480920       5.480650       5.480390       5.480280       5.480160       5.479260       5.478000       5.477770       5.477210       5.476710       5.476900       5.475960       5.475010       5.474060       5.473110       5.472160       5.471200       5.470250       5.469290       5.468340       5.467390       5.466440       5.465500       5.464550       5.463620       5.462680       5.461760       5.460830       5.459920    
   5.480920       5.480650       5.480390       5.480330       5.480280       5.479420       5.478000       5.477880       5.477340       5.476800       5.476900       5.476430       5.475820       5.475410       5.474460       5.473520       5.472570       5.471620       5.470680       5.469730       5.468780       5.467840       5.466900       5.465960       5.465030       5.464100       5.463170       5.462250       5.461340       5.460430    
   5.480650       5.480390       5.480360       5.480330       5.479510       5.478000       5.477940       5.477390       5.476850       5.476900       5.476670       5.476140       5.475410       5.474940       5.474460       5.473520       5.472570       5.471620       5.470550       5.470150       5.469220       5.468280       5.467350       5.466420       5.465490       5.464570       5.463660       5.462740       5.461840       5.460940    
   5.480390       5.480380       5.480360       5.479550       5.478000       5.477970       5.477420       5.476880       5.476900       5.476780       5.476280       5.475410       5.475170       5.474940       5.474310       5.473520       5.472570       5.471130       5.470360       5.470570       5.469640       5.468710       5.467790       5.466860       5.465950       5.465040       5.464130       5.463230       5.462330       5.461440    
   5.480380       5.480380       5.479570       5.478000       5.477990       5.477440       5.476890       5.476900       5.476840       5.476340       5.475410       5.475290       5.475170       5.474800       5.474250       5.473460       5.471650       5.470460       5.470570       5.470090       5.470050       5.469130       5.468220       5.467300       5.466400       5.465490       5.464590       5.463700       5.462810       5.461930    
   5.480380       5.479580       5.478000       5.477990       5.477440       5.476890       5.476900       5.476870       5.476370       5.475410       5.475350       5.475290       5.475090       5.474740       5.474170       5.472330       5.470520       5.470570       5.470540       5.470460       5.469910       5.469550       5.468640       5.467740       5.466830       5.465940       5.465050       5.464160       5.463290       5.462420    
   5.479590       5.478000       5.478000       5.477450       5.476900       5.476900       5.476890       5.476390       5.475410       5.475380       5.475350       5.475240       5.475040       5.474640       5.473450       5.471740       5.471750       5.471350       5.470920       5.471060       5.470860       5.469960       5.469060       5.468160       5.467270       5.466380       5.465500       5.464620       5.463750       5.462890    
   5.478000       5.478000       5.477450       5.476900       5.476900       5.476890       5.476400       5.475410       5.475400       5.475380       5.475320       5.475210       5.474810       5.474550       5.474540       5.473190       5.472970       5.472920       5.471800       5.471260       5.471260       5.470360       5.469460       5.468580       5.467690       5.466810       5.465940       5.465070       5.464210       5.463360    
   5.478000       5.477450       5.476900       5.476900       5.476900       5.476400       5.475410       5.475400       5.475400       5.475370       5.475770       5.476470       5.475200       5.474560       5.474560       5.474540       5.473500       5.473010       5.472920       5.471960       5.471650       5.470750       5.469870       5.468990       5.468110       5.467240       5.466380       5.465520       5.464670       5.463820    
   5.477450       5.476900       5.476900       5.476900       5.476400       5.475410       5.475410       5.475400       5.475390       5.475890       5.476470       5.476470       5.476470       5.475220       5.474580       5.474580       5.474540       5.473540       5.473100       5.472920       5.472030       5.471140       5.470270       5.469390       5.468520       5.467660       5.466810       5.465960       5.465120       5.464280    
   5.476900       5.476900       5.476900       5.476400       5.475410       5.475410       5.475410       5.476310       5.476590       5.476470       5.476470       5.476470       5.476470       5.476470       5.475250       5.474630       5.474630       5.474540       5.473600       5.473290       5.472410       5.471530       5.470660       5.469790       5.468930       5.468080       5.467230       5.466390       5.465560       5.464740    
   5.476900       5.476900       5.476400       5.475410       5.475410       5.477350       5.480260       5.479660       5.479060       5.477340       5.476470       5.476470       5.476470       5.476470       5.476470       5.475310       5.474720       5.474720       5.474540       5.473660       5.472780       5.471910       5.471050       5.470190       5.469340       5.468490       5.467660       5.466820       5.466000       5.465180    
   5.476900       5.476400       5.475410       5.475410       5.477740       5.480260       5.480260       5.480260       5.479660       5.479060       5.477340       5.476480       5.476470       5.476470       5.476470       5.476470       5.475410       5.474890       5.474890       5.474020       5.473150       5.472290       5.471430       5.470580       5.469740       5.468900       5.468070       5.467250       5.466440       5.465630    
