iMOD/TUTORIALS/TUT_MetaswapAnalyser/model_MetaSWAP/meteo/Evaporation/Evaporation_20060623_L1.ASC
NCOLS                30
NROWS                30
XLLCORNER     160000.00
YLLCORNER     340000.00
CELLSIZE        1000.00
NODATA_VALUE   -9999.00
   3.084560       3.081840       3.079300       3.076910       3.074670       3.072570       3.070600       3.068750       3.067000       3.065360       3.063800       3.062320       3.060920       3.059570       3.058290       3.057050       3.055850       3.054680       3.053540       3.052410       3.051300       3.050200       3.049090       3.047990       3.046880       3.045750       3.044610       3.043440       3.042250       3.041040    
   3.097120       3.094450       3.091940       3.089580       3.087370       3.085290       3.083340       3.081500       3.079770       3.078130       3.076580       3.075100       3.073690       3.072350       3.071050       3.069800       3.068590       3.067400       3.066240       3.065090       3.063950       3.062820       3.061690       3.060550       3.059390       3.058230       3.057040       3.055830       3.054590       3.053320    
   3.109800       3.107180       3.104700       3.102380       3.100200       3.098140       3.096210       3.094380       3.092660       3.091030       3.089490       3.088010       3.086600       3.085250       3.083950       3.082690       3.081460       3.080250       3.079070       3.077900       3.076740       3.075570       3.074400       3.073230       3.072040       3.070830       3.069590       3.068330       3.067050       3.065720    
   3.122600       3.120020       3.117590       3.115300       3.113140       3.111110       3.109200       3.107390       3.105680       3.104060       3.102520       3.101050       3.099640       3.098280       3.096970       3.095700       3.094450       3.093230       3.092030       3.090830       3.089640       3.088440       3.087240       3.086030       3.084800       3.083540       3.082260       3.080960       3.079610       3.078240    
   3.135510       3.132970       3.130580       3.128330       3.126200       3.124200       3.122300       3.120520       3.118820       3.117210       3.115670       3.114200       3.112790       3.111430       3.110110       3.108830       3.107570       3.106330       3.105100       3.103880       3.102660       3.101430       3.100200       3.098940       3.097670       3.096370       3.095040       3.093690       3.092290       3.090860    
   3.148530       3.146030       3.143680       3.141460       3.139370       3.137390       3.135520       3.133750       3.132070       3.130470       3.128940       3.127470       3.126060       3.124690       3.123370       3.122070       3.120800       3.119540       3.118290       3.117040       3.115790       3.114530       3.113260       3.111970       3.110650       3.109310       3.107930       3.106520       3.105070       3.103580    
   3.161630       3.159180       3.156870       3.154690       3.152630       3.150680       3.148830       3.147080       3.145420       3.143830       3.142300       3.140840       3.139430       3.138060       3.136730       3.135420       3.134130       3.132850       3.131580       3.130310       3.129030       3.127740       3.126430       3.125100       3.123740       3.122350       3.120920       3.119460       3.117950       3.116400    
   3.174820       3.172420       3.170150       3.168010       3.165980       3.164060       3.162240       3.160510       3.158860       3.157280       3.155770       3.154310       3.152900       3.151530       3.150190       3.148870       3.147560       3.146270       3.144970       3.143680       3.142370       3.141040       3.139690       3.138320       3.136920       3.135480       3.134000       3.132480       3.130920       3.129310    
   3.188100       3.185740       3.183520       3.181410       3.179420       3.177530       3.175730       3.174020       3.172390       3.170830       3.169320       3.167870       3.166460       3.165090       3.163740       3.162410       3.161090       3.159780       3.158460       3.157140       3.155800       3.154440       3.153050       3.151640       3.150190       3.148700       3.147170       3.145600       3.143980       3.142310    
   3.201440       3.199140       3.196960       3.194890       3.192930       3.191080       3.189310       3.187620       3.186010       3.184460       3.182960       3.181520       3.180110       3.178730       3.177380       3.176040       3.174700       3.173370       3.172030       3.170680       3.169310       3.167920       3.166500       3.165040       3.163550       3.162010       3.160430       3.158800       3.157120       3.155390    
   3.201480       3.199180       3.199860       3.208440       3.206520       3.204690       3.202950       3.201290       3.199690       3.198160       3.196680       3.195240       3.193830       3.192460       3.191100       3.189750       3.188400       3.187050       3.185690       3.184310       3.182910       3.181490       3.180020       3.178530       3.176990       3.175400       3.173760       3.172080       3.170340       3.168540    
   3.201530       3.202240       3.208440       3.217250       3.220170       3.218370       3.216660       3.215020       3.213450       3.211930       3.210460       3.209030       3.207630       3.206250       3.204890       3.203530       3.202170       3.200800       3.199420       3.198020       3.196590       3.195130       3.193630       3.192080       3.190500       3.188860       3.187170       3.185430       3.183620       3.181760    
   3.204040       3.208440       3.221650       3.227020       3.233870       3.232110       3.230430       3.228820       3.227270       3.225770       3.224310       3.222890       3.221490       3.220110       3.218750       3.217380       3.216010       3.214620       3.213220       3.211790       3.210330       3.208840       3.207300       3.205710       3.204080       3.202390       3.200640       3.198840       3.196980       3.195050    
   3.208440       3.223600       3.230440       3.233870       3.237290       3.245900       3.244250       3.242670       3.241140       3.239660       3.238210       3.236800       3.235410       3.234040       3.232670       3.231290       3.229910       3.228510       3.227080       3.225630       3.224140       3.222610       3.221030       3.219400       3.217720       3.215980       3.214180       3.212320       3.210390       3.208390    
   3.224520       3.232160       3.233870       3.239020       3.245900       3.249420       3.258120       3.256560       3.255060       3.253590       3.252170       3.250770       3.249390       3.248010       3.246640       3.245260       3.243870       3.242450       3.241000       3.239520       3.238000       3.236440       3.234820       3.233150       3.231420       3.229630       3.227770       3.225840       3.223850       3.221790    
   3.233010       3.233870       3.239600       3.245900       3.251150       3.258120       3.257340       3.256580       3.258190       3.267570       3.266160       3.264780       3.263400       3.262030       3.260660       3.259280       3.257870       3.256440       3.254970       3.253470       3.251920       3.250320       3.248660       3.246950       3.245170       3.243320       3.241410       3.239420       3.237360       3.235230    
   3.233870       3.239790       3.245900       3.251720       3.258120       3.257730       3.257350       3.259920       3.267570       3.266870       3.274050       3.278820       3.277460       3.276100       3.274720       3.273330       3.271920       3.270470       3.268990       3.267460       3.265880       3.264250       3.262550       3.260790       3.258960       3.257060       3.255090       3.253040       3.250910       3.248710    
   3.239850       3.245900       3.251910       3.258120       3.257930       3.257730       3.260640       3.267570       3.267220       3.277450       3.285860       3.292900       3.291550       3.290190       3.288820       3.287420       3.286000       3.284540       3.283040       3.281490       3.279880       3.278210       3.276480       3.274670       3.272790       3.270840       3.268810       3.266690       3.264500       3.262230    
   3.245900       3.251980       3.258120       3.258020       3.257930       3.260970       3.267570       3.267390       3.278900       3.289380       3.292900       3.292220       3.294740       3.304310       3.302940       3.301540       3.300120       3.298640       3.297120       3.295550       3.293910       3.292210       3.290430       3.288580       3.286660       3.284650       3.282560       3.280380       3.278120       3.275770    
   3.252000       3.258120       3.258070       3.258020       3.261120       3.267570       3.267480       3.279580       3.291140       3.292900       3.292560       3.296040       3.304310       3.303630       3.302930       3.301530       3.300100       3.298630       3.304940       3.309630       3.307970       3.306230       3.304420       3.302520       3.300540       3.298480       3.296330       3.294090       3.291760       3.289340    
   3.258120       3.258100       3.258070       3.261200       3.267570       3.267530       3.279910       3.292020       3.292900       3.292730       3.296450       3.304310       3.303970       3.303620       3.302700       3.301520       3.300090       3.308820       3.316680       3.323740       3.322040       3.320270       3.318420       3.316480       3.314450       3.312330       3.310120       3.307810       3.305410       3.302920    
   3.258110       3.258100       3.261230       3.267570       3.267550       3.280070       3.292460       3.292900       3.292820       3.296600       3.304310       3.304140       3.303970       3.303430       3.302610       3.301430       3.310880       3.320210       3.323740       3.327300       3.336130       3.334330       3.332430       3.330450       3.328370       3.326190       3.323920       3.321540       3.319070       3.316500    
   3.258110       3.261250       3.267570       3.267560       3.280150       3.292680       3.292900       3.292860       3.296660       3.304310       3.304220       3.304140       3.303840       3.303340       3.302490       3.320590       3.321980       3.323740       3.343150       3.350220       3.349120       3.348390       3.346450       3.344420       3.342290       3.340060       3.337720       3.335280       3.332740       3.330090    
   3.261260       3.267570       3.267560       3.280190       3.292790       3.292900       3.292880       3.296680       3.304310       3.304270       3.304220       3.304070       3.303770       3.336960       3.356530       3.366040       3.366040       3.366110       3.366660       3.371360       3.364310       3.362440       3.360470       3.358400       3.356220       3.353930       3.351520       3.349020       3.346400       3.343670    
   3.267570       3.267570       3.280210       3.292850       3.292900       3.292890       3.296690       3.304310       3.304290       3.304270       3.304190       3.304020       3.364480       3.438590       3.438150       3.408600       3.410100       3.408350       3.388630       3.378390       3.378400       3.376500       3.374490       3.372370       3.370130       3.367780       3.365320       3.362740       3.360040       3.357240    
   3.267570       3.280220       3.292870       3.292900       3.292890       3.296700       3.304310       3.304300       3.304290       3.304250       3.375100       3.481500       3.453250       3.439020       3.439020       3.438150       3.420100       3.411860       3.408350       3.396430       3.392460       3.390530       3.388480       3.386320       3.384030       3.381620       3.379090       3.376440       3.373670       3.370790    
   3.280230       3.292890       3.292900       3.292900       3.296700       3.304310       3.304300       3.304300       3.304280       3.389330       3.481500       3.481500       3.481500       3.453890       3.439890       3.439890       3.438150       3.422050       3.415370       3.408350       3.406510       3.404540       3.402460       3.400250       3.397910       3.395440       3.392840       3.390120       3.387270       3.384310    
   3.292890       3.292900       3.292900       3.296700       3.304310       3.304310       3.304300       3.365910       3.422480       3.481540       3.481500       3.481500       3.481500       3.481500       3.455160       3.441640       3.441640       3.438150       3.426320       3.422390       3.420520       3.418530       3.416400       3.414140       3.411750       3.409220       3.406560       3.403760       3.400840       3.397790    
   3.292900       3.292900       3.296700       3.304310       3.304310       3.408670       3.565200       3.557980       3.550750       3.504680       3.481610       3.481500       3.481500       3.481500       3.481500       3.457600       3.445120       3.445130       3.438150       3.436390       3.434500       3.432470       3.430310       3.428000       3.425560       3.422970       3.420230       3.417360       3.414360       3.411230    
   3.292900       3.296700       3.304310       3.304310       3.429560       3.565230       3.565230       3.565200       3.557980       3.550750       3.504880       3.481840       3.481500       3.481500       3.481500       3.481500       3.462150       3.452090       3.452110       3.450340       3.448430       3.446370       3.444170       3.441820       3.439320       3.436660       3.433860       3.430920       3.427830       3.424610    
