iMOD/TUTORIALS/TUT_MetaswapAnalyser/model_MetaSWAP/meteo/Evaporation/Evaporation_20050516_L1.ASC
NCOLS                30
NROWS                30
XLLCORNER     160000.00
YLLCORNER     340000.00
CELLSIZE        1000.00
NODATA_VALUE   -9999.00
   2.675750       2.677250       2.678810       2.680450       2.682140       2.683900       2.685700       2.687550       2.689430       2.691350       2.693300       2.695270       2.697250       2.699250       2.701250       2.703260       2.705260       2.707270       2.709260       2.711250       2.713220       2.715170       2.717110       2.719030       2.720920       2.722790       2.724630       2.726450       2.728230       2.729990    
   2.691000       2.692480       2.694040       2.695650       2.697330       2.699070       2.700850       2.702680       2.704540       2.706440       2.708360       2.710300       2.712260       2.714240       2.716220       2.718200       2.720180       2.722160       2.724130       2.726090       2.728040       2.729970       2.731890       2.733780       2.735650       2.737490       2.739310       2.741100       2.742870       2.744600    
   2.706300       2.707770       2.709310       2.710910       2.712570       2.714290       2.716050       2.717860       2.719700       2.721570       2.723470       2.725390       2.727330       2.729280       2.731240       2.733200       2.735160       2.737110       2.739060       2.741000       2.742920       2.744830       2.746710       2.748580       2.750430       2.752250       2.754040       2.755810       2.757550       2.759250    
   2.721630       2.723090       2.724620       2.726210       2.727860       2.729560       2.731300       2.733090       2.734910       2.736760       2.738640       2.740540       2.742450       2.744380       2.746310       2.748250       2.750180       2.752120       2.754040       2.755950       2.757850       2.759730       2.761590       2.763440       2.765260       2.767050       2.768820       2.770560       2.772270       2.773960    
   2.737010       2.738460       2.739980       2.741560       2.743190       2.744870       2.746600       2.748370       2.750170       2.752000       2.753860       2.755730       2.757630       2.759530       2.761440       2.763350       2.765260       2.767170       2.769070       2.770950       2.772830       2.774680       2.776520       2.778340       2.780130       2.781900       2.783640       2.785360       2.787040       2.788700    
   2.752420       2.753860       2.755370       2.756940       2.758560       2.760230       2.761940       2.763690       2.765470       2.767280       2.769120       2.770970       2.772840       2.774720       2.776610       2.778500       2.780390       2.782270       2.784140       2.786010       2.787860       2.789690       2.791500       2.793290       2.795060       2.796800       2.798510       2.800200       2.801860       2.803490    
   2.767860       2.769300       2.770800       2.772360       2.773970       2.775620       2.777320       2.779050       2.780810       2.782610       2.784420       2.786260       2.788110       2.789960       2.791830       2.793690       2.795560       2.797420       2.799270       2.801100       2.802930       2.804730       2.806520       2.808280       2.810020       2.811740       2.813430       2.815090       2.816720       2.818320    
   2.783340       2.784770       2.786260       2.787810       2.789410       2.791050       2.792730       2.794450       2.796200       2.797970       2.799770       2.801580       2.803410       2.805250       2.807090       2.808930       2.810770       2.812610       2.814430       2.816240       2.818040       2.819820       2.821580       2.823320       2.825030       2.826720       2.828380       2.830010       2.831610       2.833180    
   2.798840       2.800270       2.801760       2.803290       2.804880       2.806510       2.808180       2.809880       2.811610       2.813370       2.815150       2.816940       2.818750       2.820570       2.822390       2.824210       2.826020       2.827840       2.829640       2.831420       2.833200       2.834950       2.836680       2.838390       2.840080       2.841740       2.843370       2.844970       2.846540       2.848090    
   2.814360       2.815790       2.817270       2.818800       2.820380       2.822000       2.823660       2.825340       2.827060       2.828800       2.830560       2.832340       2.834130       2.835920       2.837720       2.839520       2.841310       2.843100       2.844880       2.846640       2.848390       2.850120       2.851820       2.853500       2.855160       2.856790       2.858400       2.859970       2.861510       2.863020    
   2.814380       2.815810       2.821550       2.834340       2.835910       2.837520       2.839160       2.840840       2.842540       2.844260       2.846010       2.847770       2.849540       2.851310       2.853090       2.854870       2.856640       2.858400       2.860160       2.861890       2.863620       2.865320       2.867000       2.868650       2.870280       2.871880       2.873460       2.875000       2.876510       2.877990    
   2.814400       2.821520       2.834340       2.847190       2.851460       2.853060       2.854690       2.856350       2.858040       2.859750       2.861480       2.863220       2.864980       2.866730       2.868490       2.870250       2.872000       2.873740       2.875470       2.877180       2.878880       2.880550       2.882200       2.883830       2.885430       2.887010       2.888550       2.890060       2.891550       2.893000    
   2.820820       2.834340       2.851950       2.859240       2.867030       2.868620       2.870240       2.871890       2.873570       2.875270       2.876980       2.878710       2.880440       2.882180       2.883920       2.885650       2.887380       2.889100       2.890810       2.892500       2.894170       2.895820       2.897440       2.899040       2.900620       2.902160       2.903670       2.905160       2.906610       2.908020    
   2.834340       2.854110       2.863140       2.867030       2.873280       2.884200       2.885810       2.887460       2.889120       2.890810       2.892500       2.894220       2.895930       2.897650       2.899370       2.901090       2.902800       2.904490       2.906170       2.907840       2.909490       2.911110       2.912710       2.914280       2.915820       2.917340       2.918820       2.920280       2.921690       2.923080    
   2.855140       2.865080       2.867030       2.874840       2.884200       2.890470       2.901400       2.903030       2.904690       2.906360       2.908050       2.909740       2.911440       2.913150       2.914850       2.916550       2.918230       2.919910       2.921570       2.923210       2.924830       2.926430       2.928000       2.929540       2.931060       2.932550       2.934000       2.935420       2.936810       2.938160    
   2.866060       2.867030       2.875360       2.884200       2.892020       2.901400       2.902220       2.903040       2.909000       2.921930       2.923610       2.925290       2.926980       2.928660       2.930350       2.932020       2.933690       2.935350       2.936980       2.938600       2.940200       2.941770       2.943310       2.944830       2.946320       2.947770       2.949200       2.950580       2.951940       2.953260    
   2.867030       2.875530       2.884200       2.892540       2.901400       2.901810       2.902220       2.909050       2.921930       2.922770       2.933620       2.940850       2.942520       2.944190       2.945860       2.947520       2.949170       2.950800       2.952420       2.954010       2.955580       2.957130       2.958650       2.960140       2.961600       2.963020       2.964410       2.965770       2.967090       2.968380    
   2.875590       2.884200       2.892710       2.901400       2.901600       2.901810       2.908750       2.921930       2.922350       2.936680       2.948640       2.956420       2.958080       2.959740       2.961390       2.963030       2.964660       2.966280       2.967870       2.969440       2.970990       2.972510       2.974000       2.975460       2.976890       2.978290       2.979650       2.980970       2.982260       2.983520    
   2.884200       2.892770       2.901400       2.901500       2.901600       2.908520       2.921930       2.922140       2.937980       2.952530       2.956420       2.957250       2.962380       2.975300       2.976930       2.978560       2.980170       2.981760       2.983340       2.984890       2.986410       2.987910       2.989370       2.990810       2.992210       2.993570       2.994900       2.996190       2.997450       2.998670    
   2.892790       2.901400       2.901450       2.901500       2.908390       2.921930       2.922040       2.938590       2.954470       2.956420       2.956840       2.962840       2.975300       2.976110       2.976930       2.978550       2.980160       2.981760       2.993230       3.000350       3.001850       3.003320       3.004760       3.006160       3.007530       3.008870       3.010170       3.011430       3.012650       3.013830    
   2.901400       2.901430       2.901450       2.908320       2.921930       2.921980       2.938880       2.955450       2.956420       2.956630       2.962850       2.975300       2.975710       2.976110       2.977200       2.978550       2.980160       2.995810       3.008080       3.015810       3.017290       3.018740       3.020150       3.021530       3.022870       3.024180       3.025440       3.026670       3.027860       3.029000    
   2.901410       2.901430       2.908280       2.921930       2.921960       2.939030       2.955930       2.956420       2.956520       2.962800       2.975300       2.975500       2.975710       2.976340       2.977290       2.978640       2.996450       3.011950       3.015810       3.021950       3.032740       3.034170       3.035550       3.036900       3.038220       3.039490       3.040720       3.041920       3.043070       3.044180    
   2.901410       2.908260       2.921930       2.921940       2.939100       2.956180       2.956420       2.956470       2.962760       2.975300       2.975400       2.975500       2.975850       2.976450       2.977420       3.005700       3.013880       3.015810       3.039340       3.048200       3.049040       3.049600       3.050960       3.052290       3.053570       3.054810       3.056010       3.057170       3.058290       3.059370    
   2.908250       2.921930       2.921940       2.939140       2.956300       2.956420       2.956450       2.962740       2.975300       2.975350       2.975400       2.975590       2.975930       3.016990       3.044660       3.062250       3.062250       3.063880       3.066240       3.071390       3.063660       3.065040       3.066370       3.067670       3.068920       3.070140       3.071310       3.072430       3.073520       3.074560    
   2.921930       2.921930       2.939160       2.956360       2.956420       2.956430       2.962730       2.975300       2.975330       2.975350       2.975450       2.975640       3.049290       3.138730       3.138250       3.107920       3.110620       3.108690       3.089330       3.079120       3.079120       3.080480       3.081790       3.083050       3.084280       3.085460       3.086600       3.087690       3.088740       3.089740    
   2.921930       2.939170       2.956390       2.956420       2.956430       2.962720       2.975300       2.975310       2.975330       2.975370       3.058570       3.183200       3.153950       3.139220       3.139220       3.138250       3.120560       3.112560       3.108690       3.098110       3.094580       3.095910       3.097200       3.098440       3.099630       3.100780       3.101890       3.102950       3.103960       3.104930    
   2.939170       2.956400       2.956420       2.956420       2.962720       2.975300       2.975310       2.975310       2.975340       3.075130       3.183200       3.183200       3.183200       3.154670       3.140180       3.140180       3.138250       3.122760       3.116420       3.108690       3.110040       3.111340       3.112600       3.113820       3.114980       3.116100       3.117170       3.118200       3.119170       3.120100    
   2.956410       2.956420       2.956420       2.962710       2.975300       2.975300       2.975310       3.046110       3.112650       3.183240       3.183200       3.183200       3.183200       3.183200       3.156070       3.142110       3.142110       3.138250       3.127670       3.124150       3.125480       3.126760       3.128000       3.129190       3.130320       3.131410       3.132450       3.133440       3.134380       3.135270    
   2.956420       2.956420       2.962710       2.975300       2.975300       3.094100       3.272280       3.265390       3.258490       3.208410       3.183330       3.183200       3.183200       3.183200       3.183200       3.158790       3.145970       3.145980       3.138250       3.139600       3.140910       3.142170       3.143390       3.144550       3.145650       3.146710       3.147720       3.148670       3.149570       3.150430    
   2.956420       2.962710       2.975300       2.975300       3.117880       3.272310       3.272310       3.272280       3.265390       3.258490       3.208630       3.183580       3.183200       3.183200       3.183200       3.183200       3.163880       3.153700       3.153700       3.155040       3.156330       3.157570       3.158760       3.159890       3.160970       3.162000       3.162970       3.163880       3.164750       3.165570    
