iMOD/TUTORIALS/TUT_MetaswapAnalyser/model_MetaSWAP/meteo/Evaporation/Evaporation_20050723_L1.ASC
NCOLS                30
NROWS                30
XLLCORNER     160000.00
YLLCORNER     340000.00
CELLSIZE        1000.00
NODATA_VALUE   -9999.00
   2.156830       2.156440       2.156300       2.156410       2.156770       2.157340       2.158130       2.159130       2.160310       2.161670       2.163200       2.164880       2.166710       2.168680       2.170770       2.172980       2.175300       2.177710       2.180230       2.182820       2.185500       2.188250       2.191060       2.193930       2.196860       2.199840       2.202860       2.205910       2.209010       2.212130    
   2.168570       2.168200       2.168080       2.168210       2.168570       2.169150       2.169940       2.170920       2.172100       2.173450       2.174960       2.176630       2.178450       2.180390       2.182460       2.184650       2.186950       2.189340       2.191830       2.194390       2.197040       2.199760       2.202540       2.205370       2.208260       2.211200       2.214180       2.217200       2.220240       2.223320    
   2.180490       2.180140       2.180050       2.180180       2.180550       2.181140       2.181920       2.182910       2.184080       2.185420       2.186920       2.188570       2.190370       2.192300       2.194350       2.196510       2.198780       2.201150       2.203610       2.206140       2.208760       2.211440       2.214180       2.216990       2.219840       2.222730       2.225670       2.228640       2.231650       2.234680    
   2.192570       2.192250       2.192180       2.192330       2.192710       2.193300       2.194090       2.195070       2.196230       2.197560       2.199050       2.200690       2.202470       2.204380       2.206410       2.208550       2.210790       2.213130       2.215560       2.218070       2.220650       2.223290       2.226000       2.228760       2.231570       2.234430       2.237320       2.240250       2.243200       2.246180    
   2.204810       2.204520       2.204470       2.204640       2.205030       2.205630       2.206420       2.207400       2.208550       2.209880       2.211350       2.212980       2.214740       2.216630       2.218640       2.220760       2.222970       2.225280       2.227680       2.230160       2.232700       2.235310       2.237980       2.240700       2.243470       2.246280       2.249130       2.252010       2.254910       2.257840    
   2.217200       2.216940       2.216910       2.217110       2.217510       2.218110       2.218910       2.219890       2.221040       2.222350       2.223820       2.225430       2.227180       2.229050       2.231030       2.233120       2.235320       2.237600       2.239960       2.242410       2.244920       2.247490       2.250120       2.252800       2.255520       2.258290       2.261090       2.263920       2.266770       2.269650    
   2.229720       2.229500       2.229500       2.229710       2.230130       2.230740       2.231550       2.232530       2.233670       2.234980       2.236440       2.238040       2.239770       2.241620       2.243580       2.245650       2.247810       2.250070       2.252400       2.254810       2.257280       2.259820       2.262410       2.265040       2.267720       2.270440       2.273190       2.275970       2.278770       2.281590    
   2.242390       2.242200       2.242220       2.242460       2.242890       2.243520       2.244330       2.245310       2.246450       2.247760       2.249200       2.250790       2.252500       2.254340       2.256280       2.258320       2.260460       2.262680       2.264990       2.267360       2.269800       2.272290       2.274840       2.277430       2.280060       2.282730       2.285430       2.288160       2.290910       2.293670    
   2.255170       2.255020       2.255080       2.255330       2.255780       2.256420       2.257240       2.258220       2.259370       2.260670       2.262110       2.263680       2.265380       2.267190       2.269120       2.271140       2.273250       2.275440       2.277710       2.280050       2.282450       2.284900       2.287410       2.289950       2.292540       2.295160       2.297810       2.300480       2.303170       2.305880    
   2.268080       2.267960       2.268050       2.268330       2.268800       2.269450       2.270280       2.271270       2.272410       2.273710       2.275140       2.276710       2.278390       2.280190       2.282090       2.284080       2.286170       2.288330       2.290570       2.292870       2.295230       2.297650       2.300110       2.302610       2.305150       2.307720       2.310310       2.312930       2.315570       2.318220    
   2.268150       2.268030       2.271450       2.281440       2.281930       2.282600       2.283430       2.284430       2.285580       2.286870       2.288300       2.289850       2.291530       2.293310       2.295190       2.297160       2.299220       2.301350       2.303560       2.305830       2.308150       2.310520       2.312940       2.315390       2.317880       2.320400       2.322940       2.325500       2.328080       2.330670    
   2.268220       2.272270       2.281440       2.291760       2.295160       2.295850       2.296700       2.297700       2.298860       2.300150       2.301570       2.303120       2.304780       2.306540       2.308410       2.310360       2.312390       2.314490       2.316670       2.318900       2.321180       2.323520       2.325890       2.328300       2.330740       2.333200       2.335690       2.338190       2.340710       2.343240    
   2.272620       2.281440       2.295880       2.301830       2.308500       2.309200       2.310070       2.311080       2.312240       2.313540       2.314960       2.316490       2.318140       2.319890       2.321740       2.323670       2.325670       2.327750       2.329890       2.332090       2.334330       2.336620       2.338950       2.341310       2.343700       2.346110       2.348550       2.350990       2.353450       2.355920    
   2.281440       2.297750       2.305170       2.308500       2.313450       2.322660       2.323530       2.324560       2.325720       2.327020       2.328440       2.329970       2.331610       2.333350       2.335170       2.337080       2.339060       2.341110       2.343220       2.345380       2.347590       2.349840       2.352120       2.354440       2.356780       2.359130       2.361510       2.363900       2.366290       2.368700    
   2.298630       2.306830       2.308500       2.314870       2.322660       2.327760       2.337090       2.338130       2.339300       2.340600       2.342020       2.343540       2.345170       2.346900       2.348710       2.350600       2.352560       2.354580       2.356660       2.358780       2.360950       2.363160       2.365400       2.367660       2.369950       2.372250       2.374570       2.376900       2.379230       2.381570    
   2.307670       2.308500       2.315340       2.322660       2.329170       2.337090       2.337610       2.338170       2.343070       2.354260       2.355680       2.357210       2.358830       2.360540       2.362340       2.364210       2.366140       2.368140       2.370180       2.372280       2.374410       2.376580       2.378770       2.380990       2.383220       2.385470       2.387730       2.390000       2.392270       2.394540    
   2.308500       2.315500       2.322660       2.329640       2.337090       2.337350       2.337620       2.343280       2.354260       2.354970       2.364570       2.370950       2.372570       2.374270       2.376050       2.377900       2.379820       2.381790       2.383800       2.385860       2.387960       2.390080       2.392230       2.394400       2.396580       2.398770       2.400980       2.403180       2.405390       2.407590    
   2.315550       2.322660       2.329800       2.337090       2.337220       2.337350       2.343130       2.354260       2.354610       2.367290       2.377860       2.384770       2.386380       2.388080       2.389840       2.391680       2.393570       2.395520       2.397500       2.399530       2.401590       2.403670       2.405770       2.407890       2.410020       2.412160       2.414300       2.416450       2.418590       2.420730    
   2.322660       2.329850       2.337090       2.337150       2.337220       2.342990       2.354260       2.354440       2.368450       2.381310       2.384770       2.385570       2.390300       2.401950       2.403710       2.405530       2.407400       2.409320       2.411280       2.413270       2.415290       2.417340       2.419400       2.421470       2.423540       2.425630       2.427710       2.429790       2.431870       2.433940    
   2.329870       2.337090       2.337120       2.337160       2.342910       2.354260       2.354350       2.368990       2.383040       2.384770       2.385170       2.390650       2.401950       2.402830       2.403730       2.405550       2.407420       2.409330       2.420390       2.427090       2.429070       2.431080       2.433090       2.435110       2.437140       2.439160       2.441180       2.443200       2.445210       2.447210    
   2.337090       2.337110       2.337120       2.342860       2.354260       2.354300       2.369260       2.383910       2.384770       2.384970       2.390640       2.401950       2.402390       2.402840       2.404040       2.405560       2.407430       2.422430       2.434030       2.440970       2.442920       2.444880       2.446850       2.448820       2.450790       2.452760       2.454720       2.456680       2.458620       2.460550    
   2.337100       2.337110       2.342840       2.354260       2.354280       2.369390       2.384340       2.384770       2.384870       2.390580       2.401950       2.402170       2.402390       2.403090       2.404150       2.405680       2.422780       2.437500       2.440970       2.446900       2.456820       2.458740       2.460670       2.462590       2.464510       2.466420       2.468320       2.470210       2.472080       2.473940    
   2.337100       2.342830       2.354260       2.354270       2.369450       2.384550       2.384770       2.384820       2.390540       2.401950       2.402060       2.402170       2.402550       2.403210       2.404300       2.430990       2.439230       2.440970       2.462610       2.470800       2.471920       2.472660       2.474540       2.476410       2.478280       2.480130       2.481970       2.483790       2.485600       2.487380    
   2.342820       2.354260       2.354270       2.369480       2.384660       2.384770       2.384800       2.390520       2.401950       2.402000       2.402060       2.402260       2.402640       2.440470       2.466320       2.483110       2.483100       2.484780       2.487140       2.491790       2.484770       2.486620       2.488450       2.490280       2.492090       2.493890       2.495660       2.497420       2.499160       2.500870    
   2.354260       2.354260       2.369500       2.384720       2.384770       2.384780       2.390510       2.401950       2.401980       2.402000       2.402110       2.402320       2.470070       2.552260       2.551820       2.524470       2.527000       2.525230       2.507950       2.498820       2.498810       2.500620       2.502410       2.504190       2.505950       2.507680       2.509400       2.511090       2.512750       2.514390    
   2.354260       2.369510       2.384740       2.384770       2.384780       2.390500       2.401950       2.401960       2.401980       2.402030       2.478350       2.592660       2.566090       2.552710       2.552710       2.551820       2.535940       2.528770       2.525230       2.515970       2.512880       2.514650       2.516400       2.518130       2.519830       2.521510       2.523160       2.524790       2.526380       2.527950    
   2.369510       2.384760       2.384770       2.384770       2.390500       2.401950       2.401960       2.401960       2.401990       2.493540       2.592660       2.592660       2.592660       2.566750       2.553590       2.553590       2.551820       2.537960       2.532310       2.525230       2.526980       2.528710       2.530420       2.532100       2.533750       2.535370       2.536960       2.538510       2.540030       2.541520    
   2.384760       2.384770       2.384770       2.390500       2.401950       2.401950       2.401960       2.466810       2.527860       2.592700       2.592660       2.592660       2.592660       2.592660       2.568040       2.555370       2.555370       2.551820       2.542490       2.539380       2.541100       2.542790       2.544460       2.546090       2.547690       2.549250       2.550770       2.552250       2.553700       2.555120    
   2.384770       2.384770       2.390500       2.401950       2.401950       2.510560       2.673460       2.667400       2.661340       2.615660       2.592780       2.592660       2.592660       2.592660       2.592660       2.570540       2.558910       2.558920       2.551820       2.553540       2.555230       2.556880       2.558510       2.560090       2.561630       2.563130       2.564590       2.566010       2.567380       2.568720    
   2.384770       2.390500       2.401950       2.401950       2.532300       2.673490       2.673490       2.673460       2.667400       2.661340       2.615860       2.593010       2.592660       2.592660       2.592660       2.592660       2.575220       2.566010       2.566010       2.567700       2.569360       2.570980       2.572570       2.574100       2.575590       2.577030       2.578420       2.579770       2.581070       2.582330    
