iMOD/TUTORIALS/TUT_MetaswapAnalyser/model_MetaSWAP/meteo/Evaporation/Evaporation_20050815_L1.ASC
NCOLS                30
NROWS                30
XLLCORNER     160000.00
YLLCORNER     340000.00
CELLSIZE        1000.00
NODATA_VALUE   -9999.00
   1.336700       1.332920       1.328950       1.324810       1.320490       1.316010       1.311390       1.306630       1.301740       1.296730       1.291610       1.286390       1.281090       1.275700       1.270230       1.264700       1.259110       1.253470       1.247780       1.242050       1.236280       1.230480       1.224660       1.218820       1.212960       1.207090       1.201210       1.195320       1.189440       1.183560    
   1.332240       1.328460       1.324490       1.320350       1.316050       1.311590       1.306990       1.302250       1.297380       1.292390       1.287300       1.282110       1.276830       1.271460       1.266030       1.260520       1.254960       1.249340       1.243670       1.237970       1.232230       1.226460       1.220660       1.214840       1.209010       1.203160       1.197310       1.191450       1.185600       1.179740    
   1.327650       1.323860       1.319900       1.315770       1.311480       1.307030       1.302450       1.297720       1.292880       1.287920       1.282850       1.277680       1.272430       1.267090       1.261680       1.256200       1.250660       1.245070       1.239440       1.233760       1.228040       1.222300       1.216530       1.210740       1.204930       1.199110       1.193290       1.187460       1.181630       1.175800    
   1.322940       1.319150       1.315180       1.311060       1.306780       1.302340       1.297770       1.293070       1.288250       1.283310       1.278260       1.273120       1.267890       1.262580       1.257200       1.251750       1.246240       1.240670       1.235060       1.229410       1.223730       1.218010       1.212270       1.206510       1.200730       1.194940       1.189140       1.183340       1.177540       1.171740    
   1.318110       1.314310       1.310350       1.306230       1.301950       1.297530       1.292980       1.288290       1.283490       1.278570       1.273550       1.268430       1.263230       1.257940       1.252580       1.247160       1.241680       1.236140       1.230560       1.224940       1.219280       1.213600       1.207890       1.202160       1.196410       1.190650       1.184880       1.179110       1.173340       1.167570    
   1.313180       1.309370       1.305410       1.301280       1.297020       1.292610       1.288060       1.283390       1.278610       1.273710       1.268710       1.263620       1.258440       1.253180       1.247850       1.242450       1.237000       1.231490       1.225940       1.220350       1.214720       1.209060       1.203380       1.197680       1.191970       1.186240       1.180500       1.174770       1.169030       1.163290    
   1.308150       1.304330       1.300360       1.296240       1.291970       1.287570       1.283040       1.278380       1.273610       1.268730       1.263760       1.258690       1.253530       1.248300       1.242990       1.237620       1.232200       1.226720       1.221200       1.215640       1.210040       1.204420       1.198770       1.193100       1.187410       1.181720       1.176020       1.170310       1.164600       1.158900    
   1.303020       1.299190       1.295210       1.291090       1.286820       1.282430       1.277910       1.273260       1.268510       1.263650       1.258690       1.253640       1.248510       1.243300       1.238020       1.232680       1.227290       1.221840       1.216340       1.210810       1.205250       1.199650       1.194040       1.188400       1.182750       1.177090       1.171420       1.165750       1.160080       1.154410    
   1.297800       1.293960       1.289970       1.285840       1.281580       1.277190       1.272680       1.268040       1.263300       1.258460       1.253520       1.248500       1.243390       1.238200       1.232950       1.227630       1.222260       1.216840       1.211380       1.205880       1.200350       1.194790       1.189200       1.183600       1.177980       1.172350       1.166720       1.161080       1.155450       1.149810    
   1.292490       1.288640       1.284640       1.280510       1.276250       1.271860       1.267350       1.262730       1.258000       1.253180       1.248250       1.243250       1.238160       1.233000       1.227770       1.222480       1.217140       1.211750       1.206320       1.200840       1.195340       1.189810       1.184260       1.178690       1.173110       1.167520       1.161920       1.156320       1.150720       1.145120    
   1.292440       1.288590       1.282220       1.275090       1.270830       1.266440       1.261940       1.257330       1.252610       1.247800       1.242890       1.237900       1.232840       1.227700       1.222490       1.217230       1.211920       1.206550       1.201150       1.195710       1.190240       1.184740       1.179230       1.173690       1.168140       1.162590       1.157020       1.151460       1.145900       1.140340    
   1.292400       1.284590       1.275090       1.267750       1.265330       1.260940       1.256440       1.251840       1.247130       1.242330       1.237440       1.232470       1.227420       1.222300       1.217120       1.211890       1.206600       1.201260       1.195890       1.190480       1.185040       1.179580       1.174090       1.168590       1.163080       1.157560       1.152040       1.146510       1.140980       1.135460    
   1.287040       1.275090       1.266280       1.262540       1.259750       1.255360       1.250870       1.246270       1.241570       1.236780       1.231900       1.226950       1.221920       1.216820       1.211670       1.206450       1.201190       1.195880       1.190540       1.185160       1.179750       1.174320       1.168870       1.163410       1.157930       1.152450       1.146960       1.141470       1.135990       1.130500    
   1.275090       1.265570       1.261140       1.259750       1.254940       1.249710       1.245220       1.240620       1.235930       1.231150       1.226290       1.221350       1.216340       1.211260       1.206130       1.200940       1.195700       1.190420       1.185100       1.179750       1.174380       1.168980       1.163560       1.158130       1.152690       1.147250       1.141800       1.136350       1.130900       1.125460    
   1.265210       1.260450       1.259750       1.254800       1.249710       1.244810       1.239500       1.234910       1.230230       1.225450       1.220600       1.215680       1.210680       1.205620       1.200510       1.195340       1.190130       1.184870       1.179580       1.174270       1.168920       1.163560       1.158170       1.152780       1.147380       1.141970       1.136560       1.131150       1.125740       1.120340    
   1.260100       1.259750       1.254750       1.249710       1.244670       1.239500       1.237210       1.234880       1.227570       1.219690       1.214850       1.209930       1.204950       1.199910       1.194820       1.189670       1.184480       1.179250       1.173990       1.168700       1.163390       1.158050       1.152710       1.147350       1.141980       1.136610       1.131240       1.125870       1.120500       1.115140    
   1.259750       1.254740       1.249710       1.244630       1.239500       1.238350       1.237200       1.229840       1.219690       1.217270       1.209370       1.204120       1.199160       1.194130       1.189050       1.183930       1.178760       1.173560       1.168320       1.163060       1.157780       1.152480       1.147170       1.141840       1.136510       1.131180       1.125850       1.120520       1.115190       1.109870    
   1.254730       1.249710       1.244610       1.239500       1.238930       1.238350       1.231270       1.219690       1.218480       1.209150       1.201180       1.198250       1.193300       1.188290       1.183230       1.178120       1.172980       1.167800       1.162590       1.157360       1.152100       1.146840       1.141550       1.136270       1.130970       1.125680       1.120390       1.115100       1.109810       1.104540    
   1.249710       1.244610       1.239500       1.239210       1.238930       1.232060       1.219690       1.219080       1.209060       1.199720       1.198250       1.195780       1.190550       1.182380       1.177340       1.172250       1.167130       1.161980       1.156790       1.151590       1.146360       1.141130       1.135880       1.130630       1.125370       1.120110       1.114860       1.109610       1.104370       1.099140    
   1.244610       1.239500       1.239360       1.239210       1.232470       1.219690       1.219390       1.209010       1.198980       1.198250       1.197010       1.191740       1.182380       1.179860       1.177320       1.172240       1.167120       1.161970       1.151200       1.145760       1.140560       1.135360       1.130140       1.124920       1.119700       1.114490       1.109270       1.104070       1.098870       1.093680    
   1.239500       1.239430       1.239360       1.232680       1.219690       1.219540       1.208990       1.198620       1.198250       1.197630       1.192350       1.182380       1.181120       1.179850       1.176470       1.172230       1.167110       1.152590       1.142820       1.139870       1.134700       1.129530       1.124350       1.119160       1.113980       1.108800       1.103630       1.098460       1.093310       1.088160    
   1.239460       1.239430       1.232790       1.219690       1.219610       1.208980       1.198430       1.198250       1.197940       1.192650       1.182380       1.181750       1.181120       1.179150       1.176190       1.171940       1.154630       1.141340       1.139870       1.134450       1.128790       1.123650       1.118500       1.113350       1.108200       1.103060       1.097930       1.092810       1.087690       1.082600    
   1.239460       1.232840       1.219690       1.219650       1.208980       1.198340       1.198250       1.198100       1.192810       1.182380       1.182070       1.181750       1.180670       1.178820       1.175760       1.153020       1.140610       1.139870       1.127730       1.122810       1.119750       1.117720       1.112600       1.107490       1.102380       1.097270       1.092180       1.087100       1.082030       1.076980    
   1.232870       1.219690       1.219670       1.208970       1.198300       1.198250       1.198170       1.192880       1.182380       1.182220       1.182060       1.181500       1.180410       1.157870       1.138470       1.121720       1.121740       1.119030       1.115800       1.113810       1.116830       1.111740       1.106660       1.101580       1.096500       1.091440       1.086390       1.081350       1.076330       1.071320    
   1.219690       1.219680       1.208970       1.198270       1.198250       1.198210       1.192920       1.182380       1.182300       1.182220       1.181930       1.181320       1.142330       1.096030       1.096220       1.105270       1.102830       1.103600       1.108150       1.110770       1.110780       1.105730       1.100670       1.095630       1.090590       1.085570       1.080560       1.075560       1.070580       1.065620    
   1.219690       1.208970       1.198260       1.198250       1.198230       1.192940       1.182380       1.182340       1.182300       1.182150       1.142070       1.082440       1.091340       1.095830       1.095830       1.096220       1.100310       1.102060       1.103600       1.104420       1.104700       1.099670       1.094650       1.089640       1.084640       1.079650       1.074680       1.069730       1.064800       1.059880    
   1.208970       1.198260       1.198250       1.198240       1.192950       1.182380       1.182360       1.182340       1.182260       1.134280       1.082440       1.082440       1.082440       1.091050       1.095440       1.095440       1.096220       1.099360       1.100520       1.103600       1.098590       1.093590       1.088600       1.083620       1.078650       1.073710       1.068780       1.063870       1.058980       1.054110    
   1.198250       1.198250       1.198250       1.192960       1.182380       1.182370       1.182360       1.150770       1.118510       1.082420       1.082440       1.082440       1.082440       1.082440       1.090480       1.094660       1.094660       1.096220       1.097130       1.097430       1.092450       1.087480       1.082510       1.077570       1.072640       1.067730       1.062840       1.057980       1.053130       1.048310    
   1.198250       1.198250       1.192960       1.182380       1.182380       1.131360       1.054850       1.055480       1.056120       1.073620       1.082390       1.082440       1.082440       1.082440       1.082440       1.089360       1.093100       1.093110       1.096220       1.091250       1.086290       1.081340       1.076410       1.071490       1.066600       1.061730       1.056890       1.052060       1.047260       1.042490    
   1.198250       1.192960       1.182380       1.182380       1.121150       1.054840       1.054840       1.054850       1.055480       1.056120       1.073530       1.082290       1.082440       1.082440       1.082440       1.082440       1.087240       1.089990       1.089990       1.085040       1.080100       1.075180       1.070280       1.065400       1.060540       1.055710       1.050910       1.046130       1.041380       1.036650    
