iMOD/TUTORIALS/TUT_MetaswapAnalyser/model_MetaSWAP/meteo/Evaporation/Evaporation_20060531_L1.ASC
NCOLS                30
NROWS                30
XLLCORNER     160000.00
YLLCORNER     340000.00
CELLSIZE        1000.00
NODATA_VALUE   -9999.00
   1.346190       1.343370       1.340510       1.337630       1.334710       1.331770       1.328810       1.325840       1.322860       1.319880       1.316900       1.313920       1.310950       1.307990       1.305050       1.302120       1.299220       1.296340       1.293500       1.290680       1.287890       1.285140       1.282430       1.279760       1.277130       1.274540       1.271990       1.269490       1.267040       1.264630    
   1.344740       1.341940       1.339100       1.336230       1.333330       1.330410       1.327470       1.324520       1.321560       1.318590       1.315630       1.312670       1.309720       1.306780       1.303850       1.300940       1.298060       1.295200       1.292370       1.289560       1.286790       1.284050       1.281350       1.278690       1.276070       1.273490       1.270960       1.268470       1.266020       1.263630    
   1.343240       1.340440       1.337620       1.334760       1.331880       1.328980       1.326060       1.323130       1.320190       1.317240       1.314300       1.311360       1.308420       1.305500       1.302590       1.299700       1.296830       1.293990       1.291170       1.288380       1.285620       1.282900       1.280220       1.277570       1.274960       1.272390       1.269870       1.267390       1.264960       1.262570    
   1.341670       1.338890       1.336080       1.333240       1.330380       1.327490       1.324590       1.321680       1.318750       1.315830       1.312900       1.309980       1.307060       1.304160       1.301270       1.298400       1.295540       1.292720       1.289910       1.287140       1.284400       1.281690       1.279020       1.276380       1.273790       1.271230       1.268720       1.266250       1.263830       1.261450    
   1.340060       1.337290       1.334490       1.331660       1.328810       1.325950       1.323060       1.320170       1.317260       1.314350       1.311440       1.308540       1.305640       1.302760       1.299880       1.297030       1.294190       1.291380       1.288600       1.285840       1.283110       1.280420       1.277760       1.275140       1.272560       1.270020       1.267520       1.265060       1.262650       1.260290    
   1.338390       1.335630       1.332840       1.330030       1.327200       1.324340       1.321480       1.318600       1.315710       1.312820       1.309930       1.307040       1.304160       1.301300       1.298440       1.295600       1.292780       1.289990       1.287220       1.284480       1.281770       1.279090       1.276450       1.273840       1.271280       1.268750       1.266260       1.263820       1.261420       1.259070    
   1.336670       1.333920       1.331140       1.328350       1.325530       1.322690       1.319840       1.316970       1.314110       1.311230       1.308360       1.305490       1.302630       1.299780       1.296940       1.294120       1.291320       1.288540       1.285790       1.283060       1.280370       1.277710       1.275080       1.272490       1.269940       1.267420       1.264950       1.262520       1.260140       1.257800    
   1.334900       1.332160       1.329400       1.326610       1.323810       1.320980       1.318150       1.315300       1.312450       1.309590       1.306740       1.303880       1.301040       1.298210       1.295390       1.292580       1.289800       1.287040       1.284300       1.281600       1.278920       1.276270       1.273660       1.271090       1.268550       1.266050       1.263590       1.261180       1.258810       1.256480    
   1.333090       1.330360       1.327610       1.324830       1.322040       1.319230       1.316410       1.313580       1.310740       1.307900       1.305060       1.302230       1.299400       1.296580       1.293780       1.291000       1.288230       1.285490       1.282770       1.280080       1.277410       1.274780       1.272190       1.269630       1.267110       1.264630       1.262180       1.259780       1.257430       1.255110    
   1.331230       1.328510       1.325770       1.323010       1.320230       1.317430       1.314620       1.311810       1.308980       1.306160       1.303340       1.300520       1.297710       1.294910       1.292130       1.289360       1.286610       1.283880       1.281180       1.278500       1.275860       1.273250       1.270670       1.268120       1.265620       1.263150       1.260730       1.258340       1.256000       1.253700    
   1.331220       1.328500       1.324610       1.321140       1.318370       1.315590       1.312790       1.309990       1.307180       1.304380       1.301570       1.298770       1.295970       1.293190       1.290420       1.287670       1.284940       1.282230       1.279540       1.276890       1.274260       1.271660       1.269100       1.266570       1.264080       1.261630       1.259220       1.256850       1.254530       1.252240    
   1.331210       1.326370       1.321140       1.317630       1.316480       1.313700       1.310920       1.308130       1.305340       1.302550       1.299760       1.296970       1.294190       1.291420       1.288670       1.285940       1.283220       1.280530       1.277860       1.275220       1.272610       1.270030       1.267480       1.264970       1.262500       1.260070       1.257670       1.255320       1.253010       1.250740    
   1.328160       1.321140       1.317210       1.315510       1.314540       1.311780       1.309010       1.306240       1.303460       1.300680       1.297900       1.295130       1.292370       1.289620       1.286880       1.284160       1.281460       1.278780       1.276130       1.273510       1.270920       1.268350       1.265830       1.263330       1.260880       1.258460       1.256080       1.253740       1.251450       1.249200    
   1.321140       1.316980       1.315030       1.314540       1.312050       1.309820       1.307060       1.304300       1.301530       1.298770       1.296000       1.293250       1.290500       1.287760       1.285040       1.282340       1.279660       1.277000       1.274360       1.271760       1.269180       1.266640       1.264120       1.261650       1.259210       1.256810       1.254450       1.252130       1.249850       1.247620    
   1.316860       1.314780       1.314540       1.312140       1.309820       1.307320       1.305080       1.302330       1.299570       1.296820       1.294070       1.291330       1.288600       1.285880       1.283170       1.280480       1.277820       1.275170       1.272560       1.269960       1.267400       1.264880       1.262380       1.259920       1.257500       1.255120       1.252780       1.250470       1.248210       1.246000    
   1.314660       1.314540       1.312170       1.309820       1.307410       1.305080       1.303700       1.302330       1.298390       1.294840       1.292100       1.289370       1.286650       1.283950       1.281260       1.278590       1.275940       1.273310       1.270710       1.268130       1.265590       1.263080       1.260600       1.258160       1.255760       1.253390       1.251070       1.248780       1.246540       1.244340    
   1.314540       1.312180       1.309820       1.307440       1.305080       1.304390       1.303700       1.299820       1.294840       1.293470       1.289810       1.287380       1.284680       1.281990       1.279310       1.276650       1.274020       1.271410       1.268820       1.266260       1.263740       1.261240       1.258780       1.256360       1.253970       1.251630       1.249320       1.247050       1.244830       1.242640    
   1.312180       1.309820       1.307450       1.305080       1.304740       1.304390       1.300690       1.294840       1.294150       1.289970       1.286370       1.285360       1.282670       1.279990       1.277330       1.274690       1.272070       1.269470       1.266900       1.264360       1.261850       1.259370       1.256930       1.254530       1.252160       1.249830       1.247540       1.245290       1.243080       1.240920    
   1.309820       1.307450       1.305080       1.304910       1.304740       1.301160       1.294840       1.294500       1.290040       1.285870       1.285360       1.284010       1.281500       1.277970       1.275320       1.272690       1.270080       1.267500       1.264950       1.262420       1.259930       1.257470       1.255050       1.252660       1.250310       1.247990       1.245720       1.243490       1.241300       1.239160    
   1.307450       1.305080       1.304990       1.304910       1.301410       1.294840       1.294670       1.290070       1.285610       1.285360       1.284690       1.282210       1.277970       1.276640       1.275330       1.272700       1.270090       1.267510       1.262760       1.260460       1.257980       1.255540       1.253130       1.250760       1.248420       1.246130       1.243880       1.241670       1.239500       1.237370    
   1.305080       1.305040       1.304990       1.301540       1.294840       1.294750       1.290080       1.285490       1.285360       1.285020       1.282560       1.277970       1.277310       1.276650       1.274890       1.272700       1.270100       1.263660       1.259460       1.258460       1.256000       1.253570       1.251180       1.248830       1.246510       1.244240       1.242000       1.239810       1.237660       1.235550    
   1.305060       1.305040       1.301600       1.294840       1.294800       1.290090       1.285420       1.285360       1.285190       1.282730       1.277970       1.277640       1.277310       1.276280       1.274750       1.272560       1.264780       1.258960       1.258460       1.256150       1.253990       1.251580       1.249200       1.246870       1.244570       1.242320       1.240100       1.237930       1.235800       1.233710    
   1.305060       1.301630       1.294840       1.294820       1.290100       1.285390       1.285360       1.285280       1.282810       1.277970       1.277800       1.277640       1.277080       1.276110       1.274530       1.264600       1.258710       1.258460       1.253850       1.251940       1.250510       1.249560       1.247200       1.244880       1.242610       1.240370       1.238170       1.236020       1.233910       1.231840    
   1.301650       1.294840       1.294830       1.290100       1.285380       1.285360       1.285320       1.282850       1.277970       1.277890       1.277800       1.277510       1.276940       1.267930       1.259700       1.252200       1.252210       1.250980       1.249530       1.248850       1.249890       1.247520       1.245180       1.242880       1.240610       1.238400       1.236220       1.234080       1.231990       1.229940    
   1.294840       1.294830       1.290100       1.285370       1.285360       1.285340       1.282880       1.277970       1.277930       1.277890       1.277730       1.277420       1.262040       1.243950       1.244020       1.246730       1.245690       1.245960       1.247100       1.247800       1.247810       1.245450       1.243130       1.240840       1.238600       1.236400       1.234240       1.232130       1.230060       1.228030    
   1.294840       1.290100       1.285360       1.285360       1.285350       1.282890       1.277970       1.277950       1.277930       1.277850       1.262530       1.239800       1.242510       1.243880       1.243880       1.244020       1.245020       1.245420       1.245960       1.245770       1.245710       1.243360       1.241060       1.238790       1.236570       1.234390       1.232250       1.230150       1.228100       1.226100    
   1.290100       1.285360       1.285360       1.285350       1.282890       1.277970       1.277960       1.277950       1.277910       1.259580       1.239800       1.239800       1.239800       1.242410       1.243750       1.243750       1.244020       1.244680       1.244880       1.245960       1.243590       1.241260       1.238970       1.236720       1.234510       1.232350       1.230230       1.228160       1.226130       1.224140    
   1.285360       1.285360       1.285360       1.282890       1.277970       1.277960       1.277960       1.266220       1.253860       1.239790       1.239800       1.239800       1.239800       1.239800       1.242210       1.243470       1.243470       1.244020       1.243850       1.243800       1.241450       1.239140       1.236860       1.234630       1.232440       1.230300       1.228200       1.226150       1.224140       1.222180    
   1.285360       1.285360       1.282900       1.277970       1.277970       1.259280       1.231250       1.231150       1.231050       1.236870       1.239780       1.239800       1.239800       1.239800       1.239800       1.241810       1.242920       1.242920       1.244020       1.241640       1.239300       1.237000       1.234740       1.232530       1.230360       1.228240       1.226160       1.224120       1.222140       1.220190    
   1.285360       1.282900       1.277970       1.277970       1.255540       1.231250       1.231250       1.231250       1.231150       1.231050       1.236840       1.239750       1.239800       1.239800       1.239800       1.239800       1.241050       1.241820       1.241830       1.239460       1.237130       1.234850       1.232610       1.230410       1.228260       1.226160       1.224100       1.222090       1.220120       1.218200    
