iMOD/TUTORIALS/TUT_MetaswapAnalyser/model_MetaSWAP/meteo/Evaporation/Evaporation_20050603_L1.ASC
NCOLS                30
NROWS                30
XLLCORNER     160000.00
YLLCORNER     340000.00
CELLSIZE        1000.00
NODATA_VALUE   -9999.00
   3.544500       3.553760       3.563020       3.572290       3.581570       3.590850       3.600130       3.609420       3.618720       3.628020       3.637330       3.646640       3.655960       3.665290       3.674620       3.683960       3.693300       3.702660       3.712010       3.721380       3.730760       3.740140       3.749520       3.758920       3.768320       3.777740       3.787150       3.796580       3.806010       3.815460    
   3.548780       3.558000       3.567220       3.576460       3.585690       3.594940       3.604190       3.613450       3.622720       3.631990       3.641280       3.650560       3.659860       3.669170       3.678480       3.687800       3.697130       3.706460       3.715810       3.725160       3.734530       3.743900       3.753280       3.762670       3.772070       3.781470       3.790890       3.800310       3.809750       3.819190    
   3.553060       3.562230       3.571420       3.580620       3.589820       3.599030       3.608260       3.617480       3.626720       3.635970       3.645220       3.654490       3.663760       3.673040       3.682330       3.691640       3.700950       3.710270       3.719600       3.728940       3.738290       3.747650       3.757020       3.766410       3.775800       3.785200       3.794620       3.804040       3.813480       3.822920    
   3.557340       3.566470       3.575620       3.584780       3.593950       3.603130       3.612320       3.621510       3.630720       3.639940       3.649170       3.658410       3.667660       3.676920       3.686190       3.695470       3.704760       3.714070       3.723380       3.732710       3.742050       3.751400       3.760770       3.770140       3.779530       3.788930       3.798340       3.807760       3.817200       3.826640    
   3.561620       3.570720       3.579830       3.588950       3.598080       3.607220       3.616380       3.625550       3.634720       3.643910       3.653110       3.662330       3.671550       3.680790       3.690040       3.699300       3.708580       3.717870       3.727170       3.736480       3.745810       3.755150       3.764510       3.773880       3.783260       3.792650       3.802060       3.811480       3.820920       3.830360    
   3.565910       3.574970       3.584040       3.593120       3.602220       3.611320       3.620450       3.629580       3.638730       3.647890       3.657060       3.666250       3.675450       3.684670       3.693890       3.703140       3.712390       3.721670       3.730950       3.740250       3.749570       3.758900       3.768250       3.777610       3.786980       3.796370       3.805780       3.815200       3.824630       3.834080    
   3.570210       3.579220       3.588250       3.597300       3.606360       3.615430       3.624520       3.633620       3.642740       3.651870       3.661010       3.670170       3.679350       3.688540       3.697750       3.706970       3.716210       3.725460       3.734740       3.744020       3.753330       3.762650       3.771980       3.781340       3.790710       3.800090       3.809490       3.818910       3.828350       3.837800    
   3.574520       3.583490       3.592480       3.601480       3.610500       3.619540       3.628600       3.637660       3.646750       3.655850       3.664970       3.674100       3.683250       3.692420       3.701610       3.710810       3.720030       3.729270       3.738520       3.747790       3.757090       3.766400       3.775720       3.785070       3.794430       3.803810       3.813210       3.822630       3.832060       3.841510    
   3.578830       3.587760       3.596710       3.605680       3.614660       3.623660       3.632680       3.641720       3.650770       3.659840       3.668930       3.678040       3.687160       3.696310       3.705470       3.714650       3.723850       3.733070       3.742310       3.751570       3.760850       3.770150       3.779460       3.788800       3.798160       3.807540       3.816930       3.826340       3.835780       3.845230    
   3.583160       3.592050       3.600950       3.609880       3.618830       3.627790       3.636780       3.645780       3.654800       3.663840       3.672900       3.681980       3.691080       3.700200       3.709340       3.718500       3.727680       3.736880       3.746100       3.755350       3.764610       3.773900       3.783210       3.792540       3.801890       3.811260       3.820650       3.830070       3.839500       3.848950    
   3.583170       3.592050       3.604240       3.614100       3.623000       3.631930       3.640880       3.649850       3.658840       3.667850       3.676880       3.685930       3.695000       3.704100       3.713210       3.722350       3.731510       3.740700       3.749900       3.759130       3.768390       3.777660       3.786960       3.796280       3.805620       3.814990       3.824380       3.833790       3.843220       3.852680    
   3.583170       3.598390       3.614100       3.623920       3.627190       3.636080       3.645000       3.653930       3.662890       3.671870       3.680870       3.689890       3.698940       3.708010       3.717100       3.726220       3.735360       3.744520       3.753710       3.762930       3.772160       3.781430       3.790720       3.800030       3.809370       3.818730       3.828110       3.837520       3.846950       3.856410    
   3.592490       3.614100       3.624680       3.629300       3.631400       3.640250       3.649120       3.658020       3.666950       3.675900       3.684870       3.693860       3.702880       3.711920       3.720990       3.730090       3.739210       3.748360       3.757530       3.766730       3.775950       3.785200       3.794480       3.803790       3.813120       3.822470       3.831850       3.841260       3.850690       3.860140    
   3.614100       3.625130       3.630350       3.631400       3.638690       3.644430       3.653270       3.662130       3.671020       3.679940       3.688880       3.697840       3.706840       3.715860       3.724900       3.733970       3.743070       3.752200       3.761360       3.770540       3.779750       3.788990       3.798260       3.807550       3.816880       3.826230       3.835600       3.845010       3.854440       3.863890    
   3.625380       3.630870       3.631400       3.638170       3.644430       3.651710       3.657430       3.666260       3.675110       3.684000       3.692910       3.701840       3.710810       3.719800       3.728820       3.737870       3.746950       3.756060       3.765190       3.774360       3.783560       3.792790       3.802040       3.811330       3.820640       3.829990       3.839360       3.848760       3.858190       3.867650    
   3.631140       3.631400       3.638000       3.644430       3.651190       3.657430       3.661840       3.666270       3.678360       3.688070       3.696950       3.705860       3.714790       3.723760       3.732750       3.741780       3.750840       3.759920       3.769040       3.778200       3.787380       3.796590       3.805840       3.815120       3.824430       3.833760       3.843130       3.852530       3.861960       3.871420    
   3.631400       3.637940       3.644430       3.651020       3.657430       3.659640       3.661850       3.673640       3.688070       3.692510       3.702940       3.709880       3.718790       3.727730       3.736700       3.745700       3.754740       3.763810       3.772910       3.782040       3.791210       3.800420       3.809650       3.818920       3.828220       3.837550       3.846920       3.856320       3.865740       3.875200    
   3.637920       3.644430       3.650960       3.657430       3.658530       3.659640       3.670800       3.688070       3.690290       3.701870       3.711910       3.713930       3.722810       3.731720       3.740670       3.749650       3.758660       3.767710       3.776790       3.785910       3.795060       3.804250       3.813480       3.822740       3.832030       3.841360       3.850720       3.860110       3.869540       3.879000    
   3.644430       3.650940       3.657430       3.657980       3.658530       3.669260       3.688070       3.689180       3.701420       3.712920       3.713930       3.718370       3.726050       3.735730       3.744650       3.753610       3.762600       3.771630       3.780690       3.789790       3.798930       3.808100       3.817320       3.826570       3.835850       3.845180       3.854530       3.863930       3.873350       3.882810    
   3.650930       3.657430       3.657710       3.657980       3.668460       3.688070       3.688620       3.701200       3.713420       3.713930       3.716150       3.723520       3.735730       3.740190       3.744660       3.753620       3.762610       3.771640       3.786680       3.793690       3.802810       3.811980       3.821180       3.830420       3.839700       3.849010       3.858370       3.867760       3.877180       3.886640    
   3.657430       3.657570       3.657710       3.668050       3.688070       3.688350       3.701100       3.713680       3.713930       3.715040       3.722330       3.735730       3.737960       3.740190       3.746160       3.753630       3.762620       3.782840       3.795650       3.797610       3.806720       3.815870       3.825060       3.834290       3.843560       3.852870       3.862220       3.871610       3.881030       3.890490    
   3.657500       3.657570       3.667850       3.688070       3.688210       3.701050       3.713800       3.713930       3.714480       3.721760       3.735730       3.736850       3.737960       3.741440       3.746660       3.754140       3.778670       3.796630       3.797610       3.804990       3.810640       3.819780       3.828960       3.838180       3.847440       3.856740       3.866090       3.875480       3.884900       3.894360    
   3.657500       3.667750       3.688070       3.688140       3.701030       3.713870       3.713930       3.714210       3.721480       3.735730       3.736290       3.736850       3.738750       3.742020       3.747410       3.777240       3.797120       3.797610       3.809440       3.814600       3.820070       3.823710       3.832880       3.842090       3.851340       3.860640       3.869980       3.879370       3.888790       3.898250    
   3.667700       3.688070       3.688100       3.701010       3.713900       3.713930       3.714070       3.721340       3.735730       3.736010       3.736290       3.737290       3.739200       3.762280       3.785980       3.809620       3.809620       3.814090       3.819240       3.820560       3.818560       3.827670       3.836820       3.846020       3.855270       3.864560       3.873900       3.883280       3.892710       3.902170    
   3.688070       3.688090       3.701010       3.713910       3.713930       3.714000       3.721270       3.735730       3.735870       3.736010       3.736530       3.737600       3.776210       3.821060       3.820930       3.818660       3.822130       3.821620       3.822520       3.822570       3.822560       3.831650       3.840790       3.849980       3.859220       3.868510       3.877850       3.887220       3.896650       3.906110    
   3.688080       3.701000       3.713920       3.713930       3.713960       3.721230       3.735730       3.735800       3.735870       3.736140       3.771950       3.824810       3.822420       3.821190       3.821190       3.820930       3.821970       3.822640       3.821620       3.825350       3.826580       3.835660       3.844790       3.853970       3.863200       3.872490       3.881820       3.891190       3.900620       3.910080    
   3.701000       3.713930       3.713930       3.713950       3.721210       3.735730       3.735760       3.735800       3.735930       3.778720       3.824810       3.824810       3.824810       3.822620       3.821450       3.821450       3.820930       3.822690       3.823670       3.821620       3.830630       3.839700       3.848810       3.857990       3.867210       3.876490       3.885820       3.895190       3.904620       3.914080    
   3.713930       3.713930       3.713940       3.721210       3.735730       3.735750       3.735760       3.761450       3.790490       3.824820       3.824810       3.824810       3.824810       3.824810       3.823010       3.821980       3.821980       3.820930       3.824530       3.825720       3.834710       3.843760       3.852870       3.862030       3.871250       3.880520       3.889840       3.899220       3.908640       3.918120    
   3.713930       3.713930       3.721200       3.735730       3.735740       3.775220       3.834420       3.836370       3.838310       3.829340       3.824850       3.824810       3.824810       3.824810       3.824810       3.823780       3.823030       3.823020       3.820930       3.829850       3.838830       3.847860       3.856960       3.866110       3.875320       3.884580       3.893910       3.903280       3.912710       3.922180    
   3.713930       3.721200       3.735730       3.735730       3.783110       3.834430       3.834430       3.834420       3.836370       3.838310       3.829400       3.824920       3.824810       3.824810       3.824810       3.824810       3.825300       3.825130       3.825120       3.834020       3.842980       3.852000       3.861080       3.870220       3.879420       3.888680       3.898000       3.907380       3.916800       3.926280    
