iMOD/TUTORIALS/TUT_MetaswapAnalyser/model_MetaSWAP/meteo/Evaporation/Evaporation_20050423_L1.ASC
NCOLS                30
NROWS                30
XLLCORNER     160000.00
YLLCORNER     340000.00
CELLSIZE        1000.00
NODATA_VALUE   -9999.00
   3.088060       3.086990       3.085880       3.084700       3.083480       3.082210       3.080900       3.079540       3.078150       3.076710       3.075250       3.073750       3.072220       3.070670       3.069090       3.067490       3.065870       3.064230       3.062580       3.060910       3.059230       3.057540       3.055840       3.054140       3.052430       3.050720       3.049010       3.047300       3.045590       3.043880    
   3.078160       3.077100       3.075980       3.074810       3.073590       3.072320       3.071010       3.069660       3.068270       3.066850       3.065390       3.063900       3.062390       3.060840       3.059280       3.057700       3.056090       3.054470       3.052840       3.051190       3.049530       3.047870       3.046190       3.044520       3.042840       3.041160       3.039470       3.037790       3.036120       3.034440    
   3.068200       3.067130       3.066010       3.064840       3.063630       3.062360       3.061060       3.059710       3.058330       3.056910       3.055460       3.053990       3.052480       3.050950       3.049400       3.047830       3.046240       3.044640       3.043030       3.041400       3.039770       3.038120       3.036480       3.034830       3.033180       3.031520       3.029870       3.028220       3.026580       3.024940    
   3.058170       3.057100       3.055980       3.054810       3.053600       3.052340       3.051040       3.049700       3.048320       3.046910       3.045470       3.044000       3.042510       3.040990       3.039450       3.037900       3.036330       3.034750       3.033150       3.031550       3.029930       3.028320       3.026700       3.025070       3.023450       3.021830       3.020210       3.018590       3.016980       3.015380    
   3.048080       3.047010       3.045890       3.044720       3.043500       3.042250       3.040950       3.039610       3.038240       3.036840       3.035410       3.033950       3.032470       3.030970       3.029440       3.027900       3.026350       3.024790       3.023210       3.021630       3.020040       3.018450       3.016850       3.015260       3.013660       3.012070       3.010480       3.008900       3.007320       3.005760    
   3.037920       3.036850       3.035730       3.034560       3.033350       3.032100       3.030800       3.029470       3.028110       3.026710       3.025290       3.023840       3.022370       3.020880       3.019370       3.017850       3.016310       3.014770       3.013210       3.011650       3.010080       3.008510       3.006950       3.005380       3.003810       3.002250       3.000700       2.999150       2.997610       2.996070    
   3.027710       3.026640       3.025520       3.024350       3.023140       3.021890       3.020600       3.019270       3.017910       3.016520       3.015110       3.013670       3.012210       3.010740       3.009240       3.007730       3.006210       3.004690       3.003150       3.001610       3.000070       2.998530       2.996980       2.995440       2.993910       2.992380       2.990850       2.989340       2.987830       2.986340    
   3.017450       3.016380       3.015250       3.014080       3.012870       3.011620       3.010340       3.009020       3.007660       3.006280       3.004880       3.003450       3.002000       3.000540       2.999060       2.997560       2.996060       2.994550       2.993040       2.991520       2.990000       2.988480       2.986970       2.985450       2.983950       2.982450       2.980960       2.979480       2.978010       2.976550    
   3.007140       3.006060       3.004940       3.003770       3.002560       3.001310       3.000030       2.998710       2.997360       2.995990       2.994590       2.993170       2.991740       2.990280       2.988820       2.987340       2.985860       2.984360       2.982870       2.981370       2.979880       2.978390       2.976900       2.975410       2.973940       2.972470       2.971010       2.969570       2.968130       2.966710    
   2.996780       2.995700       2.994580       2.993410       2.992200       2.990950       2.989670       2.988350       2.987010       2.985650       2.984260       2.982850       2.981420       2.979980       2.978530       2.977070       2.975600       2.974130       2.972650       2.971180       2.969710       2.968240       2.966780       2.965320       2.963880       2.962440       2.961020       2.959610       2.958210       2.956820    
   2.996770       2.995690       2.991670       2.983000       2.981790       2.980540       2.979260       2.977960       2.976620       2.975260       2.973880       2.972480       2.971060       2.969630       2.968190       2.966750       2.965300       2.963840       2.962390       2.960940       2.959490       2.958050       2.956610       2.955190       2.953770       2.952370       2.950980       2.949600       2.948240       2.946890    
   2.996750       2.991780       2.983000       2.974250       2.971340       2.970100       2.968820       2.967510       2.966180       2.964830       2.963450       2.962060       2.960660       2.959240       2.957810       2.956380       2.954950       2.953510       2.952080       2.950650       2.949230       2.947810       2.946400       2.945010       2.943620       2.942250       2.940890       2.939550       2.938230       2.936920    
   2.992330       2.983000       2.971050       2.966100       2.960860       2.959610       2.958340       2.957030       2.955710       2.954360       2.952990       2.951610       2.950210       2.948810       2.947390       2.945980       2.944560       2.943140       2.941730       2.940320       2.938920       2.937530       2.936150       2.934780       2.933430       2.932090       2.930770       2.929460       2.928180       2.926910    
   2.983000       2.969600       2.963480       2.960860       2.956520       2.949090       2.947820       2.946520       2.945190       2.943850       2.942490       2.941110       2.939730       2.938330       2.936940       2.935530       2.934130       2.932730       2.931340       2.929960       2.928580       2.927210       2.925860       2.924520       2.923200       2.921890       2.920610       2.919340       2.918090       2.916860    
   2.968910       2.962170       2.960860       2.955490       2.949090       2.944730       2.937270       2.935970       2.934650       2.933310       2.931960       2.930590       2.929210       2.927830       2.926440       2.925060       2.923670       2.922290       2.920920       2.919550       2.918200       2.916860       2.915530       2.914220       2.912930       2.911660       2.910410       2.909180       2.907960       2.906770    
   2.961510       2.960860       2.955150       2.949090       2.943700       2.937270       2.936620       2.935960       2.931670       2.922740       2.921390       2.920030       2.918660       2.917290       2.915920       2.914540       2.913180       2.911810       2.910460       2.909120       2.907790       2.906470       2.905170       2.903890       2.902630       2.901400       2.900180       2.898980       2.897810       2.896660    
   2.960860       2.955030       2.949090       2.943350       2.937270       2.936940       2.936620       2.931750       2.922740       2.922070       2.914490       2.909450       2.908090       2.906730       2.905360       2.904000       2.902650       2.901300       2.899970       2.898650       2.897340       2.896050       2.894780       2.893530       2.892310       2.891100       2.889920       2.888760       2.887620       2.886510    
   2.954990       2.949090       2.943240       2.937270       2.937110       2.936940       2.932010       2.922740       2.922400       2.912460       2.904150       2.898840       2.897490       2.896130       2.894780       2.893440       2.892100       2.890770       2.889450       2.888150       2.886870       2.885610       2.884370       2.883150       2.881950       2.880780       2.879630       2.878510       2.877410       2.876340    
   2.949090       2.943200       2.937270       2.937190       2.937110       2.932200       2.922740       2.922570       2.911590       2.901490       2.898840       2.898160       2.894500       2.885520       2.884180       2.882850       2.881520       2.880210       2.878910       2.877640       2.876380       2.875140       2.873920       2.872730       2.871570       2.870430       2.869320       2.868230       2.867180       2.866150    
   2.943190       2.937270       2.937230       2.937190       2.932310       2.922740       2.922660       2.911180       2.900170       2.898840       2.898500       2.894250       2.885520       2.884850       2.884180       2.882850       2.881530       2.880210       2.872080       2.867090       2.865860       2.864650       2.863460       2.862300       2.861160       2.860060       2.858980       2.857940       2.856920       2.855940    
   2.937270       2.937250       2.937230       2.932370       2.922740       2.922700       2.910980       2.899500       2.898840       2.898670       2.894280       2.885520       2.885190       2.884850       2.883960       2.882850       2.881530       2.870430       2.861810       2.856540       2.855320       2.854130       2.852970       2.851840       2.850740       2.849670       2.848630       2.847630       2.846650       2.845700    
   2.937260       2.937250       2.932400       2.922740       2.922720       2.910890       2.899170       2.898840       2.898760       2.894330       2.885520       2.885350       2.885190       2.884670       2.883890       2.882780       2.870110       2.859180       2.856540       2.852210       2.844770       2.843610       2.842470       2.841370       2.840300       2.839270       2.838270       2.837300       2.836360       2.835460    
   2.937260       2.932410       2.922740       2.922730       2.910840       2.899010       2.898840       2.898800       2.894360       2.885520       2.885440       2.885350       2.885070       2.884580       2.883780       2.863880       2.857860       2.856540       2.840320       2.834200       2.833520       2.833070       2.831960       2.830890       2.829850       2.828850       2.827890       2.826960       2.826060       2.825200    
   2.932420       2.922740       2.922730       2.910810       2.898920       2.898840       2.898820       2.894380       2.885520       2.885480       2.885440       2.885290       2.885000       2.856570       2.837230       2.824750       2.824750       2.823560       2.821860       2.818340       2.823630       2.822520       2.821440       2.820400       2.819390       2.818430       2.817500       2.816610       2.815760       2.814940    
   2.922740       2.922740       2.910800       2.898880       2.898840       2.898830       2.894390       2.885520       2.885500       2.885480       2.885400       2.885240       2.834310       2.772520       2.772850       2.793530       2.791630       2.792960       2.806110       2.813050       2.813050       2.811960       2.810910       2.809900       2.808930       2.807990       2.807100       2.806250       2.805440       2.804670    
   2.922740       2.910800       2.898860       2.898840       2.898830       2.894390       2.885520       2.885510       2.885500       2.885460       2.828100       2.742180       2.762130       2.772190       2.772190       2.772850       2.784870       2.790310       2.792960       2.800090       2.802460       2.801400       2.800370       2.799390       2.798450       2.797560       2.796710       2.795900       2.795130       2.794400    
   2.910790       2.898850       2.898840       2.898840       2.894400       2.885520       2.885510       2.885510       2.885490       2.816680       2.742180       2.742180       2.742180       2.761640       2.771520       2.771520       2.772850       2.783360       2.787650       2.792960       2.791880       2.790840       2.789840       2.788890       2.787980       2.787120       2.786310       2.785540       2.784810       2.784130    
   2.898850       2.898840       2.898840       2.894400       2.885520       2.885520       2.885510       2.836840       2.790950       2.742150       2.742180       2.742180       2.742180       2.742180       2.760680       2.770200       2.770200       2.772850       2.779980       2.782350       2.781290       2.780280       2.779310       2.778390       2.777520       2.776690       2.775920       2.775190       2.774510       2.773870    
   2.898840       2.898840       2.894400       2.885520       2.885520       2.803970       2.681660       2.686250       2.690850       2.724990       2.742090       2.742180       2.742180       2.742180       2.742180       2.758810       2.767550       2.767540       2.772850       2.771760       2.770720       2.769730       2.768780       2.767890       2.767060       2.766270       2.765530       2.764840       2.764210       2.763610    
   2.898840       2.894400       2.885520       2.885520       2.787650       2.681640       2.681640       2.681660       2.686250       2.690850       2.724840       2.741920       2.742180       2.742180       2.742180       2.742180       2.755320       2.762250       2.762240       2.761170       2.760150       2.759180       2.758270       2.757410       2.756600       2.755850       2.755160       2.754510       2.753920       2.753370    
