iMOD/TUTORIALS/TUT_MetaswapAnalyser/model_MetaSWAP/meteo/Evaporation/Evaporation_20050313_L1.ASC
NCOLS                30
NROWS                30
XLLCORNER     160000.00
YLLCORNER     340000.00
CELLSIZE        1000.00
NODATA_VALUE   -9999.00
  0.9223500      0.9199300      0.9175500      0.9151900      0.9128600      0.9105600      0.9082800      0.9060300      0.9038000      0.9015900      0.8993900      0.8972200      0.8950500      0.8929100      0.8907800      0.8886500      0.8865400      0.8844400      0.8823500      0.8802700      0.8781900      0.8761200      0.8740500      0.8719900      0.8699300      0.8678800      0.8658200      0.8637700      0.8617200      0.8596600    
  0.9242700      0.9218500      0.9194700      0.9171100      0.9147800      0.9124800      0.9102000      0.9079500      0.9057100      0.9035000      0.9013000      0.8991200      0.8969600      0.8948100      0.8926700      0.8905500      0.8884400      0.8863300      0.8842300      0.8821400      0.8800600      0.8779800      0.8759100      0.8738400      0.8717700      0.8697100      0.8676400      0.8655800      0.8635200      0.8614600    
  0.9262200      0.9238100      0.9214300      0.9190700      0.9167400      0.9144400      0.9121600      0.9099100      0.9076700      0.9054500      0.9032600      0.9010700      0.8989100      0.8967500      0.8946100      0.8924800      0.8903600      0.8882500      0.8861500      0.8840500      0.8819600      0.8798800      0.8778000      0.8757200      0.8736500      0.8715700      0.8695000      0.8674300      0.8653600      0.8632900    
  0.9282200      0.9258000      0.9234200      0.9210700      0.9187400      0.9164400      0.9141600      0.9119000      0.9096600      0.9074400      0.9052400      0.9030600      0.9008900      0.8987300      0.8965900      0.8944500      0.8923300      0.8902100      0.8881000      0.8860000      0.8839100      0.8818100      0.8797300      0.8776400      0.8755600      0.8734800      0.8713900      0.8693100      0.8672300      0.8651500    
  0.9302400      0.9278300      0.9254500      0.9231000      0.9207700      0.9184700      0.9161900      0.9139300      0.9116900      0.9094700      0.9072700      0.9050800      0.9029100      0.9007500      0.8986000      0.8964600      0.8943300      0.8922100      0.8900900      0.8879900      0.8858800      0.8837800      0.8816900      0.8795900      0.8775000      0.8754100      0.8733200      0.8712300      0.8691400      0.8670400    
  0.9323000      0.9299000      0.9275200      0.9251700      0.9228400      0.9205400      0.9182600      0.9160000      0.9137600      0.9115300      0.9093300      0.9071400      0.9049600      0.9028000      0.9006400      0.8985000      0.8963600      0.8942400      0.8921200      0.8900000      0.8878900      0.8857800      0.8836800      0.8815800      0.8794800      0.8773800      0.8752800      0.8731800      0.8710700      0.8689700    
  0.9344000      0.9319900      0.9296200      0.9272700      0.9249400      0.9226400      0.9203600      0.9181000      0.9158500      0.9136300      0.9114200      0.9092300      0.9070500      0.9048800      0.9027200      0.9005700      0.8984300      0.8963000      0.8941700      0.8920500      0.8899300      0.8878200      0.8857100      0.8836000      0.8814900      0.8793800      0.8772600      0.8751500      0.8730400      0.8709200    
  0.9365200      0.9341200      0.9317400      0.9294000      0.9270700      0.9247700      0.9224900      0.9202300      0.9179800      0.9157600      0.9135500      0.9113500      0.9091700      0.9069900      0.9048300      0.9026800      0.9005300      0.8983900      0.8962600      0.8941300      0.8920100      0.8898800      0.8877600      0.8856400      0.8835200      0.8814000      0.8792800      0.8771600      0.8750400      0.8729100    
  0.9386700      0.9362700      0.9339000      0.9315500      0.9292300      0.9269300      0.9246500      0.9223800      0.9201400      0.9179100      0.9157000      0.9135000      0.9113100      0.9091400      0.9069700      0.9048100      0.9026600      0.9005200      0.8983800      0.8962400      0.8941100      0.8919800      0.8898500      0.8877200      0.8855900      0.8834600      0.8813300      0.8792000      0.8770600      0.8749200    
  0.9408500      0.9384500      0.9360800      0.9337400      0.9314200      0.9291200      0.9268300      0.9245700      0.9223300      0.9201000      0.9178800      0.9156800      0.9134900      0.9113100      0.9091400      0.9069800      0.9048200      0.9026700      0.9005200      0.8983800      0.8962400      0.8941000      0.8919600      0.8898300      0.8876900      0.8855500      0.8834000      0.8812600      0.8791100      0.8769600    
  0.9408570      0.9384600      0.9360550      0.9359500      0.9336300      0.9313300      0.9290500      0.9267900      0.9245400      0.9223100      0.9200900      0.9178900      0.9156900      0.9135100      0.9113400      0.9091700      0.9070100      0.9048500      0.9027000      0.9005500      0.8984000      0.8962500      0.8941000      0.8919600      0.8898100      0.8876600      0.8855000      0.8833500      0.8811900      0.8790300    
  0.9408660      0.9378300      0.9359500      0.9358950      0.9358700      0.9335700      0.9312900      0.9290300      0.9267800      0.9245500      0.9223300      0.9201200      0.9179200      0.9157400      0.9135600      0.9113900      0.9092200      0.9070600      0.9049000      0.9027400      0.9005800      0.8984300      0.8962700      0.8941200      0.8919600      0.8898000      0.8876300      0.8854600      0.8832900      0.8811200    
  0.9394830      0.9359500      0.9367440      0.9370000      0.9381300      0.9358300      0.9335500      0.9312900      0.9290400      0.9268100      0.9245900      0.9223800      0.9201800      0.9179900      0.9158000      0.9136300      0.9114600      0.9092900      0.9071200      0.9049600      0.9027900      0.9006300      0.8984600      0.8963000      0.8941300      0.8919600      0.8897800      0.8876000      0.8854200      0.8832300    
  0.9359500      0.9370970      0.9375650      0.9381300      0.9373600      0.9381200      0.9358400      0.9335700      0.9313300      0.9290900      0.9268700      0.9246600      0.9224600      0.9202600      0.9180800      0.9158900      0.9137200      0.9115400      0.9093700      0.9072000      0.9050300      0.9028500      0.9006800      0.8985000      0.8963200      0.8941400      0.8919500      0.8897600      0.8875700      0.8853600    
  0.9372560      0.9378470      0.9381300      0.9378700      0.9381200      0.9373670      0.9381400      0.9358800      0.9336300      0.9314000      0.9291700      0.9269600      0.9247600      0.9225600      0.9203700      0.9181800      0.9160000      0.9138200      0.9116400      0.9094600      0.9072800      0.9051000      0.9029200      0.9007300      0.8985400      0.8963500      0.8941500      0.8919400      0.8897400      0.8875200    
  0.9379890      0.9381300      0.9380400      0.9381200      0.9378760      0.9381400      0.9370100      0.9358830      0.9336580      0.9337200      0.9315000      0.9292800      0.9270800      0.9248800      0.9226800      0.9204900      0.9183000      0.9161200      0.9139300      0.9117500      0.9095600      0.9073700      0.9051800      0.9029800      0.9007800      0.8985700      0.8963600      0.8941500      0.8919200      0.8897000    
  0.9381300      0.9380970      0.9381200      0.9380450      0.9381400      0.9375750      0.9370110      0.9350680      0.9337200      0.9326100      0.9320200      0.9316200      0.9294100      0.9272100      0.9250100      0.9228200      0.9206300      0.9184300      0.9162400      0.9140500      0.9118500      0.9096600      0.9074500      0.9052500      0.9030400      0.9008200      0.8986000      0.8963700      0.8941300      0.8918900    
  0.9381160      0.9381200      0.9381020      0.9381400      0.9378580      0.9375750      0.9358430      0.9337200      0.9331650      0.9330260      0.9328000      0.9339800      0.9317700      0.9295600      0.9273600      0.9251600      0.9229700      0.9207700      0.9185700      0.9163700      0.9141700      0.9119600      0.9097500      0.9075400      0.9053100      0.9030900      0.9008500      0.8986100      0.8963600      0.8941000    
  0.9381200      0.9381210      0.9381400      0.9379990      0.9378580      0.9362490      0.9337200      0.9334420      0.9334560      0.9333900      0.9339800      0.9328750      0.9318100      0.9319300      0.9297300      0.9275300      0.9253200      0.9231200      0.9209200      0.9187100      0.9165000      0.9142900      0.9120700      0.9098400      0.9076100      0.9053700      0.9031200      0.9008600      0.8986000      0.8963300    
  0.9381270      0.9381400      0.9380690      0.9379990      0.9364560      0.9337200      0.9335810      0.9336570      0.9336850      0.9339800      0.9334280      0.9326490      0.9319300      0.9308300      0.9297300      0.9275270      0.9253230      0.9231200      0.9214520      0.9210700      0.9188500      0.9166300      0.9144000      0.9121600      0.9099200      0.9076600      0.9054000      0.9031400      0.9008600      0.8985800    
  0.9381400      0.9381050      0.9380690      0.9365610      0.9337200      0.9336510      0.9337540      0.9338330      0.9339800      0.9337040      0.9329970      0.9319300      0.9313800      0.9308300      0.9293620      0.9275270      0.9253230      0.9231180      0.9222550      0.9234400      0.9212100      0.9189800      0.9167400      0.9144900      0.9122400      0.9099800      0.9077000      0.9054200      0.9031300      0.9008300    
  0.9381220      0.9381050      0.9366140      0.9337200      0.9336850      0.9338020      0.9339060      0.9339800      0.9338420      0.9331530      0.9319300      0.9316550      0.9313800      0.9305240      0.9292400      0.9274040      0.9244510      0.9228480      0.9234400      0.9227470      0.9235900      0.9213500      0.9191000      0.9168400      0.9145800      0.9123000      0.9100100      0.9077200      0.9054200      0.9031000    
  0.9381220      0.9366400      0.9337200      0.9337030      0.9338260      0.9339430      0.9339800      0.9339110      0.9332260      0.9319300      0.9317920      0.9316550      0.9311860      0.9303810      0.9290560      0.9269810      0.9231440      0.9234400      0.9254350      0.9259800      0.9246320      0.9237300      0.9214700      0.9192000      0.9169200      0.9146400      0.9123400      0.9100300      0.9077100      0.9053800    
  0.9366530      0.9337200      0.9337110      0.9338380      0.9339620      0.9339800      0.9339450      0.9332620      0.9319300      0.9318610      0.9317920      0.9315450      0.9310740      0.9339130      0.9334550      0.9306680      0.9306650      0.9297400      0.9287790      0.9295750      0.9283700      0.9261200      0.9238500      0.9215700      0.9192800      0.9169800      0.9146700      0.9123500      0.9100200      0.9076700    
  0.9337200      0.9337160      0.9338440      0.9339710      0.9339800      0.9339630      0.9332790      0.9319300      0.9318960      0.9318610      0.9317330      0.9314700      0.9373640      0.9451060      0.9450300      0.9386160      0.9381940      0.9378900      0.9331550      0.9307830      0.9307800      0.9285200      0.9262400      0.9239500      0.9216500      0.9193400      0.9170200      0.9146800      0.9123300      0.9099700    
  0.9337180      0.9338470      0.9339750      0.9339800      0.9339710      0.9332880      0.9319300      0.9319130      0.9318960      0.9318300      0.9408650      0.9546300      0.9483440      0.9451830      0.9451820      0.9450300      0.9405750      0.9384980      0.9378900      0.9343720      0.9332000      0.9309200      0.9286400      0.9263400      0.9240300      0.9217000      0.9193700      0.9170200      0.9146500      0.9122800    
  0.9338490      0.9339780      0.9339800      0.9339760      0.9332920      0.9319300      0.9319210      0.9319130      0.9318790      0.9427700      0.9546300      0.9546300      0.9546300      0.9484560      0.9453350      0.9453350      0.9450300      0.9408810      0.9391050      0.9378900      0.9356200      0.9333400      0.9310400      0.9287300      0.9264100      0.9240700      0.9217200      0.9193600      0.9169800      0.9145900    
  0.9339790      0.9339800      0.9339780      0.9332950      0.9319300      0.9319260      0.9319210      0.9411830      0.9482770      0.9546370      0.9546300      0.9546300      0.9546300      0.9546300      0.9486750      0.9456400      0.9456400      0.9450300      0.9415000      0.9403200      0.9380500      0.9357600      0.9334500      0.9311300      0.9288000      0.9264500      0.9240800      0.9217000      0.9193100      0.9169000    
  0.9339800      0.9339790      0.9332960      0.9319300      0.9319280      0.9486200      0.9736600      0.9713400      0.9690200      0.9594450      0.9546500      0.9546300      0.9546300      0.9546300      0.9546300      0.9490960      0.9462510      0.9462500      0.9450300      0.9427600      0.9404800      0.9381800      0.9358600      0.9335400      0.9311900      0.9288300      0.9264500      0.9240500      0.9216500      0.9192200    
  0.9339790      0.9332960      0.9319300      0.9319290      0.9519630      0.9736650      0.9736650      0.9736600      0.9713400      0.9690200      0.9594800      0.9546900      0.9546300      0.9546300      0.9546300      0.9546300      0.9498620      0.9474730      0.9474700      0.9452000      0.9429100      0.9406000      0.9382800      0.9359400      0.9335800      0.9312100      0.9288100      0.9264100      0.9239800      0.9215400    
