iMOD/TUTORIALS/TUT_MetaswapAnalyser/model_MetaSWAP/meteo/Evaporation/Evaporation_20051226_L1.ASC
NCOLS                30
NROWS                30
XLLCORNER     160000.00
YLLCORNER     340000.00
CELLSIZE        1000.00
NODATA_VALUE   -9999.00
  0.3515100      0.3500600      0.3485900      0.3471000      0.3455900      0.3440600      0.3425100      0.3409500      0.3393700      0.3377700      0.3361600      0.3345300      0.3328900      0.3312400      0.3295800      0.3279100      0.3262300      0.3245400      0.3228400      0.3211400      0.3194300      0.3177100      0.3159900      0.3142600      0.3125300      0.3107900      0.3090500      0.3073100      0.3055600      0.3038100    
  0.3507800      0.3493400      0.3478700      0.3463700      0.3448600      0.3433300      0.3417800      0.3402200      0.3386400      0.3370400      0.3354300      0.3338100      0.3321700      0.3305200      0.3288600      0.3271900      0.3255200      0.3238300      0.3221400      0.3204400      0.3187300      0.3170200      0.3153000      0.3135700      0.3118500      0.3101200      0.3083800      0.3066400      0.3049000      0.3031600    
  0.3500400      0.3485900      0.3471200      0.3456300      0.3441100      0.3425800      0.3410400      0.3394700      0.3378900      0.3362900      0.3346800      0.3330600      0.3314300      0.3297800      0.3281300      0.3264600      0.3247900      0.3231000      0.3214100      0.3197200      0.3180100      0.3163000      0.3145900      0.3128700      0.3111500      0.3094200      0.3076900      0.3059600      0.3042300      0.3024900    
  0.3492800      0.3478300      0.3463500      0.3448600      0.3433500      0.3418200      0.3402700      0.3387000      0.3371200      0.3355300      0.3339200      0.3323000      0.3306700      0.3290300      0.3273700      0.3257100      0.3240400      0.3223600      0.3206700      0.3189800      0.3172800      0.3155800      0.3138700      0.3121500      0.3104400      0.3087200      0.3069900      0.3052700      0.3035400      0.3018100    
  0.3485000      0.3470500      0.3455700      0.3440800      0.3425600      0.3410300      0.3394900      0.3379200      0.3363400      0.3347500      0.3331400      0.3315200      0.3298900      0.3282500      0.3266000      0.3249400      0.3232700      0.3216000      0.3199100      0.3182300      0.3165300      0.3148300      0.3131300      0.3114200      0.3097100      0.3079900      0.3062700      0.3045500      0.3028300      0.3011100    
  0.3477100      0.3462500      0.3447800      0.3432800      0.3417700      0.3402300      0.3386900      0.3371200      0.3355400      0.3339500      0.3323500      0.3307300      0.3291000      0.3274600      0.3258100      0.3241600      0.3224900      0.3208200      0.3191400      0.3174600      0.3157700      0.3140700      0.3123700      0.3106700      0.3089600      0.3072500      0.3055400      0.3038300      0.3021100      0.3004000    
  0.3469000      0.3454400      0.3439600      0.3424700      0.3409500      0.3394200      0.3378700      0.3363100      0.3347300      0.3331400      0.3315400      0.3299200      0.3282900      0.3266600      0.3250100      0.3233600      0.3217000      0.3200300      0.3183500      0.3166700      0.3149900      0.3132900      0.3116000      0.3099000      0.3082000      0.3065000      0.3047900      0.3030900      0.3013800      0.2996700    
  0.3460800      0.3446200      0.3431400      0.3416400      0.3401200      0.3385900      0.3370400      0.3354800      0.3339000      0.3323100      0.3307100      0.3291000      0.3274700      0.3258400      0.3242000      0.3225400      0.3208900      0.3192200      0.3175500      0.3158700      0.3141900      0.3125100      0.3108200      0.3091200      0.3074300      0.3057300      0.3040300      0.3023300      0.3006300      0.2989300    
  0.3452500      0.3437900      0.3423000      0.3408000      0.3392800      0.3377500      0.3362000      0.3346400      0.3330600      0.3314700      0.3298700      0.3282600      0.3266400      0.3250000      0.3233600      0.3217200      0.3200600      0.3184000      0.3167300      0.3150600      0.3133800      0.3117000      0.3100200      0.3083300      0.3066400      0.3049500      0.3032600      0.3015700      0.2998700      0.2981800    
  0.3444100      0.3429400      0.3414500      0.3399500      0.3384300      0.3369000      0.3353500      0.3337800      0.3322100      0.3306200      0.3290200      0.3274100      0.3257900      0.3241600      0.3225200      0.3208800      0.3192200      0.3175700      0.3159000      0.3142300      0.3125600      0.3108900      0.3092100      0.3075300      0.3058400      0.3041600      0.3024700      0.3007900      0.2991000      0.2974100    
  0.3444000      0.3429330      0.3408580      0.3390900      0.3375700      0.3360300      0.3344800      0.3329200      0.3313400      0.3297500      0.3281600      0.3265500      0.3249300      0.3233000      0.3216600      0.3200200      0.3183700      0.3167200      0.3150600      0.3134000      0.3117300      0.3100600      0.3083800      0.3067100      0.3050300      0.3033500      0.3016800      0.3000000      0.2983200      0.2966400    
  0.3443930      0.3418200      0.3390900      0.3372900      0.3366900      0.3351600      0.3336000      0.3320400      0.3304700      0.3288800      0.3272800      0.3256700      0.3240500      0.3224300      0.3208000      0.3191600      0.3175100      0.3158600      0.3142000      0.3125500      0.3108800      0.3092200      0.3075500      0.3058800      0.3042100      0.3025400      0.3008700      0.2991900      0.2975200      0.2958500    
  0.3427860      0.3390900      0.3371100      0.3362500      0.3358100      0.3342700      0.3327200      0.3311500      0.3295800      0.3279900      0.3263900      0.3247900      0.3231700      0.3215500      0.3199200      0.3182800      0.3166400      0.3149900      0.3133400      0.3116800      0.3100300      0.3083700      0.3067000      0.3050400      0.3033800      0.3017100      0.3000500      0.2983800      0.2967200      0.2950500    
  0.3390900      0.3370100      0.3360300      0.3358100      0.3344830      0.3333700      0.3318200      0.3302600      0.3286800      0.3270900      0.3255000      0.3238900      0.3222800      0.3206600      0.3190300      0.3173900      0.3157600      0.3141100      0.3124600      0.3108100      0.3091600      0.3075100      0.3058500      0.3041900      0.3025300      0.3008700      0.2992200      0.2975600      0.2959000      0.2942500    
  0.3369580      0.3359200      0.3358100      0.3345540      0.3333700      0.3320370      0.3309200      0.3293500      0.3277800      0.3261900      0.3245900      0.3229900      0.3213800      0.3197600      0.3181300      0.3165000      0.3148600      0.3132200      0.3115800      0.3099300      0.3082800      0.3066300      0.3049800      0.3033300      0.3016800      0.3000300      0.2983800      0.2967300      0.2950800      0.2934300    
  0.3358650      0.3358100      0.3345780      0.3333700      0.3321090      0.3309200      0.3301350      0.3293500      0.3271470      0.3252700      0.3236800      0.3220800      0.3204600      0.3188500      0.3172200      0.3155900      0.3139600      0.3123200      0.3106800      0.3090400      0.3074000      0.3057500      0.3041100      0.3024600      0.3008200      0.2991700      0.2975300      0.2958900      0.2942500      0.2926100    
  0.3358100      0.3345860      0.3333700      0.3321330      0.3309200      0.3305270      0.3301350      0.3279760      0.3252700      0.3244750      0.3224840      0.3211600      0.3195500      0.3179300      0.3163100      0.3146800      0.3130500      0.3114200      0.3097800      0.3081400      0.3065100      0.3048700      0.3032300      0.3015900      0.2999500      0.2983100      0.2966700      0.2950400      0.2934100      0.2917700    
  0.3345890      0.3333700      0.3321410      0.3309200      0.3307240      0.3305270      0.3284770      0.3252700      0.3248720      0.3226310      0.3206950      0.3202300      0.3186200      0.3170000      0.3153900      0.3137600      0.3121300      0.3105000      0.3088700      0.3072400      0.3056000      0.3039700      0.3023400      0.3007000      0.2990700      0.2974400      0.2958100      0.2941800      0.2925600      0.2909300    
  0.3333700      0.3321440      0.3309200      0.3308220      0.3307240      0.3287500      0.3252700      0.3250710      0.3226930      0.3204620      0.3202300      0.3194250      0.3179800      0.3160700      0.3144600      0.3128300      0.3112100      0.3095800      0.3079500      0.3063300      0.3047000      0.3030700      0.3014400      0.2998100      0.2981900      0.2965600      0.2949400      0.2933200      0.2917000      0.2900900    
  0.3321450      0.3309200      0.3308710      0.3308220      0.3288910      0.3252700      0.3251710      0.3227220      0.3203460      0.3202300      0.3198270      0.3184260      0.3160700      0.3152650      0.3144530      0.3128330      0.3112070      0.3095800      0.3067500      0.3054100      0.3037800      0.3021600      0.3005300      0.2989100      0.2972900      0.2956800      0.2940600      0.2924500      0.2908400      0.2892400    
  0.3309200      0.3308950      0.3308710      0.3289640      0.3252700      0.3252200      0.3227360      0.3202880      0.3202300      0.3200290      0.3186380      0.3160700      0.3156680      0.3152630      0.3141840      0.3128310      0.3112070      0.3073920      0.3049450      0.3044800      0.3028600      0.3012400      0.2996300      0.2980100      0.2964000      0.2947900      0.2931800      0.2915800      0.2899800      0.2883800    
  0.3309080      0.3308950      0.3290000      0.3252700      0.3252450      0.3227430      0.3202590      0.3202300      0.3201290      0.3187420      0.3160700      0.3158690      0.3156670      0.3150380      0.3140930      0.3127410      0.3081250      0.3047120      0.3044800      0.3030930      0.3019400      0.3003200      0.2987100      0.2971000      0.2955000      0.2938900      0.2922900      0.2907000      0.2891100      0.2875200    
  0.3309080      0.3290180      0.3252700      0.3252580      0.3227470      0.3202450      0.3202300      0.3201800      0.3187930      0.3160700      0.3159690      0.3158680      0.3155250      0.3149320      0.3139570      0.3082450      0.3045960      0.3044800      0.3020460      0.3010050      0.3000400      0.2994000      0.2977900      0.2961900      0.2945900      0.2930000      0.2914000      0.2898200      0.2882300      0.2866500    
  0.3290270      0.3252700      0.3252640      0.3227480      0.3202370      0.3202300      0.3202050      0.3188180      0.3160700      0.3160200      0.3159690      0.3157870      0.3154420      0.3107440      0.3061270      0.3016690      0.3016700      0.3008590      0.2999160      0.2996050      0.3000700      0.2984700      0.2968700      0.2952700      0.2936800      0.2920900      0.2905100      0.2889300      0.2873600      0.2857900    
  0.3252700      0.3252670      0.3227490      0.3202340      0.3202300      0.3202170      0.3188310      0.3160700      0.3160450      0.3160200      0.3159250      0.3157330      0.3078010      0.2985300      0.2985600      0.2994000      0.2987410      0.2988600      0.2989920      0.2991370      0.2991400      0.2975400      0.2959400      0.2943500      0.2927700      0.2911900      0.2896100      0.2880400      0.2864800      0.2849200    
  0.3252680      0.3227500      0.3202320      0.3202300      0.3202240      0.3188370      0.3160700      0.3160570      0.3160450      0.3159970      0.3084640      0.2973200      0.2981020      0.2985010      0.2985010      0.2985600      0.2986280      0.2986230      0.2988600      0.2983650      0.2982000      0.2966100      0.2950200      0.2934300      0.2918500      0.2902800      0.2887100      0.2871500      0.2856000      0.2840400    
  0.3227500      0.3202310      0.3202300      0.3202270      0.3188400      0.3160700      0.3160640      0.3160570      0.3160330      0.3070290      0.2973200      0.2973200      0.2973200      0.2980580      0.2984410      0.2984410      0.2985600      0.2984700      0.2983850      0.2988600      0.2972600      0.2956700      0.2940900      0.2925100      0.2909400      0.2893700      0.2878100      0.2862600      0.2847100      0.2831700    
  0.3202300      0.3202300      0.3202280      0.3188420      0.3160700      0.3160670      0.3160640      0.3106060      0.3045010      0.2973170      0.2973200      0.2973200      0.2973200      0.2973200      0.2979700      0.2983230      0.2983220      0.2985600      0.2980750      0.2979100      0.2963200      0.2947400      0.2931600      0.2915900      0.2900200      0.2884600      0.2869100      0.2853700      0.2838300      0.2823000    
  0.3202300      0.3202290      0.3188430      0.3160700      0.3160680      0.3076280      0.2949700      0.2946200      0.2942700      0.2962960      0.2973120      0.2973200      0.2973200      0.2973200      0.2973200      0.2977980      0.2980860      0.2980850      0.2985600      0.2969700      0.2953800      0.2938000      0.2922300      0.2906600      0.2891100      0.2875600      0.2860100      0.2844800      0.2829500      0.2814200    
  0.3202300      0.3188430      0.3160700      0.3160690      0.3059400      0.2949680      0.2949680      0.2949700      0.2946200      0.2942700      0.2962830      0.2972970      0.2973200      0.2973200      0.2973200      0.2973200      0.2974630      0.2976130      0.2976100      0.2960200      0.2944400      0.2928700      0.2913000      0.2897400      0.2881900      0.2866500      0.2851100      0.2835900      0.2820700      0.2805500    
