iMOD/TUTORIALS/TUT_MetaswapAnalyser/model_MetaSWAP/meteo/Evaporation/Evaporation_20060730_L1.ASC
NCOLS                30
NROWS                30
XLLCORNER     160000.00
YLLCORNER     340000.00
CELLSIZE        1000.00
NODATA_VALUE   -9999.00
   2.273510       2.277330       2.281190       2.285080       2.289020       2.292980       2.296970       2.300980       2.305010       2.309060       2.313110       2.317180       2.321240       2.325310       2.329380       2.333450       2.337500       2.341550       2.345580       2.349600       2.353610       2.357600       2.361570       2.365520       2.369450       2.373350       2.377240       2.381100       2.384930       2.388740    
   2.277430       2.281260       2.285130       2.289030       2.292970       2.296940       2.300940       2.304950       2.308990       2.313040       2.317100       2.321160       2.325230       2.329300       2.333370       2.337440       2.341500       2.345540       2.349580       2.353600       2.357610       2.361590       2.365560       2.369510       2.373440       2.377350       2.381230       2.385090       2.388920       2.392730    
   2.281370       2.285210       2.289100       2.293010       2.296960       2.300940       2.304940       2.308960       2.313000       2.317050       2.321120       2.325190       2.329260       2.333330       2.337400       2.341470       2.345530       2.349570       2.353610       2.357630       2.361640       2.365630       2.369600       2.373540       2.377470       2.381370       2.385260       2.389110       2.392940       2.396750    
   2.285340       2.289200       2.293100       2.297020       2.300980       2.304970       2.308980       2.313000       2.317050       2.321110       2.325170       2.329240       2.333320       2.337390       2.341470       2.345530       2.349590       2.353640       2.357680       2.361700       2.365700       2.369690       2.373660       2.377610       2.381530       2.385430       2.389310       2.393170       2.396990       2.400800    
   2.289340       2.293210       2.297120       2.301060       2.305030       2.309030       2.313040       2.317080       2.321130       2.325190       2.329260       2.333340       2.337410       2.341490       2.345560       2.349630       2.353690       2.357740       2.361780       2.365800       2.369800       2.373790       2.377760       2.381700       2.385620       2.389520       2.393400       2.397250       2.401070       2.404870    
   2.293360       2.297250       2.301180       2.305130       2.309110       2.313110       2.317140       2.321180       2.325240       2.329300       2.333380       2.337460       2.341540       2.345620       2.349690       2.353760       2.357820       2.361870       2.365910       2.369930       2.373930       2.377920       2.381880       2.385820       2.389740       2.393640       2.397510       2.401360       2.405180       2.408970    
   2.297400       2.301310       2.305250       2.309220       2.313210       2.317230       2.321260       2.325310       2.329370       2.333440       2.337520       2.341610       2.345690       2.349770       2.353850       2.357920       2.361980       2.366030       2.370070       2.374090       2.378090       2.382070       2.386040       2.389980       2.393890       2.397790       2.401650       2.405500       2.409310       2.413100    
   2.301460       2.305390       2.309350       2.313330       2.317340       2.321360       2.325400       2.329460       2.333530       2.337610       2.341700       2.345780       2.349870       2.353960       2.358040       2.362110       2.366170       2.370220       2.374260       2.378270       2.382280       2.386260       2.390220       2.394150       2.398070       2.401960       2.405820       2.409660       2.413470       2.417250    
   2.305540       2.309490       2.313460       2.317460       2.321480       2.325520       2.329570       2.333640       2.337720       2.341800       2.345890       2.349980       2.354080       2.358160       2.362250       2.366320       2.370380       2.374430       2.378470       2.382490       2.386490       2.390470       2.394420       2.398360       2.402270       2.406150       2.410010       2.413840       2.417650       2.421430    
   2.309640       2.313600       2.317590       2.321610       2.325640       2.329690       2.333760       2.337830       2.341920       2.346010       2.350110       2.354210       2.358300       2.362390       2.366480       2.370560       2.374620       2.378670       2.382700       2.386720       2.390720       2.394700       2.398650       2.402580       2.406490       2.410370       2.414220       2.418050       2.421850       2.425620    
   2.309640       2.313610       2.319640       2.325770       2.329820       2.333880       2.337960       2.342040       2.346140       2.350240       2.354340       2.358450       2.362550       2.366650       2.370730       2.374810       2.378880       2.382930       2.386960       2.390980       2.394980       2.398950       2.402900       2.406830       2.410730       2.414610       2.418460       2.422280       2.426070       2.429840    
   2.309650       2.317170       2.325770       2.331950       2.334010       2.338090       2.342180       2.346270       2.350380       2.354490       2.358600       2.362710       2.366820       2.370920       2.375010       2.379090       2.383160       2.387210       2.391240       2.395260       2.399250       2.403230       2.407180       2.411100       2.415000       2.418870       2.422710       2.426530       2.430310       2.434070    
   2.314580       2.325770       2.333010       2.336110       2.338210       2.342300       2.346410       2.350520       2.354630       2.358750       2.362870       2.366990       2.371100       2.375200       2.379300       2.383380       2.387450       2.391510       2.395540       2.399560       2.403550       2.407520       2.411470       2.415390       2.419280       2.423150       2.426980       2.430790       2.434570       2.438320    
   2.325770       2.333540       2.337160       2.338210       2.342350       2.346530       2.350650       2.354770       2.358900       2.363030       2.367150       2.371280       2.375400       2.379510       2.383610       2.387690       2.391770       2.395820       2.399860       2.403870       2.407860       2.411830       2.415770       2.419690       2.423580       2.427440       2.431270       2.435070       2.438840       2.442580    
   2.333800       2.337690       2.338210       2.342360       2.346530       2.350690       2.354900       2.359040       2.363170       2.367310       2.371450       2.375580       2.379710       2.383820       2.387930       2.392020       2.396090       2.400150       2.404190       2.408200       2.412190       2.416160       2.420100       2.424010       2.427890       2.431750       2.435570       2.439360       2.443130       2.446860    
   2.337950       2.338210       2.342370       2.346530       2.350710       2.354900       2.356970       2.359040       2.365280       2.371610       2.375750       2.379900       2.384030       2.388150       2.392260       2.396350       2.400430       2.404490       2.408530       2.412540       2.416530       2.420500       2.424430       2.428340       2.432220       2.436070       2.439880       2.443670       2.447430       2.451150    
   2.338210       2.342370       2.346530       2.350710       2.354900       2.355930       2.356970       2.363220       2.371610       2.373680       2.380010       2.384220       2.388360       2.392490       2.396600       2.400700       2.404780       2.408840       2.412880       2.416900       2.420880       2.424850       2.428780       2.432680       2.436560       2.440400       2.444210       2.447990       2.451730       2.455450    
   2.342370       2.346530       2.350710       2.354900       2.355420       2.355930       2.361930       2.371610       2.372640       2.380050       2.386380       2.388550       2.392700       2.396830       2.400950       2.405060       2.409140       2.413210       2.417240       2.421260       2.425250       2.429210       2.433140       2.437040       2.440900       2.444740       2.448540       2.452320       2.456050       2.459760    
   2.346530       2.350710       2.354900       2.355160       2.355420       2.361220       2.371610       2.372130       2.380060       2.387470       2.388550       2.390630       2.394810       2.401180       2.405310       2.409420       2.413510       2.417570       2.421620       2.425630       2.429620       2.433580       2.437500       2.441400       2.445260       2.449090       2.452890       2.456650       2.460380       2.464070    
   2.350710       2.354900       2.355030       2.355160       2.360850       2.371610       2.371870       2.380070       2.388010       2.388550       2.389590       2.393790       2.401180       2.403240       2.405300       2.409410       2.413500       2.417570       2.425840       2.430010       2.434000       2.437950       2.441870       2.445770       2.449620       2.453450       2.457240       2.460990       2.464710       2.468390    
   2.354900       2.354960       2.355030       2.360660       2.371610       2.371740       2.380080       2.388280       2.388550       2.389070       2.393280       2.401180       2.402210       2.403240       2.405990       2.409410       2.413490       2.424700       2.432200       2.434390       2.438380       2.442330       2.446250       2.450140       2.453990       2.457810       2.461590       2.465330       2.469040       2.472720    
   2.354930       2.354960       2.360570       2.371610       2.371670       2.380080       2.388410       2.388550       2.388810       2.393020       2.401180       2.401700       2.402210       2.403810       2.406210       2.409630       2.423060       2.433300       2.434390       2.438510       2.442760       2.446710       2.450630       2.454510       2.458360       2.462170       2.465940       2.469680       2.473380       2.477040    
   2.354930       2.360520       2.371610       2.371640       2.380080       2.388480       2.388550       2.388680       2.392890       2.401180       2.401440       2.401700       2.402570       2.404080       2.406550       2.424050       2.433840       2.434390       2.443440       2.447140       2.449520       2.451100       2.455010       2.458890       2.462730       2.466530       2.470300       2.474030       2.477720       2.481370    
   2.360490       2.371610       2.371630       2.380080       2.388520       2.388550       2.388610       2.392820       2.401180       2.401310       2.401440       2.401900       2.402780       2.419640       2.434470       2.447530       2.447530       2.449690       2.452260       2.453720       2.451530       2.455480       2.459390       2.463270       2.467100       2.470900       2.474650       2.478370       2.482050       2.485690    
   2.371610       2.371620       2.380080       2.388530       2.388550       2.388580       2.392790       2.401180       2.401240       2.401310       2.401550       2.402040       2.431090       2.465490       2.465350       2.459230       2.461220       2.460670       2.457670       2.455910       2.455910       2.459860       2.463770       2.467640       2.471470       2.475260       2.479010       2.482710       2.486380       2.490010    
   2.371610       2.380080       2.388540       2.388550       2.388570       2.392780       2.401180       2.401210       2.401240       2.401370       2.430660       2.474200       2.468500       2.465620       2.465620       2.465350       2.462820       2.461760       2.460670       2.460380       2.460290       2.464240       2.468140       2.472010       2.475830       2.479610       2.483350       2.487050       2.490710       2.494320    
   2.380080       2.388550       2.388550       2.388560       2.392770       2.401180       2.401200       2.401210       2.401270       2.436330       2.474200       2.474200       2.474200       2.468700       2.465890       2.465890       2.465350       2.463490       2.462850       2.460670       2.464660       2.468610       2.472510       2.476370       2.480190       2.483960       2.487690       2.491380       2.495030       2.498630    
   2.388550       2.388550       2.388550       2.392760       2.401180       2.401190       2.401200       2.423690       2.447330       2.474210       2.474200       2.474200       2.474200       2.474200       2.469100       2.466430       2.466430       2.465350       2.465110       2.465030       2.469020       2.472970       2.476870       2.480730       2.484540       2.488300       2.492030       2.495700       2.499340       2.502930    
   2.388550       2.388550       2.392760       2.401180       2.401180       2.437090       2.490940       2.491020       2.491090       2.479860       2.474230       2.474200       2.474200       2.474200       2.474200       2.469880       2.467510       2.467510       2.465350       2.469380       2.473370       2.477320       2.481220       2.485070       2.488880       2.492630       2.496350       2.500010       2.503630       2.507210    
   2.388550       2.392760       2.401180       2.401180       2.444270       2.490950       2.490950       2.490940       2.491020       2.491090       2.479920       2.474300       2.474200       2.474200       2.474200       2.474200       2.471360       2.469680       2.469680       2.473720       2.477710       2.481660       2.485550       2.489400       2.493200       2.496950       2.500650       2.504310       2.507920       2.511480    
