iMOD/TUTORIALS/TUT_MetaswapAnalyser/model_MetaSWAP/meteo/Evaporation/Evaporation_20060315_L1.ASC
NCOLS                30
NROWS                30
XLLCORNER     160000.00
YLLCORNER     340000.00
CELLSIZE        1000.00
NODATA_VALUE   -9999.00
   1.486780       1.486410       1.486100       1.485840       1.485640       1.485490       1.485380       1.485330       1.485310       1.485330       1.485400       1.485490       1.485620       1.485770       1.485960       1.486160       1.486400       1.486650       1.486920       1.487210       1.487520       1.487840       1.488170       1.488520       1.488880       1.489250       1.489620       1.490010       1.490400       1.490790    
   1.487780       1.487410       1.487100       1.486840       1.486640       1.486480       1.486380       1.486310       1.486290       1.486310       1.486370       1.486460       1.486580       1.486730       1.486910       1.487110       1.487330       1.487580       1.487850       1.488130       1.488430       1.488750       1.489070       1.489410       1.489770       1.490130       1.490500       1.490870       1.491260       1.491640    
   1.488810       1.488440       1.488130       1.487880       1.487670       1.487510       1.487400       1.487340       1.487310       1.487330       1.487380       1.487460       1.487580       1.487720       1.487890       1.488090       1.488310       1.488550       1.488810       1.489080       1.489380       1.489690       1.490010       1.490340       1.490680       1.491040       1.491400       1.491770       1.492150       1.492530    
   1.489870       1.489510       1.489200       1.488940       1.488740       1.488580       1.488460       1.488400       1.488370       1.488380       1.488420       1.488500       1.488610       1.488750       1.488910       1.489100       1.489310       1.489550       1.489800       1.490070       1.490360       1.490660       1.490970       1.491300       1.491640       1.491980       1.492340       1.492700       1.493070       1.493440    
   1.490960       1.490600       1.490290       1.490040       1.489830       1.489670       1.489560       1.489480       1.489450       1.489460       1.489500       1.489570       1.489670       1.489800       1.489960       1.490150       1.490350       1.490580       1.490820       1.491090       1.491370       1.491660       1.491970       1.492290       1.492620       1.492950       1.493300       1.493660       1.494020       1.494380    
   1.492070       1.491720       1.491420       1.491160       1.490960       1.490800       1.490680       1.490600       1.490570       1.490570       1.490600       1.490670       1.490770       1.490890       1.491050       1.491220       1.491420       1.491640       1.491880       1.492140       1.492410       1.492700       1.493000       1.493310       1.493630       1.493960       1.494300       1.494640       1.494990       1.495350    
   1.493220       1.492870       1.492570       1.492320       1.492110       1.491950       1.491830       1.491750       1.491710       1.491710       1.491740       1.491800       1.491890       1.492020       1.492160       1.492330       1.492520       1.492740       1.492970       1.493220       1.493480       1.493760       1.494050       1.494350       1.494670       1.494990       1.495320       1.495650       1.496000       1.496350    
   1.494380       1.494040       1.493740       1.493490       1.493290       1.493130       1.493010       1.492930       1.492890       1.492880       1.492900       1.492960       1.493050       1.493160       1.493300       1.493470       1.493650       1.493860       1.494080       1.494320       1.494580       1.494850       1.495130       1.495430       1.495730       1.496050       1.496370       1.496690       1.497030       1.497370    
   1.495570       1.495240       1.494940       1.494700       1.494490       1.494330       1.494210       1.494130       1.494080       1.494070       1.494100       1.494150       1.494230       1.494340       1.494470       1.494630       1.494810       1.495010       1.495230       1.495460       1.495710       1.495970       1.496240       1.496530       1.496830       1.497130       1.497440       1.497760       1.498080       1.498410    
   1.496790       1.496450       1.496160       1.495920       1.495720       1.495560       1.495440       1.495350       1.495310       1.495290       1.495310       1.495360       1.495440       1.495540       1.495670       1.495820       1.495990       1.496190       1.496390       1.496620       1.496860       1.497110       1.497380       1.497660       1.497940       1.498240       1.498540       1.498850       1.499170       1.499480    
   1.496800       1.496470       1.496420       1.497170       1.496970       1.496810       1.496690       1.496600       1.496550       1.496540       1.496550       1.496600       1.496670       1.496770       1.496890       1.497040       1.497200       1.497390       1.497590       1.497810       1.498040       1.498280       1.498540       1.498810       1.499090       1.499370       1.499670       1.499960       1.500270       1.500580    
   1.496820       1.496720       1.497170       1.497970       1.498240       1.498080       1.497960       1.497870       1.497820       1.497800       1.497820       1.497860       1.497920       1.498020       1.498140       1.498270       1.498430       1.498610       1.498810       1.499020       1.499240       1.499480       1.499730       1.499990       1.500250       1.500530       1.500810       1.501100       1.501400       1.501700    
   1.496980       1.497170       1.498390       1.498880       1.499520       1.499370       1.499250       1.499160       1.499110       1.499090       1.499100       1.499140       1.499200       1.499290       1.499400       1.499530       1.499690       1.499860       1.500050       1.500250       1.500470       1.500690       1.500930       1.501180       1.501440       1.501710       1.501980       1.502260       1.502550       1.502830    
   1.497170       1.498570       1.499200       1.499520       1.499850       1.500670       1.500550       1.500470       1.500420       1.500390       1.500400       1.500440       1.500500       1.500580       1.500690       1.500820       1.500960       1.501130       1.501310       1.501500       1.501710       1.501930       1.502160       1.502400       1.502650       1.502910       1.503170       1.503440       1.503710       1.503990    
   1.498650       1.499360       1.499520       1.500010       1.500670       1.501030       1.501880       1.501790       1.501740       1.501720       1.501720       1.501760       1.501810       1.501890       1.502000       1.502120       1.502260       1.502420       1.502590       1.502780       1.502980       1.503190       1.503410       1.503640       1.503880       1.504130       1.504380       1.504640       1.504900       1.505170    
   1.499440       1.499520       1.500070       1.500670       1.501190       1.501880       1.501840       1.501800       1.502080       1.503060       1.503060       1.503090       1.503150       1.503220       1.503320       1.503440       1.503570       1.503720       1.503890       1.504070       1.504260       1.504470       1.504680       1.504900       1.505130       1.505370       1.505610       1.505860       1.506110       1.506370    
   1.499520       1.500090       1.500670       1.501250       1.501880       1.501860       1.501840       1.502190       1.503060       1.503060       1.503890       1.504450       1.504500       1.504570       1.504660       1.504770       1.504900       1.505050       1.505210       1.505380       1.505570       1.505760       1.505970       1.506180       1.506400       1.506630       1.506860       1.507100       1.507340       1.507580    
   1.500090       1.500670       1.501270       1.501880       1.501870       1.501860       1.502240       1.503060       1.503060       1.504190       1.505130       1.505810       1.505860       1.505930       1.506020       1.506130       1.506250       1.506390       1.506550       1.506710       1.506890       1.507080       1.507270       1.507480       1.507690       1.507900       1.508120       1.508350       1.508580       1.508810    
   1.500670       1.501270       1.501880       1.501870       1.501870       1.502260       1.503060       1.503060       1.504320       1.505470       1.505810       1.505840       1.506230       1.507310       1.507390       1.507500       1.507620       1.507750       1.507900       1.508060       1.508230       1.508410       1.508590       1.508790       1.508990       1.509190       1.509410       1.509620       1.509840       1.510060    
   1.501270       1.501880       1.501880       1.501870       1.502260       1.503060       1.503060       1.504380       1.505640       1.505810       1.505820       1.506300       1.507310       1.507350       1.507400       1.507500       1.507620       1.507760       1.508780       1.509420       1.509580       1.509750       1.509930       1.510110       1.510300       1.510500       1.510700       1.510910       1.511110       1.511320    
   1.501880       1.501880       1.501880       1.502270       1.503060       1.503060       1.504410       1.505730       1.505810       1.505820       1.506310       1.507310       1.507330       1.507350       1.507420       1.507510       1.507630       1.509010       1.510110       1.510790       1.510940       1.511110       1.511280       1.511450       1.511640       1.511820       1.512010       1.512200       1.512400       1.512600    
   1.501880       1.501880       1.502270       1.503060       1.503060       1.504420       1.505770       1.505810       1.505810       1.506310       1.507310       1.507320       1.507330       1.507370       1.507430       1.507520       1.509080       1.510450       1.510790       1.511350       1.512320       1.512480       1.512640       1.512810       1.512980       1.513160       1.513330       1.513520       1.513700       1.513880    
   1.501880       1.502270       1.503060       1.503060       1.504430       1.505790       1.505810       1.505810       1.506310       1.507310       1.507310       1.507320       1.507340       1.507370       1.507440       1.509930       1.510620       1.510790       1.512920       1.513720       1.513810       1.513860       1.514020       1.514170       1.514340       1.514500       1.514670       1.514840       1.515010       1.515180    
   1.502270       1.503060       1.503060       1.504430       1.505800       1.505810       1.505810       1.506310       1.507310       1.507310       1.507320       1.507320       1.507340       1.511050       1.513510       1.515030       1.515030       1.515160       1.515360       1.515830       1.515120       1.515260       1.515400       1.515550       1.515700       1.515860       1.516020       1.516170       1.516330       1.516490    
   1.503060       1.503060       1.504430       1.505800       1.505810       1.505810       1.506310       1.507310       1.507310       1.507310       1.507320       1.507330       1.513990       1.522100       1.522050       1.519220       1.519440       1.519260       1.517470       1.516530       1.516530       1.516660       1.516800       1.516940       1.517080       1.517230       1.517370       1.517520       1.517670       1.517810    
   1.503060       1.504430       1.505810       1.505810       1.505810       1.506310       1.507310       1.507310       1.507310       1.507310       1.514920       1.526330       1.523540       1.522140       1.522140       1.522050       1.520380       1.519620       1.519260       1.518280       1.517950       1.518070       1.518200       1.518330       1.518470       1.518600       1.518740       1.518870       1.519010       1.519140    
   1.504430       1.505810       1.505810       1.505810       1.506310       1.507310       1.507310       1.507310       1.507310       1.516440       1.526330       1.526330       1.526330       1.523610       1.522230       1.522230       1.522050       1.520580       1.519980       1.519260       1.519380       1.519490       1.519620       1.519740       1.519860       1.519990       1.520110       1.520230       1.520360       1.520480    
   1.505810       1.505810       1.505810       1.506310       1.507310       1.507310       1.507310       1.513870       1.519950       1.526330       1.526330       1.526330       1.526330       1.526330       1.523740       1.522410       1.522410       1.522050       1.521040       1.520700       1.520810       1.520920       1.521030       1.521150       1.521260       1.521380       1.521490       1.521600       1.521710       1.521820    
   1.505810       1.505810       1.506310       1.507310       1.507310       1.518350       1.534900       1.534220       1.533540       1.528740       1.526340       1.526330       1.526330       1.526330       1.526330       1.524000       1.522780       1.522770       1.522050       1.522150       1.522250       1.522350       1.522460       1.522560       1.522670       1.522770       1.522870       1.522970       1.523070       1.523170    
   1.505810       1.506310       1.507310       1.507310       1.520560       1.534900       1.534900       1.534900       1.534220       1.533540       1.528760       1.526370       1.526330       1.526330       1.526330       1.526330       1.524480       1.523500       1.523500       1.523600       1.523690       1.523790       1.523890       1.523990       1.524080       1.524170       1.524260       1.524350       1.524440       1.524520    
