iMOD/TUTORIALS/TUT_MetaswapAnalyser/model_MetaSWAP/meteo/Evaporation/Evaporation_20060727_L1.ASC
NCOLS                30
NROWS                30
XLLCORNER     160000.00
YLLCORNER     340000.00
CELLSIZE        1000.00
NODATA_VALUE   -9999.00
   2.248810       2.253400       2.258050       2.262760       2.267510       2.272310       2.277150       2.282030       2.286950       2.291900       2.296880       2.301890       2.306920       2.311970       2.317050       2.322140       2.327250       2.332370       2.337510       2.342650       2.347810       2.352970       2.358140       2.363310       2.368500       2.373680       2.378870       2.384070       2.389270       2.394470    
   2.243570       2.248080       2.252640       2.257260       2.261930       2.266650       2.271410       2.276220       2.281060       2.285930       2.290840       2.295780       2.300750       2.305730       2.310750       2.315780       2.320830       2.325900       2.330980       2.336070       2.341180       2.346300       2.351420       2.356560       2.361700       2.366850       2.372010       2.377180       2.382350       2.387520    
   2.238320       2.242740       2.247220       2.251750       2.256340       2.260980       2.265660       2.270390       2.275150       2.279960       2.284790       2.289660       2.294560       2.299480       2.304430       2.309410       2.314400       2.319410       2.324440       2.329480       2.334540       2.339610       2.344700       2.349790       2.354900       2.360010       2.365140       2.370270       2.375410       2.380560    
   2.233050       2.237390       2.241780       2.246230       2.250740       2.255300       2.259900       2.264550       2.269240       2.273970       2.278740       2.283540       2.288370       2.293220       2.298110       2.303020       2.307960       2.312910       2.317890       2.322880       2.327890       2.332920       2.337960       2.343020       2.348080       2.353160       2.358260       2.363360       2.368470       2.373600    
   2.227770       2.232020       2.236330       2.240700       2.245130       2.249600       2.254130       2.258700       2.263320       2.267970       2.272670       2.277400       2.282160       2.286960       2.291780       2.296630       2.301510       2.306410       2.311330       2.316280       2.321240       2.326220       2.331220       2.336230       2.341260       2.346310       2.351370       2.356440       2.361520       2.366620    
   2.222480       2.226640       2.230870       2.235160       2.239500       2.243900       2.248350       2.252850       2.257390       2.261970       2.266590       2.271260       2.275950       2.280680       2.285440       2.290240       2.295060       2.299900       2.304770       2.309660       2.314580       2.319520       2.324470       2.329450       2.334440       2.339450       2.344470       2.349510       2.354570       2.359640    
   2.217180       2.221260       2.225400       2.229610       2.233870       2.238190       2.242560       2.246980       2.251450       2.255960       2.260510       2.265110       2.269740       2.274400       2.279100       2.283840       2.288600       2.293390       2.298200       2.303050       2.307920       2.312810       2.317720       2.322650       2.327610       2.332580       2.337570       2.342580       2.347600       2.352650    
   2.211870       2.215860       2.219930       2.224050       2.228230       2.232470       2.236770       2.241110       2.245510       2.249940       2.254430       2.258950       2.263520       2.268120       2.272760       2.277430       2.282130       2.286870       2.291640       2.296430       2.301250       2.306090       2.310960       2.315860       2.320770       2.325710       2.330670       2.335640       2.340640       2.345650    
   2.206550       2.210460       2.214440       2.218490       2.222590       2.226750       2.230970       2.235240       2.239560       2.243930       2.248340       2.252800       2.257290       2.261830       2.266410       2.271020       2.275670       2.280350       2.285060       2.289810       2.294580       2.299380       2.304200       2.309060       2.313930       2.318840       2.323760       2.328700       2.333670       2.338660    
   2.201230       2.205060       2.208950       2.212920       2.216940       2.221030       2.225170       2.229360       2.233610       2.237900       2.242250       2.246640       2.251070       2.255550       2.260060       2.264610       2.269200       2.273830       2.278490       2.283180       2.287910       2.292660       2.297450       2.302260       2.307100       2.311960       2.316850       2.321770       2.326700       2.331660    
   2.201250       2.205080       2.208570       2.207350       2.211290       2.215300       2.219360       2.223480       2.227660       2.231880       2.236160       2.240480       2.244850       2.249260       2.253710       2.258210       2.262740       2.267310       2.271920       2.276560       2.281240       2.285950       2.290690       2.295460       2.300260       2.305090       2.309950       2.314830       2.319740       2.324670    
   2.201280       2.205560       2.207350       2.206070       2.205640       2.209570       2.213560       2.217600       2.221700       2.225860       2.230060       2.234320       2.238620       2.242970       2.247360       2.251800       2.256280       2.260790       2.265350       2.269940       2.274570       2.279230       2.283930       2.288660       2.293430       2.298220       2.303040       2.307890       2.312770       2.317680    
   2.202930       2.207350       2.204060       2.202820       2.199990       2.203840       2.207750       2.211720       2.215750       2.219840       2.223970       2.228160       2.232400       2.236680       2.241020       2.245390       2.249810       2.254280       2.258780       2.263320       2.267910       2.272520       2.277180       2.281870       2.286590       2.291350       2.296140       2.300960       2.305810       2.310690    
   2.207350       2.203200       2.201400       2.199990       2.200650       2.198110       2.201950       2.205850       2.209810       2.213820       2.217890       2.222010       2.226180       2.230400       2.234670       2.238990       2.243360       2.247760       2.252220       2.256710       2.261240       2.265820       2.270430       2.275080       2.279770       2.284490       2.289240       2.294030       2.298850       2.303700    
   2.202810       2.200700       2.199990       2.199580       2.198110       2.198740       2.196150       2.199970       2.203860       2.207800       2.211800       2.215860       2.219970       2.224130       2.228340       2.232600       2.236900       2.241260       2.245660       2.250100       2.254590       2.259120       2.263690       2.268300       2.272950       2.277630       2.282350       2.287110       2.291900       2.296720    
   2.200340       2.199990       2.199230       2.198110       2.197670       2.196150       2.198060       2.199990       2.203360       2.201790       2.205730       2.209710       2.213760       2.217860       2.222010       2.226210       2.230460       2.234760       2.239110       2.243500       2.247940       2.252430       2.256950       2.261520       2.266130       2.270780       2.275470       2.280200       2.284960       2.289750    
   2.199990       2.199110       2.198110       2.197310       2.196150       2.197100       2.198070       2.200800       2.201790       2.203760       2.203650       2.203580       2.207560       2.211590       2.215680       2.219820       2.224020       2.228270       2.232560       2.236910       2.241300       2.245740       2.250230       2.254750       2.259330       2.263940       2.268600       2.273290       2.278020       2.282790    
   2.199070       2.198110       2.197190       2.196150       2.196630       2.197110       2.199440       2.201790       2.202780       2.201430       2.200510       2.197450       2.201360       2.205340       2.209370       2.213450       2.217590       2.221780       2.226030       2.230320       2.234670       2.239060       2.243510       2.248000       2.252530       2.257110       2.261730       2.266390       2.271100       2.275840    
   2.198110       2.197150       2.196150       2.196390       2.196630       2.198740       2.201790       2.202280       2.200490       2.198980       2.197450       2.199400       2.200810       2.199090       2.203060       2.207090       2.211170       2.215310       2.219500       2.223750       2.228050       2.232400       2.236800       2.241250       2.245750       2.250290       2.254880       2.259510       2.264180       2.268900    
   2.197140       2.196150       2.196270       2.196390       2.198390       2.201790       2.202040       2.200040       2.198220       2.197450       2.198430       2.199190       2.199090       2.201080       2.203080       2.207110       2.211190       2.215330       2.217280       2.217190       2.221440       2.225740       2.230100       2.234510       2.238970       2.243480       2.248040       2.252640       2.257280       2.261970    
   2.196150       2.196210       2.196270       2.198210       2.201790       2.201910       2.199830       2.197830       2.197450       2.197940       2.198540       2.199090       2.200080       2.201080       2.203750       2.207130       2.211210       2.213670       2.213910       2.210640       2.214840       2.219100       2.223420       2.227790       2.232210       2.236690       2.241210       2.245780       2.250400       2.255060    
   2.196180       2.196210       2.198120       2.201790       2.201850       2.199730       2.197640       2.197450       2.197690       2.198250       2.199090       2.199590       2.200080       2.201640       2.203990       2.207360       2.210980       2.212280       2.210640       2.211250       2.208260       2.212480       2.216750       2.221080       2.225470       2.229910       2.234400       2.238940       2.243530       2.248160    
   2.196180       2.198070       2.201790       2.201820       2.199670       2.197550       2.197450       2.197570       2.198120       2.199090       2.199340       2.199590       2.200440       2.201900       2.204330       2.204990       2.211460       2.210640       2.203870       2.201700       2.204200       2.205870       2.210100       2.214390       2.218740       2.223150       2.227610       2.232120       2.236680       2.241290    
   2.198050       2.201790       2.201810       2.199650       2.197500       2.197450       2.197510       2.198060       2.199090       2.199210       2.199340       2.199790       2.200640       2.190440       2.188020       2.191170       2.191160       2.192630       2.194060       2.191870       2.195140       2.199270       2.203470       2.207720       2.212030       2.216400       2.220830       2.225310       2.229840       2.234430    
   2.201790       2.201800       2.199630       2.197470       2.197450       2.197480       2.198030       2.199090       2.199150       2.199210       2.199450       2.199920       2.180100       2.154900       2.155100       2.170620       2.170880       2.171680       2.182920       2.188620       2.188610       2.192700       2.196850       2.201060       2.205340       2.209680       2.214070       2.218520       2.223030       2.227590    
   2.201790       2.199630       2.197460       2.197450       2.197470       2.198010       2.199090       2.199120       2.199150       2.199270       2.172790       2.132680       2.147330       2.154700       2.154700       2.155100       2.165340       2.170070       2.171680       2.179500       2.182100       2.186140       2.190250       2.194430       2.198670       2.202970       2.207340       2.211760       2.216240       2.220770    
   2.199620       2.197460       2.197450       2.197460       2.198000       2.199090       2.199110       2.199120       2.199180       2.167310       2.132680       2.132680       2.132680       2.147040       2.154310       2.154310       2.155100       2.164490       2.168470       2.171680       2.175610       2.179610       2.183680       2.187820       2.192020       2.196290       2.200630       2.205020       2.209470       2.213980    
   2.197450       2.197450       2.197450       2.198000       2.199090       2.199100       2.199110       2.174080       2.153100       2.132660       2.132680       2.132680       2.132680       2.132680       2.146470       2.153520       2.153520       2.155100       2.162720       2.165260       2.169140       2.173100       2.177130       2.181230       2.185400       2.189630       2.193940       2.198300       2.202730       2.207220    
   2.197450       2.197450       2.198000       2.199090       2.199090       2.155440       2.089970       2.094450       2.098930       2.121380       2.132630       2.132680       2.132680       2.132680       2.132680       2.145370       2.151940       2.151940       2.155100       2.158860       2.162700       2.166610       2.170600       2.174660       2.178800       2.183000       2.187280       2.191610       2.196020       2.200480    
   2.197450       2.198000       2.199090       2.199090       2.146700       2.089960       2.089960       2.089970       2.094450       2.098930       2.121300       2.132530       2.132680       2.132680       2.132680       2.132680       2.143360       2.148780       2.148770       2.152490       2.156280       2.160150       2.164100       2.168120       2.172220       2.176400       2.180640       2.184950       2.189330       2.193770    
