iMOD/TUTORIALS/TUT_MetaswapAnalyser/model_MetaSWAP/meteo/Evaporation/Evaporation_20050318_L1.ASC
NCOLS                30
NROWS                30
XLLCORNER     160000.00
YLLCORNER     340000.00
CELLSIZE        1000.00
NODATA_VALUE   -9999.00
   1.018430       1.016510       1.014610       1.012740       1.010880       1.009050       1.007230       1.005430       1.003640       1.001870       1.000100      0.9983500      0.9966100      0.9948700      0.9931400      0.9914200      0.9896900      0.9879700      0.9862600      0.9845400      0.9828200      0.9811000      0.9793800      0.9776600      0.9759400      0.9742100      0.9724700      0.9707400      0.9689900      0.9672500    
   1.027360       1.025470       1.023600       1.021750       1.019920       1.018110       1.016320       1.014540       1.012780       1.011020       1.009280       1.007540       1.005820       1.004090       1.002380       1.000660      0.9989500      0.9972400      0.9955300      0.9938200      0.9921100      0.9903900      0.9886700      0.9869500      0.9852200      0.9834800      0.9817500      0.9800000      0.9782500      0.9764900    
   1.036310       1.034450       1.032610       1.030790       1.028990       1.027210       1.025440       1.023680       1.021940       1.020210       1.018480       1.016760       1.015050       1.013340       1.011640       1.009940       1.008240       1.006530       1.004830       1.003120       1.001410      0.9997000      0.9979800      0.9962600      0.9945300      0.9927900      0.9910400      0.9892900      0.9875300      0.9857600    
   1.045290       1.043460       1.041650       1.039860       1.038090       1.036330       1.034580       1.032850       1.031130       1.029420       1.027710       1.026010       1.024320       1.022620       1.020930       1.019240       1.017550       1.015860       1.014160       1.012460       1.010750       1.009040       1.007320       1.005590       1.003860       1.002120       1.000370      0.9986100      0.9968400      0.9950600    
   1.054300       1.052500       1.050720       1.048960       1.047210       1.045480       1.043760       1.042050       1.040350       1.038650       1.036970       1.035280       1.033600       1.031930       1.030250       1.028570       1.026890       1.025200       1.023510       1.021810       1.020110       1.018400       1.016680       1.014950       1.013210       1.011470       1.009710       1.007940       1.006160       1.004370    
   1.063330       1.061560       1.059810       1.058070       1.056350       1.054650       1.052950       1.051260       1.049580       1.047910       1.046240       1.044580       1.042910       1.041250       1.039590       1.037920       1.036240       1.034570       1.032880       1.031190       1.029490       1.027780       1.026060       1.024330       1.022590       1.020840       1.019070       1.017300       1.015510       1.013710    
   1.072370       1.070640       1.068920       1.067210       1.065520       1.063830       1.062160       1.060500       1.058840       1.057190       1.055540       1.053890       1.052250       1.050600       1.048940       1.047290       1.045620       1.043950       1.042280       1.040590       1.038890       1.037180       1.035460       1.033730       1.031990       1.030230       1.028460       1.026670       1.024870       1.023060    
   1.081440       1.079730       1.078040       1.076360       1.074700       1.073040       1.071400       1.069750       1.068120       1.066490       1.064860       1.063230       1.061600       1.059960       1.058320       1.056680       1.055020       1.053360       1.051690       1.050010       1.048310       1.046610       1.044890       1.043150       1.041400       1.039640       1.037860       1.036060       1.034250       1.032430    
   1.090520       1.088840       1.087180       1.085530       1.083900       1.082270       1.080640       1.079030       1.077410       1.075800       1.074190       1.072580       1.070960       1.069340       1.067720       1.066080       1.064440       1.062790       1.061120       1.059440       1.057750       1.056040       1.054320       1.052580       1.050830       1.049060       1.047270       1.045470       1.043650       1.041810    
   1.099610       1.097970       1.096340       1.094720       1.093110       1.091500       1.089910       1.088310       1.086720       1.085130       1.083540       1.081950       1.080350       1.078740       1.077130       1.075500       1.073870       1.072220       1.070560       1.068890       1.067200       1.065500       1.063770       1.062030       1.060280       1.058500       1.056700       1.054890       1.053060       1.051200    
   1.099620       1.097970       1.098240       1.103910       1.102330       1.100750       1.099180       1.097610       1.096040       1.094470       1.092900       1.091320       1.089740       1.088150       1.086550       1.084940       1.083310       1.081680       1.080020       1.078350       1.076670       1.074960       1.073240       1.071490       1.069730       1.067950       1.066140       1.064320       1.062470       1.060610    
   1.099620       1.099930       1.103910       1.109650       1.111560       1.110010       1.108460       1.106920       1.105370       1.103820       1.102270       1.100710       1.099150       1.097570       1.095980       1.094380       1.092770       1.091140       1.089490       1.087830       1.086140       1.084440       1.082710       1.080970       1.079200       1.077410       1.075590       1.073760       1.071900       1.070020    
   1.101190       1.103910       1.112640       1.116180       1.120800       1.119280       1.117760       1.116240       1.114710       1.113180       1.111650       1.110110       1.108560       1.107000       1.105430       1.103840       1.102230       1.100610       1.098970       1.097310       1.095630       1.093920       1.092200       1.090450       1.088670       1.086870       1.085050       1.083210       1.081340       1.079440    
   1.103910       1.113960       1.118490       1.120800       1.122880       1.128550       1.127050       1.125560       1.124060       1.122550       1.121040       1.119520       1.117980       1.116440       1.114880       1.113300       1.111710       1.110090       1.108460       1.106800       1.105120       1.103420       1.101690       1.099930       1.098150       1.096350       1.094520       1.092660       1.090780       1.088870    
   1.114580       1.119640       1.120800       1.124080       1.128550       1.130650       1.136350       1.134880       1.133400       1.131920       1.130430       1.128930       1.127410       1.125880       1.124330       1.122770       1.121180       1.119580       1.117950       1.116290       1.114620       1.112910       1.111180       1.109420       1.107640       1.105830       1.103990       1.102120       1.100220       1.098300    
   1.120220       1.120800       1.124480       1.128550       1.131850       1.136350       1.135610       1.134880       1.135370       1.141290       1.139820       1.138340       1.136840       1.135320       1.133790       1.132240       1.130660       1.129060       1.127440       1.125790       1.124120       1.122410       1.120680       1.118920       1.117130       1.115310       1.113460       1.111580       1.109670       1.107730    
   1.120800       1.124610       1.128550       1.132250       1.136350       1.135980       1.135610       1.136790       1.141290       1.140550       1.144870       1.147750       1.146270       1.144770       1.143250       1.141710       1.140140       1.138550       1.136940       1.135290       1.133620       1.131920       1.130180       1.128420       1.126620       1.124790       1.122930       1.121040       1.119110       1.117160    
   1.124650       1.128550       1.132380       1.136350       1.136170       1.135980       1.137420       1.141290       1.140920       1.147270       1.152460       1.157160       1.155690       1.154210       1.152710       1.151180       1.149620       1.148040       1.146430       1.144790       1.143120       1.141420       1.139680       1.137910       1.136110       1.134270       1.132400       1.130490       1.128560       1.126590    
   1.128550       1.132430       1.136350       1.136260       1.136170       1.137710       1.141290       1.141110       1.148290       1.154810       1.157160       1.156420       1.157680       1.163650       1.162160       1.160640       1.159100       1.157530       1.155920       1.154290       1.152620       1.150920       1.149180       1.147400       1.145590       1.143750       1.141860       1.139950       1.137990       1.136010    
   1.132440       1.136350       1.136300       1.136260       1.137860       1.141290       1.141200       1.148770       1.155980       1.157160       1.156790       1.158730       1.163650       1.162900       1.162150       1.160630       1.159090       1.157520       1.160960       1.163780       1.162110       1.160410       1.158670       1.156890       1.155070       1.153220       1.151320       1.149390       1.147420       1.145420    
   1.136350       1.136330       1.136300       1.137930       1.141290       1.141240       1.149000       1.156570       1.157160       1.156980       1.159080       1.163650       1.163280       1.162900       1.161900       1.160620       1.159080       1.163870       1.168520       1.173260       1.171600       1.169890       1.168150       1.166370       1.164540       1.162680       1.160770       1.158830       1.156850       1.154820    
   1.136340       1.136330       1.137960       1.141290       1.141270       1.149110       1.156870       1.157160       1.157070       1.159220       1.163650       1.163460       1.163280       1.162690       1.161810       1.160530       1.165540       1.170890       1.173260       1.175310       1.181080       1.179370       1.177630       1.175840       1.174000       1.172130       1.170210       1.168260       1.166260       1.164220    
   1.136340       1.137980       1.141290       1.141280       1.149170       1.157010       1.157160       1.157110       1.159270       1.163650       1.163560       1.163460       1.163140       1.162590       1.161680       1.172310       1.172080       1.173260       1.185950       1.190540       1.189510       1.188840       1.187090       1.185290       1.183460       1.181570       1.179640       1.177670       1.175650       1.173590    
   1.137990       1.141290       1.141280       1.149200       1.157090       1.157160       1.157140       1.159300       1.163650       1.163600       1.163560       1.163390       1.163070       1.184400       1.196420       1.201570       1.201580       1.201410       1.201560       1.204710       1.199990       1.198290       1.196540       1.194740       1.192890       1.191000       1.189050       1.187070       1.185030       1.182960    
   1.141290       1.141290       1.149210       1.157120       1.157160       1.157150       1.159310       1.163650       1.163630       1.163600       1.163520       1.163340       1.202420       1.250480       1.250190       1.230170       1.231060       1.229890       1.216410       1.209420       1.209430       1.207720       1.205970       1.204160       1.202310       1.200400       1.198450       1.196450       1.194400       1.192300    
   1.141290       1.149220       1.157140       1.157160       1.157150       1.159320       1.163650       1.163640       1.163630       1.163580       1.209890       1.279500       1.260390       1.250770       1.250770       1.250190       1.237870       1.232230       1.229890       1.221600       1.218850       1.217140       1.215380       1.213570       1.211710       1.209790       1.207820       1.205810       1.203740       1.201620    
   1.149220       1.157150       1.157160       1.157160       1.159320       1.163650       1.163640       1.163640       1.163620       1.219220       1.279500       1.279500       1.279500       1.260820       1.251350       1.251350       1.250190       1.239160       1.234580       1.229890       1.228240       1.226540       1.224780       1.222960       1.221090       1.219160       1.217180       1.215140       1.213050       1.210920    
   1.157160       1.157160       1.157160       1.159320       1.163650       1.163650       1.163640       1.204300       1.241250       1.279530       1.279500       1.279500       1.279500       1.279500       1.261660       1.252510       1.252520       1.250190       1.241980       1.239260       1.237610       1.235910       1.234150       1.232320       1.230440       1.228500       1.226500       1.224450       1.222350       1.220190    
   1.157160       1.157160       1.159320       1.163650       1.163650       1.232780       1.336480       1.331400       1.326310       1.295170       1.279570       1.279500       1.279500       1.279500       1.279500       1.263290       1.254840       1.254840       1.250190       1.248600       1.246960       1.245250       1.243490       1.241660       1.239770       1.237820       1.235800       1.233730       1.231610       1.229430    
   1.157160       1.159320       1.163650       1.163650       1.246620       1.336500       1.336500       1.336480       1.331400       1.326310       1.295300       1.279730       1.279500       1.279500       1.279500       1.279500       1.266320       1.259480       1.259490       1.257920       1.256280       1.254570       1.252800       1.250970       1.249060       1.247100       1.245070       1.242980       1.240840       1.238640    
