iMOD/TUTORIALS/TUT_MetaswapAnalyser/model_MetaSWAP/meteo/Evaporation/Evaporation_20060423_L1.ASC
NCOLS                30
NROWS                30
XLLCORNER     160000.00
YLLCORNER     340000.00
CELLSIZE        1000.00
NODATA_VALUE   -9999.00
   2.508950       2.509550       2.510110       2.510630       2.511110       2.511560       2.511970       2.512370       2.512740       2.513090       2.513440       2.513770       2.514100       2.514420       2.514750       2.515080       2.515420       2.515770       2.516120       2.516500       2.516880       2.517290       2.517710       2.518160       2.518630       2.519120       2.519630       2.520170       2.520740       2.521330    
   2.516030       2.516660       2.517240       2.517780       2.518280       2.518750       2.519190       2.519610       2.520000       2.520380       2.520740       2.521090       2.521440       2.521780       2.522130       2.522470       2.522820       2.523180       2.523550       2.523940       2.524330       2.524750       2.525180       2.525630       2.526100       2.526590       2.527110       2.527650       2.528210       2.528800    
   2.523080       2.523730       2.524330       2.524890       2.525420       2.525910       2.526370       2.526810       2.527220       2.527620       2.528000       2.528380       2.528740       2.529100       2.529460       2.529820       2.530190       2.530560       2.530940       2.531340       2.531740       2.532160       2.532600       2.533060       2.533530       2.534030       2.534550       2.535090       2.535660       2.536250    
   2.530080       2.530750       2.531380       2.531960       2.532510       2.533020       2.533510       2.533960       2.534400       2.534820       2.535220       2.535620       2.536000       2.536380       2.536760       2.537130       2.537510       2.537900       2.538290       2.538700       2.539110       2.539540       2.539990       2.540450       2.540930       2.541440       2.541960       2.542500       2.543070       2.543660    
   2.537050       2.537740       2.538390       2.538990       2.539560       2.540100       2.540600       2.541080       2.541540       2.541980       2.542400       2.542820       2.543220       2.543620       2.544010       2.544400       2.544800       2.545200       2.545610       2.546020       2.546450       2.546890       2.547340       2.547810       2.548300       2.548810       2.549330       2.549880       2.550450       2.551040    
   2.543990       2.544700       2.545360       2.545990       2.546570       2.547130       2.547660       2.548160       2.548640       2.549100       2.549550       2.549980       2.550400       2.550810       2.551220       2.551630       2.552050       2.552460       2.552880       2.553310       2.553750       2.554200       2.554660       2.555140       2.555630       2.556150       2.556680       2.557230       2.557800       2.558400    
   2.550890       2.551610       2.552300       2.552940       2.553550       2.554130       2.554680       2.555200       2.555700       2.556180       2.556650       2.557100       2.557540       2.557970       2.558400       2.558830       2.559260       2.559680       2.560120       2.560560       2.561010       2.561470       2.561940       2.562430       2.562930       2.563450       2.563990       2.564550       2.565120       2.565720    
   2.557750       2.558500       2.559200       2.559870       2.560500       2.561100       2.561670       2.562210       2.562730       2.563230       2.563720       2.564190       2.564650       2.565100       2.565540       2.565990       2.566430       2.566870       2.567320       2.567770       2.568240       2.568710       2.569190       2.569690       2.570200       2.570720       2.571270       2.571830       2.572410       2.573010    
   2.564590       2.565350       2.566070       2.566760       2.567410       2.568030       2.568620       2.569180       2.569720       2.570240       2.570750       2.571240       2.571710       2.572180       2.572650       2.573110       2.573570       2.574030       2.574490       2.574950       2.575430       2.575910       2.576410       2.576910       2.577430       2.577970       2.578520       2.579080       2.579670       2.580270    
   2.571390       2.572170       2.572910       2.573610       2.574280       2.574920       2.575530       2.576120       2.576680       2.577220       2.577740       2.578250       2.578750       2.579240       2.579720       2.580190       2.580670       2.581140       2.581620       2.582100       2.582590       2.583080       2.583590       2.584100       2.584630       2.585170       2.585730       2.586310       2.586900       2.587510    
   2.571380       2.572160       2.574780       2.580440       2.581130       2.581790       2.582420       2.583020       2.583600       2.584160       2.584710       2.585230       2.585750       2.586250       2.586750       2.587250       2.587740       2.588230       2.588720       2.589210       2.589710       2.590220       2.590740       2.591260       2.591800       2.592350       2.592920       2.593500       2.594100       2.594710    
   2.571360       2.574690       2.580440       2.586060       2.587940       2.588620       2.589270       2.589890       2.590490       2.591070       2.591640       2.592180       2.592720       2.593240       2.593760       2.594270       2.594770       2.595280       2.595780       2.596290       2.596810       2.597330       2.597850       2.598390       2.598940       2.599500       2.600070       2.600660       2.601270       2.601890    
   2.574260       2.580440       2.588140       2.591330       2.594730       2.595420       2.596090       2.596730       2.597350       2.597950       2.598530       2.599100       2.599650       2.600190       2.600730       2.601250       2.601780       2.602300       2.602820       2.603340       2.603870       2.604400       2.604940       2.605490       2.606050       2.606620       2.607200       2.607790       2.608410       2.609030    
   2.580440       2.589090       2.593030       2.594730       2.597450       2.602200       2.602880       2.603540       2.604180       2.604800       2.605400       2.605980       2.606550       2.607110       2.607660       2.608210       2.608750       2.609280       2.609820       2.610360       2.610900       2.611440       2.611990       2.612550       2.613120       2.613700       2.614290       2.614900       2.615520       2.616150    
   2.589530       2.593880       2.594730       2.598130       2.602200       2.604910       2.609650       2.610330       2.610980       2.611620       2.612240       2.612840       2.613430       2.614000       2.614570       2.615130       2.615690       2.616240       2.616790       2.617340       2.617900       2.618460       2.619020       2.619590       2.620170       2.620760       2.621360       2.621970       2.622600       2.623240    
   2.594310       2.594730       2.598350       2.602200       2.605590       2.609650       2.609990       2.610320       2.612830       2.618410       2.619040       2.619660       2.620270       2.620860       2.621450       2.622030       2.622600       2.623170       2.623730       2.624300       2.624870       2.625440       2.626010       2.626600       2.627190       2.627790       2.628400       2.629020       2.629650       2.630300    
   2.594730       2.598430       2.602200       2.605810       2.609650       2.609820       2.609990       2.612890       2.618410       2.618730       2.623360       2.626460       2.627080       2.627700       2.628300       2.628890       2.629480       2.630060       2.630640       2.631220       2.631810       2.632390       2.632980       2.633580       2.634180       2.634790       2.635410       2.636040       2.636680       2.637340    
   2.598450       2.602200       2.605890       2.609650       2.609740       2.609820       2.612780       2.618410       2.618570       2.624710       2.629850       2.633230       2.633870       2.634500       2.635120       2.635730       2.636330       2.636930       2.637530       2.638120       2.638720       2.639320       2.639920       2.640520       2.641140       2.641760       2.642390       2.643030       2.643680       2.644350    
   2.602200       2.605910       2.609650       2.609690       2.609730       2.612690       2.618410       2.618490       2.625290       2.631540       2.633230       2.633550       2.635720       2.641280       2.641910       2.642540       2.643160       2.643770       2.644380       2.644990       2.645600       2.646210       2.646830       2.647450       2.648070       2.648700       2.649350       2.650000       2.650660       2.651330    
   2.605920       2.609650       2.609670       2.609690       2.612630       2.618410       2.618450       2.625560       2.632380       2.633230       2.633390       2.635940       2.641280       2.641590       2.641910       2.642540       2.643160       2.643770       2.648720       2.651830       2.652460       2.653080       2.653710       2.654340       2.654980       2.655620       2.656270       2.656940       2.657610       2.658290    
   2.609650       2.609660       2.609670       2.612600       2.618410       2.618430       2.625690       2.632810       2.633230       2.633310       2.635960       2.641280       2.641440       2.641590       2.642010       2.642530       2.643150       2.649910       2.655240       2.658650       2.659290       2.659930       2.660570       2.661210       2.661860       2.662520       2.663180       2.663850       2.664530       2.665220    
   2.609660       2.609660       2.612590       2.618410       2.618420       2.625760       2.633020       2.633230       2.633270       2.635950       2.641280       2.641360       2.641440       2.641680       2.642050       2.642570       2.650240       2.656940       2.658650       2.661340       2.666090       2.666740       2.667400       2.668050       2.668710       2.669380       2.670050       2.670740       2.671430       2.672120    
   2.609660       2.612580       2.618410       2.618410       2.625790       2.633120       2.633230       2.633250       2.635930       2.641280       2.641320       2.641360       2.641490       2.641720       2.642100       2.654300       2.657800       2.658650       2.668960       2.672850       2.673260       2.673530       2.674200       2.674870       2.675540       2.676220       2.676910       2.677600       2.678300       2.679010    
   2.612570       2.618410       2.618410       2.625800       2.633180       2.633230       2.633240       2.635920       2.641280       2.641300       2.641320       2.641390       2.641520       2.659210       2.671170       2.678830       2.678830       2.679620       2.680730       2.682990       2.679620       2.680300       2.680980       2.681660       2.682350       2.683040       2.683730       2.684440       2.685150       2.685870    
   2.618410       2.618410       2.625810       2.633200       2.633230       2.633230       2.635920       2.641280       2.641290       2.641300       2.641340       2.641410       2.673160       2.711740       2.711530       2.698570       2.699850       2.699020       2.690720       2.686340       2.686350       2.687040       2.687740       2.688430       2.689130       2.689830       2.690540       2.691250       2.691970       2.692700    
   2.618410       2.625820       2.633220       2.633230       2.633230       2.635920       2.641280       2.641280       2.641290       2.641310       2.676990       2.730440       2.718140       2.711940       2.711940       2.711530       2.704060       2.700680       2.699020       2.694540       2.693060       2.693760       2.694470       2.695180       2.695890       2.696600       2.697320       2.698040       2.698770       2.699510    
   2.625820       2.633220       2.633230       2.633230       2.635910       2.641280       2.641280       2.641280       2.641290       2.684090       2.730440       2.730440       2.730440       2.718440       2.712350       2.712350       2.711530       2.705000       2.702340       2.699020       2.699740       2.700460       2.701180       2.701900       2.702620       2.703340       2.704070       2.704810       2.705550       2.706300    
   2.633230       2.633230       2.633230       2.635910       2.641280       2.641280       2.641280       2.671450       2.700010       2.730460       2.730440       2.730440       2.730440       2.730440       2.719040       2.713180       2.713180       2.711530       2.707120       2.705660       2.706400       2.707130       2.707860       2.708590       2.709330       2.710070       2.710810       2.711560       2.712310       2.713070    
   2.633230       2.633230       2.635910       2.641280       2.641280       2.691760       2.767470       2.764710       2.761950       2.740990       2.730490       2.730440       2.730440       2.730440       2.730440       2.720200       2.714820       2.714830       2.711530       2.712280       2.713030       2.713780       2.714520       2.715270       2.716020       2.716770       2.717520       2.718280       2.719040       2.719810    
   2.633230       2.635910       2.641280       2.641280       2.701860       2.767480       2.767480       2.767470       2.764710       2.761950       2.741080       2.730600       2.730440       2.730440       2.730440       2.730440       2.722370       2.718110       2.718120       2.718890       2.719650       2.720410       2.721170       2.721920       2.722680       2.723450       2.724210       2.724980       2.725750       2.726530    
