iMOD/TUTORIALS/TUT_MetaswapAnalyser/model_MetaSWAP/meteo/Evaporation/Evaporation_20060425_L1.ASC
NCOLS                30
NROWS                30
XLLCORNER     160000.00
YLLCORNER     340000.00
CELLSIZE        1000.00
NODATA_VALUE   -9999.00
   3.364020       3.369550       3.375040       3.380500       3.385920       3.391310       3.396670       3.402010       3.407320       3.412610       3.417870       3.423110       3.428330       3.433530       3.438710       3.443880       3.449030       3.454170       3.459290       3.464400       3.469500       3.474580       3.479660       3.484730       3.489780       3.494830       3.499870       3.504900       3.509930       3.514950    
   3.365420       3.370970       3.376490       3.381970       3.387420       3.392840       3.398230       3.403590       3.408930       3.414240       3.419530       3.424800       3.430040       3.435270       3.440480       3.445670       3.450850       3.456010       3.461150       3.466290       3.471410       3.476520       3.481610       3.486700       3.491780       3.496850       3.501910       3.506960       3.512010       3.517040    
   3.366800       3.372380       3.377920       3.383430       3.388910       3.394360       3.399780       3.405170       3.410530       3.415870       3.421180       3.426480       3.431750       3.437000       3.442230       3.447450       3.452650       3.457830       3.463000       3.468160       3.473300       3.478430       3.483550       3.488660       3.493760       3.498850       3.503930       3.509010       3.514070       3.519130    
   3.368170       3.373780       3.379350       3.384890       3.390390       3.395870       3.401310       3.406730       3.412120       3.417480       3.422830       3.428140       3.433440       3.438720       3.443980       3.449220       3.454440       3.459650       3.464840       3.470020       3.475190       3.480340       3.485480       3.490620       3.495740       3.500850       3.505950       3.511040       3.516130       3.521200    
   3.369530       3.375170       3.380770       3.386330       3.391860       3.397360       3.402840       3.408280       3.413700       3.419090       3.424460       3.429800       3.435120       3.440430       3.445710       3.450980       3.456220       3.461450       3.466670       3.471870       3.477060       3.482240       3.487400       3.492560       3.497700       3.502830       3.507950       3.513060       3.518170       3.523260    
   3.370890       3.376550       3.382170       3.387770       3.393330       3.398850       3.404350       3.409820       3.415270       3.420680       3.426080       3.431450       3.436790       3.442120       3.447430       3.452720       3.457990       3.463250       3.468490       3.473710       3.478920       3.484120       3.489310       3.494480       3.499650       3.504800       3.509940       3.515080       3.520200       3.525320    
   3.372240       3.377920       3.383580       3.389190       3.394780       3.400330       3.405860       3.411360       3.416820       3.422270       3.427690       3.433080       3.438460       3.443810       3.449140       3.454450       3.459750       3.465030       3.470290       3.475540       3.480780       3.486000       3.491210       3.496400       3.501590       3.506760       3.511920       3.517080       3.522220       3.527360    
   3.373580       3.379290       3.384970       3.390610       3.396220       3.401810       3.407360       3.412880       3.418370       3.423840       3.429290       3.434710       3.440110       3.445480       3.450840       3.456180       3.461500       3.466800       3.472090       3.477360       3.482620       3.487860       3.493090       3.498310       3.503510       3.508710       3.513890       3.519070       3.524230       3.529390    
   3.374910       3.380650       3.386350       3.392020       3.397660       3.403270       3.408850       3.414390       3.419910       3.425410       3.430880       3.436320       3.441750       3.447150       3.452530       3.457890       3.463240       3.468560       3.473870       3.479170       3.484450       3.489710       3.494960       3.500200       3.505430       3.510650       3.515850       3.521050       3.526230       3.531410    
   3.376240       3.382000       3.387730       3.393430       3.399090       3.404720       3.410330       3.415900       3.421450       3.426960       3.432460       3.437930       3.443380       3.448800       3.454210       3.459600       3.464960       3.470310       3.475650       3.480960       3.486270       3.491550       3.496830       3.502090       3.507340       3.512580       3.517800       3.523020       3.528220       3.533420    
   3.376230       3.381990       3.389500       3.394830       3.400510       3.406170       3.411800       3.417400       3.422970       3.428510       3.434030       3.439530       3.445000       3.450450       3.455880       3.461290       3.466680       3.472060       3.477410       3.482750       3.488080       3.493390       3.498680       3.503970       3.509240       3.514500       3.519740       3.524980       3.530210       3.535420    
   3.376210       3.385640       3.394830       3.400150       3.401930       3.407610       3.413270       3.418890       3.424480       3.430050       3.435600       3.441120       3.446610       3.452090       3.457540       3.462980       3.468390       3.473790       3.479170       3.484530       3.489880       3.495210       3.500530       3.505830       3.511120       3.516400       3.521670       3.526930       3.532180       3.537410    
   3.381770       3.394830       3.400240       3.402640       3.403340       3.409050       3.414720       3.420370       3.425990       3.431590       3.437160       3.442700       3.448220       3.453720       3.459200       3.464650       3.470090       3.475510       3.480910       3.486300       3.491670       3.497020       3.502360       3.507690       3.513000       3.518300       3.523590       3.528870       3.534140       3.539390    
   3.394830       3.400350       3.402990       3.403340       3.407620       3.410480       3.416180       3.421850       3.427490       3.433110       3.438700       3.444270       3.449820       3.455340       3.460840       3.466320       3.471780       3.477220       3.482650       3.488060       3.493450       3.498830       3.504190       3.509540       3.514870       3.520190       3.525500       3.530800       3.536090       3.541370    
   3.400420       3.403160       3.403340       3.407150       3.410480       3.414760       3.417620       3.423320       3.428990       3.434630       3.440250       3.445840       3.451410       3.456950       3.462480       3.467980       3.473470       3.478930       3.484380       3.489810       3.495220       3.500620       3.506010       3.511380       3.516730       3.522080       3.527410       3.532730       3.538030       3.543330    
   3.403250       3.403340       3.406990       3.410480       3.414290       3.417620       3.420470       3.423310       3.430770       3.436140       3.441780       3.447400       3.452990       3.458560       3.464110       3.469630       3.475140       3.480630       3.486100       3.491550       3.496990       3.502410       3.507810       3.513210       3.518580       3.523950       3.529300       3.534640       3.539970       3.545290    
   3.403340       3.406940       3.410480       3.414130       3.417620       3.419040       3.420470       3.427670       3.436140       3.438960       3.444950       3.448950       3.454570       3.460160       3.465730       3.471280       3.476810       3.482320       3.487810       3.493290       3.498740       3.504190       3.509610       3.515030       3.520430       3.525810       3.531180       3.536550       3.541900       3.547230    
   3.406920       3.410480       3.414080       3.417620       3.418330       3.419040       3.425830       3.436140       3.437550       3.444060       3.449730       3.450500       3.456140       3.461750       3.467340       3.472920       3.478470       3.484000       3.489520       3.495010       3.500490       3.505960       3.511410       3.516840       3.522260       3.527670       3.533060       3.538440       3.543810       3.549170    
   3.410480       3.414060       3.417620       3.417980       3.418330       3.424840       3.436140       3.436850       3.443670       3.450110       3.450500       3.453320       3.457930       3.463340       3.468950       3.474550       3.480120       3.485680       3.491210       3.496730       3.502240       3.507720       3.513190       3.518650       3.524090       3.529520       3.534930       3.540330       3.545720       3.551100    
   3.414050       3.417620       3.417800       3.417980       3.424320       3.436140       3.436490       3.443490       3.450310       3.450500       3.451910       3.456270       3.463340       3.466150       3.468950       3.474540       3.480120       3.485670       3.494440       3.498450       3.503970       3.509480       3.514970       3.520450       3.525910       3.531360       3.536790       3.542220       3.547630       3.553020    
   3.417620       3.417710       3.417800       3.424060       3.436140       3.436320       3.443410       3.450400       3.450500       3.451210       3.455510       3.463340       3.464740       3.466140       3.469880       3.474530       3.480110       3.491940       3.499300       3.500150       3.505700       3.511230       3.516740       3.522240       3.527720       3.533190       3.538650       3.544090       3.549520       3.554940    
   3.417660       3.417710       3.423930       3.436140       3.436230       3.443360       3.450450       3.450500       3.450850       3.455140       3.463340       3.464040       3.464740       3.466920       3.470190       3.474840       3.489290       3.499720       3.500150       3.504420       3.507420       3.512970       3.518500       3.524020       3.529530       3.535020       3.540490       3.545960       3.551410       3.556850    
   3.417660       3.423860       3.436140       3.436180       3.443340       3.450480       3.450500       3.450680       3.454960       3.463340       3.463690       3.464040       3.465230       3.467280       3.470650       3.487890       3.499940       3.500150       3.506350       3.509130       3.512480       3.514710       3.520260       3.525800       3.531330       3.536840       3.542330       3.547820       3.553290       3.558750    
   3.423830       3.436140       3.436160       3.443330       3.450490       3.450500       3.450590       3.454870       3.463340       3.463520       3.463690       3.464320       3.465520       3.477760       3.491200       3.505210       3.505210       3.507970       3.511120       3.511690       3.510840       3.516440       3.522010       3.527570       3.533120       3.538650       3.544170       3.549670       3.555170       3.560640    
   3.436140       3.436150       3.443330       3.450490       3.450500       3.450540       3.454820       3.463340       3.463430       3.463520       3.463840       3.464510       3.484700       3.507920       3.507870       3.508320       3.510480       3.510270       3.511940       3.512550       3.512550       3.518160       3.523760       3.529340       3.534910       3.540460       3.546000       3.551520       3.557030       3.562530    
   3.436150       3.443320       3.450500       3.450500       3.450520       3.454800       3.463340       3.463380       3.463430       3.463600       3.481160       3.506970       3.507650       3.507970       3.507970       3.507870       3.509720       3.510690       3.510270       3.513250       3.514250       3.519880       3.525500       3.531100       3.536690       3.542260       3.547820       3.553360       3.558900       3.564420    
   3.443320       3.450500       3.450500       3.450510       3.454790       3.463340       3.463360       3.463380       3.463470       3.484420       3.506970       3.506970       3.506970       3.507720       3.508070       3.508070       3.507870       3.510040       3.511110       3.510270       3.515940       3.521590       3.527230       3.532860       3.538460       3.544060       3.549640       3.555200       3.560750       3.566290    
   3.450500       3.450500       3.450510       3.454790       3.463340       3.463350       3.463360       3.474830       3.489170       3.506970       3.506970       3.506970       3.506970       3.506970       3.507880       3.508280       3.508280       3.507870       3.510920       3.511940       3.517630       3.523300       3.528960       3.534610       3.540230       3.545850       3.551450       3.557030       3.562600       3.568160    
   3.450500       3.450500       3.454780       3.463340       3.463350       3.479900       3.504710       3.506900       3.509090       3.507690       3.506980       3.506970       3.506970       3.506970       3.506970       3.508190       3.508690       3.508690       3.507870       3.513600       3.519310       3.525010       3.530690       3.536350       3.542000       3.547630       3.553250       3.558860       3.564450       3.570030    
   3.450500       3.454780       3.463340       3.463340       3.483200       3.504710       3.504710       3.504710       3.506900       3.509090       3.507710       3.507010       3.506970       3.506970       3.506970       3.506970       3.508820       3.509510       3.509510       3.515260       3.520990       3.526710       3.532410       3.538090       3.543760       3.549410       3.555050       3.560680       3.566290       3.571890    
