iMOD/TUTORIALS/TUT_MetaswapAnalyser/model_MetaSWAP/meteo/Evaporation/Evaporation_20050821_L1.ASC
NCOLS                30
NROWS                30
XLLCORNER     160000.00
YLLCORNER     340000.00
CELLSIZE        1000.00
NODATA_VALUE   -9999.00
   1.987200       1.979810       1.972290       1.964640       1.956880       1.949010       1.941030       1.932970       1.924820       1.916590       1.908300       1.899940       1.891530       1.883080       1.874580       1.866050       1.857500       1.848920       1.840330       1.831720       1.823110       1.814500       1.805900       1.797300       1.788720       1.780150       1.771610       1.763090       1.754590       1.746120    
   1.979350       1.972050       1.964610       1.957060       1.949380       1.941600       1.933720       1.925750       1.917700       1.909560       1.901360       1.893100       1.884780       1.876420       1.868010       1.859580       1.851110       1.842620       1.834110       1.825590       1.817070       1.808540       1.800020       1.791500       1.783000       1.774510       1.766040       1.757590       1.749170       1.740780    
   1.971470       1.964250       1.956900       1.949430       1.941850       1.934160       1.926370       1.918490       1.910520       1.902480       1.894370       1.886200       1.877980       1.869710       1.861390       1.853040       1.844660       1.836260       1.827840       1.819410       1.810970       1.802520       1.794080       1.785650       1.777220       1.768810       1.760420       1.752040       1.743700       1.735370    
   1.963550       1.956410       1.949150       1.941760       1.934270       1.926660       1.918970       1.911180       1.903300       1.895350       1.887340       1.879260       1.871120       1.862940       1.854710       1.846450       1.838160       1.829850       1.821510       1.813160       1.804810       1.796450       1.788090       1.779730       1.771390       1.763050       1.754740       1.746440       1.738160       1.729920    
   1.955600       1.948540       1.941360       1.934060       1.926650       1.919130       1.911520       1.903820       1.896040       1.888180       1.880250       1.872260       1.864220       1.856120       1.847990       1.839810       1.831610       1.823380       1.815130       1.806870       1.798590       1.790320       1.782040       1.773760       1.765500       1.757240       1.749000       1.740780       1.732580       1.724400    
   1.947620       1.940640       1.933540       1.926320       1.919000       1.911570       1.904040       1.896430       1.888730       1.880960       1.873120       1.865220       1.857260       1.849260       1.841210       1.833120       1.825000       1.816860       1.808700       1.800520       1.792330       1.784130       1.775940       1.767740       1.759550       1.751380       1.743210       1.735070       1.726940       1.718840    
   1.939610       1.932710       1.925690       1.918550       1.911310       1.903960       1.896520       1.889000       1.881390       1.873700       1.865950       1.858140       1.850270       1.842350       1.834380       1.826380       1.818350       1.810290       1.802210       1.794120       1.786010       1.777900       1.769780       1.761670       1.753560       1.745460       1.737370       1.729300       1.721250       1.713220    
   1.931580       1.924760       1.917810       1.910750       1.903590       1.896330       1.888970       1.881530       1.874000       1.866400       1.858740       1.851010       1.843230       1.835390       1.827520       1.819600       1.811650       1.803680       1.795680       1.787670       1.779650       1.771610       1.763580       1.755540       1.747510       1.739490       1.731480       1.723490       1.715510       1.707550    
   1.923530       1.916780       1.909910       1.902930       1.895840       1.888660       1.881390       1.874030       1.866580       1.859070       1.851490       1.843840       1.836140       1.828400       1.820600       1.812770       1.804910       1.797020       1.789110       1.781180       1.773230       1.765280       1.757330       1.749370       1.741420       1.733480       1.725540       1.717620       1.709720       1.701840    
   1.915460       1.908770       1.901980       1.895080       1.888070       1.880970       1.873770       1.866490       1.859130       1.851700       1.844200       1.836640       1.829030       1.821360       1.813650       1.805900       1.798120       1.790320       1.782490       1.774640       1.766780       1.758900       1.751030       1.743150       1.735280       1.727410       1.719560       1.711710       1.703890       1.696080    
   1.915420       1.908740       1.898260       1.887200       1.880270       1.873240       1.866130       1.858930       1.851650       1.844300       1.836880       1.829400       1.821870       1.814290       1.806660       1.799000       1.791300       1.783570       1.775820       1.768060       1.760270       1.752480       1.744690       1.736890       1.729100       1.721310       1.713530       1.705760       1.698010       1.690270    
   1.915380       1.902400       1.887200       1.876130       1.872450       1.865500       1.858460       1.851340       1.844140       1.836870       1.829530       1.822130       1.814680       1.807180       1.799630       1.792050       1.784430       1.776790       1.769120       1.761430       1.753730       1.746020       1.738300       1.730590       1.722870       1.715160       1.707450       1.699760       1.692080       1.684420    
   1.906730       1.887200       1.874120       1.868530       1.864610       1.857730       1.850770       1.843720       1.836600       1.829410       1.822150       1.814830       1.807460       1.800040       1.792570       1.785070       1.777530       1.769970       1.762380       1.754770       1.747150       1.739520       1.731880       1.724240       1.716600       1.708960       1.701340       1.693720       1.686120       1.678530    
   1.887200       1.873120       1.866570       1.864610       1.857430       1.849940       1.843050       1.836080       1.829040       1.821920       1.814740       1.807500       1.800210       1.792870       1.785480       1.778060       1.770600       1.763110       1.755600       1.748080       1.740530       1.732980       1.725420       1.717860       1.710290       1.702730       1.695180       1.687640       1.680110       1.672600    
   1.872630       1.865590       1.864610       1.857330       1.849940       1.842770       1.835320       1.828420       1.821450       1.814410       1.807310       1.800150       1.792930       1.785660       1.778360       1.771010       1.763630       1.756230       1.748790       1.741340       1.733880       1.726400       1.718920       1.711430       1.703950       1.696460       1.688990       1.681520       1.674070       1.666630    
   1.865100       1.864610       1.857290       1.849940       1.842680       1.835320       1.831870       1.828400       1.817790       1.806880       1.799850       1.792760       1.785620       1.778440       1.771210       1.763940       1.756640       1.749310       1.741950       1.734580       1.727190       1.719790       1.712390       1.704980       1.697570       1.690160       1.682760       1.675370       1.667990       1.660630    
   1.864610       1.857280       1.849940       1.842650       1.835320       1.833600       1.831860       1.821230       1.806880       1.803360       1.792560       1.785360       1.778300       1.771180       1.764030       1.756840       1.749610       1.742360       1.735080       1.727780       1.720470       1.713150       1.705820       1.698490       1.691150       1.683820       1.676500       1.669180       1.661870       1.654580    
   1.857280       1.849940       1.842640       1.835320       1.834460       1.833590       1.823390       1.806880       1.805120       1.792480       1.781650       1.777940       1.770950       1.763910       1.756830       1.749710       1.742560       1.735380       1.728180       1.720960       1.713720       1.706480       1.699220       1.691960       1.684700       1.677450       1.670200       1.662960       1.655730       1.648510    
   1.849940       1.842630       1.835320       1.834890       1.834460       1.824580       1.806880       1.806000       1.792440       1.779800       1.777940       1.774450       1.767350       1.756610       1.749600       1.742560       1.735480       1.728380       1.721250       1.714110       1.706940       1.699770       1.692590       1.685410       1.678230       1.671050       1.663870       1.656700       1.649550       1.642400    
   1.842630       1.835320       1.835100       1.834890       1.825200       1.806880       1.806440       1.792430       1.778870       1.777940       1.776190       1.769090       1.756610       1.753110       1.749590       1.742550       1.735470       1.728370       1.714260       1.707230       1.700140       1.693040       1.685940       1.678830       1.671720       1.664610       1.657510       1.650420       1.643340       1.636260    
   1.835320       1.835210       1.835100       1.825520       1.806880       1.806660       1.792420       1.778400       1.777940       1.777070       1.769960       1.756610       1.754860       1.753100       1.748410       1.742540       1.735460       1.716440       1.703780       1.700330       1.693310       1.686290       1.679260       1.672220       1.665190       1.658160       1.651130       1.644110       1.637100       1.630100    
   1.835270       1.835210       1.825680       1.806880       1.806770       1.792410       1.778170       1.777940       1.777500       1.770390       1.756610       1.755730       1.754860       1.752120       1.748020       1.742140       1.719370       1.702050       1.700330       1.693370       1.686460       1.679510       1.672550       1.665590       1.658630       1.651670       1.644720       1.637770       1.630830       1.623910    
   1.835270       1.825760       1.806880       1.806830       1.792410       1.778060       1.777940       1.777720       1.770610       1.756610       1.756170       1.755730       1.754240       1.751670       1.747430       1.718030       1.701190       1.700330       1.685630       1.679580       1.675460       1.672710       1.665830       1.658940       1.652050       1.645160       1.638280       1.631410       1.624540       1.617690    
   1.825800       1.806880       1.806850       1.792410       1.778000       1.777940       1.777830       1.770720       1.756610       1.756390       1.756170       1.755380       1.753880       1.726070       1.701380       1.679430       1.679430       1.675820       1.671540       1.669250       1.672700       1.665900       1.659080       1.652270       1.645450       1.638640       1.631830       1.625030       1.618230       1.611450    
   1.806880       1.806870       1.792410       1.777970       1.777940       1.777890       1.770780       1.756610       1.756500       1.756390       1.755980       1.755140       1.707310       1.650720       1.650940       1.660770       1.657650       1.658530       1.663090       1.665790       1.665800       1.659060       1.652320       1.645570       1.638830       1.632090       1.625350       1.618620       1.611900       1.605190    
   1.806870       1.792410       1.777950       1.777940       1.777910       1.770800       1.756610       1.756560       1.756500       1.756290       1.707860       1.635900       1.645600       1.650500       1.650500       1.650940       1.655050       1.656780       1.658530       1.658780       1.658870       1.652210       1.645540       1.638860       1.632190       1.625520       1.618850       1.612200       1.605550       1.598910    
   1.792410       1.777950       1.777940       1.777930       1.770820       1.756610       1.756580       1.756560       1.756450       1.698490       1.635900       1.635900       1.635900       1.645270       1.650050       1.650050       1.650940       1.653970       1.655030       1.658530       1.651940       1.645340       1.638740       1.632140       1.625530       1.618940       1.612340       1.605760       1.599180       1.592620    
   1.777940       1.777940       1.777930       1.770820       1.756610       1.756600       1.756580       1.718920       1.679900       1.635880       1.635900       1.635900       1.635900       1.635900       1.644620       1.649170       1.649170       1.650940       1.651370       1.651520       1.644990       1.638470       1.631930       1.625400       1.618870       1.612340       1.605820       1.599300       1.592800       1.586310    
   1.777940       1.777940       1.770830       1.756610       1.756600       1.695880       1.604820       1.605460       1.606110       1.625920       1.635840       1.635900       1.635900       1.635900       1.635900       1.643350       1.647390       1.647390       1.650940       1.644490       1.638040       1.631580       1.625110       1.618650       1.612190       1.605730       1.599280       1.592840       1.586400       1.579980    
   1.777940       1.770830       1.756610       1.756610       1.683740       1.604810       1.604810       1.604820       1.605460       1.606110       1.625820       1.635720       1.635900       1.635900       1.635900       1.635900       1.640920       1.643850       1.643850       1.637470       1.631080       1.624680       1.618280       1.611890       1.605500       1.599110       1.592730       1.586360       1.580000       1.573650    
