iMOD/TUTORIALS/TUT_MetaswapAnalyser/model_MetaSWAP/meteo/Evaporation/Evaporation_20060728_L1.ASC
NCOLS                30
NROWS                30
XLLCORNER     160000.00
YLLCORNER     340000.00
CELLSIZE        1000.00
NODATA_VALUE   -9999.00
   2.572020       2.564580       2.557170       2.549800       2.542460       2.535140       2.527860       2.520610       2.513380       2.506190       2.499020       2.491880       2.484760       2.477670       2.470610       2.463570       2.456560       2.449580       2.442620       2.435690       2.428790       2.421910       2.415060       2.408240       2.401440       2.394680       2.387940       2.381240       2.374560       2.367920    
   2.564710       2.557210       2.549730       2.542300       2.534890       2.527520       2.520180       2.512870       2.505600       2.498350       2.491130       2.483940       2.476790       2.469660       2.462550       2.455480       2.448440       2.441420       2.434440       2.427480       2.420550       2.413650       2.406790       2.399950       2.393140       2.386360       2.379620       2.372910       2.366230       2.359580    
   2.557370       2.549800       2.542260       2.534760       2.527300       2.519870       2.512470       2.505110       2.497780       2.490480       2.483210       2.475980       2.468780       2.461610       2.454470       2.447360       2.440280       2.433230       2.426220       2.419230       2.412280       2.405360       2.398480       2.391620       2.384800       2.378010       2.371260       2.364540       2.357850       2.351200    
   2.550010       2.542370       2.534770       2.527200       2.519680       2.512190       2.504730       2.497310       2.489930       2.482580       2.475270       2.467980       2.460740       2.453530       2.446350       2.439200       2.432090       2.425010       2.417970       2.410960       2.403980       2.397040       2.390130       2.383260       2.376430       2.369630       2.362860       2.356140       2.349450       2.342790    
   2.542620       2.534910       2.527240       2.519620       2.512030       2.504480       2.496970       2.489490       2.482050       2.474650       2.467290       2.459960       2.452670       2.445420       2.438200       2.431020       2.423870       2.416760       2.409690       2.402650       2.395650       2.388690       2.381760       2.374870       2.368020       2.361210       2.354440       2.347700       2.341010       2.334350    
   2.535210       2.527430       2.519700       2.512010       2.504360       2.496750       2.489180       2.481650       2.474160       2.466700       2.459290       2.451920       2.444580       2.437280       2.430030       2.422810       2.415630       2.408480       2.401380       2.394320       2.387290       2.380310       2.373360       2.366460       2.359590       2.352770       2.345990       2.339240       2.332540       2.325880    
   2.527780       2.519930       2.512130       2.504380       2.496660       2.488990       2.481370       2.473780       2.466240       2.458730       2.451270       2.443850       2.436470       2.429130       2.421830       2.414570       2.407360       2.400180       2.393050       2.385960       2.378910       2.371900       2.364940       2.358020       2.351140       2.344300       2.337510       2.330760       2.324050       2.317390    
   2.520330       2.512420       2.504550       2.496730       2.488960       2.481230       2.473540       2.465900       2.458300       2.450740       2.443230       2.435760       2.428340       2.420950       2.413610       2.406320       2.399070       2.391860       2.384700       2.377580       2.370510       2.363480       2.356490       2.349550       2.342660       2.335810       2.329010       2.322250       2.315540       2.308870    
   2.512870       2.504890       2.496950       2.489070       2.481230       2.473440       2.465700       2.458000       2.450340       2.442740       2.435170       2.427660       2.420180       2.412760       2.405380       2.398050       2.390760       2.383520       2.376330       2.369180       2.362080       2.355030       2.348030       2.341070       2.334160       2.327300       2.320490       2.313720       2.307000       2.300330    
   2.505390       2.497340       2.489340       2.481400       2.473500       2.465640       2.457840       2.450080       2.442380       2.434710       2.427100       2.419540       2.412020       2.404550       2.397130       2.389760       2.382440       2.375160       2.367940       2.360770       2.353640       2.346570       2.339540       2.332570       2.325650       2.318770       2.311950       2.305170       2.298450       2.291770    
   2.505410       2.497360       2.485450       2.473710       2.465750       2.457840       2.449970       2.442160       2.434400       2.426680       2.419020       2.411410       2.403840       2.396330       2.388870       2.381460       2.374100       2.366790       2.359540       2.352340       2.345190       2.338090       2.331050       2.324050       2.317110       2.310230       2.303390       2.296610       2.289880       2.283200    
   2.505420       2.490480       2.473710       2.461920       2.457990       2.450020       2.442100       2.434230       2.426410       2.418640       2.410930       2.403260       2.395650       2.388100       2.380600       2.373150       2.365750       2.358410       2.351130       2.343900       2.336720       2.329600       2.322530       2.315520       2.308570       2.301670       2.294820       2.288030       2.281300       2.274610    
   2.495780       2.473710       2.459990       2.454110       2.450230       2.442200       2.434220       2.426290       2.418410       2.410590       2.402830       2.395120       2.387460       2.379860       2.372310       2.364830       2.357400       2.350020       2.342700       2.335440       2.328240       2.321100       2.314010       2.306980       2.300010       2.293100       2.286250       2.279450       2.272700       2.266010    
   2.473710       2.459030       2.452170       2.450230       2.442270       2.434380       2.426330       2.418350       2.410420       2.402540       2.394720       2.386960       2.379260       2.371620       2.364030       2.356500       2.349030       2.341620       2.334270       2.326990       2.319760       2.312590       2.305480       2.298440       2.291450       2.284520       2.277660       2.270850       2.264100       2.257410    
   2.458540       2.451200       2.450230       2.442290       2.434380       2.426390       2.418450       2.410400       2.402420       2.394490       2.386620       2.378810       2.371060       2.363370       2.355740       2.348170       2.340660       2.333220       2.325840       2.318520       2.311270       2.304080       2.296950       2.289880       2.282880       2.275940       2.269070       2.262250       2.255490       2.248800    
   2.450720       2.450230       2.442300       2.434380       2.426410       2.418450       2.414420       2.410420       2.398440       2.386440       2.378520       2.370650       2.362860       2.355120       2.347450       2.339840       2.332300       2.324820       2.317400       2.310060       2.302770       2.295560       2.288410       2.281330       2.274310       2.267360       2.260470       2.253650       2.246880       2.240180    
   2.450230       2.442300       2.434380       2.426410       2.418450       2.416440       2.414430       2.402430       2.386440       2.382480       2.370490       2.362500       2.354660       2.346870       2.339160       2.331510       2.323930       2.316410       2.308970       2.301590       2.294280       2.287040       2.279870       2.272770       2.265740       2.258770       2.251870       2.245040       2.238270       2.231570    
   2.442300       2.434380       2.426410       2.418450       2.417440       2.416440       2.404940       2.386440       2.384460       2.370440       2.358430       2.354360       2.346460       2.338630       2.330870       2.323180       2.315560       2.308010       2.300530       2.293130       2.285790       2.278530       2.271340       2.264220       2.257170       2.250190       2.243280       2.236440       2.229670       2.222960    
   2.434380       2.426410       2.418450       2.417950       2.417440       2.406310       2.386440       2.385450       2.370420       2.356400       2.354360       2.350410       2.342460       2.330400       2.322600       2.314860       2.307200       2.299620       2.292110       2.284670       2.277310       2.270020       2.262800       2.255670       2.248600       2.241610       2.234690       2.227840       2.221060       2.214350    
   2.426410       2.418450       2.418200       2.417950       2.407040       2.386440       2.385940       2.370410       2.355380       2.354360       2.352390       2.344410       2.330400       2.326500       2.322620       2.314890       2.307230       2.299640       2.284080       2.276220       2.268830       2.261510       2.254280       2.247120       2.240040       2.233040       2.226110       2.219250       2.212470       2.205750    
   2.418450       2.418320       2.418200       2.407410       2.386440       2.386190       2.370400       2.354870       2.354360       2.353370       2.345390       2.330400       2.328450       2.326510       2.321340       2.314910       2.307250       2.286150       2.272000       2.267780       2.260360       2.253020       2.245760       2.238590       2.231490       2.224470       2.217530       2.210670       2.203880       2.197160    
   2.418390       2.418320       2.407590       2.386440       2.386320       2.370400       2.354610       2.354360       2.353870       2.345880       2.330400       2.329420       2.328450       2.325430       2.320920       2.314500       2.289200       2.269890       2.267780       2.260010       2.251900       2.244540       2.237260       2.230060       2.222950       2.215920       2.208970       2.202100       2.195310       2.188590    
   2.418390       2.407690       2.386440       2.386380       2.370400       2.354490       2.354360       2.354110       2.346130       2.330400       2.329910       2.329430       2.327770       2.324930       2.320280       2.287220       2.268840       2.267780       2.250520       2.243470       2.239030       2.236070       2.228770       2.221560       2.214430       2.207380       2.200420       2.193550       2.186750       2.180030    
   2.407730       2.386440       2.386410       2.370400       2.354420       2.354360       2.354240       2.346250       2.330400       2.330160       2.329910       2.329040       2.327380       2.295420       2.267340       2.242640       2.242640       2.238540       2.233650       2.230830       2.235040       2.227620       2.220300       2.213070       2.205920       2.198870       2.191900       2.185010       2.178210       2.171490    
   2.386440       2.386420       2.370400       2.354390       2.354360       2.354300       2.346310       2.330400       2.330280       2.330160       2.329700       2.328770       2.273680       2.208420       2.208680       2.220300       2.216450       2.217490       2.223260       2.226640       2.226630       2.219190       2.211850       2.204600       2.197440       2.190370       2.183390       2.176500       2.169690       2.162970    
   2.386430       2.370400       2.354380       2.354360       2.354330       2.346340       2.330400       2.330340       2.330280       2.330050       2.274600       2.192190       2.202800       2.208170       2.208170       2.208680       2.213430       2.215420       2.217490       2.218070       2.218250       2.210790       2.203420       2.196150       2.188970       2.181890       2.174910       2.168010       2.161200       2.154470    
   2.370400       2.354370       2.354360       2.354340       2.346360       2.330400       2.330370       2.330340       2.330220       2.263860       2.192190       2.192190       2.192190       2.202420       2.207660       2.207660       2.208680       2.212140       2.213340       2.217490       2.209890       2.202400       2.195020       2.187730       2.180540       2.173440       2.166450       2.159540       2.152730       2.146010    
   2.354360       2.354360       2.354350       2.346370       2.330400       2.330380       2.330370       2.287960       2.243210       2.192170       2.192190       2.192190       2.192190       2.192190       2.201670       2.206630       2.206630       2.208680       2.209070       2.209190       2.201570       2.194050       2.186640       2.179330       2.172130       2.165020       2.158020       2.151110       2.144300       2.137570    
   2.354360       2.354360       2.346370       2.330400       2.330390       2.262920       2.161740       2.161330       2.160930       2.181710       2.192120       2.192190       2.192190       2.192190       2.192190       2.200200       2.204590       2.204590       2.208680       2.200920       2.193270       2.185730       2.178300       2.170970       2.163750       2.156640       2.149630       2.142710       2.135900       2.129170    
   2.354360       2.346370       2.330400       2.330400       2.249430       2.161730       2.161730       2.161740       2.161330       2.160930       2.181600       2.191990       2.192190       2.192190       2.192190       2.192190       2.197400       2.200500       2.200490       2.192690       2.185010       2.177440       2.169990       2.162650       2.155410       2.148290       2.141270       2.134350       2.127530       2.120810    
