iMOD/TUTORIALS/TUT_MetaswapAnalyser/model_MetaSWAP/meteo/Evaporation/Evaporation_20060424_L1.ASC
NCOLS                30
NROWS                30
XLLCORNER     160000.00
YLLCORNER     340000.00
CELLSIZE        1000.00
NODATA_VALUE   -9999.00
   2.766970       2.762940       2.758900       2.754860       2.750810       2.746780       2.742750       2.738730       2.734730       2.730750       2.726800       2.722880       2.718980       2.715130       2.711310       2.707530       2.703800       2.700120       2.696480       2.692900       2.689360       2.685890       2.682470       2.679110       2.675810       2.672570       2.669390       2.666270       2.663220       2.660230    
   2.765740       2.761670       2.757590       2.753510       2.749430       2.745360       2.741300       2.737260       2.733230       2.729220       2.725250       2.721300       2.717380       2.713500       2.709660       2.705870       2.702120       2.698410       2.694760       2.691160       2.687620       2.684130       2.680700       2.677330       2.674020       2.670770       2.667590       2.664470       2.661410       2.658420    
   2.764480       2.760360       2.756240       2.752130       2.748010       2.743910       2.739820       2.735740       2.731690       2.727650       2.723650       2.719680       2.715740       2.711840       2.707980       2.704160       2.700390       2.696670       2.693010       2.689390       2.685830       2.682330       2.678890       2.675510       2.672200       2.668940       2.665750       2.662630       2.659570       2.656570    
   2.763180       2.759020       2.754860       2.750710       2.746560       2.742420       2.738300       2.734190       2.730110       2.726050       2.722020       2.718020       2.714060       2.710130       2.706250       2.702420       2.698630       2.694900       2.691210       2.687590       2.684020       2.680500       2.677050       2.673660       2.670340       2.667080       2.663880       2.660750       2.657690       2.654700    
   2.761860       2.757650       2.753460       2.749260       2.745080       2.740900       2.736750       2.732610       2.728490       2.724410       2.720350       2.716330       2.712340       2.708400       2.704500       2.700640       2.696840       2.693090       2.689390       2.685750       2.682160       2.678640       2.675180       2.671780       2.668450       2.665180       2.661980       2.658850       2.655790       2.652790    
   2.760500       2.756260       2.752020       2.747780       2.743560       2.739350       2.735160       2.730990       2.726850       2.722740       2.718650       2.714600       2.710600       2.706630       2.702710       2.698830       2.695010       2.691240       2.687530       2.683870       2.680280       2.676750       2.673280       2.669870       2.666530       2.663260       2.660060       2.656920       2.653860       2.650860    
   2.759130       2.754840       2.750560       2.746280       2.742020       2.737780       2.733560       2.729350       2.725180       2.721040       2.716920       2.712850       2.708820       2.704830       2.700890       2.697000       2.693160       2.689370       2.685640       2.681970       2.678370       2.674820       2.671350       2.667930       2.664590       2.661310       2.658110       2.654970       2.651900       2.648910    
   2.757730       2.753400       2.749070       2.744760       2.740460       2.736180       2.731920       2.727690       2.723480       2.719310       2.715170       2.711070       2.707020       2.703010       2.699040       2.695130       2.691270       2.687470       2.683730       2.680050       2.676430       2.672880       2.669390       2.665970       2.662620       2.659340       2.656130       2.652990       2.649930       2.646930    
   2.756320       2.751940       2.747570       2.743220       2.738880       2.734560       2.730270       2.726000       2.721770       2.717560       2.713400       2.709270       2.705190       2.701160       2.697170       2.693240       2.689370       2.685550       2.681790       2.678100       2.674470       2.670900       2.667410       2.663980       2.660630       2.657340       2.654130       2.651000       2.647930       2.644940    
   2.754890       2.750460       2.746050       2.741660       2.737280       2.732930       2.728600       2.724300       2.720030       2.715800       2.711600       2.707450       2.703350       2.699290       2.695280       2.691330       2.687440       2.683600       2.679830       2.676120       2.672480       2.668910       2.665410       2.661980       2.658620       2.655330       2.652120       2.648980       2.645920       2.642930    
   2.754890       2.750470       2.744570       2.740090       2.735670       2.731280       2.726910       2.722580       2.718280       2.714020       2.709790       2.705610       2.701480       2.697400       2.693370       2.689400       2.685490       2.681640       2.677850       2.674130       2.670480       2.666900       2.663390       2.659950       2.656590       2.653300       2.650080       2.646950       2.643880       2.640900    
   2.754890       2.747500       2.740090       2.735550       2.734050       2.729620       2.725220       2.720850       2.716510       2.712220       2.707970       2.703760       2.699600       2.695500       2.691450       2.687460       2.683530       2.679660       2.675860       2.672130       2.668460       2.664870       2.661350       2.657910       2.654540       2.651250       2.648040       2.644900       2.641840       2.638860    
   2.750450       2.740090       2.735320       2.733230       2.732410       2.727940       2.723510       2.719100       2.714740       2.710410       2.706130       2.701900       2.697710       2.693580       2.689510       2.685500       2.681550       2.677670       2.673850       2.670100       2.666430       2.662830       2.659300       2.655860       2.652480       2.649190       2.645980       2.642840       2.639790       2.636810    
   2.740090       2.735160       2.732820       2.732410       2.728870       2.726270       2.721790       2.717350       2.712950       2.708590       2.704280       2.700020       2.695810       2.691660       2.687560       2.683530       2.679560       2.675660       2.671830       2.668070       2.664390       2.660780       2.657240       2.653790       2.650420       2.647120       2.643910       2.640780       2.637720       2.634750    
   2.735070       2.732610       2.732410       2.729180       2.726270       2.722710       2.720070       2.715600       2.711160       2.706770       2.702430       2.698140       2.693900       2.689720       2.685610       2.681550       2.677560       2.673650       2.669800       2.666030       2.662330       2.658710       2.655180       2.651720       2.648340       2.645040       2.641830       2.638700       2.635650       2.632690    
   2.732510       2.732410       2.729290       2.726270       2.723020       2.720070       2.717830       2.715610       2.709620       2.704950       2.700570       2.696250       2.691990       2.687780       2.683640       2.679570       2.675560       2.671630       2.667770       2.663980       2.660270       2.656650       2.653100       2.649640       2.646260       2.642960       2.639750       2.636620       2.633580       2.630620    
   2.732410       2.729320       2.726270       2.723120       2.720070       2.718950       2.717840       2.712000       2.704950       2.702760       2.697720       2.694370       2.690080       2.685840       2.681680       2.677580       2.673560       2.669600       2.665730       2.661930       2.658210       2.654580       2.651020       2.647560       2.644170       2.640880       2.637670       2.634540       2.631510       2.628550    
   2.729330       2.726270       2.723150       2.720070       2.719510       2.718950       2.713440       2.704950       2.703860       2.698270       2.693430       2.692480       2.688160       2.683910       2.679720       2.675600       2.671550       2.667580       2.663690       2.659880       2.656150       2.652500       2.648940       2.645470       2.642090       2.638790       2.635580       2.632470       2.629430       2.626490    
   2.726270       2.723160       2.720070       2.719790       2.719510       2.714210       2.704950       2.704400       2.698500       2.692950       2.692480       2.690320       2.686630       2.681970       2.677760       2.673610       2.669550       2.665560       2.661650       2.657820       2.654080       2.650430       2.646870       2.643390       2.640000       2.636710       2.633500       2.630390       2.627370       2.624430    
   2.723170       2.720070       2.719930       2.719790       2.714620       2.704950       2.704680       2.698610       2.692720       2.692480       2.691400       2.687850       2.681970       2.679860       2.677780       2.673640       2.669570       2.665590       2.658910       2.655780       2.652030       2.648360       2.644790       2.641310       2.637930       2.634630       2.631430       2.628320       2.625300       2.622380    
   2.720070       2.720000       2.719930       2.714820       2.704950       2.704810       2.698660       2.692600       2.692480       2.691940       2.688430       2.681970       2.680920       2.679870       2.677090       2.673660       2.669600       2.660510       2.654760       2.653740       2.649980       2.646300       2.642730       2.639240       2.635860       2.632560       2.629370       2.626260       2.623250       2.620340    
   2.720040       2.720000       2.714930       2.704950       2.704880       2.698690       2.692540       2.692480       2.692210       2.688700       2.681970       2.681440       2.680920       2.679290       2.676880       2.673450       2.662350       2.654250       2.653740       2.650550       2.647930       2.644250       2.640670       2.637180       2.633800       2.630500       2.627310       2.624210       2.621210       2.618310    
   2.720040       2.714980       2.704950       2.704920       2.698700       2.692510       2.692480       2.692350       2.688840       2.681970       2.681710       2.681440       2.680550       2.679030       2.676540       2.662890       2.654000       2.653740       2.648270       2.645910       2.643700       2.642220       2.638630       2.635140       2.631750       2.628460       2.625270       2.622180       2.619190       2.616290    
   2.715000       2.704950       2.704930       2.698710       2.692490       2.692480       2.692410       2.688910       2.681970       2.681840       2.681710       2.681230       2.680340       2.669530       2.658580       2.647780       2.647770       2.645830       2.643570       2.642890       2.643890       2.640200       2.636600       2.633110       2.629720       2.626430       2.623250       2.620170       2.617180       2.614300    
   2.704950       2.704940       2.698710       2.692490       2.692480       2.692450       2.688940       2.681970       2.681900       2.681840       2.681590       2.681090       2.662990       2.641950       2.642010       2.643240       2.641570       2.641810       2.641750       2.641910       2.641900       2.638190       2.634590       2.631100       2.627710       2.624420       2.621250       2.618170       2.615200       2.612330    
   2.704950       2.698710       2.692480       2.692480       2.692460       2.688960       2.681970       2.681940       2.681900       2.681780       2.665230       2.640820       2.641530       2.641900       2.641900       2.642010       2.641610       2.641340       2.641810       2.640400       2.639930       2.636210       2.632610       2.629110       2.625720       2.622440       2.619270       2.616200       2.613240       2.610380    
   2.698710       2.692480       2.692480       2.692470       2.688970       2.681970       2.681950       2.681940       2.681870       2.662110       2.640820       2.640820       2.640820       2.641440       2.641780       2.641780       2.642010       2.641280       2.640860       2.641810       2.637980       2.634260       2.630640       2.627140       2.623760       2.620480       2.617320       2.614260       2.611310       2.608470    
   2.692480       2.692480       2.692480       2.688970       2.681970       2.681960       2.681950       2.670810       2.657320       2.640820       2.640820       2.640820       2.640820       2.640820       2.641270       2.641560       2.641550       2.642010       2.640440       2.639910       2.636060       2.632330       2.628710       2.625210       2.621820       2.618550       2.615390       2.612350       2.609410       2.606580    
   2.692480       2.692480       2.688970       2.681970       2.681970       2.665470       2.640730       2.639100       2.637470       2.639690       2.640810       2.640820       2.640820       2.640820       2.640820       2.640940       2.641100       2.641100       2.642010       2.638030       2.634170       2.630430       2.626810       2.623300       2.619920       2.616650       2.613500       2.610470       2.607550       2.604740    
   2.692480       2.688980       2.681970       2.681970       2.662170       2.640730       2.640730       2.640730       2.639100       2.637470       2.639670       2.640780       2.640820       2.640820       2.640820       2.640820       2.640280       2.640200       2.640190       2.636190       2.632320       2.628570       2.624940       2.621440       2.618050       2.614790       2.611650       2.608630       2.605720       2.602930    
