iMOD/TUTORIALS/TUT_MetaswapAnalyser/model_MetaSWAP/meteo/Evaporation/Evaporation_20060420_L1.ASC
NCOLS                30
NROWS                30
XLLCORNER     160000.00
YLLCORNER     340000.00
CELLSIZE        1000.00
NODATA_VALUE   -9999.00
   2.518470       2.519550       2.520580       2.521570       2.522520       2.523430       2.524300       2.525140       2.525960       2.526740       2.527500       2.528240       2.528960       2.529650       2.530330       2.531000       2.531650       2.532300       2.532930       2.533560       2.534180       2.534800       2.535420       2.536030       2.536650       2.537270       2.537900       2.538530       2.539170       2.539820    
   2.519280       2.520340       2.521360       2.522340       2.523270       2.524180       2.525050       2.525880       2.526690       2.527470       2.528230       2.528970       2.529680       2.530380       2.531060       2.531730       2.532390       2.533040       2.533690       2.534320       2.534960       2.535590       2.536220       2.536850       2.537490       2.538130       2.538780       2.539430       2.540100       2.540770    
   2.520020       2.521070       2.522080       2.523040       2.523970       2.524860       2.525730       2.526560       2.527360       2.528140       2.528890       2.529630       2.530350       2.531050       2.531730       2.532410       2.533070       2.533730       2.534380       2.535030       2.535670       2.536320       2.536970       2.537610       2.538270       2.538930       2.539600       2.540270       2.540960       2.541650    
   2.520700       2.521740       2.522730       2.523690       2.524610       2.525490       2.526350       2.527170       2.527970       2.528750       2.529500       2.530230       2.530950       2.531650       2.532340       2.533020       2.533690       2.534360       2.535020       2.535670       2.536330       2.536990       2.537650       2.538320       2.538990       2.539670       2.540360       2.541060       2.541760       2.542490    
   2.521330       2.522350       2.523330       2.524280       2.525190       2.526060       2.526910       2.527730       2.528520       2.529290       2.530040       2.530780       2.531490       2.532200       2.532890       2.533580       2.534250       2.534930       2.535600       2.536260       2.536930       2.537610       2.538280       2.538970       2.539660       2.540360       2.541060       2.541780       2.542520       2.543260    
   2.521910       2.522910       2.523880       2.524810       2.525710       2.526580       2.527420       2.528230       2.529020       2.529790       2.530540       2.531270       2.531990       2.532690       2.533390       2.534080       2.534760       2.535440       2.536120       2.536800       2.537480       2.538170       2.538860       2.539560       2.540270       2.540990       2.541720       2.542460       2.543220       2.543990    
   2.522430       2.523420       2.524380       2.525300       2.526190       2.527050       2.527880       2.528680       2.529470       2.530230       2.530980       2.531710       2.532430       2.533130       2.533830       2.534530       2.535220       2.535900       2.536590       2.537280       2.537980       2.538680       2.539390       2.540110       2.540830       2.541570       2.542320       2.543090       2.543870       2.544670    
   2.522910       2.523890       2.524830       2.525740       2.526620       2.527470       2.528290       2.529090       2.529870       2.530630       2.531370       2.532100       2.532820       2.533530       2.534230       2.534930       2.535620       2.536320       2.537020       2.537720       2.538430       2.539140       2.539870       2.540600       2.541350       2.542110       2.542880       2.543670       2.544480       2.545300    
   2.523340       2.524310       2.525240       2.526130       2.527000       2.527840       2.528650       2.529450       2.530220       2.530970       2.531710       2.532440       2.533160       2.533870       2.534580       2.535280       2.535980       2.536690       2.537400       2.538110       2.538830       2.539560       2.540300       2.541050       2.541820       2.542600       2.543400       2.544210       2.545040       2.545890    
   2.523730       2.524680       2.525600       2.526490       2.527340       2.528170       2.528980       2.529760       2.530530       2.531280       2.532020       2.532740       2.533460       2.534170       2.534880       2.535590       2.536300       2.537010       2.537730       2.538450       2.539190       2.539930       2.540690       2.541460       2.542240       2.543050       2.543860       2.544700       2.545560       2.546430    
   2.523720       2.524670       2.525890       2.526800       2.527640       2.528460       2.529260       2.530040       2.530800       2.531550       2.532280       2.533000       2.533720       2.534440       2.535150       2.535860       2.536580       2.537300       2.538020       2.538760       2.539510       2.540260       2.541040       2.541830       2.542630       2.543450       2.544300       2.545160       2.546040       2.546940    
   2.523710       2.525270       2.526800       2.527620       2.527910       2.528720       2.529510       2.530280       2.531030       2.531770       2.532500       2.533230       2.533940       2.534660       2.535370       2.536090       2.536810       2.537540       2.538280       2.539020       2.539780       2.540560       2.541350       2.542150       2.542980       2.543820       2.544690       2.545570       2.546480       2.547410    
   2.524620       2.526800       2.527650       2.528030       2.528140       2.528940       2.529720       2.530480       2.531230       2.531970       2.532690       2.533410       2.534130       2.534850       2.535560       2.536290       2.537010       2.537750       2.538490       2.539250       2.540020       2.540810       2.541620       2.542440       2.543290       2.544160       2.545040       2.545950       2.546890       2.547850    
   2.526800       2.527670       2.528080       2.528140       2.528740       2.529140       2.529900       2.530660       2.531400       2.532130       2.532850       2.533570       2.534290       2.535000       2.535720       2.536450       2.537180       2.537920       2.538680       2.539450       2.540230       2.541040       2.541860       2.542700       2.543570       2.544460       2.545370       2.546300       2.547260       2.548250    
   2.527680       2.528110       2.528140       2.528670       2.529140       2.529700       2.530060       2.530800       2.531540       2.532260       2.532980       2.533700       2.534410       2.535130       2.535850       2.536580       2.537310       2.538070       2.538830       2.539610       2.540410       2.541230       2.542070       2.542930       2.543810       2.544720       2.545660       2.546620       2.547610       2.548630    
   2.528130       2.528140       2.528650       2.529140       2.529630       2.530060       2.530430       2.530800       2.531740       2.532370       2.533080       2.533790       2.534510       2.535220       2.535950       2.536680       2.537420       2.538180       2.538950       2.539750       2.540560       2.541390       2.542250       2.543130       2.544030       2.544970       2.545930       2.546910       2.547930       2.548970    
   2.528140       2.528640       2.529140       2.529610       2.530060       2.530250       2.530430       2.531340       2.532370       2.532730       2.533410       2.533870       2.534580       2.535300       2.536020       2.536760       2.537500       2.538270       2.539050       2.539850       2.540680       2.541530       2.542400       2.543300       2.544230       2.545180       2.546170       2.547180       2.548220       2.549300    
   2.528640       2.529140       2.529600       2.530060       2.530150       2.530250       2.531100       2.532370       2.532550       2.533260       2.533900       2.533920       2.534630       2.535350       2.536070       2.536810       2.537560       2.538340       2.539130       2.539940       2.540780       2.541640       2.542530       2.543450       2.544400       2.545370       2.546380       2.547420       2.548490       2.549600    
   2.529140       2.529600       2.530060       2.530110       2.530150       2.530970       2.532370       2.532460       2.533200       2.533910       2.533920       2.534280       2.534820       2.535380       2.536110       2.536850       2.537600       2.538380       2.539180       2.540000       2.540850       2.541730       2.542640       2.543580       2.544540       2.545550       2.546580       2.547650       2.548750       2.549880    
   2.529600       2.530060       2.530080       2.530110       2.530900       2.532370       2.532410       2.533170       2.533910       2.533920       2.534100       2.534600       2.535380       2.535740       2.536110       2.536850       2.537610       2.538390       2.539540       2.540050       2.540910       2.541800       2.542730       2.543690       2.544680       2.545700       2.546760       2.547850       2.548980       2.550150    
   2.530060       2.530070       2.530080       2.530860       2.532370       2.532390       2.533160       2.533920       2.533920       2.534010       2.534500       2.535380       2.535560       2.535750       2.536240       2.536860       2.537620       2.539140       2.540070       2.540080       2.540960       2.541860       2.542800       2.543780       2.544790       2.545840       2.546920       2.548040       2.549200       2.550400    
   2.530070       2.530070       2.530850       2.532370       2.532380       2.533150       2.533920       2.533920       2.533960       2.534450       2.535380       2.535470       2.535560       2.535850       2.536280       2.536900       2.538750       2.540070       2.540080       2.540680       2.540990       2.541910       2.542870       2.543860       2.544890       2.545970       2.547080       2.548220       2.549410       2.550640    
   2.530070       2.530840       2.532370       2.532380       2.533150       2.533920       2.533920       2.533940       2.534430       2.535380       2.535430       2.535470       2.535630       2.535900       2.536340       2.538420       2.540080       2.540080       2.540700       2.541010       2.541570       2.541940       2.542920       2.543930       2.544990       2.546080       2.547220       2.548400       2.549610       2.550870    
   2.530830       2.532370       2.532370       2.533150       2.533920       2.533920       2.533930       2.534420       2.535380       2.535400       2.535430       2.535510       2.535670       2.536770       2.538290       2.540090       2.540090       2.540530       2.541020       2.541020       2.541020       2.541970       2.542960       2.544000       2.545070       2.546190       2.547360       2.548560       2.549810       2.551100    
   2.532370       2.532370       2.533150       2.533920       2.533920       2.533930       2.534410       2.535380       2.535390       2.535400       2.535450       2.535530       2.537270       2.539210       2.539210       2.539800       2.540100       2.540100       2.540740       2.541030       2.541030       2.542000       2.543000       2.544060       2.545150       2.546300       2.547490       2.548720       2.550000       2.551320    
   2.532370       2.533150       2.533920       2.533920       2.533920       2.534410       2.535380       2.535390       2.535390       2.535410       2.536650       2.538440       2.538950       2.539210       2.539210       2.539210       2.539810       2.540100       2.540100       2.540800       2.541040       2.542020       2.543040       2.544110       2.545240       2.546400       2.547620       2.548880       2.550200       2.551550    
   2.533150       2.533920       2.533920       2.533920       2.534410       2.535380       2.535380       2.535390       2.535400       2.536870       2.538440       2.538440       2.538440       2.538950       2.539210       2.539210       2.539210       2.539820       2.540110       2.540100       2.541050       2.542040       2.543080       2.544170       2.545320       2.546510       2.547760       2.549050       2.550390       2.551780    
   2.533920       2.533920       2.533920       2.534410       2.535380       2.535380       2.535380       2.536130       2.537140       2.538440       2.538440       2.538440       2.538440       2.538440       2.538960       2.539210       2.539210       2.539210       2.539890       2.540110       2.541060       2.542070       2.543130       2.544240       2.545400       2.546620       2.547900       2.549220       2.550600       2.552020    
   2.533920       2.533920       2.534410       2.535380       2.535380       2.536380       2.537880       2.538110       2.538340       2.538410       2.538440       2.538440       2.538440       2.538440       2.538440       2.538960       2.539220       2.539220       2.539210       2.540120       2.541090       2.542110       2.543180       2.544310       2.545500       2.546750       2.548050       2.549400       2.550810       2.552270    
   2.533920       2.534410       2.535380       2.535380       2.536580       2.537880       2.537880       2.537880       2.538110       2.538340       2.538410       2.538440       2.538440       2.538440       2.538440       2.538440       2.538990       2.539230       2.539220       2.540150       2.541120       2.542150       2.543240       2.544400       2.545610       2.546880       2.548210       2.549590       2.551040       2.552530    
