iMOD/TUTORIALS/TUT_MetaswapAnalyser/model_MetaSWAP/meteo/Evaporation/Evaporation_20051104_L1.ASC
NCOLS                30
NROWS                30
XLLCORNER     160000.00
YLLCORNER     340000.00
CELLSIZE        1000.00
NODATA_VALUE   -9999.00
  0.4650900      0.4653700      0.4656800      0.4660000      0.4663300      0.4666900      0.4670500      0.4674300      0.4678300      0.4682300      0.4686500      0.4690700      0.4695000      0.4699500      0.4703900      0.4708500      0.4713100      0.4717700      0.4722400      0.4727200      0.4732000      0.4736800      0.4741600      0.4746500      0.4751400      0.4756300      0.4761300      0.4766300      0.4771200      0.4776300    
  0.4654200      0.4657000      0.4659900      0.4663100      0.4666400      0.4669800      0.4673400      0.4677100      0.4681000      0.4685000      0.4689100      0.4693200      0.4697500      0.4701900      0.4706300      0.4710800      0.4715300      0.4719900      0.4724600      0.4729300      0.4734000      0.4738800      0.4743600      0.4748500      0.4753400      0.4758300      0.4763200      0.4768100      0.4773100      0.4778100    
  0.4657500      0.4660200      0.4663100      0.4666200      0.4669400      0.4672800      0.4676300      0.4680000      0.4683800      0.4687700      0.4691700      0.4695800      0.4700000      0.4704300      0.4708700      0.4713100      0.4717600      0.4722200      0.4726800      0.4731400      0.4736100      0.4740900      0.4745700      0.4750500      0.4755300      0.4760200      0.4765100      0.4770000      0.4775000      0.4780000    
  0.4660800      0.4663400      0.4666300      0.4669300      0.4672500      0.4675800      0.4679200      0.4682800      0.4686600      0.4690400      0.4694300      0.4698400      0.4702500      0.4706800      0.4711100      0.4715500      0.4719900      0.4724400      0.4729000      0.4733600      0.4738200      0.4743000      0.4747700      0.4752500      0.4757300      0.4762200      0.4767000      0.4771900      0.4776900      0.4781800    
  0.4664100      0.4666700      0.4669500      0.4672400      0.4675500      0.4678800      0.4682200      0.4685700      0.4689400      0.4693100      0.4697000      0.4701000      0.4705100      0.4709300      0.4713500      0.4717800      0.4722200      0.4726700      0.4731200      0.4735800      0.4740400      0.4745100      0.4749800      0.4754500      0.4759300      0.4764100      0.4769000      0.4773900      0.4778800      0.4783700    
  0.4667400      0.4669900      0.4672700      0.4675600      0.4678600      0.4681800      0.4685100      0.4688600      0.4692200      0.4695900      0.4699700      0.4703600      0.4707700      0.4711800      0.4716000      0.4720200      0.4724600      0.4729000      0.4733400      0.4738000      0.4742500      0.4747200      0.4751800      0.4756600      0.4761300      0.4766100      0.4771000      0.4775800      0.4780700      0.4785600    
  0.4670700      0.4673200      0.4675900      0.4678700      0.4681700      0.4684800      0.4688100      0.4691500      0.4695000      0.4698700      0.4702400      0.4706300      0.4710200      0.4714300      0.4718400      0.4722600      0.4726900      0.4731300      0.4735700      0.4740200      0.4744700      0.4749300      0.4754000      0.4758600      0.4763400      0.4768100      0.4772900      0.4777800      0.4782700      0.4787600    
  0.4674000      0.4676400      0.4679100      0.4681800      0.4684800      0.4687900      0.4691100      0.4694400      0.4697900      0.4701500      0.4705200      0.4709000      0.4712900      0.4716900      0.4720900      0.4725100      0.4729300      0.4733600      0.4738000      0.4742400      0.4746900      0.4751500      0.4756100      0.4760700      0.4765400      0.4770200      0.4775000      0.4779800      0.4784600      0.4789500    
  0.4677200      0.4679700      0.4682300      0.4685000      0.4687900      0.4690900      0.4694000      0.4697300      0.4700700      0.4704300      0.4707900      0.4711600      0.4715500      0.4719400      0.4723400      0.4727600      0.4731700      0.4736000      0.4740300      0.4744700      0.4749200      0.4753700      0.4758200      0.4762900      0.4767500      0.4772200      0.4777000      0.4781800      0.4786600      0.4791500    
  0.4680500      0.4682900      0.4685400      0.4688100      0.4691000      0.4693900      0.4697000      0.4700300      0.4703600      0.4707100      0.4710700      0.4714300      0.4718100      0.4722000      0.4726000      0.4730000      0.4734200      0.4738400      0.4742700      0.4747000      0.4751400      0.4755900      0.4760400      0.4765000      0.4769600      0.4774300      0.4779000      0.4783800      0.4788600      0.4793400    
  0.4680570      0.4682930      0.4686930      0.4691300      0.4694100      0.4697000      0.4700000      0.4703200      0.4706500      0.4709900      0.4713400      0.4717100      0.4720800      0.4724600      0.4728500      0.4732500      0.4736600      0.4740800      0.4745000      0.4749300      0.4753700      0.4758100      0.4762600      0.4767200      0.4771800      0.4776400      0.4781100      0.4785800      0.4790600      0.4795400    
  0.4680610      0.4685430      0.4691300      0.4695730      0.4697200      0.4700000      0.4703000      0.4706100      0.4709400      0.4712700      0.4716200      0.4719800      0.4723500      0.4727200      0.4731100      0.4735100      0.4739100      0.4743200      0.4747400      0.4751700      0.4756000      0.4760400      0.4764800      0.4769300      0.4773900      0.4778500      0.4783200      0.4787900      0.4792600      0.4797400    
  0.4683930      0.4691300      0.4696520      0.4698750      0.4700300      0.4703100      0.4706000      0.4709100      0.4712300      0.4715600      0.4719000      0.4722500      0.4726200      0.4729900      0.4733700      0.4737600      0.4741600      0.4745600      0.4749800      0.4754000      0.4758300      0.4762600      0.4767100      0.4771500      0.4776100      0.4780600      0.4785300      0.4790000      0.4794700      0.4799500    
  0.4691300      0.4696910      0.4699530      0.4700300      0.4703170      0.4706100      0.4709000      0.4712100      0.4715200      0.4718400      0.4721800      0.4725300      0.4728900      0.4732500      0.4736300      0.4740100      0.4744100      0.4748100      0.4752200      0.4756400      0.4760600      0.4764900      0.4769300      0.4773700      0.4778200      0.4782800      0.4787400      0.4792100      0.4796800      0.4801500    
  0.4697110      0.4699910      0.4700300      0.4703190      0.4706100      0.4709030      0.4712000      0.4715000      0.4718100      0.4721300      0.4724600      0.4728000      0.4731600      0.4735200      0.4738900      0.4742700      0.4746600      0.4750600      0.4754600      0.4758800      0.4763000      0.4767200      0.4771600      0.4776000      0.4780400      0.4785000      0.4789500      0.4794200      0.4798900      0.4803600    
  0.4700110      0.4700300      0.4703200      0.4706100      0.4709040      0.4712000      0.4713500      0.4715030      0.4719650      0.4724200      0.4727400      0.4730800      0.4734300      0.4737900      0.4741500      0.4745300      0.4749100      0.4753100      0.4757100      0.4761200      0.4765300      0.4769600      0.4773900      0.4778200      0.4782700      0.4787200      0.4791700      0.4796300      0.4801000      0.4805700    
  0.4700300      0.4703200      0.4706100      0.4709050      0.4712000      0.4712750      0.4713510      0.4718100      0.4724200      0.4725800      0.4730480      0.4733600      0.4737000      0.4740600      0.4744200      0.4747900      0.4751700      0.4755600      0.4759500      0.4763600      0.4767700      0.4771900      0.4776200      0.4780500      0.4784900      0.4789400      0.4793900      0.4798500      0.4803100      0.4807800    
  0.4703200      0.4706100      0.4709050      0.4712000      0.4712370      0.4712750      0.4717140      0.4724200      0.4725000      0.4730380      0.4735000      0.4736400      0.4739800      0.4743200      0.4746800      0.4750500      0.4754200      0.4758100      0.4762000      0.4766000      0.4770100      0.4774300      0.4778500      0.4782800      0.4787200      0.4791600      0.4796100      0.4800600      0.4805200      0.4809900    
  0.4706100      0.4709050      0.4712000      0.4712190      0.4712380      0.4716620      0.4724200      0.4724600      0.4730340      0.4735700      0.4736400      0.4738100      0.4741350      0.4746000      0.4749500      0.4753100      0.4756800      0.4760600      0.4764500      0.4768500      0.4772500      0.4776600      0.4780800      0.4785100      0.4789400      0.4793800      0.4798300      0.4802800      0.4807400      0.4812000    
  0.4709050      0.4712000      0.4712090      0.4712190      0.4716350      0.4724200      0.4724400      0.4730320      0.4736050      0.4736400      0.4737250      0.4740460      0.4746000      0.4747750      0.4749530      0.4753130      0.4756830      0.4760630      0.4767580      0.4770900      0.4774900      0.4779000      0.4783200      0.4787400      0.4791700      0.4796100      0.4800500      0.4805000      0.4809600      0.4814200    
  0.4712000      0.4712050      0.4712090      0.4716210      0.4724200      0.4724300      0.4730310      0.4736230      0.4736400      0.4736830      0.4740030      0.4746000      0.4746870      0.4747760      0.4750140      0.4753170      0.4756870      0.4766120      0.4772150      0.4773400      0.4777400      0.4781400      0.4785600      0.4789800      0.4794000      0.4798400      0.4802800      0.4807200      0.4811800      0.4816400    
  0.4712020      0.4712050      0.4716140      0.4724200      0.4724250      0.4730300      0.4736310      0.4736400      0.4736610      0.4739810      0.4746000      0.4746440      0.4746880      0.4748260      0.4750360      0.4753390      0.4764470      0.4772780      0.4773400      0.4776900      0.4779900      0.4783900      0.4788000      0.4792100      0.4796400      0.4800700      0.4805000      0.4809500      0.4814000      0.4818500    
  0.4712020      0.4716100      0.4724200      0.4724220      0.4730300      0.4736360      0.4736400      0.4736510      0.4739710      0.4746000      0.4746220      0.4746440      0.4747190      0.4748500      0.4750670      0.4764460      0.4773090      0.4773400      0.4779680      0.4782350      0.4784740      0.4786300      0.4790400      0.4794500      0.4798700      0.4803000      0.4807300      0.4811700      0.4816200      0.4820800    
  0.4716080      0.4724200      0.4724210      0.4730300      0.4736380      0.4736400      0.4736450      0.4739650      0.4746000      0.4746110      0.4746220      0.4746620      0.4747380      0.4759140      0.4770370      0.4781000      0.4781000      0.4782960      0.4785230      0.4786050      0.4784800      0.4788800      0.4792800      0.4796900      0.4801100      0.4805300      0.4809600      0.4814000      0.4818500      0.4823000    
  0.4724200      0.4724210      0.4730300      0.4736390      0.4736400      0.4736430      0.4739630      0.4746000      0.4746050      0.4746110      0.4746310      0.4746740      0.4766760      0.4790280      0.4790200      0.4787400      0.4788930      0.4788600      0.4787870      0.4787300      0.4787300      0.4791200      0.4795200      0.4799300      0.4803400      0.4807700      0.4812000      0.4816300      0.4820700      0.4825200    
  0.4724200      0.4730300      0.4736390      0.4736400      0.4736410      0.4739610      0.4746000      0.4746030      0.4746050      0.4746160      0.4765750      0.4794800      0.4791860      0.4790370      0.4790370      0.4790200      0.4789490      0.4789250      0.4788600      0.4789520      0.4789800      0.4793700      0.4797700      0.4801700      0.4805800      0.4810000      0.4814300      0.4818600      0.4823000      0.4827500    
  0.4730300      0.4736400      0.4736400      0.4736410      0.4739610      0.4746000      0.4746010      0.4746030      0.4746080      0.4769510      0.4794800      0.4794800      0.4794800      0.4791980      0.4790540      0.4790540      0.4790200      0.4789910      0.4789900      0.4788600      0.4792400      0.4796200      0.4800200      0.4804200      0.4808300      0.4812400      0.4816700      0.4821000      0.4825400      0.4829800    
  0.4736400      0.4736400      0.4736400      0.4739600      0.4746000      0.4746010      0.4746010      0.4760930      0.4776740      0.4794810      0.4794800      0.4794800      0.4794800      0.4794800      0.4792230      0.4790880      0.4790880      0.4790200      0.4790950      0.4791200      0.4794900      0.4798800      0.4802600      0.4806600      0.4810700      0.4814800      0.4819000      0.4823300      0.4827700      0.4832100    
  0.4736400      0.4736400      0.4739600      0.4746000      0.4746000      0.4769810      0.4805500      0.4805550      0.4805600      0.4798420      0.4794820      0.4794800      0.4794800      0.4794800      0.4794800      0.4792720      0.4791550      0.4791550      0.4790200      0.4793800      0.4797500      0.4801300      0.4805200      0.4809100      0.4813100      0.4817300      0.4821400      0.4825700      0.4830000      0.4834500    
  0.4736400      0.4739600      0.4746000      0.4746000      0.4774570      0.4805510      0.4805510      0.4805500      0.4805550      0.4805600      0.4798460      0.4794870      0.4794800      0.4794800      0.4794800      0.4794800      0.4793660      0.4792900      0.4792900      0.4796400      0.4800100      0.4803900      0.4807700      0.4811600      0.4815600      0.4819700      0.4823900      0.4828100      0.4832400      0.4836800    
