iMOD/TUTORIALS/TUT_MetaswapAnalyser/model_MetaSWAP/meteo/Evaporation/Evaporation_20060224_L1.ASC
NCOLS                30
NROWS                30
XLLCORNER     160000.00
YLLCORNER     340000.00
CELLSIZE        1000.00
NODATA_VALUE   -9999.00
  0.9790300      0.9787200      0.9784100      0.9780800      0.9777500      0.9774100      0.9770600      0.9767100      0.9763500      0.9759900      0.9756300      0.9752700      0.9749100      0.9745500      0.9741900      0.9738300      0.9734800      0.9731300      0.9727800      0.9724400      0.9721100      0.9717800      0.9714600      0.9711500      0.9708400      0.9705500      0.9702500      0.9699700      0.9696900      0.9694200    
  0.9778900      0.9775800      0.9772700      0.9769400      0.9766100      0.9762700      0.9759200      0.9755700      0.9752100      0.9748500      0.9744900      0.9741300      0.9737700      0.9734100      0.9730500      0.9726900      0.9723400      0.9719900      0.9716400      0.9713100      0.9709700      0.9706500      0.9703200      0.9700100      0.9697000      0.9694000      0.9691100      0.9688300      0.9685500      0.9682800    
  0.9767500      0.9764400      0.9761200      0.9757900      0.9754600      0.9751200      0.9747700      0.9744200      0.9740600      0.9737000      0.9733400      0.9729800      0.9726200      0.9722600      0.9719000      0.9715400      0.9711900      0.9708400      0.9705000      0.9701600      0.9698200      0.9695000      0.9691800      0.9688600      0.9685500      0.9682500      0.9679600      0.9676800      0.9674000      0.9671300    
  0.9755900      0.9752800      0.9749600      0.9746400      0.9743000      0.9739600      0.9736100      0.9732600      0.9729000      0.9725400      0.9721800      0.9718200      0.9714600      0.9711000      0.9707400      0.9703800      0.9700300      0.9696800      0.9693400      0.9690000      0.9686700      0.9683400      0.9680200      0.9677000      0.9674000      0.9671000      0.9668000      0.9665200      0.9662400      0.9659700    
  0.9744400      0.9741200      0.9738000      0.9734700      0.9731300      0.9727900      0.9724400      0.9720900      0.9717300      0.9713700      0.9710100      0.9706500      0.9702900      0.9699300      0.9695700      0.9692200      0.9688700      0.9685200      0.9681700      0.9678300      0.9675000      0.9671700      0.9668500      0.9665400      0.9662300      0.9659300      0.9656400      0.9653500      0.9650800      0.9648100    
  0.9732700      0.9729600      0.9726300      0.9723000      0.9719600      0.9716200      0.9712700      0.9709100      0.9705600      0.9702000      0.9698400      0.9694800      0.9691200      0.9687600      0.9684000      0.9680400      0.9676900      0.9673400      0.9670000      0.9666600      0.9663300      0.9660000      0.9656800      0.9653700      0.9650600      0.9647600      0.9644700      0.9641800      0.9639000      0.9636300    
  0.9721000      0.9717800      0.9714600      0.9711200      0.9707800      0.9704400      0.9700900      0.9697300      0.9693700      0.9690200      0.9686500      0.9682900      0.9679300      0.9675700      0.9672200      0.9668600      0.9665100      0.9661600      0.9658200      0.9654800      0.9651500      0.9648200      0.9645000      0.9641900      0.9638800      0.9635800      0.9632900      0.9630000      0.9627300      0.9624600    
  0.9709300      0.9706100      0.9702800      0.9699400      0.9696000      0.9692500      0.9689000      0.9685400      0.9681900      0.9678300      0.9674600      0.9671000      0.9667400      0.9663800      0.9660300      0.9656700      0.9653200      0.9649700      0.9646300      0.9642900      0.9639600      0.9636300      0.9633100      0.9630000      0.9626900      0.9623900      0.9621000      0.9618200      0.9615400      0.9612700    
  0.9697500      0.9694200      0.9690900      0.9687500      0.9684100      0.9680600      0.9677100      0.9673500      0.9669900      0.9666300      0.9662700      0.9659100      0.9655500      0.9651900      0.9648300      0.9644800      0.9641200      0.9637800      0.9634400      0.9631000      0.9627700      0.9624400      0.9621200      0.9618100      0.9615000      0.9612000      0.9609100      0.9606300      0.9603500      0.9600800    
  0.9685700      0.9682400      0.9679000      0.9675600      0.9672100      0.9668600      0.9665100      0.9661500      0.9657900      0.9654300      0.9650700      0.9647100      0.9643400      0.9639900      0.9636300      0.9632700      0.9629200      0.9625800      0.9622300      0.9619000      0.9615700      0.9612400      0.9609200      0.9606100      0.9603000      0.9600100      0.9597200      0.9594300      0.9591600      0.9588900    
  0.9685670      0.9682370      0.9675170      0.9663700      0.9660200      0.9656600      0.9653100      0.9649500      0.9645900      0.9642200      0.9638600      0.9635000      0.9631400      0.9627800      0.9624200      0.9620700      0.9617200      0.9613700      0.9610300      0.9606900      0.9603600      0.9600300      0.9597200      0.9594000      0.9591000      0.9588000      0.9585100      0.9582300      0.9579600      0.9576900    
  0.9685640      0.9676730      0.9663700      0.9652030      0.9648100      0.9644600      0.9641000      0.9637400      0.9633800      0.9630100      0.9626500      0.9622900      0.9619200      0.9615600      0.9612100      0.9608500      0.9605000      0.9601600      0.9598100      0.9594800      0.9591500      0.9588200      0.9585100      0.9582000      0.9578900      0.9576000      0.9573100      0.9570300      0.9567500      0.9564900    
  0.9678740      0.9663700      0.9648480      0.9642100      0.9636100      0.9632500      0.9628900      0.9625300      0.9621600      0.9618000      0.9614300      0.9610700      0.9607100      0.9603500      0.9599900      0.9596400      0.9592800      0.9589400      0.9586000      0.9582600      0.9579300      0.9576100      0.9572900      0.9569800      0.9566800      0.9563800      0.9561000      0.9558200      0.9555400      0.9552800    
  0.9663700      0.9646850      0.9639100      0.9636100      0.9629670      0.9620400      0.9616800      0.9613100      0.9609500      0.9605800      0.9602200      0.9598500      0.9594900      0.9591300      0.9587700      0.9584100      0.9580600      0.9577200      0.9573800      0.9570400      0.9567100      0.9563900      0.9560700      0.9557600      0.9554600      0.9551700      0.9548800      0.9546000      0.9543300      0.9540700    
  0.9646060      0.9637600      0.9636100      0.9628720      0.9620400      0.9613930      0.9604600      0.9601000      0.9597300      0.9593600      0.9589900      0.9586300      0.9582600      0.9579000      0.9575400      0.9571900      0.9568400      0.9564900      0.9561500      0.9558100      0.9554900      0.9551600      0.9548500      0.9545400      0.9542400      0.9539500      0.9536600      0.9533800      0.9531100      0.9528500    
  0.9636850      0.9636100      0.9628410      0.9620400      0.9612980      0.9604600      0.9602800      0.9600970      0.9593330      0.9581400      0.9577700      0.9574000      0.9570400      0.9566700      0.9563100      0.9559600      0.9556100      0.9552600      0.9549200      0.9545900      0.9542600      0.9539400      0.9536200      0.9533100      0.9530100      0.9527200      0.9524400      0.9521600      0.9518900      0.9516300    
  0.9636100      0.9628300      0.9620400      0.9612660      0.9604600      0.9603700      0.9602790      0.9594620      0.9581400      0.9579550      0.9568840      0.9561700      0.9558100      0.9554400      0.9550800      0.9547300      0.9543700      0.9540300      0.9536900      0.9533500      0.9530200      0.9527000      0.9523900      0.9520800      0.9517800      0.9514900      0.9512100      0.9509400      0.9506700      0.9504100    
  0.9628270      0.9620400      0.9612550      0.9604600      0.9604150      0.9603700      0.9595630      0.9581400      0.9580480      0.9566950      0.9555550      0.9549400      0.9545700      0.9542100      0.9538500      0.9534900      0.9531400      0.9527900      0.9524500      0.9521200      0.9517900      0.9514700      0.9511600      0.9508500      0.9505500      0.9502600      0.9499800      0.9497100      0.9494400      0.9491900    
  0.9620400      0.9612520      0.9604600      0.9604380      0.9604150      0.9596220      0.9581400      0.9580940      0.9566140      0.9552480      0.9549400      0.9547550      0.9541720      0.9529700      0.9526100      0.9522500      0.9519000      0.9515500      0.9512100      0.9508800      0.9505500      0.9502300      0.9499200      0.9496200      0.9493200      0.9490300      0.9487500      0.9484800      0.9482200      0.9479600    
  0.9612510      0.9604600      0.9604490      0.9604370      0.9596540      0.9581400      0.9581170      0.9565760      0.9550940      0.9549400      0.9548480      0.9542090      0.9529700      0.9527900      0.9526100      0.9522530      0.9519000      0.9515530      0.9503360      0.9496400      0.9493100      0.9489900      0.9486800      0.9483800      0.9480800      0.9478000      0.9475200      0.9472500      0.9469900      0.9467400    
  0.9604600      0.9604540      0.9604490      0.9596700      0.9581400      0.9581280      0.9565580      0.9550170      0.9549400      0.9548940      0.9542420      0.9529700      0.9528800      0.9527900      0.9525510      0.9522540      0.9519020      0.9502420      0.9490200      0.9484000      0.9480700      0.9477500      0.9474400      0.9471400      0.9468500      0.9465600      0.9462800      0.9460200      0.9457600      0.9455100    
  0.9604570      0.9604540      0.9596780      0.9581400      0.9581340      0.9565490      0.9549780      0.9549400      0.9549170      0.9542610      0.9529700      0.9529250      0.9528800      0.9527400      0.9525320      0.9522360      0.9503020      0.9487100      0.9484000      0.9477670      0.9468300      0.9465100      0.9462000      0.9459000      0.9456100      0.9453200      0.9450500      0.9447800      0.9445200      0.9442800    
  0.9604570      0.9596820      0.9581400      0.9581370      0.9565450      0.9549590      0.9549400      0.9549280      0.9542720      0.9529700      0.9529470      0.9529250      0.9528480      0.9527170      0.9525030      0.9496590      0.9485550      0.9484000      0.9463680      0.9455850      0.9453960      0.9452700      0.9449600      0.9446600      0.9443700      0.9440800      0.9438100      0.9435500      0.9432900      0.9430500    
  0.9596850      0.9581400      0.9581390      0.9565420      0.9549500      0.9549400      0.9549340      0.9542780      0.9529700      0.9529590      0.9529470      0.9529070      0.9528300      0.9492170      0.9465710      0.9446700      0.9446700      0.9444380      0.9441350      0.9437200      0.9443400      0.9440300      0.9437200      0.9434200      0.9431300      0.9428500      0.9425700      0.9423100      0.9420600      0.9418200    
  0.9581400      0.9581390      0.9565410      0.9549450      0.9549400      0.9549370      0.9542800      0.9529700      0.9529640      0.9529590      0.9529380      0.9528950      0.9464880      0.9387620      0.9388000      0.9410800      0.9407850      0.9409400      0.9423480      0.9431000      0.9431000      0.9427800      0.9424800      0.9421800      0.9418900      0.9416100      0.9413400      0.9410800      0.9408300      0.9405900    
  0.9581400      0.9565410      0.9549420      0.9549400      0.9549390      0.9542820      0.9529700      0.9529670      0.9529640      0.9529540      0.9459380      0.9354500      0.9376260      0.9387230      0.9387230      0.9388000      0.9400630      0.9406300      0.9409400      0.9416300      0.9418600      0.9415400      0.9412300      0.9409400      0.9406500      0.9403700      0.9401000      0.9398400      0.9396000      0.9393600    
  0.9565400      0.9549410      0.9549400      0.9549390      0.9542830      0.9529700      0.9529690      0.9529670      0.9529620      0.9445510      0.9354500      0.9354500      0.9354500      0.9375690      0.9386460      0.9386460      0.9388000      0.9398840      0.9403200      0.9409400      0.9406200      0.9403000      0.9399900      0.9397000      0.9394100      0.9391300      0.9388700      0.9386100      0.9383700      0.9381300    
  0.9549410      0.9549400      0.9549400      0.9542830      0.9529700      0.9529690      0.9529690      0.9471640      0.9415390      0.9354470      0.9354500      0.9354500      0.9354500      0.9354500      0.9374570      0.9384920      0.9384920      0.9388000      0.9394750      0.9397000      0.9393800      0.9390600      0.9387500      0.9384600      0.9381700      0.9379000      0.9376300      0.9373800      0.9371400      0.9369000    
  0.9549400      0.9549400      0.9542830      0.9529700      0.9529700      0.9433650      0.9289600      0.9293600      0.9297600      0.9335440      0.9354400      0.9354500      0.9354500      0.9354500      0.9354500      0.9372390      0.9381840      0.9381850      0.9388000      0.9384600      0.9381400      0.9378200      0.9375200      0.9372200      0.9369400      0.9366600      0.9364000      0.9361500      0.9359100      0.9356800    
  0.9549400      0.9542830      0.9529700      0.9529700      0.9414430      0.9289580      0.9289580      0.9289600      0.9293600      0.9297600      0.9335270      0.9354200      0.9354500      0.9354500      0.9354500      0.9354500      0.9368290      0.9375670      0.9375700      0.9372300      0.9369000      0.9365800      0.9362800      0.9359900      0.9357000      0.9354300      0.9351700      0.9349200      0.9346800      0.9344600    
