iMOD/TUTORIALS/TUT_MetaswapAnalyser/model_MetaSWAP/meteo/Evaporation/Evaporation_20060403_L1.ASC
NCOLS                30
NROWS                30
XLLCORNER     160000.00
YLLCORNER     340000.00
CELLSIZE        1000.00
NODATA_VALUE   -9999.00
   1.645910       1.642250       1.638500       1.634670       1.630740       1.626750       1.622670       1.618530       1.614320       1.610060       1.605730       1.601360       1.596930       1.592470       1.587960       1.583410       1.578830       1.574220       1.569580       1.564910       1.560230       1.555520       1.550790       1.546040       1.541280       1.536510       1.531720       1.526930       1.522120       1.517310    
   1.645320       1.641700       1.637990       1.634190       1.630300       1.626340       1.622310       1.618200       1.614030       1.609800       1.605520       1.601180       1.596790       1.592360       1.587880       1.583370       1.578820       1.574240       1.569630       1.564990       1.560330       1.555650       1.550940       1.546220       1.541490       1.536740       1.531970       1.527200       1.522420       1.517630    
   1.644660       1.641080       1.637400       1.633640       1.629790       1.625870       1.621870       1.617810       1.613670       1.609480       1.605230       1.600930       1.596580       1.592180       1.587740       1.583260       1.578740       1.574190       1.569610       1.565000       1.560370       1.555710       1.551040       1.546340       1.541630       1.536910       1.532170       1.527420       1.522660       1.517890    
   1.643950       1.640400       1.636750       1.633030       1.629220       1.625330       1.621370       1.617340       1.613250       1.609090       1.604880       1.600610       1.596300       1.591930       1.587530       1.583080       1.578600       1.574080       1.569530       1.564950       1.560350       1.555720       1.551070       1.546400       1.541720       1.537020       1.532300       1.527570       1.522840       1.518090    
   1.643170       1.639650       1.636040       1.632350       1.628580       1.624730       1.620810       1.616820       1.612760       1.608640       1.604460       1.600230       1.595950       1.591620       1.587250       1.582840       1.578390       1.573900       1.569380       1.564840       1.560260       1.555660       1.551040       1.546400       1.541740       1.537070       1.532380       1.527670       1.522960       1.518230    
   1.642330       1.638850       1.635280       1.631620       1.627880       1.624070       1.620180       1.616230       1.612210       1.608130       1.603990       1.599790       1.595550       1.591250       1.586910       1.582530       1.578120       1.573660       1.569180       1.564660       1.560120       1.555550       1.550960       1.546340       1.541710       1.537060       1.532390       1.527720       1.523020       1.518320    
   1.641440       1.637990       1.634450       1.630830       1.627130       1.623350       1.619500       1.615580       1.611600       1.607550       1.603450       1.599290       1.595080       1.590820       1.586520       1.582170       1.577780       1.573360       1.568910       1.564420       1.559910       1.555370       1.550810       1.546220       1.541620       1.537000       1.532360       1.527700       1.523040       1.518360    
   1.640490       1.637070       1.633570       1.629980       1.626310       1.622570       1.618760       1.614870       1.610930       1.606920       1.602850       1.598730       1.594550       1.590330       1.586060       1.581750       1.577390       1.573010       1.568580       1.564130       1.559650       1.555140       1.550600       1.546050       1.541470       1.536880       1.532260       1.527640       1.522990       1.518340    
   1.639490       1.636100       1.632630       1.629080       1.625450       1.621740       1.617960       1.614110       1.610200       1.606230       1.602190       1.598110       1.593970       1.589780       1.585540       1.581260       1.576950       1.572590       1.568200       1.563780       1.559330       1.554850       1.550350       1.545820       1.541270       1.536700       1.532120       1.527510       1.522900       1.518270    
   1.638440       1.635090       1.631640       1.628120       1.624530       1.620850       1.617110       1.613300       1.609420       1.605480       1.601480       1.597430       1.593330       1.589170       1.584970       1.580730       1.576440       1.572120       1.567760       1.563370       1.558950       1.554510       1.550030       1.545530       1.541010       1.536470       1.531920       1.527340       1.522750       1.518150    
   1.638420       1.635060       1.630490       1.627120       1.623550       1.619920       1.616210       1.612430       1.608590       1.604680       1.600720       1.596700       1.592630       1.588510       1.584350       1.580140       1.575890       1.571600       1.567270       1.562910       1.558520       1.554110       1.549660       1.545200       1.540700       1.536190       1.531660       1.527110       1.522550       1.517970    
   1.638390       1.632770       1.627120       1.623670       1.622540       1.618930       1.615250       1.611510       1.607700       1.603830       1.599900       1.595920       1.591890       1.587800       1.583670       1.579490       1.575280       1.571020       1.566730       1.562400       1.558040       1.553660       1.549240       1.544800       1.540340       1.535860       1.531360       1.526840       1.522300       1.517750    
   1.634980       1.627120       1.623570       1.622000       1.621470       1.617900       1.614250       1.610540       1.606770       1.602930       1.599040       1.595090       1.591090       1.587040       1.582940       1.578800       1.574610       1.570390       1.566130       1.561840       1.557510       1.553160       1.548770       1.544360       1.539930       1.535480       1.531000       1.526510       1.522000       1.517480    
   1.627120       1.623470       1.621740       1.621470       1.618730       1.616820       1.613200       1.609530       1.605790       1.601990       1.598130       1.594210       1.590240       1.586230       1.582160       1.578050       1.573900       1.569710       1.565480       1.561220       1.556930       1.552600       1.548250       1.543870       1.539470       1.535050       1.530600       1.526140       1.521660       1.517160    
   1.623420       1.621600       1.621470       1.619010       1.616820       1.614040       1.612110       1.608470       1.604760       1.600990       1.597170       1.593280       1.589350       1.585370       1.581340       1.577260       1.573140       1.568980       1.564790       1.560560       1.556300       1.552000       1.547680       1.543340       1.538960       1.534570       1.530150       1.525720       1.521260       1.516790    
   1.621540       1.621470       1.619100       1.616820       1.614320       1.612110       1.610290       1.608450       1.603540       1.599950       1.596160       1.592310       1.588410       1.584460       1.580460       1.576420       1.572330       1.568210       1.564050       1.559850       1.555620       1.551360       1.547070       1.542750       1.538410       1.534040       1.529660       1.525250       1.520820       1.516380    
   1.621470       1.619130       1.616820       1.614420       1.612110       1.611200       1.610280       1.605560       1.599950       1.598060       1.593990       1.591300       1.587430       1.583510       1.579540       1.575530       1.571480       1.567390       1.563260       1.559090       1.554890       1.550660       1.546410       1.542120       1.537810       1.533470       1.529110       1.524740       1.520340       1.515930    
   1.619140       1.616820       1.614450       1.612110       1.611650       1.611200       1.606750       1.599950       1.599000       1.594600       1.590770       1.590240       1.586400       1.582520       1.578580       1.574610       1.570590       1.566520       1.562430       1.558290       1.554130       1.549930       1.545700       1.541440       1.537160       1.532860       1.528530       1.524180       1.519810       1.515430    
   1.616820       1.614460       1.612110       1.611880       1.611650       1.607390       1.599950       1.599480       1.594860       1.590510       1.590240       1.588320       1.585160       1.581480       1.577580       1.573630       1.569650       1.565620       1.561550       1.557450       1.553310       1.549150       1.544950       1.540720       1.536470       1.532200       1.527900       1.523580       1.519240       1.514880    
   1.614460       1.612110       1.612000       1.611880       1.607720       1.599950       1.599710       1.594980       1.590370       1.590240       1.589280       1.586300       1.581480       1.579530       1.577560       1.573620       1.569630       1.565610       1.559360       1.556560       1.552460       1.548320       1.544160       1.539960       1.535740       1.531500       1.527230       1.522940       1.518630       1.514300    
   1.612110       1.612050       1.612000       1.607890       1.599950       1.599830       1.595040       1.590310       1.590240       1.589760       1.586830       1.581480       1.580510       1.579520       1.576900       1.573610       1.569620       1.561270       1.556100       1.555640       1.551560       1.547460       1.543320       1.539160       1.534970       1.530750       1.526510       1.522250       1.517970       1.513670    
   1.612080       1.612050       1.607970       1.599950       1.599890       1.595070       1.590270       1.590240       1.590000       1.587080       1.581480       1.580990       1.580500       1.578980       1.576680       1.573380       1.563200       1.555870       1.555640       1.552610       1.550630       1.546550       1.542450       1.538320       1.534160       1.529970       1.525760       1.521530       1.517280       1.513010    
   1.612080       1.608010       1.599950       1.599920       1.595080       1.590260       1.590240       1.590120       1.587200       1.581480       1.581240       1.580990       1.580160       1.578720       1.576340       1.564300       1.555760       1.555640       1.551500       1.549630       1.547210       1.545610       1.541540       1.537430       1.533300       1.529150       1.524970       1.520770       1.516550       1.512300    
   1.608040       1.599950       1.599940       1.595090       1.590250       1.590240       1.590180       1.587260       1.581480       1.581360       1.581240       1.580800       1.579960       1.571480       1.562160       1.552450       1.552460       1.550590       1.548450       1.548120       1.548640       1.544630       1.540590       1.536520       1.532420       1.528290       1.524140       1.519970       1.515780       1.511560    
   1.599950       1.599940       1.595090       1.590240       1.590240       1.590210       1.587290       1.581480       1.581420       1.581360       1.581130       1.580660       1.566700       1.550660       1.550700       1.550470       1.549140       1.549290       1.548050       1.547590       1.547600       1.543620       1.539600       1.535560       1.531490       1.527400       1.523280       1.519130       1.514970       1.510790    
   1.599950       1.595090       1.590240       1.590240       1.590220       1.587300       1.581480       1.581450       1.581420       1.581300       1.568830       1.550500       1.550570       1.550620       1.550620       1.550700       1.549590       1.549000       1.549290       1.547200       1.546520       1.542560       1.538580       1.534570       1.530530       1.526460       1.522380       1.518260       1.514130       1.509970    
   1.595090       1.590240       1.590240       1.590230       1.587310       1.581480       1.581460       1.581450       1.581390       1.566510       1.550500       1.550500       1.550500       1.550510       1.550540       1.550540       1.550700       1.549360       1.548700       1.549290       1.545400       1.541480       1.537530       1.533540       1.529530       1.525500       1.521440       1.517360       1.513250       1.509130    
   1.590240       1.590240       1.590240       1.587320       1.581480       1.581470       1.581460       1.572800       1.562670       1.550500       1.550500       1.550500       1.550500       1.550500       1.550400       1.550380       1.550380       1.550700       1.548750       1.548120       1.544250       1.540360       1.536440       1.532490       1.528510       1.524500       1.520470       1.516420       1.512340       1.508250    
   1.590240       1.590240       1.587320       1.581480       1.581480       1.568410       1.548830       1.547860       1.546900       1.549290       1.550490       1.550500       1.550500       1.550500       1.550500       1.550160       1.550070       1.550070       1.550700       1.546910       1.543080       1.539210       1.535320       1.531400       1.527450       1.523470       1.519470       1.515450       1.511400       1.507340    
   1.590240       1.587320       1.581480       1.581480       1.565800       1.548830       1.548830       1.548830       1.547860       1.546900       1.549270       1.550470       1.550500       1.550500       1.550500       1.550500       1.549680       1.549430       1.549440       1.545670       1.541870       1.538030       1.534170       1.530280       1.526360       1.522410       1.518440       1.514450       1.510430       1.506390    
