iMOD/TUTORIALS/TUT_MetaswapAnalyser/model_MetaSWAP/meteo/Evaporation/Evaporation_20050704_L1.ASC
NCOLS                30
NROWS                30
XLLCORNER     160000.00
YLLCORNER     340000.00
CELLSIZE        1000.00
NODATA_VALUE   -9999.00
   2.014040       2.021140       2.028300       2.035530       2.042820       2.050190       2.057620       2.065130       2.072700       2.080350       2.088080       2.095870       2.103740       2.111680       2.119700       2.127790       2.135960       2.144200       2.152520       2.160920       2.169390       2.177930       2.186550       2.195240       2.204000       2.212840       2.221750       2.230730       2.239780       2.248900    
   2.019870       2.026960       2.034110       2.041330       2.048620       2.055970       2.063400       2.070890       2.078460       2.086090       2.093800       2.101580       2.109430       2.117360       2.125360       2.133440       2.141590       2.149810       2.158110       2.166480       2.174930       2.183450       2.192040       2.200710       2.209450       2.218260       2.227140       2.236090       2.245110       2.254200    
   2.025720       2.032800       2.039950       2.047160       2.054430       2.061780       2.069190       2.076680       2.084230       2.091850       2.099550       2.107310       2.115150       2.123060       2.131050       2.139100       2.147230       2.155440       2.163720       2.172070       2.180490       2.188990       2.197560       2.206200       2.214910       2.223700       2.232550       2.241480       2.250470       2.259530    
   2.031590       2.038670       2.045800       2.053000       2.060270       2.067610       2.075010       2.082480       2.090020       2.097630       2.105310       2.113070       2.120890       2.128780       2.136750       2.144790       2.152900       2.161090       2.169350       2.177680       2.186080       2.194560       2.203100       2.211720       2.220410       2.229160       2.237990       2.246890       2.255850       2.264890    
   2.037490       2.044550       2.051680       2.058870       2.066130       2.073450       2.080850       2.088310       2.095840       2.103430       2.111100       2.118840       2.126650       2.134530       2.142480       2.150500       2.158600       2.166760       2.175000       2.183310       2.191690       2.200140       2.208670       2.217260       2.225920       2.234650       2.243460       2.252330       2.261260       2.270270    
   2.043400       2.050450       2.057570       2.064760       2.072000       2.079320       2.086700       2.094150       2.101670       2.109250       2.116910       2.124630       2.132430       2.140290       2.148230       2.156230       2.164310       2.172460       2.180670       2.188960       2.197320       2.205750       2.214250       2.222820       2.231460       2.240170       2.248940       2.257790       2.266690       2.275670    
   2.049320       2.056370       2.063480       2.070660       2.077900       2.085200       2.092580       2.100010       2.107520       2.115090       2.122730       2.130440       2.138220       2.146070       2.153990       2.161980       2.170040       2.178170       2.186370       2.194640       2.202980       2.211380       2.219860       2.228410       2.237020       2.245700       2.254450       2.263270       2.272150       2.281100    
   2.055270       2.062310       2.069410       2.076580       2.083810       2.091100       2.098470       2.105890       2.113390       2.120950       2.128580       2.136270       2.144040       2.151870       2.159780       2.167750       2.175790       2.183900       2.192080       2.200330       2.208650       2.217030       2.225490       2.234010       2.242600       2.251260       2.259980       2.268770       2.277630       2.286550    
   2.061220       2.068260       2.075350       2.082510       2.089740       2.097020       2.104370       2.111790       2.119270       2.126820       2.134440       2.142120       2.149870       2.157690       2.165580       2.173530       2.181560       2.189650       2.197810       2.206040       2.214340       2.222700       2.231140       2.239630       2.248200       2.256830       2.265530       2.274300       2.283130       2.292020    
   2.067200       2.074220       2.081310       2.088460       2.095680       2.102950       2.110300       2.117700       2.125170       2.132710       2.140310       2.147980       2.155720       2.163530       2.171400       2.179340       2.187340       2.195420       2.203560       2.211770       2.220050       2.228390       2.236800       2.245280       2.253820       2.262430       2.271100       2.279840       2.288650       2.297510    
   2.067220       2.074240       2.084600       2.094430       2.101630       2.108900       2.116230       2.123630       2.131090       2.138610       2.146210       2.153860       2.161590       2.169380       2.177230       2.185150       2.193140       2.201200       2.209330       2.217520       2.225770       2.234100       2.242480       2.250940       2.259460       2.268040       2.276690       2.285410       2.294180       2.303020    
   2.067240       2.080120       2.094430       2.104310       2.107600       2.114860       2.122180       2.129570       2.137020       2.144530       2.152110       2.159750       2.167460       2.175240       2.183080       2.190990       2.198960       2.207000       2.215110       2.223280       2.231510       2.239820       2.248190       2.256620       2.265120       2.273680       2.282300       2.290990       2.299740       2.308560    
   2.075520       2.094430       2.105730       2.110590       2.113580       2.120830       2.128150       2.135520       2.142960       2.150460       2.158030       2.165660       2.173360       2.181120       2.188940       2.196840       2.204790       2.212820       2.220900       2.229060       2.237270       2.245560       2.253900       2.262310       2.270790       2.279330       2.287930       2.296590       2.305320       2.314110    
   2.094430       2.106460       2.112080       2.113580       2.120410       2.126820       2.134120       2.141490       2.148920       2.156410       2.163960       2.171580       2.179260       2.187010       2.194820       2.202700       2.210640       2.218640       2.226710       2.234850       2.243050       2.251310       2.259630       2.268020       2.276480       2.284990       2.293570       2.302210       2.310910       2.319680    
   2.106820       2.112830       2.113580       2.120270       2.126820       2.133680       2.140110       2.147460       2.154880       2.162360       2.169910       2.177510       2.185180       2.192920       2.200710       2.208570       2.216500       2.224490       2.232540       2.240650       2.248830       2.257080       2.265380       2.273750       2.282180       2.290680       2.299230       2.307850       2.316520       2.325260    
   2.113210       2.113580       2.120220       2.126820       2.133540       2.140110       2.143780       2.147480       2.158260       2.168330       2.175860       2.183460       2.191110       2.198830       2.206610       2.214460       2.222370       2.230340       2.238380       2.246470       2.254640       2.262860       2.271140       2.279490       2.287900       2.296370       2.304900       2.313500       2.322150       2.330860    
   2.113580       2.120210       2.126820       2.133490       2.140110       2.141950       2.143790       2.154460       2.168330       2.172090       2.182490       2.189410       2.197050       2.204760       2.212530       2.220360       2.228250       2.236210       2.244230       2.252310       2.260450       2.268650       2.276920       2.285250       2.293630       2.302080       2.310590       2.319160       2.327790       2.336480    
   2.120200       2.126820       2.133470       2.140110       2.141030       2.141950       2.152130       2.168330       2.170210       2.182130       2.192390       2.195370       2.203000       2.210700       2.218450       2.226270       2.234150       2.242090       2.250090       2.258150       2.266280       2.274460       2.282710       2.291010       2.299380       2.307810       2.316300       2.324840       2.333450       2.342110    
   2.126820       2.133470       2.140110       2.140570       2.141030       2.150860       2.168330       2.169270       2.181990       2.193880       2.195370       2.199180       2.206430       2.216650       2.224390       2.232190       2.240050       2.247980       2.255960       2.264010       2.272110       2.280280       2.288510       2.296790       2.305140       2.313550       2.322010       2.330540       2.339120       2.347760    
   2.133470       2.140110       2.140340       2.140570       2.150200       2.168330       2.168800       2.181920       2.194620       2.195370       2.197280       2.204410       2.216650       2.220520       2.224410       2.232210       2.240070       2.248000       2.262710       2.269870       2.277960       2.286110       2.294320       2.302590       2.310910       2.319300       2.327740       2.336240       2.344800       2.353420    
   2.140110       2.140220       2.140340       2.149860       2.168330       2.168570       2.181880       2.195000       2.195370       2.196320       2.203430       2.216650       2.218590       2.220530       2.225710       2.232230       2.240090       2.259870       2.272810       2.275750       2.283820       2.291950       2.300140       2.308390       2.316700       2.325060       2.333480       2.341960       2.350500       2.359090    
   2.140170       2.140220       2.149690       2.168330       2.168450       2.181870       2.195180       2.195370       2.195850       2.202940       2.216650       2.217620       2.218590       2.221610       2.226160       2.232680       2.256440       2.274280       2.275750       2.283090       2.289690       2.297800       2.305970       2.314200       2.322490       2.330830       2.339230       2.347690       2.356210       2.364780    
   2.140170       2.149600       2.168330       2.168390       2.181860       2.195280       2.195370       2.195610       2.202700       2.216650       2.217130       2.217620       2.219270       2.222120       2.226810       2.256750       2.275010       2.275750       2.289700       2.295570       2.300430       2.303660       2.311820       2.320030       2.328290       2.336620       2.345000       2.353430       2.361920       2.370470    
   2.149560       2.168330       2.168360       2.181850       2.195320       2.195370       2.195490       2.202580       2.216650       2.216890       2.217130       2.218010       2.219670       2.245840       2.270460       2.293470       2.293470       2.297600       2.302440       2.304400       2.301450       2.309530       2.317670       2.325860       2.334110       2.342410       2.350770       2.359180       2.367650       2.376180    
   2.168330       2.168340       2.181850       2.195350       2.195370       2.195430       2.202520       2.216650       2.216770       2.216890       2.217340       2.218270       2.262880       2.315350       2.315160       2.308470       2.311930       2.311190       2.308920       2.307350       2.307350       2.315410       2.323530       2.331700       2.339930       2.348210       2.356550       2.364940       2.373390       2.381900    
   2.168340       2.181850       2.195360       2.195370       2.195400       2.202490       2.216650       2.216710       2.216770       2.217000       2.260600       2.325240       2.318800       2.315530       2.315530       2.315160       2.313330       2.312670       2.311190       2.312740       2.313250       2.321290       2.329390       2.337550       2.345760       2.354020       2.362340       2.370720       2.379140       2.387620    
   2.181850       2.195360       2.195370       2.195380       2.202480       2.216650       2.216680       2.216710       2.216830       2.268970       2.325240       2.325240       2.325240       2.319080       2.315900       2.315910       2.315160       2.314280       2.314160       2.311190       2.319160       2.327190       2.335270       2.343400       2.351600       2.359840       2.368140       2.376490       2.384900       2.393360    
   2.195370       2.195370       2.195380       2.202470       2.216650       2.216670       2.216680       2.249420       2.284650       2.325260       2.325240       2.325240       2.325240       2.325240       2.319620       2.316650       2.316650       2.315160       2.316630       2.317120       2.325070       2.333080       2.341150       2.349270       2.357440       2.365670       2.373950       2.382280       2.390670       2.399110    
   2.195370       2.195370       2.202470       2.216650       2.216660       2.268330       2.345820       2.346640       2.347450       2.332690       2.325290       2.325240       2.325240       2.325240       2.325240       2.320700       2.318140       2.318140       2.315160       2.323050       2.330990       2.338990       2.347040       2.355140       2.363290       2.371500       2.379760       2.388070       2.396440       2.404860    
   2.195370       2.202470       2.216650       2.216650       2.278660       2.345830       2.345830       2.345820       2.346640       2.347450       2.332770       2.325390       2.325240       2.325240       2.325240       2.325240       2.322780       2.321120       2.321120       2.328990       2.336920       2.344900       2.352930       2.361010       2.369150       2.377340       2.385580       2.393870       2.402220       2.410620    
