iMOD/TUTORIALS/TUT_MetaswapAnalyser/model_MetaSWAP/meteo/Evaporation/Evaporation_20060212_L1.ASC
NCOLS                30
NROWS                30
XLLCORNER     160000.00
YLLCORNER     340000.00
CELLSIZE        1000.00
NODATA_VALUE   -9999.00
  0.2714800      0.2732100      0.2749700      0.2767600      0.2785800      0.2804300      0.2823000      0.2842100      0.2861400      0.2880900      0.2900700      0.2920800      0.2941100      0.2961700      0.2982500      0.3003500      0.3024800      0.3046200      0.3067900      0.3089800      0.3111900      0.3134200      0.3156700      0.3179400      0.3202300      0.3225400      0.3248600      0.3272000      0.3295600      0.3319400    
  0.2730500      0.2747800      0.2765500      0.2783400      0.2801600      0.2820100      0.2838900      0.2857900      0.2877300      0.2896800      0.2916600      0.2936700      0.2957000      0.2977600      0.2998400      0.3019400      0.3040600      0.3062000      0.3083700      0.3105600      0.3127600      0.3149900      0.3172400      0.3195000      0.3217900      0.3240900      0.3264100      0.3287500      0.3311000      0.3334800    
  0.2746300      0.2763600      0.2781300      0.2799300      0.2817500      0.2836100      0.2854900      0.2873900      0.2893200      0.2912800      0.2932600      0.2952700      0.2973000      0.2993600      0.3014300      0.3035300      0.3056500      0.3078000      0.3099600      0.3121400      0.3143500      0.3165700      0.3188100      0.3210800      0.3233600      0.3256500      0.3279700      0.3303000      0.3326500      0.3350200    
  0.2762100      0.2779600      0.2797300      0.2815300      0.2833500      0.2852100      0.2870900      0.2890000      0.2909300      0.2928900      0.2948700      0.2968800      0.2989100      0.3009600      0.3030400      0.3051300      0.3072500      0.3093900      0.3115500      0.3137400      0.3159400      0.3181600      0.3204000      0.3226500      0.3249300      0.3272200      0.3295300      0.3318600      0.3342100      0.3365700    
  0.2778000      0.2795500      0.2813300      0.2831300      0.2849600      0.2868200      0.2887000      0.2906100      0.2925400      0.2945000      0.2964900      0.2984900      0.3005200      0.3025700      0.3046500      0.3067400      0.3088600      0.3110000      0.3131600      0.3153400      0.3175300      0.3197500      0.3219900      0.3242400      0.3265100      0.3288000      0.3311100      0.3334300      0.3357700      0.3381200    
  0.2794000      0.2811600      0.2829400      0.2847400      0.2865800      0.2884400      0.2903200      0.2922300      0.2941700      0.2961200      0.2981100      0.3001100      0.3021400      0.3041900      0.3062700      0.3083600      0.3104800      0.3126100      0.3147700      0.3169400      0.3191400      0.3213500      0.3235800      0.3258300      0.3281000      0.3303900      0.3326900      0.3350000      0.3373400      0.3396900    
  0.2810100      0.2827700      0.2845500      0.2863600      0.2882000      0.2900600      0.2919500      0.2938600      0.2957900      0.2977500      0.2997400      0.3017400      0.3037700      0.3058200      0.3078900      0.3099900      0.3121000      0.3142300      0.3163900      0.3185600      0.3207500      0.3229600      0.3251900      0.3274300      0.3297000      0.3319800      0.3342700      0.3365800      0.3389100      0.3412600    
  0.2826200      0.2843800      0.2861700      0.2879800      0.2898200      0.2916900      0.2935800      0.2954900      0.2974300      0.2993900      0.3013700      0.3033800      0.3054000      0.3074500      0.3095300      0.3116200      0.3137300      0.3158600      0.3180100      0.3201800      0.3223700      0.3245800      0.3268000      0.3290400      0.3313000      0.3335700      0.3358700      0.3381700      0.3404900      0.3428300    
  0.2842300      0.2860000      0.2877900      0.2896100      0.2914500      0.2933200      0.2952100      0.2971300      0.2990700      0.3010300      0.3030100      0.3050200      0.3070400      0.3090900      0.3111600      0.3132500      0.3153600      0.3174900      0.3196400      0.3218100      0.3239900      0.3262000      0.3284200      0.3306500      0.3329100      0.3351800      0.3374600      0.3397700      0.3420800      0.3444100    
  0.2858500      0.2876200      0.2894200      0.2912400      0.2930900      0.2949600      0.2968500      0.2987700      0.3007100      0.3026700      0.3046600      0.3066600      0.3086900      0.3107400      0.3128100      0.3149000      0.3170000      0.3191300      0.3212800      0.3234400      0.3256200      0.3278200      0.3300400      0.3322700      0.3345200      0.3367900      0.3390700      0.3413600      0.3436800      0.3460000    
  0.2858570      0.2876300      0.2902900      0.2928800      0.2947300      0.2966000      0.2985000      0.3004200      0.3023600      0.3043200      0.3063100      0.3083100      0.3103400      0.3123900      0.3144600      0.3165400      0.3186500      0.3207700      0.3229200      0.3250800      0.3272600      0.3294500      0.3316700      0.3339000      0.3361400      0.3384000      0.3406800      0.3429700      0.3452700      0.3475900    
  0.2858660      0.2891640      0.2928800      0.2955000      0.2963700      0.2982500      0.3001500      0.3020700      0.3040100      0.3059800      0.3079600      0.3099700      0.3120000      0.3140400      0.3161100      0.3182000      0.3203000      0.3224200      0.3245600      0.3267200      0.3289000      0.3310900      0.3333000      0.3355200      0.3377700      0.3400200      0.3422900      0.3445800      0.3468800      0.3491900    
  0.2880070      0.2928800      0.2958990      0.2971950      0.2980200      0.2999000      0.3018000      0.3037200      0.3056700      0.3076300      0.3096200      0.3116300      0.3136500      0.3157000      0.3177700      0.3198500      0.3219600      0.3240800      0.3262200      0.3283700      0.3305400      0.3327300      0.3349400      0.3371600      0.3393900      0.3416500      0.3439100      0.3461900      0.3484900      0.3507900    
  0.2928800      0.2961020      0.2976080      0.2980200      0.2998230      0.3015500      0.3034600      0.3053800      0.3073300      0.3093000      0.3112800      0.3132900      0.3153200      0.3173600      0.3194300      0.3215100      0.3236100      0.3257300      0.3278700      0.3300200      0.3321900      0.3343800      0.3365800      0.3388000      0.3410300      0.3432700      0.3455300      0.3478100      0.3501000      0.3524000    
  0.2962040      0.2978140      0.2980200      0.2997980      0.3015500      0.3033770      0.3051200      0.3070400      0.3089900      0.3109600      0.3129500      0.3149600      0.3169800      0.3190300      0.3210900      0.3231800      0.3252800      0.3273900      0.3295300      0.3316800      0.3338500      0.3360300      0.3382200      0.3404400      0.3426600      0.3449100      0.3471600      0.3494300      0.3517100      0.3540100    
  0.2979170      0.2980200      0.2997890      0.3015500      0.3033490      0.3051200      0.3060800      0.3070500      0.3099050      0.3126300      0.3146200      0.3166200      0.3186500      0.3207000      0.3227600      0.3248400      0.3269400      0.3290600      0.3311900      0.3333400      0.3355000      0.3376800      0.3398700      0.3420800      0.3443100      0.3465400      0.3487900      0.3510600      0.3533300      0.3556200    
  0.2980200      0.2997860      0.3015500      0.3033400      0.3051200      0.3056000      0.3060830      0.3089160      0.3126300      0.3136250      0.3164280      0.3183000      0.3203200      0.3223700      0.3244300      0.3265100      0.3286100      0.3307200      0.3328500      0.3350000      0.3371600      0.3393400      0.3415300      0.3437300      0.3459500      0.3481800      0.3504300      0.3526900      0.3549600      0.3572400    
  0.2997850      0.3015500      0.3033370      0.3051200      0.3053600      0.3056010      0.3083070      0.3126300      0.3131270      0.3163580      0.3191350      0.3199700      0.3220000      0.3240400      0.3261100      0.3281900      0.3302800      0.3323900      0.3345200      0.3366600      0.3388200      0.3409900      0.3431800      0.3453800      0.3476000      0.3498200      0.3520600      0.3543200      0.3565800      0.3588600    
  0.3015500      0.3033360      0.3051200      0.3052400      0.3053600      0.3079750      0.3126300      0.3128790      0.3163280      0.3195530      0.3199700      0.3209850      0.3229330      0.3257200      0.3277800      0.3298600      0.3319600      0.3340700      0.3361900      0.3383300      0.3404900      0.3426600      0.3448400      0.3470400      0.3492500      0.3514700      0.3537000      0.3559500      0.3582100      0.3604800    
  0.3033350      0.3051200      0.3051800      0.3052400      0.3078010      0.3126300      0.3127540      0.3163140      0.3197610      0.3199700      0.3204780      0.3224020      0.3257200      0.3267500      0.3277870      0.3298670      0.3319630      0.3340730      0.3380520      0.3400000      0.3421500      0.3443200      0.3465000      0.3486900      0.3509000      0.3531200      0.3553500      0.3575900      0.3598400      0.3621100    
  0.3051200      0.3051500      0.3051800      0.3077130      0.3126300      0.3126920      0.3163070      0.3198660      0.3199700      0.3202240      0.3221420      0.3257200      0.3262350      0.3267520      0.3281340      0.3298720      0.3319680      0.3373190      0.3408350      0.3416700      0.3438200      0.3459800      0.3481600      0.3503500      0.3525500      0.3547600      0.3569900      0.3592300      0.3614800      0.3637400    
  0.3051350      0.3051500      0.3076680      0.3126300      0.3126610      0.3163030      0.3199180      0.3199700      0.3200970      0.3220140      0.3257200      0.3259780      0.3262360      0.3270410      0.3282530      0.3299910      0.3364160      0.3412530      0.3416700      0.3436600      0.3454900      0.3476500      0.3498200      0.3520100      0.3542100      0.3564100      0.3586300      0.3608700      0.3631100      0.3653600    
  0.3051350      0.3076460      0.3126300      0.3126460      0.3163020      0.3199440      0.3199700      0.3200330      0.3219500      0.3257200      0.3258490      0.3259780      0.3264180      0.3271760      0.3284280      0.3365620      0.3414610      0.3416700      0.3455390      0.3471600      0.3484560      0.3493200      0.3514900      0.3536700      0.3558600      0.3580700      0.3602800      0.3625100      0.3647500      0.3669900    
  0.3076350      0.3126300      0.3126380      0.3163010      0.3199570      0.3199700      0.3200020      0.3219180      0.3257200      0.3257840      0.3258490      0.3260810      0.3265240      0.3337380      0.3404600      0.3466900      0.3466900      0.3478030      0.3491090      0.3496650      0.3488300      0.3509900      0.3531500      0.3553300      0.3575200      0.3597200      0.3619300      0.3641500      0.3663800      0.3686200    
  0.3126300      0.3126340      0.3163000      0.3199630      0.3199700      0.3199860      0.3219030      0.3257200      0.3257520      0.3257840      0.3259050      0.3261510      0.3384720      0.3529830      0.3529300      0.3509710      0.3519190      0.3517100      0.3509850      0.3505030      0.3505000      0.3526600      0.3548200      0.3569900      0.3591800      0.3613700      0.3635800      0.3657900      0.3680200      0.3702600    
  0.3126320      0.3163000      0.3199670      0.3199700      0.3199780      0.3218950      0.3257200      0.3257360      0.3257520      0.3258140      0.3379000      0.3558300      0.3539750      0.3530350      0.3530350      0.3529300      0.3523450      0.3521270      0.3517100      0.3520600      0.3521800      0.3543200      0.3564800      0.3586500      0.3608300      0.3630200      0.3652200      0.3674400      0.3696600      0.3718900    
  0.3163000      0.3199680      0.3199700      0.3199740      0.3218910      0.3257200      0.3257280      0.3257360      0.3257670      0.3402250      0.3558300      0.3558300      0.3558300      0.3540530      0.3531400      0.3531400      0.3529300      0.3526130      0.3525450      0.3517100      0.3538500      0.3559900      0.3581500      0.3603100      0.3624900      0.3646800      0.3668700      0.3690800      0.3712900      0.3735200    
  0.3199690      0.3199700      0.3199720      0.3218890      0.3257200      0.3257240      0.3257280      0.3348130      0.3445810      0.3558350      0.3558300      0.3558300      0.3558300      0.3558300      0.3542070      0.3533490      0.3533500      0.3529300      0.3532670      0.3533800      0.3555200      0.3576600      0.3598100      0.3619700      0.3641500      0.3663300      0.3685200      0.3707200      0.3729300      0.3751500    
  0.3199700      0.3199710      0.3218880      0.3257200      0.3257220      0.3400630      0.3615700      0.3617950      0.3620200      0.3579060      0.3558440      0.3558300      0.3558300      0.3558300      0.3558300      0.3545100      0.3537680      0.3537700      0.3529300      0.3550500      0.3571900      0.3593300      0.3614800      0.3636300      0.3658000      0.3679800      0.3701700      0.3723600      0.3745600      0.3767800    
  0.3199700      0.3218870      0.3257200      0.3257210      0.3429320      0.3615730      0.3615730      0.3615700      0.3617950      0.3620200      0.3579290      0.3558710      0.3558300      0.3558300      0.3558300      0.3558300      0.3550910      0.3546030      0.3546100      0.3567200      0.3588500      0.3609900      0.3631400      0.3652900      0.3674600      0.3696300      0.3718100      0.3740000      0.3762000      0.3784100    
