iMOD/TUTORIALS/TUT_MetaswapAnalyser/model_MetaSWAP/meteo/Evaporation/Evaporation_20060708_L1.ASC
NCOLS                30
NROWS                30
XLLCORNER     160000.00
YLLCORNER     340000.00
CELLSIZE        1000.00
NODATA_VALUE   -9999.00
   4.136180       4.139650       4.142910       4.145970       4.148820       4.151470       4.153910       4.156150       4.158190       4.160030       4.161680       4.163120       4.164380       4.165440       4.166310       4.166990       4.167480       4.167790       4.167920       4.167860       4.167620       4.167210       4.166620       4.165860       4.164930       4.163840       4.162580       4.161170       4.159600       4.157870    
   4.139060       4.142510       4.145750       4.148800       4.151640       4.154290       4.156730       4.158970       4.161010       4.162860       4.164510       4.165970       4.167230       4.168300       4.169190       4.169880       4.170390       4.170710       4.170850       4.170820       4.170600       4.170200       4.169640       4.168900       4.167990       4.166920       4.165690       4.164300       4.162750       4.161050    
   4.141890       4.145310       4.148540       4.151570       4.154400       4.157040       4.159480       4.161720       4.163770       4.165620       4.167270       4.168740       4.170010       4.171100       4.171990       4.172700       4.173220       4.173560       4.173720       4.173700       4.173500       4.173130       4.172580       4.171860       4.170980       4.169930       4.168720       4.167360       4.165830       4.164160    
   4.144660       4.148060       4.151260       4.154280       4.157100       4.159730       4.162170       4.164410       4.166450       4.168310       4.169970       4.171440       4.172730       4.173820       4.174730       4.175450       4.175990       4.176340       4.176520       4.176510       4.176330       4.175980       4.175450       4.174760       4.173900       4.172870       4.171690       4.170340       4.168840       4.167190    
   4.147380       4.150750       4.153940       4.156940       4.159750       4.162370       4.164800       4.167030       4.169080       4.170940       4.172610       4.174090       4.175380       4.176480       4.177400       4.178130       4.178690       4.179060       4.179250       4.179260       4.179100       4.178770       4.178260       4.177590       4.176750       4.175740       4.174580       4.173260       4.171780       4.170160    
   4.150060       4.153400       4.156560       4.159540       4.162340       4.164950       4.167370       4.169610       4.171650       4.173510       4.175180       4.176670       4.177970       4.179080       4.180010       4.180760       4.181320       4.181710       4.181920       4.181950       4.181800       4.181490       4.181000       4.180350       4.179530       4.178550       4.177410       4.176110       4.174660       4.173050    
   4.152690       4.156000       4.159140       4.162100       4.164880       4.167480       4.169900       4.172130       4.174170       4.176030       4.177700       4.179190       4.180500       4.181620       4.182560       4.183320       4.183900       4.184300       4.184520       4.184570       4.184440       4.184150       4.183680       4.183050       4.182250       4.181290       4.180170       4.178890       4.177460       4.175880    
   4.155280       4.158570       4.161680       4.164620       4.167380       4.169970       4.172370       4.174600       4.176640       4.178500       4.180170       4.181670       4.182980       4.184110       4.185060       4.185830       4.186420       4.186830       4.187070       4.187130       4.187020       4.186740       4.186300       4.185680       4.184900       4.183960       4.182870       4.181610       4.180200       4.178650    
   4.157840       4.161090       4.164170       4.167090       4.169840       4.172410       4.174800       4.177020       4.179060       4.180910       4.182590       4.184090       4.185400       4.186540       4.187500       4.188280       4.188880       4.189310       4.189560       4.189640       4.189550       4.189280       4.188850       4.188260       4.187500       4.186580       4.185500       4.184270       4.182880       4.181350    
   4.160350       4.163570       4.166630       4.169520       4.172250       4.174810       4.177190       4.179400       4.181430       4.183280       4.184960       4.186460       4.187780       4.188920       4.189890       4.190680       4.191290       4.191730       4.192000       4.192090       4.192010       4.191770       4.191360       4.190780       4.190040       4.189140       4.188080       4.186870       4.185500       4.183990    
   4.160300       4.163520       4.167910       4.171920       4.174630       4.177160       4.179530       4.181730       4.183760       4.185610       4.187280       4.188780       4.190110       4.191260       4.192230       4.193030       4.193650       4.194100       4.194380       4.194490       4.194430       4.194200       4.193800       4.193240       4.192520       4.191640       4.190600       4.189410       4.188060       4.186570    
   4.160250       4.165910       4.171920       4.175690       4.176960       4.179480       4.181840       4.184030       4.186050       4.187890       4.189570       4.191070       4.192390       4.193550       4.194520       4.195330       4.195960       4.196420       4.196720       4.196840       4.196790       4.196570       4.196190       4.195650       4.194940       4.194080       4.193060       4.191890       4.190560       4.189090    
   4.163740       4.171920       4.176250       4.178110       4.179260       4.181770       4.184110       4.186280       4.188290       4.190130       4.191810       4.193300       4.194630       4.195790       4.196770       4.197590       4.198230       4.198700       4.199000       4.199130       4.199100       4.198900       4.198530       4.198010       4.197320       4.196470       4.195470       4.194310       4.193000       4.191550    
   4.171920       4.176530       4.178690       4.179260       4.181680       4.184010       4.186340       4.188500       4.190500       4.192340       4.194000       4.195500       4.196830       4.197990       4.198980       4.199800       4.200450       4.200930       4.201240       4.201380       4.201360       4.201170       4.200820       4.200310       4.199640       4.198810       4.197820       4.196680       4.195390       4.193950    
   4.176670       4.178970       4.179260       4.181650       4.184010       4.186300       4.188540       4.190690       4.192680       4.194500       4.196160       4.197660       4.198990       4.200150       4.201140       4.201970       4.202620       4.203110       4.203430       4.203590       4.203580       4.203400       4.203060       4.202570       4.201910       4.201090       4.200120       4.199000       4.197730       4.196310    
   4.179120       4.179260       4.181640       4.184010       4.186280       4.188540       4.189620       4.190640       4.193620       4.196630       4.198290       4.199780       4.201110       4.202270       4.203260       4.204090       4.204760       4.205250       4.205580       4.205750       4.205750       4.205580       4.205260       4.204770       4.204130       4.203330       4.202370       4.201270       4.200010       4.198600    
   4.179260       4.181640       4.184010       4.186280       4.188540       4.189080       4.189600       4.192630       4.196630       4.197460       4.200090       4.201860       4.203190       4.204350       4.205350       4.206180       4.206850       4.207350       4.207690       4.207860       4.207870       4.207720       4.207410       4.206930       4.206300       4.205520       4.204570       4.203480       4.202240       4.200850    
   4.181640       4.184010       4.186280       4.188540       4.188810       4.189070       4.191980       4.196630       4.197050       4.200200       4.202880       4.203910       4.205230       4.206390       4.207390       4.208230       4.208900       4.209410       4.209750       4.209930       4.209950       4.209810       4.209510       4.209050       4.208430       4.207650       4.206730       4.205650       4.204420       4.203040    
   4.184010       4.186280       4.188540       4.188670       4.188810       4.191620       4.196630       4.196840       4.200240       4.203400       4.203910       4.204570       4.205980       4.208400       4.209400       4.210240       4.210910       4.211420       4.211770       4.211960       4.211990       4.211860       4.211570       4.211120       4.210510       4.209750       4.208830       4.207760       4.206550       4.205180    
   4.186280       4.188540       4.188610       4.188670       4.191430       4.196630       4.196730       4.200250       4.203650       4.203910       4.204240       4.205720       4.208400       4.208900       4.209350       4.210180       4.210860       4.211370       4.213000       4.213950       4.213990       4.213860       4.213580       4.213140       4.212540       4.211790       4.210890       4.209830       4.208630       4.207280    
   4.188540       4.188570       4.188610       4.191340       4.196630       4.196680       4.200260       4.203780       4.203910       4.204070       4.205570       4.208400       4.208650       4.208880       4.209480       4.210130       4.210800       4.213210       4.214920       4.215900       4.215950       4.215830       4.215550       4.215120       4.214530       4.213790       4.212900       4.211850       4.210660       4.209320    
   4.188560       4.188570       4.191290       4.196630       4.196660       4.200270       4.203850       4.203910       4.203990       4.205490       4.208400       4.208520       4.208640       4.209000       4.209500       4.210140       4.213090       4.215410       4.215900       4.216570       4.217860       4.217750       4.217480       4.217060       4.216480       4.215750       4.214860       4.213830       4.212650       4.211320    
   4.188560       4.191260       4.196630       4.196640       4.200270       4.203880       4.203910       4.203950       4.205450       4.208400       4.208460       4.208520       4.208720       4.209050       4.209550       4.213950       4.215660       4.215900       4.218670       4.219720       4.219660       4.219640       4.219380       4.218960       4.218390       4.217660       4.216780       4.215760       4.214590       4.213270    
   4.191250       4.196630       4.196640       4.200270       4.203890       4.203910       4.203930       4.205430       4.208400       4.208430       4.208460       4.208570       4.208770       4.214310       4.218400       4.221340       4.221350       4.221560       4.221860       4.222480       4.221580       4.221480       4.221220       4.220810       4.220250       4.219530       4.218660       4.217640       4.216480       4.215170    
   4.196630       4.196630       4.200270       4.203900       4.203910       4.203920       4.205420       4.208400       4.208420       4.208430       4.208490       4.208600       4.218330       4.229970       4.229920       4.226590       4.227020       4.226810       4.224550       4.223370       4.223380       4.223290       4.223040       4.222630       4.222070       4.221360       4.220490       4.219480       4.218320       4.217020    
   4.196630       4.200270       4.203910       4.203910       4.203920       4.205410       4.208400       4.208410       4.208420       4.208440       4.218820       4.234280       4.231450       4.230020       4.230020       4.229920       4.228070       4.227230       4.226810       4.225550       4.225150       4.225050       4.224810       4.224400       4.223850       4.223140       4.222280       4.221280       4.220130       4.218830    
   4.200270       4.203910       4.203910       4.203910       4.205410       4.208400       4.208400       4.208410       4.208420       4.220850       4.234280       4.234280       4.234280       4.231520       4.230120       4.230120       4.229920       4.228300       4.227650       4.226810       4.226870       4.226780       4.226540       4.226140       4.225590       4.224880       4.224030       4.223030       4.221880       4.220590    
   4.203910       4.203910       4.203910       4.205410       4.208400       4.208400       4.208400       4.216530       4.224890       4.234280       4.234280       4.234280       4.234280       4.234280       4.231670       4.230320       4.230320       4.229920       4.228840       4.228490       4.228560       4.228470       4.228230       4.227830       4.227280       4.226580       4.225730       4.224740       4.223590       4.222310    
   4.203910       4.203910       4.205410       4.208400       4.208400       4.221650       4.241530       4.241210       4.240880       4.236490       4.234290       4.234280       4.234280       4.234280       4.234280       4.231950       4.230720       4.230730       4.229920       4.230140       4.230210       4.230120       4.229880       4.229490       4.228940       4.228240       4.227390       4.226400       4.225260       4.223980    
   4.203910       4.205410       4.208400       4.208400       4.224300       4.241530       4.241530       4.241530       4.241210       4.240880       4.236510       4.234320       4.234280       4.234280       4.234280       4.234280       4.232480       4.231520       4.231530       4.231750       4.231820       4.231730       4.231490       4.231100       4.230550       4.229860       4.229010       4.228020       4.226880       4.225600    
