iMOD/TUTORIALS/TUT_MetaswapAnalyser/model_MetaSWAP/meteo/Evaporation/Evaporation_20051117_L1.ASC
NCOLS                30
NROWS                30
XLLCORNER     160000.00
YLLCORNER     340000.00
CELLSIZE        1000.00
NODATA_VALUE   -9999.00
  0.4083400      0.4092100      0.4100700      0.4109100      0.4117400      0.4125500      0.4133500      0.4141400      0.4149200      0.4156900      0.4164500      0.4172100      0.4179600      0.4187100      0.4194500      0.4202000      0.4209400      0.4216800      0.4224200      0.4231700      0.4239100      0.4246600      0.4254200      0.4261800      0.4269400      0.4277100      0.4284900      0.4292800      0.4300700      0.4308700    
  0.4068700      0.4077400      0.4085900      0.4094200      0.4102400      0.4110500      0.4118400      0.4126300      0.4134000      0.4141700      0.4149300      0.4156900      0.4164300      0.4171800      0.4179200      0.4186700      0.4194100      0.4201500      0.4208900      0.4216400      0.4223900      0.4231400      0.4239000      0.4246600      0.4254300      0.4262100      0.4269900      0.4277800      0.4285800      0.4293900    
  0.4053800      0.4062400      0.4070800      0.4079100      0.4087200      0.4095200      0.4103100      0.4110900      0.4118600      0.4126300      0.4133800      0.4141400      0.4148800      0.4156300      0.4163700      0.4171100      0.4178500      0.4186000      0.4193400      0.4200900      0.4208400      0.4215900      0.4223600      0.4231200      0.4239000      0.4246800      0.4254600      0.4262600      0.4270700      0.4278800    
  0.4038700      0.4047200      0.4055500      0.4063700      0.4071800      0.4079700      0.4087600      0.4095300      0.4103000      0.4110600      0.4118100      0.4125600      0.4133100      0.4140500      0.4147900      0.4155300      0.4162800      0.4170200      0.4177700      0.4185100      0.4192700      0.4200300      0.4207900      0.4215600      0.4223400      0.4231200      0.4239200      0.4247200      0.4255300      0.4263600    
  0.4023400      0.4031800      0.4040000      0.4048200      0.4056200      0.4064000      0.4071800      0.4079500      0.4087100      0.4094700      0.4102200      0.4109700      0.4117100      0.4124500      0.4131900      0.4139400      0.4146800      0.4154200      0.4161700      0.4169200      0.4176800      0.4184400      0.4192000      0.4199800      0.4207600      0.4215500      0.4223500      0.4231600      0.4239800      0.4248100    
  0.4007900      0.4016200      0.4024400      0.4032400      0.4040300      0.4048100      0.4055900      0.4063500      0.4071100      0.4078600      0.4086100      0.4093500      0.4101000      0.4108400      0.4115800      0.4123200      0.4130600      0.4138000      0.4145500      0.4153000      0.4160600      0.4168300      0.4176000      0.4183800      0.4191600      0.4199600      0.4207600      0.4215800      0.4224000      0.4232400    
  0.3992300      0.4000500      0.4008500      0.4016500      0.4024300      0.4032100      0.4039700      0.4047300      0.4054900      0.4062300      0.4069800      0.4077200      0.4084600      0.4092000      0.4099400      0.4106800      0.4114200      0.4121700      0.4129200      0.4136700      0.4144300      0.4152000      0.4159700      0.4167600      0.4175500      0.4183500      0.4191600      0.4199800      0.4208100      0.4216600    
  0.3976500      0.3984500      0.3992500      0.4000400      0.4008100      0.4015800      0.4023400      0.4031000      0.4038500      0.4045900      0.4053300      0.4060700      0.4068100      0.4075400      0.4082800      0.4090200      0.4097600      0.4105100      0.4112600      0.4120200      0.4127800      0.4135500      0.4143300      0.4151200      0.4159100      0.4167200      0.4175400      0.4183600      0.4192000      0.4200500    
  0.3960500      0.3968500      0.3976400      0.3984100      0.3991800      0.3999400      0.4007000      0.4014400      0.4021900      0.4029300      0.4036600      0.4044000      0.4051300      0.4058700      0.4066100      0.4073400      0.4080900      0.4088400      0.4095900      0.4103500      0.4111100      0.4118900      0.4126700      0.4134600      0.4142600      0.4150700      0.4159000      0.4167300      0.4175800      0.4184300    
  0.3944400      0.3952300      0.3960000      0.3967700      0.3975300      0.3982900      0.3990400      0.3997800      0.4005200      0.4012500      0.4019800      0.4027200      0.4034500      0.4041800      0.4049200      0.4056500      0.4064000      0.4071400      0.4079000      0.4086600      0.4094300      0.4102100      0.4109900      0.4117900      0.4125900      0.4134100      0.4142400      0.4150800      0.4159300      0.4168000    
  0.3944370      0.3952230      0.3957800      0.3951200      0.3958700      0.3966200      0.3973600      0.3981000      0.3988300      0.3995600      0.4002900      0.4010200      0.4017500      0.4024800      0.4032100      0.4039500      0.4046900      0.4054400      0.4061900      0.4069600      0.4077300      0.4085100      0.4093000      0.4101000      0.4109100      0.4117300      0.4125700      0.4134200      0.4142800      0.4151500    
  0.3944320      0.3951400      0.3951200      0.3944280      0.3942000      0.3949400      0.3956700      0.3964000      0.3971300      0.3978500      0.3985800      0.3993000      0.4000300      0.4007600      0.4014900      0.4022300      0.4029700      0.4037200      0.4044800      0.4052400      0.4060100      0.4068000      0.4075900      0.4084000      0.4092100      0.4100400      0.4108800      0.4117400      0.4126000      0.4134900    
  0.3945810      0.3951200      0.3938570      0.3933600      0.3925200      0.3932500      0.3939700      0.3947000      0.3954200      0.3961400      0.3968600      0.3975800      0.3983000      0.3990300      0.3997600      0.4005000      0.4012400      0.4019900      0.4027500      0.4035100      0.4042900      0.4050700      0.4058700      0.4066800      0.4075000      0.4083400      0.4091800      0.4100500      0.4109200      0.4118100    
  0.3951200      0.3936090      0.3929400      0.3925200      0.3924400      0.3915500      0.3922700      0.3929800      0.3937000      0.3944100      0.3951300      0.3958400      0.3965600      0.3972900      0.3980200      0.3987500      0.3994900      0.4002400      0.4010000      0.4017700      0.4025500      0.4033400      0.4041400      0.4049500      0.4057800      0.4066200      0.4074700      0.4083400      0.4092200      0.4101200    
  0.3934950      0.3927300      0.3925200      0.3921700      0.3915500      0.3914570      0.3905500      0.3912600      0.3919700      0.3926700      0.3933900      0.3941000      0.3948100      0.3955400      0.3962600      0.3970000      0.3977400      0.3984900      0.3992500      0.4000200      0.4008000      0.4015900      0.4024000      0.4032100      0.4040500      0.4048900      0.4057500      0.4066300      0.4075200      0.4084200    
  0.3926250      0.3925200      0.3920800      0.3915500      0.3911860      0.3905500      0.3909050      0.3912600      0.3917080      0.3909300      0.3916300      0.3923400      0.3930600      0.3937700      0.3945000      0.3952300      0.3959700      0.3967200      0.3974800      0.3982500      0.3990400      0.3998300      0.4006400      0.4014600      0.4023000      0.4031500      0.4040200      0.4049000      0.4058000      0.4067200    
  0.3925200      0.3920500      0.3915500      0.3910950      0.3905500      0.3907270      0.3909050      0.3912010      0.3909300      0.3912800      0.3908580      0.3905800      0.3912900      0.3920000      0.3927300      0.3934600      0.3942000      0.3949500      0.3957100      0.3964800      0.3972700      0.3980700      0.3988800      0.3997100      0.4005500      0.4014100      0.4022800      0.4031700      0.4040800      0.4050000    
  0.3920400      0.3915500      0.3910650      0.3905500      0.3906390      0.3907270      0.3909410      0.3909300      0.3911050      0.3903150      0.3896950      0.3888100      0.3895200      0.3902300      0.3909500      0.3916800      0.3924100      0.3931600      0.3939300      0.3947000      0.3954900      0.3962900      0.3971100      0.3979400      0.3987900      0.3996500      0.4005300      0.4014300      0.4023400      0.4032700    
  0.3915500      0.3910550      0.3905500      0.3905940      0.3906390      0.3908090      0.3909300      0.3910170      0.3900820      0.3892520      0.3888100      0.3891650      0.3892500      0.3884400      0.3891600      0.3898900      0.3906300      0.3913800      0.3921400      0.3929100      0.3937000      0.3945100      0.3953300      0.3961600      0.3970200      0.3978900      0.3987800      0.3996800      0.4006000      0.4015400    
  0.3910520      0.3905500      0.3905720      0.3905940      0.3907430      0.3909300      0.3909740      0.3899740      0.3890310      0.3888100      0.3889870      0.3889160      0.3884400      0.3888000      0.3891630      0.3898930      0.3906330      0.3913830      0.3913740      0.3911200      0.3919100      0.3927200      0.3935400      0.3943800      0.3952400      0.3961200      0.3970100      0.3979300      0.3988600      0.3998100    
  0.3905500      0.3905610      0.3905720      0.3907100      0.3909300      0.3909520      0.3899220      0.3889210      0.3888100      0.3888990      0.3887880      0.3884400      0.3886200      0.3888010      0.3892860      0.3898970      0.3906370      0.3905860      0.3902200      0.3893200      0.3901100      0.3909200      0.3917500      0.3926000      0.3934600      0.3943500      0.3952500      0.3961700      0.3971100      0.3980600    
  0.3905560      0.3905610      0.3906930      0.3909300      0.3909410      0.3898960      0.3888650      0.3888100      0.3888540      0.3887340      0.3884400      0.3885300      0.3886200      0.3889020      0.3893280      0.3899400      0.3900420      0.3897700      0.3893200      0.3892470      0.3883100      0.3891300      0.3899600      0.3908100      0.3916800      0.3925700      0.3934800      0.3944000      0.3953500      0.3963200    
  0.3905560      0.3906850      0.3909300      0.3909350      0.3898830      0.3888380      0.3888100      0.3888320      0.3887100      0.3884400      0.3884850      0.3885300      0.3886840      0.3889500      0.3893900      0.3885520      0.3895450      0.3893200      0.3872180      0.3865050      0.3869980      0.3873300      0.3881600      0.3890200      0.3898900      0.3907900      0.3917000      0.3926400      0.3935900      0.3945700    
  0.3906810      0.3909300      0.3909330      0.3898760      0.3888240      0.3888100      0.3888210      0.3886980      0.3884400      0.3884630      0.3884850      0.3885660      0.3887210      0.3852810      0.3838600      0.3839050      0.3839050      0.3841670      0.3844010      0.3838000      0.3847000      0.3855200      0.3863600      0.3872200      0.3881000      0.3890000      0.3899300      0.3908700      0.3918400      0.3928200    
  0.3909300      0.3909310      0.3898730      0.3888170      0.3888100      0.3888160      0.3886920      0.3884400      0.3884510      0.3884630      0.3885050      0.3885910      0.3821200      0.3740440      0.3741000      0.3782660      0.3782640      0.3784900      0.3814070      0.3828970      0.3829000      0.3837200      0.3845600      0.3854300      0.3863100      0.3872200      0.3881500      0.3891000      0.3900800      0.3910700    
  0.3909310      0.3898720      0.3888130      0.3888100      0.3888130      0.3886890      0.3884400      0.3884460      0.3884510      0.3884730      0.3803120      0.3680000      0.3719830      0.3739880      0.3739880      0.3741000      0.3767950      0.3780380      0.3784900      0.3804430      0.3810900      0.3819200      0.3827600      0.3836300      0.3845200      0.3854400      0.3863800      0.3873400      0.3883200      0.3893200    
  0.3898710      0.3888120      0.3888100      0.3888110      0.3886880      0.3884400      0.3884430      0.3884460      0.3884570      0.3786470      0.3680000      0.3680000      0.3680000      0.3719010      0.3738760      0.3738760      0.3741000      0.3765530      0.3775850      0.3784900      0.3792900      0.3801100      0.3809600      0.3818400      0.3827300      0.3836600      0.3846000      0.3855700      0.3865600      0.3875800    
  0.3888110      0.3888100      0.3888110      0.3886870      0.3884400      0.3884410      0.3884430      0.3809860      0.3745000      0.3679950      0.3680000      0.3680000      0.3680000      0.3680000      0.3717390      0.3736530      0.3736530      0.3741000      0.3760370      0.3766800      0.3774900      0.3783200      0.3791700      0.3800500      0.3809500      0.3818800      0.3828300      0.3838100      0.3848100      0.3858300    
  0.3888100      0.3888100      0.3886870      0.3884400      0.3884410      0.3755640      0.3562500      0.3574250      0.3586000      0.3648540      0.3679860      0.3680000      0.3680000      0.3680000      0.3680000      0.3714280      0.3732060      0.3732050      0.3741000      0.3748800      0.3756900      0.3765200      0.3773800      0.3782600      0.3791700      0.3801000      0.3810600      0.3820500      0.3830600      0.3841000    
  0.3888100      0.3886870      0.3884400      0.3884400      0.3729860      0.3562470      0.3562470      0.3562500      0.3574250      0.3586000      0.3648290      0.3679570      0.3680000      0.3680000      0.3680000      0.3680000      0.3708540      0.3723130      0.3723100      0.3730900      0.3739000      0.3747300      0.3755900      0.3764800      0.3773900      0.3783300      0.3793000      0.3803000      0.3813200      0.3823600    
