iMOD/TUTORIALS/TUT_MetaswapAnalyser/model_MetaSWAP/meteo/Evaporation/Evaporation_20051019_L1.ASC
NCOLS                30
NROWS                30
XLLCORNER     160000.00
YLLCORNER     340000.00
CELLSIZE        1000.00
NODATA_VALUE   -9999.00
  0.5322500      0.5301200      0.5279900      0.5258600      0.5237300      0.5216100      0.5194900      0.5173800      0.5152800      0.5131800      0.5110900      0.5090200      0.5069500      0.5049000      0.5028600      0.5008400      0.4988300      0.4968400      0.4948600      0.4929000      0.4909600      0.4890300      0.4871300      0.4852400      0.4833700      0.4815200      0.4796900      0.4778800      0.4760900      0.4743200    
  0.5336000      0.5314600      0.5293300      0.5272000      0.5250700      0.5229400      0.5208200      0.5187100      0.5166000      0.5145000      0.5124100      0.5103300      0.5082700      0.5062100      0.5041700      0.5021500      0.5001300      0.4981400      0.4961600      0.4941900      0.4922500      0.4903200      0.4884100      0.4865200      0.4846400      0.4827900      0.4809600      0.4791400      0.4773500      0.4755700    
  0.5349200      0.5327800      0.5306500      0.5285100      0.5263800      0.5242500      0.5221300      0.5200200      0.5179100      0.5158100      0.5137200      0.5116400      0.5095700      0.5075100      0.5054700      0.5034400      0.5014200      0.4994200      0.4974400      0.4954700      0.4935200      0.4915900      0.4896800      0.4877800      0.4859100      0.4840500      0.4822100      0.4803900      0.4785900      0.4768200    
  0.5362300      0.5340900      0.5319500      0.5298200      0.5276800      0.5255500      0.5234300      0.5213100      0.5192000      0.5171000      0.5150000      0.5129200      0.5108500      0.5087900      0.5067500      0.5047100      0.5027000      0.5006900      0.4987100      0.4967400      0.4947900      0.4928500      0.4909300      0.4890400      0.4871600      0.4852900      0.4834500      0.4816300      0.4798300      0.4780500    
  0.5375200      0.5353800      0.5332400      0.5311000      0.5289700      0.5268400      0.5247100      0.5225900      0.5204800      0.5183700      0.5162800      0.5141900      0.5121200      0.5100600      0.5080100      0.5059800      0.5039600      0.5019500      0.4999600      0.4979900      0.4960400      0.4941000      0.4921800      0.4902800      0.4883900      0.4865300      0.4846900      0.4828600      0.4810600      0.4792700    
  0.5388000      0.5366600      0.5345200      0.5323700      0.5302400      0.5281000      0.5259800      0.5238500      0.5217400      0.5196300      0.5175400      0.5154500      0.5133800      0.5113100      0.5092600      0.5072300      0.5052000      0.5032000      0.5012100      0.4992300      0.4972700      0.4953300      0.4934100      0.4915100      0.4896200      0.4877600      0.4859100      0.4840800      0.4822700      0.4804900    
  0.5400700      0.5379200      0.5357800      0.5336300      0.5314900      0.5293600      0.5272300      0.5251000      0.5229900      0.5208800      0.5187800      0.5166900      0.5146200      0.5125500      0.5105000      0.5084600      0.5064400      0.5044300      0.5024400      0.5004600      0.4985000      0.4965600      0.4946300      0.4927300      0.4908400      0.4889700      0.4871200      0.4852900      0.4834800      0.4816900    
  0.5413200      0.5391700      0.5370200      0.5348800      0.5327400      0.5306000      0.5284700      0.5263400      0.5242200      0.5221200      0.5200200      0.5179300      0.5158500      0.5137800      0.5117300      0.5096900      0.5076600      0.5056500      0.5036600      0.5016800      0.4997100      0.4977700      0.4958400      0.4939300      0.4920400      0.4901700      0.4883200      0.4864900      0.4846800      0.4828900    
  0.5425600      0.5404100      0.5382600      0.5361100      0.5339700      0.5318300      0.5296900      0.5275700      0.5254500      0.5233400      0.5212400      0.5191400      0.5170600      0.5150000      0.5129400      0.5109000      0.5088700      0.5068600      0.5048600      0.5028800      0.5009200      0.4989700      0.4970400      0.4951300      0.4932400      0.4913700      0.4895100      0.4876800      0.4858700      0.4840700    
  0.5437900      0.5416300      0.5394800      0.5373300      0.5351800      0.5330400      0.5309100      0.5287800      0.5266600      0.5245500      0.5224400      0.5203500      0.5182700      0.5162000      0.5141400      0.5121000      0.5100700      0.5080600      0.5060600      0.5040800      0.5021100      0.5001600      0.4982300      0.4963200      0.4944300      0.4925500      0.4907000      0.4888600      0.4870400      0.4852500    
  0.5437870      0.5416330      0.5392450      0.5385400      0.5363900      0.5342500      0.5321100      0.5299800      0.5278600      0.5257400      0.5236400      0.5215400      0.5194600      0.5173900      0.5153300      0.5132900      0.5112600      0.5092400      0.5072400      0.5052600      0.5032900      0.5013400      0.4994100      0.4975000      0.4956000      0.4937300      0.4918700      0.4900300      0.4882100      0.4864200    
  0.5437880      0.5408010      0.5385400      0.5378220      0.5375900      0.5354400      0.5333000      0.5311700      0.5290500      0.5269300      0.5248200      0.5227300      0.5206400      0.5185700      0.5165100      0.5144700      0.5124300      0.5104200      0.5084200      0.5064300      0.5044600      0.5025100      0.5005800      0.4986600      0.4967700      0.4948900      0.4930300      0.4912000      0.4893800      0.4875800    
  0.5422680      0.5385400      0.5383280      0.5381800      0.5387700      0.5366200      0.5344800      0.5323500      0.5302200      0.5281100      0.5260000      0.5239000      0.5218100      0.5197400      0.5176800      0.5156300      0.5136000      0.5115800      0.5095800      0.5075900      0.5056200      0.5036700      0.5017400      0.4998200      0.4979300      0.4960500      0.4941900      0.4923500      0.4905300      0.4887300    
  0.5385400      0.5385280      0.5384750      0.5387700      0.5377300      0.5378000      0.5356500      0.5335200      0.5313900      0.5292700      0.5271600      0.5250600      0.5229800      0.5209000      0.5188400      0.5167900      0.5147600      0.5127400      0.5107300      0.5087500      0.5067800      0.5048200      0.5028900      0.5009700      0.4990700      0.4972000      0.4953400      0.4935000      0.4916800      0.4898800    
  0.5386150      0.5386220      0.5387700      0.5381000      0.5378000      0.5367530      0.5368100      0.5346800      0.5325500      0.5304300      0.5283200      0.5262200      0.5241300      0.5220500      0.5199900      0.5179400      0.5159000      0.5138800      0.5118800      0.5098900      0.5079200      0.5059700      0.5040300      0.5021100      0.5002200      0.4983400      0.4964800      0.4946300      0.4928100      0.4910100    
  0.5386960      0.5387700      0.5382230      0.5378000      0.5371210      0.5368100      0.5357450      0.5346800      0.5323080      0.5315700      0.5294600      0.5273600      0.5252700      0.5231900      0.5211300      0.5190800      0.5170400      0.5150200      0.5130100      0.5110300      0.5090500      0.5071000      0.5051600      0.5032500      0.5013500      0.4994700      0.4976100      0.4957700      0.4939400      0.4921400    
  0.5387700      0.5382640      0.5378000      0.5372440      0.5368100      0.5362780      0.5357450      0.5335760      0.5315700      0.5305150      0.5293000      0.5284900      0.5264000      0.5243200      0.5222600      0.5202100      0.5181700      0.5161500      0.5141400      0.5121500      0.5101800      0.5082300      0.5062900      0.5043700      0.5024700      0.5005900      0.4987300      0.4968900      0.4950700      0.4932700    
  0.5382780      0.5378000      0.5372850      0.5368100      0.5365440      0.5362780      0.5342920      0.5315700      0.5310430      0.5300120      0.5290550      0.5296200      0.5275300      0.5254500      0.5233800      0.5213300      0.5192900      0.5172700      0.5152600      0.5132700      0.5113000      0.5093400      0.5074100      0.5054900      0.5035900      0.5017100      0.4998500      0.4980100      0.4961900      0.4943900    
  0.5378000      0.5372980      0.5368100      0.5366770      0.5365440      0.5346710      0.5315700      0.5313060      0.5303160      0.5293380      0.5296200      0.5285750      0.5272900      0.5265600      0.5245000      0.5224400      0.5204000      0.5183800      0.5163700      0.5143800      0.5124100      0.5104500      0.5085200      0.5066000      0.5047000      0.5028200      0.5009600      0.4991200      0.4973000      0.4955000    
  0.5373030      0.5368100      0.5367430      0.5366770      0.5348650      0.5315700      0.5314380      0.5304580      0.5294790      0.5296200      0.5290970      0.5280110      0.5265600      0.5255300      0.5245000      0.5224470      0.5204070      0.5183830      0.5162400      0.5154900      0.5135100      0.5115600      0.5096200      0.5077000      0.5058000      0.5039200      0.5020600      0.5002200      0.4984000      0.4966000    
  0.5368100      0.5367770      0.5367430      0.5349640      0.5315700      0.5315040      0.5305270      0.5295490      0.5296200      0.5293590      0.5283220      0.5265600      0.5260450      0.5255300      0.5241590      0.5224510      0.5204120      0.5175290      0.5160350      0.5165800      0.5146100      0.5126500      0.5107200      0.5088000      0.5069000      0.5050200      0.5031600      0.5013200      0.4995000      0.4977000    
  0.5367930      0.5367770      0.5350130      0.5315700      0.5315370      0.5305610      0.5295850      0.5296200      0.5294890      0.5284650      0.5265600      0.5263020      0.5260450      0.5252450      0.5240470      0.5223410      0.5186560      0.5163070      0.5165800      0.5156300      0.5157000      0.5137500      0.5118100      0.5098900      0.5079900      0.5061100      0.5042600      0.5024200      0.5006000      0.4988000    
  0.5367930      0.5350380      0.5315700      0.5315540      0.5305780      0.5296020      0.5296200      0.5295550      0.5285340      0.5265600      0.5264310      0.5263020      0.5258640      0.5251120      0.5238770      0.5202600      0.5164440      0.5165800      0.5168500      0.5167850      0.5156120      0.5148300      0.5128900      0.5109800      0.5090800      0.5072000      0.5053400      0.5035100      0.5016900      0.4998900    
  0.5350510      0.5315700      0.5315620      0.5305870      0.5296110      0.5296200      0.5295870      0.5285670      0.5265600      0.5264960      0.5264310      0.5261990      0.5257600      0.5255060      0.5233190      0.5198140      0.5198150      0.5189630      0.5180430      0.5184050      0.5178700      0.5159100      0.5139700      0.5120600      0.5101600      0.5082800      0.5064300      0.5045900      0.5027700      0.5009800    
  0.5315700      0.5315660      0.5305910      0.5296160      0.5296200      0.5296040      0.5285840      0.5265600      0.5265280      0.5264960      0.5263750      0.5261300      0.5263810      0.5272030      0.5271700      0.5236800      0.5231830      0.5230500      0.5202910      0.5189400      0.5189400      0.5169900      0.5150500      0.5131300      0.5112400      0.5093600      0.5075100      0.5056700      0.5038600      0.5020600    
  0.5315680      0.5305930      0.5296180      0.5296200      0.5296120      0.5285920      0.5265600      0.5265440      0.5265280      0.5264660      0.5287360      0.5323400      0.5289420      0.5272360      0.5272360      0.5271700      0.5245510      0.5233150      0.5230500      0.5207700      0.5200100      0.5180600      0.5161200      0.5142100      0.5123100      0.5104400      0.5085800      0.5067500      0.5049400      0.5031400    
  0.5305940      0.5296190      0.5296200      0.5296160      0.5285960      0.5265600      0.5265520      0.5265440      0.5265130      0.5292820      0.5323400      0.5323400      0.5323400      0.5289900      0.5273010      0.5273010      0.5271700      0.5246690      0.5235800      0.5230500      0.5210800      0.5191200      0.5171900      0.5152700      0.5133800      0.5115100      0.5096500      0.5078200      0.5060100      0.5042200    
  0.5296190      0.5296200      0.5296180      0.5285980      0.5265600      0.5265560      0.5265520      0.5298170      0.5315220      0.5323430      0.5323400      0.5323400      0.5323400      0.5323400      0.5290840      0.5274330      0.5274330      0.5271700      0.5248750      0.5241100      0.5221400      0.5201900      0.5182500      0.5163400      0.5144500      0.5125700      0.5107200      0.5088900      0.5070800      0.5053000    
  0.5296200      0.5296190      0.5285990      0.5265600      0.5265580      0.5330460      0.5427800      0.5412200      0.5396600      0.5347880      0.5323490      0.5323400      0.5323400      0.5323400      0.5323400      0.5292610      0.5276960      0.5276950      0.5271700      0.5251700      0.5232000      0.5212500      0.5193100      0.5174000      0.5155100      0.5136400      0.5117900      0.5099600      0.5081600      0.5063700    
  0.5296190      0.5286000      0.5265600      0.5265590      0.5343460      0.5427820      0.5427820      0.5427800      0.5412200      0.5396600      0.5348030      0.5323660      0.5323400      0.5323400      0.5323400      0.5323400      0.5295750      0.5282230      0.5282200      0.5262300      0.5242600      0.5223000      0.5203700      0.5184600      0.5165700      0.5147000      0.5128600      0.5110300      0.5092300      0.5074400    
