iMOD/TUTORIALS/TUT_MetaswapAnalyser/model_MetaSWAP/meteo/Evaporation/Evaporation_20050308_L1.ASC
NCOLS                30
NROWS                30
XLLCORNER     160000.00
YLLCORNER     340000.00
CELLSIZE        1000.00
NODATA_VALUE   -9999.00
  0.5290400      0.5267900      0.5245600      0.5223400      0.5201400      0.5179600      0.5157900      0.5136500      0.5115200      0.5094200      0.5073400      0.5052800      0.5032400      0.5012200      0.4992300      0.4972600      0.4953100      0.4933900      0.4914900      0.4896200      0.4877700      0.4859500      0.4841500      0.4823700      0.4806200      0.4788900      0.4771900      0.4755100      0.4738500      0.4722200    
  0.5271800      0.5249400      0.5227100      0.5205000      0.5183000      0.5161200      0.5139600      0.5118200      0.5097000      0.5076000      0.5055300      0.5034700      0.5014300      0.4994200      0.4974300      0.4954600      0.4935200      0.4916000      0.4897100      0.4878300      0.4859900      0.4841600      0.4823700      0.4805900      0.4788400      0.4771200      0.4754100      0.4737400      0.4720800      0.4704500    
  0.5253300      0.5230900      0.5208600      0.5186600      0.5164600      0.5142900      0.5121400      0.5100000      0.5078800      0.5057900      0.5037100      0.5016600      0.4996300      0.4976200      0.4956300      0.4936700      0.4917300      0.4898100      0.4879200      0.4860500      0.4842100      0.4823800      0.4805900      0.4788200      0.4770700      0.4753400      0.4736400      0.4719600      0.4703100      0.4686800    
  0.5234800      0.5212400      0.5190200      0.5168200      0.5146300      0.5124600      0.5103100      0.5081800      0.5060700      0.5039800      0.5019000      0.4998500      0.4978300      0.4958200      0.4938400      0.4918800      0.4899400      0.4880200      0.4861300      0.4842700      0.4824200      0.4806100      0.4788100      0.4770400      0.4752900      0.4735700      0.4718700      0.4702000      0.4685400      0.4669100    
  0.5216300      0.5194000      0.5171800      0.5149800      0.5128000      0.5106400      0.5084900      0.5063600      0.5042500      0.5021600      0.5001000      0.4980500      0.4960300      0.4940200      0.4920400      0.4900800      0.4881500      0.4862400      0.4843500      0.4824800      0.4806400      0.4788300      0.4770300      0.4752700      0.4735200      0.4718000      0.4701000      0.4684300      0.4667800      0.4651500    
  0.5197900      0.5175600      0.5153500      0.5131500      0.5109700      0.5088100      0.5066700      0.5045400      0.5024400      0.5003600      0.4982900      0.4962500      0.4942300      0.4922300      0.4902500      0.4882900      0.4863600      0.4844500      0.4825700      0.4807000      0.4788700      0.4770500      0.4752600      0.4734900      0.4717500      0.4700300      0.4683300      0.4666600      0.4650100      0.4633800    
  0.5179400      0.5157200      0.5135100      0.5113200      0.5091500      0.5069900      0.5048500      0.5027300      0.5006300      0.4985500      0.4964900      0.4944500      0.4924300      0.4904300      0.4884600      0.4865000      0.4845700      0.4826700      0.4807800      0.4789200      0.4770900      0.4752800      0.4734900      0.4717200      0.4699800      0.4682600      0.4665700      0.4649000      0.4632500      0.4616200    
  0.5161100      0.5138900      0.5116800      0.5095000      0.5073300      0.5051700      0.5030400      0.5009200      0.4988200      0.4967400      0.4946900      0.4926500      0.4906300      0.4886400      0.4866700      0.4847200      0.4827900      0.4808800      0.4790000      0.4771500      0.4753100      0.4735000      0.4717100      0.4699500      0.4682100      0.4664900      0.4648000      0.4631300      0.4614800      0.4598600    
  0.5142700      0.5120600      0.5098600      0.5076700      0.5055100      0.5033600      0.5012200      0.4991100      0.4970200      0.4949400      0.4928900      0.4908500      0.4888400      0.4868500      0.4848800      0.4829300      0.4810100      0.4791000      0.4772200      0.4753700      0.4735400      0.4717300      0.4699400      0.4681800      0.4664400      0.4647300      0.4630400      0.4613700      0.4597200      0.4581000    
  0.5124400      0.5102300      0.5080300      0.5058500      0.5036900      0.5015400      0.4994100      0.4973000      0.4952100      0.4931400      0.4910900      0.4890600      0.4870500      0.4850600      0.4830900      0.4811500      0.4792200      0.4773200      0.4754500      0.4735900      0.4717600      0.4699600      0.4681800      0.4664200      0.4646800      0.4629700      0.4612800      0.4596100      0.4579700      0.4563500    
  0.5124470      0.5102330      0.5070380      0.5040400      0.5018800      0.4997300      0.4976100      0.4955000      0.4934100      0.4913400      0.4892900      0.4872700      0.4852600      0.4832700      0.4813100      0.4793600      0.4774400      0.4755500      0.4736700      0.4718200      0.4699900      0.4681900      0.4664100      0.4646500      0.4629200      0.4612100      0.4595200      0.4578500      0.4562100      0.4545900    
  0.5124500      0.5084390      0.5040400      0.5010630      0.5000700      0.4979300      0.4958100      0.4937000      0.4916200      0.4895500      0.4875000      0.4854800      0.4834700      0.4814900      0.4795200      0.4775800      0.4756700      0.4737700      0.4719000      0.4700500      0.4682200      0.4664200      0.4646400      0.4628900      0.4611600      0.4594500      0.4577600      0.4561000      0.4544600      0.4528400    
  0.5099010      0.5040400      0.5006320      0.4991650      0.4982600      0.4961300      0.4940100      0.4919100      0.4898200      0.4877600      0.4857100      0.4836900      0.4816900      0.4797100      0.4777500      0.4758100      0.4738900      0.4720000      0.4701300      0.4682800      0.4664600      0.4646600      0.4628800      0.4611300      0.4594000      0.4576900      0.4560100      0.4543500      0.4527100      0.4510900    
  0.5040400      0.5004110      0.4987120      0.4982600      0.4962400      0.4943300      0.4922100      0.4901100      0.4880300      0.4859700      0.4839300      0.4819100      0.4799100      0.4779300      0.4759700      0.4740300      0.4721200      0.4702300      0.4683600      0.4665200      0.4646900      0.4629000      0.4611200      0.4593700      0.4576400      0.4559400      0.4542500      0.4526000      0.4509600      0.4493500    
  0.5002990      0.4984860      0.4982600      0.4962770      0.4943300      0.4923200      0.4904200      0.4883200      0.4862500      0.4841900      0.4821500      0.4801300      0.4781300      0.4761500      0.4742000      0.4722600      0.4703500      0.4684600      0.4666000      0.4647500      0.4629300      0.4611400      0.4593600      0.4576100      0.4558900      0.4541900      0.4525100      0.4508500      0.4492100      0.4476000    
  0.4983730      0.4982600      0.4962890      0.4943300      0.4923570      0.4904200      0.4893700      0.4883300      0.4852920      0.4824100      0.4803700      0.4783500      0.4763600      0.4743800      0.4724300      0.4704900      0.4685900      0.4667000      0.4648300      0.4629900      0.4611800      0.4593800      0.4576100      0.4558600      0.4541400      0.4524400      0.4507600      0.4491000      0.4474700      0.4458600    
  0.4982600      0.4962930      0.4943300      0.4923690      0.4904200      0.4898950      0.4893730      0.4863510      0.4824100      0.4813900      0.4785040      0.4765800      0.4745800      0.4726100      0.4706600      0.4687300      0.4668200      0.4649400      0.4630800      0.4612400      0.4594200      0.4576300      0.4558600      0.4541100      0.4523900      0.4506900      0.4490200      0.4473600      0.4457300      0.4441300    
  0.4962940      0.4943300      0.4923730      0.4904200      0.4901570      0.4898960      0.4870070      0.4824100      0.4819000      0.4785620      0.4756950      0.4748100      0.4728200      0.4708500      0.4689000      0.4669700      0.4650600      0.4631800      0.4613200      0.4594800      0.4576700      0.4558800      0.4541100      0.4523700      0.4506500      0.4489500      0.4472800      0.4456300      0.4440000      0.4424000    
  0.4943300      0.4923740      0.4904200      0.4902890      0.4901580      0.4873680      0.4824100      0.4821550      0.4785870      0.4752530      0.4748100      0.4738150      0.4718930      0.4690900      0.4671400      0.4652100      0.4633100      0.4614300      0.4595700      0.4577300      0.4559200      0.4541300      0.4523700      0.4506300      0.4489100      0.4472100      0.4455400      0.4438900      0.4422700      0.4406700    
  0.4923750      0.4904200      0.4903540      0.4902890      0.4875560      0.4824100      0.4822830      0.4785990      0.4750310      0.4748100      0.4743130      0.4724020      0.4690900      0.4681150      0.4671470      0.4652200      0.4633170      0.4614370      0.4577920      0.4559900      0.4541800      0.4523900      0.4506300      0.4488900      0.4471700      0.4454800      0.4438100      0.4421700      0.4405400      0.4389400    
  0.4904200      0.4903870      0.4903540      0.4876520      0.4824100      0.4823460      0.4786040      0.4749210      0.4748100      0.4745610      0.4726540      0.4690900      0.4686030      0.4681170      0.4668270      0.4652280      0.4633240      0.4583800      0.4551150      0.4542400      0.4524400      0.4506500      0.4488900      0.4471500      0.4454400      0.4437500      0.4420800      0.4404400      0.4388200      0.4372200    
  0.4904040      0.4903870      0.4877010      0.4824100      0.4823780      0.4786070      0.4748650      0.4748100      0.4746860      0.4727790      0.4690900      0.4688460      0.4686030      0.4678490      0.4667240      0.4651260      0.4591700      0.4546770      0.4542400      0.4524600      0.4507000      0.4489200      0.4471600      0.4454200      0.4437100      0.4420200      0.4403600      0.4387200      0.4371000      0.4355100    
  0.4904040      0.4877250      0.4824100      0.4823940      0.4786090      0.4748380      0.4748100      0.4747480      0.4728410      0.4690900      0.4689680      0.4688460      0.4684330      0.4677250      0.4665670      0.4589100      0.4544590      0.4542400      0.4505120      0.4489700      0.4479020      0.4471900      0.4454300      0.4437000      0.4419900      0.4403000      0.4386400      0.4370100      0.4353900      0.4338000    
  0.4877380      0.4824100      0.4824020      0.4786090      0.4748240      0.4748100      0.4747790      0.4728720      0.4690900      0.4690290      0.4689680      0.4687490      0.4683350      0.4612590      0.4548560      0.4490720      0.4490700      0.4481040      0.4469580      0.4463800      0.4472400      0.4454600      0.4437100      0.4419800      0.4402700      0.4385900      0.4369300      0.4353000      0.4336800      0.4320900    
  0.4824100      0.4824060      0.4786100      0.4748170      0.4748100      0.4747940      0.4728880      0.4690900      0.4690600      0.4690290      0.4689150      0.4686840      0.4565610      0.4422570      0.4423100      0.4445510      0.4436860      0.4439000      0.4449090      0.4455230      0.4455200      0.4437400      0.4419900      0.4402600      0.4385600      0.4368800      0.4352200      0.4335900      0.4319800      0.4304000    
  0.4824080      0.4786100      0.4748130      0.4748100      0.4748020      0.4728960      0.4690900      0.4690750      0.4690600      0.4690010      0.4569660      0.4391000      0.4411610      0.4422040      0.4422040      0.4423100      0.4431380      0.4434730      0.4439000      0.4438320      0.4438100      0.4420300      0.4402800      0.4385500      0.4368500      0.4351700      0.4335200      0.4318900      0.4302900      0.4287000    
  0.4786100      0.4748120      0.4748100      0.4748060      0.4728990      0.4690900      0.4690820      0.4690750      0.4690450      0.4546450      0.4391000      0.4391000      0.4391000      0.4410830      0.4420990      0.4420990      0.4423100      0.4428690      0.4430450      0.4439000      0.4421000      0.4403200      0.4385700      0.4368500      0.4351500      0.4334800      0.4318300      0.4302000      0.4286000      0.4270200    
  0.4748110      0.4748100      0.4748080      0.4729010      0.4690900      0.4690860      0.4690820      0.4599810      0.4502570      0.4390950      0.4391000      0.4391000      0.4391000      0.4391000      0.4409280      0.4418880      0.4418870      0.4423100      0.4422230      0.4421900      0.4403900      0.4386200      0.4368800      0.4351500      0.4334600      0.4317800      0.4301400      0.4285100      0.4269100      0.4253400    
  0.4748100      0.4748090      0.4729020      0.4690900      0.4690880      0.4546510      0.4330000      0.4328600      0.4327200      0.4369610      0.4390860      0.4391000      0.4391000      0.4391000      0.4391000      0.4406240      0.4414660      0.4414650      0.4423100      0.4404900      0.4387000      0.4369300      0.4351800      0.4334600      0.4317700      0.4301000      0.4284500      0.4268300      0.4252400      0.4236600    
  0.4748100      0.4729030      0.4690900      0.4690890      0.4517630      0.4329970      0.4329970      0.4330000      0.4328600      0.4327200      0.4369380      0.4390590      0.4391000      0.4391000      0.4391000      0.4391000      0.4400420      0.4406230      0.4406200      0.4388000      0.4370100      0.4352400      0.4335000      0.4317800      0.4300900      0.4284200      0.4267800      0.4251600      0.4235700      0.4220000    
