iMOD/TUTORIALS/TUT_MetaswapAnalyser/model_MetaSWAP/meteo/Evaporation/Evaporation_20050502_L1.ASC
NCOLS                30
NROWS                30
XLLCORNER     160000.00
YLLCORNER     340000.00
CELLSIZE        1000.00
NODATA_VALUE   -9999.00
   1.954550       1.962440       1.970330       1.978220       1.986110       1.993990       2.001860       2.009720       2.017550       2.025370       2.033160       2.040920       2.048650       2.056350       2.064000       2.071620       2.079190       2.086710       2.094190       2.101610       2.108990       2.116310       2.123580       2.130780       2.137940       2.145030       2.152070       2.159050       2.165960       2.172820    
   1.964360       1.972260       1.980170       1.988080       1.995980       2.003880       2.011760       2.019630       2.027480       2.035310       2.043110       2.050880       2.058620       2.066320       2.073980       2.081600       2.089170       2.096690       2.104170       2.111590       2.118960       2.126280       2.133540       2.140740       2.147880       2.154960       2.161990       2.168950       2.175850       2.182690    
   1.974200       1.982120       1.990050       1.997970       2.005900       2.013810       2.021710       2.029590       2.037450       2.045290       2.053100       2.060880       2.068620       2.076330       2.083990       2.091610       2.099190       2.106710       2.114180       2.121610       2.128970       2.136280       2.143530       2.150720       2.157850       2.164920       2.171930       2.178880       2.185760       2.192590    
   1.984080       1.992020       1.999960       2.007910       2.015840       2.023770       2.031690       2.039580       2.047460       2.055300       2.063120       2.070910       2.078660       2.086370       2.094040       2.101660       2.109240       2.116760       2.124230       2.131650       2.139010       2.146310       2.153560       2.160740       2.167860       2.174910       2.181910       2.188840       2.195700       2.202510    
   1.993990       2.001950       2.009910       2.017870       2.025830       2.033770       2.041700       2.049610       2.057490       2.065350       2.073180       2.080980       2.088730       2.096450       2.104120       2.111750       2.119320       2.126840       2.134310       2.141730       2.149080       2.156380       2.163610       2.170780       2.177890       2.184930       2.191910       2.198820       2.205670       2.212450    
   2.003930       2.011910       2.019890       2.027870       2.035840       2.043800       2.051740       2.059660       2.067560       2.075430       2.083270       2.091070       2.098830       2.106550       2.114230       2.121860       2.129430       2.136960       2.144420       2.151830       2.159180       2.166470       2.173690       2.180850       2.187950       2.194970       2.201940       2.208830       2.215660       2.222420    
   2.013890       2.021890       2.029900       2.037890       2.045880       2.053850       2.061810       2.069740       2.077650       2.085530       2.093380       2.101190       2.108960       2.116690       2.124370       2.132000       2.139570       2.147100       2.154560       2.161960       2.169310       2.176580       2.183800       2.190950       2.198030       2.205040       2.211980       2.218860       2.225660       2.232400    
   2.023890       2.031910       2.039920       2.047940       2.055940       2.063930       2.071900       2.079850       2.087770       2.095660       2.103520       2.111340       2.119120       2.126850       2.134530       2.142160       2.149740       2.157260       2.164720       2.172120       2.179450       2.186720       2.193930       2.201060       2.208130       2.215120       2.222050       2.228900       2.235690       2.242400    
   2.033900       2.041940       2.049970       2.058010       2.066030       2.074030       2.082020       2.089980       2.097910       2.105820       2.113680       2.121510       2.129290       2.137030       2.144710       2.152350       2.159920       2.167440       2.174900       2.182290       2.189620       2.196880       2.204070       2.211200       2.218250       2.225230       2.232130       2.238970       2.245730       2.252420    
   2.043930       2.051990       2.060040       2.068090       2.076130       2.084150       2.092150       2.100130       2.108070       2.115990       2.123860       2.131700       2.139490       2.147230       2.154920       2.162550       2.170130       2.177650       2.185100       2.192490       2.199810       2.207060       2.214240       2.221350       2.228380       2.235340       2.242230       2.249040       2.255780       2.262450    
   2.043930       2.051990       2.064580       2.078200       2.086250       2.094290       2.102300       2.110290       2.118250       2.126180       2.134060       2.141900       2.149700       2.157450       2.165140       2.172780       2.180350       2.187870       2.195320       2.202700       2.210010       2.217250       2.224420       2.231510       2.238530       2.245470       2.252340       2.259130       2.265850       2.272480    
   2.043930       2.059670       2.078200       2.091840       2.096380       2.104440       2.112470       2.120470       2.128440       2.136380       2.144270       2.152120       2.159930       2.167680       2.175380       2.183010       2.190590       2.198100       2.205550       2.212920       2.220220       2.227450       2.234610       2.241690       2.248690       2.255620       2.262460       2.269230       2.275920       2.282530    
   2.054420       2.078200       2.094500       2.101450       2.106520       2.114590       2.122640       2.130660       2.138640       2.146590       2.154500       2.162360       2.170170       2.177920       2.185620       2.193260       2.200840       2.208350       2.215790       2.223160       2.230450       2.237670       2.244810       2.251880       2.258860       2.265770       2.272590       2.279340       2.286000       2.292580    
   2.078200       2.095800       2.103980       2.106520       2.115290       2.124760       2.132820       2.140850       2.148850       2.156810       2.164730       2.172590       2.180410       2.188170       2.195880       2.203520       2.211090       2.218600       2.226040       2.233400       2.240680       2.247890       2.255020       2.262070       2.269040       2.275920       2.282730       2.289450       2.296080       2.302640    
   2.096440       2.105250       2.106520       2.115520       2.124760       2.133530       2.143000       2.151050       2.159060       2.167030       2.174960       2.182840       2.190660       2.198430       2.206140       2.213780       2.221360       2.228860       2.236290       2.243650       2.250920       2.258120       2.265240       2.272270       2.279220       2.286080       2.292860       2.299560       2.306170       2.312690    
   2.105890       2.106520       2.115600       2.124760       2.133760       2.143000       2.147030       2.151040       2.163600       2.177260       2.185200       2.193080       2.200920       2.208690       2.216400       2.224050       2.231620       2.239120       2.246550       2.253900       2.261170       2.268350       2.275450       2.282470       2.289400       2.296240       2.303000       2.309670       2.316250       2.322740    
   2.106520       2.115630       2.124760       2.133840       2.143000       2.145010       2.147020       2.159730       2.177260       2.181230       2.194490       2.203330       2.211170       2.218950       2.226670       2.234310       2.241890       2.249390       2.256810       2.264150       2.271410       2.278580       2.285670       2.292670       2.299580       2.306400       2.313130       2.319770       2.326330       2.332790    
   2.115640       2.124760       2.133870       2.143000       2.144010       2.145010       2.157260       2.177260       2.179240       2.195000       2.208450       2.213570       2.221420       2.229210       2.236930       2.244580       2.252150       2.259650       2.267070       2.274400       2.281650       2.288810       2.295880       2.302860       2.309750       2.316550       2.323260       2.329870       2.336400       2.342830    
   2.124760       2.133880       2.143000       2.143500       2.144010       2.155880       2.177260       2.178250       2.195220       2.211010       2.213570       2.217490       2.225910       2.239460       2.247180       2.254830       2.262410       2.269900       2.277320       2.284640       2.291880       2.299030       2.306090       2.313050       2.319920       2.326700       2.333380       2.339960       2.346450       2.352860    
   2.133880       2.143000       2.143250       2.143500       2.155160       2.177260       2.177760       2.195320       2.212290       2.213570       2.215530       2.224110       2.239460       2.243320       2.247160       2.254810       2.262380       2.269880       2.286370       2.294880       2.302110       2.309240       2.316280       2.323230       2.330080       2.336830       2.343480       2.350040       2.356500       2.362870    
   2.143000       2.143130       2.143250       2.154790       2.177260       2.177510       2.195370       2.212930       2.213570       2.214550       2.223170       2.239460       2.241390       2.243310       2.248430       2.254780       2.262350       2.284740       2.299990       2.305100       2.312320       2.319440       2.326470       2.333390       2.340220       2.346950       2.353570       2.360100       2.366530       2.372860    
   2.143060       2.143130       2.154610       2.177260       2.177380       2.195390       2.213250       2.213570       2.214060       2.222690       2.239460       2.240430       2.241390       2.244380       2.248840       2.255190       2.281900       2.302550       2.305100       2.313310       2.322520       2.329630       2.336640       2.343540       2.350350       2.357050       2.363650       2.370140       2.376540       2.382840    
   2.143060       2.154510       2.177260       2.177320       2.195400       2.213410       2.213570       2.213820       2.222440       2.239460       2.239940       2.240420       2.242060       2.244870       2.249470       2.285060       2.303820       2.305100       2.324750       2.332680       2.336950       2.339790       2.346790       2.353670       2.360450       2.367130       2.373700       2.380170       2.386530       2.392790    
   2.154470       2.177260       2.177290       2.195410       2.213490       2.213570       2.213690       2.222320       2.239460       2.239700       2.239940       2.240810       2.242450       2.278790       2.309500       2.335540       2.335550       2.339610       2.344520       2.347910       2.342850       2.349940       2.356910       2.363780       2.370540       2.377190       2.383730       2.390160       2.396490       2.402710    
   2.177260       2.177280       2.195410       2.213530       2.213570       2.213630       2.222260       2.239460       2.239580       2.239700       2.240150       2.241070       2.304110       2.379090       2.378780       2.363300       2.367250       2.366000       2.357670       2.352970       2.352980       2.360050       2.367010       2.373860       2.380600       2.387220       2.393730       2.400130       2.406420       2.412600    
   2.177270       2.195410       2.213550       2.213570       2.213600       2.222230       2.239460       2.239520       2.239580       2.239810       2.304640       2.401130       2.386690       2.379400       2.379400       2.378780       2.371600       2.368510       2.366000       2.363810       2.363090       2.370140       2.377090       2.383910       2.390620       2.397220       2.403700       2.410060       2.416320       2.422460    
   2.195410       2.213560       2.213570       2.213590       2.222220       2.239460       2.239490       2.239520       2.239640       2.317260       2.401130       2.401130       2.401130       2.387160       2.380020       2.380020       2.378780       2.373130       2.371020       2.366000       2.373160       2.380200       2.387120       2.393930       2.400610       2.407180       2.413630       2.419960       2.426170       2.432280    
   2.213570       2.213570       2.213580       2.222210       2.239460       2.239480       2.239490       2.290120       2.342360       2.401160       2.401130       2.401130       2.401130       2.401130       2.388070       2.381270       2.381270       2.378780       2.376710       2.376040       2.383190       2.390220       2.397130       2.403910       2.410570       2.417110       2.423520       2.429820       2.435990       2.442060    
   2.213570       2.213570       2.222200       2.239460       2.239470       2.321100       2.443520       2.442680       2.441830       2.414770       2.401210       2.401130       2.401130       2.401130       2.401130       2.389840       2.383750       2.383760       2.378780       2.386040       2.393180       2.400200       2.407090       2.413850       2.420480       2.426990       2.433370       2.439630       2.445760       2.451790    
   2.213570       2.222200       2.239460       2.239460       2.337430       2.443540       2.443540       2.443520       2.442680       2.441830       2.414910       2.401370       2.401130       2.401130       2.401130       2.401130       2.393220       2.388720       2.388740       2.396000       2.403130       2.410130       2.417010       2.423740       2.430350       2.436820       2.443170       2.449390       2.455490       2.461460    
