iMOD/TUTORIALS/TUT_MetaswapAnalyser/model_MetaSWAP/meteo/Evaporation/Evaporation_20051002_L1.ASC
NCOLS                30
NROWS                30
XLLCORNER     160000.00
YLLCORNER     340000.00
CELLSIZE        1000.00
NODATA_VALUE   -9999.00
   1.491080       1.488710       1.486350       1.483990       1.481630       1.479280       1.476940       1.474620       1.472310       1.470020       1.467750       1.465500       1.463280       1.461080       1.458900       1.456760       1.454650       1.452570       1.450520       1.448500       1.446520       1.444580       1.442670       1.440800       1.438960       1.437160       1.435400       1.433680       1.431990       1.430340    
   1.489490       1.487140       1.484790       1.482440       1.480100       1.477760       1.475440       1.473120       1.470830       1.468550       1.466280       1.464050       1.461830       1.459640       1.457480       1.455340       1.453230       1.451160       1.449120       1.447110       1.445130       1.443190       1.441280       1.439410       1.437580       1.435780       1.434020       1.432300       1.430610       1.428960    
   1.487890       1.485550       1.483210       1.480880       1.478540       1.476220       1.473910       1.471610       1.469320       1.467050       1.464800       1.462570       1.460370       1.458190       1.456030       1.453900       1.451800       1.449730       1.447700       1.445690       1.443720       1.441780       1.439880       1.438010       1.436180       1.434390       1.432630       1.430910       1.429220       1.427570    
   1.486260       1.483940       1.481620       1.479290       1.476980       1.474670       1.472370       1.470080       1.467800       1.465540       1.463300       1.461090       1.458890       1.456720       1.454570       1.452450       1.450360       1.448290       1.446260       1.444260       1.442300       1.440360       1.438470       1.436600       1.434770       1.432980       1.431220       1.429500       1.427820       1.426170    
   1.484620       1.482310       1.480000       1.477700       1.475390       1.473090       1.470810       1.468530       1.466270       1.464020       1.461790       1.459580       1.457390       1.455230       1.453090       1.450980       1.448890       1.446840       1.444810       1.442820       1.440860       1.438930       1.437040       1.435180       1.433350       1.431560       1.429810       1.428090       1.426400       1.424760    
   1.482970       1.480670       1.478380       1.476080       1.473790       1.471510       1.469230       1.466960       1.464710       1.462480       1.460260       1.458060       1.455880       1.453730       1.451600       1.449490       1.447420       1.445370       1.443350       1.441360       1.439410       1.437480       1.435600       1.433740       1.431920       1.430130       1.428380       1.426660       1.424980       1.423330    
   1.481300       1.479020       1.476730       1.474450       1.472170       1.469900       1.467640       1.465380       1.463140       1.460920       1.458710       1.456520       1.454360       1.452210       1.450090       1.447990       1.445920       1.443880       1.441870       1.439890       1.437940       1.436020       1.434140       1.432290       1.430470       1.428690       1.426940       1.425230       1.423550       1.421900    
   1.479610       1.477340       1.475070       1.472810       1.470540       1.468280       1.466030       1.463790       1.461560       1.459350       1.457150       1.454970       1.452810       1.450680       1.448560       1.446480       1.444420       1.442380       1.440380       1.438400       1.436460       1.434550       1.432670       1.430820       1.429010       1.427230       1.425490       1.423780       1.422100       1.420460    
   1.477910       1.475660       1.473400       1.471150       1.468900       1.466650       1.464410       1.462180       1.459960       1.457760       1.455570       1.453410       1.451260       1.449130       1.447030       1.444950       1.442890       1.440870       1.438870       1.436900       1.434970       1.433060       1.431190       1.429350       1.427540       1.425770       1.424030       1.422320       1.420650       1.419010    
   1.476200       1.473960       1.471720       1.469470       1.467240       1.465000       1.462770       1.460560       1.458350       1.456160       1.453980       1.451820       1.449690       1.447570       1.445470       1.443400       1.441360       1.439340       1.437350       1.435390       1.433460       1.431560       1.429700       1.427860       1.426060       1.424290       1.422550       1.420850       1.419180       1.417550    
   1.476200       1.473960       1.470740       1.467790       1.465560       1.463340       1.461120       1.458920       1.456720       1.454540       1.452380       1.450230       1.448100       1.445990       1.443910       1.441850       1.439810       1.437800       1.435820       1.433870       1.431940       1.430050       1.428190       1.426360       1.424560       1.422800       1.421070       1.419370       1.417710       1.416080    
   1.476200       1.472170       1.467790       1.464850       1.463880       1.461670       1.459460       1.457270       1.455090       1.452920       1.450760       1.448620       1.446500       1.444410       1.442330       1.440280       1.438250       1.436250       1.434270       1.432330       1.430410       1.428530       1.426670       1.424850       1.423060       1.421300       1.419580       1.417880       1.416220       1.414600    
   1.473650       1.467790       1.464460       1.463030       1.462180       1.459980       1.457790       1.455610       1.453440       1.451280       1.449130       1.447000       1.444890       1.442810       1.440740       1.438700       1.436680       1.434680       1.432720       1.430780       1.428870       1.426990       1.425140       1.423330       1.421540       1.419790       1.418070       1.416380       1.414730       1.413110    
   1.467790       1.464260       1.462600       1.462180       1.460150       1.458290       1.456100       1.453930       1.451770       1.449620       1.447490       1.445370       1.443270       1.441190       1.439140       1.437100       1.435090       1.433110       1.431150       1.429220       1.427320       1.425450       1.423600       1.421800       1.420020       1.418270       1.416560       1.414880       1.413230       1.411610    
   1.464160       1.462390       1.462180       1.460210       1.458290       1.456270       1.454410       1.452250       1.450100       1.447960       1.445840       1.443730       1.441640       1.439570       1.437520       1.435500       1.433490       1.431520       1.429570       1.427650       1.425750       1.423890       1.422060       1.420250       1.418480       1.416740       1.415040       1.413360       1.411720       1.410110    
   1.462290       1.462180       1.460230       1.458290       1.456320       1.454410       1.453330       1.452250       1.449150       1.446290       1.444170       1.442080       1.440000       1.437940       1.435900       1.433880       1.431890       1.429920       1.427980       1.426060       1.424180       1.422320       1.420500       1.418700       1.416940       1.415200       1.413500       1.411840       1.410200       1.408600    
   1.462180       1.460230       1.458290       1.456340       1.454410       1.453870       1.453330       1.450260       1.446290       1.445230       1.442340       1.440410       1.438340       1.436290       1.434260       1.432250       1.430270       1.428310       1.426380       1.424470       1.422590       1.420750       1.418930       1.417140       1.415380       1.413660       1.411970       1.410300       1.408680       1.407080    
   1.460230       1.458290       1.456350       1.454410       1.454140       1.453870       1.450940       1.446290       1.445760       1.442430       1.439570       1.438740       1.436680       1.434640       1.432620       1.430620       1.428640       1.426690       1.424770       1.422870       1.421000       1.419160       1.417350       1.415570       1.413820       1.412100       1.410420       1.408760       1.407140       1.405550    
   1.458290       1.456350       1.454410       1.454270       1.454140       1.451310       1.446290       1.446030       1.442480       1.439160       1.438740       1.437710       1.435760       1.432980       1.430960       1.428970       1.427010       1.425070       1.423150       1.421260       1.419400       1.417570       1.415760       1.413990       1.412250       1.410540       1.408860       1.407220       1.405600       1.404020    
   1.456350       1.454410       1.454340       1.454280       1.451500       1.446290       1.446160       1.442500       1.438950       1.438740       1.438230       1.436300       1.432980       1.431970       1.430970       1.428980       1.427020       1.425080       1.421430       1.419640       1.417790       1.415970       1.414170       1.412410       1.410680       1.408970       1.407300       1.405670       1.404060       1.402480    
   1.454410       1.454380       1.454340       1.451600       1.446290       1.446220       1.442510       1.438840       1.438740       1.438480       1.436560       1.432980       1.432470       1.431970       1.430640       1.428990       1.427020       1.422070       1.418830       1.418020       1.416170       1.414360       1.412570       1.410820       1.409090       1.407400       1.405740       1.404110       1.402510       1.400940    
   1.454390       1.454380       1.451650       1.446290       1.446260       1.442510       1.438790       1.438740       1.438610       1.436690       1.432980       1.432730       1.432480       1.431700       1.430530       1.428880       1.422910       1.418420       1.418020       1.416250       1.414550       1.412740       1.410960       1.409220       1.407500       1.405820       1.404160       1.402540       1.400950       1.399400    
   1.454390       1.451680       1.446290       1.446270       1.442510       1.438770       1.438740       1.438680       1.436760       1.432980       1.432850       1.432730       1.432300       1.431570       1.430370       1.422730       1.418220       1.418020       1.414410       1.412910       1.411840       1.411120       1.409350       1.407610       1.405910       1.404230       1.402590       1.400970       1.399390       1.397840    
   1.451690       1.446290       1.446280       1.442510       1.438750       1.438740       1.438710       1.436790       1.432980       1.432920       1.432850       1.432630       1.432200       1.425220       1.418860       1.413080       1.413080       1.412130       1.411010       1.410460       1.411280       1.409490       1.407730       1.406010       1.404310       1.402640       1.401010       1.399400       1.397830       1.396290    
   1.446290       1.446290       1.442510       1.438750       1.438740       1.438720       1.436800       1.432980       1.432950       1.432920       1.432800       1.432560       1.420630       1.406580       1.406630       1.408770       1.407940       1.408150       1.409070       1.409640       1.409640       1.407860       1.406110       1.404390       1.402700       1.401050       1.399420       1.397830       1.396260       1.394730    
   1.446290       1.442510       1.438740       1.438740       1.438730       1.436810       1.432980       1.432960       1.432950       1.432890       1.421030       1.403440       1.405490       1.406530       1.406530       1.406630       1.407420       1.407730       1.408150       1.408040       1.408000       1.406230       1.404490       1.402780       1.401100       1.399450       1.397830       1.396250       1.394700       1.393170    
   1.442510       1.438740       1.438740       1.438740       1.436820       1.432980       1.432970       1.432960       1.432930       1.418750       1.403440       1.403440       1.403440       1.405410       1.406420       1.406420       1.406630       1.407160       1.407320       1.408150       1.406350       1.404590       1.402860       1.401160       1.399490       1.397850       1.396240       1.394670       1.393130       1.391610    
   1.438740       1.438740       1.438740       1.436820       1.432980       1.432980       1.432970       1.423950       1.414380       1.403440       1.403440       1.403440       1.403440       1.403440       1.405260       1.406210       1.406210       1.406630       1.406530       1.406490       1.404700       1.402950       1.401230       1.399540       1.397880       1.396250       1.394650       1.393090       1.391550       1.390050    
   1.438740       1.438740       1.436820       1.432980       1.432980       1.418630       1.397110       1.397020       1.396930       1.401260       1.403430       1.403440       1.403440       1.403440       1.403440       1.404960       1.405800       1.405800       1.406630       1.404830       1.403050       1.401310       1.399600       1.397910       1.396260       1.394640       1.393060       1.391510       1.389980       1.388490    
   1.438740       1.436820       1.432980       1.432980       1.415760       1.397110       1.397110       1.397110       1.397020       1.396930       1.401230       1.403400       1.403440       1.403440       1.403440       1.403440       1.404380       1.404960       1.404960       1.403170       1.401400       1.399670       1.397960       1.396290       1.394650       1.393040       1.391470       1.389920       1.388410       1.386930    
