iMOD/TUTORIALS/TUT_MetaswapAnalyser/model_MetaSWAP/meteo/Evaporation/Evaporation_20060907_L1.ASC
NCOLS                30
NROWS                30
XLLCORNER     160000.00
YLLCORNER     340000.00
CELLSIZE        1000.00
NODATA_VALUE   -9999.00
   1.481490       1.474350       1.467150       1.459910       1.452610       1.445270       1.437900       1.430490       1.423040       1.415570       1.408070       1.400540       1.393000       1.385440       1.377870       1.370290       1.362700       1.355110       1.347510       1.339910       1.332320       1.324730       1.317140       1.309560       1.302000       1.294440       1.286900       1.279370       1.271860       1.264370    
   1.474620       1.467480       1.460300       1.453060       1.445780       1.438460       1.431100       1.423700       1.416270       1.408820       1.401340       1.393830       1.386310       1.378770       1.371220       1.363660       1.356090       1.348510       1.340940       1.333360       1.325780       1.318210       1.310650       1.303090       1.295540       1.288010       1.280490       1.272980       1.265490       1.258020    
   1.467720       1.460590       1.453410       1.446190       1.438920       1.431610       1.424270       1.416890       1.409480       1.402040       1.394580       1.387090       1.379590       1.372070       1.364530       1.356990       1.349440       1.341890       1.334330       1.326770       1.319220       1.311660       1.304120       1.296580       1.289060       1.281540       1.274040       1.266550       1.259080       1.251630    
   1.460800       1.453680       1.446510       1.439300       1.432040       1.424750       1.417410       1.410050       1.402650       1.395230       1.387790       1.380320       1.372830       1.365330       1.357820       1.350300       1.342760       1.335230       1.327690       1.320150       1.312620       1.305090       1.297560       1.290050       1.282540       1.275040       1.267560       1.260100       1.252650       1.245210    
   1.453860       1.446740       1.439580       1.432380       1.425130       1.417850       1.410530       1.403180       1.395800       1.388400       1.380970       1.373520       1.366050       1.358570       1.351070       1.343570       1.336060       1.328540       1.321030       1.313510       1.305990       1.298480       1.290980       1.283480       1.275990       1.268520       1.261060       1.253610       1.246180       1.238770    
   1.446900       1.439790       1.432640       1.425440       1.418210       1.410940       1.403630       1.396300       1.388930       1.381540       1.374130       1.366690       1.359240       1.351780       1.344300       1.336820       1.329330       1.321830       1.314330       1.306830       1.299340       1.291850       1.284360       1.276880       1.269420       1.261960       1.254520       1.247100       1.239690       1.232300    
   1.439920       1.432820       1.425670       1.418480       1.411260       1.404000       1.396710       1.389390       1.382030       1.374660       1.367260       1.359850       1.352410       1.344970       1.337510       1.330040       1.322570       1.315090       1.307610       1.300130       1.292650       1.285180       1.277720       1.270260       1.262820       1.255380       1.247960       1.240560       1.233170       1.225800    
   1.432930       1.425830       1.418690       1.411510       1.404300       1.397050       1.389770       1.382450       1.375120       1.367760       1.360370       1.352970       1.345560       1.338130       1.330690       1.323240       1.315780       1.308320       1.300860       1.293400       1.285950       1.278500       1.271050       1.263620       1.256190       1.248780       1.241380       1.233990       1.226620       1.219270    
   1.425930       1.418830       1.411690       1.404520       1.397310       1.390070       1.382800       1.375510       1.368180       1.360830       1.353470       1.346080       1.338680       1.331270       1.323840       1.316410       1.308970       1.301530       1.294090       1.286650       1.279220       1.271780       1.264360       1.256940       1.249540       1.242140       1.234770       1.227400       1.220050       1.212720    
   1.418910       1.411810       1.404680       1.397520       1.390320       1.383090       1.375830       1.368540       1.361230       1.353890       1.346540       1.339170       1.331780       1.324390       1.316980       1.309560       1.302140       1.294720       1.287300       1.279880       1.272460       1.265050       1.257640       1.250250       1.242860       1.235490       1.228130       1.220790       1.213460       1.206150    
   1.418890       1.411800       1.401130       1.390500       1.383310       1.376090       1.368830       1.361560       1.354260       1.346940       1.339600       1.332240       1.324870       1.317490       1.310090       1.302700       1.295290       1.287890       1.280490       1.273080       1.265680       1.258290       1.250910       1.243530       1.236170       1.228810       1.221470       1.214150       1.206840       1.199560    
   1.418880       1.405580       1.390500       1.379840       1.376290       1.369070       1.361830       1.354560       1.347270       1.339960       1.332630       1.325290       1.317930       1.310570       1.303190       1.295810       1.288430       1.281040       1.273650       1.266270       1.258890       1.251510       1.244150       1.236790       1.229450       1.222120       1.214800       1.207500       1.200210       1.192940    
   1.410220       1.390500       1.378090       1.372770       1.369250       1.362040       1.354810       1.347550       1.340270       1.332970       1.325660       1.318330       1.310990       1.303630       1.296270       1.288910       1.281540       1.274170       1.266800       1.259430       1.252070       1.244720       1.237370       1.230030       1.222710       1.215400       1.208100       1.200820       1.193550       1.186310    
   1.390500       1.377210       1.371010       1.369250       1.362100       1.355010       1.347780       1.340530       1.333260       1.325970       1.318670       1.311350       1.304020       1.296680       1.289340       1.281990       1.274640       1.267280       1.259930       1.252580       1.245240       1.237900       1.230580       1.223260       1.215950       1.208660       1.201380       1.194120       1.186880       1.179650    
   1.376770       1.370130       1.369250       1.362120       1.355010       1.347840       1.340740       1.333500       1.326240       1.318960       1.311670       1.304360       1.297050       1.289720       1.282390       1.275050       1.267720       1.260380       1.253040       1.245710       1.238390       1.231070       1.223760       1.216460       1.209180       1.201910       1.194650       1.187410       1.180190       1.172980    
   1.369690       1.369250       1.362130       1.355010       1.347860       1.340740       1.337120       1.333490       1.322660       1.311940       1.304660       1.297360       1.290060       1.282750       1.275430       1.268110       1.260790       1.253460       1.246140       1.238830       1.231520       1.224220       1.216930       1.209660       1.202390       1.195140       1.187900       1.180680       1.173480       1.166300    
   1.369250       1.362130       1.355010       1.347870       1.340740       1.338930       1.337120       1.326300       1.311940       1.308300       1.297530       1.290350       1.283060       1.275760       1.268460       1.261150       1.253840       1.246530       1.239230       1.231930       1.224640       1.217360       1.210090       1.202830       1.195590       1.188350       1.181140       1.173940       1.166760       1.159590    
   1.362130       1.355010       1.347870       1.340740       1.339830       1.338930       1.328570       1.311940       1.310120       1.297590       1.286840       1.283340       1.276050       1.268760       1.261470       1.254180       1.246890       1.239590       1.232310       1.225030       1.217750       1.210490       1.203240       1.195990       1.188770       1.181560       1.174360       1.167180       1.160020       1.152880    
   1.355010       1.347870       1.340740       1.340290       1.339830       1.329820       1.311940       1.311030       1.297620       1.285090       1.283340       1.279700       1.272480       1.261760       1.254480       1.247200       1.239920       1.232640       1.225370       1.218110       1.210850       1.203600       1.196370       1.189150       1.181940       1.174740       1.167570       1.160410       1.153270       1.146150    
   1.347870       1.340740       1.340510       1.340290       1.330470       1.311940       1.311480       1.297630       1.284220       1.283340       1.281520       1.274320       1.261760       1.258120       1.254480       1.247200       1.239920       1.232640       1.218310       1.211180       1.203940       1.196710       1.189490       1.182280       1.175100       1.167920       1.160770       1.153630       1.146510       1.139410    
   1.340740       1.340630       1.340510       1.330800       1.311940       1.311710       1.297630       1.283780       1.283340       1.282430       1.275230       1.261760       1.259940       1.258120       1.253270       1.247200       1.239920       1.220560       1.207710       1.204240       1.197010       1.189800       1.182600       1.175410       1.168240       1.161090       1.153960       1.146840       1.139740       1.132660    
   1.340680       1.340630       1.330970       1.311940       1.311830       1.297640       1.283560       1.283340       1.282880       1.275690       1.261760       1.260850       1.259940       1.257110       1.252860       1.246800       1.223580       1.205980       1.204240       1.197110       1.190080       1.182890       1.175700       1.168540       1.161380       1.154250       1.147130       1.140040       1.132960       1.125900    
   1.340680       1.331060       1.311940       1.311880       1.297640       1.283450       1.283340       1.283110       1.275920       1.261760       1.261300       1.260850       1.259300       1.256640       1.252260       1.222340       1.205110       1.204240       1.189310       1.183140       1.178840       1.175970       1.168800       1.161650       1.154520       1.147400       1.140310       1.133230       1.126170       1.119140    
   1.331100       1.311940       1.311910       1.297640       1.283390       1.283340       1.283230       1.276030       1.261760       1.261530       1.261300       1.260480       1.258930       1.230970       1.205880       1.183370       1.183370       1.179560       1.175040       1.172730       1.176200       1.169040       1.161890       1.154760       1.147640       1.140550       1.133470       1.126410       1.119380       1.112360    
   1.311940       1.311930       1.297640       1.283370       1.283340       1.283280       1.276090       1.261760       1.261650       1.261530       1.261110       1.260240       1.212230       1.155480       1.155700       1.165000       1.161630       1.162500       1.166710       1.169260       1.169260       1.162110       1.154980       1.147860       1.140760       1.133690       1.126630       1.119590       1.112580       1.105590    
   1.311930       1.297640       1.283350       1.283340       1.283310       1.276120       1.261760       1.261700       1.261650       1.261430       1.213340       1.141910       1.150780       1.155260       1.155260       1.155700       1.159290       1.160760       1.162500       1.162360       1.162310       1.155180       1.148060       1.140960       1.133880       1.126820       1.119790       1.112770       1.105780       1.098800    
   1.297640       1.283350       1.283340       1.283330       1.276130       1.261760       1.261730       1.261700       1.261590       1.204050       1.141910       1.141910       1.141910       1.150450       1.154830       1.154830       1.155700       1.158200       1.159010       1.162500       1.155360       1.148240       1.141140       1.134060       1.127000       1.119960       1.112940       1.105940       1.098970       1.092020    
   1.283340       1.283340       1.283330       1.276140       1.261760       1.261750       1.261730       1.224840       1.186040       1.141890       1.141910       1.141910       1.141910       1.141910       1.149810       1.153960       1.153960       1.155700       1.155580       1.155530       1.148410       1.141300       1.134220       1.127160       1.120110       1.113090       1.106090       1.099120       1.092160       1.085230    
   1.283340       1.283340       1.276140       1.261760       1.261750       1.202860       1.114540       1.114430       1.114320       1.132660       1.141850       1.141910       1.141910       1.141910       1.141910       1.148560       1.152220       1.152220       1.155700       1.148570       1.141460       1.134370       1.127300       1.120250       1.113230       1.106220       1.099250       1.092290       1.085360       1.078450    
   1.283340       1.276140       1.261760       1.261760       1.191080       1.114530       1.114530       1.114540       1.114430       1.114320       1.132560       1.141740       1.141910       1.141910       1.141910       1.141910       1.146160       1.148730       1.148730       1.141610       1.134510       1.127440       1.120380       1.113350       1.106340       1.099360       1.092400       1.085460       1.078550       1.071670    
