iMOD/TUTORIALS/TUT_MetaswapAnalyser/model_MetaSWAP/meteo/Evaporation/Evaporation_20050204_L1.ASC
NCOLS                30
NROWS                30
XLLCORNER     160000.00
YLLCORNER     340000.00
CELLSIZE        1000.00
NODATA_VALUE   -9999.00
  0.3009700      0.3005700      0.3002600      0.3000200      0.2998600      0.2997700      0.2997500      0.2997800      0.2998800      0.3000300      0.3002200      0.3004700      0.3007600      0.3010900      0.3014600      0.3018600      0.3022900      0.3027600      0.3032400      0.3037500      0.3042900      0.3048400      0.3054100      0.3059900      0.3065800      0.3071900      0.3078000      0.3084200      0.3090500      0.3096800    
  0.3011000      0.3006900      0.3003700      0.3001300      0.2999600      0.2998500      0.2998100      0.2998400      0.2999200      0.3000500      0.3002400      0.3004700      0.3007500      0.3010600      0.3014200      0.3018100      0.3022200      0.3026700      0.3031500      0.3036500      0.3041700      0.3047000      0.3052600      0.3058300      0.3064100      0.3070100      0.3076100      0.3082200      0.3088400      0.3094600    
  0.3012800      0.3008700      0.3005400      0.3002900      0.3001100      0.2999900      0.2999400      0.2999500      0.3000200      0.3001400      0.3003100      0.3005300      0.3007900      0.3010900      0.3014300      0.3018100      0.3022100      0.3026500      0.3031100      0.3036000      0.3041000      0.3046300      0.3051700      0.3057300      0.3063000      0.3068800      0.3074700      0.3080700      0.3086700      0.3092800    
  0.3015200      0.3011100      0.3007700      0.3005100      0.3003100      0.3001900      0.3001300      0.3001200      0.3001800      0.3002900      0.3004400      0.3006500      0.3009000      0.3011800      0.3015100      0.3018700      0.3022600      0.3026800      0.3031300      0.3036000      0.3040900      0.3046000      0.3051300      0.3056800      0.3062300      0.3068000      0.3073800      0.3079600      0.3085600      0.3091500    
  0.3018200      0.3014000      0.3010500      0.3007800      0.3005800      0.3004400      0.3003700      0.3003500      0.3003900      0.3004900      0.3006300      0.3008200      0.3010500      0.3013300      0.3016400      0.3019900      0.3023600      0.3027700      0.3032000      0.3036600      0.3041400      0.3046300      0.3051500      0.3056800      0.3062200      0.3067800      0.3073400      0.3079100      0.3084900      0.3090700    
  0.3021600      0.3017400      0.3013900      0.3011100      0.3008900      0.3007500      0.3006600      0.3006300      0.3006600      0.3007400      0.3008700      0.3010500      0.3012700      0.3015300      0.3018200      0.3021600      0.3025200      0.3029100      0.3033300      0.3037700      0.3042300      0.3047200      0.3052200      0.3057300      0.3062600      0.3068000      0.3073500      0.3079100      0.3084700      0.3090400    
  0.3025600      0.3021300      0.3017700      0.3014800      0.3012600      0.3011000      0.3010000      0.3009700      0.3009800      0.3010500      0.3011700      0.3013300      0.3015300      0.3017800      0.3020600      0.3023800      0.3027200      0.3031000      0.3035000      0.3039300      0.3043800      0.3048500      0.3053300      0.3058300      0.3063500      0.3068700      0.3074100      0.3079500      0.3085000      0.3090600    
  0.3030000      0.3025600      0.3022000      0.3019000      0.3016700      0.3015100      0.3014000      0.3013500      0.3013500      0.3014100      0.3015100      0.3016600      0.3018500      0.3020800      0.3023500      0.3026500      0.3029800      0.3033400      0.3037300      0.3041400      0.3045800      0.3050300      0.3055000      0.3059900      0.3064800      0.3070000      0.3075200      0.3080400      0.3085800      0.3091200    
  0.3034800      0.3030400      0.3026700      0.3023700      0.3021300      0.3019600      0.3018400      0.3017800      0.3017700      0.3018100      0.3019000      0.3020400      0.3022100      0.3024300      0.3026800      0.3029700      0.3032900      0.3036300      0.3040100      0.3044000      0.3048200      0.3052600      0.3057100      0.3061800      0.3066700      0.3071600      0.3076700      0.3081800      0.3087000      0.3092300    
  0.3040100      0.3035700      0.3031900      0.3028800      0.3026400      0.3024500      0.3023200      0.3022500      0.3022300      0.3022600      0.3023400      0.3024600      0.3026300      0.3028300      0.3030700      0.3033400      0.3036400      0.3039700      0.3043300      0.3047100      0.3051100      0.3055300      0.3059700      0.3064300      0.3069000      0.3073700      0.3078600      0.3083600      0.3088700      0.3093800    
  0.3040330      0.3035900      0.3032700      0.3034400      0.3031800      0.3029900      0.3028500      0.3027700      0.3027400      0.3027600      0.3028200      0.3029300      0.3030800      0.3032700      0.3034900      0.3037500      0.3040400      0.3043500      0.3047000      0.3050600      0.3054500      0.3058500      0.3062800      0.3067200      0.3071700      0.3076300      0.3081000      0.3085900      0.3090700      0.3095700    
  0.3040570      0.3035830      0.3034400      0.3036970      0.3037700      0.3035700      0.3034200      0.3033300      0.3032900      0.3032900      0.3033500      0.3034400      0.3035800      0.3037500      0.3039600      0.3042100      0.3044800      0.3047800      0.3051100      0.3054600      0.3058300      0.3062200      0.3066200      0.3070500      0.3074800      0.3079300      0.3083900      0.3088500      0.3093200      0.3098000    
  0.3039130      0.3034400      0.3039060      0.3040850      0.3044000      0.3041900      0.3040300      0.3039300      0.3038800      0.3038700      0.3039100      0.3040000      0.3041200      0.3042800      0.3044800      0.3047000      0.3049600      0.3052500      0.3055600      0.3058900      0.3062500      0.3066200      0.3070100      0.3074200      0.3078400      0.3082700      0.3087100      0.3091600      0.3096100      0.3100700    
  0.3034400      0.3039970      0.3042420      0.3044000      0.3044770      0.3048400      0.3046800      0.3045700      0.3045000      0.3044900      0.3045200      0.3045900      0.3047000      0.3048500      0.3050300      0.3052400      0.3054900      0.3057600      0.3060500      0.3063700      0.3067100      0.3070700      0.3074400      0.3078300      0.3082300      0.3086500      0.3090700      0.3095000      0.3099400      0.3103900    
  0.3040400      0.3043210      0.3044000      0.3045720      0.3048400      0.3049600      0.3053600      0.3052400      0.3051700      0.3051400      0.3051600      0.3052200      0.3053200      0.3054500      0.3056200      0.3058200      0.3060500      0.3063100      0.3065900      0.3068900      0.3072100      0.3075500      0.3079100      0.3082800      0.3086700      0.3090700      0.3094700      0.3098900      0.3103100      0.3107400    
  0.3043610      0.3044000      0.3046040      0.3048400      0.3050530      0.3053600      0.3053000      0.3052570      0.3053450      0.3058300      0.3058400      0.3058900      0.3059700      0.3061000      0.3062500      0.3064400      0.3066500      0.3068900      0.3071600      0.3074400      0.3077500      0.3080800      0.3084200      0.3087700      0.3091400      0.3095200      0.3099100      0.3103100      0.3107100      0.3111200    
  0.3044000      0.3046150      0.3048400      0.3050840      0.3053600      0.3053300      0.3053060      0.3054330      0.3058300      0.3058350      0.3062940      0.3065900      0.3066600      0.3067700      0.3069100      0.3070900      0.3072900      0.3075100      0.3077600      0.3080400      0.3083300      0.3086400      0.3089600      0.3093000      0.3096500      0.3100100      0.3103800      0.3107600      0.3111500      0.3115400    
  0.3046180      0.3048400      0.3050950      0.3053600      0.3053450      0.3053320      0.3054750      0.3058300      0.3058330      0.3064470      0.3069550      0.3073200      0.3073900      0.3074800      0.3076100      0.3077700      0.3079600      0.3081700      0.3084000      0.3086600      0.3089400      0.3092300      0.3095400      0.3098600      0.3101900      0.3105400      0.3108900      0.3112500      0.3116200      0.3120000    
  0.3048400      0.3050980      0.3053600      0.3053530      0.3053460      0.3054950      0.3058300      0.3058310      0.3065130      0.3071370      0.3073200      0.3073550      0.3076050      0.3082300      0.3083400      0.3084900      0.3086600      0.3088600      0.3090800      0.3093200      0.3095800      0.3098600      0.3101500      0.3104500      0.3107700      0.3111000      0.3114300      0.3117800      0.3121300      0.3124800    
  0.3050990      0.3053600      0.3053560      0.3053530      0.3055060      0.3058300      0.3058310      0.3065450      0.3072290      0.3073200      0.3073370      0.3076270      0.3082300      0.3082850      0.3083530      0.3084970      0.3086700      0.3088670      0.3096020      0.3100100      0.3102600      0.3105200      0.3107900      0.3110800      0.3113800      0.3116900      0.3120100      0.3123300      0.3126700      0.3130000    
  0.3053600      0.3053580      0.3053560      0.3055110      0.3058300      0.3058300      0.3065600      0.3072740      0.3073200      0.3073290      0.3076290      0.3082300      0.3082580      0.3082890      0.3083780      0.3085070      0.3086780      0.3096510      0.3103750      0.3107400      0.3109600      0.3112100      0.3114700      0.3117400      0.3120200      0.3123100      0.3126100      0.3129200      0.3132300      0.3135500    
  0.3053590      0.3053580      0.3055140      0.3058300      0.3058300      0.3065670      0.3072970      0.3073200      0.3073240      0.3076270      0.3082300      0.3082440      0.3082590      0.3083080      0.3083910      0.3085210      0.3096270      0.3105570      0.3107400      0.3111330      0.3117000      0.3119300      0.3121700      0.3124300      0.3126900      0.3129700      0.3132500      0.3135400      0.3138300      0.3141300    
  0.3053590      0.3055150      0.3058300      0.3058300      0.3065710      0.3073090      0.3073200      0.3073220      0.3076250      0.3082300      0.3082370      0.3082440      0.3082700      0.3083200      0.3084070      0.3100760      0.3106490      0.3107400      0.3120050      0.3124800      0.3126040      0.3126800      0.3129000      0.3131400      0.3133900      0.3136500      0.3139100      0.3141800      0.3144600      0.3147400    
  0.3055160      0.3058300      0.3058300      0.3065730      0.3073140      0.3073200      0.3073210      0.3076240      0.3082300      0.3082330      0.3082370      0.3082510      0.3082780      0.3105870      0.3121670      0.3131970      0.3131900      0.3132830      0.3134080      0.3136650      0.3132600      0.3134500      0.3136600      0.3138800      0.3141100      0.3143500      0.3146000      0.3148500      0.3151100      0.3153700    
  0.3058300      0.3058300      0.3065740      0.3073170      0.3073200      0.3073210      0.3076240      0.3082300      0.3082320      0.3082330      0.3082400      0.3082550      0.3123810      0.3173800      0.3173500      0.3156550      0.3157530      0.3156400      0.3146210      0.3140800      0.3140700      0.3142500      0.3144500      0.3146500      0.3148700      0.3150900      0.3153100      0.3155500      0.3157900      0.3160300    
  0.3058300      0.3065750      0.3073190      0.3073200      0.3073200      0.3076240      0.3082300      0.3082310      0.3082320      0.3082350      0.3130260      0.3202000      0.3183440      0.3174090      0.3174090      0.3173500      0.3163280      0.3158650      0.3156400      0.3151000      0.3149100      0.3150800      0.3152600      0.3154400      0.3156400      0.3158400      0.3160500      0.3162700      0.3164900      0.3167100    
  0.3065750      0.3073190      0.3073200      0.3073200      0.3076230      0.3082300      0.3082300      0.3082310      0.3082330      0.3139790      0.3202000      0.3202000      0.3202000      0.3183880      0.3174690      0.3174690      0.3173500      0.3164560      0.3160900      0.3156400      0.3157800      0.3159300      0.3160900      0.3162600      0.3164400      0.3166200      0.3168100      0.3170100      0.3172100      0.3174100    
  0.3073200      0.3073200      0.3073200      0.3076230      0.3082300      0.3082300      0.3082300      0.3125030      0.3163130      0.3202030      0.3202000      0.3202000      0.3202000      0.3202000      0.3184750      0.3175880      0.3175870      0.3173500      0.3167450      0.3165400      0.3166600      0.3168000      0.3169400      0.3171000      0.3172600      0.3174300      0.3176000      0.3177700      0.3179500      0.3181400    
  0.3073200      0.3073200      0.3076230      0.3082300      0.3082300      0.3154990      0.3264000      0.3258600      0.3253200      0.3219140      0.3202080      0.3202000      0.3202000      0.3202000      0.3202000      0.3186430      0.3178270      0.3178250      0.3173500      0.3174500      0.3175600      0.3176900      0.3178200      0.3179500      0.3181000      0.3182500      0.3184000      0.3185600      0.3187200      0.3188800    
  0.3073200      0.3076230      0.3082300      0.3082300      0.3169530      0.3264020      0.3264020      0.3264000      0.3258600      0.3253200      0.3219290      0.3202250      0.3202000      0.3202000      0.3202000      0.3202000      0.3189590      0.3183070      0.3183000      0.3183900      0.3184900      0.3185900      0.3187100      0.3188300      0.3189600      0.3190900      0.3192200      0.3193600      0.3195000      0.3196500    
