iMOD/TUTORIALS/TUT_MetaswapAnalyser/model_MetaSWAP/meteo/Evaporation/Evaporation_20050926_L1.ASC
NCOLS                30
NROWS                30
XLLCORNER     160000.00
YLLCORNER     340000.00
CELLSIZE        1000.00
NODATA_VALUE   -9999.00
   1.663910       1.662370       1.660710       1.658940       1.657050       1.655050       1.652930       1.650710       1.648380       1.645950       1.643410       1.640780       1.638050       1.635220       1.632300       1.629290       1.626190       1.623000       1.619730       1.616380       1.612940       1.609430       1.605840       1.602170       1.598440       1.594630       1.590750       1.586810       1.582800       1.578730    
   1.662780       1.661210       1.659510       1.657710       1.655790       1.653760       1.651620       1.649370       1.647020       1.644560       1.642010       1.639360       1.636610       1.633770       1.630840       1.627820       1.624710       1.621520       1.618240       1.614880       1.611450       1.607930       1.604340       1.600680       1.596950       1.593150       1.589280       1.585350       1.581350       1.577300    
   1.661570       1.659960       1.658230       1.656390       1.654440       1.652380       1.650220       1.647950       1.645570       1.643100       1.640530       1.637860       1.635100       1.632240       1.629300       1.626270       1.623150       1.619950       1.616670       1.613310       1.609870       1.606360       1.602780       1.599120       1.595390       1.591600       1.587740       1.583820       1.579840       1.575790    
   1.660290       1.658640       1.656870       1.655000       1.653020       1.650930       1.648740       1.646450       1.644050       1.641560       1.638970       1.636280       1.633510       1.630640       1.627680       1.624640       1.621520       1.618320       1.615030       1.611670       1.608230       1.604720       1.601140       1.597480       1.593760       1.589980       1.586130       1.582220       1.578250       1.574220    
   1.658930       1.657240       1.655440       1.653530       1.651520       1.649410       1.647190       1.644870       1.642450       1.639940       1.637330       1.634630       1.631840       1.628960       1.626000       1.622950       1.619820       1.616610       1.613320       1.609950       1.606520       1.603010       1.599430       1.595780       1.592070       1.588290       1.584450       1.580550       1.576600       1.572580    
   1.657500       1.655770       1.653940       1.652000       1.649950       1.647810       1.645570       1.643220       1.640780       1.638250       1.635620       1.632910       1.630100       1.627210       1.624240       1.621180       1.618040       1.614830       1.611540       1.608170       1.604730       1.601230       1.597650       1.594010       1.590300       1.586540       1.582710       1.578820       1.574880       1.570880    
   1.656010       1.654240       1.652370       1.650390       1.648320       1.646150       1.643880       1.641510       1.639050       1.636500       1.633850       1.631120       1.628300       1.625400       1.622410       1.619350       1.616200       1.612980       1.609690       1.606320       1.602890       1.599380       1.595810       1.592180       1.588480       1.584720       1.580900       1.577030       1.573100       1.569120    
   1.654450       1.652640       1.650730       1.648730       1.646620       1.644420       1.642120       1.639730       1.637250       1.634680       1.632010       1.629270       1.626430       1.623520       1.620520       1.617450       1.614300       1.611070       1.607780       1.604410       1.600980       1.597470       1.593910       1.590280       1.586590       1.582840       1.579040       1.575180       1.571260       1.567300    
   1.652830       1.650980       1.649040       1.647000       1.644860       1.642630       1.640310       1.637890       1.635390       1.632790       1.630110       1.627350       1.624500       1.621580       1.618570       1.615490       1.612330       1.609110       1.605810       1.602440       1.599010       1.595510       1.591950       1.588330       1.584650       1.580910       1.577120       1.573270       1.569370       1.565420    
   1.651160       1.649270       1.647290       1.645210       1.643050       1.640790       1.638440       1.636000       1.633470       1.630850       1.628160       1.625380       1.622520       1.619580       1.616560       1.613470       1.610310       1.607080       1.603780       1.600410       1.596980       1.593480       1.589930       1.586320       1.582640       1.578920       1.575140       1.571300       1.567420       1.563490    
   1.651130       1.649240       1.646290       1.643370       1.641170       1.638890       1.636510       1.634040       1.631490       1.628860       1.626140       1.623350       1.620470       1.617520       1.614500       1.611400       1.608230       1.605000       1.601690       1.598330       1.594900       1.591410       1.587860       1.584250       1.580590       1.576870       1.573100       1.569290       1.565420       1.561500    
   1.651100       1.647510       1.643370       1.640270       1.639250       1.636930       1.634530       1.632040       1.629470       1.626810       1.624080       1.621270       1.618380       1.615420       1.612380       1.609280       1.606100       1.602860       1.599560       1.596190       1.592760       1.589280       1.585730       1.582130       1.578480       1.574780       1.571020       1.567220       1.563360       1.559470    
   1.648710       1.643370       1.639800       1.638270       1.637280       1.634930       1.632500       1.629990       1.627390       1.624720       1.621970       1.619140       1.616230       1.613260       1.610210       1.607100       1.603920       1.600680       1.597370       1.594000       1.590580       1.587090       1.583560       1.579970       1.576320       1.572630       1.568890       1.565100       1.561260       1.557380    
   1.643370       1.639550       1.637770       1.637280       1.635030       1.632890       1.630430       1.627890       1.625270       1.622580       1.619800       1.616960       1.614040       1.611050       1.608000       1.604880       1.601690       1.598440       1.595140       1.591770       1.588350       1.584870       1.581340       1.577750       1.574120       1.570440       1.566710       1.562930       1.559120       1.555250    
   1.639430       1.637530       1.637280       1.635070       1.632890       1.630540       1.628310       1.625750       1.623110       1.620390       1.617600       1.614740       1.611810       1.608810       1.605740       1.602610       1.599420       1.596170       1.592860       1.589490       1.586070       1.582590       1.579070       1.575490       1.571870       1.568200       1.564490       1.560730       1.556930       1.553080    
   1.637400       1.637280       1.635080       1.632890       1.630580       1.628310       1.627030       1.625720       1.621850       1.618160       1.615350       1.612470       1.609530       1.606520       1.603440       1.600300       1.597100       1.593850       1.590530       1.587170       1.583750       1.580280       1.576760       1.573190       1.569580       1.565920       1.562220       1.558480       1.554690       1.550870    
   1.637280       1.635080       1.632890       1.630590       1.628310       1.627670       1.627020       1.623190       1.618160       1.616760       1.612800       1.610170       1.607210       1.604180       1.601100       1.597950       1.594750       1.591490       1.588170       1.584800       1.581390       1.577920       1.574410       1.570850       1.567250       1.563600       1.559920       1.556190       1.552420       1.548620    
   1.635080       1.632890       1.630600       1.628310       1.627990       1.627670       1.624010       1.618160       1.617460       1.612910       1.609000       1.607830       1.604860       1.601820       1.598720       1.595560       1.592350       1.589090       1.585770       1.582400       1.578990       1.575530       1.572020       1.568470       1.564880       1.561250       1.557570       1.553860       1.550110       1.546330    
   1.632890       1.630600       1.628310       1.628150       1.627990       1.624460       1.618160       1.617810       1.612950       1.608420       1.607830       1.606340       1.603480       1.599420       1.596310       1.593140       1.589920       1.586660       1.583340       1.579970       1.576560       1.573100       1.569600       1.566060       1.562480       1.558850       1.555200       1.551500       1.547770       1.544000    
   1.630600       1.628310       1.628230       1.628150       1.624690       1.618160       1.617980       1.612980       1.608120       1.607830       1.607090       1.604270       1.599420       1.597860       1.596290       1.593120       1.589910       1.586640       1.580490       1.577500       1.574090       1.570640       1.567140       1.563610       1.560040       1.556430       1.552790       1.549110       1.545390       1.541650    
   1.628310       1.628270       1.628230       1.624810       1.618160       1.618070       1.612990       1.607980       1.607830       1.607460       1.604650       1.599420       1.598640       1.597860       1.595760       1.593110       1.589890       1.581660       1.576250       1.575000       1.571590       1.568140       1.564660       1.561130       1.557570       1.553970       1.550340       1.546680       1.542990       1.539260    
   1.628290       1.628270       1.624870       1.618160       1.618120       1.612990       1.607900       1.607830       1.607640       1.604840       1.599420       1.599030       1.598640       1.597420       1.595570       1.592920       1.583060       1.575630       1.575000       1.571890       1.569070       1.565620       1.562140       1.558620       1.555070       1.551490       1.547880       1.544230       1.540550       1.536850    
   1.628290       1.624900       1.618160       1.618140       1.612990       1.607870       1.607830       1.607740       1.604930       1.599420       1.599230       1.599030       1.598360       1.597210       1.595300       1.582820       1.575310       1.575000       1.569010       1.566500       1.564440       1.563070       1.559600       1.556090       1.552550       1.548980       1.545380       1.541750       1.538090       1.534410    
   1.624910       1.618160       1.618150       1.612990       1.607850       1.607830       1.607780       1.604980       1.599420       1.599320       1.599230       1.598870       1.598200       1.587110       1.576800       1.567240       1.567250       1.565520       1.563490       1.562640       1.563940       1.560500       1.557030       1.553530       1.550010       1.546450       1.542860       1.539250       1.535610       1.531950    
   1.618160       1.618150       1.612990       1.607840       1.607830       1.607810       1.605000       1.599420       1.599370       1.599320       1.599140       1.598770       1.579820       1.557490       1.557570       1.560620       1.559170       1.559500       1.560600       1.561340       1.561340       1.557910       1.554450       1.550960       1.547440       1.543890       1.540320       1.536730       1.533110       1.529470    
   1.618160       1.612990       1.607830       1.607830       1.607820       1.605020       1.599420       1.599400       1.599370       1.599280       1.580620       1.552940       1.555900       1.557400       1.557400       1.557570       1.558490       1.558840       1.559500       1.558920       1.558730       1.555300       1.551840       1.548360       1.544850       1.541320       1.537770       1.534190       1.530590       1.526970    
   1.612990       1.607830       1.607830       1.607820       1.605020       1.599420       1.599410       1.599400       1.599350       1.577030       1.552940       1.552940       1.552940       1.555780       1.557240       1.557240       1.557570       1.558070       1.558170       1.559500       1.556100       1.552670       1.549220       1.545740       1.542250       1.538730       1.535190       1.531630       1.528050       1.524450    
   1.607830       1.607830       1.607830       1.605020       1.599420       1.599410       1.599410       1.585310       1.570240       1.552930       1.552940       1.552940       1.552940       1.552940       1.555530       1.556900       1.556910       1.557570       1.557030       1.556850       1.553450       1.550030       1.546580       1.543120       1.539630       1.536130       1.532610       1.529060       1.525500       1.521920    
   1.607830       1.607830       1.605030       1.599420       1.599420       1.577220       1.543920       1.543510       1.543100       1.549640       1.552920       1.552940       1.552940       1.552940       1.552940       1.555050       1.556240       1.556240       1.557570       1.554190       1.550790       1.547370       1.543930       1.540480       1.537000       1.533510       1.530010       1.526480       1.522940       1.519380    
   1.607830       1.605030       1.599420       1.599420       1.572770       1.543920       1.543920       1.543920       1.543510       1.543100       1.549600       1.552870       1.552940       1.552940       1.552940       1.552940       1.554130       1.554910       1.554910       1.551530       1.548130       1.544710       1.541280       1.537830       1.534370       1.530890       1.527400       1.523900       1.520380       1.516840    
