iMOD/TUTORIALS/TUT_MetaswapAnalyser/model_MetaSWAP/meteo/Evaporation/Evaporation_20060714_L1.ASC
NCOLS                30
NROWS                30
XLLCORNER     160000.00
YLLCORNER     340000.00
CELLSIZE        1000.00
NODATA_VALUE   -9999.00
   5.116530       5.115630       5.114660       5.113640       5.112560       5.111420       5.110240       5.109010       5.107740       5.106440       5.105100       5.103730       5.102330       5.100910       5.099480       5.098020       5.096550       5.095060       5.093570       5.092070       5.090570       5.089060       5.087550       5.086050       5.084540       5.083040       5.081550       5.080060       5.078580       5.077110    
   5.114040       5.113110       5.112110       5.111060       5.109960       5.108800       5.107600       5.106350       5.105070       5.103740       5.102390       5.101010       5.099610       5.098180       5.096730       5.095270       5.093800       5.092310       5.090820       5.089320       5.087820       5.086320       5.084810       5.083310       5.081820       5.080330       5.078840       5.077370       5.075900       5.074450    
   5.111490       5.110520       5.109500       5.108420       5.107290       5.106110       5.104890       5.103620       5.102320       5.100980       5.099620       5.098230       5.096810       5.095380       5.093920       5.092460       5.090980       5.089490       5.088000       5.086500       5.085000       5.083500       5.082010       5.080510       5.079030       5.077550       5.076080       5.074620       5.073170       5.071730    
   5.108870       5.107870       5.106820       5.105710       5.104560       5.103360       5.102110       5.100830       5.099510       5.098160       5.096780       5.095380       5.093950       5.092510       5.091050       5.089570       5.088090       5.086600       5.085110       5.083610       5.082120       5.080620       5.079140       5.077650       5.076170       5.074710       5.073250       5.071800       5.070370       5.068950    
   5.106200       5.105170       5.104080       5.102950       5.101770       5.100540       5.099280       5.097980       5.096640       5.095270       5.093880       5.092460       5.091030       5.089580       5.088110       5.086630       5.085150       5.083660       5.082160       5.080670       5.079180       5.077690       5.076210       5.074730       5.073260       5.071810       5.070360       5.068930       5.067520       5.066120    
   5.103470       5.102410       5.101290       5.100130       5.098920       5.097680       5.096390       5.095060       5.093710       5.092330       5.090920       5.089490       5.088050       5.086590       5.085110       5.083630       5.082140       5.080650       5.079160       5.077670       5.076180       5.074690       5.073220       5.071750       5.070300       5.068850       5.067430       5.066010       5.064610       5.063230    
   5.100700       5.099600       5.098450       5.097260       5.096030       5.094750       5.093450       5.092100       5.090730       5.089330       5.087910       5.086470       5.085010       5.083540       5.082060       5.080580       5.079080       5.077590       5.076100       5.074610       5.073120       5.071650       5.070180       5.068720       5.067280       5.065850       5.064430       5.063040       5.061650       5.060290    
   5.097880       5.096750       5.095570       5.094350       5.093090       5.091790       5.090450       5.089090       5.087700       5.086280       5.084850       5.083390       5.081930       5.080450       5.078960       5.077470       5.075970       5.074480       5.072990       5.071500       5.070020       5.068550       5.067090       5.065640       5.064210       5.062790       5.061390       5.060010       5.058650       5.057300    
   5.095020       5.093850       5.092640       5.091390       5.090100       5.088770       5.087420       5.086030       5.084620       5.083190       5.081740       5.080270       5.078790       5.077300       5.075810       5.074310       5.072810       5.071320       5.069820       5.068340       5.066860       5.065400       5.063950       5.062510       5.061090       5.059690       5.058310       5.056940       5.055600       5.054280    
   5.092120       5.090910       5.089670       5.088390       5.087070       5.085720       5.084340       5.082930       5.081500       5.080050       5.078590       5.077110       5.075620       5.074120       5.072610       5.071110       5.069610       5.068110       5.066620       5.065140       5.063670       5.062210       5.060770       5.059340       5.057930       5.056540       5.055180       5.053830       5.052500       5.051200    
   5.092100       5.090900       5.088580       5.085350       5.084010       5.082630       5.081230       5.079800       5.078350       5.076880       5.075390       5.073900       5.072400       5.070890       5.069380       5.067870       5.066360       5.064860       5.063370       5.061890       5.060430       5.058970       5.057540       5.056130       5.054730       5.053360       5.052000       5.050680       5.049370       5.048090    
   5.092090       5.089230       5.085350       5.082020       5.080910       5.079510       5.078080       5.076620       5.075150       5.073670       5.072170       5.070660       5.069140       5.067620       5.066100       5.064590       5.063080       5.061580       5.060080       5.058610       5.057140       5.055700       5.054280       5.052870       5.051490       5.050130       5.048800       5.047490       5.046200       5.044950    
   5.089980       5.085350       5.081130       5.079350       5.077790       5.076350       5.074900       5.073420       5.071930       5.070420       5.068900       5.067380       5.065850       5.064320       5.062790       5.061270       5.059760       5.058250       5.056760       5.055290       5.053830       5.052390       5.050980       5.049580       5.048210       5.046870       5.045550       5.044260       5.043000       5.041770    
   5.085350       5.080710       5.078570       5.077790       5.075770       5.073170       5.071690       5.070190       5.068680       5.067150       5.065610       5.064070       5.062530       5.060990       5.059450       5.057920       5.056400       5.054900       5.053410       5.051930       5.050480       5.049050       5.047640       5.046260       5.044910       5.043580       5.042280       5.041010       5.039770       5.038560    
   5.080510       5.078180       5.077790       5.075580       5.073170       5.071110       5.068460       5.066940       5.065400       5.063850       5.062300       5.060740       5.059180       5.057630       5.056080       5.054550       5.053020       5.051510       5.050020       5.048550       5.047100       5.045680       5.044280       5.042910       5.041570       5.040260       5.038970       5.037720       5.036510       5.035320    
   5.077980       5.077790       5.075510       5.073170       5.070910       5.068460       5.067700       5.066930       5.064180       5.060530       5.058960       5.057380       5.055810       5.054240       5.052690       5.051140       5.049610       5.048100       5.046610       5.045140       5.043700       5.042280       5.040890       5.039530       5.038200       5.036910       5.035650       5.034420       5.033220       5.032060    
   5.077790       5.075490       5.073170       5.070850       5.068460       5.068080       5.067700       5.064840       5.060530       5.059740       5.056300       5.054010       5.052420       5.050840       5.049270       5.047720       5.046180       5.044670       5.043180       5.041710       5.040270       5.038860       5.037480       5.036130       5.034820       5.033540       5.032290       5.031080       5.029910       5.028770    
   5.075480       5.073170       5.070830       5.068460       5.068270       5.068080       5.065290       5.060530       5.060140       5.055900       5.052310       5.050610       5.049010       5.047420       5.045840       5.044280       5.042740       5.041220       5.039720       5.038260       5.036820       5.035420       5.034050       5.032710       5.031410       5.030150       5.028920       5.027740       5.026580       5.025470    
   5.073170       5.070820       5.068460       5.068370       5.068270       5.065540       5.060530       5.060330       5.055730       5.051460       5.050610       5.049810       5.047760       5.043980       5.042390       5.040820       5.039270       5.037750       5.036250       5.034790       5.033360       5.031960       5.030600       5.029270       5.027990       5.026740       5.025540       5.024370       5.023240       5.022160    
   5.070820       5.068460       5.068410       5.068370       5.065680       5.060530       5.060430       5.055650       5.051030       5.050610       5.050210       5.048040       5.043980       5.043190       5.042400       5.040830       5.039280       5.037760       5.033580       5.031310       5.029880       5.028490       5.027130       5.025820       5.024550       5.023320       5.022140       5.020990       5.019890       5.018830    
   5.068460       5.068440       5.068410       5.065750       5.060530       5.060480       5.055610       5.050820       5.050610       5.050410       5.048210       5.043980       5.043580       5.043190       5.042140       5.040830       5.039290       5.033600       5.029560       5.027810       5.026390       5.025000       5.023660       5.022360       5.021100       5.019890       5.018730       5.017600       5.016530       5.015490    
   5.068450       5.068440       5.065780       5.060530       5.060510       5.055590       5.050720       5.050610       5.050510       5.048300       5.043980       5.043780       5.043580       5.042970       5.042050       5.040750       5.034040       5.028690       5.027810       5.025700       5.022890       5.021510       5.020180       5.018890       5.017650       5.016460       5.015310       5.014210       5.013160       5.012150    
   5.068450       5.065800       5.060530       5.060520       5.055580       5.050660       5.050610       5.050560       5.048350       5.043980       5.043880       5.043780       5.043440       5.042870       5.041920       5.032480       5.028250       5.027810       5.021760       5.019390       5.018570       5.018020       5.016690       5.015420       5.014190       5.013020       5.011890       5.010810       5.009790       5.008810    
   5.065810       5.060530       5.060520       5.055570       5.050640       5.050610       5.050580       5.048380       5.043980       5.043930       5.043880       5.043700       5.043370       5.032410       5.023900       5.017330       5.017330       5.016430       5.015310       5.014140       5.015890       5.014520       5.013210       5.011940       5.010730       5.009580       5.008470       5.007420       5.006420       5.005470    
   5.060530       5.060530       5.055570       5.050620       5.050610       5.050600       5.048390       5.043980       5.043950       5.043930       5.043840       5.043650       5.024390       5.001280       5.001390       5.007420       5.006410       5.006840       5.010440       5.012390       5.012390       5.011030       5.009730       5.008470       5.007280       5.006140       5.005060       5.004030       5.003050       5.002130    
   5.060530       5.055570       5.050620       5.050610       5.050600       5.048390       5.043980       5.043970       5.043960       5.043910       5.023400       4.992780       4.998360       5.001180       5.001180       5.001390       5.004560       5.005970       5.006840       5.008390       5.008900       5.007550       5.006250       5.005010       5.003830       5.002710       5.001650       5.000650       4.999700       4.998810    
   5.055570       5.050610       5.050610       5.050610       5.048400       5.043980       5.043970       5.043970       5.043940       5.019360       4.992780       4.992780       4.992780       4.998200       5.000960       5.000960       5.001390       5.004050       5.005110       5.006840       5.005420       5.004070       5.002780       5.001560       5.000390       4.999290       4.998250       4.997270       4.996350       4.995490    
   5.050610       5.050610       5.050610       5.048400       5.043980       5.043980       5.043970       5.027570       5.011060       4.992770       4.992780       4.992780       4.992780       4.992780       4.997890       5.000540       5.000540       5.001390       5.002880       5.003370       5.001960       5.000610       4.999330       4.998120       4.996970       4.995890       4.994870       4.993920       4.993030       4.992200    
   5.050610       5.050610       5.048400       5.043980       5.043980       5.017250       4.977170       4.977780       4.978380       4.987960       4.992750       4.992780       4.992780       4.992780       4.992780       4.997290       4.999680       4.999680       5.001390       4.999920       4.998510       4.997170       4.995900       4.994690       4.993560       4.992500       4.991510       4.990580       4.989720       4.988920    
   5.050610       5.048400       5.043980       5.043980       5.011910       4.977160       4.977160       4.977170       4.977770       4.978380       4.987910       4.992700       4.992780       4.992780       4.992780       4.992780       4.996140       4.997980       4.997970       4.996490       4.995080       4.993750       4.992480       4.991290       4.990180       4.989140       4.988170       4.987270       4.986440       4.985670    
