iMOD/TUTORIALS/TUT_MetaswapAnalyser/model_MetaSWAP/meteo/Evaporation/Evaporation_20060216_L1.ASC
NCOLS                30
NROWS                30
XLLCORNER     160000.00
YLLCORNER     340000.00
CELLSIZE        1000.00
NODATA_VALUE   -9999.00
  0.5478500      0.5477500      0.5476600      0.5475800      0.5475100      0.5474400      0.5473900      0.5473300      0.5472800      0.5472300      0.5471900      0.5471500      0.5471000      0.5470600      0.5470100      0.5469600      0.5469100      0.5468600      0.5468000      0.5467400      0.5466700      0.5466000      0.5465300      0.5464400      0.5463600      0.5462700      0.5461700      0.5460600      0.5459500      0.5458400    
  0.5489000      0.5487900      0.5486900      0.5486000      0.5485200      0.5484500      0.5483800      0.5483200      0.5482600      0.5482000      0.5481500      0.5480900      0.5480400      0.5479900      0.5479300      0.5478800      0.5478200      0.5477600      0.5477000      0.5476300      0.5475600      0.5474800      0.5474000      0.5473200      0.5472300      0.5471300      0.5470300      0.5469300      0.5468100      0.5467000    
  0.5499500      0.5498300      0.5497200      0.5496200      0.5495300      0.5494500      0.5493700      0.5493000      0.5492300      0.5491600      0.5491000      0.5490400      0.5489800      0.5489200      0.5488600      0.5487900      0.5487300      0.5486600      0.5485900      0.5485200      0.5484500      0.5483600      0.5482800      0.5481900      0.5481000      0.5480000      0.5479000      0.5477900      0.5476700      0.5475500    
  0.5509900      0.5508600      0.5507500      0.5506400      0.5505400      0.5504500      0.5503600      0.5502800      0.5502000      0.5501300      0.5500600      0.5499900      0.5499200      0.5498500      0.5497800      0.5497100      0.5496400      0.5495700      0.5494900      0.5494100      0.5493300      0.5492500      0.5491600      0.5490600      0.5489700      0.5488600      0.5487600      0.5486500      0.5485300      0.5484100    
  0.5520300      0.5518900      0.5517700      0.5516600      0.5515500      0.5514500      0.5513500      0.5512600      0.5511700      0.5510900      0.5510100      0.5509300      0.5508500      0.5507800      0.5507000      0.5506300      0.5505500      0.5504700      0.5503900      0.5503000      0.5502200      0.5501300      0.5500300      0.5499400      0.5498300      0.5497300      0.5496200      0.5495100      0.5493900      0.5492700    
  0.5530600      0.5529200      0.5527900      0.5526700      0.5525500      0.5524400      0.5523400      0.5522400      0.5521400      0.5520500      0.5519600      0.5518800      0.5517900      0.5517100      0.5516200      0.5515400      0.5514600      0.5513700      0.5512800      0.5511900      0.5511000      0.5510100      0.5509100      0.5508100      0.5507000      0.5505900      0.5504800      0.5503700      0.5502500      0.5501200    
  0.5540900      0.5539400      0.5538000      0.5536700      0.5535500      0.5534300      0.5533200      0.5532100      0.5531100      0.5530100      0.5529100      0.5528200      0.5527300      0.5526400      0.5525500      0.5524500      0.5523600      0.5522700      0.5521800      0.5520800      0.5519900      0.5518900      0.5517800      0.5516800      0.5515700      0.5514600      0.5513400      0.5512200      0.5511000      0.5509700    
  0.5551100      0.5549600      0.5548200      0.5546800      0.5545500      0.5544200      0.5543000      0.5541900      0.5540700      0.5539700      0.5538600      0.5537600      0.5536600      0.5535600      0.5534700      0.5533700      0.5532700      0.5531700      0.5530700      0.5529700      0.5528700      0.5527700      0.5526600      0.5525500      0.5524400      0.5523200      0.5522000      0.5520800      0.5519600      0.5518300    
  0.5561400      0.5559800      0.5558200      0.5556800      0.5555400      0.5554100      0.5552800      0.5551600      0.5550400      0.5549200      0.5548100      0.5547000      0.5546000      0.5544900      0.5543900      0.5542800      0.5541800      0.5540700      0.5539700      0.5538600      0.5537600      0.5536500      0.5535300      0.5534200      0.5533000      0.5531900      0.5530600      0.5529400      0.5528100      0.5526800    
  0.5571500      0.5569900      0.5568300      0.5566800      0.5565300      0.5563900      0.5562500      0.5561200      0.5560000      0.5558800      0.5557600      0.5556400      0.5555300      0.5554100      0.5553000      0.5551900      0.5550800      0.5549700      0.5548600      0.5547500      0.5546400      0.5545200      0.5544100      0.5542900      0.5541700      0.5540500      0.5539200      0.5538000      0.5536700      0.5535300    
  0.5571570      0.5569900      0.5570420      0.5576700      0.5575200      0.5573700      0.5572300      0.5570900      0.5569600      0.5568300      0.5567000      0.5565800      0.5564600      0.5563400      0.5562200      0.5561000      0.5559900      0.5558700      0.5557600      0.5556400      0.5555200      0.5554000      0.5552800      0.5551600      0.5550400      0.5549100      0.5547800      0.5546500      0.5545200      0.5543800    
  0.5571590      0.5572150      0.5576700      0.5582930      0.5585000      0.5583500      0.5582000      0.5580500      0.5579100      0.5577800      0.5576500      0.5575100      0.5573900      0.5572600      0.5571400      0.5570100      0.5568900      0.5567700      0.5566500      0.5565300      0.5564000      0.5562800      0.5561600      0.5560300      0.5559000      0.5557700      0.5556400      0.5555100      0.5553700      0.5552400    
  0.5573440      0.5576700      0.5586080      0.5589900      0.5594800      0.5593200      0.5591700      0.5590200      0.5588700      0.5587300      0.5585900      0.5584500      0.5583100      0.5581800      0.5580500      0.5579200      0.5578000      0.5576700      0.5575400      0.5574100      0.5572900      0.5571600      0.5570300      0.5569000      0.5567700      0.5566400      0.5565000      0.5563600      0.5562300      0.5560900    
  0.5576700      0.5587480      0.5592350      0.5594800      0.5596970      0.5602900      0.5601300      0.5599700      0.5598200      0.5596700      0.5595300      0.5593800      0.5592400      0.5591000      0.5589700      0.5588300      0.5587000      0.5585600      0.5584300      0.5583000      0.5581700      0.5580400      0.5579000      0.5577700      0.5576300      0.5575000      0.5573600      0.5572200      0.5570800      0.5569400    
  0.5588140      0.5593580      0.5594800      0.5598220      0.5602900      0.5605030      0.5610900      0.5609300      0.5607700      0.5606200      0.5604600      0.5603100      0.5601700      0.5600200      0.5598800      0.5597400      0.5596000      0.5594600      0.5593200      0.5591900      0.5590500      0.5589100      0.5587700      0.5586400      0.5585000      0.5583600      0.5582200      0.5580700      0.5579300      0.5577900    
  0.5594190      0.5594800      0.5598640      0.5602900      0.5606280      0.5610900      0.5610100      0.5609300      0.5609700      0.5615600      0.5614000      0.5612400      0.5610900      0.5609400      0.5607900      0.5606400      0.5605000      0.5603500      0.5602100      0.5600700      0.5599300      0.5597900      0.5596500      0.5595000      0.5593600      0.5592200      0.5590700      0.5589300      0.5587800      0.5586400    
  0.5594800      0.5598780      0.5602900      0.5606690      0.5610900      0.5610500      0.5610100      0.5611180      0.5615600      0.5614800      0.5618940      0.5621700      0.5620100      0.5618500      0.5617000      0.5615500      0.5614000      0.5612500      0.5611000      0.5609500      0.5608100      0.5606600      0.5605200      0.5603700      0.5602200      0.5600800      0.5599300      0.5597800      0.5596300      0.5594800    
  0.5598830      0.5602900      0.5606830      0.5610900      0.5610700      0.5610500      0.5611840      0.5615600      0.5615200      0.5621340      0.5626350      0.5631000      0.5629300      0.5627700      0.5626100      0.5624500      0.5623000      0.5621400      0.5619900      0.5618400      0.5616900      0.5615400      0.5613900      0.5612400      0.5610900      0.5609400      0.5607900      0.5606400      0.5604900      0.5603300    
  0.5602900      0.5606880      0.5610900      0.5610800      0.5610700      0.5612160      0.5615600      0.5615400      0.5622360      0.5628680      0.5631000      0.5630150      0.5631200      0.5636800      0.5635200      0.5633500      0.5631900      0.5630300      0.5628800      0.5627200      0.5625600      0.5624100      0.5622600      0.5621000      0.5619500      0.5618000      0.5616400      0.5614900      0.5613400      0.5611800    
  0.5606890      0.5610900      0.5610850      0.5610800      0.5612310      0.5615600      0.5615500      0.5622840      0.5629840      0.5631000      0.5630570      0.5632290      0.5636800      0.5636000      0.5635170      0.5633530      0.5631900      0.5630330      0.5633420      0.5636000      0.5634400      0.5632800      0.5631300      0.5629700      0.5628100      0.5626600      0.5625000      0.5623400      0.5621900      0.5620300    
  0.5610900      0.5610870      0.5610850      0.5612390      0.5615600      0.5615550      0.5623070      0.5630420      0.5631000      0.5630790      0.5632670      0.5636800      0.5636400      0.5635990      0.5634900      0.5633530      0.5631920      0.5636170      0.5640400      0.5644800      0.5643200      0.5641600      0.5639900      0.5638300      0.5636700      0.5635200      0.5633600      0.5632000      0.5630400      0.5628800    
  0.5610890      0.5610870      0.5612430      0.5615600      0.5615580      0.5623190      0.5630710      0.5631000      0.5630890      0.5632810      0.5636800      0.5636600      0.5636400      0.5635760      0.5634810      0.5633450      0.5637810      0.5642600      0.5644800      0.5646670      0.5652000      0.5650300      0.5648600      0.5647000      0.5645400      0.5643700      0.5642100      0.5640500      0.5638900      0.5637300    
  0.5610890      0.5612450      0.5615600      0.5615590      0.5623240      0.5630850      0.5631000      0.5630950      0.5632880      0.5636800      0.5636700      0.5636600      0.5636250      0.5635660      0.5634670      0.5644190      0.5643700      0.5644800      0.5656520      0.5660750      0.5659700      0.5659000      0.5657300      0.5655600      0.5654000      0.5652300      0.5650700      0.5649000      0.5647400      0.5645800    
  0.5612460      0.5615600      0.5615590      0.5623270      0.5630930      0.5631000      0.5630970      0.5632910      0.5636800      0.5636750      0.5636700      0.5636520      0.5636170      0.5655920      0.5666810      0.5671200      0.5671200      0.5670930      0.5670930      0.5673850      0.5669500      0.5667700      0.5666000      0.5664300      0.5662600      0.5660900      0.5659200      0.5657600      0.5655900      0.5654200    
  0.5615600      0.5615600      0.5623290      0.5630960      0.5631000      0.5630990      0.5632920      0.5636800      0.5636780      0.5636750      0.5636660      0.5636460      0.5672730      0.5717380      0.5717100      0.5698050      0.5698690      0.5697600      0.5684810      0.5678200      0.5678200      0.5676400      0.5674700      0.5672900      0.5671200      0.5669500      0.5667800      0.5666100      0.5664400      0.5662700    
  0.5615600      0.5623290      0.5630980      0.5631000      0.5630990      0.5632930      0.5636800      0.5636790      0.5636770      0.5636730      0.5680210      0.5745600      0.5727010      0.5717650      0.5717650      0.5717100      0.5705220      0.5699780      0.5697600      0.5689600      0.5686900      0.5685100      0.5683300      0.5681600      0.5679800      0.5678100      0.5676300      0.5674600      0.5672900      0.5671200    
  0.5623300      0.5630990      0.5631000      0.5631000      0.5632930      0.5636800      0.5636790      0.5636790      0.5636760      0.5688980      0.5745600      0.5745600      0.5745600      0.5727420      0.5718200      0.5718200      0.5717100      0.5706420      0.5701950      0.5697600      0.5695700      0.5693800      0.5692000      0.5690200      0.5688400      0.5686600      0.5684900      0.5683200      0.5681400      0.5679700    
  0.5631000      0.5631000      0.5631000      0.5632930      0.5636800      0.5636800      0.5636790      0.5675640      0.5710260      0.5745620      0.5745600      0.5745600      0.5745600      0.5745600      0.5728210      0.5719300      0.5719300      0.5717100      0.5709030      0.5706300      0.5704400      0.5702500      0.5700700      0.5698800      0.5697000      0.5695200      0.5693400      0.5691700      0.5689900      0.5688200    
  0.5631000      0.5631000      0.5632930      0.5636800      0.5636800      0.5703480      0.5803500      0.5797850      0.5792200      0.5761200      0.5745670      0.5745600      0.5745600      0.5745600      0.5745600      0.5729750      0.5721500      0.5721500      0.5717100      0.5715100      0.5713100      0.5711200      0.5709300      0.5707500      0.5705600      0.5703800      0.5702000      0.5700200      0.5698500      0.5696700    
  0.5631000      0.5632930      0.5636800      0.5636800      0.5716830      0.5803520      0.5803520      0.5803500      0.5797850      0.5792200      0.5761330      0.5745820      0.5745600      0.5745600      0.5745600      0.5745600      0.5732610      0.5725900      0.5725900      0.5723900      0.5721900      0.5719900      0.5718000      0.5716100      0.5714200      0.5712400      0.5710600      0.5708800      0.5707000      0.5705200    
