iMOD/TUTORIALS/TUT_MetaswapAnalyser/model_MetaSWAP/meteo/Evaporation/Evaporation_20050412_L1.ASC
NCOLS                30
NROWS                30
XLLCORNER     160000.00
YLLCORNER     340000.00
CELLSIZE        1000.00
NODATA_VALUE   -9999.00
   1.743920       1.739770       1.735660       1.731600       1.727580       1.723590       1.719640       1.715730       1.711840       1.707970       1.704140       1.700320       1.696520       1.692730       1.688970       1.685210       1.681470       1.677730       1.674010       1.670290       1.666570       1.662870       1.659160       1.655460       1.651760       1.648070       1.644380       1.640680       1.636990       1.633300    
   1.739550       1.735380       1.731250       1.727170       1.723130       1.719120       1.715150       1.711220       1.707310       1.703430       1.699570       1.695730       1.691920       1.688120       1.684340       1.680570       1.676810       1.673070       1.669330       1.665610       1.661880       1.658170       1.654460       1.650750       1.647050       1.643350       1.639660       1.635960       1.632270       1.628580    
   1.735220       1.731030       1.726880       1.722780       1.718720       1.714690       1.710700       1.706740       1.702810       1.698910       1.695040       1.691190       1.687350       1.683540       1.679740       1.675960       1.672200       1.668440       1.664690       1.660950       1.657230       1.653500       1.649790       1.646070       1.642370       1.638660       1.634960       1.631270       1.627570       1.623880    
   1.730930       1.726720       1.722550       1.718420       1.714340       1.710290       1.706280       1.702300       1.698360       1.694440       1.690540       1.686670       1.682830       1.679000       1.675190       1.671390       1.667610       1.663840       1.660080       1.656330       1.652600       1.648870       1.645140       1.641420       1.637710       1.634000       1.630300       1.626600       1.622900       1.619210    
   1.726670       1.722430       1.718250       1.714100       1.709990       1.705930       1.701900       1.697900       1.693930       1.689990       1.686080       1.682190       1.678330       1.674480       1.670660       1.666850       1.663050       1.659270       1.655500       1.651750       1.648000       1.644260       1.640530       1.636800       1.633080       1.629370       1.625660       1.621960       1.618250       1.614560    
   1.722440       1.718190       1.713980       1.709810       1.705680       1.701600       1.697550       1.693530       1.689540       1.685580       1.681650       1.677750       1.673870       1.670010       1.666160       1.662340       1.658530       1.654740       1.650960       1.647190       1.643430       1.639680       1.635940       1.632210       1.628480       1.624760       1.621050       1.617340       1.613630       1.609930    
   1.718240       1.713970       1.709740       1.705550       1.701410       1.697300       1.693230       1.689190       1.685180       1.681210       1.677260       1.673340       1.669440       1.665560       1.661700       1.657860       1.654040       1.650230       1.646440       1.642660       1.638890       1.635130       1.631380       1.627640       1.623910       1.620180       1.616460       1.612750       1.609040       1.605330    
   1.714080       1.709780       1.705530       1.701320       1.697160       1.693030       1.688940       1.684880       1.680860       1.676860       1.672890       1.668950       1.665040       1.661140       1.657270       1.653410       1.649580       1.645760       1.641950       1.638160       1.634380       1.630610       1.626850       1.623100       1.619360       1.615630       1.611900       1.608180       1.604460       1.600750    
   1.709940       1.705620       1.701350       1.697130       1.692940       1.688790       1.684680       1.680600       1.676560       1.672550       1.668560       1.664600       1.660670       1.656760       1.652870       1.649000       1.645150       1.641310       1.637490       1.633690       1.629900       1.626120       1.622350       1.618590       1.614840       1.611100       1.607360       1.603640       1.599920       1.596200    
   1.705830       1.701500       1.697210       1.692960       1.688750       1.684590       1.680460       1.676360       1.672290       1.668260       1.664260       1.660280       1.656330       1.652400       1.648500       1.644610       1.640740       1.636900       1.633060       1.629240       1.625440       1.621650       1.617870       1.614100       1.610340       1.606590       1.602850       1.599120       1.595390       1.591670    
   1.705850       1.701510       1.695120       1.688820       1.684600       1.680410       1.676260       1.672140       1.668060       1.664010       1.659980       1.655990       1.652020       1.648080       1.644150       1.640250       1.636370       1.632510       1.628660       1.624830       1.621020       1.617210       1.613420       1.609640       1.605880       1.602120       1.598370       1.594630       1.590900       1.587170    
   1.705860       1.697830       1.688820       1.682560       1.680470       1.676260       1.672090       1.667950       1.663850       1.659780       1.655740       1.651730       1.647740       1.643780       1.639840       1.635920       1.632030       1.628150       1.624290       1.620440       1.616620       1.612800       1.609000       1.605210       1.601430       1.597670       1.593910       1.590160       1.586420       1.582690    
   1.700690       1.688820       1.681540       1.678420       1.676360       1.672140       1.667950       1.663790       1.659670       1.655580       1.651520       1.647490       1.643490       1.639510       1.635550       1.631620       1.627710       1.623820       1.619940       1.616080       1.612240       1.608420       1.604610       1.600810       1.597020       1.593240       1.589480       1.585720       1.581970       1.578230    
   1.688820       1.681030       1.677390       1.676360       1.672180       1.668040       1.663830       1.659660       1.655520       1.651410       1.647330       1.643280       1.639260       1.635270       1.631290       1.627350       1.623420       1.619510       1.615620       1.611750       1.607900       1.604060       1.600240       1.596430       1.592630       1.588840       1.585070       1.581300       1.577550       1.573800    
   1.680770       1.676870       1.676360       1.672190       1.668040       1.663870       1.659740       1.655550       1.651390       1.647270       1.643170       1.639100       1.635060       1.631050       1.627060       1.623100       1.619160       1.615230       1.611330       1.607450       1.603580       1.599730       1.595890       1.592070       1.588260       1.584470       1.580680       1.576910       1.573140       1.569390    
   1.676620       1.676360       1.672200       1.668040       1.663880       1.659740       1.657640       1.655560       1.649340       1.643150       1.639030       1.634950       1.630890       1.626860       1.622860       1.618880       1.614920       1.610980       1.607060       1.603170       1.599290       1.595420       1.591570       1.587740       1.583920       1.580110       1.576320       1.572540       1.568770       1.565000    
   1.676360       1.672200       1.668040       1.663890       1.659740       1.658690       1.657650       1.651420       1.643150       1.641090       1.634930       1.630820       1.626750       1.622700       1.618680       1.614680       1.610710       1.606750       1.602820       1.598910       1.595020       1.591140       1.587280       1.583430       1.579600       1.575790       1.571980       1.568190       1.564410       1.560640    
   1.672200       1.668040       1.663890       1.659740       1.659220       1.658690       1.652730       1.643150       1.642120       1.634930       1.628770       1.626720       1.622630       1.618560       1.614520       1.610510       1.606520       1.602550       1.598610       1.594680       1.590770       1.586880       1.583010       1.579150       1.575310       1.571480       1.567670       1.563870       1.560080       1.556300    
   1.668040       1.663890       1.659740       1.659480       1.659220       1.653450       1.643150       1.642630       1.634930       1.627740       1.626720       1.624680       1.620590       1.614450       1.610390       1.606360       1.602360       1.598380       1.594420       1.590470       1.586550       1.582650       1.578760       1.574900       1.571040       1.567200       1.563380       1.559570       1.555770       1.551980    
   1.663890       1.659740       1.659610       1.659480       1.653820       1.643150       1.642890       1.634930       1.627230       1.626720       1.625700       1.621610       1.614450       1.612420       1.610400       1.606370       1.602370       1.598390       1.590340       1.586290       1.582360       1.578440       1.574540       1.570660       1.566800       1.562950       1.559110       1.555290       1.551480       1.547690    
   1.659740       1.659670       1.659610       1.654020       1.643150       1.643020       1.634930       1.626980       1.626720       1.626210       1.622120       1.614450       1.613440       1.612420       1.609730       1.606380       1.602370       1.591490       1.584210       1.582130       1.578190       1.574260       1.570350       1.566450       1.562580       1.558710       1.554870       1.551040       1.547220       1.543410    
   1.659710       1.659670       1.654110       1.643150       1.643090       1.634930       1.626850       1.626720       1.626460       1.622370       1.614450       1.613940       1.613440       1.611860       1.609510       1.606160       1.593110       1.583170       1.582130       1.578120       1.574040       1.570090       1.566170       1.562260       1.558380       1.554500       1.550650       1.546800       1.542980       1.539160    
   1.659710       1.654160       1.643150       1.643120       1.634930       1.626780       1.626720       1.626590       1.622500       1.614450       1.614200       1.613940       1.613080       1.611600       1.609180       1.592270       1.582650       1.582130       1.573490       1.569930       1.567550       1.565950       1.562020       1.558100       1.554200       1.550310       1.546450       1.542590       1.538760       1.534930    
   1.654190       1.643150       1.643130       1.634930       1.626750       1.626720       1.626660       1.622570       1.614450       1.614320       1.614200       1.613740       1.612880       1.596910       1.582640       1.569900       1.569900       1.567730       1.565140       1.563770       1.565810       1.561840       1.557890       1.553960       1.550040       1.546150       1.542270       1.538410       1.534560       1.530720    
   1.643150       1.643140       1.634930       1.626740       1.626720       1.626690       1.622600       1.614450       1.614390       1.614320       1.614090       1.613600       1.586130       1.553640       1.553760       1.559160       1.557160       1.557660       1.560210       1.561740       1.561730       1.557740       1.553780       1.549840       1.545910       1.542000       1.538110       1.534240       1.530380       1.526530    
   1.643150       1.634930       1.626730       1.626720       1.626700       1.622610       1.614450       1.614420       1.614390       1.614270       1.586850       1.546130       1.551030       1.553510       1.553510       1.553760       1.555820       1.556660       1.557660       1.557670       1.557670       1.553670       1.549690       1.545740       1.541800       1.537880       1.533980       1.530090       1.526220       1.522370    
   1.634940       1.626720       1.626720       1.626710       1.622620       1.614450       1.614430       1.614420       1.614360       1.581550       1.546130       1.546130       1.546130       1.550850       1.553270       1.553270       1.553760       1.555190       1.555660       1.557660       1.553630       1.549620       1.545630       1.541660       1.537710       1.533780       1.529860       1.525970       1.522090       1.518220    
   1.626720       1.626720       1.626720       1.622630       1.614450       1.614440       1.614430       1.593600       1.571460       1.546120       1.546130       1.546130       1.546130       1.546130       1.550490       1.552770       1.552770       1.553760       1.553690       1.553660       1.549610       1.545590       1.541580       1.537600       1.533640       1.529700       1.525770       1.521860       1.517970       1.514100    
   1.626720       1.626720       1.622630       1.614450       1.614450       1.581360       1.531730       1.531460       1.531200       1.541120       1.546100       1.546130       1.546130       1.546130       1.546130       1.549780       1.551790       1.551780       1.553760       1.549680       1.545610       1.541580       1.537560       1.533560       1.529590       1.525640       1.521700       1.517780       1.513880       1.509990    
   1.626720       1.622630       1.614450       1.614450       1.574740       1.531720       1.531720       1.531730       1.531460       1.531200       1.541070       1.546040       1.546130       1.546130       1.546130       1.546130       1.548420       1.549820       1.549810       1.545710       1.541640       1.537590       1.533560       1.529550       1.525560       1.521590       1.517650       1.513720       1.509800       1.505910    
