iMOD/TUTORIALS/TUT_MetaswapAnalyser/model_MetaSWAP/meteo/Evaporation/Evaporation_20061207_L1.ASC
NCOLS                30
NROWS                30
XLLCORNER     160000.00
YLLCORNER     340000.00
CELLSIZE        1000.00
NODATA_VALUE   -9999.00
  0.6131000E-01  0.6128000E-01  0.6125000E-01  0.6124000E-01  0.6122000E-01  0.6121000E-01  0.6121000E-01  0.6121000E-01  0.6121000E-01  0.6122000E-01  0.6123000E-01  0.6125000E-01  0.6127000E-01  0.6129000E-01  0.6132000E-01  0.6134000E-01  0.6137000E-01  0.6141000E-01  0.6144000E-01  0.6148000E-01  0.6151000E-01  0.6155000E-01  0.6160000E-01  0.6164000E-01  0.6168000E-01  0.6173000E-01  0.6178000E-01  0.6182000E-01  0.6187000E-01  0.6192000E-01
  0.6198000E-01  0.6195000E-01  0.6193000E-01  0.6191000E-01  0.6189000E-01  0.6188000E-01  0.6187000E-01  0.6187000E-01  0.6187000E-01  0.6188000E-01  0.6189000E-01  0.6191000E-01  0.6192000E-01  0.6194000E-01  0.6197000E-01  0.6199000E-01  0.6202000E-01  0.6205000E-01  0.6208000E-01  0.6212000E-01  0.6215000E-01  0.6219000E-01  0.6223000E-01  0.6227000E-01  0.6231000E-01  0.6235000E-01  0.6240000E-01  0.6244000E-01  0.6249000E-01  0.6253000E-01
  0.6266000E-01  0.6263000E-01  0.6260000E-01  0.6258000E-01  0.6256000E-01  0.6255000E-01  0.6254000E-01  0.6254000E-01  0.6254000E-01  0.6255000E-01  0.6256000E-01  0.6257000E-01  0.6258000E-01  0.6260000E-01  0.6262000E-01  0.6264000E-01  0.6267000E-01  0.6270000E-01  0.6273000E-01  0.6276000E-01  0.6279000E-01  0.6283000E-01  0.6287000E-01  0.6291000E-01  0.6294000E-01  0.6298000E-01  0.6303000E-01  0.6307000E-01  0.6311000E-01  0.6315000E-01
  0.6335000E-01  0.6331000E-01  0.6328000E-01  0.6326000E-01  0.6324000E-01  0.6323000E-01  0.6322000E-01  0.6321000E-01  0.6321000E-01  0.6322000E-01  0.6322000E-01  0.6323000E-01  0.6325000E-01  0.6326000E-01  0.6328000E-01  0.6330000E-01  0.6333000E-01  0.6335000E-01  0.6338000E-01  0.6341000E-01  0.6344000E-01  0.6347000E-01  0.6351000E-01  0.6354000E-01  0.6358000E-01  0.6362000E-01  0.6366000E-01  0.6370000E-01  0.6374000E-01  0.6378000E-01
  0.6404000E-01  0.6400000E-01  0.6397000E-01  0.6394000E-01  0.6392000E-01  0.6391000E-01  0.6390000E-01  0.6389000E-01  0.6389000E-01  0.6389000E-01  0.6390000E-01  0.6390000E-01  0.6392000E-01  0.6393000E-01  0.6395000E-01  0.6397000E-01  0.6399000E-01  0.6401000E-01  0.6404000E-01  0.6406000E-01  0.6409000E-01  0.6412000E-01  0.6416000E-01  0.6419000E-01  0.6422000E-01  0.6426000E-01  0.6429000E-01  0.6433000E-01  0.6437000E-01  0.6440000E-01
  0.6473000E-01  0.6469000E-01  0.6466000E-01  0.6463000E-01  0.6461000E-01  0.6459000E-01  0.6458000E-01  0.6457000E-01  0.6457000E-01  0.6457000E-01  0.6457000E-01  0.6458000E-01  0.6459000E-01  0.6460000E-01  0.6462000E-01  0.6463000E-01  0.6465000E-01  0.6467000E-01  0.6470000E-01  0.6472000E-01  0.6475000E-01  0.6478000E-01  0.6481000E-01  0.6484000E-01  0.6487000E-01  0.6490000E-01  0.6493000E-01  0.6497000E-01  0.6500000E-01  0.6504000E-01
  0.6543000E-01  0.6539000E-01  0.6535000E-01  0.6533000E-01  0.6530000E-01  0.6528000E-01  0.6527000E-01  0.6526000E-01  0.6526000E-01  0.6525000E-01  0.6525000E-01  0.6526000E-01  0.6527000E-01  0.6528000E-01  0.6529000E-01  0.6530000E-01  0.6532000E-01  0.6534000E-01  0.6536000E-01  0.6539000E-01  0.6541000E-01  0.6544000E-01  0.6546000E-01  0.6549000E-01  0.6552000E-01  0.6555000E-01  0.6558000E-01  0.6561000E-01  0.6564000E-01  0.6567000E-01
  0.6613000E-01  0.6609000E-01  0.6605000E-01  0.6602000E-01  0.6600000E-01  0.6598000E-01  0.6596000E-01  0.6595000E-01  0.6594000E-01  0.6594000E-01  0.6594000E-01  0.6594000E-01  0.6595000E-01  0.6596000E-01  0.6597000E-01  0.6598000E-01  0.6600000E-01  0.6601000E-01  0.6603000E-01  0.6605000E-01  0.6607000E-01  0.6610000E-01  0.6612000E-01  0.6615000E-01  0.6617000E-01  0.6620000E-01  0.6623000E-01  0.6625000E-01  0.6628000E-01  0.6631000E-01
  0.6683000E-01  0.6679000E-01  0.6675000E-01  0.6672000E-01  0.6670000E-01  0.6668000E-01  0.6666000E-01  0.6665000E-01  0.6664000E-01  0.6663000E-01  0.6663000E-01  0.6663000E-01  0.6663000E-01  0.6664000E-01  0.6665000E-01  0.6666000E-01  0.6667000E-01  0.6669000E-01  0.6670000E-01  0.6672000E-01  0.6674000E-01  0.6676000E-01  0.6678000E-01  0.6681000E-01  0.6683000E-01  0.6685000E-01  0.6688000E-01  0.6690000E-01  0.6693000E-01  0.6695000E-01
  0.6754000E-01  0.6750000E-01  0.6746000E-01  0.6743000E-01  0.6740000E-01  0.6738000E-01  0.6736000E-01  0.6734000E-01  0.6733000E-01  0.6733000E-01  0.6732000E-01  0.6732000E-01  0.6732000E-01  0.6733000E-01  0.6733000E-01  0.6734000E-01  0.6735000E-01  0.6737000E-01  0.6738000E-01  0.6740000E-01  0.6741000E-01  0.6743000E-01  0.6745000E-01  0.6747000E-01  0.6749000E-01  0.6751000E-01  0.6753000E-01  0.6755000E-01  0.6758000E-01  0.6760000E-01
  0.6754330E-01  0.6750000E-01  0.6763250E-01  0.6814000E-01  0.6811000E-01  0.6808000E-01  0.6806000E-01  0.6805000E-01  0.6803000E-01  0.6802000E-01  0.6802000E-01  0.6802000E-01  0.6802000E-01  0.6802000E-01  0.6802000E-01  0.6803000E-01  0.6804000E-01  0.6805000E-01  0.6806000E-01  0.6807000E-01  0.6809000E-01  0.6810000E-01  0.6812000E-01  0.6814000E-01  0.6815000E-01  0.6817000E-01  0.6819000E-01  0.6821000E-01  0.6823000E-01  0.6825000E-01
  0.6754440E-01  0.6770400E-01  0.6814000E-01  0.6865000E-01  0.6882000E-01  0.6879000E-01  0.6877000E-01  0.6875000E-01  0.6874000E-01  0.6873000E-01  0.6872000E-01  0.6871000E-01  0.6871000E-01  0.6871000E-01  0.6872000E-01  0.6872000E-01  0.6873000E-01  0.6873000E-01  0.6874000E-01  0.6875000E-01  0.6877000E-01  0.6878000E-01  0.6879000E-01  0.6881000E-01  0.6882000E-01  0.6884000E-01  0.6885000E-01  0.6887000E-01  0.6888000E-01  0.6890000E-01
  0.6774520E-01  0.6814000E-01  0.6887370E-01  0.6917500E-01  0.6953000E-01  0.6950000E-01  0.6948000E-01  0.6946000E-01  0.6944000E-01  0.6943000E-01  0.6942000E-01  0.6942000E-01  0.6941000E-01  0.6941000E-01  0.6941000E-01  0.6941000E-01  0.6942000E-01  0.6942000E-01  0.6943000E-01  0.6944000E-01  0.6945000E-01  0.6946000E-01  0.6947000E-01  0.6948000E-01  0.6949000E-01  0.6950000E-01  0.6952000E-01  0.6953000E-01  0.6954000E-01  0.6956000E-01
  0.6814000E-01  0.6897410E-01  0.6935250E-01  0.6953000E-01  0.6975000E-01  0.7022000E-01  0.7019000E-01  0.7017000E-01  0.7015000E-01  0.7014000E-01  0.7013000E-01  0.7012000E-01  0.7011000E-01  0.7011000E-01  0.7011000E-01  0.7011000E-01  0.7011000E-01  0.7011000E-01  0.7012000E-01  0.7013000E-01  0.7013000E-01  0.7014000E-01  0.7015000E-01  0.7016000E-01  0.7017000E-01  0.7018000E-01  0.7018000E-01  0.7019000E-01  0.7020000E-01  0.7021000E-01
  0.6902130E-01  0.6944130E-01  0.6953000E-01  0.6983330E-01  0.7022000E-01  0.7044000E-01  0.7091000E-01  0.7088000E-01  0.7086000E-01  0.7085000E-01  0.7084000E-01  0.7083000E-01  0.7082000E-01  0.7081000E-01  0.7081000E-01  0.7081000E-01  0.7081000E-01  0.7081000E-01  0.7081000E-01  0.7082000E-01  0.7082000E-01  0.7082000E-01  0.7083000E-01  0.7084000E-01  0.7084000E-01  0.7085000E-01  0.7086000E-01  0.7086000E-01  0.7087000E-01  0.7087000E-01
  0.6948560E-01  0.6953000E-01  0.6986110E-01  0.7022000E-01  0.7052330E-01  0.7091000E-01  0.7089500E-01  0.7088330E-01  0.7103750E-01  0.7156000E-01  0.7155000E-01  0.7154000E-01  0.7153000E-01  0.7152000E-01  0.7151000E-01  0.7151000E-01  0.7151000E-01  0.7151000E-01  0.7151000E-01  0.7151000E-01  0.7151000E-01  0.7151000E-01  0.7151000E-01  0.7152000E-01  0.7152000E-01  0.7152000E-01  0.7153000E-01  0.7153000E-01  0.7153000E-01  0.7154000E-01
  0.6953000E-01  0.6987040E-01  0.7022000E-01  0.7055110E-01  0.7091000E-01  0.7090250E-01  0.7089610E-01  0.7109400E-01  0.7156000E-01  0.7155500E-01  0.7197200E-01  0.7225000E-01  0.7224000E-01  0.7223000E-01  0.7222000E-01  0.7221000E-01  0.7221000E-01  0.7221000E-01  0.7220000E-01  0.7220000E-01  0.7220000E-01  0.7220000E-01  0.7220000E-01  0.7220000E-01  0.7220000E-01  0.7220000E-01  0.7220000E-01  0.7220000E-01  0.7220000E-01  0.7220000E-01
  0.6987350E-01  0.7022000E-01  0.7056040E-01  0.7091000E-01  0.7090630E-01  0.7090290E-01  0.7111310E-01  0.7156000E-01  0.7155750E-01  0.7213040E-01  0.7260500E-01  0.7296000E-01  0.7295000E-01  0.7294000E-01  0.7293000E-01  0.7292000E-01  0.7291000E-01  0.7291000E-01  0.7290000E-01  0.7290000E-01  0.7290000E-01  0.7289000E-01  0.7289000E-01  0.7289000E-01  0.7289000E-01  0.7288000E-01  0.7288000E-01  0.7288000E-01  0.7287000E-01  0.7287000E-01
  0.7022000E-01  0.7056350E-01  0.7091000E-01  0.7090810E-01  0.7090640E-01  0.7112060E-01  0.7156000E-01  0.7155880E-01  0.7219810E-01  0.7278250E-01  0.7296000E-01  0.7295500E-01  0.7312500E-01  0.7365000E-01  0.7364000E-01  0.7363000E-01  0.7362000E-01  0.7361000E-01  0.7361000E-01  0.7360000E-01  0.7359000E-01  0.7359000E-01  0.7358000E-01  0.7358000E-01  0.7357000E-01  0.7357000E-01  0.7356000E-01  0.7355000E-01  0.7355000E-01  0.7354000E-01
  0.7056450E-01  0.7091000E-01  0.7090910E-01  0.7090820E-01  0.7112380E-01  0.7156000E-01  0.7155940E-01  0.7222960E-01  0.7287130E-01  0.7296000E-01  0.7295750E-01  0.7317250E-01  0.7365000E-01  0.7364500E-01  0.7364000E-01  0.7363000E-01  0.7362000E-01  0.7361330E-01  0.7402400E-01  0.7430000E-01  0.7429000E-01  0.7428000E-01  0.7428000E-01  0.7427000E-01  0.7426000E-01  0.7425000E-01  0.7424000E-01  0.7423000E-01  0.7422000E-01  0.7421000E-01
  0.7091000E-01  0.7090950E-01  0.7090910E-01  0.7112530E-01  0.7156000E-01  0.7155970E-01  0.7224490E-01  0.7291560E-01  0.7296000E-01  0.7295880E-01  0.7318500E-01  0.7365000E-01  0.7364750E-01  0.7364500E-01  0.7363830E-01  0.7363000E-01  0.7362110E-01  0.7418150E-01  0.7465000E-01  0.7500000E-01  0.7499000E-01  0.7498000E-01  0.7497000E-01  0.7496000E-01  0.7495000E-01  0.7494000E-01  0.7493000E-01  0.7491000E-01  0.7490000E-01  0.7488000E-01
  0.7090980E-01  0.7090950E-01  0.7112600E-01  0.7156000E-01  0.7155980E-01  0.7225250E-01  0.7293780E-01  0.7296000E-01  0.7295940E-01  0.7318840E-01  0.7365000E-01  0.7364880E-01  0.7364750E-01  0.7364360E-01  0.7363780E-01  0.7362980E-01  0.7425150E-01  0.7482500E-01  0.7500000E-01  0.7523000E-01  0.7570000E-01  0.7568000E-01  0.7567000E-01  0.7565000E-01  0.7564000E-01  0.7563000E-01  0.7561000E-01  0.7559000E-01  0.7558000E-01  0.7556000E-01
  0.7090980E-01  0.7112630E-01  0.7156000E-01  0.7155990E-01  0.7225620E-01  0.7294890E-01  0.7296000E-01  0.7295970E-01  0.7318950E-01  0.7365000E-01  0.7364940E-01  0.7364880E-01  0.7364660E-01  0.7364300E-01  0.7363710E-01  0.7471130E-01  0.7491250E-01  0.7500000E-01  0.7602130E-01  0.7640000E-01  0.7639000E-01  0.7638000E-01  0.7637000E-01  0.7635000E-01  0.7633000E-01  0.7631000E-01  0.7630000E-01  0.7628000E-01  0.7626000E-01  0.7624000E-01
  0.7112650E-01  0.7156000E-01  0.7156000E-01  0.7225810E-01  0.7295440E-01  0.7296000E-01  0.7295980E-01  0.7318980E-01  0.7365000E-01  0.7364970E-01  0.7364940E-01  0.7364830E-01  0.7364610E-01  0.7540670E-01  0.7651070E-01  0.7712540E-01  0.7712500E-01  0.7715930E-01  0.7722170E-01  0.7745500E-01  0.7710000E-01  0.7709000E-01  0.7707000E-01  0.7705000E-01  0.7703000E-01  0.7700000E-01  0.7698000E-01  0.7696000E-01  0.7694000E-01  0.7691000E-01
  0.7156000E-01  0.7156000E-01  0.7225910E-01  0.7295720E-01  0.7296000E-01  0.7295990E-01  0.7318990E-01  0.7365000E-01  0.7364980E-01  0.7364970E-01  0.7364910E-01  0.7364790E-01  0.7683350E-01  0.8072220E-01  0.8070000E-01  0.7924730E-01  0.7933870E-01  0.7925000E-01  0.7830370E-01  0.7781000E-01  0.7781000E-01  0.7779000E-01  0.7777000E-01  0.7774000E-01  0.7772000E-01  0.7770000E-01  0.7767000E-01  0.7765000E-01  0.7762000E-01  0.7759000E-01
  0.7156000E-01  0.7225950E-01  0.7295860E-01  0.7296000E-01  0.7296000E-01  0.7319000E-01  0.7365000E-01  0.7364990E-01  0.7364980E-01  0.7364950E-01  0.7733730E-01  0.8287000E-01  0.8145640E-01  0.8074440E-01  0.8074440E-01  0.8070000E-01  0.7982560E-01  0.7942750E-01  0.7925000E-01  0.7870000E-01  0.7852000E-01  0.7849000E-01  0.7847000E-01  0.7844000E-01  0.7842000E-01  0.7839000E-01  0.7836000E-01  0.7833000E-01  0.7830000E-01  0.7827000E-01
  0.7225980E-01  0.7295930E-01  0.7296000E-01  0.7296000E-01  0.7319000E-01  0.7365000E-01  0.7365000E-01  0.7364990E-01  0.7364980E-01  0.7807530E-01  0.8287000E-01  0.8287000E-01  0.8287000E-01  0.8148920E-01  0.8078870E-01  0.8078870E-01  0.8070000E-01  0.7992500E-01  0.7960500E-01  0.7925000E-01  0.7922000E-01  0.7920000E-01  0.7917000E-01  0.7914000E-01  0.7911000E-01  0.7908000E-01  0.7905000E-01  0.7902000E-01  0.7898000E-01  0.7895000E-01
  0.7295960E-01  0.7296000E-01  0.7296000E-01  0.7319000E-01  0.7365000E-01  0.7365000E-01  0.7365000E-01  0.7685240E-01  0.7979650E-01  0.8287190E-01  0.8287000E-01  0.8287000E-01  0.8287000E-01  0.8287000E-01  0.8155360E-01  0.8087750E-01  0.8087750E-01  0.8070000E-01  0.8014500E-01  0.7996000E-01  0.7993000E-01  0.7990000E-01  0.7987000E-01  0.7984000E-01  0.7981000E-01  0.7977000E-01  0.7974000E-01  0.7970000E-01  0.7967000E-01  0.7963000E-01
  0.7296000E-01  0.7296000E-01  0.7319000E-01  0.7365000E-01  0.7365000E-01  0.7907430E-01  0.8721000E-01  0.8683500E-01  0.8646000E-01  0.8407200E-01  0.8287580E-01  0.8287000E-01  0.8287000E-01  0.8287000E-01  0.8287000E-01  0.8167830E-01  0.8105500E-01  0.8105500E-01  0.8070000E-01  0.8067000E-01  0.8064000E-01  0.8061000E-01  0.8058000E-01  0.8054000E-01  0.8051000E-01  0.8047000E-01  0.8043000E-01  0.8039000E-01  0.8035000E-01  0.8031000E-01
  0.7296000E-01  0.7319000E-01  0.7365000E-01  0.7365000E-01  0.8015990E-01  0.8721140E-01  0.8721140E-01  0.8721000E-01  0.8683500E-01  0.8646000E-01  0.8408200E-01  0.8288750E-01  0.8287000E-01  0.8287000E-01  0.8287000E-01  0.8287000E-01  0.8191060E-01  0.8141000E-01  0.8141000E-01  0.8138000E-01  0.8135000E-01  0.8131000E-01  0.8128000E-01  0.8124000E-01  0.8120000E-01  0.8116000E-01  0.8112000E-01  0.8108000E-01  0.8103000E-01  0.8098000E-01
