iMOD/TUTORIALS/TUT_MetaswapAnalyser/model_MetaSWAP/meteo/Evaporation/Evaporation_20050918_L1.ASC
NCOLS                30
NROWS                30
XLLCORNER     160000.00
YLLCORNER     340000.00
CELLSIZE        1000.00
NODATA_VALUE   -9999.00
   2.509420       2.510610       2.511830       2.513080       2.514360       2.515670       2.517020       2.518400       2.519820       2.521270       2.522760       2.524280       2.525840       2.527450       2.529090       2.530770       2.532490       2.534250       2.536050       2.537890       2.539770       2.541690       2.543660       2.545660       2.547710       2.549790       2.551920       2.554090       2.556300       2.558540    
   2.511090       2.512280       2.513490       2.514730       2.516010       2.517320       2.518660       2.520040       2.521450       2.522900       2.524380       2.525900       2.527470       2.529060       2.530700       2.532380       2.534100       2.535860       2.537660       2.539500       2.541380       2.543310       2.545270       2.547280       2.549330       2.551420       2.553550       2.555720       2.557940       2.560190    
   2.512760       2.513940       2.515140       2.516380       2.517650       2.518960       2.520300       2.521670       2.523080       2.524520       2.526000       2.527520       2.529080       2.530680       2.532310       2.533990       2.535710       2.537470       2.539270       2.541110       2.542990       2.544920       2.546890       2.548900       2.550950       2.553040       2.555180       2.557350       2.559570       2.561830    
   2.514420       2.515590       2.516790       2.518030       2.519300       2.520590       2.521930       2.523300       2.524700       2.526140       2.527620       2.529130       2.530690       2.532280       2.533920       2.535590       2.537310       2.539070       2.540870       2.542710       2.544600       2.546520       2.548490       2.550510       2.552560       2.554660       2.556800       2.558980       2.561200       2.563460    
   2.516080       2.517240       2.518440       2.519670       2.520930       2.522230       2.523560       2.524920       2.526320       2.527750       2.529230       2.530740       2.532290       2.533890       2.535520       2.537190       2.538910       2.540670       2.542470       2.544310       2.546190       2.548120       2.550090       2.552110       2.554170       2.556270       2.558410       2.560600       2.562830       2.565100    
   2.517730       2.518890       2.520090       2.521310       2.522570       2.523860       2.525180       2.526540       2.527930       2.529370       2.530840       2.532350       2.533900       2.535480       2.537120       2.538790       2.540500       2.542260       2.544060       2.545900       2.547790       2.549720       2.551690       2.553710       2.555770       2.557870       2.560020       2.562210       2.564450       2.566720    
   2.519390       2.520540       2.521730       2.522950       2.524200       2.525480       2.526800       2.528160       2.529550       2.530980       2.532440       2.533950       2.535490       2.537080       2.538710       2.540380       2.542090       2.543850       2.545650       2.547490       2.549380       2.551310       2.553290       2.555310       2.557370       2.559480       2.561630       2.563830       2.566070       2.568350    
   2.521040       2.522190       2.523370       2.524590       2.525830       2.527110       2.528420       2.529770       2.531160       2.532580       2.534050       2.535550       2.537090       2.538670       2.540300       2.541970       2.543680       2.545440       2.547230       2.549080       2.550970       2.552900       2.554880       2.556900       2.558970       2.561080       2.563240       2.565440       2.567680       2.569970    
   2.522700       2.523840       2.525020       2.526230       2.527470       2.528740       2.530050       2.531390       2.532770       2.534190       2.535650       2.537150       2.538690       2.540270       2.541890       2.543560       2.545270       2.547020       2.548820       2.550660       2.552550       2.554490       2.556470       2.558490       2.560570       2.562680       2.564840       2.567050       2.569300       2.571600    
   2.524350       2.525490       2.526660       2.527870       2.529100       2.530370       2.531670       2.533010       2.534380       2.535800       2.537250       2.538750       2.540280       2.541860       2.543480       2.545140       2.546850       2.548610       2.550410       2.552250       2.554140       2.556080       2.558060       2.560090       2.562160       2.564280       2.566450       2.568660       2.570920       2.573220    
   2.524360       2.525500       2.527380       2.529510       2.530740       2.532000       2.533290       2.534630       2.536000       2.537410       2.538860       2.540350       2.541880       2.543450       2.545070       2.546730       2.548440       2.550190       2.551990       2.553840       2.555730       2.557660       2.559650       2.561680       2.563760       2.565880       2.568060       2.570270       2.572540       2.574850    
   2.524370       2.526690       2.529510       2.531660       2.532370       2.533630       2.534920       2.536250       2.537610       2.539020       2.540460       2.541950       2.543480       2.545050       2.546660       2.548320       2.550030       2.551780       2.553580       2.555420       2.557310       2.559250       2.561240       2.563280       2.565360       2.567490       2.569660       2.571890       2.574160       2.576470    
   2.525960       2.529510       2.532100       2.533200       2.534020       2.535270       2.536550       2.537870       2.539230       2.540630       2.542070       2.543550       2.545080       2.546650       2.548260       2.549920       2.551620       2.553370       2.555170       2.557010       2.558900       2.560840       2.562830       2.564870       2.566960       2.569090       2.571270       2.573500       2.575780       2.578100    
   2.529510       2.532310       2.533610       2.534020       2.535400       2.536910       2.538190       2.539500       2.540860       2.542250       2.543690       2.545160       2.546680       2.548250       2.549860       2.551510       2.553210       2.554960       2.556760       2.558600       2.560500       2.562440       2.564430       2.566470       2.568560       2.570700       2.572890       2.575130       2.577410       2.579740    
   2.532410       2.533810       2.534020       2.535440       2.536910       2.538310       2.539830       2.541140       2.542490       2.543880       2.545310       2.546780       2.548290       2.549850       2.551460       2.553110       2.554810       2.556560       2.558350       2.560200       2.562090       2.564040       2.566030       2.568080       2.570170       2.572320       2.574510       2.576750       2.579040       2.581380    
   2.533920       2.534020       2.535460       2.536910       2.538350       2.539830       2.540480       2.541150       2.543260       2.545510       2.546930       2.548400       2.549910       2.551470       2.553070       2.554720       2.556410       2.558160       2.559960       2.561800       2.563700       2.565640       2.567640       2.569690       2.571780       2.573930       2.576130       2.578380       2.580680       2.583030    
   2.534020       2.535460       2.536910       2.538360       2.539830       2.540160       2.540490       2.542600       2.545510       2.546220       2.548510       2.550030       2.551530       2.553080       2.554680       2.556330       2.558020       2.559770       2.561560       2.563410       2.565300       2.567250       2.569250       2.571300       2.573410       2.575560       2.577760       2.580020       2.582330       2.584680    
   2.535460       2.536910       2.538370       2.539830       2.539990       2.540160       2.542190       2.545510       2.545870       2.548550       2.550850       2.551660       2.553160       2.554710       2.556310       2.557950       2.559640       2.561380       2.563180       2.565020       2.566920       2.568870       2.570870       2.572930       2.575030       2.577190       2.579400       2.581670       2.583980       2.586340    
   2.536910       2.538370       2.539830       2.539910       2.539990       2.541960       2.545510       2.545690       2.548570       2.551250       2.551660       2.552410       2.553970       2.556350       2.557940       2.559580       2.561270       2.563010       2.564800       2.566650       2.568540       2.570490       2.572500       2.574560       2.576670       2.578830       2.581050       2.583320       2.585640       2.588010    
   2.538370       2.539830       2.539870       2.539910       2.541840       2.545510       2.545600       2.548580       2.551460       2.551660       2.552040       2.553600       2.556350       2.557150       2.557960       2.559600       2.561290       2.563030       2.566530       2.568280       2.570180       2.572130       2.574140       2.576200       2.578310       2.580490       2.582710       2.584990       2.587320       2.589700    
   2.539830       2.539850       2.539870       2.541780       2.545510       2.545550       2.548580       2.551560       2.551660       2.551850       2.553410       2.556350       2.556750       2.557150       2.558230       2.559610       2.561300       2.565970       2.569100       2.569920       2.571820       2.573770       2.575780       2.577850       2.579970       2.582150       2.584380       2.586660       2.589000       2.591390    
   2.539840       2.539850       2.541750       2.545510       2.545530       2.548580       2.551610       2.551660       2.551750       2.553320       2.556350       2.556550       2.556750       2.557380       2.558330       2.559720       2.565260       2.569510       2.569920       2.571740       2.573480       2.575430       2.577440       2.579510       2.581640       2.583820       2.586060       2.588350       2.590700       2.593100    
   2.539840       2.541740       2.545510       2.545520       2.548580       2.551630       2.551660       2.551710       2.553270       2.556350       2.556450       2.556550       2.556890       2.557490       2.558480       2.565600       2.569720       2.569920       2.573620       2.575150       2.576330       2.577100       2.579120       2.581190       2.583320       2.585510       2.587750       2.590050       2.592410       2.594820    
   2.541730       2.545510       2.545520       2.548580       2.551650       2.551660       2.551680       2.553250       2.556350       2.556400       2.556450       2.556630       2.556980       2.563650       2.569630       2.575000       2.575000       2.575970       2.577120       2.577670       2.576830       2.578790       2.580800       2.582880       2.585020       2.587210       2.589460       2.591770       2.594140       2.596560    
   2.545510       2.545510       2.548580       2.551650       2.551660       2.551670       2.553240       2.556350       2.556380       2.556400       2.556490       2.556690       2.568190       2.581820       2.581760       2.579480       2.580290       2.580070       2.579120       2.578530       2.578520       2.580480       2.582510       2.584590       2.586730       2.588930       2.591190       2.593510       2.595880       2.598310    
   2.545510       2.548580       2.551660       2.551660       2.551670       2.553230       2.556350       2.556360       2.556380       2.556420       2.568100       2.585460       2.583080       2.581870       2.581870       2.581760       2.580870       2.580510       2.580070       2.580200       2.580240       2.582200       2.584220       2.586310       2.588460       2.590660       2.592930       2.595260       2.597640       2.600080    
   2.548580       2.551660       2.551660       2.551660       2.553230       2.556350       2.556360       2.556360       2.556390       2.570360       2.585460       2.585460       2.585460       2.583160       2.581980       2.581980       2.581760       2.581150       2.580950       2.580070       2.581970       2.583930       2.585960       2.588050       2.590200       2.592420       2.594690       2.597030       2.599420       2.601880    
   2.551660       2.551660       2.551660       2.553220       2.556350       2.556350       2.556360       2.565660       2.575050       2.585470       2.585460       2.585460       2.585460       2.585460       2.583330       2.582210       2.582210       2.581760       2.581810       2.581820       2.583720       2.585690       2.587720       2.589810       2.591970       2.594190       2.596480       2.598820       2.601230       2.603690    
   2.551660       2.551660       2.553220       2.556350       2.556350       2.571420       2.594020       2.593780       2.593540       2.588170       2.585480       2.585460       2.585460       2.585460       2.585460       2.583650       2.582660       2.582650       2.581760       2.583590       2.585500       2.587460       2.589500       2.591590       2.593760       2.595990       2.598280       2.600640       2.603050       2.605530    
   2.551660       2.553220       2.556350       2.556350       2.574440       2.594020       2.594020       2.594020       2.593780       2.593540       2.588190       2.585510       2.585460       2.585460       2.585460       2.585460       2.584270       2.583560       2.583550       2.585390       2.587290       2.589260       2.591300       2.593400       2.595570       2.597810       2.600110       2.602470       2.604900       2.607390    
