iMOD/TUTORIALS/TUT_MetaswapAnalyser/model_MetaSWAP/meteo/Evaporation/Evaporation_20060324_L1.ASC
NCOLS                30
NROWS                30
XLLCORNER     160000.00
YLLCORNER     340000.00
CELLSIZE        1000.00
NODATA_VALUE   -9999.00
  0.7343300      0.7361400      0.7379600      0.7398100      0.7416800      0.7435700      0.7455000      0.7474400      0.7494200      0.7514300      0.7534600      0.7555300      0.7576300      0.7597600      0.7619200      0.7641200      0.7663600      0.7686300      0.7709300      0.7732700      0.7756500      0.7780700      0.7805200      0.7830100      0.7855300      0.7881000      0.7907000      0.7933400      0.7960100      0.7987200    
  0.7334100      0.7352100      0.7370400      0.7388900      0.7407600      0.7426600      0.7445800      0.7465300      0.7485000      0.7505100      0.7525500      0.7546100      0.7567100      0.7588400      0.7610100      0.7632000      0.7654400      0.7677000      0.7700000      0.7723400      0.7747200      0.7771300      0.7795800      0.7820600      0.7845800      0.7871400      0.7897300      0.7923700      0.7950400      0.7977400    
  0.7324800      0.7342900      0.7361100      0.7379600      0.7398300      0.7417300      0.7436500      0.7456000      0.7475800      0.7495900      0.7516200      0.7536900      0.7557900      0.7579200      0.7600800      0.7622800      0.7645100      0.7667700      0.7690700      0.7714100      0.7737800      0.7761800      0.7786300      0.7811100      0.7836200      0.7861800      0.7887700      0.7913900      0.7940500      0.7967500    
  0.7315500      0.7333500      0.7351800      0.7370300      0.7389000      0.7408000      0.7427200      0.7446700      0.7466500      0.7486600      0.7506900      0.7527600      0.7548600      0.7569900      0.7591500      0.7613400      0.7635700      0.7658300      0.7681300      0.7704600      0.7728300      0.7752300      0.7776700      0.7801500      0.7826600      0.7852100      0.7877900      0.7904100      0.7930700      0.7957600    
  0.7306100      0.7324200      0.7342400      0.7360900      0.7379700      0.7398600      0.7417900      0.7437400      0.7457200      0.7477200      0.7497600      0.7518200      0.7539200      0.7560500      0.7582100      0.7604000      0.7626300      0.7648900      0.7671800      0.7695100      0.7718800      0.7742800      0.7767100      0.7791800      0.7816900      0.7842300      0.7868100      0.7894300      0.7920800      0.7947600    
  0.7296700      0.7314800      0.7333000      0.7351500      0.7370300      0.7389200      0.7408500      0.7428000      0.7447800      0.7467800      0.7488200      0.7508800      0.7529800      0.7551100      0.7572600      0.7594600      0.7616800      0.7639400      0.7662300      0.7685600      0.7709200      0.7733100      0.7757500      0.7782100      0.7807200      0.7832500      0.7858300      0.7884400      0.7910800      0.7937600    
  0.7287300      0.7305300      0.7323600      0.7342100      0.7360800      0.7379800      0.7399000      0.7418500      0.7438300      0.7458400      0.7478700      0.7499400      0.7520300      0.7541600      0.7563100      0.7585000      0.7607300      0.7629800      0.7652700      0.7676000      0.7699500      0.7723500      0.7747700      0.7772400      0.7797400      0.7822700      0.7848400      0.7874400      0.7900800      0.7927500    
  0.7277800      0.7295900      0.7314100      0.7332600      0.7351300      0.7370300      0.7389500      0.7409000      0.7428800      0.7448900      0.7469200      0.7489800      0.7510800      0.7532000      0.7553600      0.7575500      0.7597700      0.7620200      0.7643100      0.7666300      0.7689800      0.7713700      0.7738000      0.7762600      0.7787500      0.7812800      0.7838400      0.7864400      0.7890800      0.7917400    
  0.7268400      0.7286400      0.7304600      0.7323100      0.7341800      0.7360800      0.7380000      0.7399500      0.7419300      0.7439300      0.7459600      0.7480300      0.7501200      0.7522400      0.7544000      0.7565800      0.7588000      0.7610500      0.7633400      0.7656600      0.7680100      0.7703900      0.7728200      0.7752700      0.7777600      0.7802800      0.7828400      0.7854400      0.7880700      0.7907300    
  0.7258800      0.7276800      0.7295100      0.7313500      0.7332200      0.7351200      0.7370400      0.7389900      0.7409700      0.7429700      0.7450000      0.7470600      0.7491600      0.7512800      0.7534300      0.7556200      0.7578300      0.7600800      0.7623600      0.7646800      0.7670300      0.7694100      0.7718300      0.7742800      0.7767700      0.7792900      0.7818400      0.7844300      0.7870500      0.7897100    
  0.7258900      0.7276900      0.7297330      0.7303900      0.7322600      0.7341600      0.7360800      0.7380300      0.7400000      0.7420100      0.7440400      0.7461000      0.7481900      0.7503100      0.7524600      0.7546400      0.7568600      0.7591000      0.7613800      0.7637000      0.7660400      0.7684200      0.7708400      0.7732800      0.7757700      0.7782800      0.7808300      0.7834200      0.7860400      0.7886900    
  0.7258980      0.7284260      0.7303900      0.7310720      0.7313000      0.7332000      0.7351200      0.7370600      0.7390400      0.7410400      0.7430700      0.7451300      0.7472200      0.7493400      0.7514900      0.7536700      0.7558800      0.7581200      0.7604000      0.7627100      0.7650500      0.7674300      0.7698400      0.7722900      0.7747600      0.7772800      0.7798200      0.7824000      0.7850200      0.7876600    
  0.7272090      0.7303900      0.7306560      0.7308200      0.7303400      0.7322300      0.7341500      0.7361000      0.7380700      0.7400700      0.7421000      0.7441500      0.7462400      0.7483600      0.7505100      0.7526900      0.7549000      0.7571400      0.7594100      0.7617200      0.7640600      0.7664300      0.7688400      0.7712800      0.7737600      0.7762600      0.7788100      0.7813800      0.7839900      0.7866400    
  0.7303900      0.7304910      0.7305800      0.7303400      0.7312770      0.7312600      0.7331800      0.7351300      0.7371000      0.7391000      0.7411200      0.7431800      0.7452600      0.7473800      0.7495200      0.7517000      0.7539100      0.7561500      0.7584200      0.7607300      0.7630600      0.7654300      0.7678400      0.7702800      0.7727500      0.7752500      0.7777900      0.7803600      0.7829600      0.7856000    
  0.7304200      0.7304600      0.7303400      0.7309590      0.7312600      0.7322170      0.7322100      0.7341500      0.7361200      0.7381200      0.7401400      0.7422000      0.7442800      0.7464000      0.7485400      0.7507100      0.7529200      0.7551600      0.7574300      0.7597300      0.7620600      0.7644300      0.7668300      0.7692600      0.7717300      0.7742300      0.7767700      0.7793300      0.7819300      0.7845700    
  0.7304000      0.7303400      0.7308530      0.7312600      0.7318960      0.7322100      0.7331800      0.7341600      0.7363820      0.7371400      0.7391600      0.7412200      0.7433000      0.7454100      0.7475500      0.7497200      0.7519300      0.7541600      0.7564300      0.7587300      0.7610600      0.7634200      0.7658200      0.7682500      0.7707100      0.7732100      0.7757400      0.7783100      0.7809000      0.7835300    
  0.7303400      0.7308180      0.7312600      0.7317890      0.7322100      0.7326950      0.7331830      0.7352160      0.7371400      0.7381500      0.7393980      0.7402300      0.7423100      0.7444200      0.7465600      0.7487300      0.7509300      0.7531600      0.7554300      0.7577200      0.7600500      0.7624100      0.7648100      0.7672300      0.7696900      0.7721900      0.7747100      0.7772700      0.7798700      0.7824900    
  0.7308060      0.7312600      0.7317530      0.7322100      0.7324530      0.7326960      0.7345580      0.7371400      0.7376450      0.7387330      0.7397350      0.7392400      0.7413200      0.7434300      0.7455600      0.7477300      0.7499300      0.7521600      0.7544200      0.7567200      0.7590400      0.7614000      0.7637900      0.7662200      0.7686700      0.7711600      0.7736800      0.7762400      0.7788300      0.7814500    
  0.7312600      0.7317410      0.7322100      0.7323310      0.7324530      0.7342120      0.7371400      0.7373930      0.7384490      0.7394880      0.7392400      0.7402800      0.7416050      0.7424300      0.7445700      0.7467300      0.7489300      0.7511600      0.7534200      0.7557100      0.7580300      0.7603800      0.7627700      0.7651900      0.7676500      0.7701300      0.7726500      0.7752000      0.7777900      0.7804100    
  0.7317370      0.7322100      0.7322710      0.7323310      0.7340340      0.7371400      0.7372660      0.7383170      0.7393640      0.7392400      0.7397600      0.7408890      0.7424300      0.7435000      0.7445770      0.7467430      0.7489400      0.7511700      0.7537320      0.7546900      0.7570100      0.7593700      0.7617500      0.7641700      0.7666200      0.7691000      0.7716200      0.7741700      0.7767500      0.7793600    
  0.7322100      0.7322400      0.7322710      0.7339440      0.7371400      0.7372030      0.7382530      0.7393020      0.7392400      0.7395000      0.7405800      0.7424300      0.7429650      0.7435020      0.7449400      0.7467530      0.7489510      0.7523410      0.7541850      0.7536800      0.7560000      0.7583500      0.7607300      0.7631400      0.7655900      0.7680700      0.7705800      0.7731300      0.7757100      0.7783100    
  0.7322250      0.7322400      0.7338990      0.7371400      0.7371720      0.7382210      0.7392710      0.7392400      0.7393700      0.7404370      0.7424300      0.7426970      0.7429660      0.7438020      0.7450650      0.7468810      0.7511320      0.7539320      0.7536800      0.7548870      0.7549800      0.7573300      0.7597100      0.7621200      0.7645600      0.7670400      0.7695500      0.7720900      0.7746600      0.7772700    
  0.7322250      0.7338760      0.7371400      0.7371560      0.7382060      0.7392550      0.7392400      0.7393050      0.7403690      0.7424300      0.7425640      0.7426980      0.7431550      0.7439440      0.7452500      0.7495030      0.7538060      0.7536800      0.7537390      0.7539600      0.7553660      0.7563000      0.7586800      0.7610900      0.7635300      0.7660000      0.7685100      0.7710500      0.7736200      0.7762200    
  0.7338650      0.7371400      0.7371480      0.7381980      0.7392480      0.7392400      0.7392720      0.7403360      0.7424300      0.7424970      0.7425640      0.7428060      0.7432660      0.7439070      0.7465760      0.7506300      0.7506300      0.7516540      0.7527700      0.7524300      0.7529400      0.7552800      0.7576500      0.7600600      0.7625000      0.7649700      0.7674700      0.7700000      0.7725700      0.7751700    
  0.7371400      0.7371440      0.7381940      0.7392440      0.7392400      0.7392560      0.7403200      0.7424300      0.7424630      0.7424970      0.7426220      0.7428780      0.7432890      0.7432480      0.7432800      0.7468470      0.7474520      0.7475800      0.7504990      0.7519200      0.7519200      0.7542600      0.7566300      0.7590300      0.7614600      0.7639300      0.7664300      0.7689600      0.7715200      0.7741200    
  0.7371420      0.7381920      0.7392420      0.7392400      0.7392480      0.7403110      0.7424300      0.7424470      0.7424630      0.7425270      0.7408070      0.7380200      0.7414790      0.7432160      0.7432160      0.7432800      0.7460260      0.7473250      0.7475800      0.7500670      0.7509000      0.7532300      0.7556000      0.7580000      0.7604300      0.7628900      0.7653900      0.7679200      0.7704800      0.7730700    
  0.7381910      0.7392410      0.7392400      0.7392440      0.7403070      0.7424300      0.7424380      0.7424470      0.7424790      0.7403680      0.7380200      0.7380200      0.7380200      0.7414330      0.7431530      0.7431520      0.7432800      0.7459170      0.7470700      0.7475800      0.7498700      0.7522100      0.7545700      0.7569700      0.7593900      0.7618600      0.7643500      0.7668800      0.7694300      0.7720200    
  0.7392410      0.7392400      0.7392420      0.7403050      0.7424300      0.7424340      0.7424380      0.7395540      0.7382970      0.7380170      0.7380200      0.7380200      0.7380200      0.7380200      0.7413430      0.7430250      0.7430250      0.7432800      0.7457400      0.7465600      0.7488500      0.7511800      0.7535400      0.7559300      0.7583600      0.7608200      0.7633100      0.7658300      0.7683900      0.7709700    
  0.7392400      0.7392410      0.7403040      0.7424300      0.7424320      0.7365560      0.7277400      0.7292950      0.7308500      0.7356220      0.7380120      0.7380200      0.7380200      0.7380200      0.7380200      0.7411720      0.7427710      0.7427700      0.7432800      0.7455400      0.7478300      0.7501600      0.7525100      0.7549000      0.7573300      0.7597800      0.7622700      0.7647900      0.7673400      0.7699300    
  0.7392410      0.7403040      0.7424300      0.7424310      0.7353780      0.7277380      0.7277380      0.7277400      0.7292950      0.7308500      0.7356080      0.7379950      0.7380200      0.7380200      0.7380200      0.7380200      0.7408740      0.7422630      0.7422600      0.7445200      0.7468100      0.7491300      0.7514900      0.7538700      0.7563000      0.7587500      0.7612300      0.7637500      0.7663000      0.7688800    
