iMOD/TUTORIALS/TUT_MetaswapAnalyser/model_MetaSWAP/meteo/Evaporation/Evaporation_20060609_L1.ASC
NCOLS                30
NROWS                30
XLLCORNER     160000.00
YLLCORNER     340000.00
CELLSIZE        1000.00
NODATA_VALUE   -9999.00
   4.919280       4.919750       4.920220       4.920710       4.921200       4.921690       4.922200       4.922700       4.923210       4.923720       4.924220       4.924730       4.925230       4.925730       4.926230       4.926720       4.927200       4.927680       4.928150       4.928600       4.929050       4.929490       4.929920       4.930330       4.930740       4.931120       4.931500       4.931860       4.932210       4.932540    
   4.919540       4.919990       4.920450       4.920920       4.921400       4.921880       4.922370       4.922860       4.923360       4.923850       4.924350       4.924840       4.925330       4.925820       4.926300       4.926780       4.927260       4.927720       4.928180       4.928630       4.929070       4.929500       4.929910       4.930320       4.930710       4.931100       4.931460       4.931820       4.932160       4.932490    
   4.919800       4.920240       4.920690       4.921140       4.921610       4.922080       4.922550       4.923030       4.923510       4.923990       4.924480       4.924960       4.925440       4.925920       4.926390       4.926860       4.927320       4.927770       4.928220       4.928660       4.929090       4.929510       4.929920       4.930320       4.930700       4.931080       4.931440       4.931790       4.932120       4.932440    
   4.920070       4.920500       4.920930       4.921380       4.921830       4.922280       4.922740       4.923210       4.923680       4.924150       4.924620       4.925090       4.925560       4.926020       4.926480       4.926940       4.927390       4.927830       4.928270       4.928700       4.929120       4.929530       4.929930       4.930320       4.930700       4.931070       4.931420       4.931760       4.932090       4.932410    
   4.920350       4.920760       4.921190       4.921620       4.922050       4.922500       4.922950       4.923400       4.923850       4.924310       4.924770       4.925230       4.925680       4.926140       4.926590       4.927030       4.927470       4.927900       4.928330       4.928750       4.929160       4.929560       4.929960       4.930340       4.930710       4.931070       4.931410       4.931750       4.932070       4.932380    
   4.920640       4.921040       4.921450       4.921860       4.922290       4.922720       4.923150       4.923600       4.924040       4.924480       4.924930       4.925370       4.925820       4.926260       4.926700       4.927130       4.927560       4.927980       4.928400       4.928810       4.929210       4.929600       4.929990       4.930360       4.930720       4.931080       4.931410       4.931740       4.932060       4.932360    
   4.920930       4.921320       4.921710       4.922120       4.922530       4.922950       4.923370       4.923800       4.924230       4.924660       4.925100       4.925530       4.925960       4.926390       4.926820       4.927240       4.927660       4.928070       4.928480       4.928880       4.929270       4.929660       4.930030       4.930390       4.930750       4.931090       4.931420       4.931740       4.932050       4.932350    
   4.921230       4.921600       4.921990       4.922380       4.922780       4.923190       4.923600       4.924010       4.924430       4.924850       4.925270       4.925690       4.926110       4.926530       4.926950       4.927360       4.927770       4.928170       4.928570       4.928960       4.929340       4.929710       4.930080       4.930440       4.930780       4.931120       4.931440       4.931750       4.932060       4.932340    
   4.921540       4.921900       4.922270       4.922650       4.923040       4.923430       4.923830       4.924230       4.924640       4.925050       4.925460       4.925870       4.926270       4.926680       4.927090       4.927490       4.927890       4.928280       4.928660       4.929040       4.929420       4.929780       4.930140       4.930490       4.930820       4.931150       4.931470       4.931770       4.932070       4.932350    
   4.921850       4.922200       4.922560       4.922930       4.923300       4.923680       4.924070       4.924460       4.924850       4.925250       4.925650       4.926050       4.926440       4.926840       4.927230       4.927620       4.928010       4.928390       4.928770       4.929140       4.929500       4.929860       4.930200       4.930540       4.930870       4.931190       4.931500       4.931800       4.932090       4.932360    
   4.921850       4.922200       4.922730       4.923210       4.923570       4.923940       4.924320       4.924700       4.925080       4.925460       4.925850       4.926230       4.926620       4.927010       4.927390       4.927770       4.928140       4.928520       4.928880       4.929240       4.929600       4.929940       4.930280       4.930610       4.930930       4.931240       4.931540       4.931830       4.932110       4.932380    
   4.921860       4.922500       4.923210       4.923690       4.923850       4.924210       4.924570       4.924940       4.925310       4.925680       4.926060       4.926430       4.926800       4.927180       4.927550       4.927920       4.928280       4.928650       4.929000       4.929350       4.929700       4.930030       4.930360       4.930680       4.931000       4.931300       4.931590       4.931880       4.932150       4.932410    
   4.922270       4.923210       4.923760       4.923990       4.924130       4.924480       4.924830       4.925190       4.925540       4.925910       4.926270       4.926630       4.927000       4.927360       4.927720       4.928080       4.928430       4.928780       4.929130       4.929470       4.929810       4.930130       4.930450       4.930770       4.931070       4.931370       4.931650       4.931930       4.932190       4.932450    
   4.923210       4.923790       4.924060       4.924130       4.924460       4.924760       4.925100       4.925440       4.925790       4.926140       4.926490       4.926840       4.927200       4.927550       4.927900       4.928240       4.928590       4.928930       4.929270       4.929600       4.929920       4.930240       4.930550       4.930860       4.931150       4.931440       4.931720       4.931990       4.932240       4.932490    
   4.923810       4.924100       4.924130       4.924450       4.924760       4.925080       4.925370       4.925700       4.926040       4.926380       4.926720       4.927060       4.927400       4.927740       4.928080       4.928420       4.928750       4.929080       4.929410       4.929730       4.930050       4.930360       4.930660       4.930960       4.931240       4.931520       4.931790       4.932050       4.932300       4.932540    
   4.924110       4.924130       4.924450       4.924760       4.925070       4.925370       4.925540       4.925700       4.926190       4.926620       4.926950       4.927280       4.927610       4.927940       4.928270       4.928600       4.928920       4.929240       4.929560       4.929870       4.930180       4.930480       4.930770       4.931060       4.931340       4.931610       4.931870       4.932120       4.932370       4.932600    
   4.924130       4.924450       4.924760       4.925070       4.925370       4.925450       4.925540       4.926010       4.926620       4.926780       4.927220       4.927510       4.927830       4.928150       4.928470       4.928790       4.929100       4.929410       4.929720       4.930020       4.930320       4.930610       4.930890       4.931170       4.931440       4.931700       4.931960       4.932200       4.932440       4.932660    
   4.924450       4.924760       4.925070       4.925370       4.925410       4.925450       4.925910       4.926620       4.926700       4.927200       4.927630       4.927750       4.928060       4.928370       4.928680       4.928980       4.929290       4.929590       4.929880       4.930180       4.930460       4.930750       4.931020       4.931290       4.931550       4.931810       4.932050       4.932290       4.932520       4.932740    
   4.924760       4.925070       4.925370       4.925390       4.925410       4.925850       4.926620       4.926660       4.927190       4.927690       4.927750       4.927910       4.928190       4.928590       4.928890       4.929180       4.929480       4.929770       4.930060       4.930340       4.930620       4.930890       4.931160       4.931420       4.931670       4.931920       4.932150       4.932380       4.932600       4.932810    
   4.925070       4.925370       4.925380       4.925390       4.925820       4.926620       4.926640       4.927190       4.927720       4.927750       4.927830       4.928110       4.928590       4.928740       4.928890       4.929180       4.929480       4.929770       4.930270       4.930510       4.930780       4.931040       4.931300       4.931550       4.931790       4.932030       4.932260       4.932480       4.932700       4.932900    
   4.925370       4.925380       4.925380       4.925800       4.926620       4.926630       4.927190       4.927740       4.927750       4.927790       4.928070       4.928590       4.928670       4.928740       4.928940       4.929180       4.929480       4.930160       4.930590       4.930680       4.930940       4.931200       4.931450       4.931690       4.931930       4.932150       4.932380       4.932590       4.932790       4.932990    
   4.925370       4.925380       4.925790       4.926620       4.926630       4.927190       4.927740       4.927750       4.927770       4.928050       4.928590       4.928630       4.928660       4.928780       4.928950       4.929200       4.930030       4.930640       4.930680       4.930910       4.931110       4.931360       4.931600       4.931830       4.932060       4.932280       4.932500       4.932700       4.932900       4.933090    
   4.925370       4.925790       4.926620       4.926620       4.927190       4.927750       4.927750       4.927760       4.928040       4.928590       4.928610       4.928630       4.928690       4.928800       4.928980       4.930020       4.930660       4.930680       4.931110       4.931290       4.931430       4.931530       4.931760       4.931990       4.932210       4.932420       4.932620       4.932820       4.933010       4.933190    
   4.925790       4.926620       4.926620       4.927190       4.927750       4.927750       4.927760       4.928030       4.928590       4.928600       4.928610       4.928640       4.928710       4.929640       4.930490       4.931270       4.931260       4.931380       4.931510       4.931570       4.931470       4.931700       4.931930       4.932140       4.932350       4.932560       4.932760       4.932950       4.933130       4.933300    
   4.926620       4.926620       4.927190       4.927750       4.927750       4.927750       4.928030       4.928590       4.928590       4.928600       4.928620       4.928650       4.930240       4.932100       4.932090       4.931800       4.931880       4.931850       4.931730       4.931660       4.931660       4.931880       4.932100       4.932310       4.932510       4.932700       4.932890       4.933080       4.933250       4.933420    
   4.926620       4.927190       4.927750       4.927750       4.927750       4.928030       4.928590       4.928590       4.928590       4.928600       4.930220       4.932620       4.932280       4.932100       4.932100       4.932090       4.931960       4.931900       4.931850       4.931860       4.931860       4.932070       4.932270       4.932470       4.932670       4.932860       4.933040       4.933210       4.933380       4.933540    
   4.927190       4.927750       4.927750       4.927750       4.928030       4.928590       4.928590       4.928590       4.928600       4.930530       4.932620       4.932620       4.932620       4.932290       4.932120       4.932120       4.932090       4.931990       4.931950       4.931850       4.932060       4.932260       4.932460       4.932650       4.932830       4.933020       4.933190       4.933350       4.933510       4.933670    
   4.927750       4.927750       4.927750       4.928030       4.928590       4.928590       4.928590       4.929890       4.931190       4.932620       4.932620       4.932620       4.932620       4.932620       4.932310       4.932150       4.932150       4.932090       4.932070       4.932060       4.932260       4.932460       4.932640       4.932830       4.933010       4.933180       4.933340       4.933500       4.933650       4.933800    
   4.927750       4.927750       4.928030       4.928590       4.928590       4.930730       4.933930       4.933860       4.933780       4.933010       4.932620       4.932620       4.932620       4.932620       4.932620       4.932350       4.932210       4.932210       4.932090       4.932280       4.932470       4.932660       4.932840       4.933010       4.933180       4.933350       4.933500       4.933650       4.933800       4.933930    
   4.927750       4.928030       4.928590       4.928590       4.931150       4.933930       4.933930       4.933930       4.933860       4.933780       4.933010       4.932630       4.932620       4.932620       4.932620       4.932620       4.932430       4.932320       4.932320       4.932500       4.932690       4.932860       4.933030       4.933200       4.933360       4.933520       4.933670       4.933810       4.933950       4.934080    
