iMOD/TUTORIALS/TUT_MetaswapAnalyser/model_MetaSWAP/meteo/Evaporation/Evaporation_20060204_L1.ASC
NCOLS                30
NROWS                30
XLLCORNER     160000.00
YLLCORNER     340000.00
CELLSIZE        1000.00
NODATA_VALUE   -9999.00
  0.2776200      0.2764100      0.2751900      0.2739600      0.2727100      0.2714500      0.2701800      0.2689000      0.2676100      0.2663100      0.2650000      0.2636800      0.2623500      0.2610100      0.2596600      0.2583000      0.2569400      0.2555600      0.2541800      0.2527900      0.2513900      0.2499900      0.2485800      0.2471600      0.2457400      0.2443100      0.2428700      0.2414300      0.2399900      0.2385400    
  0.2769000      0.2757000      0.2744800      0.2732500      0.2720000      0.2707500      0.2694800      0.2682100      0.2669200      0.2656200      0.2643200      0.2630000      0.2616700      0.2603300      0.2589900      0.2576400      0.2562700      0.2549000      0.2535200      0.2521400      0.2507500      0.2493500      0.2479400      0.2465300      0.2451100      0.2436900      0.2422600      0.2408200      0.2393800      0.2379400    
  0.2761800      0.2749800      0.2737600      0.2725300      0.2712900      0.2700400      0.2687800      0.2675000      0.2662200      0.2649300      0.2636200      0.2623100      0.2609800      0.2596500      0.2583100      0.2569600      0.2556000      0.2542400      0.2528600      0.2514800      0.2500900      0.2487000      0.2473000      0.2458900      0.2444800      0.2430600      0.2416300      0.2402100      0.2387700      0.2373300    
  0.2754500      0.2742500      0.2730400      0.2718100      0.2705700      0.2693200      0.2680600      0.2667900      0.2655100      0.2642200      0.2629200      0.2616100      0.2602900      0.2589600      0.2576200      0.2562800      0.2549200      0.2535600      0.2521900      0.2508200      0.2494300      0.2480400      0.2466500      0.2452500      0.2438400      0.2424200      0.2410100      0.2395800      0.2381500      0.2367200    
  0.2747200      0.2735200      0.2723000      0.2710800      0.2698500      0.2686000      0.2673400      0.2660700      0.2648000      0.2635100      0.2622100      0.2609100      0.2595900      0.2582600      0.2569300      0.2555900      0.2542400      0.2528800      0.2515200      0.2501500      0.2487700      0.2473800      0.2459900      0.2445900      0.2431900      0.2417800      0.2403700      0.2389500      0.2375300      0.2361000    
  0.2739700      0.2727800      0.2715700      0.2703400      0.2691100      0.2678700      0.2666200      0.2653500      0.2640800      0.2627900      0.2615000      0.2601900      0.2588800      0.2575600      0.2562300      0.2548900      0.2535500      0.2522000      0.2508400      0.2494700      0.2481000      0.2467200      0.2453300      0.2439400      0.2425400      0.2411400      0.2397300      0.2383100      0.2369000      0.2354700    
  0.2732300      0.2720300      0.2708200      0.2696000      0.2683700      0.2671300      0.2658800      0.2646200      0.2633500      0.2620700      0.2607800      0.2594800      0.2581700      0.2568500      0.2555300      0.2541900      0.2528500      0.2515000      0.2501500      0.2487900      0.2474200      0.2460400      0.2446600      0.2432700      0.2418800      0.2404800      0.2390800      0.2376700      0.2362600      0.2348400    
  0.2724700      0.2712800      0.2700700      0.2688600      0.2676300      0.2663900      0.2651400      0.2638800      0.2626200      0.2613400      0.2600500      0.2587500      0.2574500      0.2561400      0.2548100      0.2534900      0.2521500      0.2508000      0.2494500      0.2481000      0.2467300      0.2453600      0.2439800      0.2426000      0.2412100      0.2398200      0.2384200      0.2370200      0.2356100      0.2342000    
  0.2717200      0.2705200      0.2693200      0.2681000      0.2668800      0.2656400      0.2644000      0.2631400      0.2618800      0.2606000      0.2593200      0.2580300      0.2567200      0.2554200      0.2541000      0.2527700      0.2514400      0.2501000      0.2487500      0.2474000      0.2460400      0.2446700      0.2433000      0.2419200      0.2405400      0.2391500      0.2377600      0.2363600      0.2349600      0.2335600    
  0.2709500      0.2697600      0.2685600      0.2673500      0.2661200      0.2648900      0.2636500      0.2624000      0.2611300      0.2598600      0.2585800      0.2572900      0.2559900      0.2546900      0.2533700      0.2520500      0.2507200      0.2493900      0.2480500      0.2467000      0.2453400      0.2439800      0.2426100      0.2412400      0.2398600      0.2384800      0.2370900      0.2357000      0.2343100      0.2329100    
  0.2709470      0.2697570      0.2680650      0.2665900      0.2653700      0.2641300      0.2628900      0.2616400      0.2603800      0.2591200      0.2578400      0.2565500      0.2552600      0.2539600      0.2526500      0.2513300      0.2500000      0.2486700      0.2473300      0.2459900      0.2446400      0.2432800      0.2419200      0.2405500      0.2391800      0.2378000      0.2364200      0.2350400      0.2336500      0.2322500    
  0.2709430      0.2688400      0.2665900      0.2650970      0.2646000      0.2633700      0.2621300      0.2608900      0.2596300      0.2583700      0.2570900      0.2558100      0.2545200      0.2532200      0.2519100      0.2506000      0.2492800      0.2479500      0.2466200      0.2452800      0.2439300      0.2425800      0.2412200      0.2398600      0.2384900      0.2371200      0.2357400      0.2343600      0.2329800      0.2315900    
  0.2696240      0.2665900      0.2649330      0.2642150      0.2638300      0.2626100      0.2613700      0.2601300      0.2588700      0.2576100      0.2563400      0.2550600      0.2537700      0.2524800      0.2511800      0.2498700      0.2485500      0.2472300      0.2459000      0.2445600      0.2432200      0.2418700      0.2405200      0.2391600      0.2378000      0.2364300      0.2350600      0.2336900      0.2323100      0.2309200    
  0.2665900      0.2648440      0.2640220      0.2638300      0.2627600      0.2618400      0.2606000      0.2593600      0.2581100      0.2568500      0.2555800      0.2543100      0.2530200      0.2517300      0.2504300      0.2491300      0.2478100      0.2465000      0.2451700      0.2438400      0.2425000      0.2411600      0.2398100      0.2384600      0.2371000      0.2357400      0.2343700      0.2330000      0.2316300      0.2302500    
  0.2647980      0.2639260      0.2638300      0.2628100      0.2618400      0.2607570      0.2598300      0.2585900      0.2573400      0.2560900      0.2548200      0.2535500      0.2522700      0.2509800      0.2496900      0.2483800      0.2470800      0.2457600      0.2444400      0.2431100      0.2417800      0.2404400      0.2391000      0.2377500      0.2364000      0.2350400      0.2336800      0.2323200      0.2309500      0.2295800    
  0.2638780      0.2638300      0.2628270      0.2618400      0.2608090      0.2598300      0.2592100      0.2585870      0.2568350      0.2553200      0.2540600      0.2527900      0.2515100      0.2502300      0.2489400      0.2476400      0.2463300      0.2450200      0.2437000      0.2423800      0.2410500      0.2397200      0.2383800      0.2370400      0.2356900      0.2343400      0.2329900      0.2316300      0.2302600      0.2289000    
  0.2638300      0.2628320      0.2618400      0.2608260      0.2598300      0.2595200      0.2592090      0.2574880      0.2553200      0.2546900      0.2530900      0.2520200      0.2507500      0.2494700      0.2481800      0.2468900      0.2455900      0.2442800      0.2429700      0.2416500      0.2403200      0.2390000      0.2376600      0.2363200      0.2349800      0.2336400      0.2322900      0.2309300      0.2295700      0.2282100    
  0.2628340      0.2618400      0.2608320      0.2598300      0.2596750      0.2595200      0.2578840      0.2553200      0.2550050      0.2532000      0.2516400      0.2512600      0.2499900      0.2487100      0.2474200      0.2461300      0.2448300      0.2435300      0.2422200      0.2409100      0.2395900      0.2382700      0.2369400      0.2356000      0.2342700      0.2329300      0.2315800      0.2302300      0.2288800      0.2275300    
  0.2618400      0.2608340      0.2598300      0.2597530      0.2596750      0.2581000      0.2553200      0.2551630      0.2532470      0.2514500      0.2512600      0.2506250      0.2494750      0.2479400      0.2466600      0.2453700      0.2440800      0.2427800      0.2414800      0.2401700      0.2388500      0.2375300      0.2362100      0.2348800      0.2335500      0.2322100      0.2308700      0.2295300      0.2281800      0.2268300    
  0.2608350      0.2598300      0.2597910      0.2597520      0.2582120      0.2553200      0.2552410      0.2532690      0.2513550      0.2512600      0.2509430      0.2498250      0.2479400      0.2473000      0.2466570      0.2453700      0.2440770      0.2427800      0.2405040      0.2394200      0.2381100      0.2368000      0.2354800      0.2341500      0.2328300      0.2315000      0.2301600      0.2288200      0.2274800      0.2261400    
  0.2598300      0.2598110      0.2597910      0.2582690      0.2553200      0.2552810      0.2532800      0.2513070      0.2512600      0.2511010      0.2499920      0.2479400      0.2476200      0.2472990      0.2464420      0.2453680      0.2440760      0.2410150      0.2390450      0.2386700      0.2373700      0.2360600      0.2347400      0.2334200      0.2321000      0.2307800      0.2294500      0.2281100      0.2267800      0.2254400    
  0.2598200      0.2598110      0.2582980      0.2553200      0.2553000      0.2532850      0.2512840      0.2512600      0.2511810      0.2500730      0.2479400      0.2477800      0.2476200      0.2471200      0.2463700      0.2452950      0.2415970      0.2388580      0.2386700      0.2375530      0.2366200      0.2353100      0.2340000      0.2326900      0.2313700      0.2300500      0.2287300      0.2274000      0.2260700      0.2247400    
  0.2598200      0.2583120      0.2553200      0.2553100      0.2532870      0.2512720      0.2512600      0.2512200      0.2501130      0.2479400      0.2478600      0.2477800      0.2475070      0.2470370      0.2462620      0.2416850      0.2387640      0.2386700      0.2367100      0.2358700      0.2350880      0.2345700      0.2332600      0.2319500      0.2306400      0.2293300      0.2280100      0.2266900      0.2253600      0.2240300    
  0.2583190      0.2553200      0.2553150      0.2532890      0.2512660      0.2512600      0.2512400      0.2501330      0.2479400      0.2479000      0.2478600      0.2477160      0.2474410      0.2436690      0.2399690      0.2364000      0.2364000      0.2357500      0.2349940      0.2347450      0.2351200      0.2338200      0.2325200      0.2312200      0.2299100      0.2286000      0.2272800      0.2259700      0.2246500      0.2233300    
  0.2553200      0.2553180      0.2532890      0.2512630      0.2512600      0.2512500      0.2501430      0.2479400      0.2479200      0.2479000      0.2478250      0.2476720      0.2412990      0.2338460      0.2338700      0.2345610      0.2340350      0.2341300      0.2342450      0.2343670      0.2343700      0.2330700      0.2317800      0.2304800      0.2291700      0.2278700      0.2265600      0.2252500      0.2239300      0.2226200    
  0.2553190      0.2532900      0.2512610      0.2512600      0.2512550      0.2501480      0.2479400      0.2479300      0.2479200      0.2478820      0.2418070      0.2328200      0.2334840      0.2338220      0.2338220      0.2338700      0.2339380      0.2339400      0.2341300      0.2337400      0.2336100      0.2323200      0.2310300      0.2297300      0.2284300      0.2271300      0.2258300      0.2245200      0.2232100      0.2219000    
  0.2532900      0.2512610      0.2512600      0.2512580      0.2501510      0.2479400      0.2479350      0.2479300      0.2479110      0.2406500      0.2328200      0.2328200      0.2328200      0.2334490      0.2337750      0.2337750      0.2338700      0.2338110      0.2337500      0.2341300      0.2328500      0.2315700      0.2302800      0.2289900      0.2276900      0.2264000      0.2251000      0.2238000      0.2225000      0.2211900    
  0.2512600      0.2512600      0.2512590      0.2501520      0.2479400      0.2479380      0.2479350      0.2434940      0.2385750      0.2328180      0.2328200      0.2328200      0.2328200      0.2328200      0.2333780      0.2336800      0.2336800      0.2338700      0.2334920      0.2333700      0.2320900      0.2308100      0.2295300      0.2282400      0.2269500      0.2256600      0.2243700      0.2230700      0.2217700      0.2204700    
  0.2512600      0.2512590      0.2501530      0.2479400      0.2479390      0.2410260      0.2306600      0.2304300      0.2302000      0.2319410      0.2328140      0.2328200      0.2328200      0.2328200      0.2328200      0.2332390      0.2334890      0.2334900      0.2338700      0.2326000      0.2313300      0.2300500      0.2287800      0.2274900      0.2262100      0.2249200      0.2236300      0.2223400      0.2210500      0.2197600    
  0.2512600      0.2501530      0.2479400      0.2479390      0.2396440      0.2306590      0.2306590      0.2306600      0.2304300      0.2302000      0.2319300      0.2328010      0.2328200      0.2328200      0.2328200      0.2328200      0.2329690      0.2331070      0.2331100      0.2318400      0.2305700      0.2293000      0.2280200      0.2267400      0.2254700      0.2241800      0.2229000      0.2216200      0.2203300      0.2190400    
