iMOD/TUTORIALS/TUT_MetaswapAnalyser/model_MetaSWAP/meteo/Evaporation/Evaporation_20061224_L1.ASC
NCOLS                30
NROWS                30
XLLCORNER     160000.00
YLLCORNER     340000.00
CELLSIZE        1000.00
NODATA_VALUE   -9999.00
  0.9152000E-01  0.9145000E-01  0.9138000E-01  0.9131000E-01  0.9124000E-01  0.9116000E-01  0.9109000E-01  0.9102000E-01  0.9095000E-01  0.9088000E-01  0.9080000E-01  0.9073000E-01  0.9066000E-01  0.9059000E-01  0.9051000E-01  0.9044000E-01  0.9037000E-01  0.9029000E-01  0.9022000E-01  0.9015000E-01  0.9008000E-01  0.9000000E-01  0.8993000E-01  0.8986000E-01  0.8979000E-01  0.8971000E-01  0.8964000E-01  0.8957000E-01  0.8950000E-01  0.8943000E-01
  0.9170000E-01  0.9163000E-01  0.9156000E-01  0.9149000E-01  0.9142000E-01  0.9135000E-01  0.9128000E-01  0.9121000E-01  0.9114000E-01  0.9106000E-01  0.9099000E-01  0.9092000E-01  0.9085000E-01  0.9078000E-01  0.9070000E-01  0.9063000E-01  0.9056000E-01  0.9049000E-01  0.9041000E-01  0.9034000E-01  0.9027000E-01  0.9019000E-01  0.9012000E-01  0.9005000E-01  0.8998000E-01  0.8991000E-01  0.8983000E-01  0.8976000E-01  0.8969000E-01  0.8962000E-01
  0.9188000E-01  0.9181000E-01  0.9174000E-01  0.9167000E-01  0.9160000E-01  0.9154000E-01  0.9146000E-01  0.9139000E-01  0.9132000E-01  0.9125000E-01  0.9118000E-01  0.9111000E-01  0.9104000E-01  0.9097000E-01  0.9089000E-01  0.9082000E-01  0.9075000E-01  0.9068000E-01  0.9060000E-01  0.9053000E-01  0.9046000E-01  0.9039000E-01  0.9031000E-01  0.9024000E-01  0.9017000E-01  0.9010000E-01  0.9002000E-01  0.8995000E-01  0.8988000E-01  0.8981000E-01
  0.9206000E-01  0.9199000E-01  0.9193000E-01  0.9186000E-01  0.9179000E-01  0.9172000E-01  0.9165000E-01  0.9158000E-01  0.9151000E-01  0.9144000E-01  0.9137000E-01  0.9130000E-01  0.9123000E-01  0.9115000E-01  0.9108000E-01  0.9101000E-01  0.9094000E-01  0.9087000E-01  0.9079000E-01  0.9072000E-01  0.9065000E-01  0.9058000E-01  0.9051000E-01  0.9043000E-01  0.9036000E-01  0.9029000E-01  0.9022000E-01  0.9014000E-01  0.9007000E-01  0.9000000E-01
  0.9224000E-01  0.9217000E-01  0.9211000E-01  0.9204000E-01  0.9197000E-01  0.9190000E-01  0.9184000E-01  0.9177000E-01  0.9170000E-01  0.9163000E-01  0.9156000E-01  0.9149000E-01  0.9142000E-01  0.9134000E-01  0.9127000E-01  0.9120000E-01  0.9113000E-01  0.9106000E-01  0.9099000E-01  0.9091000E-01  0.9084000E-01  0.9077000E-01  0.9070000E-01  0.9062000E-01  0.9055000E-01  0.9048000E-01  0.9041000E-01  0.9033000E-01  0.9026000E-01  0.9019000E-01
  0.9242000E-01  0.9236000E-01  0.9229000E-01  0.9222000E-01  0.9216000E-01  0.9209000E-01  0.9202000E-01  0.9195000E-01  0.9188000E-01  0.9181000E-01  0.9174000E-01  0.9167000E-01  0.9160000E-01  0.9153000E-01  0.9146000E-01  0.9139000E-01  0.9132000E-01  0.9125000E-01  0.9118000E-01  0.9110000E-01  0.9103000E-01  0.9096000E-01  0.9089000E-01  0.9082000E-01  0.9074000E-01  0.9067000E-01  0.9060000E-01  0.9053000E-01  0.9045000E-01  0.9038000E-01
  0.9260000E-01  0.9254000E-01  0.9247000E-01  0.9241000E-01  0.9234000E-01  0.9227000E-01  0.9221000E-01  0.9214000E-01  0.9207000E-01  0.9200000E-01  0.9193000E-01  0.9186000E-01  0.9179000E-01  0.9172000E-01  0.9165000E-01  0.9158000E-01  0.9151000E-01  0.9144000E-01  0.9137000E-01  0.9130000E-01  0.9122000E-01  0.9115000E-01  0.9108000E-01  0.9101000E-01  0.9093000E-01  0.9086000E-01  0.9079000E-01  0.9072000E-01  0.9064000E-01  0.9057000E-01
  0.9278000E-01  0.9272000E-01  0.9265000E-01  0.9259000E-01  0.9252000E-01  0.9246000E-01  0.9239000E-01  0.9232000E-01  0.9226000E-01  0.9219000E-01  0.9212000E-01  0.9205000E-01  0.9198000E-01  0.9191000E-01  0.9184000E-01  0.9177000E-01  0.9170000E-01  0.9163000E-01  0.9156000E-01  0.9149000E-01  0.9141000E-01  0.9134000E-01  0.9127000E-01  0.9120000E-01  0.9113000E-01  0.9105000E-01  0.9098000E-01  0.9091000E-01  0.9083000E-01  0.9076000E-01
  0.9296000E-01  0.9290000E-01  0.9284000E-01  0.9277000E-01  0.9271000E-01  0.9264000E-01  0.9257000E-01  0.9251000E-01  0.9244000E-01  0.9237000E-01  0.9231000E-01  0.9224000E-01  0.9217000E-01  0.9210000E-01  0.9203000E-01  0.9196000E-01  0.9189000E-01  0.9182000E-01  0.9175000E-01  0.9168000E-01  0.9160000E-01  0.9153000E-01  0.9146000E-01  0.9139000E-01  0.9132000E-01  0.9124000E-01  0.9117000E-01  0.9110000E-01  0.9102000E-01  0.9095000E-01
  0.9314000E-01  0.9308000E-01  0.9302000E-01  0.9295000E-01  0.9289000E-01  0.9282000E-01  0.9276000E-01  0.9269000E-01  0.9263000E-01  0.9256000E-01  0.9249000E-01  0.9242000E-01  0.9236000E-01  0.9229000E-01  0.9222000E-01  0.9215000E-01  0.9208000E-01  0.9201000E-01  0.9194000E-01  0.9187000E-01  0.9179000E-01  0.9172000E-01  0.9165000E-01  0.9158000E-01  0.9151000E-01  0.9143000E-01  0.9136000E-01  0.9129000E-01  0.9121000E-01  0.9114000E-01
  0.9314000E-01  0.9308000E-01  0.9304500E-01  0.9313000E-01  0.9307000E-01  0.9301000E-01  0.9294000E-01  0.9288000E-01  0.9281000E-01  0.9275000E-01  0.9268000E-01  0.9261000E-01  0.9254000E-01  0.9247000E-01  0.9241000E-01  0.9234000E-01  0.9227000E-01  0.9220000E-01  0.9213000E-01  0.9206000E-01  0.9198000E-01  0.9191000E-01  0.9184000E-01  0.9177000E-01  0.9170000E-01  0.9162000E-01  0.9155000E-01  0.9148000E-01  0.9140000E-01  0.9133000E-01
  0.9314000E-01  0.9309870E-01  0.9313000E-01  0.9322000E-01  0.9325000E-01  0.9319000E-01  0.9313000E-01  0.9306000E-01  0.9300000E-01  0.9293000E-01  0.9286000E-01  0.9280000E-01  0.9273000E-01  0.9266000E-01  0.9259000E-01  0.9252000E-01  0.9246000E-01  0.9239000E-01  0.9232000E-01  0.9225000E-01  0.9217000E-01  0.9210000E-01  0.9203000E-01  0.9196000E-01  0.9189000E-01  0.9181000E-01  0.9174000E-01  0.9167000E-01  0.9159000E-01  0.9152000E-01
  0.9314220E-01  0.9313000E-01  0.9328000E-01  0.9334000E-01  0.9343000E-01  0.9337000E-01  0.9331000E-01  0.9324000E-01  0.9318000E-01  0.9312000E-01  0.9305000E-01  0.9298000E-01  0.9292000E-01  0.9285000E-01  0.9278000E-01  0.9271000E-01  0.9264000E-01  0.9257000E-01  0.9251000E-01  0.9243000E-01  0.9236000E-01  0.9229000E-01  0.9222000E-01  0.9215000E-01  0.9208000E-01  0.9200000E-01  0.9193000E-01  0.9186000E-01  0.9178000E-01  0.9171000E-01
  0.9313000E-01  0.9330620E-01  0.9338500E-01  0.9343000E-01  0.9345000E-01  0.9355000E-01  0.9349000E-01  0.9343000E-01  0.9336000E-01  0.9330000E-01  0.9323000E-01  0.9317000E-01  0.9310000E-01  0.9304000E-01  0.9297000E-01  0.9290000E-01  0.9283000E-01  0.9276000E-01  0.9269000E-01  0.9262000E-01  0.9255000E-01  0.9248000E-01  0.9241000E-01  0.9234000E-01  0.9227000E-01  0.9219000E-01  0.9212000E-01  0.9205000E-01  0.9197000E-01  0.9190000E-01
  0.9331840E-01  0.9340750E-01  0.9343000E-01  0.9347670E-01  0.9355000E-01  0.9357000E-01  0.9367000E-01  0.9361000E-01  0.9355000E-01  0.9348000E-01  0.9342000E-01  0.9335000E-01  0.9329000E-01  0.9322000E-01  0.9316000E-01  0.9309000E-01  0.9302000E-01  0.9295000E-01  0.9288000E-01  0.9281000E-01  0.9274000E-01  0.9267000E-01  0.9260000E-01  0.9253000E-01  0.9246000E-01  0.9238000E-01  0.9231000E-01  0.9224000E-01  0.9216000E-01  0.9209000E-01
  0.9341870E-01  0.9343000E-01  0.9348550E-01  0.9355000E-01  0.9359670E-01  0.9367000E-01  0.9364000E-01  0.9361000E-01  0.9357750E-01  0.9367000E-01  0.9360000E-01  0.9354000E-01  0.9347000E-01  0.9341000E-01  0.9334000E-01  0.9327000E-01  0.9321000E-01  0.9314000E-01  0.9307000E-01  0.9300000E-01  0.9293000E-01  0.9286000E-01  0.9279000E-01  0.9272000E-01  0.9265000E-01  0.9257000E-01  0.9250000E-01  0.9243000E-01  0.9235000E-01  0.9228000E-01
  0.9343000E-01  0.9348850E-01  0.9355000E-01  0.9360560E-01  0.9367000E-01  0.9365500E-01  0.9364000E-01  0.9362440E-01  0.9367000E-01  0.9363500E-01  0.9368800E-01  0.9372000E-01  0.9366000E-01  0.9359000E-01  0.9353000E-01  0.9346000E-01  0.9339000E-01  0.9333000E-01  0.9326000E-01  0.9319000E-01  0.9312000E-01  0.9305000E-01  0.9298000E-01  0.9291000E-01  0.9283000E-01  0.9276000E-01  0.9269000E-01  0.9262000E-01  0.9254000E-01  0.9247000E-01
  0.9348950E-01  0.9355000E-01  0.9360850E-01  0.9367000E-01  0.9366250E-01  0.9365500E-01  0.9364730E-01  0.9367000E-01  0.9365250E-01  0.9374360E-01  0.9381500E-01  0.9391000E-01  0.9384000E-01  0.9378000E-01  0.9371000E-01  0.9365000E-01  0.9358000E-01  0.9351000E-01  0.9344000E-01  0.9338000E-01  0.9331000E-01  0.9324000E-01  0.9317000E-01  0.9309000E-01  0.9302000E-01  0.9295000E-01  0.9288000E-01  0.9280000E-01  0.9273000E-01  0.9265000E-01
  0.9355000E-01  0.9360950E-01  0.9367000E-01  0.9366630E-01  0.9366250E-01  0.9365870E-01  0.9367000E-01  0.9366120E-01  0.9376770E-01  0.9386250E-01  0.9391000E-01  0.9387500E-01  0.9387250E-01  0.9396000E-01  0.9390000E-01  0.9383000E-01  0.9377000E-01  0.9370000E-01  0.9363000E-01  0.9356000E-01  0.9349000E-01  0.9342000E-01  0.9335000E-01  0.9328000E-01  0.9321000E-01  0.9314000E-01  0.9306000E-01  0.9299000E-01  0.9292000E-01  0.9284000E-01
  0.9360980E-01  0.9367000E-01  0.9366810E-01  0.9366630E-01  0.9366440E-01  0.9367000E-01  0.9366560E-01  0.9377900E-01  0.9388630E-01  0.9391000E-01  0.9389250E-01  0.9390440E-01  0.9396000E-01  0.9393000E-01  0.9389670E-01  0.9383330E-01  0.9376670E-01  0.9370000E-01  0.9371600E-01  0.9375000E-01  0.9368000E-01  0.9361000E-01  0.9354000E-01  0.9347000E-01  0.9340000E-01  0.9333000E-01  0.9325000E-01  0.9318000E-01  0.9310000E-01  0.9303000E-01
  0.9367000E-01  0.9366910E-01  0.9366810E-01  0.9366720E-01  0.9367000E-01  0.9366780E-01  0.9378460E-01  0.9389810E-01  0.9391000E-01  0.9390120E-01  0.9391670E-01  0.9396000E-01  0.9394500E-01  0.9392890E-01  0.9388670E-01  0.9383220E-01  0.9376670E-01  0.9379350E-01  0.9384500E-01  0.9394000E-01  0.9387000E-01  0.9380000E-01  0.9373000E-01  0.9366000E-01  0.9358000E-01  0.9351000E-01  0.9344000E-01  0.9337000E-01  0.9329000E-01  0.9322000E-01
  0.9366950E-01  0.9366910E-01  0.9366860E-01  0.9367000E-01  0.9366890E-01  0.9378730E-01  0.9390410E-01  0.9391000E-01  0.9390560E-01  0.9392200E-01  0.9396000E-01  0.9395250E-01  0.9394460E-01  0.9392020E-01  0.9388260E-01  0.9382850E-01  0.9384500E-01  0.9389250E-01  0.9394000E-01  0.9395330E-01  0.9405000E-01  0.9398000E-01  0.9391000E-01  0.9384000E-01  0.9377000E-01  0.9370000E-01  0.9363000E-01  0.9355000E-01  0.9348000E-01  0.9340000E-01
  0.9366950E-01  0.9366930E-01  0.9367000E-01  0.9366950E-01  0.9378860E-01  0.9390700E-01  0.9391000E-01  0.9390780E-01  0.9392440E-01  0.9396000E-01  0.9395630E-01  0.9395240E-01  0.9393910E-01  0.9391580E-01  0.9387710E-01  0.9399250E-01  0.9391630E-01  0.9394000E-01  0.9416080E-01  0.9423500E-01  0.9419400E-01  0.9417000E-01  0.9410000E-01  0.9403000E-01  0.9396000E-01  0.9388000E-01  0.9381000E-01  0.9374000E-01  0.9366000E-01  0.9359000E-01
  0.9366970E-01  0.9367000E-01  0.9366970E-01  0.9378930E-01  0.9390850E-01  0.9391000E-01  0.9390890E-01  0.9392560E-01  0.9396000E-01  0.9395810E-01  0.9395620E-01  0.9394930E-01  0.9393580E-01  0.9430050E-01  0.9446700E-01  0.9448960E-01  0.9449000E-01  0.9446930E-01  0.9445220E-01  0.9451500E-01  0.9442000E-01  0.9435000E-01  0.9428000E-01  0.9421000E-01  0.9414000E-01  0.9407000E-01  0.9400000E-01  0.9392000E-01  0.9385000E-01  0.9377000E-01
  0.9367000E-01  0.9366990E-01  0.9378970E-01  0.9390930E-01  0.9391000E-01  0.9390950E-01  0.9392610E-01  0.9396000E-01  0.9395910E-01  0.9395810E-01  0.9395450E-01  0.9394710E-01  0.9462850E-01  0.9547560E-01  0.9547000E-01  0.9505720E-01  0.9506250E-01  0.9504000E-01  0.9475350E-01  0.9460670E-01  0.9461000E-01  0.9454000E-01  0.9447000E-01  0.9440000E-01  0.9433000E-01  0.9426000E-01  0.9418000E-01  0.9411000E-01  0.9403000E-01  0.9396000E-01
  0.9366990E-01  0.9378980E-01  0.9390960E-01  0.9391000E-01  0.9390970E-01  0.9392640E-01  0.9396000E-01  0.9395950E-01  0.9395910E-01  0.9395720E-01  0.9479990E-01  0.9607000E-01  0.9567840E-01  0.9548120E-01  0.9548120E-01  0.9547000E-01  0.9520640E-01  0.9508500E-01  0.9504000E-01  0.9485250E-01  0.9479000E-01  0.9472000E-01  0.9465000E-01  0.9458000E-01  0.9451000E-01  0.9444000E-01  0.9437000E-01  0.9429000E-01  0.9422000E-01  0.9414000E-01
  0.9378990E-01  0.9390980E-01  0.9391000E-01  0.9390990E-01  0.9392650E-01  0.9396000E-01  0.9395980E-01  0.9395950E-01  0.9395860E-01  0.9497120E-01  0.9607000E-01  0.9607000E-01  0.9607000E-01  0.9568670E-01  0.9549250E-01  0.9549250E-01  0.9547000E-01  0.9523060E-01  0.9513000E-01  0.9504000E-01  0.9497000E-01  0.9491000E-01  0.9484000E-01  0.9477000E-01  0.9470000E-01  0.9462000E-01  0.9455000E-01  0.9448000E-01  0.9440000E-01  0.9433000E-01
  0.9390990E-01  0.9391000E-01  0.9390990E-01  0.9392660E-01  0.9396000E-01  0.9395990E-01  0.9395980E-01  0.9471950E-01  0.9539020E-01  0.9607050E-01  0.9607000E-01  0.9607000E-01  0.9607000E-01  0.9607000E-01  0.9570300E-01  0.9551500E-01  0.9551500E-01  0.9547000E-01  0.9528250E-01  0.9522000E-01  0.9516000E-01  0.9509000E-01  0.9502000E-01  0.9495000E-01  0.9488000E-01  0.9481000E-01  0.9473000E-01  0.9466000E-01  0.9458000E-01  0.9451000E-01
  0.9391000E-01  0.9391000E-01  0.9392660E-01  0.9396000E-01  0.9395990E-01  0.9526800E-01  0.9723000E-01  0.9711500E-01  0.9700000E-01  0.9638130E-01  0.9607140E-01  0.9607000E-01  0.9607000E-01  0.9607000E-01  0.9607000E-01  0.9573440E-01  0.9556000E-01  0.9556000E-01  0.9547000E-01  0.9540000E-01  0.9534000E-01  0.9527000E-01  0.9520000E-01  0.9513000E-01  0.9506000E-01  0.9499000E-01  0.9492000E-01  0.9484000E-01  0.9477000E-01  0.9469000E-01
  0.9391000E-01  0.9392670E-01  0.9396000E-01  0.9396000E-01  0.9552990E-01  0.9723030E-01  0.9723030E-01  0.9723000E-01  0.9711500E-01  0.9700000E-01  0.9638380E-01  0.9607430E-01  0.9607000E-01  0.9607000E-01  0.9607000E-01  0.9607000E-01  0.9579250E-01  0.9565000E-01  0.9565000E-01  0.9558000E-01  0.9552000E-01  0.9545000E-01  0.9538000E-01  0.9531000E-01  0.9524000E-01  0.9517000E-01  0.9510000E-01  0.9502000E-01  0.9495000E-01  0.9487000E-01
