iMOD/TUTORIALS/TUT_MetaswapAnalyser/model_MetaSWAP/meteo/Evaporation/Evaporation_20050515_L1.ASC
NCOLS                30
NROWS                30
XLLCORNER     160000.00
YLLCORNER     340000.00
CELLSIZE        1000.00
NODATA_VALUE   -9999.00
   1.248230       1.239150       1.230370       1.221870       1.213640       1.205680       1.197990       1.190540       1.183340       1.176380       1.169650       1.163140       1.156850       1.150770       1.144880       1.139200       1.133710       1.128400       1.123260       1.118300       1.113510       1.108880       1.104400       1.100070       1.095890       1.091840       1.087940       1.084160       1.080500       1.076970    
   1.243630       1.234500       1.225650       1.217070       1.208770       1.200740       1.192960       1.185440       1.178160       1.171110       1.164300       1.157710       1.151330       1.145160       1.139190       1.133420       1.127850       1.122450       1.117230       1.112190       1.107310       1.102590       1.098030       1.093620       1.089350       1.085220       1.081230       1.077370       1.073630       1.070010    
   1.239120       1.229920       1.221010       1.212370       1.204000       1.195890       1.188030       1.180430       1.173070       1.165940       1.159040       1.152370       1.145910       1.139650       1.133600       1.127750       1.122080       1.116600       1.111300       1.106170       1.101200       1.096400       1.091750       1.087260       1.082910       1.078700       1.074620       1.070680       1.066860       1.063160    
   1.234680       1.225430       1.216450       1.207740       1.199300       1.191120       1.183190       1.175510       1.168070       1.160860       1.153880       1.147120       1.140580       1.134240       1.128100       1.122160       1.116410       1.110850       1.105460       1.100240       1.095190       1.090310       1.085580       1.080990       1.076560       1.072260       1.068110       1.064080       1.060170       1.056390    
   1.230320       1.221010       1.211970       1.203200       1.194690       1.186440       1.178430       1.170680       1.163160       1.155870       1.148810       1.141970       1.135340       1.128920       1.122700       1.116670       1.110840       1.105190       1.099710       1.094410       1.089280       1.084300       1.079490       1.074820       1.070300       1.065920       1.061680       1.057570       1.053580       1.049720    
   1.226020       1.216660       1.207560       1.198730       1.190150       1.181830       1.173750       1.165920       1.158320       1.150960       1.143820       1.136900       1.130180       1.123680       1.117380       1.111270       1.105350       1.099610       1.094060       1.088670       1.083450       1.078390       1.073490       1.068740       1.064130       1.059670       1.055340       1.051150       1.047080       1.043130    
   1.221800       1.212380       1.203220       1.194330       1.185690       1.177300       1.169150       1.161240       1.153570       1.146130       1.138910       1.131910       1.125110       1.118530       1.112140       1.105950       1.099950       1.094130       1.088480       1.083010       1.077710       1.072560       1.067580       1.062740       1.058050       1.053510       1.049100       1.044820       1.040660       1.036630    
   1.217630       1.208160       1.198950       1.189990       1.181290       1.172830       1.164620       1.156640       1.148890       1.141370       1.134080       1.127000       1.120120       1.113460       1.106990       1.100710       1.094630       1.088720       1.082990       1.077440       1.072050       1.066820       1.061750       1.056830       1.052060       1.047430       1.042930       1.038570       1.034330       1.030220    
   1.213530       1.204010       1.194740       1.185730       1.176960       1.168440       1.160150       1.152110       1.144290       1.136690       1.129320       1.122160       1.115210       1.108460       1.101910       1.095550       1.089380       1.083400       1.077590       1.071950       1.066470       1.061160       1.056010       1.051000       1.046140       1.041430       1.036850       1.032400       1.028080       1.023890    
   1.209480       1.199910       1.190590       1.181520       1.172690       1.164100       1.155760       1.147640       1.139750       1.132080       1.124630       1.117390       1.110370       1.103540       1.096910       1.090470       1.084220       1.078150       1.072250       1.066530       1.060980       1.055580       1.050340       1.045250       1.040310       1.035510       1.030850       1.026320       1.021920       1.017640    
   1.209570       1.199990       1.187350       1.177370       1.168480       1.159830       1.151420       1.143230       1.135270       1.127530       1.120010       1.112700       1.105590       1.098690       1.091980       1.085460       1.079130       1.072970       1.067000       1.061190       1.055550       1.050070       1.044750       1.039580       1.034560       1.029670       1.024930       1.020310       1.015830       1.011470    
   1.209650       1.193570       1.177370       1.167600       1.164330       1.155620       1.147140       1.138890       1.130860       1.123050       1.115460       1.108070       1.100890       1.093900       1.087120       1.080520       1.074110       1.067870       1.061810       1.055930       1.050210       1.044640       1.039240       1.033980       1.028880       1.023910       1.019080       1.014380       1.009820       1.005370    
   1.200020       1.177370       1.166870       1.162280       1.160230       1.151460       1.142920       1.134610       1.126510       1.118630       1.110960       1.103500       1.096240       1.089190       1.082320       1.075640       1.069150       1.062840       1.056700       1.050730       1.044930       1.039280       1.033800       1.028460       1.023270       1.018220       1.013310       1.008530       1.003880      0.9993500    
   1.177370       1.166430       1.161260       1.160230       1.153020       1.147360       1.138760       1.130380       1.122210       1.114260       1.106530       1.098990       1.091660       1.084530       1.077590       1.070840       1.064260       1.057870       1.051650       1.045600       1.039720       1.033990       1.028420       1.023000       1.017730       1.012600       1.007610       1.002750      0.9980100      0.9934100    
   1.166190       1.160740       1.160230       1.153540       1.147360       1.140250       1.134640       1.126200       1.117970       1.109960       1.102150       1.094550       1.087140       1.079940       1.072920       1.066090       1.059440       1.052970       1.046670       1.040540       1.034580       1.028770       1.023120       1.017620       1.012260       1.007050       1.001980      0.9970300      0.9922200      0.9875300    
   1.160490       1.160230       1.153710       1.147360       1.140750       1.134640       1.130420       1.126270       1.114960       1.105700       1.097820       1.090150       1.082680       1.075400       1.068310       1.061400       1.054680       1.048130       1.041750       1.035540       1.029500       1.023610       1.017880       1.012300       1.006860       1.001570      0.9964100      0.9913900      0.9864900      0.9817200    
   1.160230       1.153770       1.147360       1.140920       1.134640       1.132530       1.130440       1.119340       1.105700       1.101760       1.092200       1.085810       1.078270       1.070910       1.063750       1.056770       1.049970       1.043350       1.036890       1.030610       1.024480       1.018520       1.012710       1.007050       1.001530      0.9961500      0.9909200      0.9858100      0.9808400      0.9759800    
   1.153790       1.147360       1.140970       1.134640       1.133580       1.132540       1.122000       1.105700       1.103730       1.092970       1.083660       1.081520       1.073910       1.066480       1.059250       1.052200       1.045320       1.038620       1.032090       1.025730       1.019530       1.013480       1.007590       1.001850      0.9962600      0.9908000      0.9854800      0.9803000      0.9752400      0.9703100    
   1.147360       1.140990       1.134640       1.134110       1.133590       1.123460       1.105700       1.104710       1.093300       1.082590       1.081520       1.077710       1.071000       1.062110       1.054800       1.047670       1.040730       1.033950       1.027350       1.020910       1.014630       1.008510       1.002540      0.9967200      0.9910400      0.9855100      0.9801100      0.9748500      0.9697100      0.9647000    
   1.141000       1.134640       1.134380       1.134110       1.124210       1.105700       1.105210       1.093460       1.082060       1.081520       1.079620       1.073090       1.062110       1.058450       1.054860       1.047730       1.040780       1.034010       1.021960       1.016140       1.009790       1.003590      0.9975400      0.9916400      0.9858900      0.9802800      0.9748000      0.9694600      0.9642400      0.9591500    
   1.134640       1.134510       1.134380       1.124600       1.105700       1.105450       1.093530       1.081790       1.081520       1.080570       1.074080       1.062110       1.060280       1.058480       1.053680       1.047790       1.040840       1.024390       1.013790       1.011430       1.005000      0.9987200      0.9926000      0.9866300      0.9808000      0.9751000      0.9695500      0.9641300      0.9588300      0.9536700    
   1.134570       1.134510       1.124800       1.105700       1.105580       1.093570       1.081650       1.081520       1.081040       1.074570       1.062110       1.061200       1.060290       1.057480       1.053320       1.047440       1.027410       1.012610       1.011430       1.005560       1.000260      0.9939100      0.9877100      0.9816600      0.9757500      0.9699900      0.9643500      0.9588500      0.9534800      0.9482400    
   1.134570       1.124890       1.105700       1.105640       1.093590       1.081590       1.081520       1.081280       1.074810       1.062110       1.061650       1.061200       1.059660       1.057030       1.052750       1.027600       1.012020       1.011430       1.000310      0.9955950      0.9917380      0.9891500      0.9828800      0.9767500      0.9707700      0.9649200      0.9592100      0.9536400      0.9481900      0.9428600    
   1.124940       1.105700       1.105670       1.093600       1.081550       1.081520       1.081400       1.074930       1.062110       1.061880       1.061650       1.060840       1.059290       1.037990       1.017410      0.9978030      0.9977900      0.9942930      0.9901940      0.9886350      0.9909300      0.9844400      0.9780900      0.9718900      0.9658300      0.9599100      0.9541300      0.9484700      0.9429500      0.9375500    
   1.105700       1.105680       1.093610       1.081540       1.081520       1.081460       1.074990       1.062110       1.062000       1.061880       1.061460       1.060590       1.024570      0.9824170      0.9825500      0.9867370      0.9836010      0.9841500      0.9853830      0.9863530      0.9863400      0.9797700      0.9733500      0.9670800      0.9609400      0.9549500      0.9490900      0.9433600      0.9377600      0.9322800    
   1.105690       1.093610       1.081530       1.081520       1.081490       1.075020       1.062110       1.062050       1.062000       1.061780       1.027740      0.9773900      0.9806310      0.9822850      0.9822840      0.9825500      0.9830080      0.9830520      0.9841500      0.9823920      0.9817900      0.9751500      0.9686600      0.9623100      0.9561100      0.9500400      0.9441000      0.9383000      0.9326200      0.9270700    
   1.093610       1.081520       1.081520       1.081510       1.075040       1.062110       1.062080       1.062050       1.061940       1.021260      0.9773900      0.9773900      0.9773900      0.9804340      0.9820190      0.9820190      0.9825500      0.9822800      0.9819550      0.9841500      0.9772900      0.9705800      0.9640100      0.9575900      0.9513200      0.9451700      0.9391700      0.9332900      0.9275400      0.9219100    
   1.081520       1.081520       1.081510       1.075040       1.062110       1.062100       1.062080       1.037820       1.010190      0.9773790      0.9773900      0.9773900      0.9773900      0.9773900      0.9800410      0.9814890      0.9814880      0.9825500      0.9804650      0.9797600      0.9728200      0.9660400      0.9594100      0.9529200      0.9465700      0.9403500      0.9342700      0.9283200      0.9225000      0.9168000    
   1.081520       1.081520       1.075050       1.062110       1.062100       1.025030      0.9694400      0.9673150      0.9651900      0.9732930      0.9773570      0.9773900      0.9773900      0.9773900      0.9773900      0.9792670      0.9804280      0.9804250      0.9825500      0.9754000      0.9684000      0.9615500      0.9548500      0.9482900      0.9418700      0.9355800      0.9294300      0.9234000      0.9175100      0.9117300    
   1.081520       1.075050       1.062110       1.062110       1.017620      0.9694330      0.9694330      0.9694400      0.9673140      0.9651900      0.9732370      0.9772900      0.9773900      0.9773900      0.9773900      0.9773900      0.9777610      0.9783100      0.9783000      0.9710800      0.9640200      0.9571000      0.9503300      0.9437000      0.9372100      0.9308500      0.9246200      0.9185300      0.9125600      0.9067100    
