iMOD/TUTORIALS/TUT_MetaswapAnalyser/model_MetaSWAP/meteo/Evaporation/Evaporation_20050524_L1.ASC
NCOLS                30
NROWS                30
XLLCORNER     160000.00
YLLCORNER     340000.00
CELLSIZE        1000.00
NODATA_VALUE   -9999.00
   2.371260       2.373710       2.376140       2.378550       2.380950       2.383340       2.385720       2.388090       2.390460       2.392830       2.395200       2.397560       2.399940       2.402310       2.404690       2.407080       2.409480       2.411880       2.414300       2.416720       2.419160       2.421610       2.424070       2.426540       2.429030       2.431530       2.434040       2.436560       2.439100       2.441650    
   2.374320       2.376760       2.379180       2.381590       2.383980       2.386360       2.388740       2.391100       2.393470       2.395820       2.398180       2.400540       2.402910       2.405270       2.407640       2.410020       2.412410       2.414800       2.417210       2.419620       2.422050       2.424480       2.426930       2.429400       2.431870       2.434360       2.436860       2.439370       2.441900       2.444430    
   2.377350       2.379780       2.382190       2.384590       2.386980       2.389350       2.391720       2.394080       2.396430       2.398780       2.401140       2.403490       2.405840       2.408200       2.410560       2.412930       2.415310       2.417690       2.420090       2.422490       2.424910       2.427330       2.429770       2.432220       2.434690       2.437160       2.439650       2.442150       2.444670       2.447190    
   2.380340       2.382760       2.385170       2.387560       2.389940       2.392300       2.394660       2.397020       2.399360       2.401710       2.404050       2.406400       2.408740       2.411090       2.413450       2.415810       2.418170       2.420550       2.422940       2.425330       2.427740       2.430150       2.432580       2.435020       2.437480       2.439940       2.442420       2.444910       2.447410       2.449930    
   2.383300       2.385710       2.388110       2.390490       2.392860       2.395220       2.397580       2.399920       2.402260       2.404600       2.406940       2.409270       2.411610       2.413950       2.416300       2.418650       2.421010       2.423380       2.425750       2.428140       2.430540       2.432940       2.435360       2.437800       2.440240       2.442690       2.445160       2.447640       2.450140       2.452650    
   2.386220       2.388620       2.391010       2.393390       2.395750       2.398110       2.400450       2.402790       2.405130       2.407460       2.409790       2.412120       2.414450       2.416780       2.419120       2.421470       2.423820       2.426180       2.428550       2.430920       2.433310       2.435710       2.438120       2.440540       2.442980       2.445420       2.447880       2.450360       2.452840       2.455340    
   2.389110       2.391510       2.393890       2.396260       2.398610       2.400960       2.403300       2.405630       2.407960       2.410280       2.412610       2.414930       2.417260       2.419580       2.421910       2.424250       2.426600       2.428950       2.431310       2.433680       2.436060       2.438450       2.440850       2.443270       2.445690       2.448130       2.450580       2.453050       2.455520       2.458010    
   2.391970       2.394360       2.396730       2.399090       2.401440       2.403780       2.406120       2.408440       2.410760       2.413080       2.415400       2.417710       2.420030       2.422350       2.424680       2.427010       2.429350       2.431690       2.434040       2.436410       2.438780       2.441160       2.443560       2.445960       2.448380       2.450810       2.453260       2.455710       2.458180       2.460660    
   2.394800       2.397180       2.399550       2.401900       2.404240       2.406580       2.408900       2.411220       2.413540       2.415850       2.418160       2.420470       2.422780       2.425100       2.427410       2.429740       2.432070       2.434410       2.436750       2.439110       2.441470       2.443850       2.446240       2.448640       2.451050       2.453470       2.455910       2.458360       2.460820       2.463300    
   2.397600       2.399970       2.402330       2.404680       2.407020       2.409340       2.411660       2.413980       2.416280       2.418590       2.420890       2.423200       2.425500       2.427810       2.430120       2.432440       2.434770       2.437100       2.439440       2.441790       2.444150       2.446520       2.448900       2.451290       2.453690       2.456110       2.458540       2.460980       2.463440       2.465910    
   2.397590       2.399970       2.403600       2.407430       2.409760       2.412080       2.414390       2.416700       2.419000       2.421300       2.423600       2.425900       2.428200       2.430500       2.432810       2.435120       2.437440       2.439760       2.442100       2.444440       2.446790       2.449160       2.451530       2.453920       2.456320       2.458730       2.461150       2.463590       2.466040       2.468500    
   2.397590       2.402150       2.407430       2.411210       2.412480       2.414790       2.417100       2.419400       2.421700       2.423990       2.426280       2.428570       2.430870       2.433160       2.435460       2.437770       2.440080       2.442400       2.444730       2.447070       2.449420       2.451770       2.454140       2.456520       2.458920       2.461320       2.463740       2.466170       2.468620       2.471080    
   2.400590       2.407430       2.411910       2.413830       2.415170       2.417480       2.419780       2.422070       2.424360       2.426650       2.428940       2.431220       2.433510       2.435800       2.438100       2.440400       2.442700       2.445020       2.447340       2.449670       2.452020       2.454370       2.456730       2.459110       2.461500       2.463900       2.466310       2.468740       2.471180       2.473630    
   2.407430       2.412250       2.414500       2.415170       2.417600       2.420140       2.422440       2.424720       2.427010       2.429290       2.431570       2.433850       2.436130       2.438420       2.440710       2.443000       2.445300       2.447610       2.449930       2.452260       2.454590       2.456940       2.459300       2.461670       2.464060       2.466460       2.468860       2.471290       2.473720       2.476170    
   2.412420       2.414830       2.415170       2.417640       2.420140       2.422550       2.425070       2.427350       2.429630       2.431900       2.434180       2.436450       2.438730       2.441010       2.443290       2.445580       2.447880       2.450190       2.452500       2.454820       2.457150       2.459500       2.461850       2.464220       2.466600       2.468990       2.471400       2.473820       2.476250       2.478690    
   2.415000       2.415170       2.417650       2.420140       2.422590       2.425070       2.426210       2.427350       2.430850       2.434500       2.436770       2.439040       2.441310       2.443580       2.445860       2.448150       2.450440       2.452740       2.455040       2.457360       2.459690       2.462030       2.464380       2.466750       2.469120       2.471510       2.473910       2.476330       2.478760       2.481200    
   2.415170       2.417650       2.420140       2.422600       2.425070       2.425640       2.426210       2.429730       2.434500       2.435640       2.439210       2.441600       2.443860       2.446130       2.448410       2.450690       2.452970       2.455270       2.457570       2.459890       2.462210       2.464550       2.466890       2.469250       2.471630       2.474010       2.476410       2.478820       2.481250       2.483690    
   2.417650       2.420140       2.422600       2.425070       2.425350       2.425640       2.429020       2.434500       2.435070       2.439270       2.442870       2.444140       2.446400       2.448660       2.450930       2.453210       2.455490       2.457780       2.460080       2.462390       2.464710       2.467040       2.469390       2.471740       2.474110       2.476500       2.478890       2.481300       2.483730       2.486160    
   2.420140       2.422600       2.425070       2.425210       2.425350       2.428630       2.434500       2.434780       2.439300       2.443510       2.444140       2.445270       2.447590       2.451180       2.453440       2.455710       2.457990       2.460280       2.462570       2.464880       2.467190       2.469520       2.471860       2.474220       2.476580       2.478960       2.481360       2.483770       2.486190       2.488630    
   2.422600       2.425070       2.425140       2.425210       2.428420       2.434500       2.434640       2.439310       2.443820       2.444140       2.444710       2.447050       2.451180       2.452310       2.453440       2.455710       2.457990       2.460280       2.464980       2.467350       2.469660       2.471980       2.474320       2.476670       2.479040       2.481420       2.483810       2.486220       2.488640       2.491070    
   2.425070       2.425110       2.425140       2.428320       2.434500       2.434570       2.439310       2.443980       2.444140       2.444420       2.446770       2.451180       2.451750       2.452310       2.453820       2.455720       2.458000       2.464320       2.468580       2.469800       2.472110       2.474430       2.476770       2.479120       2.481480       2.483860       2.486250       2.488650       2.491070       2.493510    
   2.425090       2.425110       2.428270       2.434500       2.434540       2.439320       2.444060       2.444140       2.444280       2.446630       2.451180       2.451460       2.451750       2.452630       2.453950       2.455840       2.463400       2.469190       2.469800       2.472150       2.474540       2.476860       2.479200       2.481540       2.483910       2.486280       2.488670       2.491080       2.493500       2.495930    
   2.425090       2.428240       2.434500       2.434520       2.439320       2.444100       2.444140       2.444210       2.446560       2.451180       2.451320       2.451460       2.451940       2.452770       2.454140       2.463940       2.469490       2.469800       2.474870       2.476950       2.478350       2.479280       2.481610       2.483960       2.486320       2.488690       2.491080       2.493490       2.495910       2.498340    
   2.428230       2.434500       2.434510       2.439320       2.444120       2.444140       2.444180       2.446520       2.451180       2.451250       2.451320       2.451580       2.452060       2.461380       2.469660       2.477010       2.477020       2.478270       2.479760       2.480570       2.479370       2.481690       2.484020       2.486360       2.488720       2.491090       2.493480       2.495890       2.498310       2.500740    
   2.434500       2.434500       2.439320       2.444130       2.444140       2.444160       2.446500       2.451180       2.451220       2.451250       2.451380       2.451650       2.467720       2.486750       2.486680       2.483400       2.484530       2.484230       2.482680       2.481760       2.481770       2.484080       2.486410       2.488750       2.491110       2.493480       2.495870       2.498280       2.500700       2.503130    
   2.434500       2.439320       2.444130       2.444140       2.444150       2.446500       2.451180       2.451200       2.451220       2.451280       2.467450       2.491470       2.488390       2.486830       2.486830       2.486680       2.485370       2.484820       2.484230       2.484170       2.484150       2.486460       2.488790       2.491130       2.493490       2.495860       2.498250       2.500660       2.503080       2.505510    
   2.439320       2.444140       2.444140       2.444140       2.446490       2.451180       2.451190       2.451200       2.451230       2.470580       2.491470       2.491470       2.491470       2.488500       2.486970       2.486970       2.486680       2.485740       2.485410       2.484230       2.486530       2.488840       2.491160       2.493500       2.495860       2.498230       2.500620       2.503030       2.505450       2.507890    
   2.444140       2.444140       2.444140       2.446490       2.451180       2.451180       2.451190       2.463640       2.476680       2.491480       2.491470       2.491470       2.491470       2.491470       2.488710       2.487270       2.487270       2.486680       2.486620       2.486600       2.488890       2.491200       2.493520       2.495860       2.498220       2.500590       2.502980       2.505390       2.507820       2.510260    
   2.444140       2.444140       2.446490       2.451180       2.451180       2.471150       2.501100       2.501030       2.500950       2.494650       2.491490       2.491470       2.491470       2.491470       2.491470       2.489130       2.487850       2.487850       2.486680       2.488960       2.491250       2.493550       2.495870       2.498210       2.500570       2.502950       2.505340       2.507750       2.510180       2.512620    
   2.444140       2.446490       2.451180       2.451180       2.475150       2.501100       2.501100       2.501100       2.501030       2.500950       2.494680       2.491530       2.491470       2.491470       2.491470       2.491470       2.489940       2.489030       2.489030       2.491310       2.493590       2.495900       2.498220       2.500560       2.502920       2.505290       2.507690       2.510100       2.512530       2.514970    
