iMOD/TUTORIALS/TUT_MetaswapAnalyser/model_MetaSWAP/meteo/Evaporation/Evaporation_20060519_L1.ASC
NCOLS                30
NROWS                30
XLLCORNER     160000.00
YLLCORNER     340000.00
CELLSIZE        1000.00
NODATA_VALUE   -9999.00
   1.336590       1.334920       1.333330       1.331840       1.330420       1.329080       1.327820       1.326630       1.325500       1.324430       1.323420       1.322460       1.321550       1.320690       1.319870       1.319100       1.318360       1.317650       1.316980       1.316330       1.315720       1.315130       1.314560       1.314020       1.313500       1.313000       1.312510       1.312050       1.311600       1.311170    
   1.342270       1.340610       1.339020       1.337530       1.336110       1.334770       1.333510       1.332310       1.331170       1.330100       1.329080       1.328120       1.327200       1.326330       1.325500       1.324720       1.323970       1.323250       1.322570       1.321920       1.321290       1.320690       1.320120       1.319560       1.319030       1.318520       1.318020       1.317550       1.317090       1.316640    
   1.347990       1.346320       1.344750       1.343250       1.341840       1.340490       1.339220       1.338020       1.336880       1.335800       1.334780       1.333800       1.332880       1.332000       1.331170       1.330370       1.329610       1.328890       1.328200       1.327530       1.326900       1.326290       1.325700       1.325140       1.324590       1.324070       1.323560       1.323070       1.322600       1.322140    
   1.353720       1.352070       1.350500       1.349000       1.347590       1.346250       1.344970       1.343770       1.342620       1.341540       1.340500       1.339520       1.338590       1.337710       1.336860       1.336060       1.335290       1.334560       1.333850       1.333180       1.332530       1.331910       1.331320       1.330740       1.330180       1.329650       1.329130       1.328630       1.328140       1.327670    
   1.359490       1.357840       1.356270       1.354780       1.353370       1.352020       1.350750       1.349540       1.348390       1.347300       1.346260       1.345280       1.344340       1.343440       1.342590       1.341780       1.341000       1.340260       1.339540       1.338860       1.338200       1.337570       1.336960       1.336370       1.335810       1.335260       1.334720       1.334210       1.333710       1.333220    
   1.365270       1.363630       1.362070       1.360590       1.359170       1.357830       1.356550       1.355340       1.354190       1.353090       1.352050       1.351060       1.350110       1.349210       1.348350       1.347530       1.346740       1.345990       1.345260       1.344570       1.343900       1.343260       1.342630       1.342030       1.341450       1.340890       1.340350       1.339820       1.339300       1.338800    
   1.371080       1.369450       1.367890       1.366410       1.365000       1.363660       1.362380       1.361170       1.360010       1.358910       1.357860       1.356870       1.355910       1.355000       1.354130       1.353300       1.352510       1.351740       1.351010       1.350300       1.349620       1.348970       1.348330       1.347720       1.347130       1.346550       1.345990       1.345450       1.344920       1.344400    
   1.376900       1.375280       1.373730       1.372260       1.370850       1.369510       1.368230       1.367020       1.365860       1.364750       1.363700       1.362700       1.361740       1.360820       1.359950       1.359110       1.358300       1.357530       1.356780       1.356060       1.355370       1.354710       1.354060       1.353430       1.352830       1.352240       1.351660       1.351100       1.350560       1.350030    
   1.382750       1.381130       1.379590       1.378120       1.376720       1.375380       1.374100       1.372890       1.371730       1.370620       1.369560       1.368550       1.367590       1.366660       1.365780       1.364930       1.364120       1.363330       1.362580       1.361850       1.361150       1.360470       1.359810       1.359170       1.358550       1.357940       1.357350       1.356780       1.356220       1.355670    
   1.388600       1.387000       1.385470       1.384000       1.382600       1.381270       1.379990       1.378780       1.377610       1.376500       1.375440       1.374430       1.373460       1.372530       1.371640       1.370780       1.369960       1.369160       1.368400       1.367660       1.366940       1.366250       1.365580       1.364930       1.364290       1.363670       1.363070       1.362480       1.361900       1.361340    
   1.388630       1.387020       1.386590       1.389900       1.388500       1.387170       1.385900       1.384680       1.383520       1.382410       1.381340       1.380330       1.379350       1.378410       1.377510       1.376650       1.375820       1.375010       1.374240       1.373490       1.372760       1.372060       1.371370       1.370700       1.370050       1.369420       1.368800       1.368200       1.367600       1.367020    
   1.388650       1.388040       1.389900       1.393290       1.394420       1.393090       1.391820       1.390610       1.389440       1.388330       1.387260       1.386240       1.385260       1.384320       1.383410       1.382540       1.381700       1.380880       1.380100       1.379340       1.378600       1.377880       1.377180       1.376500       1.375840       1.375190       1.374550       1.373930       1.373320       1.372720    
   1.389230       1.389900       1.395230       1.397390       1.400350       1.399020       1.397760       1.396540       1.395380       1.394260       1.393200       1.392170       1.391180       1.390240       1.389320       1.388440       1.387590       1.386770       1.385980       1.385200       1.384450       1.383720       1.383010       1.382320       1.381640       1.380970       1.380320       1.379680       1.379060       1.378440    
   1.389900       1.396090       1.398870       1.400350       1.401450       1.404970       1.403700       1.402490       1.401330       1.400210       1.399140       1.398110       1.397120       1.396170       1.395250       1.394360       1.393510       1.392680       1.391870       1.391090       1.390320       1.389580       1.388860       1.388150       1.387460       1.386780       1.386110       1.385450       1.384810       1.384170    
   1.396490       1.399610       1.400350       1.402260       1.404970       1.406110       1.409660       1.408450       1.407290       1.406170       1.405100       1.404070       1.403080       1.402120       1.401190       1.400300       1.399430       1.398590       1.397780       1.396980       1.396210       1.395460       1.394720       1.394000       1.393290       1.392590       1.391910       1.391240       1.390570       1.389920    
   1.399980       1.400350       1.402530       1.404970       1.406910       1.409660       1.409050       1.408470       1.408510       1.412140       1.411070       1.410040       1.409040       1.408080       1.407150       1.406250       1.405370       1.404530       1.403700       1.402900       1.402110       1.401340       1.400590       1.399860       1.399130       1.398420       1.397720       1.397030       1.396350       1.395680    
   1.400350       1.402620       1.404970       1.407180       1.409660       1.409360       1.409060       1.409540       1.412140       1.411610       1.414250       1.416010       1.415010       1.414050       1.413110       1.412210       1.411330       1.410470       1.409640       1.408820       1.408020       1.407250       1.406480       1.405730       1.404990       1.404260       1.403550       1.402840       1.402140       1.401450    
   1.402640       1.404970       1.407270       1.409660       1.409510       1.409360       1.410030       1.412140       1.411870       1.415800       1.419010       1.422000       1.421000       1.420030       1.419090       1.418170       1.417290       1.416420       1.415580       1.414760       1.413950       1.413160       1.412380       1.411610       1.410860       1.410120       1.409380       1.408660       1.407940       1.407230    
   1.404970       1.407300       1.409660       1.409580       1.409510       1.410260       1.412140       1.412010       1.416460       1.420500       1.422000       1.421500       1.422260       1.426010       1.425070       1.424150       1.423260       1.422380       1.421530       1.420700       1.419880       1.419080       1.418290       1.417510       1.416740       1.415980       1.415230       1.414480       1.413750       1.413020    
   1.407310       1.409660       1.409620       1.409580       1.410370       1.412140       1.412070       1.416770       1.421250       1.422000       1.421750       1.422940       1.426010       1.425540       1.425080       1.424160       1.423260       1.422390       1.424770       1.426650       1.425820       1.425000       1.424200       1.423410       1.422620       1.421850       1.421080       1.420320       1.419560       1.418810    
   1.409660       1.409640       1.409620       1.410430       1.412140       1.412110       1.416920       1.421630       1.422000       1.421880       1.423180       1.426010       1.425780       1.425540       1.424930       1.424170       1.423270       1.426530       1.429630       1.432610       1.431770       1.430940       1.430120       1.429310       1.428510       1.427720       1.426930       1.426150       1.425380       1.424610    
   1.409650       1.409640       1.410460       1.412140       1.412120       1.417000       1.421810       1.422000       1.421940       1.423270       1.426010       1.425890       1.425780       1.425410       1.424880       1.424120       1.427540       1.431120       1.432610       1.434030       1.437720       1.436880       1.436050       1.435220       1.434410       1.433600       1.432800       1.432000       1.431200       1.430410    
   1.409650       1.410470       1.412140       1.412130       1.417030       1.421910       1.422000       1.421970       1.423300       1.426010       1.425950       1.425890       1.425690       1.425360       1.424800       1.431780       1.431860       1.432610       1.440730       1.443670       1.443160       1.442820       1.441980       1.441140       1.440310       1.439480       1.438660       1.437840       1.437030       1.436220    
   1.410480       1.412140       1.412140       1.417050       1.421950       1.422000       1.421980       1.423320       1.426010       1.425980       1.425950       1.425850       1.425650       1.439260       1.447030       1.450490       1.450500       1.450460       1.450620       1.452600       1.449620       1.448760       1.447910       1.447060       1.446210       1.445370       1.444530       1.443690       1.442860       1.442030    
   1.412140       1.412140       1.417060       1.421980       1.422000       1.421990       1.423330       1.426010       1.426000       1.425980       1.425930       1.425820       1.450740       1.481380       1.481190       1.468560       1.469120       1.468380       1.459950       1.455580       1.455580       1.454700       1.453840       1.452970       1.452110       1.451250       1.450400       1.449540       1.448690       1.447830    
   1.412140       1.417070       1.421990       1.422000       1.422000       1.423330       1.426010       1.426000       1.426000       1.425970       1.455510       1.499920       1.487710       1.481560       1.481560       1.481190       1.473420       1.469870       1.468380       1.463240       1.461530       1.460650       1.459760       1.458890       1.458010       1.457130       1.456260       1.455390       1.454510       1.453640    
   1.417070       1.421990       1.422000       1.422000       1.423330       1.426010       1.426010       1.426000       1.425990       1.461460       1.499920       1.499920       1.499920       1.487980       1.481930       1.481930       1.481190       1.474240       1.471350       1.468380       1.467480       1.466580       1.465690       1.464800       1.463910       1.463010       1.462120       1.461230       1.460330       1.459440    
   1.422000       1.422000       1.422000       1.423340       1.426010       1.426010       1.426010       1.452050       1.475610       1.499940       1.499920       1.499920       1.499920       1.499920       1.488520       1.482680       1.482680       1.481190       1.476050       1.474330       1.473420       1.472520       1.471610       1.470710       1.469800       1.468890       1.467980       1.467060       1.466150       1.465230    
   1.422000       1.422000       1.423340       1.426010       1.426010       1.470380       1.536920       1.533560       1.530200       1.510060       1.499970       1.499920       1.499920       1.499920       1.499920       1.489570       1.484160       1.484160       1.481190       1.480280       1.479360       1.478440       1.477530       1.476610       1.475680       1.474760       1.473830       1.472890       1.471960       1.471020    
   1.422000       1.423340       1.426010       1.426010       1.479260       1.536930       1.536930       1.536920       1.533560       1.530200       1.510140       1.500070       1.499920       1.499920       1.499920       1.499920       1.491500       1.487130       1.487140       1.486210       1.485290       1.484360       1.483430       1.482500       1.481560       1.480620       1.479670       1.478720       1.477760       1.476800    
