iMOD/TUTORIALS/TUT_MetaswapAnalyser/model_MetaSWAP/meteo/Evaporation/Evaporation_20060717_L1.ASC
NCOLS                30
NROWS                30
XLLCORNER     160000.00
YLLCORNER     340000.00
CELLSIZE        1000.00
NODATA_VALUE   -9999.00
   5.488670       5.488710       5.488720       5.488720       5.488710       5.488670       5.488630       5.488570       5.488500       5.488420       5.488330       5.488240       5.488130       5.488030       5.487910       5.487800       5.487680       5.487560       5.487430       5.487310       5.487180       5.487060       5.486930       5.486810       5.486690       5.486560       5.486440       5.486330       5.486210       5.486100    
   5.488730       5.488780       5.488800       5.488800       5.488790       5.488760       5.488720       5.488670       5.488610       5.488540       5.488450       5.488360       5.488270       5.488160       5.488060       5.487950       5.487830       5.487710       5.487590       5.487470       5.487350       5.487230       5.487110       5.486990       5.486870       5.486750       5.486640       5.486520       5.486410       5.486300    
   5.488780       5.488830       5.488850       5.488860       5.488860       5.488840       5.488800       5.488760       5.488700       5.488630       5.488560       5.488470       5.488380       5.488280       5.488180       5.488080       5.487970       5.487850       5.487740       5.487620       5.487510       5.487390       5.487270       5.487160       5.487040       5.486930       5.486820       5.486700       5.486600       5.486490    
   5.488810       5.488860       5.488890       5.488910       5.488910       5.488900       5.488870       5.488830       5.488780       5.488720       5.488640       5.488570       5.488480       5.488390       5.488290       5.488190       5.488090       5.487980       5.487870       5.487760       5.487650       5.487530       5.487420       5.487310       5.487200       5.487090       5.486980       5.486870       5.486770       5.486660    
   5.488820       5.488880       5.488920       5.488940       5.488950       5.488940       5.488920       5.488880       5.488840       5.488780       5.488720       5.488640       5.488560       5.488480       5.488390       5.488290       5.488190       5.488090       5.487980       5.487880       5.487770       5.487660       5.487560       5.487450       5.487340       5.487240       5.487130       5.487030       5.486930       5.486830    
   5.488830       5.488890       5.488930       5.488960       5.488970       5.488970       5.488950       5.488920       5.488880       5.488830       5.488770       5.488710       5.488630       5.488550       5.488470       5.488380       5.488280       5.488180       5.488080       5.487980       5.487880       5.487780       5.487680       5.487570       5.487470       5.487370       5.487270       5.487170       5.487070       5.486980    
   5.488810       5.488880       5.488930       5.488960       5.488980       5.488980       5.488970       5.488950       5.488910       5.488870       5.488810       5.488750       5.488680       5.488610       5.488530       5.488450       5.488360       5.488270       5.488170       5.488080       5.487980       5.487880       5.487780       5.487680       5.487590       5.487490       5.487390       5.487300       5.487210       5.487120    
   5.488790       5.488860       5.488910       5.488950       5.488970       5.488980       5.488970       5.488960       5.488930       5.488890       5.488840       5.488790       5.488720       5.488660       5.488580       5.488500       5.488420       5.488330       5.488240       5.488150       5.488060       5.487970       5.487880       5.487780       5.487690       5.487600       5.487510       5.487420       5.487330       5.487240    
   5.488750       5.488820       5.488880       5.488920       5.488950       5.488960       5.488960       5.488950       5.488930       5.488900       5.488860       5.488810       5.488750       5.488690       5.488620       5.488540       5.488470       5.488390       5.488300       5.488220       5.488130       5.488040       5.487960       5.487870       5.487780       5.487690       5.487610       5.487520       5.487440       5.487360    
   5.488700       5.488780       5.488840       5.488890       5.488920       5.488940       5.488940       5.488940       5.488920       5.488890       5.488860       5.488810       5.488760       5.488700       5.488640       5.488570       5.488500       5.488430       5.488350       5.488270       5.488190       5.488110       5.488020       5.487940       5.487860       5.487780       5.487700       5.487620       5.487540       5.487470    
   5.488690       5.488770       5.488840       5.488840       5.488880       5.488900       5.488910       5.488910       5.488900       5.488880       5.488850       5.488810       5.488760       5.488710       5.488650       5.488590       5.488520       5.488460       5.488380       5.488310       5.488230       5.488160       5.488080       5.488000       5.487930       5.487850       5.487780       5.487700       5.487630       5.487560    
   5.488690       5.488790       5.488840       5.488820       5.488820       5.488850       5.488870       5.488870       5.488860       5.488850       5.488820       5.488790       5.488750       5.488700       5.488650       5.488600       5.488540       5.488470       5.488400       5.488340       5.488270       5.488200       5.488120       5.488050       5.487980       5.487910       5.487840       5.487780       5.487710       5.487640    
   5.488730       5.488840       5.488800       5.488790       5.488760       5.488790       5.488810       5.488820       5.488820       5.488810       5.488790       5.488760       5.488730       5.488690       5.488640       5.488590       5.488530       5.488480       5.488420       5.488350       5.488290       5.488220       5.488160       5.488090       5.488030       5.487960       5.487900       5.487840       5.487780       5.487720    
   5.488840       5.488790       5.488780       5.488760       5.488760       5.488720       5.488740       5.488760       5.488760       5.488760       5.488740       5.488720       5.488690       5.488660       5.488620       5.488570       5.488520       5.488470       5.488420       5.488360       5.488300       5.488240       5.488180       5.488120       5.488060       5.488000       5.487950       5.487890       5.487830       5.487780    
   5.488790       5.488770       5.488760       5.488750       5.488720       5.488710       5.488670       5.488690       5.488700       5.488700       5.488690       5.488670       5.488650       5.488620       5.488580       5.488540       5.488500       5.488450       5.488400       5.488350       5.488300       5.488250       5.488190       5.488140       5.488090       5.488030       5.487980       5.487930       5.487880       5.487840    
   5.488760       5.488760       5.488740       5.488720       5.488700       5.488670       5.488680       5.488690       5.488680       5.488630       5.488620       5.488610       5.488590       5.488570       5.488540       5.488510       5.488470       5.488430       5.488380       5.488340       5.488290       5.488240       5.488200       5.488150       5.488100       5.488050       5.488010       5.487960       5.487920       5.487880    
   5.488760       5.488740       5.488720       5.488700       5.488670       5.488680       5.488680       5.488670       5.488630       5.488620       5.488570       5.488540       5.488530       5.488510       5.488490       5.488460       5.488430       5.488390       5.488350       5.488310       5.488270       5.488230       5.488190       5.488150       5.488110       5.488070       5.488030       5.487990       5.487950       5.487920    
   5.488740       5.488720       5.488700       5.488670       5.488670       5.488670       5.488660       5.488630       5.488630       5.488560       5.488510       5.488470       5.488460       5.488450       5.488430       5.488400       5.488380       5.488350       5.488310       5.488280       5.488250       5.488210       5.488170       5.488140       5.488100       5.488070       5.488040       5.488010       5.487980       5.487950    
   5.488720       5.488700       5.488670       5.488670       5.488670       5.488660       5.488630       5.488630       5.488550       5.488490       5.488470       5.488470       5.488440       5.488370       5.488360       5.488340       5.488320       5.488290       5.488270       5.488240       5.488210       5.488180       5.488150       5.488120       5.488090       5.488060       5.488040       5.488010       5.487990       5.487970    
   5.488700       5.488670       5.488670       5.488670       5.488660       5.488630       5.488630       5.488550       5.488480       5.488470       5.488470       5.488440       5.488370       5.488370       5.488360       5.488340       5.488320       5.488290       5.488220       5.488190       5.488170       5.488140       5.488120       5.488100       5.488070       5.488050       5.488030       5.488020       5.488000       5.487980    
   5.488670       5.488670       5.488670       5.488660       5.488630       5.488630       5.488550       5.488470       5.488470       5.488470       5.488440       5.488370       5.488370       5.488360       5.488350       5.488340       5.488320       5.488220       5.488160       5.488130       5.488120       5.488100       5.488080       5.488060       5.488050       5.488030       5.488020       5.488010       5.488000       5.487990    
   5.488670       5.488670       5.488660       5.488630       5.488630       5.488550       5.488470       5.488470       5.488470       5.488440       5.488370       5.488370       5.488370       5.488360       5.488350       5.488340       5.488230       5.488140       5.488130       5.488100       5.488060       5.488040       5.488030       5.488020       5.488010       5.488010       5.488000       5.488000       5.487990       5.487990    
   5.488670       5.488660       5.488630       5.488630       5.488550       5.488470       5.488470       5.488470       5.488440       5.488370       5.488370       5.488370       5.488370       5.488360       5.488350       5.488190       5.488140       5.488130       5.488030       5.487990       5.487990       5.487990       5.487980       5.487980       5.487970       5.487970       5.487970       5.487980       5.487980       5.487990    
   5.488660       5.488630       5.488630       5.488550       5.488470       5.488470       5.488470       5.488440       5.488370       5.488370       5.488370       5.488370       5.488370       5.488130       5.487980       5.487890       5.487900       5.487900       5.487900       5.487880       5.487920       5.487920       5.487920       5.487920       5.487930       5.487930       5.487940       5.487950       5.487960       5.487980    
   5.488630       5.488630       5.488550       5.488470       5.488470       5.488470       5.488440       5.488370       5.488370       5.488370       5.488370       5.488370       5.487950       5.487440       5.487440       5.487640       5.487650       5.487660       5.487780       5.487840       5.487840       5.487850       5.487860       5.487870       5.487880       5.487890       5.487900       5.487920       5.487940       5.487960    
   5.488630       5.488550       5.488470       5.488470       5.488470       5.488440       5.488370       5.488370       5.488370       5.488370       5.487850       5.487070       5.487310       5.487430       5.487430       5.487440       5.487570       5.487630       5.487660       5.487730       5.487760       5.487780       5.487790       5.487800       5.487820       5.487840       5.487860       5.487880       5.487910       5.487940    
   5.488550       5.488470       5.488470       5.488470       5.488440       5.488370       5.488370       5.488370       5.488370       5.487750       5.487070       5.487070       5.487070       5.487310       5.487430       5.487430       5.487440       5.487560       5.487610       5.487660       5.487680       5.487700       5.487720       5.487740       5.487760       5.487790       5.487810       5.487850       5.487880       5.487910    
   5.488470       5.488470       5.488470       5.488440       5.488370       5.488370       5.488370       5.487880       5.487470       5.487070       5.487070       5.487070       5.487070       5.487070       5.487300       5.487410       5.487410       5.487440       5.487530       5.487560       5.487590       5.487610       5.487640       5.487660       5.487700       5.487730       5.487760       5.487800       5.487840       5.487890    
   5.488470       5.488470       5.488440       5.488370       5.488370       5.487520       5.486250       5.486330       5.486420       5.486850       5.487070       5.487070       5.487070       5.487070       5.487070       5.487280       5.487380       5.487380       5.487440       5.487460       5.487490       5.487520       5.487550       5.487590       5.487630       5.487670       5.487710       5.487760       5.487800       5.487860    
   5.488470       5.488440       5.488370       5.488370       5.487350       5.486250       5.486250       5.486250       5.486330       5.486420       5.486850       5.487070       5.487070       5.487070       5.487070       5.487070       5.487240       5.487330       5.487330       5.487360       5.487400       5.487430       5.487470       5.487510       5.487560       5.487600       5.487650       5.487710       5.487760       5.487820    
