iMOD/TUTORIALS/TUT_MetaswapAnalyser/model_MetaSWAP/meteo/Evaporation/Evaporation_20060219_L1.ASC
NCOLS                30
NROWS                30
XLLCORNER     160000.00
YLLCORNER     340000.00
CELLSIZE        1000.00
NODATA_VALUE   -9999.00
  0.7363500      0.7358800      0.7354300      0.7350000      0.7345700      0.7341600      0.7337700      0.7334000      0.7330400      0.7327000      0.7323800      0.7320700      0.7317800      0.7315200      0.7312700      0.7310400      0.7308400      0.7306500      0.7304800      0.7303400      0.7302100      0.7301000      0.7300200      0.7299500      0.7299100      0.7298800      0.7298800      0.7299000      0.7299300      0.7299800    
  0.7372300      0.7367700      0.7363300      0.7359000      0.7354800      0.7350800      0.7346900      0.7343200      0.7339700      0.7336300      0.7333100      0.7330100      0.7327300      0.7324600      0.7322200      0.7319900      0.7317900      0.7316000      0.7314400      0.7312900      0.7311700      0.7310600      0.7309800      0.7309100      0.7308700      0.7308400      0.7308400      0.7308500      0.7308800      0.7309300    
  0.7381200      0.7376700      0.7372300      0.7368000      0.7363900      0.7359900      0.7356100      0.7352400      0.7349000      0.7345600      0.7342500      0.7339500      0.7336700      0.7334100      0.7331700      0.7329500      0.7327400      0.7325600      0.7323900      0.7322500      0.7321300      0.7320200      0.7319400      0.7318700      0.7318300      0.7318000      0.7317900      0.7318100      0.7318400      0.7318900    
  0.7390000      0.7385600      0.7381200      0.7377100      0.7373000      0.7369100      0.7365300      0.7361700      0.7358300      0.7355000      0.7351900      0.7348900      0.7346200      0.7343600      0.7341200      0.7339000      0.7337000      0.7335200      0.7333500      0.7332100      0.7330900      0.7329800      0.7329000      0.7328300      0.7327900      0.7327600      0.7327500      0.7327700      0.7328000      0.7328500    
  0.7398900      0.7394500      0.7390300      0.7386100      0.7382100      0.7378300      0.7374500      0.7371000      0.7367600      0.7364300      0.7361300      0.7358400      0.7355600      0.7353100      0.7350700      0.7348600      0.7346600      0.7344800      0.7343200      0.7341700      0.7340500      0.7339500      0.7338600      0.7338000      0.7337500      0.7337300      0.7337200      0.7337300      0.7337600      0.7338100    
  0.7407800      0.7403500      0.7399300      0.7395200      0.7391300      0.7387400      0.7383800      0.7380300      0.7376900      0.7373700      0.7370700      0.7367800      0.7365100      0.7362600      0.7360300      0.7358100      0.7356200      0.7354400      0.7352800      0.7351400      0.7350200      0.7349100      0.7348300      0.7347700      0.7347200      0.7346900      0.7346800      0.7347000      0.7347200      0.7347700    
  0.7416700      0.7412400      0.7408300      0.7404300      0.7400400      0.7396600      0.7393000      0.7389600      0.7386300      0.7383100      0.7380100      0.7377300      0.7374600      0.7372200      0.7369900      0.7367700      0.7365800      0.7364000      0.7362400      0.7361000      0.7359800      0.7358800      0.7358000      0.7357400      0.7356900      0.7356600      0.7356500      0.7356600      0.7356900      0.7357400    
  0.7425600      0.7421400      0.7417400      0.7413400      0.7409600      0.7405900      0.7402300      0.7398900      0.7395600      0.7392500      0.7389600      0.7386800      0.7384200      0.7381700      0.7379400      0.7377300      0.7375400      0.7373700      0.7372100      0.7370700      0.7369500      0.7368500      0.7367700      0.7367100      0.7366600      0.7366300      0.7366300      0.7366400      0.7366600      0.7367100    
  0.7434600      0.7430400      0.7426400      0.7422500      0.7418700      0.7415100      0.7411600      0.7408200      0.7405000      0.7401900      0.7399000      0.7396300      0.7393700      0.7391300      0.7389000      0.7387000      0.7385100      0.7383300      0.7381800      0.7380400      0.7379200      0.7378200      0.7377400      0.7376800      0.7376400      0.7376100      0.7376000      0.7376100      0.7376400      0.7376800    
  0.7443500      0.7439400      0.7435500      0.7431600      0.7427900      0.7424300      0.7420900      0.7417600      0.7414400      0.7411400      0.7408500      0.7405800      0.7403200      0.7400800      0.7398600      0.7396600      0.7394700      0.7393000      0.7391500      0.7390100      0.7389000      0.7388000      0.7387200      0.7386600      0.7386100      0.7385800      0.7385800      0.7385900      0.7386100      0.7386600    
  0.7443530      0.7439470      0.7436830      0.7440800      0.7437100      0.7433600      0.7430200      0.7426900      0.7423800      0.7420800      0.7418000      0.7415300      0.7412800      0.7410400      0.7408200      0.7406200      0.7404400      0.7402700      0.7401200      0.7399900      0.7398700      0.7397700      0.7396900      0.7396300      0.7395900      0.7395600      0.7395500      0.7395600      0.7395900      0.7396300    
  0.7443570      0.7440160      0.7440800      0.7444920      0.7446300      0.7442800      0.7439500      0.7436300      0.7433200      0.7430200      0.7427500      0.7424800      0.7422300      0.7420000      0.7417900      0.7415900      0.7414100      0.7412400      0.7410900      0.7409600      0.7408500      0.7407500      0.7406700      0.7406100      0.7405700      0.7405400      0.7405400      0.7405400      0.7405700      0.7406100    
  0.7443060      0.7440800      0.7448030      0.7450900      0.7455500      0.7452100      0.7448800      0.7445600      0.7442600      0.7439700      0.7437000      0.7434400      0.7431900      0.7429600      0.7427500      0.7425500      0.7423700      0.7422100      0.7420700      0.7419400      0.7418200      0.7417300      0.7416500      0.7415900      0.7415500      0.7415300      0.7415200      0.7415300      0.7415500      0.7416000    
  0.7440800      0.7449380      0.7453200      0.7455500      0.7456330      0.7461400      0.7458100      0.7455000      0.7452000      0.7449200      0.7446500      0.7443900      0.7441500      0.7439300      0.7437200      0.7435200      0.7433500      0.7431800      0.7430400      0.7429100      0.7428000      0.7427100      0.7426300      0.7425800      0.7425300      0.7425100      0.7425000      0.7425100      0.7425400      0.7425800    
  0.7450010      0.7454350      0.7455500      0.7457740      0.7461400      0.7462330      0.7467500      0.7464400      0.7461500      0.7458700      0.7456000      0.7453500      0.7451100      0.7448900      0.7446800      0.7444900      0.7443200      0.7441600      0.7440200      0.7438900      0.7437800      0.7436900      0.7436200      0.7435600      0.7435200      0.7435000      0.7434900      0.7435000      0.7435300      0.7435700    
  0.7454920      0.7455500      0.7458210      0.7461400      0.7463740      0.7467500      0.7465950      0.7464470      0.7463180      0.7468100      0.7465500      0.7463000      0.7460700      0.7458500      0.7456500      0.7454600      0.7452900      0.7451300      0.7449900      0.7448700      0.7447700      0.7446800      0.7446000      0.7445500      0.7445100      0.7444800      0.7444800      0.7444900      0.7445200      0.7445600    
  0.7455500      0.7458370      0.7461400      0.7464210      0.7467500      0.7466730      0.7465970      0.7465420      0.7468100      0.7466800      0.7470280      0.7472600      0.7470300      0.7468200      0.7466200      0.7464300      0.7462600      0.7461100      0.7459700      0.7458500      0.7457500      0.7456600      0.7455900      0.7455300      0.7455000      0.7454700      0.7454700      0.7454800      0.7455100      0.7455500    
  0.7458420      0.7461400      0.7464370      0.7467500      0.7467110      0.7466730      0.7466560      0.7468100      0.7467450      0.7472960      0.7477400      0.7482200      0.7479900      0.7477800      0.7475900      0.7474000      0.7472400      0.7470900      0.7469500      0.7468300      0.7467300      0.7466500      0.7465800      0.7465200      0.7464900      0.7464700      0.7464600      0.7464700      0.7465000      0.7465500    
  0.7461400      0.7464420      0.7467500      0.7467310      0.7467110      0.7467130      0.7468100      0.7467780      0.7474100      0.7479800      0.7482200      0.7481050      0.7481850      0.7487500      0.7485600      0.7483800      0.7482100      0.7480700      0.7479300      0.7478200      0.7477200      0.7476300      0.7475700      0.7475100      0.7474800      0.7474600      0.7474600      0.7474700      0.7475000      0.7475400    
  0.7464440      0.7467500      0.7467400      0.7467310      0.7467410      0.7468100      0.7467940      0.7474640      0.7481000      0.7482200      0.7481630      0.7483150      0.7487500      0.7486550      0.7485630      0.7483830      0.7482200      0.7480700      0.7484820      0.7488000      0.7487000      0.7486200      0.7485600      0.7485100      0.7484700      0.7484500      0.7484500      0.7484700      0.7485000      0.7485400    
  0.7467500      0.7467450      0.7467400      0.7467560      0.7468100      0.7468020      0.7474890      0.7481600      0.7482200      0.7481910      0.7483620      0.7487500      0.7487020      0.7486560      0.7485340      0.7483890      0.7482240      0.7487710      0.7492950      0.7497900      0.7496900      0.7496100      0.7495500      0.7495000      0.7494700      0.7494500      0.7494500      0.7494700      0.7495000      0.7495400    
  0.7467480      0.7467450      0.7467630      0.7468100      0.7468060      0.7475020      0.7481900      0.7482200      0.7482060      0.7483810      0.7487500      0.7487260      0.7487030      0.7486310      0.7485260      0.7483820      0.7489430      0.7495420      0.7497900      0.7500530      0.7506800      0.7506000      0.7505400      0.7504900      0.7504600      0.7504500      0.7504500      0.7504700      0.7505000      0.7505500    
  0.7467480      0.7467660      0.7468100      0.7468080      0.7475090      0.7482050      0.7482200      0.7482130      0.7483890      0.7487500      0.7487380      0.7487260      0.7486870      0.7486200      0.7485130      0.7496560      0.7496660      0.7497900      0.7511710      0.7516750      0.7516280      0.7516000      0.7515400      0.7514900      0.7514600      0.7514500      0.7514500      0.7514700      0.7515000      0.7515500    
  0.7467680      0.7468100      0.7468090      0.7475120      0.7482130      0.7482200      0.7482160      0.7483930      0.7487500      0.7487440      0.7487380      0.7487170      0.7486780      0.7509100      0.7521860      0.7527600      0.7527600      0.7527790      0.7528330      0.7531650      0.7526700      0.7525900      0.7525300      0.7524900      0.7524600      0.7524500      0.7524600      0.7524700      0.7525100      0.7525600    
  0.7468100      0.7468090      0.7475130      0.7482160      0.7482200      0.7482180      0.7483950      0.7487500      0.7487470      0.7487440      0.7487330      0.7487110      0.7528070      0.7578510      0.7578200      0.7557480      0.7558550      0.7557300      0.7543690      0.7536600      0.7536600      0.7535900      0.7535300      0.7534900      0.7534600      0.7534500      0.7534600      0.7534800      0.7535200      0.7535700    
  0.7468100      0.7475140      0.7482180      0.7482200      0.7482190      0.7483960      0.7487500      0.7487480      0.7487470      0.7487410      0.7536020      0.7609100      0.7588960      0.7578820      0.7578820      0.7578200      0.7565560      0.7559800      0.7557300      0.7549230      0.7546500      0.7545800      0.7545300      0.7544900      0.7544700      0.7544600      0.7544700      0.7544900      0.7545300      0.7545800    
  0.7475150      0.7482190      0.7482200      0.7482200      0.7483960      0.7487500      0.7487490      0.7487480      0.7487460      0.7545820      0.7609100      0.7609100      0.7609100      0.7589420      0.7579440      0.7579440      0.7578200      0.7566960      0.7562300      0.7557300      0.7556500      0.7555800      0.7555300      0.7554900      0.7554700      0.7554700      0.7554800      0.7555000      0.7555400      0.7555900    
  0.7482200      0.7482200      0.7482200      0.7483960      0.7487500      0.7487500      0.7487490      0.7530660      0.7569380      0.7609130      0.7609100      0.7609100      0.7609100      0.7609100      0.7590320      0.7580680      0.7580670      0.7578200      0.7570020      0.7567300      0.7566500      0.7565800      0.7565300      0.7565000      0.7564800      0.7564800      0.7564900      0.7565100      0.7565500      0.7566100    
  0.7482200      0.7482200      0.7483970      0.7487500      0.7487500      0.7561060      0.7671400      0.7665800      0.7660200      0.7626210      0.7609180      0.7609100      0.7609100      0.7609100      0.7609100      0.7592060      0.7583160      0.7583150      0.7578200      0.7577300      0.7576500      0.7575900      0.7575400      0.7575100      0.7574900      0.7574900      0.7575000      0.7575300      0.7575700      0.7576300    
  0.7482200      0.7483970      0.7487500      0.7487500      0.7575790      0.7671420      0.7671420      0.7671400      0.7665800      0.7660200      0.7626350      0.7609350      0.7609100      0.7609100      0.7609100      0.7609100      0.7595310      0.7588130      0.7588100      0.7587200      0.7586500      0.7585900      0.7585500      0.7585200      0.7585000      0.7585000      0.7585200      0.7585500      0.7585900      0.7586500    
