iMOD/TUTORIALS/TUT_MetaswapAnalyser/model_MetaSWAP/meteo/Evaporation/Evaporation_20050610_L1.ASC
NCOLS                30
NROWS                30
XLLCORNER     160000.00
YLLCORNER     340000.00
CELLSIZE        1000.00
NODATA_VALUE   -9999.00
   3.603750       3.599040       3.594320       3.589580       3.584840       3.580100       3.575360       3.570620       3.565890       3.561170       3.556460       3.551760       3.547090       3.542440       3.537810       3.533210       3.528640       3.524090       3.519580       3.515110       3.510670       3.506280       3.501920       3.497600       3.493330       3.489100       3.484910       3.480770       3.476680       3.472640    
   3.604210       3.599480       3.594730       3.589980       3.585220       3.580460       3.575710       3.570950       3.566210       3.561470       3.556750       3.552050       3.547370       3.542710       3.538080       3.533470       3.528900       3.524360       3.519850       3.515380       3.510950       3.506560       3.502210       3.497910       3.493650       3.489430       3.485270       3.481150       3.477070       3.473050    
   3.604580       3.599830       3.595060       3.590290       3.585520       3.580740       3.575970       3.571200       3.566440       3.561700       3.556970       3.552260       3.547570       3.542900       3.538260       3.533660       3.529080       3.524540       3.520040       3.515570       3.511150       3.506770       3.502430       3.498140       3.493890       3.489690       3.485540       3.481440       3.477390       3.473400    
   3.604870       3.600100       3.595320       3.590520       3.585730       3.580940       3.576150       3.571370       3.566590       3.561840       3.557100       3.552380       3.547680       3.543010       3.538370       3.533760       3.529190       3.524650       3.520150       3.515690       3.511270       3.506900       3.502570       3.498290       3.494060       3.489880       3.485750       3.481670       3.477640       3.473670    
   3.605090       3.600290       3.595490       3.590680       3.585870       3.581060       3.576250       3.571450       3.566670       3.561900       3.557150       3.552420       3.547720       3.543050       3.538400       3.533790       3.529210       3.524680       3.520180       3.515730       3.511320       3.506960       3.502640       3.498380       3.494160       3.490000       3.485890       3.481830       3.477820       3.473870    
   3.605240       3.600420       3.595590       3.590760       3.585930       3.581100       3.576280       3.571470       3.566670       3.561890       3.557130       3.552400       3.547690       3.543010       3.538360       3.533750       3.529170       3.524640       3.520150       3.515700       3.511300       3.506940       3.502640       3.498390       3.494190       3.490050       3.485960       3.481920       3.477940       3.474020    
   3.605310       3.600470       3.595620       3.590770       3.585930       3.581080       3.576240       3.571420       3.566610       3.561820       3.557050       3.552300       3.547580       3.542900       3.538250       3.533630       3.529060       3.524530       3.520040       3.515600       3.511210       3.506870       3.502580       3.498340       3.494160       3.490030       3.485960       3.481950       3.477990       3.474100    
   3.605320       3.600460       3.595590       3.590720       3.585860       3.580990       3.576140       3.571300       3.566480       3.561670       3.556890       3.552140       3.547420       3.542730       3.538070       3.533460       3.528880       3.524360       3.519870       3.515440       3.511060       3.506730       3.502450       3.498230       3.494060       3.489960       3.485910       3.481920       3.477990       3.474120    
   3.605280       3.600390       3.595500       3.590610       3.585730       3.580850       3.575980       3.571120       3.566290       3.561470       3.556680       3.551920       3.547190       3.542490       3.537840       3.533220       3.528650       3.524120       3.519640       3.515220       3.510840       3.506530       3.502260       3.498060       3.493910       3.489830       3.485800       3.481840       3.477930       3.474090    
   3.605180       3.600270       3.595360       3.590450       3.585540       3.580640       3.575760       3.570890       3.566040       3.561210       3.556410       3.551640       3.546900       3.542200       3.537540       3.532920       3.528350       3.523830       3.519360       3.514940       3.510580       3.506270       3.502020       3.497830       3.493710       3.489640       3.485640       3.481700       3.477820       3.474010    
   3.605180       3.600270       3.594080       3.590230       3.585300       3.580390       3.575490       3.570600       3.565740       3.560900       3.556090       3.551310       3.546560       3.541860       3.537190       3.532580       3.528010       3.523490       3.519020       3.514610       3.510260       3.505960       3.501730       3.497560       3.493450       3.489410       3.485430       3.481510       3.477670       3.473880    
   3.605170       3.597440       3.590230       3.586310       3.585020       3.580090       3.575170       3.570270       3.565390       3.560540       3.555710       3.550920       3.546170       3.541460       3.536800       3.532180       3.527610       3.523090       3.518630       3.514230       3.509890       3.505600       3.501390       3.497230       3.493150       3.489120       3.485170       3.481280       3.477460       3.473710    
   3.600730       3.590230       3.586520       3.584860       3.584690       3.579740       3.574800       3.569890       3.564990       3.560130       3.555300       3.550500       3.545740       3.541020       3.536350       3.531730       3.527170       3.522650       3.518200       3.513800       3.509470       3.505200       3.501000       3.496860       3.492800       3.488800       3.484870       3.481010       3.477220       3.473500    
   3.590230       3.586550       3.584770       3.584690       3.581260       3.579350       3.574400       3.569470       3.564560       3.559680       3.554840       3.550030       3.545260       3.540540       3.535870       3.531250       3.526680       3.522170       3.517720       3.513330       3.509010       3.504760       3.500570       3.496450       3.492410       3.488430       3.484530       3.480700       3.476940       3.473250    
   3.586550       3.584730       3.584690       3.581770       3.579350       3.575900       3.573960       3.569010       3.564090       3.559200       3.554340       3.549520       3.544750       3.540020       3.535340       3.530720       3.526160       3.521650       3.517210       3.512830       3.508520       3.504280       3.500100       3.496010       3.491980       3.488030       3.484150       3.480350       3.476620       3.472970    
   3.584710       3.584690       3.581940       3.579350       3.576400       3.573960       3.571490       3.569020       3.562750       3.558680       3.553810       3.548980       3.544200       3.539470       3.534790       3.530160       3.525600       3.521090       3.516660       3.512290       3.507990       3.503760       3.499600       3.495530       3.491520       3.487600       3.483750       3.479970       3.476280       3.472660    
   3.584690       3.581990       3.579350       3.576570       3.573960       3.572720       3.571490       3.565480       3.558680       3.556240       3.551540       3.548410       3.543620       3.538880       3.534200       3.529570       3.525010       3.520510       3.516070       3.511710       3.507420       3.503210       3.499070       3.495010       3.491030       3.487130       3.483310       3.479570       3.475900       3.472320    
   3.582010       3.579350       3.576630       3.573960       3.573340       3.572720       3.567090       3.558680       3.557460       3.552480       3.548120       3.547820       3.543020       3.538270       3.533580       3.528950       3.524390       3.519890       3.515470       3.511110       3.506840       3.502640       3.498520       3.494480       3.490520       3.486640       3.482850       3.479140       3.475510       3.471960    
   3.579350       3.576650       3.573960       3.573650       3.573340       3.567960       3.558680       3.558070       3.552880       3.547970       3.547820       3.545420       3.541690       3.537640       3.532950       3.528310       3.523750       3.519260       3.514830       3.510490       3.506220       3.502040       3.497940       3.493920       3.489980       3.486130       3.482370       3.478690       3.475090       3.471580    
   3.576650       3.573960       3.573810       3.573650       3.568410       3.558680       3.558380       3.553070       3.547890       3.547820       3.546620       3.543140       3.537640       3.535300       3.532970       3.528340       3.523770       3.519280       3.512720       3.509850       3.505590       3.501420       3.497340       3.493340       3.489430       3.485600       3.481870       3.478220       3.474660       3.471180    
   3.573960       3.573880       3.573810       3.568640       3.558680       3.558530       3.553160       3.547860       3.547820       3.547220       3.543810       3.537640       3.536470       3.535300       3.532200       3.528360       3.523800       3.514900       3.509520       3.509190       3.504950       3.500790       3.496720       3.492740       3.488860       3.485060       3.481360       3.477740       3.474210       3.470780    
   3.573920       3.573880       3.568750       3.558680       3.558600       3.553210       3.547840       3.547820       3.547520       3.544120       3.537640       3.537050       3.536470       3.534660       3.531950       3.528120       3.517120       3.509360       3.509190       3.506140       3.504290       3.500150       3.496100       3.492140       3.488280       3.484510       3.480840       3.477250       3.473760       3.470360    
   3.573920       3.568810       3.558680       3.558640       3.553230       3.547830       3.547820       3.547670       3.544280       3.537640       3.537350       3.537050       3.536060       3.534360       3.531580       3.518730       3.509270       3.509190       3.505390       3.503620       3.501150       3.499500       3.495460       3.491530       3.487690       3.483950       3.480310       3.476760       3.473310       3.469950    
   3.568840       3.558680       3.558660       3.553240       3.547820       3.547820       3.547750       3.544350       3.537640       3.537490       3.537350       3.536820       3.535820       3.527540       3.517770       3.507170       3.507170       3.505140       3.502840       3.502620       3.502950       3.498840       3.494830       3.490920       3.487100       3.483390       3.479780       3.476270       3.472860       3.469540    
   3.558680       3.558670       3.553240       3.547820       3.547820       3.547780       3.544390       3.537640       3.537570       3.537490       3.537220       3.536660       3.523290       3.508140       3.508160       3.506610       3.505070       3.505150       3.503140       3.502290       3.502290       3.498190       3.494190       3.490300       3.486520       3.482840       3.479260       3.475780       3.472410       3.469130    
   3.558680       3.553250       3.547820       3.547820       3.547800       3.544410       3.537640       3.537600       3.537570       3.537430       3.526610       3.510830       3.509020       3.508120       3.508120       3.508160       3.506050       3.504990       3.505150       3.502510       3.501630       3.497540       3.493570       3.489700       3.485940       3.482290       3.478750       3.475310       3.471970       3.468740    
   3.553250       3.547820       3.547820       3.547810       3.544420       3.537640       3.537620       3.537600       3.537530       3.524650       3.510830       3.510830       3.510830       3.508990       3.508080       3.508080       3.508160       3.505890       3.504830       3.505150       3.500970       3.496910       3.492950       3.489100       3.485370       3.481750       3.478240       3.474840       3.471550       3.468360    
   3.547820       3.547820       3.547820       3.544420       3.537640       3.537630       3.537620       3.531570       3.522640       3.510830       3.510830       3.510830       3.510830       3.510830       3.508930       3.508010       3.508010       3.508160       3.505420       3.504510       3.500340       3.496280       3.492350       3.488520       3.484820       3.481230       3.477760       3.474400       3.471150       3.468000    
   3.547820       3.547820       3.544420       3.537640       3.537640       3.529800       3.518060       3.515780       3.513510       3.511720       3.510830       3.510830       3.510830       3.510830       3.510830       3.508810       3.507860       3.507850       3.508160       3.503880       3.499720       3.495680       3.491760       3.487970       3.484290       3.480740       3.477300       3.473980       3.470770       3.467670    
   3.547820       3.544430       3.537640       3.537640       3.528240       3.518060       3.518060       3.518060       3.515780       3.513510       3.511710       3.510820       3.510830       3.510830       3.510830       3.510830       3.508550       3.507560       3.507550       3.503280       3.499130       3.495110       3.491210       3.487430       3.483790       3.480260       3.476860       3.473580       3.470420       3.467370    
