iMOD/TUTORIALS/TUT_MetaswapAnalyser/model_MetaSWAP/meteo/Evaporation/Evaporation_20060825_L1.ASC
NCOLS                30
NROWS                30
XLLCORNER     160000.00
YLLCORNER     340000.00
CELLSIZE        1000.00
NODATA_VALUE   -9999.00
   1.581050       1.580820       1.580650       1.580530       1.580470       1.580470       1.580510       1.580600       1.580730       1.580900       1.581100       1.581350       1.581620       1.581920       1.582260       1.582610       1.582990       1.583390       1.583810       1.584240       1.584690       1.585150       1.585620       1.586090       1.586580       1.587070       1.587560       1.588050       1.588540       1.589030    
   1.581660       1.581330       1.581060       1.580860       1.580710       1.580620       1.580580       1.580580       1.580630       1.580720       1.580850       1.581010       1.581210       1.581440       1.581700       1.581990       1.582300       1.582630       1.582980       1.583350       1.583740       1.584140       1.584550       1.584970       1.585400       1.585840       1.586280       1.586720       1.587160       1.587600    
   1.582340       1.581920       1.581560       1.581260       1.581030       1.580850       1.580720       1.580640       1.580600       1.580610       1.580660       1.580750       1.580880       1.581030       1.581220       1.581440       1.581680       1.581950       1.582230       1.582540       1.582860       1.583200       1.583550       1.583920       1.584290       1.584670       1.585060       1.585450       1.585850       1.586240    
   1.583100       1.582580       1.582130       1.581740       1.581420       1.581150       1.580930       1.580770       1.580650       1.580580       1.580550       1.580570       1.580610       1.580700       1.580810       1.580960       1.581130       1.581330       1.581550       1.581790       1.582060       1.582330       1.582630       1.582930       1.583250       1.583580       1.583910       1.584250       1.584600       1.584940    
   1.583940       1.583320       1.582780       1.582300       1.581880       1.581520       1.581220       1.580970       1.580780       1.580620       1.580520       1.580450       1.580420       1.580430       1.580480       1.580550       1.580650       1.580780       1.580940       1.581120       1.581320       1.581530       1.581770       1.582020       1.582280       1.582550       1.582830       1.583120       1.583410       1.583710    
   1.584850       1.584130       1.583500       1.582920       1.582420       1.581970       1.581580       1.581250       1.580970       1.580740       1.580550       1.580410       1.580300       1.580240       1.580210       1.580210       1.580250       1.580310       1.580400       1.580510       1.580650       1.580800       1.580980       1.581170       1.581370       1.581590       1.581810       1.582050       1.582290       1.582540    
   1.585820       1.585020       1.584290       1.583620       1.583030       1.582490       1.582020       1.581600       1.581240       1.580920       1.580650       1.580430       1.580250       1.580110       1.580010       1.579940       1.579910       1.579900       1.579920       1.579970       1.580040       1.580140       1.580250       1.580380       1.580530       1.580690       1.580860       1.581050       1.581240       1.581440    
   1.586870       1.585970       1.585150       1.584390       1.583710       1.583080       1.582520       1.582020       1.581570       1.581180       1.580830       1.580530       1.580270       1.580060       1.579880       1.579740       1.579640       1.579560       1.579520       1.579500       1.579510       1.579540       1.579590       1.579670       1.579760       1.579860       1.579980       1.580110       1.580250       1.580400    
   1.587990       1.587000       1.586080       1.585230       1.584450       1.583740       1.583100       1.582510       1.581980       1.581500       1.581070       1.580690       1.580360       1.580070       1.579820       1.579610       1.579430       1.579290       1.579180       1.579100       1.579040       1.579010       1.579000       1.579020       1.579050       1.579100       1.579160       1.579240       1.579330       1.579430    
   1.589180       1.588090       1.587080       1.586140       1.585270       1.584470       1.583740       1.583070       1.582450       1.581890       1.581380       1.580930       1.580520       1.580150       1.579830       1.579540       1.579300       1.579090       1.578910       1.578760       1.578640       1.578540       1.578480       1.578430       1.578400       1.578400       1.578410       1.578430       1.578470       1.578520    
   1.589210       1.588120       1.587110       1.587110       1.586160       1.585270       1.584450       1.583690       1.582990       1.582350       1.581760       1.581230       1.580740       1.580300       1.579900       1.579550       1.579230       1.578950       1.578700       1.578490       1.578300       1.578150       1.578020       1.577910       1.577820       1.577760       1.577720       1.577690       1.577670       1.577670    
   1.589230       1.587880       1.587110       1.587120       1.587100       1.586130       1.585220       1.584380       1.583600       1.582880       1.582210       1.581590       1.581030       1.580510       1.580040       1.579610       1.579220       1.578870       1.578560       1.578280       1.578030       1.577810       1.577620       1.577450       1.577310       1.577190       1.577090       1.577000       1.576940       1.576890    
   1.588660       1.587110       1.587490       1.587610       1.588120       1.587060       1.586060       1.585140       1.584270       1.583470       1.582720       1.582030       1.581380       1.580790       1.580250       1.579740       1.579290       1.578870       1.578480       1.578140       1.577820       1.577540       1.577290       1.577060       1.576860       1.576680       1.576520       1.576390       1.576270       1.576160    
   1.587110       1.587650       1.587860       1.588120       1.587740       1.588050       1.586970       1.585960       1.585010       1.584120       1.583290       1.582520       1.581800       1.581140       1.580520       1.579940       1.579410       1.578920       1.578470       1.578060       1.577680       1.577330       1.577020       1.576730       1.576470       1.576230       1.576020       1.575830       1.575660       1.575500    
   1.587720       1.587990       1.588120       1.587970       1.588050       1.587650       1.587930       1.586840       1.585810       1.584840       1.583930       1.583080       1.582290       1.581540       1.580850       1.580200       1.579600       1.579040       1.578520       1.578040       1.577600       1.577190       1.576810       1.576460       1.576140       1.575850       1.575580       1.575340       1.575110       1.574900    
   1.588060       1.588120       1.588050       1.588050       1.587880       1.587930       1.587380       1.586860       1.585780       1.585620       1.584630       1.583700       1.582830       1.582010       1.581240       1.580520       1.579850       1.579220       1.578640       1.578090       1.577580       1.577110       1.576670       1.576260       1.575880       1.575530       1.575200       1.574900       1.574620       1.574370    
   1.588120       1.588070       1.588050       1.587950       1.587930       1.587660       1.587390       1.586410       1.585620       1.585120       1.584690       1.584390       1.583440       1.582540       1.581700       1.580910       1.580160       1.579470       1.578810       1.578200       1.577620       1.577090       1.576580       1.576110       1.575680       1.575270       1.574890       1.574530       1.574200       1.573890    
   1.588080       1.588050       1.587980       1.587930       1.587790       1.587660       1.586770       1.585620       1.585370       1.585070       1.584760       1.585130       1.584100       1.583130       1.582220       1.581350       1.580540       1.579770       1.579050       1.578370       1.577730       1.577130       1.576560       1.576030       1.575530       1.575070       1.574630       1.574220       1.573830       1.573470    
   1.588050       1.587990       1.587930       1.587860       1.587790       1.586960       1.585620       1.585500       1.585230       1.584940       1.585130       1.584610       1.584040       1.583780       1.582800       1.581860       1.580970       1.580130       1.579340       1.578600       1.577890       1.577230       1.576600       1.576010       1.575450       1.574930       1.574430       1.573970       1.573530       1.573110    
   1.587990       1.587930       1.587900       1.587860       1.587060       1.585620       1.585560       1.585300       1.585040       1.585130       1.584870       1.584390       1.583780       1.583290       1.582810       1.581880       1.580990       1.580150       1.579240       1.578890       1.578120       1.577390       1.576700       1.576050       1.575430       1.574850       1.574300       1.573780       1.573280       1.572820    
   1.587930       1.587910       1.587900       1.587110       1.585620       1.585590       1.585340       1.585080       1.585130       1.585000       1.584540       1.583780       1.583540       1.583290       1.582660       1.581890       1.581000       1.579730       1.579060       1.579230       1.578400       1.577610       1.576850       1.576140       1.575470       1.574830       1.574220       1.573640       1.573100       1.572580    
   1.587920       1.587910       1.587130       1.585620       1.585600       1.585360       1.585110       1.585130       1.585070       1.584610       1.583780       1.583660       1.583540       1.583160       1.582620       1.581850       1.580200       1.579140       1.579230       1.578790       1.578740       1.577880       1.577070       1.576300       1.575560       1.574860       1.574200       1.573570       1.572970       1.572400    
   1.587920       1.587150       1.585620       1.585610       1.585370       1.585120       1.585130       1.585100       1.584650       1.583780       1.583720       1.583660       1.583450       1.583110       1.582540       1.580950       1.579190       1.579230       1.579260       1.579160       1.578610       1.578220       1.577340       1.576510       1.575710       1.574960       1.574240       1.573550       1.572900       1.572270    
   1.587150       1.585620       1.585620       1.585370       1.585120       1.585130       1.585110       1.584660       1.583780       1.583750       1.583720       1.583610       1.583410       1.583640       1.582680       1.580890       1.580870       1.580330       1.579710       1.579840       1.579590       1.578610       1.577670       1.576780       1.575920       1.575110       1.574330       1.573590       1.572880       1.572210    
   1.585620       1.585620       1.585370       1.585130       1.585130       1.585120       1.584670       1.583780       1.583760       1.583750       1.583690       1.583580       1.584330       1.585490       1.585460       1.583130       1.582610       1.582520       1.580910       1.580120       1.580100       1.579060       1.578060       1.577100       1.576190       1.575320       1.574490       1.573690       1.572930       1.572200    
   1.585620       1.585370       1.585130       1.585130       1.585130       1.584680       1.583780       1.583770       1.583760       1.583740       1.586210       1.590020       1.587020       1.585520       1.585520       1.585460       1.583590       1.582710       1.582520       1.581150       1.580670       1.579560       1.578500       1.577490       1.576510       1.575580       1.574690       1.573840       1.573030       1.572250    
   1.585370       1.585130       1.585130       1.585130       1.584680       1.583780       1.583780       1.583770       1.583760       1.586750       1.590020       1.590020       1.590020       1.587070       1.585580       1.585570       1.585460       1.583670       1.582890       1.582520       1.581290       1.580120       1.579000       1.577920       1.576890       1.575910       1.574960       1.574050       1.573180       1.572350    
   1.585130       1.585130       1.585130       1.584680       1.583780       1.583780       1.583780       1.587390       1.589220       1.590020       1.590020       1.590020       1.590020       1.590020       1.587150       1.585690       1.585690       1.585460       1.583820       1.583260       1.581970       1.580740       1.579550       1.578420       1.577330       1.576280       1.575280       1.574320       1.573400       1.572510    
   1.585130       1.585130       1.584680       1.583780       1.583780       1.591030       1.601900       1.600080       1.598260       1.592780       1.590030       1.590020       1.590020       1.590020       1.590020       1.587310       1.585920       1.585920       1.585460       1.584060       1.582700       1.581400       1.580160       1.578960       1.577810       1.576710       1.575660       1.574640       1.573660       1.572730    
   1.585130       1.584680       1.583780       1.583780       1.592480       1.601900       1.601900       1.601900       1.600080       1.598260       1.592790       1.590050       1.590020       1.590020       1.590020       1.590020       1.587590       1.586390       1.586380       1.584900       1.583490       1.582130       1.580820       1.579560       1.578360       1.577200       1.576090       1.575020       1.573990       1.573000    
