iMOD/TUTORIALS/TUT_MetaswapAnalyser/model_MetaSWAP/meteo/Evaporation/Evaporation_20061204_L1.ASC
NCOLS                30
NROWS                30
XLLCORNER     160000.00
YLLCORNER     340000.00
CELLSIZE        1000.00
NODATA_VALUE   -9999.00
  0.3015600      0.2997400      0.2979000      0.2960500      0.2941900      0.2923100      0.2904200      0.2885200      0.2866200      0.2847000      0.2827700      0.2808300      0.2788900      0.2769400      0.2749800      0.2730100      0.2710400      0.2690600      0.2670800      0.2650900      0.2631000      0.2611100      0.2591100      0.2571100      0.2551100      0.2531000      0.2510900      0.2490900      0.2470800      0.2450700    
  0.3004300      0.2985900      0.2967400      0.2948800      0.2930100      0.2911300      0.2892300      0.2873300      0.2854100      0.2834900      0.2815500      0.2796100      0.2776600      0.2757000      0.2737400      0.2717700      0.2698000      0.2678100      0.2658300      0.2638400      0.2618500      0.2598500      0.2578500      0.2558500      0.2538500      0.2518500      0.2498400      0.2478300      0.2458300      0.2438200    
  0.2992800      0.2974300      0.2955700      0.2937000      0.2918200      0.2899300      0.2880300      0.2861100      0.2841900      0.2822600      0.2803200      0.2783700      0.2764200      0.2744600      0.2724900      0.2705100      0.2685400      0.2665500      0.2645700      0.2625800      0.2605800      0.2585800      0.2565800      0.2545800      0.2525800      0.2505800      0.2485700      0.2465700      0.2445700      0.2425600    
  0.2981100      0.2962600      0.2943900      0.2925100      0.2906200      0.2887200      0.2868100      0.2848900      0.2829600      0.2810200      0.2790800      0.2771200      0.2751600      0.2732000      0.2712200      0.2692500      0.2672700      0.2652800      0.2632900      0.2613000      0.2593000      0.2573000      0.2553000      0.2533000      0.2513000      0.2493000      0.2473000      0.2452900      0.2432900      0.2412900    
  0.2969400      0.2950700      0.2931900      0.2913100      0.2894100      0.2875000      0.2855800      0.2836500      0.2817100      0.2797700      0.2778200      0.2758600      0.2738900      0.2719200      0.2699500      0.2679700      0.2659800      0.2639900      0.2620000      0.2600100      0.2580100      0.2560100      0.2540100      0.2520100      0.2500100      0.2480100      0.2460100      0.2440000      0.2420100      0.2400100    
  0.2957500      0.2938800      0.2919900      0.2900900      0.2881800      0.2862600      0.2843400      0.2824000      0.2804600      0.2785100      0.2765500      0.2745900      0.2726200      0.2706400      0.2686600      0.2666800      0.2646900      0.2627000      0.2607000      0.2587100      0.2567100      0.2547100      0.2527100      0.2507100      0.2487100      0.2467100      0.2447100      0.2427100      0.2407100      0.2387100    
  0.2945600      0.2926700      0.2907700      0.2888600      0.2869500      0.2850200      0.2830900      0.2811400      0.2791900      0.2772300      0.2752700      0.2733000      0.2713300      0.2693500      0.2673600      0.2653700      0.2633800      0.2613900      0.2593900      0.2573900      0.2553900      0.2533900      0.2513900      0.2493900      0.2473900      0.2453900      0.2434000      0.2414000      0.2394000      0.2374100    
  0.2933500      0.2914500      0.2895400      0.2876300      0.2857000      0.2837700      0.2818200      0.2798700      0.2779200      0.2759500      0.2739800      0.2720100      0.2700300      0.2680400      0.2660500      0.2640600      0.2620700      0.2600700      0.2580700      0.2560700      0.2540700      0.2520700      0.2500700      0.2480700      0.2460700      0.2440700      0.2420800      0.2400800      0.2380900      0.2361000    
  0.2921300      0.2902200      0.2883100      0.2863800      0.2844500      0.2825000      0.2805500      0.2785900      0.2766300      0.2746600      0.2726800      0.2707000      0.2687200      0.2667300      0.2647300      0.2627400      0.2607400      0.2587400      0.2567400      0.2547400      0.2527400      0.2507400      0.2487400      0.2467400      0.2447400      0.2427400      0.2407500      0.2387500      0.2367600      0.2347800    
  0.2909100      0.2889900      0.2870600      0.2851300      0.2831800      0.2812300      0.2792700      0.2773100      0.2753300      0.2733600      0.2713800      0.2693900      0.2674000      0.2654000      0.2634100      0.2614100      0.2594100      0.2574100      0.2554000      0.2534000      0.2514000      0.2494000      0.2474000      0.2454000      0.2434000      0.2414000      0.2394100      0.2374200      0.2354300      0.2334500    
  0.2909070      0.2889870      0.2862600      0.2838600      0.2819100      0.2799500      0.2779800      0.2760100      0.2740300      0.2720500      0.2700600      0.2680700      0.2660700      0.2640700      0.2620700      0.2600700      0.2580700      0.2560600      0.2540600      0.2520500      0.2500500      0.2480500      0.2460500      0.2440500      0.2420500      0.2400600      0.2380600      0.2360800      0.2340900      0.2321100    
  0.2909030      0.2875030      0.2838600      0.2814380      0.2806300      0.2786600      0.2766900      0.2747100      0.2727200      0.2707300      0.2687400      0.2667400      0.2647400      0.2627300      0.2607300      0.2587200      0.2567200      0.2547100      0.2527000      0.2507000      0.2486900      0.2466900      0.2446900      0.2426900      0.2406900      0.2387000      0.2367100      0.2347300      0.2327500      0.2307700    
  0.2887700      0.2838600      0.2811590      0.2799900      0.2793500      0.2773700      0.2753900      0.2734000      0.2714000      0.2694100      0.2674100      0.2654000      0.2634000      0.2613900      0.2593800      0.2573700      0.2553600      0.2533500      0.2513400      0.2493300      0.2473300      0.2453200      0.2433200      0.2413300      0.2393300      0.2373400      0.2353500      0.2333700      0.2313900      0.2294200    
  0.2838600      0.2810100      0.2796700      0.2793500      0.2775970      0.2760700      0.2740800      0.2720800      0.2700800      0.2680800      0.2660700      0.2640600      0.2620500      0.2600400      0.2580200      0.2560100      0.2540000      0.2519800      0.2499700      0.2479600      0.2459600      0.2439500      0.2419500      0.2399600      0.2379600      0.2359700      0.2339900      0.2320100      0.2300300      0.2280600    
  0.2809320      0.2795100      0.2793500      0.2776720      0.2760700      0.2743070      0.2727700      0.2707600      0.2687500      0.2667400      0.2647300      0.2627100      0.2607000      0.2586800      0.2566600      0.2546400      0.2526300      0.2506100      0.2486000      0.2465900      0.2445800      0.2425800      0.2405800      0.2385800      0.2365900      0.2346000      0.2326200      0.2306400      0.2286700      0.2267000    
  0.2794300      0.2793500      0.2776970      0.2760700      0.2743820      0.2727700      0.2717650      0.2707600      0.2679130      0.2654000      0.2633800      0.2613600      0.2593400      0.2573200      0.2552900      0.2532700      0.2512500      0.2492400      0.2472200      0.2452100      0.2432000      0.2411900      0.2391900      0.2372000      0.2352100      0.2332200      0.2312400      0.2292700      0.2273000      0.2253300    
  0.2793500      0.2777060      0.2760700      0.2744070      0.2727700      0.2722670      0.2717650      0.2689590      0.2654000      0.2643900      0.2617560      0.2600000      0.2579800      0.2559500      0.2539200      0.2519000      0.2498700      0.2478500      0.2458400      0.2438200      0.2418100      0.2398100      0.2378100      0.2358100      0.2338200      0.2318400      0.2298600      0.2278900      0.2259200      0.2239600    
  0.2777090      0.2760700      0.2744160      0.2727700      0.2725190      0.2722670      0.2695980      0.2654000      0.2648950      0.2619010      0.2593200      0.2586400      0.2566100      0.2545800      0.2525500      0.2505200      0.2484900      0.2464700      0.2444500      0.2424300      0.2404200      0.2384200      0.2364200      0.2344200      0.2324300      0.2304500      0.2284800      0.2265100      0.2245400      0.2225900    
  0.2760700      0.2744190      0.2727700      0.2726440      0.2725190      0.2699460      0.2654000      0.2651480      0.2619630      0.2589800      0.2586400      0.2576250      0.2557600      0.2532100      0.2511700      0.2491400      0.2471100      0.2450800      0.2430600      0.2410400      0.2390300      0.2370200      0.2350200      0.2330300      0.2310400      0.2290600      0.2270900      0.2251200      0.2231600      0.2212100    
  0.2744200      0.2727700      0.2727070      0.2726440      0.2701270      0.2654000      0.2652740      0.2619920      0.2588100      0.2586400      0.2581320      0.2563090      0.2532100      0.2521900      0.2511730      0.2491400      0.2471100      0.2450830      0.2414160      0.2396500      0.2376300      0.2356300      0.2336300      0.2316300      0.2296500      0.2276700      0.2257000      0.2237400      0.2217800      0.2198300    
  0.2727700      0.2727390      0.2727070      0.2702200      0.2654000      0.2653370      0.2620060      0.2587250      0.2586400      0.2583860      0.2565730      0.2532100      0.2527000      0.2521910      0.2508340      0.2491410      0.2471110      0.2421620      0.2389500      0.2382500      0.2362300      0.2342300      0.2322300      0.2302400      0.2282500      0.2262700      0.2243100      0.2223500      0.2203900      0.2184500    
  0.2727540      0.2727390      0.2702660      0.2654000      0.2653680      0.2620130      0.2586820      0.2586400      0.2585130      0.2567020      0.2532100      0.2529550      0.2527000      0.2519090      0.2507220      0.2490290      0.2430530      0.2386000      0.2382500      0.2364370      0.2348300      0.2328300      0.2308300      0.2288400      0.2268500      0.2248800      0.2229100      0.2209600      0.2190100      0.2170700    
  0.2727540      0.2702900      0.2654000      0.2653840      0.2620170      0.2586610      0.2586400      0.2585770      0.2567660      0.2532100      0.2530830      0.2529550      0.2525210      0.2517770      0.2505530      0.2430560      0.2384250      0.2382500      0.2348620      0.2334300      0.2322260      0.2314200      0.2294300      0.2274400      0.2254500      0.2234800      0.2215200      0.2195600      0.2176200      0.2156800    
  0.2703020      0.2654000      0.2653920      0.2620180      0.2586510      0.2586400      0.2586080      0.2567980      0.2532100      0.2531460      0.2530830      0.2528530      0.2524180      0.2459880      0.2398490      0.2340500      0.2340500      0.2330110      0.2317970      0.2313300      0.2320300      0.2300200      0.2280200      0.2260300      0.2240500      0.2220800      0.2201200      0.2181700      0.2162300      0.2143000    
  0.2654000      0.2653960      0.2620190      0.2586450      0.2586400      0.2586240      0.2568140      0.2532100      0.2531780      0.2531460      0.2530270      0.2527840      0.2418660      0.2290570      0.2291000      0.2305590      0.2296760      0.2298500      0.2302990      0.2306300      0.2306300      0.2286200      0.2266200      0.2246300      0.2226500      0.2206900      0.2187300      0.2167800      0.2148500      0.2129200    
  0.2653980      0.2620200      0.2586430      0.2586400      0.2586320      0.2568220      0.2532100      0.2531940      0.2531780      0.2531170      0.2426000      0.2270200      0.2283420      0.2290140      0.2290140      0.2291000      0.2294080      0.2295020      0.2298500      0.2293850      0.2292300      0.2272200      0.2252200      0.2232300      0.2212600      0.2192900      0.2173400      0.2153900      0.2134600      0.2115400    
  0.2620200      0.2586410      0.2586400      0.2586360      0.2568260      0.2532100      0.2532020      0.2531940      0.2531630      0.2405870      0.2270200      0.2270200      0.2270200      0.2282780      0.2289270      0.2289270      0.2291000      0.2291810      0.2291550      0.2298500      0.2278300      0.2258200      0.2238200      0.2218400      0.2198600      0.2179000      0.2159500      0.2140100      0.2120800      0.2101600    
  0.2586410      0.2586400      0.2586380      0.2568280      0.2532100      0.2532060      0.2532020      0.2454850      0.2369670      0.2270160      0.2270200      0.2270200      0.2270200      0.2270200      0.2281510      0.2287550      0.2287550      0.2291000      0.2286200      0.2284600      0.2264300      0.2244200      0.2224300      0.2204400      0.2184700      0.2165100      0.2145600      0.2126200      0.2107000      0.2087900    
  0.2586400      0.2586390      0.2568290      0.2532100      0.2532080      0.2411950      0.2231800      0.2227800      0.2223800      0.2254630      0.2270090      0.2270200      0.2270200      0.2270200      0.2270200      0.2279000      0.2284100      0.2284100      0.2291000      0.2270700      0.2250400      0.2230300      0.2210300      0.2190500      0.2170800      0.2151200      0.2131700      0.2112400      0.2093200      0.2074100    
  0.2586400      0.2568300      0.2532100      0.2532090      0.2387930      0.2231770      0.2231770      0.2231800      0.2227800      0.2223800      0.2254440      0.2269870      0.2270200      0.2270200      0.2270200      0.2270200      0.2274150      0.2277200      0.2277200      0.2256800      0.2236500      0.2216400      0.2196400      0.2176600      0.2156900      0.2137300      0.2117900      0.2098600      0.2079500      0.2060500    
