iMOD/TUTORIALS/TUT_MetaswapAnalyser/model_MetaSWAP/meteo/Evaporation/Evaporation_20050619_L1.ASC
NCOLS                30
NROWS                30
XLLCORNER     160000.00
YLLCORNER     340000.00
CELLSIZE        1000.00
NODATA_VALUE   -9999.00
   5.799270       5.797980       5.796670       5.795340       5.793980       5.792620       5.791230       5.789840       5.788430       5.787020       5.785610       5.784190       5.782770       5.781350       5.779930       5.778510       5.777100       5.775690       5.774300       5.772900       5.771520       5.770150       5.768790       5.767440       5.766100       5.764770       5.763450       5.762140       5.760850       5.759570    
   5.800420       5.799150       5.797850       5.796540       5.795200       5.793850       5.792480       5.791100       5.789720       5.788320       5.786920       5.785510       5.784110       5.782700       5.781290       5.779890       5.778490       5.777090       5.775700       5.774320       5.772940       5.771580       5.770220       5.768870       5.767540       5.766210       5.764900       5.763600       5.762310       5.761030    
   5.801560       5.800300       5.799020       5.797720       5.796400       5.795070       5.793720       5.792350       5.790980       5.789600       5.788210       5.786820       5.785430       5.784030       5.782640       5.781240       5.779860       5.778470       5.777090       5.775720       5.774350       5.772990       5.771640       5.770300       5.768970       5.767650       5.766340       5.765040       5.763750       5.762470    
   5.802690       5.801440       5.800180       5.798890       5.797590       5.796270       5.794940       5.793590       5.792230       5.790870       5.789490       5.788120       5.786730       5.785350       5.783970       5.782590       5.781210       5.779830       5.778460       5.777100       5.775740       5.774390       5.773040       5.771710       5.770380       5.769070       5.767760       5.766470       5.765180       5.763910    
   5.803800       5.802570       5.801320       5.800050       5.798760       5.797460       5.796140       5.794810       5.793460       5.792110       5.790760       5.789390       5.788020       5.786650       5.785280       5.783910       5.782550       5.781180       5.779820       5.778460       5.777110       5.775770       5.774430       5.773100       5.771780       5.770470       5.769170       5.767880       5.766600       5.765330    
   5.804890       5.803680       5.802440       5.801190       5.799920       5.798630       5.797320       5.796010       5.794680       5.793340       5.792000       5.790650       5.789300       5.787940       5.786580       5.785220       5.783870       5.782510       5.781160       5.779810       5.778470       5.777140       5.775810       5.774490       5.773170       5.771870       5.770570       5.769280       5.768010       5.766740    
   5.805980       5.804780       5.803560       5.802320       5.801060       5.799790       5.798500       5.797200       5.795880       5.794560       5.793230       5.791900       5.790560       5.789210       5.787870       5.786520       5.785170       5.783830       5.782490       5.781150       5.779820       5.778490       5.777170       5.775850       5.774550       5.773250       5.771960       5.770680       5.769400       5.768140    
   5.807050       5.805860       5.804660       5.803430       5.802190       5.800930       5.799660       5.798370       5.797070       5.795760       5.794450       5.793130       5.791800       5.790470       5.789140       5.787800       5.786470       5.785130       5.783800       5.782470       5.781150       5.779830       5.778520       5.777210       5.775910       5.774620       5.773330       5.772050       5.770780       5.769530    
   5.808110       5.806940       5.805750       5.804540       5.803310       5.802060       5.800800       5.799530       5.798250       5.796950       5.795650       5.794340       5.793030       5.791710       5.790390       5.789070       5.787740       5.786420       5.785100       5.783780       5.782470       5.781160       5.779850       5.778550       5.777260       5.775970       5.774690       5.773420       5.772160       5.770900    
   5.809160       5.808000       5.806820       5.805630       5.804410       5.803180       5.801940       5.800680       5.799410       5.798130       5.796840       5.795550       5.794240       5.792940       5.791630       5.790320       5.789010       5.787690       5.786380       5.785080       5.783770       5.782470       5.781170       5.779880       5.778590       5.777310       5.776040       5.774770       5.773520       5.772260    
   5.809150       5.807990       5.806790       5.806710       5.805500       5.804290       5.803060       5.801810       5.800560       5.799290       5.798020       5.796740       5.795450       5.794150       5.792860       5.791560       5.790260       5.788960       5.787660       5.786360       5.785060       5.783770       5.782480       5.781190       5.779920       5.778640       5.777380       5.776120       5.774860       5.773620    
   5.809150       5.807660       5.806710       5.806610       5.806590       5.805380       5.804170       5.802940       5.801690       5.800440       5.799180       5.797910       5.796640       5.795360       5.794070       5.792780       5.791490       5.790200       5.788910       5.787620       5.786340       5.785050       5.783770       5.782500       5.781230       5.779960       5.778700       5.777450       5.776200       5.774960    
   5.808450       5.806710       5.807030       5.807130       5.807660       5.806470       5.805260       5.804050       5.802820       5.801580       5.800330       5.799080       5.797810       5.796540       5.795270       5.794000       5.792720       5.791440       5.790160       5.788880       5.787600       5.786330       5.785060       5.783790       5.782520       5.781260       5.780010       5.778760       5.777520       5.776290    
   5.806710       5.807200       5.807390       5.807660       5.807220       5.807540       5.806350       5.805150       5.803930       5.802710       5.801470       5.800230       5.798980       5.797720       5.796460       5.795200       5.793930       5.792660       5.791390       5.790120       5.788850       5.787590       5.786330       5.785070       5.783810       5.782560       5.781310       5.780070       5.778840       5.777610    
   5.807270       5.807530       5.807660       5.807470       5.807540       5.807110       5.807430       5.806240       5.805030       5.803820       5.802600       5.801370       5.800130       5.798890       5.797640       5.796380       5.795130       5.793870       5.792610       5.791350       5.790100       5.788840       5.787580       5.786330       5.785080       5.783840       5.782600       5.781370       5.780140       5.778910    
   5.807590       5.807660       5.807560       5.807540       5.807360       5.807430       5.806840       5.806230       5.805010       5.804930       5.803720       5.802500       5.801270       5.800040       5.798800       5.797560       5.796320       5.795070       5.793820       5.792570       5.791320       5.790080       5.788830       5.787590       5.786350       5.785110       5.783880       5.782650       5.781430       5.780210    
   5.807660       5.807590       5.807540       5.807440       5.807430       5.807130       5.806830       5.805750       5.804930       5.804330       5.803900       5.803620       5.802400       5.801180       5.799960       5.798720       5.797490       5.796260       5.795020       5.793780       5.792540       5.791300       5.790070       5.788830       5.787600       5.786370       5.785150       5.783930       5.782710       5.781500    
   5.807600       5.807540       5.807470       5.807430       5.807280       5.807130       5.806160       5.804930       5.804630       5.804410       5.804170       5.804720       5.803520       5.802310       5.801100       5.799880       5.798660       5.797430       5.796200       5.794980       5.793750       5.792520       5.791290       5.790060       5.788840       5.787620       5.786400       5.785190       5.783980       5.782780    
   5.807540       5.807480       5.807430       5.807360       5.807280       5.806380       5.804930       5.804780       5.804630       5.804440       5.804720       5.804120       5.803490       5.803430       5.802230       5.801020       5.799810       5.798600       5.797380       5.796160       5.794940       5.793720       5.792500       5.791290       5.790070       5.788860       5.787650       5.786440       5.785240       5.784040    
   5.807480       5.807430       5.807390       5.807360       5.806490       5.804930       5.804850       5.804730       5.804580       5.804720       5.804420       5.803940       5.803430       5.802830       5.802230       5.801020       5.799810       5.798600       5.797600       5.797340       5.796130       5.794920       5.793710       5.792500       5.791290       5.790090       5.788880       5.787690       5.786490       5.785300    
   5.807430       5.807410       5.807390       5.806540       5.804930       5.804890       5.804780       5.804650       5.804720       5.804570       5.804130       5.803430       5.803130       5.802830       5.802030       5.801020       5.799810       5.798480       5.797920       5.798500       5.797300       5.796100       5.794900       5.793700       5.792500       5.791300       5.790110       5.788920       5.787730       5.786550    
   5.807420       5.807410       5.806570       5.804930       5.804910       5.804800       5.804690       5.804720       5.804650       5.804210       5.803430       5.803280       5.803130       5.802660       5.801960       5.800950       5.799200       5.798210       5.798500       5.798090       5.798460       5.797270       5.796080       5.794890       5.793700       5.792510       5.791330       5.790140       5.788960       5.787780    
   5.807420       5.806580       5.804930       5.804920       5.804810       5.804700       5.804720       5.804680       5.804250       5.803430       5.803360       5.803280       5.803020       5.802580       5.801860       5.800470       5.798360       5.798500       5.799380       5.799610       5.798910       5.798440       5.797260       5.796070       5.794890       5.793710       5.792530       5.791360       5.790180       5.789010    
   5.806590       5.804930       5.804930       5.804820       5.804710       5.804720       5.804700       5.804270       5.803430       5.803390       5.803360       5.803220       5.802960       5.804020       5.803500       5.801890       5.801900       5.801430       5.800950       5.801330       5.800770       5.799590       5.798420       5.797250       5.796070       5.794900       5.793730       5.792560       5.791400       5.790230    
   5.804930       5.804930       5.804820       5.804720       5.804720       5.804710       5.804280       5.803430       5.803410       5.803390       5.803320       5.803180       5.805500       5.808640       5.808610       5.805620       5.805430       5.805290       5.803030       5.801900       5.801900       5.800740       5.799580       5.798410       5.797250       5.796080       5.794920       5.793760       5.792600       5.791440    
   5.804930       5.804820       5.804720       5.804720       5.804720       5.804290       5.803430       5.803420       5.803410       5.803380       5.807140       5.812910       5.810090       5.808680       5.808680       5.808610       5.806530       5.805560       5.805290       5.803590       5.803030       5.801880       5.800720       5.799570       5.798410       5.797250       5.796100       5.794950       5.793800       5.792650    
   5.804820       5.804720       5.804720       5.804720       5.804290       5.803430       5.803430       5.803420       5.803400       5.807950       5.812910       5.812910       5.812910       5.810140       5.808740       5.808740       5.808610       5.806670       5.805840       5.805290       5.804150       5.803000       5.801860       5.800710       5.799560       5.798420       5.797270       5.796130       5.794980       5.793840    
   5.804720       5.804720       5.804720       5.804290       5.803430       5.803430       5.803430       5.807340       5.810300       5.812910       5.812910       5.812910       5.812910       5.812910       5.810240       5.808880       5.808880       5.808610       5.806940       5.806390       5.805260       5.804120       5.802990       5.801850       5.800710       5.799570       5.798430       5.797300       5.796160       5.795030    
   5.804720       5.804720       5.804290       5.803430       5.803430       5.810520       5.821160       5.820140       5.819130       5.814990       5.812920       5.812910       5.812910       5.812910       5.812910       5.810420       5.809150       5.809150       5.808610       5.807490       5.806360       5.805240       5.804110       5.802980       5.801850       5.800720       5.799590       5.798460       5.797330       5.796200    
   5.804720       5.804290       5.803430       5.803430       5.811940       5.821160       5.821160       5.821160       5.820140       5.819130       5.815010       5.812940       5.812910       5.812910       5.812910       5.812910       5.810760       5.809690       5.809690       5.808570       5.807460       5.806340       5.805220       5.804100       5.802980       5.801860       5.800740       5.799610       5.798490       5.797370    
