iMOD/TUTORIALS/TUT_MetaswapAnalyser/model_MetaSWAP/meteo/Evaporation/Evaporation_20050418_L1.ASC
NCOLS                30
NROWS                30
XLLCORNER     160000.00
YLLCORNER     340000.00
CELLSIZE        1000.00
NODATA_VALUE   -9999.00
   1.902590       1.904280       1.905910       1.907470       1.908960       1.910390       1.911760       1.913060       1.914310       1.915500       1.916630       1.917700       1.918720       1.919690       1.920610       1.921470       1.922290       1.923060       1.923780       1.924450       1.925080       1.925670       1.926210       1.926710       1.927170       1.927590       1.927970       1.928310       1.928620       1.928890    
   1.904600       1.906320       1.907970       1.909560       1.911080       1.912540       1.913930       1.915270       1.916540       1.917760       1.918920       1.920020       1.921070       1.922070       1.923010       1.923900       1.924740       1.925540       1.926280       1.926980       1.927640       1.928250       1.928820       1.929340       1.929830       1.930270       1.930670       1.931040       1.931370       1.931660    
   1.906590       1.908340       1.910020       1.911630       1.913180       1.914670       1.916090       1.917450       1.918760       1.920000       1.921190       1.922320       1.923390       1.924420       1.925390       1.926310       1.927180       1.928000       1.928770       1.929490       1.930170       1.930810       1.931400       1.931950       1.932460       1.932930       1.933350       1.933740       1.934090       1.934410    
   1.908560       1.910330       1.912040       1.913680       1.915260       1.916770       1.918230       1.919620       1.920950       1.922220       1.923430       1.924590       1.925700       1.926750       1.927740       1.928690       1.929590       1.930430       1.931230       1.931980       1.932690       1.933350       1.933970       1.934540       1.935070       1.935560       1.936010       1.936430       1.936800       1.937140    
   1.910510       1.912310       1.914050       1.915710       1.917320       1.918860       1.920340       1.921760       1.923120       1.924420       1.925660       1.926850       1.927980       1.929060       1.930080       1.931050       1.931980       1.932850       1.933670       1.934450       1.935180       1.935870       1.936510       1.937110       1.937660       1.938180       1.938650       1.939090       1.939490       1.939850    
   1.912440       1.914270       1.916030       1.917730       1.919360       1.920930       1.922440       1.923880       1.925270       1.926600       1.927870       1.929080       1.930240       1.931340       1.932400       1.933400       1.934340       1.935240       1.936090       1.936900       1.937650       1.938360       1.939030       1.939650       1.940230       1.940770       1.941270       1.941730       1.942150       1.942530    
   1.914350       1.916210       1.918000       1.919720       1.921380       1.922980       1.924510       1.925990       1.927400       1.928760       1.930050       1.931300       1.932480       1.933610       1.934690       1.935720       1.936690       1.937620       1.938500       1.939320       1.940110       1.940840       1.941530       1.942180       1.942780       1.943350       1.943870       1.944350       1.944790       1.945200    
   1.916250       1.918130       1.919950       1.921700       1.923390       1.925010       1.926570       1.928070       1.929510       1.930900       1.932220       1.933490       1.934700       1.935860       1.936970       1.938020       1.939020       1.939970       1.940880       1.941730       1.942540       1.943300       1.944020       1.944690       1.945320       1.945900       1.946450       1.946950       1.947420       1.947850    
   1.918130       1.920040       1.921880       1.923660       1.925370       1.927020       1.928610       1.930140       1.931610       1.933020       1.934370       1.935670       1.936910       1.938090       1.939220       1.940300       1.941330       1.942310       1.943240       1.944120       1.944950       1.945740       1.946480       1.947170       1.947830       1.948440       1.949010       1.949530       1.950020       1.950470    
   1.920000       1.921930       1.923800       1.925600       1.927340       1.929020       1.930630       1.932190       1.933680       1.935120       1.936500       1.937820       1.939090       1.940300       1.941460       1.942570       1.943620       1.944630       1.945580       1.946490       1.947340       1.948150       1.948920       1.949640       1.950320       1.950950       1.951540       1.952100       1.952610       1.953080    
   1.919980       1.921910       1.924720       1.927530       1.929290       1.931000       1.932640       1.934220       1.935740       1.937210       1.938610       1.939960       1.941260       1.942490       1.943680       1.944810       1.945890       1.946920       1.947900       1.948830       1.949720       1.950550       1.951340       1.952090       1.952790       1.953450       1.954060       1.954640       1.955170       1.955670    
   1.919950       1.923530       1.927530       1.930300       1.931230       1.932960       1.934630       1.936230       1.937780       1.939270       1.940710       1.942080       1.943400       1.944670       1.945880       1.947040       1.948150       1.949200       1.950210       1.951160       1.952070       1.952930       1.953750       1.954520       1.955240       1.955920       1.956560       1.957160       1.957720       1.958240    
   1.922240       1.927530       1.930790       1.932190       1.933150       1.934900       1.936600       1.938230       1.939810       1.941330       1.942780       1.944190       1.945530       1.946830       1.948060       1.949250       1.950380       1.951460       1.952490       1.953480       1.954410       1.955290       1.956130       1.956930       1.957680       1.958380       1.959040       1.959660       1.960240       1.960790    
   1.927530       1.931040       1.932670       1.933150       1.934960       1.936830       1.938550       1.940210       1.941820       1.943360       1.944850       1.946270       1.947650       1.948970       1.950230       1.951440       1.952600       1.953710       1.954760       1.955770       1.956730       1.957640       1.958500       1.959320       1.960090       1.960820       1.961510       1.962150       1.962750       1.963320    
   1.931160       1.932910       1.933150       1.934980       1.936830       1.938620       1.940490       1.942180       1.943810       1.945380       1.946890       1.948340       1.949740       1.951090       1.952380       1.953610       1.954800       1.955930       1.957010       1.958040       1.959030       1.959960       1.960850       1.961690       1.962490       1.963240       1.963950       1.964620       1.965240       1.965830    
   1.933030       1.933150       1.934990       1.936830       1.938650       1.940490       1.941330       1.942160       1.944690       1.947380       1.948920       1.950400       1.951820       1.953190       1.954510       1.955770       1.956980       1.958140       1.959250       1.960300       1.961310       1.962270       1.963180       1.964050       1.964870       1.965640       1.966370       1.967060       1.967710       1.968320    
   1.933150       1.934990       1.936830       1.938660       1.940490       1.940910       1.941330       1.943890       1.947380       1.948150       1.950720       1.952440       1.953890       1.955280       1.956620       1.957910       1.959150       1.960330       1.961460       1.962540       1.963580       1.964560       1.965500       1.966380       1.967230       1.968030       1.968780       1.969490       1.970160       1.970790    
   1.934990       1.936830       1.938660       1.940490       1.940700       1.940910       1.943380       1.947380       1.947760       1.950830       1.953450       1.954460       1.955940       1.957360       1.958720       1.960040       1.961300       1.962500       1.963660       1.964770       1.965820       1.966830       1.967790       1.968700       1.969570       1.970390       1.971170       1.971910       1.972600       1.973250    
   1.936830       1.938660       1.940490       1.940600       1.940700       1.943090       1.947380       1.947570       1.950880       1.953950       1.954460       1.955200       1.956790       1.959410       1.960810       1.962140       1.963430       1.964660       1.965840       1.966970       1.968050       1.969090       1.970070       1.971010       1.971900       1.972740       1.973540       1.974300       1.975010       1.975690    
   1.938660       1.940490       1.940540       1.940600       1.942940       1.947380       1.947480       1.950900       1.954210       1.954460       1.954830       1.956470       1.959410       1.960110       1.960790       1.962130       1.963410       1.964640       1.967590       1.969160       1.970270       1.971320       1.972330       1.973290       1.974200       1.975070       1.975900       1.976670       1.977410       1.978110    
   1.940490       1.940520       1.940540       1.942870       1.947380       1.947430       1.950910       1.954330       1.954460       1.954640       1.956290       1.959410       1.959760       1.960100       1.961010       1.962110       1.963390       1.967450       1.970250       1.971340       1.972470       1.973550       1.974580       1.975560       1.976500       1.977390       1.978230       1.979030       1.979790       1.980510    
   1.940500       1.940520       1.942830       1.947380       1.947400       1.950910       1.954400       1.954460       1.954550       1.956200       1.959410       1.959580       1.959760       1.960290       1.961070       1.962170       1.967020       1.970790       1.971340       1.972820       1.974650       1.975750       1.976800       1.977810       1.978770       1.979680       1.980550       1.981370       1.982150       1.982890    
   1.940500       1.942810       1.947380       1.947390       1.950920       1.954430       1.954460       1.954510       1.956160       1.959410       1.959500       1.959580       1.959880       1.960370       1.961180       1.967800       1.971070       1.971340       1.975250       1.976800       1.977480       1.977940       1.979020       1.980050       1.981030       1.981960       1.982850       1.983700       1.984500       1.985250    
   1.942800       1.947380       1.947390       1.950920       1.954440       1.954460       1.954480       1.956130       1.959410       1.959450       1.959500       1.959650       1.959940       1.967050       1.972890       1.977690       1.977690       1.978410       1.979310       1.980030       1.978960       1.980110       1.981210       1.982260       1.983270       1.984220       1.985130       1.986000       1.986820       1.987600    
   1.947380       1.947380       1.950920       1.954450       1.954460       1.954470       1.956120       1.959410       1.959430       1.959450       1.959530       1.959700       1.972080       1.986850       1.986790       1.983500       1.984300       1.984040       1.982140       1.981090       1.981090       1.982270       1.983390       1.984460       1.985490       1.986470       1.987400       1.988290       1.989130       1.989930    
   1.947380       1.950920       1.954460       1.954460       1.954470       1.956120       1.959410       1.959420       1.959430       1.959470       1.972250       1.991280       1.988380       1.986920       1.986920       1.986790       1.985230       1.984560       1.984040       1.983410       1.983210       1.984410       1.985550       1.986650       1.987700       1.988700       1.989650       1.990560       1.991420       1.992240    
   1.950920       1.954460       1.954460       1.954460       1.956110       1.959410       1.959420       1.959420       1.959440       1.974740       1.991280       1.991280       1.991280       1.988470       1.987040       1.987040       1.986790       1.985540       1.985070       1.984040       1.985310       1.986530       1.987700       1.988820       1.989890       1.990910       1.991880       1.992810       1.993700       1.994540    
   1.954460       1.954460       1.954460       1.956110       1.959410       1.959410       1.959420       1.969360       1.979670       1.991290       1.991280       1.991280       1.991280       1.991280       1.988660       1.987290       1.987290       1.986790       1.986270       1.986110       1.987400       1.988640       1.989830       1.990970       1.992060       1.993100       1.994100       1.995050       1.995960       1.996820    
   1.954460       1.954460       1.956110       1.959410       1.959410       1.975360       1.999280       1.999230       1.999180       1.993930       1.991300       1.991280       1.991280       1.991280       1.991280       1.989010       1.987790       1.987790       1.986790       1.988150       1.989470       1.990730       1.991940       1.993100       1.994220       1.995280       1.996300       1.997270       1.998190       1.999080    
   1.954460       1.956110       1.959410       1.959410       1.978550       1.999280       1.999280       1.999280       1.999230       1.999180       1.993950       1.991330       1.991280       1.991280       1.991280       1.991280       1.989690       1.988790       1.988800       1.990190       1.991520       1.992810       1.994040       1.995220       1.996360       1.997440       1.998480       1.999470       2.000420       2.001320    
