iMOD/TUTORIALS/TUT_MetaswapAnalyser/model_MetaSWAP/meteo/Evaporation/Evaporation_20060710_L1.ASC
NCOLS                30
NROWS                30
XLLCORNER     160000.00
YLLCORNER     340000.00
CELLSIZE        1000.00
NODATA_VALUE   -9999.00
   4.725420       4.721860       4.718120       4.714210       4.710140       4.705910       4.701530       4.697020       4.692370       4.687610       4.682730       4.677750       4.672670       4.667500       4.662250       4.656910       4.651510       4.646040       4.640510       4.634930       4.629290       4.623610       4.617890       4.612120       4.606330       4.600500       4.594650       4.588780       4.582880       4.576970    
   4.728120       4.724600       4.720910       4.717050       4.713020       4.708840       4.704520       4.700050       4.695460       4.690750       4.685920       4.680990       4.675960       4.670840       4.665630       4.660340       4.654980       4.649560       4.644070       4.638520       4.632920       4.627270       4.621580       4.615850       4.610090       4.604290       4.598470       4.592620       4.586750       4.580860    
   4.730720       4.727240       4.723590       4.719770       4.715790       4.711660       4.707390       4.702980       4.698430       4.693770       4.689000       4.684120       4.679130       4.674060       4.668900       4.663660       4.658340       4.652960       4.647510       4.642000       4.636440       4.630830       4.625170       4.619480       4.613740       4.607980       4.602180       4.596360       4.590520       4.584650    
   4.733220       4.729780       4.726160       4.722390       4.718450       4.714370       4.710150       4.705780       4.701290       4.696680       4.691960       4.687130       4.682190       4.677170       4.672050       4.666860       4.661580       4.656240       4.650840       4.645370       4.639850       4.634280       4.628660       4.623000       4.617300       4.611560       4.605800       4.600000       4.594190       4.588350    
   4.735620       4.732210       4.728640       4.724900       4.721010       4.716980       4.712800       4.708490       4.704050       4.699480       4.694810       4.690020       4.685140       4.680160       4.675100       4.669950       4.664720       4.659420       4.654060       4.648630       4.643150       4.637620       4.632030       4.626410       4.620740       4.615040       4.609310       4.603550       4.597760       4.591950    
   4.737920       4.734550       4.731010       4.727320       4.723470       4.719480       4.715350       4.711080       4.706690       4.702180       4.697550       4.692820       4.687980       4.683050       4.678030       4.672930       4.667750       4.662500       4.657170       4.651790       4.646350       4.640850       4.635310       4.629720       4.624090       4.618420       4.612720       4.606990       4.601230       4.595450    
   4.740140       4.736800       4.733300       4.729640       4.725840       4.721890       4.717800       4.713580       4.709240       4.704770       4.700200       4.695510       4.690720       4.685840       4.680870       4.675810       4.670670       4.665470       4.660190       4.654850       4.649450       4.643990       4.638490       4.632940       4.627340       4.621710       4.616040       4.610340       4.604610       4.598860    
   4.742270       4.738960       4.735490       4.731870       4.728110       4.724200       4.720160       4.715990       4.711690       4.707270       4.702740       4.698100       4.693360       4.688530       4.683600       4.678590       4.673500       4.668340       4.663100       4.657800       4.652450       4.647030       4.641570       4.636050       4.630500       4.624900       4.619260       4.613600       4.607900       4.602180    
   4.744310       4.741030       4.737600       4.734020       4.730290       4.726430       4.722430       4.718300       4.714050       4.709670       4.705190       4.700600       4.695910       4.691120       4.686240       4.681280       4.676230       4.671110       4.665920       4.660670       4.655350       4.649980       4.644550       4.639070       4.633560       4.627990       4.622400       4.616760       4.611100       4.605410    
   4.746270       4.743020       4.739620       4.736080       4.732390       4.728570       4.724610       4.720520       4.716310       4.711990       4.707550       4.703010       4.698360       4.693620       4.688780       4.683870       4.678870       4.673790       4.668650       4.663430       4.658160       4.652830       4.647440       4.642000       4.636520       4.631000       4.625440       4.619840       4.614210       4.608550    
   4.746220       4.742970       4.739190       4.738060       4.734410       4.730620       4.726710       4.722660       4.718500       4.714210       4.709820       4.705320       4.700720       4.696030       4.691240       4.686360       4.681410       4.676380       4.671280       4.666110       4.660880       4.655590       4.650240       4.644840       4.639400       4.633910       4.628390       4.622820       4.617230       4.611600    
   4.746170       4.741610       4.738060       4.736760       4.736350       4.732600       4.728720       4.724720       4.720600       4.716360       4.712010       4.707550       4.703000       4.698350       4.693600       4.688780       4.683870       4.678880       4.673820       4.668700       4.663510       4.658260       4.652950       4.647600       4.642190       4.636740       4.631250       4.625720       4.620160       4.614570    
   4.743780       4.738060       4.737580       4.737280       4.738210       4.734500       4.730660       4.726700       4.722610       4.718420       4.714110       4.709700       4.705190       4.700580       4.695890       4.691100       4.686240       4.681300       4.676280       4.671200       4.666050       4.660840       4.655580       4.650260       4.644900       4.639480       4.634030       4.628540       4.623010       4.617450    
   4.738060       4.737900       4.737750       4.738210       4.736340       4.736320       4.732520       4.728600       4.724560       4.720400       4.716140       4.711770       4.707300       4.702740       4.698090       4.693350       4.688530       4.683630       4.678650       4.673610       4.668510       4.663340       4.658120       4.652840       4.647520       4.642140       4.636730       4.631270       4.625780       4.620260    
   4.738040       4.737980       4.738210       4.736960       4.736320       4.734380       4.734310       4.730430       4.726420       4.722310       4.718090       4.713760       4.709340       4.704820       4.700210       4.695510       4.690730       4.685880       4.680950       4.675950       4.670890       4.665760       4.660580       4.655340       4.650060       4.644720       4.639340       4.633930       4.628470       4.622980    
   4.738090       4.738210       4.737160       4.736320       4.735000       4.734310       4.732370       4.730390       4.725830       4.724140       4.719960       4.715680       4.711300       4.706820       4.702250       4.697600       4.692860       4.688050       4.683160       4.678210       4.673180       4.668100       4.662960       4.657760       4.652520       4.647220       4.641880       4.636500       4.631080       4.625620    
   4.738210       4.737230       4.736320       4.735210       4.734310       4.733340       4.732360       4.728180       4.724140       4.722050       4.719320       4.717520       4.713180       4.708740       4.704220       4.699610       4.694920       4.690140       4.685300       4.680390       4.675410       4.670360       4.665260       4.660110       4.654900       4.649640       4.644340       4.639000       4.633610       4.628190    
   4.737250       4.736320       4.735280       4.734310       4.733830       4.733340       4.729500       4.724140       4.723090       4.720640       4.718410       4.719300       4.715000       4.710600       4.706120       4.701550       4.696900       4.692170       4.687360       4.682490       4.677550       4.672550       4.667490       4.662370       4.657210       4.651990       4.646720       4.641420       4.636070       4.630690    
   4.736320       4.735300       4.734310       4.734070       4.733820       4.730200       4.724140       4.723620       4.721210       4.718850       4.719300       4.717150       4.714320       4.712390       4.707940       4.703420       4.698810       4.694120       4.689360       4.684520       4.679630       4.674670       4.669650       4.664570       4.659440       4.654260       4.649030       4.643760       4.638450       4.633110    
   4.735310       4.734310       4.734190       4.734070       4.730560       4.724140       4.723880       4.721470       4.719080       4.719300       4.718220       4.715790       4.712390       4.710170       4.707920       4.703390       4.698780       4.694100       4.688570       4.686490       4.681630       4.676710       4.671730       4.666690       4.661600       4.656460       4.651270       4.646040       4.640770       4.635460    
   4.734310       4.734250       4.734190       4.730740       4.724140       4.724010       4.721600       4.719190       4.719300       4.718760       4.716430       4.712390       4.711280       4.710160       4.707160       4.703360       4.698760       4.691450       4.687440       4.688380       4.683560       4.678680       4.673740       4.668740       4.663690       4.658590       4.653440       4.648250       4.643010       4.637740    
   4.734280       4.734250       4.730830       4.724140       4.724070       4.721660       4.719240       4.719300       4.719030       4.716720       4.712390       4.711830       4.711280       4.709530       4.706890       4.703090       4.693970       4.687910       4.688380       4.685790       4.685430       4.680590       4.675690       4.670730       4.665720       4.660650       4.655540       4.650390       4.645190       4.639950    
   4.734280       4.730870       4.724140       4.724110       4.721690       4.719270       4.719300       4.719170       4.716860       4.712390       4.712110       4.711830       4.710880       4.709230       4.706510       4.697100       4.688140       4.688380       4.687800       4.687210       4.684330       4.682430       4.677570       4.672650       4.667680       4.662650       4.657580       4.652460       4.647290       4.642090    
   4.730900       4.724140       4.724120       4.721700       4.719290       4.719300       4.719230       4.716930       4.712390       4.712250       4.712110       4.711610       4.710650       4.708090       4.701950       4.693380       4.693400       4.691400       4.689220       4.689820       4.688980       4.684210       4.679390       4.674510       4.669570       4.664580       4.659550       4.654470       4.649340       4.644170    
   4.724140       4.724130       4.721710       4.719290       4.719300       4.719270       4.716960       4.712390       4.712320       4.712250       4.711990       4.711460       4.708400       4.705800       4.705760       4.699700       4.698600       4.698420       4.693170       4.690630       4.690650       4.685930       4.681140       4.676300       4.671400       4.666450       4.661450       4.656410       4.651320       4.646190    
   4.724140       4.721720       4.719300       4.719300       4.719280       4.716980       4.712390       4.712360       4.712320       4.712190       4.712690       4.713880       4.708530       4.705840       4.705840       4.705760       4.701030       4.698790       4.698420       4.693800       4.692270       4.687590       4.682840       4.678030       4.673170       4.668260       4.663300       4.658290       4.653240       4.648140    
   4.721720       4.719300       4.719300       4.719290       4.716990       4.712390       4.712370       4.712360       4.712290       4.712990       4.713880       4.713880       4.713880       4.708590       4.705930       4.705930       4.705760       4.701170       4.699150       4.698420       4.693840       4.689190       4.684480       4.679710       4.674890       4.670010       4.665090       4.660120       4.655100       4.650040    
   4.719300       4.719300       4.719300       4.716990       4.712390       4.712380       4.712370       4.715070       4.715300       4.713880       4.713880       4.713880       4.713880       4.713880       4.708700       4.706090       4.706090       4.705760       4.701340       4.699890       4.695340       4.690730       4.686060       4.681330       4.676540       4.671700       4.666820       4.661880       4.656900       4.651880    
   4.719300       4.719300       4.716990       4.712390       4.712390       4.718680       4.728130       4.725690       4.723260       4.717010       4.713890       4.713880       4.713880       4.713880       4.713880       4.708920       4.706420       4.706420       4.705760       4.701310       4.696800       4.692220       4.687580       4.682890       4.678140       4.673340       4.668490       4.663590       4.658640       4.653660    
   4.719300       4.717000       4.712390       4.712390       4.719940       4.728130       4.728130       4.728130       4.725690       4.723260       4.717030       4.713910       4.713880       4.713880       4.713880       4.713880       4.709280       4.707070       4.707090       4.702670       4.698200       4.693660       4.689050       4.684400       4.679680       4.674920       4.670100       4.665240       4.660330       4.655380    
