iMOD/TUTORIALS/TUT_MetaswapAnalyser/model_MetaSWAP/meteo/Evaporation/Evaporation_20050207_L1.ASC
NCOLS                30
NROWS                30
XLLCORNER     160000.00
YLLCORNER     340000.00
CELLSIZE        1000.00
NODATA_VALUE   -9999.00
  0.7460600      0.7461400      0.7462200      0.7463000      0.7463900      0.7464800      0.7465700      0.7466600      0.7467600      0.7468500      0.7469500      0.7470500      0.7471400      0.7472400      0.7473400      0.7474400      0.7475400      0.7476400      0.7477400      0.7478400      0.7479400      0.7480300      0.7481300      0.7482300      0.7483200      0.7484100      0.7485000      0.7485900      0.7486800      0.7487700    
  0.7464900      0.7465600      0.7466400      0.7467200      0.7468000      0.7468900      0.7469800      0.7470700      0.7471600      0.7472500      0.7473400      0.7474400      0.7475300      0.7476300      0.7477300      0.7478200      0.7479200      0.7480200      0.7481200      0.7482100      0.7483100      0.7484000      0.7485000      0.7485900      0.7486800      0.7487700      0.7488600      0.7489500      0.7490300      0.7491200    
  0.7469200      0.7469900      0.7470700      0.7471400      0.7472200      0.7473000      0.7473900      0.7474800      0.7475600      0.7476500      0.7477400      0.7478400      0.7479300      0.7480200      0.7481200      0.7482100      0.7483100      0.7484000      0.7484900      0.7485900      0.7486800      0.7487700      0.7488600      0.7489500      0.7490400      0.7491300      0.7492200      0.7493000      0.7493900      0.7494700    
  0.7473600      0.7474200      0.7474900      0.7475700      0.7476400      0.7477200      0.7478000      0.7478900      0.7479700      0.7480600      0.7481500      0.7482400      0.7483300      0.7484200      0.7485100      0.7486000      0.7486900      0.7487800      0.7488700      0.7489700      0.7490600      0.7491500      0.7492300      0.7493200      0.7494100      0.7495000      0.7495800      0.7496600      0.7497500      0.7498300    
  0.7477900      0.7478600      0.7479300      0.7480000      0.7480700      0.7481500      0.7482200      0.7483000      0.7483900      0.7484700      0.7485600      0.7486400      0.7487300      0.7488200      0.7489000      0.7489900      0.7490800      0.7491700      0.7492600      0.7493500      0.7494400      0.7495200      0.7496100      0.7496900      0.7497800      0.7498600      0.7499400      0.7500300      0.7501100      0.7501800    
  0.7482400      0.7483000      0.7483600      0.7484300      0.7485000      0.7485700      0.7486500      0.7487200      0.7488000      0.7488800      0.7489700      0.7490500      0.7491300      0.7492200      0.7493000      0.7493900      0.7494800      0.7495600      0.7496500      0.7497300      0.7498200      0.7499000      0.7499900      0.7500700      0.7501500      0.7502300      0.7503100      0.7503900      0.7504700      0.7505400    
  0.7486800      0.7487400      0.7488000      0.7488600      0.7489300      0.7490000      0.7490700      0.7491500      0.7492200      0.7493000      0.7493800      0.7494600      0.7495400      0.7496200      0.7497100      0.7497900      0.7498700      0.7499600      0.7500400      0.7501200      0.7502000      0.7502900      0.7503700      0.7504500      0.7505300      0.7506100      0.7506800      0.7507600      0.7508300      0.7509100    
  0.7491300      0.7491800      0.7492400      0.7493000      0.7493700      0.7494300      0.7495000      0.7495700      0.7496500      0.7497200      0.7498000      0.7498700      0.7499500      0.7500300      0.7501100      0.7501900      0.7502700      0.7503500      0.7504300      0.7505100      0.7505900      0.7506700      0.7507500      0.7508300      0.7509100      0.7509800      0.7510600      0.7511300      0.7512000      0.7512700    
  0.7495800      0.7496300      0.7496900      0.7497400      0.7498000      0.7498700      0.7499300      0.7500000      0.7500700      0.7501400      0.7502200      0.7502900      0.7503700      0.7504400      0.7505200      0.7506000      0.7506800      0.7507500      0.7508300      0.7509100      0.7509900      0.7510600      0.7511400      0.7512100      0.7512900      0.7513600      0.7514300      0.7515000      0.7515700      0.7516400    
  0.7500400      0.7500800      0.7501300      0.7501900      0.7502500      0.7503100      0.7503700      0.7504300      0.7505000      0.7505700      0.7506400      0.7507100      0.7507800      0.7508600      0.7509300      0.7510100      0.7510800      0.7511600      0.7512300      0.7513100      0.7513800      0.7514500      0.7515300      0.7516000      0.7516700      0.7517400      0.7518100      0.7518800      0.7519500      0.7520100    
  0.7500370      0.7500830      0.7502600      0.7506400      0.7506900      0.7507500      0.7508100      0.7508700      0.7509300      0.7510000      0.7510700      0.7511300      0.7512000      0.7512700      0.7513500      0.7514200      0.7514900      0.7515600      0.7516300      0.7517100      0.7517800      0.7518500      0.7519200      0.7519900      0.7520600      0.7521300      0.7521900      0.7522600      0.7523200      0.7523900    
  0.7500380      0.7502550      0.7506400      0.7510150      0.7511400      0.7511900      0.7512500      0.7513100      0.7513700      0.7514300      0.7515000      0.7515600      0.7516300      0.7517000      0.7517600      0.7518300      0.7519000      0.7519700      0.7520400      0.7521100      0.7521800      0.7522500      0.7523100      0.7523800      0.7524500      0.7525100      0.7525800      0.7526400      0.7527000      0.7527600    
  0.7502320      0.7506400      0.7511530      0.7513650      0.7515900      0.7516400      0.7516900      0.7517500      0.7518100      0.7518700      0.7519300      0.7519900      0.7520500      0.7521200      0.7521800      0.7522500      0.7523200      0.7523800      0.7524500      0.7525200      0.7525800      0.7526500      0.7527100      0.7527800      0.7528400      0.7529000      0.7529600      0.7530300      0.7530800      0.7531400    
  0.7506400      0.7512150      0.7514770      0.7515900      0.7517730      0.7520900      0.7521400      0.7521900      0.7522500      0.7523000      0.7523600      0.7524200      0.7524800      0.7525400      0.7526100      0.7526700      0.7527300      0.7528000      0.7528600      0.7529200      0.7529900      0.7530500      0.7531100      0.7531700      0.7532400      0.7533000      0.7533500      0.7534100      0.7534700      0.7535200    
  0.7512450      0.7515340      0.7515900      0.7518180      0.7520900      0.7522730      0.7525900      0.7526400      0.7526900      0.7527400      0.7528000      0.7528600      0.7529100      0.7529700      0.7530300      0.7530900      0.7531500      0.7532100      0.7532700      0.7533400      0.7534000      0.7534600      0.7535200      0.7535700      0.7536300      0.7536900      0.7537500      0.7538000      0.7538500      0.7539100    
  0.7515620      0.7515900      0.7518330      0.7520900      0.7523180      0.7525900      0.7526150      0.7526400      0.7528150      0.7531900      0.7532400      0.7532900      0.7533500      0.7534000      0.7534600      0.7535200      0.7535700      0.7536300      0.7536900      0.7537500      0.7538100      0.7538600      0.7539200      0.7539800      0.7540300      0.7540900      0.7541400      0.7541900      0.7542400      0.7542900    
  0.7515900      0.7518380      0.7520900      0.7523330      0.7525900      0.7526020      0.7526150      0.7528150      0.7531900      0.7532150      0.7535240      0.7537300      0.7537800      0.7538400      0.7538900      0.7539400      0.7540000      0.7540500      0.7541100      0.7541600      0.7542200      0.7542700      0.7543300      0.7543800      0.7544300      0.7544800      0.7545400      0.7545900      0.7546300      0.7546800    
  0.7518390      0.7520900      0.7523380      0.7525900      0.7525960      0.7526020      0.7528060      0.7531900      0.7532020      0.7536100      0.7539500      0.7541700      0.7542200      0.7542700      0.7543200      0.7543700      0.7544300      0.7544800      0.7545300      0.7545800      0.7546300      0.7546900      0.7547400      0.7547900      0.7548400      0.7548900      0.7549300      0.7549800      0.7550300      0.7550700    
  0.7520900      0.7523390      0.7525900      0.7525930      0.7525960      0.7527990      0.7531900      0.7531960      0.7536460      0.7540600      0.7541700      0.7541950      0.7543420      0.7547100      0.7547600      0.7548100      0.7548500      0.7549000      0.7549500      0.7550000      0.7550500      0.7551000      0.7551500      0.7552000      0.7552400      0.7552900      0.7553300      0.7553800      0.7554200      0.7554600    
  0.7523400      0.7525900      0.7525920      0.7525930      0.7527950      0.7531900      0.7531930      0.7536640      0.7541150      0.7541700      0.7541820      0.7543540      0.7547100      0.7547350      0.7547600      0.7548070      0.7548530      0.7549000      0.7552260      0.7554300      0.7554700      0.7555200      0.7555600      0.7556100      0.7556500      0.7556900      0.7557400      0.7557800      0.7558200      0.7558600    
  0.7525900      0.7525910      0.7525920      0.7527920      0.7531900      0.7531920      0.7536720      0.7541430      0.7541700      0.7541760      0.7543540      0.7547100      0.7547220      0.7547350      0.7547670      0.7548070      0.7548530      0.7552940      0.7556400      0.7558500      0.7558900      0.7559400      0.7559800      0.7560200      0.7560600      0.7561000      0.7561400      0.7561800      0.7562200      0.7562500    
  0.7525900      0.7525910      0.7527910      0.7531900      0.7531910      0.7536760      0.7541560      0.7541700      0.7541730      0.7543530      0.7547100      0.7547160      0.7547220      0.7547420      0.7547700      0.7548090      0.7553100      0.7557450      0.7558500      0.7560200      0.7563200      0.7563600      0.7564000      0.7564400      0.7564700      0.7565100      0.7565500      0.7565800      0.7566200      0.7566500    
  0.7525900      0.7527910      0.7531900      0.7531900      0.7536780      0.7541630      0.7541700      0.7541720      0.7543510      0.7547100      0.7547130      0.7547160      0.7547270      0.7547450      0.7547730      0.7555650      0.7557980      0.7558500      0.7565000      0.7567450      0.7567660      0.7567800      0.7568200      0.7568500      0.7568900      0.7569200      0.7569500      0.7569900      0.7570200      0.7570500    
  0.7527900      0.7531900      0.7531900      0.7536790      0.7541670      0.7541700      0.7541710      0.7543510      0.7547100      0.7547120      0.7547130      0.7547190      0.7547290      0.7558810      0.7566540      0.7571410      0.7571400      0.7571820      0.7572430      0.7573850      0.7571700      0.7572000      0.7572400      0.7572700      0.7573000      0.7573300      0.7573600      0.7573900      0.7574200      0.7574500    
  0.7531900      0.7531900      0.7536790      0.7541680      0.7541700      0.7541700      0.7543500      0.7547100      0.7547110      0.7547120      0.7547140      0.7547200      0.7567860      0.7592940      0.7592800      0.7584190      0.7584850      0.7584300      0.7578860      0.7576000      0.7576000      0.7576300      0.7576600      0.7576900      0.7577200      0.7577500      0.7577800      0.7578000      0.7578300      0.7578500    
  0.7531900      0.7536800      0.7541690      0.7541700      0.7541700      0.7543500      0.7547100      0.7547100      0.7547110      0.7547120      0.7570690      0.7606000      0.7597410      0.7593080      0.7593080      0.7592800      0.7587710      0.7585400      0.7584300      0.7581300      0.7580300      0.7580600      0.7580800      0.7581100      0.7581400      0.7581600      0.7581900      0.7582100      0.7582300      0.7582500    
  0.7536800      0.7541700      0.7541700      0.7541700      0.7543500      0.7547100      0.7547100      0.7547100      0.7547110      0.7575380      0.7606000      0.7606000      0.7606000      0.7597610      0.7593350      0.7593350      0.7592800      0.7588330      0.7586500      0.7584300      0.7584600      0.7584800      0.7585100      0.7585300      0.7585600      0.7585800      0.7586000      0.7586200      0.7586400      0.7586600    
  0.7541700      0.7541700      0.7541700      0.7543500      0.7547100      0.7547100      0.7547100      0.7567400      0.7586230      0.7606010      0.7606000      0.7606000      0.7606000      0.7606000      0.7598010      0.7593900      0.7593900      0.7592800      0.7589700      0.7588700      0.7588900      0.7589100      0.7589400      0.7589600      0.7589800      0.7590000      0.7590200      0.7590300      0.7590500      0.7590700    
  0.7541700      0.7541700      0.7543500      0.7547100      0.7547100      0.7581380      0.7632800      0.7630550      0.7628300      0.7613470      0.7606040      0.7606000      0.7606000      0.7606000      0.7606000      0.7598790      0.7595010      0.7595000      0.7592800      0.7593000      0.7593300      0.7593500      0.7593600      0.7593800      0.7594000      0.7594200      0.7594300      0.7594500      0.7594600      0.7594700    
  0.7541700      0.7543500      0.7547100      0.7547100      0.7588240      0.7632810      0.7632810      0.7632800      0.7630550      0.7628300      0.7613530      0.7606110      0.7606000      0.7606000      0.7606000      0.7606000      0.7600250      0.7597230      0.7597200      0.7597400      0.7597600      0.7597800      0.7597900      0.7598100      0.7598200      0.7598400      0.7598500      0.7598600      0.7598700      0.7598800    
