iMOD/TUTORIALS/TUT_MetaswapAnalyser/model_MetaSWAP/meteo/Evaporation/Evaporation_20060610_L1.ASC
NCOLS                30
NROWS                30
XLLCORNER     160000.00
YLLCORNER     340000.00
CELLSIZE        1000.00
NODATA_VALUE   -9999.00
   5.378340       5.377900       5.377470       5.377040       5.376610       5.376200       5.375790       5.375400       5.375030       5.374680       5.374350       5.374040       5.373760       5.373510       5.373280       5.373090       5.372930       5.372800       5.372700       5.372640       5.372620       5.372630       5.372670       5.372750       5.372870       5.373020       5.373210       5.373440       5.373690       5.373980    
   5.379430       5.379010       5.378580       5.378170       5.377750       5.377350       5.376960       5.376580       5.376220       5.375870       5.375550       5.375250       5.374980       5.374730       5.374510       5.374320       5.374160       5.374040       5.373940       5.373880       5.373850       5.373860       5.373900       5.373980       5.374090       5.374230       5.374420       5.374630       5.374880       5.375160    
   5.380530       5.380110       5.379700       5.379290       5.378890       5.378500       5.378120       5.377750       5.377400       5.377060       5.376750       5.376460       5.376190       5.375950       5.375730       5.375550       5.375390       5.375260       5.375170       5.375110       5.375080       5.375090       5.375120       5.375200       5.375300       5.375440       5.375620       5.375820       5.376060       5.376340    
   5.381620       5.381210       5.380810       5.380410       5.380020       5.379640       5.379270       5.378910       5.378570       5.378240       5.377940       5.377660       5.377390       5.377160       5.376950       5.376770       5.376610       5.376490       5.376400       5.376330       5.376300       5.376310       5.376340       5.376410       5.376510       5.376650       5.376810       5.377010       5.377250       5.377510    
   5.382700       5.382310       5.381920       5.381530       5.381150       5.380780       5.380420       5.380070       5.379740       5.379420       5.379120       5.378850       5.378590       5.378360       5.378160       5.377980       5.377830       5.377710       5.377610       5.377550       5.377520       5.377520       5.377560       5.377620       5.377720       5.377850       5.378010       5.378200       5.378430       5.378680    
   5.383790       5.383400       5.383020       5.382640       5.382270       5.381910       5.381560       5.381220       5.380900       5.380590       5.380300       5.380030       5.379780       5.379560       5.379360       5.379180       5.379040       5.378920       5.378830       5.378770       5.378740       5.378740       5.378770       5.378830       5.378920       5.379040       5.379200       5.379390       5.379600       5.379850    
   5.384880       5.384500       5.384120       5.383750       5.383390       5.383040       5.382700       5.382370       5.382050       5.381750       5.381470       5.381210       5.380970       5.380750       5.380550       5.380380       5.380240       5.380120       5.380030       5.379970       5.379940       5.379940       5.379970       5.380030       5.380120       5.380240       5.380390       5.380570       5.380780       5.381020    
   5.385960       5.385590       5.385220       5.384860       5.384510       5.384160       5.383830       5.383510       5.383200       5.382910       5.382640       5.382380       5.382150       5.381930       5.381740       5.381580       5.381440       5.381320       5.381240       5.381180       5.381140       5.381140       5.381170       5.381230       5.381310       5.381430       5.381570       5.381750       5.381950       5.382190    
   5.387040       5.386680       5.386320       5.385970       5.385620       5.385290       5.384960       5.384650       5.384350       5.384060       5.383800       5.383550       5.383320       5.383110       5.382930       5.382770       5.382630       5.382520       5.382430       5.382370       5.382340       5.382340       5.382360       5.382420       5.382500       5.382610       5.382760       5.382930       5.383120       5.383350    
   5.388120       5.387760       5.387410       5.387070       5.386730       5.386400       5.386090       5.385780       5.385490       5.385220       5.384950       5.384710       5.384490       5.384290       5.384110       5.383950       5.383820       5.383710       5.383620       5.383560       5.383530       5.383530       5.383560       5.383610       5.383690       5.383800       5.383930       5.384100       5.384290       5.384520    
   5.388120       5.387760       5.387600       5.388170       5.387840       5.387520       5.387210       5.386910       5.386630       5.386360       5.386110       5.385870       5.385650       5.385460       5.385280       5.385130       5.385000       5.384890       5.384810       5.384750       5.384720       5.384720       5.384740       5.384790       5.384870       5.384980       5.385110       5.385270       5.385460       5.385680    
   5.388120       5.387910       5.388170       5.388750       5.388950       5.388630       5.388330       5.388040       5.387760       5.387500       5.387260       5.387030       5.386810       5.386620       5.386450       5.386300       5.386170       5.386070       5.385990       5.385930       5.385900       5.385900       5.385920       5.385970       5.386050       5.386150       5.386280       5.386440       5.386620       5.386830    
   5.388170       5.388170       5.389120       5.389500       5.390050       5.389750       5.389450       5.389170       5.388900       5.388640       5.388400       5.388180       5.387970       5.387780       5.387620       5.387470       5.387350       5.387240       5.387170       5.387110       5.387080       5.387080       5.387100       5.387150       5.387220       5.387320       5.387450       5.387600       5.387780       5.387990    
   5.388170       5.389280       5.389770       5.390050       5.390220       5.390860       5.390570       5.390290       5.390030       5.389780       5.389540       5.389320       5.389120       5.388940       5.388780       5.388630       5.388510       5.388410       5.388340       5.388290       5.388260       5.388250       5.388280       5.388320       5.388400       5.388490       5.388620       5.388770       5.388940       5.389140    
   5.389350       5.389910       5.390050       5.390380       5.390860       5.391040       5.391680       5.391410       5.391150       5.390910       5.390680       5.390470       5.390270       5.390090       5.389930       5.389790       5.389680       5.389580       5.389510       5.389460       5.389430       5.389420       5.389450       5.389490       5.389560       5.389660       5.389780       5.389930       5.390100       5.390300    
   5.389980       5.390050       5.390430       5.390860       5.391190       5.391680       5.391540       5.391410       5.391380       5.392040       5.391810       5.391610       5.391420       5.391240       5.391090       5.390950       5.390840       5.390740       5.390670       5.390620       5.390600       5.390590       5.390610       5.390660       5.390730       5.390820       5.390940       5.391080       5.391250       5.391440    
   5.390050       5.390450       5.390860       5.391240       5.391680       5.391610       5.391550       5.391590       5.392040       5.391920       5.392420       5.392740       5.392560       5.392390       5.392240       5.392100       5.391990       5.391900       5.391830       5.391780       5.391760       5.391760       5.391780       5.391820       5.391890       5.391980       5.392100       5.392240       5.392400       5.392590    
   5.390450       5.390860       5.391260       5.391680       5.391650       5.391610       5.391700       5.392040       5.391980       5.392710       5.393310       5.393880       5.393700       5.393530       5.393380       5.393260       5.393150       5.393060       5.392990       5.392940       5.392920       5.392920       5.392940       5.392980       5.393050       5.393140       5.393250       5.393390       5.393550       5.393740    
   5.390860       5.391270       5.391680       5.391660       5.391650       5.391750       5.392040       5.392010       5.392840       5.393590       5.393880       5.393790       5.393940       5.394670       5.394530       5.394400       5.394300       5.394210       5.394140       5.394100       5.394080       5.394070       5.394090       5.394140       5.394200       5.394290       5.394400       5.394540       5.394700       5.394880    
   5.391270       5.391680       5.391670       5.391660       5.391770       5.392040       5.392020       5.392900       5.393740       5.393880       5.393840       5.394070       5.394670       5.394600       5.394530       5.394410       5.394300       5.394220       5.394820       5.395250       5.395230       5.395230       5.395250       5.395290       5.395360       5.395440       5.395560       5.395690       5.395840       5.396020    
   5.391680       5.391680       5.391670       5.391790       5.392040       5.392030       5.392930       5.393810       5.393880       5.393860       5.394110       5.394670       5.394640       5.394600       5.394510       5.394420       5.394310       5.395110       5.395820       5.396400       5.396380       5.396380       5.396400       5.396440       5.396510       5.396590       5.396700       5.396830       5.396990       5.397160    
   5.391680       5.391680       5.391790       5.392040       5.392040       5.392950       5.393840       5.393880       5.393870       5.394130       5.394670       5.394650       5.394640       5.394580       5.394510       5.394410       5.395270       5.396110       5.396400       5.396770       5.397530       5.397530       5.397550       5.397590       5.397660       5.397740       5.397850       5.397980       5.398130       5.398300    
   5.391680       5.391800       5.392040       5.392040       5.392950       5.393860       5.393880       5.393870       5.394140       5.394670       5.394660       5.394650       5.394620       5.394580       5.394500       5.396060       5.396260       5.396400       5.398060       5.398670       5.398670       5.398670       5.398700       5.398740       5.398800       5.398880       5.398990       5.399120       5.399270       5.399440    
   5.391800       5.392040       5.392040       5.392960       5.393870       5.393880       5.393880       5.394140       5.394670       5.394670       5.394660       5.394650       5.394620       5.397320       5.398960       5.399820       5.399830       5.399890       5.400010       5.400390       5.399820       5.399820       5.399840       5.399880       5.399940       5.400030       5.400130       5.400260       5.400410       5.400570    
   5.392040       5.392040       5.392960       5.393880       5.393880       5.393880       5.394140       5.394670       5.394670       5.394670       5.394660       5.394640       5.399560       5.405600       5.405560       5.403240       5.403390       5.403250       5.401750       5.400960       5.400960       5.400960       5.400980       5.401020       5.401090       5.401170       5.401270       5.401400       5.401540       5.401710    
   5.392040       5.392960       5.393880       5.393880       5.393880       5.394140       5.394670       5.394670       5.394670       5.394660       5.400390       5.409000       5.406760       5.405630       5.405630       5.405560       5.404170       5.403530       5.403250       5.402390       5.402100       5.402100       5.402120       5.402160       5.402230       5.402310       5.402410       5.402530       5.402680       5.402840    
   5.392960       5.393880       5.393880       5.393880       5.394140       5.394670       5.394670       5.394670       5.394670       5.401550       5.409000       5.409000       5.409000       5.406810       5.405700       5.405700       5.405560       5.404330       5.403820       5.403250       5.403240       5.403240       5.403260       5.403300       5.403360       5.403450       5.403550       5.403670       5.403810       5.403970    
   5.393880       5.393880       5.393880       5.394140       5.394670       5.394670       5.394670       5.399680       5.404250       5.409000       5.409000       5.409000       5.409000       5.409000       5.406910       5.405840       5.405840       5.405560       5.404680       5.404390       5.404370       5.404380       5.404400       5.404440       5.404500       5.404580       5.404680       5.404800       5.404940       5.405100    
   5.393880       5.393880       5.394140       5.394670       5.394670       5.403170       5.415910       5.415310       5.414710       5.410910       5.409010       5.409000       5.409000       5.409000       5.409000       5.407110       5.406130       5.406130       5.405560       5.405520       5.405510       5.405510       5.405540       5.405580       5.405640       5.405720       5.405820       5.405940       5.406080       5.406230    
   5.393880       5.394140       5.394670       5.394670       5.404870       5.415910       5.415910       5.415910       5.415310       5.414710       5.410930       5.409030       5.409000       5.409000       5.409000       5.409000       5.407480       5.406690       5.406690       5.406660       5.406640       5.406650       5.406670       5.406710       5.406770       5.406850       5.406950       5.407070       5.407210       5.407360    
