iMOD/TUTORIALS/TUT_MetaswapAnalyser/model_MetaSWAP/meteo/Evaporation/Evaporation_20060206_L1.ASC
NCOLS                30
NROWS                30
XLLCORNER     160000.00
YLLCORNER     340000.00
CELLSIZE        1000.00
NODATA_VALUE   -9999.00
  0.1445400      0.1444100      0.1442900      0.1441700      0.1440600      0.1439500      0.1438400      0.1437400      0.1436400      0.1435400      0.1434500      0.1433600      0.1432700      0.1431900      0.1431100      0.1430300      0.1429600      0.1428800      0.1428100      0.1427500      0.1426800      0.1426200      0.1425600      0.1425000      0.1424400      0.1423800      0.1423300      0.1422700      0.1422200      0.1421700    
  0.1448500      0.1447200      0.1446000      0.1444800      0.1443600      0.1442500      0.1441400      0.1440400      0.1439300      0.1438400      0.1437400      0.1436500      0.1435600      0.1434800      0.1433900      0.1433100      0.1432400      0.1431600      0.1430900      0.1430200      0.1429500      0.1428900      0.1428200      0.1427600      0.1427000      0.1426400      0.1425800      0.1425300      0.1424700      0.1424200    
  0.1451700      0.1450400      0.1449100      0.1447900      0.1446700      0.1445600      0.1444500      0.1443400      0.1442400      0.1441400      0.1440400      0.1439500      0.1438600      0.1437700      0.1436800      0.1436000      0.1435200      0.1434400      0.1433700      0.1433000      0.1432300      0.1431600      0.1430900      0.1430300      0.1429700      0.1429000      0.1428400      0.1427900      0.1427300      0.1426700    
  0.1454800      0.1453500      0.1452200      0.1451000      0.1449800      0.1448700      0.1447500      0.1446500      0.1445400      0.1444400      0.1443400      0.1442400      0.1441500      0.1440600      0.1439800      0.1438900      0.1438100      0.1437300      0.1436500      0.1435800      0.1435100      0.1434300      0.1433700      0.1433000      0.1432300      0.1431700      0.1431100      0.1430500      0.1429900      0.1429300    
  0.1458100      0.1456700      0.1455400      0.1454200      0.1453000      0.1451800      0.1450600      0.1449500      0.1448500      0.1447400      0.1446400      0.1445500      0.1444500      0.1443600      0.1442700      0.1441800      0.1441000      0.1440200      0.1439400      0.1438600      0.1437900      0.1437100      0.1436400      0.1435700      0.1435000      0.1434400      0.1433700      0.1433100      0.1432500      0.1431800    
  0.1461300      0.1460000      0.1458600      0.1457400      0.1456100      0.1454900      0.1453800      0.1452700      0.1451600      0.1450500      0.1449500      0.1448500      0.1447500      0.1446600      0.1445700      0.1444800      0.1443900      0.1443100      0.1442300      0.1441500      0.1440700      0.1440000      0.1439200      0.1438500      0.1437800      0.1437100      0.1436400      0.1435700      0.1435100      0.1434400    
  0.1464600      0.1463200      0.1461900      0.1460600      0.1459300      0.1458100      0.1457000      0.1455800      0.1454700      0.1453600      0.1452600      0.1451600      0.1450600      0.1449600      0.1448700      0.1447800      0.1446900      0.1446000      0.1445200      0.1444400      0.1443600      0.1442800      0.1442000      0.1441300      0.1440600      0.1439800      0.1439100      0.1438400      0.1437700      0.1437100    
  0.1467900      0.1466500      0.1465100      0.1463800      0.1462600      0.1461300      0.1460100      0.1459000      0.1457900      0.1456800      0.1455700      0.1454700      0.1453700      0.1452700      0.1451700      0.1450800      0.1449900      0.1449000      0.1448100      0.1447300      0.1446500      0.1445700      0.1444900      0.1444100      0.1443300      0.1442600      0.1441900      0.1441100      0.1440400      0.1439700    
  0.1471200      0.1469800      0.1468400      0.1467100      0.1465800      0.1464600      0.1463400      0.1462200      0.1461000      0.1459900      0.1458800      0.1457800      0.1456800      0.1455800      0.1454800      0.1453800      0.1452900      0.1452000      0.1451100      0.1450200      0.1449400      0.1448600      0.1447700      0.1446900      0.1446200      0.1445400      0.1444600      0.1443900      0.1443100      0.1442400    
  0.1474500      0.1473100      0.1471800      0.1470400      0.1469100      0.1467800      0.1466600      0.1465400      0.1464200      0.1463100      0.1462000      0.1460900      0.1459900      0.1458900      0.1457900      0.1456900      0.1455900      0.1455000      0.1454100      0.1453200      0.1452300      0.1451500      0.1450600      0.1449800      0.1449000      0.1448200      0.1447400      0.1446600      0.1445900      0.1445100    
  0.1474530      0.1473130      0.1472250      0.1473700      0.1472400      0.1471100      0.1469900      0.1468700      0.1467500      0.1466300      0.1465200      0.1464100      0.1463000      0.1462000      0.1461000      0.1460000      0.1459000      0.1458100      0.1457100      0.1456200      0.1455300      0.1454400      0.1453600      0.1452700      0.1451900      0.1451100      0.1450200      0.1449400      0.1448600      0.1447900    
  0.1474560      0.1473400      0.1473700      0.1475220      0.1475700      0.1474400      0.1473200      0.1471900      0.1470700      0.1469600      0.1468400      0.1467300      0.1466200      0.1465100      0.1464100      0.1463100      0.1462100      0.1461100      0.1460200      0.1459200      0.1458300      0.1457400      0.1456500      0.1455600      0.1454800      0.1453900      0.1453100      0.1452200      0.1451400      0.1450600    
  0.1474420      0.1473700      0.1476360      0.1477400      0.1479100      0.1477800      0.1476500      0.1475200      0.1474000      0.1472800      0.1471600      0.1470500      0.1469400      0.1468300      0.1467300      0.1466200      0.1465200      0.1464200      0.1463200      0.1462300      0.1461300      0.1460400      0.1459500      0.1458600      0.1457700      0.1456800      0.1455900      0.1455100      0.1454200      0.1453400    
  0.1473700      0.1476850      0.1478250      0.1479100      0.1479330      0.1481100      0.1479800      0.1478500      0.1477300      0.1476100      0.1474900      0.1473700      0.1472600      0.1471500      0.1470400      0.1469400      0.1468300      0.1467300      0.1466300      0.1465300      0.1464400      0.1463400      0.1462500      0.1461500      0.1460600      0.1459700      0.1458800      0.1457900      0.1457000      0.1456200    
  0.1477080      0.1478680      0.1479100      0.1479840      0.1481100      0.1481370      0.1483200      0.1481900      0.1480600      0.1479400      0.1478200      0.1477000      0.1475900      0.1474700      0.1473600      0.1472500      0.1471500      0.1470400      0.1469400      0.1468400      0.1467400      0.1466400      0.1465500      0.1464500      0.1463600      0.1462600      0.1461700      0.1460800      0.1459900      0.1459000    
  0.1478890      0.1479100      0.1480010      0.1481100      0.1481890      0.1483200      0.1482550      0.1481900      0.1481150      0.1482700      0.1481500      0.1480300      0.1479100      0.1478000      0.1476800      0.1475700      0.1474600      0.1473600      0.1472500      0.1471500      0.1470500      0.1469500      0.1468500      0.1467500      0.1466500      0.1465600      0.1464600      0.1463700      0.1462800      0.1461800    
  0.1479100      0.1480070      0.1481100      0.1482060      0.1483200      0.1482880      0.1482550      0.1482080      0.1482700      0.1482100      0.1483000      0.1483600      0.1482400      0.1481200      0.1480100      0.1478900      0.1477800      0.1476700      0.1475700      0.1474600      0.1473600      0.1472500      0.1471500      0.1470500      0.1469500      0.1468500      0.1467600      0.1466600      0.1465600      0.1464700    
  0.1480090      0.1481100      0.1482120      0.1483200      0.1483040      0.1482880      0.1482550      0.1482700      0.1482400      0.1483990      0.1485250      0.1486900      0.1485700      0.1484500      0.1483300      0.1482200      0.1481000      0.1479900      0.1478800      0.1477800      0.1476700      0.1475600      0.1474600      0.1473600      0.1472500      0.1471500      0.1470500      0.1469500      0.1468500      0.1467500    
  0.1481100      0.1482140      0.1483200      0.1483120      0.1483040      0.1482790      0.1482700      0.1482550      0.1484410      0.1486070      0.1486900      0.1486300      0.1486220      0.1487800      0.1486600      0.1485400      0.1484300      0.1483100      0.1482000      0.1480900      0.1479800      0.1478700      0.1477700      0.1476600      0.1475600      0.1474500      0.1473500      0.1472500      0.1471400      0.1470400    
  0.1482150      0.1483200      0.1483160      0.1483120      0.1482910      0.1482700      0.1482630      0.1484610      0.1486490      0.1486900      0.1486600      0.1486810      0.1487800      0.1487200      0.1486600      0.1485430      0.1484270      0.1483130      0.1483460      0.1484100      0.1483000      0.1481800      0.1480800      0.1479700      0.1478600      0.1477500      0.1476500      0.1475400      0.1474400      0.1473300    
  0.1483200      0.1483180      0.1483160      0.1482970      0.1482700      0.1482660      0.1484710      0.1486690      0.1486900      0.1486750      0.1487030      0.1487800      0.1487500      0.1487200      0.1486410      0.1485430      0.1484280      0.1484740      0.1485650      0.1487200      0.1486100      0.1485000      0.1483900      0.1482800      0.1481700      0.1480600      0.1479500      0.1478400      0.1477300      0.1476200    
  0.1483190      0.1483180      0.1483000      0.1482700      0.1482680      0.1484750      0.1486800      0.1486900      0.1486830      0.1487120      0.1487800      0.1487650      0.1487500      0.1487040      0.1486350      0.1485370      0.1485620      0.1486420      0.1487200      0.1487530      0.1489300      0.1488100      0.1487000      0.1485800      0.1484700      0.1483600      0.1482500      0.1481400      0.1480300      0.1479200    
  0.1483190      0.1483020      0.1482700      0.1482690      0.1484780      0.1486850      0.1486900      0.1486860      0.1487160      0.1487800      0.1487730      0.1487650      0.1487400      0.1486960      0.1486250      0.1488200      0.1486810      0.1487200      0.1491100      0.1492450      0.1491740      0.1491300      0.1490100      0.1488900      0.1487800      0.1486600      0.1485500      0.1484400      0.1483200      0.1482100    
  0.1483030      0.1482700      0.1482700      0.1484790      0.1486870      0.1486900      0.1486880      0.1487180      0.1487800      0.1487760      0.1487730      0.1487590      0.1487340      0.1493750      0.1496600      0.1496860      0.1496850      0.1496480      0.1496160      0.1497200      0.1495600      0.1494400      0.1493300      0.1492100      0.1490900      0.1489700      0.1488500      0.1487400      0.1486200      0.1485100    
  0.1482700      0.1482700      0.1484790      0.1486890      0.1486900      0.1486890      0.1487190      0.1487800      0.1487780      0.1487760      0.1487690      0.1487550      0.1499560      0.1514500      0.1514400      0.1506930      0.1506910      0.1506500      0.1501430      0.1498830      0.1498800      0.1497600      0.1496400      0.1495200      0.1494000      0.1492800      0.1491600      0.1490400      0.1489200      0.1488000    
  0.1482700      0.1484800      0.1486890      0.1486900      0.1486900      0.1487200      0.1487800      0.1487790      0.1487780      0.1487750      0.1502840      0.1525600      0.1518280      0.1514600      0.1514600      0.1514400      0.1509550      0.1507320      0.1506500      0.1503170      0.1502100      0.1500800      0.1499600      0.1498300      0.1497100      0.1495900      0.1494600      0.1493400      0.1492200      0.1491000    
  0.1484800      0.1486900      0.1486900      0.1486900      0.1487200      0.1487800      0.1487800      0.1487790      0.1487770      0.1505910      0.1525600      0.1525600      0.1525600      0.1518430      0.1514800      0.1514800      0.1514400      0.1509990      0.1508150      0.1506500      0.1505300      0.1504000      0.1502700      0.1501500      0.1500200      0.1499000      0.1497700      0.1496500      0.1495200      0.1494000    
  0.1486900      0.1486900      0.1486900      0.1487200      0.1487800      0.1487800      0.1487800      0.1501740      0.1513720      0.1525610      0.1525600      0.1525600      0.1525600      0.1525600      0.1518720      0.1515200      0.1515200      0.1514400      0.1510920      0.1509800      0.1508500      0.1507200      0.1505900      0.1504600      0.1503300      0.1502100      0.1500800      0.1499500      0.1498200      0.1496900    
  0.1486900      0.1486900      0.1487200      0.1487800      0.1487800      0.1512040      0.1548400      0.1546000      0.1543600      0.1531620      0.1525630      0.1525600      0.1525600      0.1525600      0.1525600      0.1519280      0.1516010      0.1516000      0.1514400      0.1513000      0.1511700      0.1510400      0.1509100      0.1507800      0.1506500      0.1505200      0.1503800      0.1502500      0.1501200      0.1499900    
  0.1486900      0.1487200      0.1487800      0.1487800      0.1516890      0.1548410      0.1548410      0.1548400      0.1546000      0.1543600      0.1531670      0.1525680      0.1525600      0.1525600      0.1525600      0.1525600      0.1520330      0.1517630      0.1517600      0.1516300      0.1515000      0.1513600      0.1512300      0.1510900      0.1509600      0.1508300      0.1506900      0.1505600      0.1504300      0.1502900    
