iMOD/TUTORIALS/TUT_MetaswapAnalyser/model_MetaSWAP/meteo/Evaporation/Evaporation_20061201_L1.ASC
NCOLS                30
NROWS                30
XLLCORNER     160000.00
YLLCORNER     340000.00
CELLSIZE        1000.00
NODATA_VALUE   -9999.00
  0.4156700      0.4168800      0.4180900      0.4192900      0.4204900      0.4216900      0.4228800      0.4240600      0.4252500      0.4264300      0.4276100      0.4287900      0.4299700      0.4311500      0.4323300      0.4335100      0.4346800      0.4358600      0.4370400      0.4382300      0.4394100      0.4406000      0.4417800      0.4429700      0.4441700      0.4453600      0.4465600      0.4477600      0.4489700      0.4501700    
  0.4168800      0.4181000      0.4193100      0.4205100      0.4217200      0.4229100      0.4241100      0.4253000      0.4264800      0.4276700      0.4288500      0.4300400      0.4312200      0.4324000      0.4335800      0.4347600      0.4359400      0.4371200      0.4383100      0.4394900      0.4406800      0.4418600      0.4430500      0.4442500      0.4454400      0.4466400      0.4478400      0.4490400      0.4502500      0.4514600    
  0.4180900      0.4193100      0.4205200      0.4217300      0.4229400      0.4241400      0.4253300      0.4265200      0.4277100      0.4289000      0.4300900      0.4312700      0.4324600      0.4336400      0.4348200      0.4360100      0.4371900      0.4383800      0.4395600      0.4407500      0.4419400      0.4431300      0.4443200      0.4455100      0.4467100      0.4479100      0.4491100      0.4503200      0.4515300      0.4527400    
  0.4193000      0.4205200      0.4217400      0.4229500      0.4241500      0.4253500      0.4265500      0.4277500      0.4289400      0.4301300      0.4313200      0.4325100      0.4336900      0.4348800      0.4360700      0.4372500      0.4384400      0.4396300      0.4408100      0.4420000      0.4431900      0.4443900      0.4455800      0.4467800      0.4479800      0.4491800      0.4503800      0.4515900      0.4528000      0.4540100    
  0.4205000      0.4217300      0.4229400      0.4241600      0.4253600      0.4265700      0.4277700      0.4289700      0.4301600      0.4313600      0.4325500      0.4337400      0.4349300      0.4361200      0.4373000      0.4384900      0.4396800      0.4408700      0.4420600      0.4432500      0.4444500      0.4456400      0.4468400      0.4480400      0.4492400      0.4504400      0.4516500      0.4528600      0.4540700      0.4552900    
  0.4217000      0.4229300      0.4241500      0.4253600      0.4265700      0.4277800      0.4289800      0.4301800      0.4313800      0.4325800      0.4337700      0.4349600      0.4361500      0.4373500      0.4385400      0.4397300      0.4409200      0.4421100      0.4433000      0.4445000      0.4456900      0.4468900      0.4480900      0.4492900      0.4505000      0.4517000      0.4529100      0.4541200      0.4553400      0.4565600    
  0.4229000      0.4241200      0.4253500      0.4265600      0.4277800      0.4289800      0.4301900      0.4313900      0.4325900      0.4337900      0.4349900      0.4361800      0.4373800      0.4385700      0.4397700      0.4409600      0.4421500      0.4433500      0.4445400      0.4457400      0.4469400      0.4481400      0.4493400      0.4505400      0.4517500      0.4529600      0.4541700      0.4553800      0.4566000      0.4578200    
  0.4240900      0.4253200      0.4265400      0.4277600      0.4289800      0.4301900      0.4313900      0.4326000      0.4338000      0.4350000      0.4362000      0.4374000      0.4386000      0.4397900      0.4409900      0.4421900      0.4433800      0.4445800      0.4457800      0.4469800      0.4481800      0.4493800      0.4505800      0.4517900      0.4530000      0.4542100      0.4554200      0.4566400      0.4578600      0.4590800    
  0.4252800      0.4265100      0.4277300      0.4289500      0.4301700      0.4313900      0.4326000      0.4338000      0.4350100      0.4362100      0.4374100      0.4386200      0.4398100      0.4410100      0.4422100      0.4434100      0.4446100      0.4458100      0.4470100      0.4482100      0.4494100      0.4506200      0.4518200      0.4530300      0.4542400      0.4554600      0.4566700      0.4578900      0.4591100      0.4603400    
  0.4264600      0.4277000      0.4289200      0.4301500      0.4313700      0.4325800      0.4337900      0.4350000      0.4362100      0.4374200      0.4386200      0.4398200      0.4410300      0.4422300      0.4434300      0.4446300      0.4458300      0.4470300      0.4482400      0.4494400      0.4506500      0.4518500      0.4530600      0.4542700      0.4554900      0.4567000      0.4579200      0.4591400      0.4603700      0.4615900    
  0.4264630      0.4276930      0.4295250      0.4313300      0.4325600      0.4337700      0.4349900      0.4362000      0.4374100      0.4386200      0.4398300      0.4410300      0.4422400      0.4434400      0.4446400      0.4458500      0.4470500      0.4482600      0.4494600      0.4506700      0.4518800      0.4530800      0.4543000      0.4555100      0.4567300      0.4579400      0.4591700      0.4603900      0.4616200      0.4628500    
  0.4264610      0.4287530      0.4313300      0.4331400      0.4337400      0.4349600      0.4361800      0.4374000      0.4386100      0.4398200      0.4410300      0.4422300      0.4434400      0.4446500      0.4458500      0.4470600      0.4482700      0.4494700      0.4506800      0.4518900      0.4531000      0.4543100      0.4555300      0.4567400      0.4579600      0.4591800      0.4604100      0.4616300      0.4628600      0.4640900    
  0.4279420      0.4313300      0.4334340      0.4343350      0.4349300      0.4361500      0.4373700      0.4385900      0.4398000      0.4410100      0.4422300      0.4434400      0.4446400      0.4458500      0.4470600      0.4482700      0.4494800      0.4506900      0.4519000      0.4531100      0.4543200      0.4555400      0.4567500      0.4579700      0.4591900      0.4604200      0.4616400      0.4628700      0.4641000      0.4653400    
  0.4313300      0.4335820      0.4346320      0.4349300      0.4361370      0.4373300      0.4385600      0.4397700      0.4409900      0.4422100      0.4434200      0.4446300      0.4458400      0.4470600      0.4482700      0.4494800      0.4506900      0.4519000      0.4531100      0.4543300      0.4555400      0.4567600      0.4579800      0.4592000      0.4604200      0.4616500      0.4628800      0.4641100      0.4653400      0.4665800    
  0.4336560      0.4347810      0.4349300      0.4361320      0.4373300      0.4385430      0.4397400      0.4409600      0.4421800      0.4434000      0.4446100      0.4458300      0.4470400      0.4482500      0.4494700      0.4506800      0.4518900      0.4531100      0.4543200      0.4555400      0.4567600      0.4579800      0.4592000      0.4604200      0.4616500      0.4628800      0.4641100      0.4653400      0.4665800      0.4678200    
  0.4348560      0.4349300      0.4361310      0.4373300      0.4385380      0.4397400      0.4403500      0.4409600      0.4427800      0.4445800      0.4458000      0.4470200      0.4482400      0.4494500      0.4506700      0.4518800      0.4531000      0.4543200      0.4555300      0.4567500      0.4579700      0.4592000      0.4604200      0.4616500      0.4628700      0.4641100      0.4653400      0.4665800      0.4678100      0.4690600    
  0.4349300      0.4361300      0.4373300      0.4385360      0.4397400      0.4400450      0.4403500      0.4421670      0.4445800      0.4451900      0.4470020      0.4482100      0.4494300      0.4506400      0.4518600      0.4530800      0.4543000      0.4555200      0.4567400      0.4579600      0.4591800      0.4604100      0.4616400      0.4628600      0.4641000      0.4653300      0.4665700      0.4678000      0.4690500      0.4702900    
  0.4361300      0.4373300      0.4385350      0.4397400      0.4398930      0.4400450      0.4417860      0.4445800      0.4448850      0.4469950      0.4488050      0.4494000      0.4506200      0.4518400      0.4530600      0.4542800      0.4555000      0.4567200      0.4579400      0.4591700      0.4603900      0.4616200      0.4628500      0.4640800      0.4653100      0.4665500      0.4677900      0.4690300      0.4702800      0.4715200    
  0.4373300      0.4385350      0.4397400      0.4398160      0.4398930      0.4415760      0.4445800      0.4447320      0.4469930      0.4491030      0.4494000      0.4500100      0.4512230      0.4530300      0.4542500      0.4554700      0.4566900      0.4579200      0.4591400      0.4603700      0.4616000      0.4628300      0.4640600      0.4652900      0.4665300      0.4677700      0.4690100      0.4702600      0.4715000      0.4727500    
  0.4385350      0.4397400      0.4397780      0.4398160      0.4414660      0.4445800      0.4446560      0.4469910      0.4492510      0.4494000      0.4497050      0.4509160      0.4530300      0.4536400      0.4542500      0.4554700      0.4566930      0.4579170      0.4603540      0.4615700      0.4628000      0.4640300      0.4652700      0.4665100      0.4677400      0.4689900      0.4702300      0.4714800      0.4727300      0.4739800    
  0.4397400      0.4397590      0.4397780      0.4414100      0.4445800      0.4446180      0.4469910      0.4493260      0.4494000      0.4495530      0.4507630      0.4530300      0.4533350      0.4536400      0.4544530      0.4554710      0.4566930      0.4599810      0.4621700      0.4627700      0.4640000      0.4652400      0.4664800      0.4677100      0.4689600      0.4702000      0.4714500      0.4727000      0.4739500      0.4752100    
  0.4397500      0.4397590      0.4413820      0.4445800      0.4445990      0.4469900      0.4493630      0.4494000      0.4494760      0.4506860      0.4530300      0.4531820      0.4533350      0.4538090      0.4545210      0.4555390      0.4594770      0.4624700      0.4627700      0.4639900      0.4652000      0.4664400      0.4676800      0.4689200      0.4701700      0.4714100      0.4726600      0.4739200      0.4751700      0.4764300    
  0.4397500      0.4413680      0.4445800      0.4445890      0.4469900      0.4493810      0.4494000      0.4494380      0.4506480      0.4530300      0.4531060      0.4531820      0.4534420      0.4538890      0.4546230      0.4597020      0.4626200      0.4627700      0.4653390      0.4664000      0.4671440      0.4676400      0.4688800      0.4701300      0.4713700      0.4726200      0.4738800      0.4751300      0.4763900      0.4776500    
  0.4413600      0.4445800      0.4445850      0.4469900      0.4493910      0.4494000      0.4494190      0.4506290      0.4530300      0.4530680      0.4531060      0.4532440      0.4535040      0.4582540      0.4625190      0.4663500      0.4663500      0.4670120      0.4677960      0.4681950      0.4676000      0.4688400      0.4700800      0.4713300      0.4725800      0.4738300      0.4750900      0.4763500      0.4776100      0.4788700    
  0.4445800      0.4445820      0.4469900      0.4493950      0.4494000      0.4494100      0.4506200      0.4530300      0.4530490      0.4530680      0.4531390      0.4532850      0.4614460      0.4710970      0.4710600      0.4694890      0.4700790      0.4699300      0.4692230      0.4687930      0.4687900      0.4700400      0.4712800      0.4725300      0.4737900      0.4750400      0.4763000      0.4775600      0.4788200      0.4800900    
  0.4445810      0.4469900      0.4493980      0.4494000      0.4494050      0.4506150      0.4530300      0.4530400      0.4530490      0.4530860      0.4612420      0.4733600      0.4718820      0.4711340      0.4711340      0.4710600      0.4704680      0.4702270      0.4699300      0.4699720      0.4699900      0.4712300      0.4724800      0.4737300      0.4749900      0.4762500      0.4775100      0.4787700      0.4800400      0.4813100    
  0.4469900      0.4493990      0.4494000      0.4494020      0.4506120      0.4530300      0.4530350      0.4530400      0.4530580      0.4628190      0.4733600      0.4733600      0.4733600      0.4719370      0.4712080      0.4712070      0.4710600      0.4706550      0.4705250      0.4699300      0.4711800      0.4724300      0.4736800      0.4749300      0.4761900      0.4774500      0.4787200      0.4799800      0.4812500      0.4825200    
  0.4493990      0.4494000      0.4494010      0.4506110      0.4530300      0.4530320      0.4530350      0.4592880      0.4658700      0.4733630      0.4733600      0.4733600      0.4733600      0.4733600      0.4720450      0.4713550      0.4713550      0.4710600      0.4711050      0.4711200      0.4723700      0.4736200      0.4748800      0.4761300      0.4773900      0.4786600      0.4799200      0.4811900      0.4824600      0.4837400    
  0.4494000      0.4494010      0.4506110      0.4530300      0.4530310      0.4629960      0.4779400      0.4779800      0.4780200      0.4749220      0.4733700      0.4733600      0.4733600      0.4733600      0.4733600      0.4722580      0.4716510      0.4716500      0.4710600      0.4723100      0.4735600      0.4748100      0.4760700      0.4773300      0.4785900      0.4798600      0.4811300      0.4824000      0.4836800      0.4849500    
  0.4494000      0.4506100      0.4530300      0.4530310      0.4649890      0.4779420      0.4779420      0.4779400      0.4779800      0.4780200      0.4749390      0.4733890      0.4733600      0.4733600      0.4733600      0.4733600      0.4726660      0.4722430      0.4722400      0.4734900      0.4747500      0.4760100      0.4772600      0.4785300      0.4797900      0.4810600      0.4823300      0.4836100      0.4848900      0.4861700    
